30
F8J8S7_HYPSM/27-166     0.00000000    1.22843711    1.27476386    0.95313824    1.36990151    1.56957505    1.62637936    1.88066505    1.90506324    1.69650928    1.76499601    1.40385175    1.31040057    1.29614964    1.32536841    1.34936475    1.39463092    2.16929225    1.98591911    2.14206604    1.83404883    1.76514232    1.75480330    1.39617427    1.47748898    2.04534771    1.81872219    2.46480803    1.73534582    1.86190570
B0UG98_METS4/24-161     1.22843711    0.00000000    0.73769521    1.05137000    1.20460813    1.45977391    1.61738073    1.44737787    1.49829749    1.74592830    1.51251858    1.72059025    1.43229171    1.38702655    1.20313742    1.51410797    1.30756645    1.88151969    2.01543228    1.86466305    1.85767793    1.50642662    1.50263182    1.65151363    1.56343456    1.78396426    1.83735109    2.59993128    1.79219798    1.78627775
B1M295_METRJ/29-166     1.27476386    0.73769521    0.00000000    1.13434707    1.27898497    1.46787857    1.53446627    1.61580297    1.62674919    1.77591231    1.73374269    1.59705610    1.43150159    1.34602548    1.25352857    1.29107493    1.31273934    1.82147231    1.76772506    1.77953930    1.88818704    1.56675968    1.70255422    1.49623136    1.32518553    2.10475180    1.58274012    2.54875228    1.61702928    1.73803569
D7A6Z2_STAND/26-163     0.95313824    1.05137000    1.13434707    0.00000000    0.90438879    1.01056742    1.17724261    1.28485286    1.28239397    1.21089459    1.01110254    1.20412525    0.91082041    0.96219983    1.03258501    1.07541831    1.13612585    1.46221706    1.45880379    1.24594482    1.29870443    1.21403042    1.16201986    1.06409196    1.13093995    1.73367455    1.27028567    2.28284978    1.35755494    1.13520327
A7IB95_XANP2/44-180     1.36990151    1.20460813    1.27898497    0.90438879    0.00000000    1.28014691    1.31584798    1.20454515    1.46758500    1.48533658    1.44592732    1.67425709    1.40121101    1.47932789    1.28010276    1.65378303    1.49907233    1.71580344    1.71795269    1.74796016    1.30613285    1.35708315    1.40976246    1.48157848    1.13152740    1.78377454    1.72959156    2.64529619    1.55683882    1.76576607
A8LNS2_DINSH/19-156     1.56957505    1.45977391    1.46787857    1.01056742    1.28014691    0.00000000    0.36285479    0.81316228    0.89634015    0.93093184    0.85040862    1.27571784    1.15976572    1.07035071    1.35967446    1.49177837    1.36186955    1.72426739    1.58404021    1.71778206    1.38695983    1.59946696    1.43034896    1.42002039    1.69346410    1.87656148    1.58844132    2.39319289    1.66337777    1.46557075
Q16BS8_ROSDO/18-155     1.62637936    1.61738073    1.53446627    1.17724261    1.31584798    0.36285479    0.00000000    0.83202225    0.90755963    0.82664474    0.78744260    1.49098182    1.14236903    1.07357534    1.47159063    1.59257006    1.43230871    1.54192962    1.57738086    1.70781335    1.53927231    1.71367245    1.53285892    1.55849132    1.86661049    2.19048079    1.73386580    2.42406458    1.61197270    1.69602147
Q3J3A3_RHOS4/24-161     1.88066505    1.44737787    1.61580297    1.28485286    1.20454515    0.81316228    0.83202225    0.00000000    0.71550801    0.73175477    0.69016166    1.32914687    1.11409867    1.02954786    1.22670242    1.56680221    1.44089755    1.52785353    1.35004624    1.73342686    1.42469230    1.59165098    1.58615310    1.69960815    1.45588330    2.01201737    1.27609011    2.92857751    1.71244662    1.94019362
A1AXZ8_PARDP/46-181     1.90506324    1.49829749    1.62674919    1.28239397    1.46758500    0.89634015    0.90755963    0.71550801    0.00000000    0.97716540    0.75462470    1.54085086    1.26692885    1.07704049    1.38512721    1.59251486    1.54138622    1.94017488    1.82362231    1.63765756    1.65637376    1.58347670    1.82291454    1.59250977    1.76264856    2.25753239    1.77498421    2.92482412    1.78363850    2.12863092
Q92WY5_RHIME/33-170     1.69650928    1.74592830    1.77591231    1.21089459    1.48533658    0.93093184    0.82664474    0.73175477    0.97716540    0.00000000    0.81478518    1.56772843    1.35007231    1.37103956    1.45557386    1.49964167    1.43100211    1.47032668    1.75145687    1.70721970    1.61114034    1.81347193    1.75619092    1.46363531    1.85437667    2.06472456    1.67474903    2.68416466    1.55185711    1.91705334
F2IXX0_POLGS/28-164     1.76499601    1.51251858    1.73374269    1.01110254    1.44592732    0.85040862    0.78744260    0.69016166    0.75462470    0.81478518    0.00000000    1.32466961    1.17159220    0.98163111    1.42590306    1.34394730    1.33684164    1.60953742    1.61376477    1.81788540    1.44861306    1.79755927    1.48779270    1.39485451    1.72037690    1.81220416    1.43893533    2.64184123    1.67177510    1.81665379
E3I008_RHOVT/79-209     1.40385175    1.72059025    1.59705610    1.20412525    1.67425709    1.27571784    1.49098182    1.32914687    1.54085086    1.56772843    1.32466961    0.00000000    1.21107870    1.02698860    1.38440476    1.48753588    1.50365665    1.71315710    1.90222549    1.85077162    1.89536126    1.50294219    1.68298543    1.42810567    1.52373619    1.78990134    1.47571525    2.15768950    1.60430666    1.55486910
Q89H08_BRADU/45-181     1.31040057    1.43229171    1.43150159    0.91082041    1.40121101    1.15976572    1.14236903    1.11409867    1.26692885    1.35007231    1.17159220    1.21107870    0.00000000    0.40571636    0.99237371    1.08275030    0.98048096    1.35016807    1.33622011    1.33192754    1.46862337    1.16837343    1.32401800    1.19819433    1.30819595    2.01920801    1.45988138    2.39724181    1.28371167    1.47119348
A4YZ11_BRASO/11-148     1.29614964    1.38702655    1.34602548    0.96219983    1.47932789    1.07035071    1.07357534    1.02954786    1.07704049    1.37103956    0.98163111    1.02698860    0.40571636    0.00000000    0.96010545    1.11675882    1.02568243    1.44794374    1.38022723    1.32232553    1.43472341    1.10525182    1.29158462    1.10352161    1.26388523    1.79086071    1.36819149    2.18282731    1.35483278    1.42567486
B0U9R5_METS4/27-160     1.32536841    1.20313742    1.25352857    1.03258501    1.28010276    1.35967446    1.47159063    1.22670242    1.38512721    1.45557386    1.42590306    1.38440476    0.99237371    0.96010545    0.00000000    0.32524542    0.46606189    1.39477466    1.36933738    1.28993699    1.54157155    1.31982431    1.48838870    1.23283097    1.33690491    1.86229403    1.47663994    1.92925456    1.49723429    1.71287560
B8IC24_METNO/25-158     1.34936475    1.51410797    1.29107493    1.07541831    1.65378303    1.49177837    1.59257006    1.56680221    1.59251486    1.49964167    1.34394730    1.48753588    1.08275030    1.11675882    0.32524542    0.00000000    0.31289992    1.41309389    1.30547934    1.41459149    1.47634813    1.46908771    1.36447569    1.23455591    1.45291318    2.10451865    1.43986858    1.80011528    1.52013141    1.71302372
B8IY54_METNO/26-160     1.39463092    1.30756645    1.31273934    1.13612585    1.49907233    1.36186955    1.43230871    1.44089755    1.54138622    1.43100211    1.33684164    1.50365665    0.98048096    1.02568243    0.46606189    0.31289992    0.00000000    1.27186628    1.27286280    1.33052642    1.43873360    1.34236509    1.40173188    1.39898496    1.43091510    1.95035713    1.49354533    2.06198803    1.38808477    1.59829771
V5SCG3_9RHIZ/41-177     2.16929225    1.88151969    1.82147231    1.46221706    1.71580344    1.72426739    1.54192962    1.52785353    1.94017488    1.47032668    1.60953742    1.71315710    1.35016807    1.44794374    1.39477466    1.41309389    1.27186628    0.00000000    0.84003759    1.47449147    1.58339314    1.47001272    1.60588627    1.74980356    1.65225868    2.11070865    1.80984623    2.83023066    1.70572616    2.03506619
F8JGH2_HYPSM/32-167     1.98591911    2.01543228    1.76772506    1.45880379    1.71795269    1.58404021    1.57738086    1.35004624    1.82362231    1.75145687    1.61376477    1.90222549    1.33622011    1.38022723    1.36933738    1.30547934    1.27286280    0.84003759    0.00000000    1.54471113    1.34429688    1.48942602    1.49915995    2.03587587    1.83495046    2.73232131    1.63648994    2.89469729    1.75691974    2.31546745
Q13QS0_PARXL/39-175     2.14206604    1.86466305    1.77953930    1.24594482    1.74796016    1.71778206    1.70781335    1.73342686    1.63765756    1.70721970    1.81788540    1.85077162    1.33192754    1.32232553    1.28993699    1.41459149    1.33052642    1.47449147    1.54471113    0.00000000    1.22148198    0.99702472    1.34260314    1.61703083    1.47514570    1.93322777    1.96152878    2.57829582    1.83619245    1.57260677
B1Y091_LEPCP/40-176     1.83404883    1.85767793    1.88818704    1.29870443    1.30613285    1.38695983    1.53927231    1.42469230    1.65637376    1.61114034    1.44861306    1.89536126    1.46862337    1.43472341    1.54157155    1.47634813    1.43873360    1.58339314    1.34429688    1.22148198    0.00000000    0.85589460    1.04964940    1.53882203    1.66863804    1.99776190    1.76041686    2.47524476    2.07448731    2.01046881
I0HNM3_RUBGI/26-163     1.76514232    1.50642662    1.56675968    1.21403042    1.35708315    1.59946696    1.71367245    1.59165098    1.58347670    1.81347193    1.79755927    1.50294219    1.16837343    1.10525182    1.31982431    1.46908771    1.34236509    1.47001272    1.48942602    0.99702472    0.85589460    0.00000000    0.87567380    1.45581245    1.42372937    1.56316486    1.43650719    2.36616304    1.69837327    1.74878058
H5WKG7_9BURK/34-171     1.75480330    1.50263182    1.70255422    1.16201986    1.40976246    1.43034896    1.53285892    1.58615310    1.82291454    1.75619092    1.48779270    1.68298543    1.32401800    1.29158462    1.48838870    1.36447569    1.40173188    1.60588627    1.49915995    1.34260314    1.04964940    0.87567380    0.00000000    1.31032278    1.47359578    1.70516085    1.37391767    2.06049480    1.75906819    1.52102070
G8AVE7_9PROT/28-165     1.39617427    1.65151363    1.49623136    1.06409196    1.48157848    1.42002039    1.55849132    1.69960815    1.59250977    1.46363531    1.39485451    1.42810567    1.19819433    1.10352161    1.23283097    1.23455591    1.39898496    1.74980356    2.03587587    1.61703083    1.53882203    1.45581245    1.31032278    0.00000000    1.01076381    1.75897909    1.25609193    2.06761668    1.43118788    1.55509009
G7ZBV2_AZOL4/23-154     1.47748898    1.56343456    1.32518553    1.13093995    1.13152740    1.69346410    1.86661049    1.45588330    1.76264856    1.85437667    1.72037690    1.52373619    1.30819595    1.26388523    1.33690491    1.45291318    1.43091510    1.65225868    1.83495046    1.47514570    1.66863804    1.42372937    1.47359578    1.01076381    0.00000000    1.60665050    0.95630960    2.47021165    1.33974925    1.50287529
D7A3A1_STAND/28-158     2.04534771    1.78396426    2.10475180    1.73367455    1.78377454    1.87656148    2.19048079    2.01201737    2.25753239    2.06472456    1.81220416    1.78990134    2.01920801    1.79086071    1.86229403    2.10451865    1.95035713    2.11070865    2.73232131    1.93322777    1.99776190    1.56316486    1.70516085    1.75897909    1.60665050    0.00000000    1.41670470    2.63038393    2.23814851    2.38489562
J7QVS1_METSZ/32-167     1.81872219    1.83735109    1.58274012    1.27028567    1.72959156    1.58844132    1.73386580    1.27609011    1.77498421    1.67474903    1.43893533    1.47571525    1.45988138    1.36819149    1.47663994    1.43986858    1.49354533    1.80984623    1.63648994    1.96152878    1.76041686    1.43650719    1.37391767    1.25609193    0.95630960    1.41670470    0.00000000    2.58353620    1.50517728    1.55928339
H8GJU7_METAL/24-157     2.46480803    2.59993128    2.54875228    2.28284978    2.64529619    2.39319289    2.42406458    2.92857751    2.92482412    2.68416466    2.64184123    2.15768950    2.39724181    2.18282731    1.92925456    1.80011528    2.06198803    2.83023066    2.89469729    2.57829582    2.47524476    2.36616304    2.06049480    2.06761668    2.47021165    2.63038393    2.58353620    0.00000000    2.27087182    2.59858143
J7Q8E4_METSZ/34-172     1.73534582    1.79219798    1.61702928    1.35755494    1.55683882    1.66337777    1.61197270    1.71244662    1.78363850    1.55185711    1.67177510    1.60430666    1.28371167    1.35483278    1.49723429    1.52013141    1.38808477    1.70572616    1.75691974    1.83619245    2.07448731    1.69837327    1.75906819    1.43118788    1.33974925    2.23814851    1.50517728    2.27087182    0.00000000    1.20780928
Q89JK4_BRADU/182-316     1.86190570    1.78627775    1.73803569    1.13520327    1.76576607    1.46557075    1.69602147    1.94019362    2.12863092    1.91705334    1.81665379    1.55486910    1.47119348    1.42567486    1.71287560    1.71302372    1.59829771    2.03506619    2.31546745    1.57260677    2.01046881    1.74878058    1.52102070    1.55509009    1.50287529    2.38489562    1.55928339    2.59858143    1.20780928    0.00000000

