41
B3LWP3_DROAN/209-291     0.00000000    0.47082615    0.59760020    0.50341805    0.70664748    0.61566234    0.61732892    0.55034176    0.89399352    1.04888040    1.07180175    3.11281714    2.40419325    2.44617585    2.88163277    2.63811885    2.52226236    3.03574247    2.69170239    2.97206919    2.95604813    1.99992545    1.80143632    2.28985998    1.59801698    1.65090163    1.62623322    1.44795368    1.70766627    1.51222644    1.60986756    2.68966832    2.84144025    2.61185480    1.97134931    2.04930308    1.77460123    1.97957815    1.87919084    1.47516133    1.41341513
A0A212EP38_DANPL/214-298     0.47082615    0.00000000    0.40610182    0.38492852    0.48929155    0.52554457    0.62032020    0.48353446    0.92215141    0.94472584    0.98134236    2.43904953    2.15147384    2.33458490    2.63319819    2.45770208    2.30455936    2.82690410    2.44247661    2.82231972    2.74567945    2.07540808    1.87313231    2.05115639    1.51116621    1.47514472    1.30234736    1.22582622    1.43538394    1.41699287    1.56116958    2.23776278    2.55324317    2.27458112    1.83696772    2.04794722    1.88815076    2.11447020    1.94872297    1.18823077    1.15982930
E9GT68_DAPPU/221-303     0.59760020    0.40610182    0.00000000    0.39798427    0.55098400    0.52212382    0.79441844    0.51787412    0.68475778    1.00176848    1.07396786    2.60435475    2.14891147    2.36449046    2.48490946    2.31431289    2.33330856    2.81067471    2.34998748    2.49595848    2.68531348    1.91936436    1.63705308    1.93772136    1.36484700    1.40468186    1.27991984    1.12858230    1.46135527    1.46121524    1.52293844    2.31208045    2.61083687    2.37678923    1.44475094    1.62612509    1.58555528    1.68768875    1.49014472    1.31162061    1.06904210
D6WH39_TRICA/213-295     0.50341805    0.38492852    0.39798427    0.00000000    0.57073320    0.58096723    0.71823539    0.55240385    0.78448125    1.06680833    1.13179288    2.71879207    2.28393027    2.55125406    2.58832735    2.61501971    2.40105823    2.89791399    2.49684568    2.87341458    3.03165906    1.99116541    1.73992425    1.81936575    1.54168404    1.52440219    1.50371824    1.25598089    1.47290930    1.34480273    1.47245398    2.24076366    2.54850525    2.30409436    1.85656934    1.97113899    1.91049794    2.09178580    1.96093949    1.21194310    1.21732756
A0A7M7QZ06_NASVI/209-291     0.70664748    0.48929155    0.55098400    0.57073320    0.00000000    0.64951522    0.82533470    0.60560827    1.09150838    1.12155125    1.11694393    2.50356756    2.42424442    2.51603102    2.82924145    2.83967783    2.31835191    3.00535665    2.67586713    2.84966462    3.00622156    2.10758727    1.93979811    2.12151590    1.63796964    1.61387173    1.53938858    1.39368064    1.50434640    1.61007305    1.62156402    2.58464244    2.80196251    2.52010111    1.88006338    2.20471415    1.86532901    2.02585408    1.92477067    1.62342170    1.17544520
J9K6H8_ACYPI/219-301     0.61566234    0.52554457    0.52212382    0.58096723    0.64951522    0.00000000    0.78843749    0.51019515    0.76134020    1.20471198    1.19077805    2.96241494    2.68977523    2.82047095    3.17117180    3.11728049    2.76148944    3.46050711    3.02100110    3.15186351    3.16940021    2.16956656    2.03585716    2.12313037    1.49632994    1.76277259    1.42640805    1.49722458    1.79737990    1.59859184    1.76549386    2.34848169    2.84035254    2.57278456    1.98132063    2.08257427    1.93263997    2.08722083    1.91951629    1.60768653    1.23286584
W5P8V2_SHEEP/40-122     0.61732892    0.62032020    0.79441844    0.71823539    0.82533470    0.78843749    0.00000000    0.51145478    0.89748275    1.05172574    0.87240834    3.01956895    2.41063314    2.27624418    2.55186226    2.39509312    2.03810485    2.61136827    2.42173525    2.77858022    2.74822200    1.84010447    1.76030539    2.14530436    1.64473666    1.38328245    1.43528751    1.30406999    1.65057562    1.61290112    1.67264298    2.35103263    2.46744026    2.29857562    1.92181138    1.98991616    1.74510867    2.02122869    1.89934465    1.18730664    1.25835126
B7PGI7_IXOSC/228-310     0.55034176    0.48353446    0.51787412    0.55240385    0.60560827    0.51019515    0.51145478    0.00000000    0.74589223    1.01186071    1.00946276    2.72072859    2.14078492    2.41953068    2.59604695    2.47636042    1.99136766    2.59103583    2.38606527    2.66248998    2.67483798    2.06643024    1.77808349    1.91789399    1.44045049    1.45450355    1.49434466    1.28595040    1.49194163    1.65412481    1.70599858    2.04526783    2.40654166    2.27610884    1.78004232    1.93034465    1.57617136    1.81707077    1.60213265    1.20716785    1.23241160
T1K9E8_TETUR/243-325     0.89399352    0.92215141    0.68475778    0.78448125    1.09150838    0.76134020    0.89748275    0.74589223    0.00000000    1.11648791    1.17125229    2.81616329    2.30464057    2.87011694    2.78282483    2.87305422    2.75064994    3.21785374    2.80700025    3.18756392    3.11473916    2.13506032    2.06840475    2.12053917    1.38821444    1.51610993    1.31353961    1.26288457    1.75852599    1.66541152    1.82584936    2.63560622    2.58320487    2.55915418    1.76554189    1.80283056    1.81943164    1.93886984    1.76071552    1.53069668    1.42787763
H2Y928_CIOSA/27-111     1.04888040    0.94472584    1.00176848    1.06680833    1.12155125    1.20471198    1.05172574    1.01186071    1.11648791    0.00000000    0.24753525    2.50897649    2.38345700    2.38916453    2.51159231    2.46458313    1.99691007    2.59334006    2.39023016    2.93356527    2.68626844    1.66551196    2.00750998    2.10704358    1.56654284    1.59345469    1.40067470    1.36941737    1.71543712    1.79010186    1.62656952    2.22421072    2.50678829    2.42970597    1.86174931    1.99884036    1.79742756    2.11747123    1.94567505    1.19920168    1.61089182
F6YY07_CIOIN/233-317     1.07180175    0.98134236    1.07396786    1.13179288    1.11694393    1.19077805    0.87240834    1.00946276    1.17125229    0.24753525    0.00000000    2.68818207    2.56664120    2.38963176    2.58858500    2.66504550    1.98809768    2.47644430    2.48423509    3.06035921    2.84769198    1.71505451    2.02968580    2.29219460    1.65990615    1.58795101    1.36200031    1.30303450    1.74215249    1.71425906    1.74580588    2.12833716    2.27635335    2.35465513    1.73928645    1.72781087    1.70599590    1.84226620    1.90555406    1.24777958    1.53580161
MED27_SCHPO/173-266     3.11281714    2.43904953    2.60435475    2.71879207    2.50356756    2.96241494    3.01956895    2.72072859    2.81616329    2.50897649    2.68818207    0.00000000    2.49990331    2.17563829    2.59240357    2.26941032    2.48653767    2.81992293    2.51973340    3.04332875    2.38486792    3.39365360    3.08116017    2.84556949    2.25417268    2.59661972    2.32466726    2.15829391    2.23452780    2.51582240    2.57398923    3.17596769    2.84359234    2.95783980    3.77003847    3.76206972    3.35832604    3.21101518    3.02801313    2.67796234    2.71858940
B8MAY7_TALSN/280-386     2.40419325    2.15147384    2.14891147    2.28393027    2.42424442    2.68977523    2.41063314    2.14078492    2.30464057    2.38345700    2.56664120    2.49990331    0.00000000    1.03361300    0.84650740    0.96962574    1.09482235    0.92288029    0.87315564    1.07347423    1.06781223    2.88123247    2.59472766    2.86218290    2.56476353    2.59996623    2.78537159    2.20392890    2.73362152    2.63854255    2.85618851    3.31735191    3.27598343    3.21933608    3.60336603    3.20077885    3.03792769    3.04565918    3.14348734    2.77566529    2.22842988
F2SJJ0_TRIRC/251-341     2.44617585    2.33458490    2.36449046    2.55125406    2.51603102    2.82047095    2.27624418    2.41953068    2.87011694    2.38916453    2.38963176    2.17563829    1.03361300    0.00000000    0.85448711    0.92536164    1.18923176    0.83986064    0.88294378    0.97475566    1.11022374    2.03451703    2.44646431    3.07107102    2.53104955    2.52424518    2.51116346    2.33860108    2.77153019    2.71267519    2.84093021    3.21586320    3.09731117    3.13620175    2.96034391    3.09882686    2.69100992    2.96608517    2.87674667    2.11743441    2.49563512
A2R2K8_ASPNC/244-336     2.88163277    2.63319819    2.48490946    2.58832735    2.82924145    3.17117180    2.55186226    2.59604695    2.78282483    2.51159231    2.58858500    2.59240357    0.84650740    0.85448711    0.00000000    0.64546104    0.75805743    0.64724095    0.62307526    0.62900587    0.83156609    2.70109409    2.89830810    3.14485394    2.38950770    2.31412161    2.25282547    2.37940509    3.23240746    3.19236318    3.55729406    4.18873149    3.98076373    4.04547915    3.28461832    3.55213081    3.08477300    2.60796150    3.14170409    2.55724701    2.75139858
V5G6M4_BYSSN/243-335     2.63811885    2.45770208    2.31431289    2.61501971    2.83967783    3.11728049    2.39509312    2.47636042    2.87305422    2.46458313    2.66504550    2.26941032    0.96962574    0.92536164    0.64546104    0.00000000    0.85457577    0.60149502    0.67064027    0.75267328    0.82003168    2.50139482    2.54271801    2.52796929    2.66955097    2.44654657    2.87259428    3.01928741    3.24093834    3.09860819    3.35593542    3.42393688    3.84997908    3.49948476    3.19622097    3.25335431    2.85287298    2.81086142    2.82587126    2.57873466    2.67315490
C8VDD3_EMENI/257-350     2.52226236    2.30455936    2.33330856    2.40105823    2.31835191    2.76148944    2.03810485    1.99136766    2.75064994    1.99691007    1.98809768    2.48653767    1.09482235    1.18923176    0.75805743    0.85457577    0.00000000    0.77147672    0.78292241    0.89065794    0.92464255    2.47525753    2.54793502    2.92468635    2.11671804    1.94471217    2.30051076    2.60813970    2.94471516    2.85059741    3.23150556    2.94730368    3.10141542    2.98803464    3.02398533    3.20151076    2.70058354    2.58344521    2.85186555    2.70223795    2.45974002
Q4W9T3_ASPFU/242-335     3.03574247    2.82690410    2.81067471    2.89791399    3.00535665    3.46050711    2.61136827    2.59103583    3.21785374    2.59334006    2.47644430    2.81992293    0.92288029    0.83986064    0.64724095    0.60149502    0.77147672    0.00000000    0.44359188    0.49319292    0.71545903    2.74349411    2.93998015    3.12360977    2.91283553    2.48307610    3.02813368    2.90011798    3.23344666    3.22538702    3.53167866    4.31927588    4.37313678    4.20792618    3.59472505    3.86579046    3.26493713    2.92015162    3.31698868    2.69820450    3.03688633
Q2U0Q4_ASPOR/275-367     2.69170239    2.44247661    2.34998748    2.49684568    2.67586713    3.02100110    2.42173525    2.38606527    2.80700025    2.39023016    2.48423509    2.51973340    0.87315564    0.88294378    0.62307526    0.67064027    0.78292241    0.44359188    0.00000000    0.53469240    0.72246127    2.50360516    2.69092434    2.74824738    2.31357581    1.89452042    2.48455462    2.39385150    3.03473792    2.98589324    3.25295629    3.34376595    3.42068141    3.39154565    3.03615445    3.31947622    2.94384753    2.65762251    3.00479263    2.51226636    2.61872577
A1C992_ASPCL/241-334     2.97206919    2.82231972    2.49595848    2.87341458    2.84966462    3.15186351    2.77858022    2.66248998    3.18756392    2.93356527    3.06035921    3.04332875    1.07347423    0.97475566    0.62900587    0.75267328    0.89065794    0.49319292    0.53469240    0.00000000    0.84199625    2.42595163    3.02355656    3.22313047    2.59956563    2.72980898    2.64211572    2.49966570    3.51854312    3.68740103    3.81141315    3.99434763    3.63990157    3.75438994    3.31807153    3.82606216    3.09552057    2.74173481    3.10218712    3.04419271    3.11814814
S7ZK82_PENO1/230-325     2.95604813    2.74567945    2.68531348    3.03165906    3.00622156    3.16940021    2.74822200    2.67483798    3.11473916    2.68626844    2.84769198    2.38486792    1.06781223    1.11022374    0.83156609    0.82003168    0.92464255    0.71545903    0.72246127    0.84199625    0.00000000    2.80072946    3.04388760    3.12220429    2.51109749    2.74574060    2.89598269    3.18828403    3.20699563    3.10174721    3.35116778    3.85533623    3.68818403    3.56342700    3.43797230    3.46049783    3.06512903    2.97979537    3.05998231    3.00166107    2.69149600
V2Y0S8_MONRO/199-286     1.99992545    2.07540808    1.91936436    1.99116541    2.10758727    2.16956656    1.84010447    2.06643024    2.13506032    1.66551196    1.71505451    3.39365360    2.88123247    2.03451703    2.70109409    2.50139482    2.47525753    2.74349411    2.50360516    2.42595163    2.80072946    0.00000000    1.64111456    2.32312716    1.84922599    1.99003286    1.86678317    1.65895303    1.85360463    1.96992417    1.98005397    2.79658479    3.18631498    2.57197589    2.07987008    2.18504442    1.93659729    2.16592686    2.07007157    1.85943198    2.13249931
A2D8U3_TRIVA/165-251     1.80143632    1.87313231    1.63705308    1.73992425    1.93979811    2.03585716    1.76030539    1.77808349    2.06840475    2.00750998    2.02968580    3.08116017    2.59472766    2.44646431    2.89830810    2.54271801    2.54793502    2.93998015    2.69092434    3.02355656    3.04388760    1.64111456    0.00000000    1.52953733    1.66423752    1.70758706    1.66366774    1.54216705    1.98992428    2.03048160    2.22335947    2.45131692    2.71761616    2.69093413    2.49346118    2.27025811    2.04922642    2.07855990    2.20328765    2.02585621    1.84752769
A2DKP2_TRIVA/106-191     2.28985998    2.05115639    1.93772136    1.81936575    2.12151590    2.12313037    2.14530436    1.91789399    2.12053917    2.10704358    2.29219460    2.84556949    2.86218290    3.07107102    3.14485394    2.52796929    2.92468635    3.12360977    2.74824738    3.22313047    3.12220429    2.32312716    1.52953733    0.00000000    1.90638133    1.93970219    1.92383698    1.97420197    2.34005760    2.65830742    2.51821934    3.52597543    3.40929730    3.55959684    2.81697233    2.89191426    2.53617855    2.65165958    2.58558739    2.11320028    2.46790989
M0SD67_MUSAM/264-384     1.59801698    1.51116621    1.36484700    1.54168404    1.63796964    1.49632994    1.64473666    1.44045049    1.38821444    1.56654284    1.65990615    2.25417268    2.56476353    2.53104955    2.38950770    2.66955097    2.11671804    2.91283553    2.31357581    2.59956563    2.51109749    1.84922599    1.66423752    1.90638133    0.00000000    0.67952680    0.66694698    0.77344122    1.46450618    1.52260567    1.62177348    2.82748514    3.04689087    2.82832320    2.26958250    2.13861976    2.19877409    2.24859404    2.24305413    2.05944236    1.62541668
MED27_ARATH/290-398     1.65090163    1.47514472    1.40468186    1.52440219    1.61387173    1.76277259    1.38328245    1.45450355    1.51610993    1.59345469    1.58795101    2.59661972    2.59996623    2.52424518    2.31412161    2.44654657    1.94471217    2.48307610    1.89452042    2.72980898    2.74574060    1.99003286    1.70758706    1.93970219    0.67952680    0.00000000    0.57073475    0.49962906    1.56118184    1.68365366    1.64697837    2.89983817    2.95343300    2.81465976    2.02361092    2.15431856    1.75194601    1.83179543    1.97342232    1.92421771    1.48244644
A0A3Q7EJ06_SOLLC/292-406     1.62623322    1.30234736    1.27991984    1.50371824    1.53938858    1.42640805    1.43528751    1.49434466    1.31353961    1.40067470    1.36200031    2.32466726    2.78537159    2.51116346    2.25282547    2.87259428    2.30051076    3.02813368    2.48455462    2.64211572    2.89598269    1.86678317    1.66366774    1.92383698    0.66694698    0.57073475    0.00000000    0.42609780    1.51385709    1.61822250    1.72227933    2.94725747    2.93007011    2.94114262    2.01988681    2.23526248    1.86418204    1.91516911    1.92812528    1.87244564    1.48137921
D7TL37_VITVI/294-411     1.44795368    1.22582622    1.12858230    1.25598089    1.39368064    1.49722458    1.30406999    1.28595040    1.26288457    1.36941737    1.30303450    2.15829391    2.20392890    2.33860108    2.37940509    3.01928741    2.60813970    2.90011798    2.39385150    2.49966570    3.18828403    1.65895303    1.54216705    1.97420197    0.77344122    0.49962906    0.42609780    0.00000000    1.35964054    1.55611356    1.60532878    2.86279433    2.80390387    2.91237999    1.83705494    2.03004695    1.61239994    1.73930360    1.66467378    1.69577410    1.60767067
F4PGZ4_CAVFA/430-517     1.70766627    1.43538394    1.46135527    1.47290930    1.50434640    1.79737990    1.65057562    1.49194163    1.75852599    1.71543712    1.74215249    2.23452780    2.73362152    2.77153019    3.23240746    3.24093834    2.94471516    3.23344666    3.03473792    3.51854312    3.20699563    1.85360463    1.98992428    2.34005760    1.46450618    1.56118184    1.51385709    1.35964054    0.00000000    0.28957345    0.29660819    2.42213836    2.56783988    2.37737423    2.56832871    2.84627962    2.38045676    2.08891423    2.06985258    1.54273946    1.55162166
D3AYR7_POLPP/1016-1104     1.51222644    1.41699287    1.46121524    1.34480273    1.61007305    1.59859184    1.61290112    1.65412481    1.66541152    1.79010186    1.71425906    2.51582240    2.63854255    2.71267519    3.19236318    3.09860819    2.85059741    3.22538702    2.98589324    3.68740103    3.10174721    1.96992417    2.03048160    2.65830742    1.52260567    1.68365366    1.61822250    1.55611356    0.28957345    0.00000000    0.32283118    2.51344807    2.81254524    2.42812062    2.81388256    2.81244936    2.50334167    2.30387008    2.31054712    1.73953054    1.54116171
MED27_DICDI/334-422     1.60986756    1.56116958    1.52293844    1.47245398    1.62156402    1.76549386    1.67264298    1.70599858    1.82584936    1.62656952    1.74580588    2.57398923    2.85618851    2.84093021    3.55729406    3.35593542    3.23150556    3.53167866    3.25295629    3.81141315    3.35116778    1.98005397    2.22335947    2.51821934    1.62177348    1.64697837    1.72227933    1.60532878    0.29660819    0.32283118    0.00000000    2.63995872    2.90317534    2.70151880    2.92209588    2.88558381    2.52639821    2.32729745    2.32553220    1.73864871    1.49780988
Q22550_CAEEL/351-434     2.68966832    2.23776278    2.31208045    2.24076366    2.58464244    2.34848169    2.35103263    2.04526783    2.63560622    2.22421072    2.12833716    3.17596769    3.31735191    3.21586320    4.18873149    3.42393688    2.94730368    4.31927588    3.34376595    3.99434763    3.85533623    2.79658479    2.45131692    3.52597543    2.82748514    2.89983817    2.94725747    2.86279433    2.42213836    2.51344807    2.63995872    0.00000000    0.33674411    0.23668520    2.11422982    2.24389126    2.15206829    2.32431417    2.31713539    2.05130182    2.16439667
A8XV48_CAEBR/354-437     2.84144025    2.55324317    2.61083687    2.54850525    2.80196251    2.84035254    2.46744026    2.40654166    2.58320487    2.50678829    2.27635335    2.84359234    3.27598343    3.09731117    3.98076373    3.84997908    3.10141542    4.37313678    3.42068141    3.63990157    3.68818403    3.18631498    2.71761616    3.40929730    3.04689087    2.95343300    2.93007011    2.80390387    2.56783988    2.81254524    2.90317534    0.33674411    0.00000000    0.30944396    2.58706866    2.59106254    2.39672247    2.64665047    2.47651185    2.28475392    2.15688600
E3MD75_CAERE/357-439     2.61185480    2.27458112    2.37678923    2.30409436    2.52010111    2.57278456    2.29857562    2.27610884    2.55915418    2.42970597    2.35465513    2.95783980    3.21933608    3.13620175    4.04547915    3.49948476    2.98803464    4.20792618    3.39154565    3.75438994    3.56342700    2.57197589    2.69093413    3.55959684    2.82832320    2.81465976    2.94114262    2.91237999    2.37737423    2.42812062    2.70151880    0.23668520    0.30944396    0.00000000    2.37358913    2.54492777    2.26252472    2.45733338    2.49471371    2.07899542    2.31477940
G0NJ83_CAEBE/400-486     1.97134931    1.83696772    1.44475094    1.85656934    1.88006338    1.98132063    1.92181138    1.78004232    1.76554189    1.86174931    1.73928645    3.77003847    3.60336603    2.96034391    3.28461832    3.19622097    3.02398533    3.59472505    3.03615445    3.31807153    3.43797230    2.07987008    2.49346118    2.81697233    2.26958250    2.02361092    2.01988681    1.83705494    2.56832871    2.81388256    2.92209588    2.11422982    2.58706866    2.37358913    0.00000000    0.46425262    0.36205592    0.49043602    0.45406233    1.95871442    2.32295394
A8Y318_CAEBR/397-482     2.04930308    2.04794722    1.62612509    1.97113899    2.20471415    2.08257427    1.98991616    1.93034465    1.80283056    1.99884036    1.72781087    3.76206972    3.20077885    3.09882686    3.55213081    3.25335431    3.20151076    3.86579046    3.31947622    3.82606216    3.46049783    2.18504442    2.27025811    2.89191426    2.13861976    2.15431856    2.23526248    2.03004695    2.84627962    2.81244936    2.88558381    2.24389126    2.59106254    2.54492777    0.46425262    0.00000000    0.35795566    0.57472387    0.51379299    2.14826445    2.21755905
E3MJU0_CAERE/422-507     1.77460123    1.88815076    1.58555528    1.91049794    1.86532901    1.93263997    1.74510867    1.57617136    1.81943164    1.79742756    1.70599590    3.35832604    3.03792769    2.69100992    3.08477300    2.85287298    2.70058354    3.26493713    2.94384753    3.09552057    3.06512903    1.93659729    2.04922642    2.53617855    2.19877409    1.75194601    1.86418204    1.61239994    2.38045676    2.50334167    2.52639821    2.15206829    2.39672247    2.26252472    0.36205592    0.35795566    0.00000000    0.38667529    0.34385504    1.60993332    2.05790184
A0A2H2HWZ2_CAEJA/382-468     1.97957815    2.11447020    1.68768875    2.09178580    2.02585408    2.08722083    2.02122869    1.81707077    1.93886984    2.11747123    1.84226620    3.21101518    3.04565918    2.96608517    2.60796150    2.81086142    2.58344521    2.92015162    2.65762251    2.74173481    2.97979537    2.16592686    2.07855990    2.65165958    2.24859404    1.83179543    1.91516911    1.73930360    2.08891423    2.30387008    2.32729745    2.32431417    2.64665047    2.45733338    0.49043602    0.57472387    0.38667529    0.00000000    0.34751564    1.68407681    2.13645476
Q23026_CAEEL/382-468     1.87919084    1.94872297    1.49014472    1.96093949    1.92477067    1.91951629    1.89934465    1.60213265    1.76071552    1.94567505    1.90555406    3.02801313    3.14348734    2.87674667    3.14170409    2.82587126    2.85186555    3.31698868    3.00479263    3.10218712    3.05998231    2.07007157    2.20328765    2.58558739    2.24305413    1.97342232    1.92812528    1.66467378    2.06985258    2.31054712    2.32553220    2.31713539    2.47651185    2.49471371    0.45406233    0.51379299    0.34385504    0.34751564    0.00000000    1.98714605    2.26970897
E5SI67_TRISP/273-360     1.47516133    1.18823077    1.31162061    1.21194310    1.62342170    1.60768653    1.18730664    1.20716785    1.53069668    1.19920168    1.24777958    2.67796234    2.77566529    2.11743441    2.55724701    2.57873466    2.70223795    2.69820450    2.51226636    3.04419271    3.00166107    1.85943198    2.02585621    2.11320028    2.05944236    1.92421771    1.87244564    1.69577410    1.54273946    1.73953054    1.73864871    2.05130182    2.28475392    2.07899542    1.95871442    2.14826445    1.60993332    1.68407681    1.98714605    0.00000000    1.28868886
A7RWD3_NEMVE/217-304     1.41341513    1.15982930    1.06904210    1.21732756    1.17544520    1.23286584    1.25835126    1.23241160    1.42787763    1.61089182    1.53580161    2.71858940    2.22842988    2.49563512    2.75139858    2.67315490    2.45974002    3.03688633    2.61872577    3.11814814    2.69149600    2.13249931    1.84752769    2.46790989    1.62541668    1.48244644    1.48137921    1.60767067    1.55162166    1.54116171    1.49780988    2.16439667    2.15688600    2.31477940    2.32295394    2.21755905    2.05790184    2.13645476    2.26970897    1.28868886    0.00000000

