10
F8KX99_PARAV/279-528     0.00000000    1.92108266    2.93089429    2.23830976    2.08788943    2.44496609    2.90243008    2.56969773    2.49539981    2.65074328
F8L3U1_SIMNZ/23-268     1.92108266    0.00000000    2.23961395    2.43489471    2.06166362    2.58368733    3.20953612    2.73459777    2.82221796    3.21169099
OMPY_CHLTR/24-252     2.93089429    2.23961395    0.00000000    1.76431006    2.08463940    2.63136455    3.04290184    2.47011578    2.76674985    2.51943547
D6YT62_WADCW/26-255     2.23830976    2.43489471    1.76431006    0.00000000    0.94686142    2.66643749    2.71093850    2.37402314    2.44474969    2.29107351
F8KW92_PARAV/26-257     2.08788943    2.06166362    2.08463940    0.94686142    0.00000000    2.39075383    2.57124407    2.20751346    2.49305967    2.18907827
K6ZQY2_9ALTE/50-287     2.44496609    2.58368733    2.63136455    2.66643749    2.39075383    0.00000000    1.18023790    1.35300592    1.38322110    1.37035194
G0A792_METMM/44-279     2.90243008    3.20953612    3.04290184    2.71093850    2.57124407    1.18023790    0.00000000    1.58567662    1.77841133    1.52587747
M4UM18_9GAMM/32-275     2.56969773    2.73459777    2.47011578    2.37402314    2.20751346    1.35300592    1.58567662    0.00000000    0.83076552    0.78770243
F0RIF3_CELLC/32-275     2.49539981    2.82221796    2.76674985    2.44474969    2.49305967    1.38322110    1.77841133    0.83076552    0.00000000    0.85463919
A1SRL8_PSYIN/27-278     2.65074328    3.21169099    2.51943547    2.29107351    2.18907827    1.37035194    1.52587747    0.78770243    0.85463919    0.00000000

