70
E4RQK4_LEAB4/20-121     0.00000000    1.66444428    1.94594116    2.59650621    3.04065062    2.23798575    2.25107421    2.57362170    2.72681636    2.00915926    2.07198677    2.13737116    2.43293818    2.22728725    1.93108086    2.13642520    2.02900488    2.35889632    2.30542276    2.10580957    2.28769211    2.06339521    2.18025162    2.26137367    2.13338998    2.45104910    2.15804791    2.17381500    2.03247392    1.95692627    2.10192502    1.75557368    2.23216976    2.30809895    2.16970621    1.84401602    3.62142046    2.73603457    3.06422274    2.26070688    1.87754928    2.01391551    3.22289637    3.15767082    2.26311069    2.75375612    2.24301017    2.39723686    3.30917151    2.99233923    2.54086208    2.17733004    2.21226368    2.73914617    1.95516995    2.23544942    2.40617380    1.99094166    2.23641083    2.15333982    2.18739529    2.28408548    2.12469626    3.28719786    2.75342901    3.18248031    2.66923889    2.50408459    2.98424866    2.15001404
F0RII7_CELLC/18-118     1.66444428    0.00000000    1.79843331    2.67258653    2.61810217    2.67902030    2.62560976    2.82564197    2.21018712    2.01021140    2.04468893    2.25023699    2.16651071    2.63264723    2.30984301    2.29992563    2.28068602    2.02466988    2.11257809    2.05462367    2.21859789    2.20527776    2.22681370    2.32172381    2.01241391    2.11708930    2.21589804    1.82748991    1.90935651    2.16688217    2.25291325    1.96645386    2.15375292    1.98615064    2.11349196    1.63228469    4.59490602    2.45730873    2.38131206    2.55860151    2.31959145    2.29010426    2.93035908    3.32926436    2.22135311    2.48223558    2.05786759    2.40127054    2.93423470    2.82373277    2.77753419    2.60189978    2.45929102    2.81047262    2.41791805    2.38427959    2.24850567    2.26292282    2.14283953    2.22675790    2.48869233    2.23714553    2.22951402    3.02199260    3.11104662    2.93845417    2.97277860    2.40637817    2.69622379    2.86526430
Q0VLB4_ALCBS/22-125     1.94594116    1.79843331    0.00000000    2.53428859    2.50488758    2.69987331    2.79741703    3.00253291    1.83017911    1.76803644    1.74285568    1.85406284    2.07480070    1.76631021    1.78307948    1.78667478    1.75311627    2.42752951    2.50515347    2.25354618    2.30670455    2.29757945    2.34965460    2.43261940    2.48419126    1.92970019    1.95687971    1.98375064    2.07627258    1.97591009    1.83362231    2.09259826    2.42418347    2.21710147    1.97958912    2.00054478    3.85706042    2.27883065    2.31341467    2.85756169    2.27062979    2.68373020    3.11836924    4.14534543    1.94505057    2.06342810    1.69144932    1.78611808    3.06359011    2.15393371    2.23970599    2.14054477    2.18910885    2.36667170    2.33846689    2.32950226    2.47221238    1.84644061    2.01102421    2.13936373    2.60856682    2.52681052    2.21233174    2.56393843    2.70696065    2.38883326    2.49151931    2.13166398    2.56265818    2.74084213
I0H6D9_ACTM4/25-122     2.59650621    2.67258653    2.53428859    0.00000000    0.36040270    2.83145995    2.73483492    3.12441988    2.82838258    2.29694485    2.14856849    2.02321815    2.55640333    2.84305949    3.05230429    2.83648079    2.53746028    2.07308813    2.33360669    2.68869177    3.01330542    2.53581481    2.42976135    2.53721217    2.71628351    2.40020404    2.31498315    2.48690565    2.44998703    2.56929103    2.25358835    2.36728430    2.55518300    2.48450469    2.55647331    2.49867248    3.22172731    3.65600354    3.48343120    3.83330581    3.83193169    3.87415096    3.81796971    4.17305881    3.07445383    2.73690656    3.56209080    3.04809595    3.52482527    3.14894778    2.74509639    2.99072019    3.09763830    2.78260769    2.50541772    2.75676048    3.20694293    3.30851612    3.32153700    3.00299561    3.13483456    3.09601367    2.68743995    3.34917267    3.98914163    3.39083891    3.53819795    2.52001558    3.33130680    2.98440081
U5W4R4_9ACTN/24-123     3.04065062    2.61810217    2.50488758    0.36040270    0.00000000    3.04475913    2.54649688    2.87510978    2.84114231    2.23944345    2.27599596    2.00816786    2.58677203    2.70491226    2.94575528    2.81199905    2.81009238    2.07448082    2.48668912    2.79392664    2.80481639    2.52624614    2.51453704    2.55193841    2.69911762    2.57963817    2.57146621    2.46875449    2.41910900    2.38370725    2.43933884    2.33984763    2.55065586    2.41236107    2.79079323    2.53738694    3.20721157    4.00936383    3.36147844    4.19324879    4.44422646    3.76727513    3.65475830    3.82509625    3.40318654    2.81619616    3.46173370    3.10211053    3.55352924    3.42992574    3.23434914    3.30714569    3.15132067    3.18732864    2.88448890    3.10785108    3.36757468    3.45307850    3.09464197    2.98518282    3.33329133    3.28858130    2.82313008    3.18164242    3.90033530    3.21616256    3.20470056    2.61756820    3.42687318    3.23775518
G0A3G5_METMM/22-120     2.23798575    2.67902030    2.69987331    2.83145995    3.04475913    0.00000000    2.44889461    2.58559123    2.23315171    1.94929577    2.05633742    2.03040457    2.29839836    2.11491186    2.12651272    2.13546352    2.31950278    2.11594233    2.12947516    2.09022547    2.55715119    2.24942479    2.18620924    2.26414980    2.16213055    2.24165703    2.46978601    2.05863220    2.22743030    2.48603526    2.43036986    2.35826582    2.77627739    2.64388707    2.16289715    2.24414136    3.21562548    3.33474264    3.63378148    3.07250279    3.07713129    3.09393713    2.98962949    3.28552468    2.40931919    2.65363626    2.87382039    2.69369222    2.83537308    2.63284831    2.86796922    2.53654810    2.40705953    2.79583992    2.46931161    2.99495542    2.65110553    2.67953815    2.71925791    2.89908286    3.29423508    2.57669629    2.70019489    3.16215411    2.79807951    3.27489807    3.26712133    2.20056748    3.60941259    2.58628831
Q5HM91_STAEQ/115-218     2.25107421    2.62560976    2.79741703    2.73483492    2.54649688    2.44889461    0.00000000    0.23478032    2.58541951    2.04542245    2.16265965    2.62876211    2.16830882    2.21557213    2.28366660    2.18570854    2.17203786    2.43914501    1.92410543    2.61049606    2.78179517    2.24523775    2.46663549    2.17579477    2.28453115    3.28948300    3.04602584    2.18668386    2.37107416    2.52436113    2.57444973    2.65882319    2.60907611    2.30994213    2.47150709    2.17409656    3.27739716    2.14692333    2.39734685    2.62425988    2.52288652    2.27648276    2.63531713    2.83710925    2.24760685    2.43690948    2.66827615    2.31513634    2.70030416    2.46255435    1.88889094    2.11277263    2.09065897    2.12095198    2.06889014    2.41674623    2.25707283    2.31024602    2.14907382    2.15841908    2.93198175    2.69005904    2.20000464    2.23346324    2.28741470    2.31749992    2.78063775    2.66851683    2.79506631    2.81136525
Q2FWC6_STAA8/115-221     2.57362170    2.82564197    3.00253291    3.12441988    2.87510978    2.58559123    0.23478032    0.00000000    2.44760351    2.18080189    2.33161201    2.74760784    2.25250274    2.31731613    2.35928309    2.36766852    2.25765742    2.59957909    2.16931224    2.70042817    2.83268194    2.40509823    2.64651471    2.36809025    2.45708321    3.13108319    3.16042320    2.38962716    2.33335870    2.58176655    2.60722134    2.71190176    2.51082902    2.19930207    2.61047786    2.34210720    3.75823371    2.24359914    2.22585689    2.78327969    2.65068622    2.48471840    2.70391567    2.80021394    2.35341743    2.38453068    2.74566603    2.51726687    3.08761141    2.56600213    2.17840209    2.35106794    2.26098627    2.13994008    2.13386977    2.41943755    2.29716891    2.32665257    2.27364056    2.19354400    2.77376402    2.71484427    2.37860159    2.39757374    2.48753921    2.65831245    2.79904757    2.64565965    3.38103188    3.06165073
M5E5I9_9GAMM/22-123     2.72681636    2.21018712    1.83017911    2.82838258    2.84114231    2.23315171    2.58541951    2.44760351    0.00000000    1.07558097    1.17861458    1.21553041    1.24573996    1.40478037    1.46586721    1.41591602    1.26136249    1.56329939    1.41024899    1.34218830    1.46669984    1.44308289    1.36622180    1.41136177    1.42804893    1.75249401    1.96370104    1.35660877    1.50376515    1.60660611    1.44694143    1.51108604    1.65556363    2.05584535    1.56691686    1.82482616    3.12907246    2.54677329    2.51632384    2.67603332    2.47717330    2.01730945    2.58285739    3.48287035    1.95623971    2.00859361    1.79348125    1.75963614    2.40727706    2.30125421    2.19443639    2.32931145    2.27249030    2.21324404    2.42114926    2.39606989    1.96618560    1.84726554    2.01765744    2.05604035    2.51856133    2.28987514    2.34214745    2.53411603    3.17769640    2.79121050    2.95155785    2.05174375    3.05003395    2.33428370
H2G0R2_OCESG/22-123     2.00915926    2.01021140    1.76803644    2.29694485    2.23944345    1.94929577    2.04542245    2.18080189    1.07558097    0.00000000    0.52353499    0.90840897    0.83163088    1.15685962    1.38051836    1.32245518    1.19035272    1.03233275    0.97163978    1.07147028    1.10501745    0.82944195    0.91965839    0.79602245    0.82905442    1.22039849    1.48964643    1.18066914    0.71603993    0.85435677    0.79270196    0.87629971    1.62860031    1.70904015    1.31304003    1.87124791    2.92365857    2.43693138    2.22783518    2.15663123    2.05057318    2.25635746    2.06357573    2.78822304    1.95852679    1.73897613    1.86352269    1.68511033    1.97262278    2.02620084    2.12844330    2.14041542    2.18428779    2.14463751    2.13018723    2.47812307    1.94081553    1.83324950    1.89211618    1.93176107    2.13693097    1.94816602    1.75572665    2.46968210    3.21445884    2.53819459    2.43736021    2.19845802    2.80865711    2.48881610
A0KM63_AERHH/22-122     2.07198677    2.04468893    1.74285568    2.14856849    2.27599596    2.05633742    2.16265965    2.33161201    1.17861458    0.52353499    0.00000000    0.74962185    0.81301890    1.38126951    1.42271544    1.28668111    1.15293652    1.17805834    1.00880636    1.00992724    1.22470972    0.86858855    0.86441659    0.97779218    0.99747903    1.73455117    1.56261526    1.31075832    0.93304021    1.07736808    1.07903833    1.11932925    1.59454302    1.80540913    1.12215077    1.74265113    2.82409457    2.16313607    2.14243637    2.17321561    2.34361374    2.21583819    2.37673131    2.29351274    1.84724864    1.89019153    1.82911620    1.60701461    2.22533738    2.04819416    1.89460472    1.95461985    2.04607008    1.95314799    2.25383163    2.28621458    1.82918733    1.82726994    1.98087684    1.78425363    2.32733389    1.87120259    1.81507952    2.44871819    3.33790717    2.79999449    2.68833476    2.20218011    2.85196163    2.40281886
C4LEE4_TOLAT/22-123     2.13737116    2.25023699    1.85406284    2.02321815    2.00816786    2.03040457    2.62876211    2.74760784    1.21553041    0.90840897    0.74962185    0.00000000    0.99307463    1.34253182    1.65254475    1.61927274    1.68654332    1.60629764    1.30940143    1.17278674    1.40407910    1.19483083    1.14580613    1.24431891    1.21542546    1.72202846    1.62160641    1.55775519    1.16927434    1.34031284    1.36252819    1.39821612    1.59826007    1.95419362    1.55979686    2.02012912    3.18450142    2.69806866    2.26326259    2.35932857    2.65015515    2.30953573    2.84482382    3.03884202    1.90081297    2.08907765    2.02272623    1.79847625    2.24945863    2.17308056    2.37396370    2.24984122    2.22996174    2.43391147    2.16426881    2.29973495    2.06046889    1.87287002    2.23096731    1.94842903    2.05562444    1.92975770    2.24830777    2.51575388    3.38338958    2.91434325    2.41595217    1.90074449    2.64482863    2.46909424
C4L8I0_TOLAT/41-141     2.43293818    2.16651071    2.07480070    2.55640333    2.58677203    2.29839836    2.16830882    2.25250274    1.24573996    0.83163088    0.81301890    0.99307463    0.00000000    1.24581042    1.11669957    1.31466757    1.23672493    1.27471675    1.05587505    1.32658866    1.44180042    1.21661938    1.03732120    1.13646561    1.15246467    1.84606691    1.60622879    1.62174138    1.08214525    1.18430822    1.16676843    1.23949202    1.47905560    2.01962950    1.47768320    1.96444688    3.18016748    3.11415277    2.67203464    2.08497543    2.42672452    2.38876405    2.39559268    2.74308666    1.86400305    1.95657717    1.93756928    1.61217360    2.18251481    2.40527940    2.07821207    2.14746031    2.12967303    2.10555227    2.39417150    1.77165882    1.94834312    1.90838273    1.83846416    1.78471849    2.37649970    2.10754854    2.06069750    2.19676019    2.96666540    2.71590228    2.58309315    2.17383490    3.40184093    2.51167617
L0GV17_9GAMM/22-123     2.22728725    2.63264723    1.76631021    2.84305949    2.70491226    2.11491186    2.21557213    2.31731613    1.40478037    1.15685962    1.38126951    1.34253182    1.24581042    0.00000000    0.77104712    0.80427769    0.80392531    1.86186271    1.71041689    1.57780665    1.58022078    1.64135936    1.52122820    1.70217570    1.66788833    1.92362495    2.04807495    1.88090320    1.55746259    1.63261251    1.60005204    1.55894572    1.70374535    2.02142141    1.80491063    2.21284970    2.77372596    2.80976522    2.31828801    2.39252804    2.32835336    2.55015118    2.54569235    2.64008297    1.96530687    1.95860745    1.71880728    1.55179303    2.13255365    1.98488688    2.63410293    2.31074026    2.11493142    2.31218510    2.34016789    2.27164612    2.30896459    2.29306870    2.34678521    2.28019601    2.68673519    2.47896169    2.39678851    2.13316314    2.50368884    2.44124121    2.12206750    2.15354909    2.65823387    2.15884976
I3YHF0_THIV6/22-123     1.93108086    2.30984301    1.78307948    3.05230429    2.94575528    2.12651272    2.28366660    2.35928309    1.46586721    1.38051836    1.42271544    1.65254475    1.11669957    0.77104712    0.00000000    0.55023014    0.54317205    1.74332842    1.53334665    1.60022005    1.73567390    1.61708488    1.56955090    1.62091882    1.68323493    1.61232382    1.66533794    1.83168475    1.38949031    1.42702919    1.50831346    1.52346035    1.75676142    2.10825312    1.69181755    1.80610085    2.74622168    2.47172143    2.13365084    2.32554457    2.02199897    2.40681623    2.41388533    3.05425729    1.76320911    1.88960479    1.91840864    1.73877258    2.46514736    2.20182142    2.27525285    1.91985626    2.14347115    2.17131662    2.19647202    2.15615882    2.16325193    1.76371615    1.79576739    1.75246925    2.53322786    2.15395643    2.11641376    2.19115528    2.30654400    2.50659289    2.32238578    2.03932723    3.11007845    2.43595516
D3RTP8_ALLVD/22-123     2.13642520    2.29992563    1.78667478    2.83648079    2.81199905    2.13546352    2.18570854    2.36766852    1.41591602    1.32245518    1.28668111    1.61927274    1.31466757    0.80427769    0.55023014    0.00000000    0.50177363    1.84378200    1.48780241    1.61570396    1.74059972    1.64077159    1.59559579    1.69390170    1.76221381    1.84336509    1.95229310    1.74487568    1.30315674    1.47540374    1.46696912    1.34805184    1.77514487    2.11946305    1.62699020    1.82424374    2.73952840    2.18982026    2.15759634    2.17529624    2.12001194    2.46596409    2.20211544    2.66141585    1.48451622    1.62452460    1.71829967    1.53521724    2.41072917    1.92537659    2.24289144    2.19501716    2.37115922    2.03842631    2.20601762    2.35138905    2.02341849    2.07524752    2.10479213    1.97825715    2.39049266    2.08930120    2.01241327    2.32810486    2.27495157    2.40369591    2.16857763    1.96036472    2.79540183    2.58632820
W0E528_MARPU/22-123     2.02900488    2.28068602    1.75311627    2.53746028    2.81009238    2.31950278    2.17203786    2.25765742    1.26136249    1.19035272    1.15293652    1.68654332    1.23672493    0.80392531    0.54317205    0.50177363    0.00000000    1.52785719    1.37404100    1.43578265    1.57865933    1.51258477    1.59212434    1.66528945    1.59639999    1.58965883    1.65458413    1.50150822    1.08118443    1.35518098    1.42130591    1.35921359    1.71113403    2.15058043    1.64787759    1.81765980    2.38454174    2.12915530    2.05442716    2.02387887    1.88174398    2.06786863    2.08179255    2.38386189    1.40902533    1.62232337    1.68905734    1.45826875    2.43929166    1.81224121    1.76361158    1.86471912    1.97409934    1.68152841    1.89905179    2.09511131    1.77223831    1.69318102    1.74515181    1.73942703    2.31088770    2.18259319    2.01354587    2.26310786    2.42878995    2.27770106    2.27330161    2.01682594    2.76381540    2.13510394
Q3IJ08_PSET1/22-122     2.35889632    2.02466988    2.42752951    2.07308813    2.07448082    2.11594233    2.43914501    2.59957909    1.56329939    1.03233275    1.17805834    1.60629764    1.27471675    1.86186271    1.74332842    1.84378200    1.52785719    0.00000000    0.68411616    0.87217166    0.94113574    0.79287985    0.72545318    0.73194165    0.77216178    1.62705900    1.42146209    1.22326049    0.96886739    0.89808623    0.98106087    1.00665867    1.87857074    1.81008606    1.41415168    2.09203520    4.08621893    3.49712724    3.35154240    2.65692215    2.49911867    2.44132418    2.41788208    2.62266257    1.98393001    2.16616207    2.47784334    2.13763142    3.13923103    2.36596792    2.27642473    2.10600114    2.06476082    2.17527540    2.56262407    2.37833832    2.08833166    2.04907441    1.99218548    1.96990892    2.14248889    1.86749578    2.20728981    2.60761504    2.87814598    2.68466211    2.43605580    1.84822205    2.67217806    2.35331153
K7ACG5_9ALTE/17-117     2.30542276    2.11257809    2.50515347    2.33360669    2.48668912    2.12947516    1.92410543    2.16931224    1.41024899    0.97163978    1.00880636    1.30940143    1.05587505    1.71041689    1.53334665    1.48780241    1.37404100    0.68411616    0.00000000    0.57132588    0.82266988    0.48175747    0.52201695    0.47091039    0.47049365    1.65192806    1.68632590    1.03097803    0.86859150    0.84765500    1.13728905    0.93546470    1.58976950    1.80500237    1.34445849    2.19434953    3.11205540    2.54548087    2.57366975    2.37476857    2.56548775    2.31379336    2.58003753    2.77518742    2.14835697    2.13114396    2.40940938    1.92243553    2.48944572    1.95302275    2.18301208    2.18080288    2.28343678    2.02125053    2.13714010    1.97739927    1.83974449    1.77934345    1.83434314    1.92940299    2.28134351    2.00438439    2.01288121    2.80484076    2.60759809    2.67514782    2.41262338    1.78942672    2.55353042    2.50194895
A1SZL8_PSYIN/22-122     2.10580957    2.05462367    2.25354618    2.68869177    2.79392664    2.09022547    2.61049606    2.70042817    1.34218830    1.07147028    1.00992724    1.17278674    1.32658866    1.57780665    1.60022005    1.61570396    1.43578265    0.87217166    0.57132588    0.00000000    0.50775524    0.31126561    0.43692127    0.46440496    0.36006742    1.54907776    1.50978553    1.22554545    1.02398882    0.96998845    1.12770191    1.10392222    1.55976030    1.95007997    1.43211396    1.87718243    3.76507978    3.06669255    2.81126754    2.35661580    2.35576352    2.14653914    2.66744412    2.84464466    2.15988032    2.31026599    2.12875795    1.88163046    2.82207248    2.40781272    2.61270976    2.48390771    2.60135090    2.35281294    2.35538627    2.49837607    2.21784439    2.24658690    2.30668294    2.35776862    2.46996921    2.20864890    2.47100456    2.92621288    3.08346699    3.03864241    2.66062726    2.07709742    2.56406834    2.84909281
M4U5I6_9GAMM/22-122     2.28769211    2.21859789    2.30670455    3.01330542    2.80481639    2.55715119    2.78179517    2.83268194    1.46669984    1.10501745    1.22470972    1.40407910    1.44180042    1.58022078    1.73567390    1.74059972    1.57865933    0.94113574    0.82266988    0.50775524    0.00000000    0.64534780    0.79790323    0.78048312    0.72462281    1.65256396    1.73755893    1.22084678    1.22108762    1.09351107    1.26536803    1.22235341    1.76445707    2.09884639    1.61827021    2.16531878    4.36059844    3.18423549    2.79432530    2.36586605    2.56153964    2.32106282    2.48681015    2.49751076    2.20570677    2.15903874    1.98179451    1.76349132    2.98241818    2.35313567    2.27911772    2.27299164    2.43540271    2.42474331    2.46977356    2.30998606    2.18195839    2.04678367    2.03517135    2.11305340    2.25742171    2.09187185    2.40420919    3.19992589    3.67560293    3.10612171    2.57113867    2.21802059    3.02133955    2.69729505
Q5E5L6_ALIF1/21-121     2.06339521    2.20527776    2.29757945    2.53581481    2.52624614    2.24942479    2.24523775    2.40509823    1.44308289    0.82944195    0.86858855    1.19483083    1.21661938    1.64135936    1.61708488    1.64077159    1.51258477    0.79287985    0.48175747    0.31126561    0.64534780    0.00000000    0.28214316    0.25521724    0.24138046    1.51227798    1.60099304    1.13859177    0.97793352    0.97714518    1.14185897    1.10648648    1.63143373    1.88513765    1.46627168    1.88446713    3.59059759    2.98093651    2.74230126    2.16018175    2.35228749    2.16844715    2.16642527    2.48364699    2.19916014    2.29363005    2.15136062    1.97559178    2.89387371    2.40842908    2.40736572    2.19974592    2.38126397    2.27210715    2.39785879    2.46614961    2.00530979    2.04954890    2.07780492    2.08042838    2.49977820    2.09218012    2.18830353    2.73723782    2.84196157    2.61790024    2.19515639    2.17491089    3.08346152    2.51614926
Q9KRF6_VIBCH/77-177     2.18025162    2.22681370    2.34965460    2.42976135    2.51453704    2.18620924    2.46663549    2.64651471    1.36622180    0.91965839    0.86441659    1.14580613    1.03732120    1.52122820    1.56955090    1.59559579    1.59212434    0.72545318    0.52201695    0.43692127    0.79790323    0.28214316    0.00000000    0.27221647    0.43719978    1.64287453    1.46945497    1.25632456    1.02706175    1.08708153    1.21870102    1.17253476    1.62092845    1.94942888    1.20939173    1.79197321    3.82311950    3.16079600    2.84761458    2.29046668    2.59423118    2.15535937    2.38293099    2.68612986    2.12931532    2.38043030    2.37858834    2.02333783    2.47395437    2.15686866    2.50953524    2.14876724    2.32316408    2.30964050    2.54413407    2.14961093    2.06987697    2.14307878    2.39568224    2.32965119    2.37572178    2.02166088    2.02652719    2.62136076    2.85623734    2.81101698    2.34539218    2.03772845    2.89933724    2.55527320
Q87QI3_VIBPA/22-122     2.26137367    2.32172381    2.43261940    2.53721217    2.55193841    2.26414980    2.17579477    2.36809025    1.41136177    0.79602245    0.97779218    1.24431891    1.13646561    1.70217570    1.62091882    1.69390170    1.66528945    0.73194165    0.47091039    0.46440496    0.78048312    0.25521724    0.27221647    0.00000000    0.32891586    1.71431866    1.54704496    1.05061851    0.87321633    0.88808848    1.04357999    0.96045823    1.76649150    1.90691063    1.45126845    2.01944515    3.67791945    3.00040144    2.92211726    2.39245973    2.27711958    2.26266121    2.23816772    2.76800797    2.35391421    2.20071211    2.40919404    2.05676249    2.69154744    2.26782510    2.41773890    2.43912021    2.43638680    2.28216036    2.29515702    2.46201340    2.06782344    2.14962213    2.09859307    2.16959721    2.49786592    2.16047903    2.14517112    2.53478667    2.79577403    2.72715571    2.24366157    2.18616488    2.85671005    2.57968213
Q6LK74_PHOPR/22-122     2.13338998    2.01241391    2.48419126    2.71628351    2.69911762    2.16213055    2.28453115    2.45708321    1.42804893    0.82905442    0.99747903    1.21542546    1.15246467    1.66788833    1.68323493    1.76221381    1.59639999    0.77216178    0.47049365    0.36006742    0.72462281    0.24138046    0.43719978    0.32891586    0.00000000    1.60969009    1.58233897    1.16143450    0.96888064    0.95349184    1.11797345    1.11565354    1.61611130    1.89264879    1.40602388    1.87622782    3.92948929    2.94156932    2.78602045    2.30947167    2.31087158    2.18094327    2.44767551    2.67539521    2.24711483    2.43946952    2.32322840    2.06670960    2.47852401    2.54470548    2.83553056    2.31836336    2.48614586    2.50990303    2.44505304    2.48376859    2.39527116    1.99358360    2.02663736    2.15776485    2.58598657    2.48874357    2.23402170    2.70753895    2.93251532    2.58811680    2.15299147    2.21894841    3.05012256    2.39587383
M1FF58_9ALTE/18-120     2.45104910    2.11708930    1.92970019    2.40020404    2.57963817    2.24165703    3.28948300    3.13108319    1.75249401    1.22039849    1.73455117    1.72202846    1.84606691    1.92362495    1.61232382    1.84336509    1.58965883    1.62705900    1.65192806    1.54907776    1.65256396    1.51227798    1.64287453    1.71431866    1.60969009    0.00000000    0.76827851    1.45201795    1.53538697    1.90323119    1.82291321    1.79939101    1.66327567    1.98615698    1.90202066    1.87368872    3.04260878    3.24776049    3.38890152    3.02575413    3.21935126    2.89534502    2.45885654    3.29944982    2.54671772    2.41983990    2.53215076    2.33941016    2.71705835    2.96845665    2.69677006    2.87472267    3.10763040    2.65039793    2.79760946    2.98852430    2.73104765    2.35235155    2.52395915    2.51639991    2.69456780    2.50357017    2.91954043    2.75055161    3.02228146    2.77830675    2.38264831    2.00869077    2.83817466    2.56382559
Q2SHU9_HAHCH/18-122     2.15804791    2.21589804    1.95687971    2.31498315    2.57146621    2.46978601    3.04602584    3.16042320    1.96370104    1.48964643    1.56261526    1.62160641    1.60622879    2.04807495    1.66533794    1.95229310    1.65458413    1.42146209    1.68632590    1.50978553    1.73755893    1.60099304    1.46945497    1.54704496    1.58233897    0.76827851    0.00000000    1.68322726    1.43920840    1.71297456    1.57796880    1.65130058    2.05726488    2.28392564    1.89437398    1.88067795    3.70048458    3.13148527    3.52274247    3.49917887    3.15361297    2.82613482    2.71374419    3.37312023    2.24990383    2.19019947    2.61464224    2.26226912    2.91337041    2.54358158    2.77389024    2.86959737    3.09755244    2.96764390    2.85473601    3.09480637    2.59348110    2.28135908    2.45492915    2.43243505    2.71325989    3.02912045    2.84029591    3.32022943    3.48848164    2.93219008    3.07614560    2.11086149    2.92052340    2.95534150
F2K2X9_MARM1/22-120     2.17381500    1.82748991    1.98375064    2.48690565    2.46875449    2.05863220    2.18668386    2.38962716    1.35660877    1.18066914    1.31075832    1.55775519    1.62174138    1.88090320    1.83168475    1.74487568    1.50150822    1.22326049    1.03097803    1.22554545    1.22084678    1.13859177    1.25632456    1.05061851    1.16143450    1.45201795    1.68322726    0.00000000    1.03354869    1.22777665    1.29659225    1.01504667    1.51886713    1.87815828    1.55421798    1.92430164    3.20316370    2.64309612    2.48013016    2.30369530    2.43503183    2.37627808    2.50085950    2.27401238    1.81823909    1.97794595    2.05475931    1.66802363    2.28121324    2.16209342    1.98600758    1.91911328    1.78808790    2.00234748    2.12458880    2.12799480    1.63438047    1.82451537    1.89003473    1.88756577    2.12359138    2.03337140    1.90135828    2.80468348    3.09302072    2.72909659    2.38445297    1.70021352    2.43491531    2.54431725
A1S3U6_SHEAM/44-144     2.03247392    1.90935651    2.07627258    2.44998703    2.41910900    2.22743030    2.37107416    2.33335870    1.50376515    0.71603993    0.93304021    1.16927434    1.08214525    1.55746259    1.38949031    1.30315674    1.08118443    0.96886739    0.86859150    1.02398882    1.22108762    0.97793352    1.02706175    0.87321633    0.96888064    1.53538697    1.43920840    1.03354869    0.00000000    0.34518732    0.40116963    0.33131669    1.51816096    1.56792037    1.36924311    1.89235567    3.20858007    2.78581419    2.64055651    1.91295046    1.88984400    2.41183163    2.25084580    2.51977303    1.79256342    1.78252544    1.95610869    1.75391753    2.80145708    2.08801191    1.99090146    1.82931328    1.87488002    2.02859317    1.56432143    1.90204639    1.73260833    1.74589063    1.71186682    1.54271197    1.90946927    1.77159196    1.70178043    2.52915689    2.63311857    2.51588178    2.00986274    1.89702482    2.97385167    2.65609295
Q8EHC2_SHEON/20-120     1.95692627    2.16688217    1.97591009    2.56929103    2.38370725    2.48603526    2.52436113    2.58176655    1.60660611    0.85435677    1.07736808    1.34031284    1.18430822    1.63261251    1.42702919    1.47540374    1.35518098    0.89808623    0.84765500    0.96998845    1.09351107    0.97714518    1.08708153    0.88808848    0.95349184    1.90323119    1.71297456    1.22777665    0.34518732    0.00000000    0.28044914    0.31490369    1.47233078    1.63993378    1.41513525    2.09681323    3.09331546    2.72618097    2.41938371    2.02730175    1.87816820    2.36849543    2.66160661    2.64832825    1.88179287    1.93849385    2.01033616    1.81977007    2.87450280    2.21694494    2.19559776    1.85786397    1.77158335    2.04315383    1.85185253    1.82301052    1.95495027    1.67992085    1.59686194    1.60450056    2.03614053    1.77312235    1.70936326    2.72252522    2.98938836    2.37375609    2.08126579    2.21176561    2.81528214    2.65546778
D4ZGS4_SHEVD/17-117     2.10192502    2.25291325    1.83362231    2.25358835    2.43933884    2.43036986    2.57444973    2.60722134    1.44694143    0.79270196    1.07903833    1.36252819    1.16676843    1.60005204    1.50831346    1.46696912    1.42130591    0.98106087    1.13728905    1.12770191    1.26536803    1.14185897    1.21870102    1.04357999    1.11797345    1.82291321    1.57796880    1.29659225    0.40116963    0.28044914    0.00000000    0.34327659    1.42734097    1.61826047    1.53263033    1.97136716    3.02616295    2.65343780    2.27677987    1.99570181    1.78156662    2.38894890    2.49282827    2.45674420    1.66111098    1.70581666    1.94101807    1.66798590    2.54485037    1.95255300    2.12192502    1.90211819    1.93738010    1.72041910    1.77823321    1.73400172    1.95269897    1.67327047    1.66052651    1.58373894    1.55692843    1.47727619    1.50171569    2.25873908    2.89159255    2.48198828    2.19823661    2.17906698    2.89269007    2.42227853
Q07YV1_SHEFN/24-124     1.75557368    1.96645386    2.09259826    2.36728430    2.33984763    2.35826582    2.65882319    2.71190176    1.51108604    0.87629971    1.11932925    1.39821612    1.23949202    1.55894572    1.52346035    1.34805184    1.35921359    1.00665867    0.93546470    1.10392222    1.22235341    1.10648648    1.17253476    0.96045823    1.11565354    1.79939101    1.65130058    1.01504667    0.33131669    0.31490369    0.34327659    0.00000000    1.62126896    1.71877860    1.48802523    2.13157887    2.86692627    2.79809036    2.49804510    1.96521797    1.84824515    2.47181694    2.67142945    2.65435664    1.78239447    1.87244212    1.82458615    1.72901908    2.70370173    2.09874459    2.10426559    1.88084052    1.74424355    2.07216254    1.57483695    1.63695411    1.73190112    1.66223273    1.63637775    1.53852815    1.87237913    1.68329575    1.70160629    2.67528273    2.57022158    2.71579083    1.96056158    2.18684972    2.79315304    2.56653636
E1SWC6_FERBD/22-122     2.23216976    2.15375292    2.42418347    2.55518300    2.55065586    2.77627739    2.60907611    2.51082902    1.65556363    1.62860031    1.59454302    1.59826007    1.47905560    1.70374535    1.75676142    1.77514487    1.71113403    1.87857074    1.58976950    1.55976030    1.76445707    1.63143373    1.62092845    1.76649150    1.61611130    1.66327567    2.05726488    1.51886713    1.51816096    1.47233078    1.42734097    1.62126896    0.00000000    0.98351251    1.80879481    2.25931781    2.86656530    2.80664231    2.24142619    1.86540266    2.23990681    1.96575158    2.69812800    2.64189134    2.45145308    2.44126124    1.99087668    2.04102908    2.81132773    2.58598908    2.59942090    2.42653975    2.55784695    2.60599396    2.76714226    2.43760492    2.84749802    1.95367115    2.11292056    2.18079837    2.60355414    1.99148295    1.99180021    2.48349860    3.43387911    2.64480178    2.39689143    2.37599215    3.15506723    1.86274393
F2K0M0_MARM1/18-118     2.30809895    1.98615064    2.21710147    2.48450469    2.41236107    2.64388707    2.30994213    2.19930207    2.05584535    1.70904015    1.80540913    1.95419362    2.01962950    2.02142141    2.10825312    2.11946305    2.15058043    1.81008606    1.80500237    1.95007997    2.09884639    1.88513765    1.94942888    1.90691063    1.89264879    1.98615698    2.28392564    1.87815828    1.56792037    1.63993378    1.61826047    1.71877860    0.98351251    0.00000000    1.91426496    2.35874579    3.22759270    3.12019038    2.78695899    2.33105937    2.45230264    2.46384788    2.94946827    3.35585281    2.04615631    2.33341373    2.02011345    2.06804950    3.27605765    3.03555831    2.24499097    2.12779361    2.01106114    2.43536193    2.91038032    2.24827567    2.63928205    2.06662077    2.07173426    2.21065175    2.34342632    2.03074465    2.16009778    2.33583492    2.71813848    2.75430330    2.61053567    2.01563709    3.11250018    2.38550271
K6ZJN4_9ALTE/21-122     2.16970621    2.11349196    1.97958912    2.55647331    2.79079323    2.16289715    2.47150709    2.61047786    1.56691686    1.31304003    1.12215077    1.55979686    1.47768320    1.80491063    1.69181755    1.62699020    1.64787759    1.41415168    1.34445849    1.43211396    1.61827021    1.46627168    1.20939173    1.45126845    1.40602388    1.90202066    1.89437398    1.55421798    1.36924311    1.41513525    1.53263033    1.48802523    1.80879481    1.91426496    0.00000000    1.34379356    3.99249278    2.30461466    2.23235024    2.70436065    2.49512240    2.46653606    3.27331833    3.12662247    1.86021303    1.93692481    2.08066737    1.91654210    3.20810996    2.19886954    2.40415107    2.13294373    2.32604957    2.45293156    2.48263872    2.21500786    2.29843290    2.20097781    2.19386526    2.27264041    2.53749635    1.98326470    2.22701587    2.88594450    2.80607426    2.90045643    2.84757821    2.06099260    2.06433017    2.18060847
A0Q1W5_CLONN/18-117     1.84401602    1.63228469    2.00054478    2.49867248    2.53738694    2.24414136    2.17409656    2.34210720    1.82482616    1.87124791    1.74265113    2.02012912    1.96444688    2.21284970    1.80610085    1.82424374    1.81765980    2.09203520    2.19434953    1.87718243    2.16531878    1.88446713    1.79197321    2.01944515    1.87622782    1.87368872    1.88067795    1.92430164    1.89235567    2.09681323    1.97136716    2.13157887    2.25931781    2.35874579    1.34379356    0.00000000    3.68591826    2.27268449    2.14709694    2.30631597    2.10321558    2.25566077    2.59391377    2.38424720    1.80970142    2.08744256    1.95834044    2.12089737    2.91435242    2.44439151    2.23853737    2.23449718    2.39574867    2.39136299    2.08180009    2.25356443    2.44130318    2.00530911    2.00253779    2.05359727    2.47723940    2.24227254    1.96503867    3.03339183    2.76020019    2.76801325    2.95747147    1.86817244    2.38561304    2.25700003
F8JIE4_HYPSM/14-115     3.62142046    4.59490602    3.85706042    3.22172731    3.20721157    3.21562548    3.27739716    3.75823371    3.12907246    2.92365857    2.82409457    3.18450142    3.18016748    2.77372596    2.74622168    2.73952840    2.38454174    4.08621893    3.11205540    3.76507978    4.36059844    3.59059759    3.82311950    3.67791945    3.92948929    3.04260878    3.70048458    3.20316370    3.20858007    3.09331546    3.02616295    2.86692627    2.86656530    3.22759270    3.99249278    3.68591826    0.00000000    2.61829503    2.21042992    2.64702900    2.61297341    2.68812189    2.98103251    3.10279440    2.41805597    2.66867682    2.37890991    2.22682306    2.33983101    2.32170451    2.52250207    2.20352884    2.34207722    3.08228384    3.09592408    3.10120780    2.89575980    2.91122002    3.03330565    3.01501133    3.86618307    4.10632763    2.58261136    2.56315666    2.90939206    2.52509073    2.98397372    3.11530532    3.62974398    2.97119742
M4UJE9_9GAMM/9-114     2.73603457    2.45730873    2.27883065    3.65600354    4.00936383    3.33474264    2.14692333    2.24359914    2.54677329    2.43693138    2.16313607    2.69806866    3.11415277    2.80976522    2.47172143    2.18982026    2.12915530    3.49712724    2.54548087    3.06669255    3.18423549    2.98093651    3.16079600    3.00040144    2.94156932    3.24776049    3.13148527    2.64309612    2.78581419    2.72618097    2.65343780    2.79809036    2.80664231    3.12019038    2.30461466    2.27268449    2.61829503    0.00000000    0.42568797    1.81670448    1.76493600    1.75029926    1.87788434    2.33135866    1.61485437    1.67051834    1.62336705    1.59978499    2.08117455    1.34471505    1.45753365    1.60240851    1.79413444    1.57466043    1.35952138    2.05342869    1.63611656    1.53018660    1.67971131    1.73004366    2.03705536    2.25958683    1.72090062    2.38458606    2.50863334    1.66193392    1.88865370    2.53641000    2.69777457    2.69291858
A1ST86_PSYIN/9-114     3.06422274    2.38131206    2.31341467    3.48343120    3.36147844    3.63378148    2.39734685    2.22585689    2.51632384    2.22783518    2.14243637    2.26326259    2.67203464    2.31828801    2.13365084    2.15759634    2.05442716    3.35154240    2.57366975    2.81126754    2.79432530    2.74230126    2.84761458    2.92211726    2.78602045    3.38890152    3.52274247    2.48013016    2.64055651    2.41938371    2.27677987    2.49804510    2.24142619    2.78695899    2.23235024    2.14709694    2.21042992    0.42568797    0.00000000    1.59816101    1.75228017    1.69045810    1.90001471    1.75058067    1.70554311    1.68284002    1.41139747    1.52767054    1.73048731    1.31980204    1.67578439    1.56467194    1.60542953    1.62157469    1.52469739    1.59142715    1.57988614    1.45875773    1.48984581    1.60724994    1.99769279    2.07715548    1.62296814    2.30012304    2.57861989    2.03358870    2.16460657    2.39620103    2.34002090    2.19888707
