23
A8LMF3_DINSH/13-123     0.00000000    0.43572625    0.45886531    0.47735896    1.84167430    1.20365435    3.29286141    5.22736443    3.92749377    3.77904120    3.75019918    3.06971149    2.79855976    2.65733017    2.54581121    2.53625950    2.57237475    2.78531799    2.87701510    0.93047048    0.83828716    0.79708301    0.84369022
Q1GHK7_RUEST/11-120     0.43572625    0.00000000    0.40979477    0.44368259    1.85572742    1.34495857    2.95264483    5.54852469    3.76798971    4.06253453    3.84603180    3.31394200    3.25618489    2.95309955    2.79282674    2.84177073    3.05627012    2.61021516    2.82599321    0.90181064    0.92508671    0.80108457    0.81213158
I7EMC8_PHAIB/13-128     0.45886531    0.40979477    0.00000000    0.50082894    1.89468653    1.55977358    2.95645415    5.68567087    3.86328063    4.33639073    4.45819676    3.17895807    3.27847643    2.91716906    2.87043061    2.68477306    2.99668116    3.00651267    3.12038206    0.85450423    0.92848444    0.88871464    0.82379073
Q163W7_ROSDO/13-123     0.47735896    0.44368259    0.50082894    0.00000000    1.74981547    1.34517401    2.84617942    5.33967649    3.76074713    3.50904179    3.67644369    3.01535832    2.97753433    2.76878362    2.70388533    2.48549875    2.76016820    2.56838516    2.67397831    1.05467204    0.89113222    0.87746700    0.83909294
Q21E41_SACD2/18-129     1.84167430    1.85572742    1.89468653    1.74981547    0.00000000    1.88054861    3.26522939    5.16841656    4.18757597    4.06921720    4.64940825    2.71033132    2.92722352    2.98919229    3.14277366    2.79884550    3.16789845    2.66645559    3.13548727    1.63247315    1.73786425    1.58143251    1.60165036
Q2RSF9_RHORT/11-122     1.20365435    1.34495857    1.55977358    1.34517401    1.88054861    0.00000000    3.20026621    3.67348478    2.94762161    3.64772191    4.32024399    3.12000099    2.31145595    2.36467339    2.54832929    2.33948948    2.33495049    2.69706495    2.52641152    1.84345016    1.68062790    1.62720544    1.62742336
C6BXA6_DESAD/3-116     3.29286141    2.95264483    2.95645415    2.84617942    3.26522939    3.20026621    0.00000000    1.83087699    1.85291917    1.83297241    2.22669771    2.86655560    2.07888936    1.94143173    2.13438537    1.94833426    1.97266738    1.98358808    2.33404503    2.80331710    2.96951546    2.68922295    3.23483082
B9TDP1_RICCO/8-126     5.22736443    5.54852469    5.68567087    5.33967649    5.16841656    3.67348478    1.83087699    0.00000000    1.18489274    1.37596779    1.54581541    2.26128900    2.61034766    2.41617979    2.62955626    2.32282907    2.31977726    2.57852114    2.87683782    4.28836532    5.23840715    4.13734224    4.24712577
D8IV37_HERSS/7-132     3.92749377    3.76798971    3.86328063    3.76074713    4.18757597    2.94762161    1.85291917    1.18489274    0.00000000    1.37119945    1.63040550    2.70117985    2.24860437    2.39939894    2.49437515    2.14432427    2.41572365    2.71475815    3.08547369    3.50747791    3.54048660    2.98650592    3.31043916
A2SGW9_METPP/7-131     3.77904120    4.06253453    4.33639073    3.50904179    4.06921720    3.64772191    1.83297241    1.37596779    1.37119945    0.00000000    1.46320910    2.34308158    2.14659974    2.11067920    2.27264467    2.26610932    2.25045363    2.88215136    2.70933922    3.75828929    3.88432346    2.81711725    3.52256979
A9BYR1_DELAS/7-135     3.75019918    3.84603180    4.45819676    3.67644369    4.64940825    4.32024399    2.22669771    1.54581541    1.63040550    1.46320910    0.00000000    2.92726201    2.77163060    2.48681308    2.63859345    2.69285296    2.79361300    2.30303025    2.73350267    3.73411157    3.33929421    3.02700216    3.19612726
Q2VZ88_MAGSA/30-165     3.06971149    3.31394200    3.17895807    3.01535832    2.71033132    3.12000099    2.86655560    2.26128900    2.70117985    2.34308158    2.92726201    0.00000000    2.39560540    2.21357543    2.32582371    2.39072459    2.14110537    2.80058371    2.75867912    2.80344657    2.89482280    2.54920552    2.63234439
Q2G6K9_NOVAD/5-128     2.79855976    3.25618489    3.27847643    2.97753433    2.92722352    2.31145595    2.07888936    2.61034766    2.24860437    2.14659974    2.77163060    2.39560540    0.00000000    0.46698937    0.30853759    0.33662746    0.29878314    2.30126149    1.91629681    3.25242201    3.00056439    2.40021191    2.85337022
M4RZ15_9SPHN/5-128     2.65733017    2.95309955    2.91716906    2.76878362    2.98919229    2.36467339    1.94143173    2.41617979    2.39939894    2.11067920    2.48681308    2.21357543    0.46698937    0.00000000    0.27275785    0.38588881    0.45717018    2.26291375    2.19610705    3.30549170    2.74179108    2.69749779    2.90936993
Q1GSE1_SPHAL/5-128     2.54581121    2.79282674    2.87043061    2.70388533    3.14277366    2.54832929    2.13438537    2.62955626    2.49437515    2.27264467    2.63859345    2.32582371    0.30853759    0.27275785    0.00000000    0.34284270    0.39132829    2.22139545    2.15060037    3.20409588    2.80884093    2.73710574    2.82973557
Q2NC76_ERYLH/5-128     2.53625950    2.84177073    2.68477306    2.48549875    2.79884550    2.33948948    1.94833426    2.32282907    2.14432427    2.26610932    2.69285296    2.39072459    0.33662746    0.38588881    0.34284270    0.00000000    0.38326152    2.18621562    1.81691322    2.92213380    2.56215627    2.17556199    2.47425184
F6INF9_9SPHN/5-128     2.57237475    3.05627012    2.99668116    2.76016820    3.16789845    2.33495049    1.97266738    2.31977726    2.41572365    2.25045363    2.79361300    2.14110537    0.29878314    0.45717018    0.39132829    0.38326152    0.00000000    2.25181028    1.94436010    3.30109319    2.78507976    2.29723929    2.69223059
B3QXY3_CHLT3/12-134     2.78531799    2.61021516    3.00651267    2.56838516    2.66645559    2.69706495    1.98358808    2.57852114    2.71475815    2.88215136    2.30303025    2.80058371    2.30126149    2.26291375    2.22139545    2.18621562    2.25181028    0.00000000    1.05889296    2.95228528    2.60463041    2.64906335    2.69568501
B8FC45_DESAL/9-146     2.87701510    2.82599321    3.12038206    2.67397831    3.13548727    2.52641152    2.33404503    2.87683782    3.08547369    2.70933922    2.73350267    2.75867912    1.91629681    2.19610705    2.15060037    1.81691322    1.94436010    1.05889296    0.00000000    3.56029057    3.10973593    2.68357111    3.21734417
A1B948_PARDP/15-125     0.93047048    0.90181064    0.85450423    1.05467204    1.63247315    1.84345016    2.80331710    4.28836532    3.50747791    3.75828929    3.73411157    2.80344657    3.25242201    3.30549170    3.20409588    2.92213380    3.30109319    2.95228528    3.56029057    0.00000000    0.42144557    0.76381000    0.72972293
S5XVB9_PARAH/15-125     0.83828716    0.92508671    0.92848444    0.89113222    1.73786425    1.68062790    2.96951546    5.23840715    3.54048660    3.88432346    3.33929421    2.89482280    3.00056439    2.74179108    2.80884093    2.56215627    2.78507976    2.60463041    3.10973593    0.42144557    0.00000000    0.53382086    0.68140625
D5ANG7_RHOCB/15-125     0.79708301    0.80108457    0.88871464    0.87746700    1.58143251    1.62720544    2.68922295    4.13734224    2.98650592    2.81711725    3.02700216    2.54920552    2.40021191    2.69749779    2.73710574    2.17556199    2.29723929    2.64906335    2.68357111    0.76381000    0.53382086    0.00000000    0.60384628
Q3J280_RHOS4/15-125     0.84369022    0.81213158    0.82379073    0.83909294    1.60165036    1.62742336    3.23483082    4.24712577    3.31043916    3.52256979    3.19612726    2.63234439    2.85337022    2.90936993    2.82973557    2.47425184    2.69223059    2.69568501    3.21734417    0.72972293    0.68140625    0.60384628    0.00000000

