80
S3BYV6_OPHP1/65-422     0.00000000    1.05793233    1.02398114    1.18214444    1.04922791    1.16165189    1.12292363    1.20582810    1.05378349    1.13412470    1.24424866    1.08962293    1.15307272    1.00515151    1.14625873    1.03142250    1.04014408    1.12381727    1.16099806    1.14127375    1.04118350    0.96309897    1.09104598    1.03279460    1.28133512    1.00667202    1.09681343    1.18048344    1.67182804    1.39698724    1.40450207    1.50411134    1.84217635    1.50371546    1.62452284    1.49466241    1.38395510    1.28453223    1.48759802    1.44944285    1.64682457    1.49892820    1.49345267    1.60534100    1.47761035    1.55216607    1.49617606    1.49129817    1.52675789    1.65552340    1.49069299    1.53335761    1.46313300    1.59078364    1.64405537    1.42807527    1.53617650    1.40914762    1.59347168    1.23152751    1.35542681    1.42035283    1.23178504    1.25749874    1.40653488    1.31878271    1.20689717    1.27452887    1.38871537    1.31804752    1.33279245    1.31596276    1.30598501    1.20762971    1.14421919    1.29224967    1.33248844    1.28189551    1.29258777    1.41637256
J4UKS1_BEAB2/58-377     1.05793233    0.00000000    0.67525957    0.82573239    0.73387756    0.72502663    0.73973291    0.68879439    0.63036360    0.95820910    0.80082311    0.80597038    0.79762022    0.85853231    0.85602472    0.82541308    0.88299062    0.87109467    0.90515939    0.91587219    0.81633895    0.93528985    0.87240439    1.06077279    1.21718951    1.01825593    1.07244689    1.02370549    1.64906744    1.25351841    1.50333044    1.55561155    1.96096089    1.40568234    1.36256396    1.35408746    1.35479990    1.14124269    1.41318428    1.36432583    1.44364585    1.38818867    1.46426954    1.34917851    1.43261260    1.42604492    1.27238776    1.31479069    1.41571265    1.40386370    1.40638168    1.45980620    1.44402780    1.48863300    1.50005955    1.37679646    1.52858113    1.36816637    1.32488769    1.11670780    1.42066255    1.39931997    1.32090743    1.35796104    1.41123346    1.32028362    1.24454269    1.24506865    1.49241913    1.34202818    1.08338444    1.00229115    1.07530797    1.13535231    1.07697954    1.07506510    1.11052587    1.14636861    1.12284418    1.07462743
C7YR57_FUSV7/49-351     1.02398114    0.67525957    0.00000000    0.32302720    0.27365313    0.50812024    0.55917685    0.49725529    0.48352235    0.75568286    0.72361385    0.64958230    0.75118778    0.71300498    0.69583845    0.68033025    0.80869810    0.64954431    0.68857546    0.67802415    0.70139518    0.73516648    0.67783648    0.89425397    0.89142588    0.77812695    0.74467170    0.98855267    1.40775343    1.03878906    1.32793529    1.36400094    1.66783286    1.46319264    1.53083124    1.38174787    1.30274758    1.24800712    1.37277452    1.35409387    1.40910510    1.31134640    1.39010574    1.44264668    1.34327437    1.38837384    1.45781895    1.43652261    1.41591855    1.50528053    1.44700041    1.52615635    1.36031472    1.51719567    1.52045208    1.46103713    1.42328766    1.39453249    1.39411021    0.92946684    1.26121556    1.24073922    1.10133490    1.29889185    1.33401365    1.28019017    1.19985603    1.16558008    1.19947790    1.23294006    0.96360036    0.95093343    0.90917279    0.84813980    0.89715511    0.88003922    0.85663851    0.87406785    0.76982701    0.84991026
I1RZY9_GIBZE/47-382     1.18214444    0.82573239    0.32302720    0.00000000    0.22002397    0.60637583    0.63382522    0.61843078    0.63681775    0.88762290    0.93000305    0.84180040    0.88885422    0.79522743    0.93446761    0.84388656    0.84005904    0.80585403    0.81414641    0.80944949    0.78586542    0.79693429    0.83022645    0.91880936    0.99042353    0.92408817    0.88455121    1.04892689    1.53242801    1.14591017    1.49200122    1.51505094    1.84881325    1.51709467    1.56972048    1.43428605    1.38332299    1.28310689    1.37230172    1.41899609    1.51045601    1.37303847    1.42380935    1.53829245    1.37849785    1.66566008    1.44813248    1.49905024    1.53005587    1.55144071    1.37161924    1.54072672    1.42268291    1.56275590    1.54748123    1.51758752    1.48520531    1.40281147    1.41809590    1.11328769    1.44174218    1.35421146    1.20179364    1.31022753    1.32007923    1.37874916    1.26485757    1.17295546    1.23610618    1.34104948    1.02227877    1.04063406    1.05134340    0.96950844    0.90428112    0.96370493    0.96673198    1.03769024    0.90340560    0.94987376
N1RDH2_FUSC4/51-353     1.04922791    0.73387756    0.27365313    0.22002397    0.00000000    0.51390763    0.58090873    0.53307856    0.51137411    0.83334515    0.77258731    0.69184188    0.77444758    0.78924577    0.78345999    0.77107370    0.86467693    0.71160546    0.74529797    0.71355262    0.76028217    0.79103256    0.76296466    0.91452270    0.97799563    0.88121225    0.80480399    1.04697778    1.43020279    1.10489865    1.36644787    1.40458023    1.77527118    1.58104723    1.49827671    1.40723235    1.32692604    1.21606812    1.34469558    1.35068907    1.45546124    1.32450468    1.44810120    1.48499408    1.30664678    1.46313742    1.46536002    1.48477546    1.43611573    1.48334547    1.38841308    1.49903293    1.39553685    1.52642026    1.47945879    1.47438295    1.44589501    1.38845588    1.40707128    1.06864614    1.35423052    1.32612162    1.16233566    1.29818684    1.32675988    1.30444963    1.22856684    1.21875379    1.31173310    1.32086806    1.06497664    1.06725918    1.04168580    0.96353270    0.90734366    0.97372781    0.90897170    0.96894297    0.88275287    0.93145435
G9P6U5_HYPAI/45-347     1.16165189    0.72502663    0.50812024    0.60637583    0.51390763    0.00000000    0.34975765    0.58581838    0.52896934    0.89966530    0.83621643    0.79613350    0.81034944    0.80608210    0.73073340    0.71962594    0.82027685    0.79258070    0.86849156    0.85640776    0.81626728    0.84812573    0.82862549    0.92163342    1.07545380    0.93667929    0.97250527    1.05679430    1.45428109    1.11625672    1.46278524    1.44852336    1.81151539    1.56777190    1.54998708    1.29190065    1.32445904    1.29344767    1.38682803    1.31374162    1.38189170    1.39606272    1.44560682    1.43549853    1.41900351    1.49759892    1.27843598    1.28966670    1.34700863    1.43006883    1.39086416    1.44373818    1.38640046    1.48515510    1.43679343    1.41710687    1.41163626    1.31386415    1.40415668    1.01398824    1.29880628    1.22814396    1.11837860    1.24710646    1.25062100    1.20589200    1.18253509    1.21868841    1.15312172    1.19628909    1.09109647    1.05748654    1.06836705    1.06869784    0.98256134    0.98525335    0.97887700    1.00887274    0.97559607    1.00354046
G0RDR7_HYPJQ/9-333     1.12292363    0.73973291    0.55917685    0.63382522    0.58090873    0.34975765    0.00000000    0.59450187    0.55732563    0.86972841    0.88284549    0.73734955    0.81653373    0.79759779    0.76238143    0.73560741    0.84850123    0.82376368    0.90637271    0.88311134    0.79945896    0.82708108    0.82199865    0.96292612    1.09550165    0.94077109    0.95556719    1.01959185    1.46896048    1.10967692    1.38448623    1.40841687    1.77591227    1.52361908    1.56897672    1.39546584    1.30693491    1.29048644    1.37741237    1.31447253    1.47458798    1.40301717    1.48549177    1.50214447    1.45458891    1.50958304    1.33038882    1.38945738    1.48241757    1.45640787    1.41268558    1.48760765    1.42189708    1.57700348    1.46514260    1.50257922    1.42878292    1.41136927    1.33976273    0.99934651    1.28675366    1.25036823    1.14619960    1.22414879    1.32213597    1.23836552    1.21722966    1.24309752    1.26778667    1.17519762    1.03738891    1.03841371    1.00636437    1.03489224    0.99964610    1.03260747    1.04908632    1.03885783    0.94318662    0.93828566
M1VVG5_CLAP2/50-385     1.20582810    0.68879439    0.49725529    0.61843078    0.53307856    0.58581838    0.59450187    0.00000000    0.48458935    0.79020810    0.87435062    0.72330223    0.80648298    0.81756831    0.88858259    0.74423194    0.84961542    0.85232597    0.87427845    0.85974340    0.75806721    0.76041853    0.86202679    0.86771633    0.95869070    0.84647632    0.85491440    0.96703969    1.49060332    1.09202738    1.35872930    1.35388948    1.92323931    1.58973363    1.67185710    1.35662824    1.36066594    1.31027222    1.39964613    1.43535826    1.50373645    1.50019292    1.50353845    1.46939384    1.35795869    1.56770624    1.48863185    1.49932252    1.42754724    1.60153332    1.42162672    1.56255996    1.44961431    1.61034267    1.50862567    1.55482947    1.52936104    1.49753551    1.39034663    1.08038623    1.36315532    1.28062336    1.13027843    1.27593178    1.33692069    1.29249988    1.25893428    1.18142803    1.18042709    1.27974442    1.04508174    0.98243484    0.97140545    0.96885013    0.92519371    0.98962774    1.01436048    0.99494766    0.87478921    0.88139598
E9DU48_METAQ/46-360     1.05378349    0.63036360    0.48352235    0.63681775    0.51137411    0.52896934    0.55732563    0.48458935    0.00000000    0.71450608    0.75676554    0.63539427    0.72534269    0.75804734    0.74544084    0.71714960    0.86828912    0.71474051    0.80972031    0.80531478    0.72942406    0.70451519    0.73084335    0.86226205    0.93106940    0.90073058    0.83256807    0.95975241    1.42234152    1.03971501    1.34258989    1.37987118    1.92438139    1.48514745    1.59496126    1.33929011    1.27234338    1.27228953    1.38634221    1.32736196    1.36031162    1.37783182    1.40350288    1.37592886    1.34097474    1.45698328    1.43089055    1.41497072    1.35825002    1.54325553    1.39103916    1.49420102    1.43127312    1.52095490    1.41101526    1.47647036    1.51987172    1.33766609    1.33482791    1.03376323    1.23974904    1.27630856    1.16186641    1.28509515    1.34776191    1.22183154    1.17347646    1.18160719    1.19717299    1.22747880    1.10520781    0.98667320    0.98020172    0.91113721    0.88443774    0.93054121    0.96797257    0.92052461    0.89744498    0.89805397
G2WRR7_VERDV/60-399     1.13412470    0.95820910    0.75568286    0.88762290    0.83334515    0.89966530    0.86972841    0.79020810    0.71450608    0.00000000    0.61252054    0.58371534    0.64401118    0.75184848    0.73764106    0.75635994    0.94134688    0.79805896    0.92406796    0.89358020    0.82946732    0.71115720    0.82645589    0.86511388    1.11890017    0.92495376    0.86115114    1.06005149    1.54285511    0.98823593    1.53423781    1.36492310    1.93335831    1.51443197    1.50276691    1.43649812    1.28822414    1.33352710    1.45554126    1.45844167    1.61520271    1.39935090    1.38527935    1.48819102    1.30136596    1.54862990    1.43517780    1.47023565    1.42842498    1.48003131    1.49855509    1.54514711    1.54931138    1.65382268    1.51406105    1.45482595    1.55889658    1.48089180    1.53003379    1.10106724    1.42875496    1.32815248    1.24768095    1.32871928    1.36001083    1.32281353    1.24863720    1.38852734    1.31234410    1.38701252    1.15008394    1.13178902    1.14192021    1.00880740    0.98178895    1.03835615    1.09942865    1.16072879    0.99660419    1.01282008
E3QND4_COLGM/69-471     1.24424866    0.80082311    0.72361385    0.93000305    0.77258731    0.83621643    0.88284549    0.87435062    0.75676554    0.61252054    0.00000000    0.51646072    0.63854030    0.74699868    0.90371356    0.84579360    0.84643155    0.74518776    0.98126642    0.94762430    0.73691593    0.69218462    0.76436964    0.89385093    1.09299466    0.93165531    0.88038102    1.05521597    1.50416520    1.08104630    1.54597959    1.54471539    1.94758017    1.63752040    1.54382880    1.43672486    1.34494168    1.30563509    1.47302418    1.46226359    1.59670196    1.40826365    1.46259331    1.46867439    1.38403381    1.53988304    1.46869739    1.45550735    1.40248846    1.52658197    1.37668751    1.56250829    1.43815043    1.59380177    1.56679753    1.53844566    1.60124152    1.53576936    1.46528919    0.95195966    1.27804908    1.28810041    1.15159400    1.28799167    1.35322987    1.31015500    1.18997684    1.18681350    1.33151865    1.18027919    0.97726585    1.05066860    1.06264649    0.98656596    1.02120650    1.03262981    1.04688254    1.08704138    0.97620552    0.98635981
T0K2L9_COLGC/64-388     1.08962293    0.80597038    0.64958230    0.84180040    0.69184188    0.79613350    0.73734955    0.72330223    0.63539427    0.58371534    0.51646072    0.00000000    0.47059237    0.69256069    0.82020733    0.74738671    0.81130385    0.74078486    0.79583962    0.78887829    0.65731615    0.63325494    0.70636327    0.86394281    0.95617289    0.85038520    0.83835125    1.04606151    1.40278092    0.97694202    1.31235847    1.32099059    1.85213113    1.60086706    1.51466193    1.38940994    1.35205868    1.27725207    1.51344223    1.40484246    1.48250019    1.38332496    1.43182934    1.37087791    1.31271778    1.67829937    1.48447721    1.51624915    1.41577355    1.47503806    1.38788604    1.52106862    1.42479311    1.55636407    1.48630956    1.48740816    1.55386049    1.39174523    1.40160551    0.92379026    1.28928735    1.23726915    1.08264510    1.13923571    1.19782077    1.11849676    1.12608317    1.20309807    1.21022738    1.17079085    1.00863272    1.02078618    1.02360599    0.90225092    0.92697760    0.95150988    0.97225914    0.97960898    0.85761785    0.94684253
N4UP01_COLOR/53-378     1.15307272    0.79762022    0.75118778    0.88885422    0.77444758    0.81034944    0.81653373    0.80648298    0.72534269    0.64401118    0.63854030    0.47059237    0.00000000    0.78091242    0.85514005    0.74212734    0.84397389    0.81760193    0.85303601    0.82007414    0.74930676    0.68874205    0.75004624    0.87234163    1.04836303    0.93056513    0.96039313    1.05310120    1.47218660    0.99648667    1.35451871    1.27165581    1.99834606    1.57411947    1.42034918    1.38124773    1.39310015    1.29106713    1.39919201    1.39107270    1.52183451    1.43000034    1.46483440    1.37023417    1.40994461    1.75718980    1.35882717    1.43777335    1.46107750    1.49581011    1.44077361    1.49734409    1.47961218    1.51310756    1.45817614    1.39924665    1.57828228    1.40722197    1.37016477    0.99294630    1.30991702    1.28263689    1.04543742    1.24316496    1.18514146    1.25345785    1.18762253    1.18862717    1.24091250    1.16176592    1.07078472    0.99784530    1.01337638    0.99014259    0.87431438    0.92253981    0.97776381    0.97638754    0.93066143    0.91414369
G4MRY2_MAGO7/80-372     1.00515151    0.85853231    0.71300498    0.79522743    0.78924577    0.80608210    0.79759779    0.81756831    0.75804734    0.75184848    0.74699868    0.69256069    0.78091242    0.00000000    0.57306840    0.55154729    0.79273156    0.67200666    0.76658653    0.77713379    0.66205716    0.65635165    0.68236950    0.99013584    1.13653641    0.85877288    0.87967581    1.05542555    1.55932175    1.14171534    1.47682314    1.46392105    1.75582195    1.37790483    1.43693377    1.33295112    1.29313667    1.18944068    1.36245701    1.33906099    1.46623307    1.34230267    1.37716196    1.34955946    1.29602820    1.49357363    1.45246054    1.41226731    1.58740918    1.48292321    1.39761775    1.48538434    1.44193836    1.60649595    1.53402283    1.44750994    1.53348716    1.40965100    1.46694445    1.17970388    1.26229919    1.27128389    1.10774771    1.22052323    1.15352131    1.21647532    1.11487973    1.18572230    1.29680806    1.21599116    1.15480794    1.08248512    1.08748784    1.04279833    1.07161055    0.99242406    1.01725905    0.97873299    1.05685200    1.05123966
J3NY80_GAET3/60-394     1.14625873    0.85602472    0.69583845    0.93446761    0.78345999    0.73073340    0.76238143    0.88858259    0.74544084    0.73764106    0.90371356    0.82020733    0.85514005    0.57306840    0.00000000    0.22512990    0.81885297    0.77272732    0.83462002    0.82939536    0.70229577    0.69455070    0.72574471    0.94627728    1.09559771    0.92908131    0.91787977    1.02579190    1.47625269    1.11956962    1.41552984    1.46005632    1.87364009    1.53818631    1.45133715    1.45117097    1.37583502    1.27492972    1.49000763    1.38517325    1.50457828    1.43555220    1.55420405    1.54821293    1.42960858    1.76433254    1.52832415    1.40885431    1.58606183    1.46482503    1.51776697    1.63693848    1.54781808    1.57172683    1.66956737    1.52065202    1.62590925    1.52593394    1.45930930    1.11393110    1.36173046    1.37290721    1.20620737    1.30575930    1.21294966    1.32926601    1.21950441    1.30073043    1.42049028    1.33284769    1.10183988    1.12594852    1.05388489    1.07229919    1.09487069    1.07142801    1.12281378    1.09864866    1.03929003    1.08565235
A0A0C4DV86_MAGP6/65-366     1.03142250    0.82541308    0.68033025    0.84388656    0.77107370    0.71962594    0.73560741    0.74423194    0.71714960    0.75635994    0.84579360    0.74738671    0.74212734    0.55154729    0.22512990    0.00000000    0.78256250    0.74546140    0.74811713    0.72509130    0.72629644    0.64748463    0.68346433    0.94768340    1.05934330    0.89649531    0.91390970    0.98319877    1.42365423    1.07779516    1.40054877    1.44184157    1.80504659    1.49221817    1.52343355    1.47607985    1.39984359    1.29431721    1.51622560    1.44517353    1.54464554    1.44016672    1.57683401    1.54428032    1.50535031    1.64529466    1.45922437    1.37355521    1.55744438    1.53798783    1.51446205    1.68595113    1.56077728    1.67636495    1.67361952    1.58336829    1.60943118    1.49932978    1.44843696    1.13232670    1.37125708    1.42711979    1.20584900    1.30851032    1.19405460    1.31825831    1.26345278    1.20174778    1.29865477    1.34375936    1.16016299    1.12657423    1.09476362    1.03105919    1.00867083    1.06407896    1.09550367    1.04964831    1.01978988    1.09010623
B2B4Y8_PODAN/60-357     1.04014408    0.88299062    0.80869810    0.84005904    0.86467693    0.82027685    0.84850123    0.84961542    0.86828912    0.94134688    0.84643155    0.81130385    0.84397389    0.79273156    0.81885297    0.78256250    0.00000000    0.75667872    0.75601299    0.72901713    0.73511569    0.71848888    0.77373933    1.03505621    1.18067655    0.92077275    1.03315779    1.04679636    1.55389133    1.22316959    1.53110679    1.59500001    1.76063103    1.49782750    1.44084335    1.26450261    1.26080830    1.20751903    1.30211374    1.31185822    1.40864231    1.31108182    1.30691330    1.37635984    1.43061014    1.40914288    1.37260344    1.47410769    1.40042329    1.34226464    1.27435236    1.42930448    1.35096495    1.49607433    1.43796312    1.40117754    1.37972901    1.40451433    1.43484703    1.17546298    1.25679129    1.27073348    1.09626052    1.22137728    1.18865922    1.34103083    1.18089828    1.18120984    1.24588057    1.17324057    1.17496614    1.18829818    1.15384599    1.12461825    1.16245240    1.12501933    1.15947194    1.19022663    1.09448872    1.13279664
G0SGL8_CHATD/63-381     1.12381727    0.87109467    0.64954431    0.80585403    0.71160546    0.79258070    0.82376368    0.85232597    0.71474051    0.79805896    0.74518776    0.74078486    0.81760193    0.67200666    0.77272732    0.74546140    0.75667872    0.00000000    0.60391507    0.58188061    0.45700142    0.50357251    0.46348499    0.82302980    1.07708061    0.80657607    0.92655191    1.06266681    1.49594526    1.13400754    1.42403863    1.49901032    1.72009194    1.38403814    1.46287737    1.37037996    1.24977756    1.26645794    1.34041692    1.30543566    1.38567866    1.34875649    1.33651952    1.43432782    1.28858924    1.51072559    1.40689925    1.37906842    1.25611463    1.25268218    1.27837649    1.40030752    1.26754987    1.40508567    1.38373112    1.37352291    1.40807678    1.28184897    1.31232740    1.10637138    1.30157907    1.27099899    1.19580237    1.36571489    1.25597691    1.40540545    1.29038066    1.23958144    1.28883689    1.30788837    1.01206535    1.00726041    0.95648134    0.97521381    1.01073873    0.93148484    1.01693175    0.96458804    0.93154490    0.96777454
F7W0L6_SORMK/85-453     1.16099806    0.90515939    0.68857546    0.81414641    0.74529797    0.86849156    0.90637271    0.87427845    0.80972031    0.92406796    0.98126642    0.79583962    0.85303601    0.76658653    0.83462002    0.74811713    0.75601299    0.60391507    0.00000000    0.19182155    0.63993861    0.57953762    0.65108695    1.01259601    1.06415343    0.94014264    0.96682494    1.09580112    1.69909703    1.29105726    1.53220327    1.55347353    1.84428861    1.56088233    1.54011951    1.37842792    1.38144718    1.40379522    1.47741223    1.41677744    1.48164858    1.47315893    1.42533603    1.50214482    1.52014023    1.59268003    1.44012042    1.43161869    1.43906239    1.46852076    1.42979986    1.59518708    1.47871100    1.67453903    1.61471017    1.53448995    1.49646688    1.48085789    1.41662823    1.13669107    1.44481211    1.42987966    1.30770025    1.31606944    1.41879648    1.50393769    1.35805691    1.25828750    1.32541196    1.36354996    1.17015824    1.15721146    1.15065977    1.06151809    1.08980853    1.02859969    1.15420450    1.11195943    0.99487389    1.03703030
Q7S7W4_NEUCR/80-442     1.14127375    0.91587219    0.67802415    0.80944949    0.71355262    0.85640776    0.88311134    0.85974340    0.80531478    0.89358020    0.94762430    0.78887829    0.82007414    0.77713379    0.82939536    0.72509130    0.72901713    0.58188061    0.19182155    0.00000000    0.65275883    0.55806806    0.64086867    0.98032049    1.06612814    0.90407767    0.94030901    1.10093448    1.61141309    1.24485151    1.40510885    1.41580075    1.70501348    1.50658208    1.48017395    1.35309505    1.34226747    1.35424850    1.33598919    1.35055621    1.45294610    1.30791424    1.36129263    1.45739019    1.45913636    1.59200698    1.44584302    1.39985932    1.37843793    1.36204509    1.36856582    1.51488213    1.39188813    1.64515730    1.56020153    1.49473821    1.47164991    1.40993417    1.39142224    1.14467027    1.31249233    1.29724284    1.16392842    1.22944234    1.34452826    1.37879628    1.27088489    1.19339782    1.24390589    1.24745087    1.09199120    1.10882569    1.08539584    1.00234119    0.99595309    0.97099668    1.09907090    1.03898410    0.91148113    0.90002646
G2QRH8_THETT/75-405     1.04118350    0.81633895    0.70139518    0.78586542    0.76028217    0.81626728    0.79945896    0.75806721    0.72942406    0.82946732    0.73691593    0.65731615    0.74930676    0.66205716    0.70229577    0.72629644    0.73511569    0.45700142    0.63993861    0.65275883    0.00000000    0.49008802    0.45999458    0.83142280    1.11870060    0.80819610    0.88503140    0.94514661    1.37288131    1.19015385    1.34526932    1.41743079    1.66161586    1.35148210    1.35345244    1.27849285    1.27022517    1.18144980    1.29683939    1.36711928    1.41023391    1.28336901    1.33392388    1.41332125    1.27478795    1.41425642    1.28317967    1.27387704    1.29985526    1.28274052    1.24021974    1.34762201    1.27242401    1.45677945    1.31956448    1.31812149    1.34517273    1.29742558    1.25214285    1.07578998    1.21569488    1.18452671    1.10843745    1.17166619    1.26991818    1.22427387    1.23465382    1.17656380    1.16212507    1.16993617    1.02749542    0.97731167    0.92596915    0.98230812    1.06370121    0.95180623    1.01085949    1.00611759    0.95456893    0.94616098
Q2HAV2_CHAGB/67-370     0.96309897    0.93528985    0.73516648    0.79693429    0.79103256    0.84812573    0.82708108    0.76041853    0.70451519    0.71115720    0.69218462    0.63325494    0.68874205    0.65635165    0.69455070    0.64748463    0.71848888    0.50357251    0.57953762    0.55806806    0.49008802    0.00000000    0.37457416    0.87204631    0.98476761    0.85344083    0.92866021    1.05049266    1.43731354    1.12800216    1.35090732    1.31198096    1.69088221    1.46600877    1.37524966    1.35094007    1.31677786    1.27410700    1.30318921    1.36351938    1.32719135    1.20462999    1.34303236    1.48821107    1.34850160    1.44288902    1.40975251    1.37376834    1.33121195    1.46505229    1.37654961    1.46236729    1.34056832    1.43834059    1.54291675    1.37256722    1.47760128    1.35929876    1.33795635    1.08157926    1.30988522    1.27925080    1.12768389    1.30493634    1.24361811    1.28291422    1.15118573    1.24396679    1.21693823    1.31339332    1.06103115    1.08468403    1.00692953    0.98867452    0.95061319    0.94862347    1.01007633    0.97764762    0.92557027    0.89231012
G2Q7V0_MYCTT/61-393     1.09104598    0.87240439    0.67783648    0.83022645    0.76296466    0.82862549    0.82199865    0.86202679    0.73084335    0.82645589    0.76436964    0.70636327    0.75004624    0.68236950    0.72574471    0.68346433    0.77373933    0.46348499    0.65108695    0.64086867    0.45999458    0.37457416    0.00000000    0.86490711    1.08478988    0.90798424    0.97286008    1.03614271    1.55248178    1.12898220    1.38219708    1.32920160    1.76555267    1.51959442    1.45703423    1.37995353    1.32420715    1.28042465    1.37281029    1.39385668    1.48148772    1.30669448    1.33179380    1.45358133    1.40167982    1.50677164    1.42738855    1.35492539    1.36825387    1.44893594    1.41113491    1.52188759    1.44523931    1.51509675    1.43784364    1.39464074    1.49373399    1.31910134    1.33879534    1.08131002    1.37640025    1.35374043    1.19472838    1.34585313    1.36164513    1.29768217    1.30901956    1.26915124    1.22874897    1.32868730    1.05087885    1.00003006    0.99660157    0.99698199    1.00161055    0.97501346    1.10933946    1.04492155    0.98559289    0.99042761
K1XH99_MARBU/75-409     1.03279460    1.06077279    0.89425397    0.91880936    0.91452270    0.92163342    0.96292612    0.86771633    0.86226205    0.86511388    0.89385093    0.86394281    0.87234163    0.99013584    0.94627728    0.94768340    1.03505621    0.82302980    1.01259601    0.98032049    0.83142280    0.87204631    0.86490711    0.00000000    0.95344314    0.73696328    0.75012593    1.07465445    1.25695083    1.04999981    1.27775602    1.25647334    1.71206484    1.56551442    1.56080913    1.60579188    1.45205209    1.44201619    1.54486954    1.52791527    1.53296763    1.39384523    1.49446834    1.52782126    1.48934657    1.58008574    1.57319089    1.48373331    1.45619602    1.49326646    1.50919492    1.65222171    1.50692603    1.53269464    1.62151791    1.56321323    1.57422796    1.48562499    1.56732371    1.00002940    1.37808264    1.33869035    1.28629093    1.56869246    1.40419811    1.43874316    1.33287659    1.40751607    1.27429899    1.50319311    1.07375612    0.95230639    1.01180502    0.94385340    1.02128465    0.92880822    0.99314299    0.97907440    0.99419213    0.95321204
N1JHL0_BLUG1/50-385     1.28133512    1.21718951    0.89142588    0.99042353    0.97799563    1.07545380    1.09550165    0.95869070    0.93106940    1.11890017    1.09299466    0.95617289    1.04836303    1.13653641    1.09559771    1.05934330    1.18067655    1.07708061    1.06415343    1.06612814    1.11870060    0.98476761    1.08478988    0.95344314    0.00000000    0.92270489    0.93182851    1.10917485    1.58264608    1.34542561    1.44994091    1.44704766    1.89871364    1.60380274    1.61982667    1.47645593    1.27960433    1.37912521    1.42748213    1.51935816    1.54595542    1.48059191    1.44341506    1.53381043    1.46789904    1.62492694    1.63154952    1.53283516    1.41373276    1.55952500    1.57647269    1.69466131    1.62628544    1.57867004    1.61135140    1.66261897    1.55246612    1.53308523    1.41230311    1.09310077    1.49819240    1.32296952    1.23122571    1.36296097    1.50407361    1.41176612    1.39842078    1.42704072    1.22732688    1.45547953    1.14980352    1.14248847    1.08643201    1.14443841    1.05908501    1.12994389    1.18421712    1.13762701    1.17199952    1.07948433
G2XUZ9_BOTF4/67-405     1.00667202    1.01825593    0.77812695    0.92408817    0.88121225    0.93667929    0.94077109    0.84647632    0.90073058    0.92495376    0.93165531    0.85038520    0.93056513    0.85877288    0.92908131    0.89649531    0.92077275    0.80657607    0.94014264    0.90407767    0.80819610    0.85344083    0.90798424    0.73696328    0.92270489    0.00000000    0.75057751    0.98690850    1.31759324    1.09421004    1.36147445    1.36337113    1.63276408    1.45993186    1.48877073    1.33976834    1.32265474    1.24183184    1.27103501    1.37112300    1.45697036    1.37497153    1.33569242    1.45248424    1.34431373    1.57099521    1.55020906    1.52127831    1.28831098    1.49917560    1.45844158    1.47423457    1.43178587    1.54725585    1.42116120    1.53570132    1.54730312    1.35643964    1.42712660    0.99081525    1.32747222    1.27487153    1.11552227    1.18963617    1.30081869    1.20779180    1.10182157    1.26645036    1.23474528    1.32978685    1.05391849    0.98369437    0.96041528    0.92081896    0.88852503    0.91689600    0.98719207    0.94207495    0.86427140    1.01766016
S3DEK8_GLAL2/72-411     1.09681343    1.07244689    0.74467170    0.88455121    0.80480399    0.97250527    0.95556719    0.85491440    0.83256807    0.86115114    0.88038102    0.83835125    0.96039313    0.87967581    0.91787977    0.91390970    1.03315779    0.92655191    0.96682494    0.94030901    0.88503140    0.92866021    0.97286008    0.75012593    0.93182851    0.75057751    0.00000000    0.97033385    1.31158309    1.11310599    1.32676846    1.34423461    1.74871992    1.53590000    1.55309664    1.47034131    1.36838350    1.32710746    1.44895665    1.50492172    1.52745893    1.48679204    1.43607689    1.51107085    1.38551040    1.63770194    1.61376876    1.50754288    1.39999538    1.48595946    1.44275984    1.54645534    1.44353308    1.67667172    1.60112149    1.54855170    1.52240706    1.57386429    1.48283688    0.97303373    1.14472710    1.11290845    1.15192910    1.33578105    1.33607140    1.20346090    1.16910687    1.12582790    1.15843124    1.18861874    1.04539228    0.96851344    1.04361136    0.97151581    0.92324454    0.98288346    1.02001422    1.01538590    0.92756725    0.96848681
L8FWW0_PSED2/58-407     1.18048344    1.02370549    0.98855267    1.04892689    1.04697778    1.05679430    1.01959185    0.96703969    0.95975241    1.06005149    1.05521597    1.04606151    1.05310120    1.05542555    1.02579190    0.98319877    1.04679636    1.06266681    1.09580112    1.10093448    0.94514661    1.05049266    1.03614271    1.07465445    1.10917485    0.98690850    0.97033385    0.00000000    1.40681388    1.25371498    1.43360726    1.44889020    1.79345470    1.71469289    1.73847643    1.54486550    1.46603255    1.53245182    1.48708748    1.62210130    1.67728357    1.63066982    1.55864308    1.57975517    1.44192076    1.76820592    1.64135975    1.62044338    1.62634665    1.64975427    1.60224390    1.72458086    1.74586451    1.79860486    1.70118542    1.68751970    1.75283751    1.59486571    1.60476270    1.02451382    1.30282145    1.27542746    1.18224744    1.25786697    1.35722347    1.35554066    1.33134230    1.25516249    1.23468680    1.40405545    1.10989486    1.12625256    1.07914266    1.01077377    1.06124792    1.00237319    1.08413820    1.05101143    1.09751766    1.14024164
K1WTL3_MARBU/109-443     1.67182804    1.64906744    1.40775343    1.53242801    1.43020279    1.45428109    1.46896048    1.49060332    1.42234152    1.54285511    1.50416520    1.40278092    1.47218660    1.55932175    1.47625269    1.42365423    1.55389133    1.49594526    1.69909703    1.61141309    1.37288131    1.43731354    1.55248178    1.25695083    1.58264608    1.31759324    1.31158309    1.40681388    0.00000000    1.12845271    1.38064699    1.44892850    2.12444756    1.96114960    1.97352876    1.89972700    1.89833972    1.69523224    1.77047823    1.82555705    2.01355553    1.91192446    1.94971469    1.92881523    1.86623641    2.06302790    1.84090218    1.87385623    1.77685337    1.83419458    1.93216630    1.93097490    1.95129552    1.97242300    1.94365656    1.95657163    1.95630255    1.77465529    1.82490434    1.36525211    1.88773659    1.74582262    1.59913897    1.91064493    1.80104525    1.72345016    1.59811909    1.65366541    1.68040284    1.79746703    1.45579497    1.39358874    1.41744058    1.40283353    1.43230586    1.41403980    1.44880535    1.47186198    1.33601854    1.48070756
E3QLV8_COLGM/78-427     1.39698724    1.25351841    1.03878906    1.14591017    1.10489865    1.11625672    1.10967692    1.09202738    1.03971501    0.98823593    1.08104630    0.97694202    0.99648667    1.14171534    1.11956962    1.07779516    1.22316959    1.13400754    1.29105726    1.24485151    1.19015385    1.12800216    1.12898220    1.04999981    1.34542561    1.09421004    1.11310599    1.25371498    1.12845271    0.00000000    1.08172754    1.01081403    1.73820516    1.79968445    1.54394622    1.62633047    1.47711177    1.42349795    1.52534331    1.52728563    1.62429033    1.61256377    1.52835221    1.61048879    1.52059691    1.91971184    1.63917977    1.65071215    1.62100399    1.61344735    1.62237852    1.65947799    1.74625719    1.73262865    1.62896167    1.64928248    1.53992044    1.58759887    1.56323223    1.09867273    1.42995744    1.27342044    1.25955913    1.46194830    1.47521000    1.37549682    1.31749473    1.31538632    1.31890979    1.41300093    1.19913651    1.17812600    1.14553498    1.07170413    0.96721323    1.11936804    1.17144149    1.09656314    1.11737656    1.23674209
I1RQZ0_GIBZE/77-396     1.40450207    1.50333044    1.32793529    1.49200122    1.36644787    1.46278524    1.38448623    1.35872930    1.34258989    1.53423781    1.54597959    1.31235847    1.35451871    1.47682314    1.41552984    1.40054877    1.53110679    1.42403863    1.53220327    1.40510885    1.34526932    1.35090732    1.38219708    1.27775602    1.44994091    1.36147445    1.32676846    1.43360726    1.38064699    1.08172754    0.00000000    0.31358994    2.21117066    2.03494796    1.91425807    1.95114067    1.89391128    1.66295299    1.93603298    1.80937468    2.07045278    1.97918680    1.89110377    1.93791701    1.84901734    1.93810313    1.86949450    1.74242520    1.79382744    1.94642636    1.90431577    1.93151247    1.84050293    1.98506856    2.02690290    1.96388626    1.90726517    1.73611156    1.89864899    1.29348468    1.62675175    1.59518700    1.57966059    1.56241386    1.77103110    1.60953898    1.62016134    1.56693068    1.80733794    1.65069053    1.45202392    1.43492414    1.42199229    1.32089871    1.28402802    1.39271849    1.36841945    1.36417674    1.25997037    1.38101326
S0E678_GIBF5/78-401     1.50411134    1.55561155    1.36400094    1.51505094    1.40458023    1.44852336    1.40841687    1.35388948    1.37987118    1.36492310    1.54471539    1.32099059    1.27165581    1.46392105    1.46005632    1.44184157    1.59500001    1.49901032    1.55347353    1.41580075    1.41743079    1.31198096    1.32920160    1.25647334    1.44704766    1.36337113    1.34423461    1.44889020    1.44892850    1.01081403    0.31358994    0.00000000    2.21093096    2.05825722    1.88809421    1.93925341    1.90189129    1.78262563    1.98625993    1.90103414    1.97945860    1.90741124    1.87839101    1.91740904    1.95409742    2.11201670    1.86386929    1.86375595    1.81000993    1.89333289    1.96943064    1.95034329    1.94179188    2.04654793    2.03622851    1.94495866    1.84438170    1.71411953    1.92558513    1.24068836    1.59014196    1.57475897    1.51589697    1.56994386    1.74369200    1.65704019    1.62790356    1.74903805    1.71472625    1.68399708    1.51490538    1.41135762    1.43696132    1.35631409    1.34725854    1.42008586    1.47974054    1.44869522    1.31342070    1.45565880
Q5KHB1_CRYNJ/65-420     1.84217635    1.96096089    1.66783286    1.84881325    1.77527118    1.81151539    1.77591227    1.92323931    1.92438139    1.93335831    1.94758017    1.85213113    1.99834606    1.75582195    1.87364009    1.80504659    1.76063103    1.72009194    1.84428861    1.70501348    1.66161586    1.69088221    1.76555267    1.71206484    1.89871364    1.63276408    1.74871992    1.79345470    2.12444756    1.73820516    2.21117066    2.21093096    0.00000000    1.64569781    1.72356908    1.54494478    1.54138205    1.47003484    1.41335764    1.46529674    1.65095166    1.51837268    1.50458336    1.65017230    1.45525591    1.69226219    1.61102617    1.60336046    1.58661296    1.65883419    1.60303515    1.63903510    1.59161875    1.65032355    1.58421080    1.87213850    1.82565870    1.54330954    1.60560834    1.76498216    1.71903810    1.69339302    1.63699345    1.75664670    1.71524965    1.81645463    1.60257153    1.60997704    1.74943774    1.65500497    1.70091705    1.76878953    1.68362368    1.50891246    1.64248863    1.65273493    1.66348619    1.67688178    1.60148754    1.66745399
Q6FUQ0_CANGA/23-308     1.50371546    1.40568234    1.46319264    1.51709467    1.58104723    1.56777190    1.52361908    1.58973363    1.48514745    1.51443197    1.63752040    1.60086706    1.57411947    1.37790483    1.53818631    1.49221817    1.49782750    1.38403814    1.56088233    1.50658208    1.35148210    1.46600877    1.51959442    1.56551442    1.60380274    1.45993186    1.53590000    1.71469289    1.96114960    1.79968445    2.03494796    2.05825722    1.64569781    0.00000000    0.90245351    0.84769258    0.87006031    0.84713681    0.84279877    0.88953058    0.96544519    0.83673411    0.87380370    0.92778119    0.90652389    0.74038366    0.89314520    0.88221233    0.85628902    0.86208672    0.84148932    0.83144450    0.80628075    0.85138893    0.83314234    0.78832043    0.89158374    0.79251949    0.75151435    1.46147373    1.38548741    1.34185035    1.24657028    1.34160737    1.40821818    1.28801406    1.38151539    1.29175754    1.31099035    1.34375610    1.35462735    1.39586332    1.42834954    1.33429430    1.25521291    1.27292180    1.23147616    1.30011909    1.33278091    1.33461431
C4R3N6_KOMPG/57-331     1.62452284    1.36256396    1.53083124    1.56972048    1.49827671    1.54998708    1.56897672    1.67185710    1.59496126    1.50276691    1.54382880    1.51466193    1.42034918    1.43693377    1.45133715    1.52343355    1.44084335    1.46287737    1.54011951    1.48017395    1.35345244    1.37524966    1.45703423    1.56080913    1.61982667    1.48877073    1.55309664    1.73847643    1.97352876    1.54394622    1.91425807    1.88809421    1.72356908    0.90245351    0.00000000    0.79185079    0.77437651    0.69133901    0.82262212    0.75091306    0.81465314    0.75279139    0.77568562    0.77218740    0.67259413    0.89931626    0.78340630    0.82945932    0.81756501    0.82640416    0.86690038    0.82612855    0.81950380    0.89285875    0.83945260    0.86991101    0.90772598    0.80493986    0.87364531    1.57550809    1.51180750    1.41313588    1.38433261    1.32791983    1.43945177    1.44899119    1.35675533    1.36875055    1.47004945    1.59223191    1.42748845    1.45322695    1.35635963    1.28963596    1.27944706    1.26280485    1.21529417    1.25649457    1.52140368    1.37871270
