144
A0L7X2_MAGMM/19-246     0.00000000    2.18936545    2.03932038    2.09777517    1.71225447    1.91012859    1.81185373    2.58236254    3.17340330    2.40572981    2.45145697    2.28819612    2.02265349    1.95494629    2.09491872    2.20215760    2.10719129    1.92680135    1.92266043    2.06855752    2.17176914    2.16239280    2.33534491    2.43526819    2.29390513    2.41752696    2.24641057    2.02500527    2.28975691    3.48034980    2.71883155    2.97597413    3.12941266    2.74253616    3.08833853    2.61445488    3.10317281    2.75131471    3.11911484    3.12144296    2.99477310    3.09178546    3.32315006    3.22064106    3.29508996    3.19369721    3.63671559    3.13140202    2.70231695    3.14008320    3.04789673    2.79495411    3.01102945    3.00818944    3.21360256    2.89572173    3.14758420    2.74233551    2.49869073    2.99834637    3.14280587    2.67050165    2.41459571    3.23665234    3.55888842    3.36657432    2.87755468    2.84032882    2.81865810    3.05041659    3.72040856    3.33343402    3.44147084    3.56523082    2.44117141    2.49564425    2.36826601    2.68359583    3.03118168    2.61399667    2.92744154    2.75778382    2.78542549    3.22942342    3.03553094    3.04742351    3.07341972    3.05329318    3.09576853    3.15972755    2.97945264    2.89456096    3.04424030    2.89661994    3.01695247    3.04494959    2.94746310    3.28425317    3.03200719    3.34980436    3.13396397    3.01106116    3.16690681    3.08177359    2.98730584    2.77582863    3.17583962    3.11101418    2.79299195    2.93960291    2.96957589    2.38814518    2.41493508    2.27951299    2.31943468    2.43059226    2.29429277    2.14306035    2.40496886    2.06626656    1.92595238    2.46365633    2.31685889    1.99266668    1.93161080    1.90613894    2.31156869    2.07755065    1.95960304    2.07296748    2.02737360    2.01646002    2.09026855    2.07462092    1.90848662    2.16555578    2.84484105    2.91554502    2.87623304    2.95056448    2.76903815    2.59085157    2.58630569    2.84367476
Q6MMX2_BDEBA/119-374     2.18936545    0.00000000    2.67684296    2.22655395    1.89829448    1.70857783    1.80407564    3.40383524    3.55617316    2.51916799    2.51309146    2.30759271    2.26158113    2.78970217    2.76251228    2.75447491    2.28136835    2.35135927    2.58012134    2.23331968    2.32302376    2.30744230    3.12497021    2.63494417    2.50949477    2.29369640    2.45787734    2.40290775    2.29749863    4.39443552    3.12106821    3.48644033    3.25720645    3.20512508    4.20833892    3.70685032    4.09656482    3.97394939    4.34416085    3.80344990    3.91905864    4.39591168    4.36528781    4.19063852    4.09632387    4.35303845    4.66233031    4.08207765    3.62711936    3.96942767    4.07827065    3.80989115    4.27946108    4.03526898    4.23971949    3.42398337    3.21463534    3.50979301    3.19200647    3.49202363    3.70721601    3.39468143    2.66393433    3.23683451    3.46068852    3.34944342    2.90048641    3.15591181    3.57384601    3.63997826    3.45864337    3.22142367    3.08513180    3.52177149    3.18533225    2.61554830    3.11291883    3.65216189    3.56978273    3.00878877    3.26325541    3.37564087    3.48928869    3.55536314    3.32198595    3.48332350    3.42250964    3.56612068    3.72382297    3.38955459    3.57231869    3.41460379    3.64513391    3.43278892    3.35394018    3.54937593    3.60087962    3.92923278    3.27472929    3.61155897    3.50950844    3.68071353    3.60601205    3.26543470    2.99395744    3.27757201    3.44949928    3.26029139    2.99251017    2.94116335    3.34614473    2.53663118    2.55737802    2.25969492    2.36926102    2.37011406    2.34376227    2.31092317    2.84309428    2.13983404    2.63201125    2.96063171    2.57344859    2.34491136    2.23987677    2.26332314    2.39757075    2.24805996    2.15020366    1.92841102    2.30737606    2.24545708    2.43171386    2.27692735    2.05428143    2.38627677    3.39061426    3.09440100    2.55423161    3.01041681    2.82168120    2.86470858    2.72369318    2.86855102
D6Z165_DESAT/18-259     2.03932038    2.67684296    0.00000000    2.10594076    1.98834653    2.00998536    1.74853578    2.76490219    2.99848405    2.51735492    2.81002257    2.75007262    2.39211557    2.64396092    2.68312567    2.97347347    2.48555305    2.26205251    2.69823587    2.36551356    2.30596951    2.50316821    2.54951330    2.39810548    2.22864556    2.43182106    2.31817140    2.36056527    2.44048712    3.11381528    2.80745652    3.02607826    3.21939601    2.87127915    3.50383645    3.32895063    3.42328673    2.83034737    3.33205986    2.89106841    2.96163682    3.16724414    3.49004700    3.50734052    3.15977696    3.73391830    3.75725262    3.65837347    3.00230558    3.28971373    3.20613763    3.21328290    3.12004273    3.35771623    3.41117891    3.06814390    3.13228432    3.25987754    2.90635378    3.98464118    3.81903485    3.14206420    2.79998417    3.24760876    3.41583633    3.10909350    3.41812489    3.22606066    3.24199497    3.56738641    4.27258085    3.29645234    3.23373739    3.67738572    3.07996694    2.71471924    2.92977244    2.73868692    2.71881707    2.76481778    3.22915381    2.93097806    3.34302687    3.45210821    3.32801903    3.40832681    3.39630232    3.54455802    3.56137657    3.53100289    3.46667126    3.56035156    3.56019821    3.36412266    3.63666112    4.01220921    3.57028316    3.65524142    3.57924320    3.56275722    3.96404525    3.89320099    3.97772915    3.79706958    4.31129766    3.76222340    4.10269822    4.16164876    4.00637581    3.77121678    4.14662924    2.57202908    2.40122569    2.91487030    2.61060976    2.68257911    2.50311356    2.73711112    2.73520318    2.55922143    2.80122173    2.88722444    2.96823024    2.36083550    2.48164846    2.33295383    2.69027317    2.62451529    2.52128033    2.27105257    2.68003215    2.73841456    2.92658180    2.51280987    2.41629865    2.52848091    2.89849712    2.76573049    3.24752775    3.77520046    3.70382530    2.84748196    2.87351356    2.96361711
D8PHE1_9BACT/32-262     2.09777517    2.22655395    2.10594076    0.00000000    1.66213170    1.72899965    1.59171858    2.63610124    2.49896659    2.31177410    2.60914182    2.38868009    2.01118466    2.17425291    2.03071097    2.34853162    2.33353053    2.00733197    2.12848492    2.08862475    2.11636280    2.11534455    2.39878402    2.55497894    2.51516059    2.55904521    2.61184737    2.11254964    2.09793311    4.30085295    3.10048478    3.24145478    3.17065943    3.22346748    3.47001889    3.70859340    2.87594522    3.24825797    3.20565002    3.33336319    2.70572469    3.16853464    3.05940190    2.95835428    2.75393925    2.99760122    3.13027466    3.16886736    3.16134180    3.28727768    3.34596228    3.18944008    3.50290730    3.48799231    3.84083699    3.15368469    3.21032168    3.62313027    3.46416871    3.13293845    2.91182938    3.71112574    2.94273581    3.26235165    3.07115325    2.79581234    2.87182350    3.08986434    3.50143022    3.06350749    3.97735231    3.08617729    3.36374036    3.58415113    3.50415527    2.83578061    2.24609726    3.14542874    3.04139408    2.82430540    2.67302921    2.42227454    2.60007713    2.58938184    2.84070720    2.78677976    2.58648808    2.72497298    2.91033182    2.81801510    2.89903639    2.77296314    2.77940210    2.79720963    2.79758708    2.88609090    2.86309928    2.71677520    2.60357213    2.81938876    2.81136505    2.77950107    2.79932172    2.82347779    2.77788686    2.67993777    2.88696832    2.98571943    3.05087188    2.71890710    2.68075323    2.43444493    2.34322359    2.58927230    2.28968319    2.48548145    2.12893261    2.20624631    2.53433344    2.20963329    2.31196983    2.50561962    2.58198163    2.29338208    2.42126788    2.34375740    2.42952312    2.51322871    2.30833786    2.31593218    2.29744756    2.20168521    2.50765258    2.30861776    2.26880398    2.28058388    2.38468911    2.46236795    2.35748646    2.99914891    2.80771738    2.43409963    2.61302819    2.80081978
B9M0K3_GEODF/17-243     1.71225447    1.89829448    1.98834653    1.66213170    0.00000000    1.09155572    1.05032655    2.50308821    3.01258426    2.04239925    2.02045683    2.08398826    1.99156903    1.83183320    1.98440042    2.13289728    1.89177026    1.54399666    1.76717289    1.92160321    1.90045685    1.97466903    2.45748287    2.12318524    2.39957533    2.32318278    2.19993178    2.51206306    2.36125631    3.34479274    2.93095687    3.40759183    2.92499952    3.12996733    3.50634168    3.20497267    3.16564955    3.04224179    3.55786403    3.31361203    3.05832570    3.45103278    3.50012506    3.26339357    3.41062040    3.61343877    3.41959315    3.52356113    3.05394455    3.54477844    3.63871143    3.22028696    3.10386723    3.43921988    3.67677595    3.27869412    3.48006783    3.05725180    2.95924745    3.23694417    2.77617562    2.68603581    2.42298457    2.70533467    2.91898117    2.96709138    2.98349933    3.32656156    3.30272564    3.14966929    3.64230365    2.88229894    3.00287237    3.29529752    2.58267542    2.67020266    2.00257520    2.53069577    2.56308705    2.22146896    2.58480938    2.28506789    2.72862120    2.61918802    2.81372578    2.71701885    2.65446216    2.97907765    2.98125450    2.93063885    2.86940447    2.81741952    2.68988967    2.60230952    3.02808665    2.82471578    2.88100406    3.39242345    2.83305625    2.93715747    3.28562166    3.17402558    2.70308047    2.73677212    2.56459734    2.60506670    2.60270330    2.57661226    2.52392105    2.96059771    2.71268664    2.26287013    1.97448657    2.12263140    2.23005079    2.35596221    2.23048434    2.25607037    2.32101576    2.13184488    2.13512693    2.55663882    2.55787543    1.86861641    1.99170049    1.77268746    2.27342514    1.77754034    1.83837914    1.83531058    2.00247229    1.82958927    1.96353285    2.00481724    1.80384561    2.05342743    2.31640396    2.33937189    2.46785650    2.46062387    2.35826346    2.32102200    2.39656196    2.39248786
Q39RS0_GEOMG/6-233     1.91012859    1.70857783    2.00998536    1.72899965    1.09155572    0.00000000    0.29562962    2.76071993    2.74468535    2.10941157    2.16317967    2.05557444    1.90125110    2.02637587    1.88773763    1.96068266    1.81663465    1.82384285    1.93534943    1.89554630    2.12452183    2.26202939    2.39808001    2.21877213    2.60880258    2.38053467    2.41235657    2.00489712    2.18794419    3.86289994    3.48199098    3.26826490    2.79591335    2.89851537    3.72716741    3.42730885    3.06339794    3.16275573    3.29555371    3.40676561    3.48926682    3.82735353    3.68557495    3.78012015    3.49738252    3.97885509    4.36155328    3.44842916    2.93638568    3.36668275    3.74942776    3.43864946    3.62773686    3.51120243    3.64454125    3.71414590    3.47149553    2.75649413    2.82091121    3.12345797    3.18431706    2.67206942    2.64891609    3.29732100    2.90604546    2.65666721    3.06765967    2.88527064    2.81339136    2.63615304    3.57863121    3.05563812    3.18877609    3.21774320    2.95931567    2.42507385    2.49880383    2.53870482    2.53274745    2.65506758    2.81491836    2.84424903    2.77150969    2.94819699    2.88750991    2.77593683    2.76733214    2.93313788    3.15328020    3.07457538    3.02111858    2.83643969    2.82597871    2.58079388    3.08382563    3.09765809    3.24538073    3.05424531    2.78485688    3.15245417    3.26070263    3.03989842    2.89633046    3.36328091    2.87691668    2.92318310    2.80820335    2.72601574    2.97174606    2.88984597    3.04274425    2.31017863    2.25019055    2.37343732    2.38601421    2.50375527    2.20228470    2.31541377    2.65627041    2.32777704    2.48497281    2.90668001    2.34403055    2.06459084    2.06218231    1.90759851    2.27158380    1.95382612    1.93735945    1.79246972    2.04430709    1.94065924    2.04899265    2.02562274    1.96419609    2.04003914    2.52909919    2.43966010    2.25973493    3.00198143    2.88538832    2.57313375    2.57930930    2.68514739
Q74FD6_GEOSL/14-239     1.81185373    1.80407564    1.74853578    1.59171858    1.05032655    0.29562962    0.00000000    2.66766355    2.85030377    2.35236893    2.22876982    2.20713419    1.91857898    1.93586862    1.89134072    1.98984241    1.94327015    1.95424571    2.04081262    2.29440787    2.12871073    2.31575159    2.52485883    2.29732893    2.53238272    2.40752586    2.34342563    1.96197406    2.17942615    4.10797133    3.64806808    3.49573112    2.93154325    3.11713106    3.82773980    3.64131335    3.26084668    3.02465376    3.15193193    3.42746098    3.27660416    3.54321131    3.24812798    3.59389628    3.51732848    3.76804040    4.24567156    3.32871479    2.82803532    3.39808304    3.79384750    3.47231190    3.83890291    3.74015947    3.89140700    3.71908034    3.53368082    2.72476039    2.71888089    3.24562167    3.05245249    2.73018001    2.62045263    3.20504790    2.92748593    2.81462829    3.14573638    3.16013620    3.00370504    2.91295992    3.56223386    2.97220427    3.14602402    3.29018535    3.02258948    2.46212482    2.56281028    2.55096355    2.53441001    2.48232170    2.97455019    2.88571619    3.23174991    3.19622600    3.17672875    2.88578625    2.72721864    2.97969193    3.26397958    3.16477134    3.31492401    3.06093082    3.09325612    2.85182627    3.31338838    3.29029042    3.43505097    3.14346357    2.81169120    3.13174872    3.50790646    3.47608246    3.20095445    3.34601567    3.15466627    3.11118958    3.17417828    3.01013387    3.43007358    2.99524126    3.19166637    2.33576645    2.14483855    2.40256481    2.42094023    2.67920198    2.35002630    2.41627560    2.72205246    2.44257369    2.50273167    3.14063981    2.52127051    2.14100130    2.07354280    1.97396366    2.42515746    2.08563770    2.01690601    2.01955061    2.11622975    2.07711759    2.07985699    2.13478781    2.05410156    2.11803123    2.64632579    2.50139951    2.47609162    2.94126031    2.82333712    2.72342806    2.61628115    2.82648913
Q01T62_SOLUE/11-241     2.58236254    3.40383524    2.76490219    2.63610124    2.50308821    2.76071993    2.66766355    0.00000000    2.49434498    2.72703934    2.54823649    2.73061080    2.57497080    2.43768390    2.48754978    2.68874358    2.92507407    2.63642341    2.93433902    3.19389208    2.68694221    2.89571876    3.23202580    3.18586101    3.12715162    3.26936754    3.46051602    2.39808460    2.42674541    3.76546669    3.60046110    3.54137237    3.29891853    4.24822143    3.99562172    3.67829354    2.97280052    3.42936984    3.51706445    3.31275115    3.05483733    3.41668062    3.38298386    3.56490807    3.64514463    3.50786054    3.27206918    3.57697118    3.38623484    3.52248185    3.00104037    3.13124679    2.91843526    2.98539395    3.52357155    3.34796047    3.38791560    3.33422292    2.76844732    4.29879626    2.95444934    3.01406407    3.28657164    3.51962499    4.11875975    3.54209950    3.52117614    3.39493988    3.61387648    3.29495662    4.40401129    3.24227957    3.48900184    3.93148000    3.45780875    3.61894007    3.31520605    3.33085292    3.60536564    3.77531401    3.21957604    3.18245189    3.77690348    4.23498689    3.91536931    3.72904325    3.93233831    4.45387669    4.09447937    4.01141289    3.87597353    4.06390825    3.87508749    3.77320861    4.17936411    4.11440932    4.16072649    4.16042976    3.75867716    3.95611523    4.28506662    4.25133059    3.92623470    4.11825465    4.11959817    3.86180196    4.22123629    4.18366720    3.51188928    3.42929341    3.39792056    2.79178862    2.49071303    2.70481007    2.24153393    2.53632222    2.64015286    2.71106284    2.49012156    2.67793786    2.76032351    2.58873767    2.64472124    2.58134578    2.72149213    2.45321415    2.57193622    2.69678595    2.48151446    2.57776322    2.89654653    3.09361291    2.78495997    2.65739274    2.72171201    2.40647810    3.07504229    3.06766028    2.77553400    3.26323705    3.14938852    3.16943719    3.25763610    3.18891816
C1A657_GEMAT/26-261     3.17340330    3.55617316    2.99848405    2.49896659    3.01258426    2.74468535    2.85030377    2.49434498    0.00000000    2.10865048    2.15003047    2.06520439    2.67394833    3.15741634    3.00105074    2.96887391    2.88406601    2.88096276    3.49142299    3.04281181    2.98484618    3.05245145    3.59546123    3.98937499    3.31438199    3.61137134    3.40332302    2.95978548    2.96751810    4.50245664    4.34421712    4.14788177    5.02645611    3.47793984    3.66940299    4.18519454    3.20893436    3.65868771    4.12875613    3.75069823    3.95383658    3.94780263    3.85010038    3.73242725    3.91301507    3.94344429    4.39942425    3.98867739    3.39594762    4.01736151    4.17681109    3.71228792    3.32349113    3.47620520    4.08216396    3.66564422    3.47759637    4.12068237    4.02034527    4.22935977    4.43430866    3.60362173    2.95985897    4.26419408    4.78109221    4.01489064    4.14134051    3.35983477    4.44959500    4.23162718    5.40335358    4.48479446    4.42237209    4.88940099    3.49400497    3.00837895    2.92347083    4.16098390    4.25945124    4.30607808    3.48133615    3.37950361    3.97138164    4.23528793    4.10587964    4.23990899    3.71776858    3.95261123    3.73698205    3.78681898    3.63436241    4.04845893    3.81610525    3.35822491    3.99070496    3.59830795    3.57670025    3.20287277    3.24978532    3.61908716    3.90290636    3.60033724    3.41318551    3.78470223    3.40960421    3.23323890    3.22911003    3.33927403    3.41266432    3.88488542    3.60784396    2.67253951    3.14912430    3.53542501    2.52374642    3.15639284    3.06691885    2.79251333    2.98420836    2.75690818    2.53432481    3.16617250    3.16336885    2.69013924    2.82237870    3.16254477    3.50993483    2.89871312    3.02342779    2.81020724    2.96723986    2.82435427    3.09797204    2.76640692    2.63215702    2.62455171    3.53938564    3.99784415    3.28625853    4.32385632    4.26789368    3.41303111    3.15500531    3.08112095
C1AE04_GEMAT/43-288     2.40572981    2.51916799    2.51735492    2.31177410    2.04239925    2.10941157    2.35236893    2.72703934    2.10865048    0.00000000    1.43027046    1.37768834    2.40701245    2.27225958    2.60100660    2.34148613    2.82518816    2.12665764    2.57327386    2.39717367    2.43502687    2.50895192    3.06611369    2.67653229    2.68027098    2.50635768    2.54657228    2.58227518    2.74304947    4.77559309    3.33023400    3.30836134    3.37143553    3.22659000    3.62212575    3.72625122    3.48461580    2.93709027    3.58550125    3.46510301    3.29643733    3.27146961    3.73332885    3.55089118    3.52597132    3.55626055    4.60575204    3.72952738    2.88710425    3.38138687    3.22018676    3.40176026    3.24216500    3.15481399    3.54764303    3.60264280    3.81452479    3.39771073    3.45095529    3.09908792    3.54128665    3.69096830    3.57827199    4.45044827    3.67967963    3.78218199    3.38202402    3.23879096    3.42588207    3.90957232    3.44329923    3.74413668    4.17234265    4.47507795    3.26735195    2.78582459    2.68268594    3.14461686    3.22774686    3.26873616    3.03420950    2.98592531    3.61819992    3.86580366    3.29601580    3.38100729    3.38173770    3.26110275    3.48390538    3.68568878    3.49851451    3.40981386    3.30531151    3.47241910    3.30368009    3.51457608    3.54112983    4.01625476    3.54787815    4.00001333    3.65145664    3.59226621    3.26919163    3.38067079    3.40500961    3.36069347    3.23097531    3.11263560    3.23102058    3.06817982    2.97157828    2.50519416    2.32183746    2.47266326    2.48975327    2.25657572    2.01500773    2.35080136    2.40397479    2.22640132    2.55342191    3.12991338    2.58489228    2.16110989    2.02886883    2.09808003    2.39219266    2.11882564    2.08537370    2.01242808    2.33318690    2.32280948    2.19844217    2.32249870    2.16642961    2.01393968    2.86856270    3.03488530    2.72106525    3.23835939    3.34754519    2.91473744    2.80939018    2.68111672
W0RWD7_9BACT/21-259     2.45145697    2.51309146    2.81002257    2.60914182    2.02045683    2.16317967    2.22876982    2.54823649    2.15003047    1.43027046    0.00000000    0.90503831    2.65250700    2.28548406    2.09888710    2.25263608    2.37529848    2.09456881    2.39748847    2.54710692    2.63360277    2.61237357    3.00526544    2.43867580    3.38185816    3.05659200    2.87368600    2.52340663    3.01055094    3.97493727    3.21063409    3.18702065    3.20880431    3.16434199    3.84933697    3.57022134    3.67522518    3.34084508    3.33728760    2.86796353    3.45452909    3.80460660    4.19239785    3.75057117    3.77386511    3.33715059    4.07856010    3.44066868    3.04243040    3.67631685    2.95253680    2.97532155    3.45647543    3.48235206    3.38920127    3.03652459    3.21243944    3.22957733    3.05018167    3.29340379    3.18116627    3.45034773    3.11217656    4.16899365    3.76037959    3.60860904    3.07533982    3.18689018    4.11720666    3.76399804    4.12582746    3.29568889    3.20316423    3.87951211    3.32666467    2.98795719    3.10086535    2.98482119    3.07499197    3.00626765    3.81871125    3.56644621    3.27901771    3.64758184    3.30949358    3.49483550    3.13125033    3.30644391    3.20822499    3.19389028    3.12138775    3.44647184    3.45362393    3.07152429    3.15253685    3.23340202    3.52094837    3.73380450    3.26059836    3.49933729    3.14580738    3.16832694    2.91261162    3.08144284    3.15723940    3.13643582    3.12268452    3.15973001    3.81404224    3.19763544    3.36974498    1.95683935    2.05021291    2.32279066    2.13673461    2.44719812    2.40967366    2.14837830    2.70308052    2.13479838    2.19272990    2.89162300    2.43551416    2.07705898    2.15376192    2.18218230    2.52654071    2.09270784    2.23168824    2.13781499    2.60535075    2.31581243    2.60198961    2.46077744    2.29697057    2.21654406    2.78529008    2.91544180    2.62917202    2.88169331    2.78365158    2.74879819    2.60339119    2.34842621
W0RGF6_9BACT/15-255     2.28819612    2.30759271    2.75007262    2.38868009    2.08398826    2.05557444    2.20713419    2.73061080    2.06520439    1.37768834    0.90503831    0.00000000    2.24433340    2.12180780    2.14104459    2.11535981    2.59563920    2.07421778    2.39829771    2.70681893    2.75699665    2.51057158    2.93395064    2.58627055    2.99603842    2.63476855    2.56579350    2.39264126    2.91114659    3.88585225    3.75457283    3.62609950    3.23279964    3.55669094    3.80695796    3.74409241    3.62838748    3.45995282    3.82552323    3.72692296    3.42095161    3.87463255    3.98957026    3.75145528    3.93984761    3.55697370    4.60935170    3.59877455    3.20624799    3.72126411    3.38601425    3.69226649    3.67822086    3.59197216    3.56871061    3.70141051    3.77378716    3.46925535    3.32066121    2.76086321    2.72559685    3.47509311    3.38766010    3.96969683    3.37067931    3.42482017    3.29582842    3.46702118    4.22385452    4.45310566    3.86365122    3.27148526    3.28768898    3.47962251    3.34131690    2.65192028    2.86880800    3.14843901    3.46846515    2.95257082    3.06336820    2.92272392    2.88807789    3.27046830    2.83933531    3.01672687    2.72288867    2.78803976    2.55935405    2.55942176    2.97047977    3.15598343    2.94327078    2.94789012    2.85562039    2.97834304    2.96214046    3.14480645    2.81952809    2.97359210    2.87277308    2.99573375    2.83780098    2.76959815    2.86349688    2.98403294    2.89900190    2.65866002    3.18369398    2.98281182    3.10671982    2.33242914    2.06946491    2.45416960    2.19397241    2.67985497    2.25530150    2.15186700    2.66360120    2.20713153    2.41954744    2.96672538    2.57501800    2.01297892    2.12436688    2.12660302    2.47370001    2.19985684    2.11252642    2.12711885    2.15170418    2.09209208    2.25279727    2.21046026    2.15559590    2.15063038    3.00667891    3.34371509    2.91984842    2.53503829    2.44757365    2.56855021    2.43819782    2.15650599
Q01N88_SOLUE/21-256     2.02265349    2.26158113    2.39211557    2.01118466    1.99156903    1.90125110    1.91857898    2.57497080    2.67394833    2.40701245    2.65250700    2.24433340    0.00000000    1.51672156    1.49630910    1.53470346    2.01070537    2.03550860    2.24663352    2.08122412    2.23712965    2.11771692    2.65833115    2.20777296    2.23378765    2.34248891    2.32498422    2.14509853    2.35072980    3.72744789    3.15708909    3.16106417    3.63998110    3.28520404    3.07696458    2.84979873    3.06348892    2.81946729    3.09613691    3.31994284    3.02778116    3.04264941    3.22029257    3.44250510    3.02509436    3.25774243    3.48732652    3.51149693    3.11580013    3.14412578    3.21239697    2.92119077    2.88800508    2.82952848    3.74502460    3.61655870    3.26189294    2.74953342    2.85007487    3.02749746    3.17089235    3.18075158    3.07372764    3.48435410    3.50132188    3.22103869    2.84481912    2.89948625    3.13553048    2.96938996    4.60456797    3.25904928    3.04887247    3.45990203    2.94444116    2.71949131    2.72984261    2.48067780    2.69707298    2.76450746    2.53419035    2.46169894    2.51954912    2.59454402    2.58280123    2.69477508    2.67371258    2.55616627    3.12570864    3.03309355    2.75972740    2.72806996    2.65382509    2.58144678    2.51511448    2.51632006    2.51533326    2.21568202    2.12741347    2.25188105    2.55143136    2.55017763    2.46429378    2.59514652    2.82008884    2.64652214    2.55652021    2.56140384    2.76433427    2.31206776    2.41144981    2.29007410    2.48190361    2.37532968    1.96944218    2.07241507    2.12916952    2.15573692    2.33001919    2.21984015    2.19429987    2.76971765    2.43425360    2.16713541    2.09624274    2.09918430    2.19205360    2.18041158    2.12731343    1.93972466    2.17050292    1.88687073    2.10166221    2.14700102    1.94406661    2.08428939    2.75809668    2.97973350    2.69192985    3.21447017    3.09667688    2.52561112    2.88562102    2.87744463
C1F750_ACIC5/5-246     1.95494629    2.78970217    2.64396092    2.17425291    1.83183320    2.02637587    1.93586862    2.43768390    3.15741634    2.27225958    2.28548406    2.12180780    1.51672156    0.00000000    0.59469220    0.62765809    2.18655102    1.96529034    2.10539803    2.24384368    2.07797853    2.04465152    3.04509106    2.50311059    2.49150929    2.16133802    2.26873913    2.03441064    2.13965108    3.59289126    3.18747915    3.21929680    3.41015308    3.37140728    3.60056504    3.23642019    2.86019516    2.67850928    3.23037949    3.45900227    3.21154134    3.41921364    3.69529708    3.33776326    3.60498147    3.42531597    4.27651067    3.52853542    3.19452482    3.32676994    3.52987967    3.10053646    3.08260606    3.14594453    3.21281579    3.18944402    3.17367448    3.04965655    2.87714301    3.05959142    2.75756089    2.91055645    2.83180219    3.08553774    3.42553084    2.99653687    3.11106578    2.97779436    3.01132589    2.74332168    3.49803241    2.98444684    2.93652023    3.49057959    2.97937508    2.82016633    2.71617503    2.62729597    2.91440380    3.10052270    2.73848834    2.45087179    2.81967512    2.84001321    2.68018810    2.82110315    2.58806570    2.68240890    2.79714291    2.65296269    2.82694054    2.83309081    2.70344671    2.86682329    2.71519741    2.74042453    2.58151204    2.98967662    2.63399176    2.93375374    2.69722302    2.91966952    2.52146125    2.77440270    3.06776995    2.89335926    2.85320598    2.84895814    2.79631928    2.63219280    2.67477574    2.15700249    1.98712900    2.32711305    2.14761907    2.24414097    2.07127392    2.17168557    2.39276543    2.17322613    2.11165312    2.86798383    2.18229731    1.99729522    2.14684375    2.00283843    2.38942616    2.34089643    2.34762723    2.38695279    2.29700935    2.34628802    2.20344841    2.25292926    2.08088505    2.18655622    2.82484278    2.73418647    3.13568882    3.23392948    3.14165247    3.05563875    3.17273562    3.02870703
E8X139_GRATM/16-268     2.09491872    2.76251228    2.68312567    2.03071097    1.98440042    1.88773763    1.89134072    2.48754978    3.00105074    2.60100660    2.09888710    2.14104459    1.49630910    0.59469220    0.00000000    0.55295117    2.36160518    2.19878864    2.32968439    2.45820865    2.23937762    2.04966899    2.97862329    2.53040975    2.19705834    2.03592140    2.05745892    2.08707743    2.27295242    3.08031956    2.67407021    3.23687389    2.84077806    3.45742113    3.12402416    3.14933357    2.77545903    2.66447293    2.88384047    3.06377580    3.16880913    3.22678600    3.58104752    3.19392594    3.38338058    3.30313138    3.68935475    3.29212796    3.08975980    3.21549056    3.21401615    3.15701740    3.18707379    3.18822527    3.10683620    3.33096070    3.19937424    2.57997658    2.68463837    2.59983641    2.64890505    2.98120058    2.36562085    2.87472859    3.47122952    3.15736361    2.95597576    2.31987823    3.27274548    2.88194412    4.07040911    3.14322638    3.14814473    3.52957176    2.98932271    2.97624597    2.33460716    2.48885865    2.45745157    2.88448296    2.52519990    2.50018410    2.48316653    2.64293285    2.50065578    2.57982084    2.63500166    2.41398738    2.56108472    2.68658113    2.58499230    2.69630099    2.37824473    2.59915761    2.44060230    2.75019156    2.50276483    2.69678260    2.42075266    2.63335458    2.61009215    2.61004924    2.35157748    2.52826480    2.71572847    2.70905667    2.50546390    2.38309107    2.76560986    2.63700469    2.64153721    2.17505129    2.07273336    2.19445847    2.02007749    2.51600493    2.26541408    2.17010659    2.45145424    2.26857827    2.12515646    2.97241465    2.46893308    2.01596537    2.35091708    2.30654209    2.45597423    2.13665404    2.19866270    2.15599932    2.25028078    2.26956477    2.30582125    2.10832968    2.22005303    2.42308862    2.63295932    2.47838079    2.66397706    3.43342853    3.33638738    3.01689550    2.77914216    2.95785794
I3ZLS9_TERRK/18-279     2.20215760    2.75447491    2.97347347    2.34853162    2.13289728    1.96068266    1.98984241    2.68874358    2.96887391    2.34148613    2.25263608    2.11535981    1.53470346    0.62765809    0.55295117    0.00000000    2.50791268    2.25162642    2.43299757    2.40561124    2.31287491    2.11085068    2.81494505    2.76790697    2.55362967    2.39634121    2.29294726    2.05967063    2.35179277    3.39372608    2.73236909    3.37201132    3.17527273    3.22063158    3.19921606    3.05845955    2.97691442    2.68589661    2.72424744    3.02397999    3.35339881    3.39296991    3.61921688    3.50077276    3.70603280    3.47012300    3.89109328    3.41424918    3.20075156    3.51914336    3.07522813    3.07685321    3.22849646    2.98491819    3.30364965    3.48733905    3.24857038    2.86393692    3.06902635    3.06463506    2.75530084    3.32456276    2.81406646    3.19103636    3.63219988    3.04871226    3.08570578    2.78381416    2.81162402    3.09628952    3.73500187    3.37973793    3.27495514    3.84899968    3.06512990    2.92486242    2.32513372    2.67188841    2.87245888    3.05531671    2.74752049    2.69600006    2.78450750    2.74872041    2.79515449    3.07853923    2.94507811    2.84166785    3.00199386    3.10967296    3.00254402    3.01385192    2.78397409    2.89618866    2.59212282    2.64939225    2.49704840    2.74136556    2.53102934    2.82642827    2.79418998    2.85863825    2.49447932    2.77860990    2.87830105    2.85894282    2.77046801    2.68616179    2.95727292    2.99621214    2.86290753    2.45627394    2.21622230    2.44855744    2.20814717    2.45259337    2.38339686    2.20631835    2.57900764    2.42835832    2.39106641    3.13811495    2.47089705    2.31424338    2.42018998    2.41449748    2.63662419    2.21865882    2.43128123    2.21217396    2.43054802    2.50655733    2.53127485    2.51349097    2.33952719    2.42454654    2.86794678    2.80217413    2.77007243    3.34371294    3.11654408    3.11377652    2.93426449    3.08971272
I5B384_9DELT/30-269     2.10719129    2.28136835    2.48555305    2.33353053    1.89177026    1.81663465    1.94327015    2.92507407    2.88406601    2.82518816    2.37529848    2.59563920    2.01070537    2.18655102    2.36160518    2.50791268    0.00000000    1.37891742    1.31360005    1.67010622    1.73367974    1.67789772    2.86010098    2.76215347    2.54523573    2.38206329    2.32565999    1.92543213    2.12093251    3.53685949    3.15250635    3.10280077    3.21319715    3.08075360    3.35097500    2.91200710    3.36174206    2.96445523    3.74956419    3.80189394    3.23422758    3.44207622    3.51849707    3.64762983    3.59453055    3.89615176    4.20223378    3.26746862    3.22390472    3.16504937    3.43904469    3.48342697    3.58433732    3.54648320    3.52154689    3.32423382    3.20505146    3.28088498    2.98208572    3.51002389    3.08406663    3.36535194    2.86055321    3.59932888    3.86538600    3.27467766    2.85066305    3.21341263    4.04665071    3.54938370    4.42809581    3.13049377    2.91526462    3.32183464    2.56096061    2.43518510    3.03051553    2.97918638    3.11657941    2.45747871    3.06389034    2.92501510    2.73544689    3.09495260    3.08037163    2.95455884    2.74859696    3.05787565    2.91994416    2.94553235    2.92529347    2.98182215    2.77524587    2.77735544    2.87873158    2.67657788    2.69323920    2.85480570    2.59637264    2.68614650    2.53568234    2.90724593    2.95404977    2.72991996    2.76760386    2.70400981    2.66801694    2.47622832    2.61905948    2.52544761    2.69818187    2.24680696    2.55913455    2.47874479    2.45331125    2.56093922    2.57785134    2.45206701    2.71665070    2.47279750    2.16717776    2.65910664    2.63644419    2.40782668    2.29483395    2.21779871    2.44265607    2.42497579    2.26098519    2.36674365    2.06505867    2.27196423    2.23773451    2.08268171    2.17176753    2.07270291    2.32636009    2.62923381    2.91860843    2.71312134    2.68933851    3.03410361    2.99626341    2.96500850
F3Z171_DESAF/16-260     1.92680135    2.35135927    2.26205251    2.00733197    1.54399666    1.82384285    1.95424571    2.63642341    2.88096276    2.12665764    2.09456881    2.07421778    2.03550860    1.96529034    2.19878864    2.25162642    1.37891742    0.00000000    1.15279390    1.45445865    1.47015226    1.46584122    2.70277759    2.54807872    2.40082757    2.25918153    2.22325542    2.23958627    2.39393140    3.65246870    3.43023614    3.23034962    4.05736302    3.44679437    4.12982501    3.80637799    2.98837007    2.93252765    3.31409475    3.51374111    3.24258643    3.99913732    4.21446838    3.76021445    3.74942619    4.01240506    4.55932940    4.01319408    3.26403849    3.29449650    3.50105099    3.19031257    3.56037558    3.31885943    3.58447576    3.35548444    3.02224907    3.43678893    3.12975861    3.52121964    3.20983681    2.89225757    2.69301116    3.01650177    3.56205159    3.24231884    2.65744410    3.29455931    3.67204544    3.17211130    4.24623875    3.16193039    3.33067970    3.72062209    2.47898483    2.66856948    2.52133294    2.85759512    3.16092453    2.37834815    2.89190833    2.59892778    2.68611075    2.76584846    3.18649928    3.06416423    2.80437773    3.04706153    2.94671964    3.06464059    3.03464916    3.00669934    2.98993533    2.62490035    3.26486305    2.73553826    2.66726442    3.06737903    2.72181166    3.01880600    2.75373429    2.99381941    3.06158222    2.88728039    2.94834409    2.81809235    2.86826272    2.95477536    2.73140377    2.36186583    2.38228636    2.10080460    2.17401692    2.29484265    2.12559888    2.39317436    2.18134129    2.03874960    2.19489558    2.01501013    2.10158821    2.67556120    2.39634730    2.38480876    2.15288442    2.00160238    2.43590069    2.02678732    1.95486975    1.95008773    2.07575299    2.19042059    2.02185110    2.16919227    1.95946032    2.03203930    2.54254466    2.67810419    2.51726854    2.61684486    2.57693184    2.28679458    2.41090472    2.56149406
C6C088_DESAD/26-257     1.92266043    2.58012134    2.69823587    2.12848492    1.76717289    1.93534943    2.04081262    2.93433902    3.49142299    2.57327386    2.39748847    2.39829771    2.24663352    2.10539803    2.32968439    2.43299757    1.31360005    1.15279390    0.00000000    1.08623123    1.25984485    1.19630388    3.10856821    3.08230674    2.69218695    2.53579914    2.49934672    2.10462178    2.27427060    3.61449064    3.85819296    3.72999121    3.12931042    3.54445755    3.52374762    3.29403154    3.25502698    2.97000618    3.73108119    3.40509270    3.59278906    4.00432375    3.99546264    3.94864517    4.05843377    4.28087976    3.98473526    3.72999242    3.89887666    4.02265521    3.60640459    3.47481138    3.66971971    3.58065550    3.81438087    4.29588295    3.86555875    3.30011115    3.10659320    3.73428307    2.88317352    2.95139420    2.94767147    3.63785077    3.42372467    3.33771948    3.10356305    3.18652313    3.22999481    3.49509175    4.80285820    3.34152928    3.54165197    3.65496748    2.74179077    2.56289710    3.07668278    2.77371321    2.75060005    2.62589904    2.83507049    2.60923798    2.56116710    2.85446893    2.81301732    2.62722516    2.71957644    2.81078957    2.62557624    2.69286363    2.72917484    2.57168680    2.40130262    2.49470042    2.86657399    2.75224643    2.65826651    2.75052152    2.87816713    3.06513224    2.87808306    2.84865010    2.68342484    2.82994125    2.61285126    2.57529668    2.79889357    2.71834938    2.82378144    2.27863098    2.45262421    2.24525295    2.59838329    2.65897523    2.62622789    2.40037279    2.41521040    2.51516258    2.62700712    2.19451609    2.27838257    2.36794412    2.54518782    2.44957559    2.32982419    2.30315217    2.48239805    2.57258831    2.31368353    2.32744048    2.13069355    2.21508102    2.23679935    2.19331530    2.29742721    2.25857451    2.60579537    2.71047450    2.59546935    2.67986520    2.70977526    2.95212233    2.53735125    2.87011911
