29
A0A1X7VBK0_AMPQE/171-302     0.00000000    0.66260017    0.65953364    0.67008740    0.67604040    0.69313058    0.67610069    0.64825359    1.17393300    1.11668645    1.17502798    1.23113286    1.34673404    1.57363383    1.39831315    1.23048079    1.21623579    1.22121396    1.40163957    1.13633521    1.21978406    1.54461990    1.13353278    1.38605327    0.75585178    0.75032165    0.81098062    0.62062657    0.71623730
C3Y0B4_BRAFL/11-141     0.66260017    0.00000000    0.47011811    0.50972995    0.52442228    0.55852867    0.59799671    0.51587929    1.08155409    1.05447848    1.11558514    1.31725225    1.35732875    1.54114236    1.39226617    1.25333529    1.26207572    1.32304459    1.41845215    1.09603760    1.07308758    1.31997464    1.14991686    1.21772698    0.77020994    0.72345590    0.87533790    0.56356812    0.55447717
G1LEU3_AILME/81-211     0.65953364    0.47011811    0.00000000    0.31257925    0.30541719    0.33683095    0.58388718    0.56836944    1.20465350    1.13263609    1.18615733    1.31527528    1.29237650    1.36059066    1.26503830    1.35722906    1.32356017    1.26713148    1.36456769    1.22120005    1.21657293    1.45092630    1.10793043    1.28808433    0.62027958    0.80490442    0.72592352    0.55233955    0.49915666
G3PHD1_GASAC/69-199     0.67008740    0.50972995    0.31257925    0.00000000    0.25293170    0.27365634    0.67138238    0.49615580    1.26564517    1.27656051    1.25909769    1.33019085    1.30086782    1.39741366    1.36242951    1.30642926    1.28950586    1.30854301    1.40371567    1.23295266    1.23959052    1.54586890    1.08678947    1.34976215    0.61169132    0.77658689    0.67518873    0.57773248    0.54853042
M4AVE3_XIPMA/61-191     0.67604040    0.52442228    0.30541719    0.25293170    0.00000000    0.26780680    0.66474319    0.53700298    1.30135516    1.22082556    1.28607824    1.38122444    1.19323764    1.39319761    1.39338912    1.34606262    1.33013112    1.39382357    1.44211733    1.20636426    1.23017698    1.47224544    1.06022607    1.36573284    0.60998404    0.73316380    0.67983858    0.58511937    0.54815104
H3CU24_TETNG/4-134     0.69313058    0.55852867    0.33683095    0.27365634    0.26780680    0.00000000    0.62590809    0.59167698    1.33685247    1.26999587    1.31524073    1.34038540    1.23698909    1.42260214    1.35538800    1.34978304    1.32387562    1.26922889    1.37086005    1.24399686    1.33763075    1.49082387    1.03758605    1.19172327    0.59098357    0.71052400    0.71691224    0.61536353    0.56311705
H2Y7E9_CIOSA/63-193     0.67610069    0.59799671    0.58388718    0.67138238    0.66474319    0.62590809    0.00000000    0.65869412    1.05417176    1.10708340    1.11892586    1.16616187    1.30292437    1.45511544    1.37112620    1.25724631    1.24220182    1.22401769    1.41609074    1.09378738    1.20095230    1.49273841    1.12493489    1.39343986    0.67819628    0.74731184    0.70220660    0.56777487    0.58749882
K1Q7A5_CRAGI/52-182     0.64825359    0.51587929    0.56836944    0.49615580    0.53700298    0.59167698    0.65869412    0.00000000    1.12810199    1.10642473    1.13877859    1.19094354    1.26130728    1.30739176    1.34768241    1.19255084    1.22278166    1.30581853    1.40392540    1.12516443    1.07954942    1.53075951    1.15708700    1.23840244    0.68938330    0.69199294    0.71403895    0.50468357    0.47886211
Q5RJT3_RAT/205-336     1.17393300    1.08155409    1.20465350    1.26564517    1.30135516    1.33685247    1.05417176    1.12810199    0.00000000    0.31973250    0.32173403    0.86913442    0.94196869    1.02763038    0.96754476    0.87528889    0.82736432    0.89209438    1.03670095    0.79528443    0.85102420    1.15329754    1.44748347    1.67088682    1.20152557    1.24869512    1.12463173    1.00251513    1.08041246
F6ZJL2_MONDO/74-205     1.11668645    1.05447848    1.13263609    1.27656051    1.22082556    1.26999587    1.10708340    1.10642473    0.31973250    0.00000000    0.27634067    0.80655228    0.85432137    0.98544960    0.96504429    0.77923787    0.76747062    0.87783571    0.95861115    0.70117118    0.73211719    1.14574848    1.50197745    1.57376577    1.05815364    1.09258744    1.02214424    0.97668265    1.01435162
G1Q5S5_MYOLU/85-216     1.17502798    1.11558514    1.18615733    1.25909769    1.28607824    1.31524073    1.11892586    1.13877859    0.32173403    0.27634067    0.00000000    0.75510328    0.86016506    0.91224846    0.90787069    0.81748814    0.74548055    0.81474173    0.86012876    0.72493346    0.77143508    1.17654199    1.56721813    1.56666824    1.15308602    1.15226221    1.14863717    0.96021441    1.06640438
SPE4A_MOUSE/135-264     1.23113286    1.31725225    1.31527528    1.33019085    1.38122444    1.34038540    1.16616187    1.19094354    0.86913442    0.80655228    0.75510328    0.00000000    0.43189075    0.54953912    0.50181810    0.31791542    0.25536110    0.25875453    0.34927163    0.24850425    0.47433600    0.95442288    1.63580517    1.51716630    1.15179151    1.21542214    1.19615024    1.01639600    1.09526520
G5BJ31_HETGA/51-180     1.34673404    1.35732875    1.29237650    1.30086782    1.19323764    1.23698909    1.30292437    1.26130728    0.94196869    0.85432137    0.86016506    0.43189075    0.00000000    0.47667402    0.41621786    0.46091487    0.39699069    0.47094597    0.50544882    0.43290222    0.56160794    0.99190252    1.66022995    1.59504918    1.16052255    1.20962628    1.20876164    1.11559675    1.04827772
G5BI82_HETGA/84-203     1.57363383    1.54114236    1.36059066    1.39741366    1.39319761    1.42260214    1.45511544    1.30739176    1.02763038    0.98544960    0.91224846    0.54953912    0.47667402    0.00000000    0.33598159    0.48079687    0.52159123    0.53574020    0.58982177    0.46557078    0.73707772    1.27453237    1.76083354    1.82159110    1.24641965    1.32203649    1.26231547    1.10618990    1.18606971
G5C262_HETGA/59-186     1.39831315    1.39226617    1.26503830    1.36242951    1.39338912    1.35538800    1.37112620    1.34768241    0.96754476    0.96504429    0.90787069    0.50181810    0.41621786    0.33598159    0.00000000    0.50947570    0.54146319    0.51213306    0.54973823    0.51200685    0.66665760    1.24982582    1.55415368    1.83182420    1.28324461    1.31749998    1.27262690    1.14131950    1.17188444
G1PLS5_MYOLU/105-235     1.23048079    1.25333529    1.35722906    1.30642926    1.34606262    1.34978304    1.25724631    1.19255084    0.87528889    0.77923787    0.81748814    0.31791542    0.46091487    0.48079687    0.50947570    0.00000000    0.24242925    0.27183433    0.33739347    0.29000188    0.47633408    0.84102072    1.50462475    1.38908326    1.13961251    1.14414130    1.14608322    1.02698383    1.05874696
G1TTH2_RABIT/121-250     1.21623579    1.26207572    1.32356017    1.28950586    1.33013112    1.32387562    1.24220182    1.22278166    0.82736432    0.76747062    0.74548055    0.25536110    0.39699069    0.52159123    0.54146319    0.24242925    0.00000000    0.23862879    0.32694057    0.26971614    0.45530722    0.86909905    1.63390255    1.52333565    1.18312844    1.22892861    1.17937093    1.02027330    1.04491867
F7BYP6_HORSE/93-222     1.22121396    1.32304459    1.26713148    1.30854301    1.39382357    1.26922889    1.22401769    1.30581853    0.89209438    0.87783571    0.81474173    0.25875453    0.47094597    0.53574020    0.51213306    0.27183433    0.23862879    0.00000000    0.30642065    0.32258366    0.55768298    0.91074094    1.80230139    1.47834139    1.20573973    1.20508246    1.22858753    1.09946959    1.09550200
W5NX93_SHEEP/125-254     1.40163957    1.41845215    1.36456769    1.40371567    1.44211733    1.37086005    1.41609074    1.40392540    1.03670095    0.95861115    0.86012876    0.34927163    0.50544882    0.58982177    0.54973823    0.33739347    0.32694057    0.30642065    0.00000000    0.33664703    0.62024822    1.05090014    1.87681736    1.61318906    1.39500886    1.43268091    1.31568321    1.19507514    1.22024756
A0A2K5TMF6_MACFA/104-233     1.13633521    1.09603760    1.22120005    1.23295266    1.20636426    1.24399686    1.09378738    1.12516443    0.79528443    0.70117118    0.72493346    0.24850425    0.43290222    0.46557078    0.51200685    0.29000188    0.26971614    0.32258366    0.33664703    0.00000000    0.44183228    0.92531544    1.57691875    1.47223311    1.07872009    1.09276951    1.07608945    0.96691592    0.94386885
G3VNV2_SARHA/90-219     1.21978406    1.07308758    1.21657293    1.23959052    1.23017698    1.33763075    1.20095230    1.07954942    0.85102420    0.73211719    0.77143508    0.47433600    0.56160794    0.73707772    0.66665760    0.47633408    0.45530722    0.55768298    0.62024822    0.44183228    0.00000000    0.83641954    1.49399212    1.66062656    1.04797315    1.11936343    1.03273256    1.10681453    1.10418617
F7G222_ORNAN/184-315     1.54461990    1.31997464    1.45092630    1.54586890    1.47224544    1.49082387    1.49273841    1.53075951    1.15329754    1.14574848    1.17654199    0.95442288    0.99190252    1.27453237    1.24982582    0.84102072    0.86909905    0.91074094    1.05090014    0.92531544    0.83641954    0.00000000    1.82303795    1.65016598    1.32522070    1.32983361    1.23661201    1.28384178    1.31806832
A0A7M7HBD6_NASVI/27-152     1.13353278    1.14991686    1.10793043    1.08678947    1.06022607    1.03758605    1.12493489    1.15708700    1.44748347    1.50197745    1.56721813    1.63580517    1.66022995    1.76083354    1.55415368    1.50462475    1.63390255    1.80230139    1.87681736    1.57691875    1.49399212    1.82303795    0.00000000    1.15361407    1.08575101    1.15448210    1.06342134    1.05588859    1.07830392
E9GYL2_DAPPU/105-236     1.38605327    1.21772698    1.28808433    1.34976215    1.36573284    1.19172327    1.39343986    1.23840244    1.67088682    1.57376577    1.56666824    1.51716630    1.59504918    1.82159110    1.83182420    1.38908326    1.52333565    1.47834139    1.61318906    1.47223311    1.66062656    1.65016598    1.15361407    0.00000000    1.34780426    1.63254384    1.32171361    1.29330374    1.21680973
F6XND2_MONDO/39-169     0.75585178    0.77020994    0.62027958    0.61169132    0.60998404    0.59098357    0.67819628    0.68938330    1.20152557    1.05815364    1.15308602    1.15179151    1.16052255    1.24641965    1.28324461    1.13961251    1.18312844    1.20573973    1.39500886    1.07872009    1.04797315    1.32522070    1.08575101    1.34780426    0.00000000    0.41541558    0.32310943    0.52692638    0.57396558
L9KQQ3_TUPCH/64-197     0.75032165    0.72345590    0.80490442    0.77658689    0.73316380    0.71052400    0.74731184    0.69199294    1.24869512    1.09258744    1.15226221    1.21542214    1.20962628    1.32203649    1.31749998    1.14414130    1.22892861    1.20508246    1.43268091    1.09276951    1.11936343    1.32983361    1.15448210    1.63254384    0.41541558    0.00000000    0.36883979    0.56708991    0.62431761
G1PVV4_MYOLU/56-186     0.81098062    0.87533790    0.72592352    0.67518873    0.67983858    0.71691224    0.70220660    0.71403895    1.12463173    1.02214424    1.14863717    1.19615024    1.20876164    1.26231547    1.27262690    1.14608322    1.17937093    1.22858753    1.31568321    1.07608945    1.03273256    1.23661201    1.06342134    1.32171361    0.32310943    0.36883979    0.00000000    0.61341234    0.59266908
F7C4W0_XENTR/62-192     0.62062657    0.56356812    0.55233955    0.57773248    0.58511937    0.61536353    0.56777487    0.50468357    1.00251513    0.97668265    0.96021441    1.01639600    1.11559675    1.10618990    1.14131950    1.02698383    1.02027330    1.09946959    1.19507514    0.96691592    1.10681453    1.28384178    1.05588859    1.29330374    0.52692638    0.56708991    0.61341234    0.00000000    0.31001028
M3XGJ5_LATCH/87-217     0.71623730    0.55447717    0.49915666    0.54853042    0.54815104    0.56311705    0.58749882    0.47886211    1.08041246    1.01435162    1.06640438    1.09526520    1.04827772    1.18606971    1.17188444    1.05874696    1.04491867    1.09550200    1.22024756    0.94386885    1.10418617    1.31806832    1.07830392    1.21680973    0.57396558    0.62431761    0.59266908    0.31001028    0.00000000

