25
G8APQ9_9PROT/40-95     0.00000000    0.30857892    0.33981322    0.34104738    0.48047294    0.64612161    0.36579051    1.13415235    0.48809357    0.26244619    0.29571189    0.53669445    0.41901188    0.35257065    0.55220897    0.47315237    0.55750570    0.60447726    0.58844356    0.63624083    0.67305979    0.49668407    0.41254245    0.52871414    0.46257196
B8ILN3_METNO/27-84     0.30857892    0.00000000    0.34388580    0.63826661    0.56663537    0.61445339    0.48390598    1.11156020    0.54882192    0.46612304    0.47184445    0.72538921    0.61231648    0.46574118    0.72657957    0.64837225    0.62160553    0.82025634    0.67729107    0.64762893    0.76931204    0.72642339    0.56117011    0.62063765    0.67774834
B1LX39_METRJ/36-92     0.33981322    0.34388580    0.00000000    0.59224491    0.47525012    0.84510028    0.42084350    1.14402424    0.50568366    0.37645135    0.45290990    0.77372202    0.44639255    0.68423154    0.89288956    0.71469860    0.75569691    0.88761660    0.79701116    0.88020955    0.79756564    0.80278345    0.59169139    0.75394451    0.66168669
Q2N7P9_ERYLH/18-75     0.34104738    0.63826661    0.59224491    0.00000000    0.60440288    0.76464941    0.61144371    1.48973017    0.68444290    0.47550611    0.47204677    0.59545080    0.55503176    0.61588137    0.68168159    0.61031322    0.55348921    0.63594566    0.80880518    0.92737637    0.63932058    0.56417261    0.63554321    0.74103718    0.53610647
Q21CS6_RHOPB/12-68     0.48047294    0.56663537    0.47525012    0.60440288    0.00000000    0.40261622    0.38331138    1.29369045    0.46922511    0.39640296    0.47749559    0.65077585    0.52704613    0.69839963    0.76657485    0.59786116    0.58540445    0.74185523    0.80714001    0.70520015    0.70787389    0.75748502    0.72192874    0.67410383    0.64524413
A4YUY2_BRASO/5-61     0.64612161    0.61445339    0.84510028    0.76464941    0.40261622    0.00000000    0.59219899    1.46397451    0.66796985    0.67883193    0.68460314    0.93034404    0.97782434    0.72386406    0.83048816    0.75608711    0.79430417    0.84836615    1.02048139    0.75071216    1.06386624    0.82825850    0.95076381    0.92289743    0.81611262
D9QKK8_BRESC/16-70     0.36579051    0.48390598    0.42084350    0.61144371    0.38331138    0.59219899    0.00000000    1.00598682    0.33378691    0.36082642    0.27381242    0.74148772    0.66225244    0.55602020    0.71996978    0.60555082    0.62753988    0.73427487    0.65812699    0.54437530    0.53782246    0.54915734    0.49349582    0.69419031    0.53562246
G4RFE3_PELHB/19-72     1.13415235    1.11156020    1.14402424    1.48973017    1.29369045    1.46397451    1.00598682    0.00000000    1.06510409    1.23160185    1.22553411    1.67174003    1.27136772    1.21728734    1.43831178    1.43733971    1.60728793    1.45629263    1.48654811    1.31767210    1.58659408    1.61411147    1.34505877    1.66904058    1.31579902
B8EJA9_METSB/20-76     0.48809357    0.54882192    0.50568366    0.68444290    0.46922511    0.66796985    0.33378691    1.06510409    0.00000000    0.51669248    0.44844673    0.81737287    0.69480080    0.72826868    0.87065266    0.77546504    0.79787075    0.84046088    0.74767507    0.62895038    0.75859801    0.77520409    0.76928989    0.85901464    0.72977349
B1ZNM2_OPITP/15-70     0.26244619    0.46612304    0.37645135    0.47550611    0.39640296    0.67883193    0.36082642    1.23160185    0.51669248    0.00000000    0.23500254    0.59609950    0.34638094    0.34897663    0.58356033    0.38806308    0.58601088    0.55543926    0.63258462    0.68179413    0.61233858    0.45313843    0.37465255    0.48504326    0.43873666
F5Y2B4_RAMTT/15-70     0.29571189    0.47184445    0.45290990    0.47204677    0.47749559    0.68460314    0.27381242    1.22553411    0.44844673    0.23500254    0.00000000    0.57593111    0.40410518    0.44870820    0.56521771    0.40766113    0.44970191    0.53333166    0.59645019    0.61033364    0.62124897    0.46052388    0.38112584    0.49615258    0.43208367
F4CVX4_PSEUX/24-82     0.53669445    0.72538921    0.77372202    0.59545080    0.65077585    0.93034404    0.74148772    1.67174003    0.81737287    0.59609950    0.57593111    0.00000000    0.53530300    0.51765580    0.67601266    0.58187526    0.55024267    0.57854887    0.68919395    0.79621292    0.69226326    0.65045968    0.62190722    0.72059013    0.49909573
C7PGQ8_CHIPD/15-70     0.41901188    0.61231648    0.44639255    0.55503176    0.52704613    0.97782434    0.66225244    1.27136772    0.69480080    0.34638094    0.40410518    0.53530300    0.00000000    0.44133399    0.55891052    0.42697603    0.50040814    0.46216406    0.50955847    0.68138400    0.54811325    0.42410859    0.41512791    0.48557976    0.40925216
G0FTR0_AMYMS/9-64     0.35257065    0.46574118    0.68423154    0.61588137    0.69839963    0.72386406    0.55602020    1.21728734    0.72826868    0.34897663    0.44870820    0.51765580    0.44133399    0.00000000    0.30145874    0.28252399    0.38536277    0.34328939    0.49037340    0.45840281    0.54592366    0.31229521    0.37249253    0.42422022    0.38553382
R4SUK2_9PSEU/13-68     0.55220897    0.72657957    0.89288956    0.68168159    0.76657485    0.83048816    0.71996978    1.43831178    0.87065266    0.58356033    0.56521771    0.67601266    0.55891052    0.30145874    0.00000000    0.31165439    0.39212136    0.44291055    0.57802420    0.59640058    0.65933848    0.50983426    0.55083979    0.46919070    0.45922690
Q5YVX4_NOCFA/6-61     0.47315237    0.64837225    0.71469860    0.61031322    0.59786116    0.75608711    0.60555082    1.43733971    0.77546504    0.38806308    0.40766113    0.58187526    0.42697603    0.28252399    0.31165439    0.00000000    0.38040155    0.31805395    0.62716147    0.60894157    0.63904125    0.38620205    0.39496099    0.35966676    0.30892666
A6W6U0_KINRD/14-69     0.55750570    0.62160553    0.75569691    0.55348921    0.58540445    0.79430417    0.62753988    1.60728793    0.79787075    0.58601088    0.44970191    0.55024267    0.50040814    0.38536277    0.39212136    0.38040155    0.00000000    0.36715461    0.52425689    0.57418201    0.51744737    0.38595409    0.51028299    0.51906545    0.46102353
V5XDP9_MYCNE/13-68     0.60447726    0.82025634    0.88761660    0.63594566    0.74185523    0.84836615    0.73427487    1.45629263    0.84046088    0.55543926    0.53333166    0.57854887    0.46216406    0.34328939    0.44291055    0.31805395    0.36715461    0.00000000    0.45748882    0.52597124    0.64184211    0.32310114    0.51076984    0.31709044    0.44755253
B0RGU5_CLAMS/13-67     0.58844356    0.67729107    0.79701116    0.80880518    0.80714001    1.02048139    0.65812699    1.48654811    0.74767507    0.63258462    0.59645019    0.68919395    0.50955847    0.49037340    0.57802420    0.62716147    0.52425689    0.45748882    0.00000000    0.34360617    0.68440288    0.49421657    0.54750758    0.49078766    0.64873270
B2GKB2_KOCRD/54-107     0.63624083    0.64762893    0.88020955    0.92737637    0.70520015    0.75071216    0.54437530    1.31767210    0.62895038    0.68179413    0.61033364    0.79621292    0.68138400    0.45840281    0.59640058    0.60894157    0.57418201    0.52597124    0.34360617    0.00000000    0.65171475    0.50251361    0.68394143    0.53226590    0.60730628
H6RPP3_BLASD/11-66     0.67305979    0.76931204    0.79756564    0.63932058    0.70787389    1.06386624    0.53782246    1.58659408    0.75859801    0.61233858    0.62124897    0.69226326    0.54811325    0.54592366    0.65933848    0.63904125    0.51744737    0.64184211    0.68440288    0.65171475    0.00000000    0.27831646    0.46506544    0.61779606    0.51791286
D2S4J9_GEOOG/12-67     0.49668407    0.72642339    0.80278345    0.56417261    0.75748502    0.82825850    0.54915734    1.61411147    0.77520409    0.45313843    0.46052388    0.65045968    0.42410859    0.31229521    0.50983426    0.38620205    0.38595409    0.32310114    0.49421657    0.50251361    0.27831646    0.00000000    0.34967777    0.43480494    0.28222175
U5W9A2_9ACTN/12-67     0.41254245    0.56117011    0.59169139    0.63554321    0.72192874    0.95076381    0.49349582    1.34505877    0.76928989    0.37465255    0.38112584    0.62190722    0.41512791    0.37249253    0.55083979    0.39496099    0.51028299    0.51076984    0.54750758    0.68394143    0.46506544    0.34967777    0.00000000    0.35727351    0.33639886
D7CTV1_TRURR/19-74     0.52871414    0.62063765    0.75394451    0.74103718    0.67410383    0.92289743    0.69419031    1.66904058    0.85901464    0.48504326    0.49615258    0.72059013    0.48557976    0.42422022    0.46919070    0.35966676    0.51906545    0.31709044    0.49078766    0.53226590    0.61779606    0.43480494    0.35727351    0.00000000    0.36632644
D9T4N6_MICAI/17-72     0.46257196    0.67774834    0.66168669    0.53610647    0.64524413    0.81611262    0.53562246    1.31579902    0.72977349    0.43873666    0.43208367    0.49909573    0.40925216    0.38553382    0.45922690    0.30892666    0.46102353    0.44755253    0.64873270    0.60730628    0.51791286    0.28222175    0.33639886    0.36632644    0.00000000

