18
B0UHE0_METS4/25-217     0.00000000    0.69364503    0.75141772    0.71350055    0.75239075    0.79410772    0.85765160    0.89014369    0.77996406    0.80651099    0.91471312    1.08718645    2.69582742    1.68126632    1.44914481    1.34828942    1.53669237    1.38153233
Q0K3X7_CUPNH/27-220     0.69364503    0.00000000    0.57385970    0.58413558    0.65464731    0.72436509    0.69732739    0.93601352    0.98843769    0.93851267    0.86295503    1.41874458    2.27713984    1.52825259    1.43578253    1.38331682    1.47858258    1.45711211
A7IBA7_XANP2/29-219     0.75141772    0.57385970    0.00000000    0.35646438    0.41926277    0.44057058    0.45964716    1.08436973    0.90348156    0.94038313    0.86987864    1.28545276    2.55336515    1.77986770    1.55749321    1.46736116    1.69136699    1.57252562
A4Z3D7_BRASO/29-221     0.71350055    0.58413558    0.35646438    0.00000000    0.36346871    0.32962854    0.39493233    1.06147480    0.98414166    0.95972459    0.74742175    1.33962950    2.51897461    1.72155050    1.45121826    1.51849525    1.65617161    1.65539913
Q6N8X3_RHOPA/27-219     0.75239075    0.65464731    0.41926277    0.36346871    0.00000000    0.26287614    0.32475474    1.01803501    0.93949991    0.89099275    0.89860113    1.21133719    2.88010848    1.75739807    1.60525801    1.57365667    1.70207887    1.64091505
Q218D8_RHOPB/27-219     0.79410772    0.72436509    0.44057058    0.32962854    0.26287614    0.00000000    0.29742429    1.07469417    0.99155950    0.97146468    0.95774160    1.19030679    2.60821689    1.86443887    1.68796405    1.61653611    1.77649930    1.69724520
Q89R11_BRADU/27-219     0.85765160    0.69732739    0.45964716    0.39493233    0.32475474    0.29742429    0.00000000    1.07066358    0.99185142    0.95927306    0.96933985    1.30722876    2.79788629    1.87617446    1.73090004    1.72698745    1.84709127    1.77149272
Q5LUD9_RUEPO/20-208     0.89014369    0.93601352    1.08436973    1.06147480    1.01803501    1.07469417    1.07066358    0.00000000    0.60668712    0.83849197    1.05375573    1.32485869    2.77903047    1.46800477    1.43616842    1.60660868    1.52772445    1.51529034
A8LLY0_DINSH/20-208     0.77996406    0.98843769    0.90348156    0.98414166    0.93949991    0.99155950    0.99185142    0.60668712    0.00000000    0.80426384    1.12503861    1.17631309    2.86975340    1.45711498    1.46114227    1.27858422    1.60708500    1.40303244
A9BST4_DELAS/23-216     0.80651099    0.93851267    0.94038313    0.95972459    0.89099275    0.97146468    0.95927306    0.83849197    0.80426384    0.00000000    0.96708708    1.16060681    2.27860728    1.47064882    1.31362516    1.43103143    1.47330128    1.35382712
Q1LM19_CUPMC/24-216     0.91471312    0.86295503    0.86987864    0.74742175    0.89860113    0.95774160    0.96933985    1.05375573    1.12503861    0.96708708    0.00000000    1.25483516    2.09664361    1.60231946    1.49305619    1.39569669    1.49924029    1.47007979
Q5YY09_NOCFA/30-220     1.08718645    1.41874458    1.28545276    1.33962950    1.21133719    1.19030679    1.30722876    1.32485869    1.17631309    1.16060681    1.25483516    0.00000000    2.56073835    1.69044325    1.76697062    1.49373093    1.66346297    1.35301823
A8M9P5_CALMQ/8-199     2.69582742    2.27713984    2.55336515    2.51897461    2.88010848    2.60821689    2.79788629    2.77903047    2.86975340    2.27860728    2.09664361    2.56073835    0.00000000    2.35437140    2.06429895    2.17033841    2.04407218    2.05156748
A4FLQ1_SACEN/23-215     1.68126632    1.52825259    1.77986770    1.72155050    1.75739807    1.86443887    1.87617446    1.46800477    1.45711498    1.47064882    1.60231946    1.69044325    2.35437140    0.00000000    0.36837358    0.45914566    0.48157279    0.43331413
D7BSP8_STRBB/24-218     1.44914481    1.43578253    1.55749321    1.45121826    1.60525801    1.68796405    1.73090004    1.43616842    1.46114227    1.31362516    1.49305619    1.76697062    2.06429895    0.36837358    0.00000000    0.50286173    0.53408019    0.44743295
A6WFT3_KINRD/39-236     1.34828942    1.38331682    1.46736116    1.51849525    1.57365667    1.61653611    1.72698745    1.60660868    1.27858422    1.43103143    1.39569669    1.49373093    2.17033841    0.45914566    0.50286173    0.00000000    0.38272086    0.36729947
A0K0U4_ARTS2/24-218     1.53669237    1.47858258    1.69136699    1.65617161    1.70207887    1.77649930    1.84709127    1.52772445    1.60708500    1.47330128    1.49924029    1.66346297    2.04407218    0.48157279    0.53408019    0.38272086    0.00000000    0.34166381
B0RG48_CLAMS/24-217     1.38153233    1.45711211    1.57252562    1.65539913    1.64091505    1.69724520    1.77149272    1.51529034    1.40303244    1.35382712    1.47007979    1.35301823    2.05156748    0.43331413    0.44743295    0.36729947    0.34166381    0.00000000

