126
Q2S1T3_SALRD/57-150     0.00000000    1.52819049    1.51535208    1.89746542    2.03319870    1.88021537    2.33482289    2.07977769    1.90646761    1.94697229    1.55758675    1.70472443    1.99624498    1.80151820    1.83587865    1.89418181    1.96667331    2.11665027    1.78268347    2.08544721    2.03290612    2.25407680    1.74452560    2.09868570    1.60095907    1.47821116    2.07828174    1.56610846    1.88719580    1.84816990    2.07525855    2.01881215    2.34426543    2.24704131    1.59373713    1.92305506    2.03245474    2.30351453    2.39074109    2.65036655    2.36900981    2.38100253    1.98533141    2.17536939    2.33207998    2.25585130    2.45734355    2.41470410    2.87159594    2.31687877    2.02418377    2.78883809    2.46845140    2.75572354    2.37820028    3.03109399    2.11270526    2.06595249    2.83125416    2.12405518    2.25407725    2.69991315    2.38038479    2.46458382    2.57087543    2.37233770    2.34523041    2.38414975    3.04039400    2.55436808    2.61304645    2.30120552    2.73731160    2.28893617    2.35102492    2.50014323    2.12196800    1.92356225    2.39264765    2.53039499    1.83989316    1.54357825    1.83730047    2.28250852    1.95463817    2.01364108    1.93972804    1.83516907    1.95448889    2.17011602    1.89261059    1.76902958    1.93089643    1.85484515    1.90692997    1.94370330    1.98037847    2.19658868    1.96296385    1.39113520    1.73543608    1.50714936    1.63247701    1.82463383    1.65701144    2.58035942    2.58477211    2.50387649    2.56562768    2.56570463    2.71349681    2.31327241    2.69998854    1.83634544    1.72182033    1.98950239    1.37569220    2.31992144    2.34739085    1.71431427    2.40630327    2.05966375    2.30461579    2.09967732    2.05440905    2.07530663
B3QV35_CHLT3/100-187     1.52819049    0.00000000    1.38570769    1.81314569    1.81527023    1.80569952    1.89815295    1.79477182    1.64006272    1.69780651    1.74354306    1.88004975    1.99132181    1.86039711    1.68158895    1.87649171    1.99037603    1.94584592    1.94928710    1.93550171    2.02836984    1.98704836    1.41169549    1.79687183    1.39696453    1.83940559    1.60013222    1.48951244    1.61848452    1.63218620    1.68276831    1.56495810    1.88621647    1.87256749    1.71390717    1.65461122    1.55162401    1.89080869    2.02174798    1.72747733    2.75832773    2.22823775    2.37144741    2.57649796    2.30386793    2.24161452    2.59372477    2.57663299    2.47656748    2.42972835    2.90383189    2.63689538    2.74589133    3.03547335    2.50673857    3.49171226    2.82460162    2.25116927    2.50993979    2.16112636    1.95176605    2.11827570    2.20316612    2.14966078    2.23489460    2.01994805    2.03508471    2.13030769    2.66805065    2.24522741    2.20987828    2.28507957    2.14460087    1.94420702    2.08924658    2.24770905    2.22410992    2.21598876    2.46284574    2.66445992    2.46785104    1.82997560    1.50540622    1.48788184    1.24753198    1.30587303    1.46786643    1.53804846    1.46974932    1.49092614    1.26516542    1.68499569    1.87581427    1.49314845    2.07115091    1.95132575    1.99667453    1.86624402    2.28002869    1.55399088    1.38799294    1.50586766    1.63344497    2.03259122    1.83924411    3.17366085    3.39843834    3.11639534    3.21516719    3.26893372    3.13116161    2.98392512    3.05634255    1.85919351    1.81769150    2.12127082    1.42038999    2.04101369    1.76107772    1.87512214    2.03262869    1.82180127    1.77968312    1.91311490    1.92757187    1.65329814
H1XXB2_9BACT/57-147     1.51535208    1.38570769    0.00000000    1.65442988    1.72887230    1.34740170    2.26219344    1.79315841    2.03352743    1.99753634    1.68613373    1.83923995    2.00982333    1.73064741    1.93140343    1.89521481    2.08032356    2.08955188    1.65640137    2.11165724    1.94320581    2.08939791    1.67222004    2.09433504    1.75845177    1.95268175    1.87310430    1.49508763    1.91120071    1.80113005    2.21741765    2.08191720    1.87851058    2.03751963    1.73173819    1.68405957    1.75340040    1.76014613    2.15051855    2.79288068    2.90666434    2.30372999    2.26902601    2.80894142    2.97384801    3.18168294    3.08844577    3.20266603    2.99293246    2.71027127    3.41433977    3.22928027    3.20983941    3.06859029    3.19415920    4.40358362    3.92411370    2.72592474    3.55417227    3.29540230    2.29667300    3.33972618    3.17600741    2.95602750    3.21898964    2.80816991    3.16212082    3.13269122    3.92035463    3.40989262    3.40161746    2.86016150    2.87685303    2.97304421    2.71385494    3.06376448    2.83946236    2.77576795    2.66010902    2.79956480    2.30850541    1.92503472    1.67712786    1.98311758    2.25741889    2.05092835    2.12627642    1.90855100    2.02469170    2.14369991    1.72673547    1.88857038    2.14664218    1.74739861    2.05909389    2.09884803    1.92262174    1.89991197    2.18811398    1.74205627    1.47579060    1.48209414    1.79541767    2.07819610    1.63232089    3.44078442    3.06721480    2.98482399    2.74145870    3.19180876    3.19858224    3.08366155    3.04352038    1.94128183    1.90343396    2.10974570    1.76340746    2.50657141    2.29104453    1.73263283    2.61147187    2.09989078    2.17413167    2.12698536    2.24119064    1.64204498
I6ZYP1_MELRP/38-128     1.89746542    1.81314569    1.65442988    0.00000000    0.95621370    1.24413080    2.03779669    2.08505585    2.05901364    2.25005913    1.98969907    2.25022219    1.76876335    1.72230533    1.82193349    2.06765180    1.89908272    1.98698890    1.85386343    1.88224169    1.94522287    1.89481386    1.78834325    1.74340834    1.51020242    1.62559054    1.62445129    1.88179292    2.35849314    2.52618534    2.23501667    2.43092270    2.02109571    2.01847788    1.80919464    2.18380905    2.09555708    1.82559936    2.32521312    2.93213959    2.48300023    3.11587037    2.68056420    2.80734895    2.56079393    2.93847602    2.79255972    2.57003620    2.82539216    2.59811932    3.43132970    3.08164202    2.97237723    2.79087170    2.74856013    3.33834663    2.91497661    2.46669763    2.41942048    2.47522531    2.83084446    2.91909460    2.46446208    2.63685944    2.43836811    2.66511022    2.92184462    2.83078046    2.95048206    2.59635339    2.76800130    2.72062896    2.64615923    2.60740364    2.60257304    2.59382498    2.13810870    2.23027902    2.91002416    2.83805786    2.06464347    2.11009118    2.09659651    1.95971058    1.74483608    1.76302136    2.00231576    2.17448401    1.80282990    1.97210906    1.97356806    2.14707190    1.98501545    2.51464963    2.34147694    1.85595870    1.75017375    1.85201142    1.99543451    1.73232484    1.70985850    1.87512821    1.57173610    2.16948733    2.49853292    3.06597309    3.78827098    3.57949393    3.51027913    3.95445157    3.48675355    3.57771440    3.39864492    2.72706175    2.24663285    3.09914149    1.84356080    2.56071033    2.10759332    2.45857139    2.33170021    2.50525227    2.45134615    2.55935278    2.56625093    1.61532406
I0AIS7_IGNAJ/39-129     2.03319870    1.81527023    1.72887230    0.95621370    0.00000000    1.43235901    2.12895793    2.12362661    2.34185234    2.46625718    1.91135957    2.41769385    1.99825879    1.57873585    1.67545948    2.09496717    1.89282767    1.87695790    1.90337202    2.05454761    1.98121087    1.99293362    1.68174580    1.79492157    1.78289680    1.79704728    1.91769010    2.13718492    2.42715641    2.40584326    2.31864502    2.29628410    2.11811722    2.41356551    1.97564776    1.91058594    2.00733429    1.87857414    2.13296322    2.71879841    2.82915039    2.81282639    2.79465287    2.93544608    2.85496851    3.05968461    3.22086603    2.89843900    2.67672530    2.84347250    3.87938228    3.21452436    3.53644201    3.60234211    3.12298448    3.80357051    3.79165862    3.26388323    3.24986591    3.25288654    2.95348267    3.24104212    3.16687034    2.92936569    2.90180513    2.94742316    3.25447108    3.16754255    3.01435772    3.33774637    3.36531546    3.15713940    3.28596624    3.41183185    3.16801263    3.72473193    3.21567067    3.23363031    3.75552387    3.22927565    2.56356711    1.95033169    2.41575025    1.89063189    1.98809065    1.67718111    2.20126466    2.05870410    1.73934906    1.98070076    2.18672418    2.23368642    2.70992595    2.70039114    2.09095307    2.10517751    1.83986344    1.99107095    2.28183058    1.88879125    1.90749065    2.09828938    2.00898762    2.57797572    2.50405951    2.96892980    3.53947479    2.99684348    3.31613663    3.65423711    3.17928369    3.26571645    3.87725765    2.45633969    2.50994476    2.95368832    1.97786742    2.36823207    2.22287332    1.88962798    2.37106144    1.89287489    2.00954382    2.29705953    2.19687569    2.04463324
H1XSK8_9BACT/34-124     1.88021537    1.80569952    1.34740170    1.24413080    1.43235901    0.00000000    1.48481139    1.91038771    1.86313812    2.10512928    1.95648992    1.71415602    1.60582327    1.64279435    1.86119755    1.90621869    1.73719896    1.70866698    1.79353140    2.06662997    1.80506634    1.74764564    1.98198129    1.67379447    1.61992963    1.71172977    1.83221093    1.98658037    2.13417311    2.22850322    2.21597797    2.24214755    2.01237797    2.08302795    1.90081273    2.06178159    1.94239215    2.12845687    2.18439969    2.55650183    2.24403246    2.01807055    2.15803223    2.65915043    3.06298140    3.32781907    3.20321018    2.99033999    3.09445308    2.91149634    3.46353149    3.26569010    3.11932265    2.68106263    3.39481009    3.35328112    3.14096150    2.43873814    2.30454436    2.52591680    2.32040598    2.63862002    2.51765871    2.18324467    2.46250603    2.24772575    2.51530185    2.51807483    3.13825390    2.43953599    2.47443736    2.37504191    2.26689584    2.11060838    2.50358010    2.44866738    2.35133574    2.57412470    2.60392839    2.60519271    2.44038508    2.02053527    1.91251101    1.68972218    1.61660367    1.50717938    1.39649208    1.80191700    1.62552168    1.71148055    1.77027745    1.66893194    1.87978522    1.73792382    1.93938632    1.57957204    2.08049410    2.03205703    1.88677735    1.56218811    1.68055644    1.59046636    1.63385460    2.21076646    2.23559188    2.38254788    2.55036271    2.28924271    2.48996478    2.69190441    2.44121048    2.70638722    2.59671530    2.41835957    1.79958185    2.11114402    1.76012203    2.24205231    1.62509792    2.00406953    2.00784295    2.16380891    2.11370184    2.19000001    2.37020321    1.48373070
D9S9C9_FIBSS/65-156     2.33482289    1.89815295    2.26219344    2.03779669    2.12895793    1.48481139    0.00000000    2.06846093    1.83792186    2.81529711    1.82617981    1.82482621    2.23111129    2.55849667    2.03633657    2.28103929    2.13076598    2.14850757    2.36620555    2.15075678    2.37311911    2.64066357    2.07212220    2.02133188    2.52266504    2.01439940    2.39998211    2.00873504    2.04898949    2.51340593    2.25316749    2.13674307    2.54485488    2.60521159    2.54777528    2.46314592    2.44942577    2.25842205    2.53310844    3.48787936    3.40702755    2.48549394    3.17418170    3.39580773    2.75201831    3.16287652    3.75711399    3.13343078    3.08117702    2.71291832    2.98364241    3.69663504    3.27742859    3.87682169    3.25883771    4.05902893    3.20876506    2.96465834    2.99071316    2.77835606    2.41426738    2.57899414    2.47155430    2.37503547    2.30115057    2.16249993    2.69097080    2.68280869    3.11662312    2.64537066    2.47186256    2.51765173    2.56161377    2.52141613    2.59948943    2.46954907    2.49959784    3.00082633    2.87785316    3.00907792    2.96390945    2.14961175    2.12051462    2.32886162    1.98581818    1.85541509    2.14717543    2.61064286    2.26715134    2.02765831    2.29379021    2.36478941    2.48509866    2.56959234    1.98628268    2.10549249    2.29814664    1.99758759    2.45520109    2.19367424    1.91188369    1.71231169    2.04683421    2.40172402    2.61138618    2.81524899    3.54195510    3.65762109    2.90248651    2.97199284    3.22370937    2.93371053    3.42857162    2.27777392    2.17133723    2.34636635    2.33290474    2.66624313    2.48810226    2.69736576    2.79977494    2.94520082    2.58846102    2.73574636    2.84430464    2.51843720
U5Q7L2_9BACT/58-149     2.07977769    1.79477182    1.79315841    2.08505585    2.12362661    1.91038771    2.06846093    0.00000000    1.01172742    0.85559529    1.28324307    1.55991962    1.35290323    1.45860429    1.33009277    1.55005553    1.55970237    1.70806851    1.21001490    1.49952049    1.32077698    1.35735196    1.30544103    1.35135805    1.30942748    1.14086721    1.46941995    1.45287294    1.50621793    1.52389672    1.46268401    1.36691293    1.24201247    1.32200830    1.54320421    1.23199963    1.44852650    1.49708292    1.43680654    1.91592559    2.25980108    1.24826938    1.41399671    1.66152348    1.65497550    1.82224294    2.00942730    1.81249029    1.82034855    2.07828093    2.19287442    1.66027491    2.08945749    2.12199590    2.15180097    1.95611429    2.11350267    1.74450162    1.85584013    1.68852535    1.76106269    1.80017358    1.84570665    1.66560060    1.71581064    1.67135583    1.86782363    1.74486735    2.11650970    1.79085419    2.11651721    1.77661915    1.92023404    1.84142928    1.83216496    1.67247282    1.44975152    1.56332380    1.65880521    1.68668040    1.68774707    1.20301519    1.34590075    1.27560794    1.33320434    1.14876832    1.13306422    1.27990125    1.21453380    1.30931478    1.81624498    1.51592056    1.64869138    1.46784779    1.65671152    1.66183289    1.72017808    1.54664931    1.66258590    1.38829689    1.39771386    1.50508946    1.29538657    1.58099065    1.62081021    1.74296224    1.82070653    1.87050579    1.78715691    1.83912185    1.70227541    1.95711609    1.86834574    1.28001446    1.28054040    1.29374074    1.56971727    1.34382037    1.35279088    1.33986360    1.29384475    1.04847410    1.02965616    1.10251820    1.08591958    1.30425318
R6U602_9BACE/64-154     1.90646761    1.64006272    2.03352743    2.05901364    2.34185234    1.86313812    1.83792186    1.01172742    0.00000000    0.85273670    1.59338659    1.28569072    1.39472595    1.67986204    1.33112425    1.74980554    1.61000315    1.84943811    1.42962573    1.67030690    1.60355592    1.70770569    1.39313296    1.57914338    1.34131157    1.25026434    1.55947920    1.36550799    1.48866113    1.66289689    1.52187128    1.42805277    1.50778493    1.57456608    1.47186781    1.51461392    1.52047332    1.63793019    1.79417915    2.40252376    1.88009925    1.72990068    1.38629638    1.52405911    1.58523069    1.68519129    1.97147180    1.74262367    1.76071566    2.00685865    2.01528695    1.74544037    1.92267520    2.43246443    2.32402845    2.13387971    2.03887288    1.93792099    2.20395413    2.01881616    1.59715388    1.55168898    1.53478974    1.49472298    1.48558059    1.43579135    1.54012917    1.66596853    1.76217579    1.88856855    2.12712037    1.83251807    1.75804330    1.43703547    1.58948614    1.60529160    1.50598035    1.69042883    1.66040530    1.97164197    1.48368666    1.01897520    1.07940810    1.18512780    1.24472691    1.43688027    1.17816576    1.23700793    1.16929311    1.14812950    1.71238517    1.52229051    1.49095410    1.51664491    1.49792472    1.37484008    1.41713532    1.33600621    1.49877363    1.29113892    1.26790831    1.26178065    1.20419929    1.82567892    1.40158801    1.98046862    2.49320353    2.24327549    2.28751488    2.23160562    2.14980267    2.30446182    2.33847555    1.38364891    1.21674274    1.34661701    1.51419029    1.31079087    1.19505841    1.50540936    1.40537423    1.45562769    1.39848764    1.38751115    1.34416287    1.49857389
R5IBN2_9BACT/89-185     1.94697229    1.69780651    1.99753634    2.25005913    2.46625718    2.10512928    2.81529711    0.85559529    0.85273670    0.00000000    1.55712866    1.42798781    1.33717719    1.44270782    1.39523719    1.32178824    1.40205985    1.52382109    1.31504752    1.58932055    1.53060514    1.32940561    1.42408628    1.44628017    1.51123254    1.39787038    1.44088784    1.73829942    2.01853783    1.87331214    1.75958366    1.87900987    1.69069794    1.79036283    1.58262201    1.52731330    1.83395528    2.07331196    1.57296046    2.13814082    2.01058331    1.50794029    1.46260104    1.55090467    1.48513240    1.40467196    1.63528343    1.46721058    1.97248956    1.82921543    1.98383963    1.56019539    1.77737588    2.01394787    2.26437078    2.08141228    1.82921534    1.74062807    1.85008908    1.87590279    1.75509334    1.80941204    1.69598262    1.67039396    1.65941148    1.52127947    1.68204287    1.65362234    2.21533113    1.66543407    2.15408776    1.79452835    1.73359634    1.51653852    1.56977926    1.58257280    1.51775895    1.69901580    1.49810919    1.61055114    1.45148694    1.15611436    1.54920477    1.23288658    1.16153884    1.31235846    1.17245533    1.08848854    1.07477707    1.22054875    1.55247307    1.51505932    1.43772582    1.34063305    1.66163282    1.58884144    1.72794633    1.64419818    1.72446346    1.25598383    1.51252019    1.31798122    1.38460849    1.88884619    1.51339146    2.05038079    2.21106845    2.21310992    2.38609383    2.10359039    1.99833849    2.19054835    2.20371821    1.34457279    1.14119657    1.09013028    1.77866654    1.23256446    1.32430030    1.41645331    0.96118664    1.14911547    1.13378624    1.14681651    1.03904955    1.21001326
H8KRM3_SOLCM/39-129     1.55758675    1.74354306    1.68613373    1.98969907    1.91135957    1.95648992    1.82617981    1.28324307    1.59338659    1.55712866    0.00000000    1.26516834    1.21935817    1.37010255    1.42262188    1.70043061    1.59797175    1.64376810    1.51946511    1.59174622    1.98916383    1.97089585    1.46287071    1.40398542    1.44763236    1.26758097    1.43014979    1.85618772    1.89238236    1.90673220    1.90785085    2.00799098    1.74069881    1.78781388    1.57538186    1.47041624    1.64100769    1.95649343    1.74824653    1.93844717    2.19818366    1.56458645    1.26884711    1.40766377    1.84537629    1.43587987    1.78347047    1.61460561    1.77008285    1.68023125    1.65706229    1.58449481    1.64643475    2.25602631    1.98040476    2.47874971    1.99806412    1.48100705    1.52134421    1.58099648    1.83093480    1.83830996    1.84512473    1.80549672    1.74454788    1.77917217    1.82170912    1.71814876    2.25412150    1.80156028    1.93868053    1.78474250    1.78791064    1.50948173    1.73663488    1.87089657    1.75361546    1.95475045    1.90096623    2.11202488    1.44407715    1.11649416    1.64455975    1.30371342    1.49496504    1.42201804    1.39996859    1.50095606    1.43090428    1.29369552    1.44460745    1.61976942    1.86176342    1.48734539    1.49874986    1.72617369    1.73026533    1.85680796    1.95027603    1.45777460    1.47924470    1.41316656    1.72262934    2.02625207    1.79777616    1.97531532    1.97058830    2.34472450    1.75568713    2.01096109    1.90255980    2.03240023    2.36971161    1.46769145    1.26449556    1.41573202    1.73520088    1.59288976    1.74576400    1.39994372    1.55292210    1.23616806    1.31870700    1.35087082    1.32175135    1.28710792
A0A6N4SS52_CYTH3/54-146     1.70472443    1.88004975    1.83923995    2.25022219    2.41769385    1.71415602    1.82482621    1.55991962    1.28569072    1.42798781    1.26516834    0.00000000    1.60675629    1.58277989    1.59645752    2.08405181    1.80097790    1.88481181    1.82943602    1.70859984    2.12859965    2.18863930    1.88364544    1.92032041    1.63264889    1.50848301    1.53705928    1.73180289    1.54113968    1.69995281    1.68205130    1.76324189    1.86985038    1.91219520    1.84462487    1.53102509    1.72481314    2.02380230    2.14555443    1.72795460    1.94225294    1.67632608    1.89450989    2.01267389    2.35637879    2.16692091    2.31744553    2.20222351    3.16119254    2.96618252    2.86998611    2.47013980    2.51175858    2.35941030    2.32760427    2.70287574    2.36769408    2.14193373    2.21666319    2.21592895    1.98409293    2.22778013    1.93207277    2.06834338    2.04762141    1.96341560    2.14113463    2.16360431    2.37865280    2.28637845    2.21595046    2.09232131    2.12492404    1.91459785    2.06043623    2.40804551    2.02514320    2.22138199    1.98835905    2.04564744    1.56198130    1.16729538    1.29242280    1.40405638    1.39374304    1.39921012    1.33315994    1.29669360    1.20096901    1.18154144    1.96926222    1.87628981    1.83315650    1.77076794    1.61644710    1.74951772    1.84434415    1.76195564    1.84335648    1.48293175    1.61387751    1.27662114    1.47589504    1.82383092    1.52997497    2.52611142    2.45963434    2.33879150    2.24736766    2.49969254    2.58764904    2.45543476    2.64244185    1.45312786    1.30547342    1.54376373    1.77317253    1.58404248    1.78476750    1.80920134    1.18414266    1.86877393    1.62716001    1.76374240    1.80763149    1.41395490
F0S9W1_PSESL/39-130     1.99624498    1.99132181    2.00982333    1.76876335    1.99825879    1.60582327    2.23111129    1.35290323    1.39472595    1.33717719    1.21935817    1.60675629    0.00000000    0.89343678    0.61652310    0.77648337    0.70915196    0.63840359    0.66597313    0.56077118    0.74408199    0.56367073    0.50249772    0.74276360    1.03197224    0.71134227    0.91688177    1.32881065    1.38363280    1.30252133    1.26395630    1.29628491    1.47121573    1.37140082    1.14534181    1.02353000    1.24903678    1.26071661    1.58497965    2.14891332    1.77788375    1.51800297    1.30151395    1.41240517    1.79515898    1.57211323    1.72058912    1.63698595    1.88608062    1.74138908    1.69407517    1.87420882    1.86005280    2.17861854    2.02872803    2.45857015    1.88270537    1.84361464    1.92251028    1.75616928    1.75799110    1.74274745    1.67368974    1.63058024    1.65030945    1.53564855    1.87245272    1.69920461    2.15712867    1.79945703    1.99895355    1.36295598    1.68794486    1.56415414    1.59840385    1.59058759    1.48662970    1.45827402    1.83822252    1.57020908    1.36247283    0.92069208    1.22176551    1.00428227    1.11093318    1.07781678    1.24539947    1.21552830    1.05157597    1.15773631    0.97116799    1.09112719    1.06558473    0.89114558    1.34030019    1.50154120    1.22489317    1.53996452    1.44208655    1.31857417    1.32907334    1.45298736    1.05030881    1.85647081    1.45524529    2.57050827    2.38348556    2.33757520    2.34661924    2.56318740    2.08944357    2.20046159    2.47531232    1.69286435    1.06630480    1.16944879    1.22243639    1.25001824    1.22145381    1.08847801    1.10570550    1.41113240    1.53484909    1.62164987    1.37279554    1.39294257
C7M9E5_CAPOD/54-147     1.80151820    1.86039711    1.73064741    1.72230533    1.57873585    1.64279435    2.55849667    1.45860429    1.67986204    1.44270782    1.37010255    1.58277989    0.89343678    0.00000000    0.33116326    0.91926873    0.61355891    0.65202868    0.77870700    0.83582703    0.85452149    0.87693052    0.75947869    0.99458584    0.96169723    0.79052161    1.19157836    1.37801635    1.39524131    1.35895868    1.34541988    1.40476201    1.39935629    1.47643046    1.21368803    1.09503241    1.29830016    1.31935830    1.44073269    1.76072894    1.35858182    1.63216665    1.33376705    1.63517568    1.69574764    1.70850953    1.78547353    1.83398417    1.85911597    1.70969484    1.99980313    1.74002372    1.96309981    2.27102396    2.06822159    2.06059270    1.77651813    1.98730810    1.89510242    1.97413412    2.08109153    2.03579059    2.14048797    1.95516932    1.90660178    1.89891795    2.17497123    2.12494228    2.21453580    2.17296435    2.15824602    2.04259728    1.93721999    1.87873548    2.08673113    2.13839574    1.96135245    1.85330877    2.12409466    1.90355889    1.83665821    1.15432106    1.31742478    1.17503678    1.22796023    1.26930436    1.29928240    1.26791150    1.24953731    1.38423316    1.33367591    1.47036035    1.29511569    1.02427755    1.52787030    1.88013823    1.49583343    1.50961705    1.63186661    1.13653372    1.18738356    1.19992484    1.16461947    1.56771141    1.55170992    2.04839213    2.00352306    1.88460815    1.99133673    1.95044807    1.74368521    1.92346581    1.82730902    1.76890233    1.60504137    1.46084004    1.24188809    1.32734523    1.26532384    1.17370669    1.57890276    1.49431564    1.46816456    1.55241054    1.43394345    1.43534090
F9YVI4_CAPCC/37-129     1.83587865    1.68158895    1.93140343    1.82193349    1.67545948    1.86119755    2.03633657    1.33009277    1.33112425    1.39523719    1.42262188    1.59645752    0.61652310    0.33116326    0.00000000    0.79279437    0.56444777    0.52892845    0.59246199    0.61902816    0.70165051    0.75781305    0.54922819    0.84033907    1.12119623    0.81805641    1.04839037    1.32789490    1.20040373    1.27414430    1.13761238    1.25579387    1.48871308    1.39970670    1.20311780    1.03039678    1.31508270    1.20097198    1.21787371    1.80806943    1.59862588    1.47877582    1.19482059    1.39885418    1.70587952    1.59015718    1.86720517    1.73754340    1.73334210    1.62008140    1.86251009    1.83688892    1.96532489    2.02104269    2.17712821    2.14085163    1.83341096    1.74504977    1.90651363    1.64605696    1.90951333    1.72391488    1.74434189    1.71129533    1.57867590    1.50448746    1.75741386    1.79710293    1.92275997    1.87727493    1.99326986    1.70152984    1.60378439    1.59445438    1.77460209    1.88008735    1.67097883    1.71243048    2.09099367    1.66859637    1.50595341    1.05953343    1.14625867    1.05700630    1.03730638    1.04454843    1.24753950    1.18689703    1.15469976    1.35657372    1.10605838    1.35991592    1.27351468    1.02010324    1.28010120    1.41339033    1.19157190    1.18509260    1.35235921    1.16670840    1.19038753    1.19807219    1.02980720    1.48662625    1.52559431    2.18295752    1.95280954    1.90380095    2.08257034    1.93079798    1.84473951    1.86526428    2.01642340    1.68703055    1.43805079    1.39630117    1.06073330    1.21509502    1.23877850    1.08048277    1.42521888    1.24878914    1.29734249    1.44492819    1.33418975    1.52616348
F4B2E2_DOKS4/42-135     1.89418181    1.87649171    1.89521481    2.06765180    2.09496717    1.90621869    2.28103929    1.55005553    1.74980554    1.32178824    1.70043061    2.08405181    0.77648337    0.91926873    0.79279437    0.00000000    0.63808428    0.67542909    0.85518711    0.84187496    0.85036522    0.81660543    0.78634711    0.84498496    1.41162882    1.12188326    1.31125507    1.40455244    1.36023582    1.31677433    1.22499943    1.26730896    1.57296386    1.37965383    1.04597157    1.18443646    1.36386249    1.69291951    1.49288748    1.99907992    1.51427155    1.78654480    1.37081522    1.39223409    1.90060707    1.61231543    1.81098646    1.65752487    1.58965301    1.60748201    1.65280774    1.81077714    1.90057456    1.79089090    1.81397501    2.18516986    1.91851915    1.53699644    1.65659904    1.55742494    1.68759811    1.80120220    1.87675408    1.93057370    1.77057172    1.82189333    1.93770399    1.72605030    2.03755864    1.88208688    1.87672949    1.70239447    1.60123051    1.46732856    1.46658911    1.59724574    1.62256501    1.59165642    1.78491403    1.60057555    1.75228647    1.17309300    1.67042695    1.30474917    1.33644847    1.34809052    1.41024222    1.47877197    1.40606260    1.53909929    1.38477935    1.32453149    1.52304264    1.19208172    1.75388946    1.86728241    1.62964921    1.35146824    1.80840892    1.17629514    1.52455686    1.48814496    1.21818482    1.68332537    1.60566755    2.63747183    2.42919086    2.29379912    2.44916333    2.45029901    2.11236653    2.20230802    2.25412798    1.72240625    1.67649046    1.58880607    1.22580195    1.43386375    1.17453823    1.19595009    1.52925297    1.45310321    1.69633849    1.37843364    1.43513882    1.39914703
I3YVH8_AEQSU/42-135     1.96667331    1.99037603    2.08032356    1.89908272    1.89282767    1.73719896    2.13076598    1.55970237    1.61000315    1.40205985    1.59797175    1.80097790    0.70915196    0.61355891    0.56444777    0.63808428    0.00000000    0.32267966    0.74018110    0.63762957    0.73398616    0.71618607    0.73455556    0.95536341    1.04003285    0.76140393    1.25662254    1.38908262    1.36564546    1.40046477    1.23113894    1.28314747    1.44930992    1.53436401    1.11278127    1.12714603    1.24297861    1.31327928    1.50914051    2.10486572    1.46775582    1.72656705    1.32238936    1.53863628    1.78750238    1.64660393    1.97471201    1.79641939    1.92452227    1.54651735    1.90989919    1.97104417    2.01423564    1.87225261    1.88501897    2.01075911    1.73575729    1.52463080    1.72080577    1.43061179    1.67743219    1.58953183    1.60914418    1.78312103    1.46255041    1.52975157    1.80861761    1.49072768    2.02363827    1.74481978    1.71960708    1.49806695    1.51210971    1.46863783    1.50369256    1.61624775    1.64215976    1.58285256    1.74622525    1.96014538    1.77727420    0.99688309    1.52800242    1.03021028    1.11038705    1.12706203    1.26466639    1.09807739    1.26295034    1.32935324    1.29275890    1.45332122    1.37410851    1.01106049    1.53170793    1.59184428    1.34916383    1.30911316    1.57054306    1.13441073    1.33834813    1.26414237    1.33344414    1.81119165    1.73112955    2.67390398    2.33436245    2.38298316    2.56456054    2.60040903    2.20277483    2.29734178    2.35794417    1.98176405    1.59192115    1.59495959    1.31971765    1.37555856    1.19022333    1.45253364    1.45356691    1.58493519    1.50289903    1.57766896    1.47712851    1.57701559
A3U6X0_CROAH/40-133     2.11665027    1.94584592    2.08955188    1.98698890    1.87695790    1.70866698    2.14850757    1.70806851    1.84943811    1.52382109    1.64376810    1.88481181    0.63840359    0.65202868    0.52892845    0.67542909    0.32267966    0.00000000    0.77155654    0.63145362    0.62458910    0.70669499    0.68109718    0.94502241    1.04651880    0.81547008    1.30788278    1.60486493    1.49488050    1.64796072    1.32939315    1.47282296    1.66112562    1.72450954    1.43584776    1.33403217    1.50628346    1.54528216    1.58225379    2.10489211    1.55730142    1.80173759    1.61964075    1.83638159    2.08702831    1.80828014    2.16431069    1.91433532    2.01268490    1.63882117    2.14890721    2.00165365    2.30038397    2.15219224    2.14949853    2.35475344    1.98552140    1.60154811    1.96098199    1.72999994    1.93550008    1.60371358    1.69938554    1.73626265    1.60460550    1.60512932    1.90565780    1.70876595    2.07014160    1.74692783    2.08576011    1.73800246    1.74643205    1.56613929    1.74580469    1.95796662    1.83449682    1.70547701    2.01533301    1.98451005    1.96710248    1.10909281    1.68254009    1.14869605    1.21459832    1.32172048    1.35343908    1.17241844    1.19926372    1.33840848    1.23111880    1.43651418    1.36036481    1.11887283    1.45832844    1.63296889    1.45459263    1.31020799    1.55646172    1.16473267    1.30638323    1.34184903    1.23903273    1.73586282    1.77006122    2.76093132    2.43768222    2.46119562    2.61278683    2.55684830    2.35136307    2.34771634    2.40648797    2.08486825    1.62290954    1.42770266    1.50254584    1.35468044    1.36771700    1.32804611    1.41951271    1.44659989    1.44764479    1.47682300    1.37593042    1.57099529
H1ZE66_MYROD/41-130     1.78268347    1.94928710    1.65640137    1.85386343    1.90337202    1.79353140    2.36620555    1.21001490    1.42962573    1.31504752    1.51946511    1.82943602    0.66597313    0.77870700    0.59246199    0.85518711    0.74018110    0.77155654    0.00000000    0.52131148    0.67392017    0.62906854    0.60006270    0.80742239    0.98475613    0.67658010    1.24193172    1.19922086    1.36288404    1.26881150    1.21347416    1.27009059    1.32072704    1.35368902    1.14177363    1.21626478    1.40319532    1.48207244    1.48345087    1.88422021    1.65356660    1.54425544    1.38485200    1.52604706    2.14868494    1.98736653    2.00656145    1.70246167    1.86362610    1.66045321    1.87471781    2.14039427    1.82049276    1.89523274    2.30674825    2.29254531    1.77234500    1.74287681    1.80961985    1.60299553    1.61885459    1.72383543    1.72190903    1.75580427    1.56896321    1.55235189    1.75390593    1.68809864    2.04711325    1.66687794    1.69273771    1.68480731    1.69498766    1.52895315    1.60676089    1.84493451    1.85851466    1.56713662    2.06044064    1.92625195    1.55457251    1.03282505    1.23394771    1.09465050    1.24597137    1.26569344    1.34259039    1.25561648    1.17477613    1.25557437    1.34733376    1.20444562    1.32631533    1.16517033    1.49190980    1.45715725    1.25309592    1.30239084    1.44538661    1.13312953    1.38332519    1.34333623    1.44620901    1.80478151    1.68424852    2.01542521    1.87733100    2.04595820    2.03332716    2.24339728    1.72442106    2.01460239    2.06630294    1.46327035    1.34385346    1.42473444    1.10464168    1.12823551    1.12205838    1.07480699    1.47041848    1.33366774    1.30752977    1.43824955    1.26410962    1.37180366
G2Z0Q2_FLABF/50-142     2.08544721    1.93550171    2.11165724    1.88224169    2.05454761    2.06662997    2.15075678    1.49952049    1.67030690    1.58932055    1.59174622    1.70859984    0.56077118    0.83582703    0.61902816    0.84187496    0.63762957    0.63145362    0.52131148    0.00000000    0.49447848    0.54927567    0.53414199    0.79972955    0.96784996    0.73304324    1.19371613    1.53718420    1.47560802    1.52918799    1.39563169    1.47118715    1.47273758    1.47233642    1.28916209    1.32140129    1.28052649    1.41385847    1.51037770    2.18402776    1.67343082    1.70170491    1.41378935    1.50845542    2.12465826    1.83807616    2.20246499    1.86553702    2.23967277    1.88692214    1.95005916    2.32088276    2.26264082    2.10630624    2.24663305    2.81507410    1.83646904    2.00742302    2.00689585    1.91779614    1.69417157    2.14475031    2.07176786    2.14932693    2.08377221    1.87784457    2.15135323    1.92523538    2.28953651    2.06539020    2.31464034    1.94842934    1.98443363    1.77089210    1.83667434    1.93073433    1.85256186    1.95127506    2.02546235    1.59765846    1.71171021    0.95932253    1.48331976    1.37662453    1.40123956    1.48885874    1.57355313    1.46831344    1.39930787    1.48892564    1.20560496    1.45432351    1.48995278    1.07048235    1.44775148    1.60223140    1.22058073    1.17877911    1.35480781    1.25526629    1.26365030    1.41761309    1.13614363    1.60553099    1.84914626    2.73323272    2.20795462    2.60779091    2.36391611    2.63784193    2.18535423    2.18331473    2.46517769    2.20063872    1.67062385    1.65030323    1.37666232    1.52792246    1.49518426    1.37567650    1.38359817    1.67741667    1.48967663    1.65943943    1.26486307    1.63171945
G8XBP0_FLACA/55-146     2.03290612    2.02836984    1.94320581    1.94522287    1.98121087    1.80506634    2.37311911    1.32077698    1.60355592    1.53060514    1.98916383    2.12859965    0.74408199    0.85452149    0.70165051    0.85036522    0.73398616    0.62458910    0.67392017    0.49447848    0.00000000    0.48062351    0.64788350    0.92235831    0.91572750    0.79648531    1.31794410    1.50577322    1.53921698    1.55388044    1.35988692    1.36451441    1.44232674    1.36492952    1.41406860    1.30036860    1.42467520    1.40172236    1.47411957    2.67365730    1.89762530    1.90024053    1.48427736    1.82622256    1.96289915    1.69367085    1.89915996    1.65189749    1.96926352    1.52226150    1.74104205    1.86192039    2.05077671    2.09112915    2.12864507    2.27792121    1.99807992    1.69163925    1.89461059    1.80471047    1.80648708    1.91634309    1.88661404    1.68596446    1.77729348    1.63571601    1.77249868    1.83225446    2.16274518    1.79044490    1.97911877    2.04941711    1.83540534    1.68082806    1.73700169    1.88668875    1.67951851    1.58314729    2.04588505    1.69524385    1.97502836    1.28200259    1.61691593    1.54868127    1.45119874    1.69674187    1.51667266    1.65400596    1.42061927    1.75511623    1.45850464    1.45542619    1.60876650    1.32147423    1.89432536    1.56391331    1.60518059    1.42073342    1.69923639    1.60436863    1.64849848    1.77746187    1.33407117    2.02677300    1.68793859    2.77127401    2.29421766    2.40661000    2.36819673    2.65008859    2.41306005    2.32327789    2.54108904    2.39313861    1.88414053    2.04330998    1.39206214    1.74962786    1.81411858    1.44409730    1.42345978    1.57214468    1.60173392    1.64458506    1.46550193    1.64925403
A6H265_FLAPJ/55-147     2.25407680    1.98704836    2.08939791    1.89481386    1.99293362    1.74764564    2.64066357    1.35735196    1.70770569    1.32940561    1.97089585    2.18863930    0.56367073    0.87693052    0.75781305    0.81660543    0.71618607    0.70669499    0.62906854    0.54927567    0.48062351    0.00000000    0.65110291    0.91746779    1.08106171    0.87680518    1.43562201    1.62865291    1.60779836    1.64061750    1.41250246    1.52213172    1.52117332    1.57489749    1.43331694    1.31893293    1.65023394    1.64158660    1.60059920    2.58899941    1.95361807    1.65673584    1.68587593    1.72309600    2.01240990    1.84066887    2.15572882    1.85224577    2.10923730    1.84248678    2.23511539    2.10363934    2.21068805    1.98453417    2.05244633    2.58602725    2.15607505    1.97338937    1.96912904    1.84556344    1.64722871    1.72033035    1.73532127    1.79160429    1.63128622    1.58714774    1.88513613    1.70681702    1.98223834    1.64097124    1.78962382    1.79304394    1.67039052    1.68122783    1.65621373    1.69451665    1.83829105    1.69894062    1.87370658    1.76793932    2.02166817    1.17452418    1.56585998    1.46537880    1.58421318    1.64309997    1.60900652    1.64254916    1.33474720    1.74339231    1.27304897    1.50672719    1.55275075    1.14318026    1.74317159    1.79903049    1.65102059    1.54116136    1.78016683    1.65978319    1.72416540    1.66601904    1.28183226    2.16029325    1.85819261    2.93440867    2.56798721    2.61373052    2.93450640    2.92761504    2.41507357    2.57797823    2.72523864    1.98502535    1.64272268    1.73560614    1.42816774    1.49462250    1.40702087    1.46140911    1.64488504    1.49401707    1.38618543    1.40605189    1.31744339    1.54746055
