85
A3LPL8_PICST/132-409     0.00000000    0.47935219    0.61113878    0.57798420    0.55321648    0.55441655    0.94883188    0.79902457    0.74071535    0.78278385    1.12026798    1.09919754    1.12709636    1.09621924    1.02490297    1.05920429    0.96261560    1.02386772    0.95979716    0.91524819    1.53704016    1.07596566    1.03776472    1.05258369    1.11951296    0.90529210    1.01931977    1.09179877    1.22663957    1.11861643    1.19551815    1.05268963    1.11922098    1.71007407    3.05431809    3.84159185    3.64916860    3.81772632    3.14802936    3.17594433    3.28928004    3.18163970    3.15461322    3.07661107    3.20422149    3.13432164    3.27895766    2.92750181    3.32841850    3.02003385    3.21141012    3.13382942    2.75240978    2.89803659    2.88302858    3.00286672    3.03866683    3.25235804    2.66168677    2.85438365    2.89943417    2.90946786    2.64609936    3.03219239    3.01667077    3.41091003    3.01415238    2.96461208    2.85802153    2.88793656    3.22423185    3.63304013    2.91842659    2.92994271    2.74756019    2.83297057    3.07550001    1.50454477    1.43051507    1.52192842    1.16118265    1.13696675    1.06964845    1.23547231    1.14681147
MNN23_CANAL/173-449     0.47935219    0.00000000    0.54587770    0.64677801    0.64220668    0.59546932    0.94735451    0.82577783    0.68405437    0.78581155    1.12842711    1.16323098    1.21584101    1.26648589    1.21085217    1.10631465    1.09440968    1.05407484    1.10145853    1.06367360    1.59719346    1.12233965    1.02026121    1.11561564    1.15385795    0.96877876    1.08567968    1.16777703    1.22969568    1.18164935    1.23834028    1.10413671    1.20328344    1.68402503    3.00215290    4.07834786    3.58147210    3.64419959    3.33490042    3.14894074    2.90910263    3.08882218    3.07292405    3.00033811    3.00518145    3.12301068    3.19984923    2.91790342    3.27075260    3.04560909    3.25550051    3.08313697    2.85151635    2.99647489    2.81857965    2.87389342    2.80173151    3.19470687    2.53731331    2.61105192    2.82579295    2.79328120    2.54762432    2.89639221    2.94677661    3.17994067    2.78378899    2.93064988    2.72829908    2.97242239    3.33102593    3.76909088    3.05381301    3.00258097    2.88683362    3.16121708    3.19660212    1.50476067    1.48838409    1.66001376    1.21439932    1.09555322    1.05131669    1.18935152    1.26023579
A5DT50_LODEL/188-464     0.61113878    0.54587770    0.00000000    0.72328562    0.71157464    0.70176514    1.10877152    0.87552338    0.72185310    0.80078295    1.18114049    1.25591608    1.25722970    1.25539596    1.26346366    1.21189042    1.11087430    1.11144644    1.13428040    1.07778532    1.63480433    1.18388055    1.04574279    1.06840986    1.20581718    1.01008569    1.09434224    1.18756967    1.25238921    1.28074084    1.30131890    1.17897109    1.30949894    1.83964102    3.28104641    4.28680405    4.19158242    4.31748755    4.06878644    3.52908968    3.63416319    3.82721949    3.62285550    3.47223452    3.78874084    3.94743369    3.60754401    3.45486890    3.71748564    3.39131746    3.51265179    3.57067508    3.23085567    3.58131522    3.42544663    3.28345742    3.43291702    3.88145942    2.96371452    3.07650719    3.17436205    3.26205257    3.09376226    3.41316842    3.36664708    3.69881215    3.22205877    3.11186695    3.29063882    3.65530030    3.75160504    3.96623784    3.15624729    3.31817176    3.18979302    3.55326650    3.77014304    1.66321501    1.56765520    1.71425369    1.28128150    1.26731281    1.13893809    1.27476687    1.19852348
Q6BVS2_DEBHA/166-441     0.57798420    0.64677801    0.72328562    0.00000000    0.52962599    0.62111949    1.06844607    0.83634841    0.77650005    0.76740211    1.12774871    1.15445839    1.02991999    1.10001261    1.13080035    1.04104551    1.04822039    1.11907743    1.10517258    0.93840436    1.54897196    1.16215165    1.11054587    1.07580725    1.27103442    1.07900847    1.10302351    1.10605433    1.23415132    1.25945602    1.18493527    1.11385314    1.20539597    1.68348308    2.80249216    4.14993134    3.85616253    3.84788359    3.07765149    3.13469540    3.05125867    2.90889349    2.68311845    3.05666804    2.69674797    3.09259754    3.32433576    2.81016574    3.33238160    3.14461397    3.11196163    3.09585147    2.83369599    2.84045394    2.71725049    2.89844682    2.81514024    3.20847533    2.47368093    2.72299780    2.70913141    2.64936274    2.47092927    2.95015091    2.84894929    2.98069196    2.81633600    2.85243609    2.93226750    3.12476000    3.19390883    3.63580980    2.92315963    3.00086468    2.93401698    3.05505970    3.28902548    1.63354478    1.54946305    1.67348542    1.17077473    1.15103636    1.08589499    1.26357271    1.16978822
A5DET6_PICGU/152-427     0.55321648    0.64220668    0.71157464    0.52962599    0.00000000    0.43637338    1.05194465    0.81862256    0.64862028    0.70292698    1.00123028    1.12665325    1.13220650    1.10145250    1.12363084    1.06312450    0.98600766    0.98206172    1.03047818    1.02817266    1.55589307    1.12625221    1.02918456    1.04104067    1.16098697    1.02648187    1.00544255    1.08884524    1.14926160    1.17514522    1.17546487    1.06639631    1.13184525    1.59139781    2.82174082    3.71621961    3.49580979    3.45537096    3.07097191    2.99591712    2.96982012    3.01236316    2.79195613    3.00101803    2.83707265    3.09658952    3.24306017    2.93558301    3.18389788    2.83785900    3.27616125    3.03075502    2.86873848    2.99132822    3.05530239    3.08165897    3.11246470    3.47885964    2.90552858    2.88602975    2.69915673    2.89929395    2.58981346    3.01988770    3.03972375    3.31597856    3.07996434    2.98510265    2.94797896    2.94334006    3.38232615    3.72628067    3.13422530    3.13037097    2.99555583    2.98511734    3.17507839    1.62365708    1.47907614    1.59254291    1.17649333    1.12193270    1.11909366    1.17686711    1.22591022
A5DNQ0_PICGU/145-418     0.55441655    0.59546932    0.70176514    0.62111949    0.43637338    0.00000000    1.06842295    0.83823067    0.68228371    0.77856892    1.08071062    1.12216865    1.07594139    1.00875265    1.00936943    1.04946477    1.07296922    1.02215513    1.02284879    0.99071272    1.54127902    1.08012435    0.88434608    0.94736965    1.08518610    0.97803462    0.93993374    1.01810694    1.15196488    1.20772316    1.15921185    1.08441375    1.16338831    1.71679699    3.05338404    4.27175682    3.73518559    3.67082993    2.83867778    3.13887718    3.13537505    2.98167767    2.88423007    3.10161419    2.91850967    3.05517500    3.11375605    2.73300202    3.33888408    2.89950818    3.08018489    2.96470350    2.63827528    2.95901788    2.68193140    2.99981366    2.89128636    3.44968739    2.54132112    2.73581028    2.67630469    2.95629027    2.77729133    3.18901754    2.96518448    3.26144652    2.91303439    2.85979022    2.89945994    3.12583626    3.49907384    3.92509309    2.98107018    2.87880595    2.87980727    2.94987639    3.24371537    1.68787314    1.61772075    1.80375049    1.17798442    1.09640752    1.08046488    1.19024044    1.15920205
A3GF45_PICST/86-353     0.94883188    0.94735451    1.10877152    1.06844607    1.05194465    1.06842295    0.00000000    0.83350925    1.01947392    1.13081374    1.57178658    1.23578824    1.25584968    1.31904355    1.27724251    1.23692493    1.33005126    1.30384340    1.35281670    1.26077254    1.76865436    1.31703875    1.24204906    1.36370960    1.53851099    1.39861981    1.49344503    1.46747377    1.60487569    1.47207092    1.62130133    1.29784054    1.39013675    1.96395517    2.81156792    4.53938674    3.95164572    4.19688245    3.21519272    2.96108391    3.14848251    3.14086164    3.10324171    2.82678460    3.05498999    3.02622514    3.24410561    2.73855947    3.34276506    2.84463839    3.07374362    3.15938870    2.76882473    3.23813499    2.85915307    2.90931903    3.05254078    3.53105527    2.86755214    3.00365243    2.98717833    3.07333687    2.72040520    3.24117179    3.11272502    2.81444092    2.95350381    2.92285673    2.71752776    2.76457755    3.37102562    3.85458291    3.07620730    3.17541539    2.80411709    3.17872977    3.37407802    1.76155577    1.70367884    1.86214759    1.46691076    1.36278046    1.30734151    1.44677393    1.39617409
A3LXK2_PICST/179-444     0.79902457    0.82577783    0.87552338    0.83634841    0.81862256    0.83823067    0.83350925    0.00000000    0.70907494    0.74783194    1.28751638    1.21896990    1.20044376    1.16018946    1.09245268    1.15286232    1.11446319    1.09598333    1.11465264    0.98921328    1.73687509    1.32295764    1.05763613    1.16988130    1.26732765    1.09847907    1.18621375    1.18509793    1.36013644    1.28313569    1.36481442    1.18673404    1.27859509    1.59256437    2.63212840    3.70978774    3.29086220    3.39447398    3.02583322    2.73642599    2.66326597    2.85117835    2.84426395    2.92024104    2.90027864    3.07544865    3.04382485    2.61294633    3.06118182    2.80541333    2.90513632    2.83981862    2.71210345    2.92820626    2.71007651    2.63941075    2.49749408    2.82514486    2.35939737    2.38680428    2.42128787    2.50322453    2.39757402    2.76919735    2.37414217    2.67080161    2.77110762    2.51653731    2.48589030    2.58296120    2.90441294    3.66355529    2.67858820    2.97488772    2.77786181    2.68479690    2.94302127    1.67255296    1.49551792    1.74484427    1.17077028    1.11001107    0.99452225    1.20996320    1.13821171
A3GH57_PICST/83-351     0.74071535    0.68405437    0.72185310    0.77650005    0.64862028    0.68228371    1.01947392    0.70907494    0.00000000    0.66623569    1.23235673    1.21206717    1.13272678    1.20505267    1.13454967    1.08640773    1.07785803    1.15490761    1.13595250    1.09264600    1.60791072    1.15553092    1.11539195    1.10658311    1.18548751    1.11074936    1.14662907    1.24305428    1.20765340    1.29329922    1.26841536    1.06323437    1.21989289    1.73705292    2.73760787    4.11804065    3.74521147    3.37259129    3.02275561    3.17965816    2.94842796    3.09573866    2.84924228    3.24927354    3.00601472    3.18042801    3.34530019    2.98671538    3.28977936    3.03554294    3.26921560    3.07877121    2.99769844    3.06899813    2.97459534    2.81257280    2.66246797    3.19902588    2.48706942    2.72887964    2.55120158    2.81206963    2.55222925    2.85830908    2.72524861    3.02624698    2.73454787    2.80812612    2.64736013    2.79013639    3.31403023    3.68523163    2.92654711    2.94636029    2.75584530    2.73675845    3.01908808    1.59516471    1.47758643    1.59763757    1.24007273    1.17324171    1.14099643    1.32302000    1.26829658
MNN22_CANAL/162-436     0.78278385    0.78581155    0.80078295    0.76740211    0.70292698    0.77856892    1.13081374    0.74783194    0.66623569    0.00000000    1.20864723    1.24914877    1.20328515    1.27216121    1.18076176    1.23695500    1.17034671    1.18884901    1.16210605    1.13853290    1.78394106    1.25485902    1.17658799    1.08186872    1.23219725    1.22148340    1.08614699    1.16258565    1.29526302    1.26666275    1.20453427    1.15669260    1.27371229    1.57930421    2.97387600    4.11109861    3.71470490    4.11958137    2.96737772    2.90879741    2.85997048    3.11833290    2.91055509    3.02980691    2.69545749    2.99384654    3.31991571    2.71715439    3.43182294    3.30656942    3.07339441    2.91312116    2.70126011    3.00819348    2.76503991    2.79504741    2.93755007    3.32176568    2.70365731    2.98262394    2.62110343    2.63286941    2.43394298    2.79145566    2.90921905    3.19464257    2.76090275    3.18408322    2.64960507    2.87270062    3.15216837    3.50693611    2.98924957    3.03805553    2.98144114    2.96052400    3.13225050    1.72304934    1.67226236    1.84722800    1.30519740    1.33003327    1.20358205    1.31261731    1.33303395
Q6CH20_YARLI/196-455     1.12026798    1.12842711    1.18114049    1.12774871    1.00123028    1.08071062    1.57178658    1.28751638    1.23235673    1.20864723    0.00000000    1.18526621    1.18382824    1.15904772    1.14984997    1.24619750    1.11313520    1.10293416    1.12936980    1.11867129    1.86503344    1.25762493    1.18791869    1.15412358    1.26933292    1.10387993    1.11185576    1.23560883    1.29004826    1.31865063    1.35104083    1.23308517    1.37058903    1.88493560    2.62719136    3.88416855    3.72801044    3.92312837    3.51808165    3.19674199    3.16685962    3.48743821    3.23130814    3.01273490    2.96372423    2.90314020    3.32975904    2.78150172    3.24810111    3.02151887    3.45435224    3.13687054    2.91262465    2.85601028    2.89188891    3.05250942    2.49709679    3.03779969    2.80770927    2.53103461    2.52126537    2.56567119    2.25135899    2.57040535    2.81123227    2.88715875    3.12877027    2.72924046    2.92658158    2.64575280    3.22784471    3.24746946    3.34759151    3.14350390    2.98134476    2.94078383    3.21915445    1.60965904    1.66234242    1.80508144    1.15690085    1.29449956    1.24146783    1.37347090    1.27783384
A5E1B9_LODEL/184-459     1.09919754    1.16323098    1.25591608    1.15445839    1.12665325    1.12216865    1.23578824    1.21896990    1.21206717    1.24914877    1.18526621    0.00000000    0.49711056    0.44100797    0.57291701    0.37450263    1.09088040    1.21009815    1.18368453    1.20178546    1.58330519    1.28456208    1.24596364    1.11203738    1.03745613    1.04574692    1.08787092    1.11935565    1.32486268    1.20207839    1.21054771    1.09516040    1.24567453    1.62725913    2.72532862    4.03443642    4.15322794    3.91478104    2.78108279    3.07304704    2.90208551    2.86295624    2.93771214    3.19210036    3.19084850    3.22162786    3.34922787    2.82968587    2.95550132    2.92838114    3.32713112    3.17783879    2.90524372    3.21842644    3.00344702    3.21401671    2.95984703    3.55555890    3.11604986    3.19322611    3.12469087    3.26450457    3.01351712    3.29371554    3.25990276    3.02101581    3.21166410    2.72048583    2.95849219    2.90150037    3.46669134    4.13084415    3.13289966    3.03561337    3.12953910    3.24210639    3.37614072    1.44676502    1.42113432    1.58673736    1.31759553    1.13032646    1.13544051    1.23952361    1.23672971
MNN2_CANAL/186-461     1.12709636    1.21584101    1.25722970    1.02991999    1.13220650    1.07594139    1.25584968    1.20044376    1.13272678    1.20328515    1.18382824    0.49711056    0.00000000    0.39952342    0.52859093    0.42763340    0.97205152    1.07821811    1.16339279    1.07256197    1.54241310    1.30473344    1.17708707    1.08829633    1.17062685    1.11630790    1.12595581    1.15072084    1.29113178    1.21718873    1.36180718    1.15914547    1.23986612    1.74426409    2.80779143    3.92378330    3.86403632    4.15007243    2.96740679    3.21379158    3.00998407    3.15790932    3.00245138    3.19282378    2.74639010    2.98306525    3.10009826    2.65221300    3.12097547    3.06377766    3.17913893    3.14163487    2.81711063    2.96355205    2.78630953    3.02452503    2.81685382    3.39056797    2.78839825    2.92644869    2.98295669    2.93297603    2.71937585    3.05820751    3.18355558    2.84682549    3.12758887    2.64281269    2.93196328    2.77688849    3.11925335    3.57882305    2.96407588    2.96218221    2.94824843    3.13886136    3.40729703    1.50779646    1.46838852    1.49695287    1.30206883    1.16022712    1.14925832    1.17083044    1.20802968
Q6BVC7_DEBHA/168-446     1.09621924    1.26648589    1.25539596    1.10001261    1.10145250    1.00875265    1.31904355    1.16018946    1.20505267    1.27216121    1.15904772    0.44100797    0.39952342    0.00000000    0.33359890    0.44050494    1.03507898    1.12286311    1.13031898    1.13039053    1.51123177    1.32661624    1.19803836    1.13414617    1.12225295    1.13102936    1.17781794    1.09280967    1.14601289    1.16930637    1.25351831    1.09432026    1.30731988    1.75628061    2.73979841    4.06669046    3.45661501    4.03464900    3.11198545    3.11561640    3.08735851    3.16339845    3.11278196    3.07273521    3.04907414    3.11693974    3.07639893    2.72239818    3.10215085    2.83982327    2.83389982    3.10808298    2.81460342    2.89889526    2.64163276    3.18470114    2.87569021    3.43055952    2.86311529    2.85721651    2.99670531    3.02478877    2.76096287    3.14608378    3.10862302    2.99782775    3.24486348    2.67798791    3.09037762    2.95694968    3.23430709    3.72394432    3.01739884    3.16833485    3.13704152    2.98301508    3.26151315    1.39718672    1.39856692    1.43694592    1.22004479    1.12364168    1.04138371    1.14188193    1.13537044
A5DRA6_PICGU/165-442     1.02490297    1.21085217    1.26346366    1.13080035    1.12363084    1.00936943    1.27724251    1.09245268    1.13454967    1.18076176    1.14984997    0.57291701    0.52859093    0.33359890    0.00000000    0.60757190    1.04009255    1.17543543    1.12385102    1.19202816    1.63071357    1.46992829    1.21352332    1.18283670    1.27184875    1.14693353    1.22088336    1.17746664    1.25643147    1.18542976    1.36270857    1.15207588    1.47669745    1.92507673    2.83276539    4.33034109    3.62345740    4.33840193    3.32601353    3.21519701    3.16006701    3.28685069    3.28145135    3.26841909    3.28153956    3.19425069    3.25475054    2.96812794    3.15412292    3.18562673    3.21685241    3.22895340    2.92127455    3.01968424    2.99254641    3.42883919    2.97696868    3.62852650    2.98212111    2.79995653    2.79022849    3.03529476    2.77919447    3.08935403    2.91010130    2.83233805    3.68523804    2.87650662    3.01625815    3.05919868    3.48406370    3.73588359    3.22855322    3.31213285    3.29420822    3.07542546    3.44620335    1.51704457    1.45267489    1.56337447    1.32864482    1.15721362    1.10753528    1.11060670    1.06322461
A3LRU5_PICST/92-368     1.05920429    1.10631465    1.21189042    1.04104551    1.06312450    1.04946477    1.23692493    1.15286232    1.08640773    1.23695500    1.24619750    0.37450263    0.42763340    0.44050494    0.60757190    0.00000000    1.09559707    1.12562651    1.18288910    1.06023837    1.38263098    1.19324805    1.24490322    1.09122029    1.12570951    1.13091737    1.14015941    1.20654353    1.23031440    1.26627180    1.23987026    1.16705424    1.24515080    1.60793087    2.85727116    4.19900908    4.22858991    4.11580904    2.96454461    3.24658450    3.00546541    3.09649930    3.02372964    3.35220145    3.39551315    3.31891002    3.29583121    2.84663776    3.32549372    3.02684963    3.14414275    3.25163348    3.09648523    3.21852027    3.05856297    3.35881533    2.77596113    3.44517335    2.88890707    3.08642903    2.99446507    3.13321219    2.82730319    3.30218521    3.45164210    3.05144227    3.16231739    2.86243172    3.15487514    3.03955588    3.14346617    3.93364857    3.10476352    3.34425929    3.17035445    3.21658138    3.49962291    1.44709250    1.46924396    1.51449573    1.27164232    1.13528873    1.11285140    1.20833510    1.22015505
Q6BL32_DEBHA/221-497     0.96261560    1.09440968    1.11087430    1.04822039    0.98600766    1.07296922    1.33005126    1.11446319    1.07785803    1.17034671    1.11313520    1.09088040    0.97205152    1.03507898    1.04009255    1.09559707    0.00000000    0.44402166    0.53326897    0.46798539    1.59814598    1.19810758    0.97219161    0.95446660    1.05555437    0.91616793    1.01156002    0.99705942    1.27058407    1.17970817    1.33908936    1.10502471    1.29465658    1.70844386    2.80655268    3.98749662    3.66530575    3.86640792    3.10235333    2.95921469    3.11822626    3.17225523    3.08433223    3.00840182    2.81445524    2.88383154    3.15612797    2.84314418    3.15657994    2.82410442    3.08209525    2.91534912    2.71640049    2.73788742    2.79752485    2.86089913    2.75596367    3.26469523    2.68076655    2.64993381    2.59595541    2.51148025    2.46285896    2.78597169    2.76681358    2.93986458    3.26963136    2.71262656    3.00471588    3.02688575    3.28981128    3.53399846    3.12331176    3.23313159    3.10703344    2.98460041    3.08883306    1.63645423    1.55419613    1.62899295    1.01084036    1.04526382    1.07136751    1.07941162    0.96474325
A3M046_PICST/94-373     1.02386772    1.05407484    1.11144644    1.11907743    0.98206172    1.02215513    1.30384340    1.09598333    1.15490761    1.18884901    1.10293416    1.21009815    1.07821811    1.12286311    1.17543543    1.12562651    0.44402166    0.00000000    0.47431857    0.48012471    1.67955949    1.24874138    1.00113159    1.04915484    1.04265168    1.00815833    1.05076109    1.01596232    1.28207251    1.27661877    1.34084833    1.13673611    1.31386503    1.77280293    2.84028089    3.70339114    3.39434376    3.93422411    2.98383076    2.96026240    2.97004221    3.18308188    3.04968089    2.94972549    2.70989681    2.75297567    3.01540331    2.54206330    3.10841651    2.82088939    2.96393346    2.87429210    2.55438762    2.78822594    2.73594016    2.92840399    2.75902972    3.25559485    2.66714352    2.52809416    2.71399064    2.59464809    2.39812226    2.69873901    2.85893731    3.05175451    3.15743036    2.73417219    2.92553357    2.80220915    3.01949357    3.52679429    3.01539548    2.85625771    3.06492440    2.88304053    3.07630649    1.71617605    1.65690435    1.78331357    1.08804949    1.02710903    1.12430470    1.13439565    0.98163186
MNN21_CANAL/245-526     0.95979716    1.10145853    1.13428040    1.10517258    1.03047818    1.02284879    1.35281670    1.11465264    1.13595250    1.16210605    1.12936980    1.18368453    1.16339279    1.13031898    1.12385102    1.18288910    0.53326897    0.47431857    0.00000000    0.59754647    1.65552928    1.25937088    0.98576645    1.01040928    1.03499494    1.03507378    1.10762031    1.11159762    1.41687058    1.20658914    1.30202627    1.03899042    1.33289061    1.81003646    2.77688406    3.61520891    3.25822425    3.44034219    2.81104321    2.98207004    2.94191513    3.04673549    2.94168279    2.93556295    2.92953846    2.77795477    2.91978072    2.61734466    3.12839323    2.77441963    2.85692567    3.04835925    2.57663633    2.58974861    2.63311233    2.90062216    2.73022969    3.33390586    2.66382968    2.60457541    2.53907236    2.88135082    2.53559602    2.87911352    3.02015313    2.91640503    3.23488340    2.94972968    2.87862358    2.80302861    3.29347993    3.60386561    3.10076901    2.90022000    2.97590112    2.73830888    3.24925504    1.72780635    1.73981964    1.80183797    1.08478834    1.03189606    1.07042533    1.17868260    0.96221488
A5DLR6_PICGU/213-490     0.91524819    1.06367360    1.07778532    0.93840436    1.02817266    0.99071272    1.26077254    0.98921328    1.09264600    1.13853290    1.11867129    1.20178546    1.07256197    1.13039053    1.19202816    1.06023837    0.46798539    0.48012471    0.59754647    0.00000000    1.56877352    1.18446214    0.98368979    1.00742148    1.04598469    0.99824429    1.06031736    1.04379063    1.16523907    1.27894946    1.20440901    1.09891784    1.29031368    1.70864681    2.96538179    4.09373060    3.57414565    3.77873444    3.05222091    2.87730436    3.03893858    3.27888422    3.14957390    2.95329265    3.04712972    2.97060635    2.98699913    2.89779931    3.23784935    2.76588178    3.27972492    3.08084538    2.73192944    2.99011479    2.93679423    3.00087907    2.91145625    3.26488177    2.76226721    2.73730576    2.86461390    2.65463121    2.66241944    3.00432862    2.85730730    3.14274245    3.28528246    3.10686369    3.00717349    3.15075731    3.21330703    3.32996524    3.16839424    3.30593834    3.29723513    3.08853174    3.13911361    1.60492859    1.56935205    1.53983504    1.00436956    1.05211993    1.01917185    1.02780770    0.95266174
Q757U4_ASHGO/178-475     1.53704016    1.59719346    1.63480433    1.54897196    1.55589307    1.54127902    1.76865436    1.73687509    1.60791072    1.78394106    1.86503344    1.58330519    1.54241310    1.51123177    1.63071357    1.38263098    1.59814598    1.67955949    1.65552928    1.56877352    0.00000000    1.14272231    1.26918073    1.34406488    1.41650408    1.36651282    1.34880441    1.33774381    1.47177758    1.41989538    1.30837259    1.42130065    1.37876270    1.57591138    3.32711964    3.87881393    4.03312697    3.96477448    3.39962736    3.71996995    3.76451230    3.84084631    3.67849243    4.09749555    3.44158637    3.90156908    4.01784269    3.45489174    3.96386108    3.65117597    3.83044942    3.43971794    3.70193021    3.46285669    3.58930336    3.91374611    3.09309688    3.18606228    3.16972685    3.22154452    3.14144383    3.11941732    3.02979410    2.94520198    3.12357121    3.12518763    3.26496979    3.20636083    3.71876344    3.43755670    3.35397954    3.74075155    3.45907594    3.85976860    3.39241105    3.18378532    3.89124816    1.96834993    1.96957343    2.00746370    1.35382512    1.42087762    1.28227620    1.40462639    1.34121219
Q6CIR5_KLULA/212-505     1.07596566    1.12233965    1.18388055    1.16215165    1.12625221    1.08012435    1.31703875    1.32295764    1.15553092    1.25485902    1.25762493    1.28456208    1.30473344    1.32661624    1.46992829    1.19324805    1.19810758    1.24874138    1.25937088    1.18446214    1.14272231    0.00000000    0.97746731    0.87619708    1.00221544    0.94491230    0.92360299    0.98389613    1.09157268    1.14050430    1.13509369    1.11072178    1.17227668    1.60272005    2.98332126    3.74707667    3.83065148    3.68691341    3.05772226    3.02540197    3.43791938    3.41603692    3.12126533    3.61808065    3.19872749    3.40771765    3.26779838    2.95892954    3.47563769    3.57079288    3.33501068    3.43328591    3.03523683    3.16794871    2.88149962    2.73928802    2.87584783    3.01303337    2.71379360    2.99424285    3.19737695    2.76028237    2.59074246    2.86864185    3.03665442    2.92511636    3.03837655    2.65321906    3.03320596    2.90431342    3.28937962    3.62934260    2.85816219    2.97807727    2.97437537    3.10455398    2.95450605    1.67806260    1.63221365    1.69900741    1.12955319    1.16566577    1.10247251    1.35184102    1.20833395
Q757J5_ASHGO/188-458     1.03776472    1.02026121    1.04574279    1.11054587    1.02918456    0.88434608    1.24204906    1.05763613    1.11539195    1.17658799    1.18791869    1.24596364    1.17708707    1.19803836    1.21352332    1.24490322    0.97219161    1.00113159    0.98576645    0.98368979    1.26918073    0.97746731    0.00000000    0.55811793    0.66053585    0.54019852    0.48265651    0.53907471    0.98491801    0.90447305    0.84615601    0.91048916    0.95871643    1.34395793    2.85825815    3.70381202    3.58769197    3.65342621    3.02481420    3.22343361    3.44264517    3.27876957    3.17737724    3.19538205    3.21841779    3.06574321    3.29614669    3.03682989    3.45317704    2.91301197    3.33237193    3.34073334    2.84308989    2.79334843    2.76715106    3.07965803    2.74788957    2.99832661    2.62975006    2.66059105    2.95140146    3.00723708    2.72019815    3.14633077    3.01648533    2.90548385    2.91110374    2.61567236    2.91786091    2.81914633    3.08374295    3.51832430    3.09904316    3.29911003    2.96732647    3.00015419    3.17276730    1.62781941    1.62351105    1.60397969    1.13846669    1.04944488    0.92398206    1.07576339    1.10780734
Q6FQP8_CANGA/175-446     1.05258369    1.11561564    1.06840986    1.07580725    1.04104067    0.94736965    1.36370960    1.16988130    1.10658311    1.08186872    1.15412358    1.11203738    1.08829633    1.13414617    1.18283670    1.09122029    0.95446660    1.04915484    1.01040928    1.00742148    1.34406488    0.87619708    0.55811793    0.00000000    0.61131546    0.52118221    0.42663841    0.44278346    0.88930628    0.85267301    0.90892599    0.86452581    0.80746965    1.36321264    2.93653125    4.04579725    3.69609291    3.67362265    3.18271260    3.19110970    3.67669492    3.20506213    3.08413469    3.66655873    3.53849586    3.50208868    3.52555453    3.24811197    3.80158496    3.39744191    3.67694597    3.46385005    3.07016222    2.99721105    3.08976677    3.14112274    2.71295545    2.99908889    2.73262366    2.71883654    3.07625033    2.87829956    2.74668461    3.08623669    3.17085498    2.80244087    2.90669040    2.63836683    3.13686230    2.89422056    3.24752631    3.40653390    3.18050029    3.31562772    3.07186665    3.14109160    3.39882477    1.63623881    1.55726393    1.59837574    1.11413051    1.04280102    1.03404429    1.20731414    1.11145542
A7TI76_VANPO/195-466     1.11951296    1.15385795    1.20581718    1.27103442    1.16098697    1.08518610    1.53851099    1.26732765    1.18548751    1.23219725    1.26933292    1.03745613    1.17062685    1.12225295    1.27184875    1.12570951    1.05555437    1.04265168    1.03499494    1.04598469    1.41650408    1.00221544    0.66053585    0.61131546    0.00000000    0.59298172    0.58462731    0.51510772    0.98356351    0.95720415    1.05764740    1.00072067    0.97577855    1.37174594    2.83064086    3.66097854    3.55386806    3.70226423    3.10690922    3.24772598    3.32578956    3.41321949    3.34550869    3.43048587    3.40244266    3.06565414    3.36395123    2.89866602    3.40149696    3.17362471    3.59862207    3.44672867    2.83461982    2.91605693    2.92752034    3.29245627    2.82216562    2.87765430    2.89544523    2.89094822    3.23282429    3.08789785    2.70572333    3.13042085    3.20923571    2.99632309    3.03407151    2.71195343    3.44179209    3.17742585    3.33903951    3.51499967    3.12924122    3.27112797    3.06420774    3.18287319    3.23545032    1.58146901    1.63651175    1.67656986    1.13092840    1.01148386    0.91812163    1.18426251    1.10577397
A7TEJ8_VANPO/247-518     0.90529210    0.96877876    1.01008569    1.07900847    1.02648187    0.97803462    1.39861981    1.09847907    1.11074936    1.22148340    1.10387993    1.04574692    1.11630790    1.13102936    1.14693353    1.13091737    0.91616793    1.00815833    1.03507378    0.99824429    1.36651282    0.94491230    0.54019852    0.52118221    0.59298172    0.00000000    0.40381466    0.49042458    0.99630454    0.86413099    0.91618028    0.94060565    0.87833615    1.38110719    2.70560376    3.90273798    3.38723942    3.55722385    3.32494131    3.30067414    3.42718181    3.54913088    3.43460637    3.58104325    3.39238678    3.39644376    3.45222499    3.09134629    3.51708116    3.22633782    3.69944795    3.48954891    2.86614660    2.76567697    2.99772823    3.05603713    2.60635324    2.90096876    2.80249387    2.81687428    3.03126250    3.07174415    2.76460124    3.16238105    3.10708957    2.74941664    2.87731566    2.55748243    3.03308370    2.82746521    3.16745017    3.32962297    2.86414925    2.99539667    2.83732041    3.02701983    3.20370604    1.55948059    1.49195888    1.43970216    1.12091189    1.03439302    0.96101186    1.13034893    1.02912685
MNN2_YEAST/170-440     1.01931977    1.08567968    1.09434224    1.10302351    1.00544255    0.93993374    1.49344503    1.18621375    1.14662907    1.08614699    1.11185576    1.08787092    1.12595581    1.17781794    1.22088336    1.14015941    1.01156002    1.05076109    1.10762031    1.06031736    1.34880441    0.92360299    0.48265651    0.42663841    0.58462731    0.40381466    0.00000000    0.33982604    0.91043451    0.89874736    0.91436419    0.95780950    0.83252309    1.37091798    2.91000259    3.69521568    3.70298261    3.89838426    3.36025557    3.39197026    3.73273477    3.61432339    3.43322879    3.69229402    3.61097362    3.49369686    3.68426749    3.26711265    3.91367882    3.34829349    3.93079674    3.64554797    3.19452262    3.16197777    3.36299259    3.36798576    2.74720905    2.97553465    3.05980922    2.89150391    3.15249179    3.12016336    2.82886849    3.12353296    3.28954601    3.02989209    2.99745196    2.67839009    3.06247857    3.04483509    3.26235890    3.21744830    3.12411320    2.93648671    3.02916917    3.16120694    3.37987889    1.57534325    1.54515868    1.53405590    1.15740013    1.04113003    0.95197896    1.13169662    1.12572792
Q6CMT8_KLULA/219-490     1.09179877    1.16777703    1.18756967    1.10605433    1.08884524    1.01810694    1.46747377    1.18509793    1.24305428    1.16258565    1.23560883    1.11935565    1.15072084    1.09280967    1.17746664    1.20654353    0.99705942    1.01596232    1.11159762    1.04379063    1.33774381    0.98389613    0.53907471    0.44278346    0.51510772    0.49042458    0.33982604    0.00000000    0.86210977    0.85909795    0.93183717    0.94317830    0.86323073    1.25027396    2.90824589    3.72690849    3.77154947    3.64943401    3.22662363    3.42966411    3.77435727    3.38672950    3.37242517    3.77637070    3.60324283    3.35444858    3.64783884    3.28150220    3.81401085    3.45379146    3.72354676    3.50618582    3.11135479    3.16072202    3.01885932    3.33852186    2.82775471    3.26287598    2.99206588    2.96504798    3.25309288    3.09792817    2.86216878    3.20107186    3.21219073    3.04334111    2.92404215    2.87473097    3.26159254    3.13343797    3.34190157    3.49837734    3.14588360    3.41969153    3.26631223    3.04939624    3.44258037    1.64770313    1.71056134    1.74976432    1.17107067    1.02694178    1.00537676    1.11994644    1.10881070
MNN5_YEAST/149-433     1.22663957    1.22969568    1.25238921    1.23415132    1.14926160    1.15196488    1.60487569    1.36013644    1.20765340    1.29526302    1.29004826    1.32486268    1.29113178    1.14601289    1.25643147    1.23031440    1.27058407    1.28207251    1.41687058    1.16523907    1.47177758    1.09157268    0.98491801    0.88930628    0.98356351    0.99630454    0.91043451    0.86210977    0.00000000    0.91255180    0.89623356    1.01404657    0.90477315    1.32281020    3.01318974    4.04042435    4.33860167    4.08107164    3.32242943    3.48362430    4.03498294    3.84477485    3.65883102    3.56972550    3.52968884    3.67002570    3.45502746    3.04545231    3.51304596    3.20331918    3.34498591    3.47002422    3.19885644    3.06800078    2.98226960    3.80568125    3.01389875    3.54214305    3.02986775    3.04585862    3.17786922    3.30711769    2.99859692    3.33799166    3.14822492    3.27359085    3.00919154    2.91020876    3.61397000    3.52577267    3.36389637    3.89231223    3.26040888    3.55213201    3.23970574    3.27610394    3.65936756    1.68887838    1.63609445    1.77114167    1.23771828    1.14844291    1.11054193    1.14479434    1.18673604
A7TFH2_VANPO/173-451     1.11861643    1.18164935    1.28074084    1.25945602    1.17514522    1.20772316    1.47207092    1.28313569    1.29329922    1.26666275    1.31865063    1.20207839    1.21718873    1.16930637    1.18542976    1.26627180    1.17970817    1.27661877    1.20658914    1.27894946    1.41989538    1.14050430    0.90447305    0.85267301    0.95720415    0.86413099    0.89874736    0.85909795    0.91255180    0.00000000    0.94734416    0.86394568    0.95990498    1.41958077    2.57394105    3.83621294    3.72985733    3.86622600    3.19353289    3.28952446    3.31066256    3.25462380    3.12072625    3.59595356    3.32879623    3.14358035    3.37390727    3.14821427    3.18936742    3.23237275    3.29386476    3.24668212    2.83341325    2.85699662    2.92670528    3.68998396    2.97769554    3.26127087    2.92128775    2.97639002    3.15160969    3.05063657    2.92084002    3.29311607    3.12715362    3.22071588    3.09709310    2.82906643    3.26159655    3.24947306    3.37643870    3.94049744    2.85646307    3.04767963    2.81942467    2.91482587    3.47805583    1.64030843    1.54525863    1.55649967    1.30548105    1.04714393    1.16750954    1.26661317    1.08954774
Q758D4_ASHGO/150-424     1.19551815    1.23834028    1.30131890    1.18493527    1.17546487    1.15921185    1.62130133    1.36481442    1.26841536    1.20453427    1.35104083    1.21054771    1.36180718    1.25351831    1.36270857    1.23987026    1.33908936    1.34084833    1.30202627    1.20440901    1.30837259    1.13509369    0.84615601    0.90892599    1.05764740    0.91618028    0.91436419    0.93183717    0.89623356    0.94734416    0.00000000    0.80246592    0.97168258    1.49843847    2.71558329    3.48884429    3.75609334    3.82104881    2.90362744    2.86195311    3.20752974    3.21740025    3.25282107    3.45073496    3.22795790    3.04012810    3.38071285    3.03605543    3.00243414    2.80457900    3.32425895    3.19156909    2.83092952    2.84326287    2.86183510    3.10831280    2.94077071    3.01844008    2.97410263    2.65056286    2.98549123    2.87454087    2.63382439    2.94838670    2.93394412    2.99263117    2.71737680    2.66570589    3.11358832    3.08587548    2.95187137    3.43416783    3.17393645    3.15359960    3.21085843    3.08685036    3.40216768    1.57247688    1.63509383    1.66248417    1.21058190    1.20407592    1.16306730    1.26439342    1.27789082
Q6CT03_KLULA/162-439     1.05268963    1.10413671    1.17897109    1.11385314    1.06639631    1.08441375    1.29784054    1.18673404    1.06323437    1.15669260    1.23308517    1.09516040    1.15914547    1.09432026    1.15207588    1.16705424    1.10502471    1.13673611    1.03899042    1.09891784    1.42130065    1.11072178    0.91048916    0.86452581    1.00072067    0.94060565    0.95780950    0.94317830    1.01404657    0.86394568    0.80246592    0.00000000    0.84908457    1.48721960    2.77847963    3.41942180    3.30418166    3.74494916    3.08693558    3.41941000    3.23139745    3.33372036    3.25341641    3.39483384    3.21761323    3.09068933    3.25570884    2.93545159    3.18726741    3.19010894    3.17732664    3.51436014    2.81023620    3.01313982    2.95639287    2.81665565    2.78393742    3.04390692    2.55267046    2.64949201    2.94900326    2.92777801    2.68724948    2.94428629    3.05116557    2.77944513    3.00267317    2.71414778    2.87521350    2.93894021    3.06609095    3.42284165    2.90545948    3.13224584    3.02020564    2.92484811    3.29875669    1.58279517    1.71425516    1.79562205    1.19804432    1.18903018    1.12027789    1.20315886    1.22849225
Q6FJX3_CANGA/164-455     1.11922098    1.20328344    1.30949894    1.20539597    1.13184525    1.16338831    1.39013675    1.27859509    1.21989289    1.27371229    1.37058903    1.24567453    1.23986612    1.30731988    1.47669745    1.24515080    1.29465658    1.31386503    1.33289061    1.29031368    1.37876270    1.17227668    0.95871643    0.80746965    0.97577855    0.87833615    0.83252309    0.86323073    0.90477315    0.95990498    0.97168258    0.84908457    0.00000000    1.30005167    2.52118743    3.62602200    3.42181867    3.85005277    3.51793689    3.30876013    3.68792384    3.78769246    3.62087363    3.84985224    3.27970868    3.60440750    3.87183047    3.21903644    3.64665899    3.33314890    3.46496084    3.43208640    3.12492052    2.95987582    3.21672343    3.27439670    3.20781181    3.45225668    2.87288520    3.18984513    3.25607559    3.25798258    2.95373787    3.34888599    3.31015204    3.18314201    3.15909896    2.73115919    3.07628021    3.03143637    3.44485497    3.77268727    3.04816721    3.19088102    3.17229219    3.32476395    3.60084354    1.58318202    1.49863532    1.65410209    1.14820785    1.09040306    1.03450792    1.22804119    1.22351868
