42
E9E1Y9_METAQ/277-352     0.00000000    0.21597384    0.21250313    0.10813147    0.21698753    0.40325523    0.35530754    0.23822529    0.25344174    0.32093425    0.45279005    0.29147554    0.39430906    0.48842437    0.35224403    0.49272972    0.60173693    0.38786747    0.31223582    0.55940510    1.08043330    1.12047547    1.22435553    1.14114445    1.43233147    1.41866572    0.84331277    0.94361925    0.71652998    0.68923390    0.66603898    0.69314163    0.68529885    0.51626209    0.68989773    0.77755983    0.77332932    0.89702901    0.71067299    0.22625588    0.59644212    0.55766250
L2FAK6_COLFN/195-277     0.21597384    0.00000000    0.21283054    0.10190010    0.28192947    0.48738040    0.39954498    0.30007443    0.37877146    0.37575249    0.45856619    0.23679660    0.35624620    0.45196337    0.48687758    0.49622419    0.61188709    0.41378383    0.31915511    0.64261749    1.20174207    1.21985301    1.19359910    1.15461554    1.66527640    1.77750574    1.07396566    1.20697273    0.70864608    0.75766232    0.71539205    0.74572342    0.74429764    0.61936516    0.77920629    0.80294758    0.81897085    0.88958338    0.70247506    0.36976273    0.59845843    0.60620826
N4VDF9_COLOR/196-275     0.21250313    0.21283054    0.00000000    0.16132711    0.38942166    0.49175802    0.48696441    0.25392511    0.39949256    0.45046181    0.37806869    0.33986567    0.37291298    0.44661619    0.44676727    0.48608364    0.54658918    0.43963448    0.30057326    0.51783644    0.98014160    1.09160118    1.14313777    1.04108257    1.49387116    1.61320893    0.84016490    0.94718120    0.66978842    0.59597055    0.56080832    0.59404972    0.57769581    0.54744257    0.68206942    0.67015511    0.67335211    0.73116568    0.61890457    0.33859033    0.68769012    0.54062657
H1VU44_COLHI/195-267     0.10813147    0.10190010    0.16132711    0.00000000    0.17951272    0.33398197    0.30190366    0.20008566    0.29967004    0.28364892    0.32831803    0.21729663    0.30886868    0.38544196    0.32615364    0.40776159    0.50092080    0.34943925    0.29009456    0.52151627    1.03240085    1.16347983    1.09401086    1.06212232    1.51666633    1.52485524    0.93743719    1.05616887    0.60653477    0.58118276    0.56691474    0.60030852    0.58394822    0.49889325    0.62077392    0.70614135    0.71743105    0.80332464    0.63486363    0.26275502    0.58627251    0.53837021
C7YRS9_FUSV7/199-287     0.21698753    0.28192947    0.38942166    0.17951272    0.00000000    0.32430368    0.38932829    0.24475221    0.38715471    0.44033392    0.45459018    0.43299191    0.44741426    0.44146788    0.40632450    0.51050926    0.54681389    0.43157055    0.31639857    0.56200925    1.23998085    1.24958743    1.25143782    1.25052002    1.64251777    1.64751434    1.10395263    1.18172901    0.70416979    0.67856063    0.64483453    0.67083082    0.66292828    0.62670106    0.75332378    0.81737004    0.82412284    0.92490265    0.83355153    0.34145578    0.56014690    0.56432749
J3NHJ2_GAET3/160-263     0.40325523    0.48738040    0.49175802    0.33398197    0.32430368    0.00000000    0.43509058    0.33391649    0.40967146    0.37278981    0.55144100    0.42918785    0.50529216    0.63697956    0.51702667    0.59363356    0.68967437    0.53043496    0.39165226    0.75401568    1.62237565    1.46260749    1.44839212    1.41955671    1.76655688    1.61058740    1.19748200    1.27472575    0.86089332    0.84131404    0.87575528    0.95795204    0.92588583    0.86726417    0.79611655    0.88001750    0.93433535    0.98417153    0.80233300    0.45746341    0.65540896    0.67927838
G9MFH7_HYPVG/193-274     0.35530754    0.39954498    0.48696441    0.30190366    0.38932829    0.43509058    0.00000000    0.21755662    0.36398206    0.41275255    0.52972381    0.39483093    0.49467599    0.59055900    0.48595074    0.50076750    0.67847853    0.56843421    0.35992737    0.65125497    1.25680127    1.37673629    1.26214121    1.28000224    1.72358913    1.69868388    1.14948460    1.18845966    0.79150693    0.65464956    0.68902411    0.69321679    0.70832949    0.53406201    0.78395298    0.83296684    0.85416967    0.90854571    0.81205881    0.42492652    0.65067895    0.53268926
G9NVG8_HYPAI/194-272     0.23822529    0.30007443    0.25392511    0.20008566    0.24475221    0.33391649    0.21755662    0.00000000    0.23361670    0.26874207    0.43240922    0.30055107    0.36992504    0.39823555    0.31860478    0.54669171    0.56069707    0.44441091    0.29902942    0.59272087    1.15081511    1.09632063    1.15843748    1.07865715    1.44197722    1.42961244    1.06264471    1.17271308    0.69245043    0.69498973    0.67946082    0.70406754    0.69646964    0.57286793    0.81359948    0.76536412    0.79547516    0.90704615    0.70829739    0.35646926    0.61713403    0.59837261
J4W7V2_BEAB2/195-283     0.25344174    0.37877146    0.39949256    0.29967004    0.38715471    0.40967146    0.36398206    0.23361670    0.00000000    0.21483143    0.45561334    0.42579483    0.44207165    0.39476097    0.36042737    0.47757077    0.55846188    0.51164965    0.40715196    0.59001816    1.15927026    1.11364398    1.17899927    1.11133771    1.32863760    1.31125845    0.92359186    1.01878647    0.65851943    0.62312635    0.65456675    0.68179854    0.65096596    0.63488797    0.76980712    0.81185533    0.84357804    0.89385936    0.77652915    0.39745424    0.60974396    0.62377702
G3JTI4_CORMM/193-279     0.32093425    0.37575249    0.45046181    0.28364892    0.44033392    0.37278981    0.41275255    0.26874207    0.21483143    0.00000000    0.49361016    0.46160430    0.40925609    0.51008387    0.43876953    0.55490731    0.61257485    0.53916292    0.45175210    0.60221086    1.27382556    1.21664088    1.19113383    1.19076461    1.50069093    1.47736597    1.07911601    1.21295723    0.68977581    0.69550608    0.73298243    0.76182822    0.72940379    0.63402692    0.78645412    0.80618896    0.88034513    0.90448141    0.76342520    0.40801632    0.65909548    0.69715933
B2B4H4_PODAN/216-288     0.45279005    0.45856619    0.37806869    0.32831803    0.45459018    0.55144100    0.52972381    0.43240922    0.45561334    0.49361016    0.00000000    0.42206114    0.50503180    0.62650694    0.59226848    0.60895881    0.68798683    0.56511048    0.47276928    0.74333102    1.36633421    1.29520518    1.35223038    1.25336170    1.21800032    1.26533770    1.07444593    1.24226421    0.87136354    0.69979903    0.79453582    0.80909404    0.83001149    0.79942772    1.02314487    1.02644325    1.05676188    1.02520709    0.86975682    0.41962368    0.77003551    0.67883554
G4MZM4_MAGO7/181-265     0.29147554    0.23679660    0.33986567    0.21729663    0.43299191    0.42918785    0.39483093    0.30055107    0.42579483    0.46160430    0.42206114    0.00000000    0.31786334    0.42180084    0.31628175    0.42836366    0.61408659    0.37953208    0.31583214    0.59498175    1.10168208    1.18781993    1.16660425    1.07603900    1.71580495    1.69257488    0.89417275    0.97592462    0.68249826    0.66641219    0.64480210    0.67816764    0.64117942    0.55968390    0.74745624    0.75615300    0.81518476    0.86822193    0.78364953    0.37021483    0.66466467    0.55098501
G2QB24_MYCTT/197-275     0.39430906    0.35624620    0.37291298    0.30886868    0.44741426    0.50529216    0.49467599    0.36992504    0.44207165    0.40925609    0.50503180    0.31786334    0.00000000    0.33859365    0.29289043    0.31648618    0.58955419    0.36873542    0.32328191    0.61654267    1.15397118    1.10386500    1.16236083    1.07601136    1.26053412    1.28080751    0.97268213    1.12191614    0.69419765    0.75168131    0.70816982    0.73975857    0.71536723    0.66362265    0.86234423    0.76177224    0.81027051    0.83083474    0.73898286    0.35411166    0.67966793    0.51490815
G0SDI4_CHATD/254-342     0.48842437    0.45196337    0.44661619    0.38544196    0.44146788    0.63697956    0.59055900    0.39823555    0.39476097    0.51008387    0.62650694    0.42180084    0.33859365    0.00000000    0.32880353    0.49115501    0.80936696    0.47435137    0.37591747    0.71184017    1.14931044    1.14335447    1.22737916    1.03875381    1.55928281    1.66926557    1.05836120    1.03258871    0.81710423    0.85730414    0.86981057    0.90442648    0.88184806    0.89304088    0.93891101    0.83336124    0.87260175    0.85373968    0.88182886    0.42659808    0.78489154    0.66552891
G2QXP9_THETT/198-274     0.35224403    0.48687758    0.44676727    0.32615364    0.40632450    0.51702667    0.48595074    0.31860478    0.36042737    0.43876953    0.59226848    0.31628175    0.29289043    0.32880353    0.00000000    0.44148695    0.69713102    0.48813504    0.37272846    0.63635233    1.00041606    1.05455025    1.07742366    1.00730084    1.59599839    1.54668243    0.92909818    1.02399191    0.74335713    0.68172673    0.70615961    0.70400113    0.71366698    0.63939549    0.78693436    0.69916030    0.66737303    0.76131282    0.71739470    0.42180825    0.76002165    0.64948008
Q2HGM2_CHAGB/198-277     0.49272972    0.49622419    0.48608364    0.40776159    0.51050926    0.59363356    0.50076750    0.54669171    0.47757077    0.55490731    0.60895881    0.42836366    0.31648618    0.49115501    0.44148695    0.00000000    0.69649131    0.43964122    0.54154525    0.73854809    1.35204891    1.31542055    1.42246035    1.17312989    1.46181243    1.56174268    0.98578516    1.09062011    0.96066214    0.73930905    0.80181505    0.82527708    0.79574914    0.73215594    0.88329962    1.04013235    0.92337339    0.97749257    0.87528426    0.39564643    0.85119451    0.69274532
S3CSB0_GLAL2/196-264     0.60173693    0.61188709    0.54658918    0.50092080    0.54681389    0.68967437    0.67847853    0.56069707    0.55846188    0.61257485    0.68798683    0.61408659    0.58955419    0.80936696    0.69713102    0.69649131    0.00000000    0.52526934    0.61220449    0.83204756    1.39131210    1.30261037    1.38836492    1.35357132    1.53318464    1.54669520    1.17413435    1.24368780    0.72510359    1.03506570    1.10110573    1.10903564    1.00062789    0.98833116    1.18688984    1.18562825    1.16399275    1.41474757    1.13426101    0.54350912    0.86358332    0.85293931
V5IP72_NEUCR/182-269     0.38786747    0.41378383    0.43963448    0.34943925    0.43157055    0.53043496    0.56843421    0.44441091    0.51164965    0.53916292    0.56511048    0.37953208    0.36873542    0.47435137    0.48813504    0.43964122    0.52526934    0.00000000    0.41795538    0.65120493    1.25638377    1.14919575    1.27068991    1.19421378    1.57332104    1.70278438    1.09890072    1.20747233    0.76248435    0.68907878    0.66292578    0.71746001    0.64782298    0.70764800    0.85799081    0.86070758    0.89879534    1.03573790    0.81054841    0.48025015    0.76766607    0.59732644
C9S5P7_VERA1/201-273     0.31223582    0.31915511    0.30057326    0.29009456    0.31639857    0.39165226    0.35992737    0.29902942    0.40715196    0.45175210    0.47276928    0.31583214    0.32328191    0.37591747    0.37272846    0.54154525    0.61220449    0.41795538    0.00000000    0.64278256    1.25534520    1.22268325    1.24670727    1.18357215    1.32511497    1.35067416    0.88271253    0.95695870    0.71096658    0.67331022    0.69170588    0.71966020    0.71197015    0.60013702    0.80031601    0.81677821    0.82671390    0.84599661    0.73058418    0.27215169    0.66430389    0.59475131
R7YNM5_CONA1/225-308     0.55940510    0.64261749    0.51783644    0.52151627    0.56200925    0.75401568    0.65125497    0.59272087    0.59001816    0.60221086    0.74333102    0.59498175    0.61654267    0.71184017    0.63635233    0.73854809    0.83204756    0.65120493    0.64278256    0.00000000    0.84226039    0.89776465    0.91136860    0.82031534    1.40681917    1.48973297    1.05994053    1.10734239    0.90000389    0.80748162    0.77822716    0.90038728    0.87186535    0.82713314    0.73094117    0.88507252    0.91898989    0.97481774    0.95514203    0.49585481    0.68330367    0.76040189
M2T6P3_COCSN/208-293     1.08043330    1.20174207    0.98014160    1.03240085    1.23998085    1.62237565    1.25680127    1.15081511    1.15927026    1.27382556    1.36633421    1.10168208    1.15397118    1.14931044    1.00041606    1.35204891    1.39131210    1.25638377    1.25534520    0.84226039    0.00000000    0.30536208    0.31073060    0.15946140    2.66575574    3.06907279    1.33569003    1.26785952    1.11511324    1.23179247    1.33160430    1.48511443    1.39776828    1.29102691    1.25561107    1.24347377    1.37349574    1.35109033    1.46480153    1.18758628    1.35390936    1.43718121
E5ADS3_LEPMJ/286-368     1.12047547    1.21985301    1.09160118    1.16347983    1.24958743    1.46260749    1.37673629    1.09632063    1.11364398    1.21664088    1.29520518    1.18781993    1.10386500    1.14335447    1.05455025    1.31542055    1.30261037    1.14919575    1.22268325    0.89776465    0.30536208    0.00000000    0.18076422    0.23874172    2.15420282    2.48368056    1.17068151    1.39775484    1.05100927    1.44577513    1.37337915    1.44851058    1.40240754    1.43600737    1.50284701    1.40354990    1.52029264    1.61223661    1.43362221    1.10397529    1.40519982    1.69508562
Q0URD7_PHANO/211-292     1.22435553    1.19359910    1.14313777    1.09401086    1.25143782    1.44839212    1.26214121    1.15843748    1.17899927    1.19113383    1.35223038    1.16660425    1.16236083    1.22737916    1.07742366    1.42246035    1.38836492    1.27068991    1.24670727    0.91136860    0.31073060    0.18076422    0.00000000    0.24532363    2.14544447    2.26343372    1.38251178    1.55924724    1.17233119    1.47935518    1.49353871    1.48641285    1.46750848    1.31693876    1.47679891    1.37956371    1.47620158    1.42816328    1.45572138    1.12711557    1.28888001    1.68947475
E3RRT7_PYRTT/181-262     1.14114445    1.15461554    1.04108257    1.06212232    1.25052002    1.41955671    1.28000224    1.07865715    1.11133771    1.19076461    1.25336170    1.07603900    1.07601136    1.03875381    1.00730084    1.17312989    1.35357132    1.19421378    1.18357215    0.82031534    0.15946140    0.23874172    0.24532363    0.00000000    2.08440013    2.31225734    1.34515289    1.43838919    0.99099998    1.40833456    1.29668087    1.54625692    1.36632705    1.22020916    1.31899118    1.29239937    1.35001313    1.39775949    1.32383970    1.13408187    1.25162574    1.60278176
S9VSM9_SCHCR/228-273     1.43233147    1.66527640    1.49387116    1.51666633    1.64251777    1.76655688    1.72358913    1.44197722    1.32863760    1.50069093    1.21800032    1.71580495    1.26053412    1.55928281    1.59599839    1.46181243    1.53318464    1.57332104    1.32511497    1.40681917    2.66575574    2.15420282    2.14544447    2.08440013    0.00000000    0.11755358    1.22536163    1.37049692    1.20722161    1.39453440    1.35004690    1.38521866    1.48057559    1.70675099    1.74900343    2.04764774    1.82339707    2.00374225    1.63910856    1.50121660    2.01318261    1.86816299
ATF1_SCHPO/240-285     1.41866572    1.77750574    1.61320893    1.52485524    1.64751434    1.61058740    1.69868388    1.42961244    1.31125845    1.47736597    1.26533770    1.69257488    1.28080751    1.66926557    1.54668243    1.56174268    1.54669520    1.70278438    1.35067416    1.48973297    3.06907279    2.48368056    2.26343372    2.31225734    0.11755358    0.00000000    1.34630883    1.50314752    1.12973660    1.54224767    1.43871950    1.47496924    1.57645455    1.71829764    1.84618384    2.16794186    1.92994439    2.03546748    1.88139706    1.60663130    1.97509938    1.95794461
S8APA0_DACHA/236-321     0.84331277    1.07396566    0.84016490    0.93743719    1.10395263    1.19748200    1.14948460    1.06264471    0.92359186    1.07911601    1.07444593    0.89417275    0.97268213    1.05836120    0.92909818    0.98578516    1.17413435    1.09890072    0.88271253    1.05994053    1.33569003    1.17068151    1.38251178    1.34515289    1.22536163    1.34630883    0.00000000    0.31616842    1.34567008    1.24059842    1.25070632    1.32650724    1.38731854    1.20741595    1.32451893    1.39240577    1.42498494    1.19300614    1.33702261    0.86954570    1.27569666    1.29162924
G1X8C1_ARTOA/212-296     0.94361925    1.20697273    0.94718120    1.05616887    1.18172901    1.27472575    1.18845966    1.17271308    1.01878647    1.21295723    1.24226421    0.97592462    1.12191614    1.03258871    1.02399191    1.09062011    1.24368780    1.20747233    0.95695870    1.10734239    1.26785952    1.39775484    1.55924724    1.43838919    1.37049692    1.50314752    0.31616842    0.00000000    1.47343406    1.18015695    1.24421520    1.38495077    1.44747343    1.24334887    1.29894803    1.41069069    1.42499332    1.17126665    1.37774014    0.97791486    1.42979723    1.29071213
L8FQS3_PSED2/222-296     0.71652998    0.70864608    0.66978842    0.60653477    0.70416979    0.86089332    0.79150693    0.69245043    0.65851943    0.68977581    0.87136354    0.68249826    0.69419765    0.81710423    0.74335713    0.96066214    0.72510359    0.76248435    0.71096658    0.90000389    1.11511324    1.05100927    1.17233119    0.99099998    1.20722161    1.12973660    1.34567008    1.47343406    0.00000000    1.01589010    1.00284664    1.00813270    0.97137649    0.70188559    0.94280565    0.97815579    1.02471336    1.13480825    0.85580362    0.75650231    0.80629960    1.12460635
M2ML90_BAUPA/142-224     0.68923390    0.75766232    0.59597055    0.58118276    0.67856063    0.84131404    0.65464956    0.69498973    0.62312635    0.69550608    0.69979903    0.66641219    0.75168131    0.85730414    0.68172673    0.73930905    1.03506570    0.68907878    0.67331022    0.80748162    1.23179247    1.44577513    1.47935518    1.40833456    1.39453440    1.54224767    1.24059842    1.18015695    1.01589010    0.00000000    0.38401170    0.49212717    0.42382017    0.86258899    0.78367960    0.89776229    0.88618250    0.97168074    0.98091094    0.59826568    1.12428128    0.85631946
M2Z0P5_PSEFD/139-220     0.66603898    0.71539205    0.56080832    0.56691474    0.64483453    0.87575528    0.68902411    0.67946082    0.65456675    0.73298243    0.79453582    0.64480210    0.70816982    0.86981057    0.70615961    0.80181505    1.10110573    0.66292578    0.69170588    0.77822716    1.33160430    1.37337915    1.49353871    1.29668087    1.35004690    1.43871950    1.25070632    1.24421520    1.00284664    0.38401170    0.00000000    0.21972841    0.22122316    0.76663836    0.82188891    0.95460044    0.97443416    1.01850964    1.06688009    0.56876980    1.00022481    0.84785197
M3D7J7_SPHMS/208-290     0.69314163    0.74572342    0.59404972    0.60030852    0.67083082    0.95795204    0.69321679    0.70406754    0.68179854    0.76182822    0.80909404    0.67816764    0.73975857    0.90442648    0.70400113    0.82527708    1.10903564    0.71746001    0.71966020    0.90038728    1.48511443    1.44851058    1.48641285    1.54625692    1.38521866    1.47496924    1.32650724    1.38495077    1.00813270    0.49212717    0.21972841    0.00000000    0.21970789    0.77655167    0.82307125    0.97849608    0.97299850    1.02967841    1.02215506    0.57401954    1.01774259    0.87168627
N1PRH5_DOTSN/219-301     0.68529885    0.74429764    0.57769581    0.58394822    0.66292828    0.92588583    0.70832949    0.69646964    0.65096596    0.72940379    0.83001149    0.64117942    0.71536723    0.88184806    0.71366698    0.79574914    1.00062789    0.64782298    0.71197015    0.87186535    1.39776828    1.40240754    1.46750848    1.36632705    1.48057559    1.57645455    1.38731854    1.44747343    0.97137649    0.42382017    0.22122316    0.21970789    0.00000000    0.74097311    0.83312028    1.01808842    1.01287368    1.05904132    1.07617525    0.58518365    1.03798697    0.81933108
S8AUV4_PENO1/176-244     0.51626209    0.61936516    0.54744257    0.49889325    0.62670106    0.86726417    0.53406201    0.57286793    0.63488797    0.63402692    0.79942772    0.55968390    0.66362265    0.89304088    0.63939549    0.73215594    0.98833116    0.70764800    0.60013702    0.82713314    1.29102691    1.43600737    1.31693876    1.22020916    1.70675099    1.71829764    1.20741595    1.24334887    0.70188559    0.86258899    0.76663836    0.77655167    0.74097311    0.00000000    0.29919628    0.30289000    0.30197907    0.46341826    0.29004184    0.56990985    0.77646343    0.77991529
B8N3Q0_ASPFN/204-274     0.68989773    0.77920629    0.68206942    0.62077392    0.75332378    0.79611655    0.78395298    0.81359948    0.76980712    0.78645412    1.02314487    0.74745624    0.86234423    0.93891101    0.78693436    0.88329962    1.18688984    0.85799081    0.80031601    0.73094117    1.25561107    1.50284701    1.47679891    1.31899118    1.74900343    1.84618384    1.32451893    1.29894803    0.94280565    0.78367960    0.82188891    0.82307125    0.83312028    0.29919628    0.00000000    0.26866176    0.25336546    0.42913634    0.25068554    0.64235131    1.00117465    0.94806262
V5FM23_BYSSN/168-241     0.77755983    0.80294758    0.67015511    0.70614135    0.81737004    0.88001750    0.83296684    0.76536412    0.81185533    0.80618896    1.02644325    0.75615300    0.76177224    0.83336124    0.69916030    1.04013235    1.18562825    0.86070758    0.81677821    0.88507252    1.24347377    1.40354990    1.37956371    1.29239937    2.04764774    2.16794186    1.39240577    1.41069069    0.97815579    0.89776229    0.95460044    0.97849608    1.01808842    0.30289000    0.26866176    0.00000000    0.21186146    0.39560562    0.32030839    0.75422805    0.92291805    0.92593672
B6Q5G5_TALMQ/163-232     0.77332932    0.81897085    0.67335211    0.71743105    0.82412284    0.93433535    0.85416967    0.79547516    0.84357804    0.88034513    1.05676188    0.81518476    0.81027051    0.87260175    0.66737303    0.92337339    1.16399275    0.89879534    0.82671390    0.91898989    1.37349574    1.52029264    1.47620158    1.35001313    1.82339707    1.92994439    1.42498494    1.42499332    1.02471336    0.88618250    0.97443416    0.97299850    1.01287368    0.30197907    0.25336546    0.21186146    0.00000000    0.34663098    0.29827460    0.78754138    0.97602624    0.89416061
E9D0F4_COCPS/19-90     0.89702901    0.88958338    0.73116568    0.80332464    0.92490265    0.98417153    0.90854571    0.90704615    0.89385936    0.90448141    1.02520709    0.86822193    0.83083474    0.85373968    0.76131282    0.97749257    1.41474757    1.03573790    0.84599661    0.97481774    1.35109033    1.61223661    1.42816328    1.39775949    2.00374225    2.03546748    1.19300614    1.17126665    1.13480825    0.97168074    1.01850964    1.02967841    1.05904132    0.46341826    0.42913634    0.39560562    0.34663098    0.00000000    0.43657810    0.90216052    1.06375302    0.93147016
Q4WY05_ASPFU/239-311     0.71067299    0.70247506    0.61890457    0.63486363    0.83355153    0.80233300    0.81205881    0.70829739    0.77652915    0.76342520    0.86975682    0.78364953    0.73898286    0.88182886    0.71739470    0.87528426    1.13426101    0.81054841    0.73058418    0.95514203    1.46480153    1.43362221    1.45572138    1.32383970    1.63910856    1.88139706    1.33702261    1.37774014    0.85580362    0.98091094    1.06688009    1.02215506    1.07617525    0.29004184    0.25068554    0.32030839    0.29827460    0.43657810    0.00000000    0.74038247    0.93662416    1.04350235
N1RAP7_FUSC4/195-282     0.22625588    0.36976273    0.33859033    0.26275502    0.34145578    0.45746341    0.42492652    0.35646926    0.39745424    0.40801632    0.41962368    0.37021483    0.35411166    0.42659808    0.42180825    0.39564643    0.54350912    0.48025015    0.27215169    0.49585481    1.18758628    1.10397529    1.12711557    1.13408187    1.50121660    1.60663130    0.86954570    0.97791486    0.75650231    0.59826568    0.56876980    0.57401954    0.58518365    0.56990985    0.64235131    0.75422805    0.78754138    0.90216052    0.74038247    0.00000000    0.61306065    0.52713675
S3CFB0_OPHP1/185-265     0.59644212    0.59845843    0.68769012    0.58627251    0.56014690    0.65540896    0.65067895    0.61713403    0.60974396    0.65909548    0.77003551    0.66466467    0.67966793    0.78489154    0.76002165    0.85119451    0.86358332    0.76766607    0.66430389    0.68330367    1.35390936    1.40519982    1.28888001    1.25162574    2.01318261    1.97509938    1.27569666    1.42979723    0.80629960    1.12428128    1.00022481    1.01774259    1.03798697    0.77646343    1.00117465    0.92291805    0.97602624    1.06375302    0.93662416    0.61306065    0.00000000    0.67610259
F0XE79_GROCL/193-283     0.55766250    0.60620826    0.54062657    0.53837021    0.56432749    0.67927838    0.53268926    0.59837261    0.62377702    0.69715933    0.67883554    0.55098501    0.51490815    0.66552891    0.64948008    0.69274532    0.85293931    0.59732644    0.59475131    0.76040189    1.43718121    1.69508562    1.68947475    1.60278176    1.86816299    1.95794461    1.29162924    1.29071213    1.12460635    0.85631946    0.84785197    0.87168627    0.81933108    0.77991529    0.94806262    0.92593672    0.89416061    0.93147016    1.04350235    0.52713675    0.67610259    0.00000000

