6
C5AG12_BURGB/13-116     0.00000000    1.83590986    0.30065323    0.59324296    0.61664670    1.13278428
Q63I55_BURPS/26-132     1.83590986    0.00000000    1.87969061    2.24254970    2.07681949    2.57433595
Q63UL6_BURPS/13-116     0.30065323    1.87969061    0.00000000    0.54538957    0.57415934    1.04662772
B2JHT9_PARP8/13-117     0.59324296    2.24254970    0.54538957    0.00000000    0.30381259    1.12239980
Q13Y58_PARXL/13-113     0.61664670    2.07681949    0.57415934    0.30381259    0.00000000    1.16416971
E5AU50_MYCRK/32-134     1.13278428    2.57433595    1.04662772    1.12239980    1.16416971    0.00000000

