48
Q7NTV3_CHRVO/64-249     0.00000000    2.43352124    2.61751321    2.42299440    2.50750520    2.41962126    3.02638459    2.90990951    3.14300725    3.04027288    3.02952563    3.16992590    2.29790206    2.44872920    2.37980279    2.54381813    2.66652365    2.84346171    2.63424837    2.46718793    2.54773181    2.74534998    2.48795540    2.50851748    2.28019362    2.41258602    2.76126275    3.59622024    3.81889938    3.89212271    3.98999159    4.07188956    4.30879977    4.40840193    4.12028325    3.73732188    4.41447572    2.86877651    2.98292538    2.97675971    2.70394727    2.78982171    2.85009991    2.89256154    3.23575136    3.00614377    3.71947155    3.75754225
S6AYH1_PSERE/25-205     2.43352124    0.00000000    2.39200352    2.40217684    2.27125671    2.44275492    2.68057207    2.39242877    2.61888264    2.27011973    2.44628825    2.39601092    2.59812453    2.51836919    2.66609987    2.41788847    2.76636143    2.64112770    2.54673897    2.55723520    2.88957432    3.15293168    2.64780983    2.60753479    2.78752618    2.60343968    2.94553074    3.41202914    3.80498023    3.43729940    3.60109801    4.26715222    4.01095052    3.88115056    3.72787065    3.74330273    3.58987989    2.46290471    3.57483490    3.93561377    3.70990875    3.77409765    3.77889414    3.89802062    4.71297177    3.90006475    4.30501277    4.41846532
A4XNM5_PSEMY/28-212     2.61751321    2.39200352    0.00000000    0.89416950    0.91457063    0.97920833    1.04138671    1.04798314    1.01092900    1.16526889    1.09144263    1.60524749    1.30144427    1.50750632    1.58169036    2.14274511    2.31473493    1.87785790    1.89692970    2.16844139    2.14677077    2.89759939    2.82741949    2.80365329    2.86593489    2.98550538    2.28238949    2.87954102    3.08663003    2.75660045    2.71099814    2.71501819    2.50781252    2.78524053    3.30323837    2.34697659    3.14729504    3.86084595    2.73076645    2.86293792    2.58865690    2.77685973    2.71480251    2.68147294    3.48495961    3.06932871    3.77079084    4.19638429
A4XXD7_PSEMY/28-212     2.42299440    2.40217684    0.89416950    0.00000000    0.58374769    0.65983799    1.05276501    1.01892986    1.03433144    1.07735931    1.11195929    1.58911227    1.31435496    1.41289801    1.22938154    2.02250977    2.47997593    2.17632108    1.92171123    2.11453696    2.24926185    2.81374564    2.21700105    2.65567953    2.58697895    2.62178379    2.50176402    2.41223857    2.90299997    2.78358892    2.67039609    2.95595676    2.56310716    2.68382081    3.30590295    2.62009918    2.99978578    3.31972795    2.60487360    2.90327264    2.40602687    2.81077470    2.85729089    2.70817834    3.51725123    2.96247948    3.13437962    3.55511582
Q88I56_PSEPK/77-261     2.50750520    2.27125671    0.91457063    0.58374769    0.00000000    0.48306886    0.94941511    1.03995656    1.03683370    1.17373628    1.14984408    1.54871307    1.15244383    1.50105892    1.33708677    2.11923933    2.62747303    1.89182635    1.77517237    1.83912814    1.96417932    2.58745880    2.29339274    2.55357551    2.58954748    2.51852346    2.28417646    2.61495745    2.91293476    2.91023239    3.08852420    2.80718882    2.64301619    3.16883520    3.44936487    2.79241978    3.00459746    3.73745199    2.57545599    2.88086504    2.46663375    2.70417995    2.89616503    2.51732050    3.81305413    3.15052437    3.30038504    3.62481349
S6BDU2_PSERE/29-213     2.41962126    2.44275492    0.97920833    0.65983799    0.48306886    0.00000000    1.08807659    1.16529607    1.14685870    1.28664919    1.11658594    1.69395338    1.43323829    1.47813510    1.45906446    1.99208824    2.57570754    1.87631124    1.77534291    1.88464877    2.17582428    2.51264779    2.59343570    2.70160563    2.66554514    2.48562035    2.37787159    2.54158404    2.62080380    2.38582766    2.55469212    2.66376960    2.72141014    2.68435728    2.93363395    2.59297607    2.50239036    3.53044504    2.67113549    2.85891655    2.45936854    2.65580845    2.73212466    2.75227037    3.50615862    2.94257534    3.07364750    3.62278136
H2IZR4_RAHAC/30-214     3.02638459    2.68057207    1.04138671    1.05276501    0.94941511    1.08807659    0.00000000    0.76273708    0.60116479    0.80979296    0.65531757    1.27987982    1.37971295    1.56814745    1.51342117    2.36166763    2.55095174    2.36363152    2.18019361    2.50285529    2.52819047    2.81621743    2.76266157    2.78259387    2.69398827    2.97901010    2.77914724    2.74647667    3.33152690    3.19943093    3.16242519    3.44986789    3.20272439    3.40570735    3.41441080    2.98975424    3.10531382    3.53428924    2.83977303    2.66354832    2.54361921    2.95654542    2.84174277    2.77264979    3.48731329    3.39662887    4.17656137    4.12373312
I2B443_SHIBC/32-216     2.90990951    2.39242877    1.04798314    1.01892986    1.03995656    1.16529607    0.76273708    0.00000000    0.65616777    0.78588468    0.63451743    1.24261689    1.28323735    1.39139112    1.42913792    2.38750442    2.65825530    2.37466622    2.16890914    2.53635130    2.38502674    2.41397093    2.53536817    2.73453912    2.47784269    2.60054535    2.62736675    2.80179297    3.00445615    2.85237646    2.77946560    3.20621416    2.79698469    3.07071579    2.70826962    2.65400373    2.46960842    3.52548204    2.46765738    2.64217442    2.35383914    2.51864149    2.48063420    2.30489156    3.26602419    3.08365269    3.47309013    3.59052162
A6T9U9_KLEP7/30-214     3.14300725    2.61888264    1.01092900    1.03433144    1.03683370    1.14685870    0.60116479    0.65616777    0.00000000    0.49977136    0.32237560    1.25482992    1.45885616    1.61064478    1.60617812    2.48798726    2.74117653    2.34569642    2.25348385    2.71448095    2.41811744    3.03241281    2.77143094    3.17443146    2.88394627    3.17163692    2.85808575    2.85737255    3.56572934    3.32253640    3.31247013    3.17826956    2.84769530    3.05112776    3.51946366    2.98423141    3.00432463    3.89672735    2.64444813    2.85411630    2.54189101    2.83137384    2.77236181    2.71269774    3.39478454    2.77132906    4.51318281    4.41057699
I2BEB5_SHIBC/30-214     3.04027288    2.27011973    1.16526889    1.07735931    1.17373628    1.28664919    0.80979296    0.78588468    0.49977136    0.00000000    0.41420142    1.28213103    1.49865234    1.72685193    1.60691493    2.57201619    2.78108947    2.30597679    2.18054542    2.38899745    2.62511898    2.80930353    2.83076963    3.23773619    3.10411130    3.10117297    2.85264553    2.97804374    3.79013336    3.80309927    3.57886893    3.13089536    3.01950274    3.35919485    3.87790122    3.08807858    3.23512837    3.51773632    2.70099355    3.25159326    2.73962045    2.82262996    2.92203989    2.91215167    3.74449650    3.44785767    4.49836920    4.93665383
A8AGI8_CITK8/30-214     3.02952563    2.44628825    1.09144263    1.11195929    1.14984408    1.11658594    0.65531757    0.63451743    0.32237560    0.41420142    0.00000000    1.27000569    1.37468475    1.65481000    1.60417470    2.31440577    2.76286487    2.33669025    2.13985886    2.62852959    2.39410521    2.56439051    2.68441226    2.87182206    2.73740159    2.79372440    2.79139361    2.83848686    3.83510255    3.57647048    3.48012457    3.37215019    2.99227805    3.62143181    3.76677514    3.17360355    3.14206913    3.50887906    2.59681593    2.84903500    2.60690039    2.73577502    2.69889098    2.54252506    3.71556344    2.88319876    4.46147330    4.23352717
J7U173_MORMO/34-218     3.16992590    2.39601092    1.60524749    1.58911227    1.54871307    1.69395338    1.27987982    1.24261689    1.25482992    1.28213103    1.27000569    0.00000000    1.78688011    1.86877270    1.85094862    2.95887622    3.24160955    3.06072863    3.05620568    2.74315655    2.90181312    2.76344841    3.01184921    3.01644019    2.63753510    2.96828168    2.82561140    2.76339016    3.64514709    3.18361247    3.18654475    3.57444816    3.20384576    3.62535680    3.68571939    3.18137259    3.45452289    3.54307512    2.93405744    3.29545790    2.75942315    2.99517306    3.19300783    2.89462973    3.91990562    3.48102438    4.32185453    4.34135345
B2JWQ4_PARP8/32-219     2.29790206    2.59812453    1.30144427    1.31435496    1.15244383    1.43323829    1.37971295    1.28323735    1.45885616    1.49865234    1.37468475    1.78688011    0.00000000    1.27274720    1.24511082    2.33005105    2.61384479    2.28731280    2.20078432    2.08311602    2.23178936    2.18840577    2.29313943    2.10564774    2.38925969    2.28580995    2.03562549    2.82503930    2.87502665    2.67519404    2.73457051    3.17672451    3.16112159    3.10746188    3.25094588    2.44165804    2.82905220    3.29947384    2.41202378    2.77686362    2.64990877    2.80714766    2.53074559    2.40876743    3.53037256    2.98629851    3.12726420    3.10811400
F4GP05_PUSST/30-218     2.44872920    2.51836919    1.50750632    1.41289801    1.50105892    1.47813510    1.56814745    1.39139112    1.61064478    1.72685193    1.65481000    1.86877270    1.27274720    0.00000000    0.54891030    2.37664846    2.59057142    2.43006205    2.37632206    2.14087025    2.00494954    2.25054333    2.75121931    2.43083061    2.40199700    2.41177216    2.25712745    2.85900913    2.88316882    2.67944409    2.74982718    2.70787217    2.87629242    2.78214904    3.37011486    2.77124193    2.86908571    2.89767898    2.63884938    2.93931461    3.08948980    2.88133278    2.94059691    3.02742566    3.58257229    3.60724331    4.16876804    4.02681452
Q7VZM2_BORPE/28-215     2.37980279    2.66609987    1.58169036    1.22938154    1.33708677    1.45906446    1.51342117    1.42913792    1.60617812    1.60691493    1.60417470    1.85094862    1.24511082    0.54891030    0.00000000    2.13649135    2.33209926    2.18557822    2.17226315    2.24514226    2.13202776    2.39389200    2.66206818    2.56317977    2.59994813    2.53236818    2.26593952    2.79773684    3.22083630    2.93564347    3.23499662    2.72799572    2.92330224    3.06846440    3.58211718    3.05591196    3.26848579    2.81275597    2.38942439    2.80738951    2.57553117    2.72811412    2.79637349    2.63447542    3.48591673    3.02825626    4.24246363    3.76152985
Q72FH0_DESVH/31-211     2.54381813    2.41788847    2.14274511    2.02250977    2.11923933    1.99208824    2.36166763    2.38750442    2.48798726    2.57201619    2.31440577    2.95887622    2.33005105    2.37664846    2.13649135    0.00000000    1.54322252    1.08239256    1.06300831    1.69167369    1.53560604    1.85900732    1.55293363    1.62756269    1.67787975    1.43960102    1.99992785    2.53770601    2.47618997    2.57419336    2.59178013    2.76265698    2.89120703    3.07968829    3.35903141    2.97608428    2.83471371    2.85536020    2.00064463    2.15846255    2.16054417    2.26545508    2.30240955    2.22312507    2.60117069    2.13292012    2.90919496    3.24796824
B7VQZ0_VIBA3/22-206     2.66652365    2.76636143    2.31473493    2.47997593    2.62747303    2.57570754    2.55095174    2.65825530    2.74117653    2.78108947    2.76286487    3.24160955    2.61384479    2.59057142    2.33209926    1.54322252    0.00000000    1.62194987    1.46264031    2.01186008    1.79714316    2.06576050    1.95568609    1.72849504    1.89703629    1.73111962    2.42666694    3.43995146    3.46867408    3.49677597    3.47147783    3.61764379    3.90845634    3.25153190    4.35624780    3.58558114    3.75562059    3.60123585    2.39019869    2.54521545    2.39591420    2.67036720    2.28494556    2.54041266    3.15598600    2.59191700    3.75345021    2.95159697
B8DN54_DESVM/30-212     2.84346171    2.64112770    1.87785790    2.17632108    1.89182635    1.87631124    2.36363152    2.37466622    2.34569642    2.30597679    2.33669025    3.06072863    2.28731280    2.43006205    2.18557822    1.08239256    1.62194987    0.00000000    0.39005679    1.64195593    1.55902504    2.06814961    2.02581087    1.98577959    1.94872976    1.59176963    1.77549027    2.76538309    2.53155574    2.28869723    2.63053475    2.73853960    3.03973734    3.03402732    3.12909836    2.76973820    2.70546267    3.04241736    2.66982195    2.79788285    2.52136933    2.64877215    2.90947072    2.71533261    3.16762929    2.98734626    3.41539268    3.41750660
Q726B6_DESVH/30-212     2.63424837    2.54673897    1.89692970    1.92171123    1.77517237    1.77534291    2.18019361    2.16890914    2.25348385    2.18054542    2.13985886    3.05620568    2.20078432    2.37632206    2.17226315    1.06300831    1.46264031    0.39005679    0.00000000    1.46651797    1.53368397    1.83520617    1.70668136    1.76768935    1.71129188    1.53050457    1.61202933    2.47662839    2.57439165    2.44924406    2.50678856    2.95024553    2.87685150    2.74127860    2.99823149    2.56934187    2.62681033    2.92083269    2.79633739    2.83911668    2.38174371    2.48123926    2.92509119    2.57266726    3.00680794    3.18515436    2.99966159    3.35255716
C7RSS4_ACCPU/39-244     2.46718793    2.55723520    2.16844139    2.11453696    1.83912814    1.88464877    2.50285529    2.53635130    2.71448095    2.38899745    2.62852959    2.74315655    2.08311602    2.14087025    2.24514226    1.69167369    2.01186008    1.64195593    1.46651797    0.00000000    1.36956518    2.05151260    2.24330149    1.94109844    2.23772158    2.13662123    1.81885928    3.03900437    3.06165710    2.82896817    2.80495614    3.22338731    3.03186173    3.46497401    3.83097763    3.49677451    2.82868979    2.44612604    2.53609064    2.78625675    2.52809062    2.53716824    2.71004104    2.71076436    3.47748644    2.89193244    2.92511990    3.32967304
Q2LRC4_SYNAS/55-240     2.54773181    2.88957432    2.14677077    2.24926185    1.96417932    2.17582428    2.52819047    2.38502674    2.41811744    2.62511898    2.39410521    2.90181312    2.23178936    2.00494954    2.13202776    1.53560604    1.79714316    1.55902504    1.53368397    1.36956518    0.00000000    1.72825206    1.74850786    1.56280648    1.68617064    1.44213705    1.92747518    2.55222119    2.59282293    2.57822375    2.57463752    2.66887865    2.71861133    2.96607744    2.87093624    2.41574221    2.63346749    2.56246175    2.33716142    2.71167383    2.59044306    2.49815762    2.58438148    2.69252790    2.70134572    2.27798678    3.03208399    2.84577373
H8GG08_METAL/29-213     2.74534998    3.15293168    2.89759939    2.81374564    2.58745880    2.51264779    2.81621743    2.41397093    3.03241281    2.80930353    2.56439051    2.76344841    2.18840577    2.25054333    2.39389200    1.85900732    2.06576050    2.06814961    1.83520617    2.05151260    1.72825206    0.00000000    1.60932551    1.44024539    1.59660072    1.40509637    2.10100896    3.16195860    3.26189577    2.88675094    2.91174802    3.61980076    3.80385432    3.75455101    3.77327078    3.29377417    3.44678300    2.90451926    2.43797443    2.46986114    2.35078314    2.52342074    2.18128720    2.32415348    2.52810474    2.53944444    3.10035636    2.86241557
E6VRE2_PSEA9/32-212     2.48795540    2.64780983    2.82741949    2.21700105    2.29339274    2.59343570    2.76266157    2.53536817    2.77143094    2.83076963    2.68441226    3.01184921    2.29313943    2.75121931    2.66206818    1.55293363    1.95568609    2.02581087    1.70668136    2.24330149    1.74850786    1.60932551    0.00000000    0.58074969    0.74231461    0.65891981    2.17125341    2.94533589    3.10993927    3.01192866    3.03051344    3.21183329    3.29938019    3.21395298    3.61563927    3.01842606    3.16303414    2.74136812    2.25399473    2.32270247    2.09860746    2.12815102    2.26208387    2.04517063    2.92826909    2.70941846    3.33414129    2.81224259
A5G885_GEOUR/35-216     2.50851748    2.60753479    2.80365329    2.65567953    2.55357551    2.70160563    2.78259387    2.73453912    3.17443146    3.23773619    2.87182206    3.01644019    2.10564774    2.43083061    2.56317977    1.62756269    1.72849504    1.98577959    1.76768935    1.94109844    1.56280648    1.44024539    0.58074969    0.00000000    0.48662347    0.45705909    1.93715011    3.16784685    3.36533464    3.04806885    3.16159762    3.29972454    3.41761119    3.36658035    3.89987597    3.39364077    3.67435089    2.74506146    2.52595223    2.74409464    2.56608354    2.50752904    2.73755499    2.26078922    3.39360375    2.96145418    3.46908367    3.18012554
A1AL14_PELPD/35-216     2.28019362    2.78752618    2.86593489    2.58697895    2.58954748    2.66554514    2.69398827    2.47784269    2.88394627    3.10411130    2.73740159    2.63753510    2.38925969    2.40199700    2.59994813    1.67787975    1.89703629    1.94872976    1.71129188    2.23772158    1.68617064    1.59660072    0.74231461    0.48662347    0.00000000    0.33643442    2.04377574    2.78112667    3.24067057    3.08262880    2.95199527    3.13804439    2.88810344    3.33327554    3.28243898    2.94945698    3.53210415    2.64473656    2.35978431    2.59458203    2.13903226    2.42317645    2.36956244    2.04171875    3.15364332    2.85917448    3.12979311    3.31647924
A5G4X5_GEOUR/36-217     2.41258602    2.60343968    2.98550538    2.62178379    2.51852346    2.48562035    2.97901010    2.60054535    3.17163692    3.10117297    2.79372440    2.96828168    2.28580995    2.41177216    2.53236818    1.43960102    1.73111962    1.59176963    1.53050457    2.13662123    1.44213705    1.40509637    0.65891981    0.45705909    0.33643442    0.00000000    2.06220753    3.09628241    3.46672033    3.25165669    3.20239686    3.36435317    3.36720586    3.65218261    3.61737616    3.12551493    3.79206069    2.60456863    2.29664644    2.72985487    2.37421627    2.53395476    2.61802303    2.25901928    3.29501749    3.05073477    3.10592383    2.87531511
C7LQV9_DESBD/29-216     2.76126275    2.94553074    2.28238949    2.50176402    2.28417646    2.37787159    2.77914724    2.62736675    2.85808575    2.85264553    2.79139361    2.82561140    2.03562549    2.25712745    2.26593952    1.99992785    2.42666694    1.77549027    1.61202933    1.81885928    1.92747518    2.10100896    2.17125341    1.93715011    2.04377574    2.06220753    0.00000000    2.56850855    3.04913467    2.79479444    2.76503760    2.99476470    3.11359054    2.72982633    2.89444321    2.47712911    2.87153562    2.44360419    2.70843132    2.79412543    2.48192292    2.53573071    2.99245917    2.56169868    3.53984861    2.88250043    3.17486222    2.93588002
B4RBQ8_PHEZH/21-201     3.59622024    3.41202914    2.87954102    2.41223857    2.61495745    2.54158404    2.74647667    2.80179297    2.85737255    2.97804374    2.83848686    2.76339016    2.82503930    2.85900913    2.79773684    2.53770601    3.43995146    2.76538309    2.47662839    3.03900437    2.55222119    3.16195860    2.94533589    3.16784685    2.78112667    3.09628241    2.56850855    0.00000000    1.36984460    1.46636772    1.41263186    1.27741943    1.33980091    1.45450761    1.37260706    1.27729695    1.46780553    3.20035509    2.58596110    2.31736073    2.33531073    2.65791494    2.40117816    2.62208710    3.17984232    2.61678444    4.40845079    3.72127510
B9JWY0_AGRVS/43-224     3.81889938    3.80498023    3.08663003    2.90299997    2.91293476    2.62080380    3.33152690    3.00445615    3.56572934    3.79013336    3.83510255    3.64514709    2.87502665    2.88316882    3.22083630    2.47618997    3.46867408    2.53155574    2.57439165    3.06165710    2.59282293    3.26189577    3.10993927    3.36533464    3.24067057    3.46672033    3.04913467    1.36984460    0.00000000    0.28975175    0.39613467    1.09734607    1.14446875    0.87222344    1.01066731    0.92605346    1.01120503    4.54766104    3.47981427    3.53107715    3.69258337    3.61732909    3.61950940    3.49436436    3.72156018    3.43542751    3.49519959    3.82084924
B9JIS3_AGRRK/43-224     3.89212271    3.43729940    2.75660045    2.78358892    2.91023239    2.38582766    3.19943093    2.85237646    3.32253640    3.80309927    3.57647048    3.18361247    2.67519404    2.67944409    2.93564347    2.57419336    3.49677597    2.28869723    2.44924406    2.82896817    2.57822375    2.88675094    3.01192866    3.04806885    3.08262880    3.25165669    2.79479444    1.46636772    0.28975175    0.00000000    0.24156964    1.08630829    1.08001306    0.89814730    1.07356391    0.95856114    0.95887091    4.46811029    3.54373598    3.34663189    3.45199057    3.37836448    3.23391033    3.07744756    3.69452653    3.43134387    3.75772065    3.62971854
B9K0H8_AGRVS/19-200     3.98999159    3.60109801    2.71099814    2.67039609    3.08852420    2.55469212    3.16242519    2.77946560    3.31247013    3.57886893    3.48012457    3.18654475    2.73457051    2.74982718    3.23499662    2.59178013    3.47147783    2.63053475    2.50678856    2.80495614    2.57463752    2.91174802    3.03051344    3.16159762    2.95199527    3.20239686    2.76503760    1.41263186    0.39613467    0.24156964    0.00000000    1.06232943    1.00811112    0.90047742    1.05319702    0.87111316    1.00426254    4.68735075    3.63005138    3.50203418    3.44300646    3.40075814    3.25615204    3.29911718    3.56301361    3.34070004    3.40168598    3.50762829
B1M675_METRJ/33-225     4.07188956    4.26715222    2.71501819    2.95595676    2.80718882    2.66376960    3.44986789    3.20621416    3.17826956    3.13089536    3.37215019    3.57444816    3.17672451    2.70787217    2.72799572    2.76265698    3.61764379    2.73853960    2.95024553    3.22338731    2.66887865    3.61980076    3.21183329    3.29972454    3.13804439    3.36435317    2.99476470    1.27741943    1.09734607    1.08630829    1.06232943    0.00000000    0.45644546    0.84739092    0.93287056    0.92155587    0.91217944    3.56538077    3.62722479    3.52226906    3.42201624    3.74019695    3.25578579    3.15921529    4.06664383    3.58498199    4.07811630    4.16974019
B8IKA3_METNO/35-226     4.30879977    4.01095052    2.50781252    2.56310716    2.64301619    2.72141014    3.20272439    2.79698469    2.84769530    3.01950274    2.99227805    3.20384576    3.16112159    2.87629242    2.92330224    2.89120703    3.90845634    3.03973734    2.87685150    3.03186173    2.71861133    3.80385432    3.29938019    3.41761119    2.88810344    3.36720586    3.11359054    1.33980091    1.14446875    1.08001306    1.00811112    0.45644546    0.00000000    0.85404933    0.89879087    0.88423149    0.98487388    3.74611192    3.63232086    3.46078137    3.33054434    3.64670505    3.50490913    3.00558238    3.95131240    3.53435908    4.13469376    4.40195194
A4YZN0_BRASO/36-217     4.40840193    3.88115056    2.78524053    2.68382081    3.16883520    2.68435728    3.40570735    3.07071579    3.05112776    3.35919485    3.62143181    3.62535680    3.10746188    2.78214904    3.06846440    3.07968829    3.25153190    3.03402732    2.74127860    3.46497401    2.96607744    3.75455101    3.21395298    3.36658035    3.33327554    3.65218261    2.72982633    1.45450761    0.87222344    0.89814730    0.90047742    0.84739092    0.85404933    0.00000000    0.81037895    0.72934584    0.70042825    3.90059186    3.59749991    3.65397387    3.04259605    3.51658742    3.51150892    3.21951450    3.87877854    3.81884484    4.10321020    4.11055619
D7A528_STAND/28-211     4.12028325    3.72787065    3.30323837    3.30590295    3.44936487    2.93363395    3.41441080    2.70826962    3.51946366    3.87790122    3.76677514    3.68571939    3.25094588    3.37011486    3.58211718    3.35903141    4.35624780    3.12909836    2.99823149    3.83097763    2.87093624    3.77327078    3.61563927    3.89987597    3.28243898    3.61737616    2.89444321    1.37260706    1.01066731    1.07356391    1.05319702    0.93287056    0.89879087    0.81037895    0.00000000    0.41206389    0.66964276    4.16221851    3.68019911    3.77464933    3.31281439    3.72874527    3.83871309    3.50325943    4.50036272    4.06978402    3.87906018    4.84623351
Q212W3_RHOPB/107-291     3.73732188    3.74330273    2.34697659    2.62009918    2.79241978    2.59297607    2.98975424    2.65400373    2.98423141    3.08807858    3.17360355    3.18137259    2.44165804    2.77124193    3.05591196    2.97608428    3.58558114    2.76973820    2.56934187    3.49677451    2.41574221    3.29377417    3.01842606    3.39364077    2.94945698    3.12551493    2.47712911    1.27729695    0.92605346    0.95856114    0.87111316    0.92155587    0.88423149    0.72934584    0.41206389    0.00000000    0.74060924    3.67448742    3.25080477    3.43631117    3.19922490    3.51143091    3.48881448    3.25123731    4.13559671    3.40714940    3.70920567    4.30282984
B9J9B1_AGRRK/50-234     4.41447572    3.58987989    3.14729504    2.99978578    3.00459746    2.50239036    3.10531382    2.46960842    3.00432463    3.23512837    3.14206913    3.45452289    2.82905220    2.86908571    3.26848579    2.83471371    3.75562059    2.70546267    2.62681033    2.82868979    2.63346749    3.44678300    3.16303414    3.67435089    3.53210415    3.79206069    2.87153562    1.46780553    1.01120503    0.95887091    1.00426254    0.91217944    0.98487388    0.70042825    0.66964276    0.74060924    0.00000000    3.79070141    3.48180253    3.35077014    3.25428165    3.65727880    3.27854908    3.18344689    3.83961434    3.35445453    3.53040169    3.95175684
B8DM75_DESVM/64-242     2.86877651    2.46290471    3.86084595    3.31972795    3.73745199    3.53044504    3.53428924    3.52548204    3.89672735    3.51773632    3.50887906    3.54307512    3.29947384    2.89767898    2.81275597    2.85536020    3.60123585    3.04241736    2.92083269    2.44612604    2.56246175    2.90451926    2.74136812    2.74506146    2.64473656    2.60456863    2.44360419    3.20035509    4.54766104    4.46811029    4.68735075    3.56538077    3.74611192    3.90059186    4.16221851    3.67448742    3.79070141    0.00000000    2.43066689    2.24095252    2.47240537    2.42989565    2.89469579    2.69232841    2.79820323    2.71889068    3.86445809    4.93347784
B9JL90_AGRRK/28-214     2.98292538    3.57483490    2.73076645    2.60487360    2.57545599    2.67113549    2.83977303    2.46765738    2.64444813    2.70099355    2.59681593    2.93405744    2.41202378    2.63884938    2.38942439    2.00064463    2.39019869    2.66982195    2.79633739    2.53609064    2.33716142    2.43797443    2.25399473    2.52595223    2.35978431    2.29664644    2.70843132    2.58596110    3.47981427    3.54373598    3.63005138    3.62722479    3.63232086    3.59749991    3.68019911    3.25080477    3.48180253    2.43066689    0.00000000    0.67531340    0.71457400    0.73763688    0.71966726    0.68907868    0.91858371    0.91552170    3.96143246    3.47714913
Q8XWB3_RALSO/29-215     2.97675971    3.93561377    2.86293792    2.90327264    2.88086504    2.85891655    2.66354832    2.64217442    2.85411630    3.25159326    2.84903500    3.29545790    2.77686362    2.93931461    2.80738951    2.15846255    2.54521545    2.79788285    2.83911668    2.78625675    2.71167383    2.46986114    2.32270247    2.74409464    2.59458203    2.72985487    2.79412543    2.31736073    3.53107715    3.34663189    3.50203418    3.52226906    3.46078137    3.65397387    3.77464933    3.43631117    3.35077014    2.24095252    0.67531340    0.00000000    0.47957216    0.50397592    0.55953179    0.62406704    0.94442974    0.85575379    3.92714115    3.61866817
B8ESA5_METSB/40-226     2.70394727    3.70990875    2.58865690    2.40602687    2.46663375    2.45936854    2.54361921    2.35383914    2.54189101    2.73962045    2.60690039    2.75942315    2.64990877    3.08948980    2.57553117    2.16054417    2.39591420    2.52136933    2.38174371    2.52809062    2.59044306    2.35078314    2.09860746    2.56608354    2.13903226    2.37421627    2.48192292    2.33531073    3.69258337    3.45199057    3.44300646    3.42201624    3.33054434    3.04259605    3.31281439    3.19922490    3.25428165    2.47240537    0.71457400    0.47957216    0.00000000    0.33389601    0.58710375    0.64093416    0.99212781    0.92555271    3.61901218    3.79576733
Q89V44_BRADU/29-215     2.78982171    3.77409765    2.77685973    2.81077470    2.70417995    2.65580845    2.95654542    2.51864149    2.83137384    2.82262996    2.73577502    2.99517306    2.80714766    2.88133278    2.72811412    2.26545508    2.67036720    2.64877215    2.48123926    2.53716824    2.49815762    2.52342074    2.12815102    2.50752904    2.42317645    2.53395476    2.53573071    2.65791494    3.61732909    3.37836448    3.40075814    3.74019695    3.64670505    3.51658742    3.72874527    3.51143091    3.65727880    2.42989565    0.73763688    0.50397592    0.33389601    0.00000000    0.69990750    0.67226948    1.05293404    0.90190836    3.67969329    3.65180612
E0SC20_DICD3/42-228     2.85009991    3.77889414    2.71480251    2.85729089    2.89616503    2.73212466    2.84174277    2.48063420    2.77236181    2.92203989    2.69889098    3.19300783    2.53074559    2.94059691    2.79637349    2.30240955    2.28494556    2.90947072    2.92509119    2.71004104    2.58438148    2.18128720    2.26208387    2.73755499    2.36956244    2.61802303    2.99245917    2.40117816    3.61950940    3.23391033    3.25615204    3.25578579    3.50490913    3.51150892    3.83871309    3.48881448    3.27854908    2.89469579    0.71966726    0.55953179    0.58710375    0.69990750    0.00000000    0.36490395    0.76609094    0.80538533    3.65980698    3.86413094
Q6D6W2_PECAS/29-215     2.89256154    3.89802062    2.68147294    2.70817834    2.51732050    2.75227037    2.77264979    2.30489156    2.71269774    2.91215167    2.54252506    2.89462973    2.40876743    3.02742566    2.63447542    2.22312507    2.54041266    2.71533261    2.57266726    2.71076436    2.69252790    2.32415348    2.04517063    2.26078922    2.04171875    2.25901928    2.56169868    2.62208710    3.49436436    3.07744756    3.29911718    3.15921529    3.00558238    3.21951450    3.50325943    3.25123731    3.18344689    2.69232841    0.68907868    0.62406704    0.64093416    0.67226948    0.36490395    0.00000000    0.80301630    0.83581411    3.43339626    3.34231248
H8L4Y6_FRAAD/28-215     3.23575136    4.71297177    3.48495961    3.51725123    3.81305413    3.50615862    3.48731329    3.26602419    3.39478454    3.74449650    3.71556344    3.91990562    3.53037256    3.58257229    3.48591673    2.60117069    3.15598600    3.16762929    3.00680794    3.47748644    2.70134572    2.52810474    2.92826909    3.39360375    3.15364332    3.29501749    3.53984861    3.17984232    3.72156018    3.69452653    3.56301361    4.06664383    3.95131240    3.87877854    4.50036272    4.13559671    3.83961434    2.79820323    0.91858371    0.94442974    0.99212781    1.05293404    0.76609094    0.80301630    0.00000000    0.94851751    4.04422883    3.69498925
Q8P420_XANCP/29-215     3.00614377    3.90006475    3.06932871    2.96247948    3.15052437    2.94257534    3.39662887    3.08365269    2.77132906    3.44785767    2.88319876    3.48102438    2.98629851    3.60724331    3.02825626    2.13292012    2.59191700    2.98734626    3.18515436    2.89193244    2.27798678    2.53944444    2.70941846    2.96145418    2.85917448    3.05073477    2.88250043    2.61678444    3.43542751    3.43134387    3.34070004    3.58498199    3.53435908    3.81884484    4.06978402    3.40714940    3.35445453    2.71889068    0.91552170    0.85575379    0.92555271    0.90190836    0.80538533    0.83581411    0.94851751    0.00000000    3.83239620    4.08401334
B3PLH4_CELJU/34-220     3.71947155    4.30501277    3.77079084    3.13437962    3.30038504    3.07364750    4.17656137    3.47309013    4.51318281    4.49836920    4.46147330    4.32185453    3.12726420    4.16876804    4.24246363    2.90919496    3.75345021    3.41539268    2.99966159    2.92511990    3.03208399    3.10035636    3.33414129    3.46908367    3.12979311    3.10592383    3.17486222    4.40845079    3.49519959    3.75772065    3.40168598    4.07811630    4.13469376    4.10321020    3.87906018    3.70920567    3.53040169    3.86445809    3.96143246    3.92714115    3.61901218    3.67969329    3.65980698    3.43339626    4.04422883    3.83239620    0.00000000    2.09787870
C6AQY8_TERTT/32-212     3.75754225    4.41846532    4.19638429    3.55511582    3.62481349    3.62278136    4.12373312    3.59052162    4.41057699    4.93665383    4.23352717    4.34135345    3.10811400    4.02681452    3.76152985    3.24796824    2.95159697    3.41750660    3.35255716    3.32967304    2.84577373    2.86241557    2.81224259    3.18012554    3.31647924    2.87531511    2.93588002    3.72127510    3.82084924    3.62971854    3.50762829    4.16974019    4.40195194    4.11055619    4.84623351    4.30282984    3.95175684    4.93347784    3.47714913    3.61866817    3.79576733    3.65180612    3.86413094    3.34231248    3.69498925    4.08401334    2.09787870    0.00000000

