18
H2G0M8_OCESG/12-112     0.00000000    0.79363411    0.77016686    0.79773101    0.86683974    0.85053595    1.50321744    0.96504234    0.98103186    0.80796815    0.83535470    0.88787327    0.87184777    0.85457685    0.72844261    0.85937579    0.75874737    0.92959738
M4UBE9_9GAMM/10-106     0.79363411    0.00000000    0.75268986    0.94203792    1.05012768    1.11550118    1.43813096    1.29587183    0.92477702    1.01680228    0.91589573    0.87774046    0.84763092    0.97309900    0.68925160    0.83298185    0.84054401    0.87453183
A1T0R7_PSYIN/10-107     0.77016686    0.75268986    0.00000000    0.88621624    1.04590197    1.05203725    1.68937189    1.07951490    0.95053018    0.87681260    1.00785513    0.93488466    1.00641432    0.80527711    0.85079623    1.06977419    0.91221543    0.90312296
A0KH03_AERHH/8-110     0.79773101    0.94203792    0.88621624    0.00000000    0.72479911    0.68693622    1.41669337    0.87088632    0.93882216    0.91867156    1.08706910    1.02986502    0.84454281    0.77483327    0.65924046    0.94045773    0.86706805    0.86233188
H8GJD1_METAL/10-111     0.86683974    1.05012768    1.04590197    0.72479911    0.00000000    0.50200051    1.31971391    0.51750852    0.87170058    0.96564027    0.99902064    1.07325934    0.93768943    0.75206567    0.74299183    0.82669288    0.75010883    0.83398239
G4SYE7_META2/10-109     0.85053595    1.11550118    1.05203725    0.68693622    0.50200051    0.00000000    1.28865696    0.44325482    0.98745268    0.96332535    0.98716045    0.96223027    0.85151266    0.79446533    0.80045323    0.77492656    0.66467798    0.81675211
B3PD16_CELJU/21-116     1.50321744    1.43813096    1.68937189    1.41669337    1.31971391    1.28865696    0.00000000    1.07749535    1.54949648    1.60925653    1.78438289    1.81873649    1.86486394    1.30664256    1.23263444    1.35676246    1.20327289    1.37026246
G0A697_METMM/8-107     0.96504234    1.29587183    1.07951490    0.87088632    0.51750852    0.44325482    1.07749535    0.00000000    1.00861223    1.13263317    1.08079719    1.29305576    1.02644916    0.76492618    0.88935582    0.92985973    0.81657342    0.95604670
K7A8D4_9ALTE/6-103     0.98103186    0.92477702    0.95053018    0.93882216    0.87170058    0.98745268    1.54949648    1.00861223    0.00000000    0.85534901    0.92163240    1.02098758    0.78020565    0.73328825    0.77449232    0.84990206    0.93490725    0.77553264
D4ZBZ2_SHEVD/8-108     0.80796815    1.01680228    0.87681260    0.91867156    0.96564027    0.96332535    1.60925653    1.13263317    0.85534901    0.00000000    0.81818641    0.84567397    0.85062573    0.76467241    0.75929031    0.93569666    0.85003985    0.86015887
Q12QE7_SHEDO/18-124     0.83535470    0.91589573    1.00785513    1.08706910    0.99902064    0.98716045    1.78438289    1.08079719    0.92163240    0.81818641    0.00000000    0.60008181    0.52698277    0.75188560    0.91288729    0.89407824    0.78779378    0.96058676
Q088Z6_SHEFN/6-110     0.88787327    0.87774046    0.93488466    1.02986502    1.07325934    0.96223027    1.81873649    1.29305576    1.02098758    0.84567397    0.60008181    0.00000000    0.56408568    0.97469395    0.88165154    0.88928248    0.78759840    1.00997653
Q8EB58_SHEON/6-112     0.87184777    0.84763092    1.00641432    0.84454281    0.93768943    0.85151266    1.86486394    1.02644916    0.78020565    0.85062573    0.52698277    0.56408568    0.00000000    0.83961795    0.81753914    0.79177185    0.87297031    0.95294017
Q6LTV5_PHOPR/13-112     0.85457685    0.97309900    0.80527711    0.77483327    0.75206567    0.79446533    1.30664256    0.76492618    0.73328825    0.76467241    0.75188560    0.97469395    0.83961795    0.00000000    0.64174906    0.80843672    0.69692741    0.72970839
Q87MJ1_VIBPA/12-115     0.72844261    0.68925160    0.85079623    0.65924046    0.74299183    0.80045323    1.23263444    0.88935582    0.77449232    0.75929031    0.91288729    0.88165154    0.81753914    0.64174906    0.00000000    0.65534935    0.58167450    0.73082093
Q9KQ57_VIBCH/9-114     0.85937579    0.83298185    1.06977419    0.94045773    0.82669288    0.77492656    1.35676246    0.92985973    0.84990206    0.93569666    0.89407824    0.88928248    0.79177185    0.80843672    0.65534935    0.00000000    0.63266105    0.73846449
B7VIL4_VIBA3/9-113     0.75874737    0.84054401    0.91221543    0.86706805    0.75010883    0.66467798    1.20327289    0.81657342    0.93490725    0.85003985    0.78779378    0.78759840    0.87297031    0.69692741    0.58167450    0.63266105    0.00000000    0.60309507
Q5E3K0_ALIF1/12-116     0.92959738    0.87453183    0.90312296    0.86233188    0.83398239    0.81675211    1.37026246    0.95604670    0.77553264    0.86015887    0.96058676    1.00997653    0.95294017    0.72970839    0.73082093    0.73846449    0.60309507    0.00000000

