69
C5FY64_ARTOC/1023-1196     0.00000000    0.13351431    0.27168616    0.36922243    0.58125712    0.32985967    0.39602360    0.32488824    0.35548963    0.31320515    0.77848769    0.76102970    0.75699631    0.86186101    1.10807319    1.03726674    0.94464394    1.06454035    1.00026501    0.89476758    0.99985462    0.99736816    1.16760521    0.74247257    2.15808709    1.95384686    2.14663771    2.22959322    2.13910145    2.38321498    2.02784741    2.35380483    2.22299018    0.99816581    1.01592169    0.82330244    2.15013994    1.89484815    2.07747525    1.89938288    2.15785308    2.21774216    1.97890173    2.02017483    2.25669689    1.87421145    2.17602033    2.18618299    2.08248350    2.38505764    1.38453408    1.43114169    1.53262777    1.33517076    1.39421583    1.39068819    1.40241825    1.47619867    1.33030497    1.41663750    1.42520134    0.68245161    0.60807677    0.56159045    0.62553079    0.65511965    0.71758512    0.75291748    0.61536870
E4UWS4_ARTGP/1009-1186     0.13351431    0.00000000    0.26840791    0.35165057    0.53967285    0.35200386    0.37618201    0.34682864    0.35248767    0.33869515    0.81832809    0.75955228    0.79387295    0.80567202    1.13970668    1.05573236    0.99338357    1.06173576    0.94083852    0.89962814    0.99804537    0.97785623    1.17716428    0.76368151    2.16570321    1.85633265    2.01853876    2.23623815    2.18165007    2.39516531    2.10120758    2.48436404    2.31133539    1.03297186    1.02787394    0.86490732    2.12171601    1.90513024    2.19966040    1.93531041    2.13023396    2.18475679    1.97568201    2.03225958    2.21505553    1.96504838    2.22680899    2.17045548    2.06470756    2.25366480    1.35122262    1.47584794    1.57939882    1.23835581    1.34781160    1.33170874    1.38081193    1.44427181    1.31336954    1.30655331    1.36961151    0.67087940    0.61310773    0.58211719    0.63237776    0.63232354    0.68822855    0.76405456    0.57905560
C5GGE1_AJEDR/962-1132     0.27168616    0.26840791    0.00000000    0.22408270    0.44100005    0.22623776    0.26901600    0.21087827    0.25452609    0.25649417    0.83746766    0.66794919    0.62452809    0.69815614    1.00917509    1.00442757    1.04937508    0.98978656    0.90379281    0.88534238    0.96292699    0.97983433    1.17458302    0.72644762    2.04596235    1.91809300    2.11526879    2.21278584    2.00349281    2.18956356    1.93172071    2.18272206    2.12062224    0.95986378    0.92939787    0.88218044    2.08917470    1.87312326    1.91971259    2.00656933    2.10265383    2.12558725    1.99260536    1.97799455    2.08417130    1.89779044    2.13385629    2.07718571    2.03416891    2.31540134    1.32151460    1.60442995    1.65548801    1.30350038    1.39802377    1.46021472    1.38014225    1.46998040    1.25875473    1.26270725    1.37641781    0.61172407    0.57229932    0.51958671    0.61038378    0.55412302    0.65082432    0.69541581    0.61658231
SET1_COCIM/953-1123     0.36922243    0.35165057    0.22408270    0.00000000    0.54204620    0.30243699    0.34875317    0.31250604    0.33114991    0.39740485    0.82852208    0.79816445    0.72775116    0.76578727    1.05302774    1.06222787    1.00006556    1.04266582    0.95774574    0.94223341    0.98343663    0.96303753    1.20785723    0.77308990    2.20807048    1.93730423    2.26702447    2.28697224    1.90289262    2.22835467    1.98224680    2.10019934    2.11106160    1.06802197    1.06915616    0.90057236    2.09829615    1.89600828    2.01484105    1.96168635    1.96093703    2.06136026    1.98428867    2.00307470    2.12831368    1.86860721    2.05707275    2.21032604    2.00197575    2.30088350    1.32132855    1.54049639    1.69081782    1.42737333    1.38456484    1.45701156    1.32130476    1.46768959    1.25645916    1.31293826    1.34061614    0.58974494    0.58380169    0.54138456    0.62030896    0.61530730    0.77281925    0.71541604    0.67661527
B6QRF8_TALMQ/870-1040     0.58125712    0.53967285    0.44100005    0.54204620    0.00000000    0.49849048    0.49231836    0.45649553    0.50427324    0.54254411    0.91630459    0.84123518    0.81819382    0.87545134    1.19483852    1.20751527    1.24213677    1.19899146    1.19686521    1.22627265    1.16957615    1.21762955    1.43872722    0.85784270    2.53350338    2.28155850    2.23926819    2.41166327    2.21910545    2.56195074    2.22856941    2.57245780    2.45658582    0.99366618    0.99064900    1.18926219    2.08630910    2.26681319    2.26071055    2.08866789    2.28351845    2.22260653    2.26591374    2.15712627    2.11806902    2.12300396    2.20208488    2.15476325    2.08307567    2.29628734    1.39764443    1.59730320    1.71323019    1.45362583    1.44437844    1.35339378    1.40446031    1.53163389    1.37562517    1.48731295    1.46357695    0.82924415    0.74557362    0.77953116    0.79158116    0.82764341    0.85183026    0.75968923    0.69585841
Q0CFY1_ASPTN/912-1082     0.32985967    0.35200386    0.22623776    0.30243699    0.49849048    0.00000000    0.26275225    0.18609104    0.28693738    0.30913830    0.89669720    0.66403531    0.69430359    0.79636693    1.02944123    1.04750599    0.97868355    0.94961905    0.89828423    0.92674069    0.91541780    1.00624504    1.15030022    0.80383771    2.24511809    2.08289540    2.14536491    2.23541318    2.05640991    2.24121423    1.94972095    2.25089892    2.16442453    0.97994657    0.97212985    0.86120173    2.14414680    1.89628284    1.94854694    2.00733660    2.01426796    2.02152290    2.03171087    1.83972277    2.18697361    1.83246341    2.01777683    2.07828035    2.02916889    2.20915236    1.20020894    1.52884444    1.53837282    1.35118043    1.32741967    1.39949506    1.43474742    1.41561867    1.29617491    1.34148218    1.31786413    0.66278365    0.56611401    0.55919482    0.61086965    0.60253635    0.74687095    0.73109423    0.65735600
A1CE22_ASPCL/914-1084     0.39602360    0.37618201    0.26901600    0.34875317    0.49231836    0.26275225    0.00000000    0.17491977    0.30216540    0.34045937    0.96586147    0.80459975    0.82119638    0.88355906    1.07893499    1.07009728    1.05150143    1.04710169    1.08720177    1.08398203    1.05660433    1.13627176    1.23092212    0.85973599    2.32679071    2.15172337    2.26685496    2.42054738    2.14279688    2.38086387    2.01580842    2.34364320    2.25852467    1.01759697    1.00934274    1.02096216    2.26382474    2.07934023    2.11087012    1.94943531    2.25092354    2.17570038    2.08709525    2.00764631    2.28258223    1.97196936    2.14335404    2.21080283    2.15318107    2.41899546    1.38958391    1.61500394    1.60347393    1.44568655    1.50303221    1.41172091    1.44646670    1.43845324    1.39218635    1.45181446    1.49948609    0.79501932    0.66889653    0.62914397    0.70288426    0.68953884    0.74875544    0.73184896    0.71210673
G7XT49_ASPKW/921-1091     0.32488824    0.34682864    0.21087827    0.31250604    0.45649553    0.18609104    0.17491977    0.00000000    0.23550065    0.24273858    0.88125736    0.67100240    0.69398080    0.75529486    1.04712617    1.01327761    0.95316387    0.99101184    0.94790136    0.92745086    0.92979777    1.03045935    1.16777213    0.82918654    2.24471374    2.10619806    2.13398855    2.35298318    2.10044439    2.25013594    1.93656114    2.23191537    2.13154588    0.93382747    0.95680651    0.95556531    2.17128473    2.08618943    2.15236897    2.01602923    2.12638721    2.12812271    2.14231356    1.99942127    2.19128153    1.88888155    1.96770017    2.19234540    2.18013035    2.27698608    1.30200719    1.52804535    1.64630889    1.30337283    1.36936344    1.40164273    1.40332439    1.44489541    1.29852539    1.34864042    1.33792193    0.70996725    0.57377553    0.56641707    0.56956970    0.62209176    0.76707228    0.71736405    0.70442648
K9FLQ9_PEND2/893-1062     0.35548963    0.35248767    0.25452609    0.33114991    0.50427324    0.28693738    0.30216540    0.23550065    0.00000000    0.22198177    0.91592490    0.68671907    0.70218043    0.80115030    1.03433313    1.05395549    1.02917942    1.02977687    0.94405207    0.97384630    1.01704612    1.01724073    1.19062307    0.76668086    2.31271983    2.04562577    2.15722365    2.38255889    2.29805877    2.40950589    2.14151294    2.42550801    2.32140409    0.97561508    0.95927111    1.00454343    2.14024231    2.00260521    2.02891926    1.93581568    2.15912238    2.10358142    2.03119934    1.93888855    2.18536133    1.82611459    1.94180191    2.18601539    2.18776744    2.32526675    1.26895443    1.60650233    1.58596913    1.24678165    1.34848779    1.37264024    1.35493617    1.31157037    1.17923974    1.29684800    1.37243683    0.64930813    0.53933841    0.52489886    0.58127627    0.57155365    0.71653175    0.77245879    0.64041722
S7ZFW1_PENO1/876-1046     0.31320515    0.33869515    0.25649417    0.39740485    0.54254411    0.30913830    0.34045937    0.24273858    0.22198177    0.00000000    0.89285884    0.73996361    0.75980185    0.87375126    1.05263156    1.04369405    1.06301570    1.03675372    0.95831518    1.01041349    0.99623892    1.07545265    1.15958826    0.76520881    2.30710655    2.08312336    2.20130631    2.37437927    2.14899395    2.37862192    2.17602445    2.27741565    2.31127825    0.94056498    0.87970278    0.97408695    2.05844664    1.96442960    1.94802463    2.06176895    2.08584266    2.08550158    2.10822067    1.96756928    2.20379970    1.86502984    1.97655771    2.11176146    2.24615671    2.32698039    1.21851550    1.41135778    1.68265143    1.33050095    1.39691679    1.35819792    1.44166357    1.34888828    1.22239413    1.31148639    1.45351703    0.65058190    0.48697761    0.55284540    0.61572685    0.55491811    0.73987312    0.79192190    0.65958077
H6BNW8_EXODN/965-1129     0.77848769    0.81832809    0.83746766    0.82852208    0.91630459    0.89669720    0.96586147    0.88125736    0.91592490    0.89285884    0.00000000    0.95031221    1.05754513    1.01754374    1.19671919    0.98442402    1.08101686    1.11070991    0.97909698    1.05519417    1.09487500    1.02142675    1.10085185    0.89649955    2.39806167    2.31183469    2.32759105    2.38968779    2.45327935    2.73721265    2.53261340    2.60533444    2.41098858    1.42579481    1.48163157    1.21099714    2.46028934    2.48215697    2.50035831    2.46493703    2.58862051    2.37871742    2.45588032    2.41416623    2.92240460    2.33658435    2.69050711    2.27779785    2.24542084    2.61048701    1.74928641    1.73822364    1.90773939    1.75382261    1.81708571    1.66123004    1.75290644    1.89230525    1.87318296    1.86612688    2.03232659    1.02473240    0.86196943    0.82128268    0.96118751    0.85057620    1.02240290    0.85793679    0.89490580
A7ECN1_SCLS1/948-1116     0.76102970    0.75955228    0.66794919    0.79816445    0.84123518    0.66403531    0.80459975    0.67100240    0.68671907    0.73996361    0.95031221    0.00000000    0.64007757    0.49967431    0.89793036    0.76313568    1.03098979    0.76113564    0.71993690    0.89867462    0.89106517    0.80919507    1.10607853    0.74410660    2.86663386    2.55999440    2.44882778    2.98884159    2.66622104    2.87415173    2.60221670    2.69844586    2.55805994    1.28340445    1.30977355    1.17014402    2.64950867    2.60420466    2.27226991    2.37856476    2.40769832    2.44542083    2.38807961    2.26927139    2.58157751    1.98421378    2.40819836    2.21752013    2.22655829    2.42571337    1.37227066    1.70745118    1.61930100    1.42560213    1.54157176    1.44343212    1.50734249    1.49587003    1.45778630    1.47550755    1.50086634    0.90471524    0.79018256    0.74584167    0.77177890    0.77064592    0.97420898    0.90445096    0.88404338
N1JH10_BLUG1/947-1117     0.75699631    0.79387295    0.62452809    0.72775116    0.81819382    0.69430359    0.82119638    0.69398080    0.70218043    0.75980185    1.05754513    0.64007757    0.00000000    0.62137041    1.07259246    1.00317243    1.22389749    1.10394094    0.88760697    0.95384083    1.03520651    0.93843722    1.13546258    0.83750804    2.52689170    2.19880088    2.59768967    2.47387510    2.37947536    2.59447499    2.46771727    2.47697873    2.34666404    1.29217226    1.25251179    1.17963118    2.28633215    2.02137704    2.12910232    2.26253593    2.28710649    2.20405748    2.19087094    2.15275566    2.09736972    1.99922336    2.32126921    2.25677876    2.10502982    2.27270005    1.41480047    1.72479275    1.79047583    1.56222137    1.52163329    1.67011761    1.58290273    1.66009105    1.46688380    1.40241982    1.51790226    0.98234476    0.85585249    0.84504511    0.87611900    0.88794189    1.07452602    0.95551094    0.94700042
K1WUI9_MARBU/962-1132     0.86186101    0.80567202    0.69815614    0.76578727    0.87545134    0.79636693    0.88355906    0.75529486    0.80115030    0.87375126    1.01754374    0.49967431    0.62137041    0.00000000    0.95343637    0.82199417    1.01473209    0.89080398    0.76278298    0.89910710    0.93728860    0.86302075    1.09804859    0.77430778    2.73832637    2.33495621    2.48024675    2.40693936    2.57602002    2.89417626    2.61842526    2.63391812    2.52411486    1.23461392    1.30404734    1.30314410    2.57361673    2.48596651    2.26507406    2.31972802    2.52544533    2.41815304    2.11029043    2.16073836    2.55047304    2.07350944    2.31764632    2.45875751    2.22499497    2.45911998    1.45830825    1.66994502    1.75588025    1.40806398    1.53060675    1.62475784    1.58974133    1.53054770    1.43618848    1.56891765    1.63638658    0.94395460    0.82593580    0.75002948    0.80306881    0.85066965    1.05231385    0.94493162    0.99711686
F0XA90_GROCL/1101-1302     1.10807319    1.13970668    1.00917509    1.05302774    1.19483852    1.02944123    1.07893499    1.04712617    1.03433313    1.05263156    1.19671919    0.89793036    1.07259246    0.95343637    0.00000000    0.64893633    0.76138702    0.70629490    0.62803371    0.74255252    0.74091972    0.70149682    0.84233502    1.03057575    2.40968281    2.11141285    2.80178512    2.80467282    2.82164311    3.21366523    2.82781992    2.91281825    2.79824737    1.53760271    1.60056370    1.47662014    2.54750462    2.79990470    2.65427953    2.83945346    2.49502490    2.60894097    2.79122930    2.60934031    2.71576420    2.22247412    2.51132400    2.56977639    2.33718682    2.72335312    1.92536554    2.09615012    1.97806716    2.01353676    2.00623884    1.96240566    1.93893122    2.01488905    2.05648919    1.95341519    2.12673678    1.18565404    0.97818606    0.93311986    0.98798564    1.01888786    1.09604184    1.14840030    1.03673124
SET1_CHAGB/760-928     1.03726674    1.05573236    1.00442757    1.06222787    1.20751527    1.04750599    1.07009728    1.01327761    1.05395549    1.04369405    0.98442402    0.76313568    1.00317243    0.82199417    0.64893633    0.00000000    0.51135872    0.38210360    0.37381574    0.54360384    0.58291676    0.38223811    0.66037587    0.89425700    2.71899053    2.31316314    2.47481668    2.56664399    2.61418545    2.95599959    2.81915384    2.82214046    2.90924472    1.50981985    1.55224883    1.38074890    2.51308281    2.60905973    2.36501591    2.55567081    2.46475033    2.48517104    2.43594768    2.32745905    2.56977922    2.09248905    2.62844783    2.26581620    2.11875747    2.75584904    1.74825684    2.03787417    1.96134131    1.82276124    1.87857552    1.88303635    1.75493056    1.80684968    1.82021444    1.96455810    1.89531063    1.08216091    0.99978526    0.93892213    0.99016119    1.02526072    1.08202395    1.07955214    0.99669928
A0A0C4EEP2_MAGP6/1009-1174     0.94464394    0.99338357    1.04937508    1.00006556    1.24213677    0.97868355    1.05150143    0.95316387    1.02917942    1.06301570    1.08101686    1.03098979    1.22389749    1.01473209    0.76138702    0.51135872    0.00000000    0.61393640    0.56959748    0.71547977    0.61539042    0.58141918    0.84258466    1.04132065    2.60675286    2.36345101    2.54797270    2.50001726    2.57023006    2.55065669    2.50182106    2.59930249    2.61195021    1.46967605    1.50967016    1.41648636    2.54531951    2.89085146    2.41679757    2.71114163    2.68094527    2.79382320    2.40177003    2.28789307    2.54726202    2.30781676    2.77735711    2.26741597    2.30193279    3.14358440    1.80572929    2.02567957    2.03751806    1.96914986    1.79289319    1.84675978    1.75336063    2.02915248    1.84463862    1.93707849    1.72305160    1.12942957    0.93798489    0.92155660    0.98969445    1.02527859    1.17330218    1.09553058    1.09138275
SET1_NEUCR/996-1165     1.06454035    1.06173576    0.98978656    1.04266582    1.19899146    0.94961905    1.04710169    0.99101184    1.02977687    1.03675372    1.11070991    0.76113564    1.10394094    0.89080398    0.70629490    0.38210360    0.61393640    0.00000000    0.50387083    0.54987367    0.50328624    0.52544821    0.69349657    0.94567343    2.48005631    2.55242502    2.60269554    3.20048660    3.03789681    3.00142830    2.99221697    2.81313139    2.96641985    1.56566699    1.55804429    1.48885371    2.66058505    3.00999390    2.59435566    2.75480346    2.59478131    2.73037439    2.53603446    2.62687467    2.92002620    2.21573970    2.46020298    2.43794278    2.33083090    2.97408234    1.76354924    2.12794381    1.99698690    1.98527933    1.87974021    1.78842863    1.89773754    1.84253798    1.82354884    1.89001996    2.02125576    1.06303182    1.01101066    0.97058364    1.00965382    0.98496553    1.04756780    1.05159833    1.09236643
C7YTG9_FUSV7/965-1133     1.00026501    0.94083852    0.90379281    0.95774574    1.19686521    0.89828423    1.08720177    0.94790136    0.94405207    0.95831518    0.97909698    0.71993690    0.88760697    0.76278298    0.62803371    0.37381574    0.56959748    0.50387083    0.00000000    0.26289492    0.38123359    0.27700552    0.57589644    0.86444379    2.79617768    2.55353873    2.59330293    2.92885016    2.76253441    2.99415613    2.82127620    2.84447439    2.87415427    1.45141152    1.44025821    1.46997233    2.77809677    2.87137692    2.31969870    2.71314797    2.67179598    2.82586563    2.60641157    2.45895444    2.75866522    2.16978478    2.63187801    2.58019989    2.39530638    2.94409539    1.89805249    2.22102580    2.13304425    1.99831921    2.02258942    1.92208344    1.95337446    1.87880527    1.98703990    1.97605699    2.11881051    1.05374841    0.95419881    0.90746473    0.93194348    0.96310630    1.07597088    1.13417891    1.04910719
SET1_GIBZE/948-1115     0.89476758    0.89962814    0.88534238    0.94223341    1.22627265    0.92674069    1.08398203    0.92745086    0.97384630    1.01041349    1.05519417    0.89867462    0.95384083    0.89910710    0.74255252    0.54360384    0.71547977    0.54987367    0.26289492    0.00000000    0.34980929    0.41001608    0.69424471    0.93283215    2.52114149    2.52802145    2.49223155    2.97751539    2.80426340    2.92257491    2.83986784    2.75748539    2.83406035    1.50351132    1.48408233    1.35158226    2.73555714    2.67283762    2.05966724    2.56104882    2.46276648    2.59333221    2.38859276    2.28906158    2.62300449    2.02033450    2.36779420    2.51746063    2.22434552    2.64236257    1.87862092    2.14358623    2.10261033    2.03178110    1.97782129    1.89287919    1.94265395    1.78354189    1.79084147    1.87406230    1.98674871    1.05748153    0.94524114    0.90812648    0.91603973    0.92568539    1.10941274    1.14212860    1.10080179
J5JL26_BEAB2/905-1072     0.99985462    0.99804537    0.96292699    0.98343663    1.16957615    0.91541780    1.05660433    0.92979777    1.01704612    0.99623892    1.09487500    0.89106517    1.03520651    0.93728860    0.74091972    0.58291676    0.61539042    0.50328624    0.38123359    0.34980929    0.00000000    0.41170908    0.69678616    0.88977658    2.46247398    2.57101286    2.54267759    2.74256075    2.73761672    2.71600703    2.63387438    2.59586570    2.65397330    1.42155257    1.43507662    1.35142153    2.63695120    2.64009319    2.32866125    2.83479965    2.57461848    2.86385197    2.49950213    2.41122223    2.66677682    2.08734963    2.59167715    2.66028461    2.32721187    2.74090835    1.92295650    2.17578493    2.11141826    2.00986103    1.95463039    1.84266297    2.00749444    1.93741451    1.91234918    1.95407814    2.10213201    1.10949899    1.00860227    0.94615412    1.01050951    1.01453479    1.07659546    1.07989340    1.04510406
G0RV76_HYPJQ/920-1088     0.99736816    0.97785623    0.97983433    0.96303753    1.21762955    1.00624504    1.13627176    1.03045935    1.01724073    1.07545265    1.02142675    0.80919507    0.93843722    0.86302075    0.70149682    0.38223811    0.58141918    0.52544821    0.27700552    0.41001608    0.41170908    0.00000000    0.69868058    0.88663723    2.79681279    2.29759344    2.42074891    2.91010509    2.65403063    3.01847601    3.00991972    2.85424210    2.88095374    1.51717818    1.50568326    1.42879533    2.69598511    2.54678437    2.27456225    2.61449303    2.44832096    2.55846883    2.57358182    2.33718961    2.40805744    2.16338314    2.64855050    2.54410750    2.18236582    2.82115470    1.87641969    2.22690734    2.21007015    2.01281164    2.07653539    1.74464071    1.83244508    1.91926683    1.87546326    2.06184140    2.00395100    1.07590773    1.06639454    0.98485098    1.01890976    1.01628082    1.08683320    1.11535860    1.02616379
C9SG75_VERA1/827-987     1.16760521    1.17716428    1.17458302    1.20785723    1.43872722    1.15030022    1.23092212    1.16777213    1.19062307    1.15958826    1.10085185    1.10607853    1.13546258    1.09804859    0.84233502    0.66037587    0.84258466    0.69349657    0.57589644    0.69424471    0.69678616    0.69868058    0.00000000    1.16252271    2.63037852    2.57848338    2.91269018    3.08868456    2.42549358    2.78825308    2.95832715    2.87720796    2.83782266    1.68113899    1.70234754    1.44302808    3.06937104    2.84111681    2.68513567    2.81409376    2.82703406    2.77982365    2.79931636    2.48056167    2.72513382    2.30709483    2.81412717    2.65096461    2.46011367    3.06422226    1.87265299    2.20731596    2.21639335    2.19219601    2.05740879    2.15145297    2.25897686    1.95864335    2.26218855    1.97314392    2.48382270    1.28840229    1.14723541    1.16168984    1.22262131    1.23887863    1.09750043    1.22588539    1.21153730
L8FN34_PSED2/983-1153     0.74247257    0.76368151    0.72644762    0.77308990    0.85784270    0.80383771    0.85973599    0.82918654    0.76668086    0.76520881    0.89649955    0.74410660    0.83750804    0.77430778    1.03057575    0.89425700    1.04132065    0.94567343    0.86444379    0.93283215    0.88977658    0.88663723    1.16252271    0.00000000    2.65535617    2.30202118    2.39792794    2.66067971    2.54985460    2.83323376    2.53310945    2.82675552    2.66301225    1.10083353    1.17664359    1.24350769    2.33237950    2.57219416    2.14762479    2.18335248    2.25525870    2.19525834    2.05343744    2.16568081    2.33639370    2.05952077    2.36029338    2.27291371    2.21659968    2.31157480    1.64007192    1.65803775    1.77110984    1.75365415    1.79665026    1.60683658    1.62999110    1.62699224    1.51763270    1.64377020    1.57381155    0.95315291    0.88675796    0.82266741    0.86182541    0.94423094    1.20253600    0.91115105    0.92674101
Q7QKB2_ANOGA/1699-1858     2.15808709    2.16570321    2.04596235    2.20807048    2.53350338    2.24511809    2.32679071    2.24471374    2.31271983    2.30710655    2.39806167    2.86663386    2.52689170    2.73832637    2.40968281    2.71899053    2.60675286    2.48005631    2.79617768    2.52114149    2.46247398    2.79681279    2.63037852    2.65535617    0.00000000    0.24604204    1.33933784    1.35656509    1.26577617    1.17648583    1.13855810    1.24875337    1.27696061    2.40276729    2.49350187    1.92449485    2.96393290    3.20374246    3.05019903    2.97513993    2.24713927    2.25019501    2.93276602    2.92552907    2.63857960    2.63219891    3.04619131    2.56762732    2.59074950    3.02372632    2.42997835    2.63705257    2.47259583    2.43281829    2.41181989    2.52381454    2.60804425    2.78782805    2.68948441    2.85898373    2.69200826    2.58275880    2.33700050    2.20620746    2.33591092    2.19984023    2.15061402    2.30543043    2.10977510
W5J712_ANODA/1778-1945     1.95384686    1.85633265    1.91809300    1.93730423    2.28155850    2.08289540    2.15172337    2.10619806    2.04562577    2.08312336    2.31183469    2.55999440    2.19880088    2.33495621    2.11141285    2.31316314    2.36345101    2.55242502    2.55353873    2.52802145    2.57101286    2.29759344    2.57848338    2.30202118    0.24604204    0.00000000    1.48155373    1.35708534    1.18181216    1.18199279    1.16774321    1.26987105    1.25429324    2.29507183    2.29609767    1.97762055    3.03002350    2.98331394    2.88467684    3.21740225    2.58006760    2.29963076    2.81805056    2.98669464    2.87360152    3.25560859    3.33810407    2.59570192    2.79026205    2.87944943    2.42844656    2.62454846    2.72498889    2.49737039    2.39061810    2.57418098    2.44783694    2.94619654    2.72830238    2.68998286    2.65384416    2.19095647    1.98808290    1.84790728    2.00068018    2.01964702    2.02960418    2.23349455    1.88447581
H2Z4J6_CIOSA/133-296     2.14663771    2.01853876    2.11526879    2.26702447    2.23926819    2.14536491    2.26685496    2.13398855    2.15722365    2.20130631    2.32759105    2.44882778    2.59768967    2.48024675    2.80178512    2.47481668    2.54797270    2.60269554    2.59330293    2.49223155    2.54267759    2.42074891    2.91269018    2.39792794    1.33933784    1.48155373    0.00000000    0.70395747    1.23961340    1.26474357    1.28304178    1.40300905    1.30198654    2.42485245    2.62432735    2.25213175    2.97172054    3.73757509    2.76736385    2.72781712    3.00475581    2.49016969    2.70064605    2.85468863    2.87238615    2.80743473    3.06677011    2.73832733    2.81507372    3.13142779    2.33092701    2.67089100    2.82419572    2.71144924    2.67254278    2.19751789    2.42144597    2.59418921    2.35886905    2.54441972    2.74200995    2.63980105    2.32597443    2.14118393    2.29596406    2.30603927    2.27648745    2.15529516    2.32305324
F6S6D2_CIOIN/281-444     2.22959322    2.23623815    2.21278584    2.28697224    2.41166327    2.23541318    2.42054738    2.35298318    2.38255889    2.37437927    2.38968779    2.98884159    2.47387510    2.40693936    2.80467282    2.56664399    2.50001726    3.20048660    2.92885016    2.97751539    2.74256075    2.91010509    3.08868456    2.66067971    1.35656509    1.35708534    0.70395747    0.00000000    1.19850315    1.28652548    1.14905108    1.43876371    1.32721462    2.59003094    2.70726078    2.32071367    3.49072826    3.91140746    3.35076327    3.06700095    3.47354807    3.11040633    2.88009483    3.39379742    3.14962855    2.80445186    3.55987407    3.03399067    2.91705752    3.27860016    2.19174992    2.61872004    2.69255575    2.56459945    2.48559179    2.10562049    2.61359671    2.77060083    2.70398679    2.35832354    2.54702768    2.68493672    2.36524127    2.11747995    2.10132627    2.25606672    2.38320991    2.16412666    2.33909172
W5LN62_ASTMX/1561-1704     2.13910145    2.18165007    2.00349281    1.90289262    2.21910545    2.05640991    2.14279688    2.10044439    2.29805877    2.14899395    2.45327935    2.66622104    2.37947536    2.57602002    2.82164311    2.61418545    2.57023006    3.03789681    2.76253441    2.80426340    2.73761672    2.65403063    2.42549358    2.54985460    1.26577617    1.18181216    1.23961340    1.19850315    0.00000000    0.74586253    0.69369611    0.78917450    0.76745439    2.10461139    2.07010875    1.88828832    2.95394603    3.24338854    3.16535006    2.64545622    2.80663661    2.80083192    2.66523483    3.20329382    2.55464770    2.72473911    3.24009659    2.87623648    2.76091238    2.86391126    2.27291751    2.13334625    2.38617172    2.42891580    2.40108094    2.33882329    2.10167408    2.38066467    2.19496425    2.12953367    1.92673355    2.32597098    2.09418154    1.95690340    2.06692339    2.26811547    1.90840527    1.81728580    2.14422171
H9GCU8_ANOCA/1600-1748     2.38321498    2.39516531    2.18956356    2.22835467    2.56195074    2.24121423    2.38086387    2.25013594    2.40950589    2.37862192    2.73721265    2.87415173    2.59447499    2.89417626    3.21366523    2.95599959    2.55065669    3.00142830    2.99415613    2.92257491    2.71600703    3.01847601    2.78825308    2.83323376    1.17648583    1.18199279    1.26474357    1.28652548    0.74586253    0.00000000    0.36910723    0.52599395    0.42183648    2.49602067    2.56589750    2.21166265    3.66892865    4.03554763    4.37029464    3.38763454    3.24524815    3.20576096    3.51989294    4.04723153    3.16490447    3.48047262    3.31043876    3.07793954    3.21443060    3.58659318    2.80878818    2.88091198    2.86138314    3.24512991    3.09058220    2.61656964    3.04350381    3.44013471    3.04299043    2.88017632    2.80872299    2.94486512    2.49917225    2.26549084    2.38501993    2.60071393    2.40425918    2.25894348    2.56856542
F6XS76_XENTR/1451-1587     2.02784741    2.10120758    1.93172071    1.98224680    2.22856941    1.94972095    2.01580842    1.93656114    2.14151294    2.17602445    2.53261340    2.60221670    2.46771727    2.61842526    2.82781992    2.81915384    2.50182106    2.99221697    2.82127620    2.83986784    2.63387438    3.00991972    2.95832715    2.53310945    1.13855810    1.16774321    1.28304178    1.14905108    0.69369611    0.36910723    0.00000000    0.48684815    0.49213837    2.65474124    2.65692551    2.13899443    3.88712560    3.69301626    3.51923138    2.93252340    2.83082963    2.92664298    2.73791246    3.24571224    2.87409428    3.18231502    2.80497476    2.83106665    2.69771191    3.15440293    2.29573019    2.36508056    2.33446128    2.54175878    2.60486306    2.28980011    2.39322585    2.51088920    2.38206670    2.40882161    2.19199252    2.48668987    2.17679901    2.01346981    2.02294213    2.34821629    2.22557352    2.27540877    2.38798482
I3JU36_ORENI/1920-2060     2.35380483    2.48436404    2.18272206    2.10019934    2.57245780    2.25089892    2.34364320    2.23191537    2.42550801    2.27741565    2.60533444    2.69844586    2.47697873    2.63391812    2.91281825    2.82214046    2.59930249    2.81313139    2.84447439    2.75748539    2.59586570    2.85424210    2.87720796    2.82675552    1.24875337    1.26987105    1.40300905    1.43876371    0.78917450    0.52599395    0.48684815    0.00000000    0.22832472    2.64682134    2.61539919    2.05167198    3.75933871    3.80580656    3.21896807    2.92803007    2.77365447    2.80706120    2.80210532    2.91136525    2.89327425    2.83362264    2.76401988    2.73365434    2.56401299    2.92618302    2.27788704    2.37236307    2.55510651    2.38237411    2.43611683    2.47006802    2.33850153    2.61339799    2.58247363    2.41811852    2.35697374    2.56505612    2.12288532    2.11326793    2.16423546    2.23358827    2.41610457    2.26202140    2.51311628
E9QGQ0_DANRE/1969-2108     2.22299018    2.31133539    2.12062224    2.11106160    2.45658582    2.16442453    2.25852467    2.13154588    2.32140409    2.31127825    2.41098858    2.55805994    2.34666404    2.52411486    2.79824737    2.90924472    2.61195021    2.96641985    2.87415427    2.83406035    2.65397330    2.88095374    2.83782266    2.66301225    1.27696061    1.25429324    1.30198654    1.32721462    0.76745439    0.42183648    0.49213837    0.22832472    0.00000000    2.67852650    2.63530285    2.09809168    3.27043664    3.66509600    3.63346930    2.67906127    2.85708820    2.76522066    2.74047215    2.92339253    2.77293697    2.89016963    2.59431747    2.64902658    2.65284257    2.78757131    2.37004109    2.31610946    2.42656185    2.51870562    2.59689288    2.48945738    2.29434276    2.58076142    2.45433789    2.45492444    2.25816167    2.69486273    2.29593119    2.20423141    2.21679031    2.39580715    2.36256572    2.10537982    2.41296794
S8BKT6_DACHA/1009-1177     0.99816581    1.03297186    0.95986378    1.06802197    0.99366618    0.97994657    1.01759697    0.93382747    0.97561508    0.94056498    1.42579481    1.28340445    1.29217226    1.23461392    1.53760271    1.50981985    1.46967605    1.56566699    1.45141152    1.50351132    1.42155257    1.51717818    1.68113899    1.10083353    2.40276729    2.29507183    2.42485245    2.59003094    2.10461139    2.49602067    2.65474124    2.64682134    2.67852650    0.00000000    0.17641451    1.03845985    2.06175499    2.23703816    2.11197958    2.00862005    2.18483314    2.40690540    2.31762809    2.21230707    2.32174803    1.86439394    2.35649310    2.14964083    2.12645275    2.61780467    1.64137768    1.67592995    1.76095419    1.56929349    1.65954600    1.54534501    1.57182110    1.57617453    1.39872380    1.66892402    1.77054923    1.04497398    1.01466241    0.91064878    0.89096852    1.08616837    1.07567763    1.14511641    0.96388291
G1X7H0_ARTOA/1023-1190     1.01592169    1.02787394    0.92939787    1.06915616    0.99064900    0.97212985    1.00934274    0.95680651    0.95927111    0.87970278    1.48163157    1.30977355    1.25251179    1.30404734    1.60056370    1.55224883    1.50967016    1.55804429    1.44025821    1.48408233    1.43507662    1.50568326    1.70234754    1.17664359    2.49350187    2.29609767    2.62432735    2.70726078    2.07010875    2.56589750    2.65692551    2.61539919    2.63530285    0.17641451    0.00000000    1.06239497    2.16775246    2.22453092    2.03587568    2.10186710    2.14041414    2.31656936    2.33358695    2.23427885    2.32504448    1.94853226    2.34948284    2.28805427    2.23054739    2.70475717    1.50457874    1.58790591    1.61994852    1.50614948    1.53589720    1.44512200    1.46624388    1.57922884    1.29971881    1.53543159    1.71892272    1.06718559    1.03438132    0.98531338    0.96320200    1.12524380    1.03054601    1.16724380    1.04514113
D5GKI6_TUBMM/894-1052     0.82330244    0.86490732    0.88218044    0.90057236    1.18926219    0.86120173    1.02096216    0.95556531    1.00454343    0.97408695    1.21099714    1.17014402    1.17963118    1.30314410    1.47662014    1.38074890    1.41648636    1.48885371    1.46997233    1.35158226    1.35142153    1.42879533    1.44302808    1.24350769    1.92449485    1.97762055    2.25213175    2.32071367    1.88828832    2.21166265    2.13899443    2.05167198    2.09809168    1.03845985    1.06239497    0.00000000    1.90103912    2.00848308    2.08547824    2.01902279    1.99583050    1.80457433    2.04052140    1.91674224    1.94632891    1.74967156    2.08693515    1.84132792    1.78785518    1.90809127    1.26627674    1.53661148    1.39377600    1.36007115    1.30635199    1.37992698    1.26908243    1.28433486    1.12881929    1.35404052    1.40039767    1.12913403    1.02897124    0.92272687    1.00118909    0.96033484    0.94508348    0.93169531    0.97547129
I2H1U6_TETBL/892-1068     2.15013994    2.12171601    2.08917470    2.09829615    2.08630910    2.14414680    2.26382474    2.17128473    2.14024231    2.05844664    2.46028934    2.64950867    2.28633215    2.57361673    2.54750462    2.51308281    2.54531951    2.66058505    2.77809677    2.73555714    2.63695120    2.69598511    3.06937104    2.33237950    2.96393290    3.03002350    2.97172054    3.49072826    2.95394603    3.66892865    3.88712560    3.75933871    3.27043664    2.06175499    2.16775246    1.90103912    0.00000000    0.99118897    1.09556416    1.08517373    0.96842936    1.04935261    1.16050598    1.09079468    1.02162939    1.06357100    1.22841052    1.19296138    1.01571046    1.26874360    1.35375523    1.35220499    1.53480924    1.41260921    1.25486079    1.34306265    1.36915509    1.35494324    1.33339189    1.39785520    1.28972612    2.20602521    2.19673952    2.06974471    2.13554799    2.19797726    2.15072286    1.98089661    2.07519163
SET1_CANGA/785-963     1.89484815    1.90513024    1.87312326    1.89600828    2.26681319    1.89628284    2.07934023    2.08618943    2.00260521    1.96442960    2.48215697    2.60420466    2.02137704    2.48596651    2.79990470    2.60905973    2.89085146    3.00999390    2.87137692    2.67283762    2.64009319    2.54678437    2.84111681    2.57219416    3.20374246    2.98331394    3.73757509    3.91140746    3.24338854    4.03554763    3.69301626    3.80580656    3.66509600    2.23703816    2.22453092    2.00848308    0.99118897    0.00000000    0.93999854    0.94067410    0.88199212    1.01662643    1.11952826    1.05154739    1.07527883    1.12121464    1.27134239    1.29741685    1.18464164    1.11893347    1.65565646    1.62868955    1.64732472    1.58187992    1.48510771    1.47246087    1.63771708    1.41263710    1.48678389    1.28749684    1.36507889    2.21588703    2.33871032    2.01284377    2.14973877    2.16038233    2.19386820    2.01712673    2.05005461
H2AWB7_KAZAF/782-985     2.07747525    2.19966040    1.91971259    2.01484105    2.26071055    1.94854694    2.11087012    2.15236897    2.02891926    1.94802463    2.50035831    2.27226991    2.12910232    2.26507406    2.65427953    2.36501591    2.41679757    2.59435566    2.31969870    2.05966724    2.32866125    2.27456225    2.68513567    2.14762479    3.05019903    2.88467684    2.76736385    3.35076327    3.16535006    4.37029464    3.51923138    3.21896807    3.63346930    2.11197958    2.03587568    2.08547824    1.09556416    0.93999854    0.00000000    0.85928431    0.80120634    0.85559806    0.85084363    0.86042004    0.93160147    0.84611193    1.15864279    1.12220227    1.00652323    0.94204257    1.44533275    1.36141748    1.48391460    1.18083009    1.27615619    1.32069688    1.34949768    1.28695751    1.22003498    1.37494872    1.22250266    2.09460260    1.99783740    1.81064274    1.90457201    1.95205082    2.19514272    2.17846164    2.11833788
J7S8V8_KAZNA/780-965     1.89938288    1.93531041    2.00656933    1.96168635    2.08866789    2.00733660    1.94943531    2.01602923    1.93581568    2.06176895    2.46493703    2.37856476    2.26253593    2.31972802    2.83945346    2.55567081    2.71114163    2.75480346    2.71314797    2.56104882    2.83479965    2.61449303    2.81409376    2.18335248    2.97513993    3.21740225    2.72781712    3.06700095    2.64545622    3.38763454    2.93252340    2.92803007    2.67906127    2.00862005    2.10186710    2.01902279    1.08517373    0.94067410    0.85928431    0.00000000    0.94377156    0.85500656    0.92057183    0.90872224    0.96835784    1.06155783    1.08135709    1.10374589    0.98735275    0.95526117    1.25191314    1.30392357    1.58200529    1.24989264    1.21652187    1.20586669    1.26522317    1.21197683    1.20876790    1.36305878    1.14044877    2.16015872    2.08442333    2.06156613    2.13207137    2.24061238    2.24785006    1.99828644    1.97404826
