17
A8FF43_BACP2/1-259     0.00000000    0.51744438    0.57684872    0.77572026    0.80862069    0.74960960    0.73637588    0.77440870    0.80857985    0.84171772    0.99115155    1.09137451    1.25894978    1.34731686    0.74940708    0.88241432    0.72817741
Q65HF6_BACLD/1-258     0.51744438    0.00000000    0.42775262    0.70253168    0.70203688    0.74887735    0.64343521    0.73692773    0.64197877    0.72990394    0.82480231    1.11454369    1.33298214    1.20569740    0.75445891    0.67092050    0.68733307
YQHG_BACSU/1-258     0.57684872    0.42775262    0.00000000    0.75743028    0.72604273    0.78093772    0.71268875    0.74497487    0.74025547    0.73860470    0.89367130    1.08595219    1.29693988    1.33976497    0.85396825    0.79414457    0.72820760
Q9K932_BACHD/1-259     0.77572026    0.70253168    0.75743028    0.00000000    0.47735713    0.58802305    0.67893300    0.70483682    0.68490676    0.68924552    0.82466158    1.16133677    1.26114201    1.36731412    0.77738306    0.75896651    0.68625324
D3FUX9_ALKPO/1-259     0.80862069    0.70203688    0.72604273    0.47735713    0.00000000    0.52125786    0.63301865    0.59966466    0.58438867    0.59252277    0.83425090    1.06049432    1.36844023    1.46621939    0.78347859    0.73716233    0.61405234
Q5WF28_BACSK/1-259     0.74960960    0.74887735    0.78093772    0.58802305    0.52125786    0.00000000    0.69676135    0.76125206    0.70391215    0.81619388    0.87625335    1.14992114    1.51871892    1.28768706    0.86438298    0.79897113    0.68167691
G2TPN7_BACCO/1-258     0.73637588    0.64343521    0.71268875    0.67893300    0.63301865    0.69676135    0.00000000    0.58066774    0.53502900    0.57382202    0.85604450    1.11027346    1.39627932    1.40828460    0.87528518    0.71589094    0.67079083
A0A6H3AIP5_BACAN/1-257     0.77440870    0.73692773    0.74497487    0.70483682    0.59966466    0.76125206    0.58066774    0.00000000    0.58928600    0.55022622    0.79366567    1.01438792    1.20727948    1.36029357    0.71392385    0.67498583    0.58582398
U5LDJ9_9BACI/1-259     0.80857985    0.64197877    0.74025547    0.68490676    0.58438867    0.70391215    0.53502900    0.58928600    0.00000000    0.32895345    0.72398760    1.05269735    1.33264170    1.38926794    0.73523928    0.60679359    0.58166258
N0AXY5_9BACI/1-258     0.84171772    0.72990394    0.73860470    0.68924552    0.59252277    0.81619388    0.57382202    0.55022622    0.32895345    0.00000000    0.80538431    1.01607247    1.29404224    1.39944714    0.80542691    0.70121175    0.59949224
E6TWZ7_BACCJ/1-257     0.99115155    0.82480231    0.89367130    0.82466158    0.83425090    0.87625335    0.85604450    0.79366567    0.72398760    0.80538431    0.00000000    1.07642693    1.31231186    1.24555090    0.92495734    0.87772598    0.85986032
Q8EQ20_OCEIH/1-254     1.09137451    1.11454369    1.08595219    1.16133677    1.06049432    1.14992114    1.11027346    1.01438792    1.05269735    1.01607247    1.07642693    0.00000000    1.15976273    1.11149531    1.01062310    1.15461070    1.04011379
K0J3W2_AMPXN/1-255     1.25894978    1.33298214    1.29693988    1.26114201    1.36844023    1.51871892    1.39627932    1.20727948    1.33264170    1.29404224    1.31231186    1.15976273    0.00000000    1.26044209    1.07216921    1.37698801    1.24794623
I0JNX9_HALH3/8-255     1.34731686    1.20569740    1.33976497    1.36731412    1.46621939    1.28768706    1.40828460    1.36029357    1.38926794    1.39944714    1.24555090    1.11149531    1.26044209    0.00000000    1.07748578    1.26778032    1.24255544
B7GHD0_ANOFW/3-255     0.74940708    0.75445891    0.85396825    0.77738306    0.78347859    0.86438298    0.87528518    0.71392385    0.73523928    0.80542691    0.92495734    1.01062310    1.07216921    1.07748578    0.00000000    0.61179625    0.58678904
Q5KX74_GEOKA/1-259     0.88241432    0.67092050    0.79414457    0.75896651    0.73716233    0.79897113    0.71589094    0.67498583    0.60679359    0.70121175    0.87772598    1.15461070    1.37698801    1.26778032    0.61179625    0.00000000    0.34105936
C5D4A4_GEOSW/1-259     0.72817741    0.68733307    0.72820760    0.68625324    0.61405234    0.68167691    0.67079083    0.58582398    0.58166258    0.59949224    0.85986032    1.04011379    1.24794623    1.24255544    0.58678904    0.34105936    0.00000000

