13
F0RDY3_CELLC/5-121     0.00000000    1.46411014    1.15182855    1.47514161    1.84938797    1.74989757    2.36359393    2.19161821    1.78935316    1.75594243    2.04221913    1.47236269    1.81292529
F4C8C5_SPHS2/3-118     1.46411014    0.00000000    0.96981697    1.63615834    2.45290630    2.40464569    1.95906349    2.20706883    1.87956488    1.63633915    2.42101269    1.94013010    1.83789530
W0F146_9BACT/3-124     1.15182855    0.96981697    0.00000000    1.85737624    1.75597405    2.16739984    2.05292310    1.86251726    1.83143640    1.49805903    2.18335525    1.65049437    2.03408478
A3U938_CROAH/6-123     1.47514161    1.63615834    1.85737624    0.00000000    2.10026219    1.61066326    1.92608324    2.15261045    2.00948155    2.04538597    1.94548209    1.55704431    2.09297184
H2J2T1_MARPK/5-117     1.84938797    2.45290630    1.75597405    2.10026219    0.00000000    1.92584856    1.96613349    2.02151012    2.07184102    2.00330721    2.17021954    3.07411264    2.25375657
Q8DU87_STRMU/16-136     1.74989757    2.40464569    2.16739984    1.61066326    1.92584856    0.00000000    1.44031410    1.16099111    2.23287856    2.01106373    2.63957709    1.96754290    2.08097789
A4VUQ5_STRSY/15-133     2.36359393    1.95906349    2.05292310    1.92608324    1.96613349    1.44031410    0.00000000    1.18823474    2.07492084    1.93617030    2.81805052    2.39799603    2.37317683
Q8DZW6_STRA5/11-127     2.19161821    2.20706883    1.86251726    2.15261045    2.02151012    1.16099111    1.18823474    0.00000000    1.92303660    2.62489531    2.16209125    2.18187006    2.35874099
G4QHJ2_GLANF/3-125     1.78935316    1.87956488    1.83143640    2.00948155    2.07184102    2.23287856    2.07492084    1.92303660    0.00000000    1.83967840    2.03944794    1.58316324    1.86790392
Q082W6_SHEFN/7-119     1.75594243    1.63633915    1.49805903    2.04538597    2.00330721    2.01106373    1.93617030    2.62489531    1.83967840    0.00000000    1.87207647    1.88390012    2.31706015
Q5QWV8_IDILO/6-154     2.04221913    2.42101269    2.18335525    1.94548209    2.17021954    2.63957709    2.81805052    2.16209125    2.03944794    1.87207647    0.00000000    1.80994600    2.18862343
Q3IIP6_PSET1/6-131     1.47236269    1.94013010    1.65049437    1.55704431    3.07411264    1.96754290    2.39799603    2.18187006    1.58316324    1.88390012    1.80994600    0.00000000    1.79418657
Q38X52_LACSS/3-145     1.81292529    1.83789530    2.03408478    2.09297184    2.25375657    2.08097789    2.37317683    2.35874099    1.86790392    2.31706015    2.18862343    1.79418657    0.00000000

