38
Q88AF2_PSESM/145-443     0.00000000    0.45166554    0.49807850    0.48445096    0.48792535    0.49325045    0.45183367    1.09706329    1.23259384    1.19692980    1.20934816    1.16501102    1.23920582    1.18651090    1.97003943    0.97079691    1.14861163    0.95885347    0.95268946    1.62733450    2.26562047    3.09778059    2.77389932    2.62505561    3.23675647    3.09718170    3.25626377    3.34624432    3.28869631    3.88215098    3.47983192    2.71332853    2.68113342    2.66047465    1.84916123    1.74828018    1.58120239    1.88336066
Q88CP7_PSEPK/149-447     0.45166554    0.00000000    0.47335268    0.44937105    0.43847121    0.45843866    0.44165687    1.04172524    1.29606594    1.29218833    1.18982360    1.14577635    1.18470979    1.11821038    2.20794743    1.03953772    1.18705783    0.90609780    0.88713962    1.65491300    2.29808242    2.88969963    2.75673600    2.63501832    3.43096390    2.93779819    3.33574111    3.33172042    3.39985746    4.20115728    3.53639486    2.71246238    2.76843200    2.59373229    1.75390255    1.85933149    1.61911779    1.99443465
A4VRP1_PSEU5/150-448     0.49807850    0.47335268    0.00000000    0.43149421    0.45836526    0.43785807    0.48031547    1.01186654    1.29524346    1.23782174    1.28052447    1.23730865    1.27071292    1.17537620    2.13466027    1.05388179    1.20445985    0.98260631    1.08377382    1.55472103    2.28775285    2.84263475    2.82935644    2.70632233    3.20777917    2.83390986    3.19574536    3.34568486    3.23396207    3.91526111    3.69268952    2.82501342    2.90033215    2.63192066    1.90234376    1.87386559    1.60921952    1.92980252
S6AEL9_PSERE/151-448     0.48445096    0.44937105    0.43149421    0.00000000    0.40760267    0.39159791    0.45319354    1.01322757    1.37577382    1.27473874    1.25705615    1.23389823    1.22154385    1.18687274    2.08825763    1.03272415    1.19310736    0.94468048    0.96697172    1.59226422    2.41375478    3.25576627    3.11301335    2.83856159    3.43935818    2.94001791    3.66531619    3.50379115    3.43173011    4.30049031    4.08570219    2.83103953    2.98391404    2.73692185    2.05262540    2.09034246    1.69085023    1.94023857
A4Y042_PSEMY/148-447     0.48792535    0.43847121    0.45836526    0.40760267    0.00000000    0.39080323    0.44415464    0.93720084    1.34999266    1.15743601    1.24216052    1.23032569    1.29355030    1.22303147    2.13599970    0.98148224    1.13098129    0.98506400    0.95820109    1.54961750    2.37373368    2.80645593    2.77358217    2.68329217    3.16322473    2.95701040    3.51627169    3.42576853    3.18826193    3.98034201    3.60821088    2.74048783    2.80156396    2.77553447    1.83677062    1.92027142    1.64837797    1.98249824
Q9I6E8_PSEAE/147-445     0.49325045    0.45843866    0.43785807    0.39159791    0.39080323    0.00000000    0.44583464    0.94069662    1.44672740    1.19489493    1.21737296    1.29160968    1.31840470    1.13264282    2.10993674    0.95606131    1.16908202    0.97261467    1.04587270    1.46511032    2.47220851    3.25577383    2.87845558    2.81878392    3.47154321    3.17768320    3.46552657    3.21075017    3.49676118    4.17223230    3.42907636    2.83425338    2.92427159    2.57239012    1.94585929    2.12703577    1.69511493    1.97224939
F6A8R4_PSEF1/144-442     0.45183367    0.44165687    0.48031547    0.45319354    0.44415464    0.44583464    0.00000000    0.88620399    1.27343625    1.35614638    1.09487744    1.21181128    1.25999550    1.12931695    2.00665801    0.90455698    1.26790389    0.92448876    0.99728640    1.55674171    2.29697271    3.07850180    2.88359877    2.56030149    3.15980048    2.69420251    3.46693259    3.60020813    3.50842195    4.27711389    3.98469262    2.74822399    2.81802567    2.54664165    2.03337074    2.04995491    1.76252554    1.98257618
E1VNR9_9GAMM/154-472     1.09706329    1.04172524    1.01186654    1.01322757    0.93720084    0.94069662    0.88620399    0.00000000    1.74770145    1.50045954    1.40218032    1.48360763    1.48638387    1.44619586    1.99613820    1.32312614    1.61264764    1.25891476    1.21234091    1.82298129    2.34675735    3.31506719    3.49671717    3.10639004    3.59757287    2.95577897    4.07108511    4.21133164    3.61917120    3.93635517    3.84492060    3.20155986    3.14032361    2.94996179    2.15383932    2.09822422    1.97036147    2.19310808
W8X0L3_CASDE/152-442     1.23259384    1.29606594    1.29524346    1.37577382    1.34999266    1.44672740    1.27343625    1.74770145    0.00000000    1.35047960    1.18739362    1.13748664    1.27138259    1.12512126    2.12796280    1.40612888    1.27488963    1.37804009    1.47728285    1.80444970    2.36386025    3.28477392    2.91584497    2.65793829    2.96183468    2.95923628    3.06845496    3.31407333    3.29024667    3.52375929    3.58245411    2.99857726    2.82289418    2.43465762    2.10436818    2.03336644    1.94747675    2.38291831
W0P6H9_ADVMD/146-441     1.19692980    1.29218833    1.23782174    1.27473874    1.15743601    1.19489493    1.35614638    1.50045954    1.35047960    0.00000000    1.07525723    1.18561120    1.15615067    1.18572973    2.04848545    1.22753648    1.47499533    1.17904114    1.37073380    1.71807587    2.47025081    3.39624733    2.79352096    3.04799317    3.36954849    2.93778148    3.24578768    3.30990529    3.15965208    3.41377912    2.99858242    2.63431825    2.55959071    2.36468831    2.20959850    2.03819277    1.92980620    2.19265225
F4GNE9_PUSST/152-450     1.20934816    1.18982360    1.28052447    1.25705615    1.24216052    1.21737296    1.09487744    1.40218032    1.18739362    1.07525723    0.00000000    0.89894344    0.94204205    0.90881732    2.10481462    1.46490418    1.54167475    1.19762708    1.36281097    1.93582256    2.35006618    3.40395765    2.94050566    2.72732102    3.39405502    2.87015068    3.94489226    3.90426295    3.98809083    3.66683553    3.60181185    2.81280524    2.82599193    2.73223695    2.13424246    2.17617833    1.97214949    2.40832991
A9HW59_BORPD/156-456     1.16501102    1.14577635    1.23730865    1.23389823    1.23032569    1.29160968    1.21181128    1.48360763    1.13748664    1.18561120    0.89894344    0.00000000    0.45426819    0.42817247    2.24478614    1.21838672    1.34955380    1.02711127    1.14312780    1.75110940    2.30319691    3.07562622    2.72604669    2.94770823    3.43224677    2.56440680    3.40975136    3.52633458    3.59309370    3.63162550    3.53749664    2.63022841    2.50396576    2.39471887    2.23079316    2.19393877    1.99806840    2.42154975
Q2KTR5_BORA1/144-436     1.23920582    1.18470979    1.27071292    1.22154385    1.29355030    1.31840470    1.25999550    1.48638387    1.27138259    1.15615067    0.94204205    0.45426819    0.00000000    0.41854026    2.25183634    1.16624345    1.35633676    1.01443364    1.14250682    1.75866904    2.19240862    2.92542287    3.07709929    2.86451846    3.45236079    2.66617628    3.60994825    3.93797002    3.47165136    4.24007116    3.51301958    2.85787338    2.71879875    2.89972237    2.37322070    2.21084972    2.02031711    2.33336910
Q7VSW9_BORPE/148-448     1.18651090    1.11821038    1.17537620    1.18687274    1.22303147    1.13264282    1.12931695    1.44619586    1.12512126    1.18572973    0.90881732    0.42817247    0.41854026    0.00000000    2.10126266    1.21453256    1.29093348    1.08907863    1.13483477    1.65321452    2.27912178    2.84616471    2.90571548    2.91082379    3.38083657    2.53742386    3.44265777    3.49321867    3.36157428    3.65068613    3.58487344    2.68116426    2.53932681    2.64648848    2.15655474    2.06713870    1.96349934    2.33515779
Y1645_NEIMB/133-429     1.97003943    2.20794743    2.13466027    2.08825763    2.13599970    2.10993674    2.00665801    1.99613820    2.12796280    2.04848545    2.10481462    2.24478614    2.25183634    2.10126266    0.00000000    1.87773294    1.89123388    1.78411443    1.86918863    2.37649045    2.48000774    3.51422742    3.93163901    3.88089511    3.60330900    3.02215706    3.33814659    3.54874841    3.61604022    3.30551484    4.06976417    3.00091203    3.10693261    3.03743864    2.36340864    2.20687257    2.14632929    2.65658823
C4ZLA0_THASP/178-484     0.97079691    1.03953772    1.05388179    1.03272415    0.98148224    0.95606131    0.90455698    1.32312614    1.40612888    1.22753648    1.46490418    1.21838672    1.16624345    1.21453256    1.87773294    0.00000000    0.96196664    0.95628458    1.07836521    1.59956499    2.38529318    3.09437590    3.40026930    3.06706119    3.41169200    2.72499348    3.28792855    3.47817861    3.47057319    3.63691163    3.69480328    3.13024982    2.91899339    2.42218848    2.14040880    2.13621564    1.80022200    2.37648853
A1K213_AZOSB/170-470     1.14861163    1.18705783    1.20445985    1.19310736    1.13098129    1.16908202    1.26790389    1.61264764    1.27488963    1.47499533    1.54167475    1.34955380    1.35633676    1.29093348    1.89123388    0.96196664    0.00000000    1.12741115    1.15967371    1.66941738    2.45489833    3.94169320    3.22190583    3.77586996    4.11952765    2.70134881    3.54120050    3.58729453    3.93326267    4.45745466    4.02504013    3.31978910    3.30767510    2.72610175    2.38443881    2.22021611    1.82436027    2.51238746
Q5P912_AROAE/219-513     0.95885347    0.90609780    0.98260631    0.94468048    0.98506400    0.97261467    0.92448876    1.25891476    1.37804009    1.17904114    1.19762708    1.02711127    1.01443364    1.08907863    1.78411443    0.95628458    1.12741115    0.00000000    0.65639223    1.51785712    2.26974363    3.24053920    2.87998272    3.03675635    3.37511859    2.74098341    3.40372066    3.49123679    3.54033769    3.44406553    2.90079076    2.62679431    2.55581845    2.45925215    2.13874421    2.13505104    1.91926949    2.31918537
B8GTJ0_THISH/151-447     0.95268946    0.88713962    1.08377382    0.96697172    0.95820109    1.04587270    0.99728640    1.21234091    1.47728285    1.37073380    1.36281097    1.14312780    1.14250682    1.13483477    1.86918863    1.07836521    1.15967371    0.65639223    0.00000000    1.61560496    2.48032931    3.27870377    3.22951437    3.09182314    3.40172651    3.06702377    3.60793128    3.86615192    3.75948987    3.84563416    3.33818000    2.88822855    2.90386723    2.91680068    2.28028646    2.24635701    1.79630186    2.21772645
W8KUW5_9GAMM/167-473     1.62733450    1.65491300    1.55472103    1.59226422    1.54961750    1.46511032    1.55674171    1.82298129    1.80444970    1.71807587    1.93582256    1.75110940    1.75866904    1.65321452    2.37649045    1.59956499    1.66941738    1.51785712    1.61560496    0.00000000    2.41118553    3.43195083    2.80339779    3.03559257    3.05300903    2.86330176    3.30911686    3.49702860    3.19294379    3.45618770    3.08632407    2.90963856    2.90597308    2.74138555    2.14977234    2.05838620    1.76640099    1.82007896
M5DU34_9GAMM/140-443     2.26562047    2.29808242    2.28775285    2.41375478    2.37373368    2.47220851    2.29697271    2.34675735    2.36386025    2.47025081    2.35006618    2.30319691    2.19240862    2.27912178    2.48000774    2.38529318    2.45489833    2.26974363    2.48032931    2.41118553    0.00000000    3.00728531    3.11543772    2.94688544    2.97343887    3.16110156    3.72059153    3.59974531    3.56395996    3.32892915    3.71044378    3.03752829    2.98451439    2.69162510    1.88562815    1.91313567    1.87797756    2.22559501
D0IVE4_COMT2/188-472     3.09778059    2.88969963    2.84263475    3.25576627    2.80645593    3.25577383    3.07850180    3.31506719    3.28477392    3.39624733    3.40395765    3.07562622    2.92542287    2.84616471    3.51422742    3.09437590    3.94169320    3.24053920    3.27870377    3.43195083    3.00728531    0.00000000    2.76523835    2.98197785    2.84873320    3.75468410    4.50310590    4.29127049    3.49444722    3.40950367    4.03023566    3.60221967    3.68731736    3.77367034    2.92845484    3.13851865    3.31755481    3.35851122
K0CL95_ALCDB/115-438     2.77389932    2.75673600    2.82935644    3.11301335    2.77358217    2.87845558    2.88359877    3.49671717    2.91584497    2.79352096    2.94050566    2.72604669    3.07709929    2.90571548    3.93163901    3.40026930    3.22190583    2.87998272    3.22951437    2.80339779    3.11543772    2.76523835    0.00000000    0.99458140    1.17605098    2.27347359    2.85649033    2.89566648    3.04387838    2.92793459    3.28581777    1.95044547    2.06981924    1.92773415    3.13853763    2.99636147    3.10159906    3.15003545
M1FB15_9ALTE/160-490     2.62505561    2.63501832    2.70632233    2.83856159    2.68329217    2.81878392    2.56030149    3.10639004    2.65793829    3.04799317    2.72732102    2.94770823    2.86451846    2.91082379    3.88089511    3.06706119    3.77586996    3.03675635    3.09182314    3.03559257    2.94688544    2.98197785    0.99458140    0.00000000    0.87495373    2.23233043    3.08209439    2.80940732    3.12225191    3.10410200    2.89893145    2.12961227    1.97199858    2.25754354    2.85621419    2.87695761    2.93846338    3.24368417
G4QHG7_GLANF/118-446     3.23675647    3.43096390    3.20777917    3.43935818    3.16322473    3.47154321    3.15980048    3.59757287    2.96183468    3.36954849    3.39405502    3.43224677    3.45236079    3.38083657    3.60330900    3.41169200    4.11952765    3.37511859    3.40172651    3.05300903    2.97343887    2.84873320    1.17605098    0.87495373    0.00000000    2.23066677    2.86611395    2.67217355    2.78547262    2.85166242    2.62597002    2.18596593    2.14587934    2.19819266    2.92049722    3.38086796    3.28735301    3.28046947
I0IJ37_PHYMF/156-459     3.09718170    2.93779819    2.83390986    2.94001791    2.95701040    3.17768320    2.69420251    2.95577897    2.95923628    2.93778148    2.87015068    2.56440680    2.66617628    2.53742386    3.02215706    2.72499348    2.70134881    2.74098341    3.06702377    2.86330176    3.16110156    3.75468410    2.27347359    2.23233043    2.23066677    0.00000000    2.52658335    2.42578942    2.02250799    2.88281743    2.67154812    1.83591582    1.84013407    2.01988724    3.21148237    2.84013358    3.18190314    4.04757954
L0H2F6_9GAMM/204-555     3.25626377    3.33574111    3.19574536    3.66531619    3.51627169    3.46552657    3.46693259    4.07108511    3.06845496    3.24578768    3.94489226    3.40975136    3.60994825    3.44265777    3.33814659    3.28792855    3.54120050    3.40372066    3.60793128    3.30911686    3.72059153    4.50310590    2.85649033    3.08209439    2.86611395    2.52658335    0.00000000    0.57114589    1.69735835    2.11674562    1.86174398    2.46756979    2.26436674    2.04649711    3.44491783    3.26776943    3.50872078    4.04996703
V4JPF5_9GAMM/187-653     3.34624432    3.33172042    3.34568486    3.50379115    3.42576853    3.21075017    3.60020813    4.21133164    3.31407333    3.30990529    3.90426295    3.52633458    3.93797002    3.49321867    3.54874841    3.47817861    3.58729453    3.49123679    3.86615192    3.49702860    3.59974531    4.29127049    2.89566648    2.80940732    2.67217355    2.42578942    0.57114589    0.00000000    1.74900963    2.18093002    2.14330465    2.49650635    2.25210314    2.10416743    3.51783613    3.46239444    3.46944362    4.06149451
A8ZZA0_DESOH/165-507     3.28869631    3.39985746    3.23396207    3.43173011    3.18826193    3.49676118    3.50842195    3.61917120    3.29024667    3.15965208    3.98809083    3.59309370    3.47165136    3.36157428    3.61604022    3.47057319    3.93326267    3.54033769    3.75948987    3.19294379    3.56395996    3.49444722    3.04387838    3.12225191    2.78547262    2.02250799    1.69735835    1.74900963    0.00000000    1.88122806    1.59417916    2.12163857    2.07058660    2.18587018    3.91667004    3.53484563    3.57840535    4.22204855
Q6AJ97_DESPS/164-501     3.88215098    4.20115728    3.91526111    4.30049031    3.98034201    4.17223230    4.27711389    3.93635517    3.52375929    3.41377912    3.66683553    3.63162550    4.24007116    3.65068613    3.30551484    3.63691163    4.45745466    3.44406553    3.84563416    3.45618770    3.32892915    3.40950367    2.92793459    3.10410200    2.85166242    2.88281743    2.11674562    2.18093002    1.88122806    0.00000000    1.99886769    2.44711689    2.53396768    2.73676385    4.04130847    3.87310375    3.47328163    3.69492140
C0QDL8_DESAH/170-540     3.47983192    3.53639486    3.69268952    4.08570219    3.60821088    3.42907636    3.98469262    3.84492060    3.58245411    2.99858242    3.60181185    3.53749664    3.51301958    3.58487344    4.06976417    3.69480328    4.02504013    2.90079076    3.33818000    3.08632407    3.71044378    4.03023566    3.28581777    2.89893145    2.62597002    2.67154812    1.86174398    2.14330465    1.59417916    1.99886769    0.00000000    2.32300836    2.39372037    2.38425196    3.57505177    3.72360624    3.61855244    3.60722526
D5BY51_NITHN/159-500     2.71332853    2.71246238    2.82501342    2.83103953    2.74048783    2.83425338    2.74822399    3.20155986    2.99857726    2.63431825    2.81280524    2.63022841    2.85787338    2.68116426    3.00091203    3.13024982    3.31978910    2.62679431    2.88822855    2.90963856    3.03752829    3.60221967    1.95044547    2.12961227    2.18596593    1.83591582    2.46756979    2.49650635    2.12163857    2.44711689    2.32300836    0.00000000    0.28748616    1.73309530    2.66734224    2.78845624    3.12989625    3.32984844
Q3JCI6_NITOC/159-500     2.68113342    2.76843200    2.90033215    2.98391404    2.80156396    2.92427159    2.81802567    3.14032361    2.82289418    2.55959071    2.82599193    2.50396576    2.71879875    2.53932681    3.10693261    2.91899339    3.30767510    2.55581845    2.90386723    2.90597308    2.98451439    3.68731736    2.06981924    1.97199858    2.14587934    1.84013407    2.26436674    2.25210314    2.07058660    2.53396768    2.39372037    0.28748616    0.00000000    1.63941630    2.62712787    2.81582607    2.95381704    3.23108409
A7HEJ4_ANADF/192-524     2.66047465    2.59373229    2.63192066    2.73692185    2.77553447    2.57239012    2.54664165    2.94996179    2.43465762    2.36468831    2.73223695    2.39471887    2.89972237    2.64648848    3.03743864    2.42218848    2.72610175    2.45925215    2.91680068    2.74138555    2.69162510    3.77367034    1.92773415    2.25754354    2.19819266    2.01988724    2.04649711    2.10416743    2.18587018    2.73676385    2.38425196    1.73309530    1.63941630    0.00000000    2.79222568    2.91490023    3.03854256    3.51885350
Q82WS5_NITEU/153-456     1.84916123    1.75390255    1.90234376    2.05262540    1.83677062    1.94585929    2.03337074    2.15383932    2.10436818    2.20959850    2.13424246    2.23079316    2.37322070    2.15655474    2.36340864    2.14040880    2.38443881    2.13874421    2.28028646    2.14977234    1.88562815    2.92845484    3.13853763    2.85621419    2.92049722    3.21148237    3.44491783    3.51783613    3.91667004    4.04130847    3.57505177    2.66734224    2.62712787    2.79222568    0.00000000    0.82675082    1.56370177    1.79903864
F8GLV4_NITSI/152-452     1.74828018    1.85933149    1.87386559    2.09034246    1.92027142    2.12703577    2.04995491    2.09822422    2.03336644    2.03819277    2.17617833    2.19393877    2.21084972    2.06713870    2.20687257    2.13621564    2.22021611    2.13505104    2.24635701    2.05838620    1.91313567    3.13851865    2.99636147    2.87695761    3.38086796    2.84013358    3.26776943    3.46239444    3.53484563    3.87310375    3.72360624    2.78845624    2.81582607    2.91490023    0.82675082    0.00000000    1.52371280    1.83622771
Q2SFJ1_HAHCH/150-460     1.58120239    1.61911779    1.60921952    1.69085023    1.64837797    1.69511493    1.76252554    1.97036147    1.94747675    1.92980620    1.97214949    1.99806840    2.02031711    1.96349934    2.14632929    1.80022200    1.82436027    1.91926949    1.79630186    1.76640099    1.87797756    3.31755481    3.10159906    2.93846338    3.28735301    3.18190314    3.50872078    3.46944362    3.57840535    3.47328163    3.61855244    3.12989625    2.95381704    3.03854256    1.56370177    1.52371280    0.00000000    1.43036651
A1T0B3_PSYIN/138-461     1.88336066    1.99443465    1.92980252    1.94023857    1.98249824    1.97224939    1.98257618    2.19310808    2.38291831    2.19265225    2.40832991    2.42154975    2.33336910    2.33515779    2.65658823    2.37648853    2.51238746    2.31918537    2.21772645    1.82007896    2.22559501    3.35851122    3.15003545    3.24368417    3.28046947    4.04757954    4.04996703    4.06149451    4.22204855    3.69492140    3.60722526    3.32984844    3.23108409    3.51885350    1.79903864    1.83622771    1.43036651    0.00000000

