22
A0A3B1J453_ASTMX/470-542     0.00000000    0.45792576    0.58277084    0.38236868    0.47997516    1.06696857    0.48202459    0.63190259    0.64860340    0.50363945    0.58268452    0.83009425    0.80505016    0.74233511    0.76331608    0.73877458    0.44005422    0.41695804    0.51441760    0.42294866    0.44322351    0.32027357
H3CNK5_TETNG/467-542     0.45792576    0.00000000    0.29850485    0.24520295    0.34527095    1.52888305    0.67698933    0.83791123    0.74383501    0.67972750    0.70177521    0.86873444    0.87828386    0.82712213    0.87722420    0.80913432    0.42007681    0.44971308    0.54119070    0.47465814    0.59036458    0.43665977
G3NS11_GASAC/468-543     0.58277084    0.29850485    0.00000000    0.34394353    0.40318222    1.44438408    0.84423745    0.85551456    0.87338887    0.87898701    0.80634098    0.98510851    1.00868779    0.95457611    1.00959580    0.94536281    0.52294763    0.54083495    0.66455508    0.59813099    0.62990661    0.52667040
A0A669CMZ2_ORENI/469-544     0.38236868    0.24520295    0.34394353    0.00000000    0.25044165    1.30202380    0.62755579    0.75247565    0.69948076    0.60174036    0.66446057    0.83362562    0.79593178    0.80269219    0.86899105    0.80980845    0.35387285    0.39905260    0.48758520    0.38762080    0.47557459    0.37665794
H2LMT7_ORYLA/465-540     0.47997516    0.34527095    0.40318222    0.25044165    0.00000000    1.47803179    0.80855169    0.82419433    0.82400516    0.70117408    0.83734934    1.00063844    0.98036587    0.96474025    1.06508303    0.95604697    0.50794813    0.49240285    0.55321259    0.48200292    0.55295317    0.46883438
J9JVQ3_ACYPI/470-549     1.06696857    1.52888305    1.44438408    1.30202380    1.47803179    0.00000000    1.12569471    1.31539942    1.07506638    1.13043494    0.98949261    1.20753032    1.20120532    1.23601601    1.17995911    1.20542423    0.98470018    0.98977827    1.07006996    1.13919928    1.21281649    1.11222538
W5NFM9_LEPOC/471-546     0.48202459    0.67698933    0.84423745    0.62755579    0.80855169    1.12569471    0.00000000    0.41567673    0.25735442    0.35021895    0.26220918    0.63772100    0.61958835    0.49627967    0.57870168    0.63723181    0.52215319    0.45579699    0.56248334    0.45267736    0.68328399    0.52242282
M4AQ06_XIPMA/469-547     0.63190259    0.83791123    0.85551456    0.75247565    0.82419433    1.31539942    0.41567673    0.00000000    0.36994839    0.46623075    0.42464603    0.85277769    0.85594609    0.70222319    0.72487115    0.84954677    0.59368027    0.44470530    0.52349062    0.52721134    0.78704863    0.66252572
Q5VSI1_DANRE/471-548     0.64860340    0.74383501    0.87338887    0.69948076    0.82400516    1.07506638    0.25735442    0.36994839    0.00000000    0.47207039    0.40244846    0.72382091    0.71671363    0.62505441    0.66282319    0.68131461    0.55887688    0.48490308    0.58072366    0.54641752    0.76981406    0.62522231
L9KWM7_TUPCH/158-234     0.50363945    0.67972750    0.87898701    0.60174036    0.70117408    1.13043494    0.35021895    0.46623075    0.47207039    0.00000000    0.23963808    0.67954116    0.64148948    0.55408067    0.52282128    0.67830123    0.47410208    0.44518723    0.52144876    0.43115936    0.54502885    0.49321263
H3AZM8_LATCH/100-176     0.58268452    0.70177521    0.80634098    0.66446057    0.83734934    0.98949261    0.26220918    0.42464603    0.40244846    0.23963808    0.00000000    0.63239080    0.59658264    0.49715305    0.50555808    0.59580963    0.44497178    0.41741296    0.53406063    0.48367117    0.66556430    0.53476239
KCND1_RABIT/33-113     0.83009425    0.86873444    0.98510851    0.83362562    1.00063844    1.20753032    0.63772100    0.85277769    0.72382091    0.67954116    0.63239080    0.00000000    0.13853419    0.24385771    0.26152074    0.39586539    0.73540458    0.72548617    0.81931379    0.80026669    0.90257683    0.80228009
F6TUH7_MONDO/93-179     0.80505016    0.87828386    1.00868779    0.79593178    0.98036587    1.20120532    0.61958835    0.85594609    0.71671363    0.64148948    0.59658264    0.13853419    0.00000000    0.31340687    0.33454140    0.38759659    0.72557253    0.70472932    0.81602492    0.76160250    0.87843588    0.75682191
H3AQR6_LATCH/467-543     0.74233511    0.82712213    0.95457611    0.80269219    0.96474025    1.23601601    0.49627967    0.70222319    0.62505441    0.55408067    0.49715305    0.24385771    0.31340687    0.00000000    0.16336500    0.30570078    0.56098755    0.51888237    0.56954344    0.57368544    0.82746914    0.76107588
W5LEA8_ASTMX/467-543     0.76331608    0.87722420    1.00959580    0.86899105    1.06508303    1.17995911    0.57870168    0.72487115    0.66282319    0.52282128    0.50555808    0.26152074    0.33454140    0.16336500    0.00000000    0.26438020    0.61978084    0.60911820    0.72178298    0.70809350    0.81201352    0.73975293
H9GCR2_ANOCA/473-553     0.73877458    0.80913432    0.94536281    0.80980845    0.95604697    1.20542423    0.63723181    0.84954677    0.68131461    0.67830123    0.59580963    0.39586539    0.38759659    0.30570078    0.26438020    0.00000000    0.61721032    0.58693593    0.70759889    0.70142821    0.78174180    0.67723299
W5MWD5_LEPOC/471-546     0.44005422    0.42007681    0.52294763    0.35387285    0.50794813    0.98470018    0.52215319    0.59368027    0.55887688    0.47410208    0.44497178    0.73540458    0.72557253    0.56098755    0.61978084    0.61721032    0.00000000    0.12283354    0.24703340    0.22160846    0.46134486    0.33209209
G1KFA8_ANOCA/97-188     0.41695804    0.44971308    0.54083495    0.39905260    0.49240285    0.98977827    0.45579699    0.44470530    0.48490308    0.44518723    0.41741296    0.72548617    0.70472932    0.51888237    0.60911820    0.58693593    0.12283354    0.00000000    0.12396086    0.12347387    0.48866936    0.33269669
H0ZTW1_TAEGU/470-565     0.51441760    0.54119070    0.66455508    0.48758520    0.55321259    1.07006996    0.56248334    0.52349062    0.58072366    0.52144876    0.53406063    0.81931379    0.81602492    0.56954344    0.72178298    0.70759889    0.24703340    0.12396086    0.00000000    0.20353372    0.53168382    0.41579968
I3LZ66_ICTTR/468-544     0.42294866    0.47465814    0.59813099    0.38762080    0.48200292    1.13919928    0.45267736    0.52721134    0.54641752    0.43115936    0.48367117    0.80026669    0.76160250    0.57368544    0.70809350    0.70142821    0.22160846    0.12347387    0.20353372    0.00000000    0.45053349    0.36700124
Q7ZW36_DANRE/469-544     0.44322351    0.59036458    0.62990661    0.47557459    0.55295317    1.21281649    0.68328399    0.78704863    0.76981406    0.54502885    0.66556430    0.90257683    0.87843588    0.82746914    0.81201352    0.78174180    0.46134486    0.48866936    0.53168382    0.45053349    0.00000000    0.37076654
H3DQ32_TETNG/468-544     0.32027357    0.43665977    0.52667040    0.37665794    0.46883438    1.11222538    0.52242282    0.66252572    0.62522231    0.49321263    0.53476239    0.80228009    0.75682191    0.76107588    0.73975293    0.67723299    0.33209209    0.33269669    0.41579968    0.36700124    0.37076654    0.00000000

