49
F2F2D4_SOLSS/21-99     0.00000000    0.73790971    0.74133613    0.99047054    0.70385444    0.89449169    0.73311155    0.67578669    0.76330496    1.04769220    1.13998312    1.24030830    1.04620741    1.07275670    1.41448999    1.34938924    1.21506861    1.13740832    1.26542578    1.02847551    1.09395836    1.30418748    1.20700709    1.32196054    1.10522118    1.19756761    1.22629932    0.98430786    1.10362490    1.25862769    1.26533588    1.43366805    1.33680854    1.46624851    1.83941215    1.52799081    1.32489579    1.41298792    1.52579094    1.49853769    1.17053409    1.58788544    1.39753032    1.25126002    1.22530724    1.07397033    1.21438009    1.21470463    1.28444953
YFLH_BACSU/24-102     0.73790971    0.00000000    0.73008466    0.84215501    0.99529025    0.89769936    0.91940842    0.90868938    0.82567967    1.03036116    1.49022706    1.27606396    1.31453281    1.12021588    1.66333615    1.61361309    1.26474817    1.28662652    1.42062314    1.21813435    1.31927117    1.36518759    1.34477352    1.52902685    1.22885800    1.28054786    1.40080009    1.17364733    1.13876584    1.45028501    1.39088616    1.47720608    1.53189942    1.76705196    1.77518580    1.44606185    1.35835572    1.37071558    1.63814438    1.19142575    1.04237633    1.61692034    1.59316734    1.48865421    1.30749602    1.31060328    1.37276374    1.34492809    1.38434492
U5LCH2_9BACI/28-105     0.74133613    0.73008466    0.00000000    0.54785870    0.53028519    0.62429777    0.53771154    0.63069354    0.46575652    1.29017164    1.26833860    1.50013469    0.95693387    0.90783712    1.35841182    1.31594725    0.98103634    1.09293381    1.19710199    0.99987708    0.96563125    1.04243406    1.06449334    1.17995687    1.10148275    1.16256284    1.11178595    0.86846581    0.94875053    1.29242416    1.48823699    1.28032422    1.10642441    1.37139678    1.63844425    1.34323448    1.11513760    1.28899818    1.13363674    1.20582917    0.95701394    1.42318969    1.51323703    1.06428004    1.06663031    1.17151520    1.25755708    1.27406982    1.11189575
U5L790_9BACI/33-111     0.99047054    0.84215501    0.54785870    0.00000000    0.67648810    0.67208067    0.65838009    0.77808052    0.85247091    1.38354951    1.31130267    1.47517641    1.09122493    0.95439930    1.45354882    1.28515611    1.11980403    1.00681645    1.43977400    1.17272718    1.26061354    1.33585659    1.36439931    1.53203907    1.33929455    1.50462728    1.35075819    1.11382923    1.07812260    1.33241323    1.52497830    1.29811075    1.08068819    1.48232350    1.65923575    1.35084349    1.37702175    1.36702067    1.30517248    1.29313554    1.16368838    1.58351867    1.38506711    1.15178117    1.06159640    1.14532769    1.27548380    1.25800338    1.16009849
E3EB05_PAEPS/33-111     0.70385444    0.99529025    0.53028519    0.67648810    0.00000000    0.52414958    0.40069460    0.32686463    0.47470007    1.35469985    1.32767111    1.50257545    1.04874122    1.05939418    1.44735097    1.35280136    0.95722844    1.01091541    1.02696980    0.92058455    0.94988135    1.08494796    1.01748866    0.98734025    1.05060730    1.12315010    1.16027785    0.83010361    1.00917198    1.22658824    1.49090028    1.50049642    1.41774901    1.59152478    1.74420393    1.63905264    1.46155377    1.42682310    1.34519250    1.39487174    1.11678400    1.50598818    1.42525804    1.16503384    0.99402739    1.11213161    1.23274048    1.12317970    1.07767173
X4ZQM6_9BACL/33-110     0.89449169    0.89769936    0.62429777    0.67208067    0.52414958    0.00000000    0.42779248    0.53269425    0.64832384    1.43964441    1.14283184    1.59320811    1.21036951    1.12965014    1.39615288    1.37191847    1.30644068    1.23784480    1.47287496    1.16320873    1.27543221    1.31240798    1.36630075    1.39536872    1.20960863    1.42598768    1.30615762    1.08791689    1.10250995    1.50417049    1.54991182    1.47706021    1.25046814    1.48164819    1.78359748    1.74126310    1.50854723    1.46100988    1.54224516    1.47832552    1.09012481    1.57341128    1.39883273    1.44565843    1.14248221    1.23786306    1.31049283    1.32603812    1.16978348
D3EMP9_GEOS4/33-111     0.73311155    0.91940842    0.53771154    0.65838009    0.40069460    0.42779248    0.00000000    0.37868319    0.64066635    1.35197118    1.32824957    1.65046959    1.26777590    1.15115373    1.35259950    1.33306582    1.09903383    1.13643543    1.13018114    0.96117579    1.08624999    1.17670941    1.14473167    1.15546545    1.08007288    1.23855058    1.28009233    1.03665400    0.99169027    1.20617734    1.44203235    1.37825270    1.28957805    1.52571427    1.69439211    1.67223870    1.53275315    1.50232971    1.65843014    1.63313946    1.11738004    1.38974356    1.57477720    1.36919355    1.18789853    1.26135046    1.23587125    1.24529127    1.12547206
H6NKG3_9BACL/34-112     0.67578669    0.90868938    0.63069354    0.77808052    0.32686463    0.53269425    0.37868319    0.00000000    0.55872248    1.23025586    1.54861840    1.59497566    1.31878733    1.03602573    1.31082531    1.14367083    1.05416710    1.03050179    1.08614063    0.91016315    1.06487809    1.15566337    1.10735171    1.00353683    1.07190489    1.13349644    1.22012619    0.83165780    0.94289596    1.11187837    1.34486199    1.28355797    1.22367898    1.47638832    1.65048401    1.49091292    1.37269065    1.24323083    1.56206114    1.34260747    1.20176644    1.52249205    1.62624557    1.32302078    1.13520878    1.09382184    1.07348268    1.16193175    1.11384536
D3FY73_ALKPO/20-98     0.76330496    0.82567967    0.46575652    0.85247091    0.47470007    0.64832384    0.64066635    0.55872248    0.00000000    1.18960111    1.27733240    1.35819546    0.92812297    1.02586851    1.16691711    1.32860914    0.94172620    1.15269102    1.10919871    1.11178445    1.04493085    1.04351395    1.04605564    1.16464506    0.88888443    1.28069985    1.06614712    0.87815918    0.92983683    1.35344204    1.44731098    1.37370544    1.28896092    1.43693996    1.72920695    1.45699419    1.15350286    1.21275120    1.08596295    1.32340253    0.98199452    1.42927767    1.32757778    1.09381402    0.93566116    0.96718157    0.98439054    0.95159165    0.93374404
F2F2Q1_SOLSS/2-80     1.04769220    1.03036116    1.29017164    1.38354951    1.35469985    1.43964441    1.35197118    1.23025586    1.18960111    0.00000000    1.39545514    0.88344668    1.04093028    1.03135386    1.49054554    1.18240741    0.91018288    0.99625174    0.94418426    1.05344373    0.82497879    0.70815717    0.76481656    0.74451023    0.58758795    0.79981917    0.76479437    0.82721490    0.93413316    1.13991316    1.42028510    1.12818942    1.17962012    1.43309297    1.54721300    1.28417353    1.33992631    1.39703689    1.51045501    1.29644416    1.13921809    1.25967280    1.39303005    1.08876344    0.97177011    0.94342074    1.18778551    1.04402044    1.13611188
K4LD51_THEPS/4-79     1.13998312    1.49022706    1.26833860    1.31130267    1.32767111    1.14283184    1.32824957    1.54861840    1.27733240    1.39545514    0.00000000    0.88996857    1.14014104    1.20689391    1.40327439    1.36794513    1.40474110    1.17018414    1.41403149    1.38671575    1.32356526    1.32561137    1.37033082    1.57454126    1.21484735    1.41752238    1.35441329    1.08977715    1.15175848    1.18281691    1.29590103    1.24636962    1.03408353    1.46993308    1.56652450    1.37982318    1.40850745    1.48041384    1.43034398    1.31433625    1.15236258    1.36021986    1.17335910    1.26428991    1.36189513    1.21712517    1.30441344    1.35690193    1.30866077
Q2RJR0_MOOTA/3-79     1.24030830    1.27606396    1.50013469    1.47517641    1.50257545    1.59320811    1.65046959    1.59497566    1.35819546    0.88344668    0.88996857    0.00000000    1.25960824    1.14118912    1.69130024    1.21264764    1.28305238    1.08359067    1.15806926    1.37153080    1.15428137    0.98994963    1.21480503    1.19895323    0.93937160    1.34492962    1.15571721    0.97458182    1.16085343    1.22698374    1.50897376    1.35314571    1.31351759    1.50778628    1.58478870    1.34062150    1.38350688    1.63354842    1.63922008    1.21667972    1.25537466    1.52475191    1.33292986    1.25147238    1.11563194    1.17219441    1.19869009    1.33650110    1.23201756
Q67L91_SYMTH/9-87     1.04620741    1.31453281    0.95693387    1.09122493    1.04874122    1.21036951    1.26777590    1.31878733    0.92812297    1.04093028    1.14014104    1.25960824    0.00000000    0.73366604    1.22791577    0.98810948    0.82855056    0.89285509    1.06277894    1.10897911    1.03027598    0.88575088    1.08125159    1.07885908    0.89113440    1.01376956    0.91374492    0.75554527    0.87696852    1.24370542    1.33177398    1.13662456    0.96341731    1.02941124    1.18299114    1.00231990    0.98842132    1.27610928    0.91989795    0.84514232    0.93933726    1.27387962    0.91797887    0.68115355    0.66823941    0.83611437    0.98814009    0.95984585    0.82642900
C8WRW3_ALIAD/2-80     1.07275670    1.12021588    0.90783712    0.95439930    1.05939418    1.12965014    1.15115373    1.03602573    1.02586851    1.03135386    1.20689391    1.14118912    0.73366604    0.00000000    1.13022139    1.03469480    0.89002910    0.92810133    0.93723019    0.93563801    0.90200336    0.83010982    0.99820331    1.00425464    0.86980384    0.90341468    0.88568563    0.81001120    0.78412168    0.91316828    1.07780227    0.92393226    0.94893665    1.01026036    1.36089757    1.16737519    1.10469794    1.26991016    1.09470385    1.16001031    1.07098238    1.13048131    1.25135330    0.87213896    0.67549047    0.68683954    0.86249748    0.83754929    0.81164677
E6SHJ5_THEM7/6-81     1.41448999    1.66333615    1.35841182    1.45354882    1.44735097    1.39615288    1.35259950    1.31082531    1.16691711    1.49054554    1.40327439    1.69130024    1.22791577    1.13022139    0.00000000    0.89663093    1.36492856    1.36042432    1.56539296    1.40658420    1.40768553    1.44677273    1.40221791    1.42780929    1.27877890    1.44222296    1.24757987    1.19565164    1.17301611    1.75691359    1.74439710    1.55288423    1.46609084    1.35312459    1.95691130    1.43877487    1.54905101    1.64353588    1.59884679    1.96064934    1.50492178    1.68059847    1.77730932    1.45617329    1.37470105    1.40176157    1.53756171    1.51706670    1.51096434
E6SMK7_THEM7/2-80     1.34938924    1.61361309    1.31594725    1.28515611    1.35280136    1.37191847    1.33306582    1.14367083    1.32860914    1.18240741    1.36794513    1.21264764    0.98810948    1.03469480    0.89663093    0.00000000    1.09353820    1.06646242    1.28544765    1.18342061    1.09782839    1.11289527    1.15176472    1.13870252    0.99190199    1.35622533    1.11504244    0.78916458    1.05023692    1.40013504    1.31548676    1.17082343    1.11777916    1.47354825    1.54351839    1.52461118    1.59688888    1.73221996    1.62185811    1.54981189    1.33268352    1.53485724    1.37551205    1.27038683    1.11497928    1.17077959    1.26830722    1.41988536    1.24929844
C0ZF21_BREBN/2-80     1.21506861    1.26474817    0.98103634    1.11980403    0.95722844    1.30644068    1.09903383    1.05416710    0.94172620    0.91018288    1.40474110    1.28305238    0.82855056    0.89002910    1.36492856    1.09353820    0.00000000    0.74161105    0.70845361    0.73939269    0.67117396    0.53597350    0.64858683    0.64743002    0.61678525    0.79828281    0.74751325    0.56038532    0.60895511    1.19939021    1.21730138    1.10610466    1.21974979    1.26502141    1.36724293    1.49187409    1.14407125    1.08652718    1.04392122    1.29401159    1.19600457    1.17145036    1.29363215    0.53382410    0.68182275    0.74880921    0.89626058    0.84892548    0.73671544
Q8EQS2_OCEIH/2-80     1.13740832    1.28662652    1.09293381    1.00681645    1.01091541    1.23784480    1.13643543    1.03050179    1.15269102    0.99625174    1.17018414    1.08359067    0.89285509    0.92810133    1.36042432    1.06646242    0.74161105    0.00000000    0.50075382    0.60497137    0.62460736    0.53126853    0.61220556    0.64789673    0.56531756    0.64091706    0.54606328    0.53278063    0.74599402    1.15486297    1.02666612    0.82209314    0.92631761    1.47352831    1.75191257    1.47234519    1.32440056    1.48456866    1.50200141    1.40589985    1.24857403    1.32874261    1.11567531    0.83523407    0.85652156    0.87437132    0.93182725    1.04003793    0.81076717
I0JMT1_HALH3/2-80     1.26542578    1.42062314    1.19710199    1.43977400    1.02696980    1.47287496    1.13018114    1.08614063    1.10919871    0.94418426    1.41403149    1.15806926    1.06277894    0.93723019    1.56539296    1.28544765    0.70845361    0.50075382    0.00000000    0.48275157    0.40566325    0.40894276    0.38826650    0.37798438    0.52256627    0.47844477    0.47240649    0.42924142    0.71020195    1.25863460    1.22822377    1.11201317    1.26387839    1.54656469    1.55767798    1.77915005    1.33312370    1.44985071    1.43898513    1.57809898    1.27078482    1.15975666    1.50855566    0.82962683    0.80524327    0.76114411    0.82714553    0.91648543    0.76679368
A0A348A846_BACAN/2-80     1.02847551    1.21813435    0.99987708    1.17272718    0.92058455    1.16320873    0.96117579    0.91016315    1.11178445    1.05344373    1.38671575    1.37153080    1.10897911    0.93563801    1.40658420    1.18342061    0.73939269    0.60497137    0.48275157    0.00000000    0.42422871    0.50232317    0.51941115    0.58607356    0.68202696    0.54963202    0.55925627    0.43317459    0.71213798    1.18641115    1.28631129    1.02984875    1.13407684    1.62669807    1.76028409    1.62997237    1.42252774    1.19097128    1.40532686    1.54410140    1.42247756    1.10662454    1.58327980    0.94922736    0.92213849    0.87759618    0.87962743    0.97778476    0.89738340
D3FTY1_ALKPO/2-80     1.09395836    1.31927117    0.96563125    1.26061354    0.94988135    1.27543221    1.08624999    1.06487809    1.04493085    0.82497879    1.32356526    1.15428137    1.03027598    0.90200336    1.40768553    1.09782839    0.67117396    0.62460736    0.40566325    0.42422871    0.00000000    0.23289372    0.30807367    0.38647877    0.42685574    0.40931175    0.40434114    0.34292561    0.60510543    1.15333345    1.13084726    1.15694978    1.12434704    1.46768455    1.57018860    1.46604883    1.26552443    1.28008824    1.35139896    1.37918116    1.10767738    0.97150031    1.35000058    0.77509130    0.78101171    0.73090903    0.87235086    0.83931605    0.79153100
E6TS38_BACCJ/2-80     1.30418748    1.36518759    1.04243406    1.33585659    1.08494796    1.31240798    1.17670941    1.15566337    1.04351395    0.70815717    1.32561137    0.98994963    0.88575088    0.83010982    1.44677273    1.11289527    0.53597350    0.53126853    0.40894276    0.50232317    0.23289372    0.00000000    0.28490035    0.33752690    0.33887073    0.47747694    0.36382529    0.30682141    0.61629643    1.24871013    1.26787011    1.16742730    1.12157816    1.37707953    1.54008369    1.42550207    1.27117717    1.33160123    1.29884909    1.33212863    1.14321473    1.04797093    1.17683241    0.76169883    0.72177669    0.74369938    0.86614886    0.94570551    0.76768172
U5L958_9BACI/2-80     1.20700709    1.34477352    1.06449334    1.36439931    1.01748866    1.36630075    1.14473167    1.10735171    1.04605564    0.76481656    1.37033082    1.21480503    1.08125159    0.99820331    1.40221791    1.15176472    0.64858683    0.61220556    0.38826650    0.51941115    0.30807367    0.28490035    0.00000000    0.23257546    0.36871664    0.35428235    0.33005957    0.39322806    0.70870900    1.15517098    1.08185678    1.11567606    1.05179050    1.35866521    1.57982443    1.50473443    1.25792350    1.32525930    1.28565725    1.50230632    1.08395927    1.19192381    1.23751699    0.82519112    0.79972414    0.85698816    0.91750399    0.91205661    0.75921924
D5DQ35_BACMQ/2-80     1.32196054    1.52902685    1.17995687    1.53203907    0.98734025    1.39536872    1.15546545    1.00353683    1.16464506    0.74451023    1.57454126    1.19895323    1.07885908    1.00425464    1.42780929    1.13870252    0.64743002    0.64789673    0.37798438    0.58607356    0.38647877    0.33752690    0.23257546    0.00000000    0.38729133    0.32478940    0.34846267    0.45064944    0.66644925    1.20948839    1.30751919    1.12159417    1.30130016    1.42270524    1.52184946    1.60244528    1.19459063    1.34998353    1.21856322    1.44018312    1.22446264    1.31622218    1.38840022    0.75285356    0.82343837    0.80212738    0.98224241    0.93796516    0.79198164
G2TNV2_BACCO/2-80     1.10522118    1.22885800    1.10148275    1.33929455    1.05060730    1.20960863    1.08007288    1.07190489    0.88888443    0.58758795    1.21484735    0.93937160    0.89113440    0.86980384    1.27877890    0.99190199    0.61678525    0.56531756    0.52256627    0.68202696    0.42685574    0.33887073    0.36871664    0.38729133    0.00000000    0.38602370    0.29093262    0.46801188    0.53406460    1.11628101    1.01408323    0.91215711    0.97645128    1.34272077    1.62162816    1.39274456    1.13990397    1.32243949    1.25559834    1.29773135    0.90229257    1.11767921    1.23911454    0.72776289    0.68034206    0.78031732    0.87061357    0.89039756    0.78807110
A8FDF8_BACP2/2-80     1.19756761    1.28054786    1.16256284    1.50462728    1.12315010    1.42598768    1.23855058    1.13349644    1.28069985    0.79981917    1.41752238    1.34492962    1.01376956    0.90341468    1.44222296    1.35622533    0.79828281    0.64091706    0.47844477    0.54963202    0.40931175    0.47747694    0.35428235    0.32478940    0.38602370    0.00000000    0.25941341    0.55739521    0.70230289    1.07304042    1.15233376    1.12342190    1.25860128    1.38923783    1.47801076    1.41930091    1.15264235    1.27569788    1.33826764    1.41373157    1.06019047    1.22903449    1.32413538    0.71549609    0.70097570    0.85026532    0.92589707    0.92993529    0.82435467
Q65JF7_BACLD/2-80     1.22629932    1.40080009    1.11178595    1.35075819    1.16027785    1.30615762    1.28009233    1.22012619    1.06614712    0.76479437    1.35441329    1.15571721    0.91374492    0.88568563    1.24757987    1.11504244    0.74751325    0.54606328    0.47240649    0.55925627    0.40434114    0.36382529    0.33005957    0.34846267    0.29093262    0.25941341    0.00000000    0.41427012    0.59327304    1.08389549    1.11133503    0.90955873    0.98279010    1.31210038    1.60431442    1.32382762    1.20295706    1.37004731    1.29441303    1.42365180    1.06506837    1.08370099    1.34472209    0.72624208    0.65201920    0.75736695    0.78622792    0.89041670    0.70596552
C5D9F7_GEOSW/2-80     0.98430786    1.17364733    0.86846581    1.11382923    0.83010361    1.08791689    1.03665400    0.83165780    0.87815918    0.82721490    1.08977715    0.97458182    0.75554527    0.81001120    1.19565164    0.78916458    0.56038532    0.53278063    0.42924142    0.43317459    0.34292561    0.30682141    0.39322806    0.45064944    0.46801188    0.55739521    0.41427012    0.00000000    0.57542686    1.17368293    1.01542907    0.98891645    1.00626140    1.34349557    1.54913897    1.36719809    1.16905738    1.22289484    1.36771277    1.27832668    1.16507757    1.17465212    1.39272421    0.80464802    0.72703367    0.74255173    0.75101274    0.93532875    0.79943452
D5WST6_KYRT2/2-80     1.10362490    1.13876584    0.94875053    1.07812260    1.00917198    1.10250995    0.99169027    0.94289596    0.92983683    0.93413316    1.15175848    1.16085343    0.87696852    0.78412168    1.17301611    1.05023692    0.60895511    0.74599402    0.71020195    0.71213798    0.60510543    0.61629643    0.70870900    0.66644925    0.53406460    0.70230289    0.59327304    0.57542686    0.00000000    1.20801354    1.08894896    1.02523706    1.06213755    1.20366526    1.35098960    1.04499351    1.18090416    1.17557908    1.21005192    1.23934994    1.18620181    1.12828387    1.33568095    0.81669889    0.84773902    0.71700839    0.87955101    0.93914644    0.78044508
F6DNC8_DESRL/9-84     1.25862769    1.45028501    1.29242416    1.33241323    1.22658824    1.50417049    1.20617734    1.11187837    1.35344204    1.13991316    1.18281691    1.22698374    1.24370542    0.91316828    1.75691359    1.40013504    1.19939021    1.15486297    1.25863460    1.18641115    1.15333345    1.24871013    1.15517098    1.20948839    1.11628101    1.07304042    1.08389549    1.17368293    1.20801354    0.00000000    0.62392019    0.61423768    0.61938747    1.02460852    1.40066389    1.07961418    1.16512117    1.25836705    1.26747871    1.14821080    1.00448413    1.24447393    1.37001862    1.05800067    0.94243849    0.93012449    0.84153316    1.05935861    0.96540220
R4KKE2_9FIRM/8-86     1.26533588    1.39088616    1.48823699    1.52497830    1.49090028    1.54991182    1.44203235    1.34486199    1.44731098    1.42028510    1.29590103    1.50897376    1.33177398    1.07780227    1.74439710    1.31548676    1.21730138    1.02666612    1.22822377    1.28631129    1.13084726    1.26787011    1.08185678    1.30751919    1.01408323    1.15233376    1.11133503    1.01542907    1.08894896    0.62392019    0.00000000    0.59883081    0.45050732    1.20806400    1.40728069    1.23951651    1.14917372    1.22821367    1.20481553    1.23809073    1.23671311    1.24542181    1.22699079    1.12830357    1.15782929    1.06936866    0.84999584    1.10940402    1.03284687
C8W180_DESAS/11-87     1.43366805    1.47720608    1.28032422    1.29811075    1.50049642    1.47706021    1.37825270    1.28355797    1.37370544    1.12818942    1.24636962    1.35314571    1.13662456    0.92393226    1.55288423    1.17082343    1.10610466    0.82209314    1.11201317    1.02984875    1.15694978    1.16742730    1.11567606    1.12159417    0.91215711    1.12342190    0.90955873    0.98891645    1.02523706    0.61423768    0.59883081    0.00000000    0.46871915    1.18961357    1.24435591    1.22109212    1.18052723    1.22651455    1.26012458    1.16438116    1.07714226    1.18401469    1.33091531    1.13086059    1.08911259    0.98844767    0.85043521    1.09294215    0.96504513
A5CYV5_PELTS/95-170     1.33680854    1.53189942    1.10642441    1.08068819    1.41774901    1.25046814    1.28957805    1.22367898    1.28896092    1.17962012    1.03408353    1.31351759    0.96341731    0.94893665    1.46609084    1.11777916    1.21974979    0.92631761    1.26387839    1.13407684    1.12434704    1.12157816    1.05179050    1.30130016    0.97645128    1.25860128    0.98279010    1.00626140    1.06213755    0.61938747    0.45050732    0.46871915    0.00000000    0.97044584    1.35623508    1.06228181    1.13837162    1.19306402    1.11068788    1.00478191    0.88940944    1.10666643    1.04698423    1.20631269    0.97360458    0.99666501    0.90608252    1.14644549    0.97737959
C8W6H0_DESAS/2-80     1.46624851    1.76705196    1.37139678    1.48232350    1.59152478    1.48164819    1.52571427    1.47638832    1.43693996    1.43309297    1.46993308    1.50778628    1.02941124    1.01026036    1.35312459    1.47354825    1.26502141    1.47352831    1.54656469    1.62669807    1.46768455    1.37707953    1.35866521    1.42270524    1.34272077    1.38923783    1.31210038    1.34349557    1.20366526    1.02460852    1.20806400    1.18961357    0.97044584    0.00000000    1.01262306    0.84098845    0.75212271    1.00405080    0.88389160    1.07791955    1.02026030    1.24083137    1.14470146    1.13118534    1.11658544    1.00840418    1.05413496    1.12231994    1.05651966
B1I5Z4_DESAP/4-80     1.83941215    1.77518580    1.63844425    1.65923575    1.74420393    1.78359748    1.69439211    1.65048401    1.72920695    1.54721300    1.56652450    1.58478870    1.18299114    1.36089757    1.95691130    1.54351839    1.36724293    1.75191257    1.55767798    1.76028409    1.57018860    1.54008369    1.57982443    1.52184946    1.62162816    1.47801076    1.60431442    1.54913897    1.35098960    1.40066389    1.40728069    1.24435591    1.35623508    1.01262306    0.00000000    0.85228230    1.11491219    0.96386721    1.10222337    1.10247197    1.22107283    1.18810065    1.52590469    1.44076704    1.33451396    1.37146380    1.53485010    1.51495093    1.50951474
R4KRB4_9FIRM/2-80     1.52799081    1.44606185    1.34323448    1.35084349    1.63905264    1.74126310    1.67223870    1.49091292    1.45699419    1.28417353    1.37982318    1.34062150    1.00231990    1.16737519    1.43877487    1.52461118    1.49187409    1.47234519    1.77915005    1.62997237    1.46604883    1.42550207    1.50473443    1.60244528    1.39274456    1.41930091    1.32382762    1.36719809    1.04499351    1.07961418    1.23951651    1.22109212    1.06228181    0.84098845    0.85228230    0.00000000    1.00674377    0.93033812    0.94393369    0.94673217    0.95326703    1.25901994    1.36765521    1.24898623    1.23245145    1.16043640    1.17552029    1.41832320    1.22505509
F6B2U1_DESCC/2-80     1.32489579    1.35835572    1.11513760    1.37702175    1.46155377    1.50854723    1.53275315    1.37269065    1.15350286    1.33992631    1.40850745    1.38350688    0.98842132    1.10469794    1.54905101    1.59688888    1.14407125    1.32440056    1.33312370    1.42252774    1.26552443    1.27117717    1.25792350    1.19459063    1.13990397    1.15264235    1.20295706    1.16905738    1.18090416    1.16512117    1.14917372    1.18052723    1.13837162    0.75212271    1.11491219    1.00674377    0.00000000    0.43304596    0.32276882    0.82087982    1.01566063    1.45000283    1.25444976    1.04589113    1.13399701    0.92472783    1.10987096    1.19300002    1.12247219
F6DUV8_DESRL/2-80     1.41298792    1.37071558    1.28899818    1.36702067    1.42682310    1.46100988    1.50232971    1.24323083    1.21275120    1.39703689    1.48041384    1.63354842    1.27610928    1.26991016    1.64353588    1.73221996    1.08652718    1.48456866    1.44985071    1.19097128    1.28008824    1.33160123    1.32525930    1.34998353    1.32243949    1.27569788    1.37004731    1.22289484    1.17557908    1.25836705    1.22821367    1.22651455    1.19306402    1.00405080    0.96386721    0.93033812    0.43304596    0.00000000    0.36891643    0.89720736    1.05976832    1.22907688    1.47009006    1.21754229    1.21796171    1.12259048    1.19714283    1.13998687    1.23142911
A4J2Y9_DESRM/2-80     1.52579094    1.63814438    1.13363674    1.30517248    1.34519250    1.54224516    1.65843014    1.56206114    1.08596295    1.51045501    1.43034398    1.63922008    0.91989795    1.09470385    1.59884679    1.62185811    1.04392122    1.50200141    1.43898513    1.40532686    1.35139896    1.29884909    1.28565725    1.21856322    1.25559834    1.33826764    1.29441303    1.36771277    1.21005192    1.26747871    1.20481553    1.26012458    1.11068788    0.88389160    1.10222337    0.94393369    0.32276882    0.36891643    0.00000000    0.94286740    1.09363635    1.22155926    1.27173246    0.97622257    1.13506052    0.98348197    1.18453948    1.11700191    0.99741504
Q2RHF6_MOOTA/5-81     1.49853769    1.19142575    1.20582917    1.29313554    1.39487174    1.47832552    1.63313946    1.34260747    1.32340253    1.29644416    1.31433625    1.21667972    0.84514232    1.16001031    1.96064934    1.54981189    1.29401159    1.40589985    1.57809898    1.54410140    1.37918116    1.33212863    1.50230632    1.44018312    1.29773135    1.41373157    1.42365180    1.27832668    1.23934994    1.14821080    1.23809073    1.16438116    1.00478191    1.07791955    1.10247197    0.94673217    0.82087982    0.89720736    0.94286740    0.00000000    0.82921063    1.15743691    1.18702581    1.23944532    1.32764590    1.11293002    1.36634346    1.39498130    1.29142558
B8D0V8_HALOH/2-80     1.17053409    1.04237633    0.95701394    1.16368838    1.11678400    1.09012481    1.11738004    1.20176644    0.98199452    1.13921809    1.15236258    1.25537466    0.93933726    1.07098238    1.50492178    1.33268352    1.19600457    1.24857403    1.27078482    1.42247756    1.10767738    1.14321473    1.08395927    1.22446264    0.90229257    1.06019047    1.06506837    1.16507757    1.18620181    1.00448413    1.23671311    1.07714226    0.88940944    1.02026030    1.22107283    0.95326703    1.01566063    1.05976832    1.09363635    0.82921063    0.00000000    1.07206658    1.11869818    1.04075585    0.92364005    0.93195492    0.99398194    0.95012717    1.04065608
B8I1E9_RUMCH/5-83     1.58788544    1.61692034    1.42318969    1.58351867    1.50598818    1.57341128    1.38974356    1.52249205    1.42927767    1.25967280    1.36021986    1.52475191    1.27387962    1.13048131    1.68059847    1.53485724    1.17145036    1.32874261    1.15975666    1.10662454    0.97150031    1.04797093    1.19192381    1.31622218    1.11767921    1.22903449    1.08370099    1.17465212    1.12828387    1.24447393    1.24542181    1.18401469    1.10666643    1.24083137    1.18810065    1.25901994    1.45000283    1.22907688    1.22155926    1.15743691    1.07206658    0.00000000    1.30625794    0.95160228    1.07646189    1.05489678    1.17760659    1.08879789    0.98604756
F3Z0L3_DESAF/12-89     1.39753032    1.59316734    1.51323703    1.38506711    1.42525804    1.39883273    1.57477720    1.62624557    1.32757778    1.39303005    1.17335910    1.33292986    0.91797887    1.25135330    1.77730932    1.37551205    1.29363215    1.11567531    1.50855566    1.58327980    1.35000058    1.17683241    1.23751699    1.38840022    1.23911454    1.32413538    1.34472209    1.39272421    1.33568095    1.37001862    1.22699079    1.33091531    1.04698423    1.14470146    1.52590469    1.36765521    1.25444976    1.47009006    1.27173246    1.18702581    1.11869818    1.30625794    0.00000000    1.10337693    1.13764022    1.22980755    1.39963657    1.36913385    1.26520348
C6D2D0_PAESJ/3-81     1.25126002    1.48865421    1.06428004    1.15178117    1.16503384    1.44565843    1.36919355    1.32302078    1.09381402    1.08876344    1.26428991    1.25147238    0.68115355    0.87213896    1.45617329    1.27038683    0.53382410    0.83523407    0.82962683    0.94922736    0.77509130    0.76169883    0.82519112    0.75285356    0.72776289    0.71549609    0.72624208    0.80464802    0.81669889    1.05800067    1.12830357    1.13086059    1.20631269    1.13118534    1.44076704    1.24898623    1.04589113    1.21754229    0.97622257    1.23944532    1.04075585    0.95160228    1.10337693    0.00000000    0.45633382    0.57760084    0.61761977    0.58061890    0.51990687
L0EEP0_THECK/3-81     1.22530724    1.30749602    1.06663031    1.06159640    0.99402739    1.14248221    1.18789853    1.13520878    0.93566116    0.97177011    1.36189513    1.11563194    0.66823941    0.67549047    1.37470105    1.11497928    0.68182275    0.85652156    0.80524327    0.92213849    0.78101171    0.72177669    0.79972414    0.82343837    0.68034206    0.70097570    0.65201920    0.72703367    0.84773902    0.94243849    1.15782929    1.08911259    0.97360458    1.11658544    1.33451396    1.23245145    1.13399701    1.21796171    1.13506052    1.32764590    0.92364005    1.07646189    1.13764022    0.45633382    0.00000000    0.41528919    0.54929718    0.51499426    0.44223607
H6NPA4_9BACL/3-81     1.07397033    1.31060328    1.17151520    1.14532769    1.11213161    1.23786306    1.26135046    1.09382184    0.96718157    0.94342074    1.21712517    1.17219441    0.83611437    0.68683954    1.40176157    1.17077959    0.74880921    0.87437132    0.76114411    0.87759618    0.73090903    0.74369938    0.85698816    0.80212738    0.78031732    0.85026532    0.75736695    0.74255173    0.71700839    0.93012449    1.06936866    0.98844767    0.99666501    1.00840418    1.37146380    1.16043640    0.92472783    1.12259048    0.98348197    1.11293002    0.93195492    1.05489678    1.22980755    0.57760084    0.41528919    0.00000000    0.50160969    0.44539921    0.42938837
E3EHI3_PAEPS/3-81     1.21438009    1.37276374    1.25755708    1.27548380    1.23274048    1.31049283    1.23587125    1.07348268    0.98439054    1.18778551    1.30441344    1.19869009    0.98814009    0.86249748    1.53756171    1.26830722    0.89626058    0.93182725    0.82714553    0.87962743    0.87235086    0.86614886    0.91750399    0.98224241    0.87061357    0.92589707    0.78622792    0.75101274    0.87955101    0.84153316    0.84999584    0.85043521    0.90608252    1.05413496    1.53485010    1.17552029    1.10987096    1.19714283    1.18453948    1.36634346    0.99398194    1.17760659    1.39963657    0.61761977    0.54929718    0.50160969    0.00000000    0.31812596    0.27406870
X4ZKH4_9BACL/7-84     1.21470463    1.34492809    1.27406982    1.25800338    1.12317970    1.32603812    1.24529127    1.16193175    0.95159165    1.04402044    1.35690193    1.33650110    0.95984585    0.83754929    1.51706670    1.41988536    0.84892548    1.04003793    0.91648543    0.97778476    0.83931605    0.94570551    0.91205661    0.93796516    0.89039756    0.92993529    0.89041670    0.93532875    0.93914644    1.05935861    1.10940402    1.09294215    1.14644549    1.12231994    1.51495093    1.41832320    1.19300002    1.13998687    1.11700191    1.39498130    0.95012717    1.08879789    1.36913385    0.58061890    0.51499426    0.44539921    0.31812596    0.00000000    0.22008322
D3E684_GEOS4/3-81     1.28444953    1.38434492    1.11189575    1.16009849    1.07767173    1.16978348    1.12547206    1.11384536    0.93374404    1.13611188    1.30866077    1.23201756    0.82642900    0.81164677    1.51096434    1.24929844    0.73671544    0.81076717    0.76679368    0.89738340    0.79153100    0.76768172    0.75921924    0.79198164    0.78807110    0.82435467    0.70596552    0.79943452    0.78044508    0.96540220    1.03284687    0.96504513    0.97737959    1.05651966    1.50951474    1.22505509    1.12247219    1.23142911    0.99741504    1.29142558    1.04065608    0.98604756    1.26520348    0.51990687    0.44223607    0.42938837    0.27406870    0.22008322    0.00000000

