6
E3PUV9_ACESD/2-274     0.00000000    1.03757742    2.13983984    2.09788012    1.05815440    0.98928524
E4TPW2_MARTH/7-295     1.03757742    0.00000000    2.18560050    2.47734502    1.18467572    1.21825159
R5SQ65_9CLOT/2-276     2.13983984    2.18560050    0.00000000    0.79485197    2.15798269    1.97283249
W8T4M6_PEPAC/2-197     2.09788012    2.47734502    0.79485197    0.00000000    2.06656905    1.86069626
R7J3F2_9BACT/5-299     1.05815440    1.18467572    2.15798269    2.06656905    0.00000000    0.65375536
R6CY61_9BACE/8-301     0.98928524    1.21825159    1.97283249    1.86069626    0.65375536    0.00000000

