23
K4AEB2_SETIT/144-195     0.00000000    0.34269396    0.63270692    0.29046607    0.40709730    0.56103146    0.43189510    0.54856425    0.88949759    0.62885438    0.75450771    1.40797866    1.15878692    0.93705982    0.69460335    0.68428513    0.62812832    0.58952014    0.47156086    0.61222393    0.74442122    0.96450037    0.81047886
M0S617_MUSAM/162-213     0.34269396    0.00000000    0.45185758    0.33251478    0.48412838    0.64858175    0.47203686    0.52941164    0.94204825    0.67565490    0.83701703    1.29309658    1.04168833    1.12971545    0.64976330    0.64868597    0.63879351    0.59773278    0.55777744    0.68876346    0.67973593    0.92875550    0.73703790
D8RPT2_SELML/166-217     0.63270692    0.45185758    0.00000000    0.55127948    0.74838341    0.91149029    0.78873234    0.90573775    1.23928486    0.94517157    1.06666338    1.35736228    1.24964266    1.31094293    1.01154788    1.02128415    0.84397622    0.88018750    0.95275423    1.17034983    0.94532061    1.09500753    0.91697508
D7M902_ARALL/169-220     0.29046607    0.33251478    0.55127948    0.00000000    0.54014103    0.72118293    0.60409659    0.67318150    0.97091797    0.72462286    0.91316231    1.57758577    1.17368389    1.02236846    0.80223492    0.67623614    0.61942188    0.59826194    0.58424937    0.79380997    0.79574994    0.94264112    0.70988680
Q8DL61_THEEB/45-96     0.40709730    0.48412838    0.74838341    0.54014103    0.00000000    0.25058717    0.31403253    0.30045972    0.58466037    0.40932077    0.44965488    0.93094649    0.73921497    0.57562527    0.39651947    0.34119837    0.33353915    0.36986982    0.33949997    0.36896580    0.56648736    0.69809067    0.66313358
K9Y0Z0_STAC7/4-55     0.56103146    0.64858175    0.91149029    0.72118293    0.25058717    0.00000000    0.27682907    0.31325595    0.57043862    0.38304136    0.47525263    1.06444050    0.89121008    0.65256965    0.34906975    0.34038127    0.41020638    0.37404762    0.28324708    0.47065840    0.53360452    0.67910340    0.58239329
A0ZGH6_NODSP/2-53     0.43189510    0.47203686    0.78873234    0.60409659    0.31403253    0.27682907    0.00000000    0.29203447    0.42430286    0.38526810    0.27856004    1.11234754    0.85980308    0.54839717    0.33963572    0.31346195    0.33507058    0.27071152    0.23485372    0.31187835    0.50592119    0.60403013    0.55623015
Q116P9_TRIEI/2-53     0.54856425    0.52941164    0.90573775    0.67318150    0.30045972    0.31325595    0.29203447    0.00000000    0.38984416    0.29131020    0.31795750    0.96997460    0.75952280    0.51392726    0.32572183    0.39249324    0.37348301    0.29307929    0.26743682    0.36781624    0.57113563    0.67238605    0.61162280
B0C7T8_ACAM1/2-53     0.88949759    0.94204825    1.23928486    0.97091797    0.58466037    0.57043862    0.42430286    0.38984416    0.00000000    0.42333531    0.40262703    0.91248077    0.65945535    0.49878135    0.48558148    0.47417518    0.50550398    0.39537995    0.50404434    0.63433201    0.71769961    0.83767078    0.85401837
Q2JNG0_SYNJB/16-67     0.62885438    0.67565490    0.94517157    0.72462286    0.40932077    0.38304136    0.38526810    0.29131020    0.42333531    0.00000000    0.32415820    0.91662434    0.73375570    0.65576300    0.40175937    0.36893823    0.46306306    0.42635800    0.43654351    0.51836685    0.67991563    0.82047531    0.75972303
K9SSE7_9SYNE/5-56     0.75450771    0.83701703    1.06666338    0.91316231    0.44965488    0.47525263    0.27856004    0.31795750    0.40262703    0.32415820    0.00000000    0.95255297    0.70769480    0.30626242    0.53404048    0.40498294    0.45974212    0.40658288    0.41032766    0.45232965    0.68718169    0.66515058    0.77622824
Q7NL85_GLOVI/5-56     1.40797866    1.29309658    1.35736228    1.57758577    0.93094649    1.06444050    1.11234754    0.96997460    0.91248077    0.91662434    0.95255297    0.00000000    0.25731409    0.98964303    1.01250846    1.17327327    1.21470117    0.96771569    1.13934483    1.18850378    1.51170134    1.58637584    1.67039563
U5QFD9_9CYAN/5-56     1.15878692    1.04168833    1.24964266    1.17368389    0.73921497    0.89121008    0.85980308    0.75952280    0.65945535    0.73375570    0.70769480    0.25731409    0.00000000    0.84044916    0.77364304    0.86703069    0.86690468    0.70949773    0.89022382    0.98650589    1.31017333    1.50564095    1.43416530
K9SEY8_9CYAN/9-60     0.93705982    1.12971545    1.31094293    1.02236846    0.57562527    0.65256965    0.54839717    0.51392726    0.49878135    0.65576300    0.30626242    0.98964303    0.84044916    0.00000000    0.71526349    0.65886050    0.66356119    0.49719132    0.60278655    0.64020797    0.87777614    0.83265152    0.89599597
D3EP01_ATETH/3-54     0.69460335    0.64976330    1.01154788    0.80223492    0.39651947    0.34906975    0.33963572    0.32572183    0.48558148    0.40175937    0.53404048    1.01250846    0.77364304    0.71526349    0.00000000    0.34979743    0.34112169    0.36205811    0.28454093    0.46326998    0.57745975    0.67940447    0.50503797
K9Y6I9_HALP7/2-53     0.68428513    0.64868597    1.02128415    0.67623614    0.34119837    0.34038127    0.31346195    0.39249324    0.47417518    0.36893823    0.40498294    1.17327327    0.86703069    0.65886050    0.34979743    0.00000000    0.30874488    0.25589851    0.28728861    0.44346273    0.53855935    0.59694476    0.47620599
K9UJQ6_CHAP6/2-53     0.62812832    0.63879351    0.84397622    0.61942188    0.33353915    0.41020638    0.33507058    0.37348301    0.50550398    0.46306306    0.45974212    1.21470117    0.86690468    0.66356119    0.34112169    0.30874488    0.00000000    0.23212099    0.30800118    0.40371757    0.59435072    0.59358703    0.64021569
K9VWI2_9CYAN/2-53     0.58952014    0.59773278    0.88018750    0.59826194    0.36986982    0.37404762    0.27071152    0.29307929    0.39537995    0.42635800    0.40658288    0.96771569    0.70949773    0.49719132    0.36205811    0.25589851    0.23212099    0.00000000    0.24120488    0.40489247    0.43893249    0.64802387    0.55387182
K9YMA6_CYASC/3-54     0.47156086    0.55777744    0.95275423    0.58424937    0.33949997    0.28324708    0.23485372    0.26743682    0.50404434    0.43654351    0.41032766    1.13934483    0.89022382    0.60278655    0.28454093    0.28728861    0.30800118    0.24120488    0.00000000    0.33023833    0.42894650    0.57680041    0.48062281
Q31KY2_SYNE7/2-52     0.61222393    0.68876346    1.17034983    0.79380997    0.36896580    0.47065840    0.31187835    0.36781624    0.63433201    0.51836685    0.45232965    1.18850378    0.98650589    0.64020797    0.46326998    0.44346273    0.40371757    0.40489247    0.33023833    0.00000000    0.53532106    0.52710392    0.57834920
Q7V9R5_PROMA/8-59     0.74442122    0.67973593    0.94532061    0.79574994    0.56648736    0.53360452    0.50592119    0.57113563    0.71769961    0.67991563    0.68718169    1.51170134    1.31017333    0.87777614    0.57745975    0.53855935    0.59435072    0.43893249    0.42894650    0.53532106    0.00000000    0.42135322    0.32409203
A5GQ80_SYNR3/4-55     0.96450037    0.92875550    1.09500753    0.94264112    0.69809067    0.67910340    0.60403013    0.67238605    0.83767078    0.82047531    0.66515058    1.58637584    1.50564095    0.83265152    0.67940447    0.59694476    0.59358703    0.64802387    0.57680041    0.52710392    0.42135322    0.00000000    0.27572736
Q46IK8_PROMT/8-59     0.81047886    0.73703790    0.91697508    0.70988680    0.66313358    0.58239329    0.55623015    0.61162280    0.85401837    0.75972303    0.77622824    1.67039563    1.43416530    0.89599597    0.50503797    0.47620599    0.64021569    0.55387182    0.48062281    0.57834920    0.32409203    0.27572736    0.00000000

