35
Q38WU4_LACSS/1-56     0.00000000    1.32280519    1.61996278    2.30982842    2.59183064    2.33631618    1.95383733    2.00714366    1.83496904    1.79780949    2.27469876    2.06162559    1.64835758    1.34232439    1.32997384    1.87215965    1.64958060    1.14561654    1.95462434    1.82168368    2.09983930    1.79454346    1.44789105    2.05528974    1.43969331    2.06273225    1.73549215    2.10014316    1.57874328    1.68040408    1.99444158    2.76219731    2.31448758    1.85928946    1.82172922
Q5FKG8_LACAC/2-61     1.32280519    0.00000000    0.59829991    2.27836184    2.24518369    2.26046062    1.89130614    1.98011275    1.35201696    2.15399232    1.63036033    1.54455600    2.15426228    1.39804906    1.58595348    2.09818011    2.04059393    2.01823873    1.92137667    1.58635962    2.29928762    1.62396919    1.63735936    1.70561393    2.20057244    2.31482868    2.73265613    2.31305071    2.01795896    1.93639987    2.44343276    2.21758118    2.23538595    1.99832115    1.81659202
Q1GAL3_LACDA/2-57     1.61996278    0.59829991    0.00000000    2.45095186    2.09513653    1.72888296    1.84827547    1.79477550    1.41110120    1.54857873    1.96570919    1.71756313    2.36659594    1.94095086    1.73748924    2.32569579    2.23508742    2.22747621    2.48836500    2.29371748    2.85570070    2.19609730    2.31092212    2.33281337    2.81715484    2.57326853    3.15124470    3.06305842    2.53681984    2.78953281    2.81088715    2.17355615    2.64428779    2.10966734    2.10439282
Q1WTT5_LACS1/2-57     2.30982842    2.27836184    2.45095186    0.00000000    1.58279869    1.66298444    1.75721622    1.59928489    1.33450424    1.50633957    2.82887258    2.24586518    1.56876925    1.79639254    1.97935553    1.86761624    1.63792459    1.60916935    2.05040578    2.66593771    3.03353455    3.00063608    2.27805604    2.50043188    2.65541800    2.35581784    2.47245898    2.74553503    3.14417429    2.54470089    2.89491079    2.28877054    2.65279836    2.57425265    2.47030520
A5VJI9_LACRD/21-73     2.59183064    2.24518369    2.09513653    1.58279869    0.00000000    1.08796357    1.66373304    1.85044020    1.51549528    1.57420656    2.03105532    1.91578130    1.69774310    1.29289205    1.68170468    2.32053435    2.23585362    2.01472290    2.02286458    3.26055267    2.71553414    3.23367608    2.33055291    1.92027882    3.24390745    2.65850478    2.67465935    2.69812652    2.79004807    2.98642589    2.43953279    2.27025291    2.85122863    2.14898578    2.00886031
J9W0Y2_LACBU/12-64     2.33631618    2.26046062    1.72888296    1.66298444    1.08796357    0.00000000    0.71736879    1.27044426    0.78612670    0.73500698    2.15458508    1.73223527    1.36952193    1.72942021    1.79193126    1.97438719    2.22843725    2.00995574    2.04340353    3.18886459    3.67583450    3.37122320    2.65667838    2.17908485    2.98833706    2.49161703    2.93301612    3.00257173    2.14920354    3.06593207    3.00454895    2.80010073    2.93568814    2.55230865    2.56581175
Q03TF7_LACBA/1-60     1.95383733    1.89130614    1.84827547    1.75721622    1.66373304    0.71736879    0.00000000    0.99324117    0.76515562    0.72692615    1.45371768    1.12713114    1.65424104    1.74316922    1.58288140    1.75294764    1.94866827    1.80606681    2.00199962    2.45277366    2.65479985    2.55114300    2.33844493    2.21194706    2.33741888    2.28643772    2.79203359    2.33794103    2.55443283    2.57355272    2.71897610    3.20523398    2.59460385    2.49606884    2.39508716
G8PD25_PEDCP/13-67     2.00714366    1.98011275    1.79477550    1.59928489    1.85044020    1.27044426    0.99324117    0.00000000    0.63696917    0.56522461    1.72758309    1.52165684    1.56046595    1.79103550    1.95043347    2.03979141    2.01386080    1.86769622    2.49838235    1.89890755    2.59563811    2.06438176    2.77326863    2.88808469    2.88671753    2.57675481    2.98251728    2.48449504    3.58321194    2.96778220    3.98964943    3.63148965    2.74926773    2.66412634    2.30351548
F9UPM6_LACPL/2-57     1.83496904    1.35201696    1.41110120    1.33450424    1.51549528    0.78612670    0.76515562    0.63696917    0.00000000    0.65052746    1.55592735    1.37637075    1.48791886    1.64607211    1.74732452    1.66162472    1.76405547    1.84943235    2.26206912    2.26681826    2.97411602    2.38398737    1.97093636    2.02517666    2.58072218    2.46827819    2.38592299    2.09428921    2.68647045    2.34648755    3.12990583    2.54287827    2.59044970    2.42038563    2.29280759
Q03F72_PEDPA/1-56     1.79780949    2.15399232    1.54857873    1.50633957    1.57420656    0.73500698    0.72692615    0.56522461    0.65052746    0.00000000    1.41637476    1.17795848    1.57767251    1.82456380    1.73512088    1.74594750    1.71698890    1.68125826    2.29805250    2.00834301    2.56619760    2.26861663    2.28055739    2.38299894    2.84357283    2.44146129    2.69992745    2.30151529    2.75298247    2.13416555    3.24804157    2.89120303    2.43244060    2.34107032    2.13374092
G9WH42_9LACO/1-56     2.27469876    1.63036033    1.96570919    2.82887258    2.03105532    2.15458508    1.45371768    1.72758309    1.55592735    1.41637476    0.00000000    0.44891812    1.89054231    2.05885655    1.94232682    2.16888782    1.89253965    1.97552309    2.70922079    2.75890292    2.40890370    2.32722165    2.30502305    2.09550115    3.37409462    3.01457167    3.02613821    3.14651424    3.14347190    2.53437997    2.26533954    2.99146200    2.33664302    2.28942404    2.14069767
Q04F64_OENOB/1-56     2.06162559    1.54455600    1.71756313    2.24586518    1.91578130    1.73223527    1.12713114    1.52165684    1.37637075    1.17795848    0.44891812    0.00000000    1.42028913    1.69172800    1.55950398    1.57705848    1.52634481    1.68488904    2.22127834    1.82048433    2.05434135    1.97881874    1.86821164    1.90498067    2.61689628    2.25261446    2.29141148    2.72206360    2.53744645    1.91868085    2.01473576    2.51658909    2.08269172    2.21781685    2.07146049
F8HYM6_WEIKK/1-53     1.64835758    2.15426228    2.36659594    1.56876925    1.69774310    1.36952193    1.65424104    1.56046595    1.48791886    1.57767251    1.89054231    1.42028913    0.00000000    1.38198728    1.29058450    1.34933407    1.47812412    1.24920101    1.59367956    2.16575801    2.63616380    2.24090541    1.65281246    2.35457376    1.52101448    1.95039121    1.83736991    2.07300228    2.00542245    2.09303705    2.21461115    3.18814451    2.15493544    2.03335926    2.03849186
G4L6P8_TETHN/1-56     1.34232439    1.39804906    1.94095086    1.79639254    1.29289205    1.72942021    1.74316922    1.79103550    1.64607211    1.82456380    2.05885655    1.69172800    1.38198728    0.00000000    0.60894417    0.88957195    0.71013993    0.69890248    1.17207597    1.67264021    1.48001808    1.35158633    1.48554351    1.41348911    1.42577742    1.80816646    1.91285652    1.78036320    1.72490088    1.65238438    2.10235263    1.45010409    1.58191304    1.25329567    1.25092857
Q3XYP8_ENTFD/1-56     1.32997384    1.58595348    1.73748924    1.97935553    1.68170468    1.79193126    1.58288140    1.95043347    1.74732452    1.73512088    1.94232682    1.55950398    1.29058450    0.60894417    0.00000000    0.55453395    0.59731079    0.54653475    1.06728720    1.69183655    1.70173482    1.57989107    1.37941321    1.19940404    1.49171900    1.48408700    1.60932960    1.79232532    1.66872947    1.71822645    1.82167524    1.54425606    1.31343872    0.93391535    1.27618321
Q836R5_ENTFA/1-56     1.87215965    2.09818011    2.32569579    1.86761624    2.32053435    1.97438719    1.75294764    2.03979141    1.66162472    1.74594750    2.16888782    1.57705848    1.34933407    0.88957195    0.55453395    0.00000000    0.50621360    0.69608905    1.11095766    1.69878800    1.85215185    1.91562336    1.62686624    1.31809210    1.49535613    1.61089721    1.48212098    1.55907158    1.77629326    1.77406251    2.08227844    1.36931615    1.20978870    1.07596479    1.32610199
F3YB95_MELPT/1-56     1.64958060    2.04059393    2.23508742    1.63792459    2.23585362    2.22843725    1.94866827    2.01386080    1.76405547    1.71698890    1.89253965    1.52634481    1.47812412    0.71013993    0.59731079    0.50621360    0.00000000    0.67139419    1.13715499    2.11930221    1.80071629    1.96357625    1.46060189    1.53180533    1.61632016    1.77073779    1.82265347    1.76334198    1.72514046    1.56419019    2.31259913    1.41899960    1.21052950    1.33561781    1.25706210
T0VMM3_9ENTE/1-56     1.14561654    2.01823873    2.22747621    1.60916935    2.01472290    2.00995574    1.80606681    1.86769622    1.84943235    1.68125826    1.97552309    1.68488904    1.24920101    0.69890248    0.54653475    0.69608905    0.67139419    0.00000000    0.93734415    1.67393502    1.71968801    1.79661167    1.28571331    1.27028985    1.14260314    1.21433485    1.33719287    1.57729548    1.61294885    1.55390835    1.94979604    1.64544962    1.28132644    1.05398163    1.05507956
K8E3V9_CARML/1-56     1.95462434    1.92137667    2.48836500    2.05040578    2.02286458    2.04340353    2.00199962    2.49838235    2.26206912    2.29805250    2.70922079    2.22127834    1.59367956    1.17207597    1.06728720    1.11095766    1.13715499    0.93734415    0.00000000    2.37120834    1.83171270    2.50435535    1.58377985    1.53971151    1.55837422    1.52414762    1.77993551    1.79045396    1.64189568    1.67747485    1.89039341    1.57443188    1.56954544    1.74454917    1.57388127
Q2FZS1_STAA8/1-57     1.82168368    1.58635962    2.29371748    2.66593771    3.26055267    3.18886459    2.45277366    1.89890755    2.26681826    2.00834301    2.75890292    1.82048433    2.16575801    1.67264021    1.69183655    1.69878800    2.11930221    1.67393502    2.37120834    0.00000000    1.49382922    0.48079955    1.10769314    1.59876021    1.40718293    1.18018294    1.44678518    1.29050818    1.43756504    1.23453034    1.44843584    1.53129406    1.49209182    1.40943315    1.62555415
C4L3T7_EXISA/1-52     2.09983930    2.29928762    2.85570070    3.03353455    2.71553414    3.67583450    2.65479985    2.59563811    2.97411602    2.56619760    2.40890370    2.05434135    2.63616380    1.48001808    1.70173482    1.85215185    1.80071629    1.71968801    1.83171270    1.49382922    0.00000000    1.19178557    1.52900342    1.76073234    1.56284219    1.76812885    1.69188903    1.56432567    1.47184756    1.85112742    2.05097019    1.38211022    1.54071924    1.30987925    1.37331697
Q5HQI3_STAEQ/1-57     1.79454346    1.62396919    2.19609730    3.00063608    3.23367608    3.37122320    2.55114300    2.06438176    2.38398737    2.26861663    2.32722165    1.97881874    2.24090541    1.35158633    1.57989107    1.91562336    1.96357625    1.79661167    2.50435535    0.48079955    1.19178557    0.00000000    1.14005219    1.65002533    1.41801238    1.50897301    1.72718309    1.51347506    1.74667460    1.09141696    1.69109614    1.32857899    1.45090153    1.41013320    1.23674713
F2F2X4_SOLSS/1-56     1.44789105    1.63735936    2.31092212    2.27805604    2.33055291    2.65667838    2.33844493    2.77326863    1.97093636    2.28055739    2.30502305    1.86821164    1.65281246    1.48554351    1.37941321    1.62686624    1.46060189    1.28571331    1.58377985    1.10769314    1.52900342    1.14005219    0.00000000    0.91836353    0.78656274    0.79604120    0.78110101    0.88256132    1.07413926    1.09290142    1.60325200    1.45367957    1.20477780    1.13088685    0.97834299
Q81GM4_BACCR/1-56     2.05528974    1.70561393    2.33281337    2.50043188    1.92027882    2.17908485    2.21194706    2.88808469    2.02517666    2.38299894    2.09550115    1.90498067    2.35457376    1.41348911    1.19940404    1.31809210    1.53180533    1.27028985    1.53971151    1.59876021    1.76073234    1.65002533    0.91836353    0.00000000    1.12148747    0.84698151    0.84799271    0.83005218    1.40329851    1.22288027    1.25174743    0.95374179    1.18019218    0.92485772    0.87972500
N0AWA5_9BACI/1-56     1.43969331    2.20057244    2.81715484    2.65541800    3.24390745    2.98833706    2.33741888    2.88671753    2.58072218    2.84357283    3.37409462    2.61689628    1.52101448    1.42577742    1.49171900    1.49535613    1.61632016    1.14260314    1.55837422    1.40718293    1.56284219    1.41801238    0.78656274    1.12148747    0.00000000    0.60525875    0.58027552    0.69499198    1.22285777    1.61774075    1.77673032    1.53576292    1.15795734    1.30998324    1.23887484
U5L9M6_9BACI/1-56     2.06273225    2.31482868    2.57326853    2.35581784    2.65850478    2.49161703    2.28643772    2.57675481    2.46827819    2.44146129    3.01457167    2.25261446    1.95039121    1.80816646    1.48408700    1.61089721    1.77073779    1.21433485    1.52414762    1.18018294    1.76812885    1.50897301    0.79604120    0.84698151    0.60525875    0.00000000    0.57493873    0.67474153    1.14712891    1.29811821    1.53823730    1.36958917    1.20920234    1.10277676    1.10479713
B7GLZ9_ANOFW/1-56     1.73549215    2.73265613    3.15124470    2.47245898    2.67465935    2.93301612    2.79203359    2.98251728    2.38592299    2.69992745    3.02613821    2.29141148    1.83736991    1.91285652    1.60932960    1.48212098    1.82265347    1.33719287    1.77993551    1.44678518    1.69188903    1.72718309    0.78110101    0.84799271    0.58027552    0.57493873    0.00000000    0.47010843    1.26485411    1.38770731    1.65516828    0.95944063    1.22075568    1.08267235    0.94156358
Q5L1U4_GEOKA/1-56     2.10014316    2.31305071    3.06305842    2.74553503    2.69812652    3.00257173    2.33794103    2.48449504    2.09428921    2.30151529    3.14651424    2.72206360    2.07300228    1.78036320    1.79232532    1.55907158    1.76334198    1.57729548    1.79045396    1.29050818    1.56432567    1.51347506    0.88256132    0.83005218    0.69499198    0.67474153    0.47010843    0.00000000    1.41825837    1.29541846    1.92717933    1.08349034    0.91902147    1.15664691    1.07434181
Q929G9_LISMO/1-56     1.57874328    2.01795896    2.53681984    3.14417429    2.79004807    2.14920354    2.55443283    3.58321194    2.68647045    2.75298247    3.14347190    2.53744645    2.00542245    1.72490088    1.66872947    1.77629326    1.72514046    1.61294885    1.64189568    1.43756504    1.47184756    1.74667460    1.07413926    1.40329851    1.22285777    1.14712891    1.26485411    1.41825837    0.00000000    1.19762932    1.45297957    1.55540137    1.43880744    1.40075944    1.26897068
Q8ERU9_OCEIH/1-56     1.68040408    1.93639987    2.78953281    2.54470089    2.98642589    3.06593207    2.57355272    2.96778220    2.34648755    2.13416555    2.53437997    1.91868085    2.09303705    1.65238438    1.71822645    1.77406251    1.56419019    1.55390835    1.67747485    1.23453034    1.85112742    1.09141696    1.09290142    1.22288027    1.61774075    1.29811821    1.38770731    1.29541846    1.19762932    0.00000000    1.12165839    1.34773393    1.31594282    1.25973899    1.33124872
I0JKH0_HALH3/1-56     1.99444158    2.44343276    2.81088715    2.89491079    2.43953279    3.00454895    2.71897610    3.98964943    3.12990583    3.24804157    2.26533954    2.01473576    2.21461115    2.10235263    1.82167524    2.08227844    2.31259913    1.94979604    1.89039341    1.44843584    2.05097019    1.69109614    1.60325200    1.25174743    1.77673032    1.53823730    1.65516828    1.92717933    1.45297957    1.12165839    0.00000000    1.26893427    1.37227686    1.25847677    1.59046000
D5E005_BACMQ/1-55     2.76219731    2.21758118    2.17355615    2.28877054    2.27025291    2.80010073    3.20523398    3.63148965    2.54287827    2.89120303    2.99146200    2.51658909    3.18814451    1.45010409    1.54425606    1.36931615    1.41899960    1.64544962    1.57443188    1.53129406    1.38211022    1.32857899    1.45367957    0.95374179    1.53576292    1.36958917    0.95944063    1.08349034    1.55540137    1.34773393    1.26893427    0.00000000    0.96592217    1.05273768    0.98369479
Q62WT1_BACLD/1-56     2.31448758    2.23538595    2.64428779    2.65279836    2.85122863    2.93568814    2.59460385    2.74926773    2.59044970    2.43244060    2.33664302    2.08269172    2.15493544    1.58191304    1.31343872    1.20978870    1.21052950    1.28132644    1.56954544    1.49209182    1.54071924    1.45090153    1.20477780    1.18019218    1.15795734    1.20920234    1.22075568    0.91902147    1.43880744    1.31594282    1.37227686    0.96592217    0.00000000    0.88398450    0.75113810
A8FBW8_BACP2/1-56     1.85928946    1.99832115    2.10966734    2.57425265    2.14898578    2.55230865    2.49606884    2.66412634    2.42038563    2.34107032    2.28942404    2.21781685    2.03335926    1.25329567    0.93391535    1.07596479    1.33561781    1.05398163    1.74454917    1.40943315    1.30987925    1.41013320    1.13088685    0.92485772    1.30998324    1.10277676    1.08267235    1.15664691    1.40075944    1.25973899    1.25847677    1.05273768    0.88398450    0.00000000    0.58089568
YJZD_BACSU/1-56     1.82172922    1.81659202    2.10439282    2.47030520    2.00886031    2.56581175    2.39508716    2.30351548    2.29280759    2.13374092    2.14069767    2.07146049    2.03849186    1.25092857    1.27618321    1.32610199    1.25706210    1.05507956    1.57388127    1.62555415    1.37331697    1.23674713    0.97834299    0.87972500    1.23887484    1.10479713    0.94156358    1.07434181    1.26897068    1.33124872    1.59046000    0.98369479    0.75113810    0.58089568    0.00000000

