70
C4KZK1_EXISA/29-159     0.00000000    0.79246929    0.80031447    1.34239838    1.90005639    1.37486151    3.26324804    2.90238820    2.80427073    2.88969184    2.95198783    2.79329827    2.94281338    2.81208397    2.81647656    3.09800997    3.41685078    3.07306754    3.23059867    3.90702767    3.21369302    2.58068082    2.80112621    2.60183880    2.54875398    3.07319923    2.87789179    2.50766836    3.19587893    3.04200344    2.46043766    2.38767942    2.09640622    2.64955160    2.40143902    2.45055484    2.14968341    2.88229149    2.95240380    2.15314028    4.13641821    4.40045895    4.03719843    3.71667784    3.66476212    3.90158970    3.01955910    3.01068555    4.00304896    3.04458541    3.46385980    3.93496430    4.26082853    2.62667571    2.58291414    1.39377009    1.80676919    0.86558631    0.93105155    0.90879968    1.07893935    0.94333056    1.05309766    1.06433277    1.06346841    0.83396137    0.84742286    0.95477331    0.84554937    0.92756466
U5LH45_9BACI/29-159     0.79246929    0.00000000    0.56174548    0.96901762    1.46556032    1.05835162    2.63787139    2.54351689    2.53814509    2.51650175    2.56072261    2.52847297    2.53640597    2.62447763    2.37007383    2.81116424    2.79445743    3.07340643    3.08181615    4.57069838    2.85565350    2.25656288    2.54592967    2.55196041    2.73781522    3.05875444    2.62017771    2.37529090    2.45699800    2.51374747    2.22146298    2.21875834    2.18809515    2.80779525    2.19475120    1.82046118    1.52783624    2.77825393    2.53238805    2.24146475    4.00315522    4.37196873    4.04178096    3.78075626    4.40890715    3.86976601    3.67845536    3.49563898    4.87535174    2.96606714    3.21258118    4.70636024    4.08515952    2.02199220    2.78309002    1.33030102    1.17784096    0.74280168    0.65035031    0.54554101    0.77919760    0.72250210    0.72347363    0.69091141    0.81112621    0.58673800    0.63390468    0.64912369    0.59453011    0.72036245
I0JLC4_HALH3/30-158     0.80031447    0.56174548    0.00000000    0.90482243    1.32188039    1.04002569    2.46595026    2.45469714    2.32670682    2.52328682    2.51289292    2.40275143    2.50720086    2.46677785    2.26956216    2.78693980    2.30459109    2.51849770    2.51049825    3.67719386    2.53096796    2.64343444    2.54901529    2.43067300    2.88915444    3.09065697    2.30974254    2.44364869    2.49337506    2.39574982    2.11155029    1.93123305    1.95284697    2.26366974    1.96141567    1.85261537    1.44105916    2.30721598    2.27211750    2.01240020    3.66682701    3.69404745    3.66838618    2.86292213    3.25994847    2.94452713    2.72886162    3.18813991    3.61719206    2.76534882    3.07223036    3.21964839    3.64100336    1.94668710    2.17832430    1.08277676    1.38518864    0.68041932    0.54659974    0.51827010    0.72611918    0.66288421    0.70621100    0.66950423    0.67495154    0.55418320    0.63027468    0.59146991    0.56520730    0.57956900
Q8ERP9_OCEIH/30-158     1.34239838    0.96901762    0.90482243    0.00000000    1.25143633    1.01404820    2.83101861    3.02940529    3.27946774    3.53643341    3.50129490    3.28715016    2.95518780    3.04182537    2.97525148    3.84497902    3.56295738    3.41491959    3.97934955    3.79805092    2.67061968    2.32820539    2.83263640    2.77013646    2.96546706    3.04243432    2.65749272    2.52484765    2.89280410    2.48713262    2.03279269    1.85526408    1.88366035    2.06917409    2.19887970    1.96333800    1.34451426    3.01340532    2.58772701    2.50946518    4.72137319    3.40885146    4.37003803    3.25823988    3.76643132    2.90293849    3.05392623    3.16810069    4.20359640    3.07639611    3.17257575    4.24398777    3.79247476    2.01188176    2.14438456    1.33645801    1.48723489    0.82121362    0.78573729    0.82816130    0.87177345    0.90049094    1.18268810    1.05398683    1.12318195    0.74282057    0.91694174    0.78171464    0.77698164    1.01305472
Q8R6R6_CALS4/30-158     1.90005639    1.46556032    1.32188039    1.25143633    0.00000000    1.07548325    2.66789832    2.84513337    2.65946563    2.81510288    2.86915500    2.54171953    2.55984531    2.47920653    2.42803875    2.88330989    2.82097754    2.96164540    3.32066417    3.76688658    2.56968982    2.60847210    2.91689258    2.90062112    2.88473675    3.54926593    2.84853123    2.68866061    3.14411660    2.24029142    2.29075949    1.95329184    2.12583172    2.43915932    2.76969886    2.41793182    1.47458619    3.44365222    3.30258465    2.58312494    5.35047572    3.77892353    4.67483084    4.18353322    4.84311721    4.03819191    4.50227760    4.40741265    5.10600153    4.15358452    3.55146059    5.45683768    4.58639432    2.48730217    3.17830351    1.81822742    1.90370245    1.42865061    1.26174510    1.28394758    1.40977416    1.50160265    1.71261918    1.50132296    1.44546720    1.16879594    1.25496050    1.25560675    1.20745333    1.46233951
U5LBB2_9BACI/30-158     1.37486151    1.05835162    1.04002569    1.01404820    1.07548325    0.00000000    2.21389948    2.58362355    2.43017128    2.59981834    2.42954751    2.22627968    2.20040013    2.24020566    2.21254337    3.04620495    2.90820947    2.70367672    3.18193807    3.88798281    2.23213126    2.45871359    2.53610579    2.54208511    2.93415974    2.88030311    2.25798089    2.32701112    2.46772499    2.40831542    2.25425364    2.10223719    1.65250090    1.90819549    1.83163253    1.83049596    1.55580427    2.66992147    2.69124966    2.44760234    4.01481505    3.63738885    4.41587778    3.58359119    4.36205634    3.38615652    3.11391555    2.87564020    4.29473623    2.78689241    3.74301101    4.78278395    3.71053213    2.45041408    3.01352981    1.55828141    1.59641688    0.96798827    1.07808646    0.99424142    1.02647501    1.10884349    1.20080745    1.11664585    1.21359374    1.03190515    1.12480354    1.06565111    1.05055003    1.13023296
D2S7H8_GEOOG/32-159     3.26324804    2.63787139    2.46595026    2.83101861    2.66789832    2.21389948    0.00000000    0.73307889    0.83609376    0.82416662    0.81922152    0.67777257    0.60349225    0.60429679    0.53220258    1.63417358    1.36141849    1.54356982    1.86198517    2.36856952    1.47287579    1.49061501    1.45331155    1.52257158    1.54255251    1.61957573    1.37688034    1.39328458    1.46351363    2.73996791    3.04679329    2.90751447    3.15548162    2.93543614    3.31945779    3.03117562    3.00308618    3.69663955    2.67349680    2.29857245    4.00192340    5.11178737    4.91179489    4.32870231    4.19306624    3.92890203    4.29104638    5.21193031    4.71777635    4.01537579    4.22842102    5.98551524    3.38186370    3.81770276    3.49983659    3.32570763    2.92668750    2.35243813    2.54492907    2.75442763    3.06925765    2.73725820    2.80944714    2.75689852    2.51451500    2.68005494    2.43319898    2.56880593    2.74267643    2.52345158
F4CQY6_PSEUX/34-159     2.90238820    2.54351689    2.45469714    3.02940529    2.84513337    2.58362355    0.73307889    0.00000000    0.49350699    0.62033353    0.58162448    0.48519500    0.43983791    0.42030890    0.56378825    1.48587914    1.59810403    1.89082699    1.68904087    2.50499391    1.80590471    1.35455494    1.41061152    1.52225445    1.41790178    1.46593621    1.47545521    1.44877455    1.35884891    3.29240540    2.79037082    3.13661144    2.78131636    3.12988738    3.15108042    3.10494681    3.22243927    3.31296894    2.64093848    2.80881446    4.09918809    4.85054191    3.85551935    3.61519614    3.91264660    3.86658370    3.72408110    4.34495410    3.89195333    3.91245516    3.81751376    4.06230426    3.13579267    3.36569042    3.94418097    2.79457717    2.96129716    2.44983710    2.44984119    2.50308455    2.86152086    2.93795625    2.99721715    2.80828898    2.87070673    2.74821965    2.35449843    2.33620465    2.64175627    2.34195259
G0G0W9_AMYMS/33-159     2.80427073    2.53814509    2.32670682    3.27946774    2.65946563    2.43017128    0.83609376    0.49350699    0.00000000    0.52106466    0.62926426    0.42700665    0.46801617    0.50936342    0.45241516    1.48523824    1.56552637    1.66274529    2.09061981    2.66484631    1.87134483    1.32484595    1.51699447    1.63646592    1.52446493    1.86909576    1.47850233    1.52967313    1.49648800    3.72255740    3.32718420    3.55037553    3.00849829    3.13330336    3.03645121    2.87328147    3.31562419    2.97233015    2.64846520    2.22935839    3.95085572    4.75692571    4.17385885    3.48050424    3.85720316    4.12574640    3.76697002    4.04973342    3.92941304    3.73315297    4.36182510    3.80362739    3.83300010    3.44287482    3.68179809    2.63052386    2.84720991    2.48944195    2.61754814    2.65656061    2.82860116    3.13626999    2.96102032    2.82359267    2.81834088    2.77577671    2.32800933    2.46281901    2.53922399    2.32922170
C6WNZ9_ACTMD/32-159     2.88969184    2.51650175    2.52328682    3.53643341    2.81510288    2.59981834    0.82416662    0.62033353    0.52106466    0.00000000    0.70332880    0.55120059    0.60156475    0.68533951    0.60614720    1.39916284    1.68760694    1.66100480    2.06151458    2.80985934    1.85348868    1.44811385    1.60903710    1.67800028    1.56977499    2.05632901    1.56490009    1.62665328    1.67867657    3.09199072    3.25517695    3.35264953    2.89377624    3.10373871    2.99634281    2.83403986    3.56316399    3.50742409    2.42556174    2.35822828    4.37090047    4.35204745    4.98195508    3.55129997    3.97323809    4.14226805    3.53166179    4.14213112    4.01648641    3.74203908    4.10355429    4.15010902    3.60704911    3.84251010    4.04238275    2.66770310    2.74976027    2.53286905    2.60072850    2.79611988    3.15952358    3.05416486    3.03840326    2.88755414    2.98202809    2.77873502    2.25177944    2.34404085    2.66981510    2.44328000
I0HE29_ACTM4/25-152     2.95198783    2.56072261    2.51289292    3.50129490    2.86915500    2.42954751    0.81922152    0.58162448    0.62926426    0.70332880    0.00000000    0.49443899    0.42164865    0.50674897    0.51553959    1.47798912    1.62440861    1.64392465    2.08918434    2.69025361    1.55830223    1.43575130    1.45865467    1.56327392    1.48427971    1.69684109    1.42431667    1.39938877    1.55094279    2.92129345    3.14822322    3.28900383    3.03547565    3.09475711    2.85313593    2.52222907    3.17087059    3.08134397    2.81968944    2.85863858    4.57201017    4.75824869    4.68917591    3.71738916    4.45777154    3.96496416    3.70142112    4.60154093    4.86084501    3.98249642    4.40354913    4.41642391    3.43925129    3.64391088    3.76747629    2.94062313    2.95317836    2.84242382    2.54581936    2.90312292    3.07853867    2.87642313    2.73582953    2.58566541    2.75404023    2.62082581    2.45802065    2.41835012    2.62389961    2.36593161
R4T4Y3_9PSEU/32-159     2.79329827    2.52847297    2.40275143    3.28715016    2.54171953    2.22627968    0.67777257    0.48519500    0.42700665    0.55120059    0.49443899    0.00000000    0.25340548    0.36767671    0.30852233    1.30775956    1.49450047    1.59900000    1.81425686    2.31528613    1.72375538    1.46685718    1.53888600    1.70600647    1.61202273    1.84646181    1.45436986    1.49007549    1.55314181    3.10452008    3.11529245    3.28549387    2.93258127    2.89099307    2.72345150    2.55228309    3.15250974    3.05454183    2.74688748    2.55504759    4.13115805    5.72813113    4.37188033    3.85183742    3.93443607    4.33972186    3.58399722    3.99116497    4.16811496    4.09922197    4.13310703    3.73225486    3.61312929    3.55615756    3.64217007    2.93644015    2.74397095    2.37409756    2.56739213    2.48141259    2.90824754    2.84002835    2.82642608    2.80130983    2.82069077    2.49587465    2.41888091    2.35740612    2.46100513    2.21448566
D9TEM7_MICAI/32-159     2.94281338    2.53640597    2.50720086    2.95518780    2.55984531    2.20040013    0.60349225    0.43983791    0.46801617    0.60156475    0.42164865    0.25340548    0.00000000    0.32696421    0.30027348    1.50835710    1.68199914    1.78375380    2.02236051    2.70167838    1.62287402    1.60302642    1.60148033    1.72567150    1.69231692    1.83939345    1.49603372    1.63460827    1.58744725    3.11429940    3.41049048    3.32636896    3.03789732    3.16299771    3.05599613    2.83947586    3.20768369    3.42601795    2.83988861    2.69547911    4.20594463    4.77050981    4.35473251    4.06206666    4.48536792    4.44096552    3.84207257    4.51139711    4.46675980    4.27355979    4.35476115    4.38710196    3.83345600    3.81288613    3.49265082    3.05962704    2.91894280    2.40954651    2.41833909    2.59350085    2.78791535    2.85620909    2.94058235    2.67532595    2.62347723    2.58995784    2.26160057    2.22875384    2.50610664    2.39548847
U5W1D9_9ACTN/33-159     2.81208397    2.62447763    2.46677785    3.04182537    2.47920653    2.24020566    0.60429679    0.42030890    0.50936342    0.68533951    0.50674897    0.36767671    0.32696421    0.00000000    0.26836001    1.45482106    1.60195786    1.79713995    1.96754876    2.35799711    1.75604388    1.41591630    1.50982759    1.60357014    1.57760727    1.76365893    1.50906610    1.48922064    1.60821468    3.46480032    3.08303643    3.29310603    2.86229769    3.16189093    3.03896815    3.00770207    2.97302268    3.33135171    2.74344499    2.86410397    4.39113634    5.94685473    4.41391984    4.01683193    4.01227278    4.34993023    4.02560297    4.64629065    4.31129316    4.42769354    4.36201127    4.05658367    4.09118456    3.62376467    4.17829358    3.03207112    2.94248311    2.51445601    2.42564476    2.62322772    2.90384700    2.98875461    2.91478099    2.80487443    2.79899248    2.71852747    2.26848577    2.34719768    2.63464253    2.45891572
D2PL56_KRIFD/33-159     2.81647656    2.37007383    2.26956216    2.97525148    2.42803875    2.21254337    0.53220258    0.56378825    0.45241516    0.60614720    0.51553959    0.30852233    0.30027348    0.26836001    0.00000000    1.42088345    1.41718570    1.61968215    1.99999808    2.58056304    1.68477148    1.45246680    1.48576053    1.59703224    1.56224775    1.92954268    1.46178358    1.43224669    1.46058539    3.22984441    3.14094368    3.09072520    2.61592907    3.03183710    3.03480624    2.86949786    2.85770929    3.16471402    2.76023267    2.52087988    4.29543032    5.24236370    4.35708180    3.79474386    4.31805540    4.12070285    4.04634088    4.59777134    3.94706194    4.25661541    4.24388746    4.11525094    4.14538371    3.60718663    3.50053574    3.04059369    2.81726131    2.36391691    2.33716526    2.45279831    2.82089868    2.80555146    2.80793235    2.49917708    2.61904847    2.49337155    2.12225924    2.36913965    2.53729907    2.20772520
W5WD48_9PSEU/30-159     3.09800997    2.81116424    2.78693980    3.84497902    2.88330989    3.04620495    1.63417358    1.48587914    1.48523824    1.39916284    1.47798912    1.30775956    1.50835710    1.45482106    1.42088345    0.00000000    0.80999470    0.90168101    1.54687464    2.20134971    1.89389268    1.42347863    1.37772431    1.49491599    1.52378752    1.93803263    1.33796013    1.36862315    1.33687181    4.15058416    3.63567103    3.36679856    4.20284459    4.17181753    3.71646790    3.69008769    3.90688691    4.04503534    3.18952700    2.99057527    4.31971611    4.67950972    4.34477020    4.55092079    4.71346996    5.21879470    3.80745107    4.34770073    7.05594695    4.53778179    3.38794381    4.41611480    4.36679111    4.06052203    6.10685832    3.07623099    3.80108940    2.95147979    3.27013164    2.98519768    3.27716887    3.58702529    3.67943748    3.71953273    3.78463315    3.31755727    3.13734820    2.87274734    3.32567874    2.97096121
Q93J05_STRCO/30-166     3.41685078    2.79445743    2.30459109    3.56295738    2.82097754    2.90820947    1.36141849    1.59810403    1.56552637    1.68760694    1.62440861    1.49450047    1.68199914    1.60195786    1.41718570    0.80999470    0.00000000    0.51772580    1.39836147    1.80928683    1.53595434    1.28272830    1.06239134    1.23315155    1.28089824    1.61116946    1.10331403    1.19018067    0.99757391    3.46019774    3.25112727    3.14549978    3.07950991    3.73671556    3.59531659    2.99446661    3.20387814    3.62641085    2.68782352    2.49428100    3.94927580    4.77771666    4.06360184    4.29075666    4.12551600    4.35924342    4.44001732    4.36249075    6.31015076    4.42393985    3.80248731    4.24467755    4.42666925    4.17228367    3.71334121    2.81236883    3.22057234    2.50901048    3.24152698    3.14559875    3.33167864    3.30091611    3.28509325    3.13390294    3.30611618    3.41908894    3.04524935    3.20854883    2.93338703    2.34725046
J7LE76_NOCAA/30-165     3.07306754    3.07340643    2.51849770    3.41491959    2.96164540    2.70367672    1.54356982    1.89082699    1.66274529    1.66100480    1.64392465    1.59900000    1.78375380    1.79713995    1.61968215    0.90168101    0.51772580    0.00000000    1.78169843    2.09982412    1.91372364    1.66787838    1.41249853    1.50788201    1.38894664    1.90279593    1.42151916    1.43641767    1.41981190    3.84521399    3.42013114    3.15262325    3.21704860    3.49525185    3.37092030    3.21151108    3.21619198    3.17180975    2.93311357    2.17216162    4.05580397    4.92661662    4.89790534    4.55422096    4.39950414    4.50899998    4.56036027    3.91677142    5.75280808    4.03198063    3.06588710    3.68243547    4.37233683    3.79879576    4.71085406    2.75208167    3.23448333    2.76088357    3.34278246    3.43508779    3.43640000    3.35173634    3.24430153    3.22147759    3.15445991    3.45179214    3.07985362    3.15120447    2.78942684    2.52727512
D5UD15_CELFN/29-158     3.23059867    3.08181615    2.51049825    3.97934955    3.32066417    3.18193807    1.86198517    1.68904087    2.09061981    2.06151458    2.08918434    1.81425686    2.02236051    1.96754876    1.99999808    1.54687464    1.39836147    1.78169843    0.00000000    1.75523848    1.79511173    1.77578675    1.72192655    2.06368031    1.89290199    2.29723641    1.55922546    1.77564272    1.59580603    2.95394511    3.05058460    3.86779188    3.20420140    4.24825547    3.84946260    3.62836814    3.89140531    4.38616041    3.91216684    3.07415690    5.16568504    4.76475647    4.10850935    4.50678317    3.67955654    4.34181293    4.05294861    4.31745464    8.08630385    3.74463010    3.80711044    3.83092522    5.34047024    3.87702670    6.37569103    3.28356474    3.55670805    3.23171232    3.13909542    2.98879300    3.70910576    3.98489535    4.05973302    3.43525886    3.95312312    3.35851047    3.04789772    2.96728617    2.86346854    2.92289536
D6ZGU9_MOBCV/35-160     3.90702767    4.57069838    3.67719386    3.79805092    3.76688658    3.88798281    2.36856952    2.50499391    2.66484631    2.80985934    2.69025361    2.31528613    2.70167838    2.35799711    2.58056304    2.20134971    1.80928683    2.09982412    1.75523848    0.00000000    2.56863687    2.58572138    2.36180373    2.61331033    2.54980560    2.36660376    2.65846592    2.26774182    2.59174574    3.45196264    4.19702113    3.19034641    4.06140921    3.88457785    4.50271117    4.87249569    3.95446193    3.93420177    3.48000431    3.33830402    5.56184970    6.11369019    4.87725427    4.13340555    4.17451507    4.93027565    4.09301157    5.10312737    6.16668233    3.56985678    3.14300767    4.43339360    3.99908218    4.53688795    5.31235826    3.49494597    3.42237239    3.81358863    3.77934615    4.06888103    3.71210304    4.19367010    4.39189533    4.30403579    3.88642535    4.05806344    4.29443004    3.87764782    3.45995221    4.12582207
D1BTM3_XYLCX/50-175     3.21369302    2.85565350    2.53096796    2.67061968    2.56968982    2.23213126    1.47287579    1.80590471    1.87134483    1.85348868    1.55830223    1.72375538    1.62287402    1.75604388    1.68477148    1.89389268    1.53595434    1.91372364    1.79511173    2.56863687    0.00000000    1.34298563    1.21294122    1.41199728    1.42889784    1.71423497    1.24665242    1.38090635    1.13004188    2.53364998    3.08274600    2.39372653    2.85159666    3.37124631    2.82216026    2.81157898    2.91411251    3.21631680    3.28334234    3.09355423    4.14866748    3.46339504    5.05604364    4.33710096    3.90051207    3.93155134    4.85238893    5.08027246    7.37398156    3.22709401    3.90621908    4.89945615    5.27730976    3.90559971    3.29156134    3.13855527    2.85069856    2.84118039    2.62060199    2.73054817    2.92589747    3.11239352    3.13302513    2.94755314    2.90680369    2.74979179    2.61175054    2.55372496    2.50791384    2.37577381
F4H709_CELFA/30-165     2.58068082    2.25656288    2.64343444    2.32820539    2.60847210    2.45871359    1.49061501    1.35455494    1.32484595    1.44811385    1.43575130    1.46685718    1.60302642    1.41591630    1.45246680    1.42347863    1.28272830    1.66787838    1.77578675    2.58572138    1.34298563    0.00000000    0.71377847    0.77618581    0.82856319    1.32108930    0.75469817    0.63575536    0.59430200    2.92575633    2.72043879    2.81622715    2.79293073    2.87700720    2.87867823    2.40094922    2.86651067    3.20002021    3.15725901    2.73111866    5.13075381    4.39548123    4.35588424    3.88324599    4.27646575    4.40648077    4.04733402    3.59599813    6.47451201    4.30222833    4.14926062    4.82384687    3.41486768    3.37026484    4.49845542    2.65046688    2.69898695    2.22826402    2.61662545    2.78477631    2.97126022    2.77613174    2.67690718    2.64143615    2.81636911    2.65651005    2.46107930    2.51350038    2.67695193    2.61798855
A4F765_SACEN/30-162     2.80112621    2.54592967    2.54901529    2.83263640    2.91689258    2.53610579    1.45331155    1.41061152    1.51699447    1.60903710    1.45865467    1.53888600    1.60148033    1.50982759    1.48576053    1.37772431    1.06239134    1.41249853    1.72192655    2.36180373    1.21294122    0.71377847    0.00000000    0.28149193    0.41206185    0.88985527    0.37224888    0.38880481    0.58986452    3.01304820    2.75250194    3.06621791    2.77039937    3.48446500    3.04873941    3.12223423    3.30916972    3.91980889    2.68919817    2.33114523    4.17073224    3.26472431    3.71560015    3.30535652    3.58349854    3.70798385    3.87805135    3.55831869    4.99014382    3.75621893    3.24078525    4.55323359    3.09691834    3.58677097    3.85993971    3.04474772    3.23873484    2.55302767    3.00682974    3.19659194    3.68957392    3.30830492    2.90563423    2.74133267    3.21382356    3.21455444    2.72138194    2.89277477    3.11366480    2.39536713
A0JTF2_ARTS2/30-166     2.60183880    2.55196041    2.43067300    2.77013646    2.90062112    2.54208511    1.52257158    1.52225445    1.63646592    1.67800028    1.56327392    1.70600647    1.72567150    1.60357014    1.59703224    1.49491599    1.23315155    1.50788201    2.06368031    2.61331033    1.41199728    0.77618581    0.28149193    0.00000000    0.43061111    0.90156599    0.49185235    0.44153169    0.71884989    2.62985289    2.52451552    2.91011678    3.02201863    3.05172551    2.73066406    2.58517718    2.92242629    3.73966291    2.83082307    2.17498072    4.38149844    3.48835692    3.94762286    3.59867195    3.56763503    3.90428403    3.86331231    3.38079636    4.64829393    3.83077349    2.97447950    4.65071243    2.57225922    3.51653920    3.62231233    3.04554002    3.40244272    2.59435695    2.80070935    3.01090844    3.32565445    3.01714610    2.71015160    2.82697988    2.61160774    3.04371683    2.68496155    2.94449953    2.98054548    2.55947710
D5UCW8_CELFN/30-162     2.54875398    2.73781522    2.88915444    2.96546706    2.88473675    2.93415974    1.54255251    1.41790178    1.52446493    1.56977499    1.48427971    1.61202273    1.69231692    1.57760727    1.56224775    1.52378752    1.28089824    1.38894664    1.89290199    2.54980560    1.42889784    0.82856319    0.41206185    0.43061111    0.00000000    0.93240232    0.47642112    0.48037745    0.76941015    2.89551691    2.78219372    3.18378975    3.27788150    3.21743577    3.12648281    2.76382298    3.11061623    3.64209245    2.82256430    2.24774325    4.43420006    3.15882353    4.24298360    3.64629847    3.56518201    4.21879655    4.27330745    3.88871086    4.70296267    3.73673598    3.30005534    4.47036265    3.17346943    3.55935233    3.67223368    2.98034925    3.43013591    2.74922354    3.07385819    3.21675356    3.88295426    3.40302052    2.96519453    3.00240798    3.28649306    3.27395624    2.83796575    3.10590682    3.14101574    2.70689232
E1VUS7_GLUAR/35-167     3.07319923    3.05875444    3.09065697    3.04243432    3.54926593    2.88030311    1.61957573    1.46593621    1.86909576    2.05632901    1.69684109    1.84646181    1.83939345    1.76365893    1.92954268    1.93803263    1.61116946    1.90279593    2.29723641    2.36660376    1.71423497    1.32108930    0.88985527    0.90156599    0.93240232    0.00000000    1.00080840    0.97123199    1.20524326    3.05197622    3.01969789    3.26427718    3.47096355    3.22419280    2.98629721    3.16042348    3.26630692    3.98740046    2.99186367    2.79623928    4.18486500    3.89266855    4.78107023    3.81433194    4.07271217    4.99537919    4.25905458    3.90286090    6.40363741    3.82032195    3.03052950    4.72106703    3.31837333    3.74854404    4.92428133    3.06606954    3.94961524    2.67577622    2.91369420    2.95098924    4.18665839    3.40621203    3.32454889    3.24972380    3.31196301    3.21690343    2.95843545    3.04990545    3.15385633    2.93893140
C9YYM5_STRSW/30-165     2.87789179    2.62017771    2.30974254    2.65749272    2.84853123    2.25798089    1.37688034    1.47545521    1.47850233    1.56490009    1.42431667    1.45436986    1.49603372    1.50906610    1.46178358    1.33796013    1.10331403    1.42151916    1.55922546    2.65846592    1.24665242    0.75469817    0.37224888    0.49185235    0.47642112    1.00080840    0.00000000    0.32402612    0.68102038    3.17569603    2.45744441    3.05207543    2.96025308    3.07474448    2.67796882    2.84367894    2.96104290    3.50516336    2.72641879    2.38443253    3.66943271    3.13028421    3.63140919    3.13702039    3.81667840    3.52349459    3.63392217    3.46197951    5.11193302    4.01653671    3.30406798    4.34955451    3.22533432    3.08431904    3.75648961    3.09093846    3.62625824    2.40645693    2.82802016    2.96594720    3.20714184    3.04188251    2.80713742    2.88509682    3.24946806    2.91231081    2.75135410    2.93113862    2.79083987    2.38290619
B5HBW1_STRE2/121-256     2.50766836    2.37529090    2.44364869    2.52484765    2.68866061    2.32701112    1.39328458    1.44877455    1.52967313    1.62665328    1.39938877    1.49007549    1.63460827    1.48922064    1.43224669    1.36862315    1.19018067    1.43641767    1.77564272    2.26774182    1.38090635    0.63575536    0.38880481    0.44153169    0.48037745    0.97123199    0.32402612    0.00000000    0.68427773    2.84752086    2.36651494    3.05333411    2.87183626    2.99776253    2.91483698    2.86526967    2.86111854    3.34111894    3.08092126    2.30920601    4.59142904    3.53417840    3.79278705    3.31493487    4.05713174    3.73583487    3.87190569    3.34429284    5.33585357    4.00285464    3.09316143    4.36730273    2.95062485    3.27915755    3.65066601    2.97345928    2.99356620    2.30280035    2.54441041    2.67841188    3.04546499    2.91577795    2.72309693    2.76938532    3.03920790    2.79633491    2.51494510    2.72449239    2.63945706    2.52268863
C5BUS6_BEUC1/30-165     3.19587893    2.45699800    2.49337506    2.89280410    3.14411660    2.46772499    1.46351363    1.35884891    1.49648800    1.67867657    1.55094279    1.55314181    1.58744725    1.60821468    1.46058539    1.33687181    0.99757391    1.41981190    1.59580603    2.59174574    1.13004188    0.59430200    0.58986452    0.71884989    0.76941015    1.20524326    0.68102038    0.68427773    0.00000000    3.15596594    3.19303352    3.68715480    3.02621767    3.34842144    3.16583733    3.01015809    3.28613261    3.71820258    2.64693914    2.70184310    4.49235932    4.36096820    4.26490548    3.95555765    4.82796669    5.20704440    4.50618568    4.35439881    6.54580869    4.41860888    4.26783576    5.36747810    3.54500579    3.59246124    4.05221463    2.99554179    2.99834452    2.55393313    2.83780583    2.87786073    3.04552201    2.99734987    2.91575124    2.59890504    3.00139304    3.17707997    2.75525669    2.92406439    2.91927658    2.51302053
C7N5K4_SLAHD/31-159     3.04200344    2.51374747    2.39574982    2.48713262    2.24029142    2.40831542    2.73996791    3.29240540    3.72255740    3.09199072    2.92129345    3.10452008    3.11429940    3.46480032    3.22984441    4.15058416    3.46019774    3.84521399    2.95394511    3.45196264    2.53364998    2.92575633    3.01304820    2.62985289    2.89551691    3.05197622    3.17569603    2.84752086    3.15596594    0.00000000    1.67662048    1.58274024    2.07830600    2.09812539    1.88341118    1.78350677    1.95500860    4.13020591    2.48284802    2.17139178    4.98607930    3.41265862    3.98240512    3.21771611    2.98319323    3.52998103    3.66997332    5.12736015    4.22707904    2.30689396    3.20691735    3.91492612    3.53710355    3.54922633    3.80505990    2.71069351    3.03599526    2.55191633    2.29523817    2.43642409    2.76597934    2.57684608    3.03482535    2.89264903    2.50871444    2.38511494    2.24463731    2.22074964    2.35624498    2.52399097
C4ZHR8_AGARV/31-159     2.46043766    2.22146298    2.11155029    2.03279269    2.29075949    2.25425364    3.04679329    2.79037082    3.32718420    3.25517695    3.14822322    3.11529245    3.41049048    3.08303643    3.14094368    3.63567103    3.25112727    3.42013114    3.05058460    4.19702113    3.08274600    2.72043879    2.75250194    2.52451552    2.78219372    3.01969789    2.45744441    2.36651494    3.19303352    1.67662048    0.00000000    0.99058637    1.61478408    1.92440752    1.82444603    1.74660051    1.46109394    3.23988406    3.00637904    2.93672397    4.11829401    4.30768332    3.52013509    3.29452918    3.46221193    3.37687054    3.48132913    4.27427261    4.75951122    3.06280044    3.51066970    3.66378549    2.85829573    2.41068444    2.98464671    2.24926140    2.98290866    2.26306733    2.05280547    2.13209054    2.47428240    2.42133452    2.15053693    2.31951294    2.25072473    2.13009676    1.96427956    2.06128666    1.89031083    2.18025742
G4L056_OSCVS/31-159     2.38767942    2.21875834    1.93123305    1.85526408    1.95329184    2.10223719    2.90751447    3.13661144    3.55037553    3.35264953    3.28900383    3.28549387    3.32636896    3.29310603    3.09072520    3.36679856    3.14549978    3.15262325    3.86779188    3.19034641    2.39372653    2.81622715    3.06621791    2.91011678    3.18378975    3.26427718    3.05207543    3.05333411    3.68715480    1.58274024    0.99058637    0.00000000    1.76698045    1.56158785    1.66421091    1.62907856    1.21318775    2.42778472    2.90371872    2.80722332    5.25398022    4.20179162    4.71630500    3.15309163    3.64424303    2.78325174    4.00718035    5.30620971    3.97393261    2.94247492    3.68678735    4.14002838    3.39708686    2.42036815    2.89202837    2.00774539    2.87330059    2.02184374    1.83753975    1.98299814    1.89913709    2.05185875    1.96711968    1.99504065    2.01681503    1.78043555    1.83062506    1.84708789    1.80125454    2.17103969
G2SX72_ROSHA/31-159     2.09640622    2.18809515    1.95284697    1.88366035    2.12583172    1.65250090    3.15548162    2.78131636    3.00849829    2.89377624    3.03547565    2.93258127    3.03789732    2.86229769    2.61592907    4.20284459    3.07950991    3.21704860    3.20420140    4.06140921    2.85159666    2.79293073    2.77039937    3.02201863    3.27788150    3.47096355    2.96025308    2.87183626    3.02621767    2.07830600    1.61478408    1.76698045    0.00000000    1.83914892    1.68375949    1.99198444    1.53012065    3.02958785    3.11981965    3.04151754    4.91593540    3.44243150    3.66067047    2.71528958    3.64589967    3.45264469    2.93491487    3.51089140    4.44789553    2.59863562    4.56634443    3.73538574    3.44649435    2.33958683    3.03721751    1.96472376    2.62784590    2.08857375    1.86078897    2.02473331    2.17297422    2.45651262    2.21825107    2.12411330    2.20662057    1.97009724    1.97484312    2.32198844    1.98893788    1.93029385
E6K067_PARDN/34-164     2.64955160    2.80779525    2.26366974    2.06917409    2.43915932    1.90819549    2.93543614    3.12988738    3.13330336    3.10373871    3.09475711    2.89099307    3.16299771    3.16189093    3.03183710    4.17181753    3.73671556    3.49525185    4.24825547    3.88457785    3.37124631    2.87700720    3.48446500    3.05172551    3.21743577    3.22419280    3.07474448    2.99776253    3.34842144    2.09812539    1.92440752    1.56158785    1.83914892    0.00000000    1.15510480    1.13957135    1.67976795    2.67683567    2.87723481    2.62392979    4.49309450    4.52729218    4.68389094    2.85613856    3.60289774    3.67062524    3.36083473    3.80633713    4.35587473    2.60540042    3.80183306    3.49193074    2.53822236    2.25704423    3.43558000    2.24062859    2.52983304    2.52775973    2.43073489    2.47239558    2.43275312    2.70231248    2.47651290    2.63671378    2.22540185    2.24019440    2.47541834    2.63816443    2.24074797    2.31342851
R6GUV2_9FIRM/31-161     2.40143902    2.19475120    1.96141567    2.19887970    2.76969886    1.83163253    3.31945779    3.15108042    3.03645121    2.99634281    2.85313593    2.72345150    3.05599613    3.03896815    3.03480624    3.71646790    3.59531659    3.37092030    3.84946260    4.50271117    2.82216026    2.87867823    3.04873941    2.73066406    3.12648281    2.98629721    2.67796882    2.91483698    3.16583733    1.88341118    1.82444603    1.66421091    1.68375949    1.15510480    0.00000000    0.47648996    1.72428366    2.98756224    2.39293985    2.14026315    3.79551219    4.00477853    4.55613494    2.87791859    3.38617170    3.05073572    3.44287056    3.33267981    4.56607133    2.22953885    3.63140076    3.29275762    3.58872861    2.35980221    2.84570703    2.23933015    2.87107570    2.05426485    2.13589740    2.12982735    2.27922851    2.36763781    2.15728754    2.38783326    2.17766946    2.04692379    1.98968197    2.29015764    2.03852851    2.18450543
R5D4R2_9FIRM/31-161     2.45055484    1.82046118    1.85261537    1.96333800    2.41793182    1.83049596    3.03117562    3.10494681    2.87328147    2.83403986    2.52222907    2.55228309    2.83947586    3.00770207    2.86949786    3.69008769    2.99446661    3.21151108    3.62836814    4.87249569    2.81157898    2.40094922    3.12223423    2.58517718    2.76382298    3.16042348    2.84367894    2.86526967    3.01015809    1.78350677    1.74660051    1.62907856    1.99198444    1.13957135    0.47648996    0.00000000    1.64196120    2.67765444    2.31986263    2.23120084    3.66969006    3.98972585    3.87846154    2.78827427    3.03982600    2.90469859    3.22974237    3.21088264    4.60977436    2.37204974    3.87863363    3.68899984    3.87832041    2.30726299    2.75799105    2.37469392    2.46864051    1.80992619    2.01637671    2.04777637    2.33758049    2.47401097    2.27888905    2.28415685    2.00423781    1.88601781    1.88532788    1.94474050    2.04060744    2.29473631
R5XR35_9CLOT/31-159     2.14968341    1.52783624    1.44105916    1.34451426    1.47458619    1.55580427    3.00308618    3.22243927    3.31562419    3.56316399    3.17087059    3.15250974    3.20768369    2.97302268    2.85770929    3.90688691    3.20387814    3.21619198    3.89140531    3.95446193    2.91411251    2.86651067    3.30916972    2.92242629    3.11061623    3.26630692    2.96104290    2.86111854    3.28613261    1.95500860    1.46109394    1.21318775    1.53012065    1.67976795    1.72428366    1.64196120    0.00000000    2.72658790    2.92594658    2.52914031    4.91228165    4.88346369    4.71426317    3.51097262    4.43073759    3.38627955    4.00757616    4.07669937    5.27984941    3.26144098    3.34798919    4.92478772    4.32235345    2.28209138    2.68679167    1.95369100    2.30099567    1.73859836    1.65668834    1.57674853    1.80839028    1.90644564    1.84045780    1.69174456    1.41533968    1.42754777    1.37492785    1.63718992    1.48353133    1.66376697
L0FAF6_DESDL/79-204     2.88229149    2.77825393    2.30721598    3.01340532    3.44365222    2.66992147    3.69663955    3.31296894    2.97233015    3.50742409    3.08134397    3.05454183    3.42601795    3.33135171    3.16471402    4.04503534    3.62641085    3.17180975    4.38616041    3.93420177    3.21631680    3.20002021    3.91980889    3.73966291    3.64209245    3.98740046    3.50516336    3.34111894    3.71820258    4.13020591    3.23988406    2.42778472    3.02958785    2.67683567    2.98756224    2.67765444    2.72658790    0.00000000    3.75469028    3.21737595    2.92731600    3.22112635    3.66610063    2.82627153    3.17525484    2.62364150    3.05466069    3.06008775    3.32965036    2.99917860    3.77512283    2.55825442    4.52778768    2.61818436    2.93704751    2.72668848    3.47798963    3.09266706    2.69915834    2.51739696    2.81949747    2.85185845    3.12715024    2.56463305    3.09011636    2.71761505    2.81019328    2.83553043    2.63407043    3.06260509
R6U135_9FIRM/30-163     2.95240380    2.53238805    2.27211750    2.58772701    3.30258465    2.69124966    2.67349680    2.64093848    2.64846520    2.42556174    2.81968944    2.74688748    2.83988861    2.74344499    2.76023267    3.18952700    2.68782352    2.93311357    3.91216684    3.48000431    3.28334234    3.15725901    2.68919817    2.83082307    2.82256430    2.99186367    2.72641879    3.08092126    2.64693914    2.48284802    3.00637904    2.90371872    3.11981965    2.87723481    2.39293985    2.31986263    2.92594658    3.75469028    0.00000000    1.21367524    3.07464189    3.76425066    3.03634424    2.83989021    2.96740128    2.88047504    2.47266313    2.65303186    3.49370204    2.60632805    3.01291367    2.92119996    3.67213254    2.85680962    2.90650344    2.50836146    3.27653083    2.30134055    2.45584657    2.28297212    2.59600192    2.89111191    2.96744149    2.66605993    2.36405130    2.26754677    2.48346637    2.37894407    2.58888052    2.41564069
