29
Q20XT8_RHOPB/37-122     0.00000000    0.38774672    0.46484174    0.51098031    0.48523921    0.45587516    0.70452610    0.52220870    0.41180428    0.47875827    0.53525451    0.75366730    0.61689504    0.76196322    0.57333498    0.50408026    0.58220780    0.54423241    0.56203587    0.55503017    0.62901988    0.43735840    0.51020671    0.52152147    0.45764046    0.59397711    0.45293264    0.60901486    0.55679361
L0E226_THIND/8-93     0.38774672    0.00000000    0.26962259    0.27611952    0.28482994    0.38930443    0.61836274    0.45855346    0.33044193    0.37553183    0.45985658    0.57564645    0.43526459    0.54294802    0.43075360    0.56898726    0.54937366    0.56335312    0.53075121    0.38383894    0.49864594    0.47032065    0.43556600    0.43506581    0.38909385    0.45303652    0.45187984    0.60108112    0.48144654
Q3SJY3_THIDA/15-100     0.46484174    0.26962259    0.00000000    0.32712910    0.27980328    0.34564162    0.62494657    0.51341292    0.36789181    0.40659022    0.59372564    0.69514926    0.50919846    0.77898104    0.59908882    0.64189811    0.63644241    0.53357028    0.53300425    0.55606007    0.53697328    0.44771468    0.44506066    0.46639926    0.43796800    0.48512373    0.53345533    0.56359758    0.48057295
H0Q5M1_9RHOO/35-120     0.51098031    0.27611952    0.32712910    0.00000000    0.37277883    0.35858758    0.61321351    0.52785274    0.42050636    0.45819645    0.65626854    0.63044714    0.55575721    0.64699275    0.61586131    0.54803755    0.57657368    0.54110414    0.53123920    0.41517574    0.52181938    0.47146193    0.40426077    0.50811090    0.44074845    0.44728475    0.57646397    0.55412998    0.48547205
G2IZX8_PSEUL/2-81     0.48523921    0.28482994    0.27980328    0.37277883    0.00000000    0.39820191    0.61903062    0.49330602    0.31510628    0.34698111    0.60844855    0.69490138    0.54463718    0.71032067    0.54210724    0.58345384    0.63531741    0.52639315    0.58305113    0.47866995    0.48492691    0.49000565    0.49680181    0.53126919    0.46853625    0.50154437    0.48500171    0.50097021    0.50732957
G7UT74_PSEUP/17-102     0.45587516    0.38930443    0.34564162    0.35858758    0.39820191    0.00000000    0.54761731    0.44771384    0.33108014    0.46580947    0.59395006    0.63688324    0.56190395    0.67882839    0.53809444    0.54929492    0.52436979    0.54191599    0.50753662    0.43376650    0.50859467    0.45785847    0.38294782    0.49536142    0.39055754    0.42045515    0.45333674    0.45523097    0.58433081
D2UD47_XANAP/108-192     0.70452610    0.61836274    0.62494657    0.61321351    0.61903062    0.54761731    0.00000000    0.66809745    0.58585996    0.68438859    0.80085883    0.87104103    0.87855233    1.09190571    0.86486284    0.94298956    0.92689625    0.81831676    0.78775284    0.65299855    0.69820895    0.72551636    0.70142358    0.68897098    0.74433855    0.72632589    0.72840948    0.75753625    0.65977448
A9HNT2_GLUDA/15-100     0.52220870    0.45855346    0.51341292    0.52785274    0.49330602    0.44771384    0.66809745    0.00000000    0.40991996    0.43858940    0.46182825    0.55527211    0.58127043    0.67646592    0.51519475    0.61985072    0.56589283    0.57825196    0.51376213    0.53775028    0.48055018    0.52519842    0.59727961    0.48776595    0.58825765    0.61746363    0.53049682    0.51668880    0.63581386
E3I7K0_RHOVT/6-91     0.41180428    0.33044193    0.36789181    0.42050636    0.31510628    0.33108014    0.58585996    0.40991996    0.00000000    0.40261185    0.54800917    0.63911024    0.56609162    0.68744918    0.56945895    0.48648577    0.54471087    0.44301656    0.50645265    0.36323668    0.52835888    0.47682219    0.46519182    0.46045552    0.45504118    0.46850253    0.44692850    0.49429601    0.57233273
J7QWM1_METSZ/21-106     0.47875827    0.37553183    0.40659022    0.45819645    0.34698111    0.46580947    0.68438859    0.43858940    0.40261185    0.00000000    0.43439936    0.58853902    0.49060781    0.67247912    0.45600779    0.57510882    0.51519385    0.53420278    0.45091840    0.39108614    0.46214862    0.43060897    0.37239768    0.35124614    0.40715242    0.47245198    0.53016618    0.47997579    0.51762465
C5AKS0_BURGB/39-124     0.53525451    0.45985658    0.59372564    0.65626854    0.60844855    0.59395006    0.80085883    0.46182825    0.54800917    0.43439936    0.00000000    0.52059594    0.33759502    0.42448506    0.27472387    0.42147878    0.52679731    0.54176977    0.46834166    0.49344313    0.42992568    0.52178287    0.56930400    0.42640017    0.47845548    0.70371399    0.69964100    0.65922006    0.63582275
E5AQ83_MYCRK/49-134     0.75366730    0.57564645    0.69514926    0.63044714    0.69490138    0.63688324    0.87104103    0.55527211    0.63911024    0.58853902    0.52059594    0.00000000    0.49152518    0.52419067    0.42383122    0.67191948    0.62779898    0.59900282    0.59393301    0.56818542    0.61449467    0.66852565    0.65804618    0.54582927    0.55208243    0.65644272    0.76234111    0.70166981    0.67428570
Q0K4J4_CUPNH/24-109     0.61689504    0.43526459    0.50919846    0.55575721    0.54463718    0.56190395    0.87855233    0.58127043    0.56609162    0.49060781    0.33759502    0.49152518    0.00000000    0.43928017    0.33613099    0.55473352    0.48969817    0.51200875    0.47185996    0.49749618    0.48196048    0.56047809    0.50176888    0.38507509    0.42602111    0.61228931    0.76189584    0.76004714    0.62318957
B2JMX7_PARP8/55-140     0.76196322    0.54294802    0.77898104    0.64699275    0.71032067    0.67882839    1.09190571    0.67646592    0.68744918    0.67247912    0.42448506    0.52419067    0.43928017    0.00000000    0.36869901    0.55291621    0.48823834    0.47160029    0.51232966    0.60584920    0.55390797    0.59701914    0.65705440    0.61184646    0.60862316    0.86033040    0.92075064    0.84274469    0.72035901
Q63I61_BURPS/38-123     0.57333498    0.43075360    0.59908882    0.61586131    0.54210724    0.53809444    0.86486284    0.51519475    0.56945895    0.45600779    0.27472387    0.42383122    0.33613099    0.36869901    0.00000000    0.40627658    0.53363637    0.55078895    0.55770364    0.46489383    0.35604342    0.44817606    0.56720204    0.48068181    0.46046673    0.60700743    0.63805460    0.66064088    0.65562153
H1YDH1_9SPHI/14-99     0.50408026    0.56898726    0.64189811    0.54803755    0.58345384    0.54929492    0.94298956    0.61985072    0.48648577    0.57510882    0.42147878    0.67191948    0.55473352    0.55291621    0.40627658    0.00000000    0.35501763    0.31475431    0.48456168    0.49758403    0.46865728    0.51380009    0.52275656    0.57799250    0.47195948    0.62247301    0.59258754    0.49010467    0.53030014
C7PCX5_CHIPD/22-107     0.58220780    0.54937366    0.63644241    0.57657368    0.63531741    0.52436979    0.92689625    0.56589283    0.54471087    0.51519385    0.52679731    0.62779898    0.48969817    0.48823834    0.53363637    0.35501763    0.00000000    0.26120877    0.42531239    0.47254588    0.59677569    0.43493057    0.43900171    0.47267772    0.46364004    0.60211840    0.62022158    0.67002716    0.54195518
G8T6U8_NIAKG/39-124     0.54423241    0.56335312    0.53357028    0.54110414    0.52639315    0.54191599    0.81831676    0.57825196    0.44301656    0.53420278    0.54176977    0.59900282    0.51200875    0.47160029    0.55078895    0.31475431    0.26120877    0.00000000    0.36353484    0.52407461    0.58422560    0.47599922    0.49078158    0.46901467    0.47071458    0.53455313    0.59443600    0.60885954    0.45158327
F8JIR1_HYPSM/33-118     0.56203587    0.53075121    0.53300425    0.53123920    0.58305113    0.50753662    0.78775284    0.51376213    0.50645265    0.45091840    0.46834166    0.59393301    0.47185996    0.51232966    0.55770364    0.48456168    0.42531239    0.36353484    0.00000000    0.46205815    0.54715729    0.46911311    0.49919384    0.38814399    0.51112123    0.64284659    0.65731415    0.66588453    0.59312874
A6X6Y9_OCHA4/6-91     0.55503017    0.38383894    0.55606007    0.41517574    0.47866995    0.43376650    0.65299855    0.53775028    0.36323668    0.39108614    0.49344313    0.56818542    0.49749618    0.60584920    0.46489383    0.49758403    0.47254588    0.52407461    0.46205815    0.00000000    0.44633713    0.40071074    0.35989219    0.43119952    0.37936183    0.48019135    0.55117052    0.53132081    0.62433049
B8EJA8_METSB/6-91     0.62901988    0.49864594    0.53697328    0.52181938    0.48492691    0.50859467    0.69820895    0.48055018    0.52835888    0.46214862    0.42992568    0.61449467    0.48196048    0.55390797    0.35604342    0.46865728    0.59677569    0.58422560    0.54715729    0.44633713    0.00000000    0.38635682    0.46568948    0.50004210    0.42399800    0.71014937    0.61426711    0.59913067    0.64988160
B6JBZ4_OLICO/3-88     0.43735840    0.47032065    0.44771468    0.47146193    0.49000565    0.45785847    0.72551636    0.52519842    0.47682219    0.43060897    0.52178287    0.66852565    0.56047809    0.59701914    0.44817606    0.51380009    0.43493057    0.47599922    0.46911311    0.40071074    0.38635682    0.00000000    0.44255554    0.45035130    0.50077897    0.56702634    0.66689616    0.66089792    0.60861388
A5V5U4_SPHWW/5-90     0.51020671    0.43556600    0.44506066    0.40426077    0.49680181    0.38294782    0.70142358    0.59727961    0.46519182    0.37239768    0.56930400    0.65804618    0.50176888    0.65705440    0.56720204    0.52275656    0.43900171    0.49078158    0.49919384    0.35989219    0.46568948    0.44255554    0.00000000    0.30735343    0.27534248    0.44257124    0.49370789    0.54146062    0.51228296
M4S1Y1_9SPHN/4-89     0.52152147    0.43506581    0.46639926    0.50811090    0.53126919    0.49536142    0.68897098    0.48776595    0.46045552    0.35124614    0.42640017    0.54582927    0.38507509    0.61184646    0.48068181    0.57799250    0.47267772    0.46901467    0.38814399    0.43119952    0.50004210    0.45035130    0.30735343    0.00000000    0.24056355    0.52422382    0.50931082    0.64663684    0.45581050
G2IKU7_SPHSK/5-89     0.45764046    0.38909385    0.43796800    0.44074845    0.46853625    0.39055754    0.74433855    0.58825765    0.45504118    0.40715242    0.47845548    0.55208243    0.42602111    0.60862316    0.46046673    0.47195948    0.46364004    0.47071458    0.51112123    0.37936183    0.42399800    0.50077897    0.27534248    0.24056355    0.00000000    0.52017653    0.42378913    0.59391754    0.53117686
Q31HE0_HYDCU/15-100     0.59397711    0.45303652    0.48512373    0.44728475    0.50154437    0.42045515    0.72632589    0.61746363    0.46850253    0.47245198    0.70371399    0.65644272    0.61228931    0.86033040    0.60700743    0.62247301    0.60211840    0.53455313    0.64284659    0.48019135    0.71014937    0.56702634    0.44257124    0.52422382    0.52017653    0.00000000    0.51508092    0.49765629    0.50120572
K7RQ14_ACIA4/7-90     0.45293264    0.45187984    0.53345533    0.57646397    0.48500171    0.45333674    0.72840948    0.53049682    0.44692850    0.53016618    0.69964100    0.76234111    0.76189584    0.92075064    0.63805460    0.59258754    0.62022158    0.59443600    0.65731415    0.55117052    0.61426711    0.66689616    0.49370789    0.50931082    0.42378913    0.51508092    0.00000000    0.45775944    0.40752795
H8GGA2_METAL/17-102     0.60901486    0.60108112    0.56359758    0.55412998    0.50097021    0.45523097    0.75753625    0.51668880    0.49429601    0.47997579    0.65922006    0.70166981    0.76004714    0.84274469    0.66064088    0.49010467    0.67002716    0.60885954    0.66588453    0.53132081    0.59913067    0.66089792    0.54146062    0.64663684    0.59391754    0.49765629    0.45775944    0.00000000    0.45458464
Q83E54_COXBU/7-92     0.55679361    0.48144654    0.48057295    0.48547205    0.50732957    0.58433081    0.65977448    0.63581386    0.57233273    0.51762465    0.63582275    0.67428570    0.62318957    0.72035901    0.65562153    0.53030014    0.54195518    0.45158327    0.59312874    0.62433049    0.64988160    0.60861388    0.51228296    0.45581050    0.53117686    0.50120572    0.40752795    0.45458464    0.00000000

