8
A0A1H3Q4J1_9BACI/2-39     0.00000000    0.42170477    0.49861105    0.46544502    0.94137238    0.99425908    1.00288642    1.88143787
A0A1J9VBF0_BACAN/2-38     0.42170477    0.00000000    0.54060130    0.45683910    0.96045633    0.96519178    1.02798406    1.71993822
D5D9L3_BACMD/30-67     0.49861105    0.54060130    0.00000000    0.39180422    0.84170988    0.82413981    1.00918884    1.71145769
YFLJ_BACSU/2-39     0.46544502    0.45683910    0.39180422    0.00000000    0.75777251    0.87516526    0.85469053    1.71870351
D5DVX9_BACMQ/3-40     0.94137238    0.96045633    0.84170988    0.75777251    0.00000000    0.68434726    1.06089835    1.29773162
U5LEF1_9BACI/3-41     0.99425908    0.96519178    0.82413981    0.87516526    0.68434726    0.00000000    0.99847521    1.51562719
Q5KZJ2_GEOKA/3-42     1.00288642    1.02798406    1.00918884    0.85469053    1.06089835    0.99847521    0.00000000    1.40898066
B1HW72_LYSSC/5-44     1.88143787    1.71993822    1.71145769    1.71870351    1.29773162    1.51562719    1.40898066    0.00000000

