46
C7M2C3_ACIFD/56-131     0.00000000    0.73618798    0.72097025    0.74361799    0.60838044    0.64777476    0.78996262    0.63033762    0.73630345    1.05805580    0.89717041    1.40134804    1.53192232    1.60212637    1.78410052    1.65216417    1.61077778    1.56322257    1.37518876    1.16870311    1.58325791    1.38908252    1.78588432    1.60103753    1.06656507    1.21382985    1.12714825    1.03255388    0.89676702    1.24598354    2.42244417    1.66051993    1.71039369    1.37792858    1.75559601    1.61886043    1.74580486    1.67412988    1.73180589    1.47634551    1.26317968    1.43624165    1.47953906    0.77392284    1.03123228    1.09308560
V5X804_MYCNE/4-81     0.73618798    0.00000000    1.07681215    0.84408394    0.82849397    0.90855872    1.05367358    0.88024532    0.95068468    1.25253145    1.07205737    1.65140632    1.68735262    2.00942891    2.11096126    1.75051177    1.45680449    1.54202165    1.78723601    1.52863128    1.89080670    1.15963347    1.62537915    1.40912816    1.17535695    1.39644193    1.37806788    1.18253231    1.25333905    1.35125753    2.22068687    1.30816822    1.31079596    1.18232904    1.60515506    1.45421497    1.44653792    1.43108403    1.48297363    1.23685992    0.96079363    1.09216097    1.30117774    0.77914243    0.96808260    0.96161037
H8N030_CORCM/46-122     0.72097025    1.07681215    0.00000000    0.72331372    0.56123325    0.86759944    0.99460815    0.56098776    0.70863306    0.94811066    0.94848862    1.37356360    1.60406044    1.54030041    1.66099228    1.62032577    1.41252251    1.76341563    1.31236103    1.51039698    1.81945957    1.18157318    1.88034034    1.37251541    1.32120911    1.21534165    0.95778476    0.92775018    0.97272522    1.03365526    2.26817055    1.29897869    1.47364430    1.04528164    1.47196567    1.32945962    1.40562947    1.30003878    1.32590092    1.41590152    1.06813698    1.33558368    1.66239173    1.20840425    1.25990271    1.27897749
D1BF82_SANKS/18-95     0.74361799    0.84408394    0.72331372    0.00000000    0.62900234    0.83720839    0.70571253    0.70157844    0.86375714    0.89680879    1.00171751    1.49098064    1.94755398    1.80054347    1.87607499    1.64214650    1.29509231    1.39392943    1.46485180    1.50180118    1.59105388    1.11558305    2.05392485    1.68310259    1.49555415    1.29016685    0.99189928    1.12249918    0.86584250    1.15102913    2.32499509    1.35180810    1.25142502    1.21356498    1.50995255    1.33861185    1.36053240    1.29483496    1.21475245    1.50263323    0.98817606    1.23071081    1.25635877    0.67670170    0.89297353    1.05713784
B0RFN8_CLAMS/54-131     0.60838044    0.82849397    0.56123325    0.62900234    0.00000000    0.56075511    0.59258460    0.53140979    0.64555468    0.74749509    0.94109367    1.35337954    1.66277519    1.67887076    1.76640536    1.56457135    1.71868506    1.71017028    1.61298087    1.64160266    1.45871437    1.15953273    1.99328323    1.42760170    1.28892862    1.31071744    0.97662237    1.28141507    0.98186025    1.07543964    1.83141414    1.32684595    1.05957135    1.08377264    1.25321118    1.25553779    1.10863688    1.33126440    1.28532366    1.10768343    1.05278476    1.35308480    1.16797052    0.81866095    1.13406890    1.06359373
I4F4Q4_9ACTN/5-82     0.64777476    0.90855872    0.86759944    0.83720839    0.56075511    0.00000000    0.67890808    0.53994405    0.66258498    1.11276465    0.98905282    1.41681784    1.90724847    2.06669918    2.05274593    1.77946873    1.66305615    1.77982800    1.59923763    1.53807968    1.67830665    1.30204579    1.94042512    1.57061740    1.25170826    1.19327436    1.28364739    1.09447810    1.03353305    1.06570756    1.72599788    0.93038227    0.91316504    0.92969395    1.06572532    1.09563292    1.00754882    1.03343645    1.11900496    1.07951303    1.20032852    1.60146162    1.38920318    0.77860251    0.81579464    0.90745413
S5UV45_STRC3/9-89     0.78996262    1.05367358    0.99460815    0.70571253    0.59258460    0.67890808    0.00000000    0.83295590    1.07674166    0.94571829    1.09657618    1.78327064    1.87476517    2.08890869    2.23441978    1.68301658    2.07103118    2.23225972    2.09257190    1.78646211    1.84270334    1.71379490    2.24099184    1.47502570    1.45864495    1.41555797    1.23770829    1.67185954    1.00306789    1.25661987    2.31363244    1.59832662    1.46238968    1.42646083    1.71649332    1.65635250    1.45734761    1.52688868    1.56156760    1.46757025    1.33775996    1.63634707    1.65197809    0.94971859    1.21341478    1.20076395
A6W7P1_KINRD/50-126     0.63033762    0.88024532    0.56098776    0.70157844    0.53140979    0.53994405    0.83295590    0.00000000    0.50211145    1.10948416    1.14315166    1.49313702    1.57330427    1.70260564    1.88454198    1.63518177    1.52073689    1.60301249    1.50897521    1.41697015    1.57244046    1.17230740    1.96349078    1.42450726    1.49834799    1.27365482    1.15958738    0.98126868    0.99527446    1.12721054    1.98347530    1.12921297    1.16576049    0.98066509    1.17674429    1.18765158    1.24032086    1.27858361    1.29877604    1.34108092    0.97535928    1.64843535    1.46179633    1.00523101    1.04742901    1.10767137
I3ZLY0_TERRK/56-140     0.73630345    0.95068468    0.70863306    0.86375714    0.64555468    0.66258498    1.07674166    0.50211145    0.00000000    0.94209199    1.11565200    1.36338464    1.48478350    1.52824335    1.64225160    1.59153657    1.61086926    1.76580009    1.45345109    1.49375852    1.83229496    1.02391519    1.72659514    1.39253851    1.46504302    1.43781194    1.17549030    1.21153883    1.31338904    1.52614512    2.72863739    1.91051268    1.86170933    1.51707529    1.78664982    1.70151158    1.85367844    1.76285914    1.79631244    1.80702541    0.95004792    1.41630340    1.41531971    0.96268996    1.16649495    1.19205431
V4IYE0_9GAMM/135-213     1.05805580    1.25253145    0.94811066    0.89680879    0.74749509    1.11276465    0.94571829    1.10948416    0.94209199    0.00000000    0.94083924    1.36091591    1.55063741    1.65894102    1.63959700    1.38690345    1.24286190    1.66489700    1.42270343    1.21707537    1.42467067    1.26452249    1.64460063    1.35248742    1.28824174    1.29071893    0.96737940    1.31956501    1.19721217    1.21493435    2.31660648    1.66278034    1.63509971    1.52958629    1.55487251    1.52197868    1.52312372    1.65971374    1.63478115    1.40874906    1.16064937    1.07879481    1.25612013    1.05945705    1.33167038    1.22324600
E0TDR3_PARBH/6-81     0.89717041    1.07205737    0.94848862    1.00171751    0.94109367    0.98905282    1.09657618    1.14315166    1.11565200    0.94083924    0.00000000    1.53774391    2.12720956    2.30116358    2.47153399    1.78163041    1.56062123    1.87778428    1.84838035    1.80143505    1.91368276    1.47820269    2.15013653    2.03583455    1.40370766    1.43757746    1.53400425    1.48535888    1.34322688    1.28415277    2.28879320    1.60390053    1.35724906    1.39635166    1.72554265    1.52231497    1.48522698    1.65179375    1.56148002    1.36726040    1.43980758    1.41919528    1.70057025    1.19627155    1.23295225    1.27134257
D7A9L8_STAND/11-89     1.40134804    1.65140632    1.37356360    1.49098064    1.35337954    1.41681784    1.78327064    1.49313702    1.36338464    1.36091591    1.53774391    0.00000000    0.64202977    0.73733494    0.66353429    0.62042469    0.63954413    0.67382502    0.97728966    1.10932343    1.14466917    0.93345643    0.89984967    1.26029110    1.26905441    1.14250365    1.34274320    1.04093365    1.51360613    1.52824024    2.29593403    2.07045458    1.91536656    1.75615883    2.06010129    1.96928846    2.27501261    2.29374771    2.17628033    2.06233687    1.93530212    1.73064903    1.70751294    1.29618713    1.70324648    1.65732465
B6JF66_OLICO/15-91     1.53192232    1.68735262    1.60406044    1.94755398    1.66277519    1.90724847    1.87476517    1.57330427    1.48478350    1.55063741    2.12720956    0.64202977    0.00000000    0.39432673    0.38837716    0.26780941    0.90926746    1.00758689    1.30201477    1.02523364    1.20980632    1.18299833    1.01955180    1.09976084    1.46466137    1.54030039    1.69561082    1.38757931    1.69455169    1.98968992    2.88849333    2.47914070    2.37629164    2.10374688    2.33604404    2.19220446    2.80981439    2.51488643    2.55442040    2.33500188    2.03775665    1.83765249    1.88264573    1.65638278    1.94043193    1.72647334
Q211Q7_RHOPB/11-88     1.60212637    2.00942891    1.54030041    1.80054347    1.67887076    2.06669918    2.08890869    1.70260564    1.52824335    1.65894102    2.30116358    0.73733494    0.39432673    0.00000000    0.37273169    0.26858371    1.15269335    1.04164399    1.30711297    1.10688795    1.26535169    1.08337371    1.02575993    1.18589088    1.46524912    1.28705074    1.70526050    1.42114618    1.75302016    1.96819751    2.99546954    2.39613721    2.53086111    2.23881522    2.56666609    2.47959543    2.75740823    2.64145992    2.61210651    2.54333061    2.19125758    1.88449538    1.98844556    1.83121411    2.16307697    2.08709729
Q1QKM7_NITHX/10-86     1.78410052    2.11096126    1.66099228    1.87607499    1.76640536    2.05274593    2.23441978    1.88454198    1.64225160    1.63959700    2.47153399    0.66353429    0.38837716    0.37273169    0.00000000    0.33479469    1.04716738    0.93828449    1.29641130    1.13431205    1.23956016    1.19517347    1.20143159    1.30913792    1.54729432    1.48551515    2.00824085    1.55741038    2.00270219    1.77632101    2.87126110    2.21660585    2.49010552    2.02596106    2.46877806    2.13187922    2.59194821    2.29030498    2.35431368    2.53111266    2.23167606    1.91736170    2.00490380    1.93254924    2.16791884    2.23690540
F7QP81_9BRAD/16-93     1.65216417    1.75051177    1.62032577    1.64214650    1.56457135    1.77946873    1.68301658    1.63518177    1.59153657    1.38690345    1.78163041    0.62042469    0.26780941    0.26858371    0.33479469    0.00000000    0.95424922    1.06074191    1.23803828    1.08108798    1.21463515    1.02065046    1.00919824    1.10635998    1.34094426    1.32367188    1.86782293    1.24582284    1.64592660    1.67740565    2.64236019    2.10930986    2.05785231    1.92524055    2.37982276    2.10442278    2.40982636    2.30088958    2.21141840    2.11610855    1.96458704    1.59094627    1.74255523    1.68852880    1.88466396    1.82904181
A8I9U0_AZOC5/28-106     1.61077778    1.45680449    1.41252251    1.29509231    1.71868506    1.66305615    2.07103118    1.52073689    1.61086926    1.24286190    1.56062123    0.63954413    0.90926746    1.15269335    1.04716738    0.95424922    0.00000000    0.62638634    0.88536033    1.00741832    0.88334951    0.88153429    1.05025611    1.01590392    1.17831583    1.19730387    1.19510544    1.14098652    1.60918661    1.54350906    2.52813335    2.00786167    1.96729114    1.89047921    2.01529137    1.86517298    2.55921389    2.30188067    2.23719112    2.09626083    1.74967152    1.64949732    1.60339906    1.42871271    1.67091764    1.68808443
A7INT4_XANP2/34-112     1.56322257    1.54202165    1.76341563    1.39392943    1.71017028    1.77982800    2.23225972    1.60301249    1.76580009    1.66489700    1.87778428    0.67382502    1.00758689    1.04164399    0.93828449    1.06074191    0.62638634    0.00000000    0.97768664    1.18561506    1.11118014    1.06775423    1.16606852    1.33419176    1.41693255    1.10700998    1.33008878    1.23488419    1.77071450    1.60990510    2.40554179    1.96398200    2.13911593    1.94758568    2.41391083    2.20565927    2.49878003    2.43438217    2.47262190    2.02179859    2.24965528    1.91834885    1.89640187    1.74660477    2.00795681    1.99552615
D9QMW7_BRESC/3-83     1.37518876    1.78723601    1.31236103    1.46485180    1.61298087    1.59923763    2.09257190    1.50897521    1.45345109    1.42270343    1.84838035    0.97728966    1.30201477    1.30711297    1.29641130    1.23803828    0.88536033    0.97768664    0.00000000    0.87427532    1.08360291    1.22529927    1.41693692    1.65310656    1.09820040    1.49232186    1.59909129    1.29663318    1.42763875    1.41819496    1.88944690    1.98979272    1.99451745    1.76025601    1.92827539    1.95793115    2.26014428    2.08793971    2.21864260    1.77333266    1.46261533    1.48249525    1.53822482    1.57614638    2.11088667    2.03004159
B4RGT9_PHEZH/4-81     1.16870311    1.52863128    1.51039698    1.50180118    1.64160266    1.53807968    1.78646211    1.41697015    1.49375852    1.21707537    1.80143505    1.10932343    1.02523364    1.10688795    1.13431205    1.08108798    1.00741832    1.18561506    0.87427532    0.00000000    0.82934714    1.27433120    1.27339881    1.36302697    1.17645447    1.11468789    1.72391484    1.68423534    1.65672628    1.61743695    2.31529083    2.00985194    2.39745373    1.98812030    1.88311835    2.07385101    2.29681272    2.06781364    2.19170629    2.26283817    1.66353322    1.61183522    1.67813656    1.47390473    1.72636488    1.72041919
Q0AR33_MARMM/12-89     1.58325791    1.89080670    1.81945957    1.59105388    1.45871437    1.67830665    1.84270334    1.57244046    1.83229496    1.42467067    1.91368276    1.14466917    1.20980632    1.26535169    1.23956016    1.21463515    0.88334951    1.11118014    1.08360291    0.82934714    0.00000000    1.12174268    1.36606219    1.31016891    1.27562170    1.28708028    1.83976790    1.81397174    1.78035910    1.64644662    2.46009463    2.00647717    2.18121536    1.95625757    1.90170454    1.89350803    2.19699532    2.18096039    2.28081329    2.33625663    2.00812534    1.79816578    1.77092376    1.65143031    1.97192895    1.98093280
B0UJ94_METS4/7-88     1.38908252    1.15963347    1.18157318    1.11558305    1.15953273    1.30204579    1.71379490    1.17230740    1.02391519    1.26452249    1.47820269    0.93345643    1.18299833    1.08337371    1.19517347    1.02065046    0.88153429    1.06775423    1.22529927    1.27433120    1.12174268    0.00000000    1.21135627    1.09088841    1.21752010    0.93161610    1.21711320    0.92849335    1.33517612    1.35755763    2.31353746    1.58091265    1.75002751    1.48693986    1.66813318    1.57299284    1.73768758    1.58335921    1.60107417    1.67532626    1.15949038    1.10262778    1.28270944    1.27437152    1.52439121    1.62143759
B2IBB0_BEII9/4-89     1.78588432    1.62537915    1.88034034    2.05392485    1.99328323    1.94042512    2.24099184    1.96349078    1.72659514    1.64460063    2.15013653    0.89984967    1.01955180    1.02575993    1.20143159    1.00919824    1.05025611    1.16606852    1.41693692    1.27339881    1.36606219    1.21135627    0.00000000    1.22696608    1.73950089    1.64775697    1.64443016    1.43626323    1.86710289    1.82959625    3.30627536    2.58258950    2.67961578    2.34035949    2.77463668    2.61743497    3.10487573    2.70938703    2.90364665    2.13014151    1.95864899    1.83699360    1.90767708    1.65079295    1.85163475    1.71714064
Q2RS54_RHORT/8-87     1.60103753    1.40912816    1.37251541    1.68310259    1.42760170    1.57061740    1.47502570    1.42450726    1.39253851    1.35248742    2.03583455    1.26029110    1.09976084    1.18589088    1.30913792    1.10635998    1.01590392    1.33419176    1.65310656    1.36302697    1.31016891    1.09088841    1.22696608    0.00000000    1.23260216    1.18465581    1.38477858    1.22713962    1.64335742    1.55784191    2.41590933    1.74348902    1.90491075    1.77160648    1.79993511    1.70347649    1.82033897    1.77963724    1.87410769    1.93639001    1.38273350    1.67645553    1.80896206    1.56127847    1.83832787    1.86355485
A5FVZ9_ACICJ/16-100     1.06656507    1.17535695    1.32120911    1.49555415    1.28892862    1.25170826    1.45864495    1.49834799    1.46504302    1.28824174    1.40370766    1.26905441    1.46466137    1.46524912    1.54729432    1.34094426    1.17831583    1.41693255    1.09820040    1.17645447    1.27562170    1.21752010    1.73950089    1.23260216    0.00000000    1.04290169    1.35499101    1.41357269    1.61896777    1.58242665    2.33706150    1.73824211    1.67629568    1.62785491    1.73889985    1.76461947    1.97431980    1.83701181    1.85936150    1.81479349    1.60683265    1.39554606    1.55161130    1.15630079    1.29190771    1.35776144
Q0BTR9_GRABC/26-108     1.21382985    1.39644193    1.21534165    1.29016685    1.31071744    1.19327436    1.41555797    1.27365482    1.43781194    1.29071893    1.43757746    1.14250365    1.54030039    1.28705074    1.48551515    1.32367188    1.19730387    1.10700998    1.49232186    1.11468789    1.28708028    0.93161610    1.64775697    1.18465581    1.04290169    0.00000000    1.43326762    1.18594172    1.21739843    1.40220024    2.26371354    1.57593176    1.60025501    1.51180340    1.64318948    1.74778466    1.64601174    1.73247605    1.78450008    1.78617174    1.56807497    1.42971851    1.74756991    1.34332487    1.72985666    1.80129239
Q3J0E3_RHOS4/5-80     1.12714825    1.37806788    0.95778476    0.99189928    0.97662237    1.28364739    1.23770829    1.15958738    1.17549030    0.96737940    1.53400425    1.34274320    1.69561082    1.70526050    2.00824085    1.86782293    1.19510544    1.33008878    1.59909129    1.72391484    1.83976790    1.21711320    1.64443016    1.38477858    1.35499101    1.43326762    0.00000000    0.78581333    1.07443646    1.41268273    2.72763490    1.83494278    1.54712555    1.73644385    1.74769385    1.75120322    1.89370338    1.88302465    1.93608992    1.56015879    1.18552617    1.38551723    1.11083967    1.08196709    1.35113380    1.29723043
A8LNZ0_DINSH/5-81     1.03255388    1.18253231    0.92775018    1.12249918    1.28141507    1.09447810    1.67185954    0.98126868    1.21153883    1.31956501    1.48535888    1.04093365    1.38757931    1.42114618    1.55741038    1.24582284    1.14098652    1.23488419    1.29663318    1.68423534    1.81397174    0.92849335    1.43626323    1.22713962    1.41357269    1.18594172    0.78581333    0.00000000    0.86737092    0.93584884    2.28458650    1.32731002    1.31424456    1.27856785    1.56726158    1.55284712    1.52968446    1.53818245    1.51908313    1.33381947    1.02602647    1.34718872    1.32058055    1.06518783    1.22677634    1.26519188
Q8PE14_XANCP/6-85     0.89676702    1.25333905    0.97272522    0.86584250    0.98186025    1.03353305    1.00306789    0.99527446    1.31338904    1.19721217    1.34322688    1.51360613    1.69455169    1.75302016    2.00270219    1.64592660    1.60918661    1.77071450    1.42763875    1.65672628    1.78035910    1.33517612    1.86710289    1.64335742    1.61896777    1.21739843    1.07443646    0.86737092    0.00000000    0.93214021    2.00999298    1.46732039    1.34376647    1.31563336    1.51767997    1.41245627    1.50538811    1.59884260    1.58235924    1.23243852    1.14934480    1.17030072    1.18274376    0.87807890    0.95093254    1.06587973
M2NK31_BAUPA/7-95     1.24598354    1.35125753    1.03365526    1.15102913    1.07543964    1.06570756    1.25661987    1.12721054    1.52614512    1.21493435    1.28415277    1.52824024    1.98968992    1.96819751    1.77632101    1.67740565    1.54350906    1.60990510    1.41819496    1.61743695    1.64644662    1.35755763    1.82959625    1.55784191    1.58242665    1.40220024    1.41268273    0.93584884    0.93214021    0.00000000    1.22040472    0.71433633    1.03520723    0.88262681    0.94247538    0.82467751    0.89950794    0.90281194    0.93791462    0.73971920    1.27502104    1.14662795    1.37419426    1.32757137    1.29950258    1.12763303
N1PNK9_DOTSN/46-134     2.42244417    2.22068687    2.26817055    2.32499509    1.83141414    1.72599788    2.31363244    1.98347530    2.72863739    2.31660648    2.28879320    2.29593403    2.88849333    2.99546954    2.87126110    2.64236019    2.52813335    2.40554179    1.88944690    2.31529083    2.46009463    2.31353746    3.30627536    2.41590933    2.33706150    2.26371354    2.72763490    2.28458650    2.00999298    1.22040472    0.00000000    1.07740411    1.44676021    1.37784028    1.54260872    1.38438129    1.45146235    1.57188583    1.56979151    1.32542567    1.92437830    1.98152577    2.07578425    2.10968584    2.29123815    2.22318863
F9WXC2_ZYMTI/86-175     1.66051993    1.30816822    1.29897869    1.35180810    1.32684595    0.93038227    1.59832662    1.12921297    1.91051268    1.66278034    1.60390053    2.07045458    2.47914070    2.39613721    2.21660585    2.10930986    2.00786167    1.96398200    1.98979272    2.00985194    2.00647717    1.58091265    2.58258950    1.74348902    1.73824211    1.57593176    1.83494278    1.32731002    1.46732039    0.71433633    1.07740411    0.00000000    0.88559797    0.64838828    0.72619803    0.58891242    0.67911096    0.74058184    0.68028845    0.80356389    1.32280301    1.28206626    1.63832566    1.35790219    1.42996970    1.47264270
R1ENH5_BOTPV/5-94     1.71039369    1.31079596    1.47364430    1.25142502    1.05957135    0.91316504    1.46238968    1.16576049    1.86170933    1.63509971    1.35724906    1.91536656    2.37629164    2.53086111    2.49010552    2.05785231    1.96729114    2.13911593    1.99451745    2.39745373    2.18121536    1.75002751    2.67961578    1.90491075    1.67629568    1.60025501    1.54712555    1.31424456    1.34376647    1.03520723    1.44676021    0.88559797    0.00000000    0.78613036    0.85107206    0.78992525    0.82263718    0.92267479    0.94105605    0.87445104    1.18807577    1.46702153    1.54262992    1.30204962    1.47132971    1.33953365
R7Z3F0_CONA1/5-94     1.37792858    1.18232904    1.04528164    1.21356498    1.08377264    0.92969395    1.42646083    0.98066509    1.51707529    1.52958629    1.39635166    1.75615883    2.10374688    2.23881522    2.02596106    1.92524055    1.89047921    1.94758568    1.76025601    1.98812030    1.95625757    1.48693986    2.34035949    1.77160648    1.62785491    1.51180340    1.73644385    1.27856785    1.31563336    0.88262681    1.37784028    0.64838828    0.78613036    0.00000000    0.60784431    0.55659999    0.53967840    0.61025653    0.63049866    0.93948911    1.26232345    1.33811701    1.53577915    1.27405706    1.71068512    1.61515249
E5AAH0_LEPMJ/8-96     1.75559601    1.60515506    1.47196567    1.50995255    1.25321118    1.06572532    1.71649332    1.17674429    1.78664982    1.55487251    1.72554265    2.06010129    2.33604404    2.56666609    2.46877806    2.37982276    2.01529137    2.41391083    1.92827539    1.88311835    1.90170454    1.66813318    2.77463668    1.79993511    1.73889985    1.64318948    1.74769385    1.56726158    1.51767997    0.94247538    1.54260872    0.72619803    0.85107206    0.60784431    0.00000000    0.43730638    0.45161396    0.51636389    0.47201423    1.00960626    1.12126359    1.34058523    1.50674057    1.24270960    1.72775938    1.85937547
Q0U8T2_PHANO/42-130     1.61886043    1.45421497    1.32945962    1.33861185    1.25553779    1.09563292    1.65635250    1.18765158    1.70151158    1.52197868    1.52231497    1.96928846    2.19220446    2.47959543    2.13187922    2.10442278    1.86517298    2.20565927    1.95793115    2.07385101    1.89350803    1.57299284    2.61743497    1.70347649    1.76461947    1.74778466    1.75120322    1.55284712    1.41245627    0.82467751    1.38438129    0.58891242    0.78992525    0.55659999    0.43730638    0.00000000    0.41745080    0.40137930    0.39311754    1.02938639    1.13285548    1.35291404    1.46524565    1.24891022    1.41433964    1.47526781
B2VX21_PYRTR/32-119     1.74580486    1.44653792    1.40562947    1.36053240    1.10863688    1.00754882    1.45734761    1.24032086    1.85367844    1.52312372    1.48522698    2.27501261    2.80981439    2.75740823    2.59194821    2.40982636    2.55921389    2.49878003    2.26014428    2.29681272    2.19699532    1.73768758    3.10487573    1.82033897    1.97431980    1.64601174    1.89370338    1.52968446    1.50538811    0.89950794    1.45146235    0.67911096    0.82263718    0.53967840    0.45161396    0.41745080    0.00000000    0.24124637    0.27857099    1.02301587    1.27459844    1.41863755    1.59041416    1.26746763    1.68001406    1.73737200
R0IZS1_SETT2/8-96     1.67412988    1.43108403    1.30003878    1.29483496    1.33126440    1.03343645    1.52688868    1.27858361    1.76285914    1.65971374    1.65179375    2.29374771    2.51488643    2.64145992    2.29030498    2.30088958    2.30188067    2.43438217    2.08793971    2.06781364    2.18096039    1.58335921    2.70938703    1.77963724    1.83701181    1.73247605    1.88302465    1.53818245    1.59884260    0.90281194    1.57188583    0.74058184    0.92267479    0.61025653    0.51636389    0.40137930    0.24124637    0.00000000    0.22206836    1.28001185    1.20083076    1.39394584    1.60287569    1.26648003    1.59879607    1.77571509
M2SPU7_COCSN/8-96     1.73180589    1.48297363    1.32590092    1.21475245    1.28532366    1.11900496    1.56156760    1.29877604    1.79631244    1.63478115    1.56148002    2.17628033    2.55442040    2.61210651    2.35431368    2.21141840    2.23719112    2.47262190    2.21864260    2.19170629    2.28081329    1.60107417    2.90364665    1.87410769    1.85936150    1.78450008    1.93608992    1.51908313    1.58235924    0.93791462    1.56979151    0.68028845    0.94105605    0.63049866    0.47201423    0.39311754    0.27857099    0.22206836    0.00000000    1.25299209    1.17262388    1.35907825    1.64040798    1.24575220    1.50500351    1.69876784
N1PU21_DOTSN/12-99     1.47634551    1.23685992    1.41590152    1.50263323    1.10768343    1.07951303    1.46757025    1.34108092    1.80702541    1.40874906    1.36726040    2.06233687    2.33500188    2.54333061    2.53111266    2.11610855    2.09626083    2.02179859    1.77333266    2.26283817    2.33625663    1.67532626    2.13014151    1.93639001    1.81479349    1.78617174    1.56015879    1.33381947    1.23243852    0.73971920    1.32542567    0.80356389    0.87445104    0.93948911    1.00960626    1.02938639    1.02301587    1.28001185    1.25299209    0.00000000    1.34389481    1.13045713    1.35862355    1.25636340    1.52890025    1.34075279
K8GJE9_9CYAN/4-81     1.26317968    0.96079363    1.06813698    0.98817606    1.05278476    1.20032852    1.33775996    0.97535928    0.95004792    1.16064937    1.43980758    1.93530212    2.03775665    2.19125758    2.23167606    1.96458704    1.74967152    2.24965528    1.46261533    1.66353322    2.00812534    1.15949038    1.95864899    1.38273350    1.60683265    1.56807497    1.18552617    1.02602647    1.14934480    1.27502104    1.92437830    1.32280301    1.18807577    1.26232345    1.12126359    1.13285548    1.27459844    1.20083076    1.17262388    1.34389481    0.00000000    0.84266412    0.94663661    0.90222673    1.12280158    1.23546960
C7PMU8_CHIPD/4-81     1.43624165    1.09216097    1.33558368    1.23071081    1.35308480    1.60146162    1.63634707    1.64843535    1.41630340    1.07879481    1.41919528    1.73064903    1.83765249    1.88449538    1.91736170    1.59094627    1.64949732    1.91834885    1.48249525    1.61183522    1.79816578    1.10262778    1.83699360    1.67645553    1.39554606    1.42971851    1.38551723    1.34718872    1.17030072    1.14662795    1.98152577    1.28206626    1.46702153    1.33811701    1.34058523    1.35291404    1.41863755    1.39394584    1.35907825    1.13045713    0.84266412    0.00000000    0.58742886    1.11080609    1.46610875    1.36136728
C6VVQ8_DYAFD/4-80     1.47953906    1.30117774    1.66239173    1.25635877    1.16797052    1.38920318    1.65197809    1.46179633    1.41531971    1.25612013    1.70057025    1.70751294    1.88264573    1.98844556    2.00490380    1.74255523    1.60339906    1.89640187    1.53822482    1.67813656    1.77092376    1.28270944    1.90767708    1.80896206    1.55161130    1.74756991    1.11083967    1.32058055    1.18274376    1.37419426    2.07578425    1.63832566    1.54262992    1.53577915    1.50674057    1.46524565    1.59041416    1.60287569    1.64040798    1.35862355    0.94663661    0.58742886    0.00000000    1.08125587    1.37844603    1.38262229
V9XKU5_9NOCA/87-161     0.77392284    0.77914243    1.20840425    0.67670170    0.81866095    0.77860251    0.94971859    1.00523101    0.96268996    1.05945705    1.19627155    1.29618713    1.65638278    1.83121411    1.93254924    1.68852880    1.42871271    1.74660477    1.57614638    1.47390473    1.65143031    1.27437152    1.65079295    1.56127847    1.15630079    1.34332487    1.08196709    1.06518783    0.87807890    1.32757137    2.10968584    1.35790219    1.30204962    1.27405706    1.24270960    1.24891022    1.26746763    1.26648003    1.24575220    1.25636340    0.90222673    1.11080609    1.08125587    0.00000000    0.43780315    0.47446673
U5VV17_9ACTN/42-119     1.03123228    0.96808260    1.25990271    0.89297353    1.13406890    0.81579464    1.21341478    1.04742901    1.16649495    1.33167038    1.23295225    1.70324648    1.94043193    2.16307697    2.16791884    1.88466396    1.67091764    2.00795681    2.11088667    1.72636488    1.97192895    1.52439121    1.85163475    1.83832787    1.29190771    1.72985666    1.35113380    1.22677634    0.95093254    1.29950258    2.29123815    1.42996970    1.47132971    1.71068512    1.72775938    1.41433964    1.68001406    1.59879607    1.50500351    1.52890025    1.12280158    1.46610875    1.37844603    0.43780315    0.00000000    0.26693386
R4LSV6_9ACTN/49-125     1.09308560    0.96161037    1.27897749    1.05713784    1.06359373    0.90745413    1.20076395    1.10767137    1.19205431    1.22324600    1.27134257    1.65732465    1.72647334    2.08709729    2.23690540    1.82904181    1.68808443    1.99552615    2.03004159    1.72041919    1.98093280    1.62143759    1.71714064    1.86355485    1.35776144    1.80129239    1.29723043    1.26519188    1.06587973    1.12763303    2.22318863    1.47264270    1.33953365    1.61515249    1.85937547    1.47526781    1.73737200    1.77571509    1.69876784    1.34075279    1.23546960    1.36136728    1.38262229    0.47446673    0.26693386    0.00000000

