118
B4MJP9_DROWI/167-278     0.00000000    0.99152883    0.71714874    0.93473766    0.88638720    0.97880036    0.99883624    0.89222778    1.05824672    0.93139781    0.79436548    0.79623693    1.02304865    0.94907361    1.10545340    0.91132618    0.73428729    0.80385198    1.13892593    1.08516506    1.03213612    1.09076735    1.14617489    1.14477943    1.04115927    1.30571309    1.24647671    1.23931507    1.10556133    1.11983827    2.04370680    2.03071503    2.16772490    1.86424086    1.88437574    1.83619201    1.73347533    2.11305206    2.22321113    2.18060408    2.40813800    2.29834930    2.37277363    1.96750168    2.18145302    2.22239802    2.06761516    1.95680774    2.11265277    2.13034107    2.06426654    2.33786606    2.23656273    2.09869424    1.29820452    1.44280341    1.52298788    1.30994152    1.21529633    1.78203231    1.65441229    1.67556530    2.01901795    1.77867011    2.29229820    1.86497209    2.40950235    1.26290163    1.26453927    1.35479166    1.58439887    1.48341994    1.49912219    1.38195863    1.29525338    1.42892304    1.31976994    1.87031262    2.04480496    1.91584511    2.23092003    1.71332761    1.93886798    2.02428918    1.87696336    2.07628252    1.99442358    2.46684628    2.21469027    2.10046152    1.95066817    2.18964686    1.94785105    1.93124568    2.03867781    2.20864335    1.95355423    2.02348854    2.51301070    2.41431202    2.64285433    2.13924557    2.57470114    2.36723215    2.47159732    2.38581852    2.42117116    2.52645950    0.58530775    0.72276178    1.20901773    1.17266734    1.03230458    1.00786926    0.92266174    1.48107308    1.33148855    1.10987896
T1GGG5_MEGSC/338-449     0.99152883    0.00000000    0.74515141    1.09434009    0.83697397    0.92645759    1.31875170    0.73529953    0.85536732    0.79820308    0.76881527    0.74522041    1.10029648    0.98065422    1.07475596    0.90405205    0.86230097    0.88671403    1.12029101    0.98847233    0.83688727    0.97913714    0.90959819    0.99110458    1.02043399    1.27599882    1.12578104    1.04435076    1.15170351    1.05905085    1.70661487    1.66325108    1.99731973    2.08962320    1.71795074    2.14221397    1.64005278    1.92122996    2.06597748    2.19515013    2.27593960    2.13053568    2.55358930    1.72724714    1.84873931    2.00513861    1.94157447    1.79358411    2.01919353    1.99675934    1.96221799    2.14687727    2.15152885    2.03836660    1.08361370    1.43972787    1.43404640    1.20382651    1.31542889    1.67310876    1.91513997    1.85588649    1.86092180    1.59968361    1.62626613    1.72889819    2.25248094    1.31169483    1.38386873    1.16817164    1.62309473    1.18220704    1.13902236    1.01599310    1.33753065    1.19553577    1.36416771    1.86395598    1.81764003    1.68041297    1.67241884    1.72707192    1.84129335    2.10114222    1.57903477    1.99773290    1.88156783    2.57238372    2.10890268    2.05007422    2.11952341    2.36796031    2.03626446    1.70632302    1.94181908    2.19924372    2.08997066    2.11507202    2.26774657    2.10104772    2.48090516    2.17754104    2.45325794    2.33214114    2.33026242    2.42572747    2.44697056    2.30020513    0.83405162    0.79885476    1.01932608    0.88793115    0.92471847    0.85789180    0.91341386    1.26462512    1.31553946    1.11386526
Q7Q5J5_ANOGA/170-281     0.71714874    0.74515141    0.00000000    0.76793021    0.45994438    0.53393230    1.02933864    0.45920376    0.63745639    0.57333242    0.63303232    0.62512947    1.01036810    0.85407860    0.84528556    0.61015809    0.57480159    0.56397712    0.81453020    0.72400870    0.71546233    0.85189057    0.84421310    0.81099755    0.76630896    1.19461096    0.91273208    0.90959451    0.90166708    0.91552819    1.42549018    1.35755824    1.55768764    1.65883340    1.46445416    1.58595878    1.33264404    2.08376540    2.14928381    2.24903484    2.33699327    2.35911889    2.53851427    1.83518540    1.88784098    1.78513288    1.78062591    1.75394825    2.00101106    1.97795988    1.90033431    2.23008484    2.09220310    2.06825945    0.97723684    1.19543685    1.29186356    1.11414385    1.16454817    1.68808400    1.47788545    1.71839486    1.75454857    1.57831112    1.81007976    1.58215403    2.25815961    1.08373936    1.20948486    1.06348287    1.42092688    1.12289392    0.92089368    0.78230768    0.98541493    0.95994273    1.17495240    1.57355265    1.90152979    1.47253582    2.21967108    1.52540128    1.86668858    1.72792294    1.52520149    1.79358293    1.80837168    2.34715279    2.23637564    1.76843492    1.83721250    2.25120178    1.77950721    1.65915237    1.82730563    2.05841936    1.88113918    1.93158308    2.12130780    2.04150952    1.96638744    1.79627119    2.17720954    1.82599708    2.03097790    1.99808405    2.17021348    2.04095210    0.58309813    0.65074720    0.91801522    0.89557162    0.85424384    0.92785403    0.77179815    1.16474665    1.13477721    0.99029878
B0XBF0_CULQU/31-141     0.93473766    1.09434009    0.76793021    0.00000000    0.90068304    0.98905429    1.31191373    0.99598712    1.19821824    1.04977417    1.10829861    1.05522119    1.37868740    1.19898408    1.25657233    1.27047301    1.17045198    1.10977020    1.44420343    1.18583145    1.22644634    1.20188923    1.25600019    1.26234414    1.34299951    1.78996970    1.46551802    1.30642943    1.28879249    1.45272767    1.99563574    1.91678991    2.08334143    2.10918653    1.75822723    1.94732493    1.73227636    2.13536011    2.15494747    2.14648308    2.43080837    2.13916678    2.44680245    1.83450178    2.12397829    2.22654019    2.06215829    1.96597734    2.19670560    2.04481174    1.91011907    1.86987724    1.87082827    1.84877836    1.50357890    1.89108445    1.73009589    1.58053031    1.56646000    2.06511401    1.92877941    2.00161369    2.09279061    1.84157270    2.30862582    2.23305096    2.81093769    1.50734217    1.48742668    1.75754791    1.81185771    1.52456238    1.50782310    1.31124627    1.38521068    1.38870410    1.63368860    1.99468932    2.21419300    2.05370141    1.88066010    1.67405906    1.88504222    2.43488318    2.26953625    2.04196420    2.13897319    2.81619724    2.34309712    2.10995818    2.14659270    2.34572691    2.12747852    1.81289393    2.05355627    2.40303408    2.05078983    2.02724767    2.52975603    2.82414222    2.91595804    2.55975380    2.95859114    2.58472804    2.96280537    2.73535060    3.10562158    2.74239708    0.98718655    1.13853397    1.49864215    1.27153311    1.09764089    1.14552451    1.13711056    1.35054917    1.53449546    1.28909600
W5JE71_ANODA/170-281     0.88638720    0.83697397    0.45994438    0.90068304    0.00000000    0.38957658    1.21739158    0.66949627    0.76192064    0.57064118    0.84005814    0.78863245    1.15735214    0.97989346    1.07101692    0.79430003    0.73650575    0.75529255    0.87494206    0.78613962    0.77072209    0.80830429    0.78304004    0.78835990    0.84645805    1.10046985    0.92548669    0.85117802    0.84409734    0.82076667    1.48389124    1.35776188    1.53799939    1.37054158    1.35188996    1.55307161    1.28449224    2.00652212    1.98552554    2.07646625    2.07807961    2.09650608    2.26940694    1.76574278    1.74779333    1.86886736    1.81178918    1.77619214    1.77237926    1.79545957    1.81304625    2.02497781    1.87205361    1.91485240    0.92820878    1.15208377    1.14800692    1.07633679    1.06586247    1.56872137    1.38128314    1.57814438    1.46759317    1.49895708    1.55304250    1.42141761    1.93274771    0.97427680    1.26137002    1.05591632    1.35309638    1.05088844    0.93887648    0.82556949    0.94690442    0.98244273    1.21597474    1.45817014    1.72444753    1.42827782    1.89436847    1.48451795    1.64072044    1.94885228    1.44333130    1.99614907    1.81454289    2.48256018    2.08067346    1.65718528    1.73459859    2.08235524    1.67872860    1.59602829    1.86763614    1.92348646    1.71889006    1.84156407    1.76538413    1.84980800    1.86335060    1.52521910    1.87624349    1.71864976    1.82268150    1.88503057    1.94664263    1.80850985    0.68865855    0.67238085    1.03939173    0.89732342    0.86296378    0.88515209    0.78236840    1.28064767    1.26770235    1.05225733
W5JV54_ANODA/173-284     0.97880036    0.92645759    0.53393230    0.98905429    0.38957658    0.00000000    1.22697162    0.72769027    0.81961303    0.81764778    0.85480002    0.85387637    1.23196104    1.02652585    1.05467665    0.84341233    0.78523119    0.81638714    0.99071306    0.91834949    0.87677120    0.83412269    0.83844043    0.77819777    1.00013434    1.40305144    1.12943338    0.99431080    0.92256527    0.87696799    1.51602855    1.47126304    1.72976315    1.63276845    1.37129716    1.44707872    1.25173618    2.18438455    2.00582378    2.21372915    2.19907889    2.26325185    2.36991343    1.94514120    1.94095791    1.99027152    1.94759768    1.76651686    1.98997515    1.86588624    1.84039422    2.13281315    1.87251967    2.08307033    1.02324071    1.23327006    1.25408448    1.09479594    1.14749808    1.52150551    1.29544741    1.51267497    1.61641793    1.56236847    1.69162227    1.33130970    1.95176885    1.06989386    1.40014108    1.21147870    1.51742584    1.16335830    1.03867070    0.88428779    0.98865360    1.02459168    1.24400361    1.70141921    1.84456897    1.61654247    2.11616204    1.46863257    1.63631066    1.98424035    1.56740548    1.86534778    1.87916022    2.18921376    1.95106835    1.71210243    1.63525891    1.95568718    1.72682762    1.45260201    1.57177074    1.85265762    1.74489484    1.81841951    2.28864643    2.19910235    2.17837797    1.89925134    1.95540554    1.84212610    2.04521895    1.97029714    2.23274431    2.02199312    0.78836647    0.86190737    1.10919846    1.01063942    0.90499899    0.96982072    0.79922943    1.39981995    1.15789731    1.03926532
B4QDW8_DROSI/294-405     0.99883624    1.31875170    1.02933864    1.31191373    1.21739158    1.22697162    0.00000000    0.94412765    1.01603139    1.04835057    1.12519548    1.13012947    1.61411609    1.36391240    1.53014635    1.08600950    1.10308993    1.13902365    1.43799913    1.20621930    1.15264918    1.15943129    1.24058048    1.28556783    1.28310420    1.53485755    1.43561978    1.30664001    1.52849328    1.47856713    1.99202229    1.98104411    2.13130940    1.97928158    1.87312863    2.05320951    1.76943411    2.07947489    2.00858788    1.91282417    2.11000590    2.07123518    2.26357307    1.80623786    1.93331641    1.85927757    1.82173280    1.93433782    1.78047471    1.83126070    2.12164045    2.20686937    2.04425797    1.94483596    1.33254130    1.69833330    1.56773993    1.65364766    1.46911657    1.78380795    1.93888058    1.90060064    2.04849921    1.89698079    2.02761256    1.74401449    2.26592529    1.65205087    1.66992019    1.44725589    1.81391089    1.95469416    1.72019429    1.52811628    1.50577322    1.54744876    1.53062600    2.01907272    2.01058520    1.98858670    2.22220758    1.80843736    2.30105852    2.73329197    2.04898820    2.31628603    2.16566628    2.62211226    2.84953188    2.60892724    2.62718323    2.94155273    2.54332409    2.01405860    1.98480355    2.65471362    2.49135850    2.56930956    2.27002123    2.12650472    2.07564172    2.24270276    2.76806764    2.39844056    2.63744580    2.60022078    2.61669353    2.61944020    1.10911866    1.20666973    1.66360633    1.63435878    1.43354831    1.33552704    1.29324213    1.54331211    1.47389905    1.52196611
Q7Q5J5_ANOGA/26-137     0.89222778    0.73529953    0.45920376    0.99598712    0.66949627    0.72769027    0.94412765    0.00000000    0.41496295    0.25113831    0.65769336    0.59823310    1.12193753    0.88195488    0.99114920    0.65850036    0.59510455    0.68438047    0.75939658    0.60145528    0.68238496    0.69073288    0.74181522    0.73542772    0.71898946    0.87081676    0.72479490    0.83640880    0.76155420    0.77073855    1.40628460    1.33703487    1.40257682    1.51962085    1.45949577    1.70897674    1.30580608    1.86268830    1.98709727    2.06126498    2.04080674    2.16664893    2.41934394    1.80449193    1.93186367    1.78629228    1.72826525    1.68892345    1.86298307    1.87783707    1.85075136    2.10716655    1.90178424    1.91490248    0.90908538    1.32813389    1.28714646    1.02417661    0.91626328    1.43259094    1.41660072    1.43898092    1.71954888    1.36376731    1.71756939    1.37036496    1.96836019    1.00100314    1.23253571    0.92924090    1.34869493    1.04608315    0.89550836    0.92241412    1.01812509    1.03445722    1.08529577    1.59261590    1.63034303    1.32892555    1.92919418    1.39314418    1.56532152    1.86188957    1.69410029    1.86885036    1.97303361    1.94944981    1.95576136    1.64791488    1.87653721    2.00516808    1.56088561    1.42406614    1.64727095    1.78152131    1.75863946    1.72230421    2.22421491    1.88584894    1.89684984    1.83202052    1.92125109    1.75768057    1.88292032    1.98856165    2.08431528    2.10627944    0.57123734    0.58842947    0.96092272    0.88226039    0.90199016    0.76352192    0.68727185    0.86370990    1.20409542    0.91966951
W5JV54_ANODA/29-140     1.05824672    0.85536732    0.63745639    1.19821824    0.76192064    0.81961303    1.01603139    0.41496295    0.00000000    0.42026861    0.86262724    0.73879711    1.33149384    1.09278852    1.14005445    0.84630234    0.85442951    0.87983837    0.87362362    0.73638015    0.81786881    0.87415569    0.92650734    0.95905401    0.88645370    0.98859438    0.80522879    1.00187852    1.11061472    0.95020922    1.62895182    1.55681191    1.69459856    1.78328012    1.69302835    1.85602055    1.49656770    1.88024133    1.78122216    1.85310825    1.88446973    1.90079751    2.12422964    1.74220438    1.91979675    1.74152153    1.73240868    1.62261563    1.68536179    1.71019582    1.75573836    1.89921612    1.81276274    1.81748447    0.98774997    1.30869420    1.35121937    1.24589670    1.07391603    1.63052087    1.58115205    1.66093801    1.66528438    1.54338842    1.74571934    1.38527109    1.90979839    1.30329802    1.36222281    0.99078935    1.39621492    1.23535920    1.19184375    1.15209189    1.22989828    1.24580012    1.31395365    1.69196822    1.89454155    1.59990786    2.20882518    1.50846336    1.83953279    2.09171001    1.86155153    1.95456993    1.95078995    1.92467184    2.24055500    1.78426126    2.05632100    2.18845975    1.59659441    1.59024628    1.74900172    1.94276830    1.85751928    1.85735824    2.03695445    1.79745082    1.77380610    1.69530685    1.94044761    1.71788489    1.95469263    2.00460540    1.93839122    1.95486673    0.87933933    0.76966394    1.25531722    1.13598363    1.07586816    1.07153040    0.83594801    1.22941088    1.49887431    1.03916099
W5JE71_ANODA/26-137     0.93139781    0.79820308    0.57333242    1.04977417    0.57064118    0.81764778    1.04835057    0.25113831    0.42026861    0.00000000    0.74599742    0.66999830    1.23923975    1.03925320    1.07274720    0.79020765    0.73917225    0.79482140    0.82497002    0.72120303    0.78555824    0.74221967    0.73427557    0.77024118    0.78506421    0.89885268    0.79283191    0.94565077    0.98744682    0.93338527    1.49341674    1.48102699    1.65454782    1.53960309    1.66302474    1.87109858    1.42856706    1.76431990    2.15991151    2.24627604    2.25468953    2.20309442    2.38185591    1.90787278    1.97529253    2.03230572    1.91159622    1.97546231    1.81733157    1.89762436    2.04878370    2.00343315    1.89650817    2.01523004    0.97206781    1.27618984    1.30938046    1.16438165    1.02727258    1.64422449    1.42322359    1.50396907    1.77082902    1.59453204    1.58429380    1.39698826    1.88717482    1.19244912    1.29093645    0.96325900    1.36862215    1.16453700    0.96847399    0.97075114    1.14023872    1.10163597    1.20011154    1.77831002    1.79982784    1.37457760    2.04434759    1.38828373    1.75662945    2.14731604    1.76123503    1.83013227    1.87603487    2.02320984    1.88451588    1.52237601    1.88320908    1.81144844    1.45573691    1.44887297    1.62888320    1.68690438    1.59528614    1.58984659    1.93906045    1.84588412    1.80546085    1.66578672    1.72278352    1.67761560    1.71023891    1.75870344    1.83382153    1.84718837    0.72573832    0.65489418    1.07171659    1.03115076    0.99775255    0.87105884    0.72620005    1.01613315    1.37021303    1.06071680
B4KSV8_DROMO/165-276     0.79436548    0.76881527    0.63303232    1.10829861    0.84005814    0.85480002    1.12519548    0.65769336    0.86262724    0.74599742    0.00000000    0.25046850    0.86497838    0.72787585    0.92014657    0.67394949    0.59944033    0.63249376    0.86941995    0.64212876    0.84720764    0.88485730    0.89989441    0.84667728    0.83204115    1.06238673    0.78634471    0.96132770    0.94281297    0.99347998    1.36685313    1.29934935    1.44332800    1.59245429    1.41615997    1.86873852    1.34532912    1.94807920    2.00498028    2.28195237    2.35590003    2.17334024    2.37056866    1.92994531    2.03975027    2.15643320    2.04183273    2.04769842    2.06945350    2.12385541    2.18906309    2.33751177    2.16585265    2.22678510    0.94784676    1.22398703    1.18004342    1.02835419    1.00369426    1.35631076    1.45345121    1.48138522    1.64444188    1.53978306    1.66822181    1.38603205    1.92352278    0.97216547    1.43373675    0.92657507    1.42704446    1.14405917    1.06918319    1.10030229    1.07978376    1.17239071    1.04999308    1.46866286    1.40095312    1.41504761    1.83935153    1.44712563    1.61270531    1.50560385    1.68453398    1.86902479    1.85242832    2.47642739    1.91822720    1.83214651    1.61082092    2.08372913    1.71151726    1.52683300    1.86281517    2.04092034    1.96180325    1.99946519    1.86805479    1.57734572    1.69526972    1.64950804    2.07279788    1.83043556    1.83071081    1.81009799    2.07587794    2.06311777    0.57747581    0.57005784    0.68180471    0.73337468    0.81281033    0.73829046    0.74906834    1.19835146    1.39507899    0.87539431
Q7JZZ3_DROME/166-277     0.79623693    0.74522041    0.62512947    1.05522119    0.78863245    0.85387637    1.13012947    0.59823310    0.73879711    0.66999830    0.25046850    0.00000000    0.95349747    0.77867752    0.89284053    0.59535531    0.64488628    0.68576848    0.76752994    0.63923292    0.74882483    0.82085051    0.84669174    0.81046104    0.73130147    1.00689671    0.75176916    0.82819239    0.94912022    0.84615436    1.48195287    1.43660647    1.57400668    1.47350707    1.45570909    1.70570495    1.36213284    1.77027069    1.73849536    2.00831770    2.17109653    2.10462397    2.31688771    1.73407005    1.84033587    1.81669591    1.72348116    1.70228210    1.87942673    1.81952247    1.91863911    1.96857099    2.08077583    1.93048698    0.88436414    1.15969050    1.28421445    0.93679137    1.02521147    1.42908663    1.45854272    1.51664558    1.68467595    1.45874867    1.88700713    1.44995517    1.88301532    1.02283255    1.41958237    0.97262751    1.39453209    1.12629548    1.04493486    1.08910217    1.03810266    1.12753406    1.09575559    1.50862932    1.56943328    1.42102502    1.83314303    1.41211683    1.70985910    1.65990280    1.50524552    1.97512386    1.80006246    2.41825890    1.88737388    1.97544612    1.78382780    2.04157493    1.72495400    1.67524932    2.00673915    2.15589823    1.96566843    1.91748867    1.99033241    1.76882962    1.73078799    1.78918839    2.09718792    1.87574253    1.96852128    1.96063793    2.13741286    2.08379811    0.63241269    0.60773130    0.72236401    0.75150509    0.71952733    0.67270419    0.77430270    1.18702176    1.30298699    0.89379739
Q7JR80_DROME/344-456     1.02304865    1.10029648    1.01036810    1.37868740    1.15735214    1.23196104    1.61411609    1.12193753    1.33149384    1.23923975    0.86497838    0.95349747    0.00000000    0.54387544    0.59490514    1.16522664    1.10616488    1.01007820    1.46366208    1.14481146    1.25749688    1.22504960    1.37617756    1.29574294    1.35049658    1.76276064    1.35137021    1.62253660    1.51659671    1.43888701    2.24465303    2.15772018    2.37091992    2.42578367    2.27759315    2.53375961    2.04318154    2.34661396    2.58249066    2.74161056    2.85176198    2.60355807    2.60750869    2.07278946    2.09115846    2.16836479    2.19589188    2.16009411    2.26955026    2.35592850    2.30925890    2.40703210    2.46169777    2.39115269    1.28126298    1.36927917    1.47874730    1.25820016    1.41354882    1.67305470    1.97175796    2.21895134    2.32103981    2.14003000    2.20743982    1.70756166    2.10903775    1.23971145    1.70322154    1.37812226    1.62955316    1.30677791    1.30476951    1.42842346    1.43019295    1.47731945    1.54128679    1.91393240    1.90488320    1.81152173    2.25099711    1.71872671    1.83100678    1.95056770    1.86541535    2.44727011    2.32557438    2.42097273    2.41614595    2.05574091    2.15616287    2.54429253    2.27839165    1.96440495    2.20008551    2.46470316    2.28306848    2.45283311    2.54008707    2.48546228    2.41054008    2.20808935    2.67304497    2.68789943    2.76350504    2.84170300    2.74742641    2.66298005    0.91015360    0.96375210    1.16814230    1.18897691    1.30537634    1.26548678    1.22116091    1.73330237    1.74449117    1.43738586
B4KSV6_DROMO/344-456     0.94907361    0.98065422    0.85407860    1.19898408    0.97989346    1.02652585    1.36391240    0.88195488    1.09278852    1.03925320    0.72787585    0.77867752    0.54387544    0.00000000    0.31340358    0.89848082    0.89930260    0.94738461    1.10073086    0.91408965    1.03420998    1.08747500    1.18366076    1.14388358    1.12571686    1.46704139    1.21103354    1.34056264    1.21736332    1.26346503    1.94969500    1.87500602    1.90259672    1.89140284    1.78679242    2.29676573    1.60791558    2.41353394    2.46155235    2.61954328    2.77669152    2.36145680    2.56892895    2.06287862    2.03736966    2.07623174    1.96890292    1.85973390    2.12719063    2.19087668    2.17629380    2.24723441    2.29179180    2.19488730    1.18291161    1.31433445    1.20759523    1.13716231    1.14655318    1.44256377    1.63641842    1.73025295    1.91232871    1.60906022    1.71486946    1.60104569    2.43810928    1.09578561    1.64923706    1.11503069    1.44322250    1.16188997    1.04371812    1.15770254    1.17704762    1.24905975    1.27582286    1.52786549    1.52332379    1.69712013    2.11214488    1.66145364    1.54508069    1.65338208    1.49289021    1.86076231    1.92715833    2.14710781    2.05003585    1.79066275    1.73317592    2.18414692    1.86845760    1.74860271    1.84111700    2.09011640    1.84635240    1.94399610    2.31757411    2.07583988    2.17094805    1.93981836    2.44097071    2.29777098    2.37218457    2.46313552    2.34620683    2.26244268    0.83927851    0.77197867    1.09692792    1.02954011    1.09687406    1.01905857    0.95067834    1.37545776    1.36822282    1.09557104
B4MJQ0_DROWI/331-443     1.10545340    1.07475596    0.84528556    1.25657233    1.07101692    1.05467665    1.53014635    0.99114920    1.14005445    1.07274720    0.92014657    0.89284053    0.59490514    0.31340358    0.00000000    0.95236135    0.98732613    1.04487691    1.17133038    1.11367423    1.18036909    1.17381367    1.36012400    1.24524652    1.32486804    1.53586668    1.29781606    1.40622896    1.23822068    1.20990936    2.07208474    1.91004643    1.98137230    2.14164836    1.91624026    2.34688264    1.80880967    2.25188225    2.23603925    2.49117408    2.64357134    2.31620489    2.32344202    1.84717751    1.86348050    1.82701431    1.81957017    1.66211708    2.05081164    2.13180066    2.13666688    2.02697508    2.15442659    2.12439356    1.18330872    1.18951072    1.25368016    1.09104504    1.20788778    1.56657635    1.66864313    1.65650287    1.96933309    1.59322782    1.74441056    1.56557202    2.16573634    1.27678906    1.55933502    1.29334592    1.56822385    1.38223005    1.24105029    1.13630725    1.24901520    1.37497717    1.27145632    1.74966779    1.71100110    1.69332265    2.34323447    1.58813129    1.94295868    1.79226545    1.72285590    1.80729583    1.91208260    2.43930133    2.18590362    1.72338520    1.70420125    2.15672351    2.01445708    1.62563925    1.77292458    2.07697622    1.85448092    2.03811338    2.30405784    2.07447095    2.18208430    2.01047348    2.69914225    2.27963430    2.37766070    2.43470469    2.33874581    2.38484586    0.96693633    1.03025419    1.13212436    1.18390184    1.10848295    1.10099476    1.15714139    1.51714757    1.48306481    1.15758029
T1GCZ0_MEGSC/25-136     0.91132618    0.90405205    0.61015809    1.27047301    0.79430003    0.84341233    1.08600950    0.65850036    0.84630234    0.79020765    0.67394949    0.59535531    1.16522664    0.89848082    0.95236135    0.00000000    0.51027445    0.63814275    1.01468637    0.83180611    0.83007442    0.83889185    0.87004115    0.85506119    0.77555365    1.10249442    0.98364908    0.98086742    1.04572764    0.89512004    1.40750912    1.20571376    1.51827739    1.49592996    1.32761146    1.62382544    1.20803274    2.00529076    1.89196158    2.08892122    2.17716954    2.05820604    2.37133628    1.83778259    1.95318594    1.88395403    1.79485613    1.81487383    1.98342184    1.94307513    1.93509105    2.04411107    1.97875121    2.03945831    1.04952709    1.26020022    1.37658077    1.12129308    1.10063954    1.63066918    1.51251664    1.57058414    1.68428962    1.56293176    1.92280409    1.37898088    1.99372614    1.07522682    1.59598892    1.07509297    1.37850294    1.13690595    0.94666064    0.89276805    1.02631196    1.06513007    0.90115150    1.55226535    1.72137881    1.32621028    1.85428077    1.37149691    1.81838247    1.87612350    1.52099626    1.80957974    1.79250553    2.50436326    2.25435795    1.91459809    1.84576271    2.18671445    1.78851666    1.58374804    1.85925719    1.96083664    1.82112655    1.89002167    2.02627696    2.15823966    2.24279524    1.75354827    2.26602271    2.04617148    2.00853258    2.03702743    2.24907152    2.13910401    0.63868024    0.62278766    0.73419507    0.76928098    0.80348601    0.79954282    0.83917863    1.17875713    1.14324753    1.15345078
T1H389_MEGSC/55-167     0.73428729    0.86230097    0.57480159    1.17045198    0.73650575    0.78523119    1.10308993    0.59510455    0.85442951    0.73917225    0.59944033    0.64488628    1.10616488    0.89930260    0.98732613    0.51027445    0.00000000    0.49703966    0.82340169    0.69590869    0.68641810    0.69824801    0.74636757    0.75975340    0.70639272    1.01680829    0.89201168    0.95523053    0.88613537    0.83661527    1.24703327    1.18718895    1.54025526    1.45670509    1.32876803    1.52282674    1.25989225    2.05334134    1.93361154    2.22209233    2.24552034    2.10937179    2.53160120    1.80373748    1.87057268    1.82867831    1.89159102    1.75079408    1.87619113    1.81630006    1.84917439    2.11830128    1.99152086    2.04966686    0.91367201    1.14728063    1.18188910    0.90093806    0.99274831    1.45593049    1.43248816    1.50491507    1.68621505    1.32118740    1.69773182    1.27244472    1.85285338    0.92971707    1.39290826    0.90470953    1.29900368    1.04013710    0.88585584    0.92146519    0.90157724    0.97022251    0.91334939    1.72654741    1.55308140    1.34255754    1.84123617    1.39206616    1.48509140    1.76058043    1.56038025    1.59668845    1.92216492    2.02309998    1.76507841    1.70066037    1.66890376    1.76493709    1.57183923    1.51506600    1.66365163    1.70912734    1.55588603    1.68749773    1.92308746    1.86138771    1.96056590    1.62440634    2.10020862    1.84937045    1.89769693    1.87797192    2.13876994    2.02855147    0.51585039    0.61996687    0.61122533    0.64501533    0.75336961    0.76868556    0.80458273    1.27384726    1.19084672    1.03972438
Q7JZZ3_DROME/25-136     0.80385198    0.88671403    0.56397712    1.10977020    0.75529255    0.81638714    1.13902365    0.68438047    0.87983837    0.79482140    0.63249376    0.68576848    1.01007820    0.94738461    1.04487691    0.63814275    0.49703966    0.00000000    0.81565691    0.72857903    0.75706945    0.91195542    0.79830742    0.84476106    0.77947747    1.09058736    0.88694404    1.12759530    1.00506507    0.78042622    1.41243602    1.28770030    1.42477105    1.49583244    1.32904764    1.59398858    1.26711991    1.98888667    2.01972766    2.35963484    2.35054926    2.22474172    2.49173232    1.74855879    1.94920585    2.03624407    1.96622089    1.89870752    1.98350413    1.97923724    1.95401658    2.23340251    2.05836393    2.05965318    0.96402911    1.04229477    1.33573401    1.09710201    1.07871163    1.34825328    1.61280226    1.49286377    1.74551751    1.41647793    1.62739593    1.38826490    1.93695803    0.82518858    1.43093145    1.04635906    1.40590108    1.06553356    0.96610881    0.99854901    0.91495958    1.00699648    1.14810336    1.47152389    1.50742811    1.29743208    1.73790060    1.27518406    1.50678425    1.65192164    1.61312056    2.04893219    1.94736849    2.19980879    1.95401279    1.74152223    1.89434054    2.07669411    1.78044125    1.72411971    1.92502944    1.97701270    1.85091452    1.80451026    2.06153194    1.92683858    2.07220345    1.79739067    2.14553121    1.92090086    2.03099600    1.95467091    2.11214030    1.95259883    0.58457729    0.66861628    0.81731875    0.82208174    0.78885671    0.75945017    0.80023359    1.31501406    1.21647365    1.12984400
E2C9T1_HARSA/15-126     1.13892593    1.12029101    0.81453020    1.44420343    0.87494206    0.99071306    1.43799913    0.75939658    0.87362362    0.82497002    0.86941995    0.76752994    1.46366208    1.10073086    1.17133038    1.01468637    0.82340169    0.81565691    0.00000000    0.58010718    0.63808025    0.88354366    0.80904527    0.86696193    0.89757012    1.16525664    0.88685229    1.02027829    0.94889192    0.90462494    1.58621025    1.32059105    1.55339674    1.50678141    1.49904649    1.90471306    1.41650538    2.07963678    2.17130330    2.25528182    2.21769378    2.20197984    2.54964571    1.82442558    1.97351395    1.86473864    1.69677534    1.69099911    1.74182466    1.94201487    2.04067420    2.14343897    2.04767214    2.03205328    0.95468369    1.03947037    1.15685653    0.99150254    1.04404188    1.59900716    1.36780264    1.40245096    1.73047873    1.39041868    1.75814159    1.49220933    2.12164384    1.08683243    1.24538679    0.95351715    1.36717118    1.18452127    1.08379462    1.08107650    1.01946826    1.18703861    1.13222181    1.67607003    1.68078782    1.41428611    2.13221785    1.46424358    1.65906804    1.78254954    2.05219338    1.80758876    1.90121470    2.02103952    1.89212657    1.75685966    1.68663028    1.96417471    1.69082634    1.82735817    2.08253117    1.94103466    1.96579951    1.95253675    2.18649896    1.75058067    2.06519411    1.85958962    2.00344093    1.86330451    1.68020719    1.94052470    2.02888688    1.96421045    0.83264381    0.66232496    0.99085448    0.92753400    1.00799313    0.92802816    0.81606721    1.25554352    1.21458612    0.95179386
A0A7M7G5W3_NASVI/25-136     1.08516506    0.98847233    0.72400870    1.18583145    0.78613962    0.91834949    1.20621930    0.60145528    0.73638015    0.72120303    0.64212876    0.63923292    1.14481146    0.91408965    1.11367423    0.83180611    0.69590869    0.72857903    0.58010718    0.00000000    0.28123818    0.57792474    0.62561211    0.60937839    0.50611847    0.77251419    0.60971692    0.86635668    0.84139744    0.76712007    1.47110046    1.39692694    1.46201553    1.49066348    1.30569481    1.71776334    1.37545174    2.10457354    1.99314907    2.05910229    2.10816444    2.05705336    2.24782982    1.88303801    1.92484014    1.94366433    1.83145801    1.82729792    1.74513887    1.87263355    1.95581162    1.92114211    2.04346854    1.98906963    0.84867026    1.04664603    1.13520497    0.81670252    0.85437650    1.35361833    1.37485374    1.22086595    1.70718667    1.12956933    1.67920153    1.31000571    1.88794400    0.76005618    1.35824202    0.88111379    1.16361351    1.06076313    0.99945083    1.03575743    0.96197975    1.12842265    0.98074737    1.68501529    1.51970464    1.30921707    2.01128938    1.53363004    1.49856959    1.98330557    1.80052883    1.84312415    2.05573765    1.90560549    2.14418534    1.93723959    1.93415149    2.14594713    1.83286210    1.75142354    1.98078787    1.98853870    2.04635471    2.07102254    1.86050453    1.62744897    1.87847429    1.69623688    1.94372519    1.67615299    1.80868881    1.85887908    1.95987103    1.97870432    0.62164943    0.62462278    0.84857810    0.84241370    0.84047147    0.81190029    0.70658970    0.86768752    1.19092014    1.01238519
A0A158NZ59_ATTCE/25-136     1.03213612    0.83688727    0.71546233    1.22644634    0.77072209    0.87677120    1.15264918    0.68238496    0.81786881    0.78555824    0.84720764    0.74882483    1.25749688    1.03420998    1.18036909    0.83007442    0.68641810    0.75706945    0.63808025    0.28123818    0.00000000    0.57392892    0.61645487    0.64043180    0.50029118    0.79042219    0.74628819    0.83498481    0.83207874    0.78289476    1.31461736    1.27167566    1.38479023    1.45505289    1.31847225    1.55558548    1.34555732    1.87205524    1.89500964    1.96294419    1.98394000    1.93042753    2.29477956    1.78903756    1.99729507    1.80655707    1.76955599    1.76852320    1.69081757    1.93479311    1.79989296    1.98921974    2.02053801    1.80408779    0.90992737    1.06475724    1.09961169    0.86341652    0.87814208    1.44652928    1.42242622    1.37424260    1.77443435    1.23570624    1.83008566    1.36084405    2.11042970    0.87933259    1.29027988    0.88128984    1.17751163    1.05512224    1.04007937    1.03692238    1.07418473    1.18113860    1.02993009    1.66634371    1.64416201    1.31098026    1.98595446    1.45554119    1.58040612    1.85392037    1.81956680    2.06423247    2.09952459    2.23972470    2.18201470    2.08374425    2.00386763    2.24096584    1.90303625    1.83551565    1.90566667    2.14484924    2.11758665    2.11761711    1.91413301    1.92882586    1.90509513    1.78613229    1.92896522    1.79470836    1.82794281    1.85327622    1.87464201    1.85359068    0.61004853    0.65360472    0.86191191    0.84918058    0.78913472    0.76662900    0.69151823    1.01830846    1.15884529    0.95503297
Q1HQX5_AEDAE/24-135     1.09076735    0.97913714    0.85189057    1.20188923    0.80830429    0.83412269    1.15943129    0.69073288    0.87415569    0.74221967    0.88485730    0.82085051    1.22504960    1.08747500    1.17381367    0.83889185    0.69824801    0.91195542    0.88354366    0.57792474    0.57392892    0.00000000    0.26894149    0.32392300    0.62281086    0.89807732    0.74615528    0.80758828    0.84425435    0.91692038    1.46315263    1.43339377    1.68112569    1.67279248    1.44198170    1.64509896    1.50209755    2.11711517    2.00132173    1.92390113    2.06083609    2.09418803    2.36643463    1.88375559    2.03557019    2.03997809    1.92213842    1.87164874    1.80337352    1.97211856    1.88601347    2.04801889    2.04985196    1.98250070    0.89593158    0.98188784    1.13216189    0.91430855    0.91701093    1.33231627    1.11141328    1.19022206    1.43111339    1.36041824    1.85180260    1.27218871    1.96901047    0.91152312    1.50055007    1.10329864    1.14092497    0.94356017    0.92216133    0.82575921    0.97804542    1.04226920    1.00388270    1.63155085    1.59207082    1.18923393    1.92379282    1.40251679    1.64156821    1.81293142    1.42500319    1.71970228    1.58888116    2.35720960    2.07234359    1.84494621    1.92196086    2.06227600    1.79321465    1.82743918    2.00329018    1.99720570    1.77241215    1.96090177    1.95533866    1.92805108    1.95417475    1.88487805    1.64262725    1.58919621    1.54874838    1.53929802    1.63311401    1.67188114    0.75434791    0.90786281    0.99861349    0.94844349    0.85405500    0.78823860    0.91174464    1.31541982    1.25262950    1.14019613
B0WXL5_CULQU/24-135     1.14617489    0.90959819    0.84421310    1.25600019    0.78304004    0.83844043    1.24058048    0.74181522    0.92650734    0.73427557    0.89989441    0.84669174    1.37617756    1.18366076    1.36012400    0.87004115    0.74636757    0.79830742    0.80904527    0.62561211    0.61645487    0.26894149    0.00000000    0.34350426    0.66578504    1.02675032    0.82819744    0.90066716    0.98651108    0.89210337    1.46962248    1.43389351    1.61400534    1.62922454    1.39196662    1.64824860    1.47595237    2.24557829    2.17323860    2.16909025    2.22376325    2.22929708    2.46155279    1.92377263    2.09795491    2.14693209    1.99224675    2.02295696    1.96549998    2.15689946    2.17978388    2.17088460    2.19902781    2.25489839    1.01933275    1.14824042    1.32597133    1.13724084    1.03145059    1.51070843    1.25079089    1.35370526    1.61087582    1.58189554    2.04581630    1.32488626    2.16788988    0.95752099    1.44736178    1.20053469    1.22156077    0.97524343    1.01952211    0.88883671    1.02927273    1.13995699    1.11713242    1.67797510    1.67080185    1.33032624    1.96948461    1.44194170    1.68067463    1.96531526    1.61107385    1.94554306    1.77611725    2.40430835    2.07101998    1.95529695    2.03723692    2.10922274    1.81710352    1.78632432    2.07003382    2.15413143    1.96742472    2.08537884    1.94239357    2.00871173    2.07152582    1.87314462    1.75666211    1.65299144    1.77324356    1.66654350    1.85264425    1.91713993    0.80085463    0.89119076    0.97978294    0.87263493    0.85038762    0.74172692    0.84942289    1.28874121    1.30786034    1.12301334
