31
A4CKE5_ROBBH/1275-1442     0.00000000    1.67114229    1.66099441    2.22436348    2.12146609    2.73572229    2.89385698    2.68366696    2.59289929    2.26496989    2.43708535    2.50874354    3.01472411    2.88556420    2.83096036    2.89594154    3.11152892    2.78342738    3.02883745    2.66242561    2.46711418    2.63341038    2.84878166    2.59419330    2.39463338    2.31782928    2.29594984    3.10860610    2.77068483    2.71281773    2.83402663
A4AT33_MARSH/904-1052     1.67114229    0.00000000    0.60222358    1.53094416    1.30213518    1.94327168    2.17109146    1.71998585    1.69181994    1.61921578    1.51034485    1.57595950    1.86682475    1.88704027    1.58387012    1.43140654    1.75473742    1.96584468    1.85179559    1.88644827    1.96770815    1.82360761    2.15332574    1.85297313    1.82649552    1.92894014    1.79104367    2.02575636    1.64112057    1.76632655    2.08452045
A4AUK4_MARSH/903-1051     1.66099441    0.60222358    0.00000000    1.59279408    1.55103577    2.17622318    2.31748443    1.82507815    1.87446744    1.92267966    1.85860106    1.74952489    1.83275759    1.88808739    1.76551512    1.71808103    2.08654742    2.16665691    2.07101780    1.84380649    1.92262968    2.09110671    2.24820871    1.97284592    1.85242816    1.92902419    1.90145615    2.27311043    2.00266108    1.85061833    2.23607811
A4CK28_ROBBH/332-497     2.22436348    1.53094416    1.59279408    0.00000000    1.57869169    2.16248661    3.00660964    2.60143449    2.34108838    2.06300246    2.00007412    2.36758071    2.65421454    2.22227378    2.18925808    2.17032089    2.40233067    2.61331501    2.86585724    2.34789426    2.74265112    2.54265790    2.45984721    2.71891471    2.68024496    2.74076212    2.24213686    2.21471937    2.79175785    2.27612976    2.39423549
Q21PD3_SACD2/360-498     2.12146609    1.30213518    1.55103577    1.57869169    0.00000000    2.39365897    2.31338763    1.77740060    1.74750247    2.08657480    2.05002678    1.81210443    2.16246754    2.25791312    1.73551263    1.75418777    2.32272855    1.93897498    2.03190927    1.96710489    2.20147882    2.23536230    2.89181616    2.54434935    2.52182587    2.35778564    2.10086870    2.29628031    2.30971358    2.09660864    2.71290426
Q7UIV5_RHOBA/6-153     2.73572229    1.94327168    2.17622318    2.16248661    2.39365897    0.00000000    3.04013788    2.44061465    2.11102109    2.39502671    2.62283137    2.37461218    3.39850544    2.63197805    2.92135967    2.64588369    2.92972428    2.67992669    2.56967252    2.37539547    2.71152461    2.96371049    3.16864126    2.94778650    3.08242902    3.00272123    2.86112700    2.75862162    2.69133236    2.47096214    3.29230143
Q231X5_TETTS/32-203     2.89385698    2.17109146    2.31748443    3.00660964    2.31338763    3.04013788    0.00000000    2.35787308    2.25226942    2.23782047    2.37700121    2.32839180    2.90113663    2.71664130    2.53751959    2.68034945    2.14188819    2.26576865    2.17868678    3.16027451    2.92604042    3.12288578    3.25186349    2.10833064    2.68114640    2.81454600    2.64397495    2.95268453    2.68114450    3.21441760    3.30777046
A8X3B8_CAEBR/29-187     2.68366696    1.71998585    1.82507815    2.60143449    1.77740060    2.44061465    2.35787308    0.00000000    0.34734732    1.01535744    1.10270592    1.02373865    1.62789349    2.32603297    2.03173378    2.22624647    1.75469416    1.67832557    1.71849198    2.28289937    2.27689796    2.46158482    2.96482976    2.85736840    2.51364732    2.17075121    2.39808667    2.63433606    3.06691752    2.87474850    2.89202442
Q95QG1_CAEEL/43-202     2.59289929    1.69181994    1.87446744    2.34108838    1.74750247    2.11102109    2.25226942    0.34734732    0.00000000    1.00429917    1.10657421    0.98189921    1.64559393    2.19708625    1.87591030    2.12063747    1.72338597    1.51017566    1.67608703    2.22648821    2.15451608    2.38885218    2.66646704    2.30407622    2.36626566    2.08117933    2.27940729    2.57420803    2.83719535    2.87320302    2.81955835
A6H797_BOVIN/39-199     2.26496989    1.61921578    1.92267966    2.06300246    2.08657480    2.39502671    2.23782047    1.01535744    1.00429917    0.00000000    0.76708420    0.69510245    1.92435155    2.18154346    2.00302595    1.94790861    1.61273506    1.60453643    1.64888360    2.47587421    2.72446988    2.85898770    2.86995550    2.71890150    2.60235138    2.50640739    2.47532232    2.49899436    3.23306416    2.77287548    2.69954428
Q17BA6_AEDAE/29-192     2.43708535    1.51034485    1.85860106    2.00007412    2.05002678    2.62283137    2.37700121    1.10270592    1.10657421    0.76708420    0.00000000    0.68721321    1.76131898    2.03487178    1.76191813    1.86685141    1.49218425    1.59442219    1.34818679    2.61861950    3.19532660    3.23991385    3.62689506    2.99982089    2.89365434    2.64250060    2.33881285    2.25245588    2.97452730    2.92535635    3.04194646
A7RLY6_NEMVE/27-185     2.50874354    1.57595950    1.74952489    2.36758071    1.81210443    2.37461218    2.32839180    1.02373865    0.98189921    0.69510245    0.68721321    0.00000000    1.71401752    2.04476544    1.90406146    1.98199796    1.60437428    1.61537570    1.65009306    2.57322381    2.42011855    2.94029756    3.15069882    2.58597253    2.46426643    2.42908893    2.59759562    2.28332229    2.89264100    2.77587998    3.06718497
A0C5E5_PARTE/21-187     3.01472411    1.86682475    1.83275759    2.65421454    2.16246754    3.39850544    2.90113663    1.62789349    1.64559393    1.92435155    1.76131898    1.71401752    0.00000000    2.04210511    1.78732507    1.90441173    1.45135471    1.37973039    1.37912046    2.32114845    2.49592769    2.90846734    3.47711634    2.48012354    2.68035347    2.82529464    2.67111140    2.83192319    2.44612680    2.48643743    3.04124028
A0CEJ8_PARTE/2-159     2.88556420    1.88704027    1.88808739    2.22227378    2.25791312    2.63197805    2.71664130    2.32603297    2.19708625    2.18154346    2.03487178    2.04476544    2.04210511    0.00000000    1.05223144    1.06234517    1.98181520    2.24212047    1.89552704    2.84504691    2.79284446    3.07606825    2.89655275    2.62267858    2.87240824    2.79702378    2.45253183    2.26173783    2.24896990    2.46241138    2.78733387
A0DJ13_PARTE/493-661     2.83096036    1.58387012    1.76551512    2.18925808    1.73551263    2.92135967    2.53751959    2.03173378    1.87591030    2.00302595    1.76191813    1.90406146    1.78732507    1.05223144    0.00000000    0.31098499    1.45989582    1.63082044    1.57892716    2.71311721    2.81991824    3.14977886    3.23692696    3.01347891    2.98513598    2.34781504    2.52000977    2.33687281    2.58870999    2.18299727    2.83596323
A0DRE8_PARTE/13-175     2.89594154    1.43140654    1.71808103    2.17032089    1.75418777    2.64588369    2.68034945    2.22624647    2.12063747    1.94790861    1.86685141    1.98199796    1.90441173    1.06234517    0.31098499    0.00000000    1.68562715    1.69211676    1.66544094    3.00140022    3.11770160    3.11008688    3.32603543    3.12846444    3.32226633    2.75008182    2.50784501    2.44178967    2.54435460    2.12159052    2.74222523
Q22CM9_TETTS/26-197     3.11152892    1.75473742    2.08654742    2.40233067    2.32272855    2.92972428    2.14188819    1.75469416    1.72338597    1.61273506    1.49218425    1.60437428    1.45135471    1.98181520    1.45989582    1.68562715    0.00000000    1.24895796    1.32692567    2.55992036    2.79600287    3.01802921    2.93961945    2.77458648    2.88607491    2.74429059    2.79240987    2.51946462    2.78945270    2.80366940    2.86611292
A0D555_PARTE/21-188     2.78342738    1.96584468    2.16665691    2.61331501    1.93897498    2.67992669    2.26576865    1.67832557    1.51017566    1.60453643    1.59442219    1.61537570    1.37973039    2.24212047    1.63082044    1.69211676    1.24895796    0.00000000    0.83580299    2.37509461    2.75476604    2.89394182    3.22003146    2.74256930    2.37335165    2.40206812    2.47673561    2.43443532    2.25008162    2.29310490    2.74670930
Q232Z6_TETTS/33-200     3.02883745    1.85179559    2.07101780    2.86585724    2.03190927    2.56967252    2.17868678    1.71849198    1.67608703    1.64888360    1.34818679    1.65009306    1.37912046    1.89552704    1.57892716    1.66544094    1.32692567    0.83580299    0.00000000    2.64482455    3.00137906    3.27341130    3.31099961    3.23370332    2.99868024    3.00946970    2.60881829    2.69664298    2.89846433    2.69399311    2.95628858
Y3148_ARATH/403-590     2.66242561    1.88644827    1.84380649    2.34789426    1.96710489    2.37539547    3.16027451    2.28289937    2.22648821    2.47587421    2.61861950    2.57322381    2.32114845    2.84504691    2.71311721    3.00140022    2.55992036    2.37509461    2.64482455    0.00000000    0.73676003    1.14285330    1.00163413    1.11947536    1.32689787    1.38106423    2.71816092    2.51088924    2.23493302    2.12062961    2.66335550
Y1534_ARATH/364-548     2.46711418    1.96770815    1.92262968    2.74265112    2.20147882    2.71152461    2.92604042    2.27689796    2.15451608    2.72446988    3.19532660    2.42011855    2.49592769    2.79284446    2.81991824    3.11770160    2.79600287    2.75476604    3.00137906    0.73676003    0.00000000    1.13895661    1.02586350    1.21353440    1.19127055    1.33972617    2.28578027    2.68334209    2.31540803    2.10293498    2.56178520
Y5343_ARATH/408-592     2.63341038    1.82360761    2.09110671    2.54265790    2.23536230    2.96371049    3.12288578    2.46158482    2.38885218    2.85898770    3.23991385    2.94029756    2.90846734    3.07606825    3.14977886    3.11008688    3.01802921    2.89394182    3.27341130    1.14285330    1.13895661    0.00000000    1.03128763    1.15850988    1.25043418    1.31449226    2.54821136    2.68787801    2.30893780    2.36024033    2.75375242
Y1972_ARATH/435-593     2.84878166    2.15332574    2.24820871    2.45984721    2.89181616    3.16864126    3.25186349    2.96482976    2.66646704    2.86995550    3.62689506    3.15069882    3.47711634    2.89655275    3.23692696    3.32603543    2.93961945    3.22003146    3.31099961    1.00163413    1.02586350    1.03128763    0.00000000    1.02394104    1.28741630    1.30689487    2.40765738    2.84528572    2.90625361    2.59327125    3.18063812
RKF1_ARATH/416-604     2.59419330    1.85297313    1.97284592    2.71891471    2.54434935    2.94778650    2.10833064    2.85736840    2.30407622    2.71890150    2.99982089    2.58597253    2.48012354    2.62267858    3.01347891    3.12846444    2.77458648    2.74256930    3.23370332    1.11947536    1.21353440    1.15850988    1.02394104    0.00000000    1.32052557    1.30305737    2.77837282    2.50887139    2.33250733    2.64365070    3.02178688
Y5614_ARATH/424-612     2.39463338    1.82649552    1.85242816    2.68024496    2.52182587    3.08242902    2.68114640    2.51364732    2.36626566    2.60235138    2.89365434    2.46426643    2.68035347    2.87240824    2.98513598    3.32226633    2.88607491    2.37335165    2.99868024    1.32689787    1.19127055    1.25043418    1.28741630    1.32052557    0.00000000    0.82344717    2.38218481    3.27264672    2.40547528    2.53951905    2.56462351
Q6ZKW6_ORYSJ/422-609     2.31782928    1.92894014    1.92902419    2.74076212    2.35778564    3.00272123    2.81454600    2.17075121    2.08117933    2.50640739    2.64250060    2.42908893    2.82529464    2.79702378    2.34781504    2.75008182    2.74429059    2.40206812    3.00946970    1.38106423    1.33972617    1.31449226    1.30689487    1.30305737    0.82344717    0.00000000    2.48723207    3.03722057    2.80668926    2.77530337    3.14269148
A6L3S6_BACV8/1081-1251     2.29594984    1.79104367    1.90145615    2.24213686    2.10086870    2.86112700    2.64397495    2.39808667    2.27940729    2.47532232    2.33881285    2.59759562    2.67111140    2.45253183    2.52000977    2.50784501    2.79240987    2.47673561    2.60881829    2.71816092    2.28578027    2.54821136    2.40765738    2.77837282    2.38218481    2.48723207    0.00000000    2.11552388    2.21367768    2.00376508    2.57209894
Q01RD0_SOLUE/183-344     3.10860610    2.02575636    2.27311043    2.21471937    2.29628031    2.75862162    2.95268453    2.63433606    2.57420803    2.49899436    2.25245588    2.28332229    2.83192319    2.26173783    2.33687281    2.44178967    2.51946462    2.43443532    2.69664298    2.51088924    2.68334209    2.68787801    2.84528572    2.50887139    3.27264672    3.03722057    2.11552388    0.00000000    1.51085944    1.51088488    2.05154895
Q01NB6_SOLUE/205-356     2.77068483    1.64112057    2.00266108    2.79175785    2.30971358    2.69133236    2.68114450    3.06691752    2.83719535    3.23306416    2.97452730    2.89264100    2.44612680    2.24896990    2.58870999    2.54435460    2.78945270    2.25008162    2.89846433    2.23493302    2.31540803    2.30893780    2.90625361    2.33250733    2.40547528    2.80668926    2.21367768    1.51085944    0.00000000    1.20828897    1.60476769
Q021C7_SOLUE/211-363     2.71281773    1.76632655    1.85061833    2.27612976    2.09660864    2.47096214    3.21441760    2.87474850    2.87320302    2.77287548    2.92535635    2.77587998    2.48643743    2.46241138    2.18299727    2.12159052    2.80366940    2.29310490    2.69399311    2.12062961    2.10293498    2.36024033    2.59327125    2.64365070    2.53951905    2.77530337    2.00376508    1.51088488    1.20828897    0.00000000    1.44754644
Q026G9_SOLUE/209-373     2.83402663    2.08452045    2.23607811    2.39423549    2.71290426    3.29230143    3.30777046    2.89202442    2.81955835    2.69954428    3.04194646    3.06718497    3.04124028    2.78733387    2.83596323    2.74222523    2.86611292    2.74670930    2.95628858    2.66335550    2.56178520    2.75375242    3.18063812    3.02178688    2.56462351    3.14269148    2.57209894    2.05154895    1.60476769    1.44754644    0.00000000

