9
Q6YQ91_ONYPE/145-194     0.00000000    1.22557100    1.67655678    2.71817219    1.95046796    2.10031595    1.72035374    1.80847894    1.74086500
Q6YR55_ONYPE/163-214     1.22557100    0.00000000    1.64215368    2.93849072    1.91354398    2.26437077    1.99273211    1.58474049    2.26094163
Q6YQH3_ONYPE/34-85     1.67655678    1.64215368    0.00000000    2.98211752    0.97930809    1.37356267    1.21865624    1.09318484    1.44424428
Q6YQF9_ONYPE/134-196     2.71817219    2.93849072    2.98211752    0.00000000    1.94454255    2.92925682    1.94948964    2.85741306    2.33326272
Q6YQH3_ONYPE/86-136     1.95046796    1.91354398    0.97930809    1.94454255    0.00000000    1.10942339    1.33912625    1.19159828    1.23090292
Q6YQB6_ONYPE/276-325     2.10031595    2.26437077    1.37356267    2.92925682    1.10942339    0.00000000    1.23613583    1.27405718    1.63942514
Q6YQQ9_ONYPE/326-375     1.72035374    1.99273211    1.21865624    1.94948964    1.33912625    1.23613583    0.00000000    0.82315995    1.49066806
Q6YQQ9_ONYPE/275-325     1.80847894    1.58474049    1.09318484    2.85741306    1.19159828    1.27405718    0.82315995    0.00000000    1.12587935
Q6YQF9_ONYPE/262-314     1.74086500    2.26094163    1.44424428    2.33326272    1.23090292    1.63942514    1.49066806    1.12587935    0.00000000

