17
H2FWV1_OCESG/1-237     0.00000000    1.04960477    1.27295162    1.51026709    1.40691231    1.46748822    1.69717087    1.62468336    1.58155923    1.41864359    1.49035547    1.47460887    1.55823053    1.42977526    2.17388346    2.18955658    1.62268051
A0KK69_AERHH/1-243     1.04960477    0.00000000    1.09916915    1.28786833    1.23444444    1.32016489    1.58437376    1.44982984    1.44866900    1.19214150    1.42070524    1.42162312    1.37325568    1.28210457    1.90510051    2.04253948    1.39665238
Q6LTK6_PHOPR/1-233     1.27295162    1.09916915    0.00000000    1.01849831    0.99287758    0.98282195    1.57773973    1.24894754    1.50635795    1.41023613    1.46031294    1.35164815    1.35185672    1.06789712    1.92611928    2.29226142    1.37816667
Q9KT61_VIBCH/11-249     1.51026709    1.28786833    1.01849831    0.00000000    0.49567241    0.43961185    1.75768223    1.39860897    1.52947595    1.45183343    1.59539166    1.63211918    1.59321261    1.32481603    2.26863047    2.08429933    1.85349549
B7VL44_VIBA3/1-238     1.40691231    1.23444444    0.99287758    0.49567241    0.00000000    0.42430581    1.58685821    1.45667405    1.63460092    1.57013379    1.54299083    1.56019769    1.54925536    1.45533887    2.04597722    2.22415639    1.60682423
Q87MM0_VIBPA/1-239     1.46748822    1.32016489    0.98282195    0.43961185    0.42430581    0.00000000    1.53684080    1.44474170    1.45637678    1.38962737    1.50689651    1.43367420    1.38640551    1.41656376    2.16484334    2.09623115    1.76032516
G4QKC2_GLANF/1-230     1.69717087    1.58437376    1.57773973    1.75768223    1.58685821    1.53684080    0.00000000    1.15295190    1.35889659    1.32709587    1.39840155    1.39659141    1.45498678    1.35781640    1.97565230    2.25708928    1.59005900
K7AQ20_9ALTE/1-231     1.62468336    1.44982984    1.24894754    1.39860897    1.45667405    1.44474170    1.15295190    0.00000000    1.13484537    1.03958651    1.05450807    1.09330538    1.17820650    1.06268131    1.96396383    1.97892471    1.41157574
A1S7M5_SHEAM/1-233     1.58155923    1.44866900    1.50635795    1.52947595    1.63460092    1.45637678    1.35889659    1.13484537    0.00000000    0.61224028    0.68876551    0.74186590    0.77330597    0.89910422    2.31799127    2.06633228    1.47795907
Q8ECN8_SHEON/1-233     1.41864359    1.19214150    1.41023613    1.45183343    1.57013379    1.38962737    1.32709587    1.03958651    0.61224028    0.00000000    0.50734164    0.56857596    0.58626668    1.03213748    2.16478120    2.09533263    1.45844056
D4ZMI7_SHEVD/1-233     1.49035547    1.42070524    1.46031294    1.59539166    1.54299083    1.50689651    1.39840155    1.05450807    0.68876551    0.50734164    0.00000000    0.59214134    0.63637986    1.02121361    2.21680127    2.04511624    1.31737105
Q07ZN9_SHEFN/1-234     1.47460887    1.42162312    1.35164815    1.63211918    1.56019769    1.43367420    1.39659141    1.09330538    0.74186590    0.56857596    0.59214134    0.00000000    0.50892687    1.01449719    2.08280736    2.06862582    1.42604823
Q12P20_SHEDO/1-233     1.55823053    1.37325568    1.35185672    1.59321261    1.54925536    1.38640551    1.45498678    1.17820650    0.77330597    0.58626668    0.63637986    0.50892687    0.00000000    1.08354840    2.26480770    2.20665077    1.45861469
E1SQ70_FERBD/1-227     1.42977526    1.28210457    1.06789712    1.32481603    1.45533887    1.41656376    1.35781640    1.06268131    0.89910422    1.03213748    1.02121361    1.01449719    1.08354840    0.00000000    1.93964555    1.99086856    1.31326869
S6C112_9GAMM/1-232     2.17388346    1.90510051    1.92611928    2.26863047    2.04597722    2.16484334    1.97565230    1.96396383    2.31799127    2.16478120    2.21680127    2.08280736    2.26480770    1.93964555    0.00000000    1.84150790    2.06914513
Q31ER1_HYDCU/1-248     2.18955658    2.04253948    2.29226142    2.08429933    2.22415639    2.09623115    2.25708928    1.97892471    2.06633228    2.09533263    2.04511624    2.06862582    2.20665077    1.99086856    1.84150790    0.00000000    2.09089448
Q3IEF1_PSET1/1-248     1.62268051    1.39665238    1.37816667    1.85349549    1.60682423    1.76032516    1.59005900    1.41157574    1.47795907    1.45844056    1.31737105    1.42604823    1.45861469    1.31326869    2.06914513    2.09089448    0.00000000

