22
W5KV90_ASTMX/401-448     0.00000000    0.26258108    0.31169758    0.35860927    0.44824050    0.62870099    0.49572774    0.63481426    0.47249642    0.62415646    0.58516917    0.55874924    0.45041065    0.91363683    0.60949903    0.73947096    0.82623612    0.85640442    0.48866745    0.68258626    0.63534504    0.64033384
H3CI16_TETNG/426-473     0.26258108    0.00000000    0.42410793    0.51688180    0.47229753    0.77900116    0.53861000    0.69780487    0.58282081    0.91343472    0.72741076    0.68159930    0.56796243    1.13106401    0.71966801    0.77886074    0.94908812    0.97289214    0.64446413    0.86904078    0.80351683    0.69222551
H2ZZT1_LATCH/434-481     0.31169758    0.42410793    0.00000000    0.23816176    0.36228830    0.52847056    0.33647605    0.40390807    0.49143510    0.69687909    0.58271852    0.50063096    0.48707573    0.83990481    0.69973291    0.72524238    0.73490848    0.65926585    0.46067379    0.68660928    0.52385063    0.56126050
Q8CDG4_MOUSE/72-119     0.35860927    0.51688180    0.23816176    0.00000000    0.38880295    0.63650377    0.43945160    0.52185197    0.64994229    0.81689075    0.73126892    0.70736994    0.57073503    0.90036937    0.89583839    0.89192889    0.90602417    0.76313955    0.65304831    0.83041429    0.70987289    0.75590772
STK4_XENTR/431-478     0.44824050    0.47229753    0.36228830    0.38880295    0.00000000    0.66304755    0.48470375    0.49578808    0.60649843    0.88301053    0.79240746    0.67992058    0.63034310    0.99268599    0.89144832    0.89576014    0.96099109    0.87802456    0.68063540    0.79934637    0.71178494    0.69704439
B3SA46_TRIAD/409-456     0.62870099    0.77900116    0.52847056    0.63650377    0.66304755    0.00000000    0.58980739    0.55323323    0.56328622    0.96500552    0.73991421    0.69130609    0.55721051    0.82181695    0.85035333    0.95012863    0.90326179    0.82439775    0.51179562    0.62763111    0.59652676    0.72109005
W5MUB8_LEPOC/364-411     0.49572774    0.53861000    0.33647605    0.43945160    0.48470375    0.58980739    0.00000000    0.30486804    0.25625912    0.75934696    0.52751390    0.33576249    0.39624956    0.73965377    0.69559095    0.66102504    0.60319613    0.56996240    0.35748041    0.43687986    0.37350281    0.38304739
H2Z342_CIOSA/437-484     0.63481426    0.69780487    0.40390807    0.52185197    0.49578808    0.55323323    0.30486804    0.00000000    0.48728188    0.84650336    0.64138430    0.54995709    0.64615918    0.72970932    0.80406664    0.80498334    0.87042070    0.71830712    0.56988889    0.65222116    0.55807454    0.54971621
K1PMC6_CRAGI/488-535     0.47249642    0.58282081    0.49143510    0.64994229    0.60649843    0.56328622    0.25625912    0.48728188    0.00000000    0.67498378    0.46715305    0.37544711    0.44874261    0.73964313    0.61168837    0.64949055    0.65568467    0.60527233    0.33567652    0.46278453    0.38578982    0.38918633
CST1_CAEBR/443-490     0.62415646    0.91343472    0.69687909    0.81689075    0.88301053    0.96500552    0.75934696    0.84650336    0.67498378    0.00000000    0.51018765    0.55238087    0.60066594    1.10373479    0.94577865    0.79803350    1.06315719    0.87829181    0.61087861    0.64721863    0.62085986    0.71957335
T1K9Y4_TETUR/498-545     0.58516917    0.72741076    0.58271852    0.73126892    0.79240746    0.73991421    0.52751390    0.64138430    0.46715305    0.51018765    0.00000000    0.38548693    0.53412813    0.85359695    0.69177054    0.62949241    0.79985039    0.61972402    0.39455278    0.48743553    0.40400406    0.42012217
C3ZQM9_BRAFL/434-481     0.55874924    0.68159930    0.50063096    0.70736994    0.67992058    0.69130609    0.33576249    0.54995709    0.37544711    0.55238087    0.38548693    0.00000000    0.36526813    0.71872091    0.79082400    0.66937396    0.72214115    0.55984446    0.35614481    0.47098342    0.39448029    0.46881881
A7S0A8_NEMVE/55-102     0.45041065    0.56796243    0.48707573    0.57073503    0.63034310    0.55721051    0.39624956    0.64615918    0.44874261    0.60066594    0.53412813    0.36526813    0.00000000    0.92828812    0.81672633    0.72368440    0.71290179    0.67134911    0.32190365    0.45051820    0.42177175    0.45695269
A0A1X7V7X3_AMPQE/411-457     0.91363683    1.13106401    0.83990481    0.90036937    0.99268599    0.82181695    0.73965377    0.72970932    0.73964313    1.10373479    0.85359695    0.71872091    0.92828812    0.00000000    0.88938725    0.92900323    0.86451571    0.97279542    0.74720314    0.85425066    0.76217935    0.75673157
H9JVB5_BOMMO/383-427     0.60949903    0.71966801    0.69973291    0.89583839    0.89144832    0.85035333    0.69559095    0.80406664    0.61168837    0.94577865    0.69177054    0.79082400    0.81672633    0.88938725    0.00000000    0.46715809    0.99707835    1.00453059    0.61705247    0.89265141    0.75120791    0.77967790
A0A212ERT2_DANPL/485-532     0.73947096    0.77886074    0.72524238    0.89192889    0.89576014    0.95012863    0.66102504    0.80498334    0.64949055    0.79803350    0.62949241    0.66937396    0.72368440    0.92900323    0.46715809    0.00000000    0.78450826    0.80629826    0.49908516    0.73921092    0.63960976    0.67259398
T1GK30_MEGSC/208-255     0.82623612    0.94908812    0.73490848    0.90602417    0.96099109    0.90326179    0.60319613    0.87042070    0.65568467    1.06315719    0.79985039    0.72214115    0.71290179    0.86451571    0.99707835    0.78450826    0.00000000    0.55331920    0.68366745    0.75154221    0.62917054    0.61113598
B4KT41_DROMO/611-658     0.85640442    0.97289214    0.65926585    0.76313955    0.87802456    0.82439775    0.56996240    0.71830712    0.60527233    0.87829181    0.61972402    0.55984446    0.67134911    0.97279542    1.00453059    0.80629826    0.55331920    0.00000000    0.49478585    0.58118948    0.45713261    0.55332475
E2AJC0_CAMFO/239-286     0.48866745    0.64446413    0.46067379    0.65304831    0.68063540    0.51179562    0.35748041    0.56988889    0.33567652    0.61087861    0.39455278    0.35614481    0.32190365    0.74720314    0.61705247    0.49908516    0.68366745    0.49478585    0.00000000    0.20219260    0.21967410    0.30086504
A0A7M7QVF2_NASVI/467-514     0.68258626    0.86904078    0.68660928    0.83041429    0.79934637    0.62763111    0.43687986    0.65222116    0.46278453    0.64721863    0.48743553    0.47098342    0.45051820    0.85425066    0.89265141    0.73921092    0.75154221    0.58118948    0.20219260    0.00000000    0.23468476    0.33547268
J9K8L2_ACYPI/487-534     0.63534504    0.80351683    0.52385063    0.70987289    0.71178494    0.59652676    0.37350281    0.55807454    0.38578982    0.62085986    0.40400406    0.39448029    0.42177175    0.76217935    0.75120791    0.63960976    0.62917054    0.45713261    0.21967410    0.23468476    0.00000000    0.21457996
E9GI23_DAPPU/442-486     0.64033384    0.69222551    0.56126050    0.75590772    0.69704439    0.72109005    0.38304739    0.54971621    0.38918633    0.71957335    0.42012217    0.46881881    0.45695269    0.75673157    0.77967790    0.67259398    0.61113598    0.55332475    0.30086504    0.33547268    0.21457996    0.00000000

