13
C5DYW5_ZYGRC/14-364     0.00000000    1.21377964    1.28549727    1.37143385    1.48109187    1.36634323    1.30546930    1.39303640    1.54461305    1.61046405    1.65661838    1.80629455    2.23669056
G8ZQK5_TORDC/17-366     1.21377964    0.00000000    1.29628799    1.61492885    1.67888268    1.17135585    1.34571421    1.44261626    1.84412982    1.52707460    1.47267674    1.85995919    2.13295664
A7TF57_VANPO/11-362     1.28549727    1.29628799    0.00000000    1.18838408    1.45010232    1.33753564    1.20858049    1.40209187    1.50018704    1.38063288    1.58607346    1.80740091    2.00596482
G8BQ21_TETPH/12-363     1.37143385    1.61492885    1.18838408    0.00000000    1.61905814    1.30398519    1.34262239    1.50072150    1.67663360    1.61298421    1.65386209    1.73698460    1.97412941
Q6FNZ0_CANGA/3-351     1.48109187    1.67888268    1.45010232    1.61905814    0.00000000    1.27656444    1.43118862    1.49230711    1.62950699    1.69023652    1.82501089    1.89596100    2.32868519
G0WD68_NAUDC/10-396     1.36634323    1.17135585    1.33753564    1.30398519    1.27656444    0.00000000    0.87126483    1.04445050    1.46670626    1.44104851    1.34463824    1.79975517    2.15258522
G0V593_NAUCC/12-369     1.30546930    1.34571421    1.20858049    1.34262239    1.43118862    0.87126483    0.00000000    1.13956685    1.37406160    1.30753517    1.42092753    1.66389291    2.06396837
H2AUI4_KAZAF/5-354     1.39303640    1.44261626    1.40209187    1.50072150    1.49230711    1.04445050    1.13956685    0.00000000    1.31117904    1.59951713    1.47097040    1.65275681    2.18668304
J7S867_KAZNA/7-376     1.54461305    1.84412982    1.50018704    1.67663360    1.62950699    1.46670626    1.37406160    1.31117904    0.00000000    1.82168272    1.77126217    2.10462686    2.24720737
I2GW53_TETBL/23-390     1.61046405    1.52707460    1.38063288    1.61298421    1.69023652    1.44104851    1.30753517    1.59951713    1.82168272    0.00000000    1.61381385    1.89255812    2.20205575
C5DK93_LACTC/23-365     1.65661838    1.47267674    1.58607346    1.65386209    1.82501089    1.34463824    1.42092753    1.47097040    1.77126217    1.61381385    0.00000000    1.56254573    1.72260049
Q6CUS2_KLULA/12-352     1.80629455    1.85995919    1.80740091    1.73698460    1.89596100    1.79975517    1.66389291    1.65275681    2.10462686    1.89255812    1.56254573    0.00000000    1.89812638
Q752C3_ASHGO/45-390     2.23669056    2.13295664    2.00596482    1.97412941    2.32868519    2.15258522    2.06396837    2.18668304    2.24720737    2.20205575    1.72260049    1.89812638    0.00000000

