15
N1SAW5_FUSC4/218-282     0.00000000    0.33807073    1.16291450    1.39734498    1.41910402    1.27838548    1.31800279    0.80130544    1.03428425    1.22846663    1.17959183    0.67145088    0.68489836    0.71238066    1.02690576
F9G9K1_FUSOF/218-282     0.33807073    0.00000000    1.37090514    1.42121866    1.91707395    1.96811400    2.01563973    0.88487151    1.09877974    1.66250149    1.25157117    0.78314161    0.77143194    0.79300164    1.01634754
F0XBA7_GROCL/221-284     1.16291450    1.37090514    0.00000000    1.73324295    2.26184641    1.89036580    1.86245345    1.52416895    1.55739121    1.86099545    1.33749251    1.37303496    1.51939081    1.34526893    1.56332095
C7Z0B6_FUSV7/219-283     1.39734498    1.42121866    1.73324295    0.00000000    1.65638680    1.22246326    1.58956808    1.51045820    1.50178779    1.58142401    1.67835721    1.32254770    1.58305636    1.49815623    1.91506866
N1RZN1_FUSC4/222-281     1.41910402    1.91707395    2.26184641    1.65638680    0.00000000    0.55550929    0.72350437    1.54804327    1.36975063    1.82268507    1.61342077    1.61266251    1.62355414    1.71557581    2.21491001
N1S7C8_FUSC4/219-281     1.27838548    1.96811400    1.89036580    1.22246326    0.55550929    0.00000000    0.43575990    1.61984801    1.44381811    1.44873520    1.48133258    1.51700733    1.39665494    1.65899233    2.23564336
I1RV80_GIBZE/219-281     1.31800279    2.01563973    1.86245345    1.58956808    0.72350437    0.43575990    0.00000000    1.72443348    1.56424912    1.71707116    1.94175039    1.67026442    1.57559104    1.69930512    2.65599744
HETS_PODAN/218-282     0.80130544    0.88487151    1.52416895    1.51045820    1.54804327    1.61984801    1.72443348    0.00000000    0.58903234    1.15063650    1.16266699    1.01509982    1.01315675    1.05396188    1.62522518
G9MSV6_HYPVG/218-282     1.03428425    1.09877974    1.55739121    1.50178779    1.36975063    1.44381811    1.56424912    0.58903234    0.00000000    0.61841857    0.54746539    1.24580955    1.32568829    1.23990790    1.37212083
I1S1J5_GIBZE/218-282     1.22846663    1.66250149    1.86099545    1.58142401    1.82268507    1.44873520    1.71707116    1.15063650    0.61841857    0.00000000    0.74470918    1.40568865    1.44775416    1.35112391    1.74030923
G9NUU9_HYPAI/220-284     1.17959183    1.25157117    1.33749251    1.67835721    1.61342077    1.48133258    1.94175039    1.16266699    0.54746539    0.74470918    0.00000000    1.39518764    1.46479221    1.43515576    1.33521769
N1S9I4_FUSC4/214-278     0.67145088    0.78314161    1.37303496    1.32254770    1.61266251    1.51700733    1.67026442    1.01509982    1.24580955    1.40568865    1.39518764    0.00000000    0.34821650    0.27287688    1.13607698
C7YKW2_FUSV7/220-282     0.68489836    0.77143194    1.51939081    1.58305636    1.62355414    1.39665494    1.57559104    1.01315675    1.32568829    1.44775416    1.46479221    0.34821650    0.00000000    0.37028526    1.25248092
C7ZCX3_FUSV7/213-277     0.71238066    0.79300164    1.34526893    1.49815623    1.71557581    1.65899233    1.69930512    1.05396188    1.23990790    1.35112391    1.43515576    0.27287688    0.37028526    0.00000000    1.09554085
C7ZA77_FUSV7/178-240     1.02690576    1.01634754    1.56332095    1.91506866    2.21491001    2.23564336    2.65599744    1.62522518    1.37212083    1.74030923    1.33521769    1.13607698    1.25248092    1.09554085    0.00000000

