48
A0A1V9XYQ1_9ACAR/4-105     0.00000000    2.06097434    2.34509142    2.22555629    2.48875703    1.69690531    1.72695325    1.91540973    1.80988466    2.16699569    2.25975400    2.00338613    1.93931517    1.93953121    1.69402735    1.56981047    1.61425330    1.73311379    2.25649017    2.05274666    1.91952550    2.02758750    1.88229992    1.46078948    1.49389576    0.88460236    0.81657360    0.84848874    0.68327023    1.26163346    1.15266103    1.03674140    0.92661975    1.10322463    0.86051380    1.21328046    1.01691379    1.69930905    1.98523338    1.82232891    2.41882548    0.71058613    1.11506633    0.93149696    0.95522795    0.64084490    0.66958217    0.74718462
A0A183PKP2_9TREM/6-106     2.06097434    0.00000000    1.59736397    1.34282872    1.50850227    2.00551551    2.31125045    2.43323808    2.66310433    2.67264805    3.10625695    2.98856231    2.44636702    2.33575407    1.84246709    2.37809363    2.03288216    2.58126701    2.84133413    2.82220361    2.53719956    2.24273765    2.32151717    2.18781066    2.05615957    1.88053169    1.54819880    1.81146489    1.92052784    2.14902339    2.27391484    2.31233890    2.04433563    2.00404662    2.04753117    2.09825280    1.85009956    2.87624963    2.42823037    2.91179740    2.93044888    1.83541237    2.01577857    1.69782981    2.28413491    1.74968692    1.72108051    1.72277365
A0A068Y6A3_ECHMU/7-99     2.34509142    1.59736397    0.00000000    0.55405851    0.66231807    2.08508666    3.27066279    3.31320127    3.48861880    3.65914676    3.69732440    3.98756740    3.17759683    3.07200075    2.63730228    2.63561486    2.25756852    3.28865932    3.75910412    3.28649696    2.76518635    2.37216090    2.25444470    2.19944215    2.16836246    1.96808895    1.89516349    1.92613429    2.10128806    2.13604578    2.32892376    2.42676128    2.00997231    2.03310623    2.01147934    1.92982831    1.71545916    2.26514307    2.81354313    2.43159185    2.93849613    1.95735861    2.33331140    2.06325925    2.60158713    1.96418345    1.90317288    1.77447759
A0A0R3SFC8_HYMDI/8-106     2.22555629    1.34282872    0.55405851    0.00000000    0.27655811    2.35386919    3.02277992    3.32355367    3.69214586    3.45538562    3.82094982    3.91383585    3.47483384    3.51318650    2.41680863    2.51181055    2.17238495    3.16583521    3.55038231    3.12673339    2.89365861    2.33211423    2.41423169    2.58949912    2.32779930    1.95822075    1.84200299    1.64957514    1.96252571    2.45460124    2.24778388    2.44481078    1.97292984    2.17689454    2.16212615    2.16041376    1.65080249    2.57346252    2.54122960    2.77231927    3.30654933    2.05589097    2.32497615    1.94248666    2.73560082    2.03402160    1.93462201    1.72804362
A0A0R3TC07_RODNA/7-105     2.48875703    1.50850227    0.66231807    0.27655811    0.00000000    2.43530936    3.13353593    3.17937313    3.62734843    3.69772307    3.99555741    3.89798312    3.56523671    3.40767154    2.56779534    2.79010249    2.49776925    3.17828413    3.33403734    3.05877137    3.28012911    2.47363061    2.40929912    2.71520196    2.44134589    2.10908581    2.00863453    1.99134072    2.33001903    2.66311465    2.29472309    2.53282646    2.13291669    2.32091413    2.22423013    2.30711799    1.69414405    2.45220991    2.87932940    2.89336728    3.07611109    2.17986275    2.33451063    2.03023996    3.07720301    2.18926573    2.15919676    1.91912841
A0A2K3DJ05_CHLRE/9-101     1.69690531    2.00551551    2.08508666    2.35386919    2.43530936    0.00000000    1.41720969    1.80858685    2.10304190    2.25672929    2.60482749    2.56489948    1.77970575    1.73075690    1.86187840    1.99074589    1.59466767    2.76009163    3.09197521    2.73965786    2.55936209    2.12326583    2.15920769    1.70222269    1.72871789    1.70913019    1.78957679    1.67703369    1.77289794    1.63067440    2.02708246    1.84417667    1.59285695    1.71831504    2.10937608    2.19095400    2.03142384    2.54461136    2.44597755    1.96694592    2.35002021    1.50309117    1.60576246    1.49891799    1.93078257    1.41740828    1.57787259    1.40766512
A0A388KPQ6_CHABU/8-112     1.72695325    2.31125045    3.27066279    3.02277992    3.13353593    1.41720969    0.00000000    1.23802666    1.27195395    1.20072376    1.34598722    1.38188955    1.12472878    1.12133547    2.07091962    1.80562485    1.70534212    2.42077637    2.79753529    1.82454244    2.68161117    2.04268286    1.93462248    2.09513409    1.90373822    1.83426623    1.59393795    1.76950805    1.91017486    2.17438386    2.00271376    1.67400625    1.54470822    2.18955792    2.10062700    2.36655192    2.30979909    2.67372599    2.39648768    2.67045646    2.40401982    1.64641929    1.64788007    1.52698069    1.76220002    1.46280839    1.47739015    1.55120679
A0A3B5ZRZ9_WHEAT/84-182     1.91540973    2.43323808    3.31320127    3.32355367    3.17937313    1.80858685    1.23802666    0.00000000    0.35765513    0.31888015    0.32969736    0.36334848    0.54318917    0.53995567    1.89048641    1.92518385    1.79801414    2.50781609    2.91375014    2.68191005    2.37411157    2.11511620    2.22291819    2.14809844    2.19287227    2.12876838    1.80353509    1.81267205    2.00414270    2.19387218    1.95567206    1.87866023    1.80116598    2.60091155    1.99285895    2.20144666    2.03001546    2.63803580    2.20936440    2.40778109    2.94413891    1.78066027    1.65975256    1.58886750    2.17802775    1.56645504    1.72387810    1.67484320
R0HJQ8_9BRAS/43-142     1.80988466    2.66310433    3.48861880    3.69214586    3.62734843    2.10304190    1.27195395    0.35765513    0.00000000    0.28371189    0.28224875    0.38484723    0.62353930    0.51448763    2.09253527    1.88720046    2.08945021    2.86821352    3.25767645    2.67237995    2.50151104    2.47828799    2.01620702    2.43866742    2.45253721    2.24307529    1.96353068    1.88457855    2.11660585    2.33808024    1.98928749    1.89984922    1.80473527    2.58625031    1.99559207    2.27238097    2.25766539    2.58905283    2.32493704    2.51767912    3.40899057    1.81800798    2.02494263    1.85693894    2.28164919    1.63237990    1.77296889    1.73876798
A0A2P5CXV8_PARAD/26-124     2.16699569    2.67264805    3.65914676    3.45538562    3.69772307    2.25672929    1.20072376    0.31888015    0.28371189    0.00000000    0.21831046    0.28537871    0.55543281    0.53308580    2.10500022    1.91113777    1.99421036    2.61308961    2.97122201    2.67543253    2.59770173    2.43190227    2.03413480    2.19089935    2.29749557    2.24482160    1.98049114    1.84562353    2.19573695    2.28408255    2.10820899    1.99058607    2.00741415    2.85395545    2.07091800    2.33291331    2.25550588    2.70332528    2.17950095    2.51844389    2.97437547    1.99264251    1.83208148    1.72871603    2.40240342    1.84296200    1.95166861    1.84183776
A0A2P6QUU7_ROSCH/16-114     2.25975400    3.10625695    3.69732440    3.82094982    3.99555741    2.60482749    1.34598722    0.32969736    0.28224875    0.21831046    0.00000000    0.31084945    0.61854541    0.63030930    2.23744813    2.10397050    2.13873181    2.60786527    2.91435688    2.51484057    2.51663984    2.36551824    2.17577624    2.33546129    2.42751385    2.41125232    2.16554380    2.01713276    2.56036680    2.46424407    2.20747635    2.18308988    1.97503772    2.91985883    2.26402865    2.54731430    2.32577335    2.84110397    2.39089392    2.69212769    3.05736317    2.04330566    2.14835313    1.78009587    2.68326463    1.96622007    2.07304968    1.98238708
A0A445DSF8_ARAHY/32-130     2.00338613    2.98856231    3.98756740    3.91383585    3.89798312    2.56489948    1.38188955    0.36334848    0.38484723    0.28537871    0.31084945    0.00000000    0.61865553    0.63058330    2.17656071    2.08451307    2.13071065    3.02993823    3.16412932    2.97604009    2.70940064    2.36040399    2.01800798    2.30852049    2.33839249    2.45033408    2.11943601    1.95178397    2.26219180    2.55840550    2.13351005    2.02607871    1.94379306    2.91272329    2.18500807    2.34492929    2.33269777    2.59915113    2.26112899    2.50832874    3.32324365    2.01929647    1.76037925    1.72943789    2.50990472    1.80154350    1.88063537    1.91947955
D8QQD7_SELML/9-107     1.93931517    2.44636702    3.17759683    3.47483384    3.56523671    1.77970575    1.12472878    0.54318917    0.62353930    0.55543281    0.61854541    0.61865553    0.00000000    0.35472294    1.84489732    1.80411651    1.83022762    2.43560122    3.74876794    2.82068219    2.27164996    2.32606577    2.18273433    1.83461860    1.89007545    1.79833519    1.66453085    1.72414512    1.97363670    1.93177595    1.96170160    1.90134438    1.67160075    2.23866617    1.98369606    2.15044312    1.98228725    2.53336939    2.44863482    2.18749009    2.68244838    1.69065637    1.67719381    1.68924409    2.23167086    1.57135494    1.72955058    1.61795260
A9T1I3_PHYPA/37-135     1.93953121    2.33575407    3.07200075    3.51318650    3.40767154    1.73075690    1.12133547    0.53995567    0.51448763    0.53308580    0.63030930    0.63058330    0.35472294    0.00000000    1.96005052    1.65059050    1.79198341    2.22943971    3.05245691    2.76071903    2.43090547    2.15033994    1.65593905    2.02381898    1.98434771    1.83959210    1.56080710    1.83311338    1.83924349    1.96312680    1.68285110    1.76447589    1.66734951    2.38961145    1.93793480    2.25234748    2.03969462    2.32212190    2.43414835    2.48282550    2.27877111    1.48043073    1.47284044    1.49409229    2.25157525    1.36512439    1.47659999    1.46575066
A0A3M7SCI6_BRAPC/12-123     1.69402735    1.84246709    2.63730228    2.41680863    2.56779534    1.86187840    2.07091962    1.89048641    2.09253527    2.10500022    2.23744813    2.17656071    1.84489732    1.96005052    0.00000000    1.69121871    1.52320101    2.92966179    2.78185061    2.67077498    2.76354163    2.37711939    2.63714141    1.56567993    1.52108988    1.45995452    1.43595417    1.48831142    1.62607642    1.97294338    1.59183937    1.59658352    1.58683589    1.88078596    1.95297920    1.97777225    1.66553799    2.27455462    1.81665262    2.38435633    3.20197944    1.49661814    1.52218431    1.53832380    2.14921988    1.58905692    1.53162788    1.30664570
A7S0P6_NEMVE/4-105     1.56981047    2.37809363    2.63561486    2.51181055    2.79010249    1.99074589    1.80562485    1.92518385    1.88720046    1.91113777    2.10397050    2.08451307    1.80411651    1.65059050    1.69121871    0.00000000    0.70161453    2.14038834    2.48545601    2.25265133    2.00136279    2.12125250    1.90747025    1.41145156    1.44891709    1.50846957    1.37425525    1.46664918    1.38408512    1.78249030    1.69329402    1.67687535    1.51285358    1.88210514    1.76407977    2.06305191    1.78498352    1.79422568    2.20498649    2.93030427    2.59378084    1.62415117    1.48235505    1.30163531    1.92024221    1.46664269    1.56262920    1.40249518
A0A2B4STD4_STYPI/37-139     1.61425330    2.03288216    2.25756852    2.17238495    2.49776925    1.59466767    1.70534212    1.79801414    2.08945021    1.99421036    2.13873181    2.13071065    1.83022762    1.79198341    1.52320101    0.70161453    0.00000000    2.39928445    2.93041619    2.55665575    2.15419072    2.27840863    1.97334119    1.74748355    1.60715167    1.51750625    1.40517415    1.40350489    1.21353217    1.73084989    1.46795396    1.49526043    1.48978836    1.60330653    1.65095564    2.00126138    1.97755532    1.73363703    1.78557864    2.45566254    2.67404244    1.48362867    1.29583920    1.28351571    1.98794700    1.36196039    1.42383065    1.28261613
A0A1X2GJX3_9FUNG/7-98     1.73311379    2.58126701    3.28865932    3.16583521    3.17828413    2.76009163    2.42077637    2.50781609    2.86821352    2.61308961    2.60786527    3.02993823    2.43560122    2.22943971    2.92966179    2.14038834    2.39928445    0.00000000    1.73848676    1.46642226    2.06147946    2.48144159    2.72047671    1.76139727    1.68436423    1.99756490    1.68008528    1.90695733    1.73221558    1.96561771    2.14468014    1.93310849    1.70904558    1.69628544    2.00615968    2.20046744    1.77527739    2.49791551    2.79745815    2.82209953    2.64374515    1.63711518    1.82946601    1.44928708    2.66217288    1.44018923    1.62214931    1.62618629
S2JHM7_MUCC1/5-100     2.25649017    2.84133413    3.75910412    3.55038231    3.33403734    3.09197521    2.79753529    2.91375014    3.25767645    2.97122201    2.91435688    3.16412932    3.74876794    3.05245691    2.78185061    2.48545601    2.93041619    1.73848676    0.00000000    0.79749096    2.29935141    1.89273032    2.35903808    2.45367375    2.28204235    2.42123619    2.59373839    2.70545057    2.46325520    2.56389793    2.54245879    2.70060318    2.61294476    3.29070658    2.90588512    2.86045640    2.59393894    3.01427985    2.59267300    3.20604382    2.81001826    2.27599749    2.28165826    2.27398364    3.10810490    2.10730117    2.12589287    2.35768613
A0A1X2HVJ5_SYNRA/7-107     2.05274666    2.82220361    3.28649696    3.12673339    3.05877137    2.73965786    1.82454244    2.68191005    2.67237995    2.67543253    2.51484057    2.97604009    2.82068219    2.76071903    2.67077498    2.25265133    2.55665575    1.46642226    0.79749096    0.00000000    2.10217010    1.75571715    1.99212534    2.26795679    2.19196159    2.16467049    2.11618149    2.17604517    1.97750392    2.30829022    2.44789628    2.35511018    2.25958961    2.55532614    2.28425839    2.40953407    2.75232689    2.69583383    2.49056241    2.74778416    2.44391042    1.91662555    2.33722951    2.02731093    3.13027167    1.84581928    1.87043656    2.08187173
A0A015KL54_RHIIW/11-124     1.91952550    2.53719956    2.76518635    2.89365861    3.28012911    2.55936209    2.68161117    2.37411157    2.50151104    2.59770173    2.51663984    2.70940064    2.27164996    2.43090547    2.76354163    2.00136279    2.15419072    2.06147946    2.29935141    2.10217010    0.00000000    2.31562134    1.99768143    1.97052735    2.02953514    1.90939279    1.68988559    1.82982592    1.79082828    2.18114550    2.45419069    2.44771752    1.78979035    2.06122727    1.94793785    2.14724035    1.79348033    2.74028630    1.91793648    2.67102536    3.02340458    1.58144670    1.98895569    1.83165780    3.10953707    1.69020027    1.69462211    1.63917306
F1A4B2_DICPU/11-117     2.02758750    2.24273765    2.37216090    2.33211423    2.47363061    2.12326583    2.04268286    2.11511620    2.47828799    2.43190227    2.36551824    2.36040399    2.32606577    2.15033994    2.37711939    2.12125250    2.27840863    2.48144159    1.89273032    1.75571715    2.31562134    0.00000000    0.80396116    2.04781330    1.95676612    1.80339990    1.92209560    2.00195059    1.91183139    2.41709776    1.72435040    2.15921063    2.14181959    2.34653053    1.86101354    2.61244843    2.03588635    1.87186279    2.23098266    2.60246207    2.39008051    1.72591785    2.09374864    1.76780302    2.55555382    1.84168264    1.80830134    1.50969870
A0A152A8B5_9MYCE/32-131     1.88229992    2.32151717    2.25444470    2.41423169    2.40929912    2.15920769    1.93462248    2.22291819    2.01620702    2.03413480    2.17577624    2.01800798    2.18273433    1.65593905    2.63714141    1.90747025    1.97334119    2.72047671    2.35903808    1.99212534    1.99768143    0.80396116    0.00000000    2.16110281    2.03445389    2.01512259    1.87270026    1.90551756    2.13770999    2.06725281    2.17251719    2.28983731    2.02060593    2.02394812    2.34225619    2.48898215    2.02061712    2.34993998    2.37839679    2.67843707    2.51727744    1.64243015    1.99587447    1.79682035    2.61194220    1.93224472    1.92620477    1.85408884
H2XQC0_CIOIN/9-110     1.46078948    2.18781066    2.19944215    2.58949912    2.71520196    1.70222269    2.09513409    2.14809844    2.43866742    2.19089935    2.33546129    2.30852049    1.83461860    2.02381898    1.56567993    1.41145156    1.74748355    1.76139727    2.45367375    2.26795679    1.97052735    2.04781330    2.16110281    0.00000000    0.21058770    1.07567273    1.06739943    0.98876489    1.08266193    1.34588216    1.32370657    1.28937138    1.25165020    1.19490268    1.10731443    1.34413866    1.40017410    1.79104935    1.56420294    1.96416280    2.23763549    1.14025912    1.37048375    1.23598045    1.57623308    1.02165448    1.03392104    1.00569103
H2YVN9_CIOSA/23-124     1.49389576    2.05615957    2.16836246    2.32779930    2.44134589    1.72871789    1.90373822    2.19287227    2.45253721    2.29749557    2.42751385    2.33839249    1.89007545    1.98434771    1.52108988    1.44891709    1.60715167    1.68436423    2.28204235    2.19196159    2.02953514    1.95676612    2.03445389    0.21058770    0.00000000    0.99162423    1.03427450    1.03840692    1.05544443    1.42953954    1.30354566    1.34296852    1.21318298    1.29289228    1.20040679    1.44529822    1.52158252    1.51853718    1.56379597    2.03522536    2.24537658    1.10274988    1.24775395    1.13987283    1.43495307    0.94957147    1.00895463    0.96114171
K1PTE8_CRAGI/51-151     0.88460236    1.88053169    1.96808895    1.95822075    2.10908581    1.70913019    1.83426623    2.12876838    2.24307529    2.24482160    2.41125232    2.45033408    1.79833519    1.83959210    1.45995452    1.50846957    1.51750625    1.99756490    2.42123619    2.16467049    1.90939279    1.80339990    2.01512259    1.07567273    0.99162423    0.00000000    0.49785012    0.61910611    0.61959533    1.17771014    1.01217275    1.02496559    0.84520462    1.02615684    0.83027401    1.20409498    0.84159886    1.43280145    1.53227481    1.70624212    2.04232161    0.74896034    0.89539050    0.94674899    1.24207546    0.70912705    0.69221607    0.74768240
A0A0L8G7A3_OCTBM/13-113     0.81657360    1.54819880    1.89516349    1.84200299    2.00863453    1.78957679    1.59393795    1.80353509    1.96353068    1.98049114    2.16554380    2.11943601    1.66453085    1.56080710    1.43595417    1.37425525    1.40517415    1.68008528    2.59373839    2.11618149    1.68988559    1.92209560    1.87270026    1.06739943    1.03427450    0.49785012    0.00000000    0.62959168    0.55320645    1.04165627    1.10363697    1.05718684    0.90012788    1.04823319    0.76666169    1.17715293    0.79693309    1.61077646    1.42603417    1.88900086    1.99771742    0.68245572    0.85054813    0.78657445    1.20707728    0.61792006    0.69049948    0.75560228
A0A2T7PBK3_POMCA/6-106     0.84848874    1.81146489    1.92613429    1.64957514    1.99134072    1.67703369    1.76950805    1.81267205    1.88457855    1.84562353    2.01713276    1.95178397    1.72414512    1.83311338    1.48831142    1.46664918    1.40350489    1.90695733    2.70545057    2.17604517    1.82982592    2.00195059    1.90551756    0.98876489    1.03840692    0.61910611    0.62959168    0.00000000    0.70528397    0.99184878    1.08858539    1.02203192    0.85596452    0.92145792    0.84928140    1.17292562    0.92525056    1.72992106    1.34740045    1.63268349    1.84022945    0.73977316    1.06376869    0.95477534    1.18852502    0.77155789    0.82444985    0.69859964
A0A1S3KEA8_LINUN/7-107     0.68327023    1.92052784    2.10128806    1.96252571    2.33001903    1.77289794    1.91017486    2.00414270    2.11660585    2.19573695    2.56036680    2.26219180    1.97363670    1.83924349    1.62607642    1.38408512    1.21353217    1.73221558    2.46325520    1.97750392    1.79082828    1.91183139    2.13770999    1.08266193    1.05544443    0.61959533    0.55320645    0.70528397    0.00000000    1.21901259    1.01651245    0.97115210    0.83450845    1.00086242    0.74911274    1.05518248    0.85746635    1.54526484    1.36053544    1.80180910    2.04897488    0.61117765    0.94139050    0.87264964    1.11206447    0.57029579    0.64210484    0.56170070
T1FAU8_HELRO/6-106     1.26163346    2.14902339    2.13604578    2.45460124    2.66311465    1.63067440    2.17438386    2.19387218    2.33808024    2.28408255    2.46424407    2.55840550    1.93177595    1.96312680    1.97294338    1.78249030    1.73084989    1.96561771    2.56389793    2.30829022    2.18114550    2.41709776    2.06725281    1.34588216    1.42953954    1.17771014    1.04165627    0.99184878    1.21901259    0.00000000    1.51500314    1.43506915    1.18364666    1.55264274    1.22971262    1.74986893    1.28089248    1.56371111    1.66259589    2.24477381    2.18725244    1.23389570    1.17856146    1.35238160    1.69407019    1.27298950    1.32807231    1.14960137
A0A226EP79_FOLCA/14-114     1.15266103    2.27391484    2.32892376    2.24778388    2.29472309    2.02708246    2.00271376    1.95567206    1.98928749    2.10820899    2.20747635    2.13351005    1.96170160    1.68285110    1.59183937    1.69329402    1.46795396    2.14468014    2.54245879    2.44789628    2.45419069    1.72435040    2.17251719    1.32370657    1.30354566    1.01217275    1.10363697    1.08858539    1.01651245    1.51500314    0.00000000    0.34015322    0.78156953    1.11082950    0.96645879    1.08033633    1.06555154    1.48678221    1.65522167    1.91857823    2.32215547    1.08415636    1.28718232    1.16232987    1.36736881    0.90393759    0.92373552    0.96557366
A0A1D2N983_ORCCI/18-118     1.03674140    2.31233890    2.42676128    2.44481078    2.53282646    1.84417667    1.67400625    1.87866023    1.89984922    1.99058607    2.18308988    2.02607871    1.90134438    1.76447589    1.59658352    1.67687535    1.49526043    1.93310849    2.70060318    2.35511018    2.44771752    2.15921063    2.28983731    1.28937138    1.34296852    1.02496559    1.05718684    1.02203192    0.97115210    1.43506915    0.34015322    0.00000000    0.71101469    1.02024269    0.83820697    1.09961774    1.08420342    1.47569826    1.77494860    1.85123383    2.07525628    0.94820869    1.14918843    1.06864578    1.33813312    0.87340823    0.92278084    0.95744321
E0VY85_PEDHC/10-110     0.92661975    2.04433563    2.00997231    1.97292984    2.13291669    1.59285695    1.54470822    1.80116598    1.80473527    2.00741415    1.97503772    1.94379306    1.67160075    1.66734951    1.58683589    1.51285358    1.48978836    1.70904558    2.61294476    2.25958961    1.78979035    2.14181959    2.02060593    1.25165020    1.21318298    0.84520462    0.90012788    0.85596452    0.83450845    1.18364666    0.78156953    0.71101469    0.00000000    0.65118567    0.75616456    1.09461609    0.79447825    1.44494555    1.46387893    1.68779060    2.08791460    0.80274727    1.02184324    1.02746742    1.14868513    0.87007141    0.82051327    0.82317820
A0A0J7NIZ2_LASNI/1-96     1.10322463    2.00404662    2.03310623    2.17689454    2.32091413    1.71831504    2.18955792    2.60091155    2.58625031    2.85395545    2.91985883    2.91272329    2.23866617    2.38961145    1.88078596    1.88210514    1.60330653    1.69628544    3.29070658    2.55532614    2.06122727    2.34653053    2.02394812    1.19490268    1.29289228    1.02615684    1.04823319    0.92145792    1.00086242    1.55264274    1.11082950    1.02024269    0.65118567    0.00000000    0.87873565    1.03421922    1.01923548    1.71303783    1.55840258    1.91265438    2.12089414    0.93259932    1.35959642    1.13174312    1.28253050    0.99959501    1.05892533    0.87486645
A0A3R7SUR6_PENVA/9-109     0.86051380    2.04753117    2.01147934    2.16212615    2.22423013    2.10937608    2.10062700    1.99285895    1.99559207    2.07091800    2.26402865    2.18500807    1.98369606    1.93793480    1.95297920    1.76407977    1.65095564    2.00615968    2.90588512    2.28425839    1.94793785    1.86101354    2.34225619    1.10731443    1.20040679    0.83027401    0.76666169    0.84928140    0.74911274    1.22971262    0.96645879    0.83820697    0.75616456    0.87873565    0.00000000    0.56023561    0.82768209    1.41933552    1.56744503    1.71306434    2.29559019    0.90424204    0.99294166    1.03101184    1.39072603    0.75696935    0.80966826    0.80293321
A0A444T8H9_ARMVU/2-110     1.21328046    2.09825280    1.92982831    2.16041376    2.30711799    2.19095400    2.36655192    2.20144666    2.27238097    2.33291331    2.54731430    2.34492929    2.15044312    2.25234748    1.97777225    2.06305191    2.00126138    2.20046744    2.86045640    2.40953407    2.14724035    2.61244843    2.48898215    1.34413866    1.44529822    1.20409498    1.17715293    1.17292562    1.05518248    1.74986893    1.08033633    1.09961774    1.09461609    1.03421922    0.56023561    0.00000000    1.06405284    1.92206981    1.63756870    1.98231407    2.23171730    1.15539540    1.40679916    1.36321643    1.75625509    1.07267237    1.13084208    1.15461115
A0A0L0BUH7_LUCCU/10-110     1.01691379    1.85009956    1.71545916    1.65080249    1.69414405    2.03142384    2.30979909    2.03001546    2.25766539    2.25550588    2.32577335    2.33269777    1.98228725    2.03969462    1.66553799    1.78498352    1.97755532    1.77527739    2.59393894    2.75232689    1.79348033    2.03588635    2.02061712    1.40017410    1.52158252    0.84159886    0.79693309    0.92525056    0.85746635    1.28089248    1.06555154    1.08420342    0.79447825    1.01923548    0.82768209    1.06405284    0.00000000    1.58285024    1.68213060    2.10334928    2.29363425    1.01701902    1.24984635    1.16405949    1.44865364    0.92013882    1.00577929    1.01082662
B3SB57_TRIAD/4-93     1.69930905    2.87624963    2.26514307    2.57346252    2.45220991    2.54461136    2.67372599    2.63803580    2.58905283    2.70332528    2.84110397    2.59915113    2.53336939    2.32212190    2.27455462    1.79422568    1.73363703    2.49791551    3.01427985    2.69583383    2.74028630    1.87186279    2.34993998    1.79104935    1.51853718    1.43280145    1.61077646    1.72992106    1.54526484    1.56371111    1.48678221    1.47569826    1.44494555    1.71303783    1.41933552    1.92206981    1.58285024    0.00000000    2.05976416    2.20868534    2.67694914    1.65200846    1.81699212    1.68450303    1.82193837    1.49375993    1.59848952    1.56747259
A0A0V1N0I2_9BILA/10-110     1.98523338    2.42823037    2.81354313    2.54122960    2.87932940    2.44597755    2.39648768    2.20936440    2.32493704    2.17950095    2.39089392    2.26112899    2.44863482    2.43414835    1.81665262    2.20498649    1.78557864    2.79745815    2.59267300    2.49056241    1.91793648    2.23098266    2.37839679    1.56420294    1.56379597    1.53227481    1.42603417    1.34740045    1.36053544    1.66259589    1.65522167    1.77494860    1.46387893    1.55840258    1.56744503    1.63756870    1.68213060    2.05976416    0.00000000    1.65551967    2.51055501    1.40586339    1.55254040    1.61107245    1.75948636    1.49824077    1.66748259    1.42570090
A0A1D1VRB9_RAMVA/32-137     1.82232891    2.91179740    2.43159185    2.77231927    2.89336728    1.96694592    2.67045646    2.40778109    2.51767912    2.51844389    2.69212769    2.50832874    2.18749009    2.48282550    2.38435633    2.93030427    2.45566254    2.82209953    3.20604382    2.74778416    2.67102536    2.60246207    2.67843707    1.96416280    2.03522536    1.70624212    1.88900086    1.63268349    1.80180910    2.24477381    1.91857823    1.85123383    1.68779060    1.91265438    1.71306434    1.98231407    2.10334928    2.20868534    1.65551967    0.00000000    2.26864923    1.66870135    2.07467119    1.95491730    2.26822443    1.89741059    1.90479998    1.62715556
A0A1Y1UVB7_9FUNG/16-112     2.41882548    2.93044888    2.93849613    3.30654933    3.07611109    2.35002021    2.40401982    2.94413891    3.40899057    2.97437547    3.05736317    3.32324365    2.68244838    2.27877111    3.20197944    2.59378084    2.67404244    2.64374515    2.81001826    2.44391042    3.02340458    2.39008051    2.51727744    2.23763549    2.24537658    2.04232161    1.99771742    1.84022945    2.04897488    2.18725244    2.32215547    2.07525628    2.08791460    2.12089414    2.29559019    2.23171730    2.29363425    2.67694914    2.51055501    2.26864923    0.00000000    1.98511530    2.17559107    2.26164553    2.94491278    2.08717940    2.13694134    1.96496516
R7U3K8_CAPTE/7-107     0.71058613    1.83541237    1.95735861    2.05589097    2.17986275    1.50309117    1.64641929    1.78066027    1.81800798    1.99264251    2.04330566    2.01929647    1.69065637    1.48043073    1.49661814    1.62415117    1.48362867    1.63711518    2.27599749    1.91662555    1.58144670    1.72591785    1.64243015    1.14025912    1.10274988    0.74896034    0.68245572    0.73977316    0.61117765    1.23389570    1.08415636    0.94820869    0.80274727    0.93259932    0.90424204    1.15539540    1.01701902    1.65200846    1.40586339    1.66870135    1.98511530    0.00000000    0.81074064    0.73246638    1.12371860    0.66276006    0.63787337    0.55990405
A0A7M7NTN1_STRPU/12-112     1.11506633    2.01577857    2.33331140    2.32497615    2.33451063    1.60576246    1.64788007    1.65975256    2.02494263    1.83208148    2.14835313    1.76037925    1.67719381    1.47284044    1.52218431    1.48235505    1.29583920    1.82946601    2.28165826    2.33722951    1.98895569    2.09374864    1.99587447    1.37048375    1.24775395    0.89539050    0.85054813    1.06376869    0.94139050    1.17856146    1.28718232    1.14918843    1.02184324    1.35959642    0.99294166    1.40679916    1.24984635    1.81699212    1.55254040    2.07467119    2.17559107    0.81074064    0.00000000    0.65606169    1.30907105    0.69779533    0.75577330    0.75489387
A0A2G8KLD2_STIJA/10-112     0.93149696    1.69782981    2.06325925    1.94248666    2.03023996    1.49891799    1.52698069    1.58886750    1.85693894    1.72871603    1.78009587    1.72943789    1.68924409    1.49409229    1.53832380    1.30163531    1.28351571    1.44928708    2.27398364    2.02731093    1.83165780    1.76780302    1.79682035    1.23598045    1.13987283    0.94674899    0.78657445    0.95477534    0.87264964    1.35238160    1.16232987    1.06864578    1.02746742    1.13174312    1.03101184    1.36321643    1.16405949    1.68450303    1.61107245    1.95491730    2.26164553    0.73246638    0.65606169    0.00000000    1.30408859    0.60127527    0.61753387    0.68802620
A0A498LBV1_LABRO/25-139     0.95522795    2.28413491    2.60158713    2.73560082    3.07720301    1.93078257    1.76220002    2.17802775    2.28164919    2.40240342    2.68326463    2.50990472    2.23167086    2.25157525    2.14921988    1.92024221    1.98794700    2.66217288    3.10810490    3.13027167    3.10953707    2.55555382    2.61194220    1.57623308    1.43495307    1.24207546    1.20707728    1.18852502    1.11206447    1.69407019    1.36736881    1.33813312    1.14868513    1.28253050    1.39072603    1.75625509    1.44865364    1.82193837    1.75948636    2.26822443    2.94491278    1.12371860    1.30907105    1.30408859    0.00000000    0.58328624    0.63377807    0.90387991
A0A401SZA1_CHIPU/50-150     0.64084490    1.74968692    1.96418345    2.03402160    2.18926573    1.41740828    1.46280839    1.56645504    1.63237990    1.84296200    1.96622007    1.80154350    1.57135494    1.36512439    1.58905692    1.46664269    1.36196039    1.44018923    2.10730117    1.84581928    1.69020027    1.84168264    1.93224472    1.02165448    0.94957147    0.70912705    0.61792006    0.77155789    0.57029579    1.27298950    0.90393759    0.87340823    0.87007141    0.99959501    0.75696935    1.07267237    0.92013882    1.49375993    1.49824077    1.89741059    2.08717940    0.66276006    0.69779533    0.60127527    0.58328624    0.00000000    0.10921328    0.47145369
A0A0D9RVC1_CHLSB/43-150     0.66958217    1.72108051    1.90317288    1.93462201    2.15919676    1.57787259    1.47739015    1.72387810    1.77296889    1.95166861    2.07304968    1.88063537    1.72955058    1.47659999    1.53162788    1.56262920    1.42383065    1.62214931    2.12589287    1.87043656    1.69462211    1.80830134    1.92620477    1.03392104    1.00895463    0.69221607    0.69049948    0.82444985    0.64210484    1.32807231    0.92373552    0.92278084    0.82051327    1.05892533    0.80966826    1.13084208    1.00577929    1.59848952    1.66748259    1.90479998    2.13694134    0.63787337    0.75577330    0.61753387    0.63377807    0.10921328    0.00000000    0.48799521
C3Z0Y9_BRAFL/13-113     0.74718462    1.72277365    1.77447759    1.72804362    1.91912841    1.40766512    1.55120679    1.67484320    1.73876798    1.84183776    1.98238708    1.91947955    1.61795260    1.46575066    1.30664570    1.40249518    1.28261613    1.62618629    2.35768613    2.08187173    1.63917306    1.50969870    1.85408884    1.00569103    0.96114171    0.74768240    0.75560228    0.69859964    0.56170070    1.14960137    0.96557366    0.95744321    0.82317820    0.87486645    0.80293321    1.15461115    1.01082662    1.56747259    1.42570090    1.62715556    1.96496516    0.55990405    0.75489387    0.68802620    0.90387991    0.47145369    0.48799521    0.00000000

