77
T1G321_HELRO/20-48     0.00000000    1.18258033    1.72428393    1.24667836    1.42288165    1.29945957    1.51404987    1.55887387    2.04361119    2.08285305    1.67565603    1.73318777    1.45608981    1.93844845    1.75480128    1.83809709    1.66635542    1.98457611    1.34172822    1.70760105    1.95904516    2.01919747    2.36488416    1.92492570    1.55691866    1.63964881    1.38895632    1.69961436    1.48861532    1.51396684    1.73703142    2.26725833    1.29023899    1.44988272    1.34444231    1.44929544    1.47905033    1.02079289    1.47128503    1.40248776    1.81732567    1.54580288    1.49150098    1.35724025    1.66348436    1.72702106    1.88002977    1.76493735    1.43919430    1.38279702    1.01581380    0.92995552    1.18717779    1.06517938    1.00939427    1.96647154    1.43910143    1.45639944    1.59574786    2.61269836    1.86279434    1.72219569    1.85306588    1.94041625    1.99196264    1.91616185    1.74351228    1.87081584    1.89865559    1.62406060    1.44113455    1.22733153    1.50307128    1.37505475    1.48494309    2.16967711    1.71589090
T1G321_HELRO/86-114     1.18258033    0.00000000    1.31654434    1.19993183    0.88707574    1.11805784    1.05288145    1.25900074    1.33366173    1.69288187    0.98046437    1.53927399    1.37934232    0.98796204    1.02224046    1.46944686    1.17388742    1.48453235    1.24115158    1.39117418    1.35701940    0.82894663    1.49900749    1.41131512    1.11099967    1.23331452    1.25140542    1.45601216    1.23415546    1.64901582    1.77992237    1.84409794    1.24128026    1.02135566    0.96281512    1.13810957    1.30845471    0.86398210    0.93867957    1.30691549    1.31714720    1.24379386    0.94134907    1.04400106    0.99495182    1.03634616    1.27094480    1.85090584    1.31602816    1.56085545    1.19479021    1.10673500    1.44044333    1.34024091    1.18039701    1.48914175    1.38598461    1.76478644    1.27841090    2.23575064    1.68260591    1.46867538    1.72450674    1.25094283    1.48962280    1.32084469    1.23620302    1.19169243    1.22786509    1.53202734    1.46325660    1.49784261    1.14668602    1.37939795    1.11227618    1.38383236    1.34813691
S2J291_MUCC1/27-55     1.72428393    1.31654434    0.00000000    0.60336888    1.05297121    1.07606962    1.25423723    1.09194412    1.33302435    1.50138690    1.17944014    1.77654487    1.01472393    1.01419209    0.89993015    1.29058420    1.50870996    1.43064331    1.17896251    1.13087157    0.96412491    1.09353260    1.44698816    1.33631114    1.08818910    1.09878520    1.37212306    1.45991317    1.35062296    1.61153316    1.68903643    1.48652471    1.16241375    0.94237695    1.30815675    1.29761098    1.29767529    1.11572494    1.13689363    1.09720111    1.28031840    1.28707476    1.20291354    1.33802538    0.95321872    1.32254573    1.15953099    1.33505834    1.26900652    1.82413542    1.75583251    1.39567922    1.54478549    1.60973338    1.19829192    1.13573776    1.47767079    1.43120922    1.09438712    1.51398142    1.57899137    1.39726609    1.33163820    1.48431818    1.03994453    1.02853891    1.00053535    1.10075342    0.85905358    1.13695777    1.71297530    1.58399003    1.61480116    1.60628966    1.08793261    1.19667525    0.97079957
A0A015LIV7_RHIIW/23-51     1.24667836    1.19993183    0.60336888    0.00000000    1.10019811    0.97132371    1.27336641    1.28143801    1.33104484    1.57509524    1.54002440    1.43279880    1.46222961    1.33418940    1.24170948    1.46089686    1.49135589    1.66867597    1.24038755    1.24162943    1.45138368    1.35569625    1.75348813    1.50781646    1.23640694    1.47103128    1.19671535    1.67482778    1.18062826    1.54717417    1.64486535    1.65733739    1.09144111    1.13926547    1.06866410    1.19328739    1.26080554    1.10035872    1.09420081    1.03931506    1.08471440    1.05715092    1.15752580    1.18095845    1.13946624    1.06134990    1.07997215    1.69132016    1.41932742    1.61623367    1.60394914    1.27416896    1.45143328    1.43886124    1.19447724    1.31103309    1.59427194    1.49419429    1.33297715    1.95955938    1.68966342    1.79102935    1.19143399    1.21414068    1.19807224    1.17063981    1.04330285    1.16393758    1.00130435    1.01514880    1.70766304    1.57788989    1.41051861    1.63944819    1.25364530    1.49653737    1.22260619
C4Y3D9_CLAL4/33-61     1.42288165    0.88707574    1.05297121    1.10019811    0.00000000    0.66603869    0.70939434    0.79566228    1.08613430    1.15104802    1.02440844    1.08296070    1.00749323    0.80633864    1.09068822    0.92192548    1.01615726    0.88386070    0.69834320    0.93454737    0.77113599    1.12724954    1.06853690    1.24527564    0.82216485    1.26449171    1.03903520    1.36668481    1.20261676    1.32920583    1.38517606    1.53754341    1.29143750    1.22343850    1.18655880    1.14187338    1.31383829    1.09436545    0.88167573    1.25385984    1.29632785    1.20414256    1.19026750    1.22699683    1.27290768    1.09138407    1.21505758    1.68888715    1.08988294    1.17330695    1.02068332    1.07954971    1.08617125    1.01793093    0.92590881    1.29370452    1.17274947    1.20992940    1.28257820    1.54860771    1.90811580    1.25418985    0.94361798    1.41613005    1.14980258    1.01183009    1.12636125    1.09285441    0.98500364    1.14098465    1.33178587    1.50398440    1.62802798    1.17054434    0.89171495    1.35981151    0.89076332
C4R0Y4_KOMPG/18-46     1.29945957    1.11805784    1.07606962    0.97132371    0.66603869    0.00000000    0.56401781    0.70290944    0.93470964    0.88254925    0.91871723    0.99870661    0.78196280    0.74066375    0.86487476    0.86784599    0.79450129    0.78775469    0.56867237    0.73589188    0.91218496    0.74636436    0.84892445    1.07771615    0.47079466    1.07806083    0.87585126    1.30159374    1.59045474    1.08321233    1.16671002    2.13968580    1.28938392    1.16616749    1.21556335    1.19577537    1.27413579    1.22293646    0.95190853    1.14745935    1.17792262    1.20891254    1.37629518    1.33983524    1.24228756    0.85036492    1.15970031    1.99098831    1.13094161    1.22778400    1.43475169    1.22570341    0.93909846    1.23926346    1.39527496    1.39995272    1.59332443    1.44996847    1.40107919    1.80395253    1.75495924    1.34495383    1.10476754    1.24833580    1.03493450    1.11239499    1.14716983    1.17228496    0.83977959    0.91620778    1.67074298    1.95852894    2.12849252    1.52680893    0.86283915    1.14104003    1.16842077
G8YU86_PICSO/28-56     1.51404987    1.05288145    1.25423723    1.27336641    0.70939434    0.56401781    0.00000000    0.43127685    0.69493952    0.67821158    0.77371843    0.78453655    0.71885543    0.72980844    0.81456154    0.78131263    0.93321089    0.98713144    0.64766829    0.73772427    0.74411558    0.77780091    0.82747677    0.88379664    0.40703071    1.30661473    1.02645046    1.34741324    1.39669065    1.35867924    1.49324042    1.97366819    1.41181853    1.22050255    1.11851142    1.00015606    1.01747370    0.92284734    0.87165939    1.10168942    1.12546896    1.01829069    1.24160144    0.97027497    1.04596809    1.05553232    1.17524693    1.49751547    1.34116184    1.40388394    1.48844764    1.23143929    1.10569988    1.37376714    1.18992410    1.29583083    1.26482471    1.12846128    1.13176280    1.76810350    1.81620337    1.22115600    0.89903567    1.06520792    0.96440680    1.14276910    1.31452681    1.35904963    1.10319573    1.12496536    1.43906663    1.41128696    1.72473410    1.44535688    0.79955002    1.11878885    1.25260304
TRM13_DEBHA/36-64     1.55887387    1.25900074    1.09194412    1.28143801    0.79566228    0.70290944    0.43127685    0.00000000    0.50741351    0.65140792    0.45107807    0.68400318    0.39302538    0.36932312    0.55145837    0.49098844    0.84049501    0.75275923    0.59767625    0.54922248    0.57932594    0.68778622    0.66696341    0.70450460    0.37301732    1.21686942    1.14005683    1.27848739    1.58858044    1.57126197    1.66734179    2.14130068    1.38467966    1.17531583    1.50062152    1.34388924    1.26962852    1.19192168    1.41186113    1.48722256    1.30635556    1.33404171    1.33666988    1.32556317    1.14152393    0.93219393    1.14915529    1.81937261    1.62164050    1.81335159    1.95517306    1.65553735    1.47041141    1.69322056    1.62015417    1.45425350    1.53721342    1.55261515    1.18134501    1.57293214    1.80296292    1.04733349    0.93958714    1.14630702    0.95601527    1.18035645    1.16007132    1.32171117    0.94608437    1.25334690    1.58296444    1.50201643    1.80421130    1.42490680    1.09320242    1.27506921    1.56713892
G8BC33_CANPC/19-47     2.04361119    1.33366173    1.33302435    1.33104484    1.08613430    0.93470964    0.69493952    0.50741351    0.00000000    0.53189114    0.45053730    0.95504573    0.61550238    0.67716337    0.65878984    0.70256630    1.20510915    1.05143387    0.92976490    0.65813765    0.87116724    0.85398145    0.73314703    0.81614022    0.55202761    1.27908012    0.93093977    1.73554376    1.51174886    1.41963747    1.54391978    2.47967872    1.14814930    1.19477521    1.51243012    1.47419254    1.38465408    1.25327281    1.30733434    1.43310368    1.43030450    1.42377131    1.34866924    1.34664867    1.03228735    1.18719456    1.32481080    1.94551015    1.66944320    1.83212518    1.95909938    1.65601062    1.21052546    1.63647244    1.76814775    1.72907767    1.58724394    1.76158452    1.02735430    1.58395448    2.00629296    1.47140678    0.90809756    0.81393261    1.21223465    1.09397505    1.22585622    1.35774031    0.93621024    1.29902748    1.54892229    1.58218343    2.06925956    1.63393497    1.26114996    1.40180673    1.73665643
G3BCU4_CANTC/21-49     2.08285305    1.69288187    1.50138690    1.57509524    1.15104802    0.88254925    0.67821158    0.65140792    0.53189114    0.00000000    0.79308017    0.83692158    0.87498844    0.83265968    1.07735945    0.93797322    1.33454249    1.09646483    1.08384211    0.95122265    1.14719416    0.86458719    0.88589381    0.89726681    0.74883374    1.52004886    1.27306357    1.31293079    1.70617817    1.44850148    1.40771403    2.34258535    1.48324593    1.63703609    1.79087504    1.55485655    1.68433910    1.61260222    1.55504482    1.78512142    1.61132010    1.71532389    1.75960360    1.69528105    1.49821308    1.42369883    1.48398465    1.77705050    1.38699813    1.44795049    1.59622024    1.44369445    1.19400220    1.42106870    1.55924281    1.78418490    1.74590198    1.58457858    1.48119237    1.63771474    1.71546060    0.90820392    1.21493123    1.34622209    1.38741965    1.43149317    1.50043628    1.62436276    1.27660597    1.58820622    1.62197576    1.70225626    1.84093681    1.70431947    1.17775027    1.47057572    1.68599577
A0A1D8PRS2_CANAL/16-44     1.67565603    0.98046437    1.17944014    1.54002440    1.02440844    0.91871723    0.77371843    0.45107807    0.45053730    0.79308017    0.00000000    0.77522820    0.47795248    0.58382701    0.50619736    0.77788204    1.12533492    0.85141240    0.88526810    0.74560402    0.71900758    0.72045614    0.73492347    0.75834226    0.46014348    1.13848490    0.97164121    1.81921417    1.33104077    1.50010858    1.65722483    2.42376778    0.90612036    1.27599462    1.35144621    1.40350355    1.46133733    1.26723718    1.15315348    1.54542385    1.54720421    1.53728105    1.39859643    1.37562293    0.79747178    1.00245298    1.20907267    1.67210484    1.65761344    1.86021486    1.82556972    1.51825061    1.35797647    1.54568463    1.74738244    1.64667935    1.60309193    1.60620400    0.99154093    1.87372262    1.69074383    1.24623967    0.82522661    0.69634326    1.33983010    1.26491621    1.36748233    1.34494569    1.17721591    1.42642953    1.43457012    1.63063347    1.58051947    1.48218581    1.00493778    1.56582893    1.54446904
TRM13_YARLI/47-76     1.73318777    1.53927399    1.77654487    1.43279880    1.08296070    0.99870661    0.78453655    0.68400318    0.95504573    0.83692158    0.77522820    0.00000000    0.87117169    0.97873522    1.00532636    1.08312260    1.19992894    0.94264627    0.87385726    1.08421338    1.04850789    1.16731231    1.02117401    0.94702909    0.78276865    1.56766134    1.15576928    1.65789444    1.77310701    1.93830317    2.06282926    2.61298721    1.49999135    1.83728816    1.52575904    1.77149681    1.63403272    1.60900177    1.47875601    1.65688461    1.60310564    1.57054868    1.88705994    1.66272542    1.65926174    1.24407248    1.54737175    1.99290209    1.66614591    1.55230724    1.93986049    1.53020697    1.35128981    1.65241977    1.65810488    1.78290147    1.85209717    1.50939160    1.86408372    2.13613362    2.14592766    1.33452645    1.10262791    1.22679867    1.49236749    1.84488541    1.82153400    1.90588003    1.55586916    1.60058884    1.56746369    1.75129192    2.20619368    1.59685798    0.94611215    1.77134583    1.62738003
H2AS13_KAZAF/15-43     1.45608981    1.37934232    1.01472393    1.46222961    1.00749323    0.78196280    0.71885543    0.39302538    0.61550238    0.87498844    0.47795248    0.87117169    0.00000000    0.41520704    0.59595319    0.36778041    0.74399830    0.85460579    0.58030112    0.51871148    0.57263317    0.72760276    0.62140120    0.76950442    0.33058877    1.11111003    1.32713565    1.65981500    1.35353356    1.43384878    1.50019138    2.25784160    1.02228655    1.02234445    1.48719172    1.30504467    1.30532920    1.03901226    1.30035010    1.27550833    1.11548419    1.25942554    1.24664642    1.16232802    0.91882019    1.19245345    0.99125382    1.69795254    1.56020655    1.67591467    1.83438317    1.54698393    1.24155353    1.68777126    1.56968687    1.66948076    1.89551240    1.47248079    1.02018558    1.46114660    1.82977348    1.32255050    0.99313743    1.33379005    1.14977970    1.04760476    1.04437652    1.07262927    0.92893461    1.23320071    1.72594465    1.51739313    1.82258706    1.60967410    1.18540359    1.15759493    1.35528276
G0VD86_NAUCC/19-47     1.93844845    0.98796204    1.01419209    1.33418940    0.80633864    0.74066375    0.72980844    0.36932312    0.67716337    0.83265968    0.58382701    0.97873522    0.41520704    0.00000000    0.39748411    0.36984060    0.69109591    0.79436230    0.59435511    0.56983789    0.38110577    0.55441978    0.52698214    0.66196106    0.32716296    1.13345585    1.27539994    1.25969928    1.55200931    1.52373238    1.73929267    1.93845294    1.27707857    1.29111449    1.52242019    1.35622932    1.54782572    1.34494291    1.36764174    1.54840853    1.17318435    1.30967503    1.36024291    1.39124395    1.31736422    1.12498657    1.05635072    1.84302521    1.47123882    1.81517959    1.92624332    1.55545741    1.47963218    1.58716371    1.73671430    1.45934093    1.81887284    1.77820272    1.25952944    1.50415614    1.77803495    1.00902468    1.09717769    1.29835616    1.20087400    1.07655562    1.17271657    1.22166032    0.89725405    1.27447897    1.76043780    1.70306232    1.93064568    1.67075170    1.09782784    0.92739990    1.20800009
K0KT07_WICCF/40-68     1.75480128    1.02224046    0.89993015    1.24170948    1.09068822    0.86487476    0.81456154    0.55145837    0.65878984    1.07735945    0.50619736    1.00532636    0.59595319    0.39748411    0.00000000    0.80257293    1.19219055    1.03393768    0.82864212    0.84869137    0.67499193    0.95311376    0.67819113    0.78764404    0.56102911    0.96673393    1.40671193    1.62094991    1.76927057    1.68361057    1.85731441    2.45125939    1.22359888    1.30409722    1.66857698    1.63770099    1.84842563    1.29623114    1.45539441    1.53079526    1.48155906    1.49201389    1.53627565    1.38560880    1.13079593    1.39386870    1.29167555    1.73501523    1.37585484    1.88607979    1.77870556    1.34930327    1.37782830    1.75037949    1.65524203    1.53666299    1.88793015    1.62232304    1.26206776    1.65225653    1.81716952    1.22651753    1.19906268    0.93612393    1.37382876    1.27819256    1.38376604    1.39129972    1.02139329    1.44079002    1.98868575    1.71766205    1.66316791    1.88389758    1.17348594    1.05369892    1.55200845
TRM13_YEAST/19-47     1.83809709    1.46944686    1.29058420    1.46089686    0.92192548    0.86784599    0.78131263    0.49098844    0.70256630    0.93797322    0.77788204    1.08312260    0.36778041    0.36984060    0.80257293    0.00000000    0.48614565    0.63017614    0.49295421    0.37372134    0.47067916    0.74586215    0.49031990    0.68700741    0.40013850    1.13720496    1.18245133    1.56298019    1.31321497    1.66464528    1.62065188    2.25549437    1.18031311    1.25226469    1.50835047    1.24862137    1.36878301    1.36158977    1.21935148    1.41110918    1.03374583    1.07253455    1.01641183    1.23198001    1.32853317    1.11946235    0.96128874    1.73235142    1.37418812    1.58177040    1.76777677    1.61833791    1.35727689    1.54663420    1.74771294    1.29232439    1.65564626    1.52779996    1.14647353    1.35498878    1.73614318    1.19175740    0.99278049    1.22529240    1.09567675    1.01099025    1.07438369    1.08876952    0.78469883    1.20621085    1.71749259    1.72774017    2.10113665    1.60757967    1.19996355    1.14572848    1.34201800
G8JP04_ERECY/30-58     1.66635542    1.17388742    1.50870996    1.49135589    1.01615726    0.79450129    0.93321089    0.84049501    1.20510915    1.33454249    1.12533492    1.19992894    0.74399830    0.69109591    1.19219055    0.48614565    0.00000000    0.95724512    0.51315861    0.65229286    0.69817406    0.72226745    0.76446876    0.81817044    0.64405401    1.49556407    1.48226483    1.35013281    1.43393317    1.34110180    1.42752946    2.31309133    1.24686493    1.25853674    1.31775271    1.18110457    1.32751549    1.21548644    0.90393387    1.37929471    1.23587139    1.14353754    1.19188089    1.19251145    1.60255105    1.10452561    1.38661627    2.12043126    1.57819768    1.68324862    1.54427600    1.59999734    1.33345900    1.48293356    1.74641574    1.68954627    1.74074518    1.75981037    1.32160277    1.69514952    1.80152115    1.46723314    1.32297683    1.36997411    1.42685368    1.35868446    1.48135542    1.54264778    1.33368093    1.52430397    1.86561276    2.00519885    1.74917016    1.52906150    1.00415670    1.29739228    1.12473772
J7S1U4_KAZNA/17-45     1.98457611    1.48453235    1.43064331    1.66867597    0.88386070    0.78775469    0.98713144    0.75275923    1.05143387    1.09646483    0.85141240    0.94264627    0.85460579    0.79436230    1.03393768    0.63017614    0.95724512    0.00000000    0.57555898    0.63729558    0.76541849    0.73137095    0.72030746    0.63804177    0.83818932    1.43483084    1.24247601    1.41357583    1.35097051    1.83898510    2.01726229    1.93510042    1.26501373    1.33909890    1.47114788    1.30242885    1.27847184    1.47078542    1.21334396    1.55214610    1.15574727    1.34066967    1.50051411    1.53797021    1.35097192    1.12487255    1.02891914    1.61087798    1.16661939    1.24888268    1.71587804    1.60320122    1.12380212    1.64502199    1.61712256    1.41821063    1.77920561    1.44921059    1.27519150    1.68011447    1.73263039    1.27815822    0.99502125    1.35467291    0.78563226    0.95179265    1.15751198    1.06537300    0.87997090    1.15204775    1.33628068    1.81894886    1.93790892    1.37567398    1.02537389    1.15417374    0.94949127
TRM13_KLULA/18-46     1.34172822    1.24115158    1.17896251    1.24038755    0.69834320    0.56867237    0.64766829    0.59767625    0.92976490    1.08384211    0.88526810    0.87385726    0.58030112    0.59435511    0.82864212    0.49295421    0.51315861    0.57555898    0.00000000    0.47620102    0.48628695    0.77267339    0.71478487    0.68450024    0.45500545    1.19709177    1.00314528    1.41002549    1.27911196    1.24196958    1.32794211    1.86748861    1.03702106    1.10980505    1.14562880    1.05679126    1.12552639    1.08035553    0.97365200    0.99183000    1.04314561    0.99982880    1.12835520    1.17110954    1.32619078    0.90838096    1.03583419    1.34619476    1.22598192    1.28397263    1.33891037    1.04928915    0.83337698    1.22825786    1.28587412    1.38397668    1.54941351    1.25745562    1.25816882    1.56758479    1.95220464    1.19821084    0.84536842    0.94793390    0.91682631    1.12838184    1.12430514    1.14352149    0.68377177    0.95104011    1.11352512    1.51452896    1.64339972    1.11986112    0.74994483    0.78680754    0.79856410
TRM13_VANPO/10-38     1.70760105    1.39117418    1.13087157    1.24162943    0.93454737    0.73589188    0.73772427    0.54922248    0.65813765    0.95122265    0.74560402    1.08421338    0.51871148    0.56983789    0.84869137    0.37372134    0.65229286    0.63729558    0.47620102    0.00000000    0.37723502    0.75323105    0.68519890    0.67843589    0.50893616    1.30512220    1.12843519    1.88776515    1.20264460    1.42849683    1.54461678    2.05125716    1.07843289    1.11958604    1.40191156    1.23714092    1.54410899    1.34072662    1.17947480    1.24558454    1.29785148    1.29608271    1.34873905    1.38838644    1.11831647    1.02888645    1.09276571    1.25116322    1.33533298    1.46273321    1.70255570    1.42554798    0.95435839    1.37961864    1.40775261    1.39520401    1.92771626    1.50845857    1.23828021    1.62495246    1.78018062    1.55869744    0.88131627    1.21986994    1.16036577    1.04463537    1.11222269    1.25471198    0.92505956    1.22959270    1.42631129    1.64745921    1.96185977    1.30746821    0.84129121    0.98219173    0.97757169
C5DJS8_LACTC/58-86     1.95904516    1.35701940    0.96412491    1.45138368    0.77113599    0.91218496    0.74411558    0.57932594    0.87116724    1.14719416    0.71900758    1.04850789    0.57263317    0.38110577    0.67499193    0.47067916    0.69817406    0.76541849    0.48628695    0.37723502    0.00000000    0.92902482    0.78405837    0.81594729    0.49885374    1.32764369    1.20792360    1.46972469    1.61639770    1.82728631    1.91890529    1.85997431    1.38192693    1.33085112    1.25120901    1.39277896    1.57149300    1.29271883    1.26988547    1.29196665    1.26825535    1.29090684    1.34507113    1.30208880    1.21080785    1.12582849    1.22740193    1.33875867    1.35668719    1.68610071    1.75432036    1.71281726    1.44644954    1.62251332    1.64643394    0.95858445    1.69194992    1.34569084    1.25077035    1.58350447    1.73592081    1.29423696    1.17958917    1.33344555    1.25250077    1.26413045    1.33102128    1.30663957    0.95251365    1.30804109    1.54200770    1.55754268    1.72666973    1.24412677    0.86016044    0.81956855    0.75548217
I2GZX5_TETBL/6-34     2.01919747    0.82894663    1.09353260    1.35569625    1.12724954    0.74636436    0.77780091    0.68778622    0.85398145    0.86458719    0.72045614    1.16731231    0.72760276    0.55441978    0.95311376    0.74586215    0.72226745    0.73137095    0.77267339    0.75323105    0.92902482    0.00000000    0.70966672    0.53552949    0.62528809    1.42350801    1.23543101    1.22712509    1.38297494    1.60040883    1.82911069    1.86810883    1.18335161    1.05208396    1.34621171    1.10331357    1.23144164    1.24359657    0.87012797    1.44140113    1.13583564    1.31154107    1.28201766    1.28895198    1.10524410    1.01267565    0.99815261    1.95308385    1.88542427    1.77376903    2.07738828    1.60057070    1.13381461    1.62451912    1.60382826    1.73608375    1.86480698    1.99808259    1.14140945    1.90816347    2.06896873    1.41749161    1.05768192    1.06562119    1.06719195    0.87939469    1.01458465    0.96723127    0.91409184    1.21145575    1.42328543    1.43002913    1.60307616    1.56432221    0.98869868    0.84466565    1.12669794
G8C2B4_TETPH/11-44     2.36488416    1.49900749    1.44698816    1.75348813    1.06853690    0.84892445    0.82747677    0.66696341    0.73314703    0.88589381    0.73492347    1.02117401    0.62140120    0.52698214    0.67819113    0.49031990    0.76446876    0.72030746    0.71478487    0.68519890    0.78405837    0.70966672    0.00000000    0.39931984    0.58470152    1.40775080    1.18470107    1.63386987    1.78066949    1.57458688    1.61824880    2.43824216    1.29192070    1.49638741    1.80303709    1.42369887    1.42705547    1.69222633    1.47353409    1.62143371    1.37392246    1.36127275    1.36628462    1.72365156    1.53201726    1.25762031    1.13737986    1.76223037    1.41265796    1.34979282    1.76349372    1.71473392    1.39020401    1.71209615    1.77227997    1.89975418    1.99005559    1.92146594    1.67811600    1.58725279    2.04855162    1.20156162    0.83108537    1.05253760    1.11874401    1.19992647    1.24449193    1.25930793    0.99264245    1.32912464    1.63820511    2.07551963    2.46777212    1.49070949    1.09189032    1.21293566    1.30114510
Q6FVH2_CANGA/8-36     1.92492570    1.41131512    1.33631114    1.50781646    1.24527564    1.07771615    0.88379664    0.70450460    0.81614022    0.89726681    0.75834226    0.94702909    0.76950442    0.66196106    0.78764404    0.68700741    0.81817044    0.63804177    0.68450024    0.67843589    0.81594729    0.53552949    0.39931984    0.00000000    0.83660605    1.25166580    1.35468373    1.46069895    1.64652260    1.62740705    1.71790908    2.47971168    1.16077849    1.43610808    1.58553238    1.29291525    1.26611827    1.39961706    1.41391846    1.36134220    1.09256345    1.17689531    1.31215546    1.46175666    1.55071205    1.17361953    1.06426147    1.35599256    1.47676160    1.49821211    1.70925195    1.48914122    1.15485035    1.45441043    1.60114860    1.75481220    2.03225200    1.54296199    1.51404466    1.87713913    1.87235762    1.21473993    0.87413644    1.02678431    1.13295384    1.39463765    1.10589535    1.11939081    1.12243116    1.42908459    1.61054217    1.81509771    2.03234114    1.47989319    0.96411266    0.92529100    0.99213483
G3AJ21_SPAPN/19-47     1.55691866    1.11099967    1.08818910    1.23640694    0.82216485    0.47079466    0.40703071    0.37301732    0.55202761    0.74883374    0.46014348    0.78276865    0.33058877    0.32716296    0.56102911    0.40013850    0.64405401    0.83818932    0.45500545    0.50893616    0.49885374    0.62528809    0.58470152    0.83660605    0.00000000    1.06236697    0.87921795    1.41417898    1.33929192    1.45398024    1.55015752    2.21155092    1.06833039    1.17433737    1.30901754    1.09382815    1.25003462    0.97897334    0.83446039    1.31418775    1.01610350    1.21086707    1.39946394    1.04403228    1.01315232    0.87636291    1.12325617    1.65734245    1.58813755    1.43009792    1.61765739    1.32688190    1.11229614    1.43729561    1.44944512    1.42405882    1.54075080    1.56333553    1.24168210    1.65945516    1.88143410    1.18878835    0.90428873    0.86609806    1.09561291    0.89182940    1.14722627    1.18148272    0.95867833    1.12680549    1.41820337    1.75465338    1.78792330    1.55189747    0.88864893    1.03195325    1.07429041
F2TXR5_SALR5/84-112     1.63964881    1.23331452    1.09878520    1.47103128    1.26449171    1.07806083    1.30661473    1.21686942    1.27908012    1.52004886    1.13848490    1.56766134    1.11111003    1.13345585    0.96673393    1.13720496    1.49556407    1.43483084    1.19709177    1.30512220    1.32764369    1.42350801    1.40775080    1.25166580    1.06236697    0.00000000    1.18050855    1.51692532    1.58421283    1.73560140    1.68658478    2.34085625    1.40285499    1.14355157    1.31613615    1.32166825    1.32164914    1.11147272    1.11255691    1.39056131    1.20868945    1.31386996    1.35255134    1.34576724    1.45070171    1.31642854    1.35748864    1.63866447    1.39300718    1.80364017    1.65475808    1.03549150    1.21719806    1.34922867    1.36697605    1.33177266    1.43796935    1.75403884    1.25864886    2.33337255    1.49972419    1.66905031    1.69714159    1.41340312    1.32281123    1.11528649    1.08262508    1.20796216    1.25353153    1.23684842    1.20359125    2.16640341    1.44138875    1.42162665    1.28896787    1.45070303    1.43388854
B3S1E6_TRIAD/10-38     1.38895632    1.25140542    1.37212306    1.19671535    1.03903520    0.87585126    1.02645046    1.14005683    0.93093977    1.27306357    0.97164121    1.15576928    1.32713565    1.27539994    1.40671193    1.18245133    1.48226483    1.24247601    1.00314528    1.12843519    1.20792360    1.23543101    1.18470107    1.35468373    0.87921795    1.18050855    0.00000000    1.20160282    1.05126044    2.13358617    1.99287105    1.82932709    1.05618455    1.01784139    0.87198394    0.84351831    0.68103865    1.02109383    0.84568914    1.10786492    1.02112021    1.14455141    1.08634570    1.09746996    0.96615965    0.86713087    1.04554375    1.79503125    1.52111984    1.27143851    1.37263112    1.20625986    1.46041882    1.47089167    1.45411510    1.61949886    1.13055199    1.53621167    1.31138896    1.97514743    2.32973942    1.77562253    0.91907942    0.86049162    0.84863105    0.76005233    0.81185820    0.94700659    0.73363554    0.59860152    0.95506627    1.33832937    1.91775326    1.17426996    0.70045533    1.38258605    1.30237385
A4RSM0_OSTLU/24-52     1.69961436    1.45601216    1.45991317    1.67482778    1.36668481    1.30159374    1.34741324    1.27848739    1.73554376    1.31293079    1.81921417    1.65789444    1.65981500    1.25969928    1.62094991    1.56298019    1.35013281    1.41357583    1.41002549    1.88776515    1.46972469    1.22712509    1.63386987    1.46069895    1.41417898    1.51692532    1.20160282    0.00000000    1.50853841    1.98118815    2.12381685    1.48475396    1.46705443    1.38496154    1.22724008    1.42272699    1.26750177    1.28571393    1.37165429    1.54811826    1.50847503    1.43529641    1.44473073    1.44407753    1.72810215    1.19151420    1.64767360    1.75323644    1.90128709    1.92018226    1.79776470    1.85924686    2.01382329    1.89439360    1.75233954    1.60925743    1.21612450    1.66336073    1.43141884    1.37086818    1.85191786    1.44094150    1.84820246    1.43102425    1.24528333    1.18571205    1.31901290    1.28524127    1.34385982    1.05710701    1.68641302    1.37479828    1.54170937    1.57958124    1.10179333    1.43916745    1.34483345
B4KBP2_DROMO/24-52     1.48861532    1.23415546    1.35062296    1.18062826    1.20261676    1.59045474    1.39669065    1.58858044    1.51174886    1.70617817    1.33104077    1.77310701    1.35353356    1.55200931    1.76927057    1.31321497    1.43393317    1.35097051    1.27911196    1.20264460    1.61639770    1.38297494    1.78066949    1.64652260    1.33929192    1.58421283    1.05126044    1.50853841    0.00000000    1.20147576    1.25381290    1.58453325    0.46454609    0.78438042    1.04373747    0.73802633    0.74561952    0.72960165    0.94098057    0.86103718    0.96287208    0.96941782    1.02196106    1.01065870    0.95660015    0.82130591    0.70420016    1.46465248    1.57306689    1.37053976    1.28051397    1.22144626    1.26899203    1.36756955    1.10411843    1.39980630    1.54459773    1.24101238    0.94521796    1.75874684    2.02512255    2.09727056    0.79591133    1.29375651    0.87468374    0.76698192    0.90553859    0.71034881    0.98289994    0.86600957    0.90712506    1.06858793    1.62749791    1.52936862    0.92415203    1.37988496    1.24466907
F0ZBG4_DICPU/67-99     1.51396684    1.64901582    1.61153316    1.54717417    1.32920583    1.08321233    1.35867924    1.57126197    1.41963747    1.44850148    1.50010858    1.93830317    1.43384878    1.52373238    1.68361057    1.66464528    1.34110180    1.83898510    1.24196958    1.42849683    1.82728631    1.60040883    1.57458688    1.62740705    1.45398024    1.73560140    2.13358617    1.98118815    1.20147576    0.00000000    0.28801755    1.41206977    1.12265209    1.59283543    1.96383929    1.67218183    1.90746080    1.59564782    1.51211950    1.43679371    1.63548980    1.54512817    1.56383716    1.72045098    1.85804640    1.80944870    1.89947619    1.94358569    1.51771519    1.73184731    1.65544908    1.50260735    1.11637378    1.15222792    1.37806224    1.49076537    2.14038759    1.39104354    1.53581087    1.93233338    1.52108317    1.89812003    1.52533923    1.87949545    1.68394112    1.48141548    1.66223614    1.61969321    1.79065978    1.60114531    1.74696429    1.62448180    2.00994473    1.87444606    1.80869220    1.68850864    1.78374819
TRM13_DICDI/57-89     1.73703142    1.77992237    1.68903643    1.64486535    1.38517606    1.16671002    1.49324042    1.66734179    1.54391978    1.40771403    1.65722483    2.06282926    1.50019138    1.73929267    1.85731441    1.62065188    1.42752946    2.01726229    1.32794211    1.54461678    1.91890529    1.82911069    1.61824880    1.71790908    1.55015752    1.68658478    1.99287105    2.12381685    1.25381290    0.28801755    0.00000000    1.60716732    1.35565850    1.61796768    1.98945746    1.59320105    1.83327306    1.57109665    1.60376672    1.49703717    1.46191880    1.58427365    1.48027590    1.55167198    1.87106679    1.90542810    1.83475480    1.96694954    1.38843528    1.62625883    1.45234875    1.32264710    1.17013163    1.13502988    1.29698387    1.47690154    2.02220894    1.31929601    1.60124589    2.06184080    1.57163311    1.87772902    1.52897363    1.99755021    1.77207146    1.66790864    1.62733754    1.58919028    1.75401071    1.78810141    1.71329032    1.82339587    1.86565569    2.00410917    1.91184455    1.96422329    1.86255422
Q015W5_OSTTA/61-89     2.26725833    1.84409794    1.48652471    1.65733739    1.53754341    2.13968580    1.97366819    2.14130068    2.47967872    2.34258535    2.42376778    2.61298721    2.25784160    1.93845294    2.45125939    2.25549437    2.31309133    1.93510042    1.86748861    2.05125716    1.85997431    1.86810883    2.43824216    2.47971168    2.21155092    2.34085625    1.82932709    1.48475396    1.58453325    1.41206977    1.60716732    0.00000000    1.54721704    1.57515808    1.91300951    1.68836938    1.78608587    1.87562158    1.93263943    1.67410142    1.41809417    1.56634885    1.63274617    1.78055247    1.77210664    1.85132900    1.79338198    1.87873208    1.91198689    2.23673513    1.98330722    2.17948227    2.08015439    1.93783319    1.83437063    1.66393658    1.86505833    2.06000106    1.53288394    1.31327644    2.26696080    2.47962690    1.94714740    2.19861592    1.44869004    1.51407747    1.35097682    1.64387572    1.69118109    1.49094312    1.52752745    1.37583805    1.66584433    1.75061688    1.51417948    1.37084293    1.33156993
B3LVS8_DROAN/19-47     1.29023899    1.24128026    1.16241375    1.09144111    1.29143750    1.28938392    1.41181853    1.38467966    1.14814930    1.48324593    0.90612036    1.49999135    1.02228655    1.27707857    1.22359888    1.18031311    1.24686493    1.26501373    1.03702106    1.07843289    1.38192693    1.18335161    1.29192070    1.16077849    1.06833039    1.40285499    1.05618455    1.46705443    0.46454609    1.12265209    1.35565850    1.54721704    0.00000000    0.75497798    0.98656660    0.90811983    0.93201208    0.72913424    0.78699044    0.83387689    0.76446991    0.78307547    0.86792402    0.87475320    0.83438182    0.78304704    0.78640294    1.21550565    1.34906979    1.18184021    1.27614106    1.14486340    0.82403007    1.17035652    1.23555354    1.34008222    1.37714741    1.26770058    0.93281200    1.43398308    1.85304193    1.83058732    0.78882553    0.89367963    0.90872202    0.87323670    0.87546712    0.85627264    0.82040029    0.77057227    1.19969452    1.16885520    1.58227512    1.60436120    1.05716676    1.17105205    1.20049834
I3JA69_ORENI/7-35     1.44988272    1.02135566    0.94237695    1.13926547    1.22343850    1.16616749    1.22050255    1.17531583    1.19477521    1.63703609    1.27599462    1.83728816    1.02234445    1.29111449    1.30409722    1.25226469    1.25853674    1.33909890    1.10980505    1.11958604    1.33085112    1.05208396    1.49638741    1.43610808    1.17433737    1.14355157    1.01784139    1.38496154    0.78438042    1.59283543    1.61796768    1.57515808    0.75497798    0.00000000    0.63833355    0.43056365    0.55928373    0.29173890    0.50313579    0.50051202    0.56440206    0.47118467    0.41261822    0.44113531    0.60457056    0.70073631    0.61216230    1.76325774    1.48787813    1.79035770    1.48854329    1.12641486    1.13204214    1.39248473    1.31207548    0.95873627    1.00915155    1.44092636    0.78727160    1.76850473    2.07203041    2.01221943    1.26936241    1.11114087    0.77182496    0.56096633    0.53436156    0.53760783    0.83018530    0.84686932    1.50480241    1.32974261    1.35181999    1.45445046    1.13186814    1.39312659    1.14690540
C3YCH1_BRAFL/8-36     1.34444231    0.96281512    1.30815675    1.06866410    1.18655880    1.21556335    1.11851142    1.50062152    1.51243012    1.79087504    1.35144621    1.52575904    1.48719172    1.52242019    1.66857698    1.50835047    1.31775271    1.47114788    1.14562880    1.40191156    1.25120901    1.34621171    1.80303709    1.58553238    1.30901754    1.31613615    0.87198394    1.22724008    1.04373747    1.96383929    1.98945746    1.91300951    0.98656660    0.63833355    0.00000000    0.52642114    0.50569399    0.53572215    0.52380924    0.64922614    0.84502571    0.68155480    0.61161526    0.56544821    0.65421567    0.82121074    0.76832978    1.67388916    1.44020278    1.29153505    1.29303622    1.22064422    1.24790648    1.40166781    1.21690825    1.06618291    0.80228851    1.17483502    1.07588136    2.22701614    2.00987196    1.81670688    1.43081594    1.09840310    0.89452302    1.05807233    0.75068850    0.89839307    1.02132304    1.01012881    1.44123379    1.49018014    1.28153753    1.46842015    0.84627893    1.66827427    1.23934884
G1KBZ1_ANOCA/14-42     1.44929544    1.13810957    1.29761098    1.19328739    1.14187338    1.19577537    1.00015606    1.34388924    1.47419254    1.55485655    1.40350355    1.77149681    1.30504467    1.35622932    1.63770099    1.24862137    1.18110457    1.30242885    1.05679126    1.23714092    1.39277896    1.10331357    1.42369887    1.29291525    1.09382815    1.32166825    0.84351831    1.42272699    0.73802633    1.67218183    1.59320105    1.68836938    0.90811983    0.43056365    0.52642114    0.00000000    0.27276802    0.38394817    0.44611098    0.49138482    0.50433812    0.40136228    0.56344976    0.39635675    0.81601155    0.80621447    0.70043675    1.87631221    1.42745732    1.37434031    1.17602870    1.09754797    1.16128342    1.19530405    1.25973470    1.05812001    0.78241389    1.08356094    0.82438069    2.20856247    2.21101731    2.01957029    1.01258832    1.04302763    0.68245061    0.59615371    0.69580079    0.57672621    0.89861954    0.88620303    1.20355491    1.37566427    1.45840682    1.36001638    0.72789848    1.32208441    1.04631637
