34
V5FJL3_BYSSN/161-301     0.00000000    0.77029280    0.76067570    0.62493512    0.58338405    0.44956869    0.44695682    0.62867271    0.49443522    0.55019335    0.55950106    0.57104452    0.64372634    0.60594266    0.95567889    0.88818387    0.72074928    0.72212012    1.34029190    1.78969157    1.14581009    1.08383955    1.07170231    1.23837222    1.14357600    1.28603447    1.33801617    1.23078387    1.15180424    1.38234249    1.12606049    1.15383614    1.16051086    1.20501963
B8MBR8_TALSN/162-305     0.77029280    0.00000000    0.20617700    0.73799386    0.81487882    0.72538175    0.72852350    0.86612282    0.65771067    0.83128705    0.77602281    0.78643041    0.89933222    0.87035021    1.19287558    1.12195798    1.11269226    1.03153394    1.70945799    1.88218296    1.24621430    1.19599728    1.15833416    1.30199998    1.30338669    1.45231250    1.53262999    1.54874430    1.50550165    1.20799858    1.23229905    1.22319245    1.33476004    1.34768680
B6QG72_TALMQ/162-305     0.76067570    0.20617700    0.00000000    0.80143564    0.72545017    0.71384638    0.70827998    0.89132910    0.71445643    0.76427124    0.75415782    0.74934515    0.83373054    0.84843656    1.28209385    1.14409815    1.09370880    1.01776587    1.56982718    1.99153539    1.14884098    1.17408647    1.16107783    1.27159984    1.27273793    1.36426990    1.44710916    1.38849446    1.35854866    1.19359825    1.10412436    1.19321480    1.31237326    1.27466803
A1CA14_ASPCL/144-284     0.62493512    0.73799386    0.80143564    0.00000000    0.26449112    0.36740927    0.40803165    0.56200888    0.42277728    0.68438129    0.69538655    0.68272428    0.71292600    0.68130622    1.29388348    1.23186572    0.92927458    0.97534801    1.53729455    1.70320238    1.23165563    1.20974297    1.08740697    1.25622002    1.31250027    1.39543847    1.35998015    1.33475949    1.21643579    1.17735398    1.30056148    1.25511592    1.26891840    1.22362188
Q4WU05_ASPFU/141-283     0.58338405    0.81487882    0.72545017    0.26449112    0.00000000    0.38538122    0.38548325    0.56870034    0.45152972    0.62200998    0.66114482    0.64235576    0.82612150    0.76450519    1.29162928    1.22546519    0.83996499    0.91674936    1.58199690    1.55508263    1.11677153    1.07985287    1.05405962    1.16666943    1.23236918    1.33910277    1.37850178    1.31768384    1.17955206    1.17449209    1.14731529    1.14938127    1.28526847    1.18261101
Q2U917_ASPOR/154-293     0.44956869    0.72538175    0.71384638    0.36740927    0.38538122    0.00000000    0.29238425    0.39552461    0.32428024    0.58023724    0.52868306    0.57348661    0.76862895    0.67586291    0.90797944    0.94603556    0.78849247    0.88861581    1.26339678    1.65551431    1.16496648    1.19360973    1.04079158    1.16962014    1.06244950    1.17325269    1.33547467    1.21702934    1.13017340    1.08457993    1.10013759    1.15590959    1.10535261    1.09958315
G7XSC3_ASPKW/170-308     0.44695682    0.72852350    0.70827998    0.40803165    0.38548325    0.29238425    0.00000000    0.32820114    0.29013900    0.49430499    0.49890503    0.50050354    0.82515798    0.76812936    0.97885758    0.89376737    0.78519374    0.87698253    1.29065882    1.62548035    1.17392322    1.05487623    1.10795138    1.21318424    1.16279057    1.18804082    1.23527902    1.23965451    1.13827541    1.08266499    1.19606051    1.17269302    1.17110145    1.14136451
Q5BB33_EMENI/160-299     0.62867271    0.86612282    0.89132910    0.56200888    0.56870034    0.39552461    0.32820114    0.00000000    0.44566351    0.71922221    0.74656110    0.71939786    0.81067717    0.76475009    1.06020276    1.05459459    0.92997044    0.98799783    1.49780987    1.68102221    1.11355032    1.10586667    1.08978471    1.09497704    1.14206412    1.25295425    1.31959864    1.28897152    1.16669845    1.21110619    1.17448845    1.16949501    1.27237435    1.19659452
Q0CAD2_ASPTN/165-306     0.49443522    0.65771067    0.71445643    0.42277728    0.45152972    0.32428024    0.29013900    0.44566351    0.00000000    0.53006949    0.53533078    0.55086837    0.75509933    0.66171371    0.97651397    0.90445456    0.85101784    0.86056541    1.31850628    1.64812292    1.13428271    1.11850646    0.98951399    1.14033924    1.14789525    1.18697161    1.23312282    1.19064953    1.07058089    1.06531434    1.11035009    1.10046972    1.13399503    1.16472145
S7ZZU3_PENO1/140-281     0.55019335    0.83128705    0.76427124    0.68438129    0.62200998    0.58023724    0.49430499    0.71922221    0.53006949    0.00000000    0.38005004    0.36830509    0.70191954    0.75537721    1.15127712    1.00542914    0.79722049    0.80159268    1.37038870    1.62183670    1.15149935    1.13292952    1.11691381    1.20732585    1.16614652    1.31778500    1.21785371    1.42628514    1.24180600    1.31210425    1.16109463    1.15264923    1.33276464    1.30578240
B6HND4_PENRW/152-292     0.55950106    0.77602281    0.75415782    0.69538655    0.66114482    0.52868306    0.49890503    0.74656110    0.53533078    0.38005004    0.00000000    0.11586970    0.63317867    0.68598180    0.99214189    0.98169094    0.76276766    0.71763460    1.32284188    1.69281346    1.19210146    0.99838473    1.00030352    1.15772650    1.05356736    1.13667218    1.21071141    1.26973833    1.16069280    1.24226694    1.16860398    1.21000173    1.21423823    1.20305510
K9FY15_PEND2/151-290     0.57104452    0.78643041    0.74934515    0.68272428    0.64235576    0.57348661    0.50050354    0.71939786    0.55086837    0.36830509    0.11586970    0.00000000    0.65905036    0.66999941    1.01428806    1.05424004    0.82451139    0.79030532    1.39292622    1.68082738    1.13748819    0.96972229    0.97429389    1.10054533    1.07498684    1.15980887    1.23823046    1.29470235    1.18448851    1.24450880    1.15383670    1.21702988    1.21008498    1.17134098
C5FVX0_ARTOC/149-297     0.64372634    0.89933222    0.83373054    0.71292600    0.82612150    0.76862895    0.82515798    0.81067717    0.75509933    0.70191954    0.63317867    0.65905036    0.00000000    0.20294589    1.02541343    0.97653822    0.65206611    0.66476888    1.31087975    1.98207546    1.10001609    1.18943887    1.11968917    1.21365964    1.22748417    1.28152783    1.17859469    1.17703326    1.13648770    1.27055220    1.13515763    1.11464982    1.24719597    1.20739964
D4ASA2_ARTBC/128-278     0.60594266    0.87035021    0.84843656    0.68130622    0.76450519    0.67586291    0.76812936    0.76475009    0.66171371    0.75537721    0.68598180    0.66999941    0.20294589    0.00000000    1.10094363    0.97808025    0.67992548    0.66980219    1.30938437    1.98143487    1.14658744    1.12893785    1.10160136    1.20896652    1.16333505    1.34338187    1.32011474    1.28592009    1.19843341    1.30799916    1.10887160    1.11401040    1.26051253    1.24067243
C4JNQ2_UNCRE/156-303     0.95567889    1.19287558    1.28209385    1.29388348    1.29162928    0.90797944    0.97885758    1.06020276    0.97651397    1.15127712    0.99214189    1.01428806    1.02541343    1.10094363    0.00000000    0.43507786    0.95680695    0.93771185    1.62713297    2.02219284    1.40983555    1.32042667    1.33061428    1.36094992    1.29994039    1.49920276    1.46773986    1.41196440    1.37579789    1.42860370    1.29156467    1.35482043    1.37876052    1.51896427
A0A0E1RVR4_COCIM/156-303     0.88818387    1.12195798    1.14409815    1.23186572    1.22546519    0.94603556    0.89376737    1.05459459    0.90445456    1.00542914    0.98169094    1.05424004    0.97653822    0.97808025    0.43507786    0.00000000    0.91674443    0.84396900    1.63082899    1.86266060    1.50578794    1.33965385    1.33070446    1.33975469    1.42954944    1.47714798    1.42428181    1.44776319    1.41291739    1.52051716    1.42161189    1.37623797    1.38075265    1.54921125
C5GAU6_AJEDR/159-317     0.72074928    1.11269226    1.09370880    0.92927458    0.83996499    0.78849247    0.78519374    0.92997044    0.85101784    0.79722049    0.76276766    0.82451139    0.65206611    0.67992548    0.95680695    0.91674443    0.00000000    0.28832475    1.53096968    1.90243849    1.39878525    1.31425974    1.37050991    1.42406346    1.26821148    1.47048266    1.32665886    1.43235328    1.32780304    1.51639499    1.34017530    1.43928063    1.35589136    1.44055820
F0USP0_AJEC8/159-317     0.72212012    1.03153394    1.01776587    0.97534801    0.91674936    0.88861581    0.87698253    0.98799783    0.86056541    0.80159268    0.71763460    0.79030532    0.66476888    0.66980219    0.93771185    0.84396900    0.28832475    0.00000000    1.53581031    1.98751571    1.41163499    1.30982996    1.28962091    1.36276521    1.34871980    1.36698091    1.28705789    1.41192810    1.22738509    1.49671885    1.38059516    1.38017026    1.35352007    1.35978516
R1EJM0_BOTPV/153-282     1.34029190    1.70945799    1.56982718    1.53729455    1.58199690    1.26339678    1.29065882    1.49780987    1.31850628    1.37038870    1.32284188    1.39292622    1.31087975    1.30938437    1.62713297    1.63082899    1.53096968    1.53581031    0.00000000    2.63549658    1.43723566    1.50859932    1.43570075    1.50400439    1.41645017    1.56882913    1.46809074    1.54887173    1.52995063    1.51530725    1.36466316    1.47336713    1.73537016    1.54058170
CUT12_SCHPO/217-360     1.78969157    1.88218296    1.99153539    1.70320238    1.55508263    1.65551431    1.62548035    1.68102221    1.64812292    1.62183670    1.69281346    1.68082738    1.98207546    1.98143487    2.02219284    1.86266060    1.90243849    1.98751571    2.63549658    0.00000000    2.00581467    1.96936461    1.85560422    1.92931827    1.76416013    1.95472218    1.70082188    1.87899016    1.78642879    1.91553924    1.89040101    1.87085131    1.84260166    1.85386404
G2XEA3_VERDV/140-280     1.14581009    1.24621430    1.14884098    1.23165563    1.11677153    1.16496648    1.17392322    1.11355032    1.13428271    1.15149935    1.19210146    1.13748819    1.10001609    1.14658744    1.40983555    1.50578794    1.39878525    1.41163499    1.43723566    2.00581467    0.00000000    0.36936061    0.37894445    0.38121432    0.64568774    0.74554172    0.72711254    0.78752727    0.71490282    0.77281075    0.58882331    0.54712215    0.69044640    0.73396210
N4VCG7_COLOR/137-282     1.08383955    1.19599728    1.17408647    1.20974297    1.07985287    1.19360973    1.05487623    1.10586667    1.11850646    1.13292952    0.99838473    0.96972229    1.18943887    1.12893785    1.32042667    1.33965385    1.31425974    1.30982996    1.50859932    1.96936461    0.36936061    0.00000000    0.21906687    0.19977569    0.65257135    0.71603783    0.66997189    0.86547491    0.68440759    0.65760756    0.52745075    0.53130313    0.66987334    0.75105794
E3QAR4_COLGM/136-281     1.07170231    1.15833416    1.16107783    1.08740697    1.05405962    1.04079158    1.10795138    1.08978471    0.98951399    1.11691381    1.00030352    0.97429389    1.11968917    1.10160136    1.33061428    1.33070446    1.37050991    1.28962091    1.43570075    1.85560422    0.37894445    0.21906687    0.00000000    0.20308243    0.65387024    0.69996220    0.62239433    0.85519397    0.64753155    0.61462765    0.50748905    0.51838510    0.68492020    0.71830473
T0K2N0_COLGC/125-275     1.23837222    1.30199998    1.27159984    1.25622002    1.16666943    1.16962014    1.21318424    1.09497704    1.14033924    1.20732585    1.15772650    1.10054533    1.21365964    1.20896652    1.36094992    1.33975469    1.42406346    1.36276521    1.50400439    1.92931827    0.38121432    0.19977569    0.20308243    0.00000000    0.71972611    0.69635888    0.65653102    0.82393431    0.63271220    0.67784276    0.48961006    0.52347411    0.73707731    0.79074895
M7SZT5_EUTLA/287-433     1.14357600    1.30338669    1.27273793    1.31250027    1.23236918    1.06244950    1.16279057    1.14206412    1.14789525    1.16614652    1.05356736    1.07498684    1.22748417    1.16333505    1.29994039    1.42954944    1.26821148    1.34871980    1.41645017    1.76416013    0.64568774    0.65257135    0.65387024    0.71972611    0.00000000    0.77204954    0.81659914    0.94564108    0.68847489    0.69112127    0.68189663    0.64689623    0.86842568    0.83415653
G4ML34_MAGO7/145-296     1.28603447    1.45231250    1.36426990    1.39543847    1.33910277    1.17325269    1.18804082    1.25295425    1.18697161    1.31778500    1.13667218    1.15980887    1.28152783    1.34338187    1.49920276    1.47714798    1.47048266    1.36698091    1.56882913    1.95472218    0.74554172    0.71603783    0.69996220    0.69635888    0.77204954    0.00000000    0.76664463    0.78273308    0.67629596    0.78125884    0.83957903    0.81932465    0.93815481    1.03772455
B2B7B2_PODAN/165-307     1.33801617    1.53262999    1.44710916    1.35998015    1.37850178    1.33547467    1.23527902    1.31959864    1.23312282    1.21785371    1.21071141    1.23823046    1.17859469    1.32011474    1.46773986    1.42428181    1.32665886    1.28705789    1.46809074    1.70082188    0.72711254    0.66997189    0.62239433    0.65653102    0.81659914    0.76664463    0.00000000    0.55656146    0.39801952    0.76378361    0.78688327    0.73694165    1.01121415    1.00222101
Q2GWD2_CHAGB/125-267     1.23078387    1.54874430    1.38849446    1.33475949    1.31768384    1.21702934    1.23965451    1.28897152    1.19064953    1.42628514    1.26973833    1.29470235    1.17703326    1.28592009    1.41196440    1.44776319    1.43235328    1.41192810    1.54887173    1.87899016    0.78752727    0.86547491    0.85519397    0.82393431    0.94564108    0.78273308    0.55656146    0.00000000    0.35157040    0.85139002    0.88148233    0.91118803    1.10994031    1.11535695
G2Q9K1_MYCTT/144-285     1.15180424    1.50550165    1.35854866    1.21643579    1.17955206    1.13017340    1.13827541    1.16669845    1.07058089    1.24180600    1.16069280    1.18448851    1.13648770    1.19843341    1.37579789    1.41291739    1.32780304    1.22738509    1.52995063    1.78642879    0.71490282    0.68440759    0.64753155    0.63271220    0.68847489    0.67629596    0.39801952    0.35157040    0.00000000    0.77567911    0.72791069    0.73469401    0.88373707    0.92452519
S3BS53_OPHP1/135-277     1.38234249    1.20799858    1.19359825    1.17735398    1.17449209    1.08457993    1.08266499    1.21110619    1.06531434    1.31210425    1.24226694    1.24450880    1.27055220    1.30799916    1.42860370    1.52051716    1.51639499    1.49671885    1.51530725    1.91553924    0.77281075    0.65760756    0.61462765    0.67784276    0.69112127    0.78125884    0.76378361    0.85139002    0.77567911    0.00000000    0.78257923    0.73744299    0.98816651    0.99890071
S0DXJ4_GIBF5/110-245     1.12606049    1.23229905    1.10412436    1.30056148    1.14731529    1.10013759    1.19606051    1.17448845    1.11035009    1.16109463    1.16860398    1.15383670    1.13515763    1.10887160    1.29156467    1.42161189    1.34017530    1.38059516    1.36466316    1.89040101    0.58882331    0.52745075    0.50748905    0.48961006    0.68189663    0.83957903    0.78688327    0.88148233    0.72791069    0.78257923    0.00000000    0.20714827    0.62282711    0.63816654
C7YUI3_FUSV7/112-248     1.15383614    1.22319245    1.19321480    1.25511592    1.14938127    1.15590959    1.17269302    1.16949501    1.10046972    1.15264923    1.21000173    1.21702988    1.11464982    1.11401040    1.35482043    1.37623797    1.43928063    1.38017026    1.47336713    1.87085131    0.54712215    0.53130313    0.51838510    0.52347411    0.64689623    0.81932465    0.73694165    0.91118803    0.73469401    0.73744299    0.20714827    0.00000000    0.60857165    0.65826844
G9MHA3_HYPVG/118-262     1.16051086    1.33476004    1.31237326    1.26891840    1.28526847    1.10535261    1.17110145    1.27237435    1.13399503    1.33276464    1.21423823    1.21008498    1.24719597    1.26051253    1.37876052    1.38075265    1.35589136    1.35352007    1.73537016    1.84260166    0.69044640    0.66987334    0.68492020    0.73707731    0.86842568    0.93815481    1.01121415    1.10994031    0.88373707    0.98816651    0.62282711    0.60857165    0.00000000    0.24417208
G9P8X1_HYPAI/119-261     1.20501963    1.34768680    1.27466803    1.22362188    1.18261101    1.09958315    1.14136451    1.19659452    1.16472145    1.30578240    1.20305510    1.17134098    1.20739964    1.24067243    1.51896427    1.54921125    1.44055820    1.35978516    1.54058170    1.85386404    0.73396210    0.75105794    0.71830473    0.79074895    0.83415653    1.03772455    1.00222101    1.11535695    0.92452519    0.99890071    0.63816654    0.65826844    0.24417208    0.00000000

