18
W0AK80_9SPHN/39-382     0.00000000    1.02949979    1.18073547    1.02204981    1.26226196    1.14089142    1.18196900    1.46341547    1.16911456    1.05682176    1.08640670    1.04333283    1.01387901    1.17903478    1.22256207    0.80714162    0.86941512    0.94143130
I0HSJ6_RUBGI/33-377     1.02949979    0.00000000    0.99757278    1.02853291    1.20451988    1.28693837    1.09250671    1.49625915    1.23392608    0.86828146    1.12388358    1.08349801    1.03524441    0.99949109    1.07586608    0.80469380    0.84216543    0.89093301
B2JQZ1_PARP8/20-372     1.18073547    0.99757278    0.00000000    1.07663176    1.22455971    1.35941194    1.16444254    1.49695258    1.27616512    1.03693958    1.33085298    1.17771115    1.16910150    1.27794347    1.28605997    0.95899728    1.03881967    1.06824313
Q0JYP9_CUPNH/27-387     1.02204981    1.02853291    1.07663176    0.00000000    1.25481510    1.16063937    1.27715065    1.46704714    1.33031077    1.06475044    1.23315007    1.19485026    1.26916526    1.15520054    1.28657272    0.95917445    1.10174260    1.11694993
Q8P430_XANCP/18-374     1.26226196    1.20451988    1.22455971    1.25481510    0.00000000    1.53907141    1.45890279    1.66241645    1.30394594    1.37686665    1.43447210    1.20582626    1.42650759    1.38132747    1.32771387    1.29567330    1.13262387    1.24313714
D7AAZ7_STAND/23-375     1.14089142    1.28693837    1.35941194    1.16063937    1.53907141    0.00000000    1.18486133    1.44373004    1.44881860    1.14124702    1.32041220    1.16646144    1.37287573    1.14602970    1.17029364    0.92651004    1.01263656    0.97579368
Q9I1U8_PSEAE/10-360     1.18196900    1.09250671    1.16444254    1.27715065    1.45890279    1.18486133    0.00000000    1.47821523    1.18792020    1.00755709    1.25825913    1.11859007    1.18638467    1.20577500    1.14779191    0.88745026    0.96596498    0.98908145
A6X6Z2_OCHA4/20-360     1.46341547    1.49625915    1.49695258    1.46704714    1.66241645    1.44373004    1.47821523    0.00000000    1.32406075    1.52249944    1.50365468    1.44041547    1.41131379    1.42938882    1.45774399    1.36411579    1.28478300    1.36688874
G7UTL3_PSEUP/30-372     1.16911456    1.23392608    1.27616512    1.33031077    1.30394594    1.44881860    1.18792020    1.32406075    0.00000000    1.39150474    1.33811747    1.21019014    1.25997562    1.33362475    1.25263010    1.13856523    1.16689294    1.21137240
A4VP97_PSEU5/79-432     1.05682176    0.86828146    1.03693958    1.06475044    1.37686665    1.14124702    1.00755709    1.52249944    1.39150474    0.00000000    0.95846283    1.03226967    0.92751987    0.96455255    1.02102719    0.71141666    0.73483388    0.74850709
Q7VYJ6_BORPE/15-367     1.08640670    1.12388358    1.33085298    1.23315007    1.43447210    1.32041220    1.25825913    1.50365468    1.33811747    0.95846283    0.00000000    1.02722282    0.86699298    1.13515750    1.17061417    0.87768592    0.97089295    1.04138306
W8WZH3_CASDE/18-375     1.04333283    1.08349801    1.17771115    1.19485026    1.20582626    1.16646144    1.11859007    1.44041547    1.21019014    1.03226967    1.02722282    0.00000000    0.77711699    1.01921742    1.09968974    0.75769159    0.89185355    1.04515765
A9IMR4_BORPD/21-377     1.01387901    1.03524441    1.16910150    1.26916526    1.42650759    1.37287573    1.18638467    1.41131379    1.25997562    0.92751987    0.86699298    0.77711699    0.00000000    1.00304970    1.11231405    0.82830197    0.87984648    1.01166293
Q88KQ3_PSEPK/13-363     1.17903478    0.99949109    1.27794347    1.15520054    1.38132747    1.14602970    1.20577500    1.42938882    1.33362475    0.96455255    1.13515750    1.01921742    1.00304970    0.00000000    0.87664456    0.94828743    0.97418787    1.03187550
A4XUN2_PSEMY/8-357     1.22256207    1.07586608    1.28605997    1.28657272    1.32771387    1.17029364    1.14779191    1.45774399    1.25263010    1.02102719    1.17061417    1.09968974    1.11231405    0.87664456    0.00000000    0.87474975    0.93148693    0.97408231
B0UN62_METS4/26-378     0.80714162    0.80469380    0.95899728    0.95917445    1.29567330    0.92651004    0.88745026    1.36411579    1.13856523    0.71141666    0.87768592    0.75769159    0.82830197    0.94828743    0.87474975    0.00000000    0.50753672    0.58599936
B8I9X7_METNO/25-373     0.86941512    0.84216543    1.03881967    1.10174260    1.13262387    1.01263656    0.96596498    1.28478300    1.16689294    0.73483388    0.97089295    0.89185355    0.87984648    0.97418787    0.93148693    0.50753672    0.00000000    0.27223104
B8IU80_METNO/20-373     0.94143130    0.89093301    1.06824313    1.11694993    1.24313714    0.97579368    0.98908145    1.36688874    1.21137240    0.74850709    1.04138306    1.04515765    1.01166293    1.03187550    0.97408231    0.58599936    0.27223104    0.00000000

