43
E6SCZ2_INTC7/16-172     0.00000000    0.62968882    0.74131502    0.69510298    0.80200003    0.75319642    0.87281539    0.95979973    0.91145678    0.61868715    0.75582177    0.59200626    0.83316356    1.10290133    0.95648650    0.67722386    0.79476962    0.77620646    0.74269297    0.63550987    0.75442094    0.63395999    0.87375114    0.74811285    0.77775845    0.75116817    1.14791752    0.92700342    0.98077544    0.93754000    0.95095910    0.97107349    0.89401519    1.02799747    1.06049547    1.01224518    0.89475774    0.81158030    0.96033321    0.87789558    1.13891692    1.18484664    0.82101958
C7R4Z7_JONDD/9-164     0.62968882    0.00000000    0.53326312    0.64410063    0.64393906    0.64216086    0.68362752    0.74290035    0.68754906    0.38633434    0.54207438    0.49172404    0.76124814    1.27410044    0.82913687    0.61633308    0.68848960    0.67270660    0.66028507    0.63819344    0.71109821    0.59816673    0.78021470    0.73230520    0.78521065    0.74152071    0.97723713    0.98045317    0.82956155    0.88665742    0.80068829    0.87347369    0.75740262    0.98261847    0.92571780    0.86356309    0.84176076    0.89228023    0.94125594    0.84572079    1.19463915    1.19236966    0.72923576
A6WDC2_KINRD/9-166     0.74131502    0.53326312    0.00000000    0.69732523    0.65574508    0.62274930    0.66098892    0.66565038    0.71932605    0.40989906    0.71089302    0.51402359    0.91333362    1.17730756    0.84572077    0.77069145    0.82462645    0.89028946    0.80288962    0.71917019    0.73469941    0.64724410    0.94970950    0.88574612    0.95960319    0.88913841    1.19223053    1.12202949    1.06476601    1.06546601    1.04332673    1.07705964    0.98369156    1.16340537    1.21638074    1.08608508    0.90860989    0.93726682    0.93992248    0.94266253    1.23191077    1.36032904    0.76991106
B2GFZ4_KOCRD/9-165     0.69510298    0.64410063    0.69732523    0.00000000    0.61488729    0.53796258    0.75517454    0.83769927    0.76979240    0.52897115    0.70665878    0.65251975    0.87653429    1.15548892    0.82835889    0.79367407    0.82626552    0.81547002    0.84513282    0.79183977    0.84138975    0.82365215    0.91819205    0.88945414    0.88416825    0.87378326    1.23965065    1.17325160    0.90933336    0.99612635    0.84640541    1.00356342    0.92493980    1.08374368    1.03147370    0.97850283    0.91673111    1.02849541    0.99246917    1.01218272    1.27338438    1.23886634    0.85853301
E1VVU5_GLUAR/9-165     0.80200003    0.64393906    0.65574508    0.61488729    0.00000000    0.54180675    0.79396422    0.87287883    0.89361329    0.57966342    0.74184791    0.71651851    0.90906757    1.24769858    0.82099746    0.85005605    0.80567451    0.81526651    0.79509294    0.77074867    0.87155899    0.75584144    0.95302806    0.90755286    0.97648661    0.96908200    1.13905113    1.09848688    1.08769418    1.05678470    0.98268454    1.09503025    1.00860624    1.06861199    1.02812719    1.03674374    1.01823862    0.99929811    1.11256362    1.04328428    1.21949630    1.28372273    0.91880380
C5CAR6_MICLC/9-165     0.75319642    0.64216086    0.62274930    0.53796258    0.54180675    0.00000000    0.73219489    0.79619168    0.79555359    0.51753302    0.80817696    0.60476819    0.99103659    1.22841104    0.91120308    0.84667196    0.85601976    0.88704947    0.87129414    0.73545248    0.76605127    0.74138397    1.01589351    0.79964918    0.77257075    0.81521545    0.99522773    0.99824782    0.85140432    0.77732118    0.90793510    0.94887426    0.90894191    0.92592978    0.97192131    0.89622450    0.85801150    0.98667499    0.97886962    0.97197531    1.10463061    1.26212307    0.81224247
Q6AFT1_LEIXX/9-165     0.87281539    0.68362752    0.66098892    0.75517454    0.79396422    0.73219489    0.00000000    0.29214643    0.88260277    0.60476953    0.63488234    0.70457442    1.03747913    1.20837849    0.94414737    0.93340438    0.94646046    0.93422545    0.93410757    0.91922273    0.90104095    0.86013541    0.92487584    0.99357389    0.99693868    1.02057923    1.17257795    1.25737657    1.15260499    1.06719837    1.13563148    1.20939008    1.04826110    1.29020565    1.22144202    1.15482902    1.05875273    1.03086807    1.05435048    1.08443715    1.42055932    1.34434270    0.98458183
B0RBG7_CLAMS/1-157     0.95979973    0.74290035    0.66565038    0.83769927    0.87287883    0.79619168    0.29214643    0.00000000    0.95788048    0.61909238    0.66588887    0.70763179    1.01446768    1.27941342    0.94909676    0.94663020    0.95850022    0.92041077    0.92065825    0.92058822    0.86775298    0.92259902    1.02663834    1.04185593    1.05897352    1.03771380    1.21216291    1.34871957    1.21904506    1.20207663    1.25169150    1.24454848    1.14577669    1.33274158    1.18385444    1.11967550    1.11348230    1.18335256    1.16464784    1.08525457    1.45753672    1.40244103    0.99061210
C7MD45_BRAFD/5-161     0.91145678    0.68754906    0.71932605    0.76979240    0.89361329    0.79555359    0.88260277    0.95788048    0.00000000    0.62968035    0.83172405    0.66830450    1.03621739    1.23866279    1.15787194    0.83647280    0.97275469    0.96063705    0.95869962    0.82815266    0.88857761    0.86659508    1.04152031    1.00203120    1.02875192    1.07150758    1.25279019    1.29311231    1.03606220    1.05193601    1.15721809    1.19968927    1.03996767    1.28013635    1.17203057    1.05346095    1.01460208    1.18722234    1.11686967    1.03222152    1.36380151    1.27226780    0.94654922
F4H2A0_CELFA/9-164     0.61868715    0.38633434    0.40989906    0.52897115    0.57966342    0.51753302    0.60476953    0.61909238    0.62968035    0.00000000    0.41134300    0.28253962    0.81220794    1.10986693    0.74221478    0.60395565    0.65584385    0.70303121    0.70940414    0.56988819    0.66813370    0.54144692    0.74648213    0.81346916    0.82372448    0.78145678    1.05837611    1.03815222    0.79811823    0.87794660    0.84272416    0.91468521    0.78298381    0.97973630    0.94952236    0.85768199    0.83936943    0.87040270    0.83871204    0.85346751    1.06451416    1.06202483    0.70236369
D6ZGI5_MOBCV/8-163     0.75582177    0.54207438    0.71089302    0.70665878    0.74184791    0.80817696    0.63488234    0.66588887    0.83172405    0.41134300    0.00000000    0.45550375    0.98298230    1.24156713    1.00265423    0.74138385    0.82709292    0.86132643    0.90081706    0.78177274    0.85166847    0.78708970    0.84390913    0.99339521    1.00618621    0.97163013    1.23193883    1.16768105    0.90589621    1.00136614    0.96025434    1.04258597    0.90418568    1.12999862    1.07051495    0.97183691    0.95440500    1.03377498    1.02644023    1.00634675    1.25224100    1.29557819    0.91426306
C5C4S8_BEUC1/9-164     0.59200626    0.49172404    0.51402359    0.65251975    0.71651851    0.60476819    0.70457442    0.70763179    0.66830450    0.28253962    0.45550375    0.00000000    0.80831406    1.17893048    0.86529548    0.66632439    0.73376162    0.83333639    0.77108371    0.57105549    0.62380204    0.60135638    0.80271716    0.86075532    0.83778673    0.83158307    1.14161174    1.02710779    0.88458788    0.94344582    0.98098266    0.92967845    0.88677707    0.99727793    1.02137992    0.90706595    0.93309724    0.97554279    0.91315226    0.88988021    1.14026578    1.21910189    0.75440500
D7GD55_PROFC/8-162     0.83316356    0.76124814    0.91333362    0.87653429    0.90906757    0.99103659    1.03747913    1.01446768    1.03621739    0.81220794    0.98298230    0.80831406    0.00000000    1.15548279    0.89782267    0.78847414    0.85493086    0.88781141    0.86734097    0.81785418    0.96246419    0.86279914    0.95504880    0.93380487    0.93085785    0.97971921    1.19652101    1.17191122    1.17663635    1.18698096    1.07196036    1.07950367    0.95293929    1.10640232    1.03970377    0.90032304    1.09702294    0.87146212    1.19635168    1.07589182    1.30130997    1.30864594    0.78427740
K7S3Z2_ACIA4/11-164     1.10290133    1.27410044    1.17730756    1.15548892    1.24769858    1.22841104    1.20837849    1.27941342    1.23866279    1.10986693    1.24156713    1.17893048    1.15548279    0.00000000    1.25937026    1.05134568    1.06223448    1.15549090    1.08117516    1.10966872    1.18743484    1.05399325    1.18938909    1.27359667    1.21484550    1.27565269    1.42753339    1.42140004    1.36682550    1.21225917    1.38150778    1.44911906    1.21539185    1.37144552    1.20234217    1.29032860    1.40805461    1.35619488    1.37310390    1.30710031    1.60103998    1.59277824    1.11936517
I6X0S7_PSEPQ/16-172     0.95648650    0.82913687    0.84572077    0.82835889    0.82099746    0.91120308    0.94414737    0.94909676    1.15787194    0.74221478    1.00265423    0.86529548    0.89782267    1.25937026    0.00000000    0.78802485    0.80944309    0.78021911    0.83542112    0.80580148    0.78339263    0.77795397    0.87152747    0.95012046    0.97022617    0.89782462    1.18346261    1.00128994    1.05876921    1.09080990    1.07517161    1.12528704    1.07727054    1.07535914    1.05130442    0.99000966    0.99763847    1.04040355    1.02559360    1.04558946    1.25338491    1.20218247    0.87318630
C7Q1W0_CATAD/15-171     0.67722386    0.61633308    0.77069145    0.79367407    0.85005605    0.84667196    0.93340438    0.94663020    0.83647280    0.60395565    0.74138385    0.66632439    0.78847414    1.05134568    0.78802485    0.00000000    0.67001720    0.58773843    0.52113189    0.45629038    0.66194810    0.45642952    0.64288869    0.74960420    0.68181173    0.78725893    0.98921767    0.90986919    0.81652121    0.96612420    0.87894008    0.84772329    0.84138213    0.94037887    0.86814949    0.85731309    0.84275711    0.78168732    0.79520282    0.84615472    0.98811666    0.95029215    0.66830696
D7B308_NOCDD/6-162     0.79476962    0.68848960    0.82462645    0.82626552    0.80567451    0.85601976    0.94646046    0.95850022    0.97275469    0.65584385    0.82709292    0.73376162    0.85493086    1.06223448    0.80944309    0.67001720    0.00000000    0.52252956    0.53583969    0.53414391    0.71797324    0.49704851    0.75720179    0.70160928    0.73937204    0.73989433    1.04965929    1.01411351    0.89621983    0.92592405    0.92647293    0.83678069    0.86477689    0.89006427    0.82146406    0.80606505    0.94876579    0.86421831    0.88255219    0.87781688    1.09665218    1.08564227    0.63307641
D6Y3X8_THEBD/7-163     0.77620646    0.67270660    0.89028946    0.81547002    0.81526651    0.88704947    0.93422545    0.92041077    0.96063705    0.70303121    0.86132643    0.83333639    0.88781141    1.15549090    0.78021911    0.58773843    0.52252956    0.00000000    0.41650621    0.55375929    0.66147669    0.54940082    0.62921435    0.75559126    0.80014007    0.82849450    1.09234983    0.96048833    1.00056607    0.98338481    0.83290402    0.87990486    0.84238673    0.92374751    0.84235580    0.80669978    0.82757421    0.98302616    0.87531779    0.93799407    1.09683267    0.99452440    0.61110759
D1ABH6_THECD/6-162     0.74269297    0.66028507    0.80288962    0.84513282    0.79509294    0.87129414    0.93410757    0.92065825    0.95869962    0.70940414    0.90081706    0.77108371    0.86734097    1.08117516    0.83542112    0.52113189    0.53583969    0.41650621    0.00000000    0.50569059    0.62063747    0.56218820    0.75950844    0.76120525    0.72909802    0.72144540    1.00669721    0.97641541    0.91970552    0.85853238    0.82013727    0.88408525    0.82636435    0.81906845    0.84933940    0.80018830    0.80120942    0.85924841    0.83687080    0.81171237    0.95331634    0.90086823    0.72196618
A1SI59_NOCSJ/14-170     0.63550987    0.63819344    0.71917019    0.79183977    0.77074867    0.73545248    0.91922273    0.92058822    0.82815266    0.56988819    0.78177274    0.57105549    0.81785418    1.10966872    0.80580148    0.45629038    0.53414391    0.55375929    0.50569059    0.00000000    0.42830078    0.34757782    0.64769001    0.73608921    0.73425610    0.76943314    1.16067472    0.98460892    1.00544798    0.99161465    0.98130083    0.95109454    0.96281241    0.94265538    0.95156114    0.89437959    0.82803890    0.79951952    0.99142650    0.86369537    1.08667558    1.04334342    0.73411767
E2SAX4_9ACTN/36-192     0.75442094    0.71109821    0.73469941    0.84138975    0.87155899    0.76605127    0.90104095    0.86775298    0.88857761    0.66813370    0.85166847    0.62380204    0.96246419    1.18743484    0.78339263    0.66194810    0.71797324    0.66147669    0.62063747    0.42830078    0.00000000    0.47302465    0.75769051    0.71681428    0.73909479    0.73939628    1.03289382    1.08278555    1.02876729    0.96881841    0.93846532    0.95868425    0.94888178    1.08120840    1.09870251    0.99231084    0.84532048    0.84295604    0.89629029    0.84512640    1.19467169    1.22673400    0.70632464
D2PXJ0_KRIFD/7-163     0.63395999    0.59816673    0.64724410    0.82365215    0.75584144    0.74138397    0.86013541    0.92259902    0.86659508    0.54144692    0.78708970    0.60135638    0.86279914    1.05399325    0.77795397    0.45642952    0.49704851    0.54940082    0.56218820    0.34757782    0.47302465    0.00000000    0.56444201    0.68433942    0.68733249    0.74113294    1.00836637    0.94926138    0.94431621    0.91891020    0.87488124    0.85564901    0.84176448    0.89316867    0.85355604    0.82741127    0.83242229    0.82506062    0.93337677    0.81534284    1.06907871    1.12263218    0.66065043
F5XM83_MICPN/23-179     0.87375114    0.78021470    0.94970950    0.91819205    0.95302806    1.01589351    0.92487584    1.02663834    1.04152031    0.74648213    0.84390913    0.80271716    0.95504880    1.18938909    0.87152747    0.64288869    0.75720179    0.62921435    0.75950844    0.64769001    0.75769051    0.56444201    0.00000000    0.91457371    0.92961416    0.94805701    1.22901386    1.14990294    1.19847902    1.21210483    1.12602950    1.12659743    1.00293871    1.12875939    1.12284190    1.09069391    1.02693278    1.05646678    1.02828641    0.97460243    1.27775002    1.26155315    0.70364020
C7MYW1_SACVD/6-161     0.74811285    0.73230520    0.88574612    0.88945414    0.90755286    0.79964918    0.99357389    1.04185593    1.00203120    0.81346916    0.99339521    0.86075532    0.93380487    1.27359667    0.95012046    0.74960420    0.70160928    0.75559126    0.76120525    0.73608921    0.71681428    0.68433942    0.91457371    0.00000000    0.28585592    0.35569444    0.75768297    0.66862541    0.66635608    0.60761952    0.58558360    0.58262520    0.55180688    0.66855847    0.64605458    0.60915953    0.53451698    0.59364273    0.60557015    0.68895004    0.84731511    0.83370553    0.60929794
C6W9A7_ACTMD/10-165     0.77775845    0.78521065    0.95960319    0.88416825    0.97648661    0.77257075    0.99693868    1.05897352    1.02875192    0.82372448    1.00618621    0.83778673    0.93085785    1.21484550    0.97022617    0.68181173    0.73937204    0.80014007    0.72909802    0.73425610    0.73909479    0.68733249    0.92961416    0.28585592    0.00000000    0.39946625    0.78343306    0.63821808    0.71236091    0.59989628    0.64172503    0.61291972    0.58116788    0.69878674    0.70123293    0.63871814    0.66944620    0.65923264    0.62998954    0.58970228    0.91868254    0.87399755    0.59470284
F4CJB7_PSEUX/6-160     0.75116817    0.74152071    0.88913841    0.87378326    0.96908200    0.81521545    1.02057923    1.03771380    1.07150758    0.78145678    0.97163013    0.83158307    0.97971921    1.27565269    0.89782462    0.78725893    0.73989433    0.82849450    0.72144540    0.76943314    0.73939628    0.74113294    0.94805701    0.35569444    0.39946625    0.00000000    0.77863701    0.70964996    0.66907220    0.62674081    0.64624152    0.71677977    0.62560398    0.66267208    0.78245451    0.75800363    0.65007603    0.70193473    0.55414704    0.60110736    1.05111120    1.05309327    0.63344294
F6EEH6_HOYSD/14-166     1.14791752    0.97723713    1.19223053    1.23965065    1.13905113    0.99522773    1.17257795    1.21216291    1.25279019    1.05837611    1.23193883    1.14161174    1.19652101    1.42753339    1.18346261    0.98921767    1.04965929    1.09234983    1.00669721    1.16067472    1.03289382    1.00836637    1.22901386    0.75768297    0.78343306    0.77863701    0.00000000    0.62881159    0.67179798    0.60672633    0.66837319    0.64006943    0.57481832    0.62576140    0.68671133    0.60734035    0.83651381    1.04182812    0.89600458    1.02069098    1.10393150    1.17125247    0.91951480
D5USQ5_TSUPD/14-168     0.92700342    0.98045317    1.12202949    1.17325160    1.09848688    0.99824782    1.25737657    1.34871957    1.29311231    1.03815222    1.16768105    1.02710779    1.17191122    1.42140004    1.00128994    0.90986919    1.01411351    0.96048833    0.97641541    0.98460892    1.08278555    0.94926138    1.14990294    0.66862541    0.63821808    0.70964996    0.62881159    0.00000000    0.42330321    0.57259009    0.64207628    0.54237679    0.54358293    0.54627173    0.57356479    0.62668723    0.80104154    0.87963448    0.84949210    0.91096455    0.99737620    0.99790593    0.96462727
D0LBU5_GORB4/14-169     0.98077544    0.82956155    1.06476601    0.90933336    1.08769418    0.85140432    1.15260499    1.21904506    1.03606220    0.79811823    0.90589621    0.88458788    1.17663635    1.36682550    1.05876921    0.81652121    0.89621983    1.00056607    0.91970552    1.00544798    1.02876729    0.94431621    1.19847902    0.66635608    0.71236091    0.66907220    0.67179798    0.42330321    0.00000000    0.53391073    0.48463931    0.47374590    0.39771945    0.53954927    0.53074726    0.47600866    0.79270300    0.91400189    0.78494769    0.86368505    0.96296011    0.95325710    0.91222184
A0A1M9S5J2_9MYCO/14-175     0.93754000    0.88665742    1.06546601    0.99612635    1.05678470    0.77732118    1.06719837    1.20207663    1.05193601    0.87794660    1.00136614    0.94344582    1.18698096    1.21225917    1.09080990    0.96612420    0.92592405    0.98338481    0.85853238    0.99161465    0.96881841    0.91891020    1.21210483    0.60761952    0.59989628    0.62674081    0.60672633    0.57259009    0.53391073    0.00000000    0.46585506    0.46923754    0.39598401    0.40053728    0.52004875    0.44130797    0.76553771    0.85255208    0.88254836    0.85891376    0.97823983    1.01112724    0.83494012
V9XA40_9NOCA/14-165     0.95095910    0.80068829    1.04332673    0.84640541    0.98268454    0.90793510    1.13563148    1.25169150    1.15721809    0.84272416    0.96025434    0.98098266    1.07196036    1.38150778    1.07517161    0.87894008    0.92647293    0.83290402    0.82013727    0.98130083    0.93846532    0.87488124    1.12602950    0.58558360    0.64172503    0.64624152    0.66837319    0.64207628    0.48463931    0.46585506    0.00000000    0.42564289    0.39694423    0.50328925    0.47975346    0.39374628    0.78021965    0.88195315    0.75776828    0.90931647    0.90788001    0.94189737    0.73591595
E9T6P0_RHOHA/14-166     0.97107349    0.87347369    1.07705964    1.00356342    1.09503025    0.94887426    1.20939008    1.24454848    1.19968927    0.91468521    1.04258597    0.92967845    1.07950367    1.44911906    1.12528704    0.84772329    0.83678069    0.87990486    0.88408525    0.95109454    0.95868425    0.85564901    1.12659743    0.58262520    0.61291972    0.71677977    0.64006943    0.54237679    0.47374590    0.46923754    0.42564289    0.00000000    0.32817776    0.39379176    0.40822196    0.38048429    0.73718471    0.88266374    0.77612302    0.85558748    0.90191772    0.92907008    0.81020462
W8HC26_RHOOP/14-166     0.89401519    0.75740262    0.98369156    0.92493980    1.00860624    0.90894191    1.04826110    1.14577669    1.03996767    0.78298381    0.90418568    0.88677707    0.95293929    1.21539185    1.07727054    0.84138213    0.86477689    0.84238673    0.82636435    0.96281241    0.94888178    0.84176448    1.00293871    0.55180688    0.58116788    0.62560398    0.57481832    0.54358293    0.39771945    0.39598401    0.39694423    0.32817776    0.00000000    0.35794910    0.39006496    0.32138592    0.72742826    0.87715371    0.75169068    0.82679586    0.86964269    0.95119143    0.71670340
W5TCJ2_9NOCA/14-170     1.02799747    0.98261847    1.16340537    1.08374368    1.06861199    0.92592978    1.29020565    1.33274158    1.28013635    0.97973630    1.12999862    0.99727793    1.10640232    1.37144552    1.07535914    0.94037887    0.89006427    0.92374751    0.81906845    0.94265538    1.08120840    0.89316867    1.12875939    0.66855847    0.69878674    0.66267208    0.62576140    0.54627173    0.53954927    0.40053728    0.50328925    0.39379176    0.35794910    0.00000000    0.36997819    0.31547608    0.81156816    0.96378592    0.89596672    0.95397000    0.89087565    0.99020078    0.78616605
Q5YZD9_NOCFA/17-178     1.06049547    0.92571780    1.21638074    1.03147370    1.02812719    0.97192131    1.22144202    1.18385444    1.17203057    0.94952236    1.07051495    1.02137992    1.03970377    1.20234217    1.05130442    0.86814949    0.82146406    0.84235580    0.84933940    0.95156114    1.09870251    0.85355604    1.12284190    0.64605458    0.70123293    0.78245451    0.68671133    0.57356479    0.53074726    0.52004875    0.47975346    0.40822196    0.39006496    0.36997819    0.00000000    0.24787923    0.84982144    1.02762723    0.81087009    0.95324468    0.96630891    0.93688925    0.72415952
H6RA41_NOCCG/15-175     1.01224518    0.86356309    1.08608508    0.97850283    1.03674374    0.89622450    1.15482902    1.11967550    1.05346095    0.85768199    0.97183691    0.90706595    0.90032304    1.29032860    0.99000966    0.85731309    0.80606505    0.80669978    0.80018830    0.89437959    0.99231084    0.82741127    1.09069391    0.60915953    0.63871814    0.75800363    0.60734035    0.62668723    0.47600866    0.44130797    0.39374628    0.38048429    0.32138592    0.31547608    0.24787923    0.00000000    0.75958541    0.91227374    0.83975678    0.86763185    0.94001011    0.90749085    0.71481913
I0H0I7_ACTM4/6-161     0.89475774    0.84176076    0.90860989    0.91673111    1.01823862    0.85801150    1.05875273    1.11348230    1.01460208    0.83936943    0.95440500    0.93309724    1.09702294    1.40805461    0.99763847    0.84275711    0.94876579    0.82757421    0.80120942    0.82803890    0.84532048    0.83242229    1.02693278    0.53451698    0.66944620    0.65007603    0.83651381    0.80104154    0.79270300    0.76553771    0.78021965    0.73718471    0.72742826    0.81156816    0.84982144    0.75958541    0.00000000    0.62793474    0.74890595    0.71860358    1.13833716    1.17356256    0.85467099
D3Q3J2_STANL/6-161     0.81158030    0.89228023    0.93726682    1.02849541    0.99929811    0.98667499    1.03086807    1.18335256    1.18722234    0.87040270    1.03377498    0.97554279    0.87146212    1.35619488    1.04040355    0.78168732    0.86421831    0.98302616    0.85924841    0.79951952    0.84295604    0.82506062    1.05646678    0.59364273    0.65923264    0.70193473    1.04182812    0.87963448    0.91400189    0.85255208    0.88195315    0.88266374    0.87715371    0.96378592    1.02762723    0.91227374    0.62793474    0.00000000    0.61249166    0.68836107    1.13008854    1.15538807    0.77938538
C8XI47_NAKMY/5-160     0.96033321    0.94125594    0.93992248    0.99246917    1.11256362    0.97886962    1.05435048    1.16464784    1.11686967    0.83871204    1.02644023    0.91315226    1.19635168    1.37310390    1.02559360    0.79520282    0.88255219    0.87531779    0.83687080    0.99142650    0.89629029    0.93337677    1.02828641    0.60557015    0.62998954    0.55414704    0.89600458    0.84949210    0.78494769    0.88254836    0.75776828    0.77612302    0.75169068    0.89596672    0.81087009    0.83975678    0.74890595    0.61249166    0.00000000    0.58677042    1.14171444    1.07524669    0.79010270
D2SBK0_GEOOG/9-164     0.87789558    0.84572079    0.94266253    1.01218272    1.04328428    0.97197531    1.08443715    1.08525457    1.03222152    0.85346751    1.00634675    0.88988021    1.07589182    1.30710031    1.04558946    0.84615472    0.87781688    0.93799407    0.81171237    0.86369537    0.84512640    0.81534284    0.97460243    0.68895004    0.58970228    0.60110736    1.02069098    0.91096455    0.86368505    0.85891376    0.90931647    0.85558748    0.82679586    0.95397000    0.95324468    0.86763185    0.71860358    0.68836107    0.58677042    0.00000000    1.11911166    1.12932663    0.78326866
F8B325_9ACTN/25-177     1.13891692    1.19463915    1.23191077    1.27338438    1.21949630    1.10463061    1.42055932    1.45753672    1.36380151    1.06451416    1.25224100    1.14026578    1.30130997    1.60103998    1.25338491    0.98811666    1.09665218    1.09683267    0.95331634    1.08667558    1.19467169    1.06907871    1.27775002    0.84731511    0.91868254    1.05111120    1.10393150    0.99737620    0.96296011    0.97823983    0.90788001    0.90191772    0.86964269    0.89087565    0.96630891    0.94001011    1.13833716    1.13008854    1.14171444    1.11911166    0.00000000    0.27478003    1.05733717
E3J068_FRAIE/23-176     1.18484664    1.19236966    1.36032904    1.23886634    1.28372273    1.26212307    1.34434270    1.40244103    1.27226780    1.06202483    1.29557819    1.21910189    1.30864594    1.59277824    1.20218247    0.95029215    1.08564227    0.99452440    0.90086823    1.04334342    1.22673400    1.12263218    1.26155315    0.83370553    0.87399755    1.05309327    1.17125247    0.99790593    0.95325710    1.01112724    0.94189737    0.92907008    0.95119143    0.99020078    0.93688925    0.90749085    1.17356256    1.15538807    1.07524669    1.12932663    0.27478003    0.00000000    1.02082049
A0LT81_ACIC1/6-157     0.82101958    0.72923576    0.76991106    0.85853301    0.91880380    0.81224247    0.98458183    0.99061210    0.94654922    0.70236369    0.91426306    0.75440500    0.78427740    1.11936517    0.87318630    0.66830696    0.63307641    0.61110759    0.72196618    0.73411767    0.70632464    0.66065043    0.70364020    0.60929794    0.59470284    0.63344294    0.91951480    0.96462727    0.91222184    0.83494012    0.73591595    0.81020462    0.71670340    0.78616605    0.72415952    0.71481913    0.85467099    0.77938538    0.79010270    0.78326866    1.05733717    1.02082049    0.00000000

