94
J9ZB86_LEPFM/3-205     0.00000000    0.84261980    1.89661162    2.12416396    2.21491516    1.91831012    1.81625010    1.57279228    2.05613793    1.82100594    1.87833534    1.84075044    2.24319209    1.76846375    2.61267395    1.85218399    1.93396446    2.78198184    3.12691700    3.20311275    4.44042303    3.95495706    4.43587090    4.22727220    3.44137399    3.57992640    2.88737056    4.00388730    4.66550823    4.69545083    3.76453156    3.93341368    3.00736114    4.42243708    3.69951225    3.05096611    3.71294345    3.36628436    3.64173568    3.43456250    3.90134761    3.81483441    3.66238528    3.58114858    3.64084437    3.52847230    3.13329710    2.59506030    2.36043629    2.45376788    3.47661197    3.55820685    2.82419062    2.49487006    2.66727794    3.08540500    3.26488731    3.01497518    2.72752589    3.51151786    3.10458548    3.43199231    2.90828844    2.94709945    3.40412677    2.74018035    2.97162304    2.83419242    2.67082291    2.49323634    2.72301323    2.52431106    2.94383772    2.42556209    2.45720513    2.41624045    2.15695643    2.13095530    2.08656231    2.57660637    2.39885059    2.32528638    3.13514167    3.53644978    1.59825138    2.25889553    2.13067388    2.02462011    1.53625568    1.85186244    1.51359192    1.81409278    2.02315385    1.89576225
I0IRN0_LEPFC/11-212     0.84261980    0.00000000    1.68103940    2.19131000    2.38708590    1.75794153    1.82745124    1.71984762    1.85688982    1.76266501    1.79626064    1.70764515    2.01978921    1.64700844    2.50784669    2.03284867    1.80315312    2.71060504    3.58563710    3.41637093    4.23829908    3.46545516    4.69326349    3.60017828    3.49100929    3.23529385    2.81260213    3.36600455    4.28947950    4.30688160    3.22344988    3.32482756    3.00685693    3.96690712    3.36487626    3.05375764    3.76548782    3.58002167    3.57248689    3.20999283    3.40840859    3.15007718    3.50621432    3.09238100    3.09356608    3.15212203    3.39534850    2.34418140    2.55486141    2.76121678    3.31851844    3.47476367    2.94541832    2.86168169    3.05517872    3.27826417    2.97241333    3.08336592    2.74610947    3.21055157    3.12734508    3.56173462    2.98863877    3.05912474    3.25396927    3.04946502    2.90265908    2.65878191    2.67590852    2.82942392    2.89804099    2.96947406    2.90588162    2.31932276    2.57899894    2.45026133    2.29048980    2.03410752    2.09930255    2.49656494    2.14484122    2.53872498    3.12761499    3.73506195    1.56942483    1.93237470    1.86584987    2.01532148    1.64206088    1.56836436    1.54083387    1.77058363    1.57551120    1.51449241
Q02BV1_SOLUE/12-215     1.89661162    1.68103940    0.00000000    1.46976173    1.82708075    1.83729957    1.82514558    1.56235797    1.80877466    2.20092326    2.30668645    1.69303250    2.00996630    1.76125487    2.91726855    2.13824481    2.40046547    2.63841199    3.34794308    3.95749111    4.48089412    3.64285210    4.19135734    3.58455493    3.48731670    3.32961162    2.38282999    3.54618000    3.96851523    3.77905132    3.38104221    3.34583241    2.76184218    3.51600897    3.70893101    3.42348574    3.32738892    3.05708892    3.47213437    3.67871480    3.60379219    3.01492503    3.51589777    3.13975370    3.49576669    3.09350369    3.82421903    2.12062730    2.26977156    2.32033184    3.49592540    2.98472786    2.71223132    2.85052957    2.91955888    2.92948819    3.09552229    2.66091408    2.71461785    2.88449731    2.55841760    2.67331927    2.68709082    2.36806819    3.04326707    2.68552599    2.74394427    2.51032117    2.34070328    2.71292278    2.61149741    2.71374146    3.25334925    2.30059693    2.44296025    2.13113789    2.12297048    1.84089269    1.85332755    2.22274545    1.88853145    2.51521509    2.98067254    3.23524623    2.19097607    2.24994231    1.92226513    2.35897677    1.88303259    2.17925108    1.92933815    1.93537637    1.78415529    1.86069314
Q01SV5_SOLUE/10-210     2.12416396    2.19131000    1.46976173    0.00000000    1.79263069    2.17814705    2.11628043    1.91333936    1.64510798    2.10267046    1.97487386    1.95557772    2.48960424    1.54623594    2.77498892    2.23871279    2.26448401    2.99442027    3.80592933    3.02300958    3.70860810    3.08287114    3.64950598    2.83527550    3.15961558    2.75082895    2.94763852    3.32413347    4.02983283    3.69606535    2.89640424    3.22068896    3.03526713    3.34896868    3.30348973    2.96447104    3.07309098    3.19866158    3.25057175    3.16783541    3.49885245    3.43291126    3.38318017    3.65100950    3.24169033    2.98221619    3.30056711    2.39720280    2.36565216    2.42491075    3.84906125    3.13788188    2.94918414    2.79577505    2.72578267    2.97835828    2.65575883    2.99763098    2.74922678    3.18830113    2.62842847    3.29255122    2.75608608    2.74362473    3.08078572    2.61328649    2.35476041    2.52249445    2.47355735    2.53026240    2.72129904    2.69497077    2.23147484    2.83696997    2.87157780    2.13892155    2.15115004    2.43349487    2.36911992    2.31405206    2.17450185    2.04426997    2.47291916    3.00680591    2.32893183    2.61893522    2.30350770    2.45708771    1.98876822    2.08538190    1.99665874    1.82524937    2.19688928    2.01247977
Q01XJ3_SOLUE/10-214     2.21491516    2.38708590    1.82708075    1.79263069    0.00000000    2.25868726    2.21979884    1.97414688    2.22957899    2.18699924    2.17100484    2.01506390    2.17456937    2.04736745    2.28292835    2.11913725    2.41632822    3.02927787    3.76846623    4.02607131    4.51188860    4.11923292    4.32591382    3.61548567    3.83583990    4.30017133    3.93629423    3.70964365    3.04018745    3.60443796    4.06021838    3.63990486    3.14483703    4.88165710    3.74627911    3.15846619    3.78576010    4.10686576    3.36864796    3.62653875    3.47689968    3.21606055    4.36383549    4.30853432    4.22331804    3.76567312    3.79522470    2.11467991    2.34178937    2.30295280    3.51661984    3.07318072    3.03215371    3.07344157    2.99702171    3.66297829    3.08671782    3.35223603    3.07345223    3.30284158    3.36269530    3.39572997    3.58658520    3.07118409    3.65960727    3.32293074    3.03051995    3.00141814    3.18413296    2.93578241    2.88476744    3.10837539    2.39678983    3.15276846    2.48455844    2.31879374    2.52769705    2.36949289    2.31290117    2.27235969    2.58368208    2.54733486    3.28722794    3.67431291    2.41935406    2.43015909    2.41744713    2.39907760    2.02532830    1.94223083    1.82641420    2.05909307    2.12570215    2.11639291
C1A5U3_GEMAT/6-198     1.91831012    1.75794153    1.83729957    2.17814705    2.25868726    0.00000000    1.89830167    1.71177621    1.96196826    2.16321284    1.93665472    1.73919626    1.99054012    1.79798002    2.28398282    2.20330666    2.24787920    3.13068930    3.06941306    3.32405349    4.32044476    3.80089754    4.23995973    3.62155904    4.06650874    3.87120389    3.42302851    3.77209589    4.00814706    3.92478191    3.42846150    3.09907549    2.94581798    3.83691076    4.01415674    3.37178014    3.83807282    3.57579377    3.56211772    3.48631619    3.56339658    3.24773316    3.99061996    3.96025359    3.93272595    4.20362878    3.80737474    2.30117289    2.66539091    2.69201372    3.65795682    4.65306646    3.68012085    3.23532945    3.24315996    3.32873530    3.11858191    3.57241640    3.12273249    3.28066435    3.01628787    4.15813710    3.16283718    3.18837531    3.70429351    3.11879925    3.06902394    2.95827022    3.06340166    2.99308464    3.25035690    2.93506034    2.94616143    2.94270586    2.24398145    2.11074471    2.29841200    2.33788989    2.31231373    2.52874351    2.06094374    2.88260175    2.85570656    3.21894314    1.97740908    2.41322588    2.06551402    2.04629996    1.95476410    1.81538355    1.97191604    1.77192087    1.92132510    1.87862944
E1QLL0_DESB2/10-211     1.81625010    1.82745124    1.82514558    2.11628043    2.21979884    1.89830167    0.00000000    1.66999367    1.80562464    2.21371023    2.25826644    1.73869500    2.34951856    1.74202198    2.55139140    1.94019728    1.89110732    2.80489240    3.75533497    3.85638316    3.82458330    3.38248515    4.06406621    3.52976406    3.01804462    3.30626364    3.18985878    3.63454751    3.59173146    3.79725697    3.00038757    2.98932222    2.69713643    4.14953947    3.64152482    3.27506071    3.76953243    3.36182129    3.48412611    3.75947725    3.70357145    3.09464051    3.58290897    3.57734502    3.45551975    3.65183511    3.82164988    1.99299242    2.31881124    2.67159741    3.44566449    3.69452893    2.83814218    2.61072300    3.12459931    2.38846785    2.45128067    2.82304194    2.59401615    2.79781773    2.46162047    2.94762903    2.31259500    2.54323316    3.16572293    2.57604254    2.64286915    2.35865605    2.65862259    2.68005349    2.43629034    2.67282670    2.62269026    2.86637432    2.54453320    2.33017272    2.29662015    2.19647895    2.11858358    2.55174371    2.52939426    2.19205051    2.73080646    2.94434632    1.94899510    2.22103968    1.88012970    2.29108242    1.68509938    1.94199494    1.96753307    1.98536320    1.89219433    2.06511346
E8V4M0_TERSS/7-213     1.57279228    1.71984762    1.56235797    1.91333936    1.97414688    1.71177621    1.66999367    0.00000000    0.84202953    2.00005463    2.15773499    1.64800678    2.12994149    1.65031122    2.29824242    1.80054869    1.99435974    2.37487479    2.84061360    3.37732994    4.32953966    3.44406577    4.10696369    3.14224639    3.26634729    3.05427070    3.02712317    3.21521154    3.92806681    3.63970998    3.12050979    2.79083481    2.33448122    3.19205148    3.42851822    3.35055765    3.42293712    2.53986796    2.86251298    2.51643777    3.07032946    2.98207323    3.58111773    3.66916885    3.14711722    3.35192529    3.13844458    1.92089249    2.12836827    2.46134097    3.54026825    3.14755037    2.52784839    2.49910348    3.01336012    2.81113624    3.01218260    2.91804205    2.57140902    2.72396181    2.67440377    2.78379543    2.56708651    2.78994927    3.22308337    2.40063789    2.75363121    2.90913679    2.61527816    2.69788272    2.78652272    2.74559154    2.61896293    2.13181843    2.22998514    2.10606144    2.10123973    1.95320292    1.91478420    2.26909827    2.09376900    2.39859319    2.63221581    2.96498914    1.71182094    2.29907052    2.01011344    2.16648259    1.78859700    1.73732981    1.70229245    1.78657132    1.98682460    1.67474666
I3ZII7_TERRK/9-213     2.05613793    1.85688982    1.80877466    1.64510798    2.22957899    1.96196826    1.80562464    0.84202953    0.00000000    2.19330458    2.21304282    1.77426259    2.03892897    1.92600929    2.73959320    2.21546062    1.92487713    2.71073477    2.93128804    3.12974092    3.71132277    3.30173841    3.92069342    2.96442795    3.21413581    2.99929176    3.16004998    3.24535916    3.51169078    3.80119411    2.69741283    2.63461667    2.57009953    3.13139404    3.31549463    2.72290035    3.25136503    2.83277731    2.60833116    2.86881924    2.77844446    2.95655705    3.49253962    3.78264655    3.32807201    3.43250318    2.92508424    2.25295884    2.37335225    2.67579673    3.62587835    3.22601416    3.03535121    2.81825340    2.93343693    3.12385776    3.18295671    3.27542094    3.32266487    3.27627355    2.72287166    3.07903528    3.19036948    3.07413843    3.77730331    3.12429563    3.19866887    3.25062076    2.81087673    2.79461117    2.84779581    2.84899388    2.39607085    2.23663326    2.48396432    2.05620254    2.20656745    2.24092515    2.04977240    2.23612387    2.26090946    2.55090774    2.60379108    3.09051996    1.95354463    2.04742028    1.89998997    1.96140585    1.79836753    2.08032896    1.56469106    1.69409783    1.81232960    1.81192949
C6BXH9_DESAD/297-499     1.82100594    1.76266501    2.20092326    2.10267046    2.18699924    2.16321284    2.21371023    2.00005463    2.19330458    0.00000000    1.20783347    1.59545938    2.04728526    1.82180356    2.24693266    1.73234116    2.00442938    2.58060525    3.67812999    3.59549208    4.50177158    3.98414604    4.93037212    3.66091671    3.25309981    3.58165306    3.24184714    3.86341768    4.42728124    3.44026466    3.19401244    3.39701601    2.70875912    4.03065319    3.07927227    2.88965445    3.76884976    3.44049267    3.73820014    3.73017162    3.64049821    3.25100664    3.69206846    3.80933634    3.89354439    3.67352101    3.81653979    2.32235914    2.46649576    2.41415530    3.59431494    3.96491032    3.02624825    2.93254808    3.13414543    3.24848846    3.00445382    3.13926135    2.90907936    3.36996892    3.22923277    3.06247680    3.17791401    3.28608602    3.71167076    3.40966540    3.16804268    3.17442813    3.06140174    3.01881666    2.84001414    3.03286882    3.00682397    2.87928748    2.35649713    2.44218848    2.58410631    2.30094850    2.40281134    1.91894196    2.35914477    2.52784533    2.75366703    2.69229455    1.86909641    2.09257315    1.94597093    2.01251648    1.82049493    1.65482330    1.50953970    1.79506290    1.53730247    1.60973353
M1WKS4_PSEP2/294-497     1.87833534    1.79626064    2.30668645    1.97487386    2.17100484    1.93665472    2.25826644    2.15773499    2.21304282    1.20783347    0.00000000    1.72736948    2.28408754    1.92718354    2.39055055    1.69582143    1.63578999    2.63485349    3.69087384    3.23885319    4.28084561    4.33973785    5.10422149    3.85080054    3.61988556    3.53666378    3.56524076    3.98098197    4.42417215    4.12664754    3.42507019    3.27496963    3.27424885    4.06907075    3.96240544    3.55853486    4.16528807    3.14231714    3.42330411    3.58850948    3.25081168    4.34743794    4.16351137    3.99507920    4.02473020    3.48281078    3.67969525    2.54702662    2.54367301    3.02436046    3.92941503    3.38319092    3.31741199    3.48908952    3.23559357    3.08926563    3.15491643    3.26007520    2.77724230    3.42075725    3.36825681    3.90296237    3.12498381    3.28982949    3.65645434    3.16843922    3.28317577    3.19112438    2.93048074    2.69281398    3.10236548    2.87030526    2.72529279    2.86307402    2.35694223    2.61432648    2.64070320    2.74495344    2.63801343    2.20030272    2.93489068    2.58976169    2.93204983    2.84341207    1.81772375    2.21391789    1.92028462    1.83526719    1.81602848    1.83461582    1.73231005    1.94673284    1.64168746    1.86997732
I5B292_9DELT/7-208     1.84075044    1.70764515    1.69303250    1.95557772    2.01506390    1.73919626    1.73869500    1.64800678    1.77426259    1.59545938    1.72736948    0.00000000    1.74152579    1.38059948    2.01326875    1.64005782    1.72116126    2.20556706    2.79193924    3.39987503    3.95602100    3.42325579    3.69006341    3.34924454    2.78214711    3.09506777    2.88215602    2.84053652    3.31027643    3.08161621    2.72698488    2.64470296    2.59881590    3.33935188    2.85220143    2.73313456    2.97734022    3.11815434    3.11930997    2.95246898    2.79785997    3.11408780    3.23759760    3.29518893    2.80784845    3.08077405    3.07523489    2.02673691    2.00740611    2.24241629    3.56088270    3.46604264    2.99636731    3.08999422    3.08313556    3.12283182    2.72185295    2.73068196    2.89596624    2.88762528    2.79500309    3.17632893    2.72315566    2.65298119    3.11616219    2.93161487    2.91537187    3.01856581    2.43847373    2.65925347    2.80307014    3.12187384    2.77727574    2.11679565    1.96770856    1.77744440    2.07519149    1.88179748    1.90490119    1.82234004    1.72893592    2.25714515    2.49274685    2.74803538    1.65932107    1.81723507    1.65900370    1.49119095    1.25769411    1.36205752    1.48939066    1.49248917    1.34862617    1.53471775
C5BIE4_TERTT/317-515     2.24319209    2.01978921    2.00996630    2.48960424    2.17456937    1.99054012    2.34951856    2.12994149    2.03892897    2.04728526    2.28408754    1.74152579    0.00000000    1.53295203    2.48067890    2.14650123    1.99706614    2.75793826    3.47494851    3.65735895    4.26692905    4.11618557    4.58860160    4.04092631    3.30620176    3.43474176    3.32906998    4.11986682    3.38452895    3.07571597    3.56242276    3.91042508    3.14936525    3.85927417    3.54470641    3.35752109    3.83482416    3.62189229    3.65045647    3.46020299    3.38067362    3.70168476    3.67451061    3.55409849    3.44331025    4.04792277    3.75408104    2.52834010    2.59250352    2.34407106    3.93865502    3.94220350    3.38397240    3.68000363    3.06623971    3.48478472    3.10761758    3.40105741    3.34447922    3.45265342    3.42213676    3.87377702    3.62484057    3.45185944    3.88290043    3.60161294    3.70532248    2.91294904    3.38664656    3.07073715    3.59684946    3.16619004    3.68893413    2.56561880    2.42182107    2.27301288    2.13551105    2.19099378    2.01746879    2.21358904    2.01225454    2.48752758    3.30114732    3.30577085    1.89014346    2.00678501    1.69655368    2.06934346    1.88355294    1.85124171    1.67478149    1.70122112    1.62422641    1.53827281
F8AE14_THEID/6-202     1.76846375    1.64700844    1.76125487    1.54623594    2.04736745    1.79798002    1.74202198    1.65031122    1.92600929    1.82180356    1.92718354    1.38059948    1.53295203    0.00000000    2.08170801    1.70462219    1.82731264    2.45073249    3.51532418    2.86531252    3.66420548    3.67103342    3.55385640    3.07444450    2.97338866    2.85807691    2.67708254    2.85388982    3.90174373    3.45780394    2.88976328    2.89372728    2.60683547    3.57531801    3.18574465    3.03283381    3.27069012    3.20158717    2.96510514    2.89474525    2.97228707    3.01139566    3.24983273    3.34789159    3.12982189    3.10388284    3.28589942    1.94778961    2.08474442    2.29248825    3.53431399    3.19989840    2.88289052    3.01365611    2.95269664    3.40264509    2.79754721    2.77545305    2.96608516    3.11500107    2.88407968    3.36720778    3.03787651    2.98636062    3.15374708    2.60952002    3.02229277    2.57121913    2.35361279    2.62284272    2.75157542    3.11570193    2.10215263    2.35132324    2.52211658    2.10737156    1.93177488    1.97786519    1.89049349    1.91759355    1.97303979    2.28840857    2.58654011    2.85444562    1.54225241    1.96334692    1.83955806    1.90514237    1.52158880    1.53254851    1.74531457    1.71021012    1.72169654    1.68052600
A5G4P5_GEOUR/309-512     2.61267395    2.50784669    2.91726855    2.77498892    2.28292835    2.28398282    2.55139140    2.29824242    2.73959320    2.24693266    2.39055055    2.01326875    2.48067890    2.08170801    0.00000000    1.82157794    2.05282805    2.96870560    4.06668010    3.32201702    4.74126191    3.96098166    4.53849323    4.04624342    3.32432540    3.55085642    3.38430916    3.51537831    3.84999473    3.71157101    3.52096756    3.37956565    2.95692073    4.38204256    3.58093756    3.45572093    4.52287473    3.90371035    3.43922458    3.15568623    3.22621442    3.91452391    3.33546485    4.79856855    3.95369956    4.00584249    3.70765753    2.80501328    2.44148290    2.86852480    3.52327747    4.03831678    2.86523804    3.46571538    3.15464973    3.45478712    3.33876874    2.88041605    2.91478871    3.46014259    3.11113852    3.58283402    3.18221917    3.13065897    3.23367771    3.62535046    2.88446047    2.92976332    2.75329808    3.09841860    3.03619062    2.90059055    2.71456337    2.98042219    2.33948418    2.71951649    2.87823968    2.49947261    2.44390131    2.85633464    2.67600500    2.49520888    2.76209424    2.77809984    2.17355876    2.35886826    2.27886929    2.40796181    2.04386272    2.23716449    2.33719969    2.33852920    2.17540516    2.23665386
F2NEE3_DESAR/301-498     1.85218399    2.03284867    2.13824481    2.23871279    2.11913725    2.20330666    1.94019728    1.80054869    2.21546062    1.73234116    1.69582143    1.64005782    2.14650123    1.70462219    1.82157794    0.00000000    1.05908316    2.55970586    3.31908626    3.51066875    4.54517338    4.27367961    4.65858655    3.05278449    3.28113983    2.89940819    2.52014781    3.04090368    3.09738345    3.18375543    2.92041018    2.65908924    2.27278366    3.57420189    3.03432042    3.05330882    3.27756450    3.25673830    3.42304311    2.95926316    3.29755326    2.82835115    3.12420565    3.74686405    3.31040030    3.11883804    2.79814749    2.26536824    1.97767424    2.24451601    3.44620228    3.36979393    2.57054965    2.92022986    2.93759256    3.02328029    2.95428404    2.96025729    3.02093639    3.16176396    3.24238603    3.54595455    2.97094736    3.25151194    3.97557649    2.89875630    3.21683170    3.04300109    2.93233563    2.73118004    3.01934885    2.79568838    2.55234432    2.18826513    2.19320137    2.14974045    2.43917972    2.26253106    2.22081915    2.14932900    2.46591912    2.15151982    2.59821257    2.63503673    1.67313065    1.98212228    1.96049914    1.87847072    1.64385453    1.52380382    1.49156452    1.76947355    1.64698817    1.43376622
F2NDF7_DESAR/341-537     1.93396446    1.80315312    2.40046547    2.26448401    2.41632822    2.24787920    1.89110732    1.99435974    1.92487713    2.00442938    1.63578999    1.72116126    1.99706614    1.82731264    2.05282805    1.05908316    0.00000000    2.96847372    2.89179755    3.29970904    4.18065298    4.00918274    4.10439044    3.20134975    2.97238674    2.63676661    2.86639669    3.28555171    3.06857148    3.29115071    2.80063260    2.70146972    2.58977546    3.56346448    3.11491889    2.99868410    3.24063596    3.40748745    3.43394741    2.76919338    2.80891757    3.31053405    3.73675974    3.95657010    3.51704665    3.75038050    3.54690860    2.33012228    2.20979868    2.82470505    3.52519841    3.39371817    2.75556450    2.80678242    2.80572010    3.03276048    2.80318669    3.01296897    3.08097947    3.35161219    3.29874183    3.51634152    2.91733343    3.14728820    3.68844349    3.20297549    3.20005863    3.28131565    2.50654389    2.94638772    3.18673276    2.96604322    2.70280311    2.19800116    2.52802238    2.46330602    2.49352813    2.36674328    2.35591649    2.41240238    2.53372468    2.45240249    2.75989135    2.72433784    1.75168743    1.67955551    1.67697857    1.66016775    1.69073541    1.60697550    1.76982956    1.85374006    1.69114508    1.74356203
K0NGX2_DESTT/306-510     2.78198184    2.71060504    2.63841199    2.99442027    3.02927787    3.13068930    2.80489240    2.37487479    2.71073477    2.58060525    2.63485349    2.20556706    2.75793826    2.45073249    2.96870560    2.55970586    2.96847372    0.00000000    3.22475206    4.18647793    3.54863221    3.40230352    3.63550018    2.73527912    2.73145351    2.85340832    2.65156024    2.66378756    3.17308800    3.17755996    3.26492249    3.12328545    2.62066562    3.30785825    2.75143827    3.12162154    2.70208080    2.72666940    3.12874058    2.84210343    2.81028771    3.16108827    2.39646815    3.05094901    3.00410530    3.35963008    3.12237982    2.76966714    2.96328992    3.40907924    3.23135828    3.60695047    3.05118002    3.46567523    3.22419942    3.72226228    3.47529294    3.57660597    3.47269061    3.70739302    2.85249132    3.22556866    3.38897902    3.16748842    3.59635090    3.41312960    3.39033866    3.00528235    3.03197369    3.31251156    3.46502096    2.73432696    3.45391081    3.56130762    3.65896336    2.77877340    2.90152223    2.47547245    2.35135659    2.52596738    2.60227664    2.59558365    3.55591687    3.85030659    2.49927260    2.89931671    2.77413592    2.90641637    2.46353410    2.45583522    2.66416686    2.67980524    2.39987292    2.29430780
Q2RPN0_RHORT/314-504     3.12691700    3.58563710    3.34794308    3.80592933    3.76846623    3.06941306    3.75533497    2.84061360    2.93128804    3.67812999    3.69087384    2.79193924    3.47494851    3.51532418    4.06668010    3.31908626    2.89179755    3.22475206    0.00000000    2.65334044    3.13813836    3.06720650    3.78451203    2.98898863    2.69195528    2.98862539    2.61025300    2.12876973    2.56649679    2.78230422    2.40965037    2.77802590    2.56233751    3.15974397    2.55849179    2.89337593    2.54761225    2.99047086    2.38207073    2.59175390    2.46490629    2.62269446    2.98433043    2.33909649    2.29076270    3.75141047    3.26577478    3.72168240    3.64104714    4.53171259    5.52345381    3.71765323    4.28212516    4.10775451    4.38793546    3.78588390    3.22508207    3.22805807    3.38968418    3.80297464    3.96966103    3.98688374    3.75670039    3.25945173    3.69653495    3.59764816    3.38491213    3.72987303    3.04889403    3.49919425    3.28224925    2.90206047    4.11994819    3.41081442    3.03562112    3.32124634    3.46396869    3.46655920    3.36980220    3.59642292    3.37133129    2.55897665    4.65304249    4.99919797    2.71683121    3.04305431    2.85655194    3.56866703    3.36052069    3.31095944    3.57913474    2.93913785    2.79698261    3.52019593
G2IJ42_SPHSK/318-507     3.20311275    3.41637093    3.95749111    3.02300958    4.02607131    3.32405349    3.85638316    3.37732994    3.12974092    3.59549208    3.23885319    3.39987503    3.65735895    2.86531252    3.32201702    3.51066875    3.29970904    4.18647793    2.65334044    0.00000000    1.54707343    1.51989204    1.74827868    2.84711980    3.12360111    2.74234050    2.36626919    2.33518274    3.06575583    3.00974309    2.52542613    2.69323521    3.10243427    3.40359013    2.93166907    3.13190436    2.97323530    3.25703565    2.72706593    2.54565070    3.05075640    2.97803926    3.11047496    3.07657287    2.90309310    3.24035809    3.24304304    3.15039524    3.30163714    3.37477402    4.55109957    4.91864814    3.78164600    3.46614001    3.38759103    3.93069946    3.13910938    4.17817203    3.69239911    4.39973649    3.78844408    4.36381504    3.92417628    3.65257140    3.25568521    4.05988028    3.71616343    3.70340553    3.18393318    2.78025498    3.77114073    3.37870496    2.87492064    3.44043308    3.62660366    4.13343492    3.62403921    4.28403143    3.95778293    3.57947534    3.76101797    3.33631986    3.74502762    4.14222965    3.40314958    4.06547832    4.00968766    3.44464765    3.04500457    3.19814349    3.28791584    3.28098835    3.10865916    3.68057067
Q2G5V8_NOVAD/325-510     4.44042303    4.23829908    4.48089412    3.70860810    4.51188860    4.32044476    3.82458330    4.32953966    3.71132277    4.50177158    4.28084561    3.95602100    4.26692905    3.66420548    4.74126191    4.54517338    4.18065298    3.54863221    3.13813836    1.54707343    0.00000000    0.97251103    1.27121630    2.95748815    3.37853031    3.38003903    3.28133253    2.69325959    3.11700288    3.34427532    2.87254623    3.07212117    3.66928518    3.32688616    2.90861319    3.39238943    3.19119132    4.22686075    2.87075808    3.15931085    3.54004531    2.76181637    3.71989269    3.54904095    3.36942340    4.32536138    4.16968251    3.95841538    3.70407631    4.25231470    4.99793616    5.26372428    5.22547890    5.69364582    5.64798348    4.68878905    4.45739618    4.97743120    4.84116878    5.78598657    5.30133572    5.35817616    4.95424342    4.49804267    4.82151296    4.44119778    4.41366595    4.21526367    4.23299133    4.14882905    5.04491391    3.77009639    3.49426330    3.96702543    4.03490917    4.22770970    4.21406037    4.41957115    3.77240141    4.17234681    3.51808614    4.12394249    4.98677790    5.24110054    4.09144047    4.16194548    3.79912820    3.82784625    3.71096542    3.92197138    3.79126001    3.47149894    3.63513677    3.75183799
F6INN1_9SPHN/321-504     3.95495706    3.46545516    3.64285210    3.08287114    4.11923292    3.80089754    3.38248515    3.44406577    3.30173841    3.98414604    4.33973785    3.42325579    4.11618557    3.67103342    3.96098166    4.27367961    4.00918274    3.40230352    3.06720650    1.51989204    0.97251103    0.00000000    1.10565876    2.75087144    3.29965929    2.57074485    2.82242063    2.49982212    3.26228493    3.45639176    3.01106212    3.34076910    3.27297299    2.91034883    2.78181571    3.49392264    3.38870898    3.86965956    3.18706648    3.53502431    3.48325160    2.99409297    3.89071692    2.98367502    2.89368086    3.72897945    3.59076693    3.22991931    3.46984307    3.94593392    6.12269398    5.71337478    4.38595213    3.99087912    4.82663559    3.88290785    3.47552250    4.58835012    3.94329553    4.80235739    4.07922377    4.67825526    4.02780610    3.38049621    3.48469492    4.02660694    3.86800650    3.90391759    4.34912301    4.01865054    3.85973116    3.68772788    3.56196607    3.46261733    3.35550350    4.30005077    3.60235289    3.69713601    3.72434218    3.90957748    3.55160457    3.02486268    4.99350597    4.59601654    3.66951067    3.69542106    3.43996054    3.86194084    3.30179945    3.59639295    3.53106083    3.18560128    3.08924367    3.79455070
Q2NA35_ERYLH/325-513     4.43587090    4.69326349    4.19135734    3.64950598    4.32591382    4.23995973    4.06406621    4.10696369    3.92069342    4.93037212    5.10422149    3.69006341    4.58860160    3.55385640    4.53849323    4.65858655    4.10439044    3.63550018    3.78451203    1.74827868    1.27121630    1.10565876    0.00000000    3.00344820    3.45966054    3.45607501    3.12711953    2.88743673    3.68363145    3.59415544    3.20462395    3.20546386    3.20904519    2.88059789    3.15613433    3.95481050    3.86775998    4.22982703    3.76938492    3.64962584    3.67799043    3.58034435    3.81523337    3.78437842    3.22987470    4.32569975    3.89839076    3.51946045    3.83495992    4.12497992    6.12487710    5.58149315    5.40767171    4.64838138    6.09245693    4.98579203    4.27300256    5.03792198    4.87210728    6.19237195    5.02643579    5.20951369    4.32721394    4.08811380    4.46175559    5.01473377    4.57365439    5.04403426    4.79011611    4.44577770    4.93124878    4.42469752    3.51124170    4.14790948    3.56329094    4.14490161    4.44655839    4.66196719    4.23116479    4.53495255    3.95589605    3.23884334    4.99574200    5.33178257    3.66226891    3.62394568    4.37710493    4.42507883    3.52843216    4.14572935    3.82064652    3.50461016    3.41017428    4.04709254
Q2Y611_NITMU/322-522     4.22727220    3.60017828    3.58455493    2.83527550    3.61548567    3.62155904    3.52976406    3.14224639    2.96442795    3.66091671    3.85080054    3.34924454    4.04092631    3.07444450    4.04624342    3.05278449    3.20134975    2.73527912    2.98898863    2.84711980    2.95748815    2.75087144    3.00344820    0.00000000    1.08710162    1.64186911    1.63998613    1.15553245    2.03001762    2.39223773    1.70184170    1.82976969    1.99375922    2.33359176    1.69707009    1.71111633    2.21812088    1.64109496    1.94027267    1.96048251    1.94283234    1.90572097    2.46052463    2.14312702    2.08867167    2.68445263    2.91291230    3.54701289    3.40666128    3.84961808    4.18299827    3.88779991    3.89708282    3.94913638    4.27675865    3.25387882    3.20542731    4.08428553    3.58403925    4.35004279    3.40069890    3.74879966    3.57042626    3.94717900    3.95453610    3.60928334    3.61617289    3.65863801    3.12424789    3.09803283    3.15293920    3.01465410    3.45032348    3.20381137    3.37101394    3.21215578    3.67142067    3.17024028    3.03083974    3.22917328    3.30584408    2.89990665    3.88977945    3.78780534    3.97424555    3.15446911    3.14081360    3.27851574    3.46489945    3.56773867    2.84014320    2.85601786    2.93631745    3.14069010
Q82TS7_NITEU/317-516     3.44137399    3.49100929    3.48731670    3.15961558    3.83583990    4.06650874    3.01804462    3.26634729    3.21413581    3.25309981    3.61988556    2.78214711    3.30620176    2.97338866    3.32432540    3.28113983    2.97238674    2.73145351    2.69195528    3.12360111    3.37853031    3.29965929    3.45966054    1.08710162    0.00000000    1.67935101    1.72302977    1.48452487    2.03880696    2.09178592    1.79475846    1.99816355    2.25071038    2.65148547    1.54953677    1.94093525    2.15043858    1.75839460    1.87037956    1.84528059    1.91620925    1.97413273    2.84696584    2.17705873    1.93149711    2.72662057    2.96897908    3.57687727    3.14343412    3.99570241    4.09442153    4.35793185    4.43883133    3.71502772    4.43295769    4.33116125    4.12401085    4.71905821    4.34691947    4.95169214    4.28620831    5.07709799    3.91533450    4.17859015    4.40911350    3.75696877    3.94634058    3.87293190    3.84436688    3.41685905    3.93297494    3.44764905    3.87139505    3.69035676    3.80389313    3.27937478    3.60529310    3.12082339    2.96102586    3.50857970    3.10863682    2.78464346    3.68358133    3.72583685    3.29323068    3.12905076    2.76374923    3.04755539    2.89054173    2.71908174    2.90172852    2.71475283    2.95059140    2.89654944
Q3SM09_THIDA/310-508     3.57992640    3.23529385    3.32961162    2.75082895    4.30017133    3.87120389    3.30626364    3.05427070    2.99929176    3.58165306    3.53666378    3.09506777    3.43474176    2.85807691    3.55085642    2.89940819    2.63676661    2.85340832    2.98862539    2.74234050    3.38003903    2.57074485    3.45607501    1.64186911    1.67935101    0.00000000    1.66969737    1.43062049    2.38599709    2.17861270    1.93112515    2.04202729    2.28233535    2.50038328    1.90712061    2.20801212    2.42861723    1.77892263    1.93962716    1.94934487    1.89749852    2.48099715    2.96398914    2.42694567    2.41505545    3.06484616    3.37008866    3.17549542    3.32229521    3.73121405    4.88072384    4.41602489    3.50231827    3.63989542    3.35934038    3.38255381    3.14105137    3.81719959    3.93084485    4.40135198    4.18239260    3.98754063    3.86139017    3.70131852    3.98854289    3.33281849    3.83489093    3.82501010    3.73503252    3.28259866    3.17758802    3.81870545    3.78787064    3.88350271    3.73962405    3.63222041    3.95142234    3.21962701    3.25093724    3.45678483    3.49211239    3.09738851    4.28238781    4.12697648    3.48847552    3.41090934    3.17280412    3.30778570    3.43244227    3.67094480    3.04822467    3.13680486    2.77631074    3.18712372
V4JPR7_9GAMM/169-374     2.88737056    2.81260213    2.38282999    2.94763852    3.93629423    3.42302851    3.18985878    3.02712317    3.16004998    3.24184714    3.56524076    2.88215602    3.32906998    2.67708254    3.38430916    2.52014781    2.86639669    2.65156024    2.61025300    2.36626919    3.28133253    2.82242063    3.12711953    1.63998613    1.72302977    1.66969737    0.00000000    1.14206578    2.23628432    2.48430200    1.77660400    2.01996119    1.98996471    2.34030744    1.94177414    1.80016906    2.26159622    1.93572691    2.18591752    1.75358684    1.88660723    2.26465164    2.35244970    1.89793516    1.91018267    2.43747918    3.26988635    3.32014093    2.55523584    3.11487013    3.52352129    3.76892240    4.46409219    3.85563242    3.85936863    3.81801643    3.86751021    3.94716936    3.61190863    4.29554254    4.37397598    3.70591624    4.01156797    3.52288782    3.54716892    3.62915842    3.60347603    3.26475224    3.15926561    3.07105568    3.26063765    3.51740474    3.59833452    3.53674714    3.09976300    3.21961755    2.94786426    2.66573688    2.90899515    2.86855609    2.79215990    2.67989774    3.96032723    3.91709668    2.78869427    3.16599945    2.88302093    3.40160266    3.19809233    3.14941858    2.89404197    3.05086540    2.73935180    2.94903895
S6B8W0_SULDS/316-514     4.00388730    3.36600455    3.54618000    3.32413347    3.70964365    3.77209589    3.63454751    3.21521154    3.24535916    3.86341768    3.98098197    2.84053652    4.11986682    2.85388982    3.51537831    3.04090368    3.28555171    2.66378756    2.12876973    2.33518274    2.69325959    2.49982212    2.88743673    1.15553245    1.48452487    1.43062049    1.14206578    0.00000000    1.85105346    2.19586017    1.95525483    1.82554759    1.98110461    2.09984895    1.56023826    1.81041087    2.09893514    1.83509693    1.74124388    1.80896557    1.67962823    2.28159246    2.32407229    1.99484594    1.94385608    2.90252305    3.17801788    3.13415109    3.31785605    3.56707935    4.07683978    4.08645309    3.78054206    3.21050409    3.65065419    3.68680384    3.43727546    3.48401218    3.36962681    3.76628115    3.35297922    3.39925501    2.79968846    3.02010460    3.07161044    3.42832095    2.73569464    3.03530780    3.02043095    2.67649442    2.92426920    2.91566635    3.56086230    3.53399287    3.08291995    3.06205422    3.27910026    2.71341742    2.76286209    3.15298798    2.97051194    2.52183757    3.53545561    3.35493546    3.17444605    3.40707953    3.61898695    3.46294480    3.66485464    3.37215655    3.26811383    3.49885912    2.95238044    3.42375304
A1WX69_HALHL/328-523     4.66550823    4.28947950    3.96851523    4.02983283    3.04018745    4.00814706    3.59173146    3.92806681    3.51169078    4.42728124    4.42417215    3.31027643    3.38452895    3.90174373    3.84999473    3.09738345    3.06857148    3.17308800    2.56649679    3.06575583    3.11700288    3.26228493    3.68363145    2.03001762    2.03880696    2.38599709    2.23628432    1.85105346    0.00000000    0.64976203    2.36332941    1.94224766    2.44104979    2.47235639    1.91832395    2.09720123    2.47271442    2.32676789    2.24072040    2.16835025    1.86429793    2.35714402    2.51083243    2.40611030    2.67965949    3.72631029    3.71186195    3.73765690    3.53708020    4.13161765    4.63194671    4.20652059    4.49682155    4.63879259    3.85884835    4.42777292    3.83996737    4.62846349    4.17588839    4.31168035    4.15763864    4.40970061    4.33833909    3.84448596    3.59958761    5.22915665    4.28996139    4.07573443    4.21206600    3.70190231    3.85760138    4.16595112    4.59822668    4.32103399    3.87464803    3.60695238    3.59890539    3.53015214    3.41384521    2.93019013    3.60758523    3.75474639    4.66372426    4.67607035    3.86098530    3.22000397    3.25890204    3.48993980    3.92478221    3.40085360    3.43536817    3.28670894    3.42855578    3.71789301
