27
T1K5V6_TETUR/879-1232     0.00000000    0.95096723    0.97413449    0.96059718    0.88685255    0.90457843    0.90855553    0.87687355    0.71836529    0.73298162    0.85043706    0.96260576    1.13542606    1.22018793    1.23397131    1.15753061    1.96068537    0.82982195    0.73249832    0.85668047    0.98299698    0.77512657    1.01736210    1.05057388    1.01469580    0.83450129    0.77019225
W5MCY8_LEPOC/1142-1494     0.95096723    0.00000000    0.34489898    0.30561427    0.42701093    0.47569273    0.37971522    0.38458209    0.59176328    0.56922388    0.73596792    0.81194105    1.10185576    1.09265916    1.35400732    1.19359422    1.96258371    0.77390337    0.75096588    0.84341970    1.10551134    0.94361847    0.99548432    1.09139714    1.05069793    0.99071174    0.88758192
I3JZ47_ORENI/1018-1370     0.97413449    0.34489898    0.00000000    0.31866848    0.51078487    0.60659810    0.52936711    0.51562995    0.72793184    0.71123238    0.85064167    0.92962562    1.18092874    1.17692310    1.36581083    1.22615079    1.90434995    0.82678687    0.81478866    0.85384339    1.08425167    0.94210900    1.02212382    1.11179812    1.03240655    0.93539557    0.89123974
E7F6D8_DANRE/1008-1360     0.96059718    0.30561427    0.31866848    0.00000000    0.46877167    0.51110346    0.45042675    0.44997282    0.59505875    0.58828060    0.77804066    0.82155553    1.04205708    1.21887852    1.30524790    1.16051652    1.91532541    0.72616943    0.76228686    0.85344960    1.15893563    0.88214232    0.96529796    1.05138681    0.95469812    0.94594792    0.88850911
G1KK58_ANOCA/1202-1549     0.88685255    0.42701093    0.51078487    0.46877167    0.00000000    0.32109962    0.30126549    0.27523442    0.56894748    0.55307848    0.71337080    0.77164531    1.16593594    1.10392307    1.25769588    1.15348259    1.91373752    0.67252168    0.73482900    0.87562821    1.12333785    0.90525469    0.94856061    1.06541427    0.91068275    0.92760664    0.94841820
E1C1H1_CHICK/993-1341     0.90457843    0.47569273    0.60659810    0.51110346    0.32109962    0.00000000    0.30196375    0.28960222    0.59305338    0.57058624    0.72684326    0.81538637    1.26633648    1.12555582    1.34993817    1.12675893    1.76051479    0.75146193    0.78129256    0.90760615    1.19490534    0.92076674    1.01052827    1.14144871    0.99449078    0.96918546    0.97014237
F1RF24_PIG/1171-1519     0.90855553    0.37971522    0.52936711    0.45042675    0.30126549    0.30196375    0.00000000    0.06094991    0.60629415    0.58769780    0.76837777    0.83083772    1.12074413    1.10804151    1.29284111    1.17645518    1.83928365    0.74856699    0.76847423    0.91063703    1.18288565    0.96007756    0.96984411    1.14142504    0.95422227    1.00636573    0.95235356
H2QR58_PANTR/1167-1515     0.87687355    0.38458209    0.51562995    0.44997282    0.27523442    0.28960222    0.06094991    0.00000000    0.58955687    0.56627193    0.76382393    0.80768054    1.14661736    1.09425924    1.28986582    1.15648958    1.84705089    0.72390998    0.74274705    0.89070585    1.18549941    0.93701039    0.99557767    1.14481137    0.95144322    0.96909025    0.93157352
F6TE03_XENTR/943-1295     0.71836529    0.59176328    0.72793184    0.59505875    0.56894748    0.59305338    0.60629415    0.58955687    0.00000000    0.11743795    0.39091029    0.49205090    0.96389905    1.11151621    1.23846824    0.96330027    1.78767918    0.55857228    0.53634882    0.75410809    0.86713439    0.70305375    0.88738420    0.87281791    0.90579876    0.76964131    0.67878893
G3GVZ2_CRIGR/1036-1388     0.73298162    0.56922388    0.71123238    0.58828060    0.55307848    0.57058624    0.58769780    0.56627193    0.11743795    0.00000000    0.38729703    0.45351415    0.93847109    1.13346222    1.18158924    0.94991700    1.82474692    0.51311557    0.50499985    0.71403830    0.86874082    0.73115149    0.83215303    0.88775611    0.89630976    0.77959243    0.65077624
I3J168_ORENI/514-843     0.85043706    0.73596792    0.85064167    0.77804066    0.71337080    0.72684326    0.76837777    0.76382393    0.39091029    0.38729703    0.00000000    0.40546338    1.10054909    1.23787604    1.20784493    1.07046582    1.85057008    0.72146967    0.71693912    0.93290609    1.03986921    0.86994713    0.97721031    1.05719833    1.02513810    0.92154971    0.83211239
W5LH80_ASTMX/396-737     0.96260576    0.81194105    0.92962562    0.82155553    0.77164531    0.81538637    0.83083772    0.80768054    0.49205090    0.45351415    0.40546338    0.00000000    1.15965697    1.26570538    1.20932455    1.24654310    2.04138790    0.87002571    0.85001346    0.92926853    1.08603828    0.94685834    0.98153969    1.04915457    1.09243265    0.91088869    0.84639471
A7SJG7_NEMVE/114-456     1.13542606    1.10185576    1.18092874    1.04205708    1.16593594    1.26633648    1.12074413    1.14661736    0.96389905    0.93847109    1.10054909    1.15965697    0.00000000    1.32697058    1.46394569    1.43018650    1.97030619    0.93867498    0.94808549    1.02728857    1.17490080    1.06067619    1.12248553    1.23465504    1.28299024    0.99566266    1.03443541
T1FS96_HELRO/1378-1753     1.22018793    1.09265916    1.17692310    1.21887852    1.10392307    1.12555582    1.10804151    1.09425924    1.11151621    1.13346222    1.23787604    1.26570538    1.32697058    0.00000000    1.46005159    1.46758313    1.97186375    1.11819762    1.00724640    1.06628377    1.28162606    1.09719266    1.15564891    1.30270865    1.23611127    1.11129527    1.07814696
B3S3R4_TRIAD/1624-1980     1.23397131    1.35400732    1.36581083    1.30524790    1.25769588    1.34993817    1.29284111    1.28986582    1.23846824    1.18158924    1.20784493    1.20932455    1.46394569    1.46005159    0.00000000    1.47950247    2.00878807    1.28779124    1.23661202    1.19748863    1.32692651    1.26131282    1.33140821    1.49571601    1.35125290    1.29688018    1.28586416
F6UCG6_CIOIN/352-710     1.15753061    1.19359422    1.22615079    1.16051652    1.15348259    1.12675893    1.17645518    1.15648958    0.96330027    0.94991700    1.07046582    1.24654310    1.43018650    1.46758313    1.47950247    0.00000000    1.73981678    0.95912101    0.99488222    1.18434471    1.18088195    1.18272521    1.19837725    1.22600726    1.30236486    1.25608814    1.02845031
E3LQA7_CAERE/947-1300     1.96068537    1.96258371    1.90434995    1.91532541    1.91373752    1.76051479    1.83928365    1.84705089    1.78767918    1.82474692    1.85057008    2.04138790    1.97030619    1.97186375    2.00878807    1.73981678    0.00000000    1.80688793    1.71825583    1.94416934    1.86366964    1.89894884    1.87085533    1.89646783    2.05677344    1.98719740    1.83433575
C3Y9Z0_BRAFL/1482-1833     0.82982195    0.77390337    0.82678687    0.72616943    0.67252168    0.75146193    0.74856699    0.72390998    0.55857228    0.51311557    0.72146967    0.87002571    0.93867498    1.11819762    1.28779124    0.95912101    1.80688793    0.00000000    0.48428570    0.71053311    0.79061641    0.65366144    0.76656269    0.85798207    0.82816582    0.68637023    0.59443694
K1RA09_CRAGI/1307-1657     0.73249832    0.75096588    0.81478866    0.76228686    0.73482900    0.78129256    0.76847423    0.74274705    0.53634882    0.50499985    0.71693912    0.85001346    0.94808549    1.00724640    1.23661202    0.99488222    1.71825583    0.48428570    0.00000000    0.70642517    0.76781413    0.63697123    0.75043966    0.84160927    0.84605139    0.69186643    0.58621324
E9HSG5_DAPPU/217-573     0.85668047    0.84341970    0.85384339    0.85344960    0.87562821    0.90760615    0.91063703    0.89070585    0.75410809    0.71403830    0.93290609    0.92926853    1.02728857    1.06628377    1.19748863    1.18434471    1.94416934    0.71053311    0.70642517    0.00000000    0.88221260    0.77713947    0.82741528    0.96451518    1.03030622    0.80565719    0.75542609
J9JSK7_ACYPI/738-1086     0.98299698    1.10551134    1.08425167    1.15893563    1.12333785    1.19490534    1.18288565    1.18549941    0.86713439    0.86874082    1.03986921    1.08603828    1.17490080    1.28162606    1.32692651    1.18088195    1.86366964    0.79061641    0.76781413    0.88221260    0.00000000    0.76502524    0.91212698    0.87644887    0.97403770    0.75170782    0.67037667
D2A5B9_TRICA/648-1002     0.77512657    0.94361847    0.94210900    0.88214232    0.90525469    0.92076674    0.96007756    0.93701039    0.70305375    0.73115149    0.86994713    0.94685834    1.06067619    1.09719266    1.26131282    1.18272521    1.89894884    0.65366144    0.63697123    0.77713947    0.76502524    0.00000000    0.71343269    0.71592287    0.73084433    0.59079636    0.54411693
B3MC58_DROAN/965-1325     1.01736210    0.99548432    1.02212382    0.96529796    0.94856061    1.01052827    0.96984411    0.99557767    0.88738420    0.83215303    0.97721031    0.98153969    1.12248553    1.15564891    1.33140821    1.19837725    1.87085533    0.76656269    0.75043966    0.82741528    0.91212698    0.71343269    0.00000000    0.75589739    0.78358062    0.70346950    0.69202070
Q7QH71_ANOGA/1010-1369     1.05057388    1.09139714    1.11179812    1.05138681    1.06541427    1.14144871    1.14142504    1.14481137    0.87281791    0.88775611    1.05719833    1.04915457    1.23465504    1.30270865    1.49571601    1.22600726    1.89646783    0.85798207    0.84160927    0.96451518    0.87644887    0.71592287    0.75589739    0.00000000    0.86143375    0.78945848    0.78852158
T1GPS8_MEGSC/304-649     1.01469580    1.05069793    1.03240655    0.95469812    0.91068275    0.99449078    0.95422227    0.95144322    0.90579876    0.89630976    1.02513810    1.09243265    1.28299024    1.23611127    1.35125290    1.30236486    2.05677344    0.82816582    0.84605139    1.03030622    0.97403770    0.73084433    0.78358062    0.86143375    0.00000000    0.82129625    0.76700533
E0VRD1_PEDHC/389-745     0.83450129    0.99071174    0.93539557    0.94594792    0.92760664    0.96918546    1.00636573    0.96909025    0.76964131    0.77959243    0.92154971    0.91088869    0.99566266    1.11129527    1.29688018    1.25608814    1.98719740    0.68637023    0.69186643    0.80565719    0.75170782    0.59079636    0.70346950    0.78945848    0.82129625    0.00000000    0.54027913
E2BWC2_HARSA/1109-1464     0.77019225    0.88758192    0.89123974    0.88850911    0.94841820    0.97014237    0.95235356    0.93157352    0.67878893    0.65077624    0.83211239    0.84639471    1.03443541    1.07814696    1.28586416    1.02845031    1.83433575    0.59443694    0.58621324    0.75542609    0.67037667    0.54411693    0.69202070    0.78852158    0.76700533    0.54027913    0.00000000

