14
Q8DX67_STRA5/4-61     0.00000000    0.34976716    1.68190158    1.21559712    1.22700115    1.10967597    1.42815292    1.43386945    0.96836305    1.10089585    1.18785829    1.29294508    1.21857381    1.12876447
Q5M297_STRT2/4-61     0.34976716    0.00000000    1.45595889    1.07891904    1.08905543    1.28556556    1.42838782    1.46162609    1.12570570    0.76167519    1.17278690    1.14481770    1.14731613    0.93136383
I3TZZ9_ENTFD/8-65     1.68190158    1.45595889    0.00000000    1.16496064    1.25754890    1.24037486    1.52062508    1.89608251    1.47054386    1.49620919    1.65376530    1.28900312    1.56876222    1.22509851
A4VUP0_STRSY/5-61     1.21559712    1.07891904    1.16496064    0.00000000    0.85492298    0.89580936    1.23672089    1.40769880    1.39256223    1.06679285    1.00203731    0.85176270    1.35509832    0.92831194
A5VLX4_LACRD/3-60     1.22700115    1.08905543    1.25754890    0.85492298    0.00000000    0.73621905    1.61719290    1.02428191    1.39144637    1.17601478    1.11497403    1.07851950    1.27111866    1.05375872
Q74LF1_LACJO/3-60     1.10967597    1.28556556    1.24037486    0.89580936    0.73621905    0.00000000    1.73064464    1.14831739    1.23100310    1.15438652    0.97659883    1.03073663    1.56373860    1.13716153
Q832I5_ENTFA/2-59     1.42815292    1.42838782    1.52062508    1.23672089    1.61719290    1.73064464    0.00000000    1.41440548    1.16522675    1.47781417    1.09358062    1.18043625    1.21912869    0.96742184
Q8DZ69_STRA5/2-73     1.43386945    1.46162609    1.89608251    1.40769880    1.02428191    1.14831739    1.41440548    0.00000000    1.06616394    1.20569093    1.07861504    1.20813779    1.31510513    1.29399659
A0A1Y3Y9P5_9FIRM/2-59     0.96836305    1.12570570    1.47054386    1.39256223    1.39144637    1.23100310    1.16522675    1.06616394    0.00000000    0.99111942    0.72786709    0.81446341    1.20921654    1.16008161
T0U0Z6_9ENTE/4-60     1.10089585    0.76167519    1.49620919    1.06679285    1.17601478    1.15438652    1.47781417    1.20569093    0.99111942    0.00000000    0.70703532    0.62095636    1.02467073    0.95138352
Q839K0_ENTFA/2-59     1.18785829    1.17278690    1.65376530    1.00203731    1.11497403    0.97659883    1.09358062    1.07861504    0.72786709    0.70703532    0.00000000    0.59475746    1.38794118    1.05811902
A8FAK4_BACP2/3-60     1.29294508    1.14481770    1.28900312    0.85176270    1.07851950    1.03073663    1.18043625    1.20813779    0.81446341    0.62095636    0.59475746    0.00000000    1.38988544    0.89209036
A4VSI2_STRSY/3-60     1.21857381    1.14731613    1.56876222    1.35509832    1.27111866    1.56373860    1.21912869    1.31510513    1.20921654    1.02467073    1.38794118    1.38988544    0.00000000    0.84867559
Q8DW80_STRMU/4-60     1.12876447    0.93136383    1.22509851    0.92831194    1.05375872    1.13716153    0.96742184    1.29399659    1.16008161    0.95138352    1.05811902    0.89209036    0.84867559    0.00000000

