70
A9WRC5_RENSM/11-201     0.00000000    0.51585473    1.16312278    2.60546996    2.17178433    2.27662810    2.06946706    1.98864651    1.61695080    1.31599134    1.25670385    1.10929626    1.30308048    1.41339799    1.71966787    1.38897578    1.42957706    1.80985399    1.71407438    1.46612205    1.49571453    1.58252850    1.90719169    1.40468793    1.89570030    1.53517128    1.49216897    1.47265162    1.50106944    1.33975330    1.54856623    1.29854681    1.41418314    1.39202065    1.34292604    1.34156853    1.41265248    1.38687457    1.55321820    1.33597414    1.51687010    1.46765836    1.30328957    1.26526296    1.23182909    1.23338138    1.30626547    1.23033417    1.17313392    1.18544607    1.24483273    1.19436133    1.13755324    1.10367051    1.10706334    1.14036524    1.18662764    1.10074374    0.85843219    1.14983520    1.02867067    1.07921819    1.32049692    1.26981877    1.03826915    1.10069243    0.95260226    1.17912453    1.30932707    1.30395529
A0JVF7_ARTS2/11-193     0.51585473    0.00000000    1.25299745    2.40925836    2.06413948    1.95141082    1.78921610    1.88129715    1.60634971    1.32264812    1.33895809    1.16562130    1.40219008    1.38163688    1.59557856    1.38570571    1.47872429    1.83755780    1.69893144    1.56294439    1.59540442    1.61957424    1.81476076    1.55847364    1.94373891    1.63404644    1.69559323    1.59276976    1.36276802    1.34419627    1.45911130    1.23043301    1.33123656    1.34487068    1.32401890    1.27428509    1.49417667    1.45215966    1.64953646    1.51452613    1.59464390    1.61801087    1.23384982    1.17683718    1.35956563    1.32528191    1.40595477    1.26245239    1.11999220    1.16038474    1.23531860    1.24165889    1.16644138    0.99804964    1.01815462    1.06951700    0.97249520    0.93851501    0.88796303    1.07320418    0.98696795    1.05390100    1.20083196    1.07003160    0.97043728    1.10847249    0.85201519    1.10714342    1.30499869    1.16586414
B2GJ68_KOCRD/1-183     1.16312278    1.25299745    0.00000000    2.46465591    2.20181781    2.53918958    2.33401679    2.26740103    1.80544426    1.37097523    1.47663491    1.54023608    1.61568313    1.72373750    1.74896732    1.63683381    1.77525922    2.20833569    2.10263081    2.06721348    2.12292050    2.26149499    2.18163832    1.97687849    2.07603539    2.14109956    1.94374622    1.72329597    1.67007904    1.73660145    1.73562359    1.57266600    1.43324371    1.47403505    1.49297598    1.52092225    1.53977850    1.41957267    1.44042548    1.52210674    1.47296832    1.62476768    1.47296805    1.66309504    1.70009369    1.74951764    1.49661014    1.44760208    1.61879389    1.57438090    1.71125078    1.61527550    1.47542511    1.51034219    1.26610440    1.37361869    1.21970642    1.17069596    1.08852545    1.42136911    1.29991335    1.27820997    1.76201336    1.30546699    1.24133659    1.35635888    1.11175247    1.26436102    1.50885547    1.54586329
E6JYV6_PARDN/10-179     2.60546996    2.40925836    2.46465591    0.00000000    1.19719561    1.07314538    1.31098463    1.28170459    2.02940854    2.53327524    2.47888270    2.90327071    2.68890032    2.64794983    2.70490458    2.87964578    2.34731612    2.49497264    2.58232226    2.65452932    2.66117470    2.58980587    2.35696601    2.48424612    2.57729019    2.54792162    2.71912395    2.48308777    2.87104787    2.71063164    2.61039957    2.54950244    2.56027539    2.55907296    2.70698823    2.67563936    2.32075106    2.50138991    2.69433420    2.57263478    2.52964247    2.56681105    2.22737919    2.58171820    2.68597739    2.37479723    2.20882254    2.31963757    2.16803047    2.28986715    2.62770039    2.55313913    2.88491220    2.42078750    2.41589852    2.32289904    2.53255481    2.70371273    2.50292030    2.79328905    2.54478431    2.35334818    2.18069598    2.47305767    2.22780132    2.40187844    2.04120840    2.24542933    2.18803938    2.64778494
B8DTB6_BIFA0/13-173     2.17178433    2.06413948    2.20181781    1.19719561    0.00000000    0.46296281    0.61273634    0.49853568    1.84560866    2.04884269    1.91063561    1.99472522    2.65595085    2.50129502    2.57754255    2.56189904    2.24503872    2.63424988    2.48688980    2.53382389    2.41669018    2.60696217    2.37681614    2.30225992    2.77157156    3.25043262    2.76823640    2.94673946    2.40539568    2.39278972    2.31970693    2.53315075    2.65013972    2.42460665    2.64416704    2.54301418    2.54663731    2.31339540    2.61822752    2.38446846    2.40559630    2.43342050    2.10833357    2.33369774    2.47649691    2.19386449    2.27242979    2.02995196    2.08086004    2.08260145    2.04308481    1.82712359    2.36560577    2.31906727    1.96523935    1.98607913    2.14336507    2.36519201    2.13363415    2.27022912    2.20318753    1.90901919    2.00887554    2.05515297    2.07242862    2.63198224    1.88159886    2.01823341    1.90650045    2.13876842
Q8G4F0_BIFLO/7-173     2.27662810    1.95141082    2.53918958    1.07314538    0.46296281    0.00000000    0.42432139    0.40953843    2.00022535    2.16133487    2.09345452    2.40705766    2.90898567    2.53008615    2.55777339    2.73761182    2.36508855    2.71958827    2.47714500    2.51975247    2.42901714    2.73132047    2.29078869    2.37529960    2.76121342    2.90893379    2.97524034    2.96107284    2.73618493    2.76318438    2.53110756    2.51915977    2.78949317    2.67132181    2.93001511    2.77730372    2.70838563    2.27960357    2.63948688    2.50788049    2.51953371    2.66644057    2.34478538    2.37101409    2.70363910    2.48785201    2.39440037    2.14784740    2.14165764    2.16316412    2.12583963    1.99810983    2.48965731    2.30745915    1.97899023    1.94791267    2.23765277    2.36639437    2.40335908    2.33347670    2.45892872    2.22548059    2.23864584    1.85518617    2.11133430    2.39432695    1.96338817    1.73166384    1.85553166    2.13057390
I3WIW0_BIFBI/9-173     2.06946706    1.78921610    2.33401679    1.31098463    0.61273634    0.42432139    0.00000000    0.40978379    1.91898869    2.10703906    2.17486000    2.34747657    2.83729682    2.40006815    2.57443570    2.37809108    2.06541077    2.57426687    2.29818242    2.19784626    2.19830404    2.28365964    2.31468501    2.28953322    2.77135111    2.86473558    2.89584402    2.89041003    2.74100477    2.39909145    2.51412077    2.45478729    2.58862584    2.45086361    2.49530204    2.54813796    2.47330918    2.21228905    2.54812162    2.43687158    2.45462672    2.46020615    2.37312525    2.48956401    2.54115765    2.27528418    2.31574176    2.23066056    2.11438506    2.08307028    2.15062598    2.11624792    2.66362627    2.59505361    2.16508817    2.04962932    2.22368834    2.27346988    2.23463653    2.57706390    1.92969747    1.95914605    2.25839936    1.98048845    2.19519138    2.11229600    1.85960747    2.04495587    2.08196860    2.22209252
A1A253_BIFAA/7-173     1.98864651    1.88129715    2.26740103    1.28170459    0.49853568    0.40953843    0.40978379    0.00000000    1.97784789    1.96722323    2.07141620    2.29170627    2.71862170    2.42911763    2.41891263    2.52660028    2.12738635    2.50877532    2.32079483    2.42083158    2.28757929    2.41251352    2.28505988    2.21770170    2.60028261    2.71196409    2.69420931    2.91190852    2.69103792    2.31939274    2.32380363    2.35821612    2.69333325    2.48823629    2.54068331    2.50516819    2.57115307    2.26630689    2.36177130    2.38001000    2.43132933    2.47085686    2.33903899    2.43635175    2.48100628    2.20450618    2.20288248    2.36037969    2.33210666    2.33392663    1.98587094    2.01993269    2.56437952    2.18606887    1.91282712    1.83458457    2.18597868    2.27318781    1.86121280    2.24077075    2.05763637    2.08966063    2.24666170    1.89843112    1.99007068    2.12247439    1.75162523    1.83279230    2.03960785    2.21678752
Q83G40_TROWT/14-169     1.61695080    1.60634971    1.80544426    2.02940854    1.84560866    2.00022535    1.91898869    1.97784789    0.00000000    1.23039923    1.28290766    1.64181321    1.65220581    1.69579037    1.65293062    1.67234630    1.67940693    2.02575060    1.95166869    1.96608516    2.15292911    2.21030191    2.14258049    1.79443526    2.23298737    2.29213722    2.10838172    2.11018505    1.65255452    1.63481037    1.49341477    1.60573905    1.51687370    1.64195367    1.65766262    1.62851976    1.60185594    1.54388611    1.77931992    1.71097877    1.69582482    1.67811785    1.55235828    1.78309690    2.14579413    1.97321051    1.99037780    1.81748816    1.80742627    1.96331999    1.93947463    1.64814535    1.63697480    1.64320514    1.42727684    1.47213267    1.38705131    1.38970311    1.46822646    1.38047127    1.86838354    1.39686251    1.70705241    1.82401849    1.44816248    1.57241835    1.35675804    1.66221448    1.66548898    1.97552753
Q6AFE3_LEIXX/1-164     1.31599134    1.32264812    1.37097523    2.53327524    2.04884269    2.16133487    2.10703906    1.96722323    1.23039923    0.00000000    0.73097985    1.35255479    1.39417292    1.31416248    1.76524344    1.42227907    1.76008810    1.85721165    1.87925952    1.79171734    2.01385961    2.00322119    2.04783543    1.65228129    2.23339222    2.15919899    2.14699326    2.02336438    1.59146771    1.49796645    1.42564598    1.49736739    1.59366123    1.40500283    1.49157117    1.41518603    1.60000370    1.44825446    1.49489160    1.49350344    1.56123032    1.50732243    1.26394403    1.51881595    1.58639767    1.58469520    1.49141560    1.72550865    1.79312701    1.79465554    1.65653696    1.71869084    1.45202256    1.45344576    1.34130469    1.34316526    1.28550548    1.26925447    1.13099398    1.29750044    1.35857810    1.36428113    1.67577338    1.40330553    1.17770355    1.25132716    1.10025283    1.31953545    1.31504085    1.58322890
B0RC18_CLAMS/4-166     1.25670385    1.33895809    1.47663491    2.47888270    1.91063561    2.09345452    2.17486000    2.07141620    1.28290766    0.73097985    0.00000000    1.56548580    1.64811369    1.53386937    2.10807199    1.67499890    1.84654378    2.27456674    2.34270312    1.95814079    2.05699807    2.11739740    2.34821463    1.89480332    2.31743429    2.08688092    1.94956696    2.06371606    1.69988832    1.70776317    1.68973381    1.67284352    1.74510910    1.69570431    1.74482335    1.70411837    1.91743931    1.76659527    1.79674366    1.80071793    1.82011803    1.86856196    1.57620550    1.57541482    1.35679846    1.46789758    1.41897034    1.63786200    1.67273722    1.66485216    1.69139282    1.67228682    1.57519991    1.60234823    1.51209191    1.33650155    1.36557168    1.36128403    1.18582278    1.36857947    1.39525886    1.51209295    1.68579775    1.42410671    1.31259297    1.44517253    1.19890539    1.32470582    1.38817115    1.52880738
Q0RE00_FRAAA/1-165     1.10929626    1.16562130    1.54023608    2.90327071    1.99472522    2.40705766    2.34747657    2.29170627    1.64181321    1.35255479    1.56548580    0.00000000    1.08325783    1.09799278    1.24151238    1.25374655    1.46056557    1.64380318    1.56833823    1.50483045    1.54000831    1.56710042    1.59036987    1.43419155    1.87065509    1.45167222    1.46351718    1.67183866    1.14579484    1.12607167    1.15224217    1.10447335    1.14299343    1.18405081    1.08861763    1.11310544    1.12249071    1.17171301    1.29126458    1.09685782    1.27883454    1.18937236    0.94774837    1.12749511    1.17846773    1.08312283    1.15394281    1.03780360    0.98399146    1.12874430    1.03797800    1.13038987    0.88499386    0.96293608    0.94599016    0.90232582    1.00037257    0.92046051    0.98441023    1.21352357    1.14911540    1.32111959    1.64319673    1.13250523    1.09713757    1.30353197    0.98951225    1.15381984    1.24573016    1.46416241
D0L5M3_GORB4/1-169     1.30308048    1.40219008    1.61568313    2.68890032    2.65595085    2.90898567    2.83729682    2.71862170    1.65220581    1.39417292    1.64811369    1.08325783    0.00000000    0.30496999    0.89500143    0.77304678    0.97651193    1.15924973    1.09551359    1.07865881    1.11939638    1.15097060    1.23379452    0.96370378    1.41610229    1.31617889    1.19052924    1.23098299    0.57077023    0.55922749    0.55602511    0.60383504    0.57157827    0.62151631    0.54872758    0.55492121    0.56269463    0.67401670    0.81369159    0.62491308    0.66086612    0.61013704    0.75534363    1.08749706    1.15714803    1.14695946    1.36788613    1.50751754    1.50694529    1.52611550    1.15473577    1.18081766    1.02652652    1.11423908    1.07526689    1.08051826    0.94473992    0.95605955    0.95961489    1.16636345    1.39426562    1.62885468    1.64476249    1.33858488    1.27790522    1.48556046    1.24859509    1.40504783    1.48794918    1.51892852
H6MR51_GORPV/1-169     1.41339799    1.38163688    1.72373750    2.64794983    2.50129502    2.53008615    2.40006815    2.42911763    1.69579037    1.31416248    1.53386937    1.09799278    0.30496999    0.00000000    0.99643400    0.77955203    1.05275523    1.21370356    1.08590792    1.06431580    1.18157164    1.15207463    1.22891605    1.02116668    1.53185978    1.29056867    1.22005582    1.23404205    0.65167442    0.61833387    0.58589896    0.64916483    0.64049106    0.65750707    0.64075397    0.59169407    0.65674363    0.71659327    0.83022748    0.63198154    0.64275317    0.62026976    0.75926557    1.16794371    1.19050502    1.18039835    1.38812674    1.46613252    1.49039507    1.51984490    1.17803727    1.20017595    0.98766250    1.06697929    1.08355213    1.12558543    1.00440687    1.01456386    1.06086461    1.29342207    1.28741212    1.58078433    1.68420618    1.37090576    1.25445437    1.55314884    1.23450215    1.42490006    1.49354225    1.55686433
C8X7Y3_NAKMY/1-168     1.71966787    1.59557856    1.74896732    2.70490458    2.57754255    2.55777339    2.57443570    2.41891263    1.65293062    1.76524344    2.10807199    1.24151238    0.89500143    0.99643400    0.00000000    1.11356418    1.16931250    1.37115664    1.31493920    1.29213896    1.34329114    1.48243041    1.44988885    1.42248015    1.67337825    1.60660302    1.41858155    1.32458516    0.92659450    0.87532497    0.96661382    0.79686089    0.80286723    0.91593174    0.84209351    0.85537786    0.93241585    1.04556397    1.09870000    0.99595018    1.04756885    0.93705657    0.97388910    1.31312637    1.32709440    1.26347685    1.45523538    1.31362679    1.23227220    1.20884821    1.36718401    1.49741535    1.33678916    1.55711792    1.41435908    1.49716999    1.20702997    1.27591275    1.19539651    1.37562093    1.51309264    1.51581553    1.61083300    1.53043903    1.34733700    1.57881392    1.39724167    1.47960268    1.78255723    1.48764763
D5UTX7_TSUPD/1-166     1.38897578    1.38570571    1.63683381    2.87964578    2.56189904    2.73761182    2.37809108    2.52660028    1.67234630    1.42227907    1.67499890    1.25374655    0.77304678    0.77955203    1.11356418    0.00000000    1.01908582    1.17326731    1.09598137    1.00226896    1.14587621    1.21396137    1.21469914    1.00379769    1.14121492    1.09297071    1.18802042    1.06377862    0.69977725    0.80480941    0.85881427    0.75840449    0.73044211    0.78655853    0.77632276    0.80790473    0.71391063    0.73038609    0.78145229    0.74431928    0.80481044    0.84038434    0.95577950    1.14169547    1.16340499    1.20709130    1.33871610    1.22670787    1.24267354    1.28400467    1.36884056    1.37178643    1.24442536    1.25535722    1.10952360    1.16513579    1.17798259    1.02069321    1.17567368    1.34645748    1.51449682    1.52461902    1.47339172    1.48602178    1.33651140    1.40267484    1.24083623    1.42714908    1.47862876    1.62641651
U3GYI0_9CORY/1-209     1.42957706    1.47872429    1.77525922    2.34731612    2.24503872    2.36508855    2.06541077    2.12738635    1.67940693    1.76008810    1.84654378    1.46056557    0.97651193    1.05275523    1.16931250    1.01908582    0.00000000    0.73777970    0.70728143    0.69917300    0.74078404    0.77970982    0.80315285    0.79049031    1.24357650    1.01380070    1.05418423    1.03967634    1.08459902    0.95722128    1.01068299    1.04445455    0.88630662    0.91158942    0.98891366    0.93380084    0.98293168    0.98080080    1.05271331    0.93413828    1.08253483    0.96677544    1.15909529    1.43623230    1.38111276    1.36193163    1.28529674    1.35823422    1.42454393    1.38528516    1.54445265    1.44881862    1.42486469    1.50667741    1.44077284    1.34905900    1.29704544    1.36074967    1.41764112    1.46244181    1.63298454    1.60237364    1.68048351    1.45343388    1.39383522    1.57765622    1.37076980    1.48601437    1.50720162    1.54226684
Q8NS52_CORGL/1-201     1.80985399    1.83755780    2.20833569    2.49497264    2.63424988    2.71958827    2.57426687    2.50877532    2.02575060    1.85721165    2.27456674    1.64380318    1.15924973    1.21370356    1.37115664    1.17326731    0.73777970    0.00000000    0.34035710    0.67191702    0.61274366    0.66065091    0.76608046    0.69429332    1.13885998    1.13007527    1.15505595    1.07955396    1.12733002    1.10742361    1.10588245    1.10098058    1.11226589    0.94192939    1.17452529    1.24870174    1.16097021    1.16279141    1.14854081    1.11170275    1.30406294    1.13652198    1.34901288    1.80796818    1.60595200    1.59234200    1.63728972    1.78485412    1.75982598    1.89868437    2.06351523    1.83952962    1.65920559    1.84310771    1.76968678    1.75943445    1.56208575    1.79427046    1.69573888    1.80060712    2.19328956    1.86400603    1.77460002    1.71772492    1.45894889    1.68387884    1.61525220    1.59013085    1.60955388    2.00571081
Q8FR62_COREF/1-236     1.71407438    1.69893144    2.10263081    2.58232226    2.48688980    2.47714500    2.29818242    2.32079483    1.95166869    1.87925952    2.34270312    1.56833823    1.09551359    1.08590792    1.31493920    1.09598137    0.70728143    0.34035710    0.00000000    0.67047704    0.71569578    0.76530105    0.71571821    0.85063172    1.35086051    1.10648599    1.28106388    1.23257104    1.09310916    1.03402456    1.08477826    1.06187070    1.02444523    0.89120603    1.10577699    1.17453382    1.09195498    1.02348972    1.12503078    1.05957722    1.18192138    1.01599126    1.21056709    1.65770427    1.56061509    1.50538678    1.51500038    1.63067245    1.67957355    1.86073629    1.90612898    1.76869198    1.68341376    1.79160562    1.70745005    1.66543947    1.46718821    1.71354651    1.59347332    1.79753701    2.02857056    1.68883614    1.75665497    1.50572291    1.42279187    1.63371374    1.45048153    1.55863172    1.54675231    2.15931172
W5XZ38_9CORY/1-222     1.46612205    1.56294439    2.06721348    2.65452932    2.53382389    2.51975247    2.19784626    2.42083158    1.96608516    1.79171734    1.95814079    1.50483045    1.07865881    1.06431580    1.29213896    1.00226896    0.69917300    0.67191702    0.67047704    0.00000000    0.46155674    0.52679401    0.78201118    0.68241690    1.29584947    1.08615253    1.08715916    1.11125928    1.01209840    0.94924022    0.95285164    0.94304800    1.01934372    0.98874275    1.01140008    1.07376613    0.99460411    0.99253321    1.07048532    0.98493519    1.07596057    0.98807545    1.31742013    1.58286592    1.43906720    1.43204026    1.37856159    1.63022572    1.68976528    1.83725346    1.73758180    1.71765747    1.55483234    1.52645060    1.66434165    1.59897205    1.44324825    1.56600070    1.54149731    1.59319324    1.78835909    1.74701188    1.71007799    1.46835512    1.43443893    1.60110353    1.44705391    1.62655833    1.60441446    1.69266783
D9Q962_CORP2/1-227     1.49571453    1.59540442    2.12292050    2.66117470    2.41669018    2.42901714    2.19830404    2.28757929    2.15292911    2.01385961    2.05699807    1.54000831    1.11939638    1.18157164    1.34329114    1.14587621    0.74078404    0.61274366    0.71569578    0.46155674    0.00000000    0.55428787    0.85700806    0.72119419    1.16984505    1.01771385    1.16963759    1.14672196    1.01272168    0.97662955    1.09900453    1.05646269    1.06785467    1.02464276    1.13610956    1.20585004    1.07631201    1.09925721    1.20428705    1.06405273    1.09689622    1.13506299    1.37593364    1.68859265    1.43151340    1.44594801    1.48833028    1.66311390    1.69708720    1.83033062    1.88184171    1.52534693    1.66388605    1.64868308    1.71822672    1.66352298    1.54693210    1.59484100    1.49133592    1.54741176    1.89438756    1.88526844    1.64118954    1.46849403    1.55874009    1.72917397    1.48276124    1.50321083    1.56752382    1.79299130
Q6NIJ2_CORDI/1-229     1.58252850    1.61957424    2.26149499    2.58980587    2.60696217    2.73132047    2.28365964    2.41251352    2.21030191    2.00322119    2.11739740    1.56710042    1.15097060    1.15207463    1.48243041    1.21396137    0.77970982    0.66065091    0.76530105    0.52679401    0.55428787    0.00000000    0.89888395    0.83327698    1.25316217    1.09938209    1.11818101    1.15240655    1.08835868    1.09997449    1.13603755    1.15188866    1.19167052    1.06625040    1.20961716    1.29118829    1.13656458    1.19848319    1.20325332    1.20305150    1.30640421    1.18938610    1.45088652    1.74881415    1.58361261    1.51774959    1.59236816    1.77190624    1.69810223    1.88706416    1.81557593    1.67660862    1.61365914    1.69193426    1.81108017    1.68001188    1.56831534    1.63228186    1.47987265    1.71445607    1.92068081    1.85568586    1.66550666    1.53326198    1.48557631    1.57156059    1.43695645    1.46985488    1.55497973    2.04156325
C3PEV8_CORA7/1-222     1.90719169    1.81476076    2.18163832    2.35696601    2.37681614    2.29078869    2.31468501    2.28505988    2.14258049    2.04783543    2.34821463    1.59036987    1.23379452    1.22891605    1.44988885    1.21469914    0.80315285    0.76608046    0.71571821    0.78201118    0.85700806    0.89888395    0.00000000    0.73952369    1.13876050    0.96253694    1.12436974    1.09491359    1.22919508    1.14565195    1.14137540    1.19906565    1.25091890    1.07218580    1.29083690    1.31891764    1.26678629    1.19242091    1.28974382    1.19862589    1.31760652    1.22171327    1.40102072    1.77089313    1.70739743    1.76436673    1.57883855    1.75666641    1.78923604    1.90369941    1.80584722    1.74160574    1.79064642    1.71983329    1.75433536    1.77343009    1.55107019    1.72520083    1.81847435    1.94133539    1.77164864    1.66407392    1.59524037    1.43294670    1.69597621    1.55438969    1.59424218    1.50712150    1.54395722    1.76213051
M1P587_9CORY/1-234     1.40468793    1.55847364    1.97687849    2.48424612    2.30225992    2.37529960    2.28953322    2.21770170    1.79443526    1.65228129    1.89480332    1.43419155    0.96370378    1.02116668    1.42248015    1.00379769    0.79049031    0.69429332    0.85063172    0.68241690    0.72119419    0.83327698    0.73952369    0.00000000    1.27411161    1.26779104    1.30548721    1.26414496    0.98929820    0.89112924    0.90794579    0.98108032    1.03170547    0.89145260    1.02719270    1.03959687    1.03982367    1.05249111    1.18202682    1.01757658    1.17210348    1.02699128    1.12187127    1.46396044    1.42952133    1.43660845    1.40715384    1.60929926    1.73370454    1.84831355    1.59702529    1.54474831    1.29649794    1.43862468    1.47974841    1.38016532    1.54222144    1.55263116    1.56178798    1.60866651    1.72083853    1.73129971    1.58625278    1.43944837    1.45290870    1.57649763    1.39211976    1.39522530    1.30421707    1.90088660
X5DP86_9CORY/1-221     1.89570030    1.94373891    2.07603539    2.57729019    2.77157156    2.76121342    2.77135111    2.60028261    2.23298737    2.23339222    2.31743429    1.87065509    1.41610229    1.53185978    1.67337825    1.14121492    1.24357650    1.13885998    1.35086051    1.29584947    1.16984505    1.25316217    1.13876050    1.27411161    0.00000000    1.13537846    1.33023207    1.19807862    1.24597384    1.20843960    1.38068855    1.39502753    1.27428447    1.29871955    1.36231058    1.29781604    1.27298217    1.21720115    1.34942345    1.30662126    1.36536649    1.32543163    1.57746875    1.73749213    1.57717607    1.62232253    1.64783110    1.96417064    2.02565507    1.89230679    2.08300213    1.94322220    1.72629240    1.71063272    1.54674086    1.64736386    1.67097155    1.70117290    1.65241396    1.94335605    2.22269800    1.77878280    1.90378811    1.85909691    1.52541464    1.84988076    1.77125752    1.40710986    1.41388090    2.38770703
Q4JX76_CORJK/1-252     1.53517128    1.63404644    2.14109956    2.54792162    3.25043262    2.90893379    2.86473558    2.71196409    2.29213722    2.15919899    2.08688092    1.45167222    1.31617889    1.29056867    1.60660302    1.09297071    1.01380070    1.13007527    1.10648599    1.08615253    1.01771385    1.09938209    0.96253694    1.26779104    1.13537846    0.00000000    0.85227135    0.79766651    1.28640967    1.29756309    1.29163572    1.35392315    1.33111814    1.24918267    1.39285529    1.42597746    1.30451573    1.19456015    1.32802406    1.26002643    1.37715641    1.27416756    1.57609838    1.58769373    1.58728087    1.55767171    1.50835594    1.61043887    1.71798003    1.79652157    1.79337164    1.76728477    1.88563904    1.64603313    1.63738513    1.51296717    1.59085166    1.57265019    1.77100275    2.12637226    2.00896124    1.93180880    1.65355425    1.68664524    1.63023252    1.47755425    1.72142830    1.47450910    1.45100457    2.24184052
B1VID5_CORU7/1-267     1.49216897    1.69559323    1.94374622    2.71912395    2.76823640    2.97524034    2.89584402    2.69420931    2.10838172    2.14699326    1.94956696    1.46351718    1.19052924    1.22005582    1.41858155    1.18802042    1.05418423    1.15505595    1.28106388    1.08715916    1.16963759    1.11818101    1.12436974    1.30548721    1.33023207    0.85227135    0.00000000    0.91243942    1.28285646    1.20865601    1.09780785    1.21510515    1.24688808    1.21572919    1.23163639    1.22335778    1.21435866    1.06757812    1.14836331    1.14241319    1.20359089    1.19359696    1.35955094    1.44725865    1.34326244    1.34814646    1.33722284    1.55303082    1.61897781    1.75980898    1.67558534    1.58558773    1.58483606    1.60727057    1.61164869    1.51078890    1.52854609    1.46156632    1.64662769    1.66872807    1.50685627    1.75630127    1.66323218    1.70459541    1.40553787    1.43643024    1.42877733    1.36599269    1.38254154    2.09080469
F8DXF2_CORRG/1-283     1.47265162    1.59276976    1.72329597    2.48308777    2.94673946    2.96107284    2.89041003    2.91190852    2.11018505    2.02336438    2.06371606    1.67183866    1.23098299    1.23404205    1.32458516    1.06377862    1.03967634    1.07955396    1.23257104    1.11125928    1.14672196    1.15240655    1.09491359    1.26414496    1.19807862    0.79766651    0.91243942    0.00000000    1.11042800    1.07408961    1.08101709    1.22479448    1.14886143    1.10143952    1.20936252    1.21279657    1.16458904    1.11152022    1.14681032    1.14793095    1.20051902    1.15031741    1.35753414    1.55831391    1.43988537    1.52694163    1.42618921    1.50546430    1.60031368    1.62108095    1.61638762    1.64065365    1.54143466    1.67619123    1.55554903    1.51215519    1.41567928    1.46017109    1.67364625    1.69342613    1.80780030    1.72774926    1.58167920    1.62384273    1.41804707    1.43007670    1.55651400    1.38271376    1.35830856    2.09540214
Q5Z242_NOCFA/1-169     1.50106944    1.36276802    1.67007904    2.87104787    2.40539568    2.73618493    2.74100477    2.69103792    1.65255452    1.59146771    1.69988832    1.14579484    0.57077023    0.65167442    0.92659450    0.69977725    1.08459902    1.12733002    1.09310916    1.01209840    1.01272168    1.08835868    1.22919508    0.98929820    1.24597384    1.28640967    1.28285646    1.11042800    0.00000000    0.39838178    0.64040944    0.57504776    0.58493865    0.53672584    0.58419648    0.64855322    0.62615109    0.72603759    0.73607623    0.67398054    0.72827858    0.64371029    0.86218140    1.18151229    1.30507323    1.19914732    1.46404043    1.40911771    1.35442527    1.44697104    1.29054429    1.40959588    1.07177153    1.04957376    1.17153567    1.11844542    1.11675619    1.12346303    1.01317972    1.29497747    1.39872390    1.39188209    1.53203224    1.36934212    1.45840580    1.62998703    1.30499411    1.35521784    1.49397476    1.53010557
V9XLF7_9NOCA/1-169     1.33975330    1.34419627    1.73660145    2.71063164    2.39278972    2.76318438    2.39909145    2.31939274    1.63481037    1.49796645    1.70776317    1.12607167    0.55922749    0.61833387    0.87532497    0.80480941    0.95722128    1.10742361    1.03402456    0.94924022    0.97662955    1.09997449    1.14565195    0.89112924    1.20843960    1.29756309    1.20865601    1.07408961    0.39838178    0.00000000    0.56374800    0.51729693    0.53196604    0.60472599    0.54154166    0.50706232    0.61490175    0.70143985    0.79558786    0.66579631    0.72068029    0.68145799    0.73351765    1.15515898    1.13098998    1.09014445    1.30691036    1.43935131    1.36420596    1.46505980    1.28611205    1.39093765    1.02916204    1.13949281    1.13503371    1.16187022    1.11734336    1.06416901    0.99779949    1.13996234    1.21220635    1.46154008    1.52373891    1.26571811    1.27792158    1.44154470    1.12377854    1.25846223    1.37126249    1.53405478
F6EM96_HOYSD/1-169     1.54856623    1.45911130    1.73562359    2.61039957    2.31970693    2.53110756    2.51412077    2.32380363    1.49341477    1.42564598    1.68973381    1.15224217    0.55602511    0.58589896    0.96661382    0.85881427    1.01068299    1.10588245    1.08477826    0.95285164    1.09900453    1.13603755    1.14137540    0.90794579    1.38068855    1.29163572    1.09780785    1.08101709    0.64040944    0.56374800    0.00000000    0.55779645    0.58825402    0.63096675    0.58332320    0.58130063    0.69493855    0.71932865    0.80601753    0.71967865    0.75804663    0.72361695    0.94233592    1.18178744    1.21137281    1.19166316    1.43298557    1.39550527    1.36718179    1.44902792    1.30313177    1.26274632    0.98447508    1.07263853    1.04022097    1.02932503    1.07568400    1.05616223    1.09443302    1.25797405    1.30028120    1.52855484    1.51714829    1.32159270    1.44679202    1.51230440    1.33456365    1.41053222    1.47668292    1.46099969
A4F7F0_SACEN/1-169     1.29854681    1.23043301    1.57266600    2.54950244    2.53315075    2.51915977    2.45478729    2.35821612    1.60573905    1.49736739    1.67284352    1.10447335    0.60383504    0.64916483    0.79686089    0.75840449    1.04445455    1.10098058    1.06187070    0.94304800    1.05646269    1.15188866    1.19906565    0.98108032    1.39502753    1.35392315    1.21510515    1.22479448    0.57504776    0.51729693    0.55779645    0.00000000    0.29529763    0.38123149    0.28415183    0.33931950    0.66045969    0.77998720    0.81183081    0.66649706    0.70836929    0.72726313    0.73316202    1.15852905    1.14669788    1.10856290    1.37158262    1.18432793    1.20573324    1.30013636    1.27041921    1.21523058    0.95445287    1.07553633    1.09383989    1.06532228    1.03577757    1.00486486    0.92783620    1.11562175    1.13716197    1.45914670    1.57727127    1.27721230    1.32105120    1.43456133    1.12852836    1.27511894    1.36339329    1.39427470
R4THV3_9PSEU/1-169     1.41418314    1.33123656    1.43324371    2.56027539    2.65013972    2.78949317    2.58862584    2.69333325    1.51687370    1.59366123    1.74510910    1.14299343    0.57157827    0.64049106    0.80286723    0.73044211    0.88630662    1.11226589    1.02444523    1.01934372    1.06785467    1.19167052    1.25091890    1.03170547    1.27428447    1.33111814    1.24688808    1.14886143    0.58493865    0.53196604    0.58825402    0.29529763    0.00000000    0.25681890    0.24388659    0.28768250    0.57755426    0.69300547    0.77849136    0.62260107    0.69665188    0.65571766    0.73524025    1.06453393    1.03482829    1.02740388    1.27172039    1.16718185    1.20591522    1.20969105    1.33130093    1.18733247    0.95113938    1.05770790    0.97907240    0.97372213    0.96694372    0.92934464    0.96815424    1.16578035    1.36171176    1.43880817    1.46836711    1.25618476    1.32057478    1.45850482    1.23256044    1.35090594    1.55583297    1.52026021
C7N0E9_SACVD/1-164     1.39202065    1.34487068    1.47403505    2.55907296    2.42460665    2.67132181    2.45086361    2.48823629    1.64195367    1.40500283    1.69570431    1.18405081    0.62151631    0.65750707    0.91593174    0.78655853    0.91158942    0.94192939    0.89120603    0.98874275    1.02464276    1.06625040    1.07218580    0.89145260    1.29871955    1.24918267    1.21572919    1.10143952    0.53672584    0.60472599    0.63096675    0.38123149    0.25681890    0.00000000    0.36410640    0.39785396    0.71527892    0.74976243    0.82679332    0.74065614    0.74093366    0.72126316    0.84721100    1.20892158    1.17510311    1.14460006    1.32462472    1.24765698    1.30052391    1.29786532    1.39008453    1.25667850    0.93890529    1.10642014    1.06009917    1.05213196    1.11766283    1.05340570    1.09208406    1.21899329    1.37690656    1.35394900    1.36411361    1.12435684    1.26341769    1.47224287    1.16311235    1.31125529    1.44874033    1.37027000
K0JSP6_SACES/1-169     1.34292604    1.32401890    1.49297598    2.70698823    2.64416704    2.93001511    2.49530204    2.54068331    1.65766262    1.49157117    1.74482335    1.08861763    0.54872758    0.64075397    0.84209351    0.77632276    0.98891366    1.17452529    1.10577699    1.01140008    1.13610956    1.20961716    1.29083690    1.02719270    1.36231058    1.39285529    1.23163639    1.20936252    0.58419648    0.54154166    0.58332320    0.28415183    0.24388659    0.36410640    0.00000000    0.30418552    0.60890607    0.69688320    0.72476745    0.60345092    0.70996728    0.67915732    0.77702520    1.08982194    1.06385473    1.01234501    1.32119415    1.17853595    1.21850412    1.28271317    1.31312969    1.18595353    0.91053491    1.01122064    0.98175180    0.96518506    0.99882888    0.98098585    0.99442729    1.26611066    1.24079610    1.39789776    1.44548992    1.23641457    1.30231745    1.51728960    1.18345087    1.41657543    1.50586855    1.40870047
F4CSB8_PSEUX/1-168     1.34156853    1.27428509    1.52092225    2.67563936    2.54301418    2.77730372    2.54813796    2.50516819    1.62851976    1.41518603    1.70411837    1.11310544    0.55492121    0.59169407    0.85537786    0.80790473    0.93380084    1.24870174    1.17453382    1.07376613    1.20585004    1.29118829    1.31891764    1.03959687    1.29781604    1.42597746    1.22335778    1.21279657    0.64855322    0.50706232    0.58130063    0.33931950    0.28768250    0.39785396    0.30418552    0.00000000    0.67286986    0.72310316    0.79117389    0.65608761    0.74923361    0.69986675    0.74246755    1.14280502    0.98867217    1.04007094    1.17832373    1.31976722    1.34845630    1.37291033    1.33254017    1.10865102    0.90059248    1.02134777    1.00990331    0.99225732    1.03660450    0.92854232    1.07974623    1.25744406    1.24706224    1.49762058    1.65073786    1.32433831    1.35190691    1.54305299    1.21637158    1.38997108    1.50712283    1.28859262
F5YSH3_MYCSD/1-174     1.41265248    1.49417667    1.53977850    2.32075106    2.54663731    2.70838563    2.47330918    2.57115307    1.60185594    1.60000370    1.91743931    1.12249071    0.56269463    0.65674363    0.93241585    0.71391063    0.98293168    1.16097021    1.09195498    0.99460411    1.07631201    1.13656458    1.26678629    1.03982367    1.27298217    1.30451573    1.21435866    1.16458904    0.62615109    0.61490175    0.69493855    0.66045969    0.57755426    0.71527892    0.60890607    0.67286986    0.00000000    0.42101994    0.40434905    0.31314466    0.42654629    0.35706123    0.81746561    1.15269517    1.11364699    1.04719641    1.25910932    1.39342120    1.27080718    1.38928932    1.34745259    1.25528203    0.98800182    1.17551123    1.21084814    1.27640537    1.11078688    1.08804898    1.00536853    1.15181367    1.29683232    1.43896991    1.77651233    1.50044844    1.28834791    1.57675240    1.28040902    1.40478723    1.66727257    1.57298349
Y883_MYCTU/1-171     1.38687457    1.45215966    1.41957267    2.50138991    2.31339540    2.27960357    2.21228905    2.26630689    1.54388611    1.44825446    1.76659527    1.17171301    0.67401670    0.71659327    1.04556397    0.73038609    0.98080080    1.16279141    1.02348972    0.99253321    1.09925721    1.19848319    1.19242091    1.05249111    1.21720115    1.19456015    1.06757812    1.11152022    0.72603759    0.70143985    0.71932865    0.77998720    0.69300547    0.74976243    0.69688320    0.72310316    0.42101994    0.00000000    0.27203165    0.31870495    0.40878634    0.41207731    0.77542581    1.28016919    1.08747075    1.09322549    1.16768387    1.40241074    1.31780920    1.44862873    1.21511943    1.29192417    1.11980810    1.19552304    1.26467727    1.31541450    1.19367486    1.12134229    1.11298712    1.34393292    1.39877441    1.42486540    1.50748918    1.36707877    1.25718032    1.50984433    1.19413382    1.28372965    1.58581375    1.27846065
Q742L3_MYCPA/1-171     1.55321820    1.64953646    1.44042548    2.69433420    2.61822752    2.63948688    2.54812162    2.36177130    1.77931992    1.49489160    1.79674366    1.29126458    0.81369159    0.83022748    1.09870000    0.78145229    1.05271331    1.14854081    1.12503078    1.07048532    1.20428705    1.20325332    1.28974382    1.18202682    1.34942345    1.32802406    1.14836331    1.14681032    0.73607623    0.79558786    0.80601753    0.81183081    0.77849136    0.82679332    0.72476745    0.79117389    0.40434905    0.27203165    0.00000000    0.39462786    0.48651929    0.47636750    0.89580400    1.43589972    1.22235002    1.17773786    1.16580219    1.61107652    1.41381377    1.49440006    1.41138335    1.48605954    1.19624144    1.23203843    1.30887983    1.41827758    1.31911036    1.27603385    1.26955051    1.41568212    1.50104803    1.46819274    1.62612297    1.50902753    1.31430785    1.65731182    1.26745311    1.44796068    1.82896306    1.46358860
