17
E8RLJ6_ASTEC/99-249     0.00000000    0.77713788    0.80286704    0.83484677    0.97429979    1.03238431    1.87053481    1.76683807    2.47628748    1.80054922    1.72529844    1.55618238    2.00187904    2.26449667    1.94837601    2.01912036    2.06587199
A1BEL0_CHLPD/120-270     0.77713788    0.00000000    0.53499226    0.69218097    0.84816110    0.92835211    1.49579981    1.66322983    2.57736860    2.21523041    2.17797585    1.57343180    1.85944286    1.87054643    1.84361918    1.85827589    1.62835491
G2KRL2_MICAA/99-249     0.80286704    0.53499226    0.00000000    0.60652417    0.91570143    0.92238295    1.32946118    1.52352293    2.32413300    2.07880363    1.93889192    1.40195547    1.93849744    1.96909961    1.84158815    1.89738778    1.51995726
K9SQ68_9CYAN/99-249     0.83484677    0.69218097    0.60652417    0.00000000    0.78217213    0.92823583    1.46617008    1.52390773    2.41151802    2.09960654    1.75722223    1.56924192    1.97058298    1.88711100    1.87328447    1.77600924    1.79180992
H1Y3I5_9SPHI/99-249     0.97429979    0.84816110    0.91570143    0.78217213    0.00000000    0.60215118    1.40564976    1.66883968    2.35123317    1.99363318    2.07463102    1.64690618    1.53261339    1.71145657    1.68637875    1.59608659    1.78821900
K0C1C0_CYCSP/99-249     1.03238431    0.92835211    0.92238295    0.92823583    0.60215118    0.00000000    1.45651470    1.82250638    2.42125193    1.85370261    2.15110054    1.43628211    1.62790133    1.92860513    1.62632324    1.78230817    1.91038060
R5AMC2_9BACT/99-247     1.87053481    1.49579981    1.32946118    1.46617008    1.40564976    1.45651470    0.00000000    2.14729135    2.87338508    3.06817242    2.92836460    2.10044717    2.23063744    2.16729822    2.10433537    2.15910487    2.18639540
I0IJC6_PHYMF/102-258     1.76683807    1.66322983    1.52352293    1.52390773    1.66883968    1.82250638    2.14729135    0.00000000    2.96808703    2.63946116    2.63211684    2.18955821    2.43360463    2.14681567    2.27382322    2.25462541    1.76461425
Q1LAD3_CUPMC/94-240     2.47628748    2.57736860    2.32413300    2.41151802    2.35123317    2.42125193    2.87338508    2.96808703    0.00000000    1.97440324    1.76341247    2.20637059    3.92581217    2.76395278    3.01287100    2.83526548    2.67531762
A9BUA3_DELAS/97-244     1.80054922    2.21523041    2.07880363    2.09960654    1.99363318    1.85370261    3.06817242    2.63946116    1.97440324    0.00000000    1.15711814    1.83177272    2.96592363    2.82716084    2.64530830    2.53121816    2.68663290
Q12D85_POLSJ/98-249     1.72529844    2.17797585    1.93889192    1.75722223    2.07463102    2.15110054    2.92836460    2.63211684    1.76341247    1.15711814    0.00000000    1.92500345    2.83612215    2.58172545    2.21317029    2.30820357    2.39220084
F4C8S6_SPHS2/100-257     1.55618238    1.57343180    1.40195547    1.56924192    1.64690618    1.43628211    2.10044717    2.18955821    2.20637059    1.83177272    1.92500345    0.00000000    1.56929452    1.59440703    1.47208175    1.51649622    1.26662256
A6TH05_KLEP7/95-246     2.00187904    1.85944286    1.93849744    1.97058298    1.53261339    1.62790133    2.23063744    2.43360463    3.92581217    2.96592363    2.83612215    1.56929452    0.00000000    0.81927207    0.92426232    0.81520866    1.68073247
G4QKY4_GLANF/107-257     2.26449667    1.87054643    1.96909961    1.88711100    1.71145657    1.92860513    2.16729822    2.14681567    2.76395278    2.82716084    2.58172545    1.59440703    0.81927207    0.00000000    0.56612212    0.55036550    1.54335986
D3VH09_XENNA/99-250     1.94837601    1.84361918    1.84158815    1.87328447    1.68637875    1.62632324    2.10433537    2.27382322    3.01287100    2.64530830    2.21317029    1.47208175    0.92426232    0.56612212    0.00000000    0.43648177    1.64662597
I1YFL2_METFJ/113-264     2.01912036    1.85827589    1.89738778    1.77600924    1.59608659    1.78230817    2.15910487    2.25462541    2.83526548    2.53121816    2.30820357    1.51649622    0.81520866    0.55036550    0.43648177    0.00000000    1.82449607
K0CBH1_ALCDB/95-250     2.06587199    1.62835491    1.51995726    1.79180992    1.78821900    1.91038060    2.18639540    1.76461425    2.67531762    2.68663290    2.39220084    1.26662256    1.68073247    1.54335986    1.64662597    1.82449607    0.00000000

