10
Q1XI22_PENJP/23-122     0.00000000    0.61251205    0.58282461    1.16258453    0.96433516    1.99958547    1.12053635    0.90450065    1.03375105    0.96104225
A0A1E4_PENSC/23-122     0.61251205    0.00000000    0.25214395    1.26252781    1.12632050    1.64404905    1.09024237    0.77916153    0.97142001    1.03634239
Q2TJP7_PENCE/23-122     0.58282461    0.25214395    0.00000000    1.05170931    1.09980498    1.97213775    1.21668397    0.96145263    0.93158571    0.98856130
A6XIA2_ERISI/23-119     1.16258453    1.26252781    1.05170931    0.00000000    1.00035212    2.24480463    1.42980322    1.46967993    1.37737932    1.31165793
Q4U5R2_PENSY/24-124     0.96433516    1.12632050    1.09980498    1.00035212    0.00000000    2.16319137    1.47019707    1.01184823    1.33182331    1.28096983
AMP1_SCYSE/23-124     1.99958547    1.64404905    1.97213775    2.24480463    2.16319137    0.00000000    1.80482150    1.66001164    1.67779807    2.00658002
Q9BP36_TACTR/1-100     1.12053635    1.09024237    1.21668397    1.42980322    1.47019707    1.80482150    0.00000000    1.10926355    1.20196126    1.26680349
A5A3I7_PENMO/20-119     0.90450065    0.77916153    0.96145263    1.46967993    1.01184823    1.66001164    1.10926355    0.00000000    0.79579862    0.86933174
A5HES6_PACLE/20-119     1.03375105    0.97142001    0.93158571    1.37737932    1.33182331    1.67779807    1.20196126    0.79579862    0.00000000    0.79400996
A4ZPI9_SCYPA/24-122     0.96104225    1.03634239    0.98856130    1.31165793    1.28096983    2.00658002    1.26680349    0.86933174    0.79400996    0.00000000

