10
G3WMC2_SARHA/377-450     0.00000000    0.35170206    0.51356743    0.55804248    0.57515200    0.48130555    0.46717888    0.50057211    1.27805980    0.56166876
F7CJ60_MONDO/380-450     0.35170206    0.00000000    0.52766713    0.58117598    0.54906581    0.50165584    0.59891599    0.48067180    1.33516500    0.56491991
FIBA_BOVIN/440-505     0.51356743    0.52766713    0.00000000    0.40220702    0.52300277    0.40604008    0.35242471    0.41756411    1.38720802    0.43881893
G1P500_MYOLU/366-432     0.55804248    0.58117598    0.40220702    0.00000000    0.29099300    0.32341319    0.31550020    0.33754686    1.27906518    0.39357914
L5K9T0_PTEAL/803-871     0.57515200    0.54906581    0.52300277    0.29099300    0.00000000    0.50465429    0.46103301    0.51355094    1.15820354    0.53782654
G3U772_LOXAF/392-458     0.48130555    0.50165584    0.40604008    0.32341319    0.50465429    0.00000000    0.28263482    0.27405258    1.14309133    0.36209771
L8Y482_TUPCH/423-491     0.46717888    0.59891599    0.35242471    0.31550020    0.46103301    0.28263482    0.00000000    0.24199261    1.18664167    0.35497487
FIBA_HUMAN/445-509     0.50057211    0.48067180    0.41756411    0.33754686    0.51355094    0.27405258    0.24199261    0.00000000    1.13675571    0.38745260
F1P4V1_CHICK/297-364     1.27805980    1.33516500    1.38720802    1.27906518    1.15820354    1.14309133    1.18664167    1.13675571    0.00000000    1.00153952
FIBA_MOUSE/392-457     0.56166876    0.56491991    0.43881893    0.39357914    0.53782654    0.36209771    0.35497487    0.38745260    1.00153952    0.00000000

