20
A0ZFG2_NODSP/1317-1435     0.00000000    2.51205193    2.75510461    2.45155029    2.66565868    2.33698436    2.60103882    1.81025803    2.62307416    1.85393103    1.74668616    2.56175415    2.58118098    2.17277032    2.51789750    2.71521118    2.39455657    2.26371997    2.13825443    2.60434027
D0LRP5_HALO1/739-867     2.51205193    0.00000000    3.10688706    3.55021130    3.37322699    3.00633505    2.74833782    2.62718208    2.68541856    2.40482823    2.15063075    3.00192860    2.89582391    2.63168811    3.24495621    3.05312236    3.19590564    2.74388899    2.50644159    3.37511856
O25223_HELPY/388-501     2.75510461    3.10688706    0.00000000    1.10922749    1.24180734    1.12296952    2.25491582    2.41013619    3.14334814    2.97444128    1.90225658    2.68673811    2.77471819    3.11286485    2.61701733    2.73340012    3.18633167    2.94525761    2.55737239    2.45709704
R6N9B4_9FIRM/545-657     2.45155029    3.55021130    1.10922749    0.00000000    0.60006273    0.62962320    2.03237592    1.84921479    2.71888682    2.41928581    1.50532594    1.98502960    2.18922429    1.95352363    2.65706724    3.46196725    3.24208681    2.10419433    2.32052658    2.50619085
D6XZV1_BACIE/524-637     2.66565868    3.37322699    1.24180734    0.60006273    0.00000000    0.58734619    1.76545859    1.80280517    2.54575436    2.31083414    1.68963529    2.01771157    2.01327837    2.21493517    3.14718568    3.30138357    3.48931783    2.52024665    2.81704764    2.54182103
Q24XG1_DESHY/339-452     2.33698436    3.00633505    1.12296952    0.62962320    0.58734619    0.00000000    2.34146255    2.09674378    2.86642484    2.77325589    1.56802344    2.14545127    2.00987413    2.12173583    3.26856493    3.66846255    3.91063167    2.55495627    2.49593785    2.22581892
A0A1U7EWZ8_NATPD/931-1083     2.60103882    2.74833782    2.25491582    2.03237592    1.76545859    2.34146255    0.00000000    1.66443600    2.24139153    2.39979180    2.29756707    2.41068468    2.80374518    2.59460253    3.24410594    3.24989763    3.33741705    2.88123728    2.54243440    2.51654323
B5ICQ9_ACIB4/763-920     1.81025803    2.62718208    2.41013619    1.84921479    1.80280517    2.09674378    1.66443600    0.00000000    1.31446805    1.87685198    2.09920144    2.66674346    2.36977321    2.52840749    2.48804912    3.12090303    3.17256001    2.79114483    2.26550620    2.46759964
C5CH49_KOSOT/887-1032     2.62307416    2.68541856    3.14334814    2.71888682    2.54575436    2.86642484    2.24139153    1.31446805    0.00000000    2.31461385    2.37629821    3.05465763    2.97103871    2.83277750    2.87137057    3.14833554    3.37965875    2.56424173    2.12259408    2.50097458
Q12U44_METBU/826-966     1.85393103    2.40482823    2.97444128    2.41928581    2.31083414    2.77325589    2.39979180    1.87685198    2.31461385    0.00000000    1.46238196    2.67495027    2.50008223    2.44092971    3.16047287    3.36238614    3.06240336    2.20384018    2.24870582    2.76081018
B0JLC9_MICAN/1017-1136     1.74668616    2.15063075    1.90225658    1.50532594    1.68963529    1.56802344    2.29756707    2.09920144    2.37629821    1.46238196    0.00000000    1.97202261    2.21386463    1.88059845    3.07708021    3.13360585    3.08988606    2.19788254    1.94204928    2.31718829
A6GW88_FLAPJ/761-878     2.56175415    3.00192860    2.68673811    1.98502960    2.01771157    2.14545127    2.41068468    2.66674346    3.05465763    2.67495027    1.97202261    0.00000000    1.92275626    1.87775581    3.18816456    3.23132190    3.34852402    2.31905710    1.88932221    2.50562801
A5N0R0_CLOK5/377-495     2.58118098    2.89582391    2.77471819    2.18922429    2.01327837    2.00987413    2.80374518    2.36977321    2.97103871    2.50008223    2.21386463    1.92275626    0.00000000    0.58281729    2.65702358    3.34838422    3.45015657    2.27567226    2.06680134    2.45855970
A5I1A4_CLOBH/564-681     2.17277032    2.63168811    3.11286485    1.95352363    2.21493517    2.12173583    2.59460253    2.52840749    2.83277750    2.44092971    1.88059845    1.87775581    0.58281729    0.00000000    2.34535621    2.89897138    2.95064149    2.21870667    1.97207777    2.31425673
B3QU01_CHLT3/277-390     2.51789750    3.24495621    2.61701733    2.65706724    3.14718568    3.26856493    3.24410594    2.48804912    2.87137057    3.16047287    3.07708021    3.18816456    2.65702358    2.34535621    0.00000000    1.10066455    1.18482846    2.95827377    2.59520321    3.00557165
B5YJE4_THEYD/332-454     2.71521118    3.05312236    2.73340012    3.46196725    3.30138357    3.66846255    3.24989763    3.12090303    3.14833554    3.36238614    3.13360585    3.23132190    3.34838422    2.89897138    1.10066455    0.00000000    0.27888823    3.91137756    2.88488340    2.89880287
B0VG24_CLOAI/333-455     2.39455657    3.19590564    3.18633167    3.24208681    3.48931783    3.91063167    3.33741705    3.17256001    3.37965875    3.06240336    3.08988606    3.34852402    3.45015657    2.95064149    1.18482846    0.27888823    0.00000000    3.53172029    2.78752722    3.05207662
A4CM25_ROBBH/762-881     2.26371997    2.74388899    2.94525761    2.10419433    2.52024665    2.55495627    2.88123728    2.79114483    2.56424173    2.20384018    2.19788254    2.31905710    2.27567226    2.21870667    2.95827377    3.91137756    3.53172029    0.00000000    1.82719608    2.20208528
B9DU79_STRU0/1021-1140     2.13825443    2.50644159    2.55737239    2.32052658    2.81704764    2.49593785    2.54243440    2.26550620    2.12259408    2.24870582    1.94204928    1.88932221    2.06680134    1.97207777    2.59520321    2.88488340    2.78752722    1.82719608    0.00000000    1.77774669
Y3402_METJA/955-1077     2.60434027    3.37511856    2.45709704    2.50619085    2.54182103    2.22581892    2.51654323    2.46759964    2.50097458    2.76081018    2.31718829    2.50562801    2.45855970    2.31425673    3.00557165    2.89880287    3.05207662    2.20208528    1.77774669    0.00000000

