18
B3L4E6_PLAKH/11-200     0.00000000    1.03309152    1.22413778    1.08930704    1.40766696    1.35587838    2.16679402    3.23463478    3.49810574    2.74617928    2.59607029    2.74353695    2.87744229    2.52795442    2.34461695    2.30430676    0.98535265    1.05508606
A0A384L5U2_PLAKH/16-211     1.03309152    0.00000000    1.22534834    1.34048315    1.34531274    1.21114874    2.21539727    3.67394258    3.49114492    2.54525575    2.56175953    2.24559068    2.94810647    2.66070052    2.21685903    2.29356852    1.12125146    1.09009236
B3LBT1_PLAKH/7-209     1.22413778    1.22534834    0.00000000    1.22617234    1.42609841    1.38401557    1.87692011    2.71506139    3.39767295    2.53779822    2.63973523    2.43344725    2.71899154    2.43209479    2.32733775    2.44240895    1.22314110    1.08371749
B3L1A7_PLAKH/6-193     1.08930704    1.34048315    1.22617234    0.00000000    0.93001312    1.08567491    1.81729103    2.71355520    3.05082680    2.08613264    1.86553968    1.93500789    2.54795137    2.47821955    2.22406538    2.32361467    1.10138608    1.17371213
A0A384KU29_PLAKH/13-196     1.40766696    1.34531274    1.42609841    0.93001312    0.00000000    1.13724582    1.99008079    3.13517746    3.62500246    2.79094898    2.76148270    2.82484889    2.50331247    2.32532656    2.33419032    2.26749232    1.26484037    1.21599568
A0A384LCQ8_PLAKH/13-200     1.35587838    1.21114874    1.38401557    1.08567491    1.13724582    0.00000000    1.90088264    2.73901199    3.39394044    2.58055868    2.41464812    2.59359329    2.31801211    2.21332039    1.91059865    1.91247141    1.40447974    1.05509062
A0A384KZX4_PLAKH/236-406     2.16679402    2.21539727    1.87692011    1.81729103    1.99008079    1.90088264    0.00000000    2.99093669    3.16663757    2.33137889    2.33630693    2.20464173    2.26461990    2.64682723    2.04685002    2.33306254    1.94886513    2.04700235
A0A384K9G3_PLAKH/9-179     3.23463478    3.67394258    2.71506139    2.71355520    3.13517746    2.73901199    2.99093669    0.00000000    0.74432762    2.64125959    2.64948611    2.68990218    3.09153721    3.25540689    2.72002870    2.40915853    3.18859943    3.47907965
B3KZJ9_PLAKH/10-181     3.49810574    3.49114492    3.39767295    3.05082680    3.62500246    3.39394044    3.16663757    0.74432762    0.00000000    2.70348742    2.70454537    2.71545276    3.19305673    3.96506390    2.49662071    2.59483145    3.03067129    3.73492809
B3L6R5_PLAKH/8-186     2.74617928    2.54525575    2.53779822    2.08613264    2.79094898    2.58055868    2.33137889    2.64125959    2.70348742    0.00000000    0.45892065    0.45451244    2.51109277    2.71746854    2.10250514    2.39957868    2.41681533    2.39964074
A0A384KFE5_PLAKH/10-186     2.59607029    2.56175953    2.63973523    1.86553968    2.76148270    2.41464812    2.33630693    2.64948611    2.70454537    0.45892065    0.00000000    0.47496510    2.62368621    2.64034392    1.97628597    2.18383105    2.13305229    2.32413760
B3KZE4_PLAKH/9-184     2.74353695    2.24559068    2.43344725    1.93500789    2.82484889    2.59359329    2.20464173    2.68990218    2.71545276    0.45451244    0.47496510    0.00000000    2.60388480    2.48482980    2.19987629    2.22709245    2.36462008    2.30874431
A0A384LG11_PLAKH/30-206     2.87744229    2.94810647    2.71899154    2.54795137    2.50331247    2.31801211    2.26461990    3.09153721    3.19305673    2.51109277    2.62368621    2.60388480    0.00000000    0.99573699    2.01540730    1.78652038    2.84963457    2.80338961
A0A384KL71_PLAKH/31-209     2.52795442    2.66070052    2.43209479    2.47821955    2.32532656    2.21332039    2.64682723    3.25540689    3.96506390    2.71746854    2.64034392    2.48482980    0.99573699    0.00000000    1.80600209    2.06753247    2.77302520    2.88964096
B3LBT0_PLAKH/6-182     2.34461695    2.21685903    2.32733775    2.22406538    2.33419032    1.91059865    2.04685002    2.72002870    2.49662071    2.10250514    1.97628597    2.19987629    2.01540730    1.80600209    0.00000000    0.94005297    2.34123822    2.36266555
B3L075_PLAKH/8-178     2.30430676    2.29356852    2.44240895    2.32361467    2.26749232    1.91247141    2.33306254    2.40915853    2.59483145    2.39957868    2.18383105    2.22709245    1.78652038    2.06753247    0.94005297    0.00000000    2.16365631    2.32547952
A0A384L9L8_PLAKH/8-196     0.98535265    1.12125146    1.22314110    1.10138608    1.26484037    1.40447974    1.94886513    3.18859943    3.03067129    2.41681533    2.13305229    2.36462008    2.84963457    2.77302520    2.34123822    2.16365631    0.00000000    0.88440951
A0A384KVC2_PLAKH/10-198     1.05508606    1.09009236    1.08371749    1.17371213    1.21599568    1.05509062    2.04700235    3.47907965    3.73492809    2.39964074    2.32413760    2.30874431    2.80338961    2.88964096    2.36266555    2.32547952    0.88440951    0.00000000

