40
B6JFU1_OLICO/10-93     0.00000000    0.32244983    0.52554542    0.56227623    0.45017341    1.13117849    1.28061207    1.70503170    1.64536062    1.20824134    1.15883680    1.42576692    1.16917108    1.55024703    1.60752942    1.17727292    1.65148979    1.69031190    1.25058747    1.20570620    1.27910401    1.29491607    1.39761814    1.55334750    1.28156575    1.48263082    1.64279439    1.23621205    1.79117388    1.94483752    1.88140615    1.30082412    1.56552931    1.39936464    1.37965826    1.06981562    1.45725900    1.12817413    1.39560725    0.95815578
F7QP53_9BRAD/9-91     0.32244983    0.00000000    0.44320480    0.48677927    0.40861658    1.12574140    1.20059620    1.48431794    1.46620374    1.08343742    1.00725896    1.15320768    0.97977880    1.33561640    1.49312968    1.10963394    1.38351046    1.47790023    1.17587124    1.42320204    1.26518078    1.20171319    1.18727202    1.21185754    1.16009423    1.36996613    1.40507106    1.23839848    1.59425644    1.60918284    1.63139877    1.25042189    1.56149737    1.51912699    1.26828341    1.05357910    1.28231702    1.11534978    1.40009505    1.04484971
Q211T4_RHOPB/9-92     0.52554542    0.44320480    0.00000000    0.41288453    0.30701451    1.01770844    1.16950015    1.36169214    1.41105492    1.07233697    0.90940743    1.29676901    0.94776395    1.42893486    1.34455730    1.15663586    1.47414468    1.74421323    1.36534354    1.62296713    1.53271101    1.52352397    1.31329564    1.26346880    1.19290878    1.47198724    1.46521931    1.20536991    1.44856751    1.42344299    1.63741767    1.19744297    1.58492209    1.21927829    1.30629294    1.03812016    1.43033416    1.07928456    1.32693952    1.11388500
Q6N549_RHOPA/9-92     0.56227623    0.48677927    0.41288453    0.00000000    0.27456171    1.04874282    1.09373569    1.66377207    1.59254356    1.24200209    1.15183745    1.23109279    0.99773692    1.57688583    1.49704626    1.18831802    1.45009151    1.60291032    1.18448143    1.50467570    1.26167755    1.38589587    1.20067770    1.29234488    1.22284343    1.47734850    1.57416919    1.23521320    1.74836449    1.66438723    1.67019879    1.20423456    1.47505348    1.67309987    1.58328976    1.22736940    1.41018280    1.07305519    1.47150006    1.12518462
A4YWI3_BRASO/9-92     0.45017341    0.40861658    0.30701451    0.27456171    0.00000000    1.06230204    1.19156457    1.68349393    1.50805737    1.13249563    0.95645312    1.28809582    1.02234391    1.44025622    1.39474248    1.15540124    1.39475499    1.55181876    1.05324188    1.43743048    1.21996374    1.24108770    1.26547853    1.33876750    1.03115274    1.31573333    1.57477477    1.20367006    1.59688294    1.57034814    1.59126250    1.30003667    1.38355033    1.54120567    1.24624326    1.10084315    1.33849826    1.08502850    1.38682763    0.89362605
V5SF52_9RHIZ/11-91     1.13117849    1.12574140    1.01770844    1.04874282    1.06230204    0.00000000    1.12270576    1.20192260    1.32111319    1.02677450    0.90601766    1.23491884    1.17596657    1.35451587    1.13619218    1.19232221    1.48867367    1.74342087    1.77478999    1.41592480    1.49370318    1.57526380    1.65366764    1.44979694    1.62823202    1.38927336    1.68564713    1.59906424    1.34380215    1.34299146    1.37932364    1.17674780    1.24034497    1.41387286    1.27138470    1.16497433    1.47180992    1.31373171    1.39494077    1.07000248
B1LSI0_METRJ/9-92     1.28061207    1.20059620    1.16950015    1.09373569    1.19156457    1.12270576    0.00000000    1.07266994    1.03964960    1.13031829    1.18417217    1.30821794    1.20485091    1.48898173    1.56976272    1.16553526    1.78012882    2.18011393    1.19029188    1.65586650    1.60431945    1.68103236    1.48365602    1.56354023    1.38880499    1.48326002    1.47818432    1.36631395    1.39135072    1.51807506    1.51699148    1.43029258    1.55166582    1.37216957    1.39301288    1.40494046    1.58585805    1.29929906    1.57300933    1.17472780
B0UFA5_METS4/21-104     1.70503170    1.48431794    1.36169214    1.66377207    1.68349393    1.20192260    1.07266994    0.00000000    0.26089011    1.40493973    1.26665489    1.64187798    1.26239384    1.42801513    1.46739978    1.72335625    1.52876610    1.92871027    2.34395453    2.41148752    2.17427859    2.49192380    2.33552500    2.18129562    2.04409629    2.19230118    2.00248816    2.17133807    1.91252144    1.80247159    1.77198100    1.69493668    1.90362623    1.45449148    1.67218905    1.63559796    1.82305688    1.63225398    1.81709791    1.62366274
B8IN40_METNO/21-104     1.64536062    1.46620374    1.41105492    1.59254356    1.50805737    1.32111319    1.03964960    0.26089011    0.00000000    1.20587744    1.19338349    1.64875409    1.30413330    1.47337364    1.54158368    1.60816399    1.72672890    1.83315232    2.14372354    2.35895019    1.93684835    2.30190312    1.98286845    2.05170516    1.84074708    2.06238615    1.86223329    2.17344609    1.70458520    1.74525972    1.73916528    1.86494286    1.87619733    1.47211063    1.46027696    1.60645653    1.83556398    1.53532749    1.68048483    1.55068023
B8EQX5_METSB/17-100     1.20824134    1.08343742    1.07233697    1.24200209    1.13249563    1.02677450    1.13031829    1.40493973    1.20587744    0.00000000    0.66976206    1.50099384    1.06174654    1.20868884    1.25988223    0.99696442    1.71588505    1.79701416    1.55481356    1.53110523    1.35542376    1.48584903    1.41258986    1.15205982    1.39553877    1.36559571    1.66977826    1.66970911    1.60875092    1.55714040    1.44524314    1.37461956    1.33617326    1.30668850    1.33984479    1.18090547    1.35876262    1.03098322    1.09094106    0.89709113
B2IJ93_BEII9/15-98     1.15883680    1.00725896    0.90940743    1.15183745    0.95645312    0.90601766    1.18417217    1.26665489    1.19338349    0.66976206    0.00000000    1.19535757    1.06339932    1.12816961    1.18025226    1.22819567    1.80267156    1.85870422    1.72543424    1.59559730    1.66886029    1.71078666    2.00808352    1.48772231    1.87751577    1.87201942    1.85029989    1.74869434    1.43006826    1.21959874    1.41490733    1.59505972    1.67654347    1.21979572    1.33659612    1.29791035    1.28494699    1.33684604    1.17052112    1.03518164
D7A9N9_STAND/10-93     1.42576692    1.15320768    1.29676901    1.23109279    1.28809582    1.23491884    1.30821794    1.64187798    1.64875409    1.50099384    1.19535757    0.00000000    0.91277484    1.38437180    1.39924787    1.44057460    1.32798977    1.49991131    1.72034048    1.80961986    1.90377934    1.71720196    2.06278661    1.70847240    1.97318699    2.25983652    2.03320575    1.62965723    1.75736162    1.75349101    1.78936200    1.69901261    2.15107779    1.64395154    1.39925362    1.51699851    1.43664190    1.83107665    1.73869892    1.37457638
A7IM39_XANP2/14-97     1.16917108    0.97977880    0.94776395    0.99773692    1.02234391    1.17596657    1.20485091    1.26239384    1.30413330    1.06174654    1.06339932    0.91277484    0.00000000    0.86736071    1.29260878    1.36798965    1.50038430    1.62004268    1.85003633    1.87411408    1.59909657    1.42281508    1.72370524    1.51947224    1.82062639    1.96270758    1.88249120    1.67635455    1.81115359    1.65817892    1.77265928    1.35354102    1.92391863    1.52415074    1.38692987    1.46929977    1.38064779    1.09805189    1.29745853    1.21403505
A8I2C9_AZOC5/11-93     1.55024703    1.33561640    1.42893486    1.57688583    1.44025622    1.35451587    1.48898173    1.42801513    1.47337364    1.20868884    1.12816961    1.38437180    0.86736071    0.00000000    1.16550845    1.63185505    1.49631976    1.58320942    1.95150541    1.61075733    1.80667679    1.90394270    2.12649568    1.91106492    2.22963948    2.06253504    2.15578280    1.93743222    1.85295104    2.10145057    2.10786775    1.60419683    1.91396584    1.56311276    1.43676224    1.45581779    1.14438425    1.40850227    1.39655971    1.31855529
F8JH96_HYPSM/11-94     1.60752942    1.49312968    1.34455730    1.49704626    1.39474248    1.13619218    1.56976272    1.46739978    1.54158368    1.25988223    1.18025226    1.39924787    1.29260878    1.16550845    0.00000000    1.41883229    1.68313389    1.89349212    1.74522125    1.50504104    1.77266136    1.41715556    1.70430566    1.52892890    1.86110388    1.90563342    1.96528610    1.65134360    1.64534878    1.37929000    1.73611845    1.35523128    1.52742126    1.63930612    1.57767474    1.42497898    1.24769952    1.46545052    1.44126777    1.09946894
A7HWY8_PARL1/16-99     1.17727292    1.10963394    1.15663586    1.18831802    1.15540124    1.19232221    1.16553526    1.72335625    1.60816399    0.99696442    1.22819567    1.44057460    1.36798965    1.63185505    1.41883229    0.00000000    1.57551293    1.36466046    1.23798705    1.06695901    1.18272880    1.17636004    1.14026304    1.02928797    1.28523042    1.14502462    1.51700393    1.07717240    1.34865743    1.58799763    1.62026156    1.02609066    1.41428309    1.36410873    1.45767985    1.12429666    1.55598822    1.15147663    1.36786448    1.03499151
S5Y0D4_PARAH/3-86     1.65148979    1.38351046    1.47414468    1.45009151    1.39475499    1.48867367    1.78012882    1.52876610    1.72672890    1.71588505    1.80267156    1.32798977    1.50038430    1.49631976    1.68313389    1.57551293    0.00000000    0.36279491    1.79977406    1.64273307    1.41437618    1.44178738    1.43059838    1.48872740    1.53028542    1.48374175    1.35172224    1.51482740    2.36990241    1.80076698    1.97071905    1.65415113    1.65425463    1.88343929    1.69619110    1.61759355    1.63493106    1.67304453    1.75658058    1.53850516
A1B955_PARDP/3-86     1.69031190    1.47790023    1.74421323    1.60291032    1.55181876    1.74342087    2.18011393    1.92871027    1.83315232    1.79701416    1.85870422    1.49991131    1.62004268    1.58320942    1.89349212    1.36466046    0.36279491    0.00000000    2.00827701    1.76702486    1.50583753    1.39333711    1.37752475    1.55634411    1.87560700    1.47772519    1.64639633    1.47385238    2.43425047    2.29005431    2.16081435    1.60025089    1.69770826    2.00787391    1.73315044    1.73294765    1.53531747    1.83658500    1.80753643    1.59207537
Q166K7_ROSDO/5-88     1.25058747    1.17587124    1.36534354    1.18448143    1.05324188    1.77478999    1.19029188    2.34395453    2.14372354    1.55481356    1.72543424    1.72034048    1.85003633    1.95150541    1.74522125    1.23798705    1.79977406    2.00827701    0.00000000    0.70224971    0.64181086    0.70109874    0.78809146    0.91833830    0.77761609    0.95154035    1.50410367    1.33479125    1.69757247    2.02728387    1.77289779    1.27260909    1.28488457    1.95570956    1.91513327    1.75007862    1.73521970    1.46445353    1.33765922    1.55366922
Q1GEL1_RUEST/5-88     1.20570620    1.42320204    1.62296713    1.50467570    1.43743048    1.41592480    1.65586650    2.41148752    2.35895019    1.53110523    1.59559730    1.80961986    1.87411408    1.61075733    1.50504104    1.06695901    1.64273307    1.76702486    0.70224971    0.00000000    0.50363468    0.60929681    0.87430188    1.05824552    0.86602667    1.00590003    1.46112732    1.14343519    1.86180979    2.14012479    1.99565008    1.23426187    1.11356712    1.76697177    1.76134666    1.62587327    1.62810693    1.47616901    1.53008033    1.46620651
I7EV19_PHAIB/5-88     1.27910401    1.26518078    1.53271101    1.26167755    1.21996374    1.49370318    1.60431945    2.17427859    1.93684835    1.35542376    1.66886029    1.90377934    1.59909657    1.80667679    1.77266136    1.18272880    1.41437618    1.50583753    0.64181086    0.50363468    0.00000000    0.40767369    0.59301655    0.72818808    0.70968048    0.82699300    1.39790326    1.28047167    1.85599883    2.13154294    1.87421818    1.21333221    1.05280950    2.02654934    1.76375473    1.64364082    1.67172034    1.51252140    1.47729267    1.53257001
Q5LPU7_RUEPO/5-88     1.29491607    1.20171319    1.52352397    1.38589587    1.24108770    1.57526380    1.68103236    2.49192380    2.30190312    1.48584903    1.71078666    1.71720196    1.42281508    1.90394270    1.41715556    1.17636004    1.44178738    1.39333711    0.70109874    0.60929681    0.40767369    0.00000000    0.53631777    0.80370803    0.84470601    0.88108126    1.48356435    1.49920049    1.65548445    1.74415852    1.84952061    1.14381486    1.16656540    2.07104747    1.68561751    1.61858360    1.58194780    1.63014563    1.55595473    1.41622702
A8LJ57_DINSH/3-86     1.39761814    1.18727202    1.31329564    1.20067770    1.26547853    1.65366764    1.48365602    2.33552500    1.98286845    1.41258986    2.00808352    2.06278661    1.72370524    2.12649568    1.70430566    1.14026304    1.43059838    1.37752475    0.78809146    0.87430188    0.59301655    0.53631777    0.00000000    0.65082932    0.73153627    0.99346350    1.21735666    1.37238468    1.71494027    2.22795615    1.95405200    1.30012423    1.36660278    1.81778131    1.31098304    1.44490035    1.61133272    1.48780717    1.15134652    1.53316803
Q3J0U6_RHOS4/3-86     1.55334750    1.21185754    1.26346880    1.29234488    1.33876750    1.44979694    1.56354023    2.18129562    2.05170516    1.15205982    1.48772231    1.70847240    1.51947224    1.91106492    1.52892890    1.02928797    1.48872740    1.55634411    0.91833830    1.05824552    0.72818808    0.80370803    0.65082932    0.00000000    1.04199998    1.19213692    1.40132258    1.46671285    1.75102493    1.94109952    1.86549407    1.25276314    1.09897828    1.73784205    1.33417136    1.57632309    1.51944723    1.41950186    1.29630379    1.48509839
W8RND1_9RHOB/3-86     1.28156575    1.16009423    1.19290878    1.22284343    1.03115274    1.62823202    1.38880499    2.04409629    1.84074708    1.39553877    1.87751577    1.97318699    1.82062639    2.22963948    1.86110388    1.28523042    1.53028542    1.87560700    0.77761609    0.86602667    0.70968048    0.84470601    0.73153627    1.04199998    0.00000000    0.53923341    1.31598681    1.24610455    1.87082620    1.94773177    2.06157634    1.32222435    1.22017360    1.90061809    1.64711738    1.50785708    1.83119909    1.30893678    1.33278139    1.53772924
Q28ML5_JANSC/3-86     1.48263082    1.36996613    1.47198724    1.47734850    1.31573333    1.38927336    1.48326002    2.19230118    2.06238615    1.36559571    1.87201942    2.25983652    1.96270758    2.06253504    1.90563342    1.14502462    1.48374175    1.47772519    0.95154035    1.00590003    0.82699300    0.88108126    0.99346350    1.19213692    0.53923341    0.00000000    1.30598478    1.30411598    1.86475092    2.02854483    2.15513331    1.09336343    1.13336881    1.77596415    1.65464741    1.50761404    1.75321474    1.58852378    1.39473358    1.56543083
D5AN73_RHOCB/3-86     1.64279439    1.40507106    1.46521931    1.57416919    1.57477477    1.68564713    1.47818432    2.00248816    1.86223329    1.66977826    1.85029989    2.03320575    1.88249120    2.15578280    1.96528610    1.51700393    1.35172224    1.64639633    1.50410367    1.46112732    1.39790326    1.48356435    1.21735666    1.40132258    1.31598681    1.30598478    0.00000000    1.53521863    2.41091329    1.45192699    1.88761517    1.67911438    1.90477234    2.25774386    1.82251020    1.86801066    1.92553281    1.82884801    1.93508430    1.99207553
Q2RUY5_RHORT/10-93     1.23621205    1.23839848    1.20536991    1.23521320    1.20367006    1.59906424    1.36631395    2.17133807    2.17344609    1.66970911    1.74869434    1.62965723    1.67635455    1.93743222    1.65134360    1.07717240    1.51482740    1.47385238    1.33479125    1.14343519    1.28047167    1.49920049    1.37238468    1.46671285    1.24610455    1.30411598    1.53521863    0.00000000    1.27248359    1.77965730    1.40753208    1.07657287    1.15654528    1.60812520    1.66280240    1.61269648    1.62085819    1.41055456    1.50694194    1.53088737
Q2N5Y1_ERYLH/15-95     1.79117388    1.59425644    1.44856751    1.74836449    1.59688294    1.34380215    1.39135072    1.91252144    1.70458520    1.60875092    1.43006826    1.75736162    1.81115359    1.85295104    1.64534878    1.34865743    2.36990241    2.43425047    1.69757247    1.86180979    1.85599883    1.65548445    1.71494027    1.75102493    1.87082620    1.86475092    2.41091329    1.27248359    0.00000000    0.81745496    0.77433402    1.14910862    1.42213834    1.22938848    1.20501650    1.49593642    1.78464043    1.60045525    1.43374861    1.66528230
W0AGS7_9SPHN/10-90     1.94483752    1.60918284    1.42344299    1.66438723    1.57034814    1.34299146    1.51807506    1.80247159    1.74525972    1.55714040    1.21959874    1.75349101    1.65817892    2.10145057    1.37929000    1.58799763    1.80076698    2.29005431    2.02728387    2.14012479    2.13154294    1.74415852    2.22795615    1.94109952    1.94773177    2.02854483    1.45192699    1.77965730    0.81745496    0.00000000    0.66696363    1.36377196    1.47105430    1.55078377    1.56656985    1.60207158    1.55202371    1.62796845    1.58628284    1.66254051
D4YX33_SPHJU/17-97     1.88140615    1.63139877    1.63741767    1.67019879    1.59126250    1.37932364    1.51699148    1.77198100    1.73916528    1.44524314    1.41490733    1.78936200    1.77265928    2.10786775    1.73611845    1.62026156    1.97071905    2.16081435    1.77289779    1.99565008    1.87421818    1.84952061    1.95405200    1.86549407    2.06157634    2.15513331    1.88761517    1.40753208    0.77433402    0.66696363    0.00000000    1.20259326    1.28923677    1.38647705    1.43506580    1.63996813    1.45684909    1.51276170    1.60877354    1.77800738
Q2W7L8_MAGSA/8-91     1.30082412    1.25042189    1.19744297    1.20423456    1.30003667    1.17674780    1.43029258    1.69493668    1.86494286    1.37461956    1.59505972    1.69901261    1.35354102    1.60419683    1.35523128    1.02609066    1.65415113    1.60025089    1.27260909    1.23426187    1.21333221    1.14381486    1.30012423    1.25276314    1.32222435    1.09336343    1.67911438    1.07657287    1.14910862    1.36377196    1.20259326    0.00000000    0.95358099    1.49024510    1.56829694    1.46804376    1.31666559    1.51158157    1.35884757    1.30217863
Q2W5J9_MAGSA/20-103     1.56552931    1.56149737    1.58492209    1.47505348    1.38355033    1.24034497    1.55166582    1.90362623    1.87619733    1.33617326    1.67654347    2.15107779    1.92391863    1.91396584    1.52742126    1.41428309    1.65425463    1.69770826    1.28488457    1.11356712    1.05280950    1.16656540    1.36660278    1.09897828    1.22017360    1.13336881    1.90477234    1.15654528    1.42213834    1.47105430    1.28923677    0.95358099    0.00000000    1.58481943    1.25109607    1.62887931    1.58311540    1.35159033    1.47825039    1.49874482
Q8U5C3_AGRFC/13-95     1.39936464    1.51912699    1.21927829    1.67309987    1.54120567    1.41387286    1.37216957    1.45449148    1.47211063    1.30668850    1.21979572    1.64395154    1.52415074    1.56311276    1.63930612    1.36410873    1.88343929    2.00787391    1.95570956    1.76697177    2.02654934    2.07104747    1.81778131    1.73784205    1.90061809    1.77596415    2.25774386    1.60812520    1.22938848    1.55078377    1.38647705    1.49024510    1.58481943    0.00000000    0.55983676    0.56574866    0.71808530    1.15638687    1.08017897    1.20713607
B9JDK9_AGRRK/13-94     1.37965826    1.26828341    1.30629294    1.58328976    1.24624326    1.27138470    1.39301288    1.67218905    1.46027696    1.33984479    1.33659612    1.39925362    1.38692987    1.43676224    1.57767474    1.45767985    1.69619110    1.73315044    1.91513327    1.76134666    1.76375473    1.68561751    1.31098304    1.33417136    1.64711738    1.65464741    1.82251020    1.66280240    1.20501650    1.56656985    1.43506580    1.56829694    1.25109607    0.55983676    0.00000000    0.54294327    0.78912719    1.08150559    0.86801309    1.07557062
B9JVH3_AGRVS/12-91     1.06981562    1.05357910    1.03812016    1.22736940    1.10084315    1.16497433    1.40494046    1.63559796    1.60645653    1.18090547    1.29791035    1.51699851    1.46929977    1.45581779    1.42497898    1.12429666    1.61759355    1.73294765    1.75007862    1.62587327    1.64364082    1.61858360    1.44490035    1.57632309    1.50785708    1.50761404    1.86801066    1.61269648    1.49593642    1.60207158    1.63996813    1.46804376    1.62887931    0.56574866    0.54294327    0.00000000    0.62364565    0.99590055    1.08144611    1.07339664
Q92QM7_RHIME/2-84     1.45725900    1.28231702    1.43033416    1.41018280    1.33849826    1.47180992    1.58585805    1.82305688    1.83556398    1.35876262    1.28494699    1.43664190    1.38064779    1.14438425    1.24769952    1.55598822    1.63493106    1.53531747    1.73521970    1.62810693    1.67172034    1.58194780    1.61133272    1.51944723    1.83119909    1.75321474    1.92553281    1.62085819    1.78464043    1.55202371    1.45684909    1.31666559    1.58311540    0.71808530    0.78912719    0.62364565    0.00000000    1.17801648    1.04090589    1.20706545
Q11IN3_CHESB/3-86     1.12817413    1.11534978    1.07928456    1.07305519    1.08502850    1.31373171    1.29929906    1.63225398    1.53532749    1.03098322    1.33684604    1.83107665    1.09805189    1.40850227    1.46545052    1.15147663    1.67304453    1.83658500    1.46445353    1.47616901    1.51252140    1.63014563    1.48780717    1.41950186    1.30893678    1.58852378    1.82884801    1.41055456    1.60045525    1.62796845    1.51276170    1.51158157    1.35159033    1.15638687    1.08150559    0.99590055    1.17801648    0.00000000    0.74802468    1.09176879
A6X581_OCHA4/7-90     1.39560725    1.40009505    1.32693952    1.47150006    1.38682763    1.39494077    1.57300933    1.81709791    1.68048483    1.09094106    1.17052112    1.73869892    1.29745853    1.39655971    1.44126777    1.36786448    1.75658058    1.80753643    1.33765922    1.53008033    1.47729267    1.55595473    1.15134652    1.29630379    1.33278139    1.39473358    1.93508430    1.50694194    1.43374861    1.58628284    1.60877354    1.35884757    1.47825039    1.08017897    0.86801309    1.08144611    1.04090589    0.74802468    0.00000000    0.88630135
F2IVY4_POLGS/11-94     0.95815578    1.04484971    1.11388500    1.12518462    0.89362605    1.07000248    1.17472780    1.62366274    1.55068023    0.89709113    1.03518164    1.37457638    1.21403505    1.31855529    1.09946894    1.03499151    1.53850516    1.59207537    1.55366922    1.46620651    1.53257001    1.41622702    1.53316803    1.48509839    1.53772924    1.56543083    1.99207553    1.53088737    1.66528230    1.66254051    1.77800738    1.30217863    1.49874482    1.20713607    1.07557062    1.07339664    1.20706545    1.09176879    0.88630135    0.00000000

