17
K9TJC7_9CYAN/28-298     0.00000000    1.69542201    1.51864913    1.70315132    1.56022267    1.81769593    1.88950441    1.69798851    1.72372678    2.37303444    2.05379398    2.19353610    1.66288357    2.17663940    2.09805412    1.99670867    1.63275950
A8ZY63_DESOH/40-275     1.69542201    0.00000000    1.47215257    1.25290352    1.28503710    1.30555149    1.53261679    1.26287529    1.37985770    2.36436636    1.92361448    2.12033302    1.64303005    1.83039596    1.89799223    1.90296808    1.40355811
R6RAK8_9CLOT/23-260     1.51864913    1.47215257    0.00000000    0.96902098    1.38490244    1.50059380    1.66717725    1.23826950    1.50482749    2.88418507    2.03194383    2.15346630    1.45928902    2.13671892    2.18301493    2.12567616    1.22134539
D9R913_CLOSW/30-268     1.70315132    1.25290352    0.96902098    0.00000000    1.25067040    1.32726040    1.75782702    1.21635844    1.55466965    2.52670597    1.90551387    2.16071002    1.31945822    1.87295839    1.96613544    2.08007196    1.37237265
B7JXV7_RIPO1/20-254     1.56022267    1.28503710    1.38490244    1.25067040    0.00000000    1.01465577    1.46883034    0.81751449    1.25120690    2.20026623    1.73201499    1.87269374    1.46000166    1.70011167    1.65595061    1.44432070    1.26047474
G2PIZ8_MURRD/165-407     1.81769593    1.30555149    1.50059380    1.32726040    1.01465577    0.00000000    1.54316462    1.02174971    1.36899527    2.56046686    1.80553830    1.94481154    1.52152949    1.79275367    1.90738777    1.69477318    1.37741939
D1AD89_THECD/144-382     1.88950441    1.53261679    1.66717725    1.75782702    1.46883034    1.54316462    0.00000000    1.17433808    1.92087111    2.44641225    1.99140609    1.79424951    1.52196352    2.07634737    2.08567890    2.07352011    1.70450002
G8UML8_TANFA/1-223     1.69798851    1.26287529    1.23826950    1.21635844    0.81751449    1.02174971    1.17433808    0.00000000    1.34632272    2.44918643    1.86822831    1.82896165    1.26533076    1.68114858    1.66803608    1.72612704    1.32041336
E4NHP2_KITSK/49-305     1.72372678    1.37985770    1.50482749    1.55466965    1.25120690    1.36899527    1.92087111    1.34632272    0.00000000    2.68433215    2.07278910    2.05467725    1.53984149    2.03319282    2.02725780    1.99138098    1.52431219
A4RR82_OSTLU/120-378     2.37303444    2.36436636    2.88418507    2.52670597    2.20026623    2.56046686    2.44641225    2.44918643    2.68433215    0.00000000    2.63200320    2.40323986    2.09833708    2.86340797    2.77178925    3.01521410    2.75710862
H0UIR4_9BACT/345-606     2.05379398    1.92361448    2.03194383    1.90551387    1.73201499    1.80553830    1.99140609    1.86822831    2.07278910    2.63200320    0.00000000    2.13030172    1.86101508    2.08012935    2.01110001    2.24942119    1.84946156
E1QYL9_OLSUV/367-628     2.19353610    2.12033302    2.15346630    2.16071002    1.87269374    1.94481154    1.79424951    1.82896165    2.05467725    2.40323986    2.13030172    0.00000000    1.87570842    2.41386326    2.40770706    2.28450248    2.29350277
A0A373NEH1_9FIRM/21-243     1.66288357    1.64303005    1.45928902    1.31945822    1.46000166    1.52152949    1.52196352    1.26533076    1.53984149    2.09833708    1.86101508    1.87570842    0.00000000    1.66148601    1.54686667    1.89910735    1.36941122
R6NEN9_9FIRM/24-265     2.17663940    1.83039596    2.13671892    1.87295839    1.70011167    1.79275367    2.07634737    1.68114858    2.03319282    2.86340797    2.08012935    2.41386326    1.66148601    0.00000000    0.39354181    2.16413113    1.68313609
R6S4Y8_9FIRM/24-267     2.09805412    1.89799223    2.18301493    1.96613544    1.65595061    1.90738777    2.08567890    1.66803608    2.02725780    2.77178925    2.01110001    2.40770706    1.54686667    0.39354181    0.00000000    2.10654557    1.63347608
F4PZX8_CAVFA/134-403     1.99670867    1.90296808    2.12567616    2.08007196    1.44432070    1.69477318    2.07352011    1.72612704    1.99138098    3.01521410    2.24942119    2.28450248    1.89910735    2.16413113    2.10654557    0.00000000    1.54987341
Q67RU3_SYMTH/132-361     1.63275950    1.40355811    1.22134539    1.37237265    1.26047474    1.37741939    1.70450002    1.32041336    1.52431219    2.75710862    1.84946156    2.29350277    1.36941122    1.68313609    1.63347608    1.54987341    0.00000000

