39
PEPB_VIBCH/5-81     0.00000000    0.48233361    0.41605108    0.72304994    0.64432210    0.68947750    0.73898561    0.78146451    0.74148248    0.64897094    0.70751587    0.75106704    0.71455566    0.88706250    0.88194813    0.65578730    0.77133323    0.93252593    0.85073423    0.83487740    0.71461099    0.86573564    0.84453067    1.09344585    1.46553763    0.96194282    1.08649481    0.95764730    1.03729944    0.98564735    0.98731922    1.25633566    1.34457568    1.26048449    1.04024067    1.00286640    0.98213889    0.86475507    1.15603632
PEPB_VIBA3/5-81     0.48233361    0.00000000    0.32207206    0.88678525    0.64369688    0.76967065    0.75888328    0.77306951    0.76099886    0.79276457    0.82749822    0.79921120    0.84511248    0.92723123    0.94231623    0.75815620    0.88252411    1.06046028    0.97986275    1.18887778    0.87493013    1.06543452    0.97457863    1.14685194    1.81375495    1.05365126    1.20968912    1.11642707    1.18481391    1.15476749    0.99767458    1.23816771    1.23578120    1.28975395    1.10232651    1.09592246    1.01221418    1.07912153    1.20606108
PEPB_VIBPA/5-81     0.41605108    0.32207206    0.00000000    0.78423471    0.60104880    0.74983498    0.73032853    0.73397563    0.70185164    0.73221212    0.74822783    0.69384935    0.71992259    0.84951892    0.95794226    0.66018374    0.89230901    1.02360012    0.90541851    1.10742198    0.85758011    0.94638676    0.92196563    1.04123736    1.44718594    0.85259728    1.00498784    1.00231441    0.95044171    0.98041746    0.87598107    1.15541325    1.22951616    1.27907277    0.91686545    0.95362096    0.91557763    0.92229852    1.03017099
Q5E777_ALIF1/5-80     0.72304994    0.88678525    0.78423471    0.00000000    0.68580039    1.04783194    1.08421427    1.12959330    0.84864092    1.01491399    1.03390685    0.96998299    0.96428862    1.11007412    0.85039188    0.89840641    0.94829309    0.95022349    0.87317725    0.90327246    0.95492038    1.04486148    0.93108148    1.18206629    1.19106127    0.98124416    1.05297491    0.94152458    0.88782867    0.98719749    0.99188389    1.38794311    1.49567234    1.20320681    1.17243859    1.05978662    0.97048974    0.99388791    1.21458104
Q6LU55_PHOPR/5-79     0.64432210    0.64369688    0.60104880    0.68580039    0.00000000    0.81333650    0.86416952    0.85384688    0.87681360    0.99632799    0.94704683    0.92490991    0.80506907    1.19891308    0.89937696    0.86915077    0.93520926    1.13045214    0.91021769    1.03385864    0.76236934    1.10029800    1.02913873    1.34348871    1.36032333    0.86836064    1.12399784    1.18968517    1.22612509    1.20417776    1.19517927    1.34577777    1.53091915    1.27301634    0.95040935    0.92462554    0.97175566    1.08768014    1.23077342
W0HUI8_9GAMM/5-81     0.68947750    0.76967065    0.74983498    1.04783194    0.81333650    0.00000000    0.44160967    0.57162558    0.51272309    0.39153459    0.42269193    0.42763743    0.44688789    0.50442735    0.55614199    0.42798656    0.77819260    0.84118668    0.91210360    1.00006652    0.85619060    0.69270495    0.66655374    1.17375795    1.48276082    1.33933412    1.32273217    1.13386479    1.40180304    1.16922922    1.05152517    1.35407322    1.77091371    1.42923130    1.05173649    0.80003363    1.01585608    0.93391605    1.32257553
PEPB_PHOLL/6-82     0.73898561    0.75888328    0.73032853    1.08421427    0.86416952    0.44160967    0.00000000    0.40684305    0.66785668    0.49353641    0.56327588    0.55424094    0.43946539    0.67386561    0.62503929    0.54575078    0.93240726    0.91085112    0.95661545    1.11820225    0.94789057    0.80694252    0.73977264    1.10566556    1.32585955    1.08708786    1.20847581    1.09325488    1.19095709    1.10187202    1.07885295    1.10783826    1.55629145    1.34627975    1.02376498    0.86554368    0.88129094    0.97392682    1.30825074
M1RK88_MORMO/6-82     0.78146451    0.77306951    0.73397563    1.12959330    0.85384688    0.57162558    0.40684305    0.00000000    0.65703010    0.61973313    0.64530177    0.64491246    0.59760185    0.85099942    0.80754174    0.62855968    0.88063089    1.04233016    0.93101537    1.12078485    0.98761120    0.92469953    0.73127429    1.26517581    1.32263894    1.10163463    1.19439210    1.32779730    1.34939712    1.20174759    1.06323921    1.28445210    1.63765413    1.55549075    1.03193024    1.07925074    0.95548977    1.26645417    1.05451113
H2IZ83_RAHAC/11-87     0.74148248    0.76099886    0.70185164    0.84864092    0.87681360    0.51272309    0.66785668    0.65703010    0.00000000    0.34429763    0.39264835    0.38738054    0.42357176    0.54293523    0.57188862    0.45163352    0.84383674    0.91846171    0.94350956    1.26772167    0.89280940    0.76003730    0.75824664    1.20242922    1.36477186    1.16535273    1.22419565    1.21947289    1.37416509    1.08098880    1.00700778    1.29130410    1.58925517    1.32862905    1.07319194    0.88645559    1.03194807    0.90316121    1.28425413
PEPB_PECAS/6-87     0.64897094    0.79276457    0.73221212    1.01491399    0.99632799    0.39153459    0.49353641    0.61973313    0.34429763    0.00000000    0.24977389    0.34561123    0.36422861    0.40629963    0.48244967    0.37011707    0.73481385    0.88628994    0.90881723    1.14873171    0.78702737    0.66285176    0.69009719    1.13638781    1.30817925    1.26429324    1.23838412    1.22169509    1.40686153    1.05420694    0.91409995    1.16735096    1.69032083    1.29391066    1.10790214    0.97444901    1.00890801    0.96514952    1.24086682
E0SN83_DICD3/6-82     0.70751587    0.82749822    0.74822783    1.03390685    0.94704683    0.42269193    0.56327588    0.64530177    0.39264835    0.24977389    0.00000000    0.35066448    0.33459289    0.52867711    0.57768235    0.40844729    0.85663635    0.88456896    0.89565435    1.13762651    0.85250277    0.67267341    0.72768436    1.06806282    1.44872438    1.27555300    1.19031721    1.22052797    1.27013500    0.99304708    0.82941195    1.17535409    1.54382673    1.33851293    1.11014366    0.91566802    1.04925717    0.95789634    1.24868519
W0L5G9_9GAMM/6-82     0.75106704    0.79921120    0.69384935    0.96998299    0.92490991    0.42763743    0.55424094    0.64491246    0.38738054    0.34561123    0.35066448    0.00000000    0.25752820    0.39549544    0.39866460    0.34885609    0.75835661    0.84207502    0.91008639    1.01832271    0.85725892    0.65559112    0.58751682    1.08467470    1.43400909    1.23353438    1.23514998    1.16701061    1.17589687    1.02988042    0.97172831    1.27400706    1.58264369    1.31098484    0.95792741    0.89954869    0.91660389    0.84596576    1.25436553
PEPB_YERPE/6-82     0.71455566    0.84511248    0.71992259    0.96428862    0.80506907    0.44688789    0.43946539    0.59760185    0.42357176    0.36422861    0.33459289    0.25752820    0.00000000    0.52147595    0.46351294    0.38843776    0.80016659    0.93880086    0.86839468    0.97275537    0.82791731    0.67555235    0.62027386    1.09691135    1.39946066    1.16609251    1.16164551    1.16540027    1.18274624    0.97798604    0.94661023    1.18009344    1.57642947    1.24570490    0.94238337    0.79171587    0.92983282    0.91906222    1.17938458
PEPB_ECOLI/5-81     0.88706250    0.92723123    0.84951892    1.11007412    1.19891308    0.50442735    0.67386561    0.85099942    0.54293523    0.40629963    0.52867711    0.39549544    0.52147595    0.00000000    0.36928244    0.43983452    0.97536627    0.93379748    1.01437133    1.13580551    0.93653683    0.83849606    0.86581036    1.16421492    1.43207334    1.28746774    1.17329455    1.21912691    1.18793880    1.06420309    1.09379179    1.17797213    1.62799738    1.32458888    1.23598408    0.95232816    1.05642584    0.89254693    1.41154441
I2B6J1_SHIBC/6-82     0.88194813    0.94231623    0.95794226    0.85039188    0.89937696    0.55614199    0.62503929    0.80754174    0.57188862    0.48244967    0.57768235    0.39866460    0.46351294    0.36928244    0.00000000    0.53666811    0.88319212    0.90684273    1.00115206    1.03587081    0.92883459    0.96156060    0.89340864    1.20525210    1.49636263    1.38237523    1.31260405    1.33158830    1.23882938    1.36516780    1.10268980    1.31072797    1.70602352    1.40049294    1.20398491    0.82432300    0.89571175    1.03659729    1.32900364
D4GK66_PANAM/6-82     0.65578730    0.75815620    0.66018374    0.89840641    0.86915077    0.42798656    0.54575078    0.62855968    0.45163352    0.37011707    0.40844729    0.34885609    0.38843776    0.43983452    0.53666811    0.00000000    0.74990891    0.93442361    0.93005923    1.18947688    0.66384618    0.55852828    0.55381094    0.99568007    1.38238702    1.27257218    1.23041633    1.06358207    1.15058283    1.05129330    0.98738095    1.18286305    1.45126833    1.34540534    0.83643209    0.86600820    0.94934639    0.73100030    1.26791260
PEPB_PASMU/3-79     0.77133323    0.88252411    0.89230901    0.94829309    0.93520926    0.77819260    0.93240726    0.88063089    0.84383674    0.73481385    0.85663635    0.75835661    0.80016659    0.97536627    0.88319212    0.74990891    0.00000000    0.47455060    0.40086061    0.64942506    0.63325551    0.72771372    0.71667443    1.07988593    1.20859040    1.17187353    1.05095113    1.08934095    1.18759532    1.01423617    0.95425128    1.32001885    1.71746387    1.33921797    1.03190638    0.94983074    0.89667115    0.96025627    1.01159832
PEPB_HAEIN/1-79     0.93252593    1.06046028    1.02360012    0.95022349    1.13045214    0.84118668    0.91085112    1.04233016    0.91846171    0.88628994    0.88456896    0.84207502    0.93880086    0.93379748    0.90684273    0.93442361    0.47455060    0.00000000    0.45935329    0.58760996    0.87056009    0.89697949    0.68653166    1.18419302    1.11165326    1.20270319    1.10288305    1.09872426    1.06969496    0.94110847    1.03958700    1.32339016    1.68543239    1.28946667    1.13812032    0.98378476    0.97004054    1.05050461    1.04959212
A6VMK6_ACTSZ/3-79     0.85073423    0.97986275    0.90541851    0.87317725    0.91021769    0.91210360    0.95661545    0.93101537    0.94350956    0.90881723    0.89565435    0.91008639    0.86839468    1.01437133    1.00115206    0.93005923    0.40086061    0.45935329    0.00000000    0.45969158    0.70723194    0.78730744    0.76586395    1.16148596    1.30979275    0.97955042    0.80214774    1.10494115    1.08587056    0.97768975    0.95842521    1.24641215    1.47146485    1.22656041    1.06926529    0.99916004    0.76174723    1.02132407    1.10137039
B0USF2_HISS2/1-78     0.83487740    1.18887778    1.10742198    0.90327246    1.03385864    1.00006652    1.11820225    1.12078485    1.26772167    1.14873171    1.13762651    1.01832271    0.97275537    1.13580551    1.03587081    1.18947688    0.64942506    0.58760996    0.45969158    0.00000000    0.88857892    1.00668930    0.95572018    1.39343675    1.49029396    1.04364212    1.11432107    1.11201365    1.05711774    1.06777366    1.12461919    1.42708619    1.74651205    1.30983669    1.24489433    0.98556924    0.97203516    1.13043797    1.19948337
M4RAJ8_BIBTR/1-75     0.71461099    0.87493013    0.85758011    0.95492038    0.76236934    0.85619060    0.94789057    0.98761120    0.89280940    0.78702737    0.85250277    0.85725892    0.82791731    0.93653683    0.92883459    0.66384618    0.63325551    0.87056009    0.70723194    0.88857892    0.00000000    0.51348499    0.54767188    0.89108479    1.20671306    1.01324484    1.00026904    1.09501364    1.08829970    1.02308794    0.86798940    1.26457398    1.44468027    1.31471969    0.88896483    1.13397610    1.16899908    1.02739490    1.10838430
Q7VM40_HAEDU/4-78     0.86573564    1.06543452    0.94638676    1.04486148    1.10029800    0.69270495    0.80694252    0.92469953    0.76003730    0.66285176    0.67267341    0.65559112    0.67555235    0.83849606    0.96156060    0.55852828    0.72771372    0.89697949    0.78730744    1.00668930    0.51348499    0.00000000    0.32197235    1.05214351    1.30187567    1.14449491    1.12129700    0.94685531    1.11494760    0.83962261    0.90536063    1.25685728    1.40310197    1.30457207    1.03111914    1.10498823    1.17922488    1.04682687    1.45711890
B8F6L7_HAEPS/4-78     0.84453067    0.97457863    0.92196563    0.93108148    1.02913873    0.66655374    0.73977264    0.73127429    0.75824664    0.69009719    0.72768436    0.58751682    0.62027386    0.86581036    0.89340864    0.55381094    0.71667443    0.68653166    0.76586395    0.95572018    0.54767188    0.32197235    0.00000000    0.96090585    1.44390988    1.01849883    0.93498260    0.95593059    0.97153124    0.89604692    0.99626332    1.47642473    1.61159382    1.16289085    1.00544994    1.28870685    1.10093448    1.08243799    1.26022122
Q6LU54_PHOPR/2-77     1.09344585    1.14685194    1.04123736    1.18206629    1.34348871    1.17375795    1.10566556    1.26517581    1.20242922    1.13638781    1.06806282    1.08467470    1.09691135    1.16421492    1.20525210    0.99568007    1.07988593    1.18419302    1.16148596    1.39343675    0.89108479    1.05214351    0.96090585    0.00000000    1.12456975    1.16780722    1.09353881    0.93255995    0.97055580    0.98576155    1.02646982    1.27631400    1.36647806    1.41505828    1.00815720    1.18570908    1.24761188    0.96446869    1.27506472
E1SVV7_FERBD/7-79     1.46553763    1.81375495    1.44718594    1.19106127    1.36032333    1.48276082    1.32585955    1.32263894    1.36477186    1.30817925    1.44872438    1.43400909    1.39946066    1.43207334    1.49636263    1.38238702    1.20859040    1.11165326    1.30979275    1.49029396    1.20671306    1.30187567    1.44390988    1.12456975    0.00000000    1.05913744    1.01848198    0.85021326    1.07571222    0.84792699    1.12646795    1.13761073    1.93973726    1.59083461    1.34051777    1.05254187    1.24385336    1.24972581    1.28669362
Q8EIG3_SHEON/10-85     0.96194282    1.05365126    0.85259728    0.98124416    0.86836064    1.33933412    1.08708786    1.10163463    1.16535273    1.26429324    1.27555300    1.23353438    1.16609251    1.28746774    1.38237523    1.27257218    1.17187353    1.20270319    0.97955042    1.04364212    1.01324484    1.14449491    1.01849883    1.16780722    1.05913744    0.00000000    0.37130239    0.40654985    0.45425954    0.46951962    1.09216660    1.14704257    1.20502855    1.21694253    1.00827696    1.21578969    1.01044985    1.20188623    1.23380974
Q07Y04_SHEFN/4-79     1.08649481    1.20968912    1.00498784    1.05297491    1.12399784    1.32273217    1.20847581    1.19439210    1.22419565    1.23838412    1.19031721    1.23514998    1.16164551    1.17329455    1.31260405    1.23041633    1.05095113    1.10288305    0.80214774    1.11432107    1.00026904    1.12129700    0.93498260    1.09353881    1.01848198    0.37130239    0.00000000    0.43470235    0.51194590    0.36917702    1.01344003    1.37930498    1.24277115    1.15297719    1.16017983    1.43563709    1.02305462    1.15322138    1.27351718
A1S3N3_SHEAM/5-80     0.95764730    1.11642707    1.00231441    0.94152458    1.18968517    1.13386479    1.09325488    1.32779730    1.21947289    1.22169509    1.22052797    1.16701061    1.16540027    1.21912691    1.33158830    1.06358207    1.08934095    1.09872426    1.10494115    1.11201365    1.09501364    0.94685531    0.95593059    0.93255995    0.85021326    0.40654985    0.43470235    0.00000000    0.40216696    0.39789471    1.11797825    1.22149727    1.04379156    1.20894674    1.12133345    1.11933427    1.00225114    0.85627173    1.33512249
D4ZC44_SHEVD/5-80     1.03729944    1.18481391    0.95044171    0.88782867    1.22612509    1.40180304    1.19095709    1.34939712    1.37416509    1.40686153    1.27013500    1.17589687    1.18274624    1.18793880    1.23882938    1.15058283    1.18759532    1.06969496    1.08587056    1.05711774    1.08829970    1.11494760    0.97153124    0.97055580    1.07571222    0.45425954    0.51194590    0.40216696    0.00000000    0.42332471    1.03447854    1.21891441    1.09966166    1.27210403    1.12059019    1.22683236    1.04043378    0.98656846    1.17858958
Q12JD2_SHEDO/4-79     0.98564735    1.15476749    0.98041746    0.98719749    1.20417776    1.16922922    1.10187202    1.20174759    1.08098880    1.05420694    0.99304708    1.02988042    0.97798604    1.06420309    1.36516780    1.05129330    1.01423617    0.94110847    0.97768975    1.06777366    1.02308794    0.83962261    0.89604692    0.98576155    0.84792699    0.46951962    0.36917702    0.39789471    0.42332471    0.00000000    0.94056590    1.16493659    1.18308980    1.14701535    1.05798377    1.24667325    1.04264085    0.93622509    1.10642350
Q3ILK4_PSET1/6-81     0.98731922    0.99767458    0.87598107    0.99188389    1.19517927    1.05152517    1.07885295    1.06323921    1.00700778    0.91409995    0.82941195    0.97172831    0.94661023    1.09379179    1.10268980    0.98738095    0.95425128    1.03958700    0.95842521    1.12461919    0.86798940    0.90536063    0.99626332    1.02646982    1.12646795    1.09216660    1.01344003    1.11797825    1.03447854    0.94056590    0.00000000    0.94178378    1.13470868    1.09800485    1.10026014    1.03433936    1.07649260    0.93745783    1.22521347
G4QJL9_GLANF/5-78     1.25633566    1.23816771    1.15541325    1.38794311    1.34577777    1.35407322    1.10783826    1.28445210    1.29130410    1.16735096    1.17535409    1.27400706    1.18009344    1.17797213    1.31072797    1.18286305    1.32001885    1.32339016    1.24641215    1.42708619    1.26457398    1.25685728    1.47642473    1.27631400    1.13761073    1.14704257    1.37930498    1.22149727    1.21891441    1.16493659    0.94178378    0.00000000    1.34893038    1.12076967    1.20843901    1.12781945    1.28888589    1.15557036    1.16040037
Q5QVQ9_IDILO/5-82     1.34457568    1.23578120    1.22951616    1.49567234    1.53091915    1.77091371    1.55629145    1.63765413    1.58925517    1.69032083    1.54382673    1.58264369    1.57642947    1.62799738    1.70602352    1.45126833    1.71746387    1.68543239    1.47146485    1.74651205    1.44468027    1.40310197    1.61159382    1.36647806    1.93973726    1.20502855    1.24277115    1.04379156    1.09966166    1.18308980    1.13470868    1.34893038    0.00000000    0.99890013    1.69138660    1.50635838    1.15377314    1.28980194    1.57368660
M4RJ85_9ALTE/4-80     1.26048449    1.28975395    1.27907277    1.20320681    1.27301634    1.42923130    1.34627975    1.55549075    1.32862905    1.29391066    1.33851293    1.31098484    1.24570490    1.32458888    1.40049294    1.34540534    1.33921797    1.28946667    1.22656041    1.30983669    1.31471969    1.30457207    1.16289085    1.41505828    1.59083461    1.21694253    1.15297719    1.20894674    1.27210403    1.14701535    1.09800485    1.12076967    0.99890013    0.00000000    1.15150737    1.43587314    1.42610651    1.12694598    1.51434180
A0KJ39_AERHH/1-76     1.04024067    1.10232651    0.91686545    1.17243859    0.95040935    1.05173649    1.02376498    1.03193024    1.07319194    1.10790214    1.11014366    0.95792741    0.94238337    1.23598408    1.20398491    0.83643209    1.03190638    1.13812032    1.06926529    1.24489433    0.88896483    1.03111914    1.00544994    1.00815720    1.34051777    1.00827696    1.16017983    1.12133345    1.12059019    1.05798377    1.10026014    1.20843901    1.69138660    1.15150737    0.00000000    1.18983971    1.12833073    0.92698008    1.33809423
C4L7J6_TOLAT/5-83     1.00286640    1.09592246    0.95362096    1.05978662    0.92462554    0.80003363    0.86554368    1.07925074    0.88645559    0.97444901    0.91566802    0.89954869    0.79171587    0.95232816    0.82432300    0.86600820    0.94983074    0.98378476    0.99916004    0.98556924    1.13397610    1.10498823    1.28870685    1.18570908    1.05254187    1.21578969    1.43563709    1.11933427    1.22683236    1.24667325    1.03433936    1.12781945    1.50635838    1.43587314    1.18983971    0.00000000    0.91347643    0.79747188    1.05113181
H2FZB9_OCESG/6-83     0.98213889    1.01221418    0.91557763    0.97048974    0.97175566    1.01585608    0.88129094    0.95548977    1.03194807    1.00890801    1.04925717    0.91660389    0.92983282    1.05642584    0.89571175    0.94934639    0.89667115    0.97004054    0.76174723    0.97203516    1.16899908    1.17922488    1.10093448    1.24761188    1.24385336    1.01044985    1.02305462    1.00225114    1.04043378    1.04264085    1.07649260    1.28888589    1.15377314    1.42610651    1.12833073    0.91347643    0.00000000    0.80040329    1.06985844
A0KJ38_AERHH/5-84     0.86475507    1.07912153    0.92229852    0.99388791    1.08768014    0.93391605    0.97392682    1.26645417    0.90316121    0.96514952    0.95789634    0.84596576    0.91906222    0.89254693    1.03659729    0.73100030    0.96025627    1.05050461    1.02132407    1.13043797    1.02739490    1.04682687    1.08243799    0.96446869    1.24972581    1.20188623    1.15322138    0.85627173    0.98656846    0.93622509    0.93745783    1.15557036    1.28980194    1.12694598    0.92698008    0.79747188    0.80040329    0.00000000    0.97725965
A1SUJ1_PSYIN/6-82     1.15603632    1.20606108    1.03017099    1.21458104    1.23077342    1.32257553    1.30825074    1.05451113    1.28425413    1.24086682    1.24868519    1.25436553    1.17938458    1.41154441    1.32900364    1.26791260    1.01159832    1.04959212    1.10137039    1.19948337    1.10838430    1.45711890    1.26022122    1.27506472    1.28669362    1.23380974    1.27351718    1.33512249    1.17858958    1.10642350    1.22521347    1.16040037    1.57368660    1.51434180    1.33809423    1.05113181    1.06985844    0.97725965    0.00000000

