10
Q8VTC3_HELPX/10-113     0.00000000    0.39467159    0.43772106    1.52384175    1.26392282    1.62648323    1.46854133    1.73146162    1.86217361    2.08934831
Q8VTC5_HELPX/8-115     0.39467159    0.00000000    0.39546067    3.09710931    2.08266091    4.58436396    1.98636772    2.62231102    4.69086967    4.48931321
Q9ZKX0_HELPJ/1-102     0.43772106    0.39546067    0.00000000    2.90732306    2.57403362    6.34094029    2.35463452    2.93028176    5.61905091    4.90156451
Q9ZLY5_HELPJ/124-228     1.52384175    3.09710931    2.90732306    0.00000000    0.47188057    1.59310284    2.86794171    2.14592024    2.06602546    2.45895030
Q1CU41_HELPH/250-343     1.26392282    2.08266091    2.57403362    0.47188057    0.00000000    1.56041919    1.96283201    1.60435243    1.84708298    1.80253592
Q17YR7_HELAH/2-72     1.62648323    4.58436396    6.34094029    1.59310284    1.56041919    0.00000000    1.70483301    1.69020206    1.52220364    1.55640899
Q17YJ9_HELAH/72-180     1.46854133    1.98636772    2.35463452    2.86794171    1.96283201    1.70483301    0.00000000    0.74037425    1.99169945    2.24088575
Q9ZKX1_HELPJ/40-149     1.73146162    2.62231102    2.93028176    2.14592024    1.60435243    1.69020206    0.74037425    0.00000000    1.67271130    1.95835545
Q9ZK97_HELPJ/196-308     1.86217361    4.69086967    5.61905091    2.06602546    1.84708298    1.52220364    1.99169945    1.67271130    0.00000000    0.23095814
Q1CSZ3_HELPH/156-267     2.08934831    4.48931321    4.90156451    2.45895030    1.80253592    1.55640899    2.24088575    1.95835545    0.23095814    0.00000000

