41
A9HS16_GLUDA/38-141     0.00000000    0.87325942    1.19560989    1.13319254    1.14681286    1.19622822    1.17120507    1.32567471    1.37220999    1.50018763    1.67745461    1.98354612    1.67942848    1.61994817    1.59140154    1.63428834    1.53211582    1.43858991    1.97784063    1.29439522    2.08215391    1.24384561    1.58524832    1.34614813    1.34347209    1.61349264    1.39743102    1.57741810    1.64705539    1.60046729    1.39798577    1.59022810    1.57049220    1.43673693    1.59053715    1.27066662    1.34912853    1.27340659    1.59586235    1.63005154    1.47675479
Q5FUP1_GLUOX/39-142     0.87325942    0.00000000    1.20042461    1.14542650    1.29360544    1.17126737    1.21416314    1.35121025    1.22124255    1.54971779    1.92602323    1.77288948    1.59807843    1.73703661    1.52407696    1.66364232    1.46024357    1.43250329    2.02068705    1.60664395    2.00005401    1.31428495    1.50578364    1.52095347    1.53579141    1.83240025    1.49832554    1.63046593    1.72422501    1.38407532    1.49891956    1.36073999    1.53143601    1.43963480    1.55723344    1.38055192    1.38145741    1.44106600    1.75211553    1.74757855    1.26909779
I3TPR3_TISMK/46-154     1.19560989    1.20042461    0.00000000    1.06084368    1.05587888    1.24973894    1.38873257    1.54576184    1.50316752    1.51997399    1.67111829    1.79989936    1.86703049    1.86116123    1.38115676    1.41452819    1.65619036    1.40053861    1.79726479    1.49555901    1.78989737    1.39143612    1.29981038    1.26318942    1.24417690    1.80436075    1.40429720    1.74853600    1.81802718    1.62508388    1.03556975    1.06830926    1.12334130    1.34382399    1.04258197    1.09309136    1.15253987    1.49845502    1.44078147    1.74441579    1.43961653
Q63T66_BURPS/33-135     1.13319254    1.14542650    1.06084368    0.00000000    0.46640991    0.90281721    0.88238741    1.04449351    1.36200359    1.74004968    1.57161276    1.80725161    1.75220119    1.85680346    1.20509743    1.59416936    1.25553045    1.35674475    1.90090168    1.11527538    1.80073722    1.23315382    1.18110008    1.19251742    1.26935508    1.59320491    1.21238161    1.65732301    1.44993143    1.24557914    1.22755265    1.31940357    1.42638140    1.40521918    1.22786166    1.39218472    1.55992852    1.25320812    1.29637420    1.86156837    1.60527554
G0AAX2_COLFT/50-152     1.14681286    1.29360544    1.05587888    0.46640991    0.00000000    1.12765987    1.11954185    1.05623149    1.32559727    1.43670155    1.61998449    1.86111310    2.08459722    1.83309929    1.09136205    1.66931335    1.36698603    1.30628199    1.76078042    1.16239322    1.63067829    1.36869829    1.49215552    1.26731259    1.31466490    1.45738394    1.32810804    1.69630551    1.50343193    1.26785814    1.40410191    1.57804281    1.50899292    1.36098898    1.27890342    1.32546216    1.39496331    1.44143008    1.46347124    1.62596695    1.43805381
G7Z225_AZOL4/51-153     1.19622822    1.17126737    1.24973894    0.90281721    1.12765987    0.00000000    0.87283148    0.86853711    1.27215727    1.49761745    1.75266026    1.47932929    1.55461506    1.63035002    1.30226207    1.40697955    1.19124255    1.22329145    1.56485086    1.36807823    1.51826537    1.14424843    1.22685557    1.17961842    1.19336461    1.61504011    1.04353970    1.18696168    1.36668362    1.04409023    1.48016390    1.40821510    1.69136986    1.73799610    1.21617158    1.30623485    1.43734794    1.25502587    1.26369033    1.52505385    1.47618758
Q212M5_RHOPB/63-165     1.17120507    1.21416314    1.38873257    0.88238741    1.11954185    0.87283148    0.00000000    0.55363213    1.05568763    1.40257010    1.34878658    1.70770333    1.04782782    1.43550770    1.25904609    1.44831691    1.12977017    1.34705388    1.50648772    1.16855638    1.56916823    1.17621341    1.29740619    1.19803008    1.25531376    1.55166124    0.81423319    1.22465018    1.18587591    0.97039457    1.48684500    1.44065986    1.65400680    1.43628840    1.44999142    1.04103160    1.19869988    0.90434864    1.10997183    1.28801572    1.50807214
Q6N4D7_RHOPA/38-140     1.32567471    1.35121025    1.54576184    1.04449351    1.05623149    0.86853711    0.55363213    0.00000000    1.25252686    1.61076466    1.55518992    1.85011353    1.48173990    1.68644361    1.05263428    1.35146021    1.30995343    1.45830936    1.83382138    1.31734920    1.72362664    1.23667947    1.41175486    1.21939994    1.33624518    1.66517266    1.07052620    1.32758532    1.46490845    1.17420481    1.56412579    1.43212842    1.67282313    1.46143259    1.39171575    1.23488483    1.33726619    1.20549513    1.28384051    1.54410725    1.44869196
B4R929_PHEZH/35-132     1.37220999    1.22124255    1.50316752    1.36200359    1.32559727    1.27215727    1.05568763    1.25252686    0.00000000    1.36083881    1.85341816    1.58722254    1.60855197    1.74268104    1.66427390    2.07582448    1.59420518    1.49781583    1.66153826    1.43141013    1.75959214    1.25404953    1.40113378    1.29419431    1.25789743    1.82609883    1.24854619    1.54906348    1.64855692    1.33359566    1.47165079    1.38406067    1.54074136    1.40218336    1.60615431    1.40093945    1.46059480    1.22467007    1.37788800    1.71702746    1.64735522
A9UYZ7_MONBE/41-147     1.50018763    1.54971779    1.51997399    1.74004968    1.43670155    1.49761745    1.40257010    1.61076466    1.36083881    0.00000000    1.06074359    1.74994856    1.81802952    2.01790863    1.68094911    1.76050560    1.75725768    1.60559378    1.64578366    1.42702245    1.91779247    1.40117254    1.36774094    1.37967893    1.43588792    1.74930087    1.30122527    1.22508396    1.29630168    1.14969439    1.58356170    1.60169078    1.66683022    1.62008115    1.39067657    1.12256514    1.21462021    1.28692565    1.68890593    1.70254618    1.46249705
F2U098_SALR5/132-239     1.67745461    1.92602323    1.67111829    1.57161276    1.61998449    1.75266026    1.34878658    1.55518992    1.85341816    1.06074359    0.00000000    1.76419798    1.59092480    1.92768182    1.78358950    1.85998424    1.47532331    1.69690262    1.94436565    1.38605100    1.75410819    1.67999403    1.42698816    1.44736309    1.38112276    2.28998441    1.36928237    1.41128220    1.58506962    1.30111436    1.87221240    1.92194688    1.89953731    1.53579486    1.74053753    1.44130509    1.52265079    1.53676780    1.79798102    1.86744875    1.73928855
H8L6F2_FRAAD/50-154     1.98354612    1.77288948    1.79989936    1.80725161    1.86111310    1.47932929    1.70770333    1.85011353    1.58722254    1.74994856    1.76419798    0.00000000    0.87161543    1.01538740    1.71318971    1.96727784    1.52618057    1.32495220    1.80853013    1.41905010    1.55441520    1.42737478    1.54743533    1.35166065    1.55947625    2.10682143    1.14897590    1.49227055    1.68992630    1.19867177    1.55216692    1.47130278    1.57998409    1.71486140    1.52494977    1.61907549    1.63568604    1.72406317    1.46318233    1.95506198    2.01799236
E6WQH5_PSEUU/48-157     1.67942848    1.59807843    1.86703049    1.75220119    2.08459722    1.55461506    1.04782782    1.48173990    1.60855197    1.81802952    1.59092480    0.87161543    0.00000000    0.59897928    1.73331411    1.65434196    1.42165100    1.59919929    1.67947059    1.51804629    1.81606085    1.17336921    1.49185389    1.23172733    1.19781415    1.94701133    1.36075193    1.40143339    1.33753229    1.07697086    1.59582672    1.63149858    1.58282616    1.28293685    1.53825435    1.41505668    1.25116749    1.25575083    1.13964263    1.68792489    1.91013358
Q880Q8_PSESM/49-153     1.61994817    1.73703661    1.86116123    1.85680346    1.83309929    1.63035002    1.43550770    1.68644361    1.74268104    2.01790863    1.92768182    1.01538740    0.59897928    0.00000000    1.75522392    1.46635947    1.41671353    1.55137273    1.63186434    1.53087475    1.60252935    1.24909388    1.36100757    1.16710894    1.20774437    1.80661735    1.43084332    1.54217424    1.50529048    1.16981882    1.60003419    1.56968184    1.63690237    1.29252139    1.33217337    1.51837017    1.45435171    1.32147373    1.26141982    1.48988301    2.06871561
W0RFN8_9BACT/33-132     1.59140154    1.52407696    1.38115676    1.20509743    1.09136205    1.30226207    1.25904609    1.05263428    1.66427390    1.68094911    1.78358950    1.71318971    1.73331411    1.75522392    0.00000000    1.21578060    1.18818950    1.47593084    1.59831510    1.62011236    1.52472207    1.23624087    1.65751012    1.28939561    1.37902679    1.36503489    1.29117665    1.36728290    1.36363287    1.19512571    1.39345889    1.18073323    1.31735366    1.48347724    1.39097362    1.33788431    1.53315627    1.41619392    1.36468975    1.71981276    1.43691821
C6W0F1_DYAFD/23-125     1.63428834    1.66364232    1.41452819    1.59416936    1.66931335    1.40697955    1.44831691    1.35146021    2.07582448    1.76050560    1.85998424    1.96727784    1.65434196    1.46635947    1.21578060    0.00000000    1.43474620    1.50144895    1.72788378    1.79821222    1.77674236    1.54381232    1.47453816    1.19601977    1.34727415    1.59076204    1.18435094    1.28091050    1.41867495    1.31838312    1.64425211    1.68603507    1.81192552    1.41397713    1.30451104    1.21277376    1.52917153    1.61721244    1.33213396    1.59824561    1.68313339
U5QIZ8_9CYAN/47-148     1.53211582    1.46024357    1.65619036    1.25553045    1.36698603    1.19124255    1.12977017    1.30995343    1.59420518    1.75725768    1.47532331    1.52618057    1.42165100    1.41671353    1.18818950    1.43474620    0.00000000    1.10855544    1.31884866    1.05143428    1.40287700    1.22882681    1.15034124    1.04392610    1.04337623    1.34302226    0.81011835    0.97759925    1.06835363    0.85459106    1.26908719    1.30028814    1.55949208    1.18477510    1.06313906    1.08507436    1.09257707    1.35887673    1.20763906    1.51953926    1.51302340
A7HW50_PARL1/35-137     1.43858991    1.43250329    1.40053861    1.35674475    1.30628199    1.22329145    1.34705388    1.45830936    1.49781583    1.60559378    1.69690262    1.32495220    1.59919929    1.55137273    1.47593084    1.50144895    1.10855544    0.00000000    1.17932828    1.05233023    1.18047738    1.24705209    1.67438230    1.31434225    1.37891290    1.55495025    0.84637396    1.24929071    1.38886376    1.21917707    1.39417967    1.39532451    1.51544104    1.35831939    1.30185709    1.20872039    1.38785807    1.50786093    1.23080291    1.51298960    1.32714918
B0UQP3_METS4/28-126     1.97784063    2.02068705    1.79726479    1.90090168    1.76078042    1.56485086    1.50648772    1.83382138    1.66153826    1.64578366    1.94436565    1.80853013    1.67947059    1.63186434    1.59831510    1.72788378    1.31884866    1.17932828    0.00000000    1.37818767    1.14458275    1.40304242    1.48229045    1.57378956    1.59690814    2.05680629    1.34147987    1.38658057    1.38535947    1.39875305    1.71201902    1.79060855    1.79305000    1.45901539    1.59532743    1.51370803    1.81244831    1.52143277    1.55824383    1.87893406    1.98267359
A7IEF7_XANP2/46-149     1.29439522    1.60664395    1.49555901    1.11527538    1.16239322    1.36807823    1.16855638    1.31734920    1.43141013    1.42702245    1.38605100    1.41905010    1.51804629    1.53087475    1.62011236    1.79821222    1.05143428    1.05233023    1.37818767    0.00000000    0.93202952    1.39525690    1.47258901    1.46641941    1.38299554    1.49798957    1.13110507    1.21310916    1.42181946    1.22730329    1.39966503    1.65945622    1.91575986    1.57104762    1.50381577    1.22353992    1.30205651    1.28074313    1.27815419    1.72605761    1.50020324
A8IN06_AZOC5/67-169     2.08215391    2.00005401    1.78989737    1.80073722    1.63067829    1.51826537    1.56916823    1.72362664    1.75959214    1.91779247    1.75410819    1.55441520    1.81606085    1.60252935    1.52472207    1.77674236    1.40287700    1.18047738    1.14458275    0.93202952    0.00000000    1.39458685    1.55746631    1.46093794    1.47495540    2.06079663    1.14925995    1.29590638    1.60989082    1.38509268    1.62357160    1.71346398    1.86103050    1.61876489    1.68275679    1.31664161    1.69336824    1.86041268    1.57084972    1.85916106    2.06579890
Q6D1D3_PECAS/55-154     1.24384561    1.31428495    1.39143612    1.23315382    1.36869829    1.14424843    1.17621341    1.23667947    1.25404953    1.40117254    1.67999403    1.42737478    1.17336921    1.24909388    1.23624087    1.54381232    1.22882681    1.24705209    1.40304242    1.39525690    1.39458685    0.00000000    0.82683631    0.74769576    0.77358075    1.08710716    0.91778876    0.96337089    0.96456754    0.84954947    1.05096317    0.98988110    1.03008790    0.94325112    1.10515758    1.17302765    1.07102523    1.15585134    1.14236300    1.22167147    1.29264866
A9FVN9_SORC5/51-152     1.58524832    1.50578364    1.29981038    1.18110008    1.49215552    1.22685557    1.29740619    1.41175486    1.40113378    1.36774094    1.42698816    1.54743533    1.49185389    1.36100757    1.65751012    1.47453816    1.15034124    1.67438230    1.48229045    1.47258901    1.55746631    0.82683631    0.00000000    0.69115357    0.54958673    1.51014416    1.08516414    1.05592608    1.12730005    1.03316530    1.34302960    1.37130404    1.35280094    1.24423868    1.00727724    0.93739979    1.17129248    1.18479352    1.25909684    1.54388882    1.69208505
H8MLC7_CORCM/44-145     1.34614813    1.52095347    1.26318942    1.19251742    1.26731259    1.17961842    1.19803008    1.21939994    1.29419431    1.37967893    1.44736309    1.35166065    1.23172733    1.16710894    1.28939561    1.19601977    1.04392610    1.31434225    1.57378956    1.46641941    1.46093794    0.74769576    0.69115357    0.00000000    0.32176609    1.34657720    0.81160754    0.96994227    1.07599654    0.88819453    1.18409530    1.11479497    1.22857661    1.02319018    0.78862263    0.84653010    1.07442158    1.29800820    1.11596412    1.49901904    1.50695479
Q09DH5_STIAD/47-147     1.34347209    1.53579141    1.24417690    1.26935508    1.31466490    1.19336461    1.25531376    1.33624518    1.25789743    1.43588792    1.38112276    1.55947625    1.19781415    1.20774437    1.37902679    1.34727415    1.04337623    1.37891290    1.59690814    1.38299554    1.47495540    0.77358075    0.54958673    0.32176609    0.00000000    1.28521842    0.92134163    0.93445667    1.04208011    0.86148220    1.23360358    1.20391838    1.30728869    1.08474143    0.90323074    0.77320886    1.06400504    1.16742196    1.21032514    1.43525402    1.38185402
B3U4Q1_9BACT/4-103     1.61349264    1.83240025    1.80436075    1.59320491    1.45738394    1.61504011    1.55166124    1.66517266    1.82609883    1.74930087    2.28998441    2.10682143    1.94701133    1.80661735    1.36503489    1.59076204    1.34302226    1.55495025    2.05680629    1.49798957    2.06079663    1.08710716    1.51014416    1.34657720    1.28521842    0.00000000    0.98537524    1.23678601    1.08914636    1.04512523    1.20845176    1.40753405    1.46222812    1.47797430    1.49470500    1.38495935    1.51109013    1.47618926    1.23518804    1.79756112    1.76309078
K9XCK3_9CHRO/48-147     1.39743102    1.49832554    1.40429720    1.21238161    1.32810804    1.04353970    0.81423319    1.07052620    1.24854619    1.30122527    1.36928237    1.14897590    1.36075193    1.43084332    1.29117665    1.18435094    0.81011835    0.84637396    1.34147987    1.13110507    1.14925995    0.91778876    1.08516414    0.81160754    0.92134163    0.98537524    0.00000000    0.69240893    0.72268410    0.53982849    1.01521213    1.15835673    1.23222588    1.04297883    0.85642298    0.95997746    0.95843523    1.32682503    1.06957344    1.08590575    1.25924595
K9V4C4_9CYAN/44-145     1.57741810    1.63046593    1.74853600    1.65732301    1.69630551    1.18696168    1.22465018    1.32758532    1.54906348    1.22508396    1.41128220    1.49227055    1.40143339    1.54217424    1.36728290    1.28091050    0.97759925    1.24929071    1.38658057    1.21310916    1.29590638    0.96337089    1.05592608    0.96994227    0.93445667    1.23678601    0.69240893    0.00000000    0.69644581    0.75334989    1.49399554    1.56465965    1.77089020    1.15946215    1.18275297    1.11799223    1.16937803    1.47392242    1.38144753    1.42447964    1.28000413
K9T659_9CYAN/46-147     1.64705539    1.72422501    1.81802718    1.44993143    1.50343193    1.36668362    1.18587591    1.46490845    1.64855692    1.29630168    1.58506962    1.68992630    1.33753229    1.50529048    1.36363287    1.41867495    1.06835363    1.38886376    1.38535947    1.42181946    1.60989082    0.96456754    1.12730005    1.07599654    1.04208011    1.08914636    0.72268410    0.69644581    0.00000000    0.69075993    1.09738356    1.22902235    1.28488236    1.17113358    1.26089649    1.10761129    1.13626845    1.28100954    1.11931191    1.46921414    1.25779757
K9TWL6_CHRTP/50-152     1.60046729    1.38407532    1.62508388    1.24557914    1.26785814    1.04409023    0.97039457    1.17420481    1.33359566    1.14969439    1.30111436    1.19867177    1.07697086    1.16981882    1.19512571    1.31838312    0.85459106    1.21917707    1.39875305    1.22730329    1.38509268    0.84954947    1.03316530    0.88819453    0.86148220    1.04512523    0.53982849    0.75334989    0.69075993    0.00000000    0.95486721    1.04622289    1.11489273    0.92272331    0.91075838    0.87083482    1.02031832    1.20395205    0.89543660    1.23630443    1.19883631
K4RCY3_STRDJ/51-155     1.39798577    1.49891956    1.03556975    1.22755265    1.40410191    1.48016390    1.48684500    1.56412579    1.47165079    1.58356170    1.87221240    1.55216692    1.59582672    1.60003419    1.39345889    1.64425211    1.26908719    1.39417967    1.71201902    1.39966503    1.62357160    1.05096317    1.34302960    1.18409530    1.23360358    1.20845176    1.01521213    1.49399554    1.09738356    0.95486721    0.00000000    0.34980491    0.46747628    0.90483157    0.71722287    0.93889665    0.88495121    1.29125839    0.86553216    1.73965634    1.47005086
D7BQQ0_STRBB/51-155     1.59022810    1.36073999    1.06830926    1.31940357    1.57804281    1.40821510    1.44065986    1.43212842    1.38406067    1.60169078    1.92194688    1.47130278    1.63149858    1.56968184    1.18073323    1.68603507    1.30028814    1.39532451    1.79060855    1.65945622    1.71346398    0.98988110    1.37130404    1.11479497    1.20391838    1.40753405    1.15835673    1.56465965    1.22902235    1.04622289    0.34980491    0.00000000    0.30008137    0.98518511    0.73976386    1.02612891    0.97049641    1.18410056    1.08315373    1.88985319    1.61527793
B5HG84_STRE2/64-168     1.57049220    1.53143601    1.12334130    1.42638140    1.50899292    1.69136986    1.65400680    1.67282313    1.54074136    1.66683022    1.89953731    1.57998409    1.58282616    1.63690237    1.31735366    1.81192552    1.55949208    1.51544104    1.79305000    1.91575986    1.86103050    1.03008790    1.35280094    1.22857661    1.30728869    1.46222812    1.23222588    1.77089020    1.28488236    1.11489273    0.46747628    0.30008137    0.00000000    1.01107790    0.77743614    1.07101170    0.91899867    1.36027295    1.17833569    1.92329458    1.69528283
R4SKQ3_9PSEU/54-156     1.43673693    1.43963480    1.34382399    1.40521918    1.36098898    1.73799610    1.43628840    1.46143259    1.40218336    1.62008115    1.53579486    1.71486140    1.28293685    1.29252139    1.48347724    1.41397713    1.18477510    1.35831939    1.45901539    1.57104762    1.61876489    0.94325112    1.24423868    1.02319018    1.08474143    1.47797430    1.04297883    1.15946215    1.17113358    0.92272331    0.90483157    0.98518511    1.01107790    0.00000000    0.62836519    0.89130336    0.85739720    1.19570019    0.96070979    1.35134270    1.35620798
F5XID2_MICPN/78-180     1.59053715    1.55723344    1.04258197    1.22786166    1.27890342    1.21617158    1.44999142    1.39171575    1.60615431    1.39067657    1.74053753    1.52494977    1.53825435    1.33217337    1.39097362    1.30451104    1.06313906    1.30185709    1.59532743    1.50381577    1.68275679    1.10515758    1.00727724    0.78862263    0.90323074    1.49470500    0.85642298    1.18275297    1.26089649    0.91075838    0.71722287    0.73976386    0.77743614    0.62836519    0.00000000    0.85734070    0.81203335    1.07627379    1.03424152    1.64484253    1.39861494
Q7NHM3_GLOVI/63-164     1.27066662    1.38055192    1.09309136    1.39218472    1.32546216    1.30623485    1.04103160    1.23488483    1.40093945    1.12256514    1.44130509    1.61907549    1.41505668    1.51837017    1.33788431    1.21277376    1.08507436    1.20872039    1.51370803    1.22353992    1.31664161    1.17302765    0.93739979    0.84653010    0.77320886    1.38495935    0.95997746    1.11799223    1.10761129    0.87083482    0.93889665    1.02612891    1.07101170    0.89130336    0.85734070    0.00000000    0.59200664    0.91885267    0.86937937    1.47429775    1.21623127
K9UFS4_CHAP6/64-165     1.34912853    1.38145741    1.15253987    1.55992852    1.39496331    1.43734794    1.19869988    1.33726619    1.46059480    1.21462021    1.52265079    1.63568604    1.25116749    1.45435171    1.53315627    1.52917153    1.09257707    1.38785807    1.81244831    1.30205651    1.69336824    1.07102523    1.17129248    1.07442158    1.06400504    1.51109013    0.95843523    1.16937803    1.13626845    1.02031832    0.88495121    0.97049641    0.91899867    0.85739720    0.81203335    0.59200664    0.00000000    0.79722977    0.85996532    1.63939452    1.42060118
B2IEW2_BEII9/21-121     1.27340659    1.44106600    1.49845502    1.25320812    1.44143008    1.25502587    0.90434864    1.20549513    1.22467007    1.28692565    1.53676780    1.72406317    1.25575083    1.32147373    1.41619392    1.61721244    1.35887673    1.50786093    1.52143277    1.28074313    1.86041268    1.15585134    1.18479352    1.29800820    1.16742196    1.47618926    1.32682503    1.47392242    1.28100954    1.20395205    1.29125839    1.18410056    1.36027295    1.19570019    1.07627379    0.91885267    0.79722977    0.00000000    0.88857081    1.43643232    1.53252738
E8UXC6_TERSS/45-147     1.59586235    1.75211553    1.44078147    1.29637420    1.46347124    1.26369033    1.10997183    1.28384051    1.37788800    1.68890593    1.79798102    1.46318233    1.13964263    1.26141982    1.36468975    1.33213396    1.20763906    1.23080291    1.55824383    1.27815419    1.57084972    1.14236300    1.25909684    1.11596412    1.21032514    1.23518804    1.06957344    1.38144753    1.11931191    0.89543660    0.86553216    1.08315373    1.17833569    0.96070979    1.03424152    0.86937937    0.85996532    0.88857081    0.00000000    1.59033715    1.57886707
C6C232_DESAD/29-130     1.63005154    1.74757855    1.74441579    1.86156837    1.62596695    1.52505385    1.28801572    1.54410725    1.71702746    1.70254618    1.86744875    1.95506198    1.68792489    1.48988301    1.71981276    1.59824561    1.51953926    1.51298960    1.87893406    1.72605761    1.85916106    1.22167147    1.54388882    1.49901904    1.43525402    1.79756112    1.08590575    1.42447964    1.46921414    1.23630443    1.73965634    1.88985319    1.92329458    1.35134270    1.64484253    1.47429775    1.63939452    1.43643232    1.59033715    0.00000000    1.41013860
E1RET5_METP4/62-163     1.47675479    1.26909779    1.43961653    1.60527554    1.43805381    1.47618758    1.50807214    1.44869196    1.64735522    1.46249705    1.73928855    2.01799236    1.91013358    2.06871561    1.43691821    1.68313339    1.51302340    1.32714918    1.98267359    1.50020324    2.06579890    1.29264866    1.69208505    1.50695479    1.38185402    1.76309078    1.25924595    1.28000413    1.25779757    1.19883631    1.47005086    1.61527793    1.69528283    1.35620798    1.39861494    1.21623127    1.42060118    1.53252738    1.57886707    1.41013860    0.00000000

