19
B6AJQ6_CRYMR/130-218     0.00000000    2.36720595    2.54560869    1.47018793    1.23629375    2.65724033    2.70407737    1.57509103    1.68887972    2.18832183    2.34770426    2.41681466    1.40182083    1.54754897    1.32248409    1.12810129    1.12747598    2.41974810    2.22656949
B6KJB9_TOXGV/69-163     2.36720595    0.00000000    0.73464605    2.42515843    2.35454899    4.01631146    4.07927325    2.05232003    2.36300575    2.73692210    4.35606740    3.33613417    2.18877848    2.43217035    2.64804145    2.56402340    2.47305295    2.58422597    3.47070491
C6KT52_PLAF7/97-187     2.54560869    0.73464605    0.00000000    2.46720047    2.71682830    3.76147222    3.87078000    2.30475009    2.46310854    3.34241760    4.51000672    3.64119790    2.38860537    2.69261559    2.47863065    2.57127032    2.41787405    2.49951355    3.16920059
A7AT29_BABBO/83-176     1.47018793    2.42515843    2.46720047    0.00000000    0.28915800    1.61557486    1.64299591    1.06639518    1.22865549    2.24103761    2.42868284    1.88347174    1.17966531    1.16420310    1.04937962    1.02457278    0.98231261    1.58358733    2.26608747
Q4N296_THEPA/69-162     1.23629375    2.35454899    2.71682830    0.28915800    0.00000000    1.77955109    1.81533143    1.04176592    1.21795157    1.97614694    2.15607773    1.76205673    1.23123656    1.12927572    1.08954461    0.89344768    0.91369951    1.55937594    2.20403110
Q7RG47_PLAYO/77-172     2.65724033    4.01631146    3.76147222    1.61557486    1.77955109    0.00000000    0.33090339    1.27277297    1.20878538    2.41832916    2.97704943    2.48380088    2.55322762    2.45833681    1.89026063    2.07605694    2.23295115    3.28241879    3.03893906
Q8IB69_PLAF7/77-170     2.70407737    4.07927325    3.87078000    1.64299591    1.81533143    0.33090339    0.00000000    1.36791710    1.24078221    2.97411171    3.92835527    3.15823392    2.68839897    2.78382628    2.11104423    2.24902963    2.36803294    3.66532020    3.60653849
Q8I3K7_PLAF7/89-180     1.57509103    2.05232003    2.30475009    1.06639518    1.04176592    1.27277297    1.36791710    0.00000000    0.38930168    2.24817987    2.70162700    2.08771484    1.33657287    1.55139283    1.11646689    1.28416105    1.33261381    1.76987019    2.02614418
Q7RIH3_PLAYO/89-180     1.68887972    2.36300575    2.46310854    1.22865549    1.21795157    1.20878538    1.24078221    0.38930168    0.00000000    2.07651988    2.53453258    2.08261467    1.53879731    1.77984217    1.21504263    1.57835506    1.69243734    2.23186527    2.45979904
Q8IHU6_PLAF7/64-155     2.18832183    2.73692210    3.34241760    2.24103761    1.97614694    2.41832916    2.97411171    2.24817987    2.07651988    0.00000000    0.60309201    0.60530489    1.30624035    1.65500598    1.75766780    1.73135276    1.77263510    2.35139568    2.29388079
A5K577_PLAVS/74-167     2.34770426    4.35606740    4.51000672    2.42868284    2.15607773    2.97704943    3.92835527    2.70162700    2.53453258    0.60309201    0.00000000    0.46009297    1.63657923    1.71842295    1.74614866    1.87041252    1.82966528    3.10181903    2.72360568
Q7RIT1_PLAYO/84-178     2.41681466    3.33613417    3.64119790    1.88347174    1.76205673    2.48380088    3.15823392    2.08771484    2.08261467    0.60530489    0.46009297    0.00000000    1.22571888    1.67510125    1.73527428    1.88349190    1.79615291    3.03026533    2.76706329
O97228_PLAF7/96-189     1.40182083    2.18877848    2.38860537    1.17966531    1.23123656    2.55322762    2.68839897    1.33657287    1.53879731    1.30624035    1.63657923    1.22571888    0.00000000    0.67843927    0.76126179    0.71935644    0.85361193    1.26033463    1.25569656
B9PM57_TOXGV/396-489     1.54754897    2.43217035    2.69261559    1.16420310    1.12927572    2.45833681    2.78382628    1.55139283    1.77984217    1.65500598    1.71842295    1.67510125    0.67843927    0.00000000    0.68538169    0.72121945    0.80271242    1.23622349    1.60287401
A5KDN9_PLAVS/59-152     1.32248409    2.64804145    2.47863065    1.04937962    1.08954461    1.89026063    2.11104423    1.11646689    1.21504263    1.75766780    1.74614866    1.73527428    0.76126179    0.68538169    0.00000000    0.36818643    0.41509837    1.16857327    1.38974591
Q4UAD6_THEAN/75-168     1.12810129    2.56402340    2.57127032    1.02457278    0.89344768    2.07605694    2.24902963    1.28416105    1.57835506    1.73135276    1.87041252    1.88349190    0.71935644    0.72121945    0.36818643    0.00000000    0.19343208    1.16075145    1.31002291
A7ATU7_BABBO/75-168     1.12747598    2.47305295    2.41787405    0.98231261    0.91369951    2.23295115    2.36803294    1.33261381    1.69243734    1.77263510    1.82966528    1.79615291    0.85361193    0.80271242    0.41509837    0.19343208    0.00000000    1.30108828    1.47955247
A7AWR8_BABBO/282-375     2.41974810    2.58422597    2.49951355    1.58358733    1.55937594    3.28241879    3.66532020    1.76987019    2.23186527    2.35139568    3.10181903    3.03026533    1.26033463    1.23622349    1.16857327    1.16075145    1.30108828    0.00000000    0.54577112
A0A5K1K988_PLAF7/619-712     2.22656949    3.47070491    3.16920059    2.26608747    2.20403110    3.03893906    3.60653849    2.02614418    2.45979904    2.29388079    2.72360568    2.76706329    1.25569656    1.60287401    1.38974591    1.31002291    1.47955247    0.54577112    0.00000000

