29
E2A7Q5_CAMFO/28-286     0.00000000    0.39482076    0.44695358    0.89864517    1.29319750    1.57155467    1.68083841    1.65882422    1.63867365    1.64880403    1.60610098    1.43349629    1.62362269    1.50416439    1.57826458    1.53465054    1.48023994    0.81020168    1.00909190    0.56236830    0.51587280    0.55947544    0.76221942    0.68361991    0.44757592    0.35637306    0.38010492    0.40284375    0.35966042
E9GZ79_DAPPU/34-290     0.39482076    0.00000000    0.47958307    1.03225347    1.35697625    1.45714951    1.76822058    1.65174475    1.65258032    1.72475939    1.49528199    1.46287113    1.48070698    1.38903836    1.41314299    1.41399730    1.47332560    0.75537201    0.93825412    0.55993438    0.51866350    0.51678310    0.73001937    0.66419696    0.47521968    0.38570710    0.37364363    0.43687931    0.39195135
ATAD3_XENTR/27-282     0.44695358    0.47958307    0.00000000    0.54222105    1.17679439    1.45581278    1.71431672    1.57311091    1.50661927    1.47499704    1.49090551    1.41625046    1.55692381    1.51511436    1.53277326    1.43806993    1.38249124    0.69976589    0.91735166    0.43515250    0.43275258    0.51686567    0.66873220    0.67146191    0.54064725    0.46890299    0.51707743    0.55079907    0.49794784
H3BIR3_LATCH/31-281     0.89864517    1.03225347    0.54222105    0.00000000    1.57345238    1.99887772    2.14369054    1.95930262    1.90815345    1.97449711    2.09421474    1.92422176    2.11632070    2.15232433    2.10723587    1.98538658    1.91501704    1.07220724    1.35513329    0.89724338    0.86916617    1.05151487    1.08968418    1.11531163    1.07636497    0.92029246    0.94151178    1.05569285    0.97235752
Q4MYY8_THEPA/17-281     1.29319750    1.35697625    1.17679439    1.57345238    0.00000000    1.54003862    1.56439992    1.51181886    1.44902690    1.45488181    1.38499807    1.37199306    1.57879305    1.52292828    1.45171933    1.42675936    1.32855708    1.17217716    1.22186943    1.18167931    1.13309657    1.28530750    1.34594551    1.31987324    1.31908992    1.26628944    1.35775277    1.41435413    1.24823871
A4S216_OSTLU/17-286     1.57155467    1.45714951    1.45581278    1.99887772    1.54003862    0.00000000    1.16154755    0.87400077    0.92063052    0.91682948    0.80608181    0.83463057    0.96694226    0.96744485    0.96958036    0.82669569    0.77577758    1.54947280    1.47681180    1.42084992    1.44778380    1.52452181    1.51791638    1.53102637    1.53998037    1.47736220    1.53939104    1.58582968    1.51575471
Q6YV37_ORYSJ/47-317     1.68083841    1.76822058    1.71431672    2.14369054    1.56439992    1.16154755    0.00000000    0.52213137    0.54188139    0.55693611    0.83309276    0.77837098    0.90806138    0.90964845    0.84877488    0.81569287    0.74155152    1.68167498    1.68842418    1.56811605    1.72109475    1.73900737    1.79902713    1.68104798    1.88971694    1.67507269    1.66622649    1.70403104    1.72861697
F6GWV7_VITVI/45-315     1.65882422    1.65174475    1.57311091    1.95930262    1.51181886    0.87400077    0.52213137    0.00000000    0.20438982    0.22780240    0.42006942    0.46737702    0.67113872    0.64519366    0.62818126    0.40613634    0.42504491    1.53161586    1.50397970    1.46225067    1.63304510    1.67778966    1.61037204    1.61294051    1.70872463    1.66748870    1.76474050    1.75104021    1.64446055
D7LBB0_ARALL/48-316     1.63867365    1.65258032    1.50661927    1.90815345    1.44902690    0.92063052    0.54188139    0.20438982    0.00000000    0.24454796    0.44582830    0.47272683    0.74033370    0.66787330    0.66169914    0.45345880    0.47715380    1.43881268    1.50592887    1.47914657    1.57351367    1.65000682    1.60603912    1.55876550    1.70717192    1.66531610    1.64939590    1.71117139    1.61335290
I1LHT2_SOYBN/49-318     1.64880403    1.72475939    1.47499704    1.97449711    1.45488181    0.91682948    0.55693611    0.22780240    0.24454796    0.00000000    0.49546516    0.51361835    0.78402230    0.71820831    0.70310387    0.50689869    0.47018527    1.55191278    1.58188883    1.52401148    1.52274356    1.65006809    1.61569061    1.65821956    1.67785034    1.64414508    1.70722740    1.69559945    1.68705058
I1LP75_SOYBN/37-307     1.60610098    1.49528199    1.49090551    2.09421474    1.38499807    0.80608181    0.83309276    0.42006942    0.44582830    0.49546516    0.00000000    0.23010405    0.46460748    0.45295017    0.46993690    0.29982344    0.30742906    1.48576742    1.57040118    1.45468715    1.54359720    1.57054579    1.52227273    1.48906429    1.62528593    1.54966826    1.60561749    1.58839432    1.59133918
D7M895_ARALL/63-333     1.43349629    1.46287113    1.41625046    1.92422176    1.37199306    0.83463057    0.77837098    0.46737702    0.47272683    0.51361835    0.23010405    0.00000000    0.47612647    0.46787594    0.47913769    0.36281015    0.35158091    1.43744988    1.49960736    1.36385315    1.44910955    1.54397940    1.54712218    1.46746231    1.54534360    1.45837865    1.48610479    1.43026998    1.46354485
Q6Z8F7_ORYSJ/59-329     1.62362269    1.48070698    1.55692381    2.11632070    1.57879305    0.96694226    0.90806138    0.67113872    0.74033370    0.78402230    0.46460748    0.47612647    0.00000000    0.39874606    0.45448668    0.49673865    0.55067731    1.60023727    1.54293888    1.48035246    1.56337087    1.46897049    1.60628173    1.49239694    1.53906156    1.56688445    1.50905740    1.59148927    1.52847033
C5Y0F6_SORBI/67-337     1.50416439    1.38903836    1.51511436    2.15232433    1.52292828    0.96744485    0.90964845    0.64519366    0.66787330    0.71820831    0.45295017    0.46787594    0.39874606    0.00000000    0.22639235    0.56259784    0.53301223    1.65046676    1.62497165    1.58386131    1.57822438    1.50754421    1.59610364    1.52481658    1.53658958    1.47080343    1.50677072    1.54241815    1.49153523
K3YQQ4_SETIT/70-340     1.57826458    1.41314299    1.53277326    2.10723587    1.45171933    0.96958036    0.84877488    0.62818126    0.66169914    0.70310387    0.46993690    0.47913769    0.45448668    0.22639235    0.00000000    0.55578256    0.51566967    1.66016642    1.62544786    1.52447418    1.61779048    1.53806702    1.57911255    1.51463188    1.53191270    1.48251864    1.51947537    1.51526485    1.53991710
D8SG33_SELML/9-279     1.53465054    1.41399730    1.43806993    1.98538658    1.42675936    0.82669569    0.81569287    0.40613634    0.45345880    0.50689869    0.29982344    0.36281015    0.49673865    0.56259784    0.55578256    0.00000000    0.27581200    1.44564999    1.50507393    1.36241471    1.46980961    1.49664202    1.50577987    1.53619306    1.59739063    1.49008944    1.59030158    1.55594212    1.55091064
A9ST98_PHYPA/50-320     1.48023994    1.47332560    1.38249124    1.91501704    1.32855708    0.77577758    0.74155152    0.42504491    0.47715380    0.47018527    0.30742906    0.35158091    0.55067731    0.53301223    0.51566967    0.27581200    0.00000000    1.41372041    1.44920637    1.26882677    1.39147416    1.54432697    1.43837503    1.42176258    1.53315795    1.42757052    1.55396495    1.51184656    1.48450378
H3G8K2_PHYRM/23-281     0.81020168    0.75537201    0.69976589    1.07220724    1.17217716    1.54947280    1.68167498    1.53161586    1.43881268    1.55191278    1.48576742    1.43744988    1.60023727    1.65046676    1.66016642    1.44564999    1.41372041    0.00000000    0.63601140    0.78152791    0.71123584    0.76138233    0.93590329    0.92024153    0.89792747    0.78838685    0.80873650    0.91713411    0.83602470
D8LFV8_ECTSI/36-293     1.00909190    0.93825412    0.91735166    1.35513329    1.22186943    1.47681180    1.68842418    1.50397970    1.50592887    1.58188883    1.57040118    1.49960736    1.54293888    1.62497165    1.62544786    1.50507393    1.44920637    0.63601140    0.00000000    0.87856014    0.81340363    0.89741612    1.14793304    1.04879119    1.03195437    1.08967311    1.06559092    1.06627831    1.09384466
B3RZM6_TRIAD/29-282     0.56236830    0.55993438    0.43515250    0.89724338    1.18167931    1.42084992    1.56811605    1.46225067    1.47914657    1.52401148    1.45468715    1.36385315    1.48035246    1.58386131    1.52447418    1.36241471    1.26882677    0.78152791    0.87856014    0.00000000    0.41452813    0.60894045    0.76923669    0.75248816    0.60159317    0.59984571    0.56667270    0.61153754    0.60050352
A7S1M1_NEMVE/27-290     0.51587280    0.51866350    0.43275258    0.86916617    1.13309657    1.44778380    1.72109475    1.63304510    1.57351367    1.52274356    1.54359720    1.44910955    1.56337087    1.57822438    1.61779048    1.46980961    1.39147416    0.71123584    0.81340363    0.41452813    0.00000000    0.55115462    0.73886195    0.73059021    0.62029327    0.54495878    0.54974862    0.53936167    0.58859947
T1FMU0_HELRO/29-285     0.55947544    0.51678310    0.51686567    1.05151487    1.28530750    1.52452181    1.73900737    1.67778966    1.65000682    1.65006809    1.57054579    1.54397940    1.46897049    1.50754421    1.53806702    1.49664202    1.54432697    0.76138233    0.89741612    0.60894045    0.55115462    0.00000000    0.73811333    0.66680373    0.63720927    0.53232117    0.56517908    0.59821007    0.59508680
E5SAP2_TRISP/21-279     0.76221942    0.73001937    0.66873220    1.08968418    1.34594551    1.51791638    1.79902713    1.61037204    1.60603912    1.61569061    1.52227273    1.54712218    1.60628173    1.59610364    1.57911255    1.50577987    1.43837503    0.93590329    1.14793304    0.76923669    0.73886195    0.73811333    0.00000000    0.65304545    0.70344406    0.66809331    0.68524130    0.69551593    0.74124611
A8XU00_CAEBR/28-284     0.68361991    0.66419696    0.67146191    1.11531163    1.31987324    1.53102637    1.68104798    1.61294051    1.55876550    1.65821956    1.48906429    1.46746231    1.49239694    1.52481658    1.51463188    1.53619306    1.42176258    0.92024153    1.04879119    0.75248816    0.73059021    0.66680373    0.65304545    0.00000000    0.71865303    0.67983380    0.63164169    0.70043355    0.68260361
E0VGU4_PEDHC/27-282     0.44757592    0.47521968    0.54064725    1.07636497    1.31908992    1.53998037    1.88971694    1.70872463    1.70717192    1.67785034    1.62528593    1.54534360    1.53906156    1.53658958    1.53191270    1.59739063    1.53315795    0.89792747    1.03195437    0.60159317    0.62029327    0.63720927    0.70344406    0.71865303    0.00000000    0.42091079    0.43478169    0.47445825    0.44111387
H9ITG2_BOMMO/28-283     0.35637306    0.38570710    0.46890299    0.92029246    1.26628944    1.47736220    1.67507269    1.66748870    1.66531610    1.64414508    1.54966826    1.45837865    1.56688445    1.47080343    1.48251864    1.49008944    1.42757052    0.78838685    1.08967311    0.59984571    0.54495878    0.53232117    0.66809331    0.67983380    0.42091079    0.00000000    0.28308024    0.31623417    0.33250609
Q7PY83_ANOGA/33-291     0.38010492    0.37364363    0.51707743    0.94151178    1.35775277    1.53939104    1.66622649    1.76474050    1.64939590    1.70722740    1.60561749    1.48610479    1.50905740    1.50677072    1.51947537    1.59030158    1.55396495    0.80873650    1.06559092    0.56667270    0.54974862    0.56517908    0.68524130    0.63164169    0.43478169    0.28308024    0.00000000    0.20681228    0.33843816
B4NIM6_DROWI/34-291     0.40284375    0.43687931    0.55079907    1.05569285    1.41435413    1.58582968    1.70403104    1.75104021    1.71117139    1.69559945    1.58839432    1.43026998    1.59148927    1.54241815    1.51526485    1.55594212    1.51184656    0.91713411    1.06627831    0.61153754    0.53936167    0.59821007    0.69551593    0.70043355    0.47445825    0.31623417    0.20681228    0.00000000    0.43072493
T1HH37_RHOPR/37-295     0.35966042    0.39195135    0.49794784    0.97235752    1.24823871    1.51575471    1.72861697    1.64446055    1.61335290    1.68705058    1.59133918    1.46354485    1.52847033    1.49153523    1.53991710    1.55091064    1.48450378    0.83602470    1.09384466    0.60050352    0.58859947    0.59508680    0.74124611    0.68260361    0.44111387    0.33250609    0.33843816    0.43072493    0.00000000

