34
Q4D780_TRYCC/68-162     0.00000000    0.69444862    0.71339313    1.27213501    1.25476726    1.21364260    0.86551563    0.88480534    1.05054048    1.12235667    1.07753295    1.56606492    1.67168604    1.34308306    1.68092342    1.57501201    1.25158074    1.04431510    1.49160461    0.84647194    1.59231026    1.87235662    1.14867440    2.89636600    3.14626619    2.58689963    2.64839187    2.70121479    2.79066278    2.80854104    2.81700090    2.68045528    1.69376710    2.25200426
Q4DUE1_TRYCC/68-163     0.69444862    0.00000000    0.39472053    0.85635365    0.85634404    0.80855553    0.71757229    0.67209550    0.80504771    0.89894770    1.04457206    1.40257324    1.12758684    0.97707600    1.35894388    1.20222872    1.20391911    0.90707257    1.02208800    0.71269556    1.50158570    1.56974312    1.17233308    2.46672829    2.42783426    1.99984867    2.03327374    2.11307987    2.40181841    2.28034874    2.21197561    1.98649002    1.31719044    1.71938576
Q4DA17_TRYCC/67-162     0.71339313    0.39472053    0.00000000    0.88249872    0.72423109    0.71862177    0.76913633    0.73399431    1.01396611    1.06428306    1.05115796    1.17010338    1.31730026    1.00490947    1.35784279    1.22140068    0.99683680    0.92527947    1.14638022    0.68047905    1.22616160    1.82820037    1.14723831    2.65413057    2.44188418    2.09117569    2.10870572    1.97554848    2.40802201    2.19377093    2.27437111    2.10623802    1.47384787    1.82616092
Q4DU26_TRYCC/65-156     1.27213501    0.85635365    0.88249872    0.00000000    0.59407493    0.51946460    1.37501154    1.47580153    1.20266487    1.25905412    1.24537067    1.94832649    1.91738474    1.67545712    1.65247454    1.41831676    1.68715875    1.78078599    1.89288220    1.49374264    1.87547285    1.95530164    1.40212175    2.28131010    2.56099267    2.73290371    2.36527126    2.58770103    2.91052513    2.49823899    2.83607679    2.09146482    1.66882778    2.18546878
Q4E4W7_TRYCC/68-161     1.25476726    0.85634404    0.72423109    0.59407493    0.00000000    0.31941948    1.23278874    1.27582468    1.17340668    1.33829367    1.52393925    1.44755487    1.74930291    1.55339462    1.91701632    1.59464152    1.48407871    1.60843672    1.52683085    1.32175552    1.68689780    2.44783206    1.59401458    2.29115790    2.81745183    2.41177836    2.63436342    2.39193609    2.83944402    2.66230091    2.73442616    2.39870581    1.49230545    1.63020650
Q4DI91_TRYCC/67-160     1.21364260    0.80855553    0.71862177    0.51946460    0.31941948    0.00000000    1.24003239    1.26733124    1.18788515    1.31133522    1.36805062    1.52528267    1.60898828    1.52111845    1.84158107    1.44252203    1.46112467    1.49438796    1.12201817    1.26806576    1.36771401    1.96627268    1.59430107    2.04465029    3.00769208    2.28831704    2.31951965    2.38308858    2.57823907    2.53724296    2.47520240    2.25472621    1.48306081    1.59918647
Q4DM94_TRYCC/68-159     0.86551563    0.71757229    0.76913633    1.37501154    1.23278874    1.24003239    0.00000000    0.43858016    0.37803569    0.92453685    0.93063146    1.31364829    1.24706356    0.93267796    1.23562820    0.89969501    1.18719228    0.89707490    1.42548137    0.80811898    1.54813129    1.65533181    1.48228832    2.48811321    2.60819452    2.31222776    2.41157059    2.46479476    2.48143116    2.50527345    2.47230356    2.29291275    1.71487544    1.78250262
Q4E202_TRYCC/67-163     0.88480534    0.67209550    0.73399431    1.47580153    1.27582468    1.26733124    0.43858016    0.00000000    0.66693375    0.74016120    0.94821124    1.40779093    1.83095076    1.35581048    1.43475141    1.43144820    1.15097584    0.95363741    1.47188239    0.74582852    1.34762162    1.79984855    1.47877775    2.66382513    2.55348868    2.33431764    2.31050185    2.16970136    2.58911935    2.60309352    2.44778724    2.28747862    1.53279618    1.84434579
Q4E442_TRYCC/68-165     1.05054048    0.80504771    1.01396611    1.20266487    1.17340668    1.18788515    0.37803569    0.66693375    0.00000000    0.67396163    0.43449127    1.25703172    1.20445718    1.02684647    0.95654761    0.75972917    0.94017364    0.90022805    1.49379586    1.07302347    1.33279220    1.54986071    1.64274172    2.63324193    2.76575235    2.21604070    2.51278729    2.27127036    2.64024824    2.83492254    2.54800570    2.40415599    1.78428434    2.02521118
Q4CZ91_TRYCC/69-157     1.12235667    0.89894770    1.06428306    1.25905412    1.33829367    1.31133522    0.92453685    0.74016120    0.67396163    0.00000000    0.36343022    1.31081424    1.11981136    1.15652400    0.95584131    0.84164205    1.19398251    0.94722454    1.71238768    1.08354335    1.52274286    1.28890895    1.25987685    2.21235609    2.86540195    2.27475950    2.34753128    2.54932581    2.87528014    2.49129074    2.79342565    2.31956794    1.42922829    1.80000656
Q4DAF3_TRYCC/68-163     1.07753295    1.04457206    1.05115796    1.24537067    1.52393925    1.36805062    0.93063146    0.94821124    0.43449127    0.36343022    0.00000000    1.56491767    1.32739099    1.24257742    0.87602140    0.94354222    1.16311510    0.94010005    1.98937729    1.02731489    1.60355868    1.30304018    1.29305528    2.83286883    3.26178273    2.67469309    2.82707942    3.13353660    3.31376503    3.35421878    3.22267999    3.01967924    1.96838327    2.29065346
Q4DZ46_TRYCC/68-156     1.56606492    1.40257324    1.17010338    1.94832649    1.44755487    1.52528267    1.31364829    1.40779093    1.25703172    1.31081424    1.56491767    0.00000000    1.56572127    1.51887126    1.19980796    1.39924536    1.48074948    1.65540221    1.79708634    1.12724347    1.51873290    2.94196757    1.68192489    2.16189332    2.71294861    2.24427015    2.50242975    2.61625201    2.45282118    2.70023313    2.71341826    2.48232163    1.81555360    1.74844307
Q4D8Q1_TRYCC/65-154     1.67168604    1.12758684    1.31730026    1.91738474    1.74930291    1.60898828    1.24706356    1.83095076    1.20445718    1.11981136    1.32739099    1.56572127    0.00000000    0.26071123    1.00253542    0.99396878    1.63570502    1.35959675    1.35540995    1.37011300    1.71023834    1.31310465    1.59413529    2.55924789    2.42911360    2.02025265    2.10456024    1.99209007    1.95660100    2.13357665    2.39955398    1.90080182    1.83176007    1.90220580
Q4CR22_TRYCC/68-160     1.34308306    0.97707600    1.00490947    1.67545712    1.55339462    1.52111845    0.93267796    1.35581048    1.02684647    1.15652400    1.24257742    1.51887126    0.26071123    0.00000000    0.90824306    0.93679713    1.27306946    1.09562673    1.26765989    1.06747567    1.59879359    1.15848827    1.51927376    2.72990950    2.24403999    1.82130865    2.05816051    1.88099676    1.74181239    1.82182718    1.88315581    1.68727780    1.63373630    1.64671805
Q4D3A3_TRYCC/68-158     1.68092342    1.35894388    1.35784279    1.65247454    1.91701632    1.84158107    1.23562820    1.43475141    0.95654761    0.95584131    0.87602140    1.19980796    1.00253542    0.90824306    0.00000000    0.47163226    1.39526778    1.03948599    1.88619102    1.36100598    1.34722919    1.52240972    2.18441983    2.82082879    2.83059706    2.29216773    2.35001975    2.40435110    2.56693703    2.27398979    2.71217803    2.23576555    2.25463925    2.57029523
Q4D8X9_TRYCC/68-159     1.57501201    1.20222872    1.22140068    1.41831676    1.59464152    1.44252203    0.89969501    1.43144820    0.75972917    0.84164205    0.94354222    1.39924536    0.99396878    0.93679713    0.47163226    0.00000000    1.29822158    1.08359304    1.45061901    1.30322571    1.64602953    1.52418690    2.43678926    2.72067221    2.87063886    2.44380092    2.41209944    2.71722758    2.64004782    2.57264680    2.78060026    2.22956554    2.26846274    2.55748968
Q4D9A2_TRYCC/68-164     1.25158074    1.20391911    0.99683680    1.68715875    1.48407871    1.46112467    1.18719228    1.15097584    0.94017364    1.19398251    1.16311510    1.48074948    1.63570502    1.27306946    1.39526778    1.29822158    0.00000000    0.92100554    1.28494161    0.76709034    1.44103617    1.64341983    1.55269243    2.92747500    3.02808188    2.36039213    2.36750729    2.05288598    2.56269175    2.77770665    2.75993525    2.40929773    2.08730725    2.17867049
Q4CS03_TRYCC/67-169     1.04431510    0.90707257    0.92527947    1.78078599    1.60843672    1.49438796    0.89707490    0.95363741    0.90022805    0.94722454    0.94010005    1.65540221    1.35959675    1.09562673    1.03948599    1.08359304    0.92100554    0.00000000    1.04664531    0.77254810    1.76452683    1.62318189    1.74790333    2.82334321    3.09288043    2.82663151    3.10485937    3.12360096    3.03386626    2.99501123    2.90849204    3.11023694    2.05933874    2.16030285
Q4CP10_TRYCC/68-159     1.49160461    1.02208800    1.14638022    1.89288220    1.52683085    1.12201817    1.42548137    1.47188239    1.49379586    1.71238768    1.98937729    1.79708634    1.35540995    1.26765989    1.88619102    1.45061901    1.28494161    1.04664531    0.00000000    1.46170851    1.57779196    1.73346142    1.69277495    2.45707584    2.54385330    1.91019637    1.86811007    2.03172694    2.09434532    2.11700003    2.00534335    1.94007952    2.00382554    2.02636512
Q4DAB0_TRYCC/68-158     0.84647194    0.71269556    0.68047905    1.49374264    1.32175552    1.26806576    0.80811898    0.74582852    1.07302347    1.08354335    1.02731489    1.12724347    1.37011300    1.06747567    1.36100598    1.30322571    0.76709034    0.77254810    1.46170851    0.00000000    1.24621849    1.88027128    1.10329286    2.30434997    2.25362302    2.34585813    2.07255587    2.02739303    2.10600855    2.22494839    2.66621854    2.10678654    1.38368484    1.42282867
Q4E1H1_TRYCC/68-158     1.59231026    1.50158570    1.22616160    1.87547285    1.68689780    1.36771401    1.54813129    1.34762162    1.33279220    1.52274286    1.60355868    1.51873290    1.71023834    1.59879359    1.34722919    1.64602953    1.44103617    1.76452683    1.57779196    1.24621849    0.00000000    2.37448315    1.41765829    2.84200685    2.30442982    1.97403303    2.23821398    2.44426528    2.20072745    2.15200445    2.20973055    2.27271528    1.77081269    1.94447003
Q4DVB5_TRYCC/67-165     1.87235662    1.56974312    1.82820037    1.95530164    2.44783206    1.96627268    1.65533181    1.79984855    1.54986071    1.28890895    1.30304018    2.94196757    1.31310465    1.15848827    1.52240972    1.52418690    1.64341983    1.62318189    1.73346142    1.88027128    2.37448315    0.00000000    1.30229686    2.99119817    3.12070244    2.66459984    2.40355255    2.91943036    3.53580547    3.15873088    2.51806528    2.87518629    1.89961519    2.20459849
Q4DCP8_TRYCC/67-163     1.14867440    1.17233308    1.14723831    1.40212175    1.59401458    1.59430107    1.48228832    1.47877775    1.64274172    1.25987685    1.29305528    1.68192489    1.59413529    1.51927376    2.18441983    2.43678926    1.55269243    1.74790333    1.69277495    1.10329286    1.41765829    1.30229686    0.00000000    2.20394302    2.58822113    2.38780428    1.84815745    1.90295079    1.82462598    1.95625085    2.28678575    1.76332768    0.98527002    1.13369985
Q4E445_TRYCC/65-159     2.89636600    2.46672829    2.65413057    2.28131010    2.29115790    2.04465029    2.48811321    2.66382513    2.63324193    2.21235609    2.83286883    2.16189332    2.55924789    2.72990950    2.82082879    2.72067221    2.92747500    2.82334321    2.45707584    2.30434997    2.84200685    2.99119817    2.20394302    0.00000000    2.24881080    1.73579648    1.78021367    2.14634082    2.06023717    2.15547481    1.94037139    1.57900643    1.79348973    2.22824346
Q4DDU8_TRYCC/68-162     3.14626619    2.42783426    2.44188418    2.56099267    2.81745183    3.00769208    2.60819452    2.55348868    2.76575235    2.86540195    3.26178273    2.71294861    2.42911360    2.24403999    2.83059706    2.87063886    3.02808188    3.09288043    2.54385330    2.25362302    2.30442982    3.12070244    2.58822113    2.24881080    0.00000000    0.59040018    0.97604228    0.83790823    0.83270297    0.80755851    0.84233794    0.78337296    1.35696393    1.14123737
Q4DVY2_TRYCC/68-162     2.58689963    1.99984867    2.09117569    2.73290371    2.41177836    2.28831704    2.31222776    2.33431764    2.21604070    2.27475950    2.67469309    2.24427015    2.02025265    1.82130865    2.29216773    2.44380092    2.36039213    2.82663151    1.91019637    2.34585813    1.97403303    2.66459984    2.38780428    1.73579648    0.59040018    0.00000000    0.52886061    0.71240198    0.82145732    0.77151046    0.66979921    0.48730272    1.02200127    1.18562471
Q4DTB1_TRYCC/68-167     2.64839187    2.03327374    2.10870572    2.36527126    2.63436342    2.31951965    2.41157059    2.31050185    2.51278729    2.34753128    2.82707942    2.50242975    2.10456024    2.05816051    2.35001975    2.41209944    2.36750729    3.10485937    1.86811007    2.07255587    2.23821398    2.40355255    1.84815745    1.78021367    0.97604228    0.52886061    0.00000000    0.53473863    0.48923365    0.57704053    0.85535669    0.56143155    1.16138505    1.45645211
Q4D9F1_TRYCC/65-163     2.70121479    2.11307987    1.97554848    2.58770103    2.39193609    2.38308858    2.46479476    2.16970136    2.27127036    2.54932581    3.13353660    2.61625201    1.99209007    1.88099676    2.40435110    2.71722758    2.05288598    3.12360096    2.03172694    2.02739303    2.44426528    2.91943036    1.90295079    2.14634082    0.83790823    0.71240198    0.53473863    0.00000000    0.66340352    0.53285687    1.00662806    0.55180524    1.22444077    1.44258047
Q4DYV4_TRYCC/68-166     2.79066278    2.40181841    2.40802201    2.91052513    2.83944402    2.57823907    2.48143116    2.58911935    2.64024824    2.87528014    3.31376503    2.45282118    1.95660100    1.74181239    2.56693703    2.64004782    2.56269175    3.03386626    2.09434532    2.10600855    2.20072745    3.53580547    1.82462598    2.06023717    0.83270297    0.82145732    0.48923365    0.66340352    0.00000000    0.29767533    0.58139814    0.60418869    1.28223327    1.23297358
Q4E229_TRYCC/68-166     2.80854104    2.28034874    2.19377093    2.49823899    2.66230091    2.53724296    2.50527345    2.60309352    2.83492254    2.49129074    3.35421878    2.70023313    2.13357665    1.82182718    2.27398979    2.57264680    2.77770665    2.99501123    2.11700003    2.22494839    2.15200445    3.15873088    1.95625085    2.15547481    0.80755851    0.77151046    0.57704053    0.53285687    0.29767533    0.00000000    0.41354705    0.49138673    1.33584374    1.34723460
Q4DUY6_TRYCC/68-165     2.81700090    2.21197561    2.27437111    2.83607679    2.73442616    2.47520240    2.47230356    2.44778724    2.54800570    2.79342565    3.22267999    2.71341826    2.39955398    1.88315581    2.71217803    2.78060026    2.75993525    2.90849204    2.00534335    2.66621854    2.20973055    2.51806528    2.28678575    1.94037139    0.84233794    0.66979921    0.85535669    1.00662806    0.58139814    0.41354705    0.00000000    0.71074152    1.31811529    1.16768941
Q4D2L2_TRYCC/68-164     2.68045528    1.98649002    2.10623802    2.09146482    2.39870581    2.25472621    2.29291275    2.28747862    2.40415599    2.31956794    3.01967924    2.48232163    1.90080182    1.68727780    2.23576555    2.22956554    2.40929773    3.11023694    1.94007952    2.10678654    2.27271528    2.87518629    1.76332768    1.57900643    0.78337296    0.48730272    0.56143155    0.55180524    0.60418869    0.49138673    0.71074152    0.00000000    1.06150660    1.11706312
Q4DN87_TRYCC/68-162     1.69376710    1.31719044    1.47384787    1.66882778    1.49230545    1.48306081    1.71487544    1.53279618    1.78428434    1.42922829    1.96838327    1.81555360    1.83176007    1.63373630    2.25463925    2.26846274    2.08730725    2.05933874    2.00382554    1.38368484    1.77081269    1.89961519    0.98527002    1.79348973    1.35696393    1.02200127    1.16138505    1.22444077    1.28223327    1.33584374    1.31811529    1.06150660    0.00000000    0.33889783
Q4D036_TRYCC/68-163     2.25200426    1.71938576    1.82616092    2.18546878    1.63020650    1.59918647    1.78250262    1.84434579    2.02521118    1.80000656    2.29065346    1.74844307    1.90220580    1.64671805    2.57029523    2.55748968    2.17867049    2.16030285    2.02636512    1.42282867    1.94447003    2.20459849    1.13369985    2.22824346    1.14123737    1.18562471    1.45645211    1.44258047    1.23297358    1.34723460    1.16768941    1.11706312    0.33889783    0.00000000

