44
Q709H2_9VIRU/4-149     0.00000000    2.83548079    3.17059180    2.84037483    3.42964056    3.87771893    3.28326264    3.32612690    3.12003335    3.46693375    3.18451727    3.28288237    2.60274429    3.14770909    2.53689104    4.45026647    3.67922542    3.81320201    3.19280784    4.77751767    3.66962049    3.67148526    3.58104059    3.46578698    3.48660240    3.24751262    3.55996533    3.43848226    3.23987255    3.90265326    3.36398530    3.28987289    3.62765679    4.05221750    4.10133371    3.89564719    3.62015179    3.58977748    3.91562216    3.92491353    3.93860065    3.98775290    4.10636394    3.36644819
Q4PMP2_IXOSC/3-110     2.83548079    0.00000000    1.44569469    1.19105332    1.50832760    1.48569925    1.46583367    1.58517013    1.58003220    1.60053278    1.80526632    1.65395760    1.94113448    1.91180243    2.11797297    1.47485195    1.96866343    1.90804267    2.22580690    2.71403243    2.06331248    1.98994936    2.09680015    2.36195143    2.38299265    2.30547656    2.02085664    2.02639029    2.00932412    2.57633487    2.03131149    2.21034054    2.39094778    2.29579609    2.14393388    2.32256208    2.55518664    2.30589133    2.52962682    2.33665159    2.45676425    2.02499059    2.41177607    2.11158784
Q6B896_9ACAR/3-112     3.17059180    1.44569469    0.00000000    1.33230154    1.48443355    1.50436065    1.35847251    1.56396201    1.38284882    1.57121020    1.72820084    1.64795320    1.82523017    2.31951032    2.51282240    2.23623855    2.04575751    2.39505829    2.47318280    3.83117941    2.70114730    2.53841747    2.83852433    2.61186061    2.72764163    2.69939317    2.63065247    2.68855026    2.51692325    2.72735981    2.58485790    2.25238945    2.66266483    2.63630347    2.79489424    3.17567728    2.90658693    2.68896218    2.70497039    3.09706028    3.14921477    2.82235834    2.50121259    2.25336197
Q95WZ6_IXOSC/3-109     2.84037483    1.19105332    1.33230154    0.00000000    0.72012886    0.78051055    0.87420433    1.05438921    0.85441951    0.57609518    0.83474437    0.91267012    1.61931513    2.12675363    1.90683494    2.08063167    1.79226255    2.00882635    2.27891104    2.90025008    2.29139808    2.26609562    2.09329655    2.27118397    2.43630109    2.43033464    2.27037945    2.31734774    2.08796608    2.31247265    2.21109315    2.12545978    2.27063536    2.68169679    2.72135361    2.34491628    2.45044644    2.50735585    2.64437963    2.57822362    2.60907922    2.08913793    2.60380668    1.92248186
Q4PMR2_IXOSC/3-109     3.42964056    1.50832760    1.48443355    0.72012886    0.00000000    0.28778655    0.52867215    0.75192097    0.55705732    0.63645587    0.88211346    0.98906339    1.79833353    2.15334698    2.15710360    2.03132880    1.70709344    1.79676547    1.89188572    2.93234603    2.15927438    2.17990003    2.38933810    2.19587166    1.99979036    2.10999425    2.37010160    2.25139642    2.14483412    2.41825693    2.37369008    2.28238458    2.48024095    2.48587377    2.71583971    2.59573379    2.46086927    2.31633049    2.65074280    2.59967396    2.69843879    2.29192945    2.51654571    1.99535183
Q8MVC1_IXOSC/3-109     3.87771893    1.48569925    1.50436065    0.78051055    0.28778655    0.00000000    0.64705291    0.76671352    0.55283912    0.68169332    1.07452414    1.01494497    2.00357057    2.40612932    2.58804139    2.13907795    1.87177156    1.84980353    1.98958453    2.88677204    2.29856178    2.23914337    2.41144580    2.49404391    2.25059983    2.55274210    2.27107539    2.27725548    2.18277485    2.49249941    2.31560691    2.35323250    2.61062007    2.70942981    3.06175090    2.66750247    2.67200053    2.40706211    3.06994795    2.58599661    2.72681860    2.25723559    2.49673173    1.92315465
Q4PMR1_IXOSC/3-109     3.28326264    1.46583367    1.35847251    0.87420433    0.52867215    0.64705291    0.00000000    0.85605268    0.57804879    0.84326890    1.00117871    1.03793170    1.85367789    2.11842554    2.18623412    2.18642723    2.05287592    2.05589744    1.73656206    3.31193952    2.47696169    2.50854646    2.52574809    2.35778675    2.49408684    2.74852218    2.63648483    2.39426884    2.32874550    2.39834844    2.23953370    2.22960885    2.48524172    2.62895725    3.11195462    2.44029925    2.81779187    2.36989445    2.85478262    2.53813997    2.48232908    2.14260341    2.46637526    2.04605392
Q4PMT6_IXOSC/3-109     3.32612690    1.58517013    1.56396201    1.05438921    0.75192097    0.76671352    0.85605268    0.00000000    0.70235003    1.08916299    1.06658903    1.02718857    1.98269370    2.30408718    2.23582001    2.21655250    2.09455111    2.02953601    1.94742481    3.25024406    2.07775518    2.10678178    2.13359499    2.21873824    2.08354078    2.15394281    2.30298114    2.26481277    2.25923161    2.74564662    2.63766675    2.62603104    2.44806330    2.43171108    2.59744503    2.38559321    2.51255016    2.25592247    2.69052215    2.48436350    2.63292053    2.21023197    2.45510771    2.16391699
Q6B874_9ACAR/3-109     3.12003335    1.58003220    1.38284882    0.85441951    0.55705732    0.55283912    0.57804879    0.70235003    0.00000000    0.89041682    0.94961353    0.95673871    1.79578222    2.10746932    2.40638872    2.41032564    1.73941363    1.91264936    1.80663580    3.01128018    2.52726063    2.51956274    2.59305404    2.44239658    2.44228014    2.51509304    2.34551114    2.35752024    2.33551790    2.60589576    2.77176120    2.55973031    2.94125981    2.87976970    3.25810576    2.64860979    2.60671092    2.64160315    2.77047896    2.81129154    2.61398436    2.45648020    2.46825891    1.92414726
Q4PMN3_IXOSC/3-109     3.46693375    1.60053278    1.57121020    0.57609518    0.63645587    0.68169332    0.84326890    1.08916299    0.89041682    0.00000000    0.56650272    0.77030047    1.69739548    2.09461000    2.07396597    2.20354975    1.68004070    1.66875149    2.23325375    3.31626093    2.42324861    2.45995635    2.36672569    2.46431712    2.62743594    2.63624539    2.44438227    2.36259773    2.43972421    2.67964033    2.46464318    2.23478605    2.81506489    3.07442447    3.23907823    2.38515299    2.86759404    2.62278342    3.09121987    2.93778190    3.07305420    2.63912215    2.50042146    2.17740803
Q4PMK5_IXOSC/3-109     3.18451727    1.80526632    1.72820084    0.83474437    0.88211346    1.07452414    1.00117871    1.06658903    0.94961353    0.56650272    0.00000000    0.42083234    1.72350363    2.00219339    2.38521288    2.28394454    1.84997135    1.91648430    2.06485690    3.35002861    2.21378692    2.29708304    2.21339091    2.20749109    2.30717255    2.27167956    2.36607486    2.27639560    2.17603853    2.74980297    2.63186300    2.17928508    2.56116876    2.88571876    3.13117911    2.49212464    2.76048006    2.71463111    3.14589988    2.77232396    3.01524229    2.71273268    2.56198684    2.14269599
Q8MVC0_IXOSC/3-109     3.28288237    1.65395760    1.64795320    0.91267012    0.98906339    1.01494497    1.03793170    1.02718857    0.95673871    0.77030047    0.42083234    0.00000000    1.76329156    2.19619550    2.24090285    1.94667742    1.79106785    1.85378100    2.20339117    3.52675102    2.59032803    2.45601727    2.31619808    2.48582427    2.50622907    2.69659991    2.38431042    2.49167369    2.37209808    2.58574900    2.57267039    2.32910103    2.61134296    3.01919284    3.22764151    2.58416703    2.90306491    2.58967142    2.96804355    2.93465676    2.88435353    2.77030316    2.52995503    2.13059621
Q4PNB0_IXOSC/3-99     2.60274429    1.94113448    1.82523017    1.61931513    1.79833353    2.00357057    1.85367789    1.98269370    1.79578222    1.69739548    1.72350363    1.76329156    0.00000000    0.73017041    0.98397705    1.74458416    2.26862755    2.25126264    2.02496511    3.07621985    2.17258486    2.12949859    2.34359900    2.03151267    2.51372899    2.30346617    2.23930775    2.15448299    2.14760169    1.93684610    2.04241556    1.96351921    2.15177606    2.41936630    2.32584298    2.33524132    2.17200990    1.81838205    2.39851382    2.12206642    2.13621391    1.94378720    2.71867991    1.80006577
Q4PN25_IXOSC/7-113     3.14770909    1.91180243    2.31951032    2.12675363    2.15334698    2.40612932    2.11842554    2.30408718    2.10746932    2.09461000    2.00219339    2.19619550    0.73017041    0.00000000    1.13659786    2.20737420    2.19896228    2.03450635    2.16054390    2.93119332    2.45518677    2.38179030    2.58770018    2.33282515    2.62723890    2.65628583    2.26696365    2.30689929    2.27904802    2.32903002    2.06489993    2.03031279    2.53051031    2.34540045    2.39704941    2.48633536    2.51627258    2.11274350    2.44474860    2.30594692    2.55705870    2.08118665    3.06893504    2.41331068
Q5Q990_IXOSC/7-110     2.53689104    2.11797297    2.51282240    1.90683494    2.15710360    2.58804139    2.18623412    2.23582001    2.40638872    2.07396597    2.38521288    2.24090285    0.98397705    1.13659786    0.00000000    2.39669627    2.12981998    2.22701127    2.37086076    3.27143560    2.29039238    2.54891283    2.46429771    2.21947233    2.53455156    2.41336991    2.64307269    2.43600816    2.56661321    2.44829520    2.26513414    2.20333299    2.24137351    2.50425029    2.37240553    2.70632292    2.46645902    2.37424018    2.45493938    2.55090102    2.41392600    2.14174421    3.26589584    2.14124515
Q5Q999_IXOSC/3-117     4.45026647    1.47485195    2.23623855    2.08063167    2.03132880    2.13907795    2.18642723    2.21655250    2.41032564    2.20354975    2.28394454    1.94667742    1.74458416    2.20737420    2.39669627    0.00000000    2.59439139    2.05733163    2.23624717    4.08718233    2.54861073    2.52421779    2.68767424    2.93833040    2.76792556    2.95627844    2.49007491    2.30975766    2.55872630    2.92671084    2.83602873    2.47826477    2.87525573    2.47049675    2.75599605    2.99901810    2.80403715    2.70412251    2.71274804    2.61844491    2.49301419    2.46569480    2.87875970    2.23227553
Q4PMW5_IXOSC/2-109     3.67922542    1.96866343    2.04575751    1.79226255    1.70709344    1.87177156    2.05287592    2.09455111    1.73941363    1.68004070    1.84997135    1.79106785    2.26862755    2.19896228    2.12981998    2.59439139    0.00000000    0.58540981    2.23799065    3.17033765    2.71260190    2.48192946    2.41876902    2.81782129    2.63411278    2.45099052    2.54496060    2.35066850    2.41002154    2.51834728    3.13890222    2.96079131    2.56966035    3.10958111    2.97586848    2.57052451    2.72827117    3.24876116    3.15137039    3.04279571    2.98544464    2.64597927    2.63933947    2.24155337
Q4PNB3_IXOSC/3-110     3.81320201    1.90804267    2.39505829    2.00882635    1.79676547    1.84980353    2.05589744    2.02953601    1.91264936    1.66875149    1.91648430    1.85378100    2.25126264    2.03450635    2.22701127    2.05733163    0.58540981    0.00000000    2.21244005    3.22600717    2.42145098    2.49407456    2.14488905    2.70556944    2.36146442    2.51201237    2.44850161    2.31842482    2.34061590    2.60630649    2.89398532    2.80813786    2.51469076    2.67983639    2.62918316    2.64123960    2.35733235    2.93790074    3.04912431    2.57114223    2.83474345    2.45446982    2.39010174    2.01795069
Q6B8H3_9ACAR/3-114     3.19280784    2.22580690    2.47318280    2.27891104    1.89188572    1.98958453    1.73656206    1.94742481    1.80663580    2.23325375    2.06485690    2.20339117    2.02496511    2.16054390    2.37086076    2.23624717    2.23799065    2.21244005    0.00000000    3.13093990    1.91935047    1.97916180    1.99160768    1.90039122    2.05346854    2.08787272    1.87955947    1.73622075    1.95974560    2.52532239    2.35197798    2.27552161    2.20902150    2.77698417    3.04993567    3.03881106    2.62313087    2.32383599    2.77719186    2.68377576    2.76517303    2.31513918    2.83191089    1.92183059
Q4PMT0_IXOSC/1-116     4.77751767    2.71403243    3.83117941    2.90025008    2.93234603    2.88677204    3.31193952    3.25024406    3.01128018    3.31626093    3.35002861    3.52675102    3.07621985    2.93119332    3.27143560    4.08718233    3.17033765    3.22600717    3.13093990    0.00000000    1.15487127    1.31966036    1.26434387    1.29303343    1.38081358    1.37704685    1.36458378    1.13789576    1.22386402    2.89278531    2.17054826    2.27947564    2.60152461    2.86625461    2.64046202    2.65114596    2.57346025    2.68820191    2.84588337    2.77794474    2.56645866    2.34829963    3.32967713    3.38226551
Q06AJ6_IXORI/1-131     3.66962049    2.06331248    2.70114730    2.29139808    2.15927438    2.29856178    2.47696169    2.07775518    2.52726063    2.42324861    2.21378692    2.59032803    2.17258486    2.45518677    2.29039238    2.54861073    2.71260190    2.42145098    1.91935047    1.15487127    0.00000000    0.39472115    0.44403021    0.84613814    0.76564081    0.62780204    0.81753088    0.76543668    0.75294607    2.14908395    1.76151709    1.85763510    2.03240063    2.03704905    2.20378931    2.33759973    2.02814699    2.11890322    2.25795002    2.19570574    2.29129999    1.93261691    2.46329249    2.25008923
Q06AJ5_IXORI/1-136     3.67148526    1.98994936    2.53841747    2.26609562    2.17990003    2.23914337    2.50854646    2.10678178    2.51956274    2.45995635    2.29708304    2.45601727    2.12949859    2.38179030    2.54891283    2.52421779    2.48192946    2.49407456    1.97916180    1.31966036    0.39472115    0.00000000    0.43611771    0.95717234    0.90234395    0.75990236    0.81743573    0.84370149    0.80589443    2.43107930    1.94503751    2.00176781    2.31012469    2.08389870    2.35020372    2.14379206    2.10358412    2.15654014    2.43452557    2.15098345    2.54863809    2.06306601    2.56941301    2.45363094
Q4PN80_IXOSC/1-118     3.58104059    2.09680015    2.83852433    2.09329655    2.38933810    2.41144580    2.52574809    2.13359499    2.59305404    2.36672569    2.21339091    2.31619808    2.34359900    2.58770018    2.46429771    2.68767424    2.41876902    2.14488905    1.99160768    1.26434387    0.44403021    0.43611771    0.00000000    0.96079821    0.75131410    0.71358374    0.86715616    0.71264845    0.75320336    2.15847495    1.73397873    1.70314099    1.78407695    1.91134255    2.22281873    1.92604382    1.78296572    2.01995985    2.10641148    2.12458594    2.09319063    1.82346256    2.79357072    2.49700859
A8CZZ1_IXORI/7-136     3.46578698    2.36195143    2.61186061    2.27118397    2.19587166    2.49404391    2.35778675    2.21873824    2.44239658    2.46431712    2.20749109    2.48582427    2.03151267    2.33282515    2.21947233    2.93833040    2.81782129    2.70556944    1.90039122    1.29303343    0.84613814    0.95717234    0.96079821    0.00000000    0.56325080    0.56849911    1.02343579    1.09211142    1.01960301    2.14475488    1.89137642    1.98478282    2.36934387    2.03145539    2.16681138    2.36088791    2.11071984    2.15490725    2.38907223    2.11554200    2.38636981    2.03537979    2.77364728    1.99269109
A7VMZ8_IXORI/1-119     3.48660240    2.38299265    2.72764163    2.43630109    1.99979036    2.25059983    2.49408684    2.08354078    2.44228014    2.62743594    2.30717255    2.50622907    2.51372899    2.62723890    2.53455156    2.76792556    2.63411278    2.36146442    2.05346854    1.38081358    0.76564081    0.90234395    0.75131410    0.56325080    0.00000000    0.31883539    0.98060828    0.88210123    0.91987180    2.27352154    2.04410402    2.12334640    2.06076393    2.38131245    2.03918125    2.25260155    2.04380654    2.18766418    2.51504587    2.10358015    2.58296446    1.95083585    2.65340904    2.66118961
A8CZZ8_IXORI/7-124     3.24751262    2.30547656    2.69939317    2.43033464    2.10999425    2.55274210    2.74852218    2.15394281    2.51509304    2.63624539    2.27167956    2.69659991    2.30346617    2.65628583    2.41336991    2.95627844    2.45099052    2.51201237    2.08787272    1.37704685    0.62780204    0.75990236    0.71358374    0.56849911    0.31883539    0.00000000    0.96547789    0.86732560    1.03328460    2.11070493    1.96508786    2.08871297    1.96748780    2.19463379    1.97234905    2.10914993    1.84973394    2.14101611    2.60324724    2.11631133    2.37047380    2.00881922    2.75283072    2.64202154
A8CZZ0_IXORI/7-134     3.55996533    2.02085664    2.63065247    2.27037945    2.37010160    2.27107539    2.63648483    2.30298114    2.34551114    2.44438227    2.36607486    2.38431042    2.23930775    2.26696365    2.64307269    2.49007491    2.54496060    2.44850161    1.87955947    1.36458378    0.81753088    0.81743573    0.86715616    1.02343579    0.98060828    0.96547789    0.00000000    0.44819041    0.59798482    2.31217540    1.91085798    1.87285552    1.99874799    2.30883781    2.01371410    1.95256486    1.96191155    1.98758452    2.24156889    2.04084803    2.18687920    1.82183462    2.66699230    2.42897393
Q95WZ4_IXOSC/7-135     3.43848226    2.02639029    2.68855026    2.31734774    2.25139642    2.27725548    2.39426884    2.26481277    2.35752024    2.36259773    2.27639560    2.49167369    2.15448299    2.30689929    2.43600816    2.30975766    2.35066850    2.31842482    1.73622075    1.13789576    0.76543668    0.84370149    0.71264845    1.09211142    0.88210123    0.86732560    0.44819041    0.00000000    0.62126233    1.96983138    1.80074874    1.69053023    1.71283433    2.12553344    1.90242902    2.12745757    1.90948547    1.88160679    2.06863823    2.10383361    2.06725911    1.74940457    2.38391683    2.38120303
Q4PMM7_IXOSC/1-126     3.23987255    2.00932412    2.51692325    2.08796608    2.14483412    2.18277485    2.32874550    2.25923161    2.33551790    2.43972421    2.17603853    2.37209808    2.14760169    2.27904802    2.56661321    2.55872630    2.41002154    2.34061590    1.95974560    1.22386402    0.75294607    0.80589443    0.75320336    1.01960301    0.91987180    1.03328460    0.59798482    0.62126233    0.00000000    2.15519874    1.96071301    1.85334167    1.95028145    2.01184256    2.18357052    2.26272131    2.13472817    1.92776498    2.20118719    1.80748579    2.16351352    1.81352961    2.56028477    2.17755113
Q4PN23_IXOSC/4-150     3.90265326    2.57633487    2.72735981    2.31247265    2.41825693    2.49249941    2.39834844    2.74564662    2.60589576    2.67964033    2.74980297    2.58574900    1.93684610    2.32903002    2.44829520    2.92671084    2.51834728    2.60630649    2.52532239    2.89278531    2.14908395    2.43107930    2.15847495    2.14475488    2.27352154    2.11070493    2.31217540    1.96983138    2.15519874    0.00000000    0.96339196    1.06373500    1.77332029    1.96483299    1.46118225    2.10399382    1.82822774    2.01214798    1.75360755    1.52035122    1.75588985    1.50221112    3.45886497    2.44965425
Q6B8H1_9ACAR/4-122     3.36398530    2.03131149    2.58485790    2.21109315    2.37369008    2.31560691    2.23953370    2.63766675    2.77176120    2.46464318    2.63186300    2.57267039    2.04241556    2.06489993    2.26513414    2.83602873    3.13890222    2.89398532    2.35197798    2.17054826    1.76151709    1.94503751    1.73397873    1.89137642    2.04410402    1.96508786    1.91085798    1.80074874    1.96071301    0.96339196    0.00000000    0.61308581    1.68367728    1.69864049    1.48558394    1.80973302    1.89452571    1.60865771    1.59327501    1.56153895    1.62127138    1.39583438    2.78881757    2.30714839
Q4PN87_IXOSC/4-152     3.28987289    2.21034054    2.25238945    2.12545978    2.28238458    2.35323250    2.22960885    2.62603104    2.55973031    2.23478605    2.17928508    2.32910103    1.96351921    2.03031279    2.20333299    2.47826477    2.96079131    2.80813786    2.27552161    2.27947564    1.85763510    2.00176781    1.70314099    1.98478282    2.12334640    2.08871297    1.87285552    1.69053023    1.85334167    1.06373500    0.61308581    0.00000000    1.92411081    1.79073805    1.58335373    1.84460753    1.85763462    1.82982606    1.56288636    1.69235777    1.80299342    1.56761829    3.19774292    2.26162104
Q5Q993_IXOSC/4-174     3.62765679    2.39094778    2.66266483    2.27063536    2.48024095    2.61062007    2.48524172    2.44806330    2.94125981    2.81506489    2.56116876    2.61134296    2.15177606    2.53051031    2.24137351    2.87525573    2.56966035    2.51469076    2.20902150    2.60152461    2.03240063    2.31012469    1.78407695    2.36934387    2.06076393    1.96748780    1.99874799    1.71283433    1.95028145    1.77332029    1.68367728    1.92411081    0.00000000    1.87035564    1.65504908    1.80002107    1.46489077    1.61503550    1.94294213    1.63589401    1.53150544    1.52676695    3.39444920    2.21513171
Q4PMF1_IXOSC/4-167     4.05221750    2.29579609    2.63630347    2.68169679    2.48587377    2.70942981    2.62895725    2.43171108    2.87976970    3.07442447    2.88571876    3.01919284    2.41936630    2.34540045    2.50425029    2.47049675    3.10958111    2.67983639    2.77698417    2.86625461    2.03704905    2.08389870    1.91134255    2.03145539    2.38131245    2.19463379    2.30883781    2.12553344    2.01184256    1.96483299    1.69864049    1.79073805    1.87035564    0.00000000    0.93129592    1.23253988    1.05024324    1.39025450    1.27781967    1.46514983    1.27047537    1.32117766    2.95562841    2.46894244
Q9GR10_IXOSC/4-152     4.10133371    2.14393388    2.79489424    2.72135361    2.71583971    3.06175090    3.11195462    2.59744503    3.25810576    3.23907823    3.13117911    3.22764151    2.32584298    2.39704941    2.37240553    2.75599605    2.97586848    2.62918316    3.04993567    2.64046202    2.20378931    2.35020372    2.22281873    2.16681138    2.03918125    1.97234905    2.01371410    1.90242902    2.18357052    1.46118225    1.48558394    1.58335373    1.65504908    0.93129592    0.00000000    1.25884780    1.00324589    1.32820334    1.14978339    1.25305156    1.40745901    1.41035027    3.72808589    2.24435627
Q5Q997_IXOSC/4-131     3.89564719    2.32256208    3.17567728    2.34491628    2.59573379    2.66750247    2.44029925    2.38559321    2.64860979    2.38515299    2.49212464    2.58416703    2.33524132    2.48633536    2.70632292    2.99901810    2.57052451    2.64123960    3.03881106    2.65114596    2.33759973    2.14379206    1.92604382    2.36088791    2.25260155    2.10914993    1.95256486    2.12745757    2.26272131    2.10399382    1.80973302    1.84460753    1.80002107    1.23253988    1.25884780    0.00000000    1.16138864    1.19922302    1.50558574    1.38168140    1.33374577    1.27596144    3.68104731    2.88775959
Q6B877_9ACAR/4-154     3.62015179    2.55518664    2.90658693    2.45044644    2.46086927    2.67200053    2.81779187    2.51255016    2.60671092    2.86759404    2.76048006    2.90306491    2.17200990    2.51627258    2.46645902    2.80403715    2.72827117    2.35733235    2.62313087    2.57346025    2.02814699    2.10358412    1.78296572    2.11071984    2.04380654    1.84973394    1.96191155    1.90948547    2.13472817    1.82822774    1.89452571    1.85763462    1.46489077    1.05024324    1.00324589    1.16138864    0.00000000    0.94648469    1.02663465    1.24916507    1.24010626    1.23568810    3.33862066    2.52702749
Q4PMS0_IXOSC/6-165     3.58977748    2.30589133    2.68896218    2.50735585    2.31633049    2.40706211    2.36989445    2.25592247    2.64160315    2.62278342    2.71463111    2.58967142    1.81838205    2.11274350    2.37424018    2.70412251    3.24876116    2.93790074    2.32383599    2.68820191    2.11890322    2.15654014    2.01995985    2.15490725    2.18766418    2.14101611    1.98758452    1.88160679    1.92776498    2.01214798    1.60865771    1.82982606    1.61503550    1.39025450    1.32820334    1.19922302    0.94648469    0.00000000    1.50052319    1.28393751    1.32590706    1.23128898    2.89694601    2.55449923
Q4PMY2_IXOSC/4-137     3.91562216    2.52962682    2.70497039    2.64437963    2.65074280    3.06994795    2.85478262    2.69052215    2.77047896    3.09121987    3.14589988    2.96804355    2.39851382    2.44474860    2.45493938    2.71274804    3.15137039    3.04912431    2.77719186    2.84588337    2.25795002    2.43452557    2.10641148    2.38907223    2.51504587    2.60324724    2.24156889    2.06863823    2.20118719    1.75360755    1.59327501    1.56288636    1.94294213    1.27781967    1.14978339    1.50558574    1.02663465    1.50052319    0.00000000    1.29570601    1.41788035    1.26899441    3.74888860    2.14930074
Q4PMK4_IXOSC/4-165     3.92491353    2.33665159    3.09706028    2.57822362    2.59967396    2.58599661    2.53813997    2.48436350    2.81129154    2.93778190    2.77232396    2.93465676    2.12206642    2.30594692    2.55090102    2.61844491    3.04279571    2.57114223    2.68377576    2.77794474    2.19570574    2.15098345    2.12458594    2.11554200    2.10358015    2.11631133    2.04084803    2.10383361    1.80748579    1.52035122    1.56153895    1.69235777    1.63589401    1.46514983    1.25305156    1.38168140    1.24916507    1.28393751    1.29570601    0.00000000    1.16202743    1.15853655    3.63275507    2.35291097
Q4PN16_IXOSC/4-174     3.93860065    2.45676425    3.14921477    2.60907922    2.69843879    2.72681860    2.48232908    2.63292053    2.61398436    3.07305420    3.01524229    2.88435353    2.13621391    2.55705870    2.41392600    2.49301419    2.98544464    2.83474345    2.76517303    2.56645866    2.29129999    2.54863809    2.09319063    2.38636981    2.58296446    2.37047380    2.18687920    2.06725911    2.16351352    1.75588985    1.62127138    1.80299342    1.53150544    1.27047537    1.40745901    1.33374577    1.24010626    1.32590706    1.41788035    1.16202743    0.00000000    0.38952054    3.11259424    2.33602268
Q4PN15_IXOSC/4-163     3.98775290    2.02499059    2.82235834    2.08913793    2.29192945    2.25723559    2.14260341    2.21023197    2.45648020    2.63912215    2.71273268    2.77030316    1.94378720    2.08118665    2.14174421    2.46569480    2.64597927    2.45446982    2.31513918    2.34829963    1.93261691    2.06306601    1.82346256    2.03537979    1.95083585    2.00881922    1.82183462    1.74940457    1.81352961    1.50221112    1.39583438    1.56761829    1.52676695    1.32117766    1.41035027    1.27596144    1.23568810    1.23128898    1.26899441    1.15853655    0.38952054    0.00000000    2.65046966    2.40328831
Q09JQ1_ARGMO/7-122     4.10636394    2.41177607    2.50121259    2.60380668    2.51654571    2.49673173    2.46637526    2.45510771    2.46825891    2.50042146    2.56198684    2.52995503    2.71867991    3.06893504    3.26589584    2.87875970    2.63933947    2.39010174    2.83191089    3.32967713    2.46329249    2.56941301    2.79357072    2.77364728    2.65340904    2.75283072    2.66699230    2.38391683    2.56028477    3.45886497    2.78881757    3.19774292    3.39444920    2.95562841    3.72808589    3.68104731    3.33862066    2.89694601    3.74888860    3.63275507    3.11259424    2.65046966    0.00000000    2.53326559
Q4PMJ0_IXOSC/4-110     3.36644819    2.11158784    2.25336197    1.92248186    1.99535183    1.92315465    2.04605392    2.16391699    1.92414726    2.17740803    2.14269599    2.13059621    1.80006577    2.41331068    2.14124515    2.23227553    2.24155337    2.01795069    1.92183059    3.38226551    2.25008923    2.45363094    2.49700859    1.99269109    2.66118961    2.64202154    2.42897393    2.38120303    2.17755113    2.44965425    2.30714839    2.26162104    2.21513171    2.46894244    2.24435627    2.88775959    2.52702749    2.55449923    2.14930074    2.35291097    2.33602268    2.40328831    2.53326559    0.00000000

