13
E7EQS8_HUMAN/1311-1926     0.00000000    0.64753045    1.73199690    1.10720944    0.92560226    2.44542466    2.77728975    2.85961938    2.97119096    2.98409343    2.96463929    2.68934673    3.93121155
TET2_MOUSE/1203-1819     0.64753045    0.00000000    1.72445868    1.17131923    0.97569370    2.69295012    2.57881403    2.72531637    2.89670811    2.87250055    2.90721520    2.72410822    4.01215145
K1P567_CRAGI/541-1219     1.73199690    1.72445868    0.00000000    1.66940633    1.40811479    3.09685016    2.81705613    2.93289107    3.14309955    3.58259868    3.69611757    2.96057519    4.55127321
TET1_HUMAN/1580-2052     1.10720944    1.17131923    1.66940633    0.00000000    0.53162765    2.56195259    2.86361179    2.82301667    3.01277261    3.51797030    3.27012697    2.88310334    4.32566651
TET1_MOUSE/1528-1931     0.92560226    0.97569370    1.40811479    0.53162765    0.00000000    2.17360005    2.86105141    2.94492655    2.91678565    3.18345378    3.23546034    2.87040383    3.68284833
Q0RM59_FRAAA/79-239     2.44542466    2.69295012    3.09685016    2.56195259    2.17360005    0.00000000    2.87067997    2.90362840    2.49509160    2.74547484    3.99308603    3.48921612    5.26737947
JBP1_TRYB2/131-287     2.77728975    2.57881403    2.81705613    2.86361179    2.86105141    2.87067997    0.00000000    0.33202795    1.14849075    1.24235992    2.83900043    3.00714853    4.20874609
JBP1A_TRYCC/124-282     2.85961938    2.72531637    2.93289107    2.82301667    2.94492655    2.90362840    0.33202795    0.00000000    1.16656447    1.27302138    2.85957011    2.74718838    4.05147776
Q4DUV6_TRYCC/209-366     2.97119096    2.89670811    3.14309955    3.01277261    2.91678565    2.49509160    1.14849075    1.16656447    0.00000000    0.46818760    3.20090098    2.91849469    3.91797636
D6XIZ6_TRYB2/307-464     2.98409343    2.87250055    3.58259868    3.51797030    3.18345378    2.74547484    1.24235992    1.27302138    0.46818760    0.00000000    3.43093844    3.23322984    4.39239364
B0DH10_LACBS/44-210     2.96463929    2.90721520    3.69611757    3.27012697    3.23546034    3.99308603    2.83900043    2.85957011    3.20090098    3.43093844    0.00000000    1.15003798    2.14034429
A8N8F2_COPC7/194-362     2.68934673    2.72410822    2.96057519    2.88310334    2.87040383    3.48921612    3.00714853    2.74718838    2.91849469    3.23322984    1.15003798    0.00000000    1.65192238
D6RNM5_COPC7/199-366     3.93121155    4.01215145    4.55127321    4.32566651    3.68284833    5.26737947    4.20874609    4.05147776    3.91797636    4.39239364    2.14034429    1.65192238    0.00000000

