10
I3KY62_ORENI/58-116     0.00000000    0.29622779    0.35314191    0.36239700    0.89108667    1.43752962    1.06672320    1.26060414    1.37214965    1.30344363
A9LDR5_TAKRU/55-113     0.29622779    0.00000000    0.30049833    0.43151025    1.16179272    1.37769374    1.33893118    1.34784699    1.58992318    1.42791984
H3C9N1_TETNG/57-115     0.35314191    0.30049833    0.00000000    0.51668851    1.20186803    1.62246733    1.26511283    1.41703907    1.46723860    1.27207423
W5NMF4_LEPOC/56-111     0.36239700    0.43151025    0.51668851    0.00000000    0.90593967    1.58373866    1.31829752    1.76605345    1.77897660    1.56525261
H2NLA7_PONAB/58-111     0.89108667    1.16179272    1.20186803    0.90593967    0.00000000    1.19268008    1.22653347    1.72005467    1.51155030    1.71962075
W5LSD0_ASTMX/140-189     1.43752962    1.37769374    1.62246733    1.58373866    1.19268008    0.00000000    1.21777635    1.17819502    1.39506004    1.46515740
B0EVP6_DANRE/132-189     1.06672320    1.33893118    1.26511283    1.31829752    1.22653347    1.21777635    0.00000000    0.34127268    0.32314540    0.45532654
W5LT94_ASTMX/136-192     1.26060414    1.34784699    1.41703907    1.76605345    1.72005467    1.17819502    0.34127268    0.00000000    0.41678507    0.49751662
B1NJG5_ORYLA/141-195     1.37214965    1.58992318    1.46723860    1.77897660    1.51155030    1.39506004    0.32314540    0.41678507    0.00000000    0.31513521
H3DI84_TETNG/140-194     1.30344363    1.42791984    1.27207423    1.56525261    1.71962075    1.46515740    0.45532654    0.49751662    0.31513521    0.00000000

