45
B7QME4_IXOSC/58-119     0.00000000    0.82838245    1.83723962    1.91109494    1.76004901    1.94969204    2.16005274    2.00853084    2.00965778    2.18610434    2.24856512    2.54113492    1.95144745    2.08683570    1.95954522    2.81582219    2.24641800    1.98161581    2.18242237    2.25967085    2.05983953    1.79377447    2.01320039    2.04929118    2.01341002    1.61087819    1.72250864    1.74534178    1.45019389    2.12882427    2.25499620    1.47826395    0.72722390    0.95523597    0.74465585    0.78337857    0.80207077    0.63548831    0.68989898    0.66027193    0.66666541    0.64731174    0.63039405    0.60388416    0.69082754
K1PT45_CRAGI/179-241     0.82838245    0.00000000    1.96151527    1.90918390    1.79708444    2.13041017    2.23759665    2.17017954    2.09607533    2.38702673    2.17238900    2.50718717    1.74729669    1.96699287    2.04179706    2.72842370    2.24473767    1.85918231    2.32764747    1.94889424    1.84722667    1.82868989    1.91342728    2.13707955    2.27498536    1.53628697    1.89173804    1.68783590    2.03494529    1.68913259    1.97970862    1.33744526    0.80987448    1.18859016    1.01493145    1.05787280    1.01250719    0.86804254    0.94105497    0.89124897    0.80739654    0.93169719    0.87546660    0.76364370    0.87601541
D7KKK9_ARALL/147-209     1.83723962    1.96151527    0.00000000    0.15231108    0.34654850    0.45937825    0.53930391    0.53498533    0.45079528    0.59271250    0.57423708    0.59515591    1.81013759    2.32261329    1.77057010    2.45310563    2.31503805    2.51689452    3.38942839    2.18531012    2.59195983    2.58494230    2.05910820    1.79841890    2.20614903    1.69717788    2.20048173    1.98364282    1.97912774    2.69055380    2.52815825    2.17301707    1.65232825    1.88944457    1.78539533    2.06359670    1.93630469    1.94654807    2.32906883    2.28472230    1.87970940    1.92721976    1.97107121    1.78981298    1.86533660
M4ESB6_BRARP/146-208     1.91109494    1.90918390    0.15231108    0.00000000    0.37138076    0.48223938    0.58935390    0.55602120    0.50501747    0.72690738    0.64491124    0.67879943    1.71979803    2.15548516    1.73008178    2.45219302    2.27055139    2.46759299    3.24467507    2.04695816    2.56321199    2.54894059    2.15948243    1.62511045    2.17492694    1.83141496    2.06758977    1.88883016    1.92838220    2.63748718    2.56547974    2.28128942    1.71385383    2.02430758    1.84612091    2.09523930    1.93271674    1.94524629    2.34444734    2.20109066    1.92484229    1.76888475    1.99787001    1.66822917    1.79235910
D7KY64_ARALL/147-209     1.76004901    1.79708444    0.34654850    0.37138076    0.00000000    0.33096511    0.47119153    0.48775613    0.34921410    0.45866230    0.43560797    0.61603323    1.75281271    2.02493649    1.72243044    2.15338905    1.95274196    2.15413320    2.63045653    2.20296979    2.15569830    2.07666158    2.10367481    1.85152812    1.81822783    1.59005150    1.95376633    1.69100371    1.80092700    2.69283477    2.50308517    2.14096309    1.69700066    1.90155555    1.79713825    1.84797366    1.57473491    1.98047118    2.36618358    2.11723123    2.00845460    2.03083121    1.95032713    1.65189289    1.71635866
B9SQ96_RICCO/152-216     1.94969204    2.13041017    0.45937825    0.48223938    0.33096511    0.00000000    0.36522352    0.37142914    0.32955592    0.51981468    0.40914102    0.46880160    2.00181792    2.32257109    1.73195732    2.18643471    2.22644887    2.52270987    3.13137604    2.77088608    2.59334313    2.29189246    2.61305638    2.20383885    2.13449938    1.98285625    1.78299598    1.84994356    1.82799170    2.85701030    2.53331667    2.32775518    1.86152073    2.22045957    1.89208259    1.91044427    1.55644925    2.23634572    2.69248372    2.41005351    2.26198683    2.19774725    2.06694111    1.70651459    1.87903622
K7L5G8_SOYBN/47-111     2.16005274    2.23759665    0.53930391    0.58935390    0.47119153    0.36522352    0.00000000    0.25948027    0.28560283    0.43533465    0.46484022    0.55074264    2.05443861    2.51362251    1.84765518    2.56869815    2.29714711    2.42253219    3.10883083    2.86684206    2.57101993    2.38210498    2.60469587    2.24497614    2.16006624    2.07260084    2.02134423    1.88196696    2.18584754    3.05384958    2.99802115    2.67421524    1.78899988    2.33005320    1.75444191    1.95890779    1.69513558    2.41689901    2.68769787    2.55656162    2.40394433    1.98712381    2.23993620    2.04175064    2.00819042
I1MDS6_SOYBN/149-213     2.00853084    2.17017954    0.53498533    0.55602120    0.48775613    0.37142914    0.25948027    0.00000000    0.29338986    0.36203470    0.47810031    0.59649924    1.80662363    2.37821780    1.90702519    2.43932176    2.73040685    2.85466331    2.94489549    2.84564388    2.39033651    2.27383852    2.42011379    2.62377555    2.24439248    2.27826803    2.04667804    2.15613714    2.46890855    3.27847748    3.21118990    2.54417562    1.52653235    2.32624400    1.73060944    1.80370923    1.50610049    2.05391419    2.34917058    2.31403652    2.11146742    2.12767338    2.08774702    1.87767970    1.86356598
D7ST90_VITVI/145-209     2.00965778    2.09607533    0.45079528    0.50501747    0.34921410    0.32955592    0.28560283    0.29338986    0.00000000    0.25657912    0.26151988    0.37753807    1.89788425    2.23514603    1.80869046    2.08400047    2.17845696    2.39890959    2.99709814    2.46782645    2.46880070    2.25626342    2.38313970    2.22670981    2.15239751    1.99502823    1.80353913    1.81800184    2.04343843    2.90727759    2.74324564    2.42648803    1.70744263    2.14000712    1.77799181    1.83280510    1.61412878    2.22087578    2.52431101    2.36804095    2.16337785    1.79856374    1.97852666    1.87755545    1.79891270
B9RYM5_RICCO/143-207     2.18610434    2.38702673    0.59271250    0.72690738    0.45866230    0.51981468    0.43533465    0.36203470    0.25657912    0.00000000    0.37381717    0.58441986    2.33987209    2.50226270    2.22982322    1.92458677    2.52035262    2.32265674    2.84241322    2.71674327    2.43997229    2.37729556    2.66935751    2.80250943    2.64011575    2.33542953    1.99953442    2.03200810    2.45769338    3.19619649    3.00286958    2.69017723    1.60035883    2.15452905    1.86537871    1.88686597    1.70692288    2.21797764    2.67583098    2.39425739    2.23516492    2.16613601    2.16652538    2.16977861    1.93596399
M0RZI3_MUSAM/148-212     2.24856512    2.17238900    0.57423708    0.64491124    0.43560797    0.40914102    0.46484022    0.47810031    0.26151988    0.37381717    0.00000000    0.49853900    2.15141108    2.47242815    2.12102020    2.28949877    2.31894918    2.49117065    2.92059799    2.40442139    2.49934420    2.38686835    2.37749212    2.45937018    2.12112644    2.02839051    1.80812860    1.87394891    1.95957732    2.71423388    2.57922370    2.38023729    1.77902270    2.19332611    2.06866789    2.13047576    1.68006853    2.33384182    2.62728743    2.40156100    2.25390116    2.06847944    2.18591968    2.11733166    2.03134649
W1PZG6_AMBTC/151-215     2.54113492    2.50718717    0.59515591    0.67879943    0.61603323    0.46880160    0.55074264    0.59649924    0.37753807    0.58441986    0.49853900    0.00000000    2.21410785    2.39426401    1.88961714    2.46781043    2.62038223    2.83862275    2.96645729    2.50427771    2.30781307    2.06219393    3.24317895    2.60522071    2.27626839    2.26572366    1.80824748    1.93013289    2.43525467    2.73187102    2.32560886    2.65996055    1.93757645    2.54586622    2.21960484    2.17368235    1.91580661    2.58556980    2.97984530    2.83324108    2.51436242    2.36811925    2.21388837    2.15087333    2.11901070
F0ZRS2_DICPU/109-181     1.95144745    1.74729669    1.81013759    1.71979803    1.75281271    2.00181792    2.05443861    1.80662363    1.89788425    2.33987209    2.15141108    2.21410785    0.00000000    0.99650386    0.40679298    2.22842276    2.47775315    2.14195309    2.90201254    2.40668413    2.51582673    2.53995813    2.11245684    2.12149694    1.54051163    1.99970208    1.81378570    1.66690350    2.03269574    2.36783874    2.45785939    2.31781893    1.81581986    2.58263493    1.99481648    2.18305227    2.05893476    2.07867045    2.05487531    2.25044043    1.87880454    1.97026902    1.99350202    2.16177219    2.35103460
F4Q0P1_CAVFA/98-159     2.08683570    1.96699287    2.32261329    2.15548516    2.02493649    2.32257109    2.51362251    2.37821780    2.23514603    2.50226270    2.47242815    2.39426401    0.99650386    0.00000000    0.98228579    2.07477747    2.55408162    2.28393926    2.71552360    2.25713409    2.08983083    2.24013005    2.31351938    2.00490599    2.03693022    2.17056261    2.30737633    2.10840363    2.17883508    2.71287475    2.89584661    2.80296269    2.02956467    2.34824172    1.89250787    2.00908803    2.05387702    2.04244974    2.30150795    1.99314746    1.96048776    2.21433120    2.20369682    2.05508763    2.64941112
Q54XL3_DICDI/109-194     1.95954522    2.04179706    1.77057010    1.73008178    1.72243044    1.73195732    1.84765518    1.90702519    1.80869046    2.22982322    2.12102020    1.88961714    0.40679298    0.98228579    0.00000000    2.13796087    2.54635925    2.21840614    3.21500799    2.50834166    2.72410625    2.75952323    2.66985199    2.46551241    1.51055905    2.01697503    1.75837138    1.64432239    2.06639350    2.35043358    2.35863817    2.17783255    1.83653485    2.31443668    1.95700885    2.17741406    2.01001438    1.89682700    2.16940271    2.14952204    1.85688605    2.39518276    2.04822927    2.25885207    2.58157713
A0DBS3_PARTE/135-212     2.81582219    2.72842370    2.45310563    2.45219302    2.15338905    2.18643471    2.56869815    2.43932176    2.08400047    1.92458677    2.28949877    2.46781043    2.22842276    2.07477747    2.13796087    0.00000000    1.20238438    1.13329790    1.89477302    2.28733359    2.41671424    2.60096986    2.76252812    2.51267307    2.34192931    2.05867667    1.81576458    1.78424083    1.88104710    2.41919464    2.26788186    2.23263857    2.34504236    3.23858951    2.48518632    2.25948022    2.47727515    2.89513137    2.60256369    2.74164087    2.44462932    3.10134167    2.45344832    3.02112731    2.75982020
G0QRS4_ICHMG/235-336     2.24641800    2.24473767    2.31503805    2.27055139    1.95274196    2.22644887    2.29714711    2.73040685    2.17845696    2.52035262    2.31894918    2.62038223    2.47775315    2.55408162    2.54635925    1.20238438    0.00000000    0.68970892    2.49048297    2.47581522    2.48328290    2.46260864    2.55726692    2.10744127    2.00871834    1.79519144    1.63518627    1.63633600    1.95084011    1.88677545    2.05682938    2.27295250    2.09093762    2.78312313    2.37995499    2.31615131    2.52723293    2.59518154    2.31540079    2.55392728    2.35690008    3.10229248    2.18455925    2.61938663    1.96522232
Q23D68_TETTS/126-226     1.98161581    1.85918231    2.51689452    2.46759299    2.15413320    2.52270987    2.42253219    2.85466331    2.39890959    2.32265674    2.49117065    2.83862275    2.14195309    2.28393926    2.21840614    1.13329790    0.68970892    0.00000000    2.29583148    2.48876959    2.55138831    2.78390833    2.07876006    1.90647057    1.84355197    1.91340266    1.63332688    1.52917795    2.22675201    1.85149937    2.05524529    2.29054805    1.88887167    2.66561046    2.12908048    2.03402994    2.27004964    2.30014420    2.05483155    2.18376659    2.08241445    2.60610839    2.25964272    2.33389932    1.87933814
A0C9J9_PARTE/112-176     2.18242237    2.32764747    3.38942839    3.24467507    2.63045653    3.13137604    3.10883083    2.94489549    2.99709814    2.84241322    2.92059799    2.96645729    2.90201254    2.71552360    3.21500799    1.89477302    2.49048297    2.29583148    0.00000000    1.81391344    2.00999792    1.97658735    2.30623779    2.50451422    2.83676823    2.31634821    2.55620899    2.16145713    2.76818425    3.08787179    3.48944716    3.06627967    1.94522916    2.53149257    1.93132132    1.95726308    1.88108790    1.71734534    1.94737912    2.12378067    1.78763891    2.48927212    2.24895932    2.65201552    2.56445463
A0DHH6_PARTE/104-176     2.25967085    1.94889424    2.18531012    2.04695816    2.20296979    2.77088608    2.86684206    2.84564388    2.46782645    2.71674327    2.40442139    2.50427771    2.40668413    2.25713409    2.50834166    2.28733359    2.47581522    2.48876959    1.81391344    0.00000000    1.00266973    0.96710035    2.58820395    2.14795989    2.65793070    1.97697901    2.14572538    1.98680510    2.78824985    2.38018402    2.40608669    2.67005930    2.70849209    2.65659233    2.36156799    2.69548972    2.39953816    2.31672726    2.44507473    3.04871655    2.07687443    2.67679831    2.71663757    2.49111151    2.72919859
A0D0K2_PARTE/101-173     2.05983953    1.84722667    2.59195983    2.56321199    2.15569830    2.59334313    2.57101993    2.39033651    2.46880070    2.43997229    2.49934420    2.30781307    2.51582673    2.08983083    2.72410625    2.41671424    2.48328290    2.55138831    2.00999792    1.00266973    0.00000000    0.25105142    3.23743875    2.81790021    2.79527987    2.23266952    2.24156267    1.96300436    2.82298489    2.05424287    2.08091757    2.61305526    1.80215263    2.49342010    2.14127285    2.42556764    2.38985423    2.33835867    2.27227501    2.46117559    2.31717437    2.70154280    2.64363591    2.12234212    2.23472571
A0DCA6_PARTE/101-173     1.79377447    1.82868989    2.58494230    2.54894059    2.07666158    2.29189246    2.38210498    2.27383852    2.25626342    2.37729556    2.38686835    2.06219393    2.53995813    2.24013005    2.75952323    2.60096986    2.46260864    2.78390833    1.97658735    0.96710035    0.25105142    0.00000000    3.51557475    3.09337031    2.55576409    2.32329220    2.17388433    2.09113705    2.64617452    1.88876896    1.90886194    2.78265957    1.80649403    2.48299685    1.95290492    2.23177973    2.18722507    2.24009733    2.23153564    2.47122365    2.20278825    2.47019063    2.64991093    1.99415228    2.04326166
Q5CPH4_CRYPI/138-219     2.01320039    1.91342728    2.05910820    2.15948243    2.10367481    2.61305638    2.60469587    2.42011379    2.38313970    2.66935751    2.37749212    3.24317895    2.11245684    2.31351938    2.66985199    2.76252812    2.55726692    2.07876006    2.30623779    2.58820395    3.23743875    3.51557475    0.00000000    0.95190006    1.63684379    1.96282967    2.11637389    1.78482051    2.12031317    2.67516158    2.74853968    2.38619468    1.81048093    2.42773377    1.99303653    2.21116355    1.99524964    1.93160989    2.10436013    2.32486640    2.05689445    2.14987170    2.05941539    2.02830955    2.04599186
B6A907_CRYMR/137-216     2.04929118    2.13707955    1.79841890    1.62511045    1.85152812    2.20383885    2.24497614    2.62377555    2.22670981    2.80250943    2.45937018    2.60522071    2.12149694    2.00490599    2.46551241    2.51267307    2.10744127    1.90647057    2.50451422    2.14795989    2.81790021    3.09337031    0.95190006    0.00000000    1.52238045    1.59768870    1.71226558    1.69225817    2.25295240    2.41964247    2.38680995    2.13634855    2.00964026    2.21513077    2.17410425    2.12764978    2.22347087    2.03767568    2.12869567    2.46255264    1.92078385    2.50435088    2.20813445    2.04197140    2.04626045
I7M3Q2_TETTS/144-214     2.01341002    2.27498536    2.20614903    2.17492694    1.81822783    2.13449938    2.16006624    2.24439248    2.15239751    2.64011575    2.12112644    2.27626839    1.54051163    2.03693022    1.51055905    2.34192931    2.00871834    1.84355197    2.83676823    2.65793070    2.79527987    2.55576409    1.63684379    1.52238045    0.00000000    1.40424214    1.36150217    1.17792293    1.58458629    1.85592784    2.02726370    2.63348190    2.12668593    2.05102907    2.43466642    2.41003678    2.02680468    2.40251201    2.39219218    2.48586864    2.35790895    2.82098599    1.99817628    1.85416134    1.90962251
A0D9Q9_PARTE/104-167     1.61087819    1.53628697    1.69717788    1.83141496    1.59005150    1.98285625    2.07260084    2.27826803    1.99502823    2.33542953    2.02839051    2.26572366    1.99970208    2.17056261    2.01697503    2.05867667    1.79519144    1.91340266    2.31634821    1.97697901    2.23266952    2.32329220    1.96282967    1.59768870    1.40424214    0.00000000    0.94767805    0.68312115    1.13294667    1.33281341    1.25375836    2.28848340    1.73526126    1.78313853    1.97498520    1.98486998    1.72696636    1.52745979    1.65376678    1.90034309    1.60301543    1.92599489    1.59277621    1.52000354    1.93941996
Q23QE7_TETTS/125-189     1.72250864    1.89173804    2.20048173    2.06758977    1.95376633    1.78299598    2.02134423    2.04667804    1.80353913    1.99953442    1.80812860    1.80824748    1.81378570    2.30737633    1.75837138    1.81576458    1.63518627    1.63332688    2.55620899    2.14572538    2.24156267    2.17388433    2.11637389    1.71226558    1.36150217    0.94767805    0.00000000    0.31562822    1.00394793    1.76870511    1.60113886    2.51353221    1.69531496    2.16879645    2.06530778    1.98081696    1.97283692    1.82392217    1.97270706    1.95593976    1.96558195    1.93244657    2.26265969    1.91558366    2.05465187
G0QY96_ICHMG/158-223     1.74534178    1.68783590    1.98364282    1.88883016    1.69100371    1.84994356    1.88196696    2.15613714    1.81800184    2.03200810    1.87394891    1.93013289    1.66690350    2.10840363    1.64432239    1.78424083    1.63633600    1.52917795    2.16145713    1.98680510    1.96300436    2.09113705    1.78482051    1.69225817    1.17792293    0.68312115    0.31562822    0.00000000    1.02208579    1.55491042    1.39612071    2.13847385    1.69612153    1.98763946    1.83649646    2.04868978    1.97141798    1.65315651    1.89424937    1.91423905    1.87240161    1.79482319    1.99837023    1.58666744    1.76218253
I7LVI9_TETTS/116-184     1.45019389    2.03494529    1.97912774    1.92838220    1.80092700    1.82799170    2.18584754    2.46890855    2.04343843    2.45769338    1.95957732    2.43525467    2.03269574    2.17883508    2.06639350    1.88104710    1.95084011    2.22675201    2.76818425    2.78824985    2.82298489    2.64617452    2.12031317    2.25295240    1.58458629    1.13294667    1.00394793    1.02208579    0.00000000    1.61190400    1.38840016    2.55158408    1.59569458    1.89574702    1.78582791    1.64882206    1.65775405    1.69027970    1.70972531    1.73598711    1.57715350    1.97143133    1.65054917    1.73610838    2.02407544
A0CU05_PARTE/115-181     2.12882427    1.68913259    2.69055380    2.63748718    2.69283477    2.85701030    3.05384958    3.27847748    2.90727759    3.19619649    2.71423388    2.73187102    2.36783874    2.71287475    2.35043358    2.41919464    1.88677545    1.85149937    3.08787179    2.38018402    2.05424287    1.88876896    2.67516158    2.41964247    1.85592784    1.33281341    1.76870511    1.55491042    1.61190400    0.00000000    0.23736472    2.51416495    1.86074432    3.07972670    2.26399621    2.14932684    2.07235521    2.39453143    2.16197540    2.37689894    2.30319217    2.31262611    1.97657764    1.77897838    1.82951479
A0D151_PARTE/99-165     2.25499620    1.97970862    2.52815825    2.56547974    2.50308517    2.53331667    2.99802115    3.21118990    2.74324564    3.00286958    2.57922370    2.32560886    2.45785939    2.89584661    2.35863817    2.26788186    2.05682938    2.05524529    3.48944716    2.40608669    2.08091757    1.90886194    2.74853968    2.38680995    2.02726370    1.25375836    1.60113886    1.39612071    1.38840016    0.23736472    0.00000000    2.84786544    1.97790386    3.28733246    2.97867975    2.63910131    2.58732810    2.40614864    2.53324269    2.96292724    2.69660465    2.72147720    2.25722635    1.81320089    2.03481680
B3S2Q8_TRIAD/116-177     1.47826395    1.33744526    2.17301707    2.28128942    2.14096309    2.32775518    2.67421524    2.54417562    2.42648803    2.69017723    2.38023729    2.65996055    2.31781893    2.80296269    2.17783255    2.23263857    2.27295250    2.29054805    3.06627967    2.67005930    2.61305526    2.78265957    2.38619468    2.13634855    2.63348190    2.28848340    2.51353221    2.13847385    2.55158408    2.51416495    2.84786544    0.00000000    1.18863918    1.55226121    1.47424222    1.55718628    1.44705495    1.31736401    1.49281410    1.34927601    1.32161453    1.30458452    1.25025725    1.58669795    1.47587734
A7RLZ7_NEMVE/113-174     0.72722390    0.80987448    1.65232825    1.71385383    1.69700066    1.86152073    1.78899988    1.52653235    1.70744263    1.60035883    1.77902270    1.93757645    1.81581986    2.02956467    1.83653485    2.34504236    2.09093762    1.88887167    1.94522916    2.70849209    1.80215263    1.80649403    1.81048093    2.00964026    2.12668593    1.73526126    1.69531496    1.69612153    1.59569458    1.86074432    1.97790386    1.18863918    0.00000000    1.14353305    0.98526715    0.95528952    1.01033246    0.58054071    0.94151402    0.77683937    0.81973639    0.93134073    0.92744300    1.07514480    0.86225778
A0A1X7VLJ6_AMPQE/127-188     0.95523597    1.18859016    1.88944457    2.02430758    1.90155555    2.22045957    2.33005320    2.32624400    2.14000712    2.15452905    2.19332611    2.54586622    2.58263493    2.34824172    2.31443668    3.23858951    2.78312313    2.66561046    2.53149257    2.65659233    2.49342010    2.48299685    2.42773377    2.21513077    2.05102907    1.78313853    2.16879645    1.98763946    1.89574702    3.07972670    3.28733246    1.55226121    1.14353305    0.00000000    0.95323654    1.01748839    1.01186237    1.01057661    1.14560589    1.11090430    0.92709979    1.07136936    1.00133747    1.03768179    1.24315632
E7F883_DANRE/112-173     0.74465585    1.01493145    1.78539533    1.84612091    1.79713825    1.89208259    1.75444191    1.73060944    1.77799181    1.86537871    2.06866789    2.21960484    1.99481648    1.89250787    1.95700885    2.48518632    2.37995499    2.12908048    1.93132132    2.36156799    2.14127285    1.95290492    1.99303653    2.17410425    2.43466642    1.97498520    2.06530778    1.83649646    1.78582791    2.26399621    2.97867975    1.47424222    0.98526715    0.95323654    0.00000000    0.25226123    0.39555325    0.53517955    0.64961922    0.57879753    0.47987033    0.72437625    0.80754035    0.75648189    0.89765972
G5C6R7_HETGA/111-172     0.78337857    1.05787280    2.06359670    2.09523930    1.84797366    1.91044427    1.95890779    1.80370923    1.83280510    1.88686597    2.13047576    2.17368235    2.18305227    2.00908803    2.17741406    2.25948022    2.31615131    2.03402994    1.95726308    2.69548972    2.42556764    2.23177973    2.21116355    2.12764978    2.41003678    1.98486998    1.98081696    2.04868978    1.64882206    2.14932684    2.63910131    1.55718628    0.95528952    1.01748839    0.25226123    0.00000000    0.28877808    0.59545116    0.64852026    0.62020985    0.54405940    0.88116135    0.88445903    0.85879778    0.88823537
F7BJG5_ORNAN/111-172     0.80207077    1.01250719    1.93630469    1.93271674    1.57473491    1.55644925    1.69513558    1.50610049    1.61412878    1.70692288    1.68006853    1.91580661    2.05893476    2.05387702    2.01001438    2.47727515    2.52723293    2.27004964    1.88108790    2.39953816    2.38985423    2.18722507    1.99524964    2.22347087    2.02680468    1.72696636    1.97283692    1.97141798    1.65775405    2.07235521    2.58732810    1.44705495    1.01033246    1.01186237    0.39555325    0.28877808    0.00000000    0.65550533    0.83976490    0.66583915    0.60081218    0.98593522    1.05019122    0.90747025    0.98720134
B8A4Z2_DANRE/111-172     0.63548831    0.86804254    1.94654807    1.94524629    1.98047118    2.23634572    2.41689901    2.05391419    2.22087578    2.21797764    2.33384182    2.58556980    2.07867045    2.04244974    1.89682700    2.89513137    2.59518154    2.30014420    1.71734534    2.31672726    2.33835867    2.24009733    1.93160989    2.03767568    2.40251201    1.52745979    1.82392217    1.65315651    1.69027970    2.39453143    2.40614864    1.31736401    0.58054071    1.01057661    0.53517955    0.59545116    0.65550533    0.00000000    0.36434600    0.34891773    0.27725408    0.86820351    0.81375934    0.87102156    0.99726705
F7CBZ8_XENTR/110-171     0.68989898    0.94105497    2.32906883    2.34444734    2.36618358    2.69248372    2.68769787    2.34917058    2.52431101    2.67583098    2.62728743    2.97984530    2.05487531    2.30150795    2.16940271    2.60256369    2.31540079    2.05483155    1.94737912    2.44507473    2.27227501    2.23153564    2.10436013    2.12869567    2.39219218    1.65376678    1.97270706    1.89424937    1.70972531    2.16197540    2.53324269    1.49281410    0.94151402    1.14560589    0.64961922    0.64852026    0.83976490    0.36434600    0.00000000    0.39392681    0.28636028    0.89042372    0.81700928    1.02750155    1.05304215
F135A_MOUSE/111-172     0.66027193    0.89124897    2.28472230    2.20109066    2.11723123    2.41005351    2.55656162    2.31403652    2.36804095    2.39425739    2.40156100    2.83324108    2.25044043    1.99314746    2.14952204    2.74164087    2.55392728    2.18376659    2.12378067    3.04871655    2.46117559    2.47122365    2.32486640    2.46255264    2.48586864    1.90034309    1.95593976    1.91423905    1.73598711    2.37689894    2.96292724    1.34927601    0.77683937    1.11090430    0.57879753    0.62020985    0.66583915    0.34891773    0.39392681    0.00000000    0.27704238    0.88210117    0.86671626    0.99769789    0.94412471
U3IXQ1_ANAPP/111-172     0.66666541    0.80739654    1.87970940    1.92484229    2.00845460    2.26198683    2.40394433    2.11146742    2.16337785    2.23516492    2.25390116    2.51436242    1.87880454    1.96048776    1.85688605    2.44462932    2.35690008    2.08241445    1.78763891    2.07687443    2.31717437    2.20278825    2.05689445    1.92078385    2.35790895    1.60301543    1.96558195    1.87240161    1.57715350    2.30319217    2.69660465    1.32161453    0.81973639    0.92709979    0.47987033    0.54405940    0.60081218    0.27725408    0.28636028    0.27704238    0.00000000    0.84532891    0.88346783    0.96093976    1.10995936
B4H5K4_DROPE/135-201     0.64731174    0.93169719    1.92721976    1.76888475    2.03083121    2.19774725    1.98712381    2.12767338    1.79856374    2.16613601    2.06847944    2.36811925    1.97026902    2.21433120    2.39518276    3.10134167    3.10229248    2.60610839    2.48927212    2.67679831    2.70154280    2.47019063    2.14987170    2.50435088    2.82098599    1.92599489    1.93244657    1.79482319    1.97143133    2.31262611    2.72147720    1.30458452    0.93134073    1.07136936    0.72437625    0.88116135    0.98593522    0.86820351    0.89042372    0.88210117    0.84532891    0.00000000    0.68976270    0.68387587    0.79057801
T1JT85_TETUR/123-185     0.63039405    0.87546660    1.97107121    1.99787001    1.95032713    2.06694111    2.23993620    2.08774702    1.97852666    2.16652538    2.18591968    2.21388837    1.99350202    2.20369682    2.04822927    2.45344832    2.18455925    2.25964272    2.24895932    2.71663757    2.64363591    2.64991093    2.05941539    2.20813445    1.99817628    1.59277621    2.26265969    1.99837023    1.65054917    1.97657764    2.25722635    1.25025725    0.92744300    1.00133747    0.80754035    0.88445903    1.05019122    0.81375934    0.81700928    0.86671626    0.88346783    0.68976270    0.00000000    0.65576184    0.68954886
T1HD33_RHOPR/128-189     0.60388416    0.76364370    1.78981298    1.66822917    1.65189289    1.70651459    2.04175064    1.87767970    1.87755545    2.16977861    2.11733166    2.15087333    2.16177219    2.05508763    2.25885207    3.02112731    2.61938663    2.33389932    2.65201552    2.49111151    2.12234212    1.99415228    2.02830955    2.04197140    1.85416134    1.52000354    1.91558366    1.58666744    1.73610838    1.77897838    1.81320089    1.58669795    1.07514480    1.03768179    0.75648189    0.85879778    0.90747025    0.87102156    1.02750155    0.99769789    0.96093976    0.68387587    0.65576184    0.00000000    0.45718020
E0VLS3_PEDHC/103-164     0.69082754    0.87601541    1.86533660    1.79235910    1.71635866    1.87903622    2.00819042    1.86356598    1.79891270    1.93596399    2.03134649    2.11901070    2.35103460    2.64941112    2.58157713    2.75982020    1.96522232    1.87933814    2.56445463    2.72919859    2.23472571    2.04326166    2.04599186    2.04626045    1.90962251    1.93941996    2.05465187    1.76218253    2.02407544    1.82951479    2.03481680    1.47587734    0.86225778    1.24315632    0.89765972    0.88823537    0.98720134    0.99726705    1.05304215    0.94412471    1.10995936    0.79057801    0.68954886    0.45718020    0.00000000

