92
U5HDX0_USTV1/136-925     0.00000000    2.43787507    2.39354554    2.37934583    2.04084378    2.51096822    2.00552122    1.85364340    2.14291616    1.91626258    1.87714247    1.86188819    2.03279110    2.03974940    2.15241180    2.87001713    2.77198984    2.81489605    3.49521142    3.10365347    3.21729710    3.20201009    3.24616388    3.28714268    3.28396027    3.32925492    3.22237591    3.18494116    3.28092133    3.29588026    3.14315202    3.28599329    3.13771607    3.03847075    3.05820535    3.17549436    3.09884834    3.23136468    3.22354137    3.12011660    3.19213721    2.99525186    3.09383736    3.16314550    2.93015785    2.76571198    2.93092262    2.86782670    2.90740827    2.91859424    3.07555208    2.84342115    2.87385456    2.93928271    2.89760698    2.83311511    2.96024332    2.87451057    2.56750435    2.75045557    2.81631261    2.73648571    2.76843329    2.74091052    2.66444938    3.28665636    3.31998574    3.24400126    3.41288703    3.37509853    3.27289627    2.91863138    3.03966897    3.30274313    3.13625127    2.88398928    3.34566779    3.31700396    3.29817044    3.49048341    3.34459087    3.22174422    3.54034249    3.40745820    3.42278172    3.39744413    3.26372366    3.26406035    3.42407581    3.35665371    3.21391905    3.27054536
M9LXK8_PSEA3/101-873     2.43787507    0.00000000    0.36468767    0.39143609    2.36908817    2.31941204    2.26190264    2.27409129    2.40266706    2.20140574    2.27664540    2.20642869    2.22609459    2.24114873    2.36772482    3.33068416    3.22400184    3.33508439    3.99881940    4.06330764    3.80495815    3.70908005    3.40375219    3.72642400    3.59290467    3.95427364    3.87937884    3.94229174    3.73964944    3.55584754    3.94962752    4.00904138    4.04758001    3.97549851    3.82039883    3.75038263    3.86531550    3.80424066    3.67140830    3.63771747    3.48201084    3.66994274    3.32915240    3.40624684    4.00569224    3.18085774    3.14009926    3.25232152    3.41394827    3.07560404    3.44940279    3.40739615    3.34839722    3.43484416    3.51259238    3.40348476    3.16246455    3.18549784    3.24000630    3.11739246    3.06587903    2.97311230    2.84631990    2.91671861    3.11718478    3.07214361    3.23113910    3.49260055    3.57117125    3.34006148    3.41621090    3.20068640    2.98733956    3.38499866    3.13342292    3.33790809    3.49231543    3.39297621    3.50383082    3.27945952    3.35816658    3.40945053    3.44160573    3.66364460    3.49233009    3.55929934    3.43484569    3.57228055    3.56259616    3.43978698    3.27626441    3.23102907
I2G1I0_USTH4/95-872     2.39354554    0.36468767    0.00000000    0.30258429    2.39877636    2.43199089    2.24741502    2.17055243    2.46051891    2.27601305    2.33472270    2.27215326    2.19346989    2.33292659    2.49010690    3.25442370    3.24789695    3.17838400    3.77243089    3.91409825    3.73459826    3.59290498    3.46982948    3.74225962    3.54287505    3.85148957    3.80778390    3.73730480    3.62583996    3.52763852    3.74271696    3.82814997    3.80913111    3.61007731    3.49854877    3.66665334    3.69506040    3.75805866    3.55199132    3.44485816    3.40566711    3.50629953    3.28617037    3.25288832    3.78631967    3.19278712    3.26041892    3.23701238    3.33105635    3.12095769    3.47731138    3.38220312    3.32267434    3.39802594    3.50323935    3.24120574    3.23081374    3.17879740    3.23791167    3.15541923    3.01596809    3.05799785    2.77890952    2.86821624    3.11199320    3.03404130    3.04611484    3.24228404    3.56665609    3.17090885    3.28122437    3.13475082    2.89769448    3.25762865    3.08818582    3.35025630    3.45896300    3.45831322    3.50036813    3.38004639    3.37131517    3.42880395    3.44765896    3.66789243    3.49706509    3.52428323    3.54538048    3.61492720    3.61303705    3.49066066    3.17185553    3.21341663
V5ER39_KALBG/94-861     2.37934583    0.39143609    0.30258429    0.00000000    2.27038759    2.40406923    2.15681297    2.21807186    2.36931438    2.11094772    2.15363644    2.09864563    2.15584032    2.23032716    2.39866604    3.14844630    3.11480953    3.25461284    3.77875275    3.91862990    3.71137958    3.53270241    3.42102019    3.73633368    3.52113525    3.69831846    3.68534556    3.56980689    3.65740617    3.50252048    3.72036130    3.79600688    3.78436990    3.67982410    3.53150555    3.64535110    3.59548471    3.64776019    3.60734869    3.45919740    3.43673803    3.54395492    3.26523477    3.30823714    3.99913781    3.24539017    3.26410803    3.14950083    3.34472554    3.09543669    3.49226310    3.28711407    3.25163931    3.33214456    3.58428953    3.33522724    3.09786710    3.34250287    3.16997102    3.12691021    2.97709894    3.05110669    2.85760269    2.88753736    3.04527494    3.02044379    3.23883863    3.39193294    3.68321436    3.26574476    3.23826257    3.11184739    2.88522560    3.36582339    3.20870147    3.30797395    3.48101320    3.53776540    3.58630364    3.28606153    3.50734879    3.45866173    3.51132958    3.80122292    3.59304322    3.63704242    3.49576034    3.65870975    3.66867605    3.49903189    3.22389442    3.28902337
Q5KCP4_CRYNJ/87-904     2.04084378    2.36908817    2.39877636    2.27038759    0.00000000    2.25631749    1.88147704    1.98847818    2.05763510    1.95753508    1.94435320    1.88672412    2.04463036    1.93306691    2.41880573    3.06126685    3.18068657    3.22978533    3.72541571    3.42501695    3.34240115    3.35277497    3.40816379    3.44800673    3.36006639    3.13802843    3.01730327    3.06384583    3.33958743    3.28514680    3.17619936    3.20963097    3.25814751    3.15783060    3.04475670    3.26643107    3.15936214    2.99981147    2.84039785    2.78894551    2.81034882    3.13575795    2.99016216    3.06830251    3.27756039    2.72280338    2.83927395    3.01577762    3.00244082    2.80062064    2.94535045    2.82319818    3.04215018    3.09386671    3.04486768    3.09286187    2.90470809    2.96211205    2.95378921    2.83757727    2.79885188    2.76012704    2.75926327    2.66777537    2.83949957    3.11835040    3.39273795    3.39912666    3.42498551    3.27799433    3.48903367    3.16057539    2.98736507    3.02380800    3.44557356    3.13652038    3.27269604    3.53996856    3.34377672    3.40166310    3.53328551    3.39447103    3.49721320    3.48269814    3.51742083    3.40507772    3.38201570    3.40209951    3.43273918    3.69230965    3.53877296    3.65572266
G4THM5_SERID/88-842     2.51096822    2.31941204    2.43199089    2.40406923    2.25631749    0.00000000    2.01235928    1.98412340    2.13460714    2.02154990    1.99815309    2.03507004    2.12050640    1.95752379    2.68677866    3.17544840    3.15343369    3.09976326    3.18965741    3.29060186    3.70023749    3.45339334    3.58270138    3.63607068    3.62183283    3.43517252    3.56898947    3.57516210    3.51167995    3.62617858    3.56712795    3.76939524    3.69721931    3.49315138    3.52834883    3.60905352    3.40164831    3.35743501    3.16493697    3.13564710    3.19682029    3.82311535    3.45309233    3.48096784    3.92047630    3.24956592    3.29861652    3.26952675    3.37089430    3.23026923    3.41374133    3.37982747    3.35735837    3.39845328    3.23151433    3.06962439    3.45289802    3.19145388    3.15484537    3.12957348    3.13049134    3.07122821    3.09652084    3.05133800    3.18666230    3.23147402    3.46106431    3.36775754    3.52386293    3.73535720    3.74858284    3.40751936    3.22758929    3.35123735    3.14495609    3.28324764    3.24358066    3.25591914    3.50404815    3.57491171    3.28293464    3.16523513    3.39095779    3.48250175    3.40426959    3.19325838    3.37099720    3.39031190    3.41581565    3.67593133    3.55992410    3.54428827
D8PZR7_SCHCM/78-833     2.00552122    2.26190264    2.24741502    2.15681297    1.88147704    2.01235928    0.00000000    1.35217664    1.50133039    1.35725520    1.51876118    1.23242113    1.55729571    1.35915530    2.52071884    3.01964284    3.00256280    3.13195145    3.67240106    3.55552161    3.34729854    3.27730499    3.27505575    3.44026769    3.30621982    3.31257030    3.26093349    3.46994434    3.62332942    3.57696693    3.26319804    3.33125188    3.30690025    3.18400651    3.20258117    3.28039350    3.26739658    3.39389998    3.09987791    3.03257325    3.04543108    3.23641555    3.13633850    3.28090693    3.25878455    3.17216910    3.21781429    2.90603356    3.07582487    2.90699771    3.08560739    3.11974274    3.05532746    3.18612713    3.13192309    3.04667379    3.25947507    3.10179398    2.95577943    2.94119401    3.00886914    2.87091783    2.57688468    2.67224786    2.83334124    3.09471877    3.18868666    3.18708192    3.28875426    3.32889353    3.20746179    2.99338871    3.05970786    3.24710986    3.03131660    2.95584451    3.16165639    3.33022847    3.22997237    3.22419478    3.21595133    3.16136042    3.18346987    3.31072627    3.14598853    3.36767629    3.07671381    3.29506256    3.22906760    3.64407110    3.48340166    3.35370235
V2XQ71_MONRO/84-822     1.85364340    2.27409129    2.17055243    2.21807186    1.98847818    1.98412340    1.35217664    0.00000000    1.36384215    1.20151001    1.30669394    1.00380620    1.27027696    1.10482515    2.44740010    3.14024922    3.19555876    3.01009681    3.39641636    3.24861558    3.47707601    3.32152747    3.24238358    3.33161577    3.30502588    3.38142008    3.34404025    3.42372184    3.75547435    3.53026706    3.58230098    3.64614465    3.57524033    3.45986506    3.41420825    3.41210278    3.39853125    3.24089272    3.18908070    3.05890809    3.22703523    3.25256805    3.07486952    3.20761697    3.33952048    3.05976850    3.11467287    3.09130130    3.08987887    3.00427245    3.20556094    3.05399887    3.08100776    3.16573540    3.01235797    3.07833073    3.16819668    3.18695252    2.98590685    3.08879492    3.03025083    2.96907908    2.81754443    2.85232366    2.95412706    3.25226623    3.10082649    3.19285184    3.37972366    3.40922514    3.23305613    2.90117370    3.04691892    3.26855199    3.06030457    3.09110374    3.39968660    3.52756366    3.45105883    3.45722871    3.58588881    3.49774698    3.52746090    3.52386425    3.51772056    3.67017068    3.39192753    3.51820578    3.32054324    3.95261705    3.57927100    3.46005373
K5VJI2_PHACS/79-830     2.14291616    2.40266706    2.46051891    2.36931438    2.05763510    2.13460714    1.50133039    1.36384215    0.00000000    1.02482284    1.20179642    1.23223075    1.58897532    1.39615748    2.41427902    2.89165850    3.21136806    3.06450637    3.38623848    3.29436852    3.50942810    3.54145114    3.53757910    3.63414855    3.57373696    3.49915300    3.49344198    3.57952978    3.71880583    3.64952307    3.40636261    3.43493873    3.39100345    3.39037153    3.38249903    3.26784609    3.34354592    3.42087876    3.46224670    3.28785010    3.41548301    3.62518243    3.71609678    3.53100747    3.64006317    3.49208583    3.49196555    3.51055966    3.43629085    3.22131593    3.45714657    3.40801908    3.69407069    3.84462869    3.32214351    3.39643677    3.41730266    3.44083055    3.33041127    3.31011697    3.11795070    3.34892816    3.11859961    3.14453453    3.17987221    3.41094802    3.44923022    3.46530126    3.17023636    3.34164029    3.32639182    3.26968198    3.26392491    3.54158333    3.02422808    3.38755379    3.23251219    3.81647681    3.64427047    3.63229235    3.39910495    3.51720162    3.48159762    3.89149216    3.60754497    3.65323419    3.61280372    3.60149315    3.52333455    4.05422803    3.68461352    3.64788275
S8EQJ7_FOMPI/88-828     1.91626258    2.20140574    2.27601305    2.11094772    1.95753508    2.02154990    1.35725520    1.20151001    1.02482284    0.00000000    0.84425918    1.04771221    1.35808547    1.18872588    2.31669443    2.95800405    3.29484893    3.05400051    3.50209269    3.39749751    3.46365045    3.26891823    3.42851397    3.41365675    3.39389816    3.14100951    3.21561016    3.29904428    3.25860041    3.17537013    3.30846935    3.35054265    3.31471084    3.15106310    3.12113841    3.20936136    3.15650062    3.25556491    3.23721294    3.08697953    3.24111019    3.22149907    3.19143404    3.02568636    3.24270704    3.01507556    3.07144843    3.16748328    3.07294976    3.06577268    3.22980701    3.02976534    3.29278277    3.34131137    3.02616948    2.94868210    3.04190863    3.00275762    2.96543481    2.87328590    2.80786304    2.83480821    2.91404868    2.88196430    3.00813992    3.23328467    3.19719810    3.17299384    3.23929735    3.28526198    3.31256151    3.11832365    3.11624875    3.45647840    2.94834578    3.26116214    2.99143924    3.51721900    3.45850353    3.46366721    3.41859731    3.45758295    3.60431518    3.62452246    3.57194322    3.57300446    3.45406456    3.59230690    3.50707216    4.00927029    3.59760331    3.51677782
M2RMA6_CERS8/89-827     1.87714247    2.27664540    2.33472270    2.15363644    1.94435320    1.99815309    1.51876118    1.30669394    1.20179642    0.84425918    0.00000000    1.07158568    1.38502332    1.18611926    2.33799917    3.09884164    3.21101394    3.27251076    3.72521220    3.60956741    3.39343336    3.39993801    3.37916215    3.42913653    3.49804465    3.31434556    3.29067407    3.41184192    3.61279439    3.63651127    3.54143514    3.65100799    3.59805248    3.55984303    3.53110412    3.46201653    3.43987577    3.52695009    3.56607171    3.41718361    3.53552260    3.37161881    3.36688670    3.14574175    3.36040278    3.13486363    3.09787423    3.37596367    3.25424165    3.14385183    3.44612078    3.19074889    3.37931402    3.45166962    3.21779895    2.96022913    3.09605096    3.07595387    2.97545333    2.87676255    2.89459798    2.92046199    2.96873411    2.99187024    3.09872081    3.46502616    3.28245988    3.33984451    3.33145931    3.49451167    3.51104474    3.20301377    3.35303377    3.66039315    3.26723139    3.32986532    3.40106216    3.59861280    3.52114197    3.42424894    3.36384158    3.46839397    3.70504932    3.65923585    3.52413232    3.54580176    3.47543755    3.60600267    3.52171490    3.98447612    3.73017439    3.67760093
F8PZS4_SERL3/85-844     1.86188819    2.20642869    2.27215326    2.09864563    1.88672412    2.03507004    1.23242113    1.00380620    1.23223075    1.04771221    1.07158568    0.00000000    1.16512462    0.88103591    2.20156505    2.89072933    3.16284869    3.21246518    3.62888056    3.43277026    3.51784504    3.37531457    3.42404187    3.46474643    3.46686329    3.38085474    3.40847587    3.54220367    3.50408543    3.41202587    3.31451776    3.41752299    3.38325455    3.31933181    3.29538922    3.30183135    3.41849863    3.27636431    3.26434696    3.19390984    3.19743009    3.22304746    3.26646709    3.14016848    3.53419311    2.97478143    3.14329527    3.01104918    2.97983224    2.84930498    3.15073584    3.01555358    3.12967965    3.13321113    3.15594859    3.04944879    2.98555621    3.03311412    3.07585754    2.93240838    2.94035497    2.94511096    2.81507549    2.94389099    2.95828193    2.80219783    2.98136377    2.94928620    3.08079187    3.06545214    3.16419815    2.76587373    3.02697462    2.96802176    2.83391601    3.15288163    3.34655096    3.40389693    3.48141191    3.52916476    3.41178146    3.34310246    3.48095072    3.54716801    3.43122083    3.51620125    3.30814700    3.37292727    3.47154431    3.94423917    3.53763142    3.54275253
A8NRR5_COPC7/82-826     2.03279110    2.22609459    2.19346989    2.15584032    2.04463036    2.12050640    1.55729571    1.27027696    1.58897532    1.35808547    1.38502332    1.16512462    0.00000000    1.07058423    2.44710877    2.82840694    3.10838531    3.15138030    3.55371485    3.58020486    3.58572579    3.48842899    3.47435336    3.66917983    3.54619094    3.44627934    3.46684680    3.58736298    3.43610869    3.34185322    3.39479512    3.45440157    3.48261435    3.59314533    3.56060269    3.63514253    3.60931115    3.50491691    3.64252211    3.38381241    3.55753013    3.56623642    3.54539506    3.53109060    3.76742188    3.35386799    3.42859529    3.31649603    3.34996475    3.17619892    3.46002706    3.34679318    3.45619955    3.48454913    3.07475766    3.10756870    3.14122349    3.18982289    3.15008674    3.17090394    3.02287633    3.19419735    2.82478130    2.89329835    2.96720982    3.16697667    3.12482198    3.30674766    3.48464330    3.37895892    3.43584932    3.04124214    3.06017313    3.31425931    3.28896697    3.31120002    3.44180565    3.65333679    3.64130798    3.59957587    3.34173109    3.40297175    3.57967130    3.55428645    3.44620647    3.52564785    3.42067759    3.44903011    3.51950092    3.86414206    3.54187621    3.71348583
B0CVA5_LACBS/82-839     2.03974940    2.24114873    2.33292659    2.23032716    1.93306691    1.95752379    1.35915530    1.10482515    1.39615748    1.18872588    1.18611926    0.88103591    1.07058423    0.00000000    2.48684722    3.06031551    3.23506449    3.22591071    3.65368639    3.40236821    3.66285522    3.47312680    3.31268924    3.50398345    3.38896945    3.39061535    3.33603328    3.40956448    3.67407011    3.56743281    3.54731624    3.68209660    3.61747318    3.39470837    3.37242143    3.38122019    3.33581747    3.24521209    3.29293040    3.09316094    3.11486057    3.10157216    3.10600361    3.25953930    3.40338600    3.18949168    3.11857717    2.99750189    2.97091076    2.84208658    3.05524840    3.05791269    3.15212484    3.19243179    3.16960164    3.09534903    3.01292558    3.00304874    3.04556127    2.84983197    2.80382258    3.00298495    2.90266581    2.92506486    2.92876538    3.03907154    2.98492064    3.17525866    3.22326891    3.36558370    3.30082573    2.91269714    3.05013236    3.35846012    2.92081553    3.25538774    3.24202539    3.34348122    3.28487488    3.40181290    3.34689935    3.27973422    3.39849168    3.54865649    3.22734175    3.42966499    3.53691485    3.44455872    3.33770699    3.74912888    3.31023339    3.33177178
E3JRN1_PUCGT/109-900     2.15241180    2.36772482    2.49010690    2.39866604    2.41880573    2.68677866    2.52071884    2.44740010    2.41427902    2.31669443    2.33799917    2.20156505    2.44710877    2.48684722    0.00000000    3.17058537    2.77382608    3.27035454    3.40549906    3.38696674    3.76027794    3.68912598    3.44791710    3.59415847    3.63067701    3.59121912    3.46299976    3.47627305    3.57755327    3.39617821    3.32907334    3.43058134    3.37435984    3.23812408    3.35413536    3.48285079    3.30833147    3.42652347    3.29321171    3.29008399    3.42382094    3.33811084    3.22962772    3.12500729    3.32016190    3.22379640    3.19987959    3.21527323    3.20952623    3.21589863    3.24566768    3.12528722    3.19339183    3.09681033    3.34942115    3.20058203    3.08130696    3.29564192    2.98820763    2.93223566    3.15403492    3.20923933    2.82916881    2.79126305    2.93958448    3.01677410    3.00440556    3.07882499    3.18206863    3.39298158    3.29604151    3.28093936    3.07455020    3.04972688    3.00989693    3.18084492    3.29218668    3.37151988    3.51069849    3.34782321    3.40212478    3.28110754    3.49128649    3.52177666    3.30993931    3.52854935    3.26145684    3.50012847    3.45029617    3.56833767    3.34624039    3.32983582
L0PB44_PNEJ8/76-802     2.87001713    3.33068416    3.25442370    3.14844630    3.06126685    3.17544840    3.01964284    3.14024922    2.89165850    2.95800405    3.09884164    2.89072933    2.82840694    3.06031551    3.17058537    0.00000000    2.27643677    2.51849246    2.91714493    2.82380940    2.91859537    2.88788376    2.93976355    2.88052022    3.04533330    2.86924928    2.87322810    2.94471205    2.85697613    2.86793207    2.73726955    2.90026088    2.82075711    2.74453391    2.76122762    2.75499070    2.73707272    2.90638291    2.61597994    2.64582475    2.66434079    2.57684718    2.35806331    2.53675210    2.70898070    2.70727237    2.59564745    2.46187247    2.49469824    2.56860384    2.49782373    2.37037263    2.59432929    2.47739501    2.51600801    2.54147620    2.54240081    2.56652208    2.37744644    2.41569167    2.48070710    2.38583393    2.52376398    2.54649178    2.55264594    2.66898394    2.54673046    2.68277303    2.72936605    2.68587971    2.49934012    2.68394914    2.49063642    2.42023334    2.70006593    2.56217530    2.92556694    2.96095030    3.04190863    3.03034988    2.83045817    2.85657695    2.91288907    2.86369769    3.08442778    3.02273693    2.94613903    2.97418587    2.81348651    3.24500235    2.85746247    2.78611948
R4X8D8_TAPDE/74-810     2.77198984    3.22400184    3.24789695    3.11480953    3.18068657    3.15343369    3.00256280    3.19555876    3.21136806    3.29484893    3.21101394    3.16284869    3.10838531    3.23506449    2.77382608    2.27643677    0.00000000    2.62496067    2.87851085    2.87670950    3.21226854    2.91742765    2.99865425    3.06992214    3.13925904    3.08477973    2.92525289    2.98129579    3.38066839    3.17167062    2.86643441    3.05701941    3.00202848    2.87680921    2.91307553    2.91918098    2.84247630    3.17156761    2.97652715    2.81488239    2.86885186    2.75298218    2.72777138    2.70166625    2.88867759    2.60606171    2.64292381    2.51725905    2.49093536    2.65151343    2.61654755    2.54783703    2.60043617    2.58495946    2.89603971    2.77685978    2.53344768    2.92781075    2.87626669    2.57729684    2.58967413    2.72398483    2.47596513    2.69622794    2.72568182    2.67410781    2.68935420    2.65941986    2.83912915    2.82112480    2.81151095    2.85256993    2.69199573    2.93565973    2.90029156    2.61817684    2.98941670    2.91613233    2.78700627    2.63297130    2.63610153    2.72153142    2.73104303    2.82363775    2.80080903    2.69524765    2.71744325    2.77324479    2.76609606    3.06156134    2.90551756    2.86416445
B6K5E8_SCHJY/78-762     2.81489605    3.33508439    3.17838400    3.25461284    3.22978533    3.09976326    3.13195145    3.01009681    3.06450637    3.05400051    3.27251076    3.21246518    3.15138030    3.22591071    3.27035454    2.51849246    2.62496067    0.00000000    1.62727348    1.51210656    2.87019121    2.80301541    2.81155873    2.79987811    2.85461327    2.99565228    3.00679071    2.96051312    3.07186506    3.06353832    3.14078063    3.27065490    3.23636028    3.02716988    3.07444380    3.26609365    3.01965871    3.14341265    3.09013166    2.95888776    3.03194999    2.78526025    2.73722698    2.78023093    2.70018815    2.89589550    2.91237845    2.81010873    2.95338385    2.82764041    2.88960155    2.89700834    2.89025498    3.00661387    2.58644230    2.81473491    2.80258067    2.66775222    2.91307366    2.73706949    2.62715302    2.67525290    2.75647269    2.72563191    2.87299907    2.91104090    2.96813561    2.89933302    2.80718053    3.16778678    3.15665611    3.07022155    2.81447080    2.90600924    2.94758227    2.78747718    2.89030750    3.11547202    3.08449096    3.04849543    3.21033546    3.26998430    3.09504876    3.21530895    3.37091217    3.30207414    3.19118277    3.27061110    3.16752693    3.34487684    3.12100217    3.11704969
YGSA_SCHPO/75-784     3.49521142    3.99881940    3.77243089    3.77875275    3.72541571    3.18965741    3.67240106    3.39641636    3.38623848    3.50209269    3.72521220    3.62888056    3.55371485    3.65368639    3.40549906    2.91714493    2.87851085    1.62727348    0.00000000    1.09205559    3.33499230    3.29583278    3.30532752    3.26728449    3.34925530    3.45957985    3.41234311    3.44675977    3.48221578    3.50050093    3.11475882    3.24087957    3.24133875    3.15646392    3.15916550    3.12320509    3.11520142    3.39179176    3.26891865    3.06345490    3.23255997    3.00598304    3.01277827    3.03370963    3.05596745    2.88627435    3.14669769    3.04833397    3.13784663    3.18995447    3.22561045    3.12953792    3.09820032    3.15946105    2.81756127    2.99058265    2.92934980    2.92711781    2.91521563    3.16228545    3.03719428    3.06550427    2.95677386    3.13019352    3.02845111    3.33897508    3.17559716    3.18363348    3.27125329    3.36825761    3.56478121    3.04597424    3.04074891    3.34307558    3.23934711    2.87648054    3.32229526    3.23472706    3.13357497    3.19201762    3.22578191    3.28464843    3.25070930    3.23689967    3.17189415    3.22168810    3.20273923    3.34904663    3.24811513    3.54000684    3.24905091    3.33607468
S9VV14_SCHCR/75-785     3.10365347    4.06330764    3.91409825    3.91862990    3.42501695    3.29060186    3.55552161    3.24861558    3.29436852    3.39749751    3.60956741    3.43277026    3.58020486    3.40236821    3.38696674    2.82380940    2.87670950    1.51210656    1.09205559    0.00000000    2.95909551    3.21622410    3.23725276    3.12823945    3.14409894    3.03157002    3.00710945    3.01035117    3.15838721    3.15469981    3.07516050    3.28988795    3.14069143    2.98436624    3.00417360    3.24148891    2.94950492    3.31595759    3.33551235    3.20945078    3.16240472    3.00975952    3.14799853    3.22256709    3.14279828    2.92758241    2.82046647    2.89621773    2.99143681    2.97576173    3.04977307    2.94891483    3.05307477    3.11238250    2.94137522    3.12173057    3.09927601    3.11727187    2.93973088    3.08430646    2.99183704    3.01707956    2.90188610    2.94647286    2.88537329    2.98408675    3.09751258    3.15478753    3.26140389    3.31954903    3.42218626    2.93897600    2.99587843    3.24814647    2.98173301    2.97619527    3.22948675    3.05008798    3.00783041    3.07327202    3.17682224    3.33086950    3.21242428    3.26115445    3.36374140    3.22190588    3.24556434    3.15988613    3.18949345    3.34876563    3.41457760    3.37842680
Q1K916_NEUCR/97-842     3.21729710    3.80495815    3.73459826    3.71137958    3.34240115    3.70023749    3.34729854    3.47707601    3.50942810    3.46365045    3.39343336    3.51784504    3.58572579    3.66285522    3.76027794    2.91859537    3.21226854    2.87019121    3.33499230    2.95909551    0.00000000    0.56358623    0.55580337    0.59518314    0.53981326    1.13619177    1.12270237    1.12975944    1.27371452    1.24448628    1.65371092    1.78287167    1.65025154    1.66893723    1.67233520    1.75558334    1.62876396    1.59007522    1.44588892    1.38283377    1.39583044    1.53340122    1.52009284    1.63695247    1.62297123    1.64747691    1.99269036    1.95281242    1.99217468    1.96061764    2.04763380    1.97701427    1.99687381    2.04393341    2.19750086    2.34789230    2.18309738    2.30272088    2.21934835    1.96087688    1.93192149    2.07004481    2.06834383    2.08208934    2.15745918    3.16434074    3.37576459    3.23588754    3.61626981    3.54816626    3.32620178    3.61148974    3.28596545    3.39253183    3.36415621    3.00468802    3.22121681    3.26315889    3.54052859    3.32052576    3.29253252    3.31152862    3.35974417    3.51637591    3.23536576    3.40112557    3.34328661    3.30314500    3.26426646    3.70365095    3.62902186    3.65908591
G0S163_CHATD/90-828     3.20201009    3.70908005    3.59290498    3.53270241    3.35277497    3.45339334    3.27730499    3.32152747    3.54145114    3.26891823    3.39993801    3.37531457    3.48842899    3.47312680    3.68912598    2.88788376    2.91742765    2.80301541    3.29583278    3.21622410    0.56358623    0.00000000    0.37848364    0.39786801    0.36434719    1.05334708    1.03031659    1.04826128    1.27734277    1.30046203    1.68035295    1.75994095    1.73184473    1.65969864    1.69628571    1.74614153    1.72069884    1.63568460    1.43871750    1.43976313    1.39061764    1.51947669    1.43066136    1.65057847    1.67834855    1.55831825    2.03507806    1.91531149    1.90500921    1.97550260    1.97761326    2.02624084    2.00020995    2.01142072    2.16788413    2.20190246    2.21423243    2.30056859    2.26610525    1.91584833    1.88623375    1.93265086    2.04997556    1.98398207    2.06498252    3.10926134    3.38605561    3.25889168    3.62690325    3.77972530    3.50771304    3.70937618    3.23527364    3.48567207    3.32096245    3.15181054    3.17604810    3.20414469    3.30953563    3.25435568    3.09084352    3.06183565    3.22831606    3.26652146    3.08567740    3.17502869    3.17075675    3.12880707    3.04939409    3.60905002    3.61007774    3.59004040
G2R374_THETT/90-837     3.24616388    3.40375219    3.46982948    3.42102019    3.40816379    3.58270138    3.27505575    3.24238358    3.53757910    3.42851397    3.37916215    3.42404187    3.47435336    3.31268924    3.44791710    2.93976355    2.99865425    2.81155873    3.30532752    3.23725276    0.55580337    0.37848364    0.00000000    0.30216267    0.22907334    1.04298861    1.01243660    1.04289915    1.23835346    1.24491697    1.66947876    1.70961732    1.67353800    1.65230111    1.65092890    1.68941494    1.63913039    1.65369285    1.41101313    1.37888276    1.31940352    1.48040434    1.42362650    1.63372716    1.59843442    1.54477913    2.03380410    1.84548101    1.89000039    1.91103209    1.95647431    1.93620125    1.90851055    1.96719826    2.15807144    2.24149087    2.17873763    2.19796095    2.29390077    1.89307540    1.92026388    1.92756179    2.05233518    2.05065409    2.07845521    3.20186650    3.21522704    3.11603577    3.41341400    3.39068332    3.40430678    3.46582721    3.08711059    3.32692717    3.12705472    3.16046290    3.28409076    3.31576612    3.39499262    3.32553388    3.18879125    3.19109364    3.43739196    3.39358882    3.27909725    3.34138641    3.34720730    3.31492995    3.26172462    3.72576936    3.57034999    3.57242830
G2Q0N8_MYCTT/90-837     3.28714268    3.72642400    3.74225962    3.73633368    3.44800673    3.63607068    3.44026769    3.33161577    3.63414855    3.41365675    3.42913653    3.46474643    3.66917983    3.50398345    3.59415847    2.88052022    3.06992214    2.79987811    3.26728449    3.12823945    0.59518314    0.39786801    0.30216267    0.00000000    0.24817540    1.06880278    1.06496586    1.10434353    1.26205364    1.29164760    1.69758419    1.83426963    1.79642990    1.72480780    1.72061664    1.79169798    1.72475026    1.71016984    1.42690314    1.41623910    1.37176900    1.54470545    1.49552272    1.70710959    1.63198250    1.57448321    2.01611721    1.89331585    1.95056760    1.98094327    2.00237497    1.87602787    1.91129009    1.90680137    2.19341316    2.29015404    2.27530200    2.26948811    2.31282276    1.94615240    1.97499502    1.93691462    2.06995344    2.09803673    2.09901192    3.11213286    3.15779490    3.06680578    3.42767252    3.41757212    3.33964721    3.37080835    3.07634686    3.28389251    3.13515446    3.03766277    3.22676371    3.35506465    3.35305563    3.22853418    3.15576603    3.10814803    3.35601045    3.33616266    3.24787743    3.28925062    3.30289737    3.25361799    3.18905121    3.63713532    3.34385744    3.43325410
Q2H4A0_CHAGB/90-837     3.28396027    3.59290467    3.54287505    3.52113525    3.36006639    3.62183283    3.30621982    3.30502588    3.57373696    3.39389816    3.49804465    3.46686329    3.54619094    3.38896945    3.63067701    3.04533330    3.13925904    2.85461327    3.34925530    3.14409894    0.53981326    0.36434719    0.22907334    0.24817540    0.00000000    1.04903224    1.03098967    1.03939603    1.26825735    1.27474928    1.71808663    1.81550006    1.77573906    1.72182176    1.72932911    1.78600241    1.72440655    1.71567569    1.48266281    1.48743676    1.40718477    1.48894118    1.43524236    1.63593748    1.57565643    1.55349448    2.01839714    1.85910921    1.96387523    1.93753469    2.02366228    1.94402642    1.95458600    2.01491464    2.16730538    2.28485361    2.25637618    2.31023275    2.27234402    1.92914512    1.98383916    1.92478995    2.04614168    2.02821477    2.05624296    3.15388409    3.22757503    3.17335300    3.61888173    3.52886166    3.43146424    3.47014801    3.16845572    3.40015972    3.25026030    3.22832984    3.46280263    3.40366928    3.40880913    3.33124720    3.23837978    3.21690933    3.46343035    3.39851051    3.30111861    3.42292689    3.42227056    3.33679618    3.28658531    3.63017637    3.52295763    3.65969153
F0XK57_GROCL/85-853     3.32925492    3.95427364    3.85148957    3.69831846    3.13802843    3.43517252    3.31257030    3.38142008    3.49915300    3.14100951    3.31434556    3.38085474    3.44627934    3.39061535    3.59121912    2.86924928    3.08477973    2.99565228    3.45957985    3.03157002    1.13619177    1.05334708    1.04298861    1.06880278    1.04903224    0.00000000    0.28842861    0.33192226    1.11037071    1.09512242    1.67114150    1.73600150    1.73731051    1.66345117    1.69059442    1.71457927    1.65641061    1.68085445    1.47208553    1.44853127    1.43325548    1.56806280    1.62549150    1.71755203    1.71571176    1.65485739    2.26590000    2.03131266    2.10596995    2.03550032    2.16236943    2.09493762    2.01836899    2.03213488    2.34518831    2.24210353    2.31123016    2.38953199    2.31529064    2.00719862    2.03543891    2.07491639    2.08329183    2.06607549    2.19563019    3.10329470    3.44063246    3.20617764    3.46793924    3.57528307    3.37305978    3.67070241    3.26771470    3.34421202    3.29078367    3.17587035    3.28218936    3.10788631    3.41799844    3.46013477    3.17833403    3.14934481    3.15139284    3.41405328    3.27241537    3.26228737    3.22253468    3.22449526    3.19692134    3.64197945    3.37744764    3.30875334
U7PWJ0_SPOS1/93-899     3.22237591    3.87937884    3.80778390    3.68534556    3.01730327    3.56898947    3.26093349    3.34404025    3.49344198    3.21561016    3.29067407    3.40847587    3.46684680    3.33603328    3.46299976    2.87322810    2.92525289    3.00679071    3.41234311    3.00710945    1.12270237    1.03031659    1.01243660    1.06496586    1.03098967    0.28842861    0.00000000    0.23969837    1.09297756    1.06168038    1.65081946    1.69934224    1.73902177    1.62011023    1.65659455    1.64812115    1.62237264    1.67293721    1.43343957    1.40368371    1.38436552    1.55857080    1.55510451    1.66856837    1.72129098    1.61155839    2.14398441    1.94625392    2.03735503    1.93898585    2.06783829    2.03297190    2.03349821    2.02059749    2.28595550    2.29686411    2.21724735    2.42135541    2.32201320    1.96169938    2.02447118    2.08314938    2.00864209    2.01966180    2.18361247    3.11869811    3.41024316    3.19137441    3.45939575    3.49799240    3.35709191    3.50851018    3.18213698    3.31284319    3.09986144    3.04077147    3.24167857    3.02078429    3.39922580    3.35569164    3.07398662    3.05571026    3.23765550    3.40165325    3.31180010    3.25298338    3.05991577    3.16036855    3.16437378    3.52699624    3.34758806    3.35146124
S3C7U9_OPHP1/203-1007     3.18494116    3.94229174    3.73730480    3.56980689    3.06384583    3.57516210    3.46994434    3.42372184    3.57952978    3.29904428    3.41184192    3.54220367    3.58736298    3.40956448    3.47627305    2.94471205    2.98129579    2.96051312    3.44675977    3.01035117    1.12975944    1.04826128    1.04289915    1.10434353    1.03939603    0.33192226    0.23969837    0.00000000    1.09577722    1.08652826    1.67316185    1.68997176    1.73751742    1.63246318    1.67027518    1.65691750    1.61581225    1.66752138    1.46762029    1.41390355    1.40891041    1.55225168    1.57452726    1.70449717    1.76728308    1.60957970    2.17604854    1.99289508    2.09204204    1.97579613    2.13487665    2.08838455    2.00201204    1.99949960    2.34196055    2.33527416    2.23728606    2.41315042    2.28979117    2.04942381    2.06415834    2.09635019    2.04608774    2.08310389    2.22455923    3.01869186    3.41275067    3.21323515    3.58353489    3.37104575    3.25301222    3.45685693    3.12753715    3.19574864    3.13172086    3.08265902    3.33809777    3.09569388    3.29797450    3.43343679    3.14587802    3.10549871    3.36897021    3.38747716    3.21780324    3.24838470    3.06463053    3.24339299    3.18460800    3.71107602    3.45662971    3.47690554
G4NIZ8_MAGO7/93-832     3.28092133    3.73964944    3.62583996    3.65740617    3.33958743    3.51167995    3.62332942    3.75547435    3.71880583    3.25860041    3.61279439    3.50408543    3.43610869    3.67407011    3.57755327    2.85697613    3.38066839    3.07186506    3.48221578    3.15838721    1.27371452    1.27734277    1.23835346    1.26205364    1.26825735    1.11037071    1.09297756    1.09577722    0.00000000    0.49496222    1.66335051    1.71748775    1.71494752    1.65038479    1.64622664    1.74084929    1.63434796    1.69864722    1.50310343    1.49969591    1.45935645    1.67093816    1.52707954    1.71849231    1.70701078    1.49954040    2.18057068    1.97452974    2.01815158    2.03722229    1.99601023    2.00525898    2.07978364    2.00681229    2.37719790    2.23023070    2.38030805    2.49247957    2.42787723    1.96737486    1.97760876    2.12520645    2.04167173    1.98624770    2.07365377    3.34791869    3.53572835    3.55685473    3.54837961    3.63395197    3.72315936    3.48175384    3.37106694    3.76475225    3.37317570    2.95240194    3.26641305    3.14318879    3.41289152    3.25634910    3.34984306    3.36651088    3.36147804    3.48559112    3.61493411    3.53432833    3.33497769    3.43564919    3.35629291    3.63623106    3.28488857    3.34481731
J3PDU1_GAET3/90-836     3.29588026    3.55584754    3.52763852    3.50252048    3.28514680    3.62617858    3.57696693    3.53026706    3.64952307    3.17537013    3.63651127    3.41202587    3.34185322    3.56743281    3.39617821    2.86793207    3.17167062    3.06353832    3.50050093    3.15469981    1.24448628    1.30046203    1.24491697    1.29164760    1.27474928    1.09512242    1.06168038    1.08652826    0.49496222    0.00000000    1.67396922    1.71874438    1.74016125    1.68085913    1.71196658    1.73629507    1.62246902    1.68156167    1.47864967    1.43967943    1.45766121    1.60955181    1.46349693    1.67339876    1.68078777    1.63629030    2.05671356    1.92826396    2.02656621    2.02496970    2.01610894    1.95634515    1.95914350    1.92583959    2.32203785    2.27572389    2.22496339    2.49460150    2.33675337    1.94714855    1.94277122    2.05975101    1.99080531    1.96939759    2.03845728    3.22389166    3.53533355    3.40827867    3.55678966    3.37667912    3.52602426    3.51239942    3.23971798    3.51332433    3.46219288    2.96826029    3.24708126    3.19163536    3.30841662    3.24755631    3.24919945    3.22888101    3.39197068    3.45678194    3.40974035    3.29092415    3.26390484    3.37803702    3.29448219    3.28970419    3.24403764    3.39565039
