93
F8L013_PARAV/69-233     0.00000000    1.77710353    1.74636578    1.96690290    1.62470337    1.70483986    1.80796709    1.76712250    1.73716685    3.26844510    3.22685561    3.17639420    3.24803748    3.45472726    3.53399515    3.24525998    2.90753205    2.85224405    3.18981680    3.16427539    3.17628495    2.95183951    2.84338305    3.18301314    3.64910295    3.46393917    3.47544642    3.29412367    3.43368316    3.08392410    3.27361026    4.86794265    3.61501326    3.14550759    4.04088201    3.85754352    3.33414179    4.36004920    4.34357293    3.74400703    2.74045659    3.56882471    3.34935759    3.94466600    4.74295394    3.54252788    3.58181379    3.51194193    4.21551669    3.99249642    2.99269439    4.58096397    4.42251311    3.33953046    3.80369726    4.45171896    2.65994046    3.14092371    3.02156127    3.15683740    3.02561925    3.04624588    2.78872589    2.63169900    2.65034537    2.99799036    3.52089735    2.53064917    2.82654282    3.01368970    2.95946808    3.21841451    2.88137815    2.69897421    3.89937929    3.21175816    3.54191985    3.46381262    3.29266028    3.58646931    2.76228963    3.24428129    2.94040481    2.12904166    1.89039434    1.99957281    2.43125895    2.06043636    1.67501684    1.81724463    1.69461482    2.13881349    1.55728474
G0J545_CYCMS/62-223     1.77710353    0.00000000    1.58612628    1.61022774    1.46541368    1.46634368    1.71369440    1.50592103    1.58559968    3.15796298    3.26276650    2.76692624    3.23561190    3.23414311    2.97415459    2.80644719    2.57720466    2.72925108    2.62974321    2.44777085    2.65799627    2.64355241    2.48120690    2.75610261    3.76905919    3.79939825    3.28695507    3.20511268    3.08244969    4.07216480    3.95087569    4.10148330    3.72589660    4.01820378    3.98667765    4.03997659    3.79260441    4.89763534    3.83574904    3.78911370    3.13206281    3.23622432    3.87251747    4.24482386    4.24425486    3.72656236    3.95362237    4.03224622    3.71383517    3.95456641    2.98885264    4.44904621    3.89594644    3.12865132    4.84702257    4.20712805    3.21477250    3.50794515    2.73063650    2.98706843    2.88817477    2.87180592    3.17277346    2.78732198    2.49212976    2.90464684    3.33997725    2.87632783    2.84942505    3.55559724    3.04507606    2.93717466    2.40344839    2.65728264    3.52777333    3.16945492    3.52231344    3.87297353    3.75210973    3.23334077    3.04052928    2.89428052    3.06918692    2.31765417    1.89906841    2.15904495    2.44281504    2.23219098    1.79875553    2.15550433    1.92334759    2.21985329    1.57124204
H1Y7K8_9SPHI/68-234     1.74636578    1.58612628    0.00000000    1.09490477    0.96846852    1.16427019    1.13517391    1.90919831    1.67009502    3.11596592    2.72684645    3.25205366    3.27939627    3.10621471    3.03985974    3.12313956    2.97078405    2.92243046    2.81108961    3.02685132    2.90064242    3.22054908    2.96152385    2.98281100    3.13941838    2.87617155    2.86603637    2.87954563    2.57067444    3.05486565    3.38986279    4.41130544    3.57718709    3.07006803    3.45859105    3.31335641    3.61655919    4.32332681    4.43404222    3.89385623    2.84830127    4.07768333    4.08014795    3.42434548    3.95048143    3.72653528    3.72934226    3.56023973    3.75457934    3.66050956    2.78710713    3.71536072    3.33457916    3.08374338    3.94625721    4.58910978    3.11111100    3.21787645    3.12907886    3.37580858    3.00937417    3.48813169    3.31812174    2.88917648    3.01853775    2.99136944    3.14929579    3.22617304    3.13468114    3.31382141    3.19543505    2.97141918    2.78452155    3.20361609    3.91748356    3.50443722    3.55309594    3.97486517    3.15077580    3.27515333    2.35092752    3.16585046    2.58286615    2.13057683    1.72601405    1.80905721    2.86662049    2.24533171    1.74107214    1.77297603    1.67749354    1.82038112    1.73469748
C6VXZ1_DYAFD/54-219     1.96690290    1.61022774    1.09490477    0.00000000    1.15297869    1.14291868    1.04047746    2.05773340    1.89773863    3.15031800    3.23945842    3.20982544    3.25667757    2.80494768    2.71159793    3.63582799    3.69490238    3.48714502    3.21050329    3.64429147    3.57355846    3.70668809    3.53417351    3.51135702    3.40487302    3.04791231    3.19645398    3.15567448    3.27116875    4.06982537    3.87939858    4.61633797    3.34961762    3.43309533    4.00212909    3.88405627    3.37779889    5.11053494    4.49514229    3.75271831    3.48014858    3.56893367    4.57983124    4.18066798    4.59598332    3.77456167    3.78567716    3.75517017    4.73173108    4.34527108    2.99278787    4.81769206    4.14412550    3.35176171    3.95432868    5.36945132    3.72726337    3.96715418    2.96445323    3.15493580    3.00435229    3.58301219    3.51030830    2.75520182    2.82413980    2.74695482    3.42452706    3.25941388    2.96399336    2.97610592    3.01470809    2.82144833    3.84878491    3.79978392    4.36876351    3.94583726    3.19685386    3.82695662    4.31210543    3.74692781    2.81323536    3.53072183    3.41756774    1.89711008    1.63913075    2.02253753    3.03312337    2.36895656    1.59793358    1.69615602    2.03249686    2.07824328    1.71888326
C6XYQ2_PEDHD/80-242     1.62470337    1.46541368    0.96846852    1.15297869    0.00000000    0.85215984    0.85312781    1.70492489    1.46770934    2.74506701    3.69499210    2.97332241    3.26665177    3.36208613    3.36596832    3.47260888    3.29863835    3.10983661    3.07457619    3.23751581    3.30693208    3.42073600    3.06482632    3.46395961    3.15347459    3.17226387    3.47646838    3.18174030    3.33153822    3.54255226    3.85897930    4.48643349    3.88761708    3.16187676    3.98892815    3.46315987    3.69881534    4.58823565    4.11746041    3.66697902    3.74750002    4.40464589    3.93150955    4.37457425    4.28089983    3.80494752    4.08296782    3.99756921    4.46514423    4.15652655    3.72705597    4.33423564    4.55263796    3.58326247    4.82851541    5.82368052    3.38505499    3.58082618    3.24869003    3.42560435    2.87360529    3.30800036    3.20599478    2.62369206    2.53679907    2.72944037    2.98860519    2.93389387    2.85203175    3.21098247    3.05505040    2.85570343    3.64177677    3.04296972    3.74861669    4.00346300    3.39207175    3.91727167    3.77745187    3.63674926    2.58650603    3.89833480    3.43279739    1.97859123    1.67285560    1.86670268    2.74837556    2.56881776    1.79496053    1.73704273    2.00414939    1.90714959    1.47171775
C7PJY5_CHIPD/60-221     1.70483986    1.46634368    1.16427019    1.14291868    0.85215984    0.00000000    0.88309349    1.97121083    1.83888979    3.03293360    3.77891111    3.15082152    3.39641466    3.21921549    3.36377227    3.26251879    3.29591380    2.94250281    3.08345464    3.29420208    3.40724507    3.44881853    3.19343301    3.27427509    3.49753279    3.80415561    3.53659565    3.44768291    3.73954846    4.35252533    4.43244028    5.12501278    3.56397101    3.46267492    4.37128643    4.31905763    3.96761455    4.61075343    4.56359283    3.89241519    3.36953321    4.06973700    4.15557706    4.21772912    3.96010393    4.03465442    4.61943228    4.07558809    4.71943797    4.82579436    4.24377736    5.15084186    4.30711299    3.73731574    4.53427064    5.02704702    3.09394745    3.61520260    3.26101563    3.61975654    2.97794534    3.53394829    3.28992722    2.87277813    2.80492042    2.80546781    3.29549305    3.08461812    3.20048246    3.82134260    2.98396883    2.92487083    3.81810518    3.26423699    3.81637616    3.57646321    3.54817004    4.27581579    3.75715540    2.93646305    3.10206066    3.88847933    3.48618281    1.77220451    1.63173007    1.87693884    2.87856786    2.27535442    1.75341651    1.79394003    1.93530228    2.07288136    1.61213818
H8KQW8_SOLCM/75-237     1.80796709    1.71369440    1.13517391    1.04047746    0.85312781    0.88309349    0.00000000    1.86948013    1.78935606    3.21903888    3.93064202    3.07676134    3.22057532    3.23711251    3.10411618    3.33328594    3.61932856    3.07873805    3.11085712    3.21515892    3.35458076    3.31259772    3.13965737    3.53939124    3.49551348    3.73317326    4.01068856    3.52179532    3.67121197    4.27619106    4.27841779    5.26147377    3.53282825    3.49518572    4.50970780    4.15214468    4.07818999    3.90646685    3.69266688    3.87066969    3.46076318    3.92299750    4.38090630    4.36842246    4.32751796    4.11890162    4.16664870    4.11701883    4.34768892    5.13816504    3.51239005    4.00542798    4.15561559    3.59593742    4.47971241    5.97076441    3.06926235    3.66374478    3.27023195    3.57325467    3.14930650    3.17615439    3.42127383    3.02565523    3.05652203    3.09794516    3.50588152    3.20457362    2.94552052    3.31096880    3.02908276    2.87900064    3.71310029    3.60905201    3.95503427    3.60314711    3.42045696    4.26296980    3.61730921    3.26860165    2.64879346    3.65490136    3.67919416    1.85679656    1.72688802    2.07341237    2.84609474    2.23917961    1.83116392    2.13031002    1.84715526    1.91752152    1.63228323
Q2S737_HAHCH/78-241     1.76712250    1.50592103    1.90919831    2.05773340    1.70492489    1.97121083    1.86948013    0.00000000    0.72226820    3.93678439    3.91693083    2.96572190    2.96362348    3.13537003    3.21626740    3.30165063    3.17459503    3.20068788    3.16244124    3.38103027    3.28370134    3.22765402    3.24757408    3.34160124    3.38326190    3.13530486    3.55277009    3.51524448    3.08447786    4.03459438    3.79399618    4.60786801    3.67503805    3.31565177    3.42622763    3.25180711    4.17396091    5.17324035    4.29796880    4.27555486    3.44582701    3.78865124    3.73569838    3.77593498    4.33404444    5.07716752    4.58070497    4.57823220    4.69490973    3.86285942    3.50551646    6.67149461    5.06168782    4.23656763    4.82059909    3.71849561    3.29216283    4.12617749    2.90937481    3.35703564    2.72841999    2.96538731    3.32024945    3.07268295    3.04889570    3.20854538    3.49750226    3.25357962    3.01712456    3.41750558    3.01102694    2.83636598    2.89309189    3.17917918    3.46111849    3.29657645    2.84523948    3.37830000    3.12610378    3.54997849    2.75191626    3.15804740    3.06137395    2.20933817    1.81408355    1.65699157    2.15402218    1.86312054    1.43391642    1.85377977    1.83346774    1.61189275    1.52070671
F2JUM1_MARM1/75-240     1.73716685    1.58559968    1.67009502    1.89773863    1.46770934    1.83888979    1.78935606    0.72226820    0.00000000    3.39363103    3.24256305    3.32627225    3.24861087    3.67887334    3.48249058    3.07870367    3.15389616    3.05806496    2.96810514    3.12565381    3.06451450    3.07361268    3.15844178    3.30677108    3.18084213    2.99901689    3.17965865    3.21231246    2.97351923    3.60362588    3.47235691    4.26023448    3.38685526    3.08468387    3.24021810    3.11639930    4.45399873    4.15781729    3.76296140    4.33242354    3.27969454    4.02321815    3.76560104    4.29296403    4.57280203    4.60958840    4.53173833    3.95467296    4.40090000    4.12914246    3.68452969    5.30836331    4.40679032    3.68572609    5.43160146    4.22875208    2.98629527    3.70398507    3.04447076    3.17969616    3.28227323    2.88736942    3.51635321    3.40732444    3.54090403    3.41825353    3.88031612    3.42132056    3.19260215    3.58608518    3.33816160    3.07150779    3.01079121    3.32983597    3.42363953    3.71254672    3.20757576    3.74057733    2.99190981    3.66696284    2.73555983    3.17396100    2.88639212    2.27533823    1.93164732    1.98852852    3.00619998    1.81160946    1.67073023    1.88874353    1.64464231    1.75656523    1.77367107
G2Z5R4_FLABF/42-202     3.26844510    3.15796298    3.11596592    3.15031800    2.74506701    3.03293360    3.21903888    3.93678439    3.39363103    0.00000000    3.75661939    3.80780245    3.91653352    4.13293903    3.87417395    3.37967485    3.20420173    3.37284342    3.42710494    3.09390380    3.27643796    3.44164006    3.22720463    3.14379079    3.03716259    3.44529486    3.51737258    3.91680261    4.10097042    3.61655545    3.60716302    5.18345476    2.79336392    4.41532515    3.76738128    4.12641032    3.82403980    3.65070353    4.24429187    3.82997433    2.60320408    3.15599453    3.32922231    4.66864042    3.92679621    4.88909930    3.89673649    3.99331295    3.66410918    5.43311336    4.65757839    3.94773678    3.70487751    3.69618484    4.77013883    4.09816232    3.24558789    2.98081479    2.86232968    3.01793061    3.74262560    3.92405878    4.01964881    3.74223531    3.79161675    4.19636453    4.63294276    4.32044138    4.13208499    3.80069711    3.75776109    3.57586339    3.17484188    2.71947042    4.05493184    3.11793092    3.50799733    4.16369351    3.63358964    3.56015603    3.03445555    3.33864464    2.92010425    3.89889115    3.13817760    3.48764546    3.91808828    3.43778299    3.29840122    3.74575015    3.76234894    3.26463810    2.94241215
C1ABF9_GEMAT/72-241     3.22685561    3.26276650    2.72684645    3.23945842    3.69499210    3.77891111    3.93064202    3.91693083    3.24256305    3.75661939    0.00000000    2.51635640    1.93507497    2.33234854    2.35937905    2.72130377    3.03527209    2.45277406    2.70629327    2.61603389    2.56379517    2.72455093    2.82245998    2.75544230    2.47690045    2.18777682    2.43663313    2.37195426    2.27792971    3.04116798    3.10599113    3.02626640    2.48213657    2.52417919    2.66827340    2.61349050    3.24854264    3.58113626    3.61919691    3.70880236    2.25201776    2.39282298    2.83695338    2.90881000    3.21743417    3.17136404    3.11410065    2.75824416    3.16935921    3.11007885    2.41771068    3.21325581    2.99478760    2.49393150    2.43171442    2.79582324    3.29677640    3.33856673    2.36019459    2.34596410    2.69505155    3.02747110    2.53926945    2.79430356    2.51090087    2.48390567    2.86592110    2.78700263    2.63113873    2.94795814    2.88131669    2.57724089    2.03000480    2.38810187    2.70610179    3.09356919    2.98281295    2.80918007    2.91081101    2.36213430    2.70846175    2.80070764    2.83995494    3.58400010    3.08565675    3.13541466    4.13630403    3.10960746    3.39719202    3.04481676    3.45980460    3.49912891    3.38349506
A9EST3_SORC5/691-859     3.17639420    2.76692624    3.25205366    3.20982544    2.97332241    3.15082152    3.07676134    2.96572190    3.32627225    3.80780245    2.51635640    0.00000000    1.50716617    1.59462202    1.62455211    2.33556424    2.53433061    2.39901099    2.41626054    2.37914821    2.22601046    2.51417543    2.57620523    2.39380960    3.00230682    2.65198617    2.56584685    2.56668726    2.70744332    3.51837522    3.83019544    4.00775664    3.46667943    3.66425848    3.58329872    3.66074620    3.46805236    3.48336193    3.80260875    3.56172701    2.78445218    3.22721374    3.49168009    4.78913791    5.00380073    4.04782329    3.93143402    3.48642915    3.89796078    4.21802061    3.69163971    4.38899393    4.07337372    4.09090443    4.46147675    4.49117790    3.10019714    2.91673243    2.79156914    2.83534372    2.68687926    3.48310697    3.21902010    3.42442652    3.33799124    3.14518075    3.47776121    3.14107075    3.00495343    3.03798456    3.14154392    3.16193108    2.74511715    2.26254689    3.30262809    3.78121821    3.52048615    3.16967211    3.81712263    2.99628309    2.49703839    3.16862089    3.00142763    3.34159010    3.07956810    2.46089416    3.99506024    3.42154463    3.35374099    3.22357880    2.97249694    3.58426289    2.46934785
E3FTM2_STIAD/635-804     3.24803748    3.23561190    3.27939627    3.25667757    3.26665177    3.39641466    3.22057532    2.96362348    3.24861087    3.91653352    1.93507497    1.50716617    0.00000000    0.86054594    0.97620662    2.60212763    2.57391611    2.54229257    2.79462631    2.67741245    2.55731553    2.38606980    2.65556298    2.42727643    2.22705458    2.77651780    2.35800932    2.54941849    2.80866218    2.89451834    2.81071984    3.46056638    2.84909470    2.29843836    2.88245825    2.72661815    3.00797744    3.31325975    3.58278601    3.74372083    2.10931431    2.89681735    2.82018570    4.19011148    4.26715604    3.96870848    3.12422460    2.99754459    3.49504946    3.53147965    3.18458538    4.00226731    3.91454382    3.18754532    3.27979326    3.36597472    2.29798599    2.67202557    2.05845177    2.35741533    2.32117328    2.72736548    2.67982438    2.77040824    2.63164819    2.55903508    2.97834219    2.52136106    2.80188342    2.47854314    2.50440296    2.42849007    2.86871936    2.22005479    2.92819326    2.96181120    3.17518326    3.17720092    2.84947674    2.65207936    2.78838321    2.87244097    2.75281198    3.17993441    3.35468710    3.25388269    4.15955035    3.61128865    3.45331316    3.31954556    3.13590039    2.98484269    3.16318877
Q2IMI2_ANADE/647-814     3.45472726    3.23414311    3.10621471    2.80494768    3.36208613    3.21921549    3.23711251    3.13537003    3.67887334    4.13293903    2.33234854    1.59462202    0.86054594    0.00000000    0.44521216    3.09255441    3.08146453    3.24988426    3.31982581    3.13977356    3.05149114    3.23931359    2.99913633    3.25963480    2.85548467    2.85151247    2.66254980    2.75497795    2.66409056    3.33062399    3.29004874    3.41106589    2.85661756    2.77598374    3.25768551    3.08606814    4.05375861    3.40996830    3.29173997    4.35593847    2.63475157    2.75760676    2.95594055    4.11543950    4.23985801    4.01770763    3.25494409    3.45510318    4.49128217    4.43879070    3.48347404    4.39968426    3.61318546    3.53050186    4.67631463    4.49124427    3.02713747    3.34625129    2.69975031    2.57861701    2.64390852    3.37494934    2.72878180    3.06776563    2.70712259    2.87358602    3.11618677    2.88388585    3.18041810    2.99707696    3.32363055    2.82363530    2.88313725    2.39661942    3.09247148    3.16432725    3.59741261    3.15691992    3.27547535    2.92575020    2.81145493    2.92250732    2.71112495    2.65681798    3.28890367    3.23863121    3.59465880    3.47928116    3.28740569    2.84286143    3.04108834    2.98485631    2.75133893
A7H6Y1_ANADF/645-812     3.53399515    2.97415459    3.03985974    2.71159793    3.36596832    3.36377227    3.10411618    3.21626740    3.48249058    3.87417395    2.35937905    1.62455211    0.97620662    0.44521216    0.00000000    2.96079791    3.02469279    3.12269779    3.17428284    3.01642634    2.97269050    2.87388451    2.93142128    2.91116936    2.96481149    3.01895037    2.65859211    2.68678807    2.70632439    3.58097527    3.41798494    3.47100501    2.89838929    2.92775967    3.22211048    3.35540966    3.90005922    3.71865318    3.13032848    4.15759508    2.78780367    2.87538864    2.95560005    4.47774519    4.20848622    4.29076612    3.34039788    3.72874067    4.24847863    4.49366550    3.73382904    4.40682844    3.99472837    4.07448305    4.43425398    4.35595150    3.02859848    3.41742669    2.82248112    2.62501748    2.81810160    3.46694727    3.15560082    3.34656585    3.13627686    3.13753999    3.14847748    3.09372563    3.23525312    3.07561770    3.49798364    3.08143058    3.07457404    2.55508859    3.44817122    3.31985076    3.25297291    3.24112494    3.34286699    2.68979367    2.71791266    3.24674278    2.94619893    2.96751658    3.30641343    3.08782248    3.52948151    3.27973292    2.97259400    2.91545956    2.94552109    3.22434145    2.66802074
R5PJQ9_9BACT/53-232     3.24525998    2.80644719    3.12313956    3.63582799    3.47260888    3.26251879    3.33328594    3.30165063    3.07870367    3.37967485    2.72130377    2.33556424    2.60212763    3.09255441    2.96079791    0.00000000    0.41050974    0.51684974    0.56021311    0.49661516    0.43782155    0.60137471    0.52217303    0.46373491    2.35642861    2.61682231    2.42055688    2.33876550    2.26032312    4.26663429    3.79560505    4.09168104    3.47624982    3.68960274    4.24030238    3.99949703    3.09820807    3.05317000    2.97695757    4.15623696    2.60435053    3.14170330    2.97699923    4.65691439    4.35189474    3.73179611    3.91932362    3.44011019    3.73887664    4.41208175    3.58572351    3.90668162    3.80199476    3.76858966    4.17645675    3.73867494    2.72982774    3.19142220    2.79943583    3.30179454    2.99887857    2.97517114    3.28088654    2.84679341    2.87589036    3.08149429    3.61725525    2.76429213    3.00479982    3.67643034    3.09251746    3.29749287    3.04014494    2.22519135    2.90866991    3.84565413    3.34377270    3.26910364    3.38930905    2.89989414    3.47861710    4.12284238    3.76165757    3.29391529    3.21979011    3.73981210    4.66772012    3.12667161    3.01096271    3.10640368    3.27755939    3.70749801    3.07164908
R5USP2_9BACT/53-232     2.90753205    2.57720466    2.97078405    3.69490238    3.29863835    3.29591380    3.61932856    3.17459503    3.15389616    3.20420173    3.03527209    2.53433061    2.57391611    3.08146453    3.02469279    0.41050974    0.00000000    0.49095581    0.49772279    0.50988779    0.46264852    0.54726488    0.47864766    0.43062898    2.52407734    2.75113284    2.38137966    2.23830152    2.30992883    4.06957737    3.63787672    4.42789901    3.74613818    3.76071977    4.24610149    3.90516797    2.81596427    3.56853008    3.39189753    3.95336614    2.62511801    2.84843186    3.15996459    4.02610461    4.38347652    3.82299021    3.60432097    3.72055504    3.75627689    3.94646185    3.08941323    4.35009650    4.22358199    4.16391690    3.99591808    3.94138728    2.65937653    2.96265149    2.84943574    3.28669958    3.04806166    3.04141547    3.35092829    3.00664895    2.89427669    3.00455997    3.65429862    2.85918262    2.96549840    3.80686124    3.19938193    3.33180126    2.99290305    2.24191316    3.06618977    3.69222629    3.26136535    3.29283945    3.12773593    2.99632258    3.42282611    3.60157724    3.44220657    3.26828888    3.02437530    3.88786034    4.42780039    3.36508878    3.23472923    3.49443765    3.38545596    3.81357789    3.18784333
F9Z8K3_ODOSD/54-233     2.85224405    2.72925108    2.92243046    3.48714502    3.10983661    2.94250281    3.07873805    3.20068788    3.05806496    3.37284342    2.45277406    2.39901099    2.54229257    3.24988426    3.12269779    0.51684974    0.49095581    0.00000000    0.38185714    0.49433834    0.44991083    0.47237265    0.39480179    0.49789048    2.56653288    2.88442292    2.62554558    2.45677196    2.34235592    4.13257063    4.00166717    4.35012814    3.66246822    3.50098721    4.17771074    3.85951377    3.36550851    3.79349043    3.35691800    4.20987706    2.76211952    3.45727570    3.24135760    4.42222800    4.42413608    3.88274477    3.78568090    3.40687380    3.87422124    4.28032599    3.16294747    3.64701512    3.80356476    3.90368980    3.78147674    3.99253626    2.74951077    3.34104056    2.77720081    3.27140887    3.24095350    3.49898559    3.51006263    3.17995724    3.13624569    3.07416230    3.98836089    3.04313445    2.96797078    3.85909892    3.31933828    3.42590257    3.13700322    2.43747632    3.11212224    3.78536356    3.23632910    3.43636128    3.31720033    2.93716288    3.30209836    3.48683692    3.68854167    3.48318162    2.80913878    3.57681609    4.75062091    3.27198236    3.12168767    3.40081064    3.11696092    3.58411478    2.99297820
R5IE64_9BACT/46-240     3.18981680    2.62974321    2.81108961    3.21050329    3.07457619    3.08345464    3.11085712    3.16244124    2.96810514    3.42710494    2.70629327    2.41626054    2.79462631    3.31982581    3.17428284    0.56021311    0.49772279    0.38185714    0.00000000    0.36010723    0.26256161    0.43978859    0.37280737    0.53823926    2.84712447    2.75665577    2.49234910    2.51145331    2.43127893    5.04048194    4.32623428    5.61495317    3.85115836    3.80808885    4.48494760    4.25223753    4.07626278    3.58927110    3.27258195    4.85963891    2.92596580    3.29733530    3.18688242    5.53597048    5.29817535    4.14667708    4.02869815    3.91090445    3.93080129    5.23562592    3.70651955    3.82672622    4.21150806    3.84652820    4.35188860    4.44546862    3.13014086    3.49891483    3.01315692    3.32122244    3.26671111    3.70859395    3.56459369    3.31519485    3.17891463    3.13008872    3.95703131    3.18385662    3.40926715    3.97841786    3.42592346    3.37163376    3.52662326    2.91824770    3.11320648    4.21067844    3.17060875    3.35007074    3.36617158    3.17701538    3.13219816    3.50461987    3.09030618    3.68104426    2.97924992    3.62185877    4.36101837    3.24802409    2.97909422    3.29099415    2.94888231    3.73048791    3.00283380
Q5L7W9_BACFN/48-228     3.16427539    2.44777085    3.02685132    3.64429147    3.23751581    3.29420208    3.21515892    3.38103027    3.12565381    3.09390380    2.61603389    2.37914821    2.67741245    3.13977356    3.01642634    0.49661516    0.50988779    0.49433834    0.36010723    0.00000000    0.25830090    0.46875768    0.37029299    0.54538184    2.91937389    3.01668673    2.86419839    2.44774428    2.41915211    4.52770501    4.03919313    4.83143998    3.33316102    3.27225048    4.15728942    3.88915990    3.36723857    3.20251579    2.91945277    3.87062177    3.06818071    3.05356433    3.21114260    4.94888911    4.25043632    4.02846511    4.13515153    3.89829834    3.68916364    4.57529486    3.49172939    3.51711725    3.69182292    3.62440340    4.09076909    4.27735274    2.96767209    3.30625981    2.91105418    3.11463078    2.63453271    2.88520726    3.20390076    2.79983905    2.64244606    2.71018901    3.26999012    2.76558767    2.96054482    3.45195669    2.94072271    2.79987072    3.26004430    2.42733982    3.29026689    4.00959076    3.15708206    3.33055547    3.42506868    3.24081511    3.30574185    3.62195299    3.21088543    4.12989504    3.12940303    3.76349599    4.44905411    3.64851175    3.26158698    3.40594906    3.20615052    3.85751161    3.38261643
A6LB39_PARD8/56-234     3.17628495    2.65799627    2.90064242    3.57355846    3.30693208    3.40724507    3.35458076    3.28370134    3.06451450    3.27643796    2.56379517    2.22601046    2.55731553    3.05149114    2.97269050    0.43782155    0.46264852    0.44991083    0.26256161    0.25830090    0.00000000    0.41067099    0.37271667    0.53217522    2.53095571    2.72202207    2.51127773    2.45179773    2.42121012    4.96957171    4.33163190    5.27942384    3.69230079    3.69684682    4.41140596    4.02347338    3.32670548    3.33016459    3.03687034    4.35935187    2.83291078    3.20716673    3.29024185    5.02362989    4.55368827    3.91351926    3.72531174    3.28627849    3.95568227    4.55295411    3.41158519    3.39336799    3.92303464    3.65819027    4.03933840    4.06092171    2.93706341    3.48002205    2.75410753    3.15799512    2.89503233    3.25881314    3.43562679    2.81704773    2.75373516    2.87930798    3.57106442    2.93860342    2.99601892    3.54649106    3.08766573    3.08600636    2.99350620    2.56919077    3.17916372    4.04592463    3.11819594    3.06149998    3.46391634    3.13916455    3.27642509    3.63875066    3.22017951    3.77193333    3.15317872    3.80627401    4.58975240    3.31603303    3.19037957    3.27712990    3.07928960    3.55387228    3.19147623
R6DJ01_9BACE/54-234     2.95183951    2.64355241    3.22054908    3.70668809    3.42073600    3.44881853    3.31259772    3.22765402    3.07361268    3.44164006    2.72455093    2.51417543    2.38606980    3.23931359    2.87388451    0.60137471    0.54726488    0.47237265    0.43978859    0.46875768    0.41067099    0.00000000    0.35952709    0.67426924    2.76813130    3.01615876    2.77433544    2.37424613    2.32263017    4.37116739    3.94723324    5.48067681    3.59069575    3.54739965    4.35074382    3.80551089    3.41809617    4.10036972    3.58040026    4.27429431    2.79290482    3.43169633    3.39416357    4.95741498    4.65118702    4.14216431    4.18349626    3.69752062    4.05641228    4.68878560    3.78663701    3.79749217    3.83420827    3.94028057    4.23741417    3.86910809    3.00623393    3.52707004    2.68624676    3.13777897    2.79785603    3.28977738    3.20925170    3.00266304    2.96945443    2.87760218    3.41822504    2.74523728    2.93017342    3.36767273    2.92018968    3.15554022    3.10064980    2.66753353    3.15808517    3.83991228    3.65102289    3.57724794    3.59251708    3.43773598    3.45089693    3.43984590    3.23211988    3.96890918    3.39770922    3.64835617    4.08335984    3.46817394    3.11214529    3.53089455    3.44104166    3.89043606    3.22554380
R6SBL5_9BACE/56-238     2.84338305    2.48120690    2.96152385    3.53417351    3.06482632    3.19343301    3.13965737    3.24757408    3.15844178    3.22720463    2.82245998    2.57620523    2.65556298    2.99913633    2.93142128    0.52217303    0.47864766    0.39480179    0.37280737    0.37029299    0.37271667    0.35952709    0.00000000    0.55977069    2.81418303    2.70534540    2.65547144    2.43662956    2.26089260    4.74872530    4.29952256    5.01684761    3.57076404    3.46856016    4.17702285    3.82993587    3.50309892    3.74037263    2.84360903    4.39870253    2.81255720    3.47311391    3.27996433    5.21194545    4.81255312    3.90355855    3.51598416    3.38003915    3.95073917    4.48275321    3.47846749    3.76705802    3.81992178    4.05047809    3.87299945    3.98238128    2.88332445    3.41851093    2.93070699    3.50641951    3.18372694    3.46439963    3.59307423    3.15796835    2.92362985    3.16254340    3.91250510    3.16908143    3.29516029    3.86903405    3.30501732    3.36857977    3.27804782    2.67258153    3.06854637    4.04145930    3.31522777    3.24232920    3.35080317    2.97620772    3.12895402    3.30565451    3.36405346    3.86578443    2.98815562    3.63074065    4.41159664    3.47281780    3.15336724    3.26085004    3.30891928    3.72894046    2.98412907
G8UKI6_TANFA/53-231     3.18301314    2.75610261    2.98281100    3.51135702    3.46395961    3.27427509    3.53939124    3.34160124    3.30677108    3.14379079    2.75544230    2.39380960    2.42727643    3.25963480    2.91116936    0.46373491    0.43062898    0.49789048    0.53823926    0.54538184    0.53217522    0.67426924    0.55977069    0.00000000    2.74495375    2.75897420    2.65595139    2.36055497    2.37691665    3.80575168    3.63630155    4.03083446    3.36676705    3.44244000    4.28797277    4.28414784    2.84415387    3.40014911    3.36348153    4.06007747    2.52186488    2.79668773    3.10915162    4.48446284    4.79301453    4.32950105    3.49114442    4.07311018    3.56588868    4.38065729    3.14272393    3.85019601    3.42341599    3.76517321    4.10212760    3.68845862    2.82798675    3.22003806    2.76138677    3.12048693    3.01342113    3.25402573    3.22768011    2.93202650    2.90343933    2.81892746    3.18643070    2.86899726    2.91974810    3.71052654    3.17211365    3.26226712    2.79555538    2.14709900    2.71841843    3.84437162    3.39431181    3.34827326    2.88004247    2.75997966    3.49396139    3.49600454    3.70360608    3.17600365    3.22801196    3.78524897    4.40381313    3.35366340    3.20376341    3.53720954    3.49903627    4.27251558    2.97475042
Q1IM94_KORVE/72-241     3.64910295    3.76905919    3.13941838    3.40487302    3.15347459    3.49753279    3.49551348    3.38326190    3.18084213    3.03716259    2.47690045    3.00230682    2.22705458    2.85548467    2.96481149    2.35642861    2.52407734    2.56653288    2.84712447    2.91937389    2.53095571    2.76813130    2.81418303    2.74495375    0.00000000    1.26310253    1.42613973    1.32044737    1.36789243    2.78800791    2.74967634    3.06929811    2.61580806    2.59374979    2.98092709    2.94823795    2.67071619    2.68817311    3.10431439    3.48894941    2.48540806    3.12011590    3.05779751    4.19468468    3.22266026    3.93679375    3.83389398    3.44060964    3.32717127    3.87319597    2.91645630    4.16154279    4.10587798    3.28667084    3.46407533    4.25712650    2.71844868    3.08928199    2.38612912    2.37089697    2.59301128    2.45280313    2.38027690    2.59188941    2.49420379    2.67383547    2.74120901    2.67139908    2.68142187    2.62061095    2.43083435    2.52425789    2.27821901    2.35757289    2.93102346    2.80990172    3.25435730    3.56028998    2.90990018    2.72488153    2.33166149    2.60843856    2.34767187    3.81547197    3.59657914    3.80057082    3.57411603    3.37315296    3.34798287    4.54008657    2.94548524    3.26365259    3.16091853
G8NUZ0_GRAMM/55-223     3.46393917    3.79939825    2.87617155    3.04791231    3.17226387    3.80415561    3.73317326    3.13530486    2.99901689    3.44529486    2.18777682    2.65198617    2.77651780    2.85151247    3.01895037    2.61682231    2.75113284    2.88442292    2.75665577    3.01668673    2.72202207    3.01615876    2.70534540    2.75897420    1.26310253    0.00000000    0.74961980    0.87215257    0.86282670    2.78069179    2.94529003    3.70252455    2.81750759    3.16434596    3.60769722    3.85303699    3.10218434    4.11497266    3.61447417    3.27967780    2.57489293    3.82204233    3.64496209    3.76616072    4.45788778    4.32503782    4.08693309    3.67543632    4.34819683    4.53433836    3.92230764    5.53539395    4.84995011    3.78165219    4.12143896    4.13561600    3.23978757    3.91777224    3.06557211    2.71254687    2.62818557    2.96263903    2.72631881    2.85945369    2.71990245    2.64346884    3.19723012    2.85845898    2.69952553    2.64718016    2.84072284    2.44153629    2.36057152    3.06233997    3.46590623    3.05849452    3.01815674    3.70561913    2.90660707    3.57066891    2.44130657    3.01719588    2.85764540    3.96291025    3.19842574    3.54075949    4.03665871    3.26019659    3.22183089    3.92169418    2.82560384    3.58247031    2.98454569
E8X468_GRATM/70-240     3.47544642    3.28695507    2.86603637    3.19645398    3.47646838    3.53659565    4.01068856    3.55277009    3.17965865    3.51737258    2.43663313    2.56584685    2.35800932    2.66254980    2.65859211    2.42055688    2.38137966    2.62554558    2.49234910    2.86419839    2.51127773    2.77433544    2.65547144    2.65595139    1.42613973    0.74961980    0.00000000    0.90130364    0.93776756    2.67588913    2.67035534    3.81859044    2.54202603    3.27371920    3.26212165    3.51185789    2.99556283    3.52094026    3.32787673    3.20371595    2.36283739    3.52015285    3.60989298    3.52452799    4.14511088    3.84254581    4.47780015    3.96595054    3.90971921    4.28867935    3.80681162    4.67896523    4.48971092    3.62474391    4.09080151    3.84710915    3.02542469    3.49352998    2.60407160    2.27138894    2.41813890    2.47545503    2.53457069    2.48739037    2.35601952    2.51667021    2.91883759    2.45137889    2.57309978    2.29498433    2.35006635    2.30247981    2.35989386    2.53667368    3.26981960    2.96245417    3.22051434    3.52499883    2.93904413    2.73772180    2.26430010    2.82493555    2.71936213    3.45738260    3.56208063    3.86337957    3.55677937    3.01589823    3.45111829    4.24435951    2.97201920    3.35174268    3.51588306
E8V4B0_TERSS/64-232     3.29412367    3.20511268    2.87954563    3.15567448    3.18174030    3.44768291    3.52179532    3.51524448    3.21231246    3.91680261    2.37195426    2.56668726    2.54941849    2.75497795    2.68678807    2.33876550    2.23830152    2.45677196    2.51145331    2.44774428    2.45179773    2.37424613    2.43662956    2.36055497    1.32044737    0.87215257    0.90130364    0.00000000    0.46897553    2.70350915    2.94662645    3.98484049    2.93809192    3.34303635    4.07504775    3.91828029    3.06860546    3.93159273    3.20265709    3.49871284    2.60877934    3.59733762    3.86901996    3.74842207    3.71940863    4.20742058    4.09829704    3.68335967    3.48428237    3.99109623    3.12137329    4.08002087    3.81307726    3.71092413    3.83594889    4.35657712    3.54159908    3.74391706    2.82600370    2.61127401    2.86587925    2.70623972    2.76209844    2.82924283    2.66390666    2.56205332    3.00518997    2.32032388    2.67211460    2.49789938    2.56442019    2.78366023    2.44894039    2.66652150    3.40788420    3.47925240    3.63549064    3.85060261    3.14417869    3.29950856    2.18305779    2.82251927    2.49444806    4.46083694    3.50543734    3.98029281    3.64706316    3.08133056    3.58712764    4.62539881    3.40086968    3.70179248    3.60948440
I3ZLX0_TERRK/58-226     3.43368316    3.08244969    2.57067444    3.27116875    3.33153822    3.73954846    3.67121197    3.08447786    2.97351923    4.10097042    2.27792971    2.70744332    2.80866218    2.66409056    2.70632439    2.26032312    2.30992883    2.34235592    2.43127893    2.41915211    2.42121012    2.32263017    2.26089260    2.37691665    1.36789243    0.86282670    0.93776756    0.46897553    0.00000000    3.14323434    3.27785149    4.36714106    2.62929144    3.76202096    4.17136927    3.95537901    3.43414638    4.18280992    3.42669592    3.75212407    2.81806012    3.84200258    4.61974580    3.72386800    3.82741046    3.92974294    3.87378843    3.88863500    3.62907273    4.01302890    3.11713778    4.45145587    3.44550030    3.49004959    3.81892895    3.97350502    3.48871919    3.99865635    2.98208290    2.76446895    2.94757555    2.90218607    2.61987808    2.72098503    2.40953407    2.43817993    3.03671672    2.26906062    2.48912309    2.34122470    2.31281763    2.66606625    2.53099827    2.84272616    3.28306656    2.78324150    3.40644257    3.71407214    3.15642371    3.36606846    2.33641012    3.01166515    2.62777733    4.44907007    3.76528906    3.90487609    3.59750907    2.91056207    3.39823229    4.43569275    3.32022377    4.10482792    3.55782157
Q8P992_XANCP/54-223     3.08392410    4.07216480    3.05486565    4.06982537    3.54255226    4.35252533    4.27619106    4.03459438    3.60362588    3.61655545    3.04116798    3.51837522    2.89451834    3.33062399    3.58097527    4.26663429    4.06957737    4.13257063    5.04048194    4.52770501    4.96957171    4.37116739    4.74872530    3.80575168    2.78800791    2.78069179    2.67588913    2.70350915    3.14323434    0.00000000    0.34151325    1.89452193    1.52824494    1.61163600    2.08994126    2.08188296    3.38757223    2.50267194    2.58219622    3.34261335    2.79446132    3.21807272    2.85334615    3.71542533    3.74096486    3.89232660    3.48786848    3.94246237    3.13924711    3.40007503    3.28780137    4.75995828    4.09518364    4.28454224    3.84429348    3.41176419    2.83191408    3.48936427    3.13825340    3.23599772    2.77699827    2.94427450    2.73082607    2.79533471    2.80395512    2.85756232    2.69084246    2.62927096    2.77578184    2.99072344    3.09858284    3.11799914    3.20983392    3.33187474    2.82896700    2.75646979    3.14860654    4.11637319    3.08634930    3.08729203    2.95172061    2.99370520    2.54526031    3.89661609    3.68628874    4.11736743    3.80934493    3.39322185    3.90911231    4.16526033    3.20947952    3.13208545    3.65058660
