16
H3A3K7_LATCH/345-457     0.00000000    0.52441230    0.34870673    0.42152074    0.61186393    0.57988571    0.85730240    0.76890469    0.81947820    0.95036284    1.61654424    1.34784545    1.28668559    0.82181170    0.30818079    0.34330203
F1Q9Q9_DANRE/338-447     0.52441230    0.00000000    0.33176147    0.53887988    0.61749341    0.70436211    0.87445032    0.86131516    0.88289313    0.97147090    1.83415123    1.29421704    1.33116101    0.78480762    0.56761745    0.53273934
I3IUH4_ORENI/353-465     0.34870673    0.33176147    0.00000000    0.42605988    0.62661832    0.67169490    0.86861896    0.81678702    0.87137470    0.88899118    1.68771929    1.23683039    1.23624406    0.79142912    0.39998878    0.42300366
PAX8_XENTR/346-457     0.42152074    0.53887988    0.42605988    0.00000000    0.63076142    0.69982053    0.83127990    0.79097918    0.84850363    0.89224135    1.59571776    1.20690592    1.17049365    0.73751761    0.39557071    0.33621920
H3BD99_LATCH/343-455     0.61186393    0.61749341    0.62661832    0.63076142    0.00000000    0.21770309    0.33863397    0.30373984    0.46118451    0.60157472    1.35751949    0.88230508    0.83129810    0.23186879    0.53224724    0.52917101
H3CTA7_TETNG/336-450     0.57988571    0.70436211    0.67169490    0.69982053    0.21770309    0.00000000    0.34047167    0.27559132    0.47250880    0.50340805    1.17675053    0.74643717    0.74485500    0.37543648    0.61190415    0.61979208
A0A2I3S4V9_PANTR/280-393     0.85730240    0.87445032    0.86861896    0.83127990    0.33863397    0.34047167    0.00000000    0.13894216    0.35979470    0.49886106    1.04677833    0.68059355    0.72442369    0.51554449    0.69700477    0.81661804
H9GKP1_ANOCA/147-258     0.76890469    0.86131516    0.81678702    0.79097918    0.30373984    0.27559132    0.13894216    0.00000000    0.35170077    0.45155428    0.94136417    0.64424193    0.63836476    0.43838397    0.63135215    0.69992448
C0KTE2_HUMAN/106-217     0.81947820    0.88289313    0.87137470    0.84850363    0.46118451    0.47250880    0.35979470    0.35170077    0.00000000    0.29804092    0.93013624    0.56596659    0.48164648    0.61625871    0.83089033    0.84513848
H3CDG7_TETNG/280-392     0.95036284    0.97147090    0.88899118    0.89224135    0.60157472    0.50340805    0.49886106    0.45155428    0.29804092    0.00000000    0.62522059    0.33791463    0.42807596    0.68887031    0.86744091    0.93725417
G3PUG8_GASAC/281-394     1.61654424    1.83415123    1.68771929    1.59571776    1.35751949    1.17675053    1.04677833    0.94136417    0.93013624    0.62522059    0.00000000    0.43572431    0.61832587    1.22920523    1.66345536    1.66944894
H2LL07_ORYLA/252-363     1.34784545    1.29421704    1.23683039    1.20690592    0.88230508    0.74643717    0.68059355    0.64424193    0.56596659    0.33791463    0.43572431    0.00000000    0.24346951    0.76616408    1.20637766    1.22303390
W5N573_LEPOC/252-362     1.28668559    1.33116101    1.23624406    1.17049365    0.83129810    0.74485500    0.72442369    0.63836476    0.48164648    0.42807596    0.61832587    0.24346951    0.00000000    0.69257309    1.17228021    1.20582304
W5ME18_LEPOC/381-491     0.82181170    0.78480762    0.79142912    0.73751761    0.23186879    0.37543648    0.51554449    0.43838397    0.61625871    0.68887031    1.22920523    0.76616408    0.69257309    0.00000000    0.63838801    0.62361438
F6U6E4_ORNAN/344-456     0.30818079    0.56761745    0.39998878    0.39557071    0.53224724    0.61190415    0.69700477    0.63135215    0.83089033    0.86744091    1.66345536    1.20637766    1.17228021    0.63838801    0.00000000    0.16904891
PAX8_RAT/344-456     0.34330203    0.53273934    0.42300366    0.33621920    0.52917101    0.61979208    0.81661804    0.69992448    0.84513848    0.93725417    1.66944894    1.22303390    1.20582304    0.62361438    0.16904891    0.00000000

