32
G8T8Q5_NIAKG/29-122     0.00000000    0.82175472    0.87875519    1.08543928    1.23327727    1.06539422    0.87325531    1.07848554    1.05321146    1.97068769    2.28284965    2.40426825    2.12099988    2.00101386    2.37557527    2.09169091    1.94583961    1.89867074    1.94806487    1.38718811    1.11806976    1.08617278    1.22711172    1.44955107    1.24992409    1.30439368    1.67436297    1.55090231    1.23968006    1.34828277    1.47366406    1.96314094
W0F5F9_9BACT/31-124     0.82175472    0.00000000    0.94159132    1.23510685    1.07044951    1.28304306    1.12708496    1.17308377    1.06794239    2.30402470    2.35022868    2.84842600    2.43153946    2.29279757    2.28315339    2.00337947    2.07243875    2.04177634    1.84948817    1.72537178    1.21128866    1.34235619    1.50221778    1.27086950    1.28131160    1.19688550    1.49342303    1.47221714    1.55463002    1.23920564    1.73528867    1.77694852
C6W4S4_DYAFD/23-116     0.87875519    0.94159132    0.00000000    0.74128048    0.92853478    0.78576297    0.75165995    0.70005786    1.02678272    2.04487276    2.06569499    2.35488936    1.85847620    2.10486652    1.85070506    2.00390717    2.22698833    1.56050865    2.01637304    1.47322175    1.01247979    1.12453116    1.20675305    1.10117032    0.90586066    0.93009964    1.13176953    1.08398037    1.07625202    1.13699382    1.43876293    1.67342700
C7PEN1_CHIPD/27-120     1.08543928    1.23510685    0.74128048    0.00000000    0.83586810    0.69275478    0.62155282    0.74862689    1.18470195    2.04975884    1.99689917    2.43763726    1.94815302    2.18500610    2.00895684    1.84462824    2.36280972    1.77799913    1.68071382    1.54589993    1.11719787    1.08927021    1.24522377    1.36670175    1.08959683    0.97341940    1.13398801    1.10752014    1.20110466    1.20047749    1.46843161    2.01377904
L0FYN4_ECHVK/31-124     1.23327727    1.07044951    0.92853478    0.83586810    0.00000000    0.40233397    0.82126746    0.63532373    1.27790773    2.29046509    2.30515819    2.59924622    2.00331965    2.22138822    2.11800702    2.12773172    2.21983526    1.66160302    1.52280799    1.45316371    1.34018084    1.26629101    1.37033817    1.20952676    1.12469772    1.10308338    1.22670772    1.22633306    1.28932858    1.21197764    1.83734754    1.65917835
A3HV05_9BACT/31-124     1.06539422    1.28304306    0.78576297    0.69275478    0.40233397    0.00000000    0.58978701    0.67473950    1.15512977    2.12726364    2.19379117    2.68714759    2.34853975    2.18478309    2.00921962    2.00292787    2.32560175    1.51188179    1.59338788    1.39469298    1.18683360    1.31747260    1.30488185    1.28464243    1.03646152    1.02350644    1.08897224    1.15024302    1.25923277    1.21600191    1.59650543    1.88380863
I0KDJ5_9BACT/30-121     0.87325531    1.12708496    0.75165995    0.62155282    0.82126746    0.58978701    0.00000000    0.56227388    1.03874994    1.80749104    1.76620807    2.39349419    2.41061269    2.07552263    2.25649311    2.06604204    2.07584623    1.62269016    1.60719494    1.64079556    1.02187535    1.16435506    1.25745953    1.27760839    1.00381318    1.03171305    1.04644079    1.12834999    1.13168283    1.21452706    1.71228749    2.25810755
X5DIB9_9BACT/30-118     1.07848554    1.17308377    0.70005786    0.74862689    0.63532373    0.67473950    0.56227388    0.00000000    1.06585469    1.93072979    1.93826866    2.21418331    1.90241961    1.97688389    2.06953304    1.95267910    2.02119839    1.61242316    1.62687079    1.52827147    1.14202466    1.01197816    1.16087675    0.97263359    1.03345717    0.97851230    1.07522537    1.25481110    1.17922343    1.31645796    1.77385470    2.03908607
Q5LIG1_BACFN/31-120     1.05321146    1.06794239    1.02678272    1.18470195    1.27790773    1.15512977    1.03874994    1.06585469    0.00000000    1.85718519    1.96635075    2.46082177    1.72162393    2.03156993    2.03600504    2.07085057    1.88442250    1.49085547    1.46747946    1.06715277    0.61054878    0.59326502    0.63555534    0.74817712    0.77153130    0.88484180    0.94444140    0.97525451    0.96643839    1.18637836    1.23892563    1.72251633
A6LGM7_PARD8/31-130     1.97068769    2.30402470    2.04487276    2.04975884    2.29046509    2.12726364    1.80749104    1.93072979    1.85718519    0.00000000    1.92951741    1.94156001    2.50005994    1.87117009    2.04223222    2.11410072    1.67528998    1.86388674    2.48006400    1.95272649    2.11713348    2.06088642    1.97688386    2.31131897    2.21686269    2.12671883    2.14361024    2.20543382    2.12899063    2.69150353    2.10005028    2.88015486
C6W6Y3_DYAFD/30-118     2.28284965    2.35022868    2.06569499    1.99689917    2.30515819    2.19379117    1.76620807    1.93826866    1.96635075    1.92951741    0.00000000    1.15201963    1.32500880    1.33676755    1.80290579    1.87570637    1.79372886    1.81863263    1.69802515    1.82093955    2.04361501    2.15740559    2.16621758    1.77337273    2.03818507    1.97322798    2.14074473    1.94460180    2.14188853    1.88028685    2.22128722    2.38510366
R6E6G9_9BACE/32-122     2.40426825    2.84842600    2.35488936    2.43763726    2.59924622    2.68714759    2.39349419    2.21418331    2.46082177    1.94156001    1.15201963    0.00000000    1.20679891    1.61368579    1.58258425    1.73482250    1.91196861    1.82881358    2.00696561    2.20508841    2.26008076    2.34824568    2.72710545    2.68932222    2.44777577    2.46577198    2.78874012    2.83451951    2.72353854    2.58869734    2.47730247    2.88338706
Q8A115_BACTN/30-120     2.12099988    2.43153946    1.85847620    1.94815302    2.00331965    2.34853975    2.41061269    1.90241961    1.72162393    2.50005994    1.32500880    1.20679891    0.00000000    1.89531188    1.91594680    1.92311532    1.82112879    1.54981292    1.86996775    1.74921666    1.97703246    1.95224688    2.20618872    2.26963188    2.09888062    2.05922515    2.38883002    2.53069248    2.41417810    2.07306532    2.09068803    2.00188938
R7DG77_9BACT/29-117     2.00101386    2.29279757    2.10486652    2.18500610    2.22138822    2.18478309    2.07552263    1.97688389    2.03156993    1.87117009    1.33676755    1.61368579    1.89531188    0.00000000    1.32282505    1.66130442    1.29645202    1.37747572    1.57114049    2.08172890    1.82368564    1.92591112    2.07207145    2.16980365    2.12263005    1.95440141    1.95009838    1.94743088    2.00043930    2.10710585    2.19468098    2.58479720
R6STU5_9BACE/34-136     2.37557527    2.28315339    1.85070506    2.00895684    2.11800702    2.00921962    2.25649311    2.06953304    2.03600504    2.04223222    1.80290579    1.58258425    1.91594680    1.32282505    0.00000000    1.50760811    1.44613765    1.30928059    1.49286023    2.17035671    1.62243002    1.89275859    2.16269466    1.92187823    1.82220828    1.69683750    1.79196765    1.81567948    2.37993463    1.87461086    2.46821620    2.63469684
G8TAP4_NIAKG/32-120     2.09169091    2.00337947    2.00390717    1.84462824    2.12773172    2.00292787    2.06604204    1.95267910    2.07085057    2.11410072    1.87570637    1.73482250    1.92311532    1.66130442    1.50760811    0.00000000    0.67784958    1.24707373    1.42106610    1.99248740    1.62850059    2.31880701    2.51453425    2.47234260    2.28375314    2.23955856    2.32500980    2.48732461    2.11774793    1.94455636    2.49787429    2.86748058
C7PJ76_CHIPD/31-119     1.94583961    2.07243875    2.22698833    2.36280972    2.21983526    2.32560175    2.07584623    2.02119839    1.88442250    1.67528998    1.79372886    1.91196861    1.82112879    1.29645202    1.44613765    0.67784958    0.00000000    1.04076337    1.34194336    1.90637126    1.80973123    2.43507789    1.95267438    1.92069942    2.19266582    1.94590024    1.98948953    2.20830866    2.07057292    2.13667611    2.62682408    2.40350486
R7DI71_9BACT/31-119     1.89867074    2.04177634    1.56050865    1.77799913    1.66160302    1.51188179    1.62269016    1.61242316    1.49085547    1.86388674    1.81863263    1.82881358    1.54981292    1.37747572    1.30928059    1.24707373    1.04076337    0.00000000    0.72670007    1.68850190    1.49306291    1.75413755    1.45660154    1.75958966    1.73001532    1.60169686    1.67172432    1.67881270    1.90789780    1.57838521    1.72404273    2.13572421
X5DHK4_9BACT/30-120     1.94806487    1.84948817    2.01637304    1.68071382    1.52280799    1.59338788    1.60719494    1.62687079    1.46747946    2.48006400    1.69802515    2.00696561    1.86996775    1.57114049    1.49286023    1.42106610    1.34194336    0.72670007    0.00000000    1.96099767    1.78991235    2.02617768    1.75797599    1.98118336    2.16785535    2.01282878    2.06529437    2.20214848    2.16509337    1.80061590    2.18347796    2.35175641
R6FL07_9BACE/28-121     1.38718811    1.72537178    1.47322175    1.54589993    1.45316371    1.39469298    1.64079556    1.52827147    1.06715277    1.95272649    1.82093955    2.20508841    1.74921666    2.08172890    2.17035671    1.99248740    1.90637126    1.68850190    1.96099767    0.00000000    1.10141289    1.07927115    1.22387302    1.49791404    1.17785141    1.32597313    1.42557635    1.47707976    1.75973451    1.65610885    1.89786806    2.14387013
F4C8Z1_SPHS2/30-119     1.11806976    1.21128866    1.01247979    1.11719787    1.34018084    1.18683360    1.02187535    1.14202466    0.61054878    2.11713348    2.04361501    2.26008076    1.97703246    1.82368564    1.62243002    1.62850059    1.80973123    1.49306291    1.78991235    1.10141289    0.00000000    0.49098536    0.80436044    0.99162988    0.92522741    0.81854447    0.82238533    0.76093193    0.98190088    1.08907243    1.47335743    2.03880696
R7J864_9BACT/30-119     1.08617278    1.34235619    1.12453116    1.08927021    1.26629101    1.31747260    1.16435506    1.01197816    0.59326502    2.06088642    2.15740559    2.34824568    1.95224688    1.92591112    1.89275859    2.31880701    2.43507789    1.75413755    2.02617768    1.07927115    0.49098536    0.00000000    0.87204317    0.88267626    0.82667179    0.76492897    1.00722120    0.98837265    0.91851592    1.13245833    1.22810472    1.98245623
R5VHL1_9BACE/30-117     1.22711172    1.50221778    1.20675305    1.24522377    1.37033817    1.30488185    1.25745953    1.16087675    0.63555534    1.97688386    2.16621758    2.72710545    2.20618872    2.07207145    2.16269466    2.51453425    1.95267438    1.45660154    1.75797599    1.22387302    0.80436044    0.87204317    0.00000000    0.72535244    0.88494831    0.88042104    0.79441465    0.75265488    0.91105209    1.31528428    1.17053345    2.14490940
C7PPJ6_CHIPD/31-118     1.44955107    1.27086950    1.10117032    1.36670175    1.20952676    1.28464243    1.27760839    0.97263359    0.74817712    2.31131897    1.77337273    2.68932222    2.26963188    2.16980365    1.92187823    2.47234260    1.92069942    1.75958966    1.98118336    1.49791404    0.99162988    0.88267626    0.72535244    0.00000000    0.49150857    0.58650657    0.44567496    0.48621643    0.93683422    1.13535148    1.66071455    2.30109418
A3I1I8_9BACT/31-118     1.24992409    1.28131160    0.90586066    1.08959683    1.12469772    1.03646152    1.00381318    1.03345717    0.77153130    2.21686269    2.03818507    2.44777577    2.09888062    2.12263005    1.82220828    2.28375314    2.19266582    1.73001532    2.16785535    1.17785141    0.92522741    0.82667179    0.88494831    0.49150857    0.00000000    0.34694565    0.59319322    0.49459472    1.09865393    1.17752987    1.42398341    1.93990633
L0FVV7_ECHVK/31-118     1.30439368    1.19688550    0.93009964    0.97341940    1.10308338    1.02350644    1.03171305    0.97851230    0.88484180    2.12671883    1.97322798    2.46577198    2.05922515    1.95440141    1.69683750    2.23955856    1.94590024    1.60169686    2.01282878    1.32597313    0.81854447    0.76492897    0.88042104    0.58650657    0.34694565    0.00000000    0.42188035    0.56317538    1.03913130    1.23966404    1.51159600    2.21716315
C6W132_DYAFD/33-120     1.67436297    1.49342303    1.13176953    1.13398801    1.22670772    1.08897224    1.04644079    1.07522537    0.94444140    2.14361024    2.14074473    2.78874012    2.38883002    1.95009838    1.79196765    2.32500980    1.98948953    1.67172432    2.06529437    1.42557635    0.82238533    1.00722120    0.79441465    0.44567496    0.59319322    0.42188035    0.00000000    0.37025013    0.89816578    1.27823432    1.69946163    2.38694274
I0KEX5_9BACT/28-115     1.55090231    1.47221714    1.08398037    1.10752014    1.22633306    1.15024302    1.12834999    1.25481110    0.97525451    2.20543382    1.94460180    2.83451951    2.53069248    1.94743088    1.81567948    2.48732461    2.20830866    1.67881270    2.20214848    1.47707976    0.76093193    0.98837265    0.75265488    0.48621643    0.49459472    0.56317538    0.37025013    0.00000000    0.89747677    1.12438422    1.68301655    2.49646529
R5INT1_9BACT/33-122     1.23968006    1.55463002    1.07625202    1.20110466    1.28932858    1.25923277    1.13168283    1.17922343    0.96643839    2.12899063    2.14188853    2.72353854    2.41417810    2.00043930    2.37993463    2.11774793    2.07057292    1.90789780    2.16509337    1.75973451    0.98190088    0.91851592    0.91105209    0.93683422    1.09865393    1.03913130    0.89816578    0.89747677    0.00000000    1.07375069    1.50707422    2.27431458
R5Q355_9BACT/33-127     1.34828277    1.23920564    1.13699382    1.20047749    1.21197764    1.21600191    1.21452706    1.31645796    1.18637836    2.69150353    1.88028685    2.58869734    2.07306532    2.10710585    1.87461086    1.94455636    2.13667611    1.57838521    1.80061590    1.65610885    1.08907243    1.13245833    1.31528428    1.13535148    1.17752987    1.23966404    1.27823432    1.12438422    1.07375069    0.00000000    1.60163543    1.97185060
R6VCX5_9BACT/31-138     1.47366406    1.73528867    1.43876293    1.46843161    1.83734754    1.59650543    1.71228749    1.77385470    1.23892563    2.10005028    2.22128722    2.47730247    2.09068803    2.19468098    2.46821620    2.49787429    2.62682408    1.72404273    2.18347796    1.89786806    1.47335743    1.22810472    1.17053345    1.66071455    1.42398341    1.51159600    1.69946163    1.68301655    1.50707422    1.60163543    0.00000000    1.89628826
R5IPB9_9BACT/30-130     1.96314094    1.77694852    1.67342700    2.01377904    1.65917835    1.88380863    2.25810755    2.03908607    1.72251633    2.88015486    2.38510366    2.88338706    2.00188938    2.58479720    2.63469684    2.86748058    2.40350486    2.13572421    2.35175641    2.14387013    2.03880696    1.98245623    2.14490940    2.30109418    1.93990633    2.21716315    2.38694274    2.49646529    2.27431458    1.97185060    1.89628826    0.00000000

