56
K9XCS7_9CHRO/174-382     0.00000000    0.48617368    0.51795438    0.69539592    0.48691650    0.49187042    0.55508142    0.52918251    0.49881285    0.59192381    0.53439352    0.52231755    0.59509588    0.64788606    0.64914610    0.78478170    0.80384352    0.68043536    0.55492055    0.64302466    0.59131907    0.60718892    0.59608804    0.73575520    0.85325931    0.99698120    0.80303073    0.81933237    0.93072679    0.74381364    0.71786490    0.95317342    0.91595421    1.09549435    1.60581326    1.24760885    1.23591899    1.43777860    1.46731265    1.04679216    1.31168542    1.28126750    1.16519301    1.21257953    1.33098709    1.31147846    1.33075258    1.68856385    1.39308942    0.55992628    0.62281321    0.59325832    0.59526776    0.69711377    0.72939763    0.52879816
K9TTM2_CHRTP/177-378     0.48617368    0.00000000    0.49458068    0.54487727    0.47434300    0.48856032    0.49200764    0.47150838    0.46799041    0.54011958    0.53427711    0.59432360    0.58513835    0.61054694    0.62039359    0.77951782    0.87473247    0.68923164    0.55860215    0.65796214    0.61936667    0.63085831    0.54580025    0.71613153    0.85258641    0.98392374    0.99097467    0.89673271    1.05191208    0.82415137    0.79271505    0.94191290    0.95323437    1.18691666    1.46006459    1.36018039    1.28446175    1.58865956    1.47598159    1.04685696    1.16386574    1.29836579    1.26486224    1.27443684    1.27237495    1.26637615    1.35129083    1.67864182    1.28237749    0.61606234    0.62805054    0.55964264    0.63952982    0.62801360    0.66320753    0.45848384
K9VAI9_9CYAN/169-376     0.51795438    0.49458068    0.00000000    0.66003236    0.44418719    0.43596743    0.46864123    0.48912807    0.52032871    0.66607451    0.62909697    0.61807696    0.64498071    0.71337836    0.70097424    0.85223609    0.88134888    0.75673925    0.62414888    0.65981210    0.63080039    0.63454226    0.72158872    0.77413648    0.90043804    1.07037292    0.97042299    0.84116480    1.19183436    0.79559695    0.82947837    0.99150931    0.99885243    1.23698715    1.62717175    1.38704585    1.43769133    1.61270850    1.59202415    1.06016097    1.37188115    1.44154311    1.39909873    1.33501852    1.42456478    1.38974317    1.41708886    1.84196534    1.41711267    0.67525282    0.73002941    0.67314061    0.69170867    0.76776134    0.68555100    0.61933507
K9RLM1_9CYAN/171-380     0.69539592    0.54487727    0.66003236    0.00000000    0.53175256    0.49439632    0.57788199    0.53809457    0.55167529    0.59568229    0.59609833    0.77027466    0.64842818    0.71534823    0.80833842    0.86979742    1.00519547    0.74188807    0.71581517    0.76162369    0.71043062    0.75218241    0.78372489    0.76797235    0.97526155    1.09267195    1.12443275    0.97273051    1.12930364    0.86008552    0.88270673    1.10987466    1.10123439    1.25287286    1.43581597    1.33669800    1.33539673    1.43916024    1.36248932    1.00305107    1.34038677    1.23328236    1.29713232    1.36456313    1.33146560    1.31355057    1.37202319    1.66160155    1.33781394    0.66641227    0.72862394    0.74024422    0.69285327    0.82317833    0.83011089    0.63801882
W6FVT8_NODSP/132-322     0.48691650    0.47434300    0.44418719    0.53175256    0.00000000    0.29411671    0.30763066    0.31150191    0.30846274    0.44282181    0.36862289    0.58364858    0.59460975    0.72002852    0.60605617    0.75661504    0.77175569    0.62766230    0.62949084    0.66917286    0.60001783    0.61640713    0.61124959    0.74707485    0.84100761    0.99761836    0.98669330    0.82071321    1.03603192    0.82234285    0.81476729    0.93555229    0.98523301    1.16044576    1.58588005    1.38745995    1.38106878    1.57594419    1.57303398    1.13372321    1.22919830    1.35301705    1.29204267    1.16137488    1.25694799    1.23130514    1.30736239    1.72769875    1.20417074    0.62699097    0.69396023    0.64035444    0.70669796    0.66096006    0.67335626    0.57843221
K9WV76_9NOST/172-372     0.49187042    0.48856032    0.43596743    0.49439632    0.29411671    0.00000000    0.29249163    0.34003732    0.30778694    0.46622306    0.41792322    0.60137970    0.48683170    0.64732688    0.65782711    0.75775359    0.84254414    0.68772963    0.58868376    0.66098971    0.58498387    0.58008693    0.62482450    0.69680176    0.82333357    1.01039416    1.00850767    0.86012254    0.99338947    0.79753594    0.78133549    0.92214156    0.97919399    1.11993124    1.39854968    1.34782459    1.31612692    1.39924934    1.38982855    1.03606781    1.23870432    1.30059043    1.35000644    1.30377831    1.33889648    1.29546067    1.39827564    1.67978041    1.33257904    0.56194808    0.71096781    0.59279371    0.64884600    0.73623806    0.76797903    0.54535463
B2J4I6_NOSP7/172-395     0.55508142    0.49200764    0.46864123    0.57788199    0.30763066    0.29249163    0.00000000    0.45465770    0.40460085    0.45794143    0.54814870    0.56335043    0.53429756    0.64993456    0.65677386    0.75855670    0.84977919    0.68125365    0.57302902    0.68219471    0.60976342    0.61165621    0.70215328    0.73013627    0.89368306    1.11724983    1.02311145    0.86161775    1.02467451    0.81509244    0.79910861    0.93060351    0.98528172    1.18879401    1.45264128    1.43254675    1.33007255    1.45672154    1.48229388    1.07037786    1.31356695    1.49477398    1.37809998    1.37576805    1.42545485    1.31113526    1.38333022    1.69039662    1.35257810    0.58066287    0.66762909    0.59033541    0.66017834    0.72941744    0.72523274    0.55755164
Q8YUN1_NOSS1/172-418     0.52918251    0.47150838    0.48912807    0.53809457    0.31150191    0.34003732    0.45465770    0.00000000    0.30786452    0.44999090    0.47883467    0.66766489    0.55122676    0.68570227    0.67171868    0.74591379    0.74413849    0.70859554    0.54506553    0.63980886    0.63173027    0.63398112    0.70862013    0.71695260    0.81829172    1.04083253    0.99440305    0.80153591    0.98393603    0.76141989    0.73373411    0.92714735    0.96411696    1.18830126    1.41929280    1.31236378    1.32820210    1.40058627    1.45817329    1.04675487    1.33221994    1.44183074    1.36732610    1.38729847    1.42768134    1.36174662    1.47506155    1.74770484    1.47393538    0.56949186    0.62088389    0.59228835    0.70136949    0.69323413    0.72009614    0.55709316
K9Q871_9NOSO/172-382     0.49881285    0.46799041    0.52032871    0.55167529    0.30846274    0.30778694    0.40460085    0.30786452    0.00000000    0.31874909    0.39938809    0.63393334    0.53637195    0.61569126    0.64453838    0.70560791    0.78145905    0.69942749    0.54179775    0.62163808    0.62102375    0.59165920    0.64285747    0.72932600    0.80184387    1.03198254    0.91537369    0.84388562    0.97814408    0.75254066    0.79396753    0.93488811    1.01218425    1.06544618    1.38694396    1.38617391    1.33607451    1.35247388    1.42367508    1.04221194    1.21412948    1.36205625    1.35903172    1.39374082    1.34027483    1.30536018    1.34347382    1.77136435    1.34677300    0.55595987    0.61921423    0.57553006    0.62604470    0.68287223    0.71820064    0.57176693
K7WN14_9NOST/172-371     0.59192381    0.54011958    0.66607451    0.59568229    0.44282181    0.46622306    0.45794143    0.44999090    0.31874909    0.00000000    0.26161007    0.69396077    0.58383113    0.69464968    0.70982550    0.81222925    0.91680120    0.79134852    0.64787159    0.70512596    0.67503758    0.70621985    0.69628441    0.75775978    0.98229387    1.14897208    0.98223158    0.95822409    0.99768815    0.88529689    0.85605458    1.11450795    1.12290739    1.38969165    1.61163667    1.52291078    1.44298291    1.58753623    1.59999932    1.16213329    1.38195164    1.53054676    1.40118239    1.42370688    1.42726562    1.32520460    1.36199087    1.85212291    1.37438722    0.68452088    0.68667227    0.66001497    0.74870798    0.67560401    0.75113946    0.58464475
D7DWU6_NOSA0/171-390     0.53439352    0.53427711    0.62909697    0.59609833    0.36862289    0.41792322    0.54814870    0.47883467    0.39938809    0.26161007    0.00000000    0.64780346    0.55264127    0.72963553    0.73585276    0.88093479    0.95311455    0.85279755    0.59496671    0.71398993    0.57032087    0.66585260    0.74359379    0.78415793    0.99514557    1.06974403    1.04634938    0.89861156    1.00400834    0.80370801    0.81663021    1.06777901    1.10428116    1.33064279    1.57158745    1.42490815    1.32402039    1.59107251    1.52001957    1.15488701    1.41523713    1.35605049    1.34593627    1.32247135    1.41942741    1.31982570    1.42121204    1.77734929    1.39614001    0.64733318    0.64247238    0.59237785    0.69388676    0.71480285    0.73184181    0.51833081
K9WNX9_9CYAN/220-429     0.52231755    0.59432360    0.61807696    0.77027466    0.58364858    0.60137970    0.56335043    0.66766489    0.63393334    0.69396077    0.64780346    0.00000000    0.51210914    0.60973660    0.68504376    0.82861274    0.80448947    0.76620351    0.59784923    0.66693044    0.66881600    0.63915755    0.66807223    0.71178180    0.88191095    1.08147088    0.91146466    0.87275498    1.08368075    0.78847340    0.87583184    0.91887907    0.94817518    1.13605166    1.57036165    1.31856936    1.33927256    1.47398057    1.55826876    1.15197567    1.21206963    1.32830208    1.35495348    1.27750958    1.41922504    1.35690755    1.35096668    1.75770438    1.38690652    0.65403628    0.66572211    0.57604575    0.60865849    0.68231624    0.70770710    0.49341444
K9VYJ1_9CYAN/171-372     0.59509588    0.58513835    0.64498071    0.64842818    0.59460975    0.48683170    0.53429756    0.55122676    0.53637195    0.58383113    0.55264127    0.51210914    0.00000000    0.58068374    0.67590584    0.84281799    0.86407893    0.64039309    0.61705948    0.66814066    0.66134561    0.68681916    0.60771164    0.77866378    0.91480526    1.14427066    1.01487093    0.92240927    0.99346438    0.70471878    0.75770928    1.03227181    0.97763909    1.14456233    1.33159569    1.32812139    1.27908408    1.41634259    1.34230073    1.02469815    1.09048556    1.24057441    1.11152533    1.11383011    1.20151524    1.20681524    1.25574764    1.60374354    1.22259446    0.61142224    0.71980764    0.69026969    0.65607177    0.67236719    0.68180057    0.51075480
K9S512_9CYAN/171-384     0.64788606    0.61054694    0.71337836    0.71534823    0.72002852    0.64732688    0.64993456    0.68570227    0.61569126    0.69464968    0.72963553    0.60973660    0.58068374    0.00000000    0.68792541    0.79103847    0.79736434    0.65209022    0.58703227    0.64247999    0.74642176    0.66477227    0.74388190    0.70137372    0.83865239    0.94241620    0.94568946    0.89126497    1.07398012    0.80383123    0.79043426    1.04451713    1.04630766    1.09358951    1.35281596    1.28271841    1.38287473    1.58920963    1.41718297    0.94927418    1.15831180    1.15902071    1.19765765    1.21959877    1.26650721    1.28953798    1.31066436    1.67184538    1.30754379    0.59675402    0.65871775    0.66426623    0.64113411    0.59233473    0.63330299    0.55015477
B8HUU2_CYAP4/168-361     0.64914610    0.62039359    0.70097424    0.80833842    0.60605617    0.65782711    0.65677386    0.67171868    0.64453838    0.70982550    0.73585276    0.68504376    0.67590584    0.68792541    0.00000000    0.77086100    0.69197253    0.56312004    0.69185103    0.80935782    0.69967762    0.76992505    0.80562168    0.75632664    1.04727069    0.98734241    1.05191240    1.05037265    1.06100376    0.94422236    0.93214334    1.04897471    1.17246474    1.33141722    1.53795691    1.43931523    1.38342404    1.61429584    1.48188776    1.16533251    1.38102759    1.45699736    1.42082995    1.39706207    1.44972858    1.30234799    1.47262455    2.04006066    1.39189198    0.69568899    0.75161279    0.72548760    0.72759503    0.81479361    0.83395841    0.72282188
Q8DKW2_THEEB/158-330     0.78478170    0.77951782    0.85223609    0.86979742    0.75661504    0.75775359    0.75855670    0.74591379    0.70560791    0.81222925    0.88093479    0.82861274    0.84281799    0.79103847    0.77086100    0.00000000    0.63651345    0.68405903    0.74882165    0.92925313    0.77317129    0.74660371    0.81615553    0.85742993    0.94123123    1.03723665    1.00450073    1.01154018    1.16839582    1.00115141    0.91597107    1.32265001    1.36386064    1.24259532    1.51125704    1.49777835    1.44460497    1.57450966    1.44068915    1.31406705    1.20648623    1.32373517    1.34815537    1.26715754    1.32845481    1.38357293    1.34712500    1.80118432    1.34868966    0.75454712    0.84614825    0.81779670    0.86668706    0.83608809    0.91190268    0.82474574
K9RR55_SYNP3/199-378     0.80384352    0.87473247    0.88134888    1.00519547    0.77175569    0.84254414    0.84977919    0.74413849    0.78145905    0.91680120    0.95311455    0.80448947    0.86407893    0.79736434    0.69197253    0.63651345    0.00000000    0.65603428    0.84241208    0.86763716    0.82920101    0.84546435    0.89057468    0.82343604    1.00781040    0.99347637    1.05159586    1.00180596    1.01516286    0.99611671    0.83486799    1.14400186    1.14764020    1.21351777    1.58172861    1.45776835    1.57337232    1.72099315    1.60531708    1.34624257    1.28768074    1.41183148    1.48274611    1.47254501    1.50584535    1.47651506    1.57754588    2.15391975    1.48598214    0.80435615    0.78150279    0.77382870    0.93609638    0.86788839    0.97085410    0.91299701
B0CA86_ACAM1/158-345     0.68043536    0.68923164    0.75673925    0.74188807    0.62766230    0.68772963    0.68125365    0.70859554    0.69942749    0.79134852    0.85279755    0.76620351    0.64039309    0.65209022    0.56312004    0.68405903    0.65603428    0.00000000    0.75474805    0.71343698    0.67621110    0.72168216    0.71422445    0.64928377    0.90221208    0.90324194    0.93802836    0.88217955    0.94682276    0.92503376    0.76562771    1.02035296    1.07481311    1.27743233    1.46336472    1.39611763    1.45407339    1.84594335    1.50439534    1.10742149    1.22542212    1.33860014    1.25395246    1.24610870    1.25298541    1.23083522    1.35684978    1.68141062    1.30181952    0.66245621    0.75175680    0.67605932    0.75536208    0.74392179    0.76964707    0.59069891
K9TJZ8_9CYAN/198-391     0.55492055    0.55860215    0.62414888    0.71581517    0.62949084    0.58868376    0.57302902    0.54506553    0.54179775    0.64787159    0.59496671    0.59784923    0.61705948    0.58703227    0.69185103    0.74882165    0.84241208    0.75474805    0.00000000    0.65688284    0.56676671    0.62366055    0.60666869    0.69297421    0.91615096    0.93317753    0.94278594    0.93790106    1.08088982    0.85316526    0.75816134    1.17029736    1.12106275    1.22524214    1.43852785    1.21605819    1.18353976    1.55290409    1.36565788    0.99578666    1.13802567    1.27598733    1.17653222    1.24195859    1.28071505    1.18442398    1.21897451    1.58672843    1.22469889    0.57357040    0.63473670    0.57639402    0.68298648    0.70469574    0.70515590    0.47771754
K9UEM1_CHAP6/170-355     0.64302466    0.65796214    0.65981210    0.76162369    0.66917286    0.66098971    0.68219471    0.63980886    0.62163808    0.70512596    0.71398993    0.66693044    0.66814066    0.64247999    0.80935782    0.92925313    0.86763716    0.71343698    0.65688284    0.00000000    0.58369632    0.62360692    0.67639252    0.74267473    0.81424342    0.99503338    1.02056598    0.98882007    0.98945868    0.79982198    0.97709382    1.01277603    1.22516949    1.25055345    1.48231970    1.40837252    1.49004531    1.67476789    1.42721067    1.03697744    1.19426606    1.20480490    1.23025074    1.25123052    1.25790743    1.28822621    1.31465055    1.78614918    1.17988821    0.66597361    0.68929106    0.64748511    0.68781301    0.65072617    0.62050042    0.62522202
K8GM97_9CYAN/164-386     0.59131907    0.61936667    0.63080039    0.71043062    0.60001783    0.58498387    0.60976342    0.63173027    0.62102375    0.67503758    0.57032087    0.66881600    0.66134561    0.74642176    0.69967762    0.77317129    0.82920101    0.67621110    0.56676671    0.58369632    0.00000000    0.59932482    0.75348436    0.66240494    0.89036348    1.06248889    0.93318329    0.88433684    1.02665824    0.73370126    0.80459141    0.93719562    0.94354915    1.18264748    1.46381260    1.25339005    1.24588808    1.55954492    1.37497704    1.13203017    1.34173043    1.30842816    1.34157654    1.25946621    1.31055771    1.36924813    1.34743502    1.66337472    1.29191083    0.58666678    0.57004594    0.59327045    0.58071633    0.66762937    0.60176713    0.44666703
D4ZT42_ARTPN/168-365     0.60718892    0.63085831    0.63454226    0.75218241    0.61640713    0.58008693    0.61165621    0.63398112    0.59165920    0.70621985    0.66585260    0.63915755    0.68681916    0.66477227    0.76992505    0.74660371    0.84546435    0.72168216    0.62366055    0.62360692    0.59932482    0.00000000    0.56946374    0.64467790    0.77444639    0.98679803    0.92723461    0.78189569    0.95411560    0.78605819    0.84348751    0.98743459    1.04637960    1.13490312    1.51444655    1.25817614    1.25757906    1.57430455    1.51030442    1.20959082    1.33408239    1.35063831    1.30124935    1.28284107    1.45483310    1.37610466    1.40796132    1.79317037    1.41054077    0.66438726    0.63005205    0.57913395    0.64795748    0.63982621    0.69071455    0.52626919
Q110A5_TRIEI/175-401     0.59608804    0.54580025    0.72158872    0.78372489    0.61124959    0.62482450    0.70215328    0.70862013    0.64285747    0.69628441    0.74359379    0.66807223    0.60771164    0.74388190    0.80562168    0.81615553    0.89057468    0.71422445    0.60666869    0.67639252    0.75348436    0.56946374    0.00000000    0.65475743    0.79311156    0.97301368    0.95981047    0.86583929    0.92745727    0.87020096    0.84119478    1.07870877    1.09614259    1.23280588    1.61988380    1.36335252    1.45154878    1.46976879    1.52801118    1.21272356    1.35113835    1.44481390    1.46557618    1.42445091    1.46451463    1.38978412    1.42871261    1.81734655    1.40242192    0.57086522    0.58222905    0.60579930    0.63938168    0.64529965    0.65824294    0.50907420
K9YC86_HALP7/161-349     0.73575520    0.71613153    0.77413648    0.76797235    0.74707485    0.69680176    0.73013627    0.71695260    0.72932600    0.75775978    0.78415793    0.71178180    0.77866378    0.70137372    0.75632664    0.85742993    0.82343604    0.64928377    0.69297421    0.74267473    0.66240494    0.64467790    0.65475743    0.00000000    0.78035998    0.99521638    0.94362267    0.77787480    0.89199977    0.80969123    0.84489888    0.94462444    1.04666942    1.29188356    1.56360634    1.32043407    1.46751312    1.60731702    1.43911045    1.13372334    1.29502284    1.33904003    1.27667154    1.37617675    1.40277177    1.32727203    1.42628344    1.88533127    1.35228565    0.65631715    0.64922761    0.58616235    0.68141326    0.70204743    0.69739424    0.60037933
Q8GLI4_SYNE7/154-332     0.85325931    0.85258641    0.90043804    0.97526155    0.84100761    0.82333357    0.89368306    0.81829172    0.80184387    0.98229387    0.99514557    0.88191095    0.91480526    0.83865239    1.04727069    0.94123123    1.00781040    0.90221208    0.91615096    0.81424342    0.89036348    0.77444639    0.79311156    0.78035998    0.00000000    0.82470150    0.90792728    0.93260182    0.92509753    0.97212165    0.90452307    1.19789208    1.27851646    1.32791044    1.36928628    1.40302243    1.43203720    1.54997251    1.36155118    1.37189277    1.39468446    1.36425994    1.41123687    1.37851215    1.38657582    1.49239503    1.48920902    2.10914060    1.47773226    0.80211379    0.82966015    0.80684070    0.86069855    0.78980685    0.83797041    0.83247221
Q55456_SYNY3/193-375     0.99698120    0.98392374    1.07037292    1.09267195    0.99761836    1.01039416    1.11724983    1.04083253    1.03198254    1.14897208    1.06974403    1.08147088    1.14427066    0.94241620    0.98734241    1.03723665    0.99347637    0.90324194    0.93317753    0.99503338    1.06248889    0.98679803    0.97301368    0.99521638    0.82470150    0.00000000    0.90719904    0.79510345    1.12500790    1.08519944    0.98048611    1.21052330    1.30541594    1.33009375    1.48923745    1.36452024    1.25315199    1.73662664    1.28594028    1.35590158    1.37444452    1.37929546    1.32839438    1.33988113    1.38974210    1.41357231    1.46732631    1.90011961    1.42813625    0.88215844    0.83724998    0.88866075    0.89850737    0.88228073    0.82329613    0.83629332
K9YP68_CYASC/168-342     0.80303073    0.99097467    0.97042299    1.12443275    0.98669330    1.00850767    1.02311145    0.99440305    0.91537369    0.98223158    1.04634938    0.91146466    1.01487093    0.94568946    1.05191240    1.00450073    1.05159586    0.93802836    0.94278594    1.02056598    0.93318329    0.92723461    0.95981047    0.94362267    0.90792728    0.90719904    0.00000000    0.53309092    1.30044052    1.09550233    1.22879856    1.24312603    1.36674003    1.40895377    1.72149563    1.56256448    1.54593104    1.73481141    1.64617231    1.41814713    1.36720507    1.53673558    1.35877934    1.43147151    1.42277748    1.45263028    1.40371313    1.82136751    1.41415776    1.04033444    0.82569215    0.80072953    0.95256475    0.87668437    0.88531246    0.82154323
K9Z630_CYAAP/170-341     0.81933237    0.89673271    0.84116480    0.97273051    0.82071321    0.86012254    0.86161775    0.80153591    0.84388562    0.95822409    0.89861156    0.87275498    0.92240927    0.89126497    1.05037265    1.01154018    1.00180596    0.88217955    0.93790106    0.98882007    0.88433684    0.78189569    0.86583929    0.77787480    0.93260182    0.79510345    0.53309092    0.00000000    1.24388782    0.96023337    0.90342236    1.16236166    1.32758877    1.38070588    1.60562476    1.43724390    1.53094861    1.55839364    1.55295126    1.23274044    1.27810382    1.32139765    1.31672716    1.32268132    1.31078087    1.33751112    1.35150515    1.66301104    1.26298295    0.82417598    0.64774160    0.72106706    0.81623558    0.75358761    0.81664924    0.85485226
Q2JIJ8_SYNJB/162-330     0.93072679    1.05191208    1.19183436    1.12930364    1.03603192    0.99338947    1.02467451    0.98393603    0.97814408    0.99768815    1.00400834    1.08368075    0.99346438    1.07398012    1.06100376    1.16839582    1.01516286    0.94682276    1.08088982    0.98945868    1.02665824    0.95411560    0.92745727    0.89199977    0.92509753    1.12500790    1.30044052    1.24388782    0.00000000    1.03861684    0.91046118    1.19617339    1.16055469    1.48310115    1.50809331    1.34824041    1.45942239    1.49560319    1.28696692    1.41971004    1.49257631    1.56644876    1.60402221    1.59846516    1.71546253    1.63900203    1.77281366    2.32221675    1.71826213    0.97123247    0.98779767    1.07100236    1.19822937    1.15911047    1.18948923    1.02077322
K9SHL6_9CYAN/257-425     0.74381364    0.82415137    0.79559695    0.86008552    0.82234285    0.79753594    0.81509244    0.76141989    0.75254066    0.88529689    0.80370801    0.78847340    0.70471878    0.80383123    0.94422236    1.00115141    0.99611671    0.92503376    0.85316526    0.79982198    0.73370126    0.78605819    0.87020096    0.80969123    0.97212165    1.08519944    1.09550233    0.96023337    1.03861684    0.00000000    0.57087030    0.97779261    1.03048526    1.09051326    1.56475648    1.42914126    1.52363664    1.57074291    1.51214777    1.19730766    1.33597921    1.29723519    1.38720864    1.32000158    1.40034620    1.32784627    1.42530010    1.80476548    1.38679707    0.80165423    0.83140763    0.78956263    0.83273840    0.95411008    0.95529517    0.85533605
K9SY84_9SYNE/152-321     0.71786490    0.79271505    0.82947837    0.88270673    0.81476729    0.78133549    0.79910861    0.73373411    0.79396753    0.85605458    0.81663021    0.87583184    0.75770928    0.79043426    0.93214334    0.91597107    0.83486799    0.76562771    0.75816134    0.97709382    0.80459141    0.84348751    0.84119478    0.84489888    0.90452307    0.98048611    1.22879856    0.90342236    0.91046118    0.57087030    0.00000000    1.02497989    0.96124406    1.20187715    1.60641788    1.35731567    1.54658805    1.59832131    1.45871773    1.22145370    1.11285707    1.18959744    1.26157512    1.14468173    1.17462767    1.12628003    1.18591994    1.62466441    1.21871295    0.77115841    0.81829095    0.76148885    0.95922203    0.91457144    0.98170380    0.76311057
U5QG21_9CYAN/159-331     0.95317342    0.94191290    0.99150931    1.10987466    0.93555229    0.92214156    0.93060351    0.92714735    0.93488811    1.11450795    1.06777901    0.91887907    1.03227181    1.04451713    1.04897471    1.32265001    1.14400186    1.02035296    1.17029736    1.01277603    0.93719562    0.98743459    1.07870877    0.94462444    1.19789208    1.21052330    1.24312603    1.16236166    1.19617339    0.97779261    1.02497989    0.00000000    0.38155098    1.42127641    1.55970970    1.65164558    1.64560766    1.90435565    1.59861736    1.25088621    1.23850859    1.32646782    1.40733738    1.35902400    1.40891089    1.42877559    1.45138419    1.70800867    1.37736259    1.06596966    1.03192343    0.99266854    1.04172878    0.95947709    0.90495744    0.93252656
Q7NEV9_GLOVI/158-330     0.91595421    0.95323437    0.99885243    1.10123439    0.98523301    0.97919399    0.98528172    0.96411696    1.01218425    1.12290739    1.10428116    0.94817518    0.97763909    1.04630766    1.17246474    1.36386064    1.14764020    1.07481311    1.12106275    1.22516949    0.94354915    1.04637960    1.09614259    1.04666942    1.27851646    1.30541594    1.36674003    1.32758877    1.16055469    1.03048526    0.96124406    0.38155098    0.00000000    1.38380597    1.57865976    1.53996486    1.50729492    1.79999664    1.51164560    1.21578056    1.15352717    1.19287129    1.21602444    1.19659571    1.26390740    1.18904821    1.23617428    1.57896309    1.17609925    1.10779201    1.14055157    0.93741122    1.09048013    1.09789839    1.05708100    0.94288610
A5GVV8_SYNR3/158-332     1.09549435    1.18691666    1.23698715    1.25287286    1.16044576    1.11993124    1.18879401    1.18830126    1.06544618    1.38969165    1.33064279    1.13605166    1.14456233    1.09358951    1.33141722    1.24259532    1.21351777    1.27743233    1.22524214    1.25055345    1.18264748    1.13490312    1.23280588    1.29188356    1.32791044    1.33009375    1.40895377    1.38070588    1.48310115    1.09051326    1.20187715    1.42127641    1.38380597    0.00000000    0.79549882    1.03561504    0.93700426    1.06639458    0.90962300    1.23650657    1.43074881    1.43497314    1.40683237    1.39789128    1.47633737    1.53727069    1.53522191    2.09031142    1.46162986    1.08219535    1.20142680    1.16025159    1.26764680    1.21439381    1.19831519    1.19609301
K9P6D5_CYAGP/153-335     1.60581326    1.46006459    1.62717175    1.43581597    1.58588005    1.39854968    1.45264128    1.41929280    1.38694396    1.61163667    1.57158745    1.57036165    1.33159569    1.35281596    1.53795691    1.51125704    1.58172861    1.46336472    1.43852785    1.48231970    1.46381260    1.51444655    1.61988380    1.56360634    1.36928628    1.48923745    1.72149563    1.60562476    1.50809331    1.56475648    1.60641788    1.55970970    1.57865976    0.79549882    0.00000000    0.82213322    0.82253298    0.96492145    0.59316486    1.19626319    1.57584149    1.51710002    1.58890102    1.52204340    1.65577161    1.66983058    1.68293723    2.19401134    1.60877772    1.37997264    1.48327944    1.52331658    1.60834236    1.47406842    1.36048323    1.48732458
Q7V9W0_PROMA/145-321     1.24760885    1.36018039    1.38704585    1.33669800    1.38745995    1.34782459    1.43254675    1.31236378    1.38617391    1.52291078    1.42490815    1.31856936    1.32812139    1.28271841    1.43931523    1.49777835    1.45776835    1.39611763    1.21605819    1.40837252    1.25339005    1.25817614    1.36335252    1.32043407    1.40302243    1.36452024    1.56256448    1.43724390    1.34824041    1.42914126    1.35731567    1.65164558    1.53996486    1.03561504    0.82213322    0.00000000    0.69653087    0.64287483    0.62382029    1.21005601    1.41255599    1.40515213    1.38823799    1.44010561    1.47528289    1.58314890    1.60487535    2.26347257    1.51650602    1.18157034    1.27420352    1.35846196    1.34101167    1.42048846    1.48004350    1.42070947
A5GIU7_SYNPW/139-320     1.23591899    1.28446175    1.43769133    1.33539673    1.38106878    1.31612692    1.33007255    1.32820210    1.33607451    1.44298291    1.32402039    1.33927256    1.27908408    1.38287473    1.38342404    1.44460497    1.57337232    1.45407339    1.18353976    1.49004531    1.24588808    1.25757906    1.45154878    1.46751312    1.43203720    1.25315199    1.54593104    1.53094861    1.45942239    1.52363664    1.54658805    1.64560766    1.50729492    0.93700426    0.82253298    0.69653087    0.00000000    0.78100574    0.58942367    1.53326035    1.64749699    1.66693528    1.62046221    1.60630752    1.65504645    1.74656609    1.72116037    2.42163237    1.73002906    1.38154030    1.37880092    1.29315937    1.36374226    1.29048459    1.34391036    1.27645444
Q46IQ7_PROMT/157-333     1.43777860    1.58865956    1.61270850    1.43916024    1.57594419    1.39924934    1.45672154    1.40058627    1.35247388    1.58753623    1.59107251    1.47398057    1.41634259    1.58920963    1.61429584    1.57450966    1.72099315    1.84594335    1.55290409    1.67476789    1.55954492    1.57430455    1.46976879    1.60731702    1.54997251    1.73662664    1.73481141    1.55839364    1.49560319    1.57074291    1.59832131    1.90435565    1.79999664    1.06639458    0.96492145    0.64287483    0.78100574    0.00000000    0.60607843    1.57508760    1.59626023    1.78857247    1.74702438    1.70673353    1.69819769    1.82367051    1.88846612    2.77482425    1.83171781    1.39451032    1.49073979    1.59014334    1.59253242    1.57935872    1.53586559    1.63288430
Q7V544_PROMM/139-315     1.46731265    1.47598159    1.59202415    1.36248932    1.57303398    1.38982855    1.48229388    1.45817329    1.42367508    1.59999932    1.52001957    1.55826876    1.34230073    1.41718297    1.48188776    1.44068915    1.60531708    1.50439534    1.36565788    1.42721067    1.37497704    1.51030442    1.52801118    1.43911045    1.36155118    1.28594028    1.64617231    1.55295126    1.28696692    1.51214777    1.45871773    1.59861736    1.51164560    0.90962300    0.59316486    0.62382029    0.58942367    0.60607843    0.00000000    1.24499124    1.45781424    1.33651894    1.37169729    1.35069783    1.52908115    1.58932973    1.65817858    2.37558469    1.51723377    1.35127757    1.50699333    1.45474484    1.48347368    1.44265446    1.34539674    1.34104594
D8RQZ7_SELML/168-352     1.04679216    1.04685696    1.06016097    1.00305107    1.13372321    1.03606781    1.07037786    1.04675487    1.04221194    1.16213329    1.15488701    1.15197567    1.02469815    0.94927418    1.16533251    1.31406705    1.34624257    1.10742149    0.99578666    1.03697744    1.13203017    1.20959082    1.21272356    1.13372334    1.37189277    1.35590158    1.41814713    1.23274044    1.41971004    1.19730766    1.22145370    1.25088621    1.21578056    1.23650657    1.19626319    1.21005601    1.53326035    1.57508760    1.24499124    0.00000000    0.95020373    0.83890012    0.87872350    0.91764695    0.98501569    0.90244164    1.05956345    1.52387041    0.92584153    1.10068799    1.20427759    1.13166911    1.20757272    1.17641530    1.22783850    1.13463651
W1P5C4_AMBTC/182-384     1.31168542    1.16386574    1.37188115    1.34038677    1.22919830    1.23870432    1.31356695    1.33221994    1.21412948    1.38195164    1.41523713    1.21206963    1.09048556    1.15831180    1.38102759    1.20648623    1.28768074    1.22542212    1.13802567    1.19426606    1.34173043    1.33408239    1.35113835    1.29502284    1.39468446    1.37444452    1.36720507    1.27810382    1.49257631    1.33597921    1.11285707    1.23850859    1.15352717    1.43074881    1.57584149    1.41255599    1.64749699    1.59626023    1.45781424    0.95020373    0.00000000    0.60966745    0.56386279    0.57856113    0.67571193    0.58310211    0.66949929    0.86487314    0.60594954    1.06384414    1.13751625    1.16080106    1.23935711    1.33643628    1.30216963    1.07589866
M1A0G7_SOLTU/195-395     1.28126750    1.29836579    1.44154311    1.23328236    1.35301705    1.30059043    1.49477398    1.44183074    1.36205625    1.53054676    1.35605049    1.32830208    1.24057441    1.15902071    1.45699736    1.32373517    1.41183148    1.33860014    1.27598733    1.20480490    1.30842816    1.35063831    1.44481390    1.33904003    1.36425994    1.37929546    1.53673558    1.32139765    1.56644876    1.29723519    1.18959744    1.32646782    1.19287129    1.43497314    1.51710002    1.40515213    1.66693528    1.78857247    1.33651894    0.83890012    0.60966745    0.00000000    0.43346611    0.48827635    0.62013919    0.66039222    0.70015847    0.90484543    0.61773860    1.09870350    1.22666615    1.12230590    1.23132053    1.40467112    1.33441749    1.12837547
B9RZQ9_RICCO/215-413     1.16519301    1.26486224    1.39909873    1.29713232    1.29204267    1.35000644    1.37809998    1.36732610    1.35903172    1.40118239    1.34593627    1.35495348    1.11152533    1.19765765    1.42082995    1.34815537    1.48274611    1.25395246    1.17653222    1.23025074    1.34157654    1.30124935    1.46557618    1.27667154    1.41123687    1.32839438    1.35877934    1.31672716    1.60402221    1.38720864    1.26157512    1.40733738    1.21602444    1.40683237    1.58890102    1.38823799    1.62046221    1.74702438    1.37169729    0.87872350    0.56386279    0.43346611    0.00000000    0.33920600    0.58188913    0.56248951    0.63253639    0.86299996    0.57256738    1.09757167    1.23915777    1.22853300    1.23635279    1.33557285    1.23269176    1.14981843
I1L0Q9_SOYBN/239-441     1.21257953    1.27443684    1.33501852    1.36456313    1.16137488    1.30377831    1.37576805    1.38729847    1.39374082    1.42370688    1.32247135    1.27750958    1.11383011    1.21959877    1.39706207    1.26715754    1.47254501    1.24610870    1.24195859    1.25123052    1.25946621    1.28284107    1.42445091    1.37617675    1.37851215    1.33988113    1.43147151    1.32268132    1.59846516    1.32000158    1.14468173    1.35902400    1.19659571    1.39789128    1.52204340    1.44010561    1.60630752    1.70673353    1.35069783    0.91764695    0.57856113    0.48827635    0.33920600    0.00000000    0.60952565    0.56687602    0.56052373    0.78447443    0.51535043    1.11235424    1.13608556    1.25035428    1.24928517    1.29372457    1.23187920    1.04452574
M0TW51_MUSAM/218-421     1.33098709    1.27237495    1.42456478    1.33146560    1.25694799    1.33889648    1.42545485    1.42768134    1.34027483    1.42726562    1.41942741    1.41922504    1.20151524    1.26650721    1.44972858    1.32845481    1.50584535    1.25298541    1.28071505    1.25790743    1.31055771    1.45483310    1.46451463    1.40277177    1.38657582    1.38974210    1.42277748    1.31078087    1.71546253    1.40034620    1.17462767    1.40891089    1.26390740    1.47633737    1.65577161    1.47528289    1.65504645    1.69819769    1.52908115    0.98501569    0.67571193    0.62013919    0.58188913    0.60952565    0.00000000    0.53033668    0.51271354    0.76744256    0.49512759    1.23072678    1.28912968    1.20876451    1.17591199    1.26805802    1.28660469    1.16664581
B4FL73_MAIZE/209-407     1.31147846    1.26637615    1.38974317    1.31355057    1.23130514    1.29546067    1.31113526    1.36174662    1.30536018    1.32520460    1.31982570    1.35690755    1.20681524    1.28953798    1.30234799    1.38357293    1.47651506    1.23083522    1.18442398    1.28822621    1.36924813    1.37610466    1.38978412    1.32727203    1.49239503    1.41357231    1.45263028    1.33751112    1.63900203    1.32784627    1.12628003    1.42877559    1.18904821    1.53727069    1.66983058    1.58314890    1.74656609    1.82367051    1.58932973    0.90244164    0.58310211    0.66039222    0.56248951    0.56687602    0.53033668    0.00000000    0.29183939    0.47693792    0.22338037    1.17656598    1.20804898    1.22165433    1.31902071    1.35577458    1.33295165    1.24839101
I1HLK2_BRADI/213-410     1.33075258    1.35129083    1.41708886    1.37202319    1.30736239    1.39827564    1.38333022    1.47506155    1.34347382    1.36199087    1.42121204    1.35096668    1.25574764    1.31066436    1.47262455    1.34712500    1.57754588    1.35684978    1.21897451    1.31465055    1.34743502    1.40796132    1.42871261    1.42628344    1.48920902    1.46732631    1.40371313    1.35150515    1.77281366    1.42530010    1.18591994    1.45138419    1.23617428    1.53522191    1.68293723    1.60487535    1.72116037    1.88846612    1.65817858    1.05956345    0.66949929    0.70015847    0.63253639    0.56052373    0.51271354    0.29183939    0.00000000    0.33065945    0.26021397    1.26244223    1.25987091    1.21637487    1.33829272    1.40899526    1.32608943    1.24949205
M8A4Q0_TRIUA/206-395     1.68856385    1.67864182    1.84196534    1.66160155    1.72769875    1.67978041    1.69039662    1.74770484    1.77136435    1.85212291    1.77734929    1.75770438    1.60374354    1.67184538    2.04006066    1.80118432    2.15391975    1.68141062    1.58672843    1.78614918    1.66337472    1.79317037    1.81734655    1.88533127    2.10914060    1.90011961    1.82136751    1.66301104    2.32221675    1.80476548    1.62466441    1.70800867    1.57896309    2.09031142    2.19401134    2.26347257    2.42163237    2.77482425    2.37558469    1.52387041    0.86487314    0.90484543    0.86299996    0.78447443    0.76744256    0.47693792    0.33065945    0.00000000    0.46504280    1.63032563    1.64220113    1.55504208    1.72610260    1.71729673    1.68878443    1.63456581
Q75M00_ORYSJ/205-402     1.39308942    1.28237749    1.41711267    1.33781394    1.20417074    1.33257904    1.35257810    1.47393538    1.34677300    1.37438722    1.39614001    1.38690652    1.22259446    1.30754379    1.39189198    1.34868966    1.48598214    1.30181952    1.22469889    1.17988821    1.29191083    1.41054077    1.40242192    1.35228565    1.47773226    1.42813625    1.41415776    1.26298295    1.71826213    1.38679707    1.21871295    1.37736259    1.17609925    1.46162986    1.60877772    1.51650602    1.73002906    1.83171781    1.51723377    0.92584153    0.60594954    0.61773860    0.57256738    0.51535043    0.49512759    0.22338037    0.26021397    0.46504280    0.00000000    1.18804547    1.25959228    1.19921594    1.31804369    1.38802257    1.29308842    1.21632113
