162
C4L4B0_EXISA/18-120     0.00000000    2.22089090    1.83296584    1.86802812    1.69434630    1.50884386    1.97046482    1.72390096    2.42924837    2.01172548    2.49510723    2.26036201    2.19300838    1.86621971    1.90536080    2.06848714    1.62132050    1.36977937    1.85601460    1.67366461    2.02950899    1.83285544    2.17961357    1.98331730    2.28008886    2.16981553    1.81030150    1.98508775    1.78796849    1.93947278    2.39662069    2.17886692    2.38690539    1.39958801    1.86057970    1.95185486    2.02025426    1.71189866    1.83295692    1.78501610    2.84186207    2.24016413    2.00512222    2.87267359    2.89543358    2.12160062    2.68571215    2.67688952    2.01419257    2.22496220    2.53916381    2.27526118    2.51874479    1.50252014    1.92967593    1.78544550    1.85460018    1.71020346    1.85480233    1.43037973    1.52725538    1.97975566    2.25354324    2.20589683    1.84639397    2.01837747    2.00261521    2.01263460    1.59945643    1.57928156    1.92995526    1.53649486    1.62816062    1.67829044    1.46049176    1.53056793    1.65716503    1.59544329    1.56837241    1.62318507    1.47454402    1.43969533    2.23329591    1.90730222    1.72715936    2.07161733    2.17920586    2.33153189    1.64859862    1.57470138    2.31162723    2.00334127    2.06242825    2.16900091    2.33422776    1.68167116    1.71827176    2.52874470    2.75955996    1.91780125    2.23413989    1.91278160    2.02103433    2.13781525    1.93552763    1.97787508    1.88870544    1.53897632    1.87682772    2.34893646    2.15276722    2.23244764    2.17961005    2.17648929    2.14975963    2.38312645    2.40368199    2.55381631    2.72506357    2.04708925    2.41686538    2.30160790    1.94512196    2.09755186    2.63976216    2.20181624    2.27181837    2.21250525    2.85708370    2.46096935    1.58809787    1.95280508    2.09164645    1.87341956    2.55333401    1.83369576    1.83629620    1.84170177    1.74067146    1.71833640    1.83434608    1.82068112    2.01332665    1.76220814    2.02603813    1.97399298    1.96208758    2.09548188    1.76638864    2.21089498    1.76507892    1.95063339    2.03015334    1.90662533    1.75168061    2.12936824    2.48269333    2.09777354    1.98404877    2.00254548    2.82708177    1.50269466
R5Q2Y0_9FIRM/4-67     2.22089090    0.00000000    0.80194202    1.70271220    1.86476260    1.78138977    2.94657535    1.92527760    2.04472361    2.19482916    1.85217067    2.69481291    1.93349381    2.15489115    2.01699537    2.33520067    2.19749982    2.94702142    2.63046080    3.19523618    3.13764585    2.71996404    2.13027347    2.28681297    3.29024699    2.52093351    2.46455606    2.23187527    1.94467371    1.42948329    1.73418321    1.75008088    2.54289916    1.61881010    2.25319560    1.98269805    1.91939736    2.16599140    2.06874940    2.09287309    2.52778861    1.98616905    3.26955367    2.42735699    4.05005802    2.77086589    2.12067594    2.16530568    3.09279106    2.79753509    2.64386733    2.81391616    2.42989959    1.84697620    1.92896594    2.17195703    2.03924151    2.50347786    1.83222804    1.99061015    1.80568820    2.54193337    2.71525788    1.87476593    2.25740063    2.06774475    1.90324133    1.98268817    2.19936740    2.10136122    2.08077861    2.28984779    2.42792019    2.22242758    2.49495618    1.97827210    1.80220759    2.10930293    1.88807702    1.99187251    2.01237005    2.22990426    2.27509276    1.81465782    2.06039608    3.06031685    2.18389594    2.07090468    1.96299040    2.41226432    1.89756965    2.07687710    2.38166691    2.17908158    2.21163439    2.47156181    1.80531238    1.93151553    2.26876911    2.01989946    2.23108014    2.15427055    1.52527685    2.28122808    1.72690522    1.92644001    1.90553402    1.92445077    1.74931452    1.70166581    2.37922304    1.64678459    1.65045541    1.72922120    1.93737336    1.96510254    1.88242970    1.67588246    2.16804921    1.97389669    2.35828584    1.77189250    1.84537310    3.08422373    2.26133901    1.72646311    1.96829779    2.59886985    2.66546441    2.43794975    2.34979543    1.59750993    2.44957163    2.19882894    2.74531887    1.84711687    2.02759030    1.91817216    2.26375587    2.16285740    2.16332183    1.99063041    2.07630273    2.00698341    2.15464906    1.64603509    1.98416354    1.90448641    2.03991480    2.11473966    1.93313138    1.89713146    1.94107942    1.91222467    2.19053952    1.40169229    1.54695686    1.54804072    1.77324671    1.26232025    1.89226170    2.22266521
R7GMR6_9FIRM/3-67     1.83296584    0.80194202    0.00000000    1.70928837    1.89286279    1.66784355    2.19402495    1.78950754    2.23320945    2.43362546    2.16345145    2.48973227    2.09025379    1.92645779    1.92019146    2.12677541    2.57521544    2.59141464    2.74220878    2.48763699    2.88931895    2.71566356    2.07647949    2.40389354    3.16856908    2.55797069    2.41289172    2.34178271    1.99870513    1.65915950    2.17855005    2.38520606    2.79468519    1.74231773    2.64917839    2.69211487    2.00009376    2.15439490    2.21699890    2.31273406    2.39941817    2.71980909    3.25383459    2.55712081    3.63033159    2.57285205    1.99584709    2.44351698    3.42256456    2.43323879    2.80730651    2.96736117    2.54420670    2.18974417    2.09658966    2.00269038    2.43094564    2.24524244    1.81031515    1.88301934    2.00053311    2.46329618    2.85055925    1.92106970    2.66056204    2.22454845    1.74168768    1.79926484    2.40866125    2.05278062    1.93922520    2.00175418    2.47166981    2.29207931    2.61876203    2.17850629    2.06120763    2.29234673    2.13409933    2.05519792    2.05217025    2.12715026    2.11580949    2.17701225    2.18435634    2.66556455    1.79466145    2.03697737    1.43762791    1.58689138    1.68082884    1.80615712    2.38381226    2.19028444    2.33886379    2.15845094    2.10455141    1.84189562    1.73779166    1.91071736    1.93831689    2.33996268    1.68110753    1.96907900    1.91103093    2.01917234    2.19613364    1.73704556    1.86225132    1.70447129    2.14573868    2.06970078    1.93763812    2.13060841    1.75832035    1.78712198    1.89674559    1.62146916    2.41111715    1.79050549    2.05662806    2.12004586    2.29120470    3.30493054    2.51543161    1.91288494    1.54294948    2.38610794    2.21303939    2.59141336    2.00885900    1.82172581    2.12213431    2.20921514    2.41257935    1.87659082    1.95484029    2.08250420    2.08380558    1.96480513    2.11269412    1.92871846    2.04361989    1.88545937    2.15476930    1.82647551    1.82224985    1.63522614    1.91491149    1.81791893    1.74579848    1.86999581    1.81322103    1.80407076    2.20701399    1.80038526    2.03422744    1.45985699    2.00660348    1.38140974    1.90760361    2.56161869
R5XS10_9CLOT/8-77     1.86802812    1.70271220    1.70928837    0.00000000    1.43019854    1.74994183    1.85434930    1.97390481    2.17789620    2.08092576    1.95646474    2.29572450    2.18307030    1.88928893    1.97675501    1.78532411    1.71412561    2.41582400    2.23482937    1.90570575    2.56588058    2.07750960    2.15580683    2.34620478    2.97576288    2.11112367    1.62840152    2.37947687    2.55910060    1.85650087    2.06483240    1.80929697    2.74259220    1.55253157    1.82051223    2.19641546    1.93767333    2.08057828    2.05686713    2.28099369    2.07464253    2.26737764    2.45964222    2.48283272    2.62253987    2.13610261    1.74335267    1.67206369    1.95150542    2.21447382    2.38467438    2.01942350    2.04334604    1.48135761    2.01592047    1.97014704    1.95279120    1.92763033    2.23029912    1.66744096    1.69163738    2.26489193    2.58620716    2.02343328    2.23999507    2.09780651    1.96003031    1.76016953    1.93516844    2.29977321    1.89043854    1.77372596    1.83676631    2.12148967    1.78025988    1.62182094    1.89050169    1.87807274    1.84234082    1.85524917    1.82674914    1.66760541    1.39803982    1.53400208    1.97739918    2.51526408    1.59007862    1.87643077    1.68981532    1.66621272    2.09871446    1.82892121    1.97253444    2.14915861    2.36683543    1.91891375    1.92166467    1.75531921    2.07159860    2.03309771    2.18183439    1.69604745    1.52688083    1.77806937    1.53154400    1.67398013    1.80810740    1.67969268    1.93366775    1.55179968    1.75896068    2.02306781    2.10383095    2.01209411    1.68491284    1.68071248    2.02844513    1.99116182    2.33067331    2.12367564    2.23394716    2.15253233    1.92784211    2.38752422    2.11213311    2.02962656    2.27999976    2.43740607    2.41448598    1.94949160    1.96553771    1.98916341    2.37018152    2.05160754    2.57310864    1.69094697    1.57519285    1.88584769    1.98072037    1.99937525    1.89267672    2.17601315    1.89152595    2.42938071    2.43860128    1.96816293    1.89322543    1.92743630    2.33720410    2.43417459    2.03694766    1.92586682    2.01407527    1.96904848    2.76687306    2.65878452    2.25611030    2.45037210    2.50869251    1.77128970    2.13884259    2.21632765
E4TV63_MARTH/8-71     1.69434630    1.86476260    1.89286279    1.43019854    0.00000000    1.37221543    1.67455454    1.38932941    1.77412394    1.55233934    1.60716839    1.44699405    1.38762372    1.46946916    1.63508261    1.59811279    2.13946824    2.23230126    2.24941774    2.82502786    2.60013486    2.82739241    2.51682980    2.32269893    2.16022609    2.13898437    2.13561520    1.95491738    1.86855168    1.31962528    1.76065396    1.71192943    2.72476953    1.37338029    2.20680579    1.73539653    1.59601074    1.93539940    1.64381682    2.02925671    1.97911480    1.92573590    2.34306382    2.45929161    2.99519526    2.32542405    1.92682126    2.14839418    2.01277937    2.24998591    2.16616749    2.25215861    2.35729624    2.26158253    2.02606216    1.70136843    1.69239011    2.26459144    2.17392143    1.82885718    2.02294862    2.39469314    2.67511853    1.83257588    1.79881266    2.12959726    2.60667167    1.91587803    2.18288537    1.74928513    2.03858570    2.11933648    2.01840605    2.08457393    1.85679202    1.99988371    2.46576029    2.39928506    1.97353570    2.03473130    1.95885732    2.10113862    1.56973444    1.92998916    2.12605865    2.08989586    2.48140741    2.29529004    1.99361236    1.55839130    1.65550045    2.07557388    2.06396231    1.52914592    2.10531238    2.59948154    2.23181582    1.96002454    2.02404913    1.72120459    1.58346535    1.48269342    1.62555988    1.39772994    1.71693074    1.99625617    1.32399738    1.54870457    1.46154809    1.36731645    1.80800517    1.43906065    1.32280531    1.43099082    1.48037953    1.86308122    1.88572987    1.70686125    1.73880440    1.62353686    1.65538062    1.81025638    1.42097588    2.05081740    1.80037831    1.44231694    1.53208214    2.00220351    1.93563886    1.74359112    2.23053064    1.95061313    1.85137797    1.77854868    2.73778270    1.59383945    1.68908900    1.68646319    1.79699290    1.51138627    1.33413604    1.53825953    1.47479581    1.54898014    1.88678152    1.74797888    1.62388533    1.68198698    1.64526344    1.70620802    1.59226841    1.61654794    1.45289965    1.62445011    2.30131564    2.68317189    2.01226549    2.11716526    1.89732465    1.58641588    2.14676647    1.73304639
S0EWD5_CHTCT/15-86     1.50884386    1.78138977    1.66784355    1.74994183    1.37221543    0.00000000    1.95208826    2.22442756    1.97182204    1.94171817    1.83122021    1.79519099    1.56500129    1.70564857    2.21417193    1.76568573    1.44330801    1.95218807    2.16501633    1.84906126    2.06535257    2.32398554    2.46674267    2.47767627    2.83732215    1.97542745    1.71388035    1.45510768    1.95103775    1.65227036    1.91257132    1.69698189    2.24990329    1.34629480    1.74858721    1.74680077    1.97512072    1.80256437    1.68214182    1.70484917    2.14671690    1.75025499    2.35775847    2.65555565    2.46591370    1.73979165    1.79794176    1.96686217    2.35205688    2.66775010    2.53183503    2.75321117    2.57695032    1.87672665    1.71417522    1.83475327    1.56376822    1.82298411    1.67710718    1.44682939    1.40705161    1.93462517    2.16618380    1.95757850    1.74227008    1.63467077    1.69927806    1.72299097    1.81841077    1.52115483    1.63384624    1.51051943    1.63797070    1.82596142    1.67078807    1.60473654    1.63286933    1.60258210    1.75421444    1.83718688    1.58968621    1.30306000    1.68049514    1.50873355    1.79696236    2.11107735    1.88315167    1.77829622    1.30900393    1.61192347    1.64198837    1.33512475    1.24238920    1.64669685    2.13206147    1.80880569    1.61657394    1.80307891    2.02950996    1.56530257    1.64123696    2.09412105    1.90517082    2.15933630    2.02682570    2.01739709    1.89667343    1.69514858    1.78770324    1.81072043    1.70704206    2.33221632    2.38554459    2.21785655    1.81775313    2.43924064    2.42860325    2.22276668    1.63716165    1.84360710    2.14350540    1.70999642    1.76134965    2.19912202    1.90864913    1.23687836    2.42005530    1.61115377    1.86497429    2.01492262    1.42671837    1.58884429    2.13726806    1.79253765    2.30417712    1.17541634    1.28885233    1.69018951    1.83747603    1.44552179    1.39548185    1.51716685    1.49878419    1.36340618    1.80686740    1.75979328    1.65920047    1.74305658    1.53453652    1.80630708    1.59441986    1.64358898    1.57439294    1.48093682    1.87875592    2.06507705    2.18873164    1.88770041    1.68937401    1.48825183    1.97074864    1.52336225
A6TMQ8_ALKMQ/35-98     1.97046482    2.94657535    2.19402495    1.85434930    1.67455454    1.95208826    0.00000000    1.58562732    2.07553865    1.86800047    2.01561668    1.79405010    2.14645376    1.91697348    1.69032181    2.08844736    2.53979330    2.17526595    2.09550366    2.47033944    2.81882352    2.44952261    2.54984504    2.52229162    2.23678996    2.53113978    2.35885060    2.03868525    2.44772206    1.43856756    1.97476083    1.72466589    2.66653594    1.88862720    2.75271214    2.34050528    2.11766583    2.55239871    2.30425368    1.79360038    2.87942714    2.39355802    2.38377048    2.98334206    2.76815243    2.28012225    1.98003046    2.32932306    2.55556128    2.32717285    2.16596394    2.11919833    2.63612848    1.81310562    2.69468899    2.11967581    2.42298272    2.57512213    2.37466300    2.53666507    2.38316091    2.39416994    3.37852808    2.89891531    2.94214786    2.59375151    2.52586711    2.87100815    2.83000966    2.26813132    1.93744311    2.56019535    2.61214998    2.67464472    2.54939089    2.56910116    2.78386038    2.68482396    2.53865410    2.71844750    2.51221400    2.53826327    2.25544322    2.50537823    2.61534354    2.55095882    2.55752674    2.18618692    1.60608793    1.56121224    2.04417998    1.94116130    2.27727358    1.75789976    2.12205017    2.18965507    3.05216834    2.84562511    2.18743358    1.96745822    1.64497587    1.78054812    1.28814134    1.51160041    1.45238170    1.46845953    1.24266308    1.59062060    1.71814740    1.70630159    1.63808887    1.57496343    1.64407565    1.63168942    1.81704891    1.78703000    1.85376178    2.10468218    2.00233371    1.48223332    2.60296891    2.43056062    1.91524909    2.23859797    2.55317080    2.66472685    1.71913317    2.06670549    2.11236176    2.36757100    2.14205748    2.36255168    1.92175081    1.69026034    2.38219739    2.23710546    2.15805241    2.67921270    2.57575808    2.25229807    2.27555424    2.48169183    2.36408423    2.49976408    2.44400150    2.71274784    2.46536928    2.39025814    2.17725775    2.46070699    2.21651734    2.30079684    2.35409973    2.22975250    2.74719131    3.26558489    2.19053251    2.70486159    2.48235570    2.00071071    2.98682315    1.92830452
Q3Y2Y6_ENTFD/6-84     1.72390096    1.92527760    1.78950754    1.97390481    1.38932941    2.22442756    1.58562732    0.00000000    1.26114247    1.59961444    1.58867995    2.06007832    2.46328014    1.95739592    1.93213975    1.56021985    2.27355818    2.33761481    2.32124725    2.75700233    2.72953683    2.91864076    2.38379301    2.16086358    2.42498869    2.57907939    2.18382909    1.91104678    1.97883719    1.52093116    1.98046878    1.93419684    1.86801428    1.99341207    2.19219028    2.31160187    1.97058643    2.48668211    2.10228149    1.81559139    1.88363478    1.58147819    3.03860347    3.33211231    3.04277910    2.69484211    2.26684808    2.16518719    2.64959115    2.44592108    2.60265657    2.66857352    2.37444385    2.34088356    2.01350921    1.92105475    1.93643665    2.45784625    2.00545696    1.97822917    2.08883834    2.63285436    2.18183312    2.53430749    2.25533340    2.38668023    2.37810341    2.16446950    2.00546290    2.45394483    2.46242806    2.78676267    2.51571899    2.38046478    2.31988530    2.29241170    2.50125439    2.56598428    2.53439271    2.46635278    2.50501824    2.85462021    2.39332920    2.42580451    2.51944915    2.41611673    2.08204485    2.36889088    1.72730940    1.75623053    1.89688731    2.11024370    1.90014434    1.47787227    1.98835294    2.22679687    2.07757325    2.00639422    2.01473095    1.92275823    1.85742448    1.88187253    1.70674419    2.07794160    1.77399794    2.03191886    2.01171452    1.97087788    1.90825792    1.71558253    1.96160761    2.06392895    2.26523314    2.16982425    1.70951866    1.66105386    2.03924777    2.25815014    2.03959771    1.57263713    1.91582714    1.98275699    1.56418688    1.73900171    2.28169136    2.03769800    1.91003912    1.96551410    2.28552914    1.87377429    1.91640224    2.21927921    1.92709511    1.69739288    2.58986985    1.47539865    1.43086729    1.78770349    1.67521928    1.75301571    1.77582358    1.54046067    1.72529070    1.75371607    1.80751566    1.62004529    1.57698648    1.57097448    1.73241469    1.77339624    1.80198662    1.74040563    1.48581710    1.50049617    2.04023513    2.58502349    2.26519581    2.24890852    2.24476057    1.86533223    2.03276577    1.95859744
G4L407_TETHN/6-75     2.42924837    2.04472361    2.23320945    2.17789620    1.77412394    1.97182204    2.07553865    1.26114247    0.00000000    1.61030695    1.10020680    1.55102362    1.65205895    1.50709470    1.76208293    1.54872672    1.66393609    2.11586868    2.31831249    2.66966201    2.60371060    2.28815940    2.29009983    1.58026487    1.93903697    2.14527729    2.12410960    2.58580428    1.78972302    1.78322234    1.71263988    1.78026697    2.11609727    2.23281569    2.35698345    2.12709035    1.79901093    2.37199916    2.16527977    2.28446975    2.19894846    2.07770924    2.89803650    3.07687949    2.87517675    2.83451855    2.70290419    2.92064625    2.39307184    2.34683887    2.64026156    2.65293735    2.50755047    2.43580668    2.05848232    2.09762156    1.91913000    2.19186511    1.50163816    1.57774276    1.62748035    1.93216237    1.84496059    1.90286319    1.89680856    2.04397975    2.09423440    2.06432862    2.24966126    2.32654455    2.28287621    2.92592386    2.40885316    2.32694823    2.34380003    2.32005546    2.39783945    2.43933657    2.36851110    1.97145897    2.25382663    2.22816078    1.89854462    2.06178665    2.15007935    2.32300519    1.89290839    2.01773208    1.90306292    1.48027725    1.70528199    1.78606165    1.65984215    1.53566452    2.01685212    2.56948557    2.48416399    1.99172340    2.00771087    1.80532956    2.40858024    1.89560229    2.16263760    2.40007134    2.13068649    2.28750048    2.09743066    1.89554150    2.30156241    1.74479671    1.87334104    2.34875423    2.64523547    2.37322710    1.84201543    1.80189774    2.07858620    1.93084617    1.61142444    2.27557235    2.18623023    2.63292787    2.26878813    2.25823085    2.40587266    1.81933492    2.16517819    2.55590494    2.59251504    2.45882149    1.81150029    1.81280409    2.11501167    1.99203783    2.49265470    1.45121290    1.28874314    1.62922752    1.49429921    1.52731389    1.31027610    1.44524613    1.58454383    1.69101146    1.89108619    1.39549672    1.48482551    1.37228635    1.71463532    1.65041824    1.44648657    1.35862215    1.60483104    1.43241082    2.06332947    2.38946464    2.25615602    1.83088798    2.03598955    1.58996389    2.17034861    1.75032842
R5W6L5_9BACT/7-73     2.01172548    2.19482916    2.43362546    2.08092576    1.55233934    1.94171817    1.86800047    1.59961444    1.61030695    0.00000000    1.15191969    1.65778849    1.56111513    1.11696638    1.72487350    1.63185221    1.98677427    2.18671395    1.85160859    2.36559932    2.16683627    2.19131813    1.98634245    1.85667832    1.50998808    1.77908959    2.18938203    1.77346566    1.32812312    1.62040003    1.69371583    1.89507254    2.37695414    1.50806099    2.13971501    1.66098283    1.28110135    1.75796244    1.62105633    1.73069110    1.92945442    2.04585105    3.56033388    3.37797556    2.76536903    1.84273237    2.23358280    2.29385872    2.11651995    2.22053280    2.07079040    2.55197163    2.10957521    1.70694238    1.63753197    1.59474147    1.78801758    1.97109615    1.52408994    1.90953802    2.04430240    1.65919949    2.09079680    2.08968516    1.73037486    1.85755881    1.93249814    2.20936322    2.07209393    1.65166351    1.80139102    2.34852524    1.76949883    1.43157886    1.93567798    1.90193171    1.98319777    1.96297363    1.66660569    1.89790574    1.54393520    1.92590164    1.31196657    1.64830154    1.55553564    2.13002051    1.83201233    2.33327877    1.58940743    1.61751601    1.59497516    1.57905538    1.52604780    1.79491808    2.11734102    2.06591679    1.85341043    2.06710794    2.02527298    2.31496303    2.14773700    2.21640337    1.57843421    1.57589505    1.58326549    1.82676547    1.53855781    1.67553483    1.69825287    1.70535467    2.08913317    1.90778096    1.91106687    1.85221103    1.99173372    2.18057714    2.09898431    1.87677062    1.78747086    2.33120748    2.29359306    2.54133412    2.00873196    2.62256893    2.51658978    2.04185161    1.87101425    1.86202535    2.28135854    1.84478286    1.81276525    2.10665778    2.46260417    1.67460731    2.09006359    1.69351440    1.88817599    1.91013415    1.95899416    1.86772986    1.98730947    1.88542259    2.13853148    2.00585355    2.11249503    2.10754927    2.10707901    1.93449501    1.94265598    2.05942784    2.09555958    2.18763005    2.11394880    2.09613029    1.55670763    2.35343499    1.98054236    1.79918541    2.11674645    1.64403175    1.90245783    1.47006095
T0VK97_9ENTE/6-71     2.49510723    1.85217067    2.16345145    1.95646474    1.60716839    1.83122021    2.01561668    1.58867995    1.10020680    1.15191969    0.00000000    1.73271568    2.18532165    1.86874880    1.70449313    1.48497466    1.66720547    1.87169901    2.09197506    1.81194852    2.63169405    2.16816040    2.05009885    1.96995104    2.10252185    2.03634107    2.19325336    2.53106914    1.93564277    1.72972801    1.75954066    1.89109237    2.22781460    1.73867685    1.88847221    1.85066303    1.66116190    1.89821629    1.85146967    2.18020438    2.26573058    2.11529199    3.74375730    3.41887509    3.45174664    2.67605074    2.12460075    2.26765131    2.53002245    2.72182935    2.30641877    2.30101667    2.31058704    2.28172102    1.48988813    1.69590774    1.38451266    2.14861275    1.56020152    1.84184190    1.77500548    1.90421230    1.98568372    1.83596667    1.99322217    1.81675918    1.96746704    1.88753542    2.07507816    1.76246206    1.67170126    2.22644960    1.91935147    1.98614291    2.19326267    1.99645470    2.14330603    2.16698888    1.65413218    2.00665315    1.67612171    1.87696042    1.39123080    1.59585415    1.95711389    2.57116564    1.92847214    2.04331749    1.70285006    1.45751133    1.39990879    1.10707236    1.58896793    1.72785883    1.81010168    2.00727913    2.24148245    2.01800041    2.24898587    1.96923392    2.31997152    2.17783207    1.99486006    1.99982729    1.99248669    2.14429494    1.81894723    2.03257881    2.16318765    1.80032953    2.04282047    2.32508290    2.46338169    2.26023966    1.83265789    2.19984250    1.75760135    2.32736710    2.02269579    2.26335432    2.24592169    2.18380502    2.10689202    2.51176584    2.41461400    1.85760477    1.97012902    2.28189927    2.94257023    2.09804836    2.05674869    2.07041044    2.44160051    2.00696080    2.41868798    1.81348615    1.76128808    1.66067373    1.74287940    1.52585489    1.54482301    1.47928831    1.62462808    1.56798156    1.75429593    1.55434977    1.59585179    1.57095198    1.81192574    1.85616546    1.51466973    1.51629229    1.47539372    1.46994725    1.85412943    2.36035522    2.24031262    1.98324196    1.84272549    1.40043829    2.05085149    2.00618323
G8NT73_GRAMM/7-77     2.26036201    2.69481291    2.48973227    2.29572450    1.44699405    1.79519099    1.79405010    2.06007832    1.55102362    1.65778849    1.73271568    0.00000000    0.69181017    0.86551851    1.30763769    1.41110680    1.99019310    2.17031223    2.41590046    2.57196844    2.74377442    2.91426255    2.40354527    2.35135297    1.81960181    2.47525151    2.26170689    1.73823510    1.71621641    1.59817416    1.94908077    2.18707862    2.70722500    1.64260618    2.18694577    1.65773554    1.69760871    1.80346305    1.64922290    2.24071365    2.50194419    2.91495025    3.05259863    3.57767927    3.00236880    2.74131635    2.26547115    2.44731081    2.90552402    3.35851340    3.17777514    3.12225176    3.41692100    2.37233926    2.50849449    2.35091269    1.93148202    2.47377007    2.50572951    2.23729323    2.39238643    2.31493739    2.64608298    2.29961605    1.78095757    1.84398827    2.33677792    2.27207298    2.82835704    1.97513604    2.38158502    2.76586529    2.49296338    2.28139716    2.20395754    2.46533205    2.74578073    2.72992975    2.36278635    2.72710962    2.20855844    2.18320716    1.87504563    1.95266751    2.51253757    2.32175480    2.20700543    2.08049654    2.00445594    1.62410396    2.22188195    1.83198090    1.74220519    2.08139445    2.37006443    3.18174308    2.49351819    2.22675367    2.57626502    2.03153862    1.91691342    1.78509857    1.61658956    1.74977089    1.75496107    1.74958447    1.67746640    1.85080868    1.67604005    1.56527765    1.79539440    2.17937556    2.22911081    2.20205371    1.65794803    1.94914671    2.06241570    2.32858786    2.29250689    2.32375746    2.58366969    2.40103988    2.44350889    2.01099983    2.10280429    1.76570288    2.07418102    1.97199352    2.07388984    2.71948465    1.80982001    2.48956466    2.52244801    2.00959933    2.42488584    1.60143208    1.62710088    1.85542453    2.30350160    1.60095935    1.60371506    1.70076576    1.76711755    1.76554978    2.24389582    2.05401797    1.80174393    1.90016589    2.07351222    1.87137240    1.93577735    1.74886142    1.89033551    2.07272073    1.90410720    2.71452005    2.19960042    1.91778192    1.74511464    2.34252167    2.63789387    1.55286487
E8WW99_GRATM/8-77     2.19300838    1.93349381    2.09025379    2.18307030    1.38762372    1.56500129    2.14645376    2.46328014    1.65205895    1.56111513    2.18532165    0.69181017    0.00000000    0.68150606    1.24157473    1.61849172    1.56197410    2.38100775    2.50379836    2.41899778    1.86306435    3.23777372    2.47680082    2.13099583    1.99570970    2.03909534    1.91039179    1.63392972    2.10429847    1.63879205    1.69829245    1.83921329    2.36109902    1.38920181    1.99769263    1.41902086    1.68126375    1.67102539    1.44520089    1.78489818    2.43855928    2.86836340    2.60862109    3.19620380    3.19577609    2.86797571    2.44252407    2.58832472    2.96131854    2.97667383    2.84778301    2.67823201    3.06471978    1.90203170    2.66664113    2.00902915    1.97620064    2.37625156    2.30766860    2.34664085    2.29913685    2.53958633    2.34169005    2.39839893    1.41172427    1.70752556    2.07402692    2.45537611    2.69102830    1.70190573    2.15718861    2.39134624    2.39594895    2.01340753    2.24927457    2.43039507    2.46858038    2.64731673    2.15354199    2.31274283    2.18142786    1.71270537    2.00283494    1.97837390    2.11413249    2.07917936    1.67476400    1.97531175    2.43519032    1.90241133    2.09682515    1.52304703    1.80996171    2.37286825    2.09815727    2.53485208    1.84811860    1.94132464    2.25600073    1.63649904    1.59647363    1.85340367    1.45450438    1.79425748    1.61265775    1.58040149    1.56500460    1.65478526    1.44926673    1.23550894    1.54093656    1.86366801    2.03186688    1.82858826    1.50124045    2.13985646    1.94803934    1.93223198    1.76434007    1.65764825    1.91391898    2.04548496    1.68430313    1.97272170    1.61985686    1.50387969    1.86742538    1.60844144    1.65466268    2.30760431    1.55189199    1.77759064    2.40971114    1.62421829    2.15675019    1.41929663    1.75621561    1.75517477    1.96469916    1.47022418    1.72392374    1.55118923    1.61957615    1.61763474    1.95499925    1.61942814    1.46933766    1.68062405    1.68721187    1.58796203    1.60182121    1.66944092    1.73500978    1.74016652    2.01049839    2.14111335    1.90181105    1.32632344    1.49911460    2.12002935    2.50549786    1.32413487
C1F372_ACIC5/7-70     1.86621971    2.15489115    1.92645779    1.88928893    1.46946916    1.70564857    1.91697348    1.95739592    1.50709470    1.11696638    1.86874880    0.86551851    0.68150606    0.00000000    1.13359297    1.85593622    1.77342948    1.98314388    2.00067596    1.85795856    2.01443488    2.58031385    2.59953833    1.71352768    1.90030813    2.12879168    2.05226573    1.74858333    1.30899038    1.88479041    1.66266031    1.76298036    2.35395782    1.33291462    2.04812989    1.49049199    1.46804128    1.61838800    1.51150965    1.78977256    2.15776329    2.78767304    2.72302195    2.82814887    2.70118619    2.19363209    2.32653312    2.35483796    2.55933314    2.57624047    2.68122182    2.54395195    2.87677431    2.00903930    1.96458310    1.26441968    1.83200414    2.37485250    1.95768916    2.30507383    2.59541073    2.27847741    2.55154735    2.28746599    1.72284771    2.04341406    2.26698707    2.14301543    2.37097368    1.85301126    1.90731392    2.56839137    2.57772131    2.12033519    2.33779028    2.33338247    2.51581546    2.39142799    2.10280771    2.18521315    2.05484055    1.55738763    1.99367831    1.73019058    2.18983088    2.43154145    1.33231588    1.84349910    2.15663808    1.52745342    2.13412673    1.62111939    1.72057519    1.86607916    2.25769337    2.27684619    1.94819524    2.06874673    1.94136680    2.02002454    1.98093217    2.03518786    1.76556833    1.99505077    1.93902781    1.90087073    1.52717556    1.82255651    1.82698590    1.48693345    1.88488795    1.62320476    1.82961647    1.51290529    1.75566316    2.17046983    1.96153974    1.76430787    1.90285201    2.23803757    1.96497218    2.69016935    2.35890637    1.95216444    1.82070194    1.84598417    1.57086597    1.61345164    2.08468405    1.76422587    1.46790183    1.75944834    2.31665859    1.90997926    1.88584370    1.31170026    1.42621037    1.76346032    2.07252953    1.65047750    1.83377988    1.77567351    1.85370091    1.79009323    1.91994600    2.04740087    1.98852324    1.91261571    1.91231920    1.86391969    1.80081555    1.99865069    1.85341099    1.80404561    1.75269536    1.96043298    1.82593593    1.29690470    1.45601451    1.90277627    2.39623324    1.37761930
F8C381_THEGP/8-78     1.90536080    2.01699537    1.92019146    1.97675501    1.63508261    2.21417193    1.69032181    1.93213975    1.76208293    1.72487350    1.70449313    1.30763769    1.24157473    1.13359297    0.00000000    1.09158136    1.57842641    1.64457569    1.98252611    2.02516687    2.13590020    1.98286917    1.84342802    1.67879629    1.56943406    1.95211528    2.43388980    1.70516024    1.57849545    1.34613668    1.48114727    1.68541777    1.99117889    1.18524839    2.09756110    1.94106470    1.54269043    1.66517758    1.69109627    2.18570413    2.70760993    2.30299657    3.07619280    3.23911180    2.70662916    2.76049113    2.73746945    2.74615507    2.68390987    2.42646509    2.92648025    2.54987015    3.00724212    1.86186755    2.33549487    1.83409322    2.08938235    2.13399150    1.56050956    1.90307030    2.15998722    2.26984731    2.55444574    1.83653106    1.64460371    1.42236024    1.96101293    1.82639835    1.78171587    1.55046527    1.77834375    1.70646056    1.86721799    1.54941040    1.75957088    1.77719681    2.12762584    2.13217155    1.60089464    1.81806016    1.62225207    1.52481597    1.54294592    2.00472659    1.85998558    2.07905055    1.73178398    1.44533247    1.40024564    1.51178477    1.94990079    1.79331286    2.03901213    2.06789807    2.54331487    1.97751209    1.95249875    1.85479885    2.06353080    1.72895836    1.93884559    1.61294729    1.83784357    1.71118814    1.72047474    1.67955550    1.84415831    2.11486699    1.89961330    1.52798636    1.64918705    1.67976055    1.72084219    1.59637944    1.55497545    1.98233602    1.78890807    2.05507438    1.68417427    2.23186759    1.94669143    2.26306813    2.42093610    2.14402441    1.67173217    1.99739270    1.60923220    1.89577808    2.30753756    1.97559439    1.93372763    2.19140990    2.55500566    1.99532361    2.27580141    1.52200476    1.72069889    1.78114706    2.17639821    1.64410588    1.79331530    1.65007340    1.94048694    1.78443210    2.01519369    1.91110991    1.96873276    2.20108770    2.08259067    2.19230253    1.91082145    2.07133815    1.91631801    2.03104098    1.74434675    2.50031477    2.13435799    1.88000075    1.54047877    1.86284747    2.28441804    1.56698362
I4A0T2_ORNRL/11-74     2.06848714    2.33520067    2.12677541    1.78532411    1.59811279    1.76568573    2.08844736    1.56021985    1.54872672    1.63185221    1.48497466    1.41110680    1.61849172    1.85593622    1.09158136    0.00000000    1.40608880    1.61758918    1.82309448    1.89802403    2.17910203    2.03809078    1.73401939    1.93946038    2.03249169    2.01396880    2.29487310    2.05036183    1.62285733    1.63030047    1.68275800    1.80168097    2.14440408    1.43109960    2.05667419    2.03054394    1.54994342    2.23121021    1.93134087    2.08752803    2.30644426    2.68132402    2.53911078    2.89716776    2.92247813    2.42165147    2.25143672    2.24504419    2.11635416    1.68686183    1.99498277    2.07221176    2.00343896    1.94222947    1.97687412    2.14076538    2.15257031    2.02504040    1.52445078    1.93038386    1.96573240    2.29187276    2.46209611    1.59677959    1.33446685    1.45779179    1.53773238    1.78257136    1.72987414    1.84113433    1.87773713    1.76388148    1.54454752    1.94231493    1.74651166    1.42922829    1.70073538    1.74424886    1.66597022    1.81185017    1.67614802    1.70991581    1.29168744    1.64965821    1.48487554    1.90822488    2.10164818    2.06927778    1.69721916    1.90444675    1.69004652    1.89105870    1.93827830    2.15294077    2.36454176    2.13012327    2.00842815    1.85773746    2.06900958    1.77191662    2.03311751    1.92958885    1.89944233    1.77123502    2.00691274    2.01005190    1.96569474    2.25092264    2.06673635    1.61602818    1.99192046    2.10654357    2.32726399    2.08977345    1.60102260    1.98114316    2.07800747    2.03829157    1.91284630    2.46495278    1.43691475    2.49788959    2.04421156    1.83054416    1.65150691    1.84008466    1.37425876    1.98964931    2.07802701    1.82540497    1.84655515    1.67716013    2.10582385    1.72328195    2.44228588    1.63141471    1.45308455    1.64171216    2.01531483    1.47302189    1.32684504    1.44022005    1.70935388    1.76444440    2.05279174    1.72810426    1.60662043    1.69783604    1.98416905    1.80373731    1.65863578    1.41176137    1.59816926    1.53142229    1.65784363    2.32371755    1.90078671    2.31840488    1.83316348    1.72523063    1.89318322    1.69349425
K0IWV1_AMPXN/8-74     1.62132050    2.19749982    2.57521544    1.71412561    2.13946824    1.44330801    2.53979330    2.27355818    1.66393609    1.98677427    1.66720547    1.99019310    1.56197410    1.77342948    1.57842641    1.40608880    0.00000000    1.09731760    1.11878109    1.00876456    1.15210320    1.79258244    1.37816741    1.64622870    1.76902494    1.33357445    2.00303578    1.94085049    1.44032751    1.73566085    1.75782929    1.87722144    2.04896240    1.02400735    1.67519022    1.47867670    1.53479946    1.63470838    1.47402789    2.07401052    2.84386289    2.05019572    2.35427451    2.48185699    2.61904681    2.57033213    1.75167080    2.10612754    2.51930456    2.55016318    2.78981755    2.33714746    2.51883044    1.74225992    2.14673023    1.98247017    1.94707173    1.39036475    1.42716280    1.60203218    1.39428191    1.90878016    2.15212488    1.57292530    1.46041196    1.37239540    1.90873581    2.12212376    1.78134489    1.44388079    1.21938670    1.33650801    1.13209877    1.41116972    1.24010241    1.16058378    1.20648057    1.17020121    1.12745015    1.53327522    1.29132414    1.24491140    1.18947465    1.39388179    1.40489230    1.48522063    1.46131686    1.82946719    2.13456399    1.94055035    1.58780344    1.38865561    1.60075260    2.38131132    2.46273932    1.95305222    1.17516379    1.46774538    2.41772632    1.81755221    1.97473049    1.76834306    1.76966600    1.88240575    1.65846000    1.65705253    1.68040303    1.54942484    1.81734975    1.82963347    1.71623143    1.90419691    1.96265469    1.76588696    1.78099754    2.35547706    2.24372626    2.04798489    1.78347252    1.90486514    1.97241226    2.33239752    2.08167090    1.74470379    1.84608504    1.72158261    1.90149141    1.90705955    2.29279299    1.90689082    1.17321342    1.38277348    1.97888360    1.38235782    2.54773989    1.84156930    1.96273903    1.72942776    1.78308803    1.70806695    1.60340053    1.47464218    1.76677637    1.60519041    1.83571867    1.82472332    1.83060039    1.95074570    1.92861356    2.01564531    1.80449615    1.96592958    1.83538967    1.70060158    1.67667777    1.78048738    1.92959638    1.70543447    1.70973522    1.67715622    1.64832605    1.33196569
