41
Q6CGZ4_YARLI/850-891     0.00000000    0.83112115    1.47382202    2.20253052    1.45560789    1.78664318    1.62023431    1.72394628    1.23740008    1.05293732    1.05780398    1.03817802    1.15916823    1.29325718    1.26563678    1.38657089    1.69446401    1.29271790    1.64583764    2.32658901    2.14155758    1.65295701    2.56149916    1.27045671    2.11022237    2.50945119    2.73345902    3.50913637    1.94218237    1.29743087    1.63637464    2.06533790    1.66060524    1.30405516    1.20939409    1.42111928    1.07932601    1.12009248    1.25839142    0.85756190    1.06366467
Q6CQC3_KLULA/716-757     0.83112115    0.00000000    0.65124572    1.66294814    1.28796730    1.45398837    1.43072155    1.50023677    0.46474115    0.66821040    0.52049806    0.46882990    0.73614858    1.71485756    0.96049493    0.91206304    1.55073369    1.22651337    1.51111829    1.70481326    2.10060925    1.78103348    2.05573315    0.81758350    2.29278803    1.88211653    4.17335998    2.99500278    2.32033180    1.26827991    1.35129489    1.35015331    1.45208399    1.54096225    1.91359139    1.23072499    1.20739149    1.00727412    1.25677908    1.10028254    1.29853197
C5DL00_LACTC/706-747     1.47382202    0.65124572    0.00000000    1.60208839    1.23640444    1.41616003    1.24498993    1.34665145    0.74132495    1.04254862    0.69217327    0.73463098    0.84735783    1.53872927    1.01979245    1.30425876    1.74653808    1.55402179    1.74074080    2.34738859    2.88124837    2.72337101    2.15320830    1.27062300    2.61978330    2.13964689    5.00869259    3.21771205    2.06546518    1.31613432    1.22539453    1.73703844    1.61836533    2.19332625    1.62969860    1.31083896    1.23766066    1.21946953    1.26841509    1.18627089    1.36154934
C4R4F1_KOMPG/620-659     2.20253052    1.66294814    1.60208839    0.00000000    2.05304584    2.26671424    1.68962716    1.63863689    1.46894693    1.59923984    1.20436613    1.39749853    1.61183823    2.79524635    1.69861594    2.27238811    2.35992934    2.89699195    3.09390695    3.05283826    3.74679828    2.53452756    3.44746292    2.07167894    4.10435818    4.91593283   10.46746268    5.37354022    2.99840519    2.54782102    2.30873477    3.09497856    2.50632453    4.13783897    2.85162115    2.92521417    2.18019153    2.83896305    2.86611989    2.65598797    2.74379308
B2WFV8_PYRTR/898-938     1.45560789    1.28796730    1.23640444    2.05304584    0.00000000    0.45116252    1.13876821    1.24054763    1.47683642    1.38351827    1.39193203    1.46088373    1.58370040    1.84428323    1.45400848    1.79035702    1.99495377    2.14486216    2.09676348    2.16585282    2.12435187    2.61391822    2.59558881    1.64778344    2.20685741    2.22204005    3.76255591    3.08061637    2.48803880    1.86227022    1.69107262    1.43943201    1.58691946    1.58199797    2.12662469    1.68966653    1.32024923    1.88353884    1.54948165    1.50787168    1.66687976
Q0UHM0_PHANO/811-851     1.78664318    1.45398837    1.41616003    2.26671424    0.45116252    0.00000000    1.26945000    1.26427912    1.29297837    1.37786532    1.26039239    1.33292126    1.26847856    1.96420611    1.38103816    1.62227498    2.19873363    2.23532238    2.06822884    2.26119767    2.69685834    2.29290642    2.35014131    1.34294363    2.37834692    2.59610601    3.54212531    3.53965119    2.80515536    2.03311337    1.61205979    1.57905271    1.29469419    1.65896830    1.66429757    1.53086882    1.35253819    1.84799309    1.50208040    1.46758765    1.63216624
A1CED2_ASPCL/885-927     1.62023431    1.43072155    1.24498993    1.68962716    1.13876821    1.26945000    0.00000000    0.28395506    1.49012829    1.67808662    1.50355977    1.63993794    1.48863743    2.34444133    1.48753630    1.87900368    2.35503008    2.15081121    1.93429412    1.97265378    2.54909962    2.27321574    2.31306476    1.68516572    2.53638218    2.45444319    4.86214652    3.08188793    1.78677779    2.15985475    1.67204394    1.65665620    1.25076295    1.97159770    2.11457687    1.89837723    1.68908001    1.61461792    1.55732245    1.68474934    1.61457248
C5FM12_ARTOC/891-933     1.72394628    1.50023677    1.34665145    1.63863689    1.24054763    1.26427912    0.28395506    0.00000000    1.68724377    1.91684011    1.43733902    1.74856983    1.67773347    2.17579807    1.39858329    1.77492556    2.56592926    2.24975303    1.88802132    2.03673337    2.35655645    2.04406328    1.99234564    1.77885375    2.46882446    2.35375712    5.05188404    2.83366550    2.03443163    2.38605718    1.73506151    1.95765182    1.26183232    2.17807377    2.35508690    1.99709841    1.73582416    1.67130670    1.73704444    1.63616300    1.75602122
SCC2_ASHGO/707-748     1.23740008    0.46474115    0.74132495    1.46894693    1.47683642    1.29297837    1.49012829    1.68724377    0.00000000    0.78269678    0.61352219    0.53844398    0.69530832    1.76779201    0.86173146    0.93122734    1.61627670    1.61310020    1.76519275    2.03460872    2.18399645    1.93378087    2.22458749    1.23924376    2.67853091    2.37371987    4.54077918    2.47323919    2.16219976    1.66649934    1.31816273    1.64699320    2.07416205    1.75620825    1.57259622    1.42793251    0.94900153    1.48401777    1.60351134    1.32898812    1.24018621
C5DSY3_ZYGRC/710-751     1.05293732    0.66821040    1.04254862    1.59923984    1.38351827    1.37786532    1.67808662    1.91684011    0.78269678    0.00000000    0.46476480    0.43678067    0.60390684    1.30143801    1.03234955    1.12505423    1.46429015    1.31150536    1.37238806    1.73126460    2.03888029    1.99846294    2.18783018    0.89746827    2.72114019    2.22144187    4.37551101    2.73215440    1.86907861    1.51106380    1.35439075    1.38454038    1.36861109    1.52988211    1.84457104    1.47662060    1.11193813    1.06819068    1.48052226    1.36773180    1.44786039
A7TMS7_VANPO/720-761     1.05780398    0.52049806    0.69217327    1.20436613    1.39193203    1.26039239    1.50355977    1.43733902    0.61352219    0.46476480    0.00000000    0.24663602    0.34514350    1.52219556    0.95650734    1.08894635    1.29792811    0.94727533    1.70864669    1.60321286    1.79226720    1.61816915    2.09293442    0.87898626    2.89138295    2.15310306    3.90143584    2.49335954    1.68122848    1.60146959    1.33385099    1.31011742    1.52165535    1.66375354    1.67877267    1.18731463    1.14745784    1.00560677    1.44853679    1.15324543    1.25552122
SCC2_YEAST/721-762     1.03817802    0.46882990    0.73463098    1.39749853    1.46088373    1.33292126    1.63993794    1.74856983    0.53844398    0.43678067    0.24663602    0.00000000    0.33484052    1.73317085    1.04502314    1.10638560    1.58720255    1.27106354    1.57771764    1.44449671    1.68634751    1.91577131    2.53676324    0.79233409    3.03011084    2.10889243    4.05744731    2.75520651    1.77498997    1.54901081    1.32019617    1.38023533    1.38113509    1.46078228    1.84596297    1.28674991    1.19400335    1.06213852    1.55881116    1.13925731    1.23814080
Q6FU71_CANGA/700-741     1.15916823    0.73614858    0.84735783    1.61183823    1.58370040    1.26847856    1.48863743    1.67773347    0.69530832    0.60390684    0.34514350    0.33484052    0.00000000    1.72723650    1.17211656    1.31576144    1.65568649    0.99751858    1.65843988    2.10363073    2.45493151    2.23258525    2.53955223    1.00060925    3.30931001    2.37812278    2.41504889    2.98290498    1.34938364    1.78737836    1.36672884    1.50278508    1.60303661    1.60030900    1.46226314    1.17471753    1.25353337    1.12962922    1.45497368    1.17868698    1.28045053
C4Y5Z6_CLAL4/764-805     1.29325718    1.71485756    1.53872927    2.79524635    1.84428323    1.96420611    2.34444133    2.17579807    1.76779201    1.30143801    1.52219556    1.73317085    1.72723650    0.00000000    0.86223669    0.84573398    1.97550460    1.39422779    1.66703419    2.64322093    2.19077925    2.47465254    3.01079269    1.21204529    2.81113934    3.99285335    6.96720075    4.58004458    2.21029832    1.80030199    1.69947040    2.03647492    1.90750292    1.75106415    1.95917047    1.80200770    1.59531286    1.74168967    1.76348249    1.39133409    1.36924992
B5RUT8_DEBHA/830-871     1.26563678    0.96049493    1.01979245    1.69861594    1.45400848    1.38103816    1.48753630    1.39858329    0.86173146    1.03234955    0.95650734    1.04502314    1.17211656    0.86223669    0.00000000    0.34160136    1.16597113    1.09954724    1.55953768    1.65348209    1.74587248    1.57678694    2.09673175    0.82630329    2.16548152    2.44719653    4.01311511    2.92165381    2.24996882    1.26314562    1.36776934    1.63628074    1.53781007    1.58848832    1.38794189    1.23550801    0.93726852    1.17256635    1.03143942    1.02407139    1.01769676
A3LZL4_PICST/792-833     1.38657089    0.91206304    1.30425876    2.27238811    1.79035702    1.62227498    1.87900368    1.77492556    0.93122734    1.12505423    1.08894635    1.10638560    1.31576144    0.84573398    0.34160136    0.00000000    1.46103301    1.04657970    1.43304171    1.75578615    1.71062537    1.80196248    2.65398847    0.56858222    2.05886648    2.50867025    4.45587875    2.72619607    2.32448177    1.49604432    1.65711191    1.76891163    1.80920053    1.54791775    1.70093160    1.34788414    1.18108789    1.19200393    1.15368000    1.16677980    1.02079972
A5E7W3_LODEL/738-779     1.69446401    1.55073369    1.74653808    2.35992934    1.99495377    2.19873363    2.35503008    2.56592926    1.61627670    1.46429015    1.29792811    1.58720255    1.65568649    1.97550460    1.16597113    1.46103301    0.00000000    0.96933481    2.13075409    2.67280870    2.88022581    2.21316579    3.83201392    1.64267544    2.62219110    2.41874332    4.79274009    3.64617254    2.59017098    1.50039785    1.87722516    2.08039147    2.03324074    2.70598001    1.90515252    1.56198410    1.64238381    1.46955423    1.78813062    1.60232286    1.64693897
C5MDI6_CANTT/390-431     1.29271790    1.22651337    1.55402179    2.89699195    2.14486216    2.23532238    2.15081121    2.24975303    1.61310020    1.31150536    0.94727533    1.27106354    0.99751858    1.39422779    1.09954724    1.04657970    0.96933481    0.00000000    2.01771592    2.11021280    2.08003301    2.24173304    2.24539259    1.30758684    2.22269252    2.70214022    3.44567656    3.01337566    1.98167715    1.74114763    2.14477278    1.90537917    1.64234034    1.91680998    1.98069379    1.37288277    1.68733452    1.22392179    1.73075446    1.38668922    1.65541973
A2DFH6_TRIVA/491-532     1.64583764    1.51111829    1.74074080    3.09390695    2.09676348    2.06822884    1.93429412    1.88802132    1.76519275    1.37238806    1.70864669    1.57771764    1.65843988    1.66703419    1.55953768    1.43304171    2.13075409    2.01771592    0.00000000    2.06930997    2.93102760    2.34666007    2.93302938    1.33795750    1.91320024    2.73968767    3.78265551    3.60177049    2.07980711    1.49647279    1.96363066    1.88305312    1.93243004    2.31212364    1.80569581    1.50281348    1.71899680    1.46680708    1.70327820    1.83752430    1.43661659
MIS4_SCHPO/801-842     2.32658901    1.70481326    2.34738859    3.05283826    2.16585282    2.26119767    1.97265378    2.03673337    2.03460872    1.73126460    1.60321286    1.44449671    2.10363073    2.64322093    1.65348209    1.75578615    2.67280870    2.11021280    2.06930997    0.00000000    0.67760404    1.85031906    2.06758657    2.04202840    3.03745230    2.86307925    3.05954139    3.34649873    2.82605084    2.35243448    1.94327543    2.70159548    2.06253326    3.09756409    2.96938928    2.60207613    1.77862621    2.39236892    2.28284806    2.64946937    2.33190845
B6JWL8_SCHJY/791-832     2.14155758    2.10060925    2.88124837    3.74679828    2.12435187    2.69685834    2.54909962    2.35655645    2.18399645    2.03888029    1.79226720    1.68634751    2.45493151    2.19077925    1.74587248    1.71062537    2.88022581    2.08003301    2.93102760    0.67760404    0.00000000    1.87237067    3.12805363    1.92355564    3.09057409    3.86570538    3.48753910    3.94915986    2.97767869    2.63907343    2.47881622    2.28750739    2.36388085    2.31601767    3.60130205    2.65170507    2.21014119    1.90371018    2.51505649    2.46432566    2.33733612
B6HE40_PENRW/1278-1315     1.65295701    1.78103348    2.72337101    2.53452756    2.61391822    2.29290642    2.27321574    2.04406328    1.93378087    1.99846294    1.61816915    1.91577131    2.23258525    2.47465254    1.57678694    1.80196248    2.21316579    2.24173304    2.34666007    1.85031906    1.87237067    0.00000000    1.52155686    1.63877294    2.23835065    2.23656845    3.58390584    2.26169187    2.10774884    1.65629686    2.26230161    1.59387349    1.93255567    2.69012110    2.17796983    2.18016486    1.48238955    1.72624892    2.57630978    1.30603367    1.18219581
A7SRN6_NEMVE/82-123     2.56149916    2.05573315    2.15320830    3.44746292    2.59558881    2.35014131    2.31306476    1.99234564    2.22458749    2.18783018    2.09293442    2.53676324    2.53955223    3.01079269    2.09673175    2.65398847    3.83201392    2.24539259    2.93302938    2.06758657    3.12805363    1.52155686    0.00000000    2.36740568    3.38260127    2.91425651    2.97398016    2.26367154    2.63763346    2.45331954    1.59923951    2.11384958    2.29578682    3.85365975    2.82824624    2.24160140    1.54385419    2.32289788    2.70106172    2.64212244    1.93664484
A5DMH1_PICGU/761-802     1.27045671    0.81758350    1.27062300    2.07167894    1.64778344    1.34294363    1.68516572    1.77885375    1.23924376    0.89746827    0.87898626    0.79233409    1.00060925    1.21204529    0.82630329    0.56858222    1.64267544    1.30758684    1.33795750    2.04202840    1.92355564    1.63877294    2.36740568    0.00000000    1.75659655    2.43563928    4.87046960    2.73374054    1.94620342    1.88598308    1.99155760    1.55601287    1.72795294    1.54070917    1.67103923    1.12854471    1.13751392    1.09798253    1.32670064    1.14431020    1.13249212
A2ECL6_TRIVA/365-402     2.11022237    2.29278803    2.61978330    4.10435818    2.20685741    2.37834692    2.53638218    2.46882446    2.67853091    2.72114019    2.89138295    3.03011084    3.30931001    2.81113934    2.16548152    2.05886648    2.62219110    2.22269252    1.91320024    3.03745230    3.09057409    2.23835065    3.38260127    1.75659655    0.00000000    1.38066023    2.38796728    2.91642488    2.65141859    2.42741324    2.30033046    2.48071834    2.75788809    3.19034546    2.67222308    2.48027782    2.27501962    2.03789272    1.52705445    1.84593956    1.71206877
B7PUC1_IXOSC/500-539     2.50945119    1.88211653    2.13964689    4.91593283    2.22204005    2.59610601    2.45444319    2.35375712    2.37371987    2.22144187    2.15310306    2.10889243    2.37812278    3.99285335    2.44719653    2.50867025    2.41874332    2.70214022    2.73968767    2.86307925    3.86570538    2.23656845    2.91425651    2.43563928    1.38066023    0.00000000    2.26516011    1.93336901    3.23034559    2.15671048    2.02159834    1.92175774    2.22393387    2.53878187    1.75404141    1.90641447    2.09322416    2.41935788    2.51321300    2.22897165    2.04866613
A2F4P0_TRIVA/388-429     2.73345902    4.17335998    5.00869259   10.46746268    3.76255591    3.54212531    4.86214652    5.05188404    4.54077918    4.37551101    3.90143584    4.05744731    2.41504889    6.96720075    4.01311511    4.45587875    4.79274009    3.44567656    3.78265551    3.05954139    3.48753910    3.58390584    2.97398016    4.87046960    2.38796728    2.26516011    0.00000000    2.40782645    2.56040433    4.01567661    3.85448238    4.24547625    4.81877078    4.41438028    3.78280853    3.40280778    4.02749603    4.59780832    2.82726007    3.50306660    3.50305402
C7P4V9_HALMD/232-277     3.50913637    2.99500278    3.21771205    5.37354022    3.08061637    3.53965119    3.08188793    2.83366550    2.47323919    2.73215440    2.49335954    2.75520651    2.98290498    4.58004458    2.92165381    2.72619607    3.64617254    3.01337566    3.60177049    3.34649873    3.94915986    2.26169187    2.26367154    2.73374054    2.91642488    1.93336901    2.40782645    0.00000000    3.24649513    2.98746082    3.36967996    3.57760163    5.89637157    4.10898937    3.39341448    5.05360433    2.51507335    4.25401075    5.17904745    4.90612327    3.52317677
A2DG61_TRIVA/458-499     1.94218237    2.32033180    2.06546518    2.99840519    2.48803880    2.80515536    1.78677779    2.03443163    2.16219976    1.86907861    1.68122848    1.77498997    1.34938364    2.21029832    2.24996882    2.32448177    2.59017098    1.98167715    2.07980711    2.82605084    2.97767869    2.10774884    2.63763346    1.94620342    2.65141859    3.23034559    2.56040433    3.24649513    0.00000000    1.89564143    1.74714239    2.86468297    1.74896210    2.40413898    2.30488743    1.88625988    1.80980929    2.07385701    2.28233035    1.97355866    1.62204730
A4RSL6_OSTLU/714-755     1.29743087    1.26827991    1.31613432    2.54782102    1.86227022    2.03311337    2.15985475    2.38605718    1.66649934    1.51106380    1.60146959    1.54901081    1.78737836    1.80030199    1.26314562    1.49604432    1.50039785    1.74114763    1.49647279    2.35243448    2.63907343    1.65629686    2.45331954    1.88598308    2.42741324    2.15671048    4.01567661    2.98746082    1.89564143    0.00000000    1.12183008    1.58072824    1.58678812    1.79637851    1.40197700    1.58134360    1.12247633    1.37180495    1.70969183    1.22810651    1.48730071
C1MK74_MICPC/680-721     1.63637464    1.35129489    1.22539453    2.30873477    1.69107262    1.61205979    1.67204394    1.73506151    1.31816273    1.35439075    1.33385099    1.32019617    1.36672884    1.69947040    1.36776934    1.65711191    1.87722516    2.14477278    1.96363066    1.94327543    2.47881622    2.26230161    1.59923951    1.99155760    2.30033046    2.02159834    3.85448238    3.36967996    1.74714239    1.12183008    0.00000000    1.40326049    1.47630220    1.85902809    1.31689061    1.30072256    1.05994640    1.31264588    1.10986195    1.49814415    1.17845319
A8Q5B9_MALGO/759-800     2.06533790    1.35015331    1.73703844    3.09497856    1.43943201    1.57905271    1.65665620    1.95765182    1.64699320    1.38454038    1.31011742    1.38023533    1.50278508    2.03647492    1.63628074    1.76891163    2.08039147    1.90537917    1.88305312    2.70159548    2.28750739    1.59387349    2.11384958    1.55601287    2.48071834    1.92175774    4.24547625    3.57760163    2.86468297    1.58072824    1.40326049    0.00000000    1.30614092    1.67755050    1.63540661    1.50048320    1.24793343    1.55180632    1.62866247    1.55636574    1.32257336
B8BTF2_THAPS/1047-1088     1.66060524    1.45208399    1.61836533    2.50632453    1.58691946    1.29469419    1.25076295    1.26183232    2.07416205    1.36861109    1.52165535    1.38113509    1.60303661    1.90750292    1.53781007    1.80920053    2.03324074    1.64234034    1.93243004    2.06253326    2.36388085    1.93255567    2.29578682    1.72795294    2.75788809    2.22393387    4.81877078    5.89637157    1.74896210    1.58678812    1.47630220    1.30614092    0.00000000    0.86015401    1.74674015    0.96948415    1.39248740    1.16195086    1.20453756    1.20888769    1.58881968
B7GD31_PHATC/745-786     1.30405516    1.54096225    2.19332625    4.13783897    1.58199797    1.65896830    1.97159770    2.17807377    1.75620825    1.52988211    1.66375354    1.46078228    1.60030900    1.75106415    1.58848832    1.54791775    2.70598001    1.91680998    2.31212364    3.09756409    2.31601767    2.69012110    3.85365975    1.54070917    3.19034546    2.53878187    4.41438028    4.10898937    2.40413898    1.79637851    1.85902809    1.67755050    0.86015401    0.00000000    2.04434882    1.51915369    1.69830867    1.30909873    1.49942702    1.38597736    1.62750507
Q5KNU5_CRYNJ/1192-1233     1.20939409    1.91359139    1.62969860    2.85162115    2.12662469    1.66429757    2.11457687    2.35508690    1.57259622    1.84457104    1.67877267    1.84596297    1.46226314    1.95917047    1.38794189    1.70093160    1.90515252    1.98069379    1.80569581    2.96938928    3.60130205    2.17796983    2.82824624    1.67103923    2.67222308    1.75404141    3.78280853    3.39341448    2.30488743    1.40197700    1.31689061    1.63540661    1.74674015    2.04434882    0.00000000    0.97519656    1.00340417    1.36761064    1.67582964    0.99392344    1.18925912
SCC2_ARATH/895-936     1.42111928    1.23072499    1.31083896    2.92521417    1.68966653    1.53086882    1.89837723    1.99709841    1.42793251    1.47662060    1.18731463    1.28674991    1.17471753    1.80200770    1.23550801    1.34788414    1.56198410    1.37288277    1.50281348    2.60207613    2.65170507    2.18016486    2.24160140    1.12854471    2.48027782    1.90641447    3.40280778    5.05360433    1.88625988    1.58134360    1.30072256    1.50048320    0.96948415    1.51915369    0.97519656    0.00000000    1.09839149    0.99663655    0.89064357    0.94789969    0.94360783
B0CX50_LACBS/1140-1181     1.07932601    1.20739149    1.23766066    2.18019153    1.32024923    1.35253819    1.68908001    1.73582416    0.94900153    1.11193813    1.14745784    1.19400335    1.25353337    1.59531286    0.93726852    1.18108789    1.64238381    1.68733452    1.71899680    1.77862621    2.21014119    1.48238955    1.54385419    1.13751392    2.27501962    2.09322416    4.02749603    2.51507335    1.80980929    1.12247633    1.05994640    1.24793343    1.39248740    1.69830867    1.00340417    1.09839149    0.00000000    0.90016463    1.07607930    1.06339290    0.75116762
B7PJJ7_IXOSC/1098-1139     1.12009248    1.00727412    1.21946953    2.83896305    1.88353884    1.84799309    1.61461792    1.67130670    1.48401777    1.06819068    1.00560677    1.06213852    1.12962922    1.74168967    1.17256635    1.19200393    1.46955423    1.22392179    1.46680708    2.39236892    1.90371018    1.72624892    2.32289788    1.09798253    2.03789272    2.41935788    4.59780832    4.25401075    2.07385701    1.37180495    1.31264588    1.55180632    1.16195086    1.30909873    1.36761064    0.99663655    0.90016463    0.00000000    0.90357769    0.53955811    0.76545527
Q54RK7_DICDI/1161-1202     1.25839142    1.25677908    1.26841509    2.86611989    1.54948165    1.50208040    1.55732245    1.73704444    1.60351134    1.48052226    1.44853679    1.55881116    1.45497368    1.76348249    1.03143942    1.15368000    1.78813062    1.73075446    1.70327820    2.28284806    2.51505649    2.57630978    2.70106172    1.32670064    1.52705445    2.51321300    2.82726007    5.17904745    2.28233035    1.70969183    1.10986195    1.62866247    1.20453756    1.49942702    1.67582964    0.89064357    1.07607930    0.90357769    0.00000000    0.89644733    1.03472775
B3S1Q2_TRIAD/812-853     0.85756190    1.10028254    1.18627089    2.65598797    1.50787168    1.46758765    1.68474934    1.63616300    1.32898812    1.36773180    1.15324543    1.13925731    1.17868698    1.39133409    1.02407139    1.16677980    1.60232286    1.38668922    1.83752430    2.64946937    2.46432566    1.30603367    2.64212244    1.14431020    1.84593956    2.22897165    3.50306660    4.90612327    1.97355866    1.22810651    1.49814415    1.55636574    1.20888769    1.38597736    0.99392344    0.94789969    1.06339290    0.53955811    0.89644733    0.00000000    0.59116093
A8X3V7_CAEBR/1238-1279     1.06366467    1.29853197    1.36154934    2.74379308    1.66687976    1.63216624    1.61457248    1.75602122    1.24018621    1.44786039    1.25552122    1.23814080    1.28045053    1.36924992    1.01769676    1.02079972    1.64693897    1.65541973    1.43661659    2.33190845    2.33733612    1.18219581    1.93664484    1.13249212    1.71206877    2.04866613    3.50305402    3.52317677    1.62204730    1.48730071    1.17845319    1.32257336    1.58881968    1.62750507    1.18925912    0.94360783    0.75116762    0.76545527    1.03472775    0.59116093    0.00000000

