18
006L_IIV6/231-323     0.00000000    0.36322441    0.34325382    0.36309761    1.34237779    1.28346564    1.20911037    1.20394634    1.23718074    1.39825263    2.27933575    1.83688593    3.37394885    2.12900069    3.45744926    2.20316374    4.15155403    3.13952096
313L_IIV6/234-326     0.36322441    0.00000000    0.31610245    0.24041279    1.48817411    1.26334418    1.20491289    1.60586710    1.49560335    1.60276730    2.42075482    1.78825205    3.30350983    2.51048229    2.97654799    2.40458146    3.38137818    3.35670437
468L_IIV6/255-347     0.34325382    0.31610245    0.00000000    0.20791403    1.40614034    1.29469269    1.15076326    1.42097191    1.42908707    1.49847235    2.24558364    1.87002610    3.18320513    2.50639762    3.34579035    2.49254998    3.33685238    3.38070246
238R_IIV6/315-407     0.36309761    0.24041279    0.20791403    0.00000000    1.40329593    1.34264408    1.22126888    1.46236493    1.39527540    1.47473134    2.34306437    1.79267563    3.48728412    2.13052376    3.38685675    2.34357319    3.54350502    3.18266279
212L_IIV6/238-334     1.34237779    1.48817411    1.40614034    1.40329593    0.00000000    0.62913597    0.56680596    0.70964445    0.63874346    1.77467639    2.62506368    2.31378538    3.29049315    1.78617730    2.85474597    1.77929547    4.81847077    3.62348382
029R_IIV6/1-97     1.28346564    1.26334418    1.29469269    1.34264408    0.62913597    0.00000000    0.26027920    0.91287728    0.92319146    1.93988049    2.68659788    2.31375350    2.99308978    1.89493341    3.22009991    2.14332743    4.19078613    3.11371787
148R_IIV6/286-382     1.20911037    1.20491289    1.15076326    1.22126888    0.56680596    0.26027920    0.00000000    0.86575584    0.94647148    1.84389063    2.36838287    2.28842568    3.13824465    1.91046624    3.12683973    2.14694698    4.26596987    3.08653800
388R_IIV6/226-320     1.20394634    1.60586710    1.42097191    1.46236493    0.70964445    0.91287728    0.86575584    0.00000000    0.66043438    1.64130574    2.45306760    2.33028911    3.53357352    1.88093655    2.82248708    2.01875999    4.46109904    3.44525307
211L_IIV6/259-352     1.23718074    1.49560335    1.42908707    1.39527540    0.63874346    0.92319146    0.94647148    0.66043438    0.00000000    1.86301436    2.63362045    2.29605770    3.62483109    1.83650688    3.64648379    1.88668955    5.16040275    2.70801662
YR904_MIMIV/222-314     1.39825263    1.60276730    1.49847235    1.47473134    1.77467639    1.93988049    1.84389063    1.64130574    1.86301436    0.00000000    1.30383637    1.19290842    3.88390063    1.75791461    2.63243738    2.26732642    3.75393251    2.28492727
YL030_MIMIV/14-117     2.27933575    2.42075482    2.24558364    2.34306437    2.62506368    2.68659788    2.36838287    2.45306760    2.63362045    1.30383637    0.00000000    0.44138267    3.63180829    2.26549396    1.90778461    2.55126482    2.63420560    1.82690322
YL004_MIMIV/327-422     1.83688593    1.78825205    1.87002610    1.79267563    2.31378538    2.31375350    2.28842568    2.33028911    2.29605770    1.19290842    0.44138267    0.00000000    3.61208058    2.20517423    2.56800517    2.43817329    2.83080134    1.89378590
Q8B9N6_NPVR1/216-305     3.37394885    3.30350983    3.18320513    3.48728412    3.29049315    2.99308978    3.13824465    3.53357352    3.62483109    3.88390063    3.63180829    3.61208058    0.00000000    2.40520257    2.34164160    2.86208442    4.34973105    2.61465043
Q9EMM3_AMEPV/217-306     2.12900069    2.51048229    2.50639762    2.13052376    1.78617730    1.89493341    1.91046624    1.88093655    1.83650688    1.75791461    2.26549396    2.20517423    2.40520257    0.00000000    1.54190295    1.13654534    3.07236244    2.51462299
Q9EN24_AMEPV/218-299     3.45744926    2.97654799    3.34579035    3.38685675    2.85474597    3.22009991    3.12683973    2.82248708    3.64648379    2.63243738    1.90778461    2.56800517    2.34164160    1.54190295    0.00000000    1.47565158    3.91375825    2.57949802
X1WYI2_ACYPI/73-162     2.20316374    2.40458146    2.49254998    2.34357319    1.77929547    2.14332743    2.14694698    2.01875999    1.88668955    2.26732642    2.55126482    2.43817329    2.86208442    1.13654534    1.47565158    0.00000000    3.48196589    2.32853807
ORF4_SPV1R/36-119     4.15155403    3.38137818    3.33685238    3.54350502    4.81847077    4.19078613    4.26596987    4.46109904    5.16040275    3.75393251    2.63420560    2.83080134    4.34973105    3.07236244    3.91375825    3.48196589    0.00000000    3.53712636
Q8JJX4_SFAVA/233-321     3.13952096    3.35670437    3.38070246    3.18266279    3.62348382    3.11371787    3.08653800    3.44525307    2.70801662    2.28492727    1.82690322    1.89378590    2.61465043    2.51462299    2.57949802    2.32853807    3.53712636    0.00000000

