39
Q12RM8_SHEDO/3-110     0.00000000    0.97713534    0.93774563    1.05670905    1.42949077    1.13574304    1.97391977    1.58835611    1.21944989    1.31029781    1.31929116    1.30171077    1.31035402    0.97746242    1.19657476    1.24891498    1.12825023    0.97076017    1.23686032    1.29558579    1.15535981    1.32174886    1.29643795    1.46840256    1.06236828    1.87543826    1.04117973    1.15225682    0.94512661    1.00965113    1.12509866    1.17685656    1.31292151    1.35232384    1.30095053    1.18264081    1.32750425    1.03272105    0.94923680
A4Y055_PSEMY/3-110     0.97713534    0.00000000    0.43925824    1.36275560    1.26030634    1.45491869    1.33247472    1.34708288    1.24398117    1.34848548    1.39127668    1.40371484    1.39542755    1.33694015    1.33445889    1.60432945    1.36943354    1.10589737    1.54047945    1.07733891    1.33478374    1.49543829    1.42631882    1.71202890    1.36145494    1.79574887    1.36002530    1.35587405    1.22666240    1.40701667    1.51520182    1.62872884    1.53405288    1.41112707    1.60395081    1.31836059    1.57815996    1.31507437    1.26034673
A4VHC0_PSEU5/3-110     0.93774563    0.43925824    0.00000000    1.33364622    1.42097207    1.34756418    1.55967815    1.40505529    1.20667169    1.30494951    1.50359169    1.28432152    1.37208763    1.24823314    1.31219319    1.42600490    1.32142426    1.12433909    1.39391604    1.26000443    1.33994082    1.59103111    1.29209052    1.39769791    1.36085096    1.88198609    1.28430801    1.34852044    1.31257869    1.40039140    1.49846788    1.40198321    1.58121603    1.49687095    1.65849119    1.47654116    1.34569854    1.29247862    1.19924695
E1X5F7_HALMS/5-113     1.05670905    1.36275560    1.33364622    0.00000000    1.44959558    1.30916554    1.86142718    1.80033165    1.61768010    1.78943281    1.55425334    1.37281502    1.30502823    1.39623673    1.31118342    1.63913841    1.42449618    1.27050000    1.38905406    1.52272022    1.30008940    1.35569957    1.54933447    1.64347275    1.31161543    2.31391275    1.13150617    1.25395397    1.30578561    1.23699541    1.51920604    1.48387773    1.57129457    1.55776150    1.49442323    1.58355407    1.62245083    1.29687250    1.28680398
A2SIC1_METPP/289-396     1.42949077    1.26030634    1.42097207    1.44959558    0.00000000    1.37344050    1.94700630    2.14261541    1.53694094    1.33320840    1.56034105    1.41300106    1.33214954    1.27565229    1.44752038    1.57416054    1.45834010    1.47439200    1.72562558    1.68317134    1.32037524    1.73379781    1.67373612    1.85288663    1.64869662    2.40882571    1.85436522    1.49996606    1.78987198    1.60578446    1.84476417    1.67129359    1.73853333    1.82222451    1.83983182    1.75495666    2.01451271    1.71391083    1.61683986
A2TZY2_9FLAO/4-111     1.13574304    1.45491869    1.34756418    1.30916554    1.37344050    0.00000000    2.29202648    2.26736482    2.12845465    2.02269062    1.82694950    1.57135253    1.53878250    1.67777635    1.68095583    1.61068359    1.66863277    1.43235182    1.75916391    2.10051594    1.45395970    1.33928361    1.44488708    1.73335622    1.53938117    1.80023912    1.40708567    1.36662402    1.20901675    1.22469041    1.25715323    1.22507455    1.32039256    1.32887883    1.34584548    1.20459128    1.28655738    1.33998459    1.34595188
A1W928_ACISJ/9-116     1.97391977    1.33247472    1.55967815    1.86142718    1.94700630    2.29202648    0.00000000    0.77777645    1.40323806    1.40469861    1.73654400    1.63643239    1.65982007    1.67164488    1.29164770    1.74907590    1.59477610    1.45077396    1.59957683    1.33718513    1.95067969    2.24095410    2.07308163    2.29961860    2.18613308    2.35320469    1.69160474    1.71416968    1.87100051    1.94928816    1.87759652    1.86993391    1.93849294    1.81782873    1.92792101    1.77476359    2.00066929    1.67224732    1.73687762
A9BZF2_DELAS/4-111     1.58835611    1.34708288    1.40505529    1.80033165    2.14261541    2.26736482    0.77777645    0.00000000    1.23110593    1.25168486    1.20096772    1.32328878    1.44278690    1.36109322    1.23581463    1.46558723    1.29103141    1.32921389    1.29794026    1.06571637    2.08574136    2.06717347    1.93537926    2.03268770    1.92569211    2.75794049    1.68253719    1.57043572    1.67872100    1.84848381    1.85093336    1.82300432    2.28913234    2.02387233    2.02618437    2.12203928    2.23213404    1.63688766    1.86486132
Q2G6D4_NOVAD/6-112     1.21944989    1.24398117    1.20667169    1.61768010    1.53694094    2.12845465    1.40323806    1.23110593    0.00000000    0.70186836    0.94266063    1.25598658    1.13939732    1.05514967    1.17356229    1.04669419    0.87652546    1.38537034    1.52136596    1.35476322    1.28090176    1.52694712    1.39083232    1.93990414    1.58770515    2.42086628    1.43743739    1.34445708    1.46976745    1.38930495    1.48785256    1.72498493    1.59610153    1.60760171    1.89703149    1.68936667    1.53835694    1.29807544    1.41423219
Q1GQC0_SPHAL/6-113     1.31029781    1.34848548    1.30494951    1.78943281    1.33320840    2.02269062    1.40469861    1.25168486    0.70186836    0.00000000    0.71672646    1.30406346    1.11896568    1.10267356    1.08376884    0.99406968    0.94298606    1.25636538    1.59036498    1.17005782    1.43549119    1.64768679    1.69511351    1.64817113    1.38392742    2.31866680    1.54978893    1.32706198    1.62537491    1.56453328    1.56168002    1.54254200    1.46798940    1.64698628    1.74943207    1.66158868    1.68146740    1.37981437    1.39280636
Q2NBH1_ERYLH/4-112     1.31929116    1.39127668    1.50359169    1.55425334    1.56034105    1.82694950    1.73654400    1.20096772    0.94266063    0.71672646    0.00000000    1.20731609    1.09568056    1.24006673    1.25636269    1.27811399    1.27043080    1.08245933    1.30871998    1.16829719    1.52421301    1.54779215    1.60573253    1.76462932    1.36505442    2.13482463    1.32441101    1.29428374    1.50133212    1.53306686    1.69483585    1.43325908    1.40146488    1.63074812    1.67421622    1.48690778    1.77482420    1.53742866    1.40260773
H6R968_NOCCG/6-111     1.30171077    1.40371484    1.28432152    1.37281502    1.41300106    1.57135253    1.63643239    1.32328878    1.25598658    1.30406346    1.20731609    0.00000000    0.28331732    0.48619560    0.45211295    0.51414881    0.52824231    1.47676709    1.54432246    1.43279069    1.37151531    1.46735523    1.66569908    1.56767305    1.26594502    2.00830165    1.34074921    1.21123689    1.26919427    1.40098373    1.44229143    1.45781048    1.39253243    1.73383036    1.65857424    1.60963715    1.72832649    1.49523451    1.46320246
Q5YNN1_NOCFA/6-111     1.31035402    1.39542755    1.37208763    1.30502823    1.33214954    1.53878250    1.65982007    1.44278690    1.13939732    1.11896568    1.09568056    0.28331732    0.00000000    0.46543300    0.41398476    0.46075061    0.44130319    1.31529065    1.66355938    1.31590328    1.29026066    1.58467153    1.69087624    1.45673263    1.21092546    2.22162535    1.19588047    1.16504520    1.28252334    1.31924924    1.43521737    1.40723497    1.40262617    1.67193503    1.48956024    1.47204312    1.56827228    1.42828559    1.39649616
D0LEX0_GORB4/6-111     0.97746242    1.33694015    1.24823314    1.39623673    1.27565229    1.67777635    1.67164488    1.36109322    1.05514967    1.10267356    1.24006673    0.48619560    0.46543300    0.00000000    0.46919569    0.46616843    0.46450271    1.40271047    1.40744947    1.54391671    1.36068736    1.48100688    1.77651269    1.68608600    1.38196744    2.18005320    1.27925939    1.12802641    1.31277027    1.34279975    1.49021904    1.37948633    1.59826079    1.71873269    1.54415893    1.54591698    1.65502859    1.46006853    1.49038783
D2B8H4_STRRD/8-113     1.19657476    1.33445889    1.31219319    1.31118342    1.44752038    1.68095583    1.29164770    1.23581463    1.17356229    1.08376884    1.25636269    0.45211295    0.41398476    0.46919569    0.00000000    0.51442264    0.54724758    1.38323801    1.66121915    1.41271160    1.38103430    1.51014450    1.72503616    1.55982888    1.31550422    2.41832234    1.27979410    1.15540826    1.26286741    1.32832158    1.48449240    1.34334030    1.48424140    1.63986201    1.59292691    1.41015113    1.37862010    1.41645724    1.31153906
A1TA39_MYCVP/6-111     1.24891498    1.60432945    1.42600490    1.63913841    1.57416054    1.61068359    1.74907590    1.46558723    1.04669419    0.99406968    1.27811399    0.51414881    0.46075061    0.46616843    0.51442264    0.00000000    0.25706981    1.48827256    1.89157814    1.59721750    1.55757300    1.48689067    1.79781358    1.78592208    1.36075904    2.36309868    1.26424760    1.27448930    1.40649175    1.28384818    1.38720848    1.51074595    1.34757003    1.64625498    1.78152315    1.61792586    1.51968978    1.42388886    1.32709956
A1TBB7_MYCVP/6-110     1.12825023    1.36943354    1.32142426    1.42449618    1.45834010    1.66863277    1.59477610    1.29103141    0.87652546    0.94298606    1.27043080    0.52824231    0.44130319    0.46450271    0.54724758    0.25706981    0.00000000    1.41982265    1.62259826    1.41191028    1.46068926    1.68322733    1.70751867    1.65948945    1.39007127    2.36039871    1.26817404    1.18574246    1.21065155    1.25861745    1.36975548    1.43100161    1.43142554    1.73419618    1.63997657    1.61051830    1.45022021    1.27899844    1.23793588
Q2SHK0_HAHCH/3-111     0.97076017    1.10589737    1.12433909    1.27050000    1.47439200    1.43235182    1.45077396    1.32921389    1.38537034    1.25636538    1.08245933    1.47676709    1.31529065    1.40271047    1.38323801    1.48827256    1.41982265    0.00000000    0.95202930    0.90424612    1.27592475    1.48461786    1.25840279    1.73168644    1.33044034    1.80202317    1.36357665    1.36380872    1.42357649    1.48304542    1.33842131    1.28147235    1.39021902    1.30560535    1.38119189    1.41905909    1.30279013    1.28960644    1.32374423
A4G5C1_HERAR/198-306     1.23686032    1.54047945    1.39391604    1.38905406    1.72562558    1.75916391    1.59957683    1.29794026    1.52136596    1.59036498    1.30871998    1.54432246    1.66355938    1.40744947    1.66121915    1.89157814    1.62259826    0.95202930    0.00000000    1.04820755    1.70951339    1.58326009    1.46144643    1.84929226    1.58663701    2.01189027    1.57168022    1.66663767    1.51388590    1.52499657    1.74860858    1.70139376    1.93807064    1.62546381    1.77883446    1.86669241    2.07837625    1.47213875    1.72390657
H5WMF4_9BURK/7-113     1.29558579    1.07733891    1.26000443    1.52272022    1.68317134    2.10051594    1.33718513    1.06571637    1.35476322    1.17005782    1.16829719    1.43279069    1.31590328    1.54391671    1.41271160    1.59721750    1.41191028    0.90424612    1.04820755    0.00000000    1.47489240    1.93966449    1.74322572    1.56688809    1.44877019    2.01936758    1.54260525    1.73615576    1.73564972    1.96660359    1.80355980    1.61282854    1.94176348    1.77456152    1.87891050    1.83961799    2.00210620    1.57611095    1.46443414
A1VWA5_POLNA/7-114     1.15535981    1.33478374    1.33994082    1.30008940    1.32037524    1.45395970    1.95067969    2.08574136    1.28090176    1.43549119    1.52421301    1.37151531    1.29026066    1.36068736    1.38103430    1.55757300    1.46068926    1.27592475    1.70951339    1.47489240    0.00000000    0.90351224    1.09328026    1.55804144    1.38953685    1.95124200    1.44468738    1.32506670    1.34300401    1.24587618    1.41285419    1.35579441    1.42210380    1.45876465    1.50609178    1.39462789    1.41928121    1.32354711    1.20246032
D4ZB43_SHEVD/15-123     1.32174886    1.49543829    1.59103111    1.35569957    1.73379781    1.33928361    2.24095410    2.06717347    1.52694712    1.64768679    1.54779215    1.46735523    1.58467153    1.48100688    1.51014450    1.48689067    1.68322733    1.48461786    1.58326009    1.93966449    0.90351224    0.00000000    0.84578239    1.97353928    1.65092605    1.90413934    1.61591004    1.45081764    1.41522674    1.40475420    1.47789412    1.35310795    1.26089109    1.26620560    1.42283574    1.43244716    1.54920703    1.37418748    1.31010175
G4QNZ4_GLANF/5-113     1.29643795    1.42631882    1.29209052    1.54933447    1.67373612    1.44488708    2.07308163    1.93537926    1.39083232    1.69511351    1.60573253    1.66569908    1.69087624    1.77651269    1.72503616    1.79781358    1.70751867    1.25840279    1.46144643    1.74322572    1.09328026    0.84578239    0.00000000    1.78677552    1.68957957    2.05471062    1.58991371    1.28856491    1.25179955    1.47788744    1.36219194    1.24212993    1.23015371    1.14456939    1.21445137    1.19011330    1.20928300    1.28231349    1.36128557
K9S8M9_9CYAN/3-112     1.46840256    1.71202890    1.39769791    1.64347275    1.85288663    1.73335622    2.29961860    2.03268770    1.93990414    1.64817113    1.76462932    1.56767305    1.45673263    1.68608600    1.55982888    1.78592208    1.65948945    1.73168644    1.84929226    1.56688809    1.55804144    1.97353928    1.78677552    0.00000000    1.33672698    2.08808375    1.82833578    1.71911355    1.52621308    1.60787602    1.86868373    1.82283525    1.83130129    1.92307716    1.72705766    1.67159277    1.68096892    1.65611868    1.76369316
Q6MJJ7_BDEBA/23-131     1.06236828    1.36145494    1.36085096    1.31161543    1.64869662    1.53938117    2.18613308    1.92569211    1.58770515    1.38392742    1.36505442    1.26594502    1.21092546    1.38196744    1.31550422    1.36075904    1.39007127    1.33044034    1.58663701    1.44877019    1.38953685    1.65092605    1.68957957    1.33672698    0.00000000    1.61700906    1.16344666    1.22297060    1.33977519    1.44116266    1.31900204    1.30052959    1.44978828    1.57634709    1.41244967    1.38706623    1.31720384    1.36785862    1.14081017
Q12HS2_SHEDO/3-113     1.87543826    1.79574887    1.88198609    2.31391275    2.40882571    1.80023912    2.35320469    2.75794049    2.42086628    2.31866680    2.13482463    2.00830165    2.22162535    2.18005320    2.41832234    2.36309868    2.36039871    1.80202317    2.01189027    2.01936758    1.95124200    1.90413934    2.05471062    2.08808375    1.61700906    0.00000000    1.94164827    1.71310923    2.05925487    2.09007319    2.39306478    2.22138010    1.89577009    1.97091254    1.83969100    2.08903776    1.86480180    2.12142740    1.91218003
B0SQ52_LEPBP/7-115     1.04117973    1.36002530    1.28430801    1.13150617    1.85436522    1.40708567    1.69160474    1.68253719    1.43743739    1.54978893    1.32441101    1.34074921    1.19588047    1.27925939    1.27979410    1.26424760    1.26817404    1.36357665    1.57168022    1.54260525    1.44468738    1.61591004    1.58991371    1.82833578    1.16344666    1.94164827    0.00000000    0.66966659    0.99356884    1.04894506    1.05586754    1.08018494    1.20537484    1.20009878    1.16403839    1.17532652    1.23445212    1.02362039    1.02757467
I4B306_TURPD/7-115     1.15225682    1.35587405    1.34852044    1.25395397    1.49996606    1.36662402    1.71416968    1.57043572    1.34445708    1.32706198    1.29428374    1.21123689    1.16504520    1.12802641    1.15540826    1.27448930    1.18574246    1.36380872    1.66663767    1.73615576    1.32506670    1.45081764    1.28856491    1.71911355    1.22297060    1.71310923    0.66966659    0.00000000    0.92151238    1.12670984    1.04613295    1.08073398    1.09516528    1.17945284    1.18088730    1.17985203    1.16234062    0.99453024    0.96978031
A2TX02_9FLAO/9-117     0.94512661    1.22666240    1.31257869    1.30578561    1.78987198    1.20901675    1.87100051    1.67872100    1.46976745    1.62537491    1.50133212    1.26919427    1.28252334    1.31277027    1.26286741    1.40649175    1.21065155    1.42357649    1.51388590    1.73564972    1.34300401    1.41522674    1.25179955    1.52621308    1.33977519    2.05925487    0.99356884    0.92151238    0.00000000    0.80588402    0.73151321    0.75361166    0.93792739    0.93373196    0.90552440    0.70565885    0.86969535    0.81211226    0.73354258
F2IF01_FLUTR/10-117     1.00965113    1.40701667    1.40039140    1.23699541    1.60578446    1.22469041    1.94928816    1.84848381    1.38930495    1.56453328    1.53306686    1.40098373    1.31924924    1.34279975    1.32832158    1.28384818    1.25861745    1.48304542    1.52499657    1.96660359    1.24587618    1.40475420    1.47788744    1.60787602    1.44116266    2.09007319    1.04894506    1.12670984    0.80588402    0.00000000    0.72042766    0.76410949    0.94318354    0.95581122    1.01338240    0.78224562    0.87957832    0.74389524    0.62866447
E4TKN8_MARTH/9-117     1.12509866    1.51520182    1.49846788    1.51920604    1.84476417    1.25715323    1.87759652    1.85093336    1.48785256    1.56168002    1.69483585    1.44229143    1.43521737    1.49021904    1.48449240    1.38720848    1.36975548    1.33842131    1.74860858    1.80355980    1.41285419    1.47789412    1.36219194    1.86868373    1.31900204    2.39306478    1.05586754    1.04613295    0.73151321    0.72042766    0.00000000    0.57024027    0.67218763    0.64513019    0.80295367    0.62378000    0.63049314    0.56079739    0.57591575
G8R1V9_OWEHD/11-119     1.17685656    1.62872884    1.40198321    1.48387773    1.67129359    1.22507455    1.86993391    1.82300432    1.72498493    1.54254200    1.43325908    1.45781048    1.40723497    1.37948633    1.34334030    1.51074595    1.43100161    1.28147235    1.70139376    1.61282854    1.35579441    1.35310795    1.24212993    1.82283525    1.30052959    2.22138010    1.08018494    1.08073398    0.75361166    0.76410949    0.57024027    0.00000000    0.64774279    0.71825597    0.66766795    0.58816615    0.64076275    0.77349719    0.58227714
F4AWG1_DOKS4/9-117     1.31292151    1.53405288    1.58121603    1.57129457    1.73853333    1.32039256    1.93849294    2.28913234    1.59610153    1.46798940    1.40146488    1.39253243    1.40262617    1.59826079    1.48424140    1.34757003    1.43142554    1.39021902    1.93807064    1.94176348    1.42210380    1.26089109    1.23015371    1.83130129    1.44978828    1.89577009    1.20537484    1.09516528    0.93792739    0.94318354    0.67218763    0.64774279    0.00000000    0.50883928    0.52357042    0.41126136    0.45204164    0.80387448    0.60827975
G0J6K8_CYCMS/12-120     1.35232384    1.41112707    1.49687095    1.55776150    1.82222451    1.32887883    1.81782873    2.02387233    1.60760171    1.64698628    1.63074812    1.73383036    1.67193503    1.71873269    1.63986201    1.64625498    1.73419618    1.30560535    1.62546381    1.77456152    1.45876465    1.26620560    1.14456939    1.92307716    1.57634709    1.97091254    1.20009878    1.17945284    0.93373196    0.95581122    0.64513019    0.71825597    0.50883928    0.00000000    0.52383100    0.47566568    0.46526881    0.77908637    0.76480549
I3YSZ6_AEQSU/9-117     1.30095053    1.60395081    1.65849119    1.49442323    1.83983182    1.34584548    1.92792101    2.02618437    1.89703149    1.74943207    1.67421622    1.65857424    1.48956024    1.54415893    1.59292691    1.78152315    1.63997657    1.38119189    1.77883446    1.87891050    1.50609178    1.42283574    1.21445137    1.72705766    1.41244967    1.83969100    1.16403839    1.18088730    0.90552440    1.01338240    0.80295367    0.66766795    0.52357042    0.52383100    0.00000000    0.46553184    0.48247750    0.74921829    0.81306925
A3I3A2_9BACT/9-117     1.18264081    1.31836059    1.47654116    1.58355407    1.75495666    1.20459128    1.77476359    2.12203928    1.68936667    1.66158868    1.48690778    1.60963715    1.47204312    1.54591698    1.41015113    1.61792586    1.61051830    1.41905909    1.86669241    1.83961799    1.39462789    1.43244716    1.19011330    1.67159277    1.38706623    2.08903776    1.17532652    1.17985203    0.70565885    0.78224562    0.62378000    0.58816615    0.41126136    0.47566568    0.46553184    0.00000000    0.36783484    0.66761809    0.60680857
A0A6N4SNY7_CYTH3/9-117     1.32750425    1.57815996    1.34569854    1.62245083    2.01451271    1.28655738    2.00066929    2.23213404    1.53835694    1.68146740    1.77482420    1.72832649    1.56827228    1.65502859    1.37862010    1.51968978    1.45022021    1.30279013    2.07837625    2.00210620    1.41928121    1.54920703    1.20928300    1.68096892    1.31720384    1.86480180    1.23445212    1.16234062    0.86969535    0.87957832    0.63049314    0.64076275    0.45204164    0.46526881    0.48247750    0.36783484    0.00000000    0.64971202    0.65018012
L0G345_ECHVK/3-111     1.03272105    1.31507437    1.29247862    1.29687250    1.71391083    1.33998459    1.67224732    1.63688766    1.29807544    1.37981437    1.53742866    1.49523451    1.42828559    1.46006853    1.41645724    1.42388886    1.27899844    1.28960644    1.47213875    1.57611095    1.32354711    1.37418748    1.28231349    1.65611868    1.36785862    2.12142740    1.02362039    0.99453024    0.81211226    0.74389524    0.56079739    0.77349719    0.80387448    0.77908637    0.74921829    0.66761809    0.64971202    0.00000000    0.49929528
E4TQR8_MARTH/9-117     0.94923680    1.26034673    1.19924695    1.28680398    1.61683986    1.34595188    1.73687762    1.86486132    1.41423219    1.39280636    1.40260773    1.46320246    1.39649616    1.49038783    1.31153906    1.32709956    1.23793588    1.32374423    1.72390657    1.46443414    1.20246032    1.31010175    1.36128557    1.76369316    1.14081017    1.91218003    1.02757467    0.96978031    0.73354258    0.62866447    0.57591575    0.58227714    0.60827975    0.76480549    0.81306925    0.60680857    0.65018012    0.49929528    0.00000000

