50
D6WHS3_TRICA/113-221     0.00000000    0.45453291    0.60107265    1.00189469    0.65773158    0.84042065    0.97221398    2.59401521    2.55859828    2.07146861    2.00687678    2.03450440    1.45336922    1.71043213    2.19329274    2.84720319    2.79200201    2.47594793    3.11933855    2.96157900    3.31179138    2.87057887    2.78167466    2.86558631    2.95681205    2.95518247    2.47091484    2.79400801    2.45339729    2.46894542    2.78889715    2.76714790    2.77846580    2.99515478    1.07376878    0.87260782    0.82998442    0.67987720    1.00019148    0.79482992    0.72270987    0.74346021    0.58012538    0.38789123    0.31990761    0.37880274    0.77784660    0.42173918    0.40621184    0.49200942
SRRT_DROMO/166-275     0.45453291    0.00000000    0.65646582    0.85418448    0.80121685    0.83058349    1.11625174    2.58081850    2.31939264    2.15376353    2.09444819    1.89335197    1.67135181    1.90069469    2.09787515    2.57338087    2.56146878    2.44058353    3.02607222    2.68228945    3.08329855    2.75377456    2.66533681    2.82286827    2.82273987    2.79844725    2.71047115    2.78706424    2.47928148    2.34393262    2.62900921    2.59998457    2.38590362    2.71047847    1.10619745    0.89105320    0.93645278    0.92951078    1.06741752    0.90627093    0.88772613    0.81560770    0.60695082    0.60259347    0.37984271    0.47360664    0.81299819    0.48721390    0.47921463    0.52746241
K1QZT3_CRAGI/155-264     0.60107265    0.65646582    0.00000000    0.88503966    0.78781280    0.79667579    0.93237408    2.65739012    2.61698089    2.37314588    2.28411873    2.60924230    1.64719516    1.77990904    2.06892919    2.76952537    2.64234818    2.42771068    2.69768446    2.64249433    2.93946958    2.64168929    2.90353820    2.88211423    3.01006773    2.92696793    2.48056058    2.78375410    2.72861305    2.78881109    2.54674663    2.72072539    2.42871415    2.73053705    1.11427112    0.93883088    0.91368981    0.68484636    0.98357721    0.71452679    0.80771410    0.67249822    0.57614955    0.61574957    0.55303799    0.57474377    1.03161488    0.65097481    0.55156020    0.69415334
F7BHR3_CIOIN/139-248     1.00189469    0.85418448    0.88503966    0.00000000    0.90061551    1.15318891    1.23649360    2.61212876    2.58925575    2.15320376    2.37975511    2.23682597    1.79049472    1.97126735    2.18776299    3.10729986    3.12503557    2.97847897    3.37382183    2.96212661    3.27358280    3.04876596    3.02104119    3.23040558    3.19505471    3.05467061    2.69939428    3.31299357    2.79990377    2.98082285    3.05130012    3.11133628    2.91677047    3.33911218    1.31767387    1.03285521    0.98400691    0.85169423    1.10819191    0.84425403    0.97187305    0.93280865    0.79565016    0.94431812    0.88463279    0.85779127    1.38851399    0.93712892    0.84394023    0.93910753
T1FMR3_HELRO/132-241     0.65773158    0.80121685    0.78781280    0.90061551    0.00000000    0.85786591    1.11151971    3.22011628    2.34518178    2.21047077    2.33642737    2.27216644    1.79475101    1.84802692    2.40887988    2.88940421    2.90841661    2.77185141    3.07160531    3.04337107    3.25835509    2.86898147    3.00250543    3.17951520    3.23611924    3.21525624    2.78929841    3.10423115    2.82744715    2.88270213    2.80188766    2.86146189    2.83541837    2.98290327    1.22406182    1.12353389    1.04778499    0.88114995    1.08381032    0.81029567    0.80752734    0.80785886    0.75290143    0.84555969    0.73355859    0.78560511    1.15945438    0.72830821    0.73399240    0.76343945
A7RQB5_NEMVE/158-267     0.84042065    0.83058349    0.79667579    1.15318891    0.85786591    0.00000000    1.13699924    2.74917143    2.23424643    2.03883199    2.36180560    2.64728247    1.77414253    1.88632309    2.51469017    2.56389918    2.64394006    2.33472905    2.65701710    2.45955633    2.78371525    2.52898619    2.51506863    2.77507280    2.65090001    2.68782699    2.52869427    2.72410612    2.56211421    2.42178126    2.48573666    2.89318355    2.36694266    2.59543633    1.09413338    1.12188328    1.02176204    0.81828742    0.99480747    0.90323806    0.84322355    0.75313874    0.75789446    0.81633536    0.80755554    0.90999261    1.26254830    0.83664876    0.81712449    0.83874880
A0A068Y9W4_ECHMU/114-223     0.97221398    1.11625174    0.93237408    1.23649360    1.11151971    1.13699924    0.00000000    2.68908887    2.17500965    2.15068482    2.18951308    2.32484132    1.68749690    1.81711580    2.55523551    2.59898822    2.42764757    2.43055405    2.67924920    2.56655086    2.76601558    2.54394350    2.74040654    2.75149795    2.69128243    2.64099557    2.39925598    2.75897785    2.41970491    2.65859677    2.35980084    2.43097844    2.49224945    2.33710668    1.27076444    1.14946852    1.08470993    1.02584610    1.26823545    1.15956975    1.05895498    1.05163717    1.04615599    1.00354566    1.04533229    0.98913439    1.12576115    0.90792772    0.94884037    1.03670891
Q00UM6_OSTTA/65-172     2.59401521    2.58081850    2.65739012    2.61212876    3.22011628    2.74917143    2.68908887    0.00000000    3.24803655    3.00882792    3.16323382    3.54518982    2.33560009    2.85139202    3.43892440    2.89077019    2.91606070    2.84519852    3.41271940    2.78782291    2.85014025    3.23901202    3.05634597    3.23693960    3.23568360    3.05261594    2.84928964    3.11582060    3.12014093    3.15100672    2.89344855    3.19713384    2.97583839    2.99718836    3.07534147    2.36186800    2.35686270    2.59566116    3.05068708    2.90583730    2.66995582    2.55075497    2.50339174    2.78634933    2.89629457    2.57220454    3.24849960    2.78547537    2.62572302    2.80100196
A0E2A3_PARTE/69-175     2.55859828    2.31939264    2.61698089    2.58925575    2.34518178    2.23424643    2.17500965    3.24803655    0.00000000    1.55507054    2.04179469    2.05995352    2.48011996    2.33731178    2.86230418    2.86637991    2.78783024    2.50804632    2.75758043    2.73513546    2.91504423    2.71249634    3.14963945    3.05418260    3.02047247    3.03851648    2.94230766    2.88627749    2.84848116    2.88388838    2.45470141    2.74039167    2.78802586    2.48129394    2.53493117    2.51920103    2.17696418    2.55106780    2.10495775    2.68770742    2.62480006    2.50467102    2.49906203    2.26207659    2.55158540    2.50226230    2.85515785    2.69605774    2.53338257    2.50556885
Q24BY2_TETTS/111-215     2.07146861    2.15376353    2.37314588    2.15320376    2.21047077    2.03883199    2.15068482    3.00882792    1.55507054    0.00000000    2.51069265    2.88432108    1.82610381    1.78862206    2.29797407    2.48798695    2.36713327    1.98166524    2.33201930    2.36161296    2.59619254    2.01703063    2.37009821    2.38243613    2.44705655    2.49203413    2.23297225    2.39200084    2.02240994    2.15498459    2.37332989    2.79651463    2.56640050    2.32134889    2.29656835    2.18013992    2.07743434    2.29319248    2.28587307    2.39094406    2.35235628    2.46447551    2.07615391    2.24504616    1.93005762    2.14456012    2.65859968    2.21266677    2.06559227    2.10506687
B6ADN0_CRYMR/58-162     2.00687678    2.09444819    2.28411873    2.37975511    2.33642737    2.36180560    2.18951308    3.16323382    2.04179469    2.51069265    0.00000000    0.85985958    2.25219996    2.35580901    3.55606913    3.78656361    3.57653065    3.26307687    3.46084767    3.55223587    3.68916480    3.47185040    3.80842031    3.94670548    3.84218695    3.53164585    3.52161904    3.56155337    3.73096954    3.70462245    3.49018356    3.55269544    3.29865016    3.57782735    2.60523362    2.04318810    1.97348687    2.24787430    2.03850355    2.42740566    2.37650397    2.21216377    2.03340787    1.98808098    1.92638410    2.07206406    2.86034268    2.01116909    2.13622177    2.28210489
Q5CXB1_CRYPI/53-157     2.03450440    1.89335197    2.60924230    2.23682597    2.27216644    2.64728247    2.32484132    3.54518982    2.05995352    2.88432108    0.85985958    0.00000000    2.20142652    2.16596666    2.91941491    4.56133694    3.92069919    3.73240856    3.96374395    4.03674459    4.10317025    4.36120642    3.98208622    4.27749249    3.87961414    3.87554521    4.01513283    4.06593790    4.20616485    4.47552714    3.88433352    3.78663998    3.93651228    3.98014415    2.51928243    2.29725224    2.06435081    2.17257584    2.08761463    2.44128237    2.49385057    2.21224582    2.23268482    2.34833304    2.03940273    2.02474998    3.07156128    2.12492355    2.14407612    2.26080450
D3BE05_POLPP/220-329     1.45336922    1.67135181    1.64719516    1.79049472    1.79475101    1.77414253    1.68749690    2.33560009    2.48011996    1.82610381    2.25219996    2.20142652    0.00000000    0.59430988    2.31502186    2.96051414    2.76842021    2.49699053    3.01389374    2.92463272    2.92864159    3.11560986    2.76233073    2.73927946    2.87312372    2.93490985    2.82330239    2.75008137    3.01071369    2.79084147    2.79527539    2.85633009    2.65758967    2.71512475    1.72870561    1.76608411    1.68190833    1.57715689    1.82671291    1.75947213    1.58070241    1.60213179    1.67348636    1.59730949    1.42373470    1.66551377    2.44633444    1.68083490    1.41423920    1.61796745
F1A0R1_DICPU/166-276     1.71043213    1.90069469    1.77990904    1.97126735    1.84802692    1.88632309    1.81711580    2.85139202    2.33731178    1.78862206    2.35580901    2.16596666    0.59430988    0.00000000    2.05979359    3.44420060    2.84558163    2.63274106    2.93972253    2.97098981    3.29360666    2.94232965    2.79493392    2.81655859    3.07784048    3.14624143    2.76775670    2.97845509    2.68010847    2.76894261    2.95252800    2.93505040    2.98503899    2.86990126    1.77725581    1.98049796    1.83673130    1.85473163    2.09657902    2.02068846    1.94259048    1.94371888    1.95874007    1.80736920    1.72033744    1.75369531    2.62090936    1.80265486    1.66461141    1.73727362
Q5KD43_CRYNJ/176-274     2.19329274    2.09787515    2.06892919    2.18776299    2.40887988    2.51469017    2.55523551    3.43892440    2.86230418    2.29797407    3.55606913    2.91941491    2.31502186    2.05979359    0.00000000    2.57782616    2.29487925    2.17862774    2.26028079    2.16644902    2.35146443    2.13804432    2.50452374    2.55455363    2.25252423    2.32506402    2.16647381    2.38873590    2.48246931    2.63953762    2.59570416    2.77606612    2.35607231    2.39559880    2.58073244    2.71081899    2.46728543    2.07669708    2.05205927    2.01465197    1.90481316    1.84319159    2.04920304    2.19995272    2.19579211    2.03814659    2.94512750    2.43560032    2.17805322    2.18226637
L8FNE3_PSED2/160-269     2.84720319    2.57338087    2.76952537    3.10729986    2.88940421    2.56389918    2.59898822    2.89077019    2.86637991    2.48798695    3.78656361    4.56133694    2.96051414    3.44420060    2.57782616    0.00000000    0.47360632    0.54402398    0.85085958    0.57390575    0.58952265    0.50076209    0.56113300    0.60253107    0.71734548    0.73232328    0.76194136    0.63241107    0.79704956    0.66146827    0.61276455    0.82857587    0.39705627    0.51762616    3.17516164    2.61693684    2.52472618    2.60973384    2.94140547    2.88662430    2.93799504    2.78511893    2.93340771    2.93484388    2.77402968    2.96205298    2.66731336    2.84397671    2.67303021    2.69069928
G2X2E1_VERDV/166-275     2.79200201    2.56146878    2.64234818    3.12503557    2.90841661    2.64394006    2.42764757    2.91606070    2.78783024    2.36713327    3.57653065    3.92069919    2.76842021    2.84558163    2.29487925    0.47360632    0.00000000    0.32697188    0.60346506    0.35768399    0.35391178    0.37059925    0.51656201    0.48608229    0.52948200    0.53939892    0.55852156    0.45569070    0.61505825    0.58212519    0.51403083    0.72734645    0.33865762    0.50197847    3.07331655    2.54249408    2.50139746    2.57861407    2.83842955    2.70537629    2.94924054    2.54305152    2.92669205    2.79716964    2.87311202    2.89363437    2.78175320    2.69461854    2.63348300    2.65508896
F0XKL2_GROCL/173-281     2.47594793    2.44058353    2.42771068    2.97847897    2.77185141    2.33472905    2.43055405    2.84519852    2.50804632    1.98166524    3.26307687    3.73240856    2.49699053    2.63274106    2.17862774    0.54402398    0.32697188    0.00000000    0.51398850    0.32920224    0.42988751    0.36403189    0.48802637    0.46935664    0.49589525    0.54747018    0.52447370    0.44817894    0.52690653    0.54415531    0.48373019    0.76179191    0.41241015    0.46620898    2.99738273    2.23859828    2.19831381    2.28931751    2.69074879    2.52491982    2.62401506    2.34151522    2.69864856    2.50070774    2.53010044    2.57635281    2.48064406    2.41931644    2.30747424    2.31465321
U7PS52_SPOS1/159-268     3.11933855    3.02607222    2.69768446    3.37382183    3.07160531    2.65701710    2.67924920    3.41271940    2.75758043    2.33201930    3.46084767    3.96374395    3.01389374    2.93972253    2.26028079    0.85085958    0.60346506    0.51398850    0.00000000    0.51200350    0.63246303    0.59957018    0.75414695    0.73934546    0.77903327    0.83172631    0.77593301    0.65689905    0.94344532    0.94518234    0.69737437    1.11446874    0.71747358    0.68063716    3.28140565    2.75080809    2.58343508    2.57754620    2.88867106    2.71906340    2.82553357    2.58836096    3.05083707    2.96472206    3.12156837    3.04297951    3.17056119    3.10168452    2.84161671    2.65713361
F7VLM6_SORMK/161-270     2.96157900    2.68228945    2.64249433    2.96212661    3.04337107    2.45955633    2.56655086    2.78782291    2.73513546    2.36161296    3.55223587    4.03674459    2.92463272    2.97098981    2.16644902    0.57390575    0.35768399    0.32920224    0.51200350    0.00000000    0.25740454    0.32492104    0.47157864    0.50143116    0.50494328    0.55416685    0.55799028    0.47438091    0.56985297    0.58530423    0.44832827    0.75294467    0.33098642    0.38612785    3.12105536    2.41506135    2.32951977    2.39127195    2.74461737    2.53998647    2.77420801    2.44901003    2.95279834    2.84762290    2.80901159    2.88676955    2.83569090    2.74876237    2.76297863    2.67875293
M1WHA9_CLAP2/145-254     3.31179138    3.08329855    2.93946958    3.27358280    3.25835509    2.78371525    2.76601558    2.85014025    2.91504423    2.59619254    3.68916480    4.10317025    2.92864159    3.29360666    2.35146443    0.58952265    0.35391178    0.42988751    0.63246303    0.25740454    0.00000000    0.48588928    0.56176423    0.57244564    0.58080366    0.65619673    0.65977477    0.48883243    0.70240234    0.71895887    0.57724453    0.82599632    0.38433278    0.40917844    3.48889680    2.77819788    2.68317595    2.75705959    3.00232587    2.79479520    2.93840617    2.78652267    3.13371315    3.26807065    3.14633637    3.20320599    3.09688575    3.20064889    3.00903189    2.97912641
Q2HEB4_CHAGB/147-256     2.87057887    2.75377456    2.64168929    3.04876596    2.86898147    2.52898619    2.54394350    3.23901202    2.71249634    2.01703063    3.47185040    4.36120642    3.11560986    2.94232965    2.13804432    0.50076209    0.37059925    0.36403189    0.59957018    0.32492104    0.48588928    0.00000000    0.46373629    0.47916775    0.51481920    0.46952302    0.55588904    0.42476253    0.59817467    0.63369402    0.50496513    0.71829636    0.38956938    0.46723437    3.12411458    2.53451525    2.49059421    2.60092756    2.81620682    2.60624993    2.79205074    2.51088899    2.83122078    2.88458212    2.92589477    2.81099276    2.71461604    2.62505098    2.54308337    2.54440638
Q0CES1_ASPTN/136-245     2.78167466    2.66533681    2.90353820    3.02104119    3.00250543    2.51506863    2.74040654    3.05634597    3.14963945    2.37009821    3.80842031    3.98208622    2.76233073    2.79493392    2.50452374    0.56113300    0.51656201    0.48802637    0.75414695    0.47157864    0.56176423    0.46373629    0.00000000    0.22927542    0.27952644    0.32779496    0.35359777    0.22923980    0.48679899    0.48462937    0.32723453    0.60397410    0.54369480    0.51022172    2.98037909    2.39768141    2.40048433    2.61539071    2.83222794    2.70860871    2.80503987    2.50975808    2.77849764    2.89377627    2.80865462    2.94683127    3.00547981    2.84824368    2.77264748    2.59746225
B8MRX5_TALSN/153-262     2.86558631    2.82286827    2.88211423    3.23040558    3.17951520    2.77507280    2.75149795    3.23693960    3.05418260    2.38243613    3.94670548    4.27749249    2.73927946    2.81655859    2.55455363    0.60253107    0.48608229    0.46935664    0.73934546    0.50143116    0.57244564    0.47916775    0.22927542    0.00000000    0.34203626    0.41131205    0.43632862    0.29111404    0.63083810    0.55427741    0.42892380    0.72329675    0.54579414    0.52141201    3.50924997    2.62295433    2.57932206    2.67308517    2.96694309    2.76783588    2.89178763    2.67561041    2.93087216    2.96666577    2.91387323    3.04070401    3.19991698    3.04997537    2.82321944    2.84193576
C4JHV6_UNCRE/204-313     2.95681205    2.82273987    3.01006773    3.19505471    3.23611924    2.65090001    2.69128243    3.23568360    3.02047247    2.44705655    3.84218695    3.87961414    2.87312372    3.07784048    2.25252423    0.71734548    0.52948200    0.49589525    0.77903327    0.50494328    0.58080366    0.51481920    0.27952644    0.34203626    0.00000000    0.31000231    0.33136773    0.27052672    0.55822145    0.56147812    0.40074256    0.65194612    0.58436157    0.63752647    3.14633586    2.59919989    2.54985559    2.76879129    3.07076482    2.93533367    3.10127047    2.65151361    2.97122230    2.93660212    2.91662790    2.90940984    3.13190273    3.02079199    2.83792282    2.66887414
F2SG18_TRIRC/153-262     2.95518247    2.79844725    2.92696793    3.05467061    3.21525624    2.68782699    2.64099557    3.05261594    3.03851648    2.49203413    3.53164585    3.87554521    2.93490985    3.14624143    2.32506402    0.73232328    0.53939892    0.54747018    0.83172631    0.55416685    0.65619673    0.46952302    0.32779496    0.41131205    0.31000231    0.00000000    0.38767591    0.27994255    0.60408291    0.57162645    0.47196698    0.68860137    0.56969803    0.70085045    3.06301570    2.48132722    2.60688415    2.75491714    2.92088299    2.82774165    3.01765443    2.60875335    3.16057113    3.00047210    2.87132994    2.93872885    3.25514108    3.05388547    2.88760879    2.83700424
H6C551_EXODN/165-274     2.47091484    2.71047115    2.48056058    2.69939428    2.78929841    2.52869427    2.39925598    2.84928964    2.94230766    2.23297225    3.52161904    4.01513283    2.82330239    2.76775670    2.16647381    0.76194136    0.55852156    0.52447370    0.77593301    0.55799028    0.65977477    0.55588904    0.35359777    0.43632862    0.33136773    0.38767591    0.00000000    0.31863596    0.58881126    0.64961640    0.52631946    0.63669881    0.68953102    0.71510342    2.84566178    2.38647462    2.37658064    2.39674279    2.57859106    2.47146152    2.66151202    2.39111362    2.48708495    2.44258582    2.79860133    2.60259568    3.06499652    2.81273875    2.66966301    2.49207968
A6QSB6_AJECN/135-244     2.79400801    2.78706424    2.78375410    3.31299357    3.10423115    2.72410612    2.75897785    3.11582060    2.88627749    2.39200084    3.56155337    4.06593790    2.75008137    2.97845509    2.38873590    0.63241107    0.45569070    0.44817894    0.65689905    0.47438091    0.48883243    0.42476253    0.22923980    0.29111404    0.27052672    0.27994255    0.31863596    0.00000000    0.55024588    0.53882620    0.32101033    0.59895258    0.46864520    0.51997759    2.98728322    2.43825397    2.44569345    2.67431851    3.02921490    2.79007837    2.90144563    2.53074611    2.96079454    2.78916540    2.84054904    2.90214500    3.03524714    2.91741960    2.64844473    2.59600465
N1QHD5_SPHMS/158-267     2.45339729    2.47928148    2.72861305    2.79990377    2.82744715    2.56211421    2.41970491    3.12014093    2.84848116    2.02240994    3.73096954    4.20616485    3.01071369    2.68010847    2.48246931    0.79704956    0.61505825    0.52690653    0.94344532    0.56985297    0.70240234    0.59817467    0.48679899    0.63083810    0.55822145    0.60408291    0.58881126    0.55024588    0.00000000    0.36104610    0.51654353    0.69334356    0.68992152    0.67756008    2.56702887    2.11607362    2.30133056    2.31377995    2.71895332    2.40823044    2.34179776    2.39188242    2.70232948    2.70323247    2.63366513    2.62099596    2.40703644    2.55134950    2.41784440    2.30913065
M2N4M0_BAUPA/153-262     2.46894542    2.34393262    2.78881109    2.98082285    2.88270213    2.42178126    2.65859677    3.15100672    2.88388838    2.15498459    3.70462245    4.47552714    2.79084147    2.76894261    2.63953762    0.66146827    0.58212519    0.54415531    0.94518234    0.58530423    0.71895887    0.63369402    0.48462937    0.55427741    0.56147812    0.57162645    0.64961640    0.53882620    0.36104610    0.00000000    0.48992669    0.67082940    0.72517460    0.71845882    2.86730190    2.10175860    2.20809836    2.49115695    2.66016609    2.59747619    2.49165156    2.37481297    2.69381340    2.58123343    2.64588731    2.45490347    2.49433105    2.51299214    2.52921266    2.38137070
K2RGK9_MACPH/151-260     2.78889715    2.62900921    2.54674663    3.05130012    2.80188766    2.48573666    2.35980084    2.89344855    2.45470141    2.37332989    3.49018356    3.88433352    2.79527539    2.95252800    2.59570416    0.61276455    0.51403083    0.48373019    0.69737437    0.44832827    0.57724453    0.50496513    0.32723453    0.42892380    0.40074256    0.47196698    0.52631946    0.32101033    0.51654353    0.48992669    0.00000000    0.42153544    0.51496724    0.47475292    2.84566142    2.43664058    2.39581384    2.38731202    2.89268788    2.73451739    2.74547175    2.48136025    2.65401663    2.54972178    2.75055446    2.66528878    2.64078780    2.62293353    2.50191183    2.46322188
E4ZXF9_LEPMJ/133-242     2.76714790    2.59998457    2.72072539    3.11133628    2.86146189    2.89318355    2.43097844    3.19713384    2.74039167    2.79651463    3.55269544    3.78663998    2.85633009    2.93505040    2.77606612    0.82857587    0.72734645    0.76179191    1.11446874    0.75294467    0.82599632    0.71829636    0.60397410    0.72329675    0.65194612    0.68860137    0.63669881    0.59895258    0.69334356    0.67082940    0.42153544    0.00000000    0.78666419    0.87661268    2.79490887    2.36290979    2.39669871    2.41960478    2.68303800    2.63606699    2.95127145    2.49824747    2.78516568    2.48203917    2.85219238    2.54496542    2.78809744    2.57339475    2.59665447    2.33148028
S3EDM2_GLAL2/168-277     2.77846580    2.38590362    2.42871415    2.91677047    2.83541837    2.36694266    2.49224945    2.97583839    2.78802586    2.56640050    3.29865016    3.93651228    2.65758967    2.98503899    2.35607231    0.39705627    0.33865762    0.41241015    0.71747358    0.33098642    0.38433278    0.38956938    0.54369480    0.54579414    0.58436157    0.56969803    0.68953102    0.46864520    0.68992152    0.72517460    0.51496724    0.78666419    0.00000000    0.31548752    2.95427693    2.39253536    2.28350978    2.47225902    2.72563486    2.50978886    2.70938441    2.53715830    2.68132250    2.70715417    2.60868171    2.73179347    2.53868355    2.59059804    2.56830813    2.57435179
N1JL10_BLUG1/163-272     2.99515478    2.71047847    2.73053705    3.33911218    2.98290327    2.59543633    2.33710668    2.99718836    2.48129394    2.32134889    3.57782735    3.98014415    2.71512475    2.86990126    2.39559880    0.51762616    0.50197847    0.46620898    0.68063716    0.38612785    0.40917844    0.46723437    0.51022172    0.52141201    0.63752647    0.70085045    0.71510342    0.51997759    0.67756008    0.71845882    0.47475292    0.87661268    0.31548752    0.00000000    3.23851345    2.60907763    2.55054036    2.56143988    2.94048195    2.75633244    2.87933366    2.60905348    2.93658982    2.96027446    2.85052174    2.95294573    2.74581678    2.75452338    2.73519786    2.69916669
B3S4B2_TRIAD/153-262     1.07376878    1.10619745    1.11427112    1.31767387    1.22406182    1.09413338    1.27076444    3.07534147    2.53493117    2.29656835    2.60523362    2.51928243    1.72870561    1.77725581    2.58073244    3.17516164    3.07331655    2.99738273    3.28140565    3.12105536    3.48889680    3.12411458    2.98037909    3.50924997    3.14633586    3.06301570    2.84566178    2.98728322    2.56702887    2.86730190    2.84566142    2.79490887    2.95427693    3.23851345    0.00000000    0.99511576    1.03520864    1.06059346    1.39290035    1.06300976    1.09100444    1.13232007    1.08131966    1.13930240    1.11675207    1.18809648    1.43616112    1.09623093    1.03180680    1.17067834
A0A2H2IDH6_CAEJA/88-197     0.87260782    0.89105320    0.93883088    1.03285521    1.12353389    1.12188328    1.14946852    2.36186800    2.51920103    2.18013992    2.04318810    2.29725224    1.76608411    1.98049796    2.71081899    2.61693684    2.54249408    2.23859828    2.75080809    2.41506135    2.77819788    2.53451525    2.39768141    2.62295433    2.59919989    2.48132722    2.38647462    2.43825397    2.11607362    2.10175860    2.43664058    2.36290979    2.39253536    2.60907763    0.99511576    0.00000000    0.28429926    0.99842781    1.13414355    1.04540668    0.91505181    0.90712073    0.86776311    0.87684231    0.84527107    0.84075172    1.21073712    0.86803135    0.88331868    0.82110480
SRRT_CAEEL/88-197     0.82998442    0.93645278    0.91368981    0.98400691    1.04778499    1.02176204    1.08470993    2.35686270    2.17696418    2.07743434    1.97348687    2.06435081    1.68190833    1.83673130    2.46728543    2.52472618    2.50139746    2.19831381    2.58343508    2.32951977    2.68317595    2.49059421    2.40048433    2.57932206    2.54985559    2.60688415    2.37658064    2.44569345    2.30133056    2.20809836    2.39581384    2.39669871    2.28350978    2.55054036    1.03520864    0.28429926    0.00000000    0.90133152    1.01977652    0.96401484    0.94934050    0.80612007    0.92443232    0.76198338    0.75883709    0.76405030    1.20302135    0.81989148    0.82224300    0.79380802
H2ZUZ4_LATCH/152-261     0.67987720    0.92951078    0.68484636    0.85169423    0.88114995    0.81828742    1.02584610    2.59566116    2.55106780    2.29319248    2.24787430    2.17257584    1.57715689    1.85473163    2.07669708    2.60973384    2.57861407    2.28931751    2.57754620    2.39127195    2.75705959    2.60092756    2.61539071    2.67308517    2.76879129    2.75491714    2.39674279    2.67431851    2.31377995    2.49115695    2.38731202    2.41960478    2.47225902    2.56143988    1.06059346    0.99842781    0.90133152    0.00000000    0.41220603    0.23162663    0.35346412    0.23902282    0.62918141    0.67770237    0.76240572    0.75104381    1.13566637    0.81795882    0.75230489    0.82080898
I3J901_ORENI/153-262     1.00019148    1.06741752    0.98357721    1.10819191    1.08381032    0.99480747    1.26823545    3.05068708    2.10495775    2.28587307    2.03850355    2.08761463    1.82671291    2.09657902    2.05205927    2.94140547    2.83842955    2.69074879    2.88867106    2.74461737    3.00232587    2.81620682    2.83222794    2.96694309    3.07076482    2.92088299    2.57859106    3.02921490    2.71895332    2.66016609    2.89268788    2.68303800    2.72563486    2.94048195    1.39290035    1.13414355    1.01977652    0.41220603    0.00000000    0.33608061    0.48480620    0.39342545    0.80175135    0.86014606    0.99983883    0.96049114    1.45296113    1.11839186    0.98238988    0.94842049
SRRT_DANRE/157-266     0.79482992    0.90627093    0.71452679    0.84425403    0.81029567    0.90323806    1.15956975    2.90583730    2.68770742    2.39094406    2.42740566    2.44128237    1.75947213    2.02068846    2.01465197    2.88662430    2.70537629    2.52491982    2.71906340    2.53998647    2.79479520    2.60624993    2.70860871    2.76783588    2.93533367    2.82774165    2.47146152    2.79007837    2.40823044    2.59747619    2.73451739    2.63606699    2.50978886    2.75633244    1.06300976    1.04540668    0.96401484    0.23162663    0.33608061    0.00000000    0.37314981    0.29371973    0.61921038    0.76254764    0.82599514    0.80151407    1.12629169    0.87069860    0.86692918    0.86990715
I3KGL2_ORENI/145-254     0.72270987    0.88772613    0.80771410    0.97187305    0.80752734    0.84322355    1.05895498    2.66995582    2.62480006    2.35235628    2.37650397    2.49385057    1.58070241    1.94259048    1.90481316    2.93799504    2.94924054    2.62401506    2.82553357    2.77420801    2.93840617    2.79205074    2.80503987    2.89178763    3.10127047    3.01765443    2.66151202    2.90144563    2.34179776    2.49165156    2.74547175    2.95127145    2.70938441    2.87933366    1.09100444    0.91505181    0.94934050    0.35346412    0.48480620    0.37314981    0.00000000    0.37410144    0.66346689    0.75361389    0.79964167    0.73941377    1.14642069    0.84289398    0.70796903    0.81795326
G3UA09_LOXAF/153-262     0.74346021    0.81560770    0.67249822    0.93280865    0.80785886    0.75313874    1.05163717    2.55075497    2.50467102    2.46447551    2.21216377    2.21224582    1.60213179    1.94371888    1.84319159    2.78511893    2.54305152    2.34151522    2.58836096    2.44901003    2.78652267    2.51088899    2.50975808    2.67561041    2.65151361    2.60875335    2.39111362    2.53074611    2.39188242    2.37481297    2.48136025    2.49824747    2.53715830    2.60905348    1.13232007    0.90712073    0.80612007    0.23902282    0.39342545    0.29371973    0.37410144    0.00000000    0.56026957    0.70290222    0.75099015    0.70823758    1.22796313    0.85385020    0.74283005    0.78771537
B7Q9N8_IXOSC/162-271     0.58012538    0.60695082    0.57614955    0.79565016    0.75290143    0.75789446    1.04615599    2.50339174    2.49906203    2.07615391    2.03340787    2.23268482    1.67348636    1.95874007    2.04920304    2.93340771    2.92669205    2.69864856    3.05083707    2.95279834    3.13371315    2.83122078    2.77849764    2.93087216    2.97122230    3.16057113    2.48708495    2.96079454    2.70232948    2.69381340    2.65401663    2.78516568    2.68132250    2.93658982    1.08131966    0.86776311    0.92443232    0.62918141    0.80175135    0.61921038    0.66346689    0.56026957    0.00000000    0.49272861    0.52104858    0.51915573    0.97201362    0.64603905    0.55093273    0.59738305
H9J1U3_BOMMO/177-286     0.38789123    0.60259347    0.61574957    0.94431812    0.84555969    0.81633536    1.00354566    2.78634933    2.26207659    2.24504616    1.98808098    2.34833304    1.59730949    1.80736920    2.19995272    2.93484388    2.79716964    2.50070774    2.96472206    2.84762290    3.26807065    2.88458212    2.89377627    2.96666577    2.93660212    3.00047210    2.44258582    2.78916540    2.70323247    2.58123343    2.54972178    2.48203917    2.70715417    2.96027446    1.13930240    0.87684231    0.76198338    0.67770237    0.86014606    0.76254764    0.75361389    0.70290222    0.49272861    0.00000000    0.28572904    0.32928992    0.89704957    0.44813294    0.43884950    0.36852455
SRRT_ANOGA/144-253     0.31990761    0.37984271    0.55303799    0.88463279    0.73355859    0.80755554    1.04533229    2.89629457    2.55158540    1.93005762    1.92638410    2.03940273    1.42373470    1.72033744    2.19579211    2.77402968    2.87311202    2.53010044    3.12156837    2.80901159    3.14633637    2.92589477    2.80865462    2.91387323    2.91662790    2.87132994    2.79860133    2.84054904    2.63366513    2.64588731    2.75055446    2.85219238    2.60868171    2.85052174    1.11675207    0.84527107    0.75883709    0.76240572    0.99983883    0.82599514    0.79964167    0.75099015    0.52104858    0.28572904    0.00000000    0.25716628    0.81709483    0.46536649    0.40234402    0.45359506
E2BML8_HARSA/175-284     0.37880274    0.47360664    0.57474377    0.85779127    0.78560511    0.90999261    0.98913439    2.57220454    2.50226230    2.14456012    2.07206406    2.02474998    1.66551377    1.75369531    2.03814659    2.96205298    2.89363437    2.57635281    3.04297951    2.88676955    3.20320599    2.81099276    2.94683127    3.04070401    2.90940984    2.93872885    2.60259568    2.90214500    2.62099596    2.45490347    2.66528878    2.54496542    2.73179347    2.95294573    1.18809648    0.84075172    0.76405030    0.75104381    0.96049114    0.80151407    0.73941377    0.70823758    0.51915573    0.32928992    0.25716628    0.00000000    0.76106383    0.41663407    0.32618072    0.35842279
X1WJ93_ACYPI/5-114     0.77784660    0.81299819    1.03161488    1.38851399    1.15945438    1.26254830    1.12576115    3.24849960    2.85515785    2.65859968    2.86034268    3.07156128    2.44633444    2.62090936    2.94512750    2.66731336    2.78175320    2.48064406    3.17056119    2.83569090    3.09688575    2.71461604    3.00547981    3.19991698    3.13190273    3.25514108    3.06499652    3.03524714    2.40703644    2.49433105    2.64078780    2.78809744    2.53868355    2.74581678    1.43616112    1.21073712    1.20302135    1.13566637    1.45296113    1.12629169    1.14642069    1.22796313    0.97201362    0.89704957    0.81709483    0.76106383    0.00000000    0.39107897    0.75860800    0.85036085
J9K6M8_ACYPI/149-258     0.42173918    0.48721390    0.65097481    0.93712892    0.72830821    0.83664876    0.90792772    2.78547537    2.69605774    2.21266677    2.01116909    2.12492355    1.68083490    1.80265486    2.43560032    2.84397671    2.69461854    2.41931644    3.10168452    2.74876237    3.20064889    2.62505098    2.84824368    3.04997537    3.02079199    3.05388547    2.81273875    2.91741960    2.55134950    2.51299214    2.62293353    2.57339475    2.59059804    2.75452338    1.09623093    0.86803135    0.81989148    0.81795882    1.11839186    0.87069860    0.84289398    0.85385020    0.64603905    0.44813294    0.46536649    0.41663407    0.39107897    0.00000000    0.39562663    0.40000956
T1IAP8_RHOPR/12-121     0.40621184    0.47921463    0.55156020    0.84394023    0.73399240    0.81712449    0.94884037    2.62572302    2.53338257    2.06559227    2.13622177    2.14407612    1.41423920    1.66461141    2.17805322    2.67303021    2.63348300    2.30747424    2.84161671    2.76297863    3.00903189    2.54308337    2.77264748    2.82321944    2.83792282    2.88760879    2.66966301    2.64844473    2.41784440    2.52921266    2.50191183    2.59665447    2.56830813    2.73519786    1.03180680    0.88331868    0.82224300    0.75230489    0.98238988    0.86692918    0.70796903    0.74283005    0.55093273    0.43884950    0.40234402    0.32618072    0.75860800    0.39562663    0.00000000    0.32862335
E0VY01_PEDHC/146-255     0.49200942    0.52746241    0.69415334    0.93910753    0.76343945    0.83874880    1.03670891    2.80100196    2.50556885    2.10506687    2.28210489    2.26080450    1.61796745    1.73727362    2.18226637    2.69069928    2.65508896    2.31465321    2.65713361    2.67875293    2.97912641    2.54440638    2.59746225    2.84193576    2.66887414    2.83700424    2.49207968    2.59600465    2.30913065    2.38137070    2.46322188    2.33148028    2.57435179    2.69916669    1.17067834    0.82110480    0.79380802    0.82080898    0.94842049    0.86990715    0.81795326    0.78771537    0.59738305    0.36852455    0.45359506    0.35842279    0.85036085    0.40000956    0.32862335    0.00000000

