23
A3LVY4_PICST/58-171     0.00000000    0.49005308    0.37984381    0.37372757    0.51673460    0.70689556    0.58485838    0.58687077    0.74959837    0.56047896    1.26833746    1.69786186    1.35314473    2.89243888    1.98627298    1.91321556    1.99160813    1.71429307    2.01608597    2.06834311    2.22841879    2.00202228    2.70512180
A5DX24_LODEL/91-216     0.49005308    0.00000000    0.27117395    0.43569133    0.66973787    1.05492986    0.75258807    0.78612792    1.03439507    0.88203726    1.81002006    2.31034249    1.51252627    3.29723198    2.26991828    2.28088234    2.30655482    2.12756178    2.45672091    2.40913549    2.35375320    2.30549055    3.76446230
G8B7H4_CANPC/60-168     0.37984381    0.27117395    0.00000000    0.30115707    0.31847131    0.85007348    0.55400103    0.57323653    0.87333707    0.60721063    1.48139680    2.08020901    1.31959200    2.97263382    1.88672743    2.10297111    2.12677742    1.94794678    2.16461253    2.20108811    2.20448479    2.31930598    3.01406600
M3JEW5_CANMX/56-164     0.37372757    0.43569133    0.30115707    0.00000000    0.34200185    0.80062103    0.56767421    0.56986343    0.81011963    0.58867916    1.48422642    1.89683621    1.27795533    3.32879165    1.98819871    1.94983188    2.08411731    1.81195149    2.09250258    2.13016315    2.13407358    2.17499656    2.94462785
Q59KM6_CANAL/62-191     0.51673460    0.66973787    0.31847131    0.34200185    0.00000000    0.98683440    0.85289993    0.75300994    1.07959901    0.76059629    1.76797840    2.23532723    1.62946444    3.25898785    2.41255455    2.20212853    2.51771982    2.40390656    2.59659796    2.84368405    2.50405041    2.63841254    3.45819197
C4Y073_CLAL4/43-162     0.70689556    1.05492986    0.85007348    0.80062103    0.98683440    0.00000000    0.61014617    0.66375518    0.81175714    0.68118802    1.64064525    1.99282483    1.32199930    3.14400299    2.00315546    2.26115992    2.19869033    1.81374533    2.07953920    1.96862827    2.42742323    2.13217602    2.99339323
A5DL35_PICGU/38-160     0.58485838    0.75258807    0.55400103    0.56767421    0.85289993    0.61014617    0.00000000    0.37316922    0.58645596    0.42257664    1.47227855    1.91341496    1.31142123    2.98144484    2.09758112    1.92454778    1.96817854    1.59548162    1.99406105    1.87770865    2.13082903    1.71821220    2.87672977
PEX22_DEBHA/56-178     0.58687077    0.78612792    0.57323653    0.56986343    0.75300994    0.66375518    0.37316922    0.00000000    0.66453275    0.40595645    1.51359359    1.96929782    1.21082430    2.87822479    2.38018004    1.93034833    2.16639355    1.78722480    1.96417837    1.93194262    2.09286104    2.20394336    2.77328271
G8YPF8_PICSO/55-176     0.74959837    1.03439507    0.87333707    0.81011963    1.07959901    0.81175714    0.58645596    0.66453275    0.00000000    0.63928221    1.57891294    2.06595211    1.36236402    3.00627600    2.37249295    1.87987648    2.08863767    1.69153849    2.09546351    2.20102338    2.32535524    2.10936976    2.47920101
G3B2E7_CANTC/40-159     0.56047896    0.88203726    0.60721063    0.58867916    0.76059629    0.68118802    0.42257664    0.40595645    0.63928221    0.00000000    1.39699924    1.98683276    1.24951133    3.09779098    2.41368229    1.97142824    2.23257627    1.85382296    2.05560844    2.03006326    2.44311234    2.01549097    2.92193275
C4R500_KOMPG/42-169     1.26833746    1.81002006    1.48139680    1.48422642    1.76797840    1.64064525    1.47227855    1.51359359    1.57891294    1.39699924    0.00000000    1.79305009    1.73363749    3.16076163    2.05296686    2.60972029    2.32499923    2.57979417    2.29916946    2.81536104    2.91211516    2.49005524    2.99272053
W1QAA3_OGAPD/42-152     1.69786186    2.31034249    2.08020901    1.89683621    2.23532723    1.99282483    1.91341496    1.96929782    2.06595211    1.98683276    1.79305009    0.00000000    1.96135703    2.72128061    2.15693256    3.08160147    3.40567772    2.82493272    2.92155423    2.58763706    3.09332247    2.73985069    2.81252771
K0KTQ5_WICCF/53-159     1.35314473    1.51252627    1.31959200    1.27795533    1.62946444    1.32199930    1.31142123    1.21082430    1.36236402    1.24951133    1.73363749    1.96135703    0.00000000    2.61203592    1.97344896    1.68338489    2.11672649    1.82011252    1.73617949    1.93430180    1.81996236    2.07891353    2.51933993
YFS2_SCHPO/23-202     2.89243888    3.29723198    2.97263382    3.32879165    3.25898785    3.14400299    2.98144484    2.87822479    3.00627600    3.09779098    3.16076163    2.72128061    2.61203592    0.00000000    2.23884862    2.92090022    3.45152669    2.88787497    2.81461262    2.97114134    3.25530732    3.09172885    2.90655059
Q6C2P3_YARLI/51-158     1.98627298    2.26991828    1.88672743    1.98819871    2.41255455    2.00315546    2.09758112    2.38018004    2.37249295    2.41368229    2.05296686    2.15693256    1.97344896    2.23884862    0.00000000    1.93089244    2.17786556    1.90140356    2.10024783    2.80916425    2.14395071    2.18742398    2.75271019
C5DSJ5_ZYGRC/46-153     1.91321556    2.28088234    2.10297111    1.94983188    2.20212853    2.26115992    1.92454778    1.93034833    1.87987648    1.97142824    2.60972029    3.08160147    1.68338489    2.92090022    1.93089244    0.00000000    1.14914915    0.97463581    1.23313243    1.54663306    1.41000350    1.74480173    1.79758471
H2ASY6_KAZAF/54-162     1.99160813    2.30655482    2.12677742    2.08411731    2.51771982    2.19869033    1.96817854    2.16639355    2.08863767    2.23257627    2.32499923    3.40567772    2.11672649    3.45152669    2.17786556    1.14914915    0.00000000    1.00970344    1.36290849    1.79256182    1.34987236    1.67693202    2.20513973
G0VJL8_NAUCC/72-181     1.71429307    2.12756178    1.94794678    1.81195149    2.40390656    1.81374533    1.59548162    1.78722480    1.69153849    1.85382296    2.57979417    2.82493272    1.82011252    2.88787497    1.90140356    0.97463581    1.00970344    0.00000000    0.82238754    1.45339671    1.56290812    1.39067928    2.25480638
G0W5E6_NAUDC/70-178     2.01608597    2.45672091    2.16461253    2.09250258    2.59659796    2.07953920    1.99406105    1.96417837    2.09546351    2.05560844    2.29916946    2.92155423    1.73617949    2.81461262    2.10024783    1.23313243    1.36290849    0.82238754    0.00000000    1.70754235    1.37807317    1.57898717    2.05047044
J5PA84_SACK1/51-167     2.06834311    2.40913549    2.20108811    2.13016315    2.84368405    1.96862827    1.87770865    1.93194262    2.20102338    2.03006326    2.81536104    2.58763706    1.93430180    2.97114134    2.80916425    1.54663306    1.79256182    1.45339671    1.70754235    0.00000000    1.83981547    1.68478504    1.88112107
J7RYN7_KAZNA/43-153     2.22841879    2.35375320    2.20448479    2.13407358    2.50405041    2.42742323    2.13082903    2.09286104    2.32535524    2.44311234    2.91211516    3.09332247    1.81996236    3.25530732    2.14395071    1.41000350    1.34987236    1.56290812    1.37807317    1.83981547    0.00000000    1.22825616    2.00285465
PEX22_ASHGO/39-143     2.00202228    2.30549055    2.31930598    2.17499656    2.63841254    2.13217602    1.71821220    2.20394336    2.10936976    2.01549097    2.49005524    2.73985069    2.07891353    3.09172885    2.18742398    1.74480173    1.67693202    1.39067928    1.57898717    1.68478504    1.22825616    0.00000000    1.74336230
PEX22_KLULA/50-155     2.70512180    3.76446230    3.01406600    2.94462785    3.45819197    2.99339323    2.87672977    2.77328271    2.47920101    2.92193275    2.99272053    2.81252771    2.51933993    2.90655059    2.75271019    1.79758471    2.20513973    2.25480638    2.05047044    1.88112107    2.00285465    1.74336230    0.00000000

