7
B4MPC0_DROWI/1115-1252     0.00000000    0.35814392    0.41114098    0.45669241    0.56465355    1.33291917    1.37970100
B3MDE1_DROAN/1032-1170     0.35814392    0.00000000    0.24497913    0.35452947    0.56361605    1.35430906    1.27173348
TPP2_DROME/1119-1257     0.41114098    0.24497913    0.00000000    0.38486576    0.48585536    1.48610376    1.28967246
B4GB55_DROPE/1109-1248     0.45669241    0.35452947    0.38486576    0.00000000    0.58476487    1.25291621    1.28255573
B4KSW9_DROMO/1035-1173     0.56465355    0.56361605    0.48585536    0.58476487    0.00000000    1.25115834    1.14618249
Q7Q974_ANOGA/1015-1147     1.33291917    1.35430906    1.48610376    1.25291621    1.25115834    0.00000000    0.66270432
W5J1C2_ANODA/965-1086     1.37970100    1.27173348    1.28967246    1.28255573    1.14618249    0.66270432    0.00000000

