97
G1QB08_MYOLU/257-462     0.00000000    0.55413401    1.05893677    1.08379557    1.15608068    1.14196760    0.95468573    0.89943768    1.83352848    2.18290866    2.18273171    2.38648064    2.16967867    2.12506890    2.64346611    2.06798796    2.01084686    2.22906738    2.29116703    2.09646109    2.25777197    2.29367133    2.90874329    2.79667593    2.95462621    2.94281086    2.81039862    2.81579490    2.75071074    2.62766148    3.05859880    2.95717565    2.79641009    3.07821802    2.71901749    3.00596168    2.72442449    3.09492254    2.63791592    2.66161706    3.05948338    2.97724533    3.04553923    2.73545025    3.02855588    3.31202024    2.77172491    3.01073354    2.91341480    2.94134256    3.22990163    2.52821298    2.80214606    2.82712969    2.73662455    2.80604984    2.73982204    2.59631807    2.65993465    2.78356009    2.77030100    2.76187008    1.98814844    2.00754195    2.15441579    1.68565927    1.74448951    0.94208003    0.83678203    1.02170112    0.80993196    0.86021784    0.43812297    0.27734878    0.37718053    0.44772651    0.43760286    0.41812305    0.43001200    0.43551419    0.43694625    0.38152989    0.44458780    0.54551872    0.57403290    0.49169834    0.41324274    0.44781086    0.43365310    0.52955602    0.66654430    0.73900769    0.38651845    0.57294526    0.44681411    0.44107511    0.41806827
G1QE72_MYOLU/142-352     0.55413401    0.00000000    1.06833395    0.97608896    1.12523857    1.06358611    0.97982075    0.94804639    1.51697457    1.82235141    1.90728375    2.24291327    1.97885292    1.96016215    2.20640123    1.90356539    1.72086717    1.91261428    1.96011885    1.98131804    1.72384794    2.02647863    2.41460500    2.39230493    2.39181194    2.27920226    2.36334943    2.25002190    2.22786414    2.22744930    2.44952091    2.43674607    2.34056270    2.56837361    2.10993748    2.32859577    2.19415252    2.42872399    2.15704649    2.06971784    2.29858116    2.33723375    2.37213862    2.14157933    2.45174288    2.67401357    2.23921104    2.26793323    2.27923542    2.28171368    2.51653400    2.17198316    2.42365343    2.46720914    2.29831274    2.42122550    2.15287331    2.25834953    2.24692459    2.25720489    2.31511592    2.23872257    1.85167529    2.07981388    1.80954776    1.57567133    1.60800425    0.88325761    0.76875242    0.85834944    0.75281042    0.79198313    0.69119274    0.64745992    0.60883822    0.63830873    0.65278408    0.67173426    0.63134752    0.67863060    0.57381942    0.64937953    0.65710388    0.83881049    0.70208878    0.75252107    0.69137947    0.60269807    0.62113108    0.84639491    0.99449747    1.05379788    0.62441497    0.75273572    0.66815058    0.62073156    0.71382033
A0A1L8GL85_XENLA/281-499     1.05893677    1.06833395    0.00000000    0.71146401    0.64682526    0.65051260    0.66343779    0.62720342    1.38387997    1.78871310    1.86087054    2.07177213    1.82729364    1.78231127    2.20088492    1.94204925    1.81381318    1.94677983    1.98520148    1.81301054    2.01640771    1.86537668    2.13814459    1.92418894    2.07510537    2.02228177    1.85469786    1.86314309    1.98333805    1.95916155    2.12241446    2.09415531    1.80530984    1.97677414    1.81216691    2.20930706    1.99335908    2.05362060    1.73523617    1.81084897    1.97900647    1.91204541    2.00711447    1.93205845    2.12414193    2.40932898    1.89318267    2.04792501    2.15106075    2.11260695    2.15725572    1.66857630    1.97739604    1.95299286    2.02133095    1.96078406    1.88194149    1.83985104    2.05108006    1.91883784    1.88856665    1.97590608    1.50568997    1.78849096    1.51117112    1.40531398    1.30701513    0.65770102    0.68332447    0.65678508    0.65954791    0.54042450    1.09801843    1.14289941    1.14990090    1.27357919    1.09797356    1.08093298    1.17124015    1.21038248    1.20263964    1.16970472    1.15008713    1.17389031    1.32603295    1.23267486    1.23071782    1.22106015    1.26364598    1.14029945    1.44961517    1.26180040    1.11033853    1.32604353    1.14838784    1.13913558    0.98093788
W5M6Y8_LEPOC/325-543     1.08379557    0.97608896    0.71146401    0.00000000    0.43659030    0.47469004    0.66668728    0.57251282    1.31175378    1.74151518    1.86116816    2.01619081    1.79006893    1.75684809    2.13323629    1.86469467    1.72551549    1.84445748    1.90528559    1.70690783    1.93893532    1.80805967    1.82402616    1.74976049    1.89423039    1.79742362    1.64301586    1.62078469    1.81664474    1.79959772    1.84730545    1.94768736    1.69751739    1.83284816    1.66675434    2.03384251    1.91787256    1.91275071    1.68861218    1.63855970    1.84367087    1.77497185    1.86177293    1.71204172    1.98405228    2.13723993    1.73237092    1.87066836    1.96073430    1.90374373    1.89499033    1.48864409    1.78445807    1.84928054    1.73317151    1.82007820    1.72868519    1.68858762    1.87384417    1.75719996    1.80516069    1.87290446    1.55216868    1.84476455    1.62650946    1.27660014    1.21610331    0.63675996    0.70817329    0.56487260    0.58290100    0.60088376    1.13011712    1.15244802    1.11981179    1.22620406    1.06407534    1.04389590    1.10896638    1.09141663    1.04918682    1.10021882    1.07005637    1.17977800    1.18989637    1.13953281    1.04647557    1.16465756    1.23686607    1.18634164    1.41996969    1.37060103    1.11262004    1.29938464    1.15982242    1.14376573    1.01577830
A0A3Q3XBG0_MOLML/306-519     1.15608068    1.12523857    0.64682526    0.43659030    0.00000000    0.44082799    0.61676702    0.60352165    1.36961752    1.74208093    1.86111638    1.99109830    1.76043644    1.76720636    2.06525045    1.80633712    1.69818002    1.86416364    1.89687706    1.70951545    1.95285428    1.75147236    1.89697306    1.85030282    2.08714387    1.89269961    1.75517893    1.70344529    1.85421190    1.87302520    1.84732183    1.99432901    1.75021460    1.96628188    1.73078495    2.18053197    1.94684749    1.95603837    1.74748943    1.66245829    1.85787028    1.80686614    1.88114246    1.76165091    2.01726277    2.28443120    1.82964653    1.94119647    2.06592325    1.97343520    2.02950811    1.51955597    1.78944832    1.87145730    1.90488534    1.87540933    1.79537137    1.73627651    1.95447690    1.79281482    1.89692218    1.93773843    1.51711500    1.84169101    1.65589445    1.26791020    1.24242130    0.68103218    0.72133021    0.62786830    0.66936837    0.67835833    1.21412462    1.17231174    1.25008249    1.32606593    1.23024595    1.18079435    1.26157097    1.29243210    1.22223906    1.30009368    1.23405649    1.34056489    1.37869838    1.31439900    1.26636740    1.33131908    1.38468373    1.25365797    1.51277384    1.44977367    1.24649369    1.47171920    1.30869072    1.30646206    1.09253979
A0A3P8XAQ1_ESOLU/273-491     1.14196760    1.06358611    0.65051260    0.47469004    0.44082799    0.00000000    0.63310198    0.58921555    1.26410207    1.75568697    1.83029599    1.93477635    1.77616361    1.73727596    2.15277557    1.87725111    1.74026854    1.85637551    1.91880582    1.72223326    2.01268878    1.81749464    1.86427582    1.78302256    1.91607761    1.75818793    1.62613688    1.58733697    1.78206333    1.78268400    1.88998543    2.02451738    1.67313958    1.89590763    1.63937128    2.02154352    1.91486052    1.88587225    1.72953885    1.66125754    1.84415563    1.78539375    1.87412171    1.74536014    2.03473791    2.17809712    1.77484635    1.82102233    1.94933942    1.93400917    1.98903767    1.46721348    1.72972363    1.80348537    1.78503819    1.77297052    1.68749941    1.65775864    1.83165565    1.72610333    1.77166197    1.81293472    1.53408997    1.83560990    1.51771785    1.22522913    1.24227970    0.69522110    0.76148030    0.61978306    0.70314488    0.63714825    1.14095942    1.16799231    1.20660084    1.35620196    1.13953432    1.13252306    1.23624791    1.19808081    1.16615544    1.18446098    1.16162443    1.29857420    1.28234639    1.23618095    1.20133407    1.17312715    1.37273128    1.23406803    1.43968369    1.42128146    1.14383165    1.36559292    1.21616076    1.30792475    1.12387463
A0A401RNW0_CHIPU/255-483     0.95468573    0.97982075    0.66343779    0.66668728    0.61676702    0.63310198    0.00000000    0.53616051    1.42465542    1.69165228    1.77955150    1.96441783    1.74442384    1.70480553    1.99473483    1.75984645    1.68312666    1.79528191    1.79112241    1.66223852    1.90064379    1.72855310    2.01545852    2.02819305    2.14923838    2.13450463    1.98149394    1.82790219    2.00696287    1.93117224    2.05147436    2.14406745    1.90141976    2.02150965    1.83463375    2.21573876    2.00805462    2.03407508    1.86597992    1.82289931    1.95540153    1.91151963    1.94567568    1.91587081    2.07879916    2.40606185    1.89069524    1.91528448    2.02921115    2.14226232    2.18502541    1.72391738    2.01752952    2.03032993    2.05664915    2.04534944    1.95683891    1.89790476    2.02782522    1.95284812    1.99370804    2.06018406    1.44088944    1.65054651    1.53036151    1.32486850    1.20143932    0.69332105    0.68165470    0.65450355    0.63109247    0.64246556    1.06054700    1.02622226    1.09700844    1.16607879    1.06919793    1.02037943    1.11062703    1.12704110    1.04966524    1.12517673    1.13612484    1.21875330    1.24774477    1.18361610    1.12799740    1.07856814    1.18999793    1.10192721    1.35535450    1.23064566    1.03925266    1.25641644    1.07100795    1.08339199    0.98296072
H3AMN1_LATCH/299-513     0.89943768    0.94804639    0.62720342    0.57251282    0.60352165    0.58921555    0.53616051    0.00000000    1.24287300    1.60932805    1.71769841    1.89683774    1.65083647    1.67877546    1.96998152    1.72465576    1.63740643    1.76789798    1.82313288    1.60150715    1.88155603    1.69875088    1.86686452    1.85986415    1.94869515    1.93180886    1.64323215    1.53654997    1.81807683    1.74163131    1.79619537    1.99584274    1.64414238    1.81968260    1.67430630    1.96908523    1.74551310    1.84759649    1.66317737    1.64238962    1.71196351    1.71762669    1.79155512    1.69405492    1.95729089    2.11371291    1.61638456    1.67725929    1.74623182    1.96004407    1.94391945    1.47957472    1.80669325    1.80964702    1.84536568    1.78288887    1.71737631    1.66853732    1.86081175    1.75222861    1.87769998    1.93617226    1.41585283    1.74543962    1.44103544    1.33389826    1.26142187    0.57992827    0.60671507    0.60217933    0.54692354    0.55845228    0.97654080    0.91831138    0.90876088    1.03592746    0.94535878    0.91903874    1.03668718    0.99854844    1.00233059    1.01621043    0.97043095    1.06349659    1.13803075    1.08972545    0.97541169    1.02066295    1.07179571    1.00341720    1.24717909    1.20123586    0.92089463    1.10379095    0.98857374    1.01020959    0.87097819
B7Q0R3_IXOSC/159-324     1.83352848    1.51697457    1.38387997    1.31175378    1.36961752    1.26410207    1.42465542    1.24287300    0.00000000    1.76574551    1.72768161    1.77070033    1.66483266    1.65331805    2.06589042    1.91686088    1.80048735    1.86767442    1.96836990    1.75267176    1.91042559    1.88469749    1.72727929    1.58290733    1.88805647    1.66752316    1.53332871    1.61807004    1.83550576    1.61841111    1.69832009    1.99699246    1.74365233    1.93360436    1.70680612    1.77707889    1.92400585    1.93838891    1.76249265    1.53348575    1.93155972    1.75254270    1.83486670    1.75354665    1.88563673    2.14049749    1.71779321    1.68108214    1.79496953    1.70552938    1.87525410    1.54829671    1.51802490    1.79237274    1.83662857    1.85709080    1.81784213    1.94399006    2.00074066    1.78164518    1.74170505    1.82774490    1.18460561    1.98687466    1.48876317    1.19294016    0.96198010    1.34934723    1.30573394    1.50650948    1.22905564    1.23906817    1.95750411    1.89592297    2.07883868    2.26987492    2.00308655    1.96520782    2.10725789    2.00385121    1.91141594    2.07037111    2.00708941    2.22482716    2.05404294    2.30237127    1.80166958    2.25565337    2.29887395    2.06777236    2.63465260    2.38490299    2.04292770    2.51545771    2.22370360    2.10909737    1.93802858
W1PHQ9_AMBTC/474-634     2.18290866    1.82235141    1.78871310    1.74151518    1.74208093    1.75568697    1.69165228    1.60932805    1.76574551    0.00000000    0.52180099    0.64169227    0.59351583    0.55558045    0.87217132    0.86710102    0.82768429    0.93939065    0.84339102    0.78913241    0.79472759    0.97713677    2.03071600    2.26755107    2.41292792    2.52959632    2.45668715    2.37619712    2.60373331    2.24792396    2.46248741    2.44394163    2.35164299    2.22258962    2.32006845    2.44291676    2.41450829    2.36789352    2.29869840    2.25197847    2.35262636    2.05796881    2.35531195    2.23000719    2.39507044    2.15966947    2.40526182    2.15470711    2.07394201    2.37065556    2.10850379    2.17989849    2.21211766    2.25335098    2.36143374    2.13375237    2.17691014    2.33505630    2.35158236    2.41438412    2.40253860    2.31327059    2.00628196    2.89561633    1.98804257    1.75370241    2.03956285    1.77763618    1.71652776    2.24198569    1.69225168    1.69660757    2.29013759    2.22688860    2.29774211    2.34524726    2.35786635    2.13943636    2.15884587    2.20411401    2.31152766    2.32528900    2.37760152    2.54006993    2.32357407    2.92995930    2.21419202    2.41945794    2.69054750    2.20548712    2.48634331    2.66213294    2.24607528    2.27264924    2.45274700    2.23315966    2.44320284
EXEC2_ORYSJ/473-627     2.18273171    1.90728375    1.86087054    1.86116816    1.86111638    1.83029599    1.77955150    1.71769841    1.72768161    0.52180099    0.00000000    0.50811031    0.41170827    0.41286182    0.89693185    0.73778637    0.66159297    0.74342229    0.75440607    0.64316377    0.67421689    0.86981599    1.74837936    1.94964176    2.12122924    2.10847288    2.12579990    2.00708603    2.40813441    1.82668728    1.98502972    2.09533493    1.98508482    2.05321841    2.17980549    2.29817791    2.21963921    2.32004787    2.10634162    1.87007051    1.98435227    1.86020350    2.06169472    1.83334509    2.14271875    1.95893234    2.05353615    1.94754329    1.92244982    1.87180186    1.94129603    2.01375985    1.97790732    1.92370577    2.12831260    1.93879955    1.84613328    1.96507625    2.10106124    1.92562884    1.99484888    1.93250890    2.12793063    2.75631784    2.10047712    1.80106711    1.99242212    1.91877047    1.89346182    2.29400592    1.82551055    1.83402627    2.32764155    2.36454235    2.39809488    2.42323622    2.48788688    2.26868193    2.17258055    2.27806121    2.29378542    2.40067285    2.56081417    2.91806636    2.50763359    3.00660217    2.45207403    2.46637202    2.81142062    2.33966357    2.56258776    2.63937486    2.33856798    2.37724434    2.60945140    2.39610440    2.58862043
M0TWD9_MUSAM/496-650     2.38648064    2.24291327    2.07177213    2.01619081    1.99109830    1.93477635    1.96441783    1.89683774    1.77070033    0.64169227    0.50811031    0.00000000    0.49418987    0.45063266    0.92723576    0.88274680    0.78944222    0.86577707    0.86767929    0.84035267    0.94169176    1.02422767    1.86003655    2.12779750    2.17466677    2.28632540    2.36643962    2.21029163    2.67387016    2.17444888    2.26625140    2.49833635    2.12494685    2.38995362    2.62509773    2.49468975    2.32236282    2.38850111    2.33135489    2.26713256    2.30847822    2.26693013    2.26297552    2.06998035    2.50985289    2.28081277    2.32259256    2.12714148    2.20628288    2.25430986    2.16042664    2.01225707    2.00774319    2.10218820    2.52643792    2.25758612    2.23974460    2.27160932    2.35709440    2.15252224    2.33629284    2.30942818    2.15211925    2.89395877    2.15889151    1.91983623    2.20941872    2.07995623    2.05679871    2.43661277    2.02171915    2.02552707    2.52420978    2.42751106    2.49471724    2.65887761    2.64144964    2.43340319    2.36778136    2.49617513    2.52731883    2.52815395    2.69027792    2.98946452    2.65531872    3.27046875    2.50510572    2.53502098    2.91781283    2.45001081    2.86111486    2.88638572    2.53267316    2.58152082    2.78002267    2.56393280    2.77098677
K7KVT4_SOYBN/474-634     2.16967867    1.97885292    1.82729364    1.79006893    1.76043644    1.77616361    1.74442384    1.65083647    1.66483266    0.59351583    0.41170827    0.49418987    0.00000000    0.28190763    0.93633769    0.84720530    0.84695419    0.84986385    0.90192243    0.76966014    0.85648841    0.96979538    1.68180014    1.92832562    2.18026552    2.11807985    2.12167139    1.98470033    2.46407964    2.09266083    1.84233147    2.42992512    2.00294886    2.13013576    2.31166020    2.37577162    2.31067911    2.23770213    2.21468543    1.96551848    2.16210244    2.06170832    2.06451771    1.96743730    2.23885354    2.04670587    2.20707680    2.05644921    1.99438155    2.12360375    2.09024499    1.98845552    2.05671520    1.98919386    2.24964916    2.16619627    1.92588743    2.07944254    2.18227296    2.10813899    2.18945863    2.07080752    2.13803722    2.72091041    2.16912864    1.55684600    2.01440038    1.78510248    1.81554944    2.25143628    1.74548905    1.78670360    2.35035989    2.15556319    2.59868198    2.55115460    2.38042970    2.35696003    2.19487357    2.41456539    2.26308028    2.44092244    2.59419917    3.09001526    2.52824588    3.02499186    2.37794582    2.45849726    2.78745306    2.23522723    2.57863420    2.62616184    2.42623530    2.51660192    2.66636314    2.44324341    2.51330493
M1CKX9_SOLTU/21-179     2.12506890    1.96016215    1.78231127    1.75684809    1.76720636    1.73727596    1.70480553    1.67877546    1.65331805    0.55558045    0.41286182    0.45063266    0.28190763    0.00000000    0.92433117    0.83644526    0.80530400    0.74979115    0.82258064    0.72493869    0.75262220    0.92134578    1.57567657    1.76738629    1.93977758    2.00973378    1.96172675    1.82226194    2.24981967    1.83390790    1.83563988    2.02988903    1.78479132    1.91767471    2.07892461    2.24754189    2.17457354    2.04110402    1.85040948    1.82469298    2.05554259    2.03786219    2.01404785    1.91646056    2.13706914    1.80107783    1.90378341    1.87511357    1.87056908    1.86640625    1.79618947    1.75684801    1.71828407    1.69892137    1.98085065    1.94499256    1.78920050    1.93500498    1.99637920    1.89716025    1.87978168    1.78278559    2.03742721    2.71277395    2.00500322    1.71233360    1.96838993    1.76765174    1.79181386    2.15420016    1.72365373    1.72988111    2.30797685    2.15749477    2.48963797    2.45388080    2.36929372    2.43520504    2.20346029    2.27272860    2.31150162    2.39212630    2.46181113    2.89203222    2.66647458    2.89850242    2.36823277    2.47080630    2.83107037    2.21573320    2.45333057    2.47708104    2.45536533    2.49054181    2.60733261    2.46701762    2.50228734
EXEC1_ORYSJ/572-727     2.64346611    2.20640123    2.20088492    2.13323629    2.06525045    2.15277557    1.99473483    1.96998152    2.06589042    0.87217132    0.89693185    0.92723576    0.93633769    0.92433117    0.00000000    0.49846216    0.56203433    0.63379062    0.52441172    0.93304446    0.97959167    1.29672334    1.91618881    2.22652032    2.27294430    2.37742580    2.19556676    2.14792335    2.56971749    2.26227123    2.13216043    2.31939069    2.22290208    2.27348694    2.35421750    2.23882527    2.17829090    2.25925248    2.31041585    2.24134839    2.30714238    2.11537500    2.18302799    2.08295671    2.34545463    1.98349278    2.26162728    2.12244302    2.12015680    2.19985955    2.37940199    2.18462213    2.16506091    2.17247855    2.51301758    2.29015103    2.28073678    2.24422240    2.22931554    2.38612256    2.24571247    2.19960739    2.04151272    2.86077488    2.38026717    2.10687619    2.43310794    2.18427241    2.14600377    2.49225105    2.10690907    2.13402703    2.54909972    2.73647552    2.65232997    2.49203547    2.75136121    2.52203081    2.66789246    2.54984776    2.68701566    2.47082272    2.48478431    2.77174241    2.77923084    3.24233346    2.38399724    2.60750971    2.81253972    2.59905008    2.87104267    2.82020675    2.60601341    2.63262540    2.86679263    2.72479821    2.67094789
M0SXH7_MUSAM/393-548     2.06798796    1.90356539    1.94204925    1.86469467    1.80633712    1.87725111    1.75984645    1.72465576    1.91686088    0.86710102    0.73778637    0.88274680    0.84720530    0.83644526    0.49846216    0.00000000    0.35211486    0.39403897    0.31147093    0.71666737    0.87896040    1.19739915    1.89413217    1.95591704    2.37048148    2.36825378    2.22393524    2.08881188    2.48824808    2.13819290    2.07026230    2.50039962    2.11773853    2.31775740    2.33185187    2.14778051    2.22966534    2.27704531    2.42620556    1.96756643    2.14555451    1.97797932    2.11634113    1.86718252    2.29689498    2.04239248    2.19432109    1.97544610    2.17773431    2.28196264    2.31994822    2.04285925    2.05736248    2.10305029    2.45578736    2.26751695    2.18876370    2.30554716    2.28891867    2.32442077    2.26972548    2.23295887    2.09172719    2.58833829    2.12454133    1.71272852    2.11012588    1.89326357    1.85520242    2.31717156    1.80001602    1.83662766    2.28870537    2.26132262    2.17741021    2.37703969    2.45251067    2.24034675    2.24928541    2.32820845    2.22254519    2.21409804    2.35118529    2.69454838    2.46610856    2.87219342    2.15993267    2.56611037    2.73616741    2.33759129    2.52164578    2.62317894    2.35649904    2.44390032    2.61991611    2.52043944    2.61733071
U5CZ29_AMBTC/569-726     2.01084686    1.72086717    1.81381318    1.72551549    1.69818002    1.74026854    1.68312666    1.63740643    1.80048735    0.82768429    0.66159297    0.78944222    0.84695419    0.80530400    0.56203433    0.35211486    0.00000000    0.35778569    0.28286824    0.72805258    0.81562689    1.14601698    2.02820567    2.07014956    2.28135680    2.30674483    2.19183931    2.11356631    2.55257000    2.04915226    2.08498585    2.18844612    2.03091623    2.13248749    2.27320313    2.04356846    2.07063665    2.11198462    2.15882652    2.05287402    2.16310213    2.09733119    2.02984881    1.96749845    2.24033460    1.96989182    2.15663269    1.97214084    2.06943372    2.09446367    2.20627384    1.96307749    1.96585065    2.04910591    2.32150507    2.18852340    2.13104547    2.20814393    2.14707985    2.19187800    2.17857281    2.08192326    1.96494304    2.54809665    2.11363002    1.67670794    1.99249654    1.74109581    1.72024020    2.10062965    1.69382224    1.69120267    2.22631531    2.17799805    2.14459449    2.22837235    2.32267967    2.06827984    2.21061798    2.22384470    2.14292222    2.21075551    2.31304800    2.59493953    2.29931117    2.78518369    2.19139928    2.41119024    2.47100174    2.24913777    2.49909006    2.60565628    2.15269639    2.38017534    2.38948189    2.26796855    2.42546087
M4F0I3_BRARP/540-696     2.22906738    1.91261428    1.94677983    1.84445748    1.86416364    1.85637551    1.79528191    1.76789798    1.86767442    0.93939065    0.74342229    0.86577707    0.84986385    0.74979115    0.63379062    0.39403897    0.35778569    0.00000000    0.29955103    0.75394051    0.88461868    1.15859586    1.82804481    2.03742728    2.31676172    2.33124870    2.13941321    2.03166200    2.58037364    2.10479185    1.92665682    2.30927456    2.02273969    2.15433364    2.19404841    2.13505319    2.16859640    2.26645714    2.18766804    1.92946176    2.08158292    2.07754135    2.06917617    1.84913606    2.26193525    1.92318622    2.06407766    2.03869251    2.12103065    2.02621447    2.23392077    1.93841787    1.95864661    2.00308037    2.24287698    2.23724517    2.11935124    2.22467055    2.22696479    2.23234872    2.09939204    2.09089757    2.09860798    2.54440621    2.11099307    1.81437165    2.16075902    1.88499642    1.86611294    2.21520658    1.85784629    1.85450473    2.35451832    2.24468173    2.16518285    2.30563464    2.48602477    2.23340329    2.28752253    2.28894836    2.28408772    2.14974102    2.30396775    2.63261231    2.37647461    2.96176396    2.19925318    2.62757473    2.60971827    2.36356773    2.71214793    2.75317416    2.35540153    2.51781774    2.55803295    2.43675532    2.53487971
D7U656_VITVI/546-702     2.29116703    1.96011885    1.98520148    1.90528559    1.89687706    1.91880582    1.79112241    1.82313288    1.96836990    0.84339102    0.75440607    0.86767929    0.90192243    0.82258064    0.52441172    0.31147093    0.28286824    0.29955103    0.00000000    0.73089523    0.82171373    1.28729498    2.08399270    2.09259291    2.25847109    2.34978204    2.10344331    2.14141733    2.65658231    2.21922412    2.08547654    2.38613873    2.07997531    2.19813984    2.32785942    2.22207100    2.23822962    2.28178328    2.27711428    2.15771542    2.21575494    2.07633561    2.07643561    2.08904527    2.21808860    2.05864214    2.15472557    2.11486993    2.24018039    2.32851406    2.26273269    2.12662490    2.13280307    2.11664380    2.36133654    2.22883142    2.29818350    2.29036496    2.28424908    2.31074486    2.14541021    2.14201671    2.06125471    2.68056007    2.13428739    1.79495372    2.12766400    2.00186591    1.95821268    2.37070129    1.90354334    1.93545674    2.38677022    2.32986264    2.35040315    2.49855361    2.53386280    2.28646311    2.39026568    2.41424806    2.40288298    2.32219465    2.41862635    2.80248230    2.47846337    3.09880052    2.30550467    2.65128356    2.69121481    2.43586378    2.90181873    2.82376939    2.36801337    2.55046172    2.65124020    2.55210226    2.65734486
D8QYR1_SELML/525-682     2.09646109    1.98131804    1.81301054    1.70690783    1.70951545    1.72223326    1.66223852    1.60150715    1.75267176    0.78913241    0.64316377    0.84035267    0.76966014    0.72493869    0.93304446    0.71666737    0.72805258    0.75394051    0.73089523    0.00000000    0.79531904    1.03521527    1.78179208    1.85189754    2.06249688    1.96761348    1.95726927    1.86929460    2.22638665    1.92257681    1.85227076    2.16471433    2.01011424    2.02256200    2.00805209    2.17975034    1.99764574    2.30884205    1.90821057    1.85246536    2.00943016    1.81831250    1.91052734    1.85480928    1.98727288    2.00486710    2.02578916    2.00593446    2.07622627    2.07819816    1.92957496    1.95934733    1.96398992    2.01462967    2.02929552    1.87367900    1.92134737    2.04249672    1.98333386    1.96350765    1.94503941    1.85732807    2.13936335    2.92641890    2.01818199    1.56098201    1.90364218    1.80623800    1.78303535    2.22838730    1.76597173    1.78848913    2.25427775    2.41793342    2.29338412    2.42249375    2.48939477    2.22096115    2.32483045    2.42350854    2.22804632    2.36776483    2.54028526    2.67582035    2.43548849    3.04949197    2.39083072    2.50400866    2.85881656    2.41286158    2.77793763    2.80270512    2.42534115    2.49931944    2.51250380    2.29486199    2.65648146
D8S0C5_SELML/426-587     2.25777197    1.72384794    2.01640771    1.93893532    1.95285428    2.01268878    1.90064379    1.88155603    1.91042559    0.79472759    0.67421689    0.94169176    0.85648841    0.75262220    0.97959167    0.87896040    0.81562689    0.88461868    0.82171373    0.79531904    0.00000000    1.15076395    2.11215607    2.19450054    2.18914980    2.08656667    2.16531669    2.07575414    2.51239111    2.14355159    2.24632481    2.24392773    2.12851807    2.18328107    2.23528004    2.32384478    2.38774865    2.34038278    2.23814813    1.97469960    2.11285369    2.03534472    2.03162053    1.98389978    2.20087194    2.16251118    2.14400227    2.08968522    2.13713279    1.98703796    2.05343694    2.14336708    2.25581631    2.10118876    2.32616702    2.09845787    2.19616259    2.30119934    2.19344141    2.16658934    2.14448791    2.19788561    2.32404019    2.97152891    2.20324144    1.83417720    2.18096019    2.04449952    1.98406227    2.35682313    1.90778163    1.89410098    2.35994023    2.34433987    2.44357563    2.41129740    2.49388679    2.23328066    2.37025124    2.48134405    2.29714791    2.33197798    2.46763389    2.87560214    2.52515194    3.04915242    2.24496063    2.55590287    2.71924315    2.42009108    2.84166261    2.74558499    2.38466581    2.42861877    2.54798179    2.45654779    2.62048080
C1E2X0_MICCC/866-1020     2.29367133    2.02647863    1.86537668    1.80805967    1.75147236    1.81749464    1.72855310    1.69875088    1.88469749    0.97713677    0.86981599    1.02422767    0.96979538    0.92134578    1.29672334    1.19739915    1.14601698    1.15859586    1.28729498    1.03521527    1.15076395    0.00000000    2.28353245    2.23696222    2.41360165    2.02533257    2.14993448    1.89721439    2.22295837    2.19852205    2.27385235    2.22371031    2.33442215    2.37446939    2.21162002    2.27796227    2.12619120    2.34626534    2.08788808    2.18613961    2.10886310    2.21430876    2.19226356    1.94428951    2.18558237    2.04036632    2.13952467    2.11982778    2.07692263    2.02102780    1.99739107    1.94105592    2.25755043    2.20168300    2.38614837    2.26382132    2.16020120    2.28044258    2.12133878    2.18229178    2.23191437    2.00379444    2.20267567    2.53771083    2.09641807    1.79871496    1.92057950    1.88892822    1.86224821    2.11187181    1.76883625    1.69671118    2.25605101    2.38313960    2.58142251    2.52719570    2.62321763    2.39983798    2.50879675    2.50493835    2.48054353    2.56763188    2.72829927    3.08043557    2.70503350    2.88339819    2.30594026    2.72762002    3.03084729    2.68242196    3.13402793    3.19055319    2.48716666    2.74202059    2.78682643    2.57351346    2.61364272
F0XJL3_GROCL/306-477     2.90874329    2.41460500    2.13814459    1.82402616    1.89697306    1.86427582    2.01545852    1.86686452    1.72727929    2.03071600    1.74837936    1.86003655    1.68180014    1.57567657    1.91618881    1.89413217    2.02820567    1.82804481    2.08399270    1.78179208    2.11215607    2.28353245    0.00000000    0.96789531    1.15097773    1.15697718    1.14515410    0.98671828    1.21391132    1.20289044    1.05165753    1.13974164    1.11070157    1.10272102    1.26742282    1.45120601    1.54424440    1.29048064    1.21426106    1.14845659    1.09522018    1.09728047    1.11953855    1.09279285    1.25200184    1.30006682    1.25294513    1.25632610    1.26076850    1.10779794    1.18790647    1.18345555    1.17383892    1.09854997    1.12022158    1.11848514    0.99795470    1.19218525    1.06504154    1.06746227    1.11278584    1.24623931    1.80581448    2.87698938    2.12415544    2.01040732    2.25002558    2.18139204    2.21573124    2.31351206    2.14376728    2.14243914    2.84297271    2.88150585    3.14003146    3.43272365    2.87400096    3.36952672    2.94719765    3.28757125    2.74908840    3.07369321    3.02104762    3.30713470    3.37284927    3.28620978    2.86754416    3.40107337    3.34095052    2.98963162    3.27359718    3.29201188    3.19083071    3.42034819    3.38031673    3.42090581    3.03140040
S3C6V2_OPHP1/526-691     2.79667593    2.39230493    1.92418894    1.74976049    1.85030282    1.78302256    2.02819305    1.85986415    1.58290733    2.26755107    1.94964176    2.12779750    1.92832562    1.76738629    2.22652032    1.95591704    2.07014956    2.03742728    2.09259291    1.85189754    2.19450054    2.23696222    0.96789531    0.00000000    0.70968209    0.89165014    0.85965928    0.80438270    1.03160397    0.94629900    0.90818018    0.81642732    0.78166270    0.71559084    0.93578177    1.10054848    1.15894900    1.02185051    0.90434478    0.78913612    0.87603636    0.85305594    0.77630174    0.81739242    1.04374420    1.16043203    1.02947253    1.07386500    1.17319674    0.79486112    0.88558713    0.84396318    0.78283550    0.77770229    0.78006279    0.76443879    0.73341010    0.82329625    0.73401031    0.81622886    0.67063910    0.77521781    1.70209873    2.35431456    1.85436107    1.85215333    2.02670109    2.00918955    2.06672221    2.23790999    2.02168933    1.99117936    2.65803363    2.75744561    2.85847575    2.99061154    2.85800336    3.22330060    3.04937045    3.09338655    2.97541926    2.97398513    2.88352971    3.09625982    3.21927315    3.35130279    2.82156487    3.43170446    3.64237607    2.94297913    3.04066598    3.08788013    3.20840104    3.33244966    3.14804137    3.30602699    3.31604890
U7PY54_SPOS1/488-659     2.95462621    2.39181194    2.07510537    1.89423039    2.08714387    1.91607761    2.14923838    1.94869515    1.88805647    2.41292792    2.12122924    2.17466677    2.18026552    1.93977758    2.27294430    2.37048148    2.28135680    2.31676172    2.25847109    2.06249688    2.18914980    2.41360165    1.15097773    0.70968209    0.00000000    0.80015765    0.87216293    0.65349464    0.81296749    0.80605373    0.94371023    0.78269579    0.70222425    0.65419056    0.89776090    0.87569491    0.97674812    1.05708649    0.99631769    0.84767665    0.78226955    0.76591766    0.80447247    0.88231270    1.04557516    1.01922060    1.08971872    1.00756848    1.06399908    0.67785835    0.85450492    0.76598168    0.82401972    0.73523737    0.68697182    0.68298740    0.62873155    0.63022480    0.64864554    0.60591047    0.60764767    0.73641411    1.98152354    2.54617717    1.90921652    2.24049475    2.31899784    2.00668323    2.03117984    2.26431449    1.98302429    2.06057458    2.72949026    2.90615057    3.04516989    3.41682096    2.92437202    3.20167038    3.16170714    3.11290507    2.86263841    3.00845662    3.00646131    3.15463341    3.20909162    3.31656340    2.78230774    3.55572749    3.74842851    3.32002814    3.20477920    3.37103140    3.29512449    3.39391545    3.46122389    3.33167159    3.34017318
G2R8D8_THETT/291-505     2.94281086    2.27920226    2.02228177    1.79742362    1.89269961    1.75818793    2.13450463    1.93180886    1.66752316    2.52959632    2.10847288    2.28632540    2.11807985    2.00973378    2.37742580    2.36825378    2.30674483    2.33124870    2.34978204    1.96761348    2.08656667    2.02533257    1.15697718    0.89165014    0.80015765    0.00000000    0.63104766    0.54930720    0.80987513    0.84614202    0.96782165    0.97793625    0.74935728    0.80525149    1.13936259    0.88092118    1.20076039    1.24215171    1.00184951    0.66587468    0.72190742    0.75310892    0.63363301    0.68668830    0.91170913    1.37384092    0.89098534    0.92570742    0.86949649    0.74951357    0.96555308    0.78889281    0.92365255    0.87700911    0.85051230    0.79754993    0.78953135    0.72656420    0.65457996    0.65471257    0.69196536    0.67674450    2.00687507    2.37188114    1.82776900    1.78509541    2.18964130    2.02192586    2.04147556    2.07808835    2.00451312    2.08678514    2.65333927    2.93244367    2.86802208    3.22266385    2.59002416    3.23377042    3.07037933    3.08760319    2.76258708    2.94233440    2.93475210    3.18528728    2.95501462    3.34413732    2.59703017    3.45233417    3.34608931    3.01006926    3.29512285    3.29775866    3.34634093    3.28194703    3.17491019    3.34414837    3.23405590
Q2GQA2_CHAGB/16-192     2.81039862    2.36334943    1.85469786    1.64301586    1.75517893    1.62613688    1.98149394    1.64323215    1.53332871    2.45668715    2.12579990    2.36643962    2.12167139    1.96172675    2.19556676    2.22393524    2.19183931    2.13941321    2.10344331    1.95726927    2.16531669    2.14993448    1.14515410    0.85965928    0.87216293    0.63104766    0.00000000    0.38775618    0.95341929    0.78153453    0.93247863    1.03860103    0.78648098    0.83603163    1.15463718    1.13942544    1.35037963    1.19153133    1.11143354    0.86112471    0.83890368    0.86667990    0.79737976    0.87279403    1.15034062    1.31252878    1.27788060    1.15251534    1.08796944    0.90307251    0.89163058    0.78389231    1.01986224    0.96194697    0.81403354    0.81564609    0.86481744    0.82971105    0.69329659    0.74969463    0.72209919    0.80374331    1.76223382    2.52849744    1.82414758    1.79968795    1.96564610    1.91310527    1.92228298    2.13980270    1.93665998    1.88900357    2.68618424    2.67947390    2.99828468    3.50117579    2.61887842    3.26628614    3.23331253    3.21557607    3.01631669    2.91610050    2.92094418    3.48729980    3.19197408    3.12468582    2.76781542    3.84237680    3.70148646    3.15050672    3.11746561    3.18586956    3.42975707    3.30323147    3.55400684    3.31363508    3.31599755
G2QJP6_MYCTT/438-606     2.81579490    2.25002190    1.86314309    1.62078469    1.70344529    1.58733697    1.82790219    1.53654997    1.61807004    2.37619712    2.00708603    2.21029163    1.98470033    1.82226194    2.14792335    2.08881188    2.11356631    2.03166200    2.14141733    1.86929460    2.07575414    1.89721439    0.98671828    0.80438270    0.65349464    0.54930720    0.38775618    0.00000000    0.75289163    0.71224274    0.84873278    0.86936064    0.67491312    0.67994718    0.93510436    0.99556635    1.03215329    0.96120917    0.91119492    0.71450852    0.71609974    0.74383397    0.66563790    0.75985610    0.94482620    1.00883208    0.89819423    1.01817682    1.02732142    0.70959286    0.93492800    0.66206043    0.79794925    0.68558457    0.71227931    0.78215003    0.68577063    0.72888025    0.58052353    0.64993069    0.65516207    0.69201160    1.86609979    2.48868278    1.74579348    1.79799095    1.99313996    1.74094496    1.73413267    1.86297197    1.79754765    1.83287278    2.46867452    2.63819501    2.73064233    3.14715898    2.56535921    2.99706465    2.94939001    2.98938758    2.73722942    2.82869320    2.76007146    3.20467271    3.12546570    3.05601198    2.52369804    3.46429072    3.45518198    2.89498321    3.06647105    3.05800914    3.22458519    3.21457839    3.23020459    3.06308946    3.04833676
