20
B8M667_TALSN/635-747     0.00000000    1.18833056    1.48906174    1.59112988    1.60063329    1.35432502    1.39743032    1.35320870    1.31430605    1.14325688    1.09260029    1.88617303    1.88223668    1.68966753    2.11117009    1.74728749    1.86753065    2.42662239    2.01869736    1.71521717
B6HPF7_PENRW/601-698     1.18833056    0.00000000    0.94277192    0.86786124    1.22734134    1.23364334    1.23127163    0.89192546    0.70224674    0.76337952    0.84924823    1.38057492    1.26030730    1.63856832    2.14252824    1.74733748    1.52753817    2.12404382    1.93305340    1.18565123
C5GDL1_AJEDR/668-779     1.48906174    0.94277192    0.00000000    0.36368299    0.87311590    0.81084754    0.76752816    0.99340912    1.10491063    0.96773457    0.80402975    1.81378455    1.55504235    1.72107925    2.24916507    1.92781055    1.97884464    2.24344683    1.54355599    1.22108162
F0UW95_AJEC8/658-769     1.59112988    0.86786124    0.36368299    0.00000000    0.86289643    0.88745264    0.86793426    1.01957119    1.02132554    0.89747650    0.78291901    1.82656600    1.51162817    1.81227794    2.34338313    1.88029533    1.86812572    2.14821986    1.65307376    1.36857890
J3KMA5_COCIM/635-736     1.60063329    1.22734134    0.87311590    0.86289643    0.00000000    0.86672181    0.89450350    1.05357751    1.02014118    0.93921824    0.85079396    1.95327360    1.66922613    1.67291133    2.26875481    1.96158405    2.11905778    2.61887842    1.99101125    1.33870495
D4AZD0_ARTBC/619-715     1.35432502    1.23364334    0.81084754    0.88745264    0.86672181    0.00000000    0.20105058    1.03849261    1.18217822    0.94120100    0.91354363    1.82313232    1.67590429    1.51713830    2.12211600    1.95491379    1.67032525    2.13460787    1.82811294    1.36062474
E4US35_ARTGP/619-715     1.39743032    1.23127163    0.76752816    0.86793426    0.89450350    0.20105058    0.00000000    0.93481550    1.12207196    0.92442645    0.89876634    2.03057094    1.78920555    1.50894340    2.06326349    2.01063790    1.72220603    2.18687697    1.82383101    1.33907514
V5FWC4_BYSSN/623-724     1.35320870    0.89192546    0.99340912    1.01957119    1.05357751    1.03849261    0.93481550    0.00000000    0.61471977    0.66402724    0.73737848    1.73237170    1.39642431    1.47578689    2.19557038    2.11362043    1.94323144    2.57872547    2.02503651    1.35358491
S7ZRM5_PENO1/600-697     1.31430605    0.70224674    1.10491063    1.02132554    1.02014118    1.18217822    1.12207196    0.61471977    0.00000000    0.55870474    0.69315190    1.25371003    1.18809537    1.26620507    1.98266457    2.11725100    1.80469844    2.44932889    2.01094471    0.95959645
Q4WLA9_ASPFU/601-698     1.14325688    0.76337952    0.96773457    0.89747650    0.93921824    0.94120100    0.92442645    0.66402724    0.55870474    0.00000000    0.51378594    1.44217137    1.20356109    1.30493140    1.96416963    1.86846212    1.67509087    2.28353201    2.05908289    0.92644797
Q2TY38_ASPOR/189-282     1.09260029    0.84924823    0.80402975    0.78291901    0.85079396    0.91354363    0.89876634    0.73737848    0.69315190    0.51378594    0.00000000    1.38991672    1.20824803    1.20928981    2.19458141    2.12441547    1.92815351    2.42042306    1.80498433    0.98868550
B2WNL2_PYRTR/640-741     1.88617303    1.38057492    1.81378455    1.82656600    1.95327360    1.82313232    2.03057094    1.73237170    1.25371003    1.44217137    1.38991672    0.00000000    0.74294375    1.84589238    1.93281273    1.87071927    2.00449279    3.29277399    1.99945237    1.54058351
E5AFE8_LEPMJ/640-807     1.88223668    1.26030730    1.55504235    1.51162817    1.66922613    1.67590429    1.78920555    1.39642431    1.18809537    1.20356109    1.20824803    0.74294375    0.00000000    1.44338945    1.83249101    1.80810836    2.09564425    2.60668782    1.77260216    1.50164464
S8C9W9_DACHA/770-875     1.68966753    1.63856832    1.72107925    1.81227794    1.67291133    1.51713830    1.50894340    1.47578689    1.26620507    1.30493140    1.20928981    1.84589238    1.44338945    0.00000000    1.68358742    1.37518278    1.50511527    2.58965399    1.69045684    1.47635973
A7SCK9_NEMVE/508-597     2.11117009    2.14252824    2.24916507    2.34338313    2.26875481    2.12211600    2.06326349    2.19557038    1.98266457    1.96416963    2.19458141    1.93281273    1.83249101    1.68358742    0.00000000    1.62711984    1.92197868    2.73176082    2.54661079    2.20416064
B0D664_LACBS/674-776     1.74728749    1.74733748    1.92781055    1.88029533    1.96158405    1.95491379    2.01063790    2.11362043    2.11725100    1.86846212    2.12441547    1.87071927    1.80810836    1.37518278    1.62711984    0.00000000    0.55966510    2.51640326    1.85752787    2.31719268
V2XZB1_MONRO/630-728     1.86753065    1.52753817    1.97884464    1.86812572    2.11905778    1.67032525    1.72220603    1.94323144    1.80469844    1.67509087    1.92815351    2.00449279    2.09564425    1.50511527    1.92197868    0.55966510    0.00000000    2.26991301    1.75776150    2.34750278
C5DBG2_LACTC/480-570     2.42662239    2.12404382    2.24344683    2.14821986    2.61887842    2.13460787    2.18687697    2.57872547    2.44932889    2.28353201    2.42042306    3.29277399    2.60668782    2.58965399    2.73176082    2.51640326    2.26991301    0.00000000    1.63591659    2.25938279
C4QWA4_KOMPG/585-676     2.01869736    1.93305340    1.54355599    1.65307376    1.99101125    1.82811294    1.82383101    2.02503651    2.01094471    2.05908289    1.80498433    1.99945237    1.77260216    1.69045684    2.54661079    1.85752787    1.75776150    1.63591659    0.00000000    1.59755643
K2S8J2_MACPH/880-1033     1.71521717    1.18565123    1.22108162    1.36857890    1.33870495    1.36062474    1.33907514    1.35358491    0.95959645    0.92644797    0.98868550    1.54058351    1.50164464    1.47635973    2.20416064    2.31719268    2.34750278    2.25938279    1.59755643    0.00000000

