17
F9Z8A2_ODOSD/30-444     0.00000000    0.79021844    1.05798243    0.91228559    1.08204567    1.04977889    0.93205352    1.51715371    1.93684412    1.80123552    1.83471987    1.60740091    1.66585581    2.15802029    1.96751366    1.81922788    1.92787979
A0A0A2LKQ2_9FLAO/28-442     0.79021844    0.00000000    0.84534356    0.70463914    0.74327566    0.73313090    0.96468111    1.46448155    2.09384762    1.86006517    1.78338306    1.64289412    1.78660038    2.23918746    1.87113876    1.80051636    1.91875649
I3C187_9FLAO/30-445     1.05798243    0.84534356    0.00000000    0.92307280    1.07716494    0.98386629    1.09076504    1.76735612    2.24908239    2.18028640    2.00656765    1.90292907    2.06025338    2.48943452    2.12841511    2.10137217    2.08664808
F0P0N8_WEEVC/32-448     0.91228559    0.70463914    0.92307280    0.00000000    0.75229618    0.75677132    1.01319328    1.54183712    2.32932722    1.96767393    1.78941905    1.79684039    1.86932617    2.22895895    2.09378906    1.85776459    1.94072153
H1Z7V6_MYROD/28-445     1.08204567    0.74327566    1.07716494    0.75229618    0.00000000    0.57678700    1.16993965    1.75463259    2.26488358    2.04324545    1.89872753    1.80679999    1.85729942    2.18004832    2.11542755    2.02595255    2.11780543
L0G5X8_ECHVK/30-443     1.04977889    0.73313090    0.98386629    0.75677132    0.57678700    0.00000000    1.14382115    1.69516364    1.95517894    2.07073811    1.89069845    1.73816281    1.83208525    2.33754277    2.09897826    1.92451171    2.02033562
R7CY11_9BACE/30-432     0.93205352    0.96468111    1.09076504    1.01319328    1.16993965    1.14382115    0.00000000    1.50939945    1.99500106    1.98346188    1.96441732    1.82129434    1.77335493    2.30216240    2.15840236    1.80174064    1.93906295
A0A0U3J5X1_9FLAO/27-438     1.51715371    1.46448155    1.76735612    1.54183712    1.75463259    1.69516364    1.50939945    0.00000000    2.21446742    2.03432968    1.97511548    2.02211621    1.69061547    2.14120475    1.89311069    1.76937265    1.79450496
A0A0B7HAI0_9FLAO/33-504     1.93684412    2.09384762    2.24908239    2.32932722    2.26488358    1.95517894    1.99500106    2.21446742    0.00000000    1.95278846    1.89095824    1.88339361    1.98231824    2.11289960    1.95125203    2.09266747    2.27094381
A0A0P0NMI7_9SPHI/29-441     1.80123552    1.86006517    2.18028640    1.96767393    2.04324545    2.07073811    1.98346188    2.03432968    1.95278846    0.00000000    1.32623028    1.34198349    1.36594620    1.91221033    1.76124577    1.74302331    1.66614815
F4KTI4_HALH1/36-451     1.83471987    1.78338306    2.00656765    1.78941905    1.89872753    1.89069845    1.96441732    1.97511548    1.89095824    1.32623028    0.00000000    1.09179450    1.47929742    1.73170440    1.83526732    1.75500781    1.82165685
A0A150WYV9_ROSEK/40-455     1.60740091    1.64289412    1.90292907    1.79684039    1.80679999    1.73816281    1.82129434    2.02211621    1.88339361    1.34198349    1.09179450    0.00000000    1.45738784    1.81922467    1.84318612    1.75165792    1.79921675
H6L350_SAPGL/26-457     1.66585581    1.78660038    2.06025338    1.86932617    1.85729942    1.83208525    1.77335493    1.69061547    1.98231824    1.36594620    1.47929742    1.45738784    0.00000000    1.51416136    1.51093131    1.29440539    1.27528732
A0A0C1FVU7_9FLAO/30-453     2.15802029    2.23918746    2.48943452    2.22895895    2.18004832    2.33754277    2.30216240    2.14120475    2.11289960    1.91221033    1.73170440    1.81922467    1.51416136    0.00000000    1.19003146    1.16354175    1.25180159
A0A090VFA1_9FLAO/19-434     1.96751366    1.87113876    2.12841511    2.09378906    2.11542755    2.09897826    2.15840236    1.89311069    1.95125203    1.76124577    1.83526732    1.84318612    1.51093131    1.19003146    0.00000000    1.00905091    1.00121355
A0A0Q5T7Y3_9BACT/28-454     1.81922788    1.80051636    2.10137217    1.85776459    2.02595255    1.92451171    1.80174064    1.76937265    2.09266747    1.74302331    1.75500781    1.75165792    1.29440539    1.16354175    1.00905091    0.00000000    0.80832610
F4CD62_SPHS2/34-449     1.92787979    1.91875649    2.08664808    1.94072153    2.11780543    2.02033562    1.93906295    1.79450496    2.27094381    1.66614815    1.82165685    1.79921675    1.27528732    1.25180159    1.00121355    0.80832610    0.00000000

