34
C7LRL3_DESBD/132-162     0.00000000    1.15555146    1.65480467    1.33340929    1.14658110    2.07872574    2.23324251    2.02374350    1.92536210    1.38913652    1.35209417    1.64101782    1.06405882    1.56879928    0.86065227    0.85213529    1.09426858    1.55215990    1.22719879    1.53602432    1.46059995    2.01629621    2.26962055    1.32937151    1.48168414    1.52718430    1.35922024    1.66360211    1.44311964    0.85466761    1.51427517    1.59315574    1.09090097    1.44191706
E6W174_DESIS/134-161     1.15555146    0.00000000    1.53714541    1.18685721    1.26442205    1.51310481    1.76319331    1.49680779    1.51176580    1.06498336    1.50189085    1.17863509    1.16458635    1.16775462    1.34338947    1.25423846    1.45893716    1.81755549    1.90046787    1.73581060    1.66056285    2.45688885    2.66090849    1.16045093    1.09217215    1.18733090    1.39121098    1.63892400    1.41336471    1.43850100    1.24632128    1.83240446    1.30231721    1.29604256
CITT_BACHD/136-165     1.65480467    1.53714541    0.00000000    1.66878912    1.35213771    1.47894270    1.33617973    1.79472633    1.57500515    1.64089130    1.62505973    1.94594963    1.57276872    1.31454693    1.78847814    1.11872072    1.24700832    1.66627553    1.10414242    1.66678209    1.46851875    2.41331472    1.78201395    1.72425746    1.41944505    1.81296082    1.91601300    2.60048427    1.71205468    1.38895188    1.23937766    1.72684436    1.87587448    2.31394888
F8E4W7_FLESM/135-163     1.33340929    1.18685721    1.66878912    0.00000000    0.79863418    1.30600529    1.47656290    1.58833420    1.49457617    1.77799198    1.06108471    1.64505933    1.74609845    1.78156706    1.59605608    1.30716370    1.20468335    1.20475301    1.22714898    1.32998039    1.38388151    1.35246088    1.16343689    1.43895842    1.21332898    1.43030337    1.69831392    1.90922438    1.41174658    1.20422947    1.28029448    1.64664324    1.19562582    1.33498136
Q9KTU7_VIBCH/134-162     1.14658110    1.26442205    1.35213771    0.79863418    0.00000000    0.80844495    0.87780565    1.22904951    0.97095039    1.39563404    0.29735510    1.95810036    1.30194416    1.15541732    1.37961839    1.12988747    0.99742129    1.37742964    1.34007086    1.15073121    0.92751105    1.59036350    1.33486971    1.29712945    1.04732733    1.34936229    1.81440188    2.32601181    1.73920668    1.32292902    1.49811641    1.98595704    1.80528710    1.86493867
Q8ZRY6_SALTY/133-163     2.07872574    1.51310481    1.47894270    1.30600529    0.80844495    0.00000000    0.35743274    0.77439564    1.25023189    0.98799948    0.80739069    2.21323726    1.68905814    2.10126611    2.74286879    1.83450255    1.45552373    1.67009201    1.75443502    1.38677919    1.46988233    2.81384318    2.41510980    1.57872228    1.68651309    2.43826063    2.20215148    2.74360084    2.25541800    2.10114820    2.34354227    2.64087456    1.81479711    2.23486715
A6T4G7_KLEP7/136-165     2.23324251    1.76319331    1.33617973    1.47656290    0.87780565    0.35743274    0.00000000    0.99233320    1.24695327    1.14954468    0.87877031    2.26778283    1.74049740    1.72311285    2.30557995    1.47254959    1.62981935    1.55612069    1.59123832    1.54181682    1.11232876    2.57350360    2.55518280    1.53015209    1.69541967    2.45145747    2.43406988    2.63622231    2.23788678    1.85845564    1.99078338    2.38078548    1.98777792    2.46842547
H2IT25_RAHAC/136-164     2.02374350    1.49680779    1.79472633    1.58833420    1.22904951    0.77439564    0.99233320    0.00000000    0.38793557    0.52168149    1.26473548    2.70030699    1.87026283    1.33868953    2.05249926    1.67004901    1.75782957    1.83627678    2.29648279    2.29185031    2.63950716    3.54939159    2.68681351    1.45039631    1.95779272    2.27172914    2.19307277    2.85103715    2.25279502    2.21012299    2.20242823    2.40480269    1.95580997    2.38514196
I2B5G7_SHIBC/135-162     1.92536210    1.51176580    1.57500515    1.49457617    0.97095039    1.25023189    1.24695327    0.38793557    0.00000000    0.51356821    1.13131688    2.48472064    1.79471126    1.18016752    1.90185961    1.69730320    1.61917267    1.86372322    2.27360483    1.87297102    1.85968607    2.02437023    2.13000127    1.29133185    1.85506534    2.28294695    2.25778481    2.36851415    1.90325952    2.13360836    2.01228037    2.58086398    2.28607344    2.37034800
Q6D416_PECAS/136-164     1.38913652    1.06498336    1.64089130    1.77799198    1.39563404    0.98799948    1.14954468    0.52168149    0.51356821    0.00000000    1.31238422    1.94154582    1.62915484    1.38189152    1.41324299    1.42220329    1.31311340    1.65473848    2.10874015    1.75152201    2.16667980    2.28012732    3.10348637    1.13286626    1.73580691    1.97951723    1.83777941    2.43981202    1.77223344    1.54242894    2.10627378    2.08452780    1.70574048    1.98757823
Q6LPT9_PHOPR/128-156     1.35209417    1.50189085    1.62505973    1.06108471    0.29735510    0.80739069    0.87877031    1.26473548    1.13131688    1.31238422    0.00000000    1.81802161    1.74028376    1.25438375    1.66832107    1.44906504    1.38335045    1.44379441    1.60722776    1.30147320    0.98803216    1.55454039    1.68951962    1.15903842    1.45779604    1.65927325    1.73787980    2.27661025    1.73294081    0.89980593    1.59876135    1.96965933    1.38221640    1.78518190
Q5WKA0_BACSK/135-171     1.64101782    1.17863509    1.94594963    1.64505933    1.95810036    2.21323726    2.26778283    2.70030699    2.48472064    1.94154582    1.81802161    0.00000000    2.39330661    1.72800295    1.17019730    1.51317727    2.02455701    2.64991627    2.59764960    1.95444123    1.49844682    2.44642684    2.73189502    2.01171565    2.56842732    2.34566023    2.31283688    2.44644014    2.84621674    1.59120214    1.21870203    2.03140745    1.70179365    1.84765013
A0KL18_AERHH/131-159     1.06405882    1.16458635    1.57276872    1.74609845    1.30194416    1.68905814    1.74049740    1.87026283    1.79471126    1.62915484    1.74028376    2.39330661    0.00000000    1.08979218    1.58797719    1.32852330    0.92094013    0.92880769    1.27712582    1.15140182    1.61011145    2.00312990    1.64306842    1.12669731    1.47644715    1.52881078    1.20963125    1.53280851    1.10760135    1.00134313    1.49381224    1.75869940    0.97021642    1.18713584
Q5WJA4_BACSK/130-159     1.56879928    1.16775462    1.31454693    1.78156706    1.15541732    2.10126611    1.72311285    1.33868953    1.18016752    1.38189152    1.25438375    1.72800295    1.08979218    0.00000000    1.49843964    1.07613262    0.91260657    1.34398455    1.73174305    1.41122154    1.79294856    1.55392895    1.56695782    1.11045360    1.59690527    1.39066753    1.45157991    2.09927964    1.76453481    1.17289432    1.31091707    1.42503418    1.33677242    1.52083823
E1V8E3_HALED/132-159     0.86065227    1.34338947    1.78847814    1.59605608    1.37961839    2.74286879    2.30557995    2.05249926    1.90185961    1.41324299    1.66832107    1.17019730    1.58797719    1.49843964    0.00000000    1.01085024    1.34949371    1.56963253    1.81621511    1.80314412    1.07103732    1.56093891    1.52167123    1.62544963    1.49522817    1.84028777    1.82916377    1.41508171    1.70479562    1.15706986    1.24198210    1.07039022    1.51189852    1.92246096
H6NHI1_9BACL/137-169     0.85213529    1.25423846    1.11872072    1.30716370    1.12988747    1.83450255    1.47254959    1.67004901    1.69730320    1.42220329    1.44906504    1.51317727    1.32852330    1.07613262    1.01085024    0.00000000    0.93053291    1.41588232    1.28218210    1.59811752    1.42168393    1.72229065    1.86352168    1.23632355    1.18570993    1.29512578    1.64641042    1.63356350    2.08195604    1.01121170    1.06392304    1.33092578    1.29931054    1.32306226
C0Z7C4_BREBN/135-169     1.09426858    1.45893716    1.24700832    1.20468335    0.99742129    1.45552373    1.62981935    1.75782957    1.61917267    1.31311340    1.38335045    2.02455701    0.92094013    0.91260657    1.34949371    0.93053291    0.00000000    1.02965691    1.06765322    1.48909266    1.51269302    1.72591623    1.47615575    0.99268303    1.12716888    1.32161262    1.04022978    1.70682639    1.23208600    1.05170133    1.21873008    1.09436971    1.02388248    1.24570499
G2TR77_BACCO/133-163     1.55215990    1.81755549    1.66627553    1.20475301    1.37742964    1.67009201    1.55612069    1.83627678    1.86372322    1.65473848    1.44379441    2.64991627    0.92880769    1.34398455    1.56963253    1.41588232    1.02965691    0.00000000    0.82373155    1.31097867    1.41862127    1.30137683    1.20605515    0.96538431    1.44587838    1.35360431    1.16923387    1.25438943    1.18993328    1.00121066    1.54692593    1.38918426    1.10159264    1.53751784
Q3IJW8_PSET1/25-53     1.22719879    1.90046787    1.10414242    1.22714898    1.34007086    1.75443502    1.59123832    2.29648279    2.27360483    2.10874015    1.60722776    2.59764960    1.27712582    1.73174305    1.81621511    1.28218210    1.06765322    0.82373155    0.00000000    0.91084290    1.48615916    1.08268658    1.03364566    1.45302515    1.20491164    1.06064325    1.19402745    1.78294709    1.36096171    1.06489987    1.27511277    1.49158934    1.18572552    1.20509116
K0C7M2_ALCDB/132-167     1.53602432    1.73581060    1.66678209    1.32998039    1.15073121    1.38677919    1.54181682    2.29185031    1.87297102    1.75152201    1.30147320    1.95444123    1.15140182    1.41122154    1.80314412    1.59811752    1.48909266    1.31097867    0.91084290    0.00000000    0.96871324    1.18743932    1.18887778    1.16856816    1.36765373    1.38194232    1.28128049    1.98220794    1.53814091    1.13786256    1.19139062    1.59876591    0.96372955    1.24560691
A8AJI5_CITK8/134-162     1.46059995    1.66056285    1.46851875    1.38388151    0.92751105    1.46988233    1.11232876    2.63950716    1.85968607    2.16667980    0.98803216    1.49844682    1.61011145    1.79294856    1.07103732    1.42168393    1.51269302    1.41862127    1.48615916    0.96871324    0.00000000    0.92259172    1.19796166    1.21357827    1.08940636    1.74104239    1.49497016    2.04601491    2.04829417    1.34880185    1.70847502    1.89652054    1.88369942    1.57012193
Q65P28_BACLD/131-160     2.01629621    2.45688885    2.41331472    1.35246088    1.59036350    2.81384318    2.57350360    3.54939159    2.02437023    2.28012732    1.55454039    2.44642684    2.00312990    1.55392895    1.56093891    1.72229065    1.72591623    1.30137683    1.08268658    1.18743932    0.92259172    0.00000000    0.40618507    1.28080463    1.72154121    1.70941735    1.79237703    1.37857570    1.64849749    1.09996330    1.93145023    1.75867306    2.05158228    1.18973200
CITT_BACSU/131-160     2.26962055    2.66090849    1.78201395    1.16343689    1.33486971    2.41510980    2.55518280    2.68681351    2.13000127    3.10348637    1.68951962    2.73189502    1.64306842    1.56695782    1.52167123    1.86352168    1.47615575    1.20605515    1.03364566    1.18887778    1.19796166    0.40618507    0.00000000    1.30296991    1.71481048    1.54937944    2.01435491    1.68108718    1.94506037    1.22293816    1.58311161    1.69562574    2.09049726    1.48212769
Q9KRN2_VIBCH/133-160     1.32937151    1.16045093    1.72425746    1.43895842    1.29712945    1.57872228    1.53015209    1.45039631    1.29133185    1.13286626    1.15903842    2.01171565    1.12669731    1.11045360    1.62544963    1.23632355    0.99268303    0.96538431    1.45302515    1.16856816    1.21357827    1.28080463    1.30296991    0.00000000    1.05316340    0.89228376    0.53087304    1.60719776    1.51715929    0.91007146    1.60413396    2.13360883    1.42880318    1.30888328
B7VN90_VIBA3/134-164     1.48168414    1.09217215    1.41944505    1.21332898    1.04732733    1.68651309    1.69541967    1.95779272    1.85506534    1.73580691    1.45779604    2.56842732    1.47644715    1.59690527    1.49522817    1.18570993    1.12716888    1.44587838    1.20491164    1.36765373    1.08940636    1.72154121    1.71481048    1.05316340    0.00000000    0.49746506    0.83543710    2.23246851    1.72451803    1.41971470    1.59009414    2.20935978    1.21698708    1.33623811
Q87P07_VIBPA/134-163     1.52718430    1.18733090    1.81296082    1.43030337    1.34936229    2.43826063    2.45145747    2.27172914    2.28294695    1.97951723    1.65927325    2.34566023    1.52881078    1.39066753    1.84028777    1.29512578    1.32161262    1.35360431    1.06064325    1.38194232    1.74104239    1.70941735    1.54937944    0.89228376    0.49746506    0.00000000    0.76959219    1.95710802    2.02938470    1.04482447    1.66591873    2.24108790    1.13935709    1.38736205
A0A233HDS8_9VIBR/132-161     1.35922024    1.39121098    1.91601300    1.69831392    1.81440188    2.20215148    2.43406988    2.19307277    2.25778481    1.83777941    1.73787980    2.31283688    1.20963125    1.45157991    1.82916377    1.64641042    1.04022978    1.16923387    1.19402745    1.28128049    1.49497016    1.79237703    2.01435491    0.53087304    0.83543710    0.76959219    0.00000000    2.13158676    1.48971733    1.19259214    1.65492181    1.79729926    1.10495645    1.53091535
A0KHN5_AERHH/134-162     1.66360211    1.63892400    2.60048427    1.90922438    2.32601181    2.74360084    2.63622231    2.85103715    2.36851415    2.43981202    2.27661025    2.44644014    1.53280851    2.09927964    1.41508171    1.63356350    1.70682639    1.25438943    1.78294709    1.98220794    2.04601491    1.37857570    1.68108718    1.60719776    2.23246851    1.95710802    2.13158676    0.00000000    0.94080231    1.07509365    1.52820291    2.08879990    1.33771620    2.10085396
Q65LB3_BACLD/133-165     1.44311964    1.41336471    1.71205468    1.41174658    1.73920668    2.25541800    2.23788678    2.25279502    1.90325952    1.77223344    1.73294081    2.84621674    1.10760135    1.76453481    1.70479562    2.08195604    1.23208600    1.18993328    1.36096171    1.53814091    2.04829417    1.64849749    1.94506037    1.51715929    1.72451803    2.02938470    1.48971733    0.94080231    0.00000000    1.22167378    1.50060166    1.54088613    1.05965854    1.34511460
F2K0Q2_MARM1/135-161     0.85466761    1.43850100    1.38895188    1.20422947    1.32292902    2.10114820    1.85845564    2.21012299    2.13360836    1.54242894    0.89980593    1.59120214    1.00134313    1.17289432    1.15706986    1.01121170    1.05170133    1.00121066    1.06489987    1.13786256    1.34880185    1.09996330    1.22293816    0.91007146    1.41971470    1.04482447    1.19259214    1.07509365    1.22167378    0.00000000    0.76085391    1.37893367    0.95904146    1.29387625
H6NKK3_9BACL/142-172     1.51427517    1.24632128    1.23937766    1.28029448    1.49811641    2.34354227    1.99078338    2.20242823    2.01228037    2.10627378    1.59876135    1.21870203    1.49381224    1.31091707    1.24198210    1.06392304    1.21873008    1.54692593    1.27511277    1.19139062    1.70847502    1.93145023    1.58311161    1.60413396    1.59009414    1.66591873    1.65492181    1.52820291    1.50060166    0.76085391    0.00000000    1.28272876    1.00301053    1.83630669
Q03TV3_LACBA/131-162     1.59315574    1.83240446    1.72684436    1.64664324    1.98595704    2.64087456    2.38078548    2.40480269    2.58086398    2.08452780    1.96965933    2.03140745    1.75869940    1.42503418    1.07039022    1.33092578    1.09436971    1.38918426    1.49158934    1.59876591    1.89652054    1.75867306    1.69562574    2.13360883    2.20935978    2.24108790    1.79729926    2.08879990    1.54088613    1.37893367    1.28272876    0.00000000    1.08440894    1.49698595
Q6LNJ2_PHOPR/133-160     1.09090097    1.30231721    1.87587448    1.19562582    1.80528710    1.81479711    1.98777792    1.95580997    2.28607344    1.70574048    1.38221640    1.70179365    0.97021642    1.33677242    1.51189852    1.29931054    1.02388248    1.10159264    1.18572552    0.96372955    1.88369942    2.05158228    2.09049726    1.42880318    1.21698708    1.13935709    1.10495645    1.33771620    1.05965854    0.95904146    1.00301053    1.08440894    0.00000000    1.07855545
A1SVX5_PSYIN/136-165     1.44191706    1.29604256    2.31394888    1.33498136    1.86493867    2.23486715    2.46842547    2.38514196    2.37034800    1.98757823    1.78518190    1.84765013    1.18713584    1.52083823    1.92246096    1.32306226    1.24570499    1.53751784    1.20509116    1.24560691    1.57012193    1.18973200    1.48212769    1.30888328    1.33623811    1.38736205    1.53091535    2.10085396    1.34511460    1.29387625    1.83630669    1.49698595    1.07855545    0.00000000

