60
H6BSG8_EXODN/2353-2385     0.00000000    0.60669392    0.70074712    0.92671886    1.09243283    1.17730127    0.99914358    0.90161372    1.02774696    0.86630596    0.77829795    0.74558981    0.65597847    0.50041628    0.72306263    0.81388579    1.40696029    1.01963743    0.70090262    0.95188106    1.03437817    1.37491889    1.40752123    0.71497091    0.78929058    0.78344976    0.87331471    0.61739152    0.73020670    0.68993564    0.98213240    0.79364364    0.64484405    0.78884178    1.10064256    1.08634438    0.93432818    1.17163421    0.82870019    1.00099171    0.96802477    0.64157351    0.51418905    0.65700990    0.61125538    0.68840118    0.68141769    0.90190775    0.86240853    0.85747061    0.91294261    0.78638478    0.92750515    0.85948439    0.78485232    0.78792730    0.93534457    0.91733900    1.09631359    0.86783787
E9E0E0_METAQ/268-301     0.60669392    0.00000000    0.55583428    0.80270460    0.87496599    0.85221091    0.67448763    0.87396840    0.83507606    0.58666359    0.62286101    0.40672459    0.51381891    0.35164557    0.59748174    0.52283963    1.08345532    0.83362376    0.53776413    0.69743545    1.16859882    1.12264733    1.16534694    0.47547618    0.48115076    0.70134941    0.65646756    0.60597946    0.55311739    0.90776550    1.00855765    0.78627466    0.99840538    0.88539093    0.77292052    0.89940296    1.10519823    1.13573416    0.85643935    0.86117428    0.89123154    0.78268339    0.65543309    0.73810418    0.90687837    0.76122947    0.56244185    0.59742873    0.65163379    0.47680594    0.78841354    0.52758516    0.66476466    0.69100455    0.41992555    0.48513426    0.44085787    0.50850430    0.74924582    0.62807427
S8BIF6_DACHA/2541-2571     0.70074712    0.55583428    0.00000000    0.44072107    0.65952029    0.79296297    0.54719470    0.74299281    0.67109817    0.58286110    0.59236545    0.53070564    0.51321166    0.48005357    0.62346254    0.61460266    1.07972361    0.75826575    0.55545464    0.92382399    1.13131032    0.81326867    1.01734862    0.48525805    0.49264977    0.67734572    0.67691252    0.50016153    0.57859129    0.79218881    0.89806098    0.77992396    0.99248762    0.94942848    0.76313673    0.75786765    0.85010589    0.94691946    0.67684252    0.79830162    0.73349157    0.65364598    0.51087819    0.69377134    0.65967019    0.53017594    0.46565849    0.53295160    0.66047063    0.52938533    0.55010439    0.42557103    0.54874359    0.92812677    0.39746812    0.49616349    0.61004858    0.71725911    0.61625429    0.51762515
F2UGL5_SALR5/3128-3160     0.92671886    0.80270460    0.44072107    0.00000000    0.35911851    0.49563454    0.24646380    0.36700577    0.27878984    0.79688367    0.76093526    0.62288661    0.63384438    0.65302000    0.87242145    0.62530211    0.89139550    0.64631411    0.62308164    0.96292829    1.32598005    1.22227062    1.48611204    0.67745841    0.52640932    0.71169626    0.65069868    0.66324127    0.81615158    0.79720714    1.09516513    0.94369169    0.94832704    0.97780403    0.99449455    0.85978028    0.86358776    0.89340684    0.85278814    0.82150591    0.84591798    0.81879775    0.55405328    0.82217957    0.77343740    0.74724828    0.66700037    0.76201097    1.00370248    0.68206595    0.83206776    0.75934386    0.91708560    0.95171216    0.56395793    0.69643544    0.82902980    0.90180493    0.76394515    0.72963304
A7AUZ6_BABBO/3140-3172     1.09243283    0.87496599    0.65952029    0.35911851    0.00000000    0.25046764    0.39298732    0.51233068    0.36210290    1.00481404    0.92839482    0.72592417    0.83422495    0.64012778    0.89788110    0.75933852    1.03709814    0.71183919    0.60430243    0.92975645    1.60313447    1.48180505    1.63170588    0.69985435    0.64667181    0.89610237    0.88069849    0.79761854    0.94128305    0.66550914    1.14422842    1.05062171    1.14345699    1.06468283    1.01336922    0.69711919    0.82207680    0.82852415    0.92362234    0.87170903    0.74939220    1.08324561    0.63117707    0.90272039    0.77957764    0.90074868    0.69064579    0.77566955    1.28001631    0.78038765    1.03309521    0.83680857    1.01562464    1.00717843    0.68969914    0.79832487    0.94044939    0.97192713    0.83684568    0.76754411
Q4N3Q0_THEPA/3304-3336     1.17730127    0.85221091    0.79296297    0.49563454    0.25046764    0.00000000    0.42638460    0.62197217    0.53950867    1.12490755    1.06411974    0.89621329    0.95247228    0.72103654    1.14921881    0.61451850    0.88052647    0.86084305    0.56199265    1.03377827    1.73804262    1.36582089    1.72540156    0.73058695    0.73251551    1.07864668    1.18707789    1.02331722    1.14358699    0.94068601    1.29932201    1.09578774    1.20439741    1.20110040    1.13344842    0.89656840    1.03159609    1.13292236    1.11372810    1.07413853    0.93080825    1.26849348    0.82511185    1.13972405    1.07161110    0.99326298    0.89636134    0.80162505    1.23093209    0.84120312    1.18926706    0.96126694    1.16866553    0.96754960    0.90448684    0.87562594    0.95072792    1.10038209    0.94557352    0.87491863
D8LRI4_ECTSI/3340-3372     0.99914358    0.67448763    0.54719470    0.24646380    0.39298732    0.42638460    0.00000000    0.27654644    0.24206260    0.75060265    0.71840423    0.62300338    0.59830552    0.56451900    0.86041647    0.55239705    0.77310002    0.56116268    0.58193914    0.78534681    1.33201999    1.43115288    1.55378978    0.80558313    0.57291386    0.93399156    0.77363989    0.71396379    0.79440880    0.85165551    0.95588955    0.91874643    0.93579208    0.94400678    0.96574503    0.95250040    0.97248175    1.02545142    0.87123601    0.82812991    0.89564724    0.73652793    0.58250735    0.87705591    0.81965882    0.64073088    0.66855517    0.73505711    1.01474976    0.63029144    0.91325888    0.67036716    0.95102269    0.99494260    0.57623088    0.68503382    0.81981505    0.83937631    0.69645124    0.65750945
B5YP12_THAPS/3212-3244     0.90161372    0.87396840    0.74299281    0.36700577    0.51233068    0.62197217    0.27654644    0.00000000    0.35830031    0.92948837    0.85069227    0.81313643    0.82133533    0.72154991    0.94103347    0.74525450    0.97016572    0.80791860    0.74219278    0.96828143    1.61915681    1.68843958    1.89063103    0.91202268    0.77073453    1.07765443    0.82782495    0.91531745    0.89595470    0.96002796    1.12983464    1.08643180    1.01718058    1.01364256    1.25994282    0.99578798    1.12409040    1.09522192    0.99600294    0.87524662    1.11331829    1.01764368    0.66291761    0.78266101    0.78956273    0.85041771    0.74001368    0.79347755    1.17988752    0.81134990    0.87224106    0.95783154    1.18332454    1.03343142    0.78854643    0.75014123    0.95775418    1.00577699    0.93420725    0.86468108
C1EDQ4_MICCC/3463-3495     1.02774696    0.83507606    0.67109817    0.27878984    0.36210290    0.53950867    0.24206260    0.35830031    0.00000000    0.81755272    0.77596195    0.64133081    0.68618490    0.58663187    0.89466164    0.61482004    0.86616702    0.63186524    0.58175368    0.83975085    1.55647521    1.65358945    1.71582965    0.81097966    0.56798420    0.92785462    0.77758987    0.70214874    0.76995139    0.69977834    1.10551399    0.90556983    0.89111193    0.82044801    0.96453109    0.90431210    0.94432358    0.99149943    0.90970685    0.85252221    0.86444118    0.82798746    0.63435450    0.93361612    0.80006129    0.76047729    0.71180320    0.76000827    0.93036550    0.58226559    0.94291015    0.76041207    1.00255545    1.03885987    0.56379576    0.70348190    0.80955716    0.82897729    0.76182966    0.64856590
E3S340_PYRTT/150-184     0.86630596    0.58666359    0.58286110    0.79688367    1.00481404    1.12490755    0.75060265    0.92948837    0.81755272    0.00000000    0.31820836    0.26690734    0.58518473    0.49173162    0.51195103    0.48967853    1.23224564    0.90498386    0.71672690    0.73131697    1.35430828    1.10936292    1.32367074    0.51669466    0.54904606    0.62904311    0.71877365    0.49429586    0.63716340    0.90227118    1.05351265    0.82281227    1.15469040    1.18199411    0.82694238    0.84660508    1.17893713    1.12679725    0.88941943    1.01233547    0.93759418    0.80922883    0.61470836    0.73996520    0.94463720    0.80828928    0.66290836    0.54481381    0.84578247    0.59344336    0.72883815    0.53283900    0.72528691    0.89144740    0.43277597    0.53722327    0.62164456    0.66492995    0.64030332    0.67296945
B2VSK2_PYRTR/92-127     0.77829795    0.62286101    0.59236545    0.76093526    0.92839482    1.06411974    0.71840423    0.85069227    0.77596195    0.31820836    0.00000000    0.26568362    0.51559079    0.48552523    0.52666145    0.55402484    1.15513713    0.70415968    0.63069016    0.71826405    1.39184370    1.09572336    1.26423224    0.44476630    0.47903181    0.42152831    0.47922467    0.42336298    0.67342899    0.83721844    1.15577435    0.84552844    1.11270115    1.23084154    0.87648526    0.88495055    1.20491498    1.03880305    0.81972950    1.01698379    0.97811853    0.67305473    0.56300969    0.79421259    0.87026205    0.68981529    0.64103970    0.47209330    0.81477858    0.47457936    0.62309718    0.50184100    0.68610314    0.80244305    0.45461462    0.53155880    0.60743522    0.68062818    0.66929387    0.58648037
M2TP57_COCH5/2373-2408     0.74558981    0.40672459    0.53070564    0.62288661    0.72592417    0.89621329    0.62300338    0.81313643    0.64133081    0.26690734    0.26568362    0.00000000    0.33448544    0.27748567    0.33343532    0.36442316    1.03252437    0.53521867    0.42039705    0.51140243    1.17739612    0.98282763    1.13500723    0.32136917    0.30782243    0.35490476    0.40845744    0.32693126    0.48625670    0.62676327    0.94430302    0.64191093    0.88136768    0.98714551    0.60558309    0.73063624    0.95443285    0.82391059    0.64496031    0.81866648    0.74446940    0.54759332    0.44244609    0.67125488    0.70644131    0.57974129    0.44530567    0.36110950    0.59887015    0.32578634    0.52263269    0.27918810    0.50372280    0.55071922    0.24960890    0.31916615    0.40912256    0.44918934    0.44207108    0.38802403
J3PID1_GAET3/479-514     0.65597847    0.51381891    0.51321166    0.63384438    0.83422495    0.95247228    0.59830552    0.82133533    0.68618490    0.58518473    0.51559079    0.33448544    0.00000000    0.23788960    0.24683983    0.41141770    0.86398023    0.53160071    0.44468220    0.56312864    1.00742696    1.05850778    1.17700403    0.40859850    0.37069941    0.45073945    0.47638498    0.46990749    0.60921663    0.70776421    0.88041306    0.79594243    0.93097244    0.96977313    0.67251490    0.89626066    0.92644703    0.92027814    0.63560425    0.87949338    0.78739579    0.42796807    0.50321248    0.70871762    0.69184985    0.53951123    0.43882814    0.47188839    0.47437961    0.28960043    0.49928705    0.29736052    0.44953524    0.57684355    0.27009903    0.39596291    0.46893963    0.46921881    0.51123763    0.47187088
F9X8T2_ZYMTI/2273-2306     0.50041628    0.35164557    0.48005357    0.65302000    0.64012778    0.72103654    0.56451900    0.72154991    0.58663187    0.49173162    0.48552523    0.27748567    0.23788960    0.00000000    0.21307857    0.31106190    0.81503522    0.47799852    0.36256158    0.55653637    0.91402997    1.05264667    1.07202036    0.30048060    0.34323875    0.42583042    0.47241385    0.35425016    0.51727169    0.60673187    0.76889988    0.53913445    0.65544861    0.80805823    0.61871492    0.68581393    0.79535287    0.81654363    0.47876722    0.72311319    0.57319201    0.47089214    0.48708915    0.68609858    0.56420943    0.51605293    0.35611603    0.35879807    0.42863301    0.28755948    0.49619038    0.35537794    0.42846433    0.56709798    0.24486212    0.36850149    0.32191318    0.36991914    0.44308864    0.32989796
G4MQF7_MAGO7/1615-1649     0.72306263    0.59748174    0.62346254    0.87242145    0.89788110    1.14921881    0.86041647    0.94103347    0.89466164    0.51195103    0.52666145    0.33343532    0.24683983    0.21307857    0.00000000    0.38111033    1.08937306    0.70453696    0.44135897    0.60540075    1.14070609    1.19758279    1.39868669    0.34943733    0.38479855    0.39149236    0.51943142    0.50014538    0.55531148    0.89202946    1.02531486    0.87238571    1.03089624    0.99288844    0.84159010    0.91833577    1.11714799    1.08853362    0.69415324    0.99103901    0.84272462    0.62760637    0.57561553    0.72929355    0.69029618    0.60524781    0.43153767    0.38076519    0.57724449    0.33789474    0.51321060    0.34998551    0.47376207    0.62993718    0.33455120    0.42684851    0.51856263    0.55124737    0.55759251    0.46539810
S3BXI4_OPHP1/2374-2409     0.81388579    0.52283963    0.61460266    0.62530211    0.75933852    0.61451850    0.55239705    0.74525450    0.61482004    0.48967853    0.55402484    0.36442316    0.41141770    0.31106190    0.38111033    0.00000000    0.49894259    0.46939137    0.26870646    0.50395378    1.01218279    0.96450135    1.11710858    0.29841940    0.45619064    0.34096483    0.50198297    0.53009011    0.70183587    0.73025482    0.99912294    0.73048312    0.83845470    1.00778154    0.73401082    0.71673464    0.89478341    0.99165234    0.84199111    0.77446787    0.75519261    0.65230218    0.55740278    0.83794217    0.86503294    0.58780305    0.54683271    0.36535523    0.53045805    0.33689553    0.61470767    0.43377967    0.71361300    0.75412148    0.30839008    0.40081186    0.41885996    0.55252408    0.49083474    0.36078847
D0MSF2_PHYIT/306-339     1.40696029    1.08345532    1.07972361    0.89139550    1.03709814    0.88052647    0.77310002    0.97016572    0.86616702    1.23224564    1.15513713    1.03252437    0.86398023    0.81503522    1.08937306    0.49894259    0.00000000    0.31154068    0.62584406    0.83667503    1.33623977    1.54318950    1.31211476    0.82413475    0.94385996    0.86241477    0.86115083    1.01187721    1.08743301    0.96371808    0.99843049    1.00034619    1.02144554    1.19739416    1.14521052    0.94942801    0.88730854    0.96548316    0.99900587    0.84115871    1.12087696    1.11332759    0.92299452    1.20683443    1.23729949    1.02334678    0.99649261    0.85875247    1.18493714    0.79090661    1.17254116    0.95086746    1.17115687    1.01567171    0.83714416    0.84843604    0.91787703    1.30659228    1.04970265    0.85782843
D0NWS6_PHYIT/1396-1429     1.01963743    0.83362376    0.75826575    0.64631411    0.71183919    0.86084305    0.56116268    0.80791860    0.63186524    0.90498386    0.70415968    0.53521867    0.53160071    0.47799852    0.70453696    0.46939137    0.31154068    0.00000000    0.46037305    0.66545431    0.88948746    1.13734840    0.92936812    0.60674403    0.49398717    0.58433111    0.42131654    0.66474858    0.68561990    0.60320145    0.82217280    0.74504253    0.89648157    0.86147327    0.82856903    0.73217537    0.70563775    0.58684594    0.64321097    0.63160587    0.80088077    0.68704304    0.55258505    0.89168802    0.74614131    0.72473237    0.57601118    0.59209178    0.87941732    0.47081047    0.82576035    0.55798248    0.79883371    0.84928204    0.48769498    0.62772238    0.60766940    0.80163728    0.63041292    0.48847993
J3P671_GAET3/1930-1963     0.70090262    0.53776413    0.55545464    0.62308164    0.60430243    0.56199265    0.58193914    0.74219278    0.58175368    0.71672690    0.63069016    0.42039705    0.44468220    0.36256158    0.44135897    0.26870646    0.62584406    0.46037305    0.00000000    0.55808682    1.14710127    1.10404700    1.25722039    0.28547783    0.43550485    0.42482613    0.42521712    0.53527317    0.78609968    0.63370509    0.98997352    0.68642709    0.74056002    0.91328691    0.83163711    0.83001855    0.85415849    0.83158156    0.65168922    0.71022456    0.74216208    0.61097904    0.51633389    0.86784889    0.59325919    0.43797309    0.43556185    0.32098970    0.59842614    0.30657240    0.58501742    0.46841722    0.66232616    0.64089349    0.40697042    0.43368912    0.38272641    0.60670733    0.43012771    0.37833398
J5JGM2_BEAB2/2378-2411     0.95188106    0.69743545    0.92382399    0.96292829    0.92975645    1.03377827    0.78534681    0.96828143    0.83975085    0.73131697    0.71826405    0.51140243    0.56312864    0.55653637    0.60540075    0.50395378    0.83667503    0.66545431    0.55808682    0.00000000    0.98081763    1.02778870    1.07465320    0.56219478    0.62855226    0.59978330    0.73165842    0.45813784    0.76596832    0.72679434    1.10341077    0.85983898    0.88608706    0.93623832    0.86621107    0.82559226    0.75561959    0.76489222    0.76937325    0.81719558    0.71449489    0.69633521    0.63804335    0.80779966    0.82730691    0.68379249    0.65863880    0.57322749    0.77345717    0.55133693    0.68198112    0.59225589    0.73818224    0.75716554    0.54489154    0.67101082    0.68676930    0.67161680    0.67881736    0.57944870
F2U865_SALR5/2647-2679     1.03437817    1.16859882    1.13131032    1.32598005    1.60313447    1.73804262    1.33201999    1.61915681    1.55647521    1.35430828    1.39184370    1.17739612    1.00742696    0.91402997    1.14070609    1.01218279    1.33623977    0.88948746    1.14710127    0.98081763    0.00000000    0.89863932    0.68347497    1.10960291    1.00068397    1.03909463    1.06822906    1.13471542    0.90946171    1.25086968    1.42143707    1.74359380    1.64771103    1.36538331    1.62468419    1.31694701    1.30911154    1.36854949    1.34570939    1.31928120    1.12168418    1.15105688    1.25442446    1.61813937    1.36326956    1.11618809    1.04847665    1.29178539    1.19142791    1.18237379    1.36511337    0.96200794    1.06973746    1.24315012    1.03726872    1.09365663    1.22840932    1.05181694    1.18119419    1.10911296
A9VE26_MONBE/2328-2360     1.37491889    1.12264733    0.81326867    1.22227062    1.48180505    1.36582089    1.43115288    1.68843958    1.65358945    1.10936292    1.09572336    0.98282763    1.05850778    1.05264667    1.19758279    0.96450135    1.54318950    1.13734840    1.10404700    1.02778870    0.89863932    0.00000000    0.44555125    0.89212162    0.78625862    1.09363423    1.30425252    1.13987805    1.04874330    1.62110842    1.65856556    1.54800061    2.07651859    1.59589750    1.37684333    1.38361007    1.64452798    1.41747183    1.22044050    1.52088966    1.25383017    1.23773983    1.38042092    1.39191709    1.63844504    1.31142292    1.12674244    1.00695722    1.20523102    1.06064630    1.09853048    0.96646024    0.91384050    1.04024244    0.86126278    0.83945642    0.86883794    0.91379139    0.98997359    0.96542936
A9UNN1_MONBE/2290-2322     1.40752123    1.16534694    1.01734862    1.48611204    1.63170588    1.72540156    1.55378978    1.89063103    1.71582965    1.32367074    1.26423224    1.13500723    1.17700403    1.07202036    1.39868669    1.11710858    1.31211476    0.92936812    1.25722039    1.07465320    0.68347497    0.44555125    0.00000000    1.11233319    1.18376078    1.20283386    1.26977679    1.14377844    0.98406256    1.48901074    1.51836969    1.40201076    2.03166562    1.59014194    1.36350863    1.29306027    1.51572935    1.28990924    1.18091977    1.37735263    1.28390724    1.25346785    1.32634958    1.44369232    1.57606583    1.31339445    1.13766761    1.15764421    1.36052908    1.16412436    1.35897116    1.09797640    0.87549460    1.14054252    1.06314722    0.95597217    1.01791268    1.09887274    1.14675495    1.06694168
E4UU37_ARTGP/2296-2328     0.71497091    0.47547618    0.48525805    0.67745841    0.69985435    0.73058695    0.80558313    0.91202268    0.81097966    0.51669466    0.44476630    0.32136917    0.40859850    0.30048060    0.34943733    0.29841940    0.82413475    0.60674403    0.28547783    0.56219478    1.10960291    0.89212162    1.11233319    0.00000000    0.20543164    0.24868190    0.44812617    0.36374912    0.40789370    0.54886682    1.09822013    0.75118167    0.84470324    0.92742572    0.83875457    0.85220141    0.92458680    0.98243951    0.70437224    0.81419605    0.69981929    0.41963436    0.47162628    0.62080625    0.50277582    0.31735520    0.31919818    0.25493919    0.47866144    0.28872148    0.56138314    0.38643294    0.52156117    0.56908672    0.23594650    0.27622689    0.33533145    0.49827153    0.44196814    0.32803364
F9XFP4_ZYMTI/2273-2306     0.78929058    0.48115076    0.49264977    0.52640932    0.64667181    0.73251551    0.57291386    0.77073453    0.56798420    0.54904606    0.47903181    0.30782243    0.37069941    0.34323875    0.38479855    0.45619064    0.94385996    0.49398717    0.43550485    0.62855226    1.00068397    0.78625862    1.18376078    0.20543164    0.00000000    0.33225355    0.45283042    0.38484559    0.53413235    0.57157888    0.97503028    0.80059955    0.85145753    0.87752617    0.69247294    0.82818723    0.84923631    0.93132872    0.65870872    0.82295986    0.63485746    0.49818395    0.56260364    0.80586242    0.47450653    0.43738647    0.44532178    0.30957806    0.44629634    0.28094413    0.48971287    0.40213445    0.62507268    0.69166086    0.24497938    0.39521009    0.33392317    0.43234983    0.44823410    0.40520009
D8PZT8_SCHCM/2375-2407     0.78344976    0.70134941    0.67734572    0.71169626    0.89610237    1.07864668    0.93399156    1.07765443    0.92785462    0.62904311    0.42152831    0.35490476    0.45073945    0.42583042    0.39149236    0.34096483    0.86241477    0.58433111    0.42482613    0.59978330    1.03909463    1.09363423    1.20283386    0.24868190    0.33225355    0.00000000    0.29376046    0.29008165    0.46963113    0.62036671    1.05698852    0.76638137    0.86062377    0.96441110    0.80754315    0.87055277    0.86700755    0.89419052    0.69343280    0.81064816    0.72158185    0.38133803    0.58026517    0.65801804    0.54056085    0.32041959    0.37840391    0.38667789    0.44477267    0.37189027    0.48545015    0.44061397    0.66336819    0.62118482    0.32010842    0.39345686    0.51121674    0.64698477    0.52773837    0.40420624
G4TR11_SERID/2377-2409     0.87331471    0.65646756    0.67691252    0.65069868    0.88069849    1.18707789    0.77363989    0.82782495    0.77758987    0.71877365    0.47922467    0.40845744    0.47638498    0.47241385    0.51943142    0.50198297    0.86115083    0.42131654    0.42521712    0.73165842    1.06822906    1.30425252    1.26977679    0.44812617    0.45283042    0.29376046    0.00000000    0.49351375    0.57394374    0.59559976    0.83106207    0.67921480    0.70936748    0.79416678    0.76001675    0.62142186    0.72582218    0.64241358    0.62238152    0.54405233    0.74260163    0.48398067    0.38864768    0.63907144    0.52813527    0.52264542    0.36506422    0.56695784    0.73859166    0.46672250    0.60524635    0.48965719    0.66627920    0.75797130    0.35756918    0.46813729    0.59659789    0.71605949    0.56634077    0.39911008
L8WMB3_THACA/2184-2216     0.61739152    0.60597946    0.50016153    0.66324127    0.79761854    1.02331722    0.71396379    0.91531745    0.70214874    0.49429586    0.42336298    0.32693126    0.46990749    0.35425016    0.50014538    0.53009011    1.01187721    0.66474858    0.53527317    0.45813784    1.13471542    1.13987805    1.14377844    0.36374912    0.38484559    0.29008165    0.49351375    0.00000000    0.28400444    0.38480715    0.74186331    0.45943038    0.57399471    0.63790526    0.59894669    0.52155603    0.60251846    0.61818720    0.41415027    0.54865025    0.42324046    0.25348831    0.41453657    0.40961895    0.44422317    0.31950637    0.31703479    0.46339971    0.53193330    0.44169577    0.53036078    0.44380163    0.49786559    0.63130091    0.32981329    0.39822968    0.61047983    0.61688570    0.55832158    0.42169381
F4PXJ5_CAVFA/57-89     0.73020670    0.55311739    0.57859129    0.81615158    0.94128305    1.14358699    0.79440880    0.89595470    0.76995139    0.63716340    0.67342899    0.48625670    0.60921663    0.51727169    0.55531148    0.70183587    1.08743301    0.68561990    0.78609968    0.76596832    0.90946171    1.04874330    0.98406256    0.40789370    0.53413235    0.46963113    0.57394374    0.28400444    0.00000000    0.47746140    0.71440428    0.66192986    0.80072955    0.65658659    0.53243677    0.63504760    0.77102211    0.74541315    0.60517299    0.61759781    0.53064854    0.49320338    0.53385900    0.57439051    0.49516556    0.46823260    0.45474691    0.52555909    0.57833198    0.50946426    0.59412091    0.41419193    0.66616966    0.80813712    0.48902559    0.53271787    0.44341361    0.68617978    0.74300560    0.60552259
A2QSN8_ASPNC/2308-2340     0.68993564    0.90776550    0.79218881    0.79720714    0.66550914    0.94068601    0.85165551    0.96002796    0.69977834    0.90227118    0.83721844    0.62676327    0.70776421    0.60673187    0.89202946    0.73025482    0.96371808    0.60320145    0.63370509    0.72679434    1.25086968    1.62110842    1.48901074    0.54886682    0.57157888    0.62036671    0.59559976    0.38480715    0.47746140    0.00000000    0.64487264    0.47735440    0.51552482    0.47381259    0.54039852    0.37897075    0.40807313    0.44903220    0.45248432    0.41259800    0.30914827    0.51900631    0.33760721    0.49971655    0.37962669    0.59761284    0.50788212    0.66248564    0.78570840    0.67333007    0.86830391    0.67477723    0.79657050    0.96811502    0.53498948    0.70341721    0.81164420    0.88154750    0.73196206    0.58772135
A0A0C4DZ35_MAGP6/2389-2421     0.98213240    1.00855765    0.89806098    1.09516513    1.14422842    1.29932201    0.95588955    1.12983464    1.10551399    1.05351265    1.15577435    0.94430302    0.88041306    0.76889988    1.02531486    0.99912294    0.99843049    0.82217280    0.98997352    1.10341077    1.42143707    1.65856556    1.51836969    1.09822013    0.97503028    1.05698852    0.83106207    0.74186331    0.71440428    0.64487264    0.00000000    0.35386565    0.52880386    0.49824177    0.45220790    0.45193943    0.43787117    0.56259741    0.38840703    0.39311303    0.44439578    0.88704441    0.79401682    0.73188052    0.84399487    0.83127407    0.76851399    1.01898489    1.09901609    0.99668885    1.03338725    0.87285179    0.94765363    1.04717398    0.85381830    0.85979315    0.96210478    1.05426866    1.03191000    0.97709153
B2WA36_PYRTR/2111-2143     0.79364364    0.78627466    0.77992396    0.94369169    1.05062171    1.09578774    0.91874643    1.08643180    0.90556983    0.82281227    0.84552844    0.64191093    0.79594243    0.53913445    0.87238571    0.73048312    1.00034619    0.74504253    0.68642709    0.85983898    1.74359380    1.54800061    1.40201076    0.75118167    0.80059955    0.76638137    0.67921480    0.45943038    0.66192986    0.47735440    0.35386565    0.00000000    0.29706992    0.35005983    0.33718944    0.39749349    0.45761135    0.43016678    0.26519933    0.35233613    0.40555745    0.67109827    0.48295423    0.49442243    0.62637261    0.72410135    0.57409095    0.77207798    0.94244134    0.78714032    0.91753398    0.76661472    0.73020403    0.87777680    0.65640872    0.57955542    0.76059162    1.00850142    0.84629987    0.71710194
E5ADP8_LEPMJ/2383-2415     0.64484405    0.99840538    0.99248762    0.94832704    1.14345699    1.20439741    0.93579208    1.01718058    0.89111193    1.15469040    1.11270115    0.88136768    0.93097244    0.65544861    1.03089624    0.83845470    1.02144554    0.89648157    0.74056002    0.88608706    1.64771103    2.07651859    2.03166562    0.84470324    0.85145753    0.86062377    0.70936748    0.57399471    0.80072955    0.51552482    0.52880386    0.29706992    0.00000000    0.31150563    0.60412552    0.53912093    0.48351180    0.65580387    0.45265304    0.41105128    0.46138022    0.75912025    0.64661997    0.78171220    0.70433942    0.77128270    0.73923876    0.99924258    1.04635037    1.01253472    1.09002369    1.03625944    1.07173617    1.18035578    0.86885182    0.83150589    0.98090752    1.23462986    0.94918200    0.81783870
G9NQJ2_HYPAI/2398-2430     0.78884178    0.88539093    0.94942848    0.97780403    1.06468283    1.20110040    0.94400678    1.01364256    0.82044801    1.18199411    1.23084154    0.98714551    0.96977313    0.80805823    0.99288844    1.00778154    1.19739416    0.86147327    0.91328691    0.93623832    1.36538331    1.59589750    1.59014194    0.92742572    0.87752617    0.96441110    0.79416678    0.63790526    0.65658659    0.47381259    0.49824177    0.35005983    0.31150563    0.00000000    0.61084386    0.42534826    0.35774635    0.44439519    0.31058145    0.34610487    0.33032433    0.77954490    0.60024240    0.68134665    0.60092132    0.76638552    0.71921219    0.97978938    1.03311374    1.05415926    1.04108639    1.05695432    1.01525342    0.99392207    0.89402235    0.85396364    0.96206005    1.04647873    1.01970110    0.90938214
N1JFQ3_BLUG1/741-773     1.10064256    0.77292052    0.76313673    0.99449455    1.01336922    1.13344842    0.96574503    1.25994282    0.96453109    0.82694238    0.87648526    0.60558309    0.67251490    0.61871492    0.84159010    0.73401082    1.14521052    0.82856903    0.83163711    0.86621107    1.62468419    1.37684333    1.36350863    0.83875457    0.69247294    0.80754315    0.76001675    0.59894669    0.53243677    0.54039852    0.45220790    0.33718944    0.60412552    0.61084386    0.00000000    0.46457851    0.52875788    0.55429619    0.46059068    0.47265816    0.45606958    0.83710870    0.64523849    0.64389528    0.80795714    0.80658279    0.72526868    0.69717354    0.85132890    0.73968671    0.92333737    0.61305911    0.82317504    0.95119551    0.57562517    0.59801691    0.72441119    0.86149848    0.77104115    0.62611949
M7SRY2_EUTLA/335-367     1.08634438    0.89940296    0.75786765    0.85978028    0.69711919    0.89656840    0.95250040    0.99578798    0.90431210    0.84660508    0.88495055    0.73063624    0.89626066    0.68581393    0.91833577    0.71673464    0.94942801    0.73217537    0.83001855    0.82559226    1.31694701    1.38361007    1.29306027    0.85220141    0.82818723    0.87055277    0.62142186    0.52155603    0.63504760    0.37897075    0.45193943    0.39749349    0.53912093    0.42534826    0.46457851    0.00000000    0.23839841    0.25301884    0.34810675    0.30922604    0.27752849    0.84331947    0.54927118    0.65499759    0.65337702    0.85712095    0.75241288    0.75335604    1.04462845    0.85186510    0.97652783    0.76900509    0.78968513    1.02254383    0.69492466    0.69837920    0.91900432    1.00482909    0.79538517    0.68287304
S3DQF8_GLAL2/2365-2397     0.93432818    1.10519823    0.85010589    0.86358776    0.82207680    1.03159609    0.97248175    1.12409040    0.94432358    1.17893713    1.20491498    0.95443285    0.92644703    0.79535287    1.11714799    0.89478341    0.88730854    0.70563775    0.85415849    0.75561959    1.30911154    1.64452798    1.51572935    0.92458680    0.84923631    0.86700755    0.72582218    0.60251846    0.77102211    0.40807313    0.43787117    0.45761135    0.48351180    0.35774635    0.52875788    0.23839841    0.00000000    0.25183193    0.32812874    0.39254124    0.30321849    0.79151915    0.64725402    0.73688995    0.62722493    0.71784462    0.75906505    1.01975337    1.03991095    1.00599686    1.03376166    0.90175901    0.88537228    0.94492964    0.86642804    0.88833907    1.12027892    1.15668179    0.97742262    0.80436497
S3BV10_OPHP1/2482-2514     1.17163421    1.13573416    0.94691946    0.89340684    0.82852415    1.13292236    1.02545142    1.09522192    0.99149943    1.12679725    1.03880305    0.82391059    0.92027814    0.81654363    1.08853362    0.99165234    0.96548316    0.58684594    0.83158156    0.76489222    1.36854949    1.41747183    1.28990924    0.98243951    0.93132872    0.89419052    0.64241358    0.61818720    0.74541315    0.44903220    0.56259741    0.43016678    0.65580387    0.44439519    0.55429619    0.25301884    0.25183193    0.00000000    0.29615302    0.38444747    0.40242326    0.81913960    0.58966112    0.67391772    0.69953362    0.85588318    0.72367333    0.93057651    1.17112403    0.91569963    1.01133430    0.83981866    0.75018081    0.86135486    0.77233208    0.80400200    1.04283249    1.13469887    0.91685360    0.77867375
S3BQF2_OPHP1/2493-2525     0.82870019    0.85643935    0.67684252    0.85278814    0.92362234    1.11372810    0.87123601    0.99600294    0.90970685    0.88941943    0.81972950    0.64496031    0.63560425    0.47876722    0.69415324    0.84199111    0.99900587    0.64321097    0.65168922    0.76937325    1.34570939    1.22044050    1.18091977    0.70437224    0.65870872    0.69343280    0.62238152    0.41415027    0.60517299    0.45248432    0.38840703    0.26519933    0.45265304    0.31058145    0.46059068    0.34810675    0.32812874    0.29615302    0.00000000    0.24876915    0.29387899    0.57394079    0.51143020    0.44702938    0.49524938    0.51892336    0.36359716    0.71657737    0.76234546    0.69166738    0.69945962    0.68587254    0.62723040    0.69543217    0.56859232    0.57851232    0.78108871    0.82721443    0.76785056    0.65226415
G9N1W6_HYPVG/2349-2381     1.00099171    0.86117428    0.79830162    0.82150591    0.87170903    1.07413853    0.82812991    0.87524662    0.85252221    1.01233547    1.01698379    0.81866648    0.87949338    0.72311319    0.99103901    0.77446787    0.84115871    0.63160587    0.71022456    0.81719558    1.31928120    1.52088966    1.37735263    0.81419605    0.82295986    0.81064816    0.54405233    0.54865025    0.61759781    0.41259800    0.39311303    0.35233613    0.41105128    0.34610487    0.47265816    0.30922604    0.39254124    0.38444747    0.24876915    0.00000000    0.35763326    0.66034353    0.52996146    0.53119012    0.63309336    0.68218799    0.49383815    0.83418380    0.86438143    0.84322822    1.03324562    0.84536624    0.80263715    0.85792426    0.66799898    0.68509739    0.76890983    1.06254857    0.82510745    0.65554335
A0A0C4EEW1_MAGP6/2408-2440     0.96802477    0.89123154    0.73349157    0.84591798    0.74939220    0.93080825    0.89564724    1.11331829    0.86444118    0.93759418    0.97811853    0.74446940    0.78739579    0.57319201    0.84272462    0.75519261    1.12087696    0.80088077    0.74216208    0.71449489    1.12168418    1.25383017    1.28390724    0.69981929    0.63485746    0.72158185    0.74260163    0.42324046    0.53064854    0.30914827    0.44439578    0.40555745    0.46138022    0.33032433    0.45606958    0.27752849    0.30321849    0.40242326    0.29387899    0.35763326    0.00000000    0.69257588    0.61060778    0.60482869    0.64529034    0.68849470    0.63104645    0.84152775    0.84234087    0.81957698    0.86251602    0.80989062    0.79652188    1.00911165    0.67182127    0.66797213    0.89017096    0.91601975    0.74452428    0.68367767
E2LKH2_MONPE/92-124     0.64157351    0.78268339    0.65364598    0.81879775    1.08324561    1.26849348    0.73652793    1.01764368    0.82798746    0.80922883    0.67305473    0.54759332    0.42796807    0.47089214    0.62760637    0.65230218    1.11332759    0.68704304    0.61097904    0.69633521    1.15105688    1.23773983    1.25346785    0.41963436    0.49818395    0.38133803    0.48398067    0.25348831    0.49320338    0.51900631    0.88704441    0.67109827    0.75912025    0.77954490    0.83710870    0.84331947    0.79151915    0.81913960    0.57394079    0.66034353    0.69257588    0.00000000    0.50401556    0.56368164    0.40407814    0.25472793    0.29652594    0.57389031    0.45033048    0.51539117    0.66759836    0.57101814    0.58955607    0.65289557    0.40787316    0.54388379    0.62735006    0.68359938    0.59158382    0.45902477
C4JM15_UNCRE/2243-2275     0.51418905    0.65543309    0.51087819    0.55405328    0.63117707    0.82511185    0.58250735    0.66291761    0.63435450    0.61470836    0.56300969    0.44244609    0.50321248    0.48708915    0.57561553    0.55740278    0.92299452    0.55258505    0.51633389    0.63804335    1.25442446    1.38042092    1.32634958    0.47162628    0.56260364    0.58026517    0.38864768    0.41453657    0.53385900    0.33760721    0.79401682    0.48295423    0.64661997    0.60024240    0.64523849    0.54927118    0.64725402    0.58966112    0.51143020    0.52996146    0.61060778    0.50401556    0.00000000    0.25921151    0.37906152    0.42357728    0.39077426    0.64189778    0.85132263    0.50921268    0.69245730    0.51900110    0.67627533    0.71835372    0.43346570    0.57770901    0.72933231    0.77689816    0.65877133    0.49123225
R7YWX3_CONA1/1803-1834     0.65700990    0.73810418    0.69377134    0.82217957    0.90272039    1.13972405    0.87705591    0.78266101    0.93361612    0.73996520    0.79421259    0.67125488    0.70871762    0.68609858    0.72929355    0.83794217    1.20683443    0.89168802    0.86784889    0.80779966    1.61813937    1.39191709    1.44369232    0.62080625    0.80586242    0.65801804    0.63907144    0.40961895    0.57439051    0.49971655    0.73188052    0.49442243    0.78171220    0.68134665    0.64389528    0.65499759    0.73688995    0.67391772    0.44702938    0.53119012    0.60482869    0.56368164    0.25921151    0.00000000    0.42800523    0.50790877    0.36481006    0.76876269    0.72622496    0.72897951    0.79443492    0.67886732    0.75450786    0.62167797    0.63569680    0.59889206    0.93188523    0.90696572    0.98042160    0.79611069
K2S498_MACPH/2324-2356     0.61125538    0.90687837    0.65967019    0.77343740    0.77957764    1.07161110    0.81965882    0.78956273    0.80006129    0.94463720    0.87026205    0.70644131    0.69184985    0.56420943    0.69029618    0.86503294    1.23729949    0.74614131    0.59325919    0.82730691    1.36326956    1.63844504    1.57606583    0.50277582    0.47450653    0.54056085    0.52813527    0.44422317    0.49516556    0.37962669    0.84399487    0.62637261    0.70433942    0.60092132    0.80795714    0.65337702    0.62722493    0.69953362    0.49524938    0.63309336    0.64529034    0.40407814    0.37906152    0.42800523    0.00000000    0.30133056    0.31541603    0.54953957    0.75108030    0.68349134    0.88489784    0.71757192    0.92975798    0.89145874    0.60939496    0.72540921    0.79200531    0.93482955    0.80888413    0.70821535
F8PMT2_SERL3/2361-2393     0.68840118    0.76122947    0.53017594    0.74724828    0.90074868    0.99326298    0.64073088    0.85041771    0.76047729    0.80828928    0.68981529    0.57974129    0.53951123    0.51605293    0.60524781    0.58780305    1.02334678    0.72473237    0.43797309    0.68379249    1.11618809    1.31142292    1.31339445    0.31735520    0.43738647    0.32041959    0.52264542    0.31950637    0.46823260    0.59761284    0.83127407    0.72410135    0.77128270    0.76638552    0.80658279    0.85712095    0.71784462    0.85588318    0.51892336    0.68218799    0.68849470    0.25472793    0.42357728    0.50790877    0.30133056    0.00000000    0.24463696    0.54178813    0.44694389    0.46485240    0.65457871    0.47093620    0.72619439    0.59322097    0.49162292    0.59937111    0.71427524    0.72020360    0.66407301    0.50331025
