157
M1WL80_PSEP2/5-87     0.00000000    2.26469906    2.28310933    2.13927932    2.43294380    2.29903345    2.27551603    1.85590846    2.21839427    2.57747663    2.03954128    2.48191830    2.23750670    2.78614765    2.55619790    2.40725010    2.10797519    2.56846637    2.28748005    3.29794784    2.87806299    2.88124801    2.86957969    3.19800341    3.17695506    3.14438541    2.95932136    3.87309078    2.90272873    4.79294858    3.13667452    3.52874309    2.62498022    3.06435370    3.39906212    2.82315717    2.56148049    2.60319336    3.05380610    2.94463063    2.90258913    2.81864413    2.54315239    2.55328332    2.98770579    2.79290982    2.47647295    2.33873824    2.53391694    2.35444628    2.25806698    3.41798894    3.10568965    2.87332770    1.87240996    2.42613697    3.06077158    3.02521825    2.96715657    2.46484336    2.55289169    2.92037534    2.85043391    2.80174735    2.62428904    2.79973593    2.97349164    2.37332799    2.30099108    2.45728383    2.15269863    2.30161238    2.24365752    3.73678706    2.20848171    3.45752266    2.04316858    2.48512927    2.62251447    2.68197457    2.32093534    2.50603310    2.53377000    2.03082831    1.91372157    2.13940638    2.89203084    2.42730561    2.37925608    2.01516151    1.91272058    2.12866548    1.95389803    2.08731775    2.04743296    3.19191963    3.52225136    2.75380442    2.80152131    2.70504265    3.10734234    3.70183536    2.39727103    3.06812238    3.23651631    2.72427040    2.37296892    2.44492530    2.50811372    2.74730267    2.98724472    2.85178059    3.11175735    2.94010997    2.82485823    2.83502988    2.55142402    2.46966050    3.43158052    2.45684613    3.39828088    2.72010650    2.88143992    2.79778919    2.83107123    2.78987703    3.14376346    2.40658860    2.55351028    2.72776063    2.77909287    2.91185943    3.66856070    3.32086075    2.32369395    2.19224627    2.30584189    2.34998238    2.87557714    2.75837382    3.00236610    2.86562322    2.06176621    3.04122313    3.00571962    2.34946561    2.54701814    2.67777125    2.41994387    2.48151199    2.67683077    2.39882884    2.58655524    2.62832536    2.92324407    2.31796835    2.77425108
D5WSN1_KYRT2/3-83     2.26469906    0.00000000    3.05635390    2.28233951    2.90392639    2.52917216    3.66985550    3.20183000    2.90704577    3.45913015    2.65903609    2.97560313    2.30944051    3.26752466    3.03845551    3.22934927    3.10198708    3.78946547    2.19276429    2.91872187    2.28674295    2.58821709    2.98130963    2.59208475    2.35542087    2.84764715    2.49728829    3.76550676    2.46664107    3.61268858    2.78434561    3.67794737    3.46894134    3.49200703    3.31544160    3.34163753    3.11450855    3.12289932    2.79376576    4.34847894    4.12240904    3.53564132    2.72953164    3.47376749    3.59653543    3.62202109    3.52710020    3.38360647    3.13004794    2.41149332    2.15008880    2.58338396    3.19955930    3.41309829    2.43231440    2.20914248    2.90247531    2.90359162    2.44493943    2.76259805    2.60578585    3.61014639    2.87149756    2.15800530    2.36466478    2.80851875    3.29108484    2.66101625    2.20844914    2.78649001    2.34324943    2.10381473    2.82513411    3.85754263    2.91455113    3.93748800    2.72122941    3.58974797    3.93612281    3.75262088    3.42203976    3.57408441    4.11940064    3.51864828    3.20772537    3.03188839    3.51910097    3.21451905    3.71091614    3.40841314    3.32643307    3.05390119    3.21988708    2.99014941    3.38667988    2.77647603    3.28777478    3.52001708    3.87107030    3.72471899    3.12735810    2.91777647    2.65998027    3.83680363    4.06099482    3.27086265    3.37297436    3.26630140    3.69633470    3.34485647    3.76230025    4.06142508    4.01784102    3.04654196    2.83374704    2.96765375    3.17425327    3.23573839    3.01481220    3.00831431    3.54632051    3.14589170    3.40831404    3.61287749    3.79070891    3.49568794    4.59428641    3.08138224    3.63553803    3.33112756    3.61914073    3.04151754    3.52837165    2.73372640    3.25192781    3.42604149    3.25349140    3.19116071    2.97588698    2.64293662    3.09864853    2.82173122    2.61086310    3.98532363    3.54555067    2.50855212    3.06486614    3.24492182    3.20982877    3.57630353    2.55965110    2.60810810    3.43457769    4.03811327    2.28733811    3.48542657    2.61511701
D4H107_DENA2/12-95     2.28310933    3.05635390    0.00000000    1.01125198    1.36595012    0.91096100    1.84431521    1.68373239    2.13035035    2.26509691    2.57884616    2.73143290    1.81330538    2.76972711    1.92881064    2.49432800    2.07253443    2.31509332    2.01018072    2.48774757    3.15698766    2.73535913    2.89708915    2.56406440    2.59819091    2.51221638    2.78471664    2.95492713    2.19262624    2.83056687    2.46847451    2.80524945    2.40204556    2.55516611    2.34614583    2.31822772    1.78459425    2.37492960    1.95204101    2.66509742    1.93761517    1.90937877    1.86471847    2.48905838    2.37145700    2.50430757    2.33845879    2.02629734    2.28016956    2.23898000    2.65075207    2.63641696    2.45712436    2.76959569    2.49870108    2.89512010    2.43202026    2.55035449    2.22587479    1.99764819    2.15413457    3.29192668    2.53177681    2.88208055    2.04140560    2.20023504    2.30404079    2.25767978    2.61172908    2.27175033    2.23286354    2.35895678    2.42049201    3.32169197    2.70024240    1.86509511    2.41386750    2.00531342    2.81396456    1.84361707    2.97557304    2.85839099    2.71322158    2.77078193    2.84145820    2.35408346    3.48089848    2.91145418    3.90676224    3.18737486    3.24024083    3.04382056    3.16947779    3.22574664    3.09107657    3.46268734    3.05248501    2.39042279    2.87382286    3.21662930    3.38035557    3.11393573    2.86705084    3.31781392    2.66043864    2.93105664    2.66731985    2.45786345    2.16305036    3.21544743    3.35981684    2.41367538    2.58787255    4.09306091    3.08439187    2.97707608    3.04155402    3.02228024    2.79262644    2.81003149    4.21355997    3.41632809    4.02975906    4.18007909    2.98380590    3.15104755    4.26311372    3.38444925    3.46041211    2.98872993    2.54451421    4.12660115    4.01450422    3.75131300    2.52923597    2.44433123    2.60910354    2.47085213    3.08225341    2.15624804    2.69729915    2.47686088    1.64064320    2.58139518    2.45906674    1.83028270    1.88661974    1.92862651    1.80510721    1.91106072    2.51537793    2.09382025    1.85827414    1.83128197    2.02560071    1.67094598    2.58992763
D3PCV1_DEFDS/12-95     2.13927932    2.28233951    1.01125198    0.00000000    1.40379709    0.76040328    1.90802314    1.55205275    1.59295123    1.72097217    1.64682272    1.96275659    1.61144595    1.72649254    1.44285471    1.84091317    1.71741291    2.24593415    1.85585320    2.54611469    2.56622944    2.01550494    2.06717294    2.08048589    1.95690206    2.19750663    2.26374985    2.28330300    2.14165910    3.06818654    2.27748939    1.95039057    2.67364060    2.82191334    2.27166936    1.98708550    1.82831195    2.01890871    2.09089386    3.34457724    2.14450396    2.06847316    2.06014328    2.44059135    2.44475479    2.55523409    1.99354719    2.13187277    2.03744369    2.19617020    2.22906419    2.24677900    3.25776435    2.94757211    2.11629136    2.16103569    2.42419470    2.30963378    1.86103644    2.24732698    1.83601823    2.13838287    1.91157937    1.89816394    1.81855926    2.38803781    2.68429487    2.21272071    2.20701045    1.98429203    2.14285249    1.85241673    1.73256853    2.86919942    2.36698241    2.41578241    2.79984269    2.78278976    2.82402343    2.35616992    2.50344517    2.78322618    3.17457809    2.69528665    2.65600103    2.28766811    2.74245308    2.57759238    3.18115295    2.63905757    2.78844870    2.75955708    3.82507731    3.30697478    3.38142642    2.93816364    2.76107763    3.10703915    3.05035968    3.78367413    3.39276632    3.30114918    2.59417993    3.45684234    3.62005841    3.25241731    3.27348010    2.76472625    2.91592702    3.22252232    3.51750029    2.93102065    2.77446194    3.36024245    3.26597187    3.02886221    3.36053399    3.06351878    2.61932110    2.67154713    4.52067157    3.24717898    2.91688069    3.31760473    3.01805611    3.26276428    2.79857158    3.71215051    3.21685256    2.80344782    3.05121826    3.66903564    4.03658549    3.70559787    2.54191447    2.35177646    2.36625737    2.04274248    2.78619462    2.32195697    2.46908748    2.37123801    1.64662085    2.44614896    2.62933575    1.63813719    1.91339210    1.88167036    1.77433304    2.18154409    2.49555603    2.21716900    2.04887458    1.85951729    2.05004322    1.57444838    2.33394777
D4H3Z3_DENA2/45-128     2.43294380    2.90392639    1.36595012    1.40379709    0.00000000    0.92840494    2.07199255    2.20136093    2.01151393    1.72964424    1.94557595    1.97287237    1.83535091    2.05951988    1.64975000    1.83208655    1.67390281    1.88948167    1.95701492    3.09894707    3.53611074    3.16163247    2.85048386    2.98368646    2.96871161    2.82640317    2.89062544    2.82226944    2.48849448    3.18777234    2.78446666    2.47205887    2.42711117    2.48599139    1.92510661    2.80627826    2.15478519    1.67520330    2.10387498    2.61770438    2.32294027    1.67677947    2.46693859    2.20969287    2.79871914    2.63499639    2.97155196    2.86568032    2.51488957    2.08306278    2.59067244    2.36843918    2.77777049    2.70542487    2.29797838    2.40381452    2.48145053    2.84172128    2.14570877    2.07850740    2.12500327    2.14379832    2.17926541    2.46981801    2.16437905    2.18246447    2.06235431    2.05775001    2.24024377    2.10831128    2.22923803    1.89189403    2.12723350    2.41359395    2.15165183    2.33228142    2.57426662    2.39820202    2.66796579    2.18239799    2.95513290    2.72079942    2.56280471    3.01570745    3.32962500    2.82820378    2.79210356    3.36608426    3.40052788    2.93374533    2.96401381    2.81994206    3.59208706    3.26334004    4.11549736    2.83926167    2.73787579    3.10598156    2.86146957    3.16197791    2.97722690    3.41374207    3.07485054    2.81539924    3.07146590    2.81136271    2.99107780    2.77403203    2.81018678    3.00537235    2.87837591    2.63791958    2.64060741    3.43678339    2.54963449    2.59590792    3.05688858    3.07568454    2.72706485    3.36926998    4.46071286    3.68084294    3.64610251    3.84969113    3.60795840    3.61433997    4.07668852    3.73072030    3.65254124    3.02749589    3.27092472    3.83179845    3.56170856    3.80274400    3.59484820    2.11611934    2.49369652    2.63699396    2.69240813    2.43493343    2.86773722    2.69302242    1.89307908    2.28286064    2.62219694    2.31097907    2.07231283    2.08620921    1.91013894    2.02990843    2.53418890    2.19392925    1.94781696    2.35074185    2.05690017    1.99386164    2.02252226
E4TJL9_CALNY/12-95     2.29903345    2.52917216    0.91096100    0.76040328    0.92840494    0.00000000    1.89950181    1.46762243    1.60231746    1.67397733    1.87303059    2.01650223    1.59655518    1.87804712    1.50826977    1.70126381    1.99425039    2.25725401    1.74099791    2.94891096    3.17932281    2.78967398    2.75316507    2.84012719    2.59406600    2.78540686    2.40207841    2.76866137    2.02198784    2.71630154    2.42871434    2.78542563    2.41785222    2.47678209    2.29826589    2.47109962    1.68708140    2.06825538    2.12152968    2.86110930    2.01357774    2.08316348    1.93303629    2.11937230    2.30957259    2.22110949    2.04939644    2.15077698    2.15622265    2.05160070    2.67445617    2.60737199    2.81475083    2.75106357    2.21019466    2.35221214    2.30761683    3.16000673    2.06234385    2.47347573    2.46321360    2.57304806    2.14759324    2.68635362    2.28448138    2.62931204    1.81081412    2.23942468    2.50334850    2.29776037    1.81039332    1.64277111    1.82108193    2.57808708    2.28832308    2.02703818    2.42840258    1.93976264    2.85232068    2.07792340    2.32954639    2.80347698    3.00838570    2.64714852    2.56291874    2.86745422    2.81489118    2.59204789    3.25210414    2.70584254    2.67873909    2.79486489    3.19540457    3.05813005    3.23636384    2.98604190    3.07081091    2.96039387    2.96940545    3.82393427    3.02108724    3.02962035    2.61766825    3.43603942    2.54144038    2.71005368    2.77722663    2.62674066    2.69302433    3.44906935    3.00799154    2.44378450    2.44771097    3.69334432    2.64556591    2.60241203    3.70431345    3.35792821    2.59175122    2.88402019    4.88389468    3.95370531    3.39461687    3.56992095    2.96713353    2.97348611    3.23339419    3.40387104    3.29995890    3.01183287    3.16820455    3.89471517    4.14854823    3.61832648    3.03707918    2.33340146    2.22020458    2.19357007    2.25265047    2.42310633    2.91089873    2.69019860    1.70061969    2.40356109    2.01730139    1.81245870    1.92780862    1.84237657    1.64521600    2.04246328    2.20542302    2.02548880    1.81517687    2.03169282    1.98978901    1.91428957    2.64289119
Q67PC2_SYMTH/17-100     2.27551603    3.66985550    1.84431521    1.90802314    2.07199255    1.89950181    0.00000000    1.73955112    2.33657080    2.24695746    2.46514797    2.51825863    2.36378210    2.75136810    2.21267453    2.62323961    2.17850249    2.14709135    2.16338118    4.04556056    2.99090081    3.47519330    3.69809744    3.96020949    3.74383917    3.54786411    3.14449433    3.75311089    3.16984813    4.05993159    4.01693249    2.51366853    2.75081017    3.07674277    3.49741503    2.92478213    1.91037549    2.33003236    2.49850544    3.18838257    2.20906329    2.04716723    2.84987494    2.90044570    2.78990247    3.00507612    2.57474674    2.51468036    2.53569227    2.42814285    3.20571141    3.25313535    2.81592952    3.50715177    2.81403858    3.27016177    3.42248184    3.60551116    2.36569536    2.53895836    2.73774551    3.65892322    2.68464269    2.83037690    2.30746273    2.45471166    2.44375288    2.41751629    2.49757966    2.23574051    2.95640739    2.60628775    2.25634999    2.79431475    2.45277810    2.73225673    3.23706751    3.64397780    2.90862727    3.01366009    2.49342908    2.88977257    2.24001260    2.47345377    2.20098692    2.67372585    2.54863708    3.47339734    2.85080899    2.74341208    2.73982404    2.74989104    3.01333617    2.36035668    3.23630352    3.22997590    3.40095944    3.44487217    3.25602979    3.05285101    3.42405139    4.02314406    2.73217419    3.19291547    3.56015541    2.89105523    3.27507816    2.95264156    2.89081747    3.18522958    3.69164395    3.03395656    3.07338255    2.98096101    3.14726080    3.09770495    2.88830100    2.97078181    2.56615790    2.86740915    3.15737832    2.94507671    3.26456470    4.25273321    2.79587709    2.90613524    3.38107975    2.64110721    3.33187943    3.52538628    2.94232701    3.81379960    3.55668001    4.00364674    2.57434217    2.14821285    2.63110802    2.45749011    3.58249187    3.13262264    3.23148616    2.83119178    2.20041331    2.65043846    2.11696188    2.16459740    2.28639055    2.24273189    2.03719733    2.19785367    2.37821084    2.23075457    2.73070418    2.15140449    3.04707313    2.48257223    2.63235723
F2LTS5_HIPMA/16-96     1.85590846    3.20183000    1.68373239    1.55205275    2.20136093    1.46762243    1.73955112    0.00000000    2.24170659    1.84700188    1.81162175    2.45608117    2.42333283    3.01778202    2.43274877    2.55422091    2.30420570    2.83572440    2.65328914    3.03168102    2.47832487    2.90989582    2.82926490    2.56148100    2.48912319    2.92027206    2.73042967    2.90499418    3.00952700    3.17944951    3.44032811    2.57059442    3.08812947    3.41541960    3.29870420    2.66533726    3.17608830    2.60916878    3.00875348    3.05138649    3.03450739    2.40925758    2.36379457    2.40399747    2.43621633    2.65076904    2.24126360    2.29424051    2.53629994    2.37030136    2.93001491    2.94264812    3.01500702    3.49845384    2.81745010    3.24591191    3.34158789    3.41086649    2.36945204    2.62968793    2.86207662    3.29352758    2.91913048    3.60158690    2.74606389    2.96519038    3.31133887    2.42247302    2.32328431    2.36248351    2.20215515    2.27259205    2.54521201    3.07817771    2.11951589    2.08258289    3.14317988    2.64549110    3.42178113    3.18952845    3.03192987    2.52657332    3.10966319    2.75962435    2.75011429    2.72608784    2.85796964    3.19230886    3.06586550    2.60995915    2.97690697    3.27233936    4.05445543    2.89621291    3.71823757    3.55607774    3.78908108    3.91254911    3.21549103    3.78686857    4.13399452    3.95902523    2.62182250    3.57760186    3.65825424    3.55586218    3.40534512    3.08579884    3.74193206    3.14623888    3.19490667    3.39877216    3.12889569    4.09851714    3.40030292    3.12492839    3.85627737    3.09276743    2.70257903    2.84109386    4.14231707    3.72880256    3.83939859    3.79822259    4.17339042    3.96951346    3.83155713    3.94389055    4.35987411    3.23868456    3.95782553    3.79676648    4.17267901    4.32092012    3.11726717    2.75766596    2.65532215    2.28646974    3.02795249    2.71008393    2.64477937    2.38459983    2.11518485    2.93983059    3.24294926    2.52846100    2.41914179    2.60818174    2.21101602    2.22073432    2.97122030    2.32160834    2.84191094    2.67748184    2.82327309    1.91316342    2.71486616
A0Q043_CLONN/7-87     2.21839427    2.90704577    2.13035035    1.59295123    2.01151393    1.60231746    2.33657080    2.24170659    0.00000000    1.12303069    1.66949083    1.54308419    1.04100923    1.07095520    1.08959057    1.09109343    1.03368988    1.83400059    1.59993011    2.32017430    2.47113396    2.09346745    2.15733732    2.30311721    2.26155779    2.82617170    2.36425735    2.71229497    2.13292307    2.62223869    2.58797579    1.87716996    1.77673427    2.43900361    2.04580995    1.81499670    2.08630476    1.70456709    1.69736280    2.48209327    1.66639496    1.58747031    2.30245980    2.49802612    3.02187773    2.75999932    2.30619635    2.20241153    2.41304943    2.42594146    3.04131360    2.18085629    2.46807452    2.74749422    2.67679103    2.75631822    2.13636286    2.85052251    2.10657400    2.38266999    2.48133973    2.77264947    2.66604205    2.78347595    2.47615721    2.48067944    2.16075463    1.97562287    2.26592067    2.17634065    1.70550398    1.65775979    2.02899193    1.82931444    1.85933740    2.16067830    2.26496977    2.23810752    2.80353303    2.20181802    2.48929210    2.85603083    3.30309389    3.04052099    2.77685892    3.32044133    3.38681162    3.34533143    3.22996264    3.08730213    3.15980921    2.62711434    3.14751986    4.46619255    3.71920423    2.77023695    2.95883630    3.17294048    2.69582548    2.55019200    2.79035582    2.62182860    2.49027428    2.75296227    2.52798077    2.55332528    2.54638999    3.06671366    2.89076541    3.02284414    3.19701350    2.71196175    2.49971763    2.80011543    2.40931815    2.95057034    3.09585186    2.79767664    2.47942916    2.88784625    4.37025088    4.01307705    4.04335291    4.74235400    3.18304162    3.30731456    4.47357586    3.13884615    3.14566963    4.14590942    3.66321869    3.36030865    3.98121712    4.20199394    3.60472328    2.95836922    2.24983733    2.63500990    2.71230177    2.46954497    3.00500076    2.49145628    1.83287907    2.24397120    2.04849113    2.24548539    1.87098091    2.27125257    1.74936989    2.01667323    2.27822673    2.34585153    2.22497928    1.90139734    2.49376187    1.98172041    2.47421564
Q97H69_CLOAB/8-88     2.57747663    3.45913015    2.26509691    1.72097217    1.72964424    1.67397733    2.24695746    1.84700188    1.12303069    0.00000000    1.55253033    1.30298954    1.42190658    1.06926082    0.99847445    1.15784882    0.87829517    2.42979966    2.40510718    2.31176105    2.22118054    2.22769858    2.35028333    2.84329894    2.55209933    2.44060649    1.99653343    2.03358349    1.95435160    2.43072394    1.86651867    2.05191303    2.32319754    2.52544322    2.19067209    1.81898891    1.93545378    2.17775560    1.46450581    2.12331921    1.93382261    1.67412797    2.19035954    2.18088591    2.44323755    2.28835018    2.15234333    1.97369631    2.28393360    2.16043390    2.52138375    1.98328413    2.26436347    2.54802265    2.51816926    2.76023356    2.48892445    2.73541213    2.36171960    2.57391475    2.46377937    2.87566465    2.33202048    2.47299013    2.24592421    2.80777873    1.97829844    1.95610915    2.36078931    1.86334690    1.92061630    1.98335007    2.04868958    2.11486203    1.99704553    2.33931985    2.49867474    2.44830254    2.03102307    1.98278992    2.22279568    2.72933682    2.75004438    2.57031354    2.65920645    2.35970551    2.50142792    2.83936311    2.55540059    2.66500587    2.81682864    1.96424241    2.82045309    2.90678418    2.77021152    2.12574181    2.34521635    2.60115823    2.33361921    2.39605419    2.74981565    2.69970280    2.65793514    3.00942562    2.45760983    2.33947049    2.57207795    2.94059313    2.82846107    2.89802408    2.78285652    2.82153102    2.75487239    2.78524196    2.29241534    2.44304177    2.49059073    2.64285483    2.14430518    2.51787307    3.78518108    3.22991840    2.44076091    3.32607617    2.76955796    3.10503882    2.91038767    3.17502735    2.89674419    3.17375220    2.80172024    2.38856129    2.58652458    3.05102463    2.79292729    2.35386666    2.49900447    2.61583325    2.26152988    2.12252512    2.55078571    2.22325632    1.94710930    2.43421906    2.39218747    2.30998476    2.22563321    2.64715967    1.89856517    2.22544877    2.45250758    2.51283388    1.98115673    2.50208354    2.52395654    2.17769529    2.67485676
U5MWI9_CLOSA/7-88     2.03954128    2.65903609    2.57884616    1.64682272    1.94557595    1.87303059    2.46514797    1.81162175    1.66949083    1.55253033    0.00000000    0.64910852    1.29421809    1.53237284    1.35784698    1.57144301    1.66227672    2.12962004    1.84039743    2.73445749    2.04937198    1.96207074    1.94537727    2.18711015    2.27190111    2.05740826    1.96467413    1.85128879    2.19542202    2.47509721    2.20173569    1.97172283    2.09183744    2.86274932    1.98103151    2.12675709    2.04633128    1.78440359    2.23695685    2.67997731    2.04540830    2.34785564    1.99143098    2.30764865    2.63591350    2.47855360    2.07607389    2.08432244    2.12984929    1.98445088    2.15412933    2.00843174    2.62598856    2.79303968    2.44134794    2.32498494    2.31650354    2.86929939    2.06741039    2.17259257    2.26566546    2.25731996    2.13466211    2.35358909    2.32915668    2.39633065    2.23645539    1.98230639    2.01488653    1.96998451    1.86863168    1.52464280    1.86724802    2.49522384    2.16531243    2.34034527    2.20680991    2.51033525    2.57868679    2.11560373    2.08307622    2.32078876    3.32723664    2.93010609    2.79734187    2.65906053    2.79094885    3.36369231    3.34442802    3.04446432    3.12220711    2.61393072    3.39147041    3.52338372    3.77664327    2.65232290    2.83818681    3.12552300    2.55222354    2.79604357    2.81881092    3.80388431    3.00300983    3.13615175    3.41410493    2.64523794    2.69236424    3.77488029    3.16967399    2.23008222    2.47935526    2.59146202    2.39007381    3.05725628    3.03021931    2.70223480    2.84848118    2.56571793    2.46181965    3.48151327    4.39693522    3.64285376    3.15328753    4.16820564    3.46075840    3.73439091    3.69216416    3.39433139    3.54952400    3.71448659    3.75873701    3.38882503    3.38294669    3.13150981    3.13362425    2.62228118    2.39883016    2.31760269    2.23982665    2.35453164    2.04045762    1.98487143    1.94030370    2.05055934    2.90126144    2.46591653    2.59946085    2.45923227    1.89288871    1.87025048    2.55530137    2.51208763    2.27036224    2.62944974    2.76098412    1.69379555    2.25762383
M1N4A3_9CLOT/7-88     2.48191830    2.97560313    2.73143290    1.96275659    1.97287237    2.01650223    2.51825863    2.45608117    1.54308419    1.30298954    0.64910852    0.00000000    1.58553321    1.50090148    1.46560985    1.39835067    1.55313274    2.35523947    1.84586612    2.46340147    2.19405347    1.75735565    2.03166216    2.16604738    2.47384957    2.23130486    2.08861723    2.18561338    2.07126299    2.43491219    2.05522623    2.26063936    2.03220658    2.65748084    2.00725624    2.05318412    1.95562380    2.01857063    2.10580521    2.91334248    2.15529184    2.05282404    2.07995273    2.55375118    2.75774421    2.37476117    1.86780485    1.91207752    2.08974959    2.19043471    2.43729443    2.18538441    2.32160084    2.71773009    2.46015237    2.59144448    2.42438999    2.90329131    2.32596847    2.31419991    2.33026707    2.55198790    2.10538245    2.25046619    2.23344799    2.30141568    1.91960036    1.80800023    2.01564411    1.95142226    2.13039922    1.69272056    1.35839440    2.40425581    2.05512837    2.27512664    2.81416483    3.16000208    2.89938402    2.27211965    2.13862261    2.26782495    3.47210506    2.95583986    2.94579840    3.03085775    3.24688109    3.70237737    3.13532046    3.38867986    3.25203035    2.58369425    3.00903190    3.58824981    3.45159257    2.54644425    2.72518333    3.34195191    2.35156927    2.63045785    2.89627622    3.72892307    3.04341067    3.21287232    3.23197739    2.50037792    2.55792234    3.67741979    3.23033548    2.47151835    2.48872339    2.20242629    2.24676652    3.46310455    2.64517669    2.55726077    2.59849337    2.28106735    2.28671549    4.07066762    4.97222661    4.01605879    3.76709119    4.53342177    3.80907210    4.13233611    3.86400957    3.19369499    3.67404927    3.84576857    3.70302829    3.48522816    3.39741268    3.31899148    3.09065986    2.65199082    2.51100666    2.13261682    2.28542108    2.22303061    2.01201106    1.95794538    2.20467782    2.08382248    2.47783254    2.12125822    2.19665077    2.65582520    2.00343228    2.02243243    2.55208411    2.49854082    2.12787711    2.68477884    2.95605089    1.96391834    2.03613346
A5I576_CLOBH/8-87     2.23750670    2.30944051    1.81330538    1.61144595    1.83535091    1.59655518    2.36378210    2.42333283    1.04100923    1.42190658    1.29421809    1.58553321    0.00000000    0.79949727    0.67397226    0.86621789    0.97957851    2.33693236    1.86029599    2.46095515    2.46548036    2.07250768    2.14311487    2.50161086    2.22668932    2.18871346    2.40492089    2.71241885    2.29448340    2.64960246    2.51015292    2.20865410    2.16871648    2.72976250    2.12758689    2.24281921    1.84517985    2.02746015    1.61109495    2.48984782    1.74841489    1.62983490    1.68499813    1.74699921    2.13078828    2.08361556    1.76262969    1.79529121    1.61592686    2.04822595    2.12295047    1.38779866    1.95921260    2.93776476    2.31896201    2.10816836    1.75105966    2.09847427    1.77792835    2.05360077    2.10838709    2.58291224    2.35223335    2.38346228    2.27993208    1.92059758    1.76319303    1.63623096    1.90548722    1.72263111    1.44036135    1.54690428    1.78322113    2.44780692    1.81256128    2.19798670    2.20642434    2.18468385    2.38271393    1.63561226    2.03501537    2.56451945    3.22993483    2.65530639    2.59546435    2.63822644    3.27313441    3.47323406    3.19777960    3.02915921    3.04068475    2.66157134    2.87484832    3.35977860    3.58128423    2.60375612    2.97343370    3.29068322    2.99096430    3.30794173    3.17635208    3.52806726    2.96965971    3.29736057    3.40252159    3.04530594    2.75923278    3.33681945    3.14508649    2.86648663    3.04591365    2.58153790    2.57318520    3.16824063    2.60498772    2.99631185    2.75970364    2.84342306    2.52006965    2.99816459    4.21620256    3.54014512    3.61284343    4.13113098    3.60687943    3.66296346    4.58776319    2.80173799    3.45569139    3.54250226    3.37941035    3.36915401    4.14320614    3.56080861    2.87829956    3.15393492    1.96783204    2.51115163    2.14164424    2.22857289    2.47044967    2.20972618    1.94196882    2.59060758    2.49491637    2.27121429    2.36676605    2.29018602    2.32813499    2.09122908    2.69599763    2.28681396    1.84531716    2.22985308    2.06502818    2.10605113    2.42579521
A5N7D6_CLOK5/9-87     2.78614765    3.26752466    2.76972711    1.72649254    2.05951988    1.87804712    2.75136810    3.01778202    1.07095520    1.06926082    1.53237284    1.50090148    0.79949727    0.00000000    0.32666917    0.88149773    0.91533738    2.21146265    2.16809557    2.48576177    2.35430315    2.09510062    1.65209718    2.42743945    2.04209396    2.08197910    2.35281626    2.31341516    2.33455644    2.31381886    2.14774853    2.33717535    2.59369488    2.21989928    2.28278967    2.39531871    1.65859638    2.00251104    1.63806949    2.05515163    2.09310694    1.71577977    2.19807278    2.32636522    2.65159424    2.71111756    2.29456796    2.55192599    2.12520818    2.28882109    2.94185967    2.10113354    2.55392578    2.62638255    2.63920742    2.38366189    2.19689764    2.35503999    2.43800209    2.39324384    1.87826048    2.36747097    2.12621799    2.26590649    2.68115903    2.34970908    1.87488496    2.07702871    2.19163878    1.67859966    2.16948717    1.95212844    2.04069456    2.39089268    2.27217652    2.02231610    2.64601758    2.65907872    2.41241109    2.22747363    2.32580330    2.46259867    3.76196006    3.11760338    2.96911984    3.18565781    3.29996624    3.10716744    3.21471890    2.91449422    2.88632865    3.04570764    3.40460459    3.66546091    4.33166480    3.14507007    3.10285079    3.78038945    3.10463256    2.90857683    3.14201169    4.08813337    3.30519289    3.27539465    3.06409036    2.69773415    3.13663003    2.94061103    3.25981848    3.65662265    3.20732328    2.52093143    3.03082835    3.42416709    2.91303303    3.07429495    3.35898271    2.85422097    2.79472869    3.91915110    4.69703397    4.63982103    4.05940321    4.33126102    3.36041809    3.88400489    4.12995932    3.85235954    3.82968257    3.92153660    3.91059084    3.78224785    4.06752385    4.27611478    3.71572633    2.99730677    2.41170272    2.93767271    2.57484392    2.57811080    2.79083873    2.62337879    2.64957262    2.88045370    3.06051169    2.30748698    2.44902274    2.72011465    2.10014230    2.03668536    2.49572790    2.76905604    1.90060305    2.72954196    2.79358516    2.39536688    2.66761957
U5S182_9CLOT/8-87     2.55619790    3.03845551    1.92881064    1.44285471    1.64975000    1.50826977    2.21267453    2.43274877    1.08959057    0.99847445    1.35784698    1.46560985    0.67397226    0.32666917    0.00000000    0.74623808    0.74026289    1.99709659    2.00622522    2.31439117    2.18540814    2.07681393    1.79477903    2.37993508    1.93725065    2.09820954    2.12528351    2.10307090    1.89972674    2.11896697    1.99797348    2.14747682    2.26308170    2.24582341    2.00101130    2.01842423    1.47268452    1.53236819    1.44332694    1.80053695    1.71428629    1.54017437    1.77701714    1.93060547    2.19500416    2.30857540    2.17292694    2.21276315    1.90291974    1.93082495    2.55306103    1.57918580    1.94022841    2.58231907    2.03846075    1.94259507    1.87094112    2.13367753    2.05730227    2.08799790    1.89731086    2.19981320    1.85723545    1.88984852    2.24482245    1.93085018    1.64446612    1.58201645    1.78884805    1.35484778    1.58967009    1.61321677    1.72791230    2.32986605    2.03965378    1.80861432    2.32422398    2.14773410    2.09059739    1.57320730    2.10191615    2.26194450    2.90576555    2.84618934    2.61314663    2.69865300    2.79158287    2.99999311    2.88496690    2.85309764    2.68560409    2.78146166    3.40704326    3.26925182    3.83100641    2.92830958    2.67100931    3.16444508    2.73467977    2.68423235    2.92647158    3.18117998    2.76481154    3.14781889    2.57235926    2.56297922    2.87172490    3.06520908    3.00900542    2.92764793    2.72693273    2.21150152    2.56564415    2.89656824    2.59468141    2.74827254    3.03740545    2.68864807    2.33898501    3.44692866    3.88227938    3.52750854    3.52800143    3.50234871    2.93587164    3.27046814    3.59386047    3.32552236    3.39902320    3.48724269    3.17992532    3.00502426    3.41257318    4.00757556    2.97735550    2.73546310    1.98135136    2.51586239    2.10929384    2.12754146    2.15870232    1.96687496    2.02680312    2.76065966    2.44641203    1.84277344    2.04343045    1.99075150    1.71043646    1.58567095    2.12406458    2.11046602    1.52109688    2.19352975    2.47086460    1.93820747    2.22146282
Q893Z8_CLOTE/14-94     2.40725010    3.22934927    2.49432800    1.84091317    1.83208655    1.70126381    2.62323961    2.55422091    1.09109343    1.15784882    1.57144301    1.39835067    0.86621789    0.88149773    0.74623808    0.00000000    0.70869559    2.30426662    1.83231481    2.13798647    2.38069076    2.17960729    2.28013364    2.26828878    2.33621444    2.36094604    2.04580172    1.92466079    1.94384466    2.49318975    2.13029673    2.15832959    1.96138485    2.29095509    2.27746956    2.30002693    1.95194981    2.16956986    1.65062153    2.61614816    1.61917237    1.62145558    2.57523402    2.20162617    2.86464859    2.39288911    1.97824830    2.01706091    2.09193128    2.37337132    2.65025423    2.27947602    2.64545596    3.03661818    2.66995260    2.47575564    2.34408699    2.68093989    2.57679269    2.17639402    2.31651657    2.85146152    2.60936949    2.68814416    2.96319582    2.46997321    1.65222149    2.36140841    1.94437782    2.00685096    1.81653327    1.71295101    2.27609872    2.45042315    2.16423118    2.20879420    2.75544032    2.26525728    2.84944653    2.40154768    2.82460222    2.26692551    3.32779352    2.65132792    2.76235205    3.18420850    3.06223911    3.56729451    3.29476061    3.19497063    3.16268931    2.48805137    3.24155156    4.28052463    3.85994113    3.06555307    3.17155738    3.62001372    3.18392025    3.20953462    3.60484531    3.69502229    2.82217884    3.87107248    3.54563625    3.13116101    2.78602243    3.71098079    3.46229010    3.61758247    3.48654658    2.65496879    2.62849599    4.33039069    3.14376925    3.74812612    3.40918481    3.59362646    2.79416805    3.49658269    4.24340089    4.37662967    4.23376895    4.22235181    3.66340246    4.12419277    4.45853465    3.51769816    3.59394559    4.34551528    3.76135200    3.13946476    3.60950626    4.34781987    3.29243844    2.84264606    2.23585291    2.92216992    2.43376232    2.73823830    2.78879448    2.76871698    2.48784450    2.73559046    2.32225437    2.10087228    2.33343374    2.22007910    1.95657204    1.72143323    2.19334586    2.36492614    1.74975027    2.01273543    2.56773666    2.26332620    2.33555217
R4K3Q1_CLOPA/9-88     2.10797519    3.10198708    2.07253443    1.71741291    1.67390281    1.99425039    2.17850249    2.30420570    1.03368988    0.87829517    1.66227672    1.55313274    0.97957851    0.91533738    0.74026289    0.70869559    0.00000000    1.77684260    1.98485476    2.78119576    2.27326125    1.97777721    2.42203526    2.40064743    2.20393376    2.24750191    2.26304787    2.08595882    2.13987907    2.89523137    2.30667551    2.08951380    2.08222926    2.26464577    2.18962045    1.88177703    1.74509219    1.66947553    1.74516174    2.07956128    1.71713506    1.47150462    2.00416398    1.85723506    2.33703708    2.08671659    2.21847428    2.25998521    1.90493120    1.97800221    2.36394522    1.62117384    2.33084633    2.84000664    2.39536794    2.46706300    1.92556634    2.36139569    2.24206599    2.02694968    2.00132478    2.12864746    1.69698776    1.93515363    2.13783224    2.13716508    1.61347340    1.79417969    1.74701203    1.71885027    1.56371621    1.88527056    1.98398889    2.15550543    1.60804524    2.21769620    2.28746049    2.15857239    1.88753228    1.93718432    2.41864695    2.28123864    2.13047979    2.32960796    2.34562488    2.50826039    2.49213895    3.04894310    2.53401480    2.62972186    2.69351200    2.36172022    3.25088946    2.85412543    3.24615493    2.65964645    2.59025378    3.09627848    3.01344820    3.00812737    3.12646294    3.45147679    2.43914522    3.14705353    2.96020955    2.80213710    2.77391086    3.17522177    2.88112072    2.87555425    2.84572485    2.92986812    2.99658206    3.11217609    2.96341111    3.40993806    2.66237530    2.78439110    2.50732443    3.01656985    3.65915701    2.72581106    3.48089255    3.01517645    2.77639693    3.02713053    2.86466482    2.76292204    3.35890967    3.64373190    3.17172912    2.65156313    3.17354453    3.77495615    2.51626209    2.36099969    1.99458572    2.47335172    1.97660527    2.09559251    2.34985035    2.05418514    2.00010330    2.49431271    2.26745402    1.91490235    1.82043506    1.82265247    1.65717727    1.84646241    2.07225094    1.88752481    1.78316006    2.16032447    2.43168736    2.10453795    2.13725599
E3PSI2_ACESD/9-93     2.56846637    3.78946547    2.31509332    2.24593415    1.88948167    2.25725401    2.14709135    2.83572440    1.83400059    2.42979966    2.12962004    2.35523947    2.33693236    2.21146265    1.99709659    2.30426662    1.77684260    0.00000000    1.50844822    2.38687967    2.89142093    2.42649937    2.35874640    2.62792575    2.67547478    2.71762081    2.15863164    2.16665472    2.32448994    2.81157359    2.60728171    1.74377360    1.95277223    2.41892167    1.92155910    2.15130181    2.09384446    2.21207971    2.26527767    3.00219735    2.57391020    2.27871130    2.17970897    2.41772986    2.67676823    3.23588694    3.01707512    3.10010653    2.86960235    2.45716214    2.19930696    2.43182409    3.18041155    2.18030099    2.26882740    2.26554951    2.24787113    2.53473403    1.98800224    2.03485216    2.05005135    2.24831863    2.38259431    2.56078035    2.20178258    2.70932562    2.02973959    2.13763838    2.01685193    2.02637969    2.66591207    2.20888571    2.45024628    2.58525384    1.95432551    2.97039513    2.72706056    2.53728645    1.92473499    2.00500508    2.35484334    2.93808140    3.19762628    2.75422096    2.28507659    3.13124915    3.03232165    3.10813671    3.27502240    2.66140971    2.79973183    2.69167612    2.79632038    2.76036464    2.65642945    2.32987094    2.09599834    3.18444993    2.91486460    3.23460131    3.22768155    3.51051496    3.14387305    3.10247962    3.05345557    2.98325308    2.87227690    2.52296041    2.42237297    2.89137562    2.97832532    3.25498052    3.11066426    3.62759393    3.48931797    3.48766838    2.94263230    3.33936394    2.86682268    3.58884557    3.79019212    4.04949687    3.83728956    3.91073022    2.91259606    3.08955211    3.97593041    2.57059320    3.23246241    3.21020421    3.01818355    4.37058997    4.31418101    3.87502696    3.10810765    2.70217107    2.42506082    1.94139070    2.65945209    2.44070586    2.45637047    2.82972268    1.97954090    2.19532798    2.84884557    2.73040178    2.07086654    2.12362294    2.31011792    2.40253519    2.65325621    2.93404272    2.79189758    2.42468126    2.86232368    2.46939204    2.00738655
