7
G2KNT5_MICAA/129-366     0.00000000    1.74359061    1.45778026    1.48797219    1.79587732    2.10065357    1.89605245
B2ILJ2_BEII9/53-314     1.74359061    0.00000000    1.71831285    1.65156245    1.86338740    2.01860945    2.09995734
Q5ZYC2_LEGPH/121-356     1.45778026    1.71831285    0.00000000    0.56481803    1.59277638    1.52851456    1.55453887
Q83B85_COXBU/113-346     1.48797219    1.65156245    0.56481803    0.00000000    1.49729486    1.46312740    1.42227320
I0ILW9_LEPFC/142-372     1.79587732    1.86338740    1.59277638    1.49729486    0.00000000    1.89090239    1.87202023
C3M8E0_HAMD5/86-329     2.10065357    2.01860945    1.52851456    1.46312740    1.89090239    0.00000000    0.67564500
Q877T8_PSESM/105-347     1.89605245    2.09995734    1.55453887    1.42227320    1.87202023    0.67564500    0.00000000

