123
G9PB03_HYPAI/63-226     0.00000000    0.28423747    0.42003380    0.44321726    0.44233233    0.61289682    0.68627356    0.64876629    0.66308451    0.60139361    0.58807511    0.60890119    0.61070845    0.70105162    0.68933447    0.58809514    0.53528862    1.88722427    1.53318544    1.66946944    1.48905395    1.62800768    1.81563340    1.52474560    1.26407099    1.59149313    1.67782923    1.34054700    1.36926134    1.31748355    1.63043937    1.11647980    1.38170945    1.20844019    1.21841949    1.06637375    1.10727487    1.08506741    1.87561081    1.78645004    1.78593920    1.40233169    1.39542360    1.56754424    1.80956145    1.83248878    1.65485315    1.63659474    1.86099482    1.82349846    1.87981541    1.89741808    1.93669740    1.77402238    2.32916745    1.80295487    1.82006315    1.78419634    1.92613360    1.77759873    1.53045985    1.80344592    1.87859969    1.75103084    1.72731093    1.50714181    1.64771948    2.32164739    2.38874924    2.53222088    2.45739411    2.63717595    2.81512387    2.58501587    2.45941180    2.45105974    2.32917726    2.20233435    2.41337275    2.50117953    2.09103374    3.07268422    2.34737252    2.58783013    2.99694242    3.24656777    3.48264284    3.10762074    2.94347015    2.73339195    2.59138078    3.06568613    2.70412948    3.04932544    2.47419335    2.42329173    2.68009556    2.35805577    2.42272052    2.37544980    2.22353966    2.58196552    2.15159523    2.30523608    2.26076554    2.27219455    1.34115928    1.28662513    1.35139318    0.79645296    0.76105114    0.69374383    0.65735940    0.72516921    0.65521251    0.70691070    0.38976377    0.42780034    0.36609886    0.39024891    0.47363839    0.39300142    0.48071308
N4UDZ6_FUSC1/110-275     0.28423747    0.00000000    0.25301661    0.25701670    0.30154360    0.49118575    0.49522764    0.50162476    0.54390783    0.47142074    0.43646882    0.48229639    0.48519264    0.54649664    0.51163539    0.40422923    0.41658570    1.71076281    1.31304929    1.52890620    1.23557856    1.40321686    1.64704840    1.34950517    1.13158647    1.37395653    1.58198080    1.25169649    1.22401083    1.15883663    1.38444737    1.05316852    1.34215574    1.16949181    1.17750717    1.04789797    1.04133383    0.97293486    1.73098250    1.66854054    1.62105136    1.12144914    1.18425170    1.45769786    1.64095891    1.57681469    1.62383961    1.45539692    1.67891320    1.54155029    1.60513938    1.74174974    1.50686714    1.40873795    2.02006054    1.66248798    1.61829343    1.55029634    1.66058861    1.65909286    1.35642298    1.72367483    1.63030662    1.54300406    1.50863514    1.37523946    1.48730162    2.11262914    2.22172471    2.37307033    2.18193376    2.51762470    2.52762372    2.29709543    2.15184520    2.26416795    2.08543403    2.04048291    2.23343740    2.15007346    1.89949025    2.93097987    1.92933086    2.26228738    2.62467189    2.83853143    2.93736651    2.83247200    2.72251018    2.41101007    2.35640574    3.19070346    2.79369944    2.88757961    2.37631422    2.25549943    2.66764010    2.34621256    2.41032564    2.37167648    2.28689031    2.37836753    2.10943718    2.29976746    2.11566028    2.16746210    1.16804795    1.21084872    1.22198418    0.69101999    0.64749939    0.57725938    0.54679728    0.60276803    0.53623792    0.65217509    0.27774714    0.39598786    0.24367618    0.25193979    0.30837407    0.26050683    0.33506788
M7TGI7_EUTLA/86-254     0.42003380    0.25301661    0.00000000    0.26256774    0.36664384    0.51894494    0.56448742    0.49277721    0.58667871    0.51230267    0.51802704    0.52544422    0.54675179    0.56749211    0.62260906    0.41008059    0.45684921    1.82497409    1.38589187    1.51181564    1.38306864    1.51666929    1.53822531    1.42122783    1.23463526    1.43622004    1.52445446    1.36485606    1.35153591    1.26344105    1.45967159    1.06067224    1.39219752    1.20882732    1.18732173    1.05369043    1.18586785    1.05734874    1.87883091    1.66398165    1.63317157    1.39062526    1.46334381    1.55971950    1.78539809    1.65344558    1.61211454    1.50034228    1.92613448    1.56651890    1.78832394    1.81801411    1.67463149    1.55189631    2.02851039    1.68526375    1.66635467    1.70866211    1.75708131    1.73038392    1.55445371    1.76445117    1.80769951    1.76853845    1.50618165    1.45103641    1.52997668    2.05165252    2.41502555    2.56466979    2.49003664    2.63278859    2.65499609    2.56441336    2.35057290    2.55584891    2.28417819    2.18875396    2.34921606    2.19316785    2.05185137    2.87549718    1.90479867    2.42900981    2.64347451    2.90657278    2.90677026    2.77762779    2.69619262    2.71680286    2.37700338    2.92661597    2.95780484    2.84188910    2.33393965    2.35445723    2.57667608    2.37669510    2.46764993    2.54675228    2.41968970    2.43397074    2.13806583    2.25361190    2.20391439    2.28249008    1.14466070    1.25470500    1.24835271    0.73672822    0.70788312    0.57441227    0.56928564    0.59257714    0.55503070    0.60174079    0.32350279    0.35761858    0.33144720    0.27846061    0.33966213    0.32282967    0.30894840
K1WRE0_MARBU/110-276     0.44321726    0.25701670    0.26256774    0.00000000    0.26246763    0.43681158    0.47792251    0.37102207    0.43364036    0.37218249    0.39130862    0.42037007    0.41090485    0.47771578    0.53846889    0.37042636    0.37600531    1.67049319    1.23724672    1.38141978    1.25183601    1.40370786    1.60174261    1.39020196    1.18500699    1.32850322    1.37483172    1.30083777    1.28915620    1.23958500    1.37427877    1.10832725    1.41591062    1.22309101    1.07556180    1.14185439    1.17263388    1.01481655    1.57790093    1.46389809    1.49828215    1.30243406    1.21281545    1.42357684    1.69337465    1.72688689    1.60883415    1.50844173    1.75535647    1.65960994    1.70182337    1.81274981    1.64419278    1.51589349    1.89212574    1.62982156    1.62184174    1.48542373    1.62749643    1.62994135    1.37603979    1.60455124    1.56497295    1.65069936    1.47393763    1.53042261    1.55901532    2.09753717    2.30802710    2.51529612    2.31448186    2.57572942    2.46448843    2.51897251    2.33680176    2.44627793    2.26451751    2.24161073    2.31860406    2.07485248    2.05952948    2.92963042    1.91527221    2.42537593    2.64636082    2.93316251    2.77659564    2.84717968    2.85096327    2.54738011    2.49730248    3.04523336    2.81804800    2.97307386    2.50622980    2.46794769    2.69727460    2.52102232    2.61924679    2.54970851    2.43330128    2.47073994    1.98723831    2.31275019    2.13439765    2.39714932    1.13418355    1.13565890    1.14306989    0.61460881    0.58956443    0.42196883    0.49598004    0.50474467    0.47160141    0.52933545    0.22577568    0.34501874    0.32479667    0.27146166    0.30415744    0.25047837    0.23726078
L8FTE7_PSED2/85-249     0.44233233    0.30154360    0.36664384    0.26246763    0.00000000    0.52342827    0.55092625    0.43459929    0.41000155    0.36440032    0.37878560    0.40530895    0.39842471    0.42447097    0.49940153    0.42411592    0.43011348    1.61259579    1.31275070    1.46174621    1.34625169    1.51861106    1.73891216    1.37416192    1.29873633    1.47598083    1.56441889    1.29631520    1.40523890    1.33559918    1.49776888    1.10711387    1.40937476    1.18592888    1.13855935    1.11893839    1.20565563    1.01497264    1.69574022    1.70177003    1.55445302    1.32200316    1.36467446    1.54355433    1.69667862    1.87430974    1.70241660    1.60697138    1.84272853    1.75549099    1.96715766    1.86352603    1.86456328    1.70091343    1.94093594    1.70013460    1.73351362    1.64669593    1.62552218    1.71194850    1.48307504    1.83715057    1.66624296    1.75243244    1.47880301    1.50202549    1.51685386    2.05181008    2.32153586    2.51864924    2.33040445    2.58578234    2.68248173    2.61515734    2.39488089    2.46611003    2.40443937    2.20288068    2.34698333    2.17194803    2.19150386    3.02078407    2.03604081    2.46398537    2.67627709    2.94723476    3.10543967    3.04060912    2.78722005    2.68622626    2.50857594    2.97319451    2.98756678    2.86566055    2.60470358    2.42555035    2.63647222    2.51464715    2.66240122    2.50310650    2.40971487    2.45515699    2.12647194    2.46691300    2.31218163    2.42619471    1.21764290    1.17000304    1.18868800    0.69771622    0.64352677    0.49486830    0.51224251    0.48757016    0.46617191    0.56895915    0.31188282    0.40838572    0.32977521    0.30229405    0.38551081    0.27676897    0.32271578
R0IIX8_SETT2/112-277     0.61289682    0.49118575    0.51894494    0.43681158    0.52342827    0.00000000    0.62293054    0.56795832    0.60709995    0.57457231    0.60009247    0.63273986    0.57721298    0.67040612    0.64477341    0.55693431    0.47893108    1.83816723    1.37172484    1.34703796    1.15165849    1.34608800    1.72295115    1.42769095    1.15043634    1.44963493    1.40940151    1.21338694    1.34237066    1.29479145    1.35538940    1.21165124    1.45040668    1.05631127    1.28361382    1.12206712    1.12628009    1.00789556    1.68048896    1.56896742    1.51934829    1.40683454    1.40966362    1.48183660    1.65526630    1.70498733    1.71862705    1.62530566    1.84821715    1.67402401    1.92408464    2.04336006    1.74833716    1.70136973    1.81975852    1.68174865    1.64690931    1.60544097    1.66016909    1.74631232    1.32841749    1.69082403    1.60102865    1.58705894    1.60982404    1.53373242    1.62432177    2.21042569    2.32451052    2.56335766    2.26876318    2.13905118    2.38009000    2.38186997    2.15084168    2.21009103    2.12185258    1.89467876    2.17170598    2.04742949    1.95197168    2.95906370    2.21196163    2.33592573    2.48079311    2.73982301    2.79228295    2.80838283    2.56351092    2.50344633    2.42070207    2.92989706    2.44551674    2.77740250    2.51641712    2.09134745    2.49777271    2.22968578    2.32419813    2.24965709    2.06565394    2.37849927    2.00829482    2.53203077    2.19464536    2.35413372    1.16709180    1.38587071    1.46121338    0.73969980    0.73188090    0.73744029    0.81276310    0.78425186    0.72384611    0.79489118    0.46489677    0.50507756    0.52787982    0.53256351    0.60393134    0.47788216    0.47948559
H6C495_EXODN/86-249     0.68627356    0.49522764    0.56448742    0.47792251    0.55092625    0.62293054    0.00000000    0.47234235    0.56924830    0.48234859    0.46799552    0.46830235    0.45580423    0.50937343    0.61024837    0.49780260    0.56078531    1.59931280    1.38767169    1.60011367    1.32499783    1.48965172    1.92528876    1.42068784    1.15893074    1.56649900    1.51166875    1.48703769    1.33007285    1.35526472    1.49063783    1.25467631    1.41725188    1.13685863    1.29674898    1.16198490    1.24127808    1.19845133    1.92018167    1.70496935    1.72437910    1.20534029    1.15546953    1.54284857    1.80988847    1.66404280    1.58715396    1.45262161    1.83058233    1.63599278    1.85904145    1.92487127    1.73081466    1.56874957    2.11112479    1.67282384    1.61465519    1.52816121    1.73595949    1.77707395    1.37091079    1.74424388    1.69498956    1.61084353    1.60154101    1.47969221    1.53980376    2.03726983    2.26481162    2.37786155    2.21787747    2.76804736    2.43005940    2.42535562    2.33002008    2.43105132    2.31709556    2.28303734    2.40504798    2.01015302    1.93533883    3.08451958    2.23021850    2.44269742    2.89197895    3.08892914    3.14163011    3.15003215    2.96515196    2.47405527    2.29925071    2.68852061    2.89247018    3.29444283    2.74160377    2.62319361    2.75989952    2.67935617    2.82931509    2.80324518    2.74732934    2.75143514    2.20753633    2.41902097    2.34992401    2.26837970    1.43577866    1.23216821    1.16964551    0.83732377    0.75065254    0.61922527    0.63513754    0.66839828    0.61038385    0.67830406    0.56656948    0.57882823    0.56146790    0.57284352    0.56247648    0.53399300    0.53673070
B8MNQ5_TALSN/86-250     0.64876629    0.50162476    0.49277721    0.37102207    0.43459929    0.56795832    0.47234235    0.00000000    0.23654232    0.20870717    0.25266325    0.32629032    0.30741108    0.35124280    0.54678287    0.47854911    0.42407977    1.66644975    1.27547640    1.55833424    1.25023115    1.33771972    1.84230066    1.36095994    1.17254003    1.43252876    1.39790034    1.44948876    1.45546710    1.29520812    1.50986212    1.09297196    1.50331882    1.19470411    1.18775938    1.02897970    1.16141077    1.09511481    1.92192827    1.72071688    1.70972023    1.29446129    1.36841201    1.57169118    1.86131965    1.88653359    1.67552267    1.62180350    1.85472079    1.71120047    1.97732705    1.99149359    1.74294534    1.70657088    2.16345574    1.94159495    1.74184608    1.57737787    1.74938515    1.79405096    1.52257186    1.91458597    1.72022551    1.72025460    1.58495527    1.54300894    1.72706548    2.08259886    2.04492441    2.50371780    2.19591535    2.48788036    2.44457216    2.31860968    2.38811121    2.39471368    2.28754400    2.18537176    2.38656280    1.88909758    2.02140569    2.99607871    2.24770720    2.54599711    2.91261565    2.81193053    2.92978265    3.04047771    3.00211669    2.40451022    2.38760510    2.88831015    2.82324196    2.78749317    2.44225693    2.37996739    2.57626950    2.52331705    2.51595563    2.51464194    2.52397326    2.55275909    2.02857641    2.41985622    2.17570196    2.49143968    1.26325468    1.06931079    1.13052631    0.72292546    0.64968980    0.51968700    0.53795801    0.56358561    0.52146788    0.59058615    0.44533202    0.56167709    0.55511122    0.54702526    0.52497060    0.44034733    0.51157627
K9G5R6_PEND2/114-276     0.66308451    0.54390783    0.58667871    0.43364036    0.41000155    0.60709995    0.56924830    0.23654232    0.00000000    0.17569851    0.24552840    0.33046302    0.31571582    0.37989909    0.55321561    0.53197593    0.45378986    1.62990251    1.37836061    1.48855467    1.29405569    1.41801770    1.83607143    1.42096238    1.22404401    1.55739224    1.45118989    1.45428121    1.52762959    1.32097937    1.64780231    1.19660368    1.60437522    1.32898216    1.32924811    1.09910345    1.16465430    1.09383947    1.98275659    1.87281349    1.76493415    1.41532931    1.43791119    1.67196029    1.84657665    1.97130933    1.67131986    1.70233486    1.84731971    1.75535792    1.96215833    1.94663876    1.84438662    1.84560088    2.12363882    1.74902394    1.76474605    1.57641982    1.65434220    1.71725139    1.45013621    1.86618960    1.59270600    1.60526122    1.49118068    1.57175092    1.69337516    2.00975685    2.20691341    2.42948276    2.35426068    2.67156193    2.95368145    2.68461919    2.69553012    2.57375822    2.48708344    2.40884062    2.72551404    2.14829445    1.97265188    3.17242113    2.38365678    2.52702926    2.91864923    2.80308093    3.03329570    3.19864265    2.90335125    2.82639107    2.81176582    3.02139281    2.65248623    2.92160300    2.64213702    2.58802758    2.82862283    2.69357747    2.75355329    2.71529231    2.49835512    2.63326325    1.93674389    2.52148609    2.26841330    2.54159660    1.35173608    1.25199717    1.26624087    0.76073784    0.66874057    0.61377667    0.62936861    0.66959665    0.62686460    0.69672715    0.47275449    0.59880451    0.52547943    0.52422083    0.56566358    0.46078378    0.49009953
G3YC29_ASPNA/106-271     0.60139361    0.47142074    0.51230267    0.37218249    0.36440032    0.57457231    0.48234859    0.20870717    0.17569851    0.00000000    0.24235887    0.29500034    0.26105959    0.35351583    0.54109840    0.49790819    0.46421806    1.58339747    1.39004031    1.52737626    1.24767899    1.41502083    1.75937265    1.36417702    1.21815759    1.54613675    1.46895257    1.42449804    1.47637276    1.28327074    1.52710160    1.13868357    1.49341016    1.22293324    1.32031998    1.05942293    1.14292000    1.07420053    1.79111669    1.78406581    1.64596612    1.37414845    1.34515704    1.52419173    1.69364752    1.87048906    1.68868465    1.60394783    1.83235538    1.74352525    1.86894562    1.89109321    1.77722673    1.73469509    2.18569046    1.73221453    1.82462381    1.58991363    1.71993423    1.77525891    1.55237785    1.83767616    1.71958612    1.75237677    1.53611056    1.61301362    1.72437198    2.11859555    2.18453630    2.38949163    2.28598439    2.64317964    2.70573666    2.54044785    2.49428463    2.50333962    2.36845922    2.19366513    2.49946412    2.09982495    1.99410823    3.14646976    2.26207103    2.51216619    2.83502469    2.70025903    3.18973839    3.21749714    2.83825618    2.49577367    2.58840258    2.84278918    2.64923701    2.82537849    2.59779499    2.47910229    2.64078731    2.73819256    2.74172914    2.60777729    2.41981244    2.54477936    2.10551499    2.52444865    2.29290134    2.40118845    1.31363828    1.16640504    1.18926640    0.70664403    0.63217178    0.51362069    0.47443563    0.52754304    0.49899122    0.58695499    0.40154902    0.53014516    0.51842864    0.47775370    0.50850659    0.38783526    0.42838622
C1HDJ8_PARBA/204-368     0.58807511    0.43646882    0.51802704    0.39130862    0.37878560    0.60009247    0.46799552    0.25266325    0.24552840    0.24235887    0.00000000    0.24713811    0.23764456    0.25675031    0.54511729    0.43823384    0.42370899    1.71921990    1.47878757    1.60319630    1.31601649    1.43276626    1.84254723    1.38004839    1.28435532    1.53658630    1.46131202    1.52957550    1.43592548    1.33686329    1.60644316    1.18037952    1.54351360    1.18512569    1.23145991    1.08544690    1.08977704    1.15516184    1.85101794    1.86147498    1.62200240    1.35428986    1.25376740    1.58112394    1.64281141    1.88483598    1.67533274    1.58090457    1.85170317    1.70371997    1.97657031    1.94445575    1.67182006    1.71210248    2.20521973    1.67828185    1.81590764    1.67826688    1.75871745    1.88404403    1.44056300    1.89094087    1.66209422    1.69321693    1.56224567    1.49798700    1.61552028    2.20676066    2.15806600    2.33744519    2.42184498    2.54820172    2.78009070    2.55441924    2.55484962    2.54165152    2.43136977    2.34420226    2.59128016    2.22176704    2.08491361    3.12078673    2.20356336    2.63402309    2.62862557    2.70324439    2.98974068    3.00495058    2.82459432    2.40151346    2.49801998    2.78303823    2.65950187    2.91230855    2.65268474    2.52996089    2.79088669    2.74553211    2.67149494    2.75993313    2.59075854    2.64309746    2.20248989    2.56738339    2.42507056    2.19585249    1.30789604    1.12789478    1.14849640    0.77536480    0.69954917    0.53482673    0.54199099    0.57725975    0.51562261    0.62720833    0.40911729    0.51064180    0.49106350    0.44390689    0.49904099    0.40468199    0.45864681
E9DAC9_COCPS/86-251     0.60890119    0.48229639    0.52544422    0.42037007    0.40530895    0.63273986    0.46830235    0.32629032    0.33046302    0.29500034    0.24713811    0.00000000    0.21137555    0.29395817    0.56179630    0.47028302    0.46631380    1.70056198    1.39923807    1.46113314    1.40646161    1.44245311    1.67155035    1.39938010    1.30929896    1.56494078    1.40720143    1.47981724    1.51885668    1.35112093    1.61546390    1.22306114    1.48885140    1.32448519    1.26052825    1.18532879    1.24704474    1.22465469    1.93618192    1.84999274    1.75599714    1.31676917    1.23636951    1.58041077    1.77407127    1.81288658    1.78129716    1.64492862    1.89614461    1.80362877    2.02991098    1.88373383    1.83209355    1.79994207    2.13428924    1.69312488    1.81483477    1.67791884    1.68146587    1.76982563    1.51886167    1.82831776    1.63837802    1.62722547    1.55756722    1.56323612    1.60999212    2.24091996    2.22802975    2.50942942    2.31595794    2.51115229    2.72934489    2.50119703    2.49066678    2.44827166    2.31259323    2.22035622    2.35250116    2.06864081    2.03568853    2.90676370    2.14544853    2.65241646    3.00525245    2.96911228    3.33548738    3.47157687    3.18104097    2.42006593    2.44891787    2.82397641    2.75759699    2.75595012    2.54613347    2.59887260    2.66860444    2.85784099    2.77946844    2.56463376    2.42374103    2.75800816    2.15899648    2.52308086    2.39824094    2.28214087    1.27086680    1.12656860    1.14791390    0.77475663    0.71953947    0.55571673    0.53364017    0.54791193    0.52289531    0.60888631    0.43482426    0.50517642    0.46556203    0.48253160    0.51370787    0.44423229    0.48723902
C4JWN2_UNCRE/111-275     0.61070845    0.48519264    0.54675179    0.41090485    0.39842471    0.57721298    0.45580423    0.30741108    0.31571582    0.26105959    0.23764456    0.21137555    0.00000000    0.28778772    0.49599037    0.47949816    0.43835148    1.66642765    1.38301260    1.45141615    1.30736919    1.39440387    1.73230130    1.40999569    1.19930586    1.61247950    1.47498725    1.45148863    1.41780552    1.28610404    1.61288940    1.19622386    1.51582284    1.31840798    1.14702709    1.10379374    1.19012433    1.15991188    1.89649966    1.79932138    1.62435127    1.36906355    1.23304847    1.68101954    1.76085222    1.92888132    1.72233425    1.58805094    1.91343332    1.85041570    2.04630696    1.90795833    1.75713805    1.77957234    2.10841795    1.67954429    1.78472910    1.61512502    1.62481879    1.76478328    1.42294728    1.77094262    1.56100580    1.69201077    1.58356319    1.50435107    1.56489597    2.10339933    2.33386285    2.44960753    2.45437255    2.43839262    2.62495681    2.44433632    2.40542759    2.42240224    2.35150525    2.25179901    2.34514714    2.15922589    2.20061454    3.02134850    2.15203893    2.68556517    2.85585750    2.90461662    3.25946847    3.38053435    3.09025788    2.55680807    2.62209084    2.97489281    2.80011510    2.95459767    2.63212234    2.50706209    2.71470878    2.77352088    2.72005209    2.62697298    2.46213279    2.59998177    2.06150389    2.44121882    2.35502465    2.11916392    1.26356238    1.14542290    1.10915326    0.71082611    0.64635371    0.57696865    0.54099832    0.56960466    0.53160225    0.61628648    0.40217134    0.50882657    0.42938731    0.48056915    0.51096107    0.40482645    0.49139000
F2SII8_TRIRC/86-249     0.70105162    0.54649664    0.56749211    0.47771578    0.42447097    0.67040612    0.50937343    0.35124280    0.37989909    0.35351583    0.25675031    0.29395817    0.28778772    0.00000000    0.59968109    0.46420098    0.44039733    1.66173935    1.44935560    1.53473137    1.41934675    1.52785508    1.84967967    1.39479840    1.38780042    1.66083463    1.62978270    1.49824595    1.55691831    1.42878816    1.60933872    1.23490025    1.61280593    1.29583278    1.35884674    1.21430570    1.26605094    1.24971697    1.89708171    1.90496331    1.64610466    1.27700330    1.32545091    1.54991300    1.73254505    1.86764914    1.75619813    1.61546772    1.81722908    1.80055227    2.02575317    1.91461072    1.88526357    1.76407742    2.09094572    1.79539723    1.70596195    1.75389080    1.72187013    1.93880380    1.52380652    1.87055386    1.57216442    1.63472300    1.60282524    1.49030380    1.51196661    2.20814655    2.15027398    2.56545460    2.17919981    2.49441566    2.54846485    2.44113693    2.39723210    2.44367844    2.56275446    2.26808254    2.53135420    2.19966246    2.05821794    3.12456463    2.21420595    2.48370043    2.66326000    2.84321782    3.06753741    3.16857995    2.79894725    2.62837978    2.33428010    2.87568327    2.85064707    2.71712853    2.56419317    2.41862138    2.58153789    2.73043032    2.68372105    2.54603986    2.59912626    2.77377863    2.08013956    2.65504699    2.42398795    2.31126396    1.24810186    1.09351582    1.08632766    0.76246471    0.69683128    0.65634072    0.59080841    0.64259303    0.58590412    0.71796388    0.49244930    0.51797197    0.51324762    0.52718356    0.59194825    0.49372171    0.57353441
D5G552_TUBMM/88-251     0.68933447    0.51163539    0.62260906    0.53846889    0.49940153    0.64477341    0.61024837    0.54678287    0.55321561    0.54109840    0.54511729    0.56179630    0.49599037    0.59968109    0.00000000    0.56380580    0.51211221    1.70037703    1.47461374    1.63282824    1.16359121    1.35103087    1.70575029    1.41182867    1.22509619    1.57572438    1.58079574    1.44981926    1.41143314    1.35418999    1.57117049    1.16614844    1.54367337    1.26164303    1.17483652    1.12507614    1.13240960    1.20755879    1.65886458    1.73565160    1.48112677    1.19583128    1.30745707    1.60457283    1.80549614    1.79941909    1.57180390    1.60379976    1.69016147    1.73521908    1.93133382    1.95087442    1.81115000    1.65604229    2.06746935    1.80720472    1.84083589    1.72041529    1.77372041    1.89160388    1.64137192    2.02442807    1.74505264    1.76185015    1.67126819    1.57326896    1.68233633    2.25408067    2.44997181    2.41949242    2.32263146    2.48266488    2.63320924    2.46159950    2.55662852    2.60507787    2.35879973    2.31781264    2.65616202    2.22338120    2.08964721    3.20864234    2.22377471    2.47324765    2.87876370    3.02311323    3.18848767    3.22693701    2.83554900    2.72414397    2.41752659    3.29267341    2.82653939    2.95345830    2.69130030    2.52501377    2.71928746    2.55948355    2.74968397    2.54018699    2.54387087    2.66253525    2.28718232    2.74648957    2.62355309    2.29502195    1.23957645    1.22037805    1.21916420    0.74741739    0.68415285    0.69384055    0.70805650    0.72673895    0.66062522    0.72370411    0.52713808    0.59538518    0.53118494    0.60022674    0.63688665    0.50009111    0.57251267
R7YPY2_CONA1/86-253     0.58809514    0.40422923    0.41008059    0.37042636    0.42411592    0.55693431    0.49780260    0.47854911    0.53197593    0.49790819    0.43823384    0.47028302    0.47949816    0.46420098    0.56380580    0.00000000    0.29815315    1.75418185    1.26965664    1.43290336    1.16484590    1.21230063    1.62181533    1.31876752    1.16137862    1.37234955    1.40148778    1.22155346    1.31621163    1.24339153    1.34392479    1.09817701    1.32613501    1.19152935    1.20299788    1.09266707    1.10484729    1.06920189    1.58261002    1.60319614    1.59706556    1.35108687    1.37850430    1.46487199    1.77917352    1.73764969    1.64201414    1.65146397    1.81802536    1.64910648    1.79151167    1.82508091    1.77991710    1.56527848    2.22169653    1.67102588    1.71480300    1.63718502    1.74541518    1.80096454    1.53561960    1.86193839    1.81133817    1.78812410    1.66034385    1.61410850    1.68062189    1.96750720    2.22484160    2.26179868    2.28431098    2.41200223    2.38189997    2.26253183    2.25679326    2.33235412    2.07384979    2.05577495    2.35133836    2.00730755    2.03085407    3.10816195    2.08919603    2.44341959    2.62562019    2.92507426    2.84745624    2.93262125    2.64995774    2.47764763    2.23982936    2.96906310    2.58619108    2.84798479    2.32186472    2.32647782    2.43647327    2.34933809    2.46902363    2.37882016    2.38257586    2.62422251    1.99611763    2.20785281    2.18526367    2.28671710    1.00600408    1.15422805    1.14415450    0.60953746    0.61476249    0.48584513    0.51674391    0.53904458    0.49101860    0.54223502    0.49111325    0.46156301    0.46470463    0.45387785    0.53076894    0.48694233    0.50845004
R1GUT6_BOTPV/86-251     0.53528862    0.41658570    0.45684921    0.37600531    0.43011348    0.47893108    0.56078531    0.42407977    0.45378986    0.46421806    0.42370899    0.46631380    0.43835148    0.44039733    0.51211221    0.29815315    0.00000000    1.63941751    1.21203604    1.36001366    1.19963919    1.23986833    1.60336631    1.25610687    1.19627920    1.40163057    1.47934490    1.30235254    1.34244834    1.26530985    1.60473527    1.11762115    1.49481521    1.15817722    1.14026670    1.09260537    1.13039312    1.03396084    1.56217169    1.62601255    1.48566075    1.32255712    1.29751767    1.48018671    1.65397233    1.83210758    1.64625750    1.54249615    1.73933305    1.63956669    1.98663297    1.91561527    1.77590784    1.65548389    2.01491987    1.68205268    1.56254417    1.59796870    1.63173281    1.72954187    1.33747322    1.70114812    1.64092221    1.63613773    1.60093083    1.59119525    1.63477030    1.97519460    2.33346905    2.35864535    2.40825562    2.30218011    2.55039669    2.19816277    2.53305584    2.60571283    2.24953233    2.24842402    2.50395789    1.99484145    1.89948023    3.10874448    2.44699998    2.45796798    2.96891019    3.11807591    3.07392803    3.10605771    3.09085403    2.83351960    2.36957704    3.28584556    2.80979790    2.83185815    2.41757066    2.31849456    2.64660377    2.36345786    2.47752291    2.25498420    2.32303484    2.42407658    1.80178491    2.63224437    2.11849548    2.32541648    1.11719944    1.09172041    1.15537677    0.64937368    0.65615166    0.55314059    0.53790595    0.56361671    0.56359878    0.56676384    0.37549261    0.40113897    0.41476172    0.45338763    0.45525428    0.37581276    0.45036310
Q6C2N4_YARLI/69-225     1.88722427    1.71076281    1.82497409    1.67049319    1.61259579    1.83816723    1.59931280    1.66644975    1.62990251    1.58339747    1.71921990    1.70056198    1.66642765    1.66173935    1.70037703    1.75418185    1.63941751    0.00000000    1.96964281    2.16316545    2.16826977    2.55735823    2.54105979    2.28030524    2.28233726    2.12138575    2.26667688    2.10989362    2.39310284    2.05561314    2.19023704    1.80628627    2.09983529    1.90024153    1.78695857    2.05782073    1.98218983    1.90822926    2.40322933    2.24327482    2.08632214    2.15081010    2.07824919    2.33319794    2.23905598    2.26358957    2.47888981    2.49455754    2.34588578    2.26226409    2.38061702    2.66574079    2.56681861    2.54580514    2.60477611    2.30479143    2.06478371    2.19549166    2.30408558    2.13018153    2.11326817    2.32854438    2.11666605    1.97613758    2.30135506    2.08053722    2.07966643    3.13762949    3.36117477    3.18007132    3.27157233    2.97534628    3.47110428    2.97945051    2.95085988    2.94680724    3.11240535    2.86666801    3.03518992    2.93366782    2.72136565    3.82204737    2.53501702    2.48744668    2.96176436    3.31949112    3.06586657    3.21172832    3.03687055    3.53723489    3.44855540    3.69333788    2.78823402    2.90940630    2.58183413    2.38789251    2.96105746    2.35688874    2.52134513    2.58884801    2.66512026    3.04430717    2.49743025    2.52727056    3.05384679    2.87866880    2.26340561    1.71134366    1.90470238    2.03447799    2.05079453    1.71533595    1.72138056    1.82934215    1.78515866    1.76630077    1.71199778    1.82055726    1.70978100    1.64700086    1.72297759    1.62572701    1.56790292
I1BUX6_RHIO9/454-609     1.53318544    1.31304929    1.38589187    1.23724672    1.31275070    1.37172484    1.38767169    1.27547640    1.37836061    1.39004031    1.47878757    1.39923807    1.38301260    1.44935560    1.47461374    1.26965664    1.21203604    1.96964281    0.00000000    0.43491996    1.64998433    1.81843668    2.24954451    1.88909871    1.53639911    1.60771896    1.48626581    1.68022533    1.74704013    1.57118939    1.89886715    1.53566518    1.68323584    1.56630458    1.58271498    1.47685823    1.57298754    1.48422510    1.96610089    1.85239786    1.95247504    1.67080741    1.57150540    2.01948088    2.19153893    1.94238820    2.16722496    1.76620661    2.06943766    2.20687405    2.37206168    2.36745161    2.22768913    2.35773359    2.49474593    1.93414786    1.92119083    1.81160813    2.13077964    1.90339533    1.74904301    1.83315631    1.85499977    1.79567872    1.95075387    1.77847593    1.91641680    2.27464234    2.21995216    2.30799726    2.15523725    2.50561334    2.75333525    2.28289581    2.23141927    2.18223482    2.58122028    2.36796626    2.63531408    2.04247847    2.06767789    2.84128964    2.55299712    2.40990428    2.72882925    2.89917901    2.49152814    2.52123602    2.39264609    2.35906043    2.32541071    3.33871121    3.02907117    2.43518407    2.07437049    2.24074536    2.37816319    1.93695228    2.15006029    2.45581058    2.50326961    3.17573683    2.17187029    2.48969512    2.26335471    2.67320188    1.66371001    1.75700590    1.71213059    1.39831572    1.48143918    1.32203114    1.45380407    1.36401102    1.39821378    1.38286953    1.29231377    1.45293824    1.26880971    1.20850624    1.27106119    1.27975377    1.30533307
S2J930_MUCC1/77-235     1.66946944    1.52890620    1.51181564    1.38141978    1.46174621    1.34703796    1.60011367    1.55833424    1.48855467    1.52737626    1.60319630    1.46113314    1.45141615    1.53473137    1.63282824    1.43290336    1.36001366    2.16316545    0.43491996    0.00000000    1.88406194    1.97747113    2.07176504    2.08704694    1.64547718    1.80033573    1.55919594    1.77364706    1.92758056    1.55486161    1.84301457    1.58111585    1.77017022    1.51350382    1.51072045    1.39952619    1.61769391    1.51582005    1.94836801    2.07123378    2.15388686    1.81622720    1.79373996    2.22575616    2.48197403    2.14173886    2.35926813    2.10803247    2.33751260    2.39564513    2.59485385    2.44208883    2.58259697    2.63724122    2.49484192    2.20029803    2.48064017    2.09211764    2.36503199    2.25884390    1.97571420    1.94981361    1.92751599    2.15661168    2.23686145    2.07111179    1.95930834    2.31530132    2.54659159    2.41406995    2.28176860    2.35461210    2.73647345    2.37405104    2.29950149    2.23249692    2.77204796    2.44778673    2.50353580    2.24566108    2.19598207    3.06873592    2.84735353    2.50414826    3.03068381    3.06128302    2.88568114    2.84141230    2.76422310    2.81025431    2.62551219    3.19990397    3.26277302    2.57373653    2.19444387    2.27719230    2.33838821    2.26930456    2.46612440    2.40760402    2.55074994    3.21788650    2.33719070    2.56515121    2.41993788    2.93027080    1.89243718    1.84922866    1.80609097    1.59614309    1.65131291    1.57132318    1.64952415    1.57022088    1.60875367    1.61348669    1.48516539    1.70705452    1.42284268    1.38127677    1.38175888    1.43511518    1.44844095
Q5K972_CRYNJ/78-252     1.48905395    1.23557856    1.38306864    1.25183601    1.34625169    1.15165849    1.32499783    1.25023115    1.29405569    1.24767899    1.31601649    1.40646161    1.30736919    1.41934675    1.16359121    1.16484590    1.19963919    2.16826977    1.64998433    1.88406194    0.00000000    0.56825012    1.49947321    1.35339580    1.13858243    1.66026967    1.62872377    1.28739425    1.25134537    1.22386173    1.55633933    1.03655641    1.41830870    1.18722390    1.32116118    1.04122337    1.25698511    1.23975919    1.80403469    1.85389616    1.71874998    1.89195282    1.67954984    2.06704796    2.41204725    2.39446705    2.18775491    2.22604630    2.38575286    2.29145520    2.64962548    2.76294470    2.76270808    2.32482814    2.25503305    2.34043171    1.98013157    2.10272023    2.30519407    2.25829210    2.22811274    2.28614370    2.23983670    2.10206504    1.87114130    2.16671781    2.27594615    2.89099806    2.33644546    2.57397852    2.47627471    2.65676272    2.71157624    2.27847043    2.23840645    2.29875596    2.38765500    2.28457094    2.44960608    2.29394305    2.00238490    3.08700860    2.74666366    2.35406994    3.07593942    2.99622026    3.29309818    3.34704795    2.95558015    3.01659711    2.70273044    3.11572496    3.02580940    3.16420952    2.48962518    2.44916954    2.96417949    2.37218114    2.57216786    2.49260959    2.26525789    2.52891465    2.42235250    3.10746003    2.65370535    2.57026487    1.48615223    1.67294209    1.68997705    1.40224332    1.43639909    1.30010574    1.36826350    1.45045359    1.36097539    1.34025620    1.18411599    1.33913112    1.18555605    1.30582236    1.35385510    1.28170893    1.29336841
K1VR32_TRIAC/78-247     1.62800768    1.40321686    1.51666929    1.40370786    1.51861106    1.34608800    1.48965172    1.33771972    1.41801770    1.41502083    1.43276626    1.44245311    1.39440387    1.52785508    1.35103087    1.21230063    1.23986833    2.55735823    1.81843668    1.97747113    0.56825012    0.00000000    1.63131820    1.24963615    1.21146319    1.44878043    1.38894011    1.30932591    1.35495170    1.07109178    1.55394194    1.05594558    1.42801713    1.15979551    1.27201001    1.01523305    1.17030898    1.14041605    1.97596556    2.09710718    1.99949248    2.00798780    1.83178451    2.21958471    2.62373513    2.32071806    2.01793152    2.09515121    2.25365620    2.25237973    2.20752683    2.51878607    2.47766302    2.32853689    2.27689317    2.32345273    2.23039252    2.11823036    2.13424070    2.43677951    2.08399390    2.39370344    2.19810163    2.13357161    2.02148041    2.18005293    2.42511280    2.84575478    2.43406067    2.50743433    2.55492692    2.54360637    2.53819305    2.07973654    2.52969292    2.54372194    2.20935407    2.19957653    2.51063844    2.22468059    2.46682401    3.22852959    2.80820178    2.37167659    3.04962638    2.90219794    2.95289917    2.84461106    3.00725316    2.93583987    2.59802576    3.28403241    3.07218921    2.72587914    2.27743512    2.77070526    2.80127662    2.63773559    2.82203631    2.77193462    2.36597517    2.71667662    2.25593419    3.17335407    2.62628168    2.42329114    1.60303037    1.84387340    1.90396271    1.52277986    1.43813697    1.48270136    1.56605846    1.48384250    1.49594845    1.44397121    1.41408876    1.45251505    1.42760286    1.46600246    1.46718187    1.39490149    1.41575893
