27
TAGA_VIBCH/559-811     0.00000000    1.34223163    1.26983830    1.68193837    2.10779750    1.75094403    1.67549353    1.82747468    1.95716373    2.14920509    2.16952661    2.01437640    1.79393737    1.79403929    2.37653126    1.79761267    1.58177025    1.46291973    1.42175000    1.61421261    1.60813282    1.65094564    1.97498984    1.76171654    1.68654376    1.79951508    1.33448819
A0A090P975_9VIBR/404-660     1.34223163    0.00000000    1.00095148    1.62657918    2.58494065    1.55348352    1.46390378    1.63448715    1.57045246    2.06066047    1.99008232    1.56853653    1.61235570    1.48409376    1.91864331    1.60162884    1.52948608    1.17557906    1.14525970    1.30849767    1.33916837    1.54371387    1.67677337    1.51365264    1.78062877    1.53248559    0.93306339
U3A2P5_9VIBR/673-929     1.26983830    1.00095148    0.00000000    1.19208282    2.33332232    1.52286824    1.28255323    1.52448130    1.37838170    1.70750753    1.82816889    1.53652646    1.54123077    1.62073709    1.80575393    1.50265054    1.43748079    1.14269583    1.19996057    1.18088793    1.12119976    1.19111929    1.68470997    1.18569397    1.33518781    1.18808990    0.77701892
I3TT56_TISMK/487-581     1.68193837    1.62657918    1.19208282    0.00000000    2.50446455    1.44840508    1.11766134    1.15120161    1.31094285    1.93356251    2.10731922    1.56436107    1.47650964    1.38315427    1.61404343    1.43258800    1.36174561    1.28756379    1.37845673    1.40464672    1.26031678    0.99266766    1.57769805    1.71836259    1.41548898    1.66044217    1.30514111
Q1LG92_CUPMC/517-619     2.10779750    2.58494065    2.33332232    2.50446455    0.00000000    1.84750422    1.92246747    2.06525884    2.87006322    2.42494198    2.46009702    2.27188093    2.22443359    2.51368439    2.23965436    2.44915345    2.38869407    2.22273001    1.93453269    2.25215780    2.27420483    2.32663708    2.58689629    2.10298053    2.10049895    2.38628071    2.31050333
H2J109_RAHAC/450-544     1.75094403    1.55348352    1.52286824    1.44840508    1.84750422    0.00000000    0.93569211    1.00901102    1.25842001    1.25330168    1.44901621    1.08587347    1.11506786    1.19059823    1.20295523    1.08655753    1.10547212    0.90019648    0.99351095    1.60610426    1.41134740    1.23979946    1.78888681    1.66169393    1.63160387    1.65303051    1.41003429
F9R9A3_VIBSN/793-888     1.67549353    1.46390378    1.28255323    1.11766134    1.92246747    0.93569211    0.00000000    0.37716218    0.86697137    1.31964124    1.47594027    0.84069953    0.82829711    0.88032771    0.97052862    0.78917175    0.97710456    1.17695769    1.08552135    1.60539298    1.62036132    1.22706762    1.45323660    1.35439303    1.36970825    1.46749942    1.30136354
D0Z201_PHODD/789-885     1.82747468    1.63448715    1.52448130    1.15120161    2.06525884    1.00901102    0.37716218    0.00000000    0.85094329    1.31094394    1.58232121    0.71842754    0.65136321    0.71990878    0.82847311    0.70497803    0.81148969    1.25479242    1.24446364    1.80079287    1.74571915    1.33303789    1.75043196    1.56967600    1.63760653    1.78095496    1.48515618
A0A014N664_9GAMM/751-846     1.95716373    1.57045246    1.37838170    1.31094285    2.87006322    1.25842001    0.86697137    0.85094329    0.00000000    1.31446270    1.65249792    0.81556176    0.70721233    0.82112704    0.78882498    0.72887586    0.79804524    1.55123143    1.61958558    1.84531825    1.66260992    1.39299762    1.74171871    1.64652328    1.93418069    1.96709291    1.43393770
L1LRV2_PSEPU/528-625     2.14920509    2.06066047    1.70750753    1.93356251    2.42494198    1.25330168    1.31964124    1.31094394    1.31446270    0.00000000    0.76731044    1.12335745    1.25652979    1.19923425    1.40111875    1.41186390    1.27563295    1.71561436    1.67202338    1.63549190    1.40570907    1.66693053    2.22836816    1.86174215    2.01111309    1.76234103    1.59801777
L1LSF2_PSEPU/524-621     2.16952661    1.99008232    1.82816889    2.10731922    2.46009702    1.44901621    1.47594027    1.58232121    1.65249792    0.76731044    0.00000000    1.26417064    1.40725207    1.41877908    1.48776805    1.55809392    1.55450001    1.85797499    2.02274584    1.57670619    1.57704678    1.58213250    1.87886489    2.09873147    2.02545289    1.85378051    1.85803952
A0A0J6NIX2_9NEIS/653-748     2.01437640    1.56853653    1.53652646    1.56436107    2.27188093    1.08587347    0.84069953    0.71842754    0.81556176    1.12335745    1.26417064    0.00000000    0.65701344    0.58932490    0.73810763    0.60012241    0.75922853    1.34984606    1.34599215    1.64888476    1.45884733    1.24172491    1.88847004    1.71121298    1.69078986    1.60805035    1.49096972
W0LF44_9GAMM/664-759     1.79393737    1.61235570    1.54123077    1.47650964    2.22443359    1.11506786    0.82829711    0.65136321    0.70721233    1.25652979    1.40725207    0.65701344    0.00000000    0.40645465    0.59819244    0.40853792    0.64921937    1.37381708    1.41982313    1.64399423    1.52798313    1.54022559    1.93665802    1.50050536    1.71808499    1.66006962    1.28473536
R8AUD1_PLESH/666-761     1.79403929    1.48409376    1.62073709    1.38315427    2.51368439    1.19059823    0.88032771    0.71990878    0.82112704    1.19923425    1.41877908    0.58932490    0.40645465    0.00000000    0.60985872    0.44708542    0.74161713    1.64389427    1.75286873    1.64245765    1.71660709    1.55297882    2.29921241    1.62981374    1.88803127    1.66879239    1.48075133
A0A142X6Q1_9PLAN/684-789     2.37653126    1.91864331    1.80575393    1.61404343    2.23965436    1.20295523    0.97052862    0.82847311    0.78882498    1.40111875    1.48776805    0.73810763    0.59819244    0.60985872    0.00000000    0.46257830    0.90694485    1.57559910    1.58033658    2.09607700    1.89042194    1.53650931    1.86390316    1.72123514    1.89980198    1.81583302    1.72879819
A0KGX4_AERHH/668-763     1.79761267    1.60162884    1.50265054    1.43258800    2.44915345    1.08655753    0.78917175    0.70497803    0.72887586    1.41186390    1.55809392    0.60012241    0.40853792    0.44708542    0.46257830    0.00000000    0.68463542    1.45638572    1.26169865    1.78694705    1.72773734    1.37920384    2.03016334    1.61872329    1.79235624    1.93124671    1.47729459
A0A0J1GI46_9GAMM/686-779     1.58177025    1.52948608    1.43748079    1.36174561    2.38869407    1.10547212    0.97710456    0.81148969    0.79804524    1.27563295    1.55450001    0.75922853    0.64921937    0.74161713    0.90694485    0.68463542    0.00000000    1.22750373    1.33962810    1.73017179    1.39233479    1.63990734    1.97676888    1.43827017    1.73402375    1.74392173    1.42624018
A0A0J1GHN1_9GAMM/605-699     1.46291973    1.17557906    1.14269583    1.28756379    2.22273001    0.90019648    1.17695769    1.25479242    1.55123143    1.71561436    1.85797499    1.34984606    1.37381708    1.64389427    1.57559910    1.45638572    1.22750373    0.00000000    0.43479873    1.30544189    1.03004450    1.10436944    1.63406520    1.33782346    1.45338692    1.61484668    1.00644122
A0A090PKS0_9VIBR/226-320     1.42175000    1.14525970    1.19996057    1.37845673    1.93453269    0.99351095    1.08552135    1.24446364    1.61958558    1.67202338    2.02274584    1.34599215    1.41982313    1.75286873    1.58033658    1.26169865    1.33962810    0.43479873    0.00000000    1.55212508    1.36634944    1.19344512    1.62369808    1.23270495    1.55572948    1.63232158    1.16780480
E1VIW6_9GAMM/765-869     1.61421261    1.30849767    1.18088793    1.40464672    2.25215780    1.60610426    1.60539298    1.80079287    1.84531825    1.63549190    1.57670619    1.64888476    1.64399423    1.64245765    2.09607700    1.78694705    1.73017179    1.30544189    1.55212508    0.00000000    0.55955994    1.26106239    1.44118297    1.18590074    1.17279741    1.16817387    1.28944597
A0A0F4PK37_9GAMM/1081-1178     1.60813282    1.33916837    1.12119976    1.26031678    2.27420483    1.41134740    1.62036132    1.74571915    1.66260992    1.40570907    1.57704678    1.45884733    1.52798313    1.71660709    1.89042194    1.72773734    1.39233479    1.03004450    1.36634944    0.55955994    0.00000000    1.06703989    1.51396474    1.21541996    1.17087676    1.13262369    1.11637818
A0A0D6SBA9_9PSED/459-555     1.65094564    1.54371387    1.19111929    0.99266766    2.32663708    1.23979946    1.22706762    1.33303789    1.39299762    1.66693053    1.58213250    1.24172491    1.54022559    1.55297882    1.53650931    1.37920384    1.63990734    1.10436944    1.19344512    1.26106239    1.06703989    0.00000000    1.44523600    1.12376128    1.10050417    0.94150370    1.20034772
V2RKR2_9BACT/503-601     1.97498984    1.67677337    1.68470997    1.57769805    2.58689629    1.78888681    1.45323660    1.75043196    1.74171871    2.22836816    1.87886489    1.88847004    1.93665802    2.29921241    1.86390316    2.03016334    1.97676888    1.63406520    1.62369808    1.44118297    1.51396474    1.44523600    0.00000000    1.52113395    1.55606925    1.58819071    1.64929360
A0A120I1E7_9MICO/437-533     1.76171654    1.51365264    1.18569397    1.71836259    2.10298053    1.66169393    1.35439303    1.56967600    1.64652328    1.86174215    2.09873147    1.71121298    1.50050536    1.62981374    1.72123514    1.61872329    1.43827017    1.33782346    1.23270495    1.18590074    1.21541996    1.12376128    1.52113395    0.00000000    0.66925343    0.67126093    1.13198508
A0A0Q8E7Q1_9ACTN/492-586     1.68654376    1.78062877    1.33518781    1.41548898    2.10049895    1.63160387    1.36970825    1.63760653    1.93418069    2.01111309    2.02545289    1.69078986    1.71808499    1.88803127    1.89980198    1.79235624    1.73402375    1.45338692    1.55572948    1.17279741    1.17087676    1.10050417    1.55606925    0.66925343    0.00000000    0.71308418    1.38946978
C7MAB7_BRAFD/500-596     1.79951508    1.53248559    1.18808990    1.66044217    2.38628071    1.65303051    1.46749942    1.78095496    1.96709291    1.76234103    1.85378051    1.60805035    1.66006962    1.66879239    1.81583302    1.93124671    1.74392173    1.61484668    1.63232158    1.16817387    1.13262369    0.94150370    1.58819071    0.67126093    0.71308418    0.00000000    1.25984559
Q9KN18_VIBCH/773-1029     1.33448819    0.93306339    0.77701892    1.30514111    2.31050333    1.41003429    1.30136354    1.48515618    1.43393770    1.59801777    1.85803952    1.49096972    1.28473536    1.48075133    1.72879819    1.47729459    1.42624018    1.00644122    1.16780480    1.28944597    1.11637818    1.20034772    1.64929360    1.13198508    1.38946978    1.25984559    0.00000000

