29
F6I2B7_VITVI/469-520     0.00000000    2.42697780    1.12415173    1.04028385    0.99513634    0.60310041    0.81190014    1.02627344    1.14021494    1.16217514    1.03300779    0.71116817    0.94482332    0.86701525    0.79977578    0.74982073    0.80965562    1.03058011    0.56812531    0.63117913    0.44167327    1.08326191    1.05731466    0.50871898    0.70543594    0.72032070    0.83426614    0.68723742    0.79614209
Q8Y2J8_RALSO/270-321     2.42697780    0.00000000    1.86440580    2.14215725    2.19258442    2.32237623    1.85838743    1.87264738    1.84992101    2.43180361    1.84518358    1.96884530    1.66705563    1.95316327    1.83351602    1.82868490    2.04446256    2.68373679    2.42041818    1.99430179    2.24258825    1.92593809    2.29753130    2.10005911    2.34930456    2.67759769    1.98232767    2.08014904    2.12610259
K9TXE0_CHRTP/283-332     1.12415173    1.86440580    0.00000000    1.36686885    1.71629291    1.30623341    1.09770657    1.31737765    1.26912081    1.51323432    1.18042175    1.17304787    1.27170939    1.45948756    1.52250682    1.33614596    1.59124397    1.53411911    1.24001940    1.20249872    1.28283935    1.52457624    1.67706045    1.17600952    1.33166903    1.56481320    1.32977042    1.59981074    1.46967168
A9SJQ8_PHYPA/326-374     1.04028385    2.14215725    1.36686885    0.00000000    0.85311531    1.19614688    1.46380922    1.88149087    1.78601240    1.92166056    1.57930530    1.25875720    1.29834173    1.31270703    1.33019425    1.24797687    1.56110022    1.53509834    1.36431703    1.50451987    1.40111585    1.54592847    1.62901730    1.26125055    1.01435872    1.10585049    1.15807358    0.92766082    1.08713922
A9SUP1_PHYPA/317-367     0.99513634    2.19258442    1.71629291    0.85311531    0.00000000    0.85332313    1.02741306    1.24568341    1.20558210    1.16007845    1.17248885    0.88166499    1.06670840    1.05453282    0.98924269    0.98848118    1.14094369    1.16792872    0.93348214    1.20107241    1.21296567    1.09852487    1.15580685    1.02275075    0.99210400    1.15711955    0.94926030    1.01985283    1.09442970
M0TB82_MUSAM/375-426     0.60310041    2.32237623    1.30623341    1.19614688    0.85332313    0.00000000    0.47608786    0.84952052    0.98028397    0.97764333    1.10321348    0.48887260    0.62556896    0.75954812    0.62011610    0.59122599    0.80956895    0.97511135    0.55436260    0.50839558    0.48921528    0.80774290    0.98676884    0.42182629    0.54715017    0.65537621    0.72771244    0.88405428    0.89484233
K3XFV3_SETIT/376-427     0.81190014    1.85838743    1.09770657    1.46380922    1.02741306    0.47608786    0.00000000    0.81200779    0.61315927    0.87799758    0.96242876    0.54252768    0.55766600    0.59222712    0.61014223    0.61050949    0.75153208    1.01300842    0.66344295    0.65221983    0.67286981    0.93432349    1.19364195    0.53413204    0.64259610    0.89483568    0.87028820    0.89191298    1.05471947
B7ZZ57_MAIZE/444-499     1.02627344    1.87264738    1.31737765    1.88149087    1.24568341    0.84952052    0.81200779    0.00000000    0.49327244    0.94513557    0.87118125    0.73799697    1.07166232    1.16622391    0.77282692    0.70680508    1.03391387    0.79929976    0.81520839    0.79864438    0.89010746    1.13027440    1.31216266    0.83502322    0.97575131    1.01947959    1.07382359    1.16381323    1.14874791
K3YGS6_SETIT/385-437     1.14021494    1.84992101    1.26912081    1.78601240    1.20558210    0.98028397    0.61315927    0.49327244    0.00000000    0.59211045    0.69723751    0.80903866    0.94855699    0.96511524    0.89477761    0.70124968    0.98858343    1.08716604    1.07716198    0.99698304    1.00221257    1.21535500    1.40249344    0.95005386    1.11036076    1.23817883    1.18127877    1.30873628    1.31119641
I1I0X8_BRADI/394-444     1.16217514    2.43180361    1.51323432    1.92166056    1.16007845    0.97764333    0.87799758    0.94513557    0.59211045    0.00000000    0.66862401    0.82667213    1.07059056    0.91406309    1.02537164    0.84850833    1.04065493    1.07028411    1.03447894    1.10389042    1.06524835    1.25865051    1.45061622    0.88396025    1.12025668    1.19803866    1.30188370    1.34630371    1.36534628
I1I0Y3_BRADI/378-431     1.03300779    1.84518358    1.18042175    1.57930530    1.17248885    1.10321348    0.96242876    0.87118125    0.69723751    0.66862401    0.00000000    0.91271591    1.03616460    1.12137833    0.93818441    0.88744562    1.05725654    1.17265078    1.02016719    1.07755277    0.96841488    1.15813667    1.20309536    0.90298484    1.27284475    1.28913546    1.28975985    1.10925763    1.24847097
M1C1N0_SOLTU/319-370     0.71116817    1.96884530    1.17304787    1.25875720    0.88166499    0.48887260    0.54252768    0.73799697    0.80903866    0.82667213    0.91271591    0.00000000    0.71948420    0.62315604    0.62883935    0.53187277    0.98928441    0.91792013    0.50536089    0.63915772    0.60488415    0.82972982    1.09044503    0.42928161    0.63719631    0.76998423    0.82579954    0.72652656    0.76417755
D8QTP9_SELML/388-439     0.94482332    1.66705563    1.27170939    1.29834173    1.06670840    0.62556896    0.55766600    1.07166232    0.94855699    1.07059056    1.03616460    0.71948420    0.00000000    0.35133440    0.73285427    0.76655166    0.90815332    1.05052817    0.68329634    0.74168558    0.71629881    0.91862509    1.18677278    0.68633078    0.62873505    0.82135107    0.90007774    0.86556668    1.01873315
D8REH0_SELML/355-406     0.86701525    1.95316327    1.45948756    1.31270703    1.05453282    0.75954812    0.59222712    1.16622391    0.96511524    0.91406309    1.12137833    0.62315604    0.35133440    0.00000000    0.85070225    0.79021501    0.89642407    1.11685496    0.81509586    0.84395789    0.79284840    0.96883973    1.29264606    0.72991408    0.64716660    0.81164138    0.89582586    0.83468631    1.02875399
I1HSD3_BRADI/376-427     0.79977578    1.83351602    1.52250682    1.33019425    0.98924269    0.62011610    0.61014223    0.77282692    0.89477761    1.02537164    0.93818441    0.62883935    0.73285427    0.85070225    0.00000000    0.26454847    0.69374574    0.91505528    0.70886075    0.68179989    0.71481059    0.99375639    1.08809269    0.74632954    0.64074555    0.83830502    0.76381374    0.80812224    0.80810210
J3L4U1_ORYBR/383-433     0.74982073    1.82868490    1.33614596    1.24797687    0.98848118    0.59122599    0.61050949    0.70680508    0.70124968    0.84850833    0.88744562    0.53187277    0.76655166    0.79021501    0.26454847    0.00000000    0.57234123    0.59789516    0.56707825    0.56978993    0.64009544    1.01661637    1.11374374    0.67773433    0.62755288    0.73393796    0.71080601    0.87588429    0.88309075
M0RJX9_MUSAM/409-459     0.80965562    2.04446256    1.59124397    1.56110022    1.14094369    0.80956895    0.75153208    1.03391387    0.98858343    1.04065493    1.05725654    0.98928441    0.90815332    0.89642407    0.69374574    0.57234123    0.00000000    0.74001913    0.74942491    0.69763620    0.70084830    1.18544647    1.29530224    0.96928362    0.92529035    1.01922053    1.01527104    0.80204755    1.08642747
F6I0K7_VITVI/317-368     1.03058011    2.68373679    1.53411911    1.53509834    1.16792872    0.97511135    1.01300842    0.79929976    1.08716604    1.07028411    1.17265078    0.91792013    1.05052817    1.11685496    0.91505528    0.59789516    0.74001913    0.00000000    0.83671954    0.91445356    0.91031727    1.18148236    1.24655216    0.94745318    1.01482071    1.02557010    0.94928565    1.17016577    1.13036603
I1M285_SOYBN/388-439     0.56812531    2.42041818    1.24001940    1.36431703    0.93348214    0.55436260    0.66344295    0.81520839    1.07716198    1.03447894    1.02016719    0.50536089    0.68329634    0.81509586    0.70886075    0.56707825    0.74942491    0.83671954    0.00000000    0.38074461    0.36418314    0.62972265    0.75635740    0.32032122    0.44984577    0.58838144    0.60040748    0.70724628    0.68812385
I1N3I2_SOYBN/384-433     0.63117913    1.99430179    1.20249872    1.50451987    1.20107241    0.50839558    0.65221983    0.79864438    0.99698304    1.10389042    1.07755277    0.63915772    0.74168558    0.84395789    0.68179989    0.56978993    0.69763620    0.91445356    0.38074461    0.00000000    0.30512884    0.58416307    0.75324154    0.35648988    0.71429136    0.70005498    0.73500213    0.77840983    0.88320867
B9RZ47_RICCO/373-424     0.44167327    2.24258825    1.28283935    1.40111585    1.21296567    0.48921528    0.67286981    0.89010746    1.00221257    1.06524835    0.96841488    0.60488415    0.71629881    0.79284840    0.71481059    0.64009544    0.70084830    0.91031727    0.36418314    0.30512884    0.00000000    0.65135291    0.76669885    0.30254310    0.63790241    0.69066372    0.72967086    0.70943266    0.78280669
M1BMS6_SOLTU/237-288     1.08326191    1.92593809    1.52457624    1.54592847    1.09852487    0.80774290    0.93432349    1.13027440    1.21535500    1.25865051    1.15813667    0.82972982    0.91862509    0.96883973    0.99375639    1.01661637    1.18544647    1.18148236    0.62972265    0.58416307    0.65135291    0.00000000    0.36868220    0.58531550    0.82974738    0.96345733    0.90641115    0.87840380    0.85876357
M1CW46_SOLTU/390-441     1.05731466    2.29753130    1.67706045    1.62901730    1.15580685    0.98676884    1.19364195    1.31216266    1.40249344    1.45061622    1.20309536    1.09044503    1.18677278    1.29264606    1.08809269    1.11374374    1.29530224    1.24655216    0.75635740    0.75324154    0.76669885    0.36868220    0.00000000    0.71210084    1.24084877    1.23652072    0.93468800    0.91621494    0.85413674
B9HYL4_POPTR/374-425     0.50871898    2.10005911    1.17600952    1.26125055    1.02275075    0.42182629    0.53413204    0.83502322    0.95005386    0.88396025    0.90298484    0.42928161    0.68633078    0.72991408    0.74632954    0.67773433    0.96928362    0.94745318    0.32032122    0.35648988    0.30254310    0.58531550    0.71210084    0.00000000    0.51563148    0.56786282    0.83525403    0.77076494    0.84579951
M0TED5_MUSAM/410-461     0.70543594    2.34930456    1.33166903    1.01435872    0.99210400    0.54715017    0.64259610    0.97575131    1.11036076    1.12025668    1.27284475    0.63719631    0.62873505    0.64716660    0.64074555    0.62755288    0.92529035    1.01482071    0.44984577    0.71429136    0.63790241    0.82974738    1.24084877    0.51563148    0.00000000    0.32740045    0.67759083    0.77432827    0.76061174
M0TW39_MUSAM/352-403     0.72032070    2.67759769    1.56481320    1.10585049    1.15711955    0.65537621    0.89483568    1.01947959    1.23817883    1.19803866    1.28913546    0.76998423    0.82135107    0.81164138    0.83830502    0.73393796    1.01922053    1.02557010    0.58838144    0.70005498    0.69066372    0.96345733    1.23652072    0.56786282    0.32740045    0.00000000    0.72998944    0.71864998    0.84162129
M1BMR4_SOLTU/380-431     0.83426614    1.98232767    1.32977042    1.15807358    0.94926030    0.72771244    0.87028820    1.07382359    1.18127877    1.30188370    1.28975985    0.82579954    0.90007774    0.89582586    0.76381374    0.71080601    1.01527104    0.94928565    0.60040748    0.73500213    0.72967086    0.90641115    0.93468800    0.83525403    0.67759083    0.72998944    0.00000000    0.68067644    0.64665784
D8T5K2_SELML/261-315     0.68723742    2.08014904    1.59981074    0.92766082    1.01985283    0.88405428    0.89191298    1.16381323    1.30873628    1.34630371    1.10925763    0.72652656    0.86556668    0.83468631    0.80812224    0.87588429    0.80204755    1.17016577    0.70724628    0.77840983    0.70943266    0.87840380    0.91621494    0.77076494    0.77432827    0.71864998    0.68067644    0.00000000    0.31725104
D8SB51_SELML/388-442     0.79614209    2.12610259    1.46967168    1.08713922    1.09442970    0.89484233    1.05471947    1.14874791    1.31119641    1.36534628    1.24847097    0.76417755    1.01873315    1.02875399    0.80810210    0.88309075    1.08642747    1.13036603    0.68812385    0.88320867    0.78280669    0.85876357    0.85413674    0.84579951    0.76061174    0.84162129    0.64665784    0.31725104    0.00000000

