132
K4LFA1_THEPS/32-204     0.00000000    0.95792839    0.70068291    0.91052900    0.97157752    0.88784086    0.88380586    1.09280832    1.04537764    1.12208872    1.39543612    1.62685920    1.00821284    1.28834186    1.53193861    1.70928278    1.62144131    1.44603624    1.33056706    1.65538055    1.38907332    1.46379314    1.93554592    2.72626522    2.59508572    2.51818245    2.32128417    2.61966471    2.54984248    2.40231883    2.73596723    2.26159556    2.45316463    2.61530385    2.71659208    2.54778845    2.71266512    2.70706237    2.25602450    2.53991638    2.40603857    2.50979446    2.63694484    2.63436715    2.81389264    2.50583928    2.35343295    2.58964917    2.77997979    2.27159769    2.78999947    2.48728461    2.46435088    2.49808838    2.26773492    2.56712888    2.16566601    2.64259279    2.17468411    2.06761251    2.65465405    2.29807246    2.21504079    2.62659697    2.48693061    2.51070921    2.48050368    2.56698709    2.42341589    2.94640890    2.68525933    1.84827545    1.58787932    2.76163086    2.58223095    2.72841886    2.47093732    2.53241823    2.58349366    2.87844198    2.45598332    2.57760107    2.42145234    2.29350298    2.03174202    2.13185993    1.71462831    1.94856588    1.71214088    1.75227487    1.94822255    2.19313832    2.03429908    1.99433176    2.08014822    1.89646117    1.52143548    1.50017851    1.60185982    1.70475930    1.82031560    1.95645020    2.09064685    2.04196557    2.19978754    2.24301540    2.15506531    2.24629153    2.14551320    1.83439868    1.78847775    1.94935349    1.85802333    1.75298443    1.82547592    1.95860538    1.40132117    1.39725085    1.36561214    1.23016341    1.49163874    1.65865434    1.84765616    1.68951817    1.43970248    1.69601783    2.34714149    1.80663837    2.58228342    1.98845309    2.61847699    2.19926779
R4KP05_9FIRM/22-192     0.95792839    0.00000000    0.79170854    1.01981580    1.07264916    1.00606381    1.19847900    1.17689316    1.17516965    1.33179212    1.57220392    1.93049299    1.18033856    1.42340239    1.47749744    1.91956853    1.75762028    1.67411289    1.66345879    1.98307167    1.47924140    1.77164215    1.84837782    2.99367004    2.70123397    2.47166963    2.47686600    2.51041099    2.78534433    2.65518762    2.50353303    2.48880011    2.65227802    2.63095160    2.77282084    2.63840413    2.78837267    3.01705911    2.39374209    2.57750636    2.42270514    2.51204623    2.85299268    2.37527854    2.98205479    2.96276248    2.43510245    2.65669885    2.37072349    2.42606688    2.65255703    2.27576051    2.60984609    2.60619893    2.62785902    2.45460031    2.26737712    2.92826966    2.16099296    2.10816827    2.47033793    2.60231375    2.28499857    2.44473820    2.86350384    2.81612552    2.78286625    2.95666792    2.32389179    2.36168547    2.66195090    1.66184085    1.80641524    2.61659725    2.58254528    2.66082372    2.52935696    2.41516913    2.32382430    2.82678347    2.45447749    2.57992852    2.23652226    2.14806652    2.05255075    2.37451861    2.09395197    2.69600754    1.69055445    1.84735762    2.06226920    2.18354935    1.84400937    2.06504382    2.32480316    2.08502859    1.84470604    1.86148013    1.78960579    1.70744172    1.69841325    1.84826340    2.04723663    2.11164414    2.13300172    2.09428435    2.09277803    2.14803907    2.28715050    1.86904848    1.87541631    2.34339107    1.94915939    1.83493200    1.92073175    2.06135155    1.56562659    1.83183428    1.52848217    1.27690549    1.87749037    1.92673605    2.21796561    2.02809179    1.77392336    1.78780517    2.33570506    1.84170887    2.73873427    2.44432671    2.77909639    2.52950526
C8VWX4_DESAS/21-196     0.70068291    0.79170854    0.00000000    0.74411165    1.04129916    1.09122511    1.01045637    1.07076108    1.08328626    1.17811019    1.34026211    1.65911322    0.95826542    1.27223746    1.54911504    1.55994833    1.65272327    1.56037252    1.49424910    1.63082339    1.61598269    1.44985253    1.84866913    2.75745068    2.64446880    2.39935812    2.27240025    2.46175011    2.56050854    2.27373970    2.83009278    2.43525714    2.63604964    2.43393771    2.79825256    2.48571169    2.64641415    2.76713285    2.35770279    2.73549101    2.47815263    2.57335368    2.70043132    2.85293969    2.66921732    2.66490715    2.29817633    2.46543342    2.91103516    2.63024462    2.63135606    2.54993027    2.45487283    2.71934140    2.51253583    2.53510721    2.22485852    2.58467164    2.50464604    1.93803510    2.65883059    2.56946397    2.39409592    2.33462046    2.58335970    2.79032190    2.50149921    2.76989568    2.42685040    2.69283553    2.77909703    2.04671920    1.81952357    2.26310515    2.58486212    2.77658273    2.60324910    2.48686503    2.74862890    2.99433454    2.45243040    2.37428294    2.17912101    2.21849423    2.12217218    2.17208003    1.86885643    1.84727170    1.54173142    1.67482827    1.63083141    2.09160700    1.99039955    2.20691583    2.54878335    1.90211935    1.50092990    1.37866099    1.64378383    1.44513546    1.72349326    1.69969627    2.10911502    2.11389748    1.96420283    1.88452078    2.03459742    2.02767324    2.06330242    1.76621536    1.70334927    1.93469437    1.82129218    1.73742079    1.75212937    1.93699954    1.27041781    1.31528080    1.36267657    1.17828999    1.68094129    1.76587494    1.93922173    1.87628236    1.67583894    1.87460347    2.13319290    2.01126196    2.63247623    2.01279709    2.21463224    2.27716588
D5XEX1_THEPJ/21-197     0.91052900    1.01981580    0.74411165    0.00000000    0.97805250    0.98903911    0.99748512    1.04810521    1.01772734    1.30624806    1.30223949    1.69828244    1.21613400    1.21750391    1.51011089    1.57836280    1.53479873    1.52894059    1.40815496    1.57570742    1.31507669    1.61237665    1.66001313    2.98606795    2.74256653    2.51723317    2.32259445    2.47312143    2.58590151    2.28505999    2.56108046    2.35767852    2.57329097    2.33540808    2.76221584    2.44135734    2.57556189    2.67017438    2.36002631    2.66985872    2.34937952    2.80724846    2.38466812    2.66351058    2.67661317    2.43643216    2.60027254    2.67720530    2.77716708    2.88703479    2.95606748    2.61131117    2.50752847    2.69329116    2.46813593    2.64276482    2.55150661    2.65493135    2.51070488    2.15379818    2.65953703    2.60942262    2.36842914    2.60703092    2.70832130    2.95392078    2.93580676    3.02037676    2.03003127    2.50714439    2.93207199    1.84894084    1.74604766    2.67933653    2.69268949    2.61110166    2.88635924    2.66097008    2.84972265    3.03369071    2.61059071    2.56531646    2.29652937    2.30182961    2.00388227    1.77559444    1.89819626    1.85885930    1.41518210    1.55767128    1.61399852    1.90819423    1.86879923    2.03863768    2.24627944    1.80038256    1.57158127    1.40096510    1.80211478    1.67425199    1.91707313    1.83876412    1.95326136    2.01466811    2.06380885    1.92810696    2.02454781    2.07911353    1.94468693    1.60892529    1.62448013    2.02810529    1.97377103    1.87921172    1.60447422    1.80765473    1.40335211    1.52517109    1.42698820    1.08316363    1.85439370    1.76584907    1.98725289    1.93168770    1.68256082    1.81331851    2.10032540    1.93053058    2.29724007    1.66372580    2.31656318    2.18853880
Q24UE5_DESHY/18-193     0.97157752    1.07264916    1.04129916    0.97805250    0.00000000    0.33690117    0.64779579    0.67028802    0.69060704    1.02686107    1.46699293    1.57516353    1.21427196    1.29978572    1.54541808    1.60206303    1.60167986    1.33475034    1.42354473    1.61639984    1.64176191    1.44450300    1.72395322    2.88912437    2.59170705    2.55028175    2.44971671    2.42758317    2.82605621    2.27668002    2.54511579    2.44281664    2.54453173    2.66750199    2.98556200    2.65850349    2.42649396    2.53760553    2.33291996    2.56220722    2.37235012    2.24361220    2.21676694    2.43554341    2.58720100    2.26177214    2.61444137    2.69160371    2.41784846    2.31372337    2.55092835    2.56257587    2.12033343    2.84533209    2.63503404    2.68028732    2.21346759    2.61976534    2.11803863    2.03660267    2.17743415    2.28109780    2.19877431    2.37138306    2.43081555    2.57357836    2.43782648    2.73173192    2.26318584    2.57736368    2.57249290    1.95700533    1.69475227    2.71540970    2.94779709    2.61839190    2.54896466    2.56595172    2.87612976    2.74031122    2.84789929    2.40467042    2.26976756    2.19489343    2.10124023    2.14183482    2.46697167    2.25194419    1.68509189    1.85012204    1.88188543    2.38119883    2.04369149    1.99196017    2.14891400    2.01037833    1.83698567    1.50525784    1.66126037    1.57268245    1.88897343    2.02114105    1.98062421    2.12551437    2.11175765    1.79792816    1.96405876    1.91334033    2.01045911    1.88111810    1.78525510    2.10911880    1.93285715    1.94231782    1.91923458    1.77820240    1.60941849    1.75035497    1.72028155    1.19643922    1.57950524    1.72020893    1.92793539    1.74879774    1.63441833    1.59652803    2.50583631    2.24439141    2.42112256    1.93782199    2.48546203    2.22463625
L0FAS6_DESDL/18-193     0.88784086    1.00606381    1.09122511    0.98903911    0.33690117    0.00000000    0.60433284    0.76682839    0.73616363    1.15377887    1.42577440    1.78255084    1.19545321    1.37805833    1.55381197    1.67233572    1.62062641    1.30111703    1.42034560    1.54687723    1.56325799    1.36967773    1.90204647    2.83211755    2.45861412    2.53500726    2.58937490    2.71440752    2.79755952    2.33562585    2.51565479    2.47539337    2.54600445    2.74132632    2.93359514    2.57287617    2.48692524    2.49712126    2.32214660    2.50332670    2.48298066    2.43272203    2.61450940    2.39549418    2.68751253    2.29759479    2.60292205    2.74513719    2.47405050    2.54354775    2.42066667    2.26648516    2.26913589    2.71073783    2.45382983    2.66776129    2.15058647    2.50901504    2.08226233    2.02981107    2.04265566    2.25684381    2.14738641    2.36419102    2.26564586    2.45072621    2.51651704    2.62827543    2.37130745    2.64647608    2.78669376    1.86041883    1.69242010    2.59634798    2.57426779    2.76976309    2.59369638    2.48633953    2.62236832    2.69971160    2.71178247    2.49437419    2.36857279    1.99571956    2.07972828    2.30221004    2.27501617    2.47381202    1.80584686    1.83721618    1.73460938    2.30602578    2.09048413    2.04181198    2.25931035    1.99569473    1.62144654    1.53057543    1.66619657    1.70370214    1.87932712    1.97181987    2.13817128    2.20337118    1.84487629    1.89052557    1.98596119    1.87213828    1.92159026    1.61095710    1.63022187    2.08521066    1.66587356    1.77241805    1.90241376    1.77206536    1.59686929    1.70750876    1.69039355    1.28815682    1.63051929    1.72622038    2.03722575    1.91565116    1.52798463    1.66360230    2.46311973    2.21795021    2.58770560    1.91088456    2.78913334    2.34465094
W0EEA6_9FIRM/19-193     0.88380586    1.19847900    1.01045637    0.99748512    0.64779579    0.60433284    0.00000000    0.64733892    0.73386150    1.20938756    1.51765204    1.85643496    1.34027886    1.35040846    1.72866984    1.83501407    1.63508945    1.46957840    1.51329322    1.75279829    1.64481949    1.43202455    2.05746916    3.04022746    2.70503330    2.57767801    2.67368460    2.69457641    2.83807003    2.20753864    2.52904540    2.46660518    2.42358311    2.74926629    2.59140000    2.76434196    2.57380144    2.64785968    2.28830426    2.59556888    2.61573252    2.27933770    2.53050376    2.57366787    2.53218472    2.56411368    2.53323802    2.72837759    2.90881061    2.50379020    2.55830205    2.40009146    2.48645467    2.75718023    2.59273602    2.76731666    2.51420469    2.59426934    2.11365705    1.86203109    2.38816040    2.28280171    2.35253912    2.54311984    2.28623611    2.51978554    2.52228364    2.97366462    2.23730181    2.75626161    2.80797318    1.94557972    1.77089665    2.97928363    2.96102359    2.98678812    3.05536931    2.78397019    3.01830072    3.19147252    2.91991533    2.50702512    2.48868802    2.32093203    2.21919114    2.37232180    2.29626842    2.33045276    1.75857937    1.99401285    1.73972868    2.44842204    2.50459212    2.42930560    2.22220507    2.19939044    1.97742657    1.74070617    1.87161989    2.00044048    2.15608529    2.26972338    2.21322893    2.30977469    1.97508470    2.10227531    2.12503685    2.33110837    2.18039593    1.81950125    1.98353563    2.03947074    1.96949814    1.87075580    1.96547148    1.89485955    1.78454447    1.85496648    1.82027914    1.41501588    1.72306771    1.76259661    1.99611202    1.86624318    1.70513911    1.63855876    2.55489797    2.32986638    2.80285620    2.04975737    2.93406225    2.49846396
J7IZI8_DESMD/18-191     1.09280832    1.17689316    1.07076108    1.04810521    0.67028802    0.76682839    0.64733892    0.00000000    0.50628285    1.27486063    1.47183864    1.80955658    1.22984352    1.34933988    1.68877783    1.90624373    1.70294600    1.34805284    1.70738022    1.64036695    1.47717201    1.45113519    1.94238675    2.72999201    2.62465110    2.58184462    2.60366393    2.39109435    2.73526846    2.35074149    2.48763158    2.37198914    2.29963186    2.40339868    2.40515764    2.41421251    2.43427679    2.24704112    2.13573529    2.52604997    2.44245653    2.32194168    2.82658656    2.49172237    2.59348320    2.60133907    2.28075095    2.76969125    2.69697974    2.34632620    2.78679381    2.57756787    2.71668135    2.84749888    2.54221743    2.71352526    2.30624713    2.59397550    2.17997344    1.89718534    2.55435027    2.12719588    2.60630685    2.48842944    2.40739479    2.57458405    2.45780069    2.71463745    2.35636999    2.68055479    2.78770004    2.02979120    1.90031709    2.71469613    2.97087529    2.86509517    2.98594444    2.77653643    3.17031777    3.24423565    2.94255237    2.32940337    2.44050762    2.37731614    2.26483838    2.33719008    2.42332622    2.43427240    1.98081452    2.07533479    1.96952666    2.25098860    2.20208964    2.33920678    2.35119362    2.08036096    2.07275272    1.99126799    1.98092021    1.97585865    1.94393884    2.00315656    1.89859678    2.14283053    1.90568719    2.07075846    2.15064981    2.19508600    2.20478741    1.87168719    1.84253490    2.10352940    2.10962006    1.87305132    2.02264277    1.94391982    1.85390165    1.91482352    1.88248642    1.39927254    1.82030820    1.86527886    1.95031562    1.84149416    1.97171642    1.86190095    2.52987658    2.16627007    2.73337116    2.18264370    2.87989279    2.37126361
I4D9H9_DESAJ/20-195     1.04537764    1.17516965    1.08328626    1.01772734    0.69060704    0.73616363    0.73386150    0.50628285    0.00000000    1.19092273    1.38637957    1.72172855    1.35718744    1.43072073    1.67229042    1.82203364    1.80506099    1.34190065    1.65297533    1.55768885    1.48437753    1.36128154    1.88944710    2.77496768    2.39467726    2.48412211    2.50753061    2.33436695    2.45225115    2.11979176    2.39546628    2.23591245    2.17324904    2.51312281    2.36545339    2.53607379    2.37639691    2.24240199    2.15080037    2.49546861    2.35929700    2.54309347    2.58230883    2.56592659    2.83057731    2.45761159    2.35453716    2.74006165    3.04775441    2.25256187    2.71926065    2.60741550    2.52047154    2.45817660    2.59007236    2.41939186    2.34606492    2.79132381    2.16068745    1.95745525    2.34337460    2.32874490    2.49501267    2.40931079    2.54749637    2.98503133    2.58786555    2.96555831    2.27380282    2.41288825    2.52402766    2.04396500    1.81194907    2.80664046    2.65183877    2.71739264    3.02867520    2.64487071    2.93795376    3.11968237    2.65478504    2.41814984    2.15240006    2.12682360    2.19600533    2.43969267    2.08370276    2.37906497    1.75186092    2.04180190    2.08366297    2.29043452    2.04035592    2.22008731    2.19078392    2.00881874    1.85880177    2.05622358    1.80332193    1.84381012    1.90167929    2.01118478    2.02444888    2.23998021    1.96283590    1.97825188    2.05349525    2.09532574    2.14938754    1.90065489    1.90523301    1.97470172    1.91968377    1.88769336    1.96021622    1.97603713    1.79970916    2.00575719    1.78544623    1.34956362    1.81021858    1.82612191    1.90637274    1.88622626    1.77822811    1.80919544    2.29830683    2.26440546    2.54269897    1.96587432    2.61942635    2.32303492
Q2RJB6_MOOTA/34-207     1.12208872    1.33179212    1.17811019    1.30624806    1.02686107    1.15377887    1.20938756    1.27486063    1.19092273    0.00000000    1.57414402    1.67328445    1.18573266    1.45301526    1.69529798    1.62638099    1.68244228    1.48100889    1.73721759    1.76841560    1.69527765    1.62076691    1.76249173    2.70012774    2.87943279    2.84381357    2.66699947    2.60755559    3.08125432    2.41548446    2.44322733    2.48127972    2.56043981    2.69892233    3.14746339    2.56323620    2.84332055    2.82599348    2.55788501    2.61245709    2.36067713    2.29867389    2.29422746    2.55294234    2.56736194    2.20756986    2.39099045    2.49635172    2.83736257    2.14441783    2.48130926    2.64795892    2.77383594    2.66452192    2.55224317    2.72950134    2.41664720    2.89182983    2.41393826    1.95290451    2.66237917    2.68471299    2.72062174    2.62672545    2.86699042    2.88473108    2.77882477    2.92266729    2.45909262    2.96855172    2.63378667    2.11506896    1.84178237    2.34781082    2.81415713    2.87309750    2.58507825    2.42078699    2.68589795    2.83707539    2.47105704    2.30697403    2.41197367    2.17153777    2.20941627    1.98779566    2.00291833    2.37148766    1.78536294    2.10556897    1.89511821    1.98106239    2.11204976    2.22552873    2.39210661    1.86962258    1.71723714    1.75192760    1.77588435    1.96467534    1.87122317    1.82776498    2.15177773    1.95896149    1.92608689    1.82333300    1.99270750    1.86021538    1.83912301    1.82217607    1.85415211    2.05964540    1.95889926    2.02359559    2.00921817    1.84808665    1.56700615    1.90155332    1.53624087    1.45301054    1.61272812    1.63653003    1.77186359    1.84161709    1.64058668    1.59979025    2.24982017    2.00203931    2.60246620    2.03764761    2.19082831    2.27596430
Q3AC95_CARHZ/22-191     1.39543612    1.57220392    1.34026211    1.30223949    1.46699293    1.42577440    1.51765204    1.47183864    1.38637957    1.57414402    0.00000000    1.67702091    1.31927804    1.59298951    1.66226417    1.68325023    1.94327370    1.68600611    1.63205753    1.73572772    1.73476335    1.75480657    1.74311707    3.59235634    2.54793106    2.65027249    2.59161696    2.73235340    2.86835396    2.41932255    2.75115419    2.73756190    2.56210099    2.83714334    2.70744010    2.59464852    2.51099068    2.59053905    2.58117148    2.77736154    2.50936055    2.34131872    2.39925191    2.25876180    2.13023487    2.15577437    2.48319214    2.35329400    2.39515223    2.54783557    2.67663704    2.65442480    2.43915710    2.75380619    2.36030691    2.44658808    2.41535157    2.94596403    2.25634995    2.39792662    2.66576051    2.80340423    2.74078871    2.54553259    2.71040158    3.22630729    2.53767792    2.95207031    2.38489115    2.38194647    2.56241844    1.87846274    2.02395387    2.71700533    2.62224984    2.80588515    2.78600450    3.00641093    2.83743850    3.06582502    2.75361959    2.79932207    2.44520546    1.99418129    2.28798733    1.91750182    2.11190770    2.40338794    1.93126239    2.02140070    1.74808266    2.01289249    1.98112486    2.24851724    2.35282188    2.02962037    2.05655809    2.00845130    1.88732510    2.02500089    2.38340514    2.14312473    2.54917578    2.41418043    2.08897180    2.34117685    2.56086461    2.34567339    2.57742391    2.20683080    2.21847911    2.17321275    2.39993154    2.14370137    2.27826768    2.36891548    1.53438085    1.72465640    1.65913657    1.62426085    2.08251486    2.18272606    2.16938311    2.22193274    1.96254950    1.97685236    2.58017939    1.97329960    2.70659398    2.17986357    2.77858887    2.56170105
I4C674_DESTA/33-205     1.62685920    1.93049299    1.65911322    1.69828244    1.57516353    1.78255084    1.85643496    1.80955658    1.72172855    1.67328445    1.67702091    0.00000000    1.32341848    2.00934390    2.53153037    2.12159188    2.14502199    1.89541898    1.65912181    1.59138646    1.70235043    2.04004906    2.14560511    2.87683227    2.50473339    2.55552674    2.66260176    2.67431465    2.51382844    2.53248731    2.75523656    2.54425269    2.47215780    2.64418232    2.72836813    2.64797550    2.59636045    2.58966954    2.89683690    2.77012142    2.29842581    2.47504409    2.41771715    2.70261865    2.82010963    2.95077944    2.73168821    2.57905350    3.04549421    2.81114488    2.67104609    2.54484944    2.71918493    2.76363401    2.47753163    2.51496455    2.71720025    2.55872577    2.35590803    2.48420180    3.21069496    3.13450203    3.01933011    2.97944301    2.97611437    2.99927809    2.98586724    2.80072013    2.42757755    2.41669161    2.32097958    2.11448738    2.09554274    2.50248061    2.74152491    3.23280586    3.19122936    3.09407012    2.78729884    3.33647864    3.08579325    2.83940566    2.24042042    2.32656285    2.66345897    1.95042786    2.11060812    2.21221473    1.94237135    2.06691270    1.83202761    2.68702882    2.75020397    2.54835566    2.20703315    2.07870365    2.05390029    1.71629434    2.16699137    2.16057761    2.13902335    2.13525680    2.43339815    2.36926595    2.05863656    2.23172468    2.36588521    2.32032227    2.32246801    2.01429618    2.18241036    2.26225081    2.10943523    2.13481072    2.27333681    1.96315208    1.77553239    2.19743201    2.04565588    1.70967368    2.11076123    2.29911626    2.17438853    2.14614341    2.07619806    2.20998537    2.60382695    2.12459155    2.29578587    2.32653055    1.92662292    2.27710925
C9RBH1_AMMDK/25-189     1.00821284    1.18033856    0.95826542    1.21613400    1.21427196    1.19545321    1.34027886    1.22984352    1.35718744    1.18573266    1.31927804    1.32341848    0.00000000    1.26183841    1.67847198    1.49320572    1.46625168    1.39657360    1.34045437    1.71134410    1.50811311    1.64056205    1.77251998    2.66012638    2.32840606    2.39919151    2.38298008    2.39714981    2.56896398    2.18516467    2.63196573    2.30631857    2.32780178    2.38298591    2.53373840    2.23234447    2.55009730    2.52733983    2.34342424    2.64379752    2.30394850    2.06338688    2.27406727    2.23290371    2.08303997    2.26437330    2.08447096    2.51442495    2.47032489    1.83625017    2.32197633    2.20041124    2.37101496    2.56361379    2.20410750    2.69820039    2.01566409    2.29667106    2.00429002    1.84840187    2.39498082    2.25842411    2.49383408    2.38100936    2.48082498    2.65241583    2.55078198    2.59639080    2.64086908    2.49994006    2.47181798    1.85128121    1.66803532    2.11847671    2.54689516    2.69819586    2.71065426    2.41699056    2.52286305    2.96856158    2.59112028    2.40566981    2.21142368    1.99073962    2.04657821    2.02431219    1.88279559    1.98500951    1.87108462    2.17374669    2.05224174    2.01335412    2.17521643    2.21242056    2.32393708    1.98017199    1.78297075    1.67017488    1.68553850    1.79156713    1.92199186    1.97621813    2.00468915    2.05041838    1.89800580    2.13628997    2.11609591    2.15798842    2.04284668    1.89292420    1.84213821    1.91826243    2.17917846    1.90021796    1.93946529    1.82895386    1.66996165    1.91806644    1.71344273    1.52816423    1.74061426    1.71872778    1.87892894    1.72268932    1.70618857    1.82751964    2.30090243    1.85664019    2.44418799    2.06150437    2.18324425    1.94093149
K4LH14_THEPS/17-193     1.28834186    1.42340239    1.27223746    1.21750391    1.29978572    1.37805833    1.35040846    1.34933988    1.43072073    1.45301526    1.59298951    2.00934390    1.26183841    0.00000000    1.07285352    1.09695828    1.26189351    1.59380205    1.56266898    1.85303081    1.90834231    1.89785180    1.86920393    3.04222149    2.70439852    2.68958413    2.72720796    2.60744172    2.74091240    2.30758360    2.56590833    2.57628737    2.72505447    2.44201743    2.56128527    2.35440395    2.63020353    2.76206894    2.36608875    2.68692775    2.41287431    2.15129339    2.57018570    2.55512728    2.43743477    2.50182372    2.43521847    2.25303896    2.60014278    2.39864925    2.62109487    2.45465176    2.61791464    2.89060638    2.53478495    2.47388886    2.24041142    2.83787489    2.26336326    2.14045239    2.81824674    2.73796310    2.79683581    2.76581678    3.30869540    3.10758747    2.84840212    3.22798303    2.62663576    2.64788798    2.62261952    2.08015618    1.99555536    1.98946399    2.34244906    2.61791873    2.45180580    2.26229711    2.63352149    2.74721752    2.28073842    2.45657602    2.47888354    2.23312740    2.25508488    2.32507961    1.98675206    2.00196363    1.68747601    1.64014800    1.90517453    2.24487211    2.16020420    2.25955536    2.38109380    2.23936967    1.92850562    1.66211554    1.86425080    2.08016218    2.14060292    2.02193026    1.96904213    2.07330222    1.99105520    2.11318351    2.10280387    2.11833635    2.22031497    1.88104334    1.86662170    2.26924776    2.12529011    1.87272955    1.85323875    1.81617935    1.48454293    1.67039697    1.89137913    1.49630577    1.83298343    1.93033612    1.99846919    1.98323683    1.83899161    1.88792324    2.35162681    2.23862606    3.07242809    2.20661151    2.37473345    2.16675864
D5X7C5_THEPJ/18-193     1.53193861    1.47749744    1.54911504    1.51011089    1.54541808    1.55381197    1.72866984    1.68877783    1.67229042    1.69529798    1.66226417    2.53153037    1.67847198    1.07285352    0.00000000    1.02041178    1.18601671    1.72779725    2.01955942    1.96989625    2.03955711    1.84330686    2.05392573    3.04221035    3.05160261    2.96599287    2.47196760    2.81710994    2.97133200    2.71706898    2.87245382    2.46359803    2.62196776    2.51032754    2.82316292    2.70276761    2.79320599    2.59475421    2.44887203    2.63713551    2.59117528    2.78013658    2.79132171    2.48703414    2.80895072    2.42726836    2.61502145    2.60121588    2.79721725    2.96540167    3.07248190    2.73289231    2.89054191    3.08402907    2.86347883    3.12371853    2.55804097    3.13184562    2.60141260    2.53405022    2.81323246    2.74391800    2.77681565    2.86002324    3.17765813    3.12284123    2.39705796    3.16210430    2.89414073    2.84785808    3.35762290    2.07143861    2.19692381    2.35381316    2.71466464    2.77101569    2.53058149    2.82833807    2.92475430    3.40814359    2.81031803    2.86147125    2.60223145    2.57407759    2.36432593    2.65113258    2.59329353    2.82748321    1.97591585    1.68674669    1.78784124    2.76993554    2.54556175    2.52855469    2.45400719    2.20339990    2.25170952    1.92552709    1.74028214    1.99358694    2.15146965    2.13571153    2.34284256    1.90100376    2.15276250    2.23805706    2.37146540    2.35684013    2.62333142    1.88187706    2.07712143    2.27016207    2.20781371    2.13301025    2.01360514    1.95489515    1.74538695    1.85594216    1.98652009    1.58407839    1.98756979    2.02024929    2.18880052    2.18374735    2.13076955    2.00148661    2.27611310    2.29050054    3.09038524    2.39164042    2.84525360    2.57818430
R4KIK1_9FIRM/19-194     1.70928278    1.91956853    1.55994833    1.57836280    1.60206303    1.67233572    1.83501407    1.90624373    1.82203364    1.62638099    1.68325023    2.12159188    1.49320572    1.09695828    1.02041178    0.00000000    0.94978438    1.94842318    1.74923655    1.71300550    1.92933856    2.04069634    1.72435721    2.85139706    2.29455393    2.31753104    2.10099488    2.43196112    2.21872775    2.24499139    2.71993173    2.14487158    2.16782034    1.95549603    2.50625182    2.13853018    2.19265990    2.25452623    2.07985225    2.35386132    2.27272304    2.38011295    2.18880194    2.64373735    2.18419195    2.39689287    2.61028158    2.45951549    2.78244821    2.39839549    2.41678584    2.22928372    2.11427648    2.80150116    2.42137387    2.71260701    2.37789644    2.59422422    2.41358529    2.33668553    2.47254868    2.59875109    2.52882757    2.83426420    2.78664628    2.87658142    2.78259561    2.84273278    3.08017777    2.97268496    2.94707942    2.15776297    2.36825881    2.02170653    2.57889376    2.85153386    2.49146997    2.81269479    2.45978583    2.58946217    2.35614968    2.52708281    2.42013717    2.28343915    2.14117946    2.51831923    2.22659475    2.32040944    1.65647940    1.77599235    2.13720232    2.37199943    2.46329433    2.26026548    2.69498911    2.12970997    2.25066011    1.98160764    1.78078195    2.06302018    2.36561882    2.06994503    2.33086372    2.12295544    2.27523087    2.21933984    2.41793397    2.19165008    2.26526958    2.10746165    2.34493220    2.58849029    2.48890032    2.27863069    2.31938784    2.25952545    1.69693294    1.93659348    1.98199609    1.92817349    1.69717054    1.62284010    1.95842575    1.91434542    1.73954127    2.05869594    1.92105656    2.30760526    2.40301586    2.25014815    2.68102834    2.31616915
C8W695_DESAS/20-196     1.62144131    1.75762028    1.65272327    1.53479873    1.60167986    1.62062641    1.63508945    1.70294600    1.80506099    1.68244228    1.94327370    2.14502199    1.46625168    1.26189351    1.18601671    0.94978438    0.00000000    2.17926948    1.87986993    2.06630247    1.98055512    1.88063873    1.87226145    2.63447028    2.68975334    2.57205304    2.37791827    2.50293232    2.48592424    2.37560341    2.60112012    2.48756674    2.57471862    2.13953004    2.80186270    2.48630294    2.54777241    2.44451891    2.28535110    2.59822761    2.48957936    2.49090894    2.39570669    2.64743774    2.88603525    2.35718638    2.44533147    2.52323718    2.95925976    2.38837154    2.59856544    2.38623157    2.50998214    2.75439126    2.37851560    2.90391967    2.29528676    2.71220088    2.60124989    2.60668573    2.68075836    2.74070821    2.58164082    2.71408182    2.61986036    2.98120727    2.97436222    2.93204338    2.77547704    2.92358209    3.26384560    2.58793795    2.39773243    2.29430372    2.79262889    2.85159847    2.80999974    3.06968914    2.60700176    2.63892584    2.57671798    2.46505341    2.66262259    2.59448314    2.30237108    2.46494916    2.52998399    2.26456524    1.88175163    1.93401392    2.33548120    2.60949954    2.41551684    2.45121261    2.78217515    2.27346596    1.99311554    1.97924443    1.96975977    2.02655319    2.16372636    1.99306169    2.42218094    2.45519865    2.58718227    2.26351903    2.38221681    2.41560417    2.25955743    1.90465343    2.29313974    2.66744929    2.49321784    2.48701155    2.22661466    2.14094065    1.89062242    1.99526349    2.14206392    1.69023478    1.84603832    1.76169831    1.99254188    1.98856645    1.78171014    1.93074822    2.08219989    1.90344521    3.15094967    2.08635623    2.73110396    2.09277454
B8FJW1_DESAL/22-198     1.44603624    1.67411289    1.56037252    1.52894059    1.33475034    1.30111703    1.46957840    1.34805284    1.34190065    1.48100889    1.68600611    1.89541898    1.39657360    1.59380205    1.72779725    1.94842318    2.17926948    0.00000000    1.46052932    1.48083174    1.56978320    1.82906688    1.97201527    2.69711145    2.55539228    2.47141122    2.26687787    2.53415997    2.37076997    2.32070322    2.52699489    2.69367342    2.55679700    2.54568663    2.68973854    2.72642231    2.63933552    2.48811445    2.60437646    2.62160377    2.62803492    2.21642635    2.31639904    2.58625576    2.49345289    2.32258877    2.56920937    2.52992994    2.46750197    2.37589988    2.64123425    2.33609902    2.78402003    2.79469076    2.66609028    2.60809245    2.30646894    2.71943905    2.06749086    2.25782013    2.03008254    2.02959300    2.31340466    2.23047944    2.46065887    2.59632167    2.07930686    2.34899498    2.60823322    2.66292766    3.05622850    1.98763487    1.78461954    2.35175695    2.65462013    2.85788449    2.93747063    2.56583675    2.51601926    2.76388789    3.00646520    2.06227275    2.52862914    2.02359821    2.15615447    2.64351286    2.18419405    2.51336257    2.18964658    2.06969776    2.06224186    2.57437086    2.18775781    2.15467078    2.23363449    2.04961760    1.78793125    1.91268429    1.81110442    1.95881085    1.68538927    1.76703194    1.84064669    2.03943345    1.84117120    2.22136862    2.05271508    2.24343866    2.07683103    1.77611070    1.90823840    2.17994313    1.96320727    1.82406379    1.92422110    1.79744275    1.89928780    1.85086265    1.85276822    1.52259001    1.88469070    1.86670674    2.24391021    2.05204671    1.92093816    1.98135097    2.26763545    2.09875234    2.76262897    2.02727959    2.89851399    2.22859517
E1QI87_DESB2/22-193     1.33056706    1.66345879    1.49424910    1.40815496    1.42354473    1.42034560    1.51329322    1.70738022    1.65297533    1.73721759    1.63205753    1.65912181    1.34045437    1.56266898    2.01955942    1.74923655    1.87986993    1.46052932    0.00000000    1.35407101    1.29755246    1.65686630    1.44148717    2.66111471    2.24325495    2.07970462    2.20319714    2.15309124    2.16565384    2.13696908    2.12555383    2.06881635    2.17199194    2.44841533    2.26474899    2.18479176    2.07145540    1.98128829    2.03719181    2.03466520    2.14383875    2.15216887    2.35879466    2.19067628    2.02361728    2.24930711    2.13630801    2.21517199    2.21510162    2.08519980    2.44912296    2.56471943    2.48294685    2.50091862    2.66566041    2.40468702    2.15934311    2.46902277    2.03177978    2.34134597    2.21970655    2.32552829    2.64333520    2.39891936    2.74723218    2.88768538    2.23193840    2.81651548    2.40424539    2.47242941    2.50033446    2.00571471    2.09326484    2.44957840    2.31871430    2.89497509    2.72633327    2.75009671    2.90760699    3.21656075    2.52440965    2.46987365    2.27923181    2.22246707    2.25800253    2.45423868    2.21620321    2.34258849    1.72351679    1.93956757    1.83322744    2.56881686    2.35782053    2.58121623    2.45001849    2.22921629    1.80509065    1.99678416    1.90056674    1.91634079    2.02086011    2.12523234    2.16366219    2.34128872    1.96147839    2.21863152    2.17509259    2.25549370    2.07697175    1.99888490    1.95770918    2.24574112    2.15743291    1.88532796    1.89851723    1.97840195    1.86151692    2.01655163    2.00575893    1.49450555    1.64469102    1.74734681    2.00458587    2.12177087    1.87989496    2.10583322    2.55446266    1.99605342    2.90804226    2.16636188    2.78585439    2.38397397
A0LQR1_SYNFM/22-202     1.65538055    1.98307167    1.63082339    1.57570742    1.61639984    1.54687723    1.75279829    1.64036695    1.55768885    1.76841560    1.73572772    1.59138646    1.71134410    1.85303081    1.96989625    1.71300550    2.06630247    1.48083174    1.35407101    0.00000000    1.29400029    1.66361063    1.77426669    2.88404478    2.52510135    2.64801706    2.40334039    2.42102800    2.57182592    2.35689804    2.54377456    2.29493717    2.27469576    2.41237928    2.49308773    2.40960886    2.61798406    2.30350098    2.40474503    2.54264328    2.34915432    1.99307516    2.25190872    2.22446168    2.36131840    2.40531274    2.57487214    2.52741099    2.34172301    2.46450552    2.65658471    2.96076814    2.34946445    2.68738912    2.47085752    2.50536168    2.24541463    2.53181602    2.22284406    2.12718874    2.55009087    2.69337666    2.63838297    2.62366028    2.79565637    3.03105945    2.44704679    2.91132451    2.81046907    2.83124638    3.35153416    2.07597487    2.15906225    2.40589054    2.98419669    2.91016219    3.00121166    3.34367916    3.25379061    3.41864070    2.84448948    2.69983059    2.67194482    2.36636736    2.60211248    2.78306253    2.83237211    2.63288075    2.24678277    2.17236922    1.96139155    2.21623658    2.26350567    2.22350062    2.69081258    2.17680803    1.84638176    1.98445835    1.87333979    1.99886698    1.86864077    1.82106013    1.96737702    1.91989757    1.82765135    2.01237491    1.92891957    2.08244820    2.06229491    1.63399576    1.80971211    2.06925257    1.79815282    1.85888934    1.87736022    1.68934260    1.72121884    1.88075262    1.98712400    1.64593395    1.81116453    1.76511837    2.01960236    2.11332530    2.20884730    2.10979578    2.05068163    1.73198270    2.54591805    2.14237560    2.42077505    2.27235267
F2NID0_DESAR/22-200     1.38907332    1.47924140    1.61598269    1.31507669    1.64176191    1.56325799    1.64481949    1.47717201    1.48437753    1.69527765    1.73476335    1.70235043    1.50811311    1.90834231    2.03955711    1.92933856    1.98055512    1.56978320    1.29755246    1.29400029    0.00000000    2.04542381    1.86406921    2.80334180    2.89032972    2.74247504    2.63971226    2.56356838    2.67471602    2.28644261    2.49866896    2.39891659    2.33936675    2.60493773    2.83128845    2.27580234    2.43207346    2.54510846    2.19252355    2.63326812    2.45701329    2.75602817    2.40117543    2.63527125    2.73048011    2.60519607    2.66952532    2.93094681    3.44837877    2.94183907    3.20616338    3.11682529    2.94136841    2.93578582    3.11423619    3.06568236    2.76197786    2.97748576    2.73307106    2.67086396    2.91449730    2.82790672    2.85464688    2.90362407    2.74636238    3.44163253    2.76620169    2.94687617    2.44441405    2.86138905    3.16111463    1.98432511    2.12691945    2.58438982    3.21941485    3.05501496    2.90574859    2.80951939    3.04171050    3.28053166    2.98251254    2.66796403    2.49689295    2.19623825    2.24457579    2.60711970    2.57697334    2.48105075    1.89987192    2.08238877    2.13503835    2.44484583    2.02157665    2.05521117    2.68017324    2.23552372    1.86636124    1.79278158    1.80121263    1.70061961    1.89116013    1.97998416    2.06702576    1.99288074    2.32064651    2.15159553    2.09801832    2.04390854    2.14622903    1.90541764    2.07892246    2.23378278    2.04432907    1.98887078    1.84451220    1.97252013    1.67540423    1.93592875    1.69233997    1.54192221    1.72401605    1.76164294    2.06074886    2.10642578    1.85691998    2.01538971    2.28850392    1.78944347    2.47418910    2.07141032    2.72964340    2.12179050
