22
B8LUN8_TALSN/1-139     0.00000000    0.28792859    1.22278341    1.39039861    1.92652637    3.23610504    2.45283598    2.23107767    2.23226110    2.52950068    2.95062713    1.55188565    1.98272589    1.23160027    0.91634781    1.30725007    1.42263193    1.05521023    1.05368402    1.11392858    1.30689840    1.26094514
B6Q7J5_TALMQ/1-136     0.28792859    0.00000000    1.24455598    1.43532229    1.99347207    3.28668239    2.58985124    2.20938688    2.47314353    2.46830258    3.14080993    1.54343720    1.85188480    1.21136320    0.91949922    1.19561388    1.39886543    1.05238889    1.15343201    1.11423833    1.16225461    1.21253905
B2VY57_PYRTR/1-134     1.22278341    1.24455598    0.00000000    1.37167445    1.35995591    3.39469503    2.51424206    2.75479830    2.18953649    2.71824762    2.73551750    1.74887350    1.91847581    1.69472867    1.46780744    1.49349342    1.72797163    1.43182724    1.37905645    1.31667386    1.29108170    1.48583567
B2B4T8_PODAN/1-122     1.39039861    1.43532229    1.37167445    0.00000000    1.26085460    3.76228827    2.35357392    2.93343352    2.71975379    3.07806165    3.59367309    1.49367381    1.48160594    1.48433945    1.19659852    1.51034525    1.53931428    1.30552099    1.07489165    1.19055725    1.40178157    1.47377053
A7EZ41_SCLS1/2-85     1.92652637    1.99347207    1.35995591    1.26085460    0.00000000    3.39843729    2.05787493    2.22249174    2.12236112    3.05564357    2.85825276    2.39148850    2.76416696    1.58087352    1.57946652    1.46423408    1.61393053    1.52329201    1.38353850    1.54532581    1.71777862    1.87029036
A7TJ67_VANPO/1-148     3.23610504    3.28668239    3.39469503    3.76228827    3.39843729    0.00000000    2.96061899    3.17962535    3.10571664    3.14026181    3.51095335    2.92274152    2.87786123    2.94938801    2.85410227    3.11964933    4.19641797    3.50810248    3.67732830    3.53427653    4.17230691    3.74998520
A5DIB7_PICGU/1-122     2.45283598    2.58985124    2.51424206    2.35357392    2.05787493    2.96061899    0.00000000    1.52045078    1.16657202    1.57985794    1.50604081    2.52616342    2.40344340    2.39279398    2.29111122    2.25947679    2.72130985    2.44122149    2.42652694    2.53929920    2.77028848    2.65942370
C4Y0S2_CLAL4/1-125     2.23107767    2.20938688    2.75479830    2.93343352    2.22249174    3.17962535    1.52045078    0.00000000    1.43977648    1.70216509    1.70025100    2.78488596    2.34408042    2.27406977    2.35486591    2.10247330    3.15839692    2.39104892    2.33882210    2.35512920    2.95085340    2.65201094
Q6BH72_DEBHA/1-126     2.23226110    2.47314353    2.18953649    2.71975379    2.12236112    3.10571664    1.16657202    1.43977648    0.00000000    1.18026254    1.28191048    2.83957410    2.21232800    2.06585571    2.37304866    2.29500168    2.48239210    2.62916385    2.45708655    2.41264652    2.72006979    2.55103666
Q5A873_CANAL/1-117     2.52950068    2.46830258    2.71824762    3.07806165    3.05564357    3.14026181    1.57985794    1.70216509    1.18026254    0.00000000    0.77431921    2.78353793    2.77979445    2.09066712    2.40025338    2.79357531    2.96867679    2.48254725    2.82229420    2.66730664    2.65262986    2.60597098
C5M4J8_CANTT/1-113     2.95062713    3.14080993    2.73551750    3.59367309    2.85825276    3.51095335    1.50604081    1.70025100    1.28191048    0.77431921    0.00000000    3.26648341    3.04052973    2.73919497    2.87579293    3.16358361    3.47407999    2.81033455    3.07706990    2.92532183    3.05958444    3.27032047
TEN1_SCHPO/1-96     1.55188565    1.54343720    1.74887350    1.49367381    2.39148850    2.92274152    2.52616342    2.78488596    2.83957410    2.78353793    3.26648341    0.00000000    0.72879255    1.92159105    1.70620920    1.96731623    2.17179622    1.53749437    1.53822819    1.59679759    1.40340084    1.34385499
B6K6B7_SCHJY/1-96     1.98272589    1.85188480    1.91847581    1.48160594    2.76416696    2.87786123    2.40344340    2.34408042    2.21232800    2.77979445    3.04052973    0.72879255    0.00000000    2.24472599    1.81117147    2.19344665    2.28008310    2.16308272    2.07474273    1.95229058    1.82204838    1.82521962
B6HAA1_PENRW/1-123     1.23160027    1.21136320    1.69472867    1.48433945    1.58087352    2.94938801    2.39279398    2.27406977    2.06585571    2.09066712    2.73919497    1.92159105    2.24472599    0.00000000    0.59004051    0.79428708    0.73252001    0.97024241    0.92135198    0.91901983    1.10406824    1.08496747
B8NND6_ASPFN/1-116     0.91634781    0.91949922    1.46780744    1.19659852    1.57946652    2.85410227    2.29111122    2.35486591    2.37304866    2.40025338    2.87579293    1.70620920    1.81117147    0.59004051    0.00000000    0.52606852    0.59394050    0.57757098    0.57474520    0.61199387    1.01984148    0.91436772
A1CR20_ASPCL/1-101     1.30725007    1.19561388    1.49349342    1.51034525    1.46423408    3.11964933    2.25947679    2.10247330    2.29500168    2.79357531    3.16358361    1.96731623    2.19344665    0.79428708    0.52606852    0.00000000    0.60104964    0.87946942    0.90458851    0.91065003    1.35318924    1.35672568
A2RB42_ASPNC/107-254     1.42263193    1.39886543    1.72797163    1.53931428    1.61393053    4.19641797    2.72130985    3.15839692    2.48239210    2.96867679    3.47407999    2.17179622    2.28008310    0.73252001    0.59394050    0.60104964    0.00000000    1.01019902    1.10000125    1.10427356    1.52080871    1.45608725
C5GF84_AJEDR/1-179     1.05521023    1.05238889    1.43182724    1.30552099    1.52329201    3.50810248    2.44122149    2.39104892    2.62916385    2.48254725    2.81033455    1.53749437    2.16308272    0.97024241    0.57757098    0.87946942    1.01019902    0.00000000    0.40991446    0.55866163    0.97377269    1.02000173
C1HAR2_PARBA/1-137     1.05368402    1.15343201    1.37905645    1.07489165    1.38353850    3.67732830    2.42652694    2.33882210    2.45708655    2.82229420    3.07706990    1.53822819    2.07474273    0.92135198    0.57474520    0.90458851    1.10000125    0.40991446    0.00000000    0.41266212    1.03841038    0.94724467
A6R784_AJECN/1-157     1.11392858    1.11423833    1.31667386    1.19055725    1.54532581    3.53427653    2.53929920    2.35512920    2.41264652    2.66730664    2.92532183    1.59679759    1.95229058    0.91901983    0.61199387    0.91065003    1.10427356    0.55866163    0.41266212    0.00000000    0.95888132    1.02581223
C4JK26_UNCRE/1-144     1.30689840    1.16225461    1.29108170    1.40178157    1.71777862    4.17230691    2.77028848    2.95085340    2.72006979    2.65262986    3.05958444    1.40340084    1.82204838    1.10406824    1.01984148    1.35318924    1.52080871    0.97377269    1.03841038    0.95888132    0.00000000    1.11389793
C5FV87_ARTOC/1-146     1.26094514    1.21253905    1.48583567    1.47377053    1.87029036    3.74998520    2.65942370    2.65201094    2.55103666    2.60597098    3.27032047    1.34385499    1.82521962    1.08496747    0.91436772    1.35672568    1.45608725    1.02000173    0.94724467    1.02581223    1.11389793    0.00000000

