47
A1CPJ1_ASPCL/432-658     0.00000000    0.35903071    0.35560927    0.39026336    0.46998181    0.37175655    0.48587161    0.48915656    0.48212228    0.59408805    0.71084118    0.64949093    0.65594953    0.77644238    0.71841337    0.69506810    1.13407344    1.45984555    1.63350627    1.19938288    1.23798429    1.53390105    2.95982705    3.43503304    3.03506915    3.48216494    3.35574676    3.52919494    3.25863092    3.56130838    3.51899031    3.51143705    2.49226341    2.35117565    1.02155159    1.60804290    1.44951139    1.68809750    1.60731456    1.48667761    1.28941121    1.36389594    1.36557972    1.35060062    1.57451892    1.47356408    1.33767266
STU1_ASPOR/339-565     0.35903071    0.00000000    0.44539134    0.54384635    0.55727482    0.49682035    0.61242116    0.63361933    0.60616497    0.63548023    0.73375589    0.74609419    0.76156064    0.79642898    0.79472632    0.73313070    1.13150201    1.41173379    1.48987656    1.29608562    1.27656206    1.40610439    3.22485088    3.66850717    3.31843062    3.49651257    3.81267810    3.65179368    3.26424351    3.51096361    3.52867576    3.73566241    2.65967696    2.55834072    0.99993135    1.49702436    1.52849134    1.77837662    1.58967604    1.32178871    1.30749591    1.24773526    1.40284645    1.32853905    1.55920741    1.38106862    1.32806991
A2QRB8_ASPNC/470-696     0.35560927    0.44539134    0.00000000    0.45569648    0.49683212    0.41212509    0.45869199    0.53576365    0.55475001    0.60395607    0.75154928    0.71680150    0.69177867    0.79872475    0.77266033    0.71090613    1.07358312    1.48880664    1.54157444    1.24622908    1.29208476    1.55614179    3.62428385    4.34391287    3.94438516    4.22726774    4.23982052    4.28840673    3.94948376    4.31893385    4.24788238    4.26833500    2.55655293    2.43485956    1.11287082    1.60799347    1.45750803    1.78098470    1.62303758    1.51910835    1.32266432    1.33483309    1.47960498    1.46407803    1.60373777    1.51050656    1.37491078
B6H4W6_PENRW/324-550     0.39026336    0.54384635    0.45569648    0.00000000    0.58989115    0.47066526    0.44962456    0.57696435    0.55734458    0.64355673    0.68561961    0.69506425    0.64173239    0.78555140    0.69087192    0.68274841    1.08296810    1.28806602    1.52051675    1.24781417    1.23034086    1.55595153    3.18002296    3.76071480    3.68479693    3.66461412    3.67787581    4.11033536    3.78173185    4.13524461    3.90810946    3.68398267    2.68688669    2.23866052    1.08823899    1.55716638    1.54098708    1.59239041    1.56398389    1.49314929    1.25543840    1.33786787    1.36967398    1.36860648    1.56288567    1.53319780    1.38446961
Q0D0S3_ASPTN/484-710     0.46998181    0.55727482    0.49683212    0.58989115    0.00000000    0.50833069    0.59014291    0.57838717    0.61613563    0.72570773    0.73933455    0.69151143    0.75798035    0.79756774    0.76264705    0.75089895    1.08999933    1.45088776    1.56104240    1.22771128    1.41578602    1.64326287    3.36713050    3.61643709    3.50672542    3.56982618    3.40879947    3.97403994    3.29211709    3.80343663    3.81250630    3.76743008    2.55767433    2.55210218    1.05458250    1.60326026    1.69843467    1.76155078    1.66067024    1.53206378    1.49484136    1.39662269    1.39706991    1.45171300    1.56738051    1.50169933    1.37162630
B8M2E9_TALSN/325-551     0.37175655    0.49682035    0.41212509    0.47066526    0.50833069    0.00000000    0.38318790    0.39742244    0.43413054    0.50095510    0.60909379    0.57527622    0.51948232    0.63635943    0.65095627    0.67199642    1.17106782    1.30431628    1.55467771    1.10886371    1.07195082    1.42065271    3.09900219    3.65847054    3.38569019    3.61614855    3.55779679    3.69754070    3.52395028    3.55312223    3.56287702    3.79959632    2.36782403    2.46632013    0.98046311    1.50900250    1.39745597    1.66976629    1.58872066    1.42251448    1.28584099    1.20609995    1.30838507    1.21954131    1.48049522    1.43801893    1.27523650
STU1_COCIM/337-563     0.48587161    0.61242116    0.45869199    0.44962456    0.59014291    0.38318790    0.00000000    0.31709323    0.36450929    0.50506902    0.62667337    0.60066340    0.59830647    0.64759413    0.70789892    0.68034650    1.14679923    1.42222338    1.56262622    1.15569024    1.10960623    1.50214463    3.20243617    3.61723316    3.37038639    3.65562817    3.97074642    4.00026461    3.66037451    3.79237334    3.87347788    3.73493329    2.57428466    2.34250048    0.99503877    1.53108037    1.55534966    1.67558768    1.72035482    1.50652561    1.29296332    1.30077491    1.33592798    1.29870478    1.58479942    1.41529444    1.33524015
C1HA10_PARBA/338-564     0.48915656    0.63361933    0.53576365    0.57696435    0.57838717    0.39742244    0.31709323    0.00000000    0.39421793    0.53884854    0.64222261    0.62658626    0.60207588    0.71776514    0.65965777    0.64967984    1.17437796    1.32851000    1.56401973    1.27538706    1.12953692    1.62262363    3.43687061    3.73701309    3.40621183    3.54050932    4.00875656    3.90544005    3.49054567    3.85988185    3.93655184    3.65702505    2.78518383    2.48349027    1.05804879    1.50619020    1.60567302    1.77759587    1.89846769    1.57607949    1.30183926    1.33417911    1.40546409    1.43134995    1.58488495    1.51926892    1.36728089
C5FHN4_ARTOC/330-556     0.48212228    0.60616497    0.55475001    0.55734458    0.61613563    0.43413054    0.36450929    0.39421793    0.00000000    0.48788001    0.54965022    0.54632094    0.63408465    0.70750243    0.77912541    0.69635898    1.18473560    1.38164860    1.50998055    1.23413387    1.15864774    1.57090417    3.32235634    3.89225107    3.47342764    3.58149348    3.76523690    3.87774304    3.59428589    3.66402047    3.89300114    3.67770318    2.38866317    2.34395473    0.97412213    1.46826183    1.43014915    1.66807154    1.66741566    1.45596301    1.37805372    1.18670947    1.37161271    1.29082072    1.56577448    1.43664265    1.35652249
A7E7P8_SCLS1/282-508     0.59408805    0.63548023    0.60395607    0.64355673    0.72570773    0.50095510    0.50506902    0.53884854    0.48788001    0.00000000    0.43311696    0.37875911    0.53414257    0.49681653    0.63933395    0.65405034    1.23961019    1.39361505    1.46419552    1.19705695    1.15392969    1.47304864    3.49244357    3.94700078    3.50873105    3.56418679    4.16069463    4.32152869    3.50441754    3.73694864    3.93424873    3.85997673    2.33206189    2.23834523    1.00855265    1.46482158    1.38518218    1.62397161    1.65950122    1.48415949    1.37180526    1.22009483    1.36624670    1.31515528    1.49363756    1.39007312    1.24633995
STU1_NEUCR/297-523     0.71084118    0.73375589    0.75154928    0.68561961    0.73933455    0.60909379    0.62667337    0.64222261    0.54965022    0.43311696    0.00000000    0.24150192    0.40542615    0.40200126    0.82947108    0.78289771    1.33899504    1.31660516    1.34938786    1.21996879    1.24157114    1.55773009    3.47047823    4.06745881    3.61064240    3.46202253    4.47568232    4.33754734    3.64634496    3.65990703    3.95779004    3.70302365    2.13417961    2.23449660    1.10376716    1.40383407    1.41448235    1.67058070    1.67515575    1.38455772    1.32962548    1.17925985    1.32704411    1.30428306    1.47452764    1.42219192    1.31449775
STU1_CHAGB/253-479     0.64949093    0.74609419    0.71680150    0.69506425    0.69151143    0.57527622    0.60066340    0.62658626    0.54632094    0.37875911    0.24150192    0.00000000    0.34532172    0.41185932    0.73726111    0.74405171    1.37780266    1.29626996    1.33483013    1.09233450    1.20120103    1.59627271    3.50195345    4.07966834    3.73695771    3.51327682    4.51423410    4.60035005    3.66335898    3.90272284    4.04146766    3.73425409    2.23034584    2.20405156    1.03961532    1.32107967    1.38104356    1.65768639    1.66550028    1.45612096    1.32900320    1.14377356    1.27625036    1.39354944    1.39181933    1.37558390    1.24600530
B2B2L6_PODAN/296-522     0.65594953    0.76156064    0.69177867    0.64173239    0.75798035    0.51948232    0.59830647    0.60207588    0.63408465    0.53414257    0.40542615    0.34532172    0.00000000    0.49799668    0.80564193    0.81606804    1.19503544    1.29225220    1.44872756    1.09683534    1.07939289    1.47615754    2.87594072    3.55555815    3.35588364    3.37171744    3.95166767    4.03515341    3.42696927    3.60720931    3.82385495    3.41816696    2.33395128    2.29790514    1.15472753    1.33449502    1.42868094    1.68644176    1.75296270    1.36307488    1.23347991    1.23915976    1.27443414    1.30004688    1.33539654    1.32004018    1.25380036
STU1_GIBZE/287-512     0.77644238    0.79642898    0.79872475    0.78555140    0.79756774    0.63635943    0.64759413    0.71776514    0.70750243    0.49681653    0.40200126    0.41185932    0.49799668    0.00000000    0.87008545    0.86585583    1.43019181    1.52113103    1.59337380    1.17558101    1.19605725    1.44154209    3.49608536    3.98484297    3.71395554    3.58058642    4.22285791    4.58653066    3.83698009    3.83850585    4.21035315    3.94645381    2.36887154    2.13777116    1.18807166    1.41217309    1.54315762    1.69991252    1.80521398    1.55083786    1.37068993    1.29647421    1.33751864    1.41972835    1.54834558    1.53934474    1.40350121
STU1_PHANO/292-509     0.71841337    0.79472632    0.77266033    0.69087192    0.76264705    0.65095627    0.70789892    0.65965777    0.77912541    0.63933395    0.82947108    0.73726111    0.80564193    0.87008545    0.00000000    0.24939463    1.19961888    1.28263408    1.48624353    1.25337980    1.29499295    1.64966072    3.40040386    3.74830606    3.41407856    3.53854200    4.11360805    3.91974967    3.43888719    3.71741149    3.74380979    3.66048194    2.19204753    2.10344258    1.15953323    1.43192608    1.53141305    1.78061500    1.70271105    1.51817063    1.28537422    1.23996374    1.30512124    1.29716803    1.54040426    1.28650497    1.17706248
B2W3Q5_PYRTR/285-508     0.69506810    0.73313070    0.71090613    0.68274841    0.75089895    0.67199642    0.68034650    0.64967984    0.69635898    0.65405034    0.78289771    0.74405171    0.81606804    0.86585583    0.24939463    0.00000000    1.30904125    1.34350628    1.40333023    1.19324355    1.30203594    1.53882496    3.26980334    3.68786497    3.41855993    3.43228135    3.91002334    4.05619622    3.53393430    3.93190081    3.84321506    3.68898373    2.19306993    2.20605553    1.09177783    1.44604727    1.43102096    1.71206371    1.67721438    1.38466216    1.27009147    1.14155990    1.30766237    1.25230301    1.32585839    1.20266941    1.11881230
STU1_EMENI/414-637     1.13407344    1.13150201    1.07358312    1.08296810    1.08999933    1.17106782    1.14679923    1.17437796    1.18473560    1.23961019    1.33899504    1.37780266    1.19503544    1.43019181    1.19961888    1.30904125    0.00000000    1.56307126    1.71009217    1.76384911    1.93992536    1.82538733    3.34853664    3.64293642    3.77330582    3.78371879    3.71768429    3.45913680    3.65372009    3.78317029    3.43029608    3.62506386    2.73941111    2.68075169    1.51921719    1.59875104    1.94223684    1.72711188    1.95101201    1.79673237    1.84235753    1.65277290    1.72008444    1.73666412    1.86448758    1.66947114    1.78907096
STU1_SCHPO/273-499     1.45984555    1.41173379    1.48880664    1.28806602    1.45088776    1.30431628    1.42222338    1.32851000    1.38164860    1.39361505    1.31660516    1.29626996    1.29225220    1.52113103    1.28263408    1.34350628    1.56307126    0.00000000    0.77483104    1.38056608    1.51792430    1.65771860    2.95323933    3.31222103    3.34264941    3.00710895    3.86285593    3.39338651    3.14185548    3.25498811    3.35549081    3.11109077    2.31056491    2.24541164    1.44001251    1.46627604    1.70873123    1.66485939    1.95168418    1.38955953    1.30672974    1.33918382    1.39093982    1.42984858    1.49084441    1.49172252    1.34212714
B6K7W7_SCHJY/267-493     1.63350627    1.48987656    1.54157444    1.52051675    1.56104240    1.55467771    1.56262622    1.56401973    1.50998055    1.46419552    1.34938786    1.33483013    1.44872756    1.59337380    1.48624353    1.40333023    1.71009217    0.77483104    0.00000000    1.62985903    1.65537467    1.65968919    2.94032658    3.14798304    3.25531665    3.05683057    3.93706841    3.39908173    3.21858007    3.32654374    3.13146835    3.40127456    2.37811050    2.72299843    1.64659036    1.79454149    1.64128266    1.77833451    2.12473643    1.42716080    1.54465133    1.42650623    1.59964126    1.56192081    1.59646253    1.43324546    1.47630852
STU1_CRYNJ/318-541     1.19938288    1.29608562    1.24622908    1.24781417    1.22771128    1.10886371    1.15569024    1.27538706    1.23413387    1.19705695    1.21996879    1.09233450    1.09683534    1.17558101    1.25337980    1.19324355    1.76384911    1.38056608    1.62985903    0.00000000    0.80532279    1.29019712    3.12092906    3.54263308    3.50138248    3.57146567    3.84597360    3.91329653    3.12470086    3.49957475    3.54805233    3.44854229    2.14040678    2.25497507    1.41470189    1.64371543    1.71290828    1.71626275    1.83871495    1.64263769    1.45981321    1.57739842    1.50389414    1.54393027    1.50483602    1.58391471    1.64250759
B0CUS7_LACBS/358-587     1.23798429    1.27656206    1.29208476    1.23034086    1.41578602    1.07195082    1.10960623    1.12953692    1.15864774    1.15392969    1.24157114    1.20120103    1.07939289    1.19605725    1.29499295    1.30203594    1.93992536    1.51792430    1.65537467    0.80532279    0.00000000    1.27646290    3.37136468    3.74718150    3.54305132    3.59905942    4.29437199    3.89541823    3.44160422    3.54075914    3.61663048    3.61742649    2.16071421    2.33766944    1.50067055    1.87331966    1.91118997    1.84521963    1.99408671    1.48365476    1.74400149    1.49142268    1.73630071    1.62744559    1.74564074    1.87282279    1.73962595
A8Q9P9_MALGO/249-475     1.53390105    1.40610439    1.55614179    1.55595153    1.64326287    1.42065271    1.50214463    1.62262363    1.57090417    1.47304864    1.55773009    1.59627271    1.47615754    1.44154209    1.64966072    1.53882496    1.82538733    1.65771860    1.65968919    1.29019712    1.27646290    0.00000000    2.95082505    2.90796777    2.96434196    3.21782879    3.88140152    3.27687868    2.84286759    3.17809809    2.98175566    3.09752119    2.38262318    2.52662405    1.73842787    1.87594374    1.74783285    1.92630456    2.23363464    1.54837520    1.61872485    1.69034443    1.72008044    1.63050747    1.72143655    1.70988285    1.64352596
STU1_EMENI/1-241     2.95982705    3.22485088    3.62428385    3.18002296    3.36713050    3.09900219    3.20243617    3.43687061    3.32235634    3.49244357    3.47047823    3.50195345    2.87594072    3.49608536    3.40040386    3.26980334    3.34853664    2.95323933    2.94032658    3.12092906    3.37136468    2.95082505    0.00000000    0.96865972    1.19481601    1.17527759    1.57654516    1.13503361    1.17377433    1.03408518    1.16668987    1.20180097    3.54841133    3.28430008    3.59441213    3.39734570    3.24270770    2.87493077    3.49586377    3.02874322    3.04497370    2.91128766    3.01049125    2.83787411    3.17673866    2.63699920    2.78623977
STU1_ASPOR/1-216     3.43503304    3.66850717    4.34391287    3.76071480    3.61643709    3.65847054    3.61723316    3.73701309    3.89225107    3.94700078    4.06745881    4.07966834    3.55555815    3.98484297    3.74830606    3.68786497    3.64293642    3.31222103    3.14798304    3.54263308    3.74718150    2.90796777    0.96865972    0.00000000    0.52580653    0.58112673    0.99028444    0.45868550    0.52685369    0.37288554    0.49374016    0.56759802    3.95525478    3.10144744    3.53772552    3.35748918    3.44511155    3.20762399    3.55505607    2.95164528    3.04885497    3.11098688    2.78611992    3.16662671    3.60199147    2.88926534    3.07999332
STU1_COCIM/1-216     3.03506915    3.31843062    3.94438516    3.68479693    3.50672542    3.38569019    3.37038639    3.40621183    3.47342764    3.50873105    3.61064240    3.73695771    3.35588364    3.71395554    3.41407856    3.41855993    3.77330582    3.34264941    3.25531665    3.50138248    3.54305132    2.96434196    1.19481601    0.52580653    0.00000000    0.39608539    0.85170277    0.49033241    0.43051003    0.43286618    0.51648003    0.69403521    3.88638069    3.20695899    3.29216720    2.99964763    3.29717011    2.97589325    3.24678405    3.26053092    2.86489465    3.27566173    2.95875931    3.05600522    3.42505307    2.89355665    3.04990481
C5FHN4_ARTOC/1-216     3.48216494    3.49651257    4.22726774    3.66461412    3.56982618    3.61614855    3.65562817    3.54050932    3.58149348    3.56418679    3.46202253    3.51327682    3.37171744    3.58058642    3.53854200    3.43228135    3.78371879    3.00710895    3.05683057    3.57146567    3.59905942    3.21782879    1.17527759    0.58112673    0.39608539    0.00000000    0.84429009    0.54406585    0.48951994    0.49361536    0.55408512    0.72949334    4.09575378    3.18404613    3.43271784    3.06718508    3.59287159    2.89928552    3.34436708    3.09792697    3.10478295    3.17189355    3.09225795    3.27008701    3.43778658    2.89793593    2.91174735
STU1_CHAGB/6-219     3.35574676    3.81267810    4.23982052    3.67787581    3.40879947    3.55779679    3.97074642    4.00875656    3.76523690    4.16069463    4.47568232    4.51423410    3.95166767    4.22285791    4.11360805    3.91002334    3.71768429    3.86285593    3.93706841    3.84597360    4.29437199    3.88140152    1.57654516    0.99028444    0.85170277    0.84429009    0.00000000    0.91791333    0.88962357    0.89033954    0.95686351    0.98837900    4.51802188    3.88578552    3.79170611    3.85470410    4.26318425    3.61382084    3.91132334    4.27262973    4.02649058    3.86769095    3.60974337    3.93609654    4.22338293    3.20814389    3.12861653
STU1_ASPFU/2-236     3.52919494    3.65179368    4.28840673    4.11033536    3.97403994    3.69754070    4.00026461    3.90544005    3.87774304    4.32152869    4.33754734    4.60035005    4.03515341    4.58653066    3.91974967    4.05619622    3.45913680    3.39338651    3.39908173    3.91329653    3.89541823    3.27687868    1.13503361    0.45868550    0.49033241    0.54406585    0.91791333    0.00000000    0.39841997    0.35938529    0.44956828    0.57372029    4.09456964    3.63774280    3.57592085    3.49742746    3.53947234    3.31133926    3.70021905    3.38534550    3.64456779    3.14829156    2.93241501    3.50087514    3.85449600    2.95409261    3.19897156
B6QCS3_TALMQ/1-216     3.25863092    3.26424351    3.94948376    3.78173185    3.29211709    3.52395028    3.66037451    3.49054567    3.59428589    3.50441754    3.64634496    3.66335898    3.42696927    3.83698009    3.43888719    3.53393430    3.65372009    3.14185548    3.21858007    3.12470086    3.44160422    2.84286759    1.17377433    0.52685369    0.43051003    0.48951994    0.88962357    0.39841997    0.00000000    0.36742364    0.46544400    0.60298915    3.85120037    3.08087007    3.16843885    3.14998374    3.33608411    2.88822803    3.42448951    2.97085455    3.06313365    3.18925529    2.66666193    3.04814257    3.23439671    2.57902662    2.97364376
A2QRB8_ASPNC/57-272     3.56130838    3.51096361    4.31893385    4.13524461    3.80343663    3.55312223    3.79237334    3.85988185    3.66402047    3.73694864    3.65990703    3.90272284    3.60720931    3.83850585    3.71741149    3.93190081    3.78317029    3.25498811    3.32654374    3.49957475    3.54075914    3.17809809    1.03408518    0.37288554    0.43286618    0.49361536    0.89033954    0.35938529    0.36742364    0.00000000    0.40498039    0.50156908    3.87100273    3.58438980    3.27637481    3.11621170    3.26948005    3.06977261    3.41306862    3.15818619    3.19374304    3.05817485    2.88519945    3.10033268    3.44030835    2.60764991    2.97902649
B6H4W6_PENRW/1-216     3.51899031    3.52867576    4.24788238    3.90810946    3.81250630    3.56287702    3.87347788    3.93655184    3.89300114    3.93424873    3.95779004    4.04146766    3.82385495    4.21035315    3.74380979    3.84321506    3.43029608    3.35549081    3.13146835    3.54805233    3.61663048    2.98175566    1.16668987    0.49374016    0.51648003    0.55408512    0.95686351    0.44956828    0.46544400    0.40498039    0.00000000    0.63066785    3.76477947    3.53566888    3.43296630    3.21061592    3.35630798    2.96191558    3.16520908    3.34351581    3.30655186    3.24589147    3.22122015    3.30003570    3.34529848    3.01823271    3.09298296
Q0D0S3_ASPTN/77-292     3.51143705    3.73566241    4.26833500    3.68398267    3.76743008    3.79959632    3.73493329    3.65702505    3.67770318    3.85997673    3.70302365    3.73425409    3.41816696    3.94645381    3.66048194    3.68898373    3.62506386    3.11109077    3.40127456    3.44854229    3.61742649    3.09752119    1.20180097    0.56759802    0.69403521    0.72949334    0.98837900    0.57372029    0.60298915    0.50156908    0.63066785    0.00000000    3.72822196    3.60757263    3.42812700    3.11528148    3.23204121    3.13387042    3.56900630    3.08675073    3.31260193    3.11668697    3.03823566    3.28397408    2.94718199    2.60465287    2.90434492
B9S585_RICCO/221-439     2.49226341    2.65967696    2.55655293    2.68688669    2.55767433    2.36782403    2.57428466    2.78518383    2.38866317    2.33206189    2.13417961    2.23034584    2.33395128    2.36887154    2.19204753    2.19306993    2.73941111    2.31056491    2.37811050    2.14040678    2.16071421    2.38262318    3.54841133    3.95525478    3.88638069    4.09575378    4.51802188    4.09456964    3.85120037    3.87100273    3.76477947    3.72822196    0.00000000    1.43500968    2.71694948    2.37238372    2.35106459    2.37414336    2.66508152    2.53617230    2.24713127    2.46841351    2.55880967    2.52455996    2.42651212    2.46201894    2.37957226
Q55BD8_DICDI/409-636     2.35117565    2.55834072    2.43485956    2.23866052    2.55210218    2.46632013    2.34250048    2.48349027    2.34395473    2.23834523    2.23449660    2.20405156    2.29790514    2.13777116    2.10344258    2.20605553    2.68075169    2.24541164    2.72299843    2.25497507    2.33766944    2.52662405    3.28430008    3.10144744    3.20695899    3.18404613    3.88578552    3.63774280    3.08087007    3.58438980    3.53566888    3.60757263    1.43500968    0.00000000    2.45735595    2.56212451    2.62924267    2.14623140    2.41196838    2.55408055    2.38394200    2.48343826    2.29144509    2.66549449    2.88961273    2.52154284    2.36962895
STU1_YARLI/291-519     1.02155159    0.99993135    1.11287082    1.08823899    1.05458250    0.98046311    0.99503877    1.05804879    0.97412213    1.00855265    1.10376716    1.03961532    1.15472753    1.18807166    1.15953323    1.09177783    1.51921719    1.44001251    1.64659036    1.41470189    1.50067055    1.73842787    3.59441213    3.53772552    3.29216720    3.43271784    3.79170611    3.57592085    3.16843885    3.27637481    3.43296630    3.42812700    2.71694948    2.45735595    0.00000000    1.48353482    1.57945458    1.51555625    1.44518863    1.35929599    1.29129465    1.15064740    1.34129287    1.30046617    1.42074236    1.27229009    1.28102368
STU1_KLULA/297-523     1.60804290    1.49702436    1.60799347    1.55716638    1.60326026    1.50900250    1.53108037    1.50619020    1.46826183    1.46482158    1.40383407    1.32107967    1.33449502    1.41217309    1.43192608    1.44604727    1.59875104    1.46627604    1.79454149    1.64371543    1.87331966    1.87594374    3.39734570    3.35748918    2.99964763    3.06718508    3.85470410    3.49742746    3.14998374    3.11621170    3.21061592    3.11528148    2.37238372    2.56212451    1.48353482    0.00000000    0.94973376    0.96699574    0.94554928    1.57871747    1.53155596    1.42580461    1.50768067    1.66279312    1.36097637    1.36781222    1.37526999
C5DIR5_LACTC/279-503     1.44951139    1.52849134    1.45750803    1.54098708    1.69843467    1.39745597    1.55534966    1.60567302    1.43014915    1.38518218    1.41448235    1.38104356    1.42868094    1.54315762    1.53141305    1.43102096    1.94223684    1.70873123    1.64128266    1.71290828    1.91118997    1.74783285    3.24270770    3.44511155    3.29717011    3.59287159    4.26318425    3.53947234    3.33608411    3.26948005    3.35630798    3.23204121    2.35106459    2.62924267    1.57945458    0.94973376    0.00000000    0.90839500    0.92886870    1.56095001    1.40334722    1.28936579    1.39260820    1.41238209    1.45062231    1.36566195    1.36907663
A7TT44_VANPO/330-562     1.68809750    1.77837662    1.78098470    1.59239041    1.76155078    1.66976629    1.67558768    1.77759587    1.66807154    1.62397161    1.67058070    1.65768639    1.68644176    1.69991252    1.78061500    1.71206371    1.72711188    1.66485939    1.77833451    1.71626275    1.84521963    1.92630456    2.87493077    3.20762399    2.97589325    2.89928552    3.61382084    3.31133926    2.88822803    3.06977261    2.96191558    3.13387042    2.37414336    2.14623140    1.51555625    0.96699574    0.90839500    0.00000000    0.69639869    1.43442435    1.65825263    1.47480257    1.39670325    1.60578304    1.60214238    1.56037250    1.64891451
C5E0J2_ZYGRC/303-532     1.60731456    1.58967604    1.62303758    1.56398389    1.66067024    1.58872066    1.72035482    1.89846769    1.66741566    1.65950122    1.67515575    1.66550028    1.75296270    1.80521398    1.70271105    1.67721438    1.95101201    1.95168418    2.12473643    1.83871495    1.99408671    2.23363464    3.49586377    3.55505607    3.24678405    3.34436708    3.91132334    3.70021905    3.42448951    3.41306862    3.16520908    3.56900630    2.66508152    2.41196838    1.44518863    0.94554928    0.92886870    0.69639869    0.00000000    1.76463778    1.59899247    1.48511709    1.52472256    1.60956405    1.59166499    1.66349409    1.58351800
C4R5Y6_KOMPG/334-562     1.48667761    1.32178871    1.51910835    1.49314929    1.53206378    1.42251448    1.50652561    1.57607949    1.45596301    1.48415949    1.38455772    1.45612096    1.36307488    1.55083786    1.51817063    1.38466216    1.79673237    1.38955953    1.42716080    1.64263769    1.48365476    1.54837520    3.02874322    2.95164528    3.26053092    3.09792697    4.27262973    3.38534550    2.97085455    3.15818619    3.34351581    3.08675073    2.53617230    2.55408055    1.35929599    1.57871747    1.56095001    1.43442435    1.76463778    0.00000000    1.24495007    1.14716486    1.22921392    1.27327405    1.17561044    1.21050356    1.20612975
C4Y4K5_CLAL4/273-496     1.28941121    1.30749591    1.32266432    1.25543840    1.49484136    1.28584099    1.29296332    1.30183926    1.37805372    1.37180526    1.32962548    1.32900320    1.23347991    1.37068993    1.28537422    1.27009147    1.84235753    1.30672974    1.54465133    1.45981321    1.74400149    1.61872485    3.04497370    3.04885497    2.86489465    3.10478295    4.02649058    3.64456779    3.06313365    3.19374304    3.30655186    3.31260193    2.24713127    2.38394200    1.29129465    1.53155596    1.40334722    1.65825263    1.59899247    1.24495007    0.00000000    0.95318496    0.96909767    1.01609536    1.00656082    1.06879837    1.01524487
A5DIK6_PICGU/362-588     1.36389594    1.24773526    1.33483309    1.33786787    1.39662269    1.20609995    1.30077491    1.33417911    1.18670947    1.22009483    1.17925985    1.14377356    1.23915976    1.29647421    1.23996374    1.14155990    1.65277290    1.33918382    1.42650623    1.57739842    1.49142268    1.69034443    2.91128766    3.11098688    3.27566173    3.17189355    3.86769095    3.14829156    3.18925529    3.05817485    3.24589147    3.11668697    2.46841351    2.48343826    1.15064740    1.42580461    1.28936579    1.47480257    1.48511709    1.14716486    0.95318496    0.00000000    0.75790837    0.78661023    0.95914261    0.88365268    0.89528780
STU1_DEBHA/384-614     1.36557972    1.40284645    1.47960498    1.36967398    1.39706991    1.30838507    1.33592798    1.40546409    1.37161271    1.36624670    1.32704411    1.27625036    1.27443414    1.33751864    1.30512124    1.30766237    1.72008444    1.39093982    1.59964126    1.50389414    1.73630071    1.72008044    3.01049125    2.78611992    2.95875931    3.09225795    3.60974337    2.93241501    2.66666193    2.88519945    3.22122015    3.03823566    2.55880967    2.29144509    1.34129287    1.50768067    1.39260820    1.39670325    1.52472256    1.22921392    0.96909767    0.75790837    0.00000000    0.62202039    0.88015836    0.70752299    0.77920578
A3LWT8_PICST/299-530     1.35060062    1.32853905    1.46407803    1.36860648    1.45171300    1.21954131    1.29870478    1.43134995    1.29082072    1.31515528    1.30428306    1.39354944    1.30004688    1.41972835    1.29716803    1.25230301    1.73666412    1.42984858    1.56192081    1.54393027    1.62744559    1.63050747    2.83787411    3.16662671    3.05600522    3.27008701    3.93609654    3.50087514    3.04814257    3.10033268    3.30003570    3.28397408    2.52455996    2.66549449    1.30046617    1.66279312    1.41238209    1.60578304    1.60956405    1.27327405    1.01609536    0.78661023    0.62202039    0.00000000    0.89546153    0.74701703    0.81183021
A5DU04_LODEL/309-538     1.57451892    1.55920741    1.60373777    1.56288567    1.56738051    1.48049522    1.58479942    1.58488495    1.56577448    1.49363756    1.47452764    1.39181933    1.33539654    1.54834558    1.54040426    1.32585839    1.86448758    1.49084441    1.59646253    1.50483602    1.74564074    1.72143655    3.17673866    3.60199147    3.42505307    3.43778658    4.22338293    3.85449600    3.23439671    3.44030835    3.34529848    2.94718199    2.42651212    2.88961273    1.42074236    1.36097637    1.45062231    1.60214238    1.59166499    1.17561044    1.00656082    0.95914261    0.88015836    0.89546153    0.00000000    0.77176506    0.71414078
C5MD57_CANTT/309-537     1.47356408    1.38106862    1.51050656    1.53319780    1.50169933    1.43801893    1.41529444    1.51926892    1.43664265    1.39007312    1.42219192    1.37558390    1.32004018    1.53934474    1.28650497    1.20266941    1.66947114    1.49172252    1.43324546    1.58391471    1.87282279    1.70988285    2.63699920    2.88926534    2.89355665    2.89793593    3.20814389    2.95409261    2.57902662    2.60764991    3.01823271    2.60465287    2.46201894    2.52154284    1.27229009    1.36781222    1.36566195    1.56037250    1.66349409    1.21050356    1.06879837    0.88365268    0.70752299    0.74701703    0.77176506    0.00000000    0.29875671
STU1_CANAL/303-529     1.33767266    1.32806991    1.37491078    1.38446961    1.37162630    1.27523650    1.33524015    1.36728089    1.35652249    1.24633995    1.31449775    1.24600530    1.25380036    1.40350121    1.17706248    1.11881230    1.78907096    1.34212714    1.47630852    1.64250759    1.73962595    1.64352596    2.78623977    3.07999332    3.04990481    2.91174735    3.12861653    3.19897156    2.97364376    2.97902649    3.09298296    2.90434492    2.37957226    2.36962895    1.28102368    1.37526999    1.36907663    1.64891451    1.58351800    1.20612975    1.01524487    0.89528780    0.77920578    0.81183021    0.71414078    0.29875671    0.00000000

