164
I4CAD1_DESTA/10-49     0.00000000    1.45231611    2.17909759    2.30433216    2.26509282    2.13989276    1.67151803    2.02926814    1.90961792    2.21866274    2.04452448    1.73700429    2.03241927    2.07598606    2.17134499    1.65793119    2.12642949    1.88218667    2.41838414    2.10718199    2.01842550    1.99397893    2.01177350    2.35575850    2.22974251    2.41928057    2.00775374    2.40540303    1.89761171    2.05978793    1.69130929    2.21058505    2.35686479    1.69181431    2.55512082    1.90441383    1.38973225    1.46031758    2.05519594    2.48517496    2.83330768    2.65627801    2.74023566    2.55697173    2.86784145    3.42550175    3.39186513    2.88979073    3.23323115    3.55586925    2.71616168    2.97996946    2.19414666    1.69662604    1.93973053    2.09180823    1.92353727    1.31996343    1.83475021    1.64186094    1.51223493    1.56323975    1.73380149    1.23470155    1.96231428    1.76790952    1.47779428    1.42329732    2.52827081    1.87307576    1.47962539    1.48816914    2.02519933    1.74605203    1.94100220    2.24026886    2.18804285    1.86360958    1.85576164    1.83456397    1.48946744    1.63451859    1.75555578    1.63939005    2.41698999    1.88033076    2.08240810    1.85556045    1.92168777    1.87098430    1.60126694    1.42415790    2.18387989    2.05838076    1.88226988    2.17294165    2.19196967    1.95516604    1.83013611    1.87765955    2.12720329    2.09089619    1.77118788    1.79410674    1.70335301    2.00784327    1.90908988    2.18728214    2.73256939    2.28097166    1.95858661    1.84555753    1.65483390    1.74461595    1.31169991    2.61604040    1.60096254    1.74442677    1.80221010    2.30443527    2.21315036    1.92121898    1.87035581    2.23681832    1.97187352    1.54847372    2.03139814    2.31645409    2.36343298    2.04902981    2.20159865    1.91446037    2.62173047    2.51047257    2.07515633    1.74828957    1.85520167    1.64573997    2.17302179    1.82603299    1.73398151    2.27561227    1.74602049    1.11513580    1.29543015    1.57770113    1.87498162    1.70766506    2.55851647    2.00372587    1.44538895    1.89978308    2.35903336    1.84269048    1.94763590    1.85230416    1.76863768    1.77688266    1.95658654    1.67566504    1.66906272    2.24638006    1.82656399    2.14112278
B3E532_GEOLS/9-48     1.45231611    0.00000000    1.20885929    1.77534039    2.05573855    1.86973203    1.21523032    1.55906105    1.91282484    1.67363293    2.13001316    2.21732320    1.92827389    1.89803469    2.13849477    1.54639994    1.82872040    1.71170389    1.81784294    1.47256634    1.77490096    1.61252146    1.66328223    1.73706073    1.68680713    1.64592848    1.77395631    1.90896965    1.60002194    1.71880325    1.46136877    1.56434290    1.75107462    1.88466874    1.76339363    1.95954966    1.62252732    1.81833260    1.68869940    2.46274288    1.98407449    2.36229981    2.71323970    2.82510167    2.78671458    3.14332050    2.71467295    2.02786340    3.18930199    2.16195668    2.33501562    2.75302825    1.58843633    1.27928686    2.29106098    1.75416722    2.12837850    1.78236095    2.27108609    2.22920867    1.42978862    1.68736898    1.45245114    1.91365550    2.16154617    2.43081723    2.25505753    1.53182597    1.79395639    1.57225208    1.33014710    0.95456786    1.37824433    1.09679684    1.62634890    1.45946300    2.18821077    1.92327379    2.03728756    2.27354875    2.11518089    1.88954766    1.84941698    1.70947838    1.85999479    1.68503106    2.38760157    1.89838782    1.48550099    1.52898714    1.18161874    1.00828434    1.38944953    1.38426092    1.48302017    2.13722708    2.31618418    1.99346805    2.21818470    2.40217373    2.28010399    2.60338661    2.15286181    1.61345331    1.38289759    1.48463361    2.16484442    1.98630356    2.49459439    2.16940233    1.90031344    2.19356297    1.50362448    1.05317885    1.38664536    1.62555777    1.96319640    1.43277244    1.62415172    1.67619103    2.42827151    1.52322023    1.85023579    1.75151832    2.14737154    1.84621393    2.16962463    2.21551386    1.54129079    1.42991857    1.63970681    1.26410059    1.91467739    2.57328800    2.17899074    1.77094785    1.88295270    2.08968574    1.79526861    2.01825584    1.27087181    1.64189848    1.56018623    1.63841800    1.54251101    1.94432288    1.74726955    1.76796979    2.30522645    2.49083895    2.24969931    2.10245208    1.78927499    1.52789938    2.01735517    1.81986979    1.90170241    2.10535187    2.33173758    1.93207743    1.67967729    2.31224953    1.96067297    2.20621734
D0LHS4_HALO1/31-68     2.17909759    1.20885929    0.00000000    2.55155810    2.36957955    2.32291373    1.56502914    1.60503665    2.13030863    2.47570466    1.88777501    2.04474042    2.12659082    1.84465055    2.50841231    1.97846244    1.86024210    1.76120382    2.10950376    1.90421883    1.95522618    2.03587160    1.80738160    2.03372108    2.01632246    1.97870368    1.68596250    2.10687950    1.35184329    1.58915748    1.70251141    1.82269340    2.51380729    2.48834706    2.36039913    1.84910676    1.20025940    1.62728251    1.54748220    1.51322773    1.92991281    1.77143387    2.20162429    2.13146049    1.53901593    2.35551532    1.64752515    1.39796624    2.08807038    1.96307307    1.50407501    2.11612657    1.98234260    1.60299057    2.52361008    1.37627671    1.93205032    2.47662079    2.39599865    2.30734261    2.34225602    2.20617835    2.16595083    1.77463194    2.52462844    2.23523271    2.75116799    1.91214833    1.80922101    1.72459449    1.86263949    1.69789568    1.60476782    1.69743860    1.24973809    1.34469668    2.18926398    1.94190690    1.82976445    2.20859220    2.04088697    1.67038565    1.85856414    1.78125762    2.00686997    2.25679021    1.89593908    1.82363375    1.21242250    1.57024184    1.32132779    1.30612632    1.22252986    1.36798729    1.69890179    1.58779953    1.67608156    1.50134558    1.57972147    1.82604163    2.00138384    1.66571401    2.01006873    2.02668920    1.41877551    0.92136942    1.57093915    1.66855881    2.22059741    1.96490476    2.55446025    2.31674743    1.49216784    1.42370952    1.68449672    2.11548094    2.04986800    1.68828742    1.63411455    1.91689255    2.28864724    2.01265507    2.43765159    1.66243088    1.84983597    1.72030370    1.62718966    1.71614636    1.66919838    2.32255775    1.46104501    1.44065755    1.58156476    2.08565562    1.96608022    2.22716527    1.84836937    1.89695023    2.09386636    1.79825238    1.52821024    1.39730042    1.66762714    1.67333682    1.48125406    1.51027313    1.23915173    1.70320845    2.21511263    2.43562171    1.93254740    1.82847794    1.55247378    1.61759616    1.68917465    1.85317198    2.29496592    2.18305693    1.91865066    1.99837140    1.88324971    2.46125985    1.83324191    1.93510475
C3PFG0_CORA7/6-45     2.30433216    1.77534039    2.55155810    0.00000000    1.31145776    1.06666204    1.02441746    1.21397041    1.75357433    1.74320323    1.76276598    1.37491029    1.33888047    1.52604161    1.51839276    1.63715082    1.77461397    1.50682815    1.18422131    1.44987180    2.04099865    1.56401212    1.49861014    1.42105746    2.09858677    1.29175042    1.63413597    2.04588037    1.88746391    1.60989560    1.59000529    1.41830193    0.99440623    1.39256218    1.36752067    1.46938923    1.55371210    1.83860102    1.84715214    2.78923220    2.70599907    2.46026885    2.38974487    2.65013099    2.72644847    3.66481158    2.56454132    2.81239250    3.22004877    2.74754779    2.15421072    2.55419474    3.43612131    2.41200283    3.06828867    3.16340771    2.68746548    2.02835505    2.73185548    2.06836406    2.46711961    1.65081937    1.80211116    1.79518539    2.38114622    3.43804671    3.13147954    1.52833504    1.96914915    3.55177043    2.10976479    2.12839401    2.62805900    2.27987233    2.54233733    2.59796931    2.23887039    1.95372145    2.47224800    2.98468706    2.66677227    2.18864248    2.49580743    2.18481399    2.10875340    2.44256335    1.66633638    2.42591038    2.24082655    2.41150733    2.35455415    2.10802825    2.17666486    2.19977748    2.42250105    3.05938169    3.24201719    3.14483888    3.15279041    3.03932933    2.86438013    3.56727622    1.88801134    2.21273125    2.26275041    2.47741057    2.25936590    2.48052439    3.03323863    2.59256900    2.19353032    2.32722889    2.51615923    2.63823003    2.30053525    2.05447029    2.43670531    2.76021528    1.97999932    2.65631866    2.56156662    2.81278591    2.33828944    1.58799828    3.51857644    3.42712071    3.20299988    3.05412862    3.30898732    3.31444632    2.72323765    2.20399172    3.16729068    1.54187617    2.23831481    1.75744742    2.22224026    1.91764582    1.82732583    1.62608015    1.88370124    2.17031207    1.78669339    1.60800048    2.17854553    2.09365461    2.42170825    1.95962826    2.29603830    3.11857231    3.01776837    2.57123893    2.48128292    2.82260777    2.32841955    2.42425914    2.26086037    2.79944446    2.44960829    2.70300035    2.61180933    2.07133532    1.65172594    2.77697086
F5XK52_MICPN/7-46     2.26509282    2.05573855    2.36957955    1.31145776    0.00000000    0.66671659    0.77862851    0.76701265    1.02563483    1.29389081    1.15878242    1.06731459    1.05716321    1.05657567    0.98562783    1.04851810    1.02488226    1.15142812    1.22193464    1.05038935    1.31113420    1.23324092    1.03507051    1.44348943    1.11485312    1.00096064    1.15350469    1.08507263    0.82659681    0.95025307    0.87368218    0.98145487    0.65072137    2.24351226    1.80105872    1.71061198    1.57060490    1.45892378    1.93469886    2.47070393    2.16871684    2.73511821    2.11474801    2.52706851    2.50203762    2.40107123    2.44111334    3.30842584    2.97988563    2.85262058    1.72108834    2.18098876    2.99960098    1.91220756    2.12340073    2.36891722    1.87440716    1.76186846    2.45151908    2.09056427    2.28674296    1.76305518    2.16438067    2.07670034    2.26356174    2.01031947    1.82637262    2.00512170    1.75678794    3.01282932    2.07447048    1.88411045    2.41864787    2.14912261    2.84142834    2.41734237    2.44141246    1.68499757    1.90526358    1.70105753    1.89905532    2.10055766    1.95491435    2.07548795    1.55002477    2.03287358    1.25271592    1.94471056    2.06939631    2.34852731    1.43274566    1.75445857    1.65974390    2.05218071    2.22564428    2.29003733    2.67994711    2.93769160    2.73682990    2.97773074    2.30693097    2.87703305    2.09354902    2.25775486    2.04350543    1.84905986    2.09005578    2.35864449    1.96105210    1.87452986    2.21123564    2.98017001    2.62580038    1.64497795    1.99149685    2.45390845    1.62071941    1.84043636    1.95117929    2.73402396    3.19770525    2.83435306    1.63252242    1.93646328    2.49627777    2.69813381    2.80408879    3.26723472    3.00734457    2.61022843    2.78232150    1.62401211    1.78336610    1.42073735    2.54654523    1.88450685    1.48031976    1.57124576    2.25259047    1.68885752    2.09742464    1.62486929    1.88748035    2.11927552    2.42987461    1.75694379    1.97230670    2.39997764    2.36305818    2.93127590    2.12270145    2.79486160    2.40478140    2.28141236    2.44274432    2.19915820    1.98006476    1.88318598    1.77013954    1.74663180    1.96361373    1.36003420    2.27571539    2.14384766
F5YYV2_MYCSD/7-46     2.13989276    1.86973203    2.32291373    1.06666204    0.66671659    0.00000000    0.65826269    0.73728956    0.90666906    0.92810358    1.04988149    1.00037210    0.93156783    1.06894259    0.99819013    0.96121617    0.94474865    0.79730671    0.93411600    1.00191357    1.32944349    0.94950913    0.90015135    0.83900708    1.24487146    0.76125516    0.95685469    1.28008564    0.83415058    0.86146617    0.71424491    0.72095540    0.66669911    1.76239387    1.82394105    1.79545425    1.75630905    1.50394171    1.62218148    2.85322598    2.33170547    2.22607887    2.40882085    2.63393086    2.07576535    2.76579204    3.15378917    3.13821734    3.48346652    3.45613139    1.75377504    2.89460352    3.05420230    2.10684451    2.84470066    3.26898421    1.85319962    1.90735898    2.52820633    2.51649878    2.34722486    1.85641917    2.09269656    1.98004191    2.02431915    2.56697684    1.76112822    1.94391034    1.77806112    2.72636734    1.85838019    1.68584389    2.58578179    2.57273669    1.81419304    2.60812303    2.38865181    1.21476749    1.94133975    1.76289306    1.84413587    1.84765397    1.93354591    1.42556709    2.08117835    2.43152512    1.51956237    2.19159638    2.80333246    2.24661568    1.65687170    2.02024013    1.59301302    1.96838038    2.26249072    3.44276983    3.12852631    2.98451291    3.40028358    2.98332068    2.23809611    4.03082318    2.46745041    2.64172207    2.16114059    2.29110867    2.40464952    2.22090879    2.19716736    2.29768958    2.16829404    3.14990811    2.50160430    2.44401343    1.97928604    2.34645436    2.36033933    1.90606423    1.94012050    2.61247925    4.03868447    3.34688122    2.18921582    2.05365697    2.73414605    2.78719962    2.59450538    3.49303981    2.93424370    2.28826079    2.69489389    1.49914168    1.92914815    1.54619851    2.22815085    1.60483982    1.83748623    1.40055564    2.48055029    1.83265895    1.53989164    1.49160981    2.32230321    1.85273103    2.08523112    2.33723319    2.41774513    2.55996341    2.45101064    3.03372753    2.56768216    2.46927056    2.29418270    2.17036774    2.32014928    2.28582352    2.64278734    2.08874253    1.81640215    1.99694295    2.50050144    1.74031004    1.88438334    3.17520787
M1NX61_9CORY/8-47     1.67151803    1.21523032    1.56502914    1.02441746    0.77862851    0.65826269    0.00000000    0.44697629    1.10915789    1.10509144    1.19978555    0.95954920    0.92844695    0.86124314    1.27012184    1.15014832    0.83909486    1.02715316    1.19248174    0.73278989    1.56673557    1.16073154    0.93312040    1.12355687    1.23460407    0.91093155    0.95892662    1.31015428    0.72489042    0.75213880    0.67136374    0.68598567    0.77580793    1.71218660    1.82766970    1.70476966    1.72656676    1.69167775    1.74975901    2.55432865    2.49323044    2.55297231    2.47600705    2.45826646    2.52038448    2.73290489    2.33395008    2.77768937    2.86628456    2.03176877    2.08303356    2.81317955    2.89626112    1.79295958    2.58247373    2.68128988    2.30016446    1.79011836    2.54336323    2.27878307    2.22110401    1.58980513    1.67611974    1.73786871    2.56217262    2.74628164    1.96857249    1.92401544    1.84258154    2.43267989    2.27655087    1.92755221    2.30362600    2.40181890    1.78369908    2.45017944    2.13461529    1.91521291    2.32612286    2.80353614    2.48704350    2.18252772    2.29721617    2.07244294    1.81519837    2.64865109    1.93457382    2.40620148    1.58114595    2.01148339    1.51207513    1.74947572    1.39506168    1.72098418    2.05529019    2.74540887    2.97670602    2.96599218    3.18950479    2.56471762    2.02007802    3.24620816    2.27138649    2.64250740    1.66594759    1.68592873    1.91013209    1.80281445    2.19029294    1.60455380    1.59799177    2.94269424    1.87265243    1.93330694    2.00091835    2.15883391    1.86359456    1.95697569    1.84759563    3.09430144    2.87359110    2.74022725    2.24213794    1.68674036    2.08976581    1.84077577    2.02308179    2.29304047    1.76170919    1.98525496    1.81789346    1.60642746    1.98758980    1.51544960    2.41329469    1.41661647    1.52844107    1.82945463    2.44164945    1.83099319    1.85305375    2.34307209    1.71232077    1.96859222    1.75128768    2.15266622    1.96753657    1.77715099    2.11016425    2.47573729    3.21465907    2.59986314    2.22426047    2.28246901    2.50718511    1.73032405    1.78516681    1.12646840    1.29161278    1.60068551    1.71706784    1.48468548    2.02790000    2.22363194
C7MAQ7_BRAFD/6-45     2.02926814    1.55906105    1.60503665    1.21397041    0.76701265    0.73728956    0.44697629    0.00000000    0.83723304    0.89035581    1.00574197    0.77543046    0.81371003    0.64248527    1.08786582    0.82291515    0.87673345    0.90601120    1.07831196    0.80307878    1.06833586    0.91084149    0.86087340    1.02518334    0.97235717    0.69704537    0.80864158    1.05074312    0.76252192    0.75574919    0.67884619    1.01692933    0.79794743    2.07603204    2.07184001    1.99977806    1.50419803    1.69296014    1.96589113    2.40420040    2.30178624    2.77198488    2.58237716    2.36622420    2.86119746    2.89200345    2.34441696    2.55471593    2.84790450    1.97104127    1.94630454    2.77884110    2.75773533    1.65771232    2.63703482    2.54729737    1.83261201    1.89805292    2.02687304    2.15077690    2.07716000    2.13173948    1.78336204    2.03057153    3.00703881    2.62332956    1.87210597    2.30887611    2.43486158    2.63032920    2.23741505    1.81311367    2.13769587    1.87120589    2.06537014    2.29412540    2.08454163    1.64676440    2.01791668    1.85094741    1.95424914    2.00454977    1.76757756    2.13909890    1.70012057    1.95122805    1.99067809    2.35615026    1.35182443    2.46939586    1.74971937    1.69768688    1.66907873    1.66386865    2.16067206    2.34874486    2.48134041    2.59020140    3.03586752    2.25002098    2.03017204    2.81777763    2.68677180    2.23794441    1.57839039    1.77123375    1.68890835    2.05623899    2.02496439    2.15922754    2.15016922    2.77458436    2.10981009    1.75033234    2.05560453    2.30846533    1.99173240    1.73651130    1.73127686    2.68796629    2.76806510    2.94672158    2.31412204    2.24045377    2.59015579    2.22462471    2.76598894    2.74323130    2.10326185    2.67312477    1.63548339    1.22335702    1.53515467    2.05677217    2.82145684    1.78796344    1.77512951    2.24725231    2.66213138    2.17557490    2.07883420    2.28467132    1.77911779    2.24090669    2.15285172    2.25300404    1.78944005    1.67326046    2.44813696    2.52657568    2.89265380    2.77869242    2.01688309    2.58844953    2.19613128    2.43056169    2.79652077    2.07180218    1.61757967    1.67561879    2.06070946    1.74065672    2.03867272    2.22885914
V6JKF6_STRRC/40-79     1.90961792    1.91282484    2.13030863    1.75357433    1.02563483    0.90666906    1.10915789    0.83723304    0.00000000    0.79261191    0.61237448    0.80533951    0.97995218    0.74492624    0.70384766    0.53798605    0.58476625    0.67021643    0.78979186    0.62764305    0.88670021    0.88571114    0.79951210    0.93228489    0.63769570    0.68411900    0.61581386    0.75648862    0.56147901    0.69883987    0.81565773    1.18153249    1.10454605    1.81770671    2.08178459    1.83973671    1.63078416    2.01920301    2.15135255    2.17002265    2.46032905    2.98591418    2.62104958    2.20186662    2.96192146    2.88583628    2.86398698    2.90235763    3.24013767    3.05811543    2.65921017    3.04275951    3.30589763    1.48461406    2.74422712    2.01850278    1.86328183    1.86748102    2.10060846    1.82783126    1.63863808    1.79772321    2.25596866    1.74248044    2.15841225    2.53385484    2.29898977    1.97363762    2.93006987    2.47408160    2.67264266    1.90953153    2.42669611    2.27104540    2.28890506    2.78750348    2.47323515    1.45097593    2.05620003    1.71763909    1.74757479    1.87049788    1.59443917    1.80518980    2.98659013    1.58098252    1.88797896    2.25787437    2.07084432    2.01595662    1.58057896    1.60393726    1.95847415    2.11376942    2.09377055    2.44200844    2.37718656    2.46377325    2.10424465    2.51634210    2.37798996    3.06489871    2.75832241    1.92784551    1.52520800    1.78663873    2.04779349    1.84918291    2.42531076    2.60415749    1.80785247    2.02967234    1.38624171    1.68664228    2.36260004    2.09046331    1.69937964    2.21319869    1.40323999    2.19883874    3.63257234    2.18592256    1.95132968    1.97396184    2.31898166    1.96207885    2.04435665    2.08490794    1.68263930    2.54687339    1.94580781    1.07085339    1.49888649    1.67848481    2.18964177    1.62852632    1.41067125    1.86539249    1.99258920    1.72381361    1.26588381    1.98998616    1.65594692    1.79766013    1.73090692    1.74340459    1.59536815    2.23745719    2.29024071    2.27161108    2.47922246    2.57813522    2.18678692    2.15775029    1.86454899    1.48197569    2.03641108    1.72496547    1.59724617    1.20701115    1.69451650    1.45442708    1.38191276    2.19433960
A4FFK1_SACEN/5-44     2.21866274    1.67363293    2.47570466    1.74320323    1.29389081    0.92810358    1.10509144    0.89035581    0.79261191    0.00000000    0.74326011    0.89417927    0.94327327    0.83565810    0.99557203    0.96746710    0.73426353    0.73338147    0.86180055    0.77499453    0.95623655    1.05568340    0.43137359    0.72351451    0.68276359    0.87596741    0.59174626    0.84133767    0.68357819    0.69943836    1.14493731    1.27318967    1.38705566    1.31013971    1.86569067    1.61401634    2.15790574    1.96887142    1.86329091    2.12270841    1.82262810    1.97738232    1.77418975    2.56347405    2.46680600    2.46600949    2.71147423    2.30394582    2.30251269    1.98730422    1.99008590    2.85576327    2.74880490    1.46099506    2.87492127    3.03749631    2.11281513    1.90195655    2.36774298    1.86885794    1.89101259    2.73617016    2.82216736    2.09918159    2.20450024    2.08087212    2.07516170    1.79911458    2.34009325    2.74499021    1.91919968    2.19492167    2.27280348    2.11872620    2.71018415    3.07220699    2.20302146    1.44363431    2.41029594    2.22910089    2.09850168    2.42970425    2.09060499    2.00073984    2.32246278    1.78804938    1.75253954    2.19485431    2.28554581    2.36560549    2.11334546    2.28627389    1.96120039    2.38022371    2.39214213    2.62005166    2.40362468    2.28031328    2.29342671    2.21145088    2.23506633    3.50565463    2.37628434    1.50764319    1.68921830    1.45163764    1.76306022    2.45696316    2.44845455    1.90233179    1.51108895    1.87279702    1.72153006    1.88537246    2.63681408    1.84508360    2.01681699    2.46408840    1.75612694    1.82902477    2.66042770    1.84878529    1.77803867    1.76704988    1.94424265    1.74651323    2.33702261    2.30982705    1.65938831    2.36577460    1.68834812    1.33160888    1.70390952    1.30026737    2.33188552    1.47050384    1.10627620    1.62601152    1.82009648    1.58650455    1.33817132    2.19178845    1.86402325    2.42793958    1.85087092    2.27309705    1.85206244    2.37614770    2.40550440    2.70344577    3.39439032    2.34181343    2.72880030    2.30771054    2.51656516    2.42156734    2.73682342    1.95738519    1.63034801    1.92184103    2.11650757    1.70814446    1.52425312    2.14611269
C7MT88_SACVD/5-44     2.04452448    2.13001316    1.88777501    1.76276598    1.15878242    1.04988149    1.19978555    1.00574197    0.61237448    0.74326011    0.00000000    0.40028726    0.57242278    0.62610465    0.64509478    0.66525299    0.53534078    0.59676381    0.56052782    0.58987057    0.65749637    0.79784390    0.49931101    0.55756156    0.77221790    0.80587360    0.54873610    0.65475957    0.40407533    0.54846965    0.98007551    1.11302467    1.44771338    1.54832895    2.05676976    1.66119342    1.79853632    1.80609584    1.69263637    1.53009114    2.12121064    2.35698034    1.75570047    1.90390188    2.33451282    2.28643650    2.27535648    1.68221778    2.18281684    2.39142545    1.98361628    3.15309117    2.89653349    1.83810741    2.09011036    2.31887853    1.77966484    2.01593989    1.93125190    1.78770718    1.78211605    2.44182944    2.36923338    1.72687477    2.03766496    1.99676420    1.93669023    2.04486283    2.88859138    2.00902672    2.03870397    1.83720365    2.09782679    2.45243007    2.02184897    3.28224876    2.07866276    1.45092842    1.52439395    1.24463830    1.41258946    1.63538856    1.65821493    1.65589473    2.22632132    1.92425705    2.03356854    2.25114414    1.90678905    1.90312495    1.81295299    2.05446243    2.29221626    2.10283330    1.91882400    3.09444465    2.33868498    2.41647175    2.09297269    2.66351750    2.40264761    3.26817156    3.10678316    1.94823583    1.37199932    1.52637436    2.75694876    2.16784652    2.05833813    2.49602935    1.80812404    2.38181772    1.64104839    1.89651356    2.15990183    2.19956414    2.63701514    2.46295961    1.66885249    2.15649907    3.40293876    2.81916156    2.14056638    1.64282592    2.08222435    2.10807329    1.95226465    2.17354889    2.14106001    2.83414722    1.58329952    1.43979982    1.35216006    1.88426448    2.94000861    1.65897447    1.75439133    2.02608678    2.23651722    1.81803556    2.03666737    2.41134461    1.59875110    2.40466716    2.69407922    2.07223559    2.01292660    2.52745446    2.52654485    2.39422365    3.44295159    2.59391042    2.47759127    2.40442710    2.45730327    2.28027187    2.72841415    1.77744180    1.93981760    1.54691308    1.80091213    1.83500197    1.70873459    2.16137551
H5X8Q7_9PSEU/5-44     1.73700429    2.21732320    2.04474042    1.37491029    1.06731459    1.00037210    0.95954920    0.77543046    0.80533951    0.89417927    0.40028726    0.00000000    0.54004643    0.46507133    0.69530744    0.55238903    0.67702984    0.63939310    0.68043856    0.59477568    0.73359200    0.66584389    0.60689356    0.47397989    0.77382010    0.79967436    0.58362512    0.61570347    0.60672086    0.64393335    0.75213999    1.02982524    1.14168895    1.59377996    2.14808230    1.60285082    2.18923766    1.76515634    1.98662035    2.19510138    2.70740181    2.22919960    2.06576977    1.98192809    2.48863545    2.75778287    2.44413632    2.12137338    2.46778134    2.30786188    2.27490413    3.21219378    3.25500061    2.07004510    2.10892859    2.78727217    1.91162868    1.71302836    1.99875044    1.72978762    2.07636421    2.35953620    2.01990059    2.00903052    2.23706876    2.63752872    2.12043902    2.42228583    3.05865852    2.67621678    2.68287266    2.47382866    2.53460962    2.53603469    2.64625939    3.91424884    1.88980505    1.58009079    1.72937489    1.65222934    1.76869396    1.81677590    1.81014576    1.95215933    2.33208572    2.15475239    2.08026484    2.65578163    1.95283490    2.21679791    2.09398900    2.11256204    2.49689473    2.29348564    2.20182978    3.64130720    2.80151364    2.49434982    2.44852267    2.32006976    2.31589277    2.94490932    2.30186188    2.23457263    1.67778605    1.85081359    2.28442813    2.72420597    2.58144949    2.44040200    1.63427101    3.01052643    1.98929493    2.81236078    2.59766564    3.06660847    2.22615403    2.07150831    1.38356251    2.15339809    3.27163405    2.69872600    2.31479529    1.77356963    2.29827244    2.69723806    2.78666460    2.81751015    2.45017140    3.64303169    1.73569147    1.39930388    1.78659140    1.74504369    2.70280206    1.77108225    1.84656387    2.54819001    2.29437640    1.99437594    2.08667529    2.66698394    1.89278643    2.35293216    2.69251120    2.44482686    1.94691645    2.41408227    2.50863104    2.12761039    3.46841529    2.49680729    2.29359844    2.53506116    2.37631606    2.39063361    2.62321167    2.20407010    1.76309328    1.48979069    1.74914074    1.66932824    1.36119149    2.48034400
B2HK98_MYCMM/8-47     2.03241927    1.92827389    2.12659082    1.33888047    1.05716321    0.93156783    0.92844695    0.81371003    0.97995218    0.94327327    0.57242278    0.54004643    0.00000000    0.35662486    0.71704227    0.57245899    0.63925270    0.76103650    0.60199090    0.70143938    0.59492926    0.69672036    0.63468384    0.65574749    0.66884102    0.97600490    0.61793276    0.66039871    0.59599830    0.49833153    1.00311361    1.02259971    1.12368483    1.40313005    1.86636472    1.65992635    2.02082221    1.95693540    2.37078503    2.67562539    2.09997062    2.61202230    2.28890646    2.31894934    2.30340165    2.40781433    2.74851661    2.60895010    3.37737960    2.93569606    2.11158154    2.94770451    2.81369333    1.98493815    2.34346093    2.42656987    1.86783702    2.15385612    2.29353717    1.98209359    2.06542621    1.94768291    1.97726499    1.43838015    2.07170084    2.81775160    1.85258695    2.13556165    2.55995467    1.97541162    2.34638199    2.09852825    2.45314973    2.44519221    2.85403116    3.70685945    2.21327239    1.44541177    1.66882792    1.55533486    1.54652347    1.89859436    1.88921296    1.96179430    2.16323656    1.73451952    1.84670854    2.63487732    1.81720267    2.19711214    1.59138291    1.76969975    1.92019957    1.89108862    1.98148907    2.73836362    2.52930052    2.86901503    2.56157047    2.06488509    2.45231204    3.02522799    2.23703441    1.92569273    1.81989213    1.57080796    2.06619365    1.92836547    2.06684983    2.20332697    1.41853205    2.84831405    1.88430304    2.23161437    2.50173812    2.46711110    2.39918675    1.66775974    2.19200975    2.00590882    2.83065749    3.22823244    2.28638779    1.81895498    2.79794987    2.22797997    2.72810668    2.98299972    2.13802385    2.62899694    1.75528727    1.64342479    1.82825679    1.87952427    3.25632875    1.97208305    2.40189131    2.36821881    2.33285305    2.20727452    1.92589317    2.97941097    2.19011608    2.49724344    2.64426662    2.34534754    1.81897795    1.95740549    2.33939657    2.32816497    3.53407319    2.86141660    1.92088235    2.65064295    2.40657948    2.32366097    2.66888886    1.70342243    2.00825605    1.66687291    1.80123057    1.66234124    1.45414471    2.35897301
A0QTI0_MYCS2/5-44     2.07598606    1.89803469    1.84465055    1.52604161    1.05657567    1.06894259    0.86124314    0.64248527    0.74492624    0.83565810    0.62610465    0.46507133    0.35662486    0.00000000    0.74026599    0.58718895    0.57511700    0.68271771    0.62991838    0.62854530    0.74016350    0.65014220    0.65232293    0.73392486    0.56616520    0.66290204    0.51463426    0.54807729    0.55163049    0.50090636    0.85486884    1.11863745    1.11400706    1.56170726    1.73358596    1.57642840    1.89378724    2.17743027    2.30407620    2.45299547    2.28555150    2.61884642    2.33677384    2.14115551    2.37688672    2.29393045    2.71702494    2.87467164    3.24902754    2.58524360    2.03564648    3.02459993    2.59423825    2.03841355    2.51415424    2.21597476    1.59108710    2.12034036    2.04221751    1.61753494    2.07697265    2.27821050    2.21789493    1.72235303    2.16248415    2.59153679    1.87606208    2.32228375    2.45009731    2.40580590    2.68269148    2.13484657    2.38221999    2.46321112    2.80197410    2.97197087    1.92022494    1.42271598    1.63693964    1.62646652    1.80947773    2.07958378    1.65841386    2.25047775    2.16544204    1.84738686    1.97722486    2.49919428    1.79660868    2.18456371    1.97477684    1.93780404    1.95867654    2.30958678    2.33525232    2.59012316    2.34101692    2.57706824    2.42263752    1.97011647    2.39156388    2.96198380    2.77587316    1.89939087    1.49421170    1.60843225    1.95547343    2.07213164    2.52662699    2.62111427    1.66756707    2.62580382    1.45354601    2.40427737    2.72212325    2.71769079    1.90734583    2.16984847    1.85196200    1.99729317    2.74478135    2.95562609    2.22085905    1.77992976    2.65476434    2.01759513    2.58907522    2.65521628    2.26546589    2.84136512    1.84831634    1.63294073    1.83838785    1.93072173    2.87439559    1.83416180    1.76415862    2.27428186    2.25157806    1.94711981    1.73091183    3.01044286    1.77382245    1.97310090    2.08482570    2.26767321    1.89092212    2.04983892    2.89465645    2.46067503    3.69410299    2.88634738    2.32397452    2.88071695    2.66826250    2.03662612    2.50507287    1.99851109    1.72733200    1.65800149    1.78439650    1.69200765    1.30685814    2.18147423
V9XB64_9NOCA/5-44     2.17134499    2.13849477    2.50841231    1.51839276    0.98562783    0.99819013    1.27012184    1.08786582    0.70384766    0.99557203    0.64509478    0.69530744    0.71704227    0.74026599    0.00000000    0.60899321    0.71858554    0.60468068    0.63816627    0.58720119    0.65164821    0.64696254    0.53898675    0.80889398    0.61279829    0.64959532    0.61197660    0.69376720    0.81113589    0.82229883    1.05721115    1.42748260    1.20771277    2.02423726    1.89759189    1.84802653    2.03139100    2.28527512    2.32170462    2.36504386    2.36100654    2.60220549    2.07651535    2.26376333    3.01776949    3.07169274    2.56156075    2.98559289    2.57134390    2.22187744    2.12991963    3.16681793    3.73041446    1.87023834    2.62281773    2.82346465    2.00266227    2.00480096    2.04850341    1.76773040    1.89338940    1.89629203    2.53581062    2.17218746    2.52338916    2.64589964    2.18604267    1.87915776    2.75661853    2.47828361    2.30839628    2.07901393    2.33136997    2.47833227    2.83603460    3.59656890    2.21826637    1.76763662    2.04177913    1.79917789    1.81985346    2.17643482    1.89157850    1.96210857    2.40492670    1.98696300    1.78575656    2.36441477    2.21368866    2.60152583    2.01284861    2.30622007    2.67991697    2.05495195    1.96427404    3.17670152    2.26420354    2.49879462    2.20007315    2.97506165    2.26810743    3.60536217    2.56948690    2.12098040    1.81512080    1.59965414    2.55762397    2.57813446    2.59144407    2.14701055    1.20568726    2.60192786    2.27282568    2.69212918    3.00667079    3.31120010    2.45026602    1.86392586    2.06281526    2.34099517    3.48719284    2.94826318    2.46036149    2.43997474    2.52246134    2.48667276    2.35680642    2.36980317    2.21226436    2.80115372    2.44800057    1.55792885    1.90788762    1.75752305    2.49854299    1.66132062    1.75400102    2.03073803    2.15023972    1.83965241    2.33290368    2.49352467    2.26460533    2.49255510    3.24992665    2.64023873    2.60192513    2.48513820    2.61853717    2.50795161    3.89160464    2.64124348    3.13046103    2.39857656    2.68398865    2.85948082    2.84202451    2.78315292    2.78189006    1.74339845    2.20115352    1.87478178    1.96183212    2.83305818
A4X2G4_SALTO/6-45     1.65793119    1.54639994    1.97846244    1.63715082    1.04851810    0.96121617    1.15014832    0.82291515    0.53798605    0.96746710    0.66525299    0.55238903    0.57245899    0.58718895    0.60899321    0.00000000    0.66829536    0.49130788    0.70287399    0.51237212    0.58739494    0.52240892    0.78824815    0.83252471    0.72093613    0.71754642    0.65821931    0.62069487    0.61786248    0.73422171    0.70258094    0.78917240    0.93835619    1.49861988    1.97334021    1.71691014    1.69035989    1.71396300    1.97680104    2.13050081    2.34769898    3.06939769    2.54411285    2.26528372    2.48806427    2.91453120    3.42928742    2.88152425    3.88920799    3.06290616    2.42230265    3.78134063    2.90660096    1.74825233    2.47212549    2.25588400    1.60452006    1.68903755    2.12409509    1.67186877    1.89407986    1.87579494    1.85943191    1.75198640    2.62913697    2.51665818    1.85958761    1.74684190    2.55534132    2.21661622    2.23706553    2.06004655    2.39715991    1.97515046    2.79578189    3.17782501    2.03775294    1.60591404    1.78800418    1.48399686    1.67490786    1.98295095    1.76221232    1.69871831    1.93082005    1.29018536    2.04518390    2.16580759    2.06920230    1.92290939    1.35634997    1.50570149    1.84309929    1.85423032    2.04625014    2.60700903    2.15109515    2.29445609    2.17536574    2.32564817    2.05128289    2.26028442    2.30653723    1.64324658    1.57336918    1.73896348    2.22864036    2.27736961    2.13379571    2.34458262    1.32482924    1.95770603    1.73028702    2.10814612    2.62105906    2.58246912    1.94885237    1.84326128    1.18398562    1.86542502    2.75415320    2.07423758    2.13926286    1.70911557    2.81686665    2.37828186    2.88401964    3.19778653    2.06228438    2.76337138    2.15470112    1.29070507    1.85398251    1.70914383    2.82564488    2.00493033    1.94943586    2.14552495    2.11579740    1.96243840    1.82690693    2.45804768    1.87540379    2.03612360    2.07296526    2.36172692    1.68082307    2.21031213    2.56014063    2.78335476    3.36404424    2.28071751    2.31768382    1.97501826    2.17594254    2.09135277    2.51697412    2.14141375    1.83382861    1.59599617    1.72129809    1.60298455    1.61650639    2.50471129
R4LHQ7_9ACTN/4-43     2.12642949    1.82872040    1.86024210    1.77461397    1.02488226    0.94474865    0.83909486    0.87673345    0.58476625    0.73426353    0.53534078    0.67702984    0.63925270    0.57511700    0.71858554    0.66829536    0.00000000    0.40900590    0.54559512    0.48747814    0.62484376    0.66620634    0.46940863    0.67676060    0.58560680    0.60204211    0.42721658    0.61452894    0.40079965    0.48745648    0.96010051    1.07769242    1.17400234    2.01117127    1.80421627    1.90898125    2.13484488    1.91884636    2.30625156    2.14173980    2.34438770    2.58680808    2.58602810    2.47612232    2.58518443    2.73441675    2.86101058    2.26745592    2.99976128    2.50432149    1.98724899    3.39340274    3.03866358    1.38197444    2.34323028    2.17765466    1.63035848    1.70927698    1.94570229    2.48141931    1.69734504    2.50423314    2.48191788    1.70507362    2.58108684    2.31634504    2.28311711    2.41026695    2.93114976    1.90909958    2.05897315    2.14997508    1.79251867    2.13287702    1.75635282    2.43867564    2.08725011    1.28701233    2.05163988    1.39490393    1.32848137    1.89052270    1.29912239    1.35592081    2.26529470    1.88463687    1.74374033    2.15401697    1.92011677    2.12739243    1.98309616    1.97989703    2.32383453    1.88404211    2.19449238    2.52966915    2.24364999    2.49710367    2.18371820    2.50248069    2.24868100    3.39386189    3.02493664    2.26600639    1.86120475    1.79810594    2.14237333    1.95501180    2.46241919    2.14002241    1.15969280    2.05537157    1.53457658    1.96981026    2.86624247    1.90983485    2.47327336    2.53315672    1.88582389    2.06726099    3.32220319    2.80778464    2.20738041    1.55832391    1.82106047    1.55070564    1.74375850    1.74185947    1.56530238    2.20975627    1.74007565    1.25266486    1.54083842    1.34226037    2.30823286    1.36679138    1.10278553    1.25590816    1.76685485    1.54120861    1.30917047    1.90722269    1.54221179    2.14783888    2.08630746    2.24222646    1.96583526    2.05105962    2.23064815    1.96877158    2.82559867    2.45249149    2.51066695    1.53286602    1.97343909    1.65814746    2.06753138    1.37791785    1.66666684    1.48088532    1.92313387    1.46114769    1.09953512    1.75946483
