23
W5M8I3_LEPOC/710-1219     0.00000000    0.19951290    0.26281206    0.31862349    0.23894682    0.34770814    0.24833645    0.26380641    1.00491768    1.21065863    1.17765847    0.94415202    1.04114820    1.16566919    1.14153493    1.11493987    0.94216625    0.94999382    0.88111565    0.99645250    0.24017996    0.31762331    0.28071293
H3A865_LATCH/540-1052     0.19951290    0.00000000    0.25967875    0.31746365    0.23322398    0.33258994    0.36229599    0.35711680    1.00913747    1.23299536    1.19815646    0.93189473    1.04445571    1.11118538    1.09780140    1.06034035    0.88456296    0.92053945    0.87137315    0.97021457    0.32160608    0.38126431    0.38390539
K9J7K8_XENTR/522-1041     0.26281206    0.25967875    0.00000000    0.28424982    0.21938535    0.31638492    0.39607672    0.41205838    0.99727483    1.17860038    1.17517890    1.01314022    1.09372276    1.22580756    1.15895802    1.15903889    1.02158961    1.00812357    0.95491006    1.10607836    0.37627753    0.45437788    0.40746489
H9G4J0_ANOCA/208-735     0.31862349    0.31746365    0.28424982    0.00000000    0.22033770    0.28847983    0.42824136    0.46799398    1.06524023    1.25146358    1.24311801    1.03262684    1.14762913    1.17634863    1.17999654    1.19644559    1.01949996    1.06633440    0.98033244    1.08098880    0.39917850    0.45863151    0.40069371
F6TUM9_MONDO/610-1121     0.23894682    0.23322398    0.21938535    0.22033770    0.00000000    0.19621300    0.36622874    0.35218189    1.02673798    1.22619743    1.22047630    1.01274168    1.12179116    1.17984683    1.16786104    1.16254844    0.97117720    0.98911430    0.94105233    1.04008476    0.34546575    0.42258697    0.37681972
G1T5U7_RABIT/635-1148     0.34770814    0.33258994    0.31638492    0.28847983    0.19621300    0.00000000    0.43829559    0.44629926    1.13616330    1.30643505    1.30079264    1.02520818    1.12025908    1.18391361    1.18164036    1.19785984    1.02759820    1.02884408    0.98021801    1.13503478    0.40185878    0.44747304    0.42566254
W5KZ25_ASTMX/597-1076     0.24833645    0.36229599    0.39607672    0.42824136    0.36622874    0.43829559    0.00000000    0.21871934    1.11938387    1.30901338    1.31724324    0.94151081    1.00159630    1.10968743    1.10720596    1.09466860    0.93172152    0.96171574    0.88785048    1.01599118    0.33292057    0.39627622    0.34475688
F1Q588_DANRE/590-1107     0.26380641    0.35711680    0.41205838    0.46799398    0.35218189    0.44629926    0.21871934    0.00000000    1.09880290    1.26998048    1.26652802    1.04890394    1.09628904    1.18961140    1.17884828    1.14151723    1.02255281    1.01943624    0.97258919    1.10500446    0.32887386    0.44232330    0.37416594
H3A2N0_LATCH/696-1226     1.00491768    1.00913747    0.99727483    1.06524023    1.02673798    1.13616330    1.11938387    1.09880290    0.00000000    0.29546079    0.33115290    1.28161944    1.28121438    1.49358896    1.40607252    1.34784219    1.20276868    1.28916591    1.24026372    1.29687401    1.08098538    1.12699534    1.06675710
H9GHK3_ANOCA/617-1189     1.21065863    1.23299536    1.17860038    1.25146358    1.22619743    1.30643505    1.30901338    1.26998048    0.29546079    0.00000000    0.30735284    1.44857729    1.45567728    1.59602648    1.48433153    1.50327379    1.36401956    1.44885332    1.42782215    1.40946631    1.28269373    1.29272937    1.25796950
SYGP1_MOUSE/718-1317     1.17765847    1.19815646    1.17517890    1.24311801    1.22047630    1.30079264    1.31724324    1.26652802    0.33115290    0.30735284    0.00000000    1.48351955    1.51139852    1.66727630    1.58841594    1.60760366    1.36287113    1.44445864    1.41681193    1.38019792    1.24336939    1.29430884    1.22749896
W5MRZ7_LEPOC/749-1266     0.94415202    0.93189473    1.01314022    1.03262684    1.01274168    1.02520818    0.94151081    1.04890394    1.28161944    1.44857729    1.48351955    0.00000000    0.34066407    0.61400345    0.48775607    0.51576809    0.30505849    0.37542960    0.32478162    0.42938017    0.91546049    1.01595191    0.95727781
B0S6Z2_DANRE/773-1306     1.04114820    1.04445571    1.09372276    1.14762913    1.12179116    1.12025908    1.00159630    1.09628904    1.28121438    1.45567728    1.51139852    0.34066407    0.00000000    0.55660683    0.45270193    0.52034334    0.44721507    0.49960439    0.44835186    0.53437122    1.03096234    1.05235660    1.02141124
H3CAU3_TETNG/608-1099     1.16566919    1.11118538    1.22580756    1.17634863    1.17984683    1.18391361    1.10968743    1.18961140    1.49358896    1.59602648    1.66727630    0.61400345    0.55660683    0.00000000    0.49833208    0.53630273    0.65055343    0.74379649    0.71244832    0.73249082    1.09607127    1.15297636    1.15868422
I3IUV1_ORENI/714-1218     1.14153493    1.09780140    1.15895802    1.17999654    1.16786104    1.18164036    1.10720596    1.17884828    1.40607252    1.48433153    1.58841594    0.48775607    0.45270193    0.49833208    0.00000000    0.39378807    0.55478463    0.60155702    0.57042027    0.63192856    1.13677531    1.12486438    1.12220467
H2LSZ6_ORYLA/597-1082     1.11493987    1.06034035    1.15903889    1.19644559    1.16254844    1.19785984    1.09466860    1.14151723    1.34784219    1.50327379    1.60760366    0.51576809    0.52034334    0.53630273    0.39378807    0.00000000    0.62282183    0.63707334    0.59314659    0.70952243    1.13018736    1.15343380    1.11207937
H3B8M0_LATCH/748-1251     0.94216625    0.88456296    1.02158961    1.01949996    0.97117720    1.02759820    0.93172152    1.02255281    1.20276868    1.36401956    1.36287113    0.30505849    0.44721507    0.65055343    0.55478463    0.62282183    0.00000000    0.33771165    0.26169695    0.38210006    0.89576666    0.93878600    0.94768654
U3K0Q1_FICAL/715-1214     0.94999382    0.92053945    1.00812357    1.06633440    0.98911430    1.02884408    0.96171574    1.01943624    1.28916591    1.44885332    1.44445864    0.37542960    0.49960439    0.74379649    0.60155702    0.63707334    0.33771165    0.00000000    0.21023032    0.32177550    0.93653895    0.97094241    0.96792482
NGAP_HUMAN/609-1110     0.88111565    0.87137315    0.95491006    0.98033244    0.94105233    0.98021801    0.88785048    0.97258919    1.24026372    1.42782215    1.41681193    0.32478162    0.44835186    0.71244832    0.57042027    0.59314659    0.26169695    0.21023032    0.00000000    0.23490422    0.90939938    0.91179436    0.90314260
H9GJD5_ANOCA/745-1231     0.99645250    0.97021457    1.10607836    1.08098880    1.04008476    1.13503478    1.01599118    1.10500446    1.29687401    1.40946631    1.38019792    0.42938017    0.53437122    0.73249082    0.63192856    0.70952243    0.38210006    0.32177550    0.23490422    0.00000000    1.02332199    1.03545191    1.01190834
I3JZ55_ORENI/646-1156     0.24017996    0.32160608    0.37627753    0.39917850    0.34546575    0.40185878    0.33292057    0.32887386    1.08098538    1.28269373    1.24336939    0.91546049    1.03096234    1.09607127    1.13677531    1.13018736    0.89576666    0.93653895    0.90939938    1.02332199    0.00000000    0.33107248    0.27317263
F1RAN5_DANRE/645-1148     0.31762331    0.38126431    0.45437788    0.45863151    0.42258697    0.44747304    0.39627622    0.44232330    1.12699534    1.29272937    1.29430884    1.01595191    1.05235660    1.15297636    1.12486438    1.15343380    0.93878600    0.97094241    0.91179436    1.03545191    0.33107248    0.00000000    0.24530646
A0A3B1J4Y7_ASTMX/643-1147     0.28071293    0.38390539    0.40746489    0.40069371    0.37681972    0.42566254    0.34475688    0.37416594    1.06675710    1.25796950    1.22749896    0.95727781    1.02141124    1.15868422    1.12220467    1.11207937    0.94768654    0.96792482    0.90314260    1.01190834    0.27317263    0.24530646    0.00000000

