33
Q7UR10_RHOBA/109-253     0.00000000    1.00188069    0.99675286    1.00972725    1.25542134    0.90427100    1.17082425    1.18244085    1.03511954    0.96166166    0.99997556    1.42680424    1.22195904    1.12549434    1.08048758    1.98328206    1.55235694    1.54656315    0.88841177    1.15415589    1.12771186    1.01542523    1.01702569    1.33140570    1.02130366    1.08519622    0.93684537    0.87545197    0.90683006    1.29100406    1.06471230    1.06175036    0.95910789
A8ZYL3_DESOH/12-157     1.00188069    0.00000000    0.83981170    0.82984127    0.86295416    0.91583939    1.11644757    1.01590112    0.95806655    1.03519174    1.02729981    1.28616377    1.16484248    1.15717459    1.14159146    1.78318511    1.83865534    1.88985257    0.89087455    1.00570741    1.01424402    0.98945219    1.06447402    1.43168622    1.01989546    1.19084564    1.21640936    0.98436012    1.09211421    1.14002872    0.92978294    1.15207228    1.03356192
B3EB29_GEOLS/8-152     0.99675286    0.83981170    0.00000000    0.91574366    1.03447624    1.11513893    1.18341666    1.07748416    0.86594710    0.85264760    1.07774291    1.00545638    1.10207036    1.09513172    1.00155238    1.71127246    1.53615844    1.78304907    0.85306492    1.13938720    1.03497331    1.00885428    0.94697959    1.23874355    1.07733531    0.93048314    1.15610837    0.91779540    1.05011353    1.10120425    0.87380961    1.02168008    0.86108360
Q2LU76_SYNAS/10-156     1.00972725    0.82984127    0.91574366    0.00000000    0.84515677    0.72736608    0.82526707    0.82839099    0.89552401    0.87098378    0.92825561    1.20442250    1.15256435    1.13359888    1.12296453    1.99551447    1.56173535    1.65440085    1.11792357    1.02298952    1.00194039    0.86598805    1.25010922    1.40267223    1.08453032    1.15002441    1.16608163    1.11978229    1.20441375    1.32737202    1.01958942    0.97769916    1.15791138
Q6AKK2_DESPS/22-168     1.25542134    0.86295416    1.03447624    0.84515677    0.00000000    0.76255188    0.88090515    0.85198160    1.09992137    0.96425032    1.04894301    1.50542451    1.56133429    1.44198634    1.31273267    2.07710994    1.93671438    1.93428767    1.11595459    1.10939022    1.04309388    1.17772880    1.32981810    1.63661134    1.35210883    1.29495821    1.34874607    1.20903966    1.39448225    1.38432840    1.27630787    1.25438908    1.32401464
C0QJD3_DESAH/5-151     0.90427100    0.91583939    1.11513893    0.72736608    0.76255188    0.00000000    0.69083110    0.66157174    1.13198410    1.04771535    0.96835879    1.34962486    1.27019876    1.19793787    1.40032341    1.90826667    1.79965617    1.75810194    1.06514091    0.97912568    0.94963869    0.87746177    1.18931438    1.60546342    1.12935116    1.05369782    1.16507371    1.06915503    1.13117177    1.36432070    1.14276103    0.94705720    1.11601219
I5B375_9DELT/7-153     1.17082425    1.11644757    1.18341666    0.82526707    0.88090515    0.69083110    0.00000000    0.56034587    1.17857501    1.18581162    1.27130542    1.34559626    1.36715752    1.40583102    1.45448348    1.99092889    2.06217463    1.89011701    0.99950884    1.14972579    1.07336890    1.10454777    1.38816620    1.85874994    1.16127227    1.24717372    1.51019830    1.12510010    1.12676750    1.60792336    1.34916078    0.97176978    1.27706386
K0N6L2_DESTT/5-150     1.18244085    1.01590112    1.07748416    0.82839099    0.85198160    0.66157174    0.56034587    0.00000000    1.07527607    1.04394386    1.06475305    1.31642392    1.26485164    1.30336725    1.33010410    1.99372982    1.82527663    1.79449824    1.09671290    1.12873920    1.02483170    1.13709944    1.44488012    1.76268084    1.19690650    1.12676475    1.41217621    1.23861410    1.39447021    1.31228206    1.22448807    1.13402165    1.24069775
H8GQ85_METAL/156-302     1.03511954    0.95806655    0.86594710    0.89552401    1.09992137    1.13198410    1.17857501    1.07527607    0.00000000    0.68887811    0.91593081    0.96575976    1.21233896    1.06746604    1.13558807    1.75010502    1.83356368    1.92802564    0.97267522    1.05849140    0.94043564    0.98551261    0.96609777    1.41893328    1.14417824    1.03579435    0.92251477    1.06630895    1.17804748    1.25106885    1.06392031    1.05319975    0.97403092
C4ZPL2_THASP/156-302     0.96166166    1.03519174    0.85264760    0.87098378    0.96425032    1.04771535    1.18581162    1.04394386    0.68887811    0.00000000    0.80899813    1.10128582    1.13747278    1.10532179    1.06900351    1.97452288    1.57304077    1.80950441    0.98329149    1.04754953    0.98637290    1.00865645    1.09383713    1.25554626    1.10183708    1.06647863    0.96555673    0.91471810    0.96940490    1.09268533    0.97292392    0.99625527    1.13893469
A1WBT3_ACISJ/6-151     0.99997556    1.02729981    1.07774291    0.92825561    1.04894301    0.96835879    1.27130542    1.06475305    0.91593081    0.80899813    0.00000000    1.37389065    1.40883433    1.27421875    1.22734067    2.39151148    1.88943900    1.76946512    0.79152157    1.09804022    1.00438687    0.95539381    1.26744128    1.44664813    1.08207882    1.12181332    0.96073642    0.92225306    0.96503469    1.29909812    1.07619989    0.98086403    0.99732888
X5DE06_9BACT/9-149     1.42680424    1.28616377    1.00545638    1.20442250    1.50542451    1.34962486    1.34559626    1.31642392    0.96575976    1.10128582    1.37389065    0.00000000    1.14126359    1.04355579    1.23826995    2.06598453    1.96271835    2.03672559    0.99756560    1.36500759    1.15491816    1.00343623    1.06931249    1.51904418    1.21131007    1.26032186    1.04264392    1.10561070    1.17915378    1.17573322    1.01438287    1.27482331    1.17769903
H8GRK2_METAL/6-152     1.22195904    1.16484248    1.10207036    1.15256435    1.56133429    1.27019876    1.36715752    1.26485164    1.21233896    1.13747278    1.40883433    1.14126359    0.00000000    0.68797709    1.27128704    1.92401009    1.93034885    2.07311812    1.07856544    1.18188128    1.17657004    1.09774317    1.24114761    1.26861108    1.02232730    1.06348088    1.28733147    1.21075713    1.21149200    1.23074376    1.23589351    1.16026048    1.26721603
D5BYS6_NITHN/6-152     1.12549434    1.15717459    1.09513172    1.13359888    1.44198634    1.19793787    1.40583102    1.30336725    1.06746604    1.10532179    1.27421875    1.04355579    0.68797709    0.00000000    1.21419599    1.98956048    1.99083473    1.97935106    1.09806542    1.38017685    1.12235106    1.01768050    1.10945657    1.34948523    1.17904035    1.31918854    1.15251714    1.01322227    1.11358847    1.15458398    1.30247386    1.20728835    1.18327588
C8WZI2_DESRD/6-157     1.08048758    1.14159146    1.00155238    1.12296453    1.31273267    1.40032341    1.45448348    1.33010410    1.13558807    1.06900351    1.22734067    1.23826995    1.27128704    1.21419599    0.00000000    1.87556861    1.48875266    1.48560956    1.00888521    1.19479108    1.04289407    0.99282901    1.15740286    1.29460430    1.05719548    0.96329611    1.03454658    0.86600209    0.89299752    1.25185600    1.04979835    1.21414240    0.98117360
L0D833_SINAD/5-148     1.98328206    1.78318511    1.71127246    1.99551447    2.07710994    1.90826667    1.99092889    1.99372982    1.75010502    1.97452288    2.39151148    2.06598453    1.92401009    1.98956048    1.87556861    0.00000000    1.94019579    1.88740717    1.80491698    2.07745376    2.11356196    1.66601487    1.74196818    2.14727567    1.62687154    1.46704358    1.89719405    1.67669818    2.02351376    2.04021350    2.02405862    1.97840076    1.91275720
G1XGP1_ARTOA/7-169     1.55235694    1.83865534    1.53615844    1.56173535    1.93671438    1.79965617    2.06217463    1.82527663    1.83356368    1.57304077    1.88943900    1.96271835    1.93034885    1.99083473    1.48875266    1.94019579    0.00000000    0.44727398    1.66301738    1.80978373    1.75784676    1.63336441    1.82755629    2.08296931    1.74099217    1.59388540    1.69533021    1.70805551    1.68255509    1.66737140    1.74775075    1.99581714    1.65435876
S8BTX5_DACHA/7-173     1.54656315    1.88985257    1.78304907    1.65440085    1.93428767    1.75810194    1.89011701    1.79449824    1.92802564    1.80950441    1.76946512    2.03672559    2.07311812    1.97935106    1.48560956    1.88740717    0.44727398    0.00000000    1.62082975    1.92087271    1.82957393    1.67516545    1.81151192    2.11558818    1.68532398    1.62351788    1.78850741    1.60385205    1.59298791    1.70592353    1.95835306    1.95812174    1.66796220
F0SPY0_RUBBR/12-155     0.88841177    0.89087455    0.85306492    1.11792357    1.11595459    1.06514091    0.99950884    1.09671290    0.97267522    0.98329149    0.79152157    0.99756560    1.07856544    1.09806542    1.00888521    1.80491698    1.66301738    1.62082975    0.00000000    0.96407511    0.79173969    0.67306671    0.83487974    1.31025945    0.79077846    0.80050993    0.85030306    0.82298097    0.79902380    1.11381171    0.90178009    0.99726490    0.89073043
B0C6B6_ACAM1/1-145     1.15415589    1.00570741    1.13938720    1.02298952    1.10939022    0.97912568    1.14972579    1.12873920    1.05849140    1.04754953    1.09804022    1.36500759    1.18188128    1.38017685    1.19479108    2.07745376    1.80978373    1.92087271    0.96407511    0.00000000    0.88779158    0.94050614    1.27474417    1.32450924    1.09932898    1.19050296    1.01936611    1.00977622    1.12600826    1.18625206    0.96835219    1.10199639    0.93115987
Q2Y716_NITMU/5-148     1.12771186    1.01424402    1.03497331    1.00194039    1.04309388    0.94963869    1.07336890    1.02483170    0.94043564    0.98637290    1.00438687    1.15491816    1.17657004    1.12235106    1.04289407    2.11356196    1.75784676    1.82957393    0.79173969    0.88779158    0.00000000    0.94480165    1.15357012    1.47466574    1.04323759    1.08207150    1.00127388    0.89422448    0.97370750    1.29610423    1.13145368    1.01970395    0.96574004
Q2S293_SALRD/25-168     1.01542523    0.98945219    1.00885428    0.86598805    1.17772880    0.87746177    1.10454777    1.13709944    0.98551261    1.00865645    0.95539381    1.00343623    1.09774317    1.01768050    0.99282901    1.66601487    1.63336441    1.67516545    0.67306671    0.94050614    0.94480165    0.00000000    1.00019125    1.22398015    0.73502376    0.79930017    0.83294078    0.76845067    0.79151251    1.04524296    0.87378704    0.87264568    0.93042305
A0L3X5_MAGMM/5-152     1.01702569    1.06447402    0.94697959    1.25010922    1.32981810    1.18931438    1.38816620    1.44488012    0.96609777    1.09383713    1.26744128    1.06931249    1.24114761    1.10945657    1.15740286    1.74196818    1.82755629    1.81151192    0.83487974    1.27474417    1.15357012    1.00019125    0.00000000    1.33177253    1.05667143    1.13936092    1.12209871    0.92069890    1.01344685    1.29087269    1.07007093    1.15612121    0.96620401
X5E945_9CORY/37-193     1.33140570    1.43168622    1.23874355    1.40267223    1.63661134    1.60546342    1.85874994    1.76268084    1.41893328    1.25554626    1.44664813    1.51904418    1.26861108    1.34948523    1.29460430    2.14727567    2.08296931    2.11558818    1.31025945    1.32450924    1.47466574    1.22398015    1.33177253    0.00000000    0.94161604    0.89642962    1.15505786    1.03904662    1.15554850    1.12353233    1.22402721    1.24972226    0.96234513
U5QJG1_9CYAN/8-151     1.02130366    1.01989546    1.07733531    1.08453032    1.35210883    1.12935116    1.16127227    1.19690650    1.14417824    1.10183708    1.08207882    1.21131007    1.02232730    1.17904035    1.05719548    1.62687154    1.74099217    1.68532398    0.79077846    1.09932898    1.04323759    0.73502376    1.05667143    0.94161604    0.00000000    0.45580939    0.92752179    0.71442625    0.71504201    1.12047073    0.90380626    0.95812329    0.84206041
Q7NH08_GLOVI/4-147     1.08519622    1.19084564    0.93048314    1.15002441    1.29495821    1.05369782    1.24717372    1.12676475    1.03579435    1.06647863    1.12181332    1.26032186    1.06348088    1.31918854    0.96329611    1.46704358    1.59388540    1.62351788    0.80050993    1.19050296    1.08207150    0.79930017    1.13936092    0.89642962    0.45580939    0.00000000    0.78264899    0.65122403    0.77813397    0.98339446    0.91434898    1.09362276    0.82081739
V4JTM1_9GAMM/42-188     0.93684537    1.21640936    1.15610837    1.16608163    1.34874607    1.16507371    1.51019830    1.41217621    0.92251477    0.96555673    0.96073642    1.04264392    1.28733147    1.15251714    1.03454658    1.89719405    1.69533021    1.78850741    0.85030306    1.01936611    1.00127388    0.83294078    1.12209871    1.15505786    0.92752179    0.78264899    0.00000000    0.68768550    0.81555421    1.03212154    0.92458310    1.11519183    0.91937429
L0GX31_9GAMM/18-160     0.87545197    0.98436012    0.91779540    1.11978229    1.20903966    1.06915503    1.12510010    1.23861410    1.06630895    0.91471810    0.92225306    1.10561070    1.21075713    1.01322227    0.86600209    1.67669818    1.70805551    1.60385205    0.82298097    1.00977622    0.89422448    0.76845067    0.92069890    1.03904662    0.71442625    0.65122403    0.68768550    0.00000000    0.48086965    0.97395246    0.84567515    0.86985023    0.68043746
W0E1P2_MARPU/37-179     0.90683006    1.09211421    1.05011353    1.20441375    1.39448225    1.13117177    1.12676750    1.39447021    1.17804748    0.96940490    0.96503469    1.17915378    1.21149200    1.11358847    0.89299752    2.02351376    1.68255509    1.59298791    0.79902380    1.12600826    0.97370750    0.79151251    1.01344685    1.15554850    0.71504201    0.77813397    0.81555421    0.48086965    0.00000000    1.11500396    0.93276671    0.97567828    0.76033064
A0A015L3M2_RHIIW/5-166     1.29100406    1.14002872    1.10120425    1.32737202    1.38432840    1.36432070    1.60792336    1.31228206    1.25106885    1.09268533    1.29909812    1.17573322    1.23074376    1.15458398    1.25185600    2.04021350    1.66737140    1.70592353    1.11381171    1.18625206    1.29610423    1.04524296    1.29087269    1.12353233    1.12047073    0.98339446    1.03212154    0.97395246    1.11500396    0.00000000    0.93981915    1.27876397    1.05782296
B3QX33_CHLT3/6-149     1.06471230    0.92978294    0.87380961    1.01958942    1.27630787    1.14276103    1.34916078    1.22448807    1.06392031    0.97292392    1.07619989    1.01438287    1.23589351    1.30247386    1.04979835    2.02405862    1.74775075    1.95835306    0.90178009    0.96835219    1.13145368    0.87378704    1.07007093    1.22402721    0.90380626    0.91434898    0.92458310    0.84567515    0.93276671    0.93981915    0.00000000    1.08592377    0.93865946
A1BE27_CHLPD/5-148     1.06175036    1.15207228    1.02168008    0.97769916    1.25438908    0.94705720    0.97176978    1.13402165    1.05319975    0.99625527    0.98086403    1.27482331    1.16026048    1.20728835    1.21414240    1.97840076    1.99581714    1.95812174    0.99726490    1.10199639    1.01970395    0.87264568    1.15612121    1.24972226    0.95812329    1.09362276    1.11519183    0.86985023    0.97567828    1.27876397    1.08592377    0.00000000    0.83086526
Q4W540_CHLTE/2-145     0.95910789    1.03356192    0.86108360    1.15791138    1.32401464    1.11601219    1.27706386    1.24069775    0.97403092    1.13893469    0.99732888    1.17769903    1.26721603    1.18327588    0.98117360    1.91275720    1.65435876    1.66796220    0.89073043    0.93115987    0.96574004    0.93042305    0.96620401    0.96234513    0.84206041    0.82081739    0.91937429    0.68043746    0.76033064    1.05782296    0.93865946    0.83086526    0.00000000

