49
R7N406_9FIRM/65-195     0.00000000    3.15516424    2.65888179    2.66052470    2.97427060    2.99560545    3.26322145    2.42622324    3.01541328    2.29358827    2.43053496    2.22147039    2.44192119    2.41227560    2.55113178    2.68479427    2.40835629    2.38163673    2.51655072    2.95094110    3.14573367    3.42706506    1.85993148    1.68946704    1.74292086    1.90883490    2.37428456    1.48265436    1.99359558    1.95573650    1.97257169    1.99137084    1.82291360    1.92705824    1.86155449    2.05270567    1.94139217    1.93113442    2.20567399    2.25243566    2.14261287    2.61296022    2.26488088    2.06977548    1.91580406    1.71042920    1.75250417    1.60794339    1.76206507
D7BL39_ARCHD/41-161     3.15516424    0.00000000    2.40764620    1.60198909    2.72422417    2.27873343    2.79314406    2.33232916    3.12754527    2.96897815    2.82740546    2.89604049    2.80737875    2.82187133    2.40569388    3.18648790    2.35582313    2.28240665    2.92443341    4.32468690    3.60109872    3.56227717    2.34954418    2.20384263    1.91660915    1.94496487    2.14573651    1.95815413    2.55995537    1.99338119    1.81847312    2.37148199    1.96363400    1.77979955    1.90879480    2.30438764    2.32909980    2.39287179    2.06692722    2.66891661    2.34562864    2.69586303    2.53907526    2.61402124    1.97575900    2.13657193    2.13928872    2.09900579    2.35301237
I3WIS7_BIFBI/42-347     2.65888179    2.40764620    0.00000000    1.65112862    3.36043363    2.71526980    3.46965914    3.00019597    2.81547325    3.48136907    3.37605428    3.22687131    3.15344605    3.11557720    2.94217209    3.04357233    2.98820485    3.08603240    2.73134983    3.28661984    3.24230962    2.40148557    2.39125525    1.96341866    2.10895248    2.24933149    2.61113409    2.04301898    2.38626681    2.29240528    2.35369046    2.34295971    2.20187615    2.16286005    2.38247146    2.44880879    2.41715494    2.42322790    2.38552295    2.68494318    2.70656745    2.35580078    2.77932688    2.37543121    2.21576659    2.16214923    1.99882660    2.40564203    2.26239786
D6ZI37_MOBCV/36-164     2.66052470    1.60198909    1.65112862    0.00000000    2.63110477    2.53150596    3.29006121    2.18311163    2.79771783    2.42169836    2.16406296    2.40571213    2.26604139    2.30701061    2.15989755    2.41813821    2.09470190    2.19245736    2.38556082    3.83603571    3.17777593    2.51922357    2.10421967    2.08031449    2.09567344    2.14144620    2.11516762    1.94246659    2.12464006    1.94067271    2.17134091    1.88158023    1.92269385    2.37745999    2.36142983    1.81198806    1.64801979    2.09730380    1.82771812    2.30853036    2.36341501    2.21930560    2.32578103    2.16717216    2.35988155    1.77398380    1.67879415    2.03021389    1.82514838
E6K265_PARDN/40-281     2.97427060    2.72422417    3.36043363    2.63110477    0.00000000    2.02363970    3.95560563    2.28126196    3.40673863    2.77620920    2.88970287    2.65257795    2.70603450    2.68941286    2.91880899    3.06838683    2.98090420    3.00326517    2.61775885    3.87712475    3.26558290    3.73692015    2.75088761    2.38364459    2.28647849    2.30872243    2.84647607    2.63834331    2.82307320    2.85865569    2.90397478    2.56763218    2.60028653    3.16565546    3.06172538    3.23781808    2.69675231    2.96663030    3.03741696    2.61349835    2.50106234    3.44367218    2.86993894    3.15372792    2.78063882    3.13002891    2.48150424    2.93969279    3.03193558
E6K0H6_PARDN/50-268     2.99560545    2.27873343    2.71526980    2.53150596    2.02363970    0.00000000    3.10071439    2.46785865    3.11363397    2.48184842    2.54475609    2.71085834    2.56755026    2.36911061    2.58870443    3.18962181    2.76947011    2.71411960    2.52065440    3.31290356    2.90355743    4.62856777    2.54268091    2.41553576    2.48825348    2.65018115    2.45931737    2.32404234    2.74629845    2.75679277    2.38901409    2.44951954    2.79351804    2.72173307    2.77507721    2.96575530    2.33935538    2.53032888    2.69112486    2.37656398    2.21189306    3.01940628    2.74793198    2.51905260    2.21562397    2.57165839    2.78479773    2.39134997    2.29428053
R5LBE6_9FIRM/33-359     3.26322145    2.79314406    3.46965914    3.29006121    3.95560563    3.10071439    0.00000000    2.37656095    2.77695065    2.43930547    2.42371773    2.49179552    2.34950491    2.20633229    2.39189695    2.60301248    2.69131461    2.53985645    2.64638614    3.05745384    2.85693606    3.31340389    2.30709463    2.20875432    2.22824152    2.10013274    2.80987710    2.56450801    2.60343447    2.86549621    2.67386229    3.01199619    2.68127887    3.09095968    3.03962971    2.66077062    2.40345034    2.28916250    2.82004061    2.58654048    2.36386929    2.73472018    2.81794660    2.84422899    2.46494401    2.67275896    2.80010347    2.67891504    2.85521873
R6DXM0_9FIRM/30-230     2.42622324    2.33232916    3.00019597    2.18311163    2.28126196    2.46785865    2.37656095    0.00000000    1.07683216    1.15931988    0.99744531    1.19239812    1.18850175    1.16258607    1.16125285    1.09665308    0.97913136    0.99601465    1.45581993    2.19017278    2.10564348    2.67095895    2.10199034    1.80528109    1.79718634    1.82123030    2.24865624    1.85393129    2.01443931    1.99674797    2.07976784    2.22793056    1.89374433    2.13635983    2.17628670    1.97034963    1.93466277    2.08129130    2.06986383    2.11783380    2.09598183    2.65916802    2.33198144    2.27261223    2.08843731    2.05516349    1.89373143    1.87248032    2.11840958
R7EUB4_9FIRM/30-255     3.01541328    3.12754527    2.81547325    2.79771783    3.40673863    3.11363397    2.77695065    1.07683216    0.00000000    1.10442689    0.97228563    1.18531889    1.24569944    1.12554766    1.08771572    1.10479777    1.05712217    1.04845162    1.70984704    2.28813241    2.23003072    2.70692062    2.58067854    2.46965574    2.07374657    2.14779913    2.90358110    2.36618227    2.31831429    2.71483763    2.71100231    2.60108186    2.57192244    2.79368408    2.73410144    2.53740887    2.78271407    2.86842082    2.74642231    2.21327004    2.34173834    2.75626571    2.84406902    2.68961406    2.72185925    2.55213271    2.52234457    2.22964784    2.93444412
R5RG09_9FIRM/30-240     2.29358827    2.96897815    3.48136907    2.42169836    2.77620920    2.48184842    2.43930547    1.15931988    1.10442689    0.00000000    0.24242969    0.73201377    0.78849612    0.70538354    0.80273649    0.88411638    0.70903369    0.67915700    1.26314501    1.79179153    1.91254139    3.21142669    2.38588647    1.99308873    1.97204646    1.99204155    2.96595453    2.10254984    2.45975966    2.30615816    2.51433876    2.43069313    2.46914948    2.59455991    2.51401149    2.28348570    2.33164705    2.33815794    2.57136272    2.12780025    2.13529879    2.73728928    2.66354858    2.31041433    2.37515863    2.43295506    1.99589241    2.27725143    2.66040410
R5P645_9FIRM/30-238     2.43053496    2.82740546    3.37605428    2.16406296    2.88970287    2.54475609    2.42371773    0.99744531    0.97228563    0.24242969    0.00000000    0.68471876    0.71863828    0.68672352    0.66599928    0.72682542    0.67203819    0.63499518    1.20737365    1.74378813    1.88144553    3.07496433    2.30529305    1.98048241    1.97656475    1.97155955    2.84419864    2.07359984    2.53329439    2.30977500    2.49540863    2.33633155    2.23628904    2.59841670    2.33233267    2.10573519    2.22301601    2.31704147    2.20757203    2.11703702    2.15009568    2.73416635    2.63640035    2.26673778    2.15179756    2.31588878    2.14408724    2.24276015    2.63595052
R5L045_9CLOT/30-244     2.22147039    2.89604049    3.22687131    2.40571213    2.65257795    2.71085834    2.49179552    1.19239812    1.18531889    0.73201377    0.68471876    0.00000000    0.57739984    0.53154543    1.09316164    1.15060650    1.01880701    1.04447669    1.28416902    1.86041579    1.98316244    2.82459148    2.25024360    2.05996948    1.89624907    1.96158163    2.65089005    1.97104562    2.28820436    2.39142205    2.48676101    2.53655583    2.43973664    2.36050478    2.51546557    2.46585553    2.20956779    2.35639670    2.48781002    2.41662744    2.33775551    2.88705397    2.69125540    2.39579115    2.00894020    2.34219585    2.13952857    2.13124985    2.47412928
A0A2K9NZ80_9FIRM/30-237     2.44192119    2.80737875    3.15344605    2.26604139    2.70603450    2.56755026    2.34950491    1.18850175    1.24569944    0.78849612    0.71863828    0.57739984    0.00000000    0.20584864    1.09900987    1.31237794    1.03105023    0.97265202    1.32984123    1.90639712    1.85053135    2.88365116    2.22677050    2.04792527    2.01053271    1.90151547    2.69285246    1.89751238    2.32995846    2.19757526    2.34776328    2.24221391    2.25213419    2.17041929    2.31751348    2.16800006    2.34410406    2.38842906    2.31640047    2.13529884    2.15063812    2.64695830    2.50424042    2.19749707    2.12591411    2.26571204    1.97613348    2.13299396    2.38756286
D4M0A9_9FIRM/30-236     2.41227560    2.82187133    3.11557720    2.30701061    2.68941286    2.36911061    2.20633229    1.16258607    1.12554766    0.70538354    0.68672352    0.53154543    0.20584864    0.00000000    0.93940743    1.25314094    0.97222395    0.89879236    1.35578369    1.94714539    1.81044970    2.86356663    2.30759217    2.03475545    2.03244050    1.96826206    2.71513730    1.90180002    2.38978618    2.26048835    2.45283306    2.23132115    2.27486626    2.31491341    2.46679335    2.19504332    2.30435502    2.38285131    2.35821975    2.17411845    2.18302237    2.82481364    2.58006353    2.19255611    2.17248577    2.18332289    1.98487759    2.10675873    2.38848234
R6H610_9FIRM/30-246     2.55113178    2.40569388    2.94217209    2.15989755    2.91880899    2.58870443    2.39189695    1.16125285    1.08771572    0.80273649    0.66599928    1.09316164    1.09900987    0.93940743    0.00000000    0.77293643    0.75485593    0.72591329    1.41263084    2.09013153    2.28154370    3.18285240    2.82938898    2.40075049    2.42573878    2.29260832    2.75939062    2.09788732    2.59122231    2.45294237    2.65427966    2.57957909    2.22834033    2.50910891    2.39739874    2.10472141    2.39546299    2.33068168    2.74071999    2.53177878    2.33528173    2.72556597    2.58231533    2.56042193    2.58002575    2.35029510    2.24855150    2.09364986    2.83674728
R6UFG7_9CLOT/30-240     2.68479427    3.18648790    3.04357233    2.41813821    3.06838683    3.18962181    2.60301248    1.09665308    1.10479777    0.88411638    0.72682542    1.15060650    1.31237794    1.25314094    0.77293643    0.00000000    0.85717318    0.83877424    1.42700021    1.94037055    1.47047102    3.34027503    3.04980814    2.44235574    2.58202622    2.53009008    2.93590699    2.46724085    2.64369293    2.84854400    2.86183630    2.83645045    2.63703069    2.84718356    2.83445328    2.44577683    2.52548682    2.56512511    2.87608349    2.37653170    2.36800057    2.71263643    2.49082101    2.47101298    2.68878490    2.66583051    2.35693258    2.50864135    3.03909109
K4L106_9FIRM/30-244     2.40835629    2.35582313    2.98820485    2.09470190    2.98090420    2.76947011    2.69131461    0.97913136    1.05712217    0.70903369    0.67203819    1.01880701    1.03105023    0.97222395    0.75485593    0.85717318    0.00000000    0.31849088    1.10658254    2.00948937    1.62793302    2.99243446    2.33495049    1.92562453    2.00777208    1.91094853    2.45319077    1.90675122    2.24870908    2.09255062    2.41318630    2.29292667    2.14901513    2.46124749    2.48877437    2.14910933    2.18271729    2.23830352    2.37802322    2.06911730    1.87736244    2.84734213    2.61165718    2.37403750    2.27460581    1.99279510    2.17145936    2.03205466    2.33025157
K4LCN1_9FIRM/30-235     2.38163673    2.28240665    3.08603240    2.19245736    3.00326517    2.71411960    2.53985645    0.99601465    1.04845162    0.67915700    0.63499518    1.04447669    0.97265202    0.89879236    0.72591329    0.83877424    0.31849088    0.00000000    1.13204766    2.09188674    1.79148799    3.20986307    2.23335032    1.81986356    1.94593012    1.84563449    2.63800123    1.98217376    2.31214483    2.18557314    2.31387986    2.35140463    2.25131441    2.56096017    2.39754872    2.11412212    2.30231687    2.22030618    2.38479441    1.90620636    1.70590144    2.54617038    2.54139432    2.37323766    2.34380345    2.09744163    2.26688984    2.07103222    2.45967174
R6GYH5_9FIRM/30-188     2.51655072    2.92443341    2.73134983    2.38556082    2.61775885    2.52065440    2.64638614    1.45581993    1.70984704    1.26314501    1.20737365    1.28416902    1.32984123    1.35578369    1.41263084    1.42700021    1.10658254    1.13204766    0.00000000    1.60062865    1.39677762    2.91020167    2.31004429    2.15747497    1.90998160    1.80418737    2.87418396    1.69655263    2.29107111    2.33141188    2.22844520    2.32264468    2.27355349    2.55018671    2.63337794    2.10084490    2.17364959    2.20706328    2.42894459    2.22840933    2.15948014    2.81472880    2.74467891    2.21820921    2.29663182    2.23734452    2.28773846    2.17248073    2.43267103
R5SJ45_9FIRM/30-191     2.95094110    4.32468690    3.28661984    3.83603571    3.87712475    3.31290356    3.05745384    2.19017278    2.28813241    1.79179153    1.74378813    1.86041579    1.90639712    1.94714539    2.09013153    1.94037055    2.00948937    2.09188674    1.60062865    0.00000000    1.70192016    3.56204648    3.68521180    3.76655318    3.56757712    3.51722750    3.44036589    3.00940522    3.02242355    3.39697525    3.19930298    3.05754877    2.90570074    3.22389297    3.28529646    2.68941422    3.06583122    2.97918749    3.32539364    2.52639589    2.48806987    3.45528016    3.35296465    3.23780513    3.14670386    2.94910212    3.52278391    3.15037950    3.82212955
R6LRF6_9FIRM/30-189     3.14573367    3.60109872    3.24230962    3.17777593    3.26558290    2.90355743    2.85693606    2.10564348    2.23003072    1.91254139    1.88144553    1.98316244    1.85053135    1.81044970    2.28154370    1.47047102    1.62793302    1.79148799    1.39677762    1.70192016    0.00000000    3.25996376    2.97393676    2.71714951    2.65384245    2.65203702    3.29975372    3.01852838    2.82357353    2.96442763    3.26899395    2.92542239    3.39740353    3.17722721    3.47508495    2.74998352    3.16948077    2.93739147    3.20550330    2.91801754    2.73449032    3.05773446    3.15266799    2.77872723    2.99990055    2.77827962    2.85939121    2.74188249    2.92037670
Q82YL8_ENTFA/20-150     3.42706506    3.56227717    2.40148557    2.51922357    3.73692015    4.62856777    3.31340389    2.67095895    2.70692062    3.21142669    3.07496433    2.82459148    2.88365116    2.86356663    3.18285240    3.34027503    2.99243446    3.20986307    2.91020167    3.56204648    3.25996376    0.00000000    2.44789826    2.50455618    2.34888401    2.41900067    2.77513518    2.35239540    2.93439300    2.82431915    3.09573793    2.93175988    2.60031311    2.65608826    2.78788291    2.55660442    3.16798453    2.76293148    2.79048962    3.24136180    3.32119710    2.75179788    2.77929717    3.01038931    2.82894997    2.89655541    2.66705289    2.87169139    2.91050996
D6GRF1_FILAD/22-156     1.85993148    2.34954418    2.39125525    2.10421967    2.75088761    2.54268091    2.30709463    2.10199034    2.58067854    2.38588647    2.30529305    2.25024360    2.22677050    2.30759217    2.82938898    3.04980814    2.33495049    2.23335032    2.31004429    3.68521180    2.97393676    2.44789826    0.00000000    0.89998477    0.97682129    0.97428753    1.89735638    1.49220607    1.75027953    2.16081890    1.39643442    1.59511443    1.52858057    1.71273008    1.64219815    1.78772640    1.64274238    1.44333902    1.64767032    1.90424575    1.87658846    2.33374896    1.96652970    1.87825600    1.56447903    1.21372850    1.51865706    1.67196281    1.71040894
W8THW6_PEPAC/18-157     1.68946704    2.20384263    1.96341866    2.08031449    2.38364459    2.41553576    2.20875432    1.80528109    2.46965574    1.99308873    1.98048241    2.05996948    2.04792527    2.03475545    2.40075049    2.44235574    1.92562453    1.81986356    2.15747497    3.76655318    2.71714951    2.50455618    0.89998477    0.00000000    0.58606968    0.67389978    1.82992757    1.64080215    1.96116779    2.19729156    1.73895418    1.74246316    1.47412060    1.84486209    1.84140797    1.95294406    1.80112548    1.50618582    1.97730493    2.06245143    2.07932211    2.15184402    2.25355990    1.79597264    1.73738609    1.67110405    1.59770747    1.73555435    1.85572479
D6GPP6_FILAD/22-156     1.74292086    1.91660915    2.10895248    2.09567344    2.28647849    2.48825348    2.22824152    1.79718634    2.07374657    1.97204646    1.97656475    1.89624907    2.01053271    2.03244050    2.42573878    2.58202622    2.00777208    1.94593012    1.90998160    3.56757712    2.65384245    2.34888401    0.97682129    0.58606968    0.00000000    0.14707537    2.10386546    1.64164932    1.81596861    2.05428407    1.53489436    1.77151835    1.51098356    1.82826694    1.88734082    1.91154202    1.98819623    1.77167500    1.84444428    2.16947244    1.91217781    2.23992933    2.47197275    2.09395437    1.89204426    1.67015494    1.58282094    1.68837792    2.11544733
Q187F8_CLOD6/22-156     1.90883490    1.94496487    2.24933149    2.14144620    2.30872243    2.65018115    2.10013274    1.82123030    2.14779913    1.99204155    1.97155955    1.96158163    1.90151547    1.96826206    2.29260832    2.53009008    1.91094853    1.84563449    1.80418737    3.51722750    2.65203702    2.41900067    0.97428753    0.67389978    0.14707537    0.00000000    2.15226563    1.64131115    1.89106869    2.23175494    1.60871828    1.82569893    1.64525805    1.91706674    1.95383453    1.94017913    2.17051901    1.78029010    1.85631278    2.18427724    2.02750220    2.29738696    2.50245679    2.09557608    1.91986458    1.71852093    1.61449789    1.75390174    2.14777537
R5VHV3_9FIRM/24-151     2.37428456    2.14573651    2.61113409    2.11516762    2.84647607    2.45931737    2.80987710    2.24865624    2.90358110    2.96595453    2.84419864    2.65089005    2.69285246    2.71513730    2.75939062    2.93590699    2.45319077    2.63800123    2.87418396    3.44036589    3.29975372    2.77513518    1.89735638    1.82992757    2.10386546    2.15226563    0.00000000    1.14404170    1.46634591    1.38868405    1.32599910    1.48805436    1.48268441    1.22293291    1.21685186    1.74927253    1.65619135    1.60197366    1.51638513    2.10902985    1.94366359    1.91354163    1.79990048    1.71747065    1.52194971    1.33412669    1.45112139    1.34525581    1.64914588
R7MP76_9FIRM/21-151     1.48265436    1.95815413    2.04301898    1.94246659    2.63834331    2.32404234    2.56450801    1.85393129    2.36618227    2.10254984    2.07359984    1.97104562    1.89751238    1.90180002    2.09788732    2.46724085    1.90675122    1.98217376    1.69655263    3.00940522    3.01852838    2.35239540    1.49220607    1.64080215    1.64164932    1.64131115    1.14404170    0.00000000    1.13285390    0.89211724    0.89497984    0.92967447    0.84130100    0.85808343    0.92246692    1.16618497    1.12723232    1.14207515    1.22090390    1.42879099    1.40493926    1.49590554    1.50147590    1.18424654    0.95253041    0.93648350    0.77661147    0.81537793    1.03003187
A6TV55_ALKMQ/21-160     1.99359558    2.55995537    2.38626681    2.12464006    2.82307320    2.74629845    2.60343447    2.01443931    2.31831429    2.45975966    2.53329439    2.28820436    2.32995846    2.38978618    2.59122231    2.64369293    2.24870908    2.31214483    2.29107111    3.02242355    2.82357353    2.93439300    1.75027953    1.96116779    1.81596861    1.89106869    1.46634591    1.13285390    0.00000000    1.15716719    1.17453355    1.34180076    1.24206375    1.18234403    1.33204869    1.33500461    1.36720757    1.24000449    1.49847630    1.61370226    1.48303281    1.86177690    1.70012505    1.61988658    1.37178536    1.24852388    1.33875735    0.91516329    1.32515221
R5EHK5_9FIRM/21-149     1.95573650    1.99338119    2.29240528    1.94067271    2.85865569    2.75679277    2.86549621    1.99674797    2.71483763    2.30615816    2.30977500    2.39142205    2.19757526    2.26048835    2.45294237    2.84854400    2.09255062    2.18557314    2.33141188    3.39697525    2.96442763    2.82431915    2.16081890    2.19729156    2.05428407    2.23175494    1.38868405    0.89211724    1.15716719    0.00000000    0.69505488    0.99942682    0.88633613    0.85662938    0.75436937    1.03811305    1.07446603    1.18762625    1.04232136    1.58603524    1.44240018    1.38354916    1.35196221    1.14537190    0.89898523    1.00893754    0.79522571    0.85731548    1.05554619
Q832B1_ENTFA/25-153     1.97257169    1.81847312    2.35369046    2.17134091    2.90397478    2.38901409    2.67386229    2.07976784    2.71100231    2.51433876    2.49540863    2.48676101    2.34776328    2.45283306    2.65427966    2.86183630    2.41318630    2.31387986    2.22844520    3.19930298    3.26899395    3.09573793    1.39643442    1.73895418    1.53489436    1.60871828    1.32599910    0.89497984    1.17453355    0.69505488    0.00000000    0.62056510    0.68832253    0.63735290    0.57784243    0.98008991    1.04577566    1.04851599    0.80860048    1.28511948    1.18622191    1.27365078    1.23929729    0.94896376    0.87518432    0.86225320    0.84055736    0.67146262    1.08877319
G4KSZ8_OSCVS/21-156     1.99137084    2.37148199    2.34295971    1.88158023    2.56763218    2.44951954    3.01199619    2.22793056    2.60108186    2.43069313    2.33633155    2.53655583    2.24221391    2.23132115    2.57957909    2.83645045    2.29292667    2.35140463    2.32264468    3.05754877    2.92542239    2.93175988    1.59511443    1.74246316    1.77151835    1.82569893    1.48805436    0.92967447    1.34180076    0.99942682    0.62056510    0.00000000    0.68234425    0.68000940    0.58085532    1.00993407    1.03034016    0.96923783    0.81586296    1.22836725    1.25778310    1.09490393    1.12435701    0.89632388    0.85645097    0.89518570    0.87617214    0.91759911    1.12116532
K4L0Q7_9FIRM/21-156     1.82291360    1.96363400    2.20187615    1.92269385    2.60028653    2.79351804    2.68127887    1.89374433    2.57192244    2.46914948    2.23628904    2.43973664    2.25213419    2.27486626    2.22834033    2.63703069    2.14901513    2.25131441    2.27355349    2.90570074    3.39740353    2.60031311    1.52858057    1.47412060    1.51098356    1.64525805    1.48268441    0.84130100    1.24206375    0.88633613    0.68832253    0.68234425    0.00000000    0.56676775    0.51866327    0.90532043    1.00885815    0.99991170    0.78818344    1.26391057    1.30714121    1.19421635    1.19419232    0.89385814    0.87263620    0.81856508    0.94665176    0.89248195    1.27236042
A0A417MZR8_9FIRM/21-163     1.92705824    1.77979955    2.16286005    2.37745999    3.16565546    2.72173307    3.09095968    2.13635983    2.79368408    2.59455991    2.59841670    2.36050478    2.17041929    2.31491341    2.50910891    2.84718356    2.46124749    2.56096017    2.55018671    3.22389297    3.17722721    2.65608826    1.71273008    1.84486209    1.82826694    1.91706674    1.22293291    0.85808343    1.18234403    0.85662938    0.63735290    0.68000940    0.56676775    0.00000000    0.35326123    0.80847415    1.07356692    1.04121733    0.66231234    1.42895074    1.18311982    1.26255600    1.18170180    0.85845508    0.75376077    0.85756747    0.95978729    0.76143755    1.07716853
E6UA52_ETHHY/21-158     1.86155449    1.90879480    2.38247146    2.36142983    3.06172538    2.77507721    3.03962971    2.17628670    2.73410144    2.51401149    2.33233267    2.51546557    2.31751348    2.46679335    2.39739874    2.83445328    2.48877437    2.39754872    2.63337794    3.28529646    3.47508495    2.78788291    1.64219815    1.84140797    1.88734082    1.95383453    1.21685186    0.92246692    1.33204869    0.75436937    0.57784243    0.58085532    0.51866327    0.35326123    0.00000000    0.79499317    0.95853445    0.94130460    0.56029159    1.35664448    1.22449512    1.08744872    0.99675015    0.86048976    0.68556793    0.79322467    0.90661547    0.77016951    1.03722593
D4K4R3_9FIRM/21-155     2.05270567    2.30438764    2.44880879    1.81198806    3.23781808    2.96575530    2.66077062    1.97034963    2.53740887    2.28348570    2.10573519    2.46585553    2.16800006    2.19504332    2.10472141    2.44577683    2.14910933    2.11412212    2.10084490    2.68941422    2.74998352    2.55660442    1.78772640    1.95294406    1.91154202    1.94017913    1.74927253    1.16618497    1.33500461    1.03811305    0.98008991    1.00993407    0.90532043    0.80847415    0.79499317    0.00000000    0.89182082    0.87513649    0.74079940    1.39996141    1.12207665    1.35915600    1.47973645    0.98695140    1.11605313    1.05372290    1.27116266    1.03267387    1.49801829
D4K4N1_9FIRM/23-149     1.94139217    2.32909980    2.41715494    1.64801979    2.69675231    2.33935538    2.40345034    1.93466277    2.78271407    2.33164705    2.22301601    2.20956779    2.34410406    2.30435502    2.39546299    2.52548682    2.18271729    2.30231687    2.17364959    3.06583122    3.16948077    3.16798453    1.64274238    1.80112548    1.98819623    2.17051901    1.65619135    1.12723232    1.36720757    1.07446603    1.04577566    1.03034016    1.00885815    1.07356692    0.95853445    0.89182082    0.00000000    0.52799401    0.79356213    1.45382425    1.28568888    1.30092611    1.20827018    1.00337513    1.07740588    1.29560860    1.10194725    1.03930978    1.29679560
D4JZU8_9FIRM/21-147     1.93113442    2.39287179    2.42322790    2.09730380    2.96663030    2.53032888    2.28916250    2.08129130    2.86842082    2.33815794    2.31704147    2.35639670    2.38842906    2.38285131    2.33068168    2.56512511    2.23830352    2.22030618    2.20706328    2.97918749    2.93739147    2.76293148    1.44333902    1.50618582    1.77167500    1.78029010    1.60197366    1.14207515    1.24000449    1.18762625    1.04851599    0.96923783    0.99991170    1.04121733    0.94130460    0.87513649    0.52799401    0.00000000    0.86552747    1.46478755    1.32469291    1.20281155    1.18579679    1.01730412    1.06059003    1.24440201    1.16347012    1.08138931    1.27882179
R6ZES4_9CLOT/28-152     2.20567399    2.06692722    2.38552295    1.82771812    3.03741696    2.69112486    2.82004061    2.06986383    2.74642231    2.57136272    2.20757203    2.48781002    2.31640047    2.35821975    2.74071999    2.87608349    2.37802322    2.38479441    2.42894459    3.32539364    3.20550330    2.79048962    1.64767032    1.97730493    1.84444428    1.85631278    1.51638513    1.22090390    1.49847630    1.04232136    0.80860048    0.81586296    0.78818344    0.66231234    0.56029159    0.74079940    0.79356213    0.86552747    0.00000000    1.31532010    1.29534936    1.03221675    1.06886235    0.70672388    0.87907721    1.17266345    1.02959811    0.91236252    1.03353793
G2SLX5_LACRR/23-158     2.25243566    2.66891661    2.68494318    2.30853036    2.61349835    2.37656398    2.58654048    2.11783380    2.21327004    2.12780025    2.11703702    2.41662744    2.13529884    2.17411845    2.53177878    2.37653170    2.06911730    1.90620636    2.22840933    2.52639589    2.91801754    3.24136180    1.90424575    2.06245143    2.16947244    2.18427724    2.10902985    1.42879099    1.61370226    1.58603524    1.28511948    1.22836725    1.26391057    1.42895074    1.35664448    1.39996141    1.45382425    1.46478755    1.31532010    0.00000000    0.42828757    1.61533112    1.30052886    1.33720873    1.45580181    1.48490892    1.65294358    1.59778584    1.48731370
I5AS74_EUBCE/23-158     2.14261287    2.34562864    2.70656745    2.36341501    2.50106234    2.21189306    2.36386929    2.09598183    2.34173834    2.13529879    2.15009568    2.33775551    2.15063812    2.18302237    2.33528173    2.36800057    1.87736244    1.70590144    2.15948014    2.48806987    2.73449032    3.32119710    1.87658846    2.07932211    1.91217781    2.02750220    1.94366359    1.40493926    1.48303281    1.44240018    1.18622191    1.25778310    1.30714121    1.18311982    1.22449512    1.12207665    1.28568888    1.32469291    1.29534936    0.42828757    0.00000000    1.67533755    1.29611839    1.34853088    1.34718772    1.38743435    1.70474228    1.39590744    1.50132709
C4ZES8_AGARV/21-150     2.61296022    2.69586303    2.35580078    2.21930560    3.44367218    3.01940628    2.73472018    2.65916802    2.75626571    2.73728928    2.73416635    2.88705397    2.64695830    2.82481364    2.72556597    2.71263643    2.84734213    2.54617038    2.81472880    3.45528016    3.05773446    2.75179788    2.33374896    2.15184402    2.23992933    2.29738696    1.91354163    1.49590554    1.86177690    1.38354916    1.27365078    1.09490393    1.19421635    1.26255600    1.08744872    1.35915600    1.30092611    1.20281155    1.03221675    1.61533112    1.67533755    0.00000000    0.68859782    1.33296069    1.39807150    1.42273985    1.28902170    1.32432677    1.80036957
E6U9K8_ETHHY/21-151     2.26488088    2.53907526    2.77932688    2.32578103    2.86993894    2.74793198    2.81794660    2.33198144    2.84406902    2.66354858    2.63640035    2.69125540    2.50424042    2.58006353    2.58231533    2.49082101    2.61165718    2.54139432    2.74467891    3.35296465    3.15266799    2.77929717    1.96652970    2.25355990    2.47197275    2.50245679    1.79990048    1.50147590    1.70012505    1.35196221    1.23929729    1.12435701    1.19419232    1.18170180    0.99675015    1.47973645    1.20827018    1.18579679    1.06886235    1.30052886    1.29611839    0.68859782    0.00000000    1.36964999    1.29754215    1.24332183    1.38019963    1.29391140    1.51095886
F7V2H0_CLOSS/21-159     2.06977548    2.61402124    2.37543121    2.16717216    3.15372792    2.51905260    2.84422899    2.27261223    2.68961406    2.31041433    2.26673778    2.39579115    2.19749707    2.19255611    2.56042193    2.47101298    2.37403750    2.37323766    2.21820921    3.23780513    2.77872723    3.01038931    1.87825600    1.79597264    2.09395437    2.09557608    1.71747065    1.18424654    1.61988658    1.14537190    0.94896376    0.89632388    0.89385814    0.85845508    0.86048976    0.98695140    1.00337513    1.01730412    0.70672388    1.33720873    1.34853088    1.33296069    1.36964999    0.00000000    0.86374183    1.17429692    1.19645627    1.14804085    1.31128652
D6GRM6_FILAD/21-154     1.91580406    1.97575900    2.21576659    2.35988155    2.78063882    2.21562397    2.46494401    2.08843731    2.72185925    2.37515863    2.15179756    2.00894020    2.12591411    2.17248577    2.58002575    2.68878490    2.27460581    2.34380345    2.29663182    3.14670386    2.99990055    2.82894997    1.56447903    1.73738609    1.89204426    1.91986458    1.52194971    0.95253041    1.37178536    0.89898523    0.87518432    0.85645097    0.87263620    0.75376077    0.68556793    1.11605313    1.07740588    1.06059003    0.87907721    1.45580181    1.34718772    1.39807150    1.29754215    0.86374183    0.00000000    0.93252404    0.91727370    0.93074204    1.15504328
G2T4U8_ROSHA/21-151     1.71042920    2.13657193    2.16214923    1.77398380    3.13002891    2.57165839    2.67275896    2.05516349    2.55213271    2.43295506    2.31588878    2.34219585    2.26571204    2.18332289    2.35029510    2.66583051    1.99279510    2.09744163    2.23734452    2.94910212    2.77827962    2.89655541    1.21372850    1.67110405    1.67015494    1.71852093    1.33412669    0.93648350    1.24852388    1.00893754    0.86225320    0.89518570    0.81856508    0.85756747    0.79322467    1.05372290    1.29560860    1.24440201    1.17266345    1.48490892    1.38743435    1.42273985    1.24332183    1.17429692    0.93252404    0.00000000    0.90406240    0.95790827    1.18381489
R6V2I4_9FIRM/21-156     1.75250417    2.13928872    1.99882660    1.67879415    2.48150424    2.78479773    2.80010347    1.89373143    2.52234457    1.99589241    2.14408724    2.13952857    1.97613348    1.98487759    2.24855150    2.35693258    2.17145936    2.26688984    2.28773846    3.52278391    2.85939121    2.66705289    1.51865706    1.59770747    1.58282094    1.61449789    1.45112139    0.77661147    1.33875735    0.79522571    0.84055736    0.87617214    0.94665176    0.95978729    0.90661547    1.27116266    1.10194725    1.16347012    1.02959811    1.65294358    1.70474228    1.28902170    1.38019963    1.19645627    0.91727370    0.90406240    0.00000000    0.73571496    1.00610087
R6MQL5_9FIRM/23-152     1.60794339    2.09900579    2.40564203    2.03021389    2.93969279    2.39134997    2.67891504    1.87248032    2.22964784    2.27725143    2.24276015    2.13124985    2.13299396    2.10675873    2.09364986    2.50864135    2.03205466    2.07103222    2.17248073    3.15037950    2.74188249    2.87169139    1.67196281    1.73555435    1.68837792    1.75390174    1.34525581    0.81537793    0.91516329    0.85731548    0.67146262    0.91759911    0.89248195    0.76143755    0.77016951    1.03267387    1.03930978    1.08138931    0.91236252    1.59778584    1.39590744    1.32432677    1.29391140    1.14804085    0.93074204    0.95790827    0.73571496    0.00000000    0.89419491
R6JP77_9CLOT/21-151     1.76206507    2.35301237    2.26239786    1.82514838    3.03193558    2.29428053    2.85521873    2.11840958    2.93444412    2.66040410    2.63595052    2.47412928    2.38756286    2.38848234    2.83674728    3.03909109    2.33025157    2.45967174    2.43267103    3.82212955    2.92037670    2.91050996    1.71040894    1.85572479    2.11544733    2.14777537    1.64914588    1.03003187    1.32515221    1.05554619    1.08877319    1.12116532    1.27236042    1.07716853    1.03722593    1.49801829    1.29679560    1.27882179    1.03353793    1.48731370    1.50132709    1.80036957    1.51095886    1.31128652    1.15504328    1.18381489    1.00610087    0.89419491    0.00000000

