126
W0JAL1_9BACT/2-80     0.00000000    0.29540338    0.34932074    0.32688644    0.50758512    0.42075355    0.41899485    0.60214561    0.46898595    0.55214889    0.47964656    0.49902508    0.48388353    0.44523882    0.47919142    0.49250982    0.34323424    0.42693146    0.53973522    0.57408725    0.50075965    0.49856242    0.38528166    0.62735071    0.38846012    0.49374048    0.49671217    0.41864586    0.47215548    0.53976185    0.58973866    0.42609371    0.45055134    0.53930451    0.42430122    0.70699451    1.02689366    0.97136897    0.99520805    0.91186042    1.28266110    0.77923958    0.99604506    1.13529938    0.76260557    1.24498816    1.28482142    1.34679582    1.30006531    1.63377663    1.42371998    1.28647104    0.97848494    1.22629384    0.89601722    0.88074262    0.68578703    0.79673267    0.72833821    0.76689847    0.74728613    1.08573739    0.85404603    0.83415755    0.87242436    0.82759242    0.85478891    0.87040622    0.92642230    0.73573059    1.06572442    0.53964302    0.63794996    0.73298856    0.68932175    0.69686742    0.67186856    0.76940808    0.65236835    0.70457150    0.71740907    0.72761613    0.72428832    0.74437064    0.73251971    0.63724011    0.61339769    0.45911824    0.47277178    0.44240459    0.46934702    0.44251115    0.52737738    0.52145189    0.46601279    0.59022299    0.43956528    0.53052084    0.50249941    0.37925900    0.71438455    0.51786439    0.43264792    0.61023828    0.61894125    0.48447341    0.53907746    0.56061810    0.61854345    0.49084123    0.54346614    0.61589350    0.53500785    0.52107902    0.49709267    0.42102301    0.54223640    0.44262294    0.84476799    0.43883003    0.63210476    0.47307879    0.54264215    0.50883715    0.47929789    0.52446492
FABV_OPITP/2-80     0.29540338    0.00000000    0.41185866    0.40558547    0.48890984    0.47124962    0.50380499    0.65160634    0.58043021    0.49518202    0.54298110    0.43036201    0.44246677    0.41835280    0.44917723    0.43393657    0.47711131    0.43075935    0.53888785    0.62708447    0.49407124    0.53360984    0.40097671    0.60021986    0.49731439    0.60193156    0.47057799    0.39803888    0.49602293    0.68840610    0.61697934    0.56575408    0.56439989    0.51487990    0.42024221    0.89136329    1.09504986    0.91536595    0.93787628    0.83093197    1.21416075    0.72481458    1.06169000    1.20194894    0.76179080    1.15975429    1.48073645    1.52211255    1.45264223    1.70449737    1.36154756    1.67440035    0.87517972    1.26404398    0.96681254    0.85039809    0.68586141    0.77158176    0.76538334    0.85130645    0.80313428    1.20252175    0.85521610    0.94641391    1.09311308    0.85551297    0.92606777    1.05934729    0.86720153    0.94616974    1.22234460    0.75326978    0.76760133    0.86305266    0.71559934    0.86840790    0.72568832    0.85210074    0.68776972    0.77513157    0.77507518    0.76311665    0.75149141    0.79161446    0.82612368    0.66480125    0.58835023    0.47648609    0.57251115    0.54296355    0.55636858    0.48703589    0.55982267    0.57450609    0.41010678    0.53850342    0.47192133    0.55671493    0.59953937    0.42752637    0.78172713    0.56394744    0.44710504    0.59594490    0.63728402    0.50664383    0.62186033    0.68547865    0.67918957    0.57738000    0.62605364    0.72450263    0.64700101    0.67545401    0.50167394    0.50167695    0.59388685    0.60042465    0.87866870    0.49727634    0.66385761    0.50867189    0.58839508    0.69747070    0.48807776    0.67909906
A0A7U4SRT3_9BURK/2-80     0.34932074    0.41185866    0.00000000    0.53508726    0.52543121    0.52609413    0.45183222    0.70854839    0.50361711    0.62851999    0.52970894    0.44242045    0.56033868    0.46551478    0.58671947    0.56869832    0.51519487    0.47292653    0.55257603    0.64839146    0.48021542    0.58439408    0.44495099    0.65289831    0.48041634    0.52643430    0.50946757    0.45103087    0.48987286    0.62724633    0.61418498    0.56707678    0.57978700    0.52370316    0.46233414    0.91897898    1.17350728    0.98981433    0.90639838    1.01022279    1.20657135    0.83590123    0.98531203    1.21339399    0.80231544    1.14308603    1.22292061    1.29423416    1.37369584    1.42848430    1.28732020    1.51192799    1.04886505    1.17999728    0.87945097    0.82871943    0.81143185    0.75997002    0.80910132    0.78834647    0.76178986    1.10950823    0.92752768    0.85150302    0.86167054    0.91057634    0.92221304    0.95043859    0.96313903    1.03284391    1.05216283    0.63543163    0.63306950    0.76246026    0.74157730    0.82674643    0.75615954    0.86103869    0.72492005    0.79583738    0.85615847    0.84421259    0.85943432    0.90081030    0.91844918    0.61670950    0.57121655    0.56690598    0.58126293    0.58394083    0.59139619    0.56234468    0.47888402    0.45045719    0.52810021    0.48120453    0.49322669    0.60973648    0.57465180    0.42142541    0.76762038    0.65618054    0.56232262    0.57120844    0.63075582    0.53912879    0.54678526    0.65479707    0.68787342    0.62792189    0.59956922    0.75186656    0.67644031    0.54108260    0.59580889    0.57475966    0.61596636    0.63664168    0.76581409    0.45519373    0.60140123    0.52031178    0.64381594    0.57073736    0.58748265    0.63882106
B5JM92_9BACT/2-80     0.32688644    0.40558547    0.53508726    0.00000000    0.52950359    0.50980065    0.47988295    0.66527356    0.47388961    0.54690688    0.50178600    0.48684900    0.59975395    0.44930210    0.54069573    0.53523849    0.42095796    0.49015300    0.66354126    0.67329110    0.54119337    0.47085661    0.38059147    0.55545996    0.48091733    0.50331221    0.36739259    0.40041920    0.52326947    0.55520635    0.56692012    0.57595755    0.48879698    0.41349765    0.43392775    0.78552175    0.98659678    0.91854371    0.94027524    0.89830122    1.07214929    0.81576014    1.00518117    1.05103524    0.72094313    1.33745753    1.55970422    1.33680141    1.43507106    1.72121372    1.41749897    1.38031046    0.91072910    1.01913400    0.94859236    0.89386805    0.66545290    0.84091670    0.75895926    0.85133134    0.82824456    1.07189087    0.92276778    0.96690810    1.03955464    0.88697663    0.78069987    0.91818119    0.85292491    0.61902359    0.95400378    0.57543799    0.75527263    0.98448719    0.79878853    0.81566558    0.82161325    0.78269437    0.80714897    0.81890094    0.78317515    0.73368650    0.87766086    0.74950128    0.83205277    0.65674854    0.66591274    0.48991248    0.55234015    0.49409059    0.43049556    0.51217630    0.53006711    0.63908819    0.48177823    0.58974585    0.40608147    0.45843205    0.51838875    0.43614297    0.74956164    0.61177142    0.48700492    0.60882810    0.64533925    0.43329109    0.55265916    0.54201108    0.57426451    0.45538759    0.57096316    0.57547432    0.50385644    0.54439505    0.49696847    0.55709192    0.58024854    0.56459105    0.79275214    0.50081857    0.57310778    0.51254841    0.53566158    0.49370346    0.51365526    0.61604611
Z9JJA4_9GAMM/2-80     0.50758512    0.48890984    0.52543121    0.52950359    0.00000000    0.37871756    0.37438813    0.58891607    0.41752797    0.48418608    0.63074929    0.47035234    0.46614311    0.48721541    0.55446422    0.45659536    0.46556984    0.48106256    0.64053392    0.53331884    0.60181251    0.49253743    0.48867077    0.59855171    0.53253149    0.56679858    0.48299286    0.51946938    0.44181555    0.58466936    0.63725541    0.62695640    0.53160616    0.41079370    0.48447943    0.83289404    1.14947605    0.95690595    0.97459017    0.95800809    1.17882736    0.88429207    1.02600750    1.24418694    0.91470534    1.39058201    1.37827095    1.40768444    1.40523974    1.62610877    1.41124005    1.55687326    1.03709093    1.20199565    0.89973188    0.72660577    0.84920326    0.93319801    0.84715278    0.92372812    0.97876284    1.20056440    1.03375481    1.03910997    1.16084483    0.86914465    1.03372718    0.95017959    0.87329845    0.97863614    0.88827980    0.72113928    0.80181150    0.86758573    0.86900003    0.84740672    0.71742318    0.80950683    0.73671086    0.90184831    0.82550096    0.84181287    0.80599636    0.92756106    0.90832787    0.64949940    0.62918795    0.61995615    0.66086139    0.51930112    0.56964157    0.59919972    0.70507154    0.75879577    0.70208882    0.65353183    0.55083743    0.61007057    0.66093974    0.48227624    0.75065879    0.64838832    0.57102216    0.62167647    0.60073017    0.54446875    0.63390058    0.64709070    0.82873685    0.52382354    0.59695898    0.77594487    0.64438800    0.58835506    0.56113958    0.49341732    0.64554484    0.62653881    0.82956510    0.44414712    0.52079652    0.51976162    0.65148996    0.67473168    0.51178842    0.64916473
K0C4G8_CYCSP/6-84     0.42075355    0.47124962    0.52609413    0.50980065    0.37871756    0.00000000    0.30307496    0.47355119    0.36254570    0.36219582    0.64689064    0.57927119    0.32787042    0.38571583    0.42147507    0.47734863    0.40387397    0.38720626    0.49203217    0.64462437    0.45607443    0.44060223    0.44506637    0.57364801    0.32524955    0.40212108    0.43140167    0.39900852    0.38479708    0.51003716    0.58637408    0.50256505    0.48349580    0.39699947    0.35085286    0.68136014    0.95777069    1.06634520    1.03629842    0.98112721    1.22425926    0.83276992    0.98756067    1.15370061    0.76285781    1.44226598    1.36354730    1.36647301    1.21164311    1.59529484    1.18487000    1.47497619    0.92518858    1.19128417    0.87299706    0.87100418    0.78052221    0.89554106    0.72695303    0.90359756    0.90873815    1.04296190    0.80131427    0.85807582    0.92483182    0.81602969    0.84806138    0.88238742    0.79503008    0.87207263    1.09442737    0.72298254    0.58235369    0.74284154    0.76517417    0.75437160    0.64862192    0.69315507    0.60023727    0.67757438    0.82593730    0.71556684    0.85278021    0.82375070    0.83697905    0.55516535    0.59968924    0.49576120    0.56374641    0.54646828    0.57986892    0.49919284    0.55549578    0.52435172    0.57468775    0.56375300    0.51856450    0.52081041    0.44166664    0.37345766    0.72998446    0.48362262    0.47562650    0.55807037    0.45804123    0.56131258    0.54992382    0.53924951    0.67114139    0.45554481    0.57269448    0.71004907    0.64231090    0.53323400    0.48450737    0.41258199    0.65068774    0.56360385    0.74438435    0.44428465    0.55438586    0.47097140    0.53304851    0.55314446    0.39017167    0.52445648
FABV1_VIBCH/2-80     0.41899485    0.50380499    0.45183222    0.47988295    0.37438813    0.30307496    0.00000000    0.27205643    0.24189573    0.27461680    0.57185579    0.40602999    0.40950240    0.34976828    0.56961460    0.51435839    0.44655454    0.25990659    0.41564061    0.48392211    0.42216355    0.44934721    0.45782744    0.60828808    0.38434316    0.42195941    0.37553111    0.40062338    0.39500921    0.58528748    0.62069833    0.54524647    0.44482044    0.49817680    0.45089320    0.83330044    1.03244236    1.01695358    0.98398802    1.01458199    1.22139614    0.76695605    0.94011984    1.04906602    0.72924013    1.33772805    1.27619595    1.39882124    1.36531440    1.59895457    1.39851488    1.58743711    0.96986156    1.17855233    0.76440245    0.74638911    0.84929258    0.89406503    0.89010886    0.77412061    0.87481922    1.00889703    0.83859514    0.68214960    0.85126574    0.80708937    0.87461963    0.93859318    0.80704018    0.82812636    1.04011923    0.73833395    0.63724955    0.76084060    0.74172752    0.77123202    0.68875116    0.72710134    0.66249348    0.65468302    0.79893002    0.76890341    0.89591246    0.92835620    0.82603411    0.51141935    0.58213095    0.52549672    0.58940306    0.55024608    0.51656845    0.60355199    0.52206707    0.65463009    0.57757687    0.55337749    0.55831075    0.63374199    0.60910996    0.43953159    0.77621541    0.58333720    0.51792780    0.63941881    0.52197464    0.60485033    0.58940888    0.57283138    0.65642113    0.50647319    0.57473972    0.71972513    0.63788384    0.52696190    0.48100641    0.43876201    0.60572624    0.62026494    0.88149175    0.45922510    0.52563002    0.42753795    0.50746799    0.61529955    0.43510351    0.55002431
S3DJ01_9GAMM/2-80     0.60214561    0.65160634    0.70854839    0.66527356    0.58891607    0.47355119    0.27205643    0.00000000    0.45184056    0.35616489    0.66139297    0.59339381    0.55475874    0.50326993    0.64188433    0.63470335    0.62786544    0.39595960    0.52332705    0.68440968    0.52938176    0.58679556    0.62379310    0.57895947    0.47866608    0.48359749    0.51740269    0.59655930    0.58905914    0.65791863    0.68524963    0.61351051    0.54178482    0.60882423    0.59721196    0.77161767    0.92926091    0.99465581    1.15951508    1.06130969    1.35054905    0.82219762    0.88748905    1.10608121    0.72152059    1.45869912    1.29998616    1.57577979    1.58907915    1.62184229    1.42054311    1.49571832    0.91249735    1.07144026    0.77101332    0.82593543    0.72577144    0.88470243    0.84449362    0.79237915    0.92083992    0.91683043    0.76114072    0.62632459    0.83512619    0.79997583    0.85041739    0.92686553    0.74228215    0.82436324    1.16103764    0.85252179    0.81667912    0.88723699    0.82529625    0.91814461    0.78389010    0.88579176    0.77957442    0.79543681    0.87214812    0.92827932    1.05808805    1.06810233    0.87122144    0.58442281    0.69043380    0.61012636    0.67593106    0.66281285    0.61170391    0.73180228    0.71340553    0.81617514    0.73310064    0.71757603    0.72128520    0.76206072    0.75167217    0.59269860    0.71207314    0.64852682    0.55918861    0.65024056    0.46967159    0.72971789    0.66329139    0.62848596    0.73662234    0.62352989    0.67821205    0.73671059    0.79871442    0.61977724    0.53419120    0.53665360    0.64966262    0.70992247    0.80722451    0.61177453    0.62116992    0.49610208    0.69811956    0.65078574    0.51169614    0.65037631
K2JTD2_9GAMM/2-80     0.46898595    0.58043021    0.50361711    0.47388961    0.41752797    0.36254570    0.24189573    0.45184056    0.00000000    0.33542730    0.62871904    0.50739924    0.53180411    0.43976946    0.56557474    0.53795189    0.48712228    0.39103364    0.57655989    0.56733428    0.54505333    0.49091286    0.51034824    0.54506925    0.47037777    0.47657395    0.49406181    0.47968551    0.51563680    0.61054949    0.62338869    0.57209438    0.48162509    0.54858566    0.46732977    0.85838383    1.16609442    1.05092999    1.24635527    1.09084224    1.21798867    0.93408295    1.00749656    1.15055143    0.84608088    1.40642415    1.47649503    1.57699546    1.35880716    1.58066906    1.62075351    1.66624460    1.07792943    1.12956176    0.89585827    0.76732934    0.77592770    0.77337366    0.84937376    0.69910537    0.76530878    1.05949924    0.79921047    0.78356685    0.87388391    0.70004658    0.80344764    0.78364651    0.86539977    0.88741477    1.01261269    0.65521964    0.66787052    0.82779915    0.77152416    0.81445054    0.78246981    0.82370725    0.74152833    0.77184169    0.92390724    0.86210132    1.04233885    0.97617216    0.95818513    0.58293424    0.69251147    0.56028181    0.57604700    0.47296075    0.46517323    0.54686255    0.55640314    0.64498815    0.63111682    0.61106520    0.54819783    0.65030460    0.65317430    0.36731097    0.66801625    0.45523527    0.46839981    0.61068055    0.55221113    0.64532113    0.58875327    0.55523438    0.69226893    0.55654202    0.57424133    0.69415060    0.62650664    0.52391035    0.56648437    0.58635009    0.70963539    0.64421411    0.91001434    0.52110868    0.59217962    0.49662948    0.66081276    0.53415580    0.50998086    0.62394793
FABV_PSYIN/2-80     0.55214889    0.49518202    0.62851999    0.54690688    0.48418608    0.36219582    0.27461680    0.35616489    0.33542730    0.00000000    0.61585244    0.52700763    0.39302057    0.38475660    0.57465798    0.53156408    0.47971617    0.26358623    0.44093617    0.55399583    0.53562710    0.52744017    0.59839541    0.59605125    0.46243588    0.43785739    0.46919123    0.48977072    0.56275937    0.59822434    0.61973441    0.62953831    0.52819648    0.51467419    0.48801537    0.82251253    0.92581235    1.10783435    1.06358741    1.00206337    1.36548019    0.78764364    0.92394595    1.08994020    0.80998275    1.43606972    1.35696522    1.48612192    1.42927738    1.45590854    1.40444727    1.58360708    0.96975724    1.25824308    0.95977433    0.93205054    0.85884037    0.91081015    0.89071097    0.85915075    0.95778768    1.01641225    0.79659328    0.79071913    0.95046178    0.80250647    0.99227797    0.94326994    0.83446636    0.80405331    1.26188284    0.76925979    0.69564671    0.84134200    0.85602925    0.79477648    0.77015805    0.81512448    0.77940215    0.84694119    0.78041720    0.82390354    0.86502737    0.92188186    0.92632240    0.53022261    0.60663811    0.53140627    0.56182806    0.55120027    0.51113475    0.62856360    0.52682211    0.66649745    0.60434074    0.58558774    0.51727221    0.60180566    0.62930145    0.43781404    0.71996524    0.58266862    0.52563415    0.57555207    0.45309020    0.62005204    0.60601057    0.54396279    0.60081820    0.48638425    0.61081980    0.65480166    0.56901994    0.56927610    0.53275533    0.57575675    0.64995551    0.66734123    0.87946014    0.55607335    0.55950005    0.41660792    0.63217414    0.60914173    0.45278898    0.58412638
D5EJI6_CORAD/2-79     0.47964656    0.54298110    0.52970894    0.50178600    0.63074929    0.64689064    0.57185579    0.66139297    0.62871904    0.61585244    0.00000000    0.49566278    0.66112634    0.58902755    0.67014237    0.60571361    0.58963141    0.59114404    0.65535143    0.59922874    0.59553145    0.64983196    0.64051096    0.77669501    0.58369447    0.66372495    0.57076569    0.68034183    0.66708677    0.71776202    0.68719637    0.58284438    0.50289263    0.60637951    0.65616629    0.84011184    1.17797547    1.03409116    1.11575436    1.03088066    1.33442190    0.93507147    0.97716950    1.16840007    0.95241767    1.36226058    1.35274996    1.45482159    1.39782627    1.57931236    1.48388323    1.60943595    1.17655324    1.18560520    0.94499080    0.83124667    0.93450748    0.97318452    0.89145601    0.81111969    0.96016084    1.14869710    0.83775875    0.94520556    1.06984926    0.89013498    0.98991317    1.07931863    0.97579825    0.98593344    1.11326971    0.76640297    0.92153981    0.89590896    0.76419155    0.92813975    0.88348324    0.98757943    0.88654693    0.79156169    0.86578860    0.84851919    0.86992152    0.94786674    0.98150979    0.68740681    0.79241288    0.71991080    0.71997688    0.69960555    0.69805397    0.63414487    0.70047475    0.72118681    0.68310098    0.69961991    0.67179698    0.75743923    0.76703965    0.57325513    0.69207541    0.62816618    0.60732745    0.67897533    0.69840996    0.57230686    0.61864848    0.74688262    0.77259148    0.60466839    0.56126196    0.79451971    0.66940287    0.63888441    0.64780397    0.61817931    0.69434482    0.75315195    0.96524275    0.55445471    0.68367217    0.48579797    0.71629483    0.55135449    0.72285394    0.59919443
F9ZYG7_METMM/2-80     0.49902508    0.43036201    0.44242045    0.48684900    0.47035234    0.57927119    0.40602999    0.59339381    0.50739924    0.52700763    0.49566278    0.00000000    0.40680672    0.43544679    0.57908342    0.52687474    0.56392207    0.50036824    0.51816487    0.72180820    0.50503902    0.56995813    0.53755858    0.50784113    0.55625078    0.54964782    0.44956407    0.44970816    0.50407228    0.61683326    0.55377009    0.46318604    0.45145837    0.39703869    0.43962102    0.82278567    1.06817609    1.05302902    1.02862879    0.91365286    1.23330841    0.71927692    1.02894662    1.14160135    0.72717038    1.27510193    1.34739673    1.56265547    1.44943511    1.71081329    1.53258371    1.77241150    0.91073808    1.01447031    0.91772620    0.77194964    0.73540726    0.80739943    0.83122162    0.75418282    0.78412774    1.05971505    0.90336911    0.90799356    0.96514407    0.85694602    0.79857415    1.03569524    0.92946620    0.75623623    1.09666478    0.52061076    0.72609786    0.82846888    0.83119691    0.88747547    0.69007186    0.90770283    0.77689408    0.63865529    0.74032038    0.69834025    0.94593426    0.80615162    0.84228102    0.54422659    0.53311186    0.49116638    0.53261689    0.51012656    0.52994943    0.53805934    0.62476789    0.68739629    0.48143111    0.52258418    0.57860427    0.60886313    0.58405964    0.52434864    0.68182305    0.54088457    0.58062939    0.64645678    0.56717143    0.53802751    0.66076159    0.69502719    0.67749173    0.60670811    0.62711294    0.72799988    0.69789974    0.74443100    0.58210844    0.58380289    0.55652605    0.57819865    0.84474109    0.52054026    0.55507871    0.56644564    0.61916243    0.65199985    0.56700228    0.67163438
H3NX80_9GAMM/2-80     0.48388353    0.44246677    0.56033868    0.59975395    0.46614311    0.32787042    0.40950240    0.55475874    0.53180411    0.39302057    0.66112634    0.40680672    0.00000000    0.35201654    0.43575680    0.47070404    0.48742732    0.38124041    0.60148512    0.65387414    0.51230329    0.55157515    0.45334972    0.44093797    0.42915160    0.43296766    0.49623041    0.47213047    0.44609454    0.49282443    0.56272447    0.52532110    0.57550345    0.43411171    0.39871945    0.69626355    1.03252851    1.00648096    0.82546429    0.82436533    1.27365777    0.85134104    1.02718546    1.20725731    0.68123712    1.35077605    1.35049275    1.46462312    1.40397404    1.60585229    1.39171798    1.61608906    0.92996001    1.22123216    0.96655376    0.84639337    0.77247634    0.90323376    0.78369922    0.80371359    0.84800870    1.02403036    0.74059572    0.91121948    0.95071339    0.89759160    0.82653866    0.93362290    0.87053806    0.95861689    1.14892718    0.66262839    0.63811563    0.79409736    0.82245368    0.83194012    0.69281479    0.83057141    0.69622882    0.68636253    0.63183384    0.70806776    0.79111028    0.74622582    0.75559058    0.54231467    0.53714542    0.52656685    0.57139019    0.55941889    0.60385952    0.70884253    0.58774577    0.69909677    0.62690460    0.53973459    0.58418921    0.55258449    0.51638925    0.51308492    0.78071236    0.55737018    0.59223832    0.59076090    0.46154688    0.47143660    0.49915635    0.54840644    0.50429198    0.46197960    0.63721571    0.68867905    0.69042673    0.62278370    0.38897739    0.51182056    0.61122505    0.60577752    0.80825079    0.52647230    0.50293176    0.52627781    0.67793919    0.63125115    0.43422761    0.53997585
E3G636_ENTLS/2-80     0.44523882    0.41835280    0.46551478    0.44930210    0.48721541    0.38571583    0.34976828    0.50326993    0.43976946    0.38475660    0.58902755    0.43544679    0.35201654    0.00000000    0.48357471    0.44635145    0.34493323    0.34204143    0.54242440    0.60819117    0.41359366    0.49556809    0.48837409    0.60634804    0.40306117    0.45633525    0.42338669    0.43061895    0.51959715    0.54889775    0.57543250    0.50043169    0.46633299    0.49114460    0.44749361    0.75241102    0.91252339    0.90778529    0.97109727    0.89213420    1.22895798    0.79250686    0.87131079    1.01443140    0.69471620    1.40223814    1.38253843    1.51255577    1.40845473    1.66561650    1.41410680    1.64903768    0.94153080    1.26823536    0.97599283    0.86948991    0.78045230    0.86451243    0.83963265    0.92643303    0.87137054    1.04042254    0.78276942    0.90686321    1.07157885    0.91376985    0.89559790    0.90558750    0.83471481    0.97945872    1.08793489    0.77883880    0.59563368    0.84139027    0.71125613    0.74645474    0.66215877    0.76945781    0.66034697    0.67222443    0.77786211    0.73645916    0.92845625    0.89984005    0.93152880    0.61712605    0.59245973    0.54235428    0.56843584    0.53936200    0.53010257    0.58529241    0.59413298    0.61250972    0.56805041    0.57495982    0.48734388    0.56323421    0.53765585    0.45761811    0.68360461    0.54494847    0.41776153    0.43010401    0.51642448    0.52154948    0.55841131    0.48830981    0.56999365    0.42183357    0.65337365    0.62321486    0.59862894    0.59243449    0.41075758    0.45787372    0.66008226    0.55962360    0.82089547    0.50862748    0.53092734    0.47192055    0.62307749    0.61463643    0.42907082    0.58129376
A1ZZQ0_9BACT/2-79     0.47919142    0.44917723    0.58671947    0.54069573    0.55446422    0.42147507    0.56961460    0.64188433    0.56557474    0.57465798    0.67014237    0.57908342    0.43575680    0.48357471    0.00000000    0.36139798    0.46375891    0.51156900    0.41878823    0.67892696    0.63603262    0.46269326    0.49146599    0.55769476    0.49116296    0.60620090    0.65030071    0.51324203    0.60128883    0.58021798    0.59700618    0.71208271    0.61549949    0.64899564    0.55600263    0.75572745    1.18766717    0.75808371    0.89886368    0.84515453    1.30697879    0.81443328    0.96681117    1.10644827    0.76252031    1.53561687    1.52632563    1.37172896    1.44885442    1.63922886    1.31518633    1.54219227    0.88553650    1.34272268    0.99861718    0.91356182    0.63296713    0.73400273    0.68913409    0.77178044    0.81689922    1.07450212    0.86951413    0.73482658    0.87743692    0.80837477    0.90009061    0.94731091    0.88756920    0.84656667    1.19957806    0.64323336    0.76021032    0.83085103    0.78679236    0.82699503    0.76821410    0.80972186    0.76796171    0.69270799    0.88429478    0.74226096    0.91304118    0.87566595    0.95233740    0.68861480    0.62191769    0.64265891    0.47561077    0.52786242    0.50032795    0.57170950    0.54079396    0.61499635    0.70082149    0.64553091    0.57362947    0.58603958    0.59275931    0.46569272    0.73235637    0.59985538    0.55452315    0.60319551    0.61495787    0.47289704    0.61334979    0.59021027    0.62170929    0.61718738    0.70376651    0.75042227    0.70627245    0.62708939    0.41159458    0.46497265    0.57418067    0.53587329    0.80431184    0.50643490    0.62495359    0.54136552    0.64413530    0.61536063    0.46054367    0.68505347
F0SCA2_PSESL/2-79     0.49250982    0.43393657    0.56869832    0.53523849    0.45659536    0.47734863    0.51435839    0.63470335    0.53795189    0.53156408    0.60571361    0.52687474    0.47070404    0.44635145    0.36139798    0.00000000    0.45292281    0.46730273    0.41108502    0.72060015    0.57186400    0.50292784    0.61354799    0.70436595    0.55728023    0.55393327    0.56685023    0.50244562    0.55699723    0.54524733    0.57812441    0.58568267    0.59744249    0.52299231    0.53722407    0.79496379    1.03204540    0.80727002    0.93208168    0.91715634    1.32651762    0.83171832    0.85191351    1.05623315    0.85011033    1.55401627    1.43375780    1.40216734    1.38442635    1.38468244    1.20774170    1.60317140    0.95709786    1.16680394    0.97936825    0.78046823    0.69024838    0.73569484    0.71035118    0.80525249    0.89569954    1.02809305    0.93202148    0.82356763    0.92739442    0.83235275    0.94263324    0.88432270    0.84865378    0.95685853    1.25546353    0.67008317    0.73893814    0.83108632    0.69923702    0.78917176    0.65558072    0.75714021    0.71494096    0.79770099    0.79588288    0.72474339    0.76623635    0.77977215    0.76473708    0.65415852    0.66856417    0.59085069    0.67612276    0.48354973    0.57260362    0.53009992    0.62286872    0.71318799    0.60323988    0.74015425    0.59838025    0.61099591    0.74423788    0.45201558    0.62601908    0.44755853    0.50939278    0.62066469    0.59673353    0.60070819    0.73493930    0.65965586    0.58665130    0.53015798    0.76564033    0.76565155    0.76817006    0.71466804    0.50210271    0.49991956    0.60166699    0.51086097    0.91458643    0.56361788    0.60120167    0.57111650    0.65244304    0.76799258    0.56600445    0.71516936
R4I195_9GAMM/2-80     0.34323424    0.47711131    0.51519487    0.42095796    0.46556984    0.40387397    0.44655454    0.62786544    0.48712228    0.47971617    0.58963141    0.56392207    0.48742732    0.34493323    0.46375891    0.45292281    0.00000000    0.38510049    0.51192213    0.56400096    0.52639352    0.47954690    0.48818060    0.57555994    0.42659657    0.56377838    0.47615070    0.44954402    0.56743775    0.49063124    0.52134799    0.54133227    0.47176878    0.48448179    0.44211925    0.72587431    0.88030896    0.98186424    0.91348947    0.88619568    1.26939569    0.72258593    0.95425360    1.15188565    0.79194303    1.53086174    1.44570438    1.41463160    1.53033773    1.72788978    1.42031469    1.63571258    1.08135618    1.26218547    1.10370190    0.94699261    0.83971320    0.91675318    0.79099961    0.92911156    0.87102761    0.98187659    0.84901018    0.88539038    1.03141539    0.92942707    0.89289489    0.85467351    0.89220435    0.79948711    0.98935118    0.56294738    0.61038869    0.95445552    0.86972640    0.76388025    0.68812079    0.74736188    0.67490316    0.83369131    0.81775645    0.72025613    0.86122119    0.90272741    0.90841367    0.65664587    0.56234170    0.48122635    0.56148823    0.48726345    0.48634582    0.51036143    0.52545905    0.52334924    0.52604459    0.69140146    0.36094455    0.51813161    0.47009619    0.44802891    0.62480738    0.46748834    0.48656193    0.53219915    0.59696617    0.57578469    0.62041305    0.57057297    0.59833672    0.47106172    0.65314795    0.65199894    0.63963878    0.48407988    0.49112848    0.38110381    0.57631476    0.47317598    0.88895922    0.51164323    0.61118944    0.50967351    0.62122348    0.64706806    0.47453217    0.61486653
S6GE70_9GAMM/2-80     0.42693146    0.43075935    0.47292653    0.49015300    0.48106256    0.38720626    0.25990659    0.39595960    0.39103364    0.26358623    0.59114404    0.50036824    0.38124041    0.34204143    0.51156900    0.46730273    0.38510049    0.00000000    0.36229327    0.55687952    0.50922951    0.50933236    0.48540303    0.47613553    0.38014616    0.40846247    0.48042636    0.43598343    0.52905474    0.53277321    0.60531135    0.56986269    0.47159333    0.51010075    0.48659412    0.80586412    1.00519902    0.96317389    0.88151933    0.88170181    1.21460857    0.77409366    0.85498641    1.02804114    0.74577727    1.22568024    1.34849261    1.46185961    1.45919641    1.57419836    1.43513921    1.58748021    0.90846400    1.17772710    0.80927513    0.83728726    0.76541121    0.79348426    0.74833697    0.73479218    0.79477413    0.88695021    0.69435392    0.67096141    0.83939299    0.78032427    0.82631537    0.74773174    0.83123057    0.79672400    1.04467861    0.67050465    0.64632135    0.89903735    0.72496809    0.83878729    0.70729506    0.80543856    0.73733011    0.81658536    0.77197928    0.80382508    0.80316905    0.86006262    0.75267373    0.47628545    0.58604765    0.48761172    0.50176388    0.49100321    0.49115802    0.49091791    0.47655819    0.54914164    0.51678499    0.59503865    0.40504999    0.55993312    0.60355175    0.40941688    0.63729962    0.53444826    0.43274389    0.48836978    0.48395945    0.61911726    0.61914214    0.50201586    0.56491495    0.47384255    0.65155838    0.67914269    0.62794341    0.48030913    0.47937218    0.44668345    0.57568212    0.53556503    0.80864430    0.46618926    0.52699340    0.38960356    0.53753959    0.58052993    0.46790560    0.49838647
F9YST5_CAPCC/2-80     0.53973522    0.53888785    0.55257603    0.66354126    0.64053392    0.49203217    0.41564061    0.52332705    0.57655989    0.44093617    0.65535143    0.51816487    0.60148512    0.54242440    0.41878823    0.41108502    0.51192213    0.36229327    0.00000000    0.75862438    0.51060905    0.55902204    0.55534813    0.71268815    0.44913285    0.58486829    0.54588027    0.60559110    0.54597329    0.64580091    0.65884127    0.62569243    0.59843328    0.57390633    0.61809678    0.88144924    1.15412647    1.09714211    0.94380996    1.05277060    1.42462939    0.86157895    0.91210464    1.18862227    0.77112669    1.42556254    1.40316325    1.54742995    1.40474854    1.60206582    1.43070162    1.62415661    0.96894298    1.17502714    1.03059616    0.94332620    0.83290615    0.87868167    0.76863679    0.94089073    0.98105110    1.10087641    0.97180065    0.82567579    0.89893226    1.00719492    1.04135783    0.97542108    0.91396527    0.85987104    1.26355805    0.73085743    0.76294323    0.91751283    0.77836945    0.70734439    0.77108531    0.89319894    0.78433290    0.77895925    0.78456617    0.86675338    0.83987490    0.88810274    0.89965968    0.59407220    0.60690475    0.61097177    0.59501189    0.69849608    0.61256866    0.58006136    0.55966234    0.51223164    0.54921618    0.64360384    0.48994388    0.58911487    0.59654435    0.48567668    0.73446069    0.57729522    0.58899288    0.60470698    0.56180457    0.62847812    0.77304011    0.66219892    0.60464423    0.60882929    0.73001903    0.82958005    0.79629935    0.61640414    0.59245697    0.54411290    0.57836269    0.58061309    0.83287741    0.61278112    0.61269445    0.49553995    0.60678992    0.63834317    0.54662543    0.69949484
TER_EUGGR/144-222     0.57408725    0.62708447    0.64839146    0.67329110    0.53331884    0.64462437    0.48392211    0.68440968    0.56733428    0.55399583    0.59922874    0.72180820    0.65387414    0.60819117    0.67892696    0.72060015    0.56400096    0.55687952    0.75862438    0.00000000    0.76727985    0.66978688    0.58972864    0.81191951    0.47389047    0.56866566    0.62109351    0.66305027    0.65526884    0.57681411    0.60865817    0.63447989    0.51315005    0.58274099    0.57179882    1.06751514    1.24320415    1.29470117    1.22312332    1.25625739    1.58466289    0.97532793    1.18778804    1.39669810    1.07872118    1.39922434    1.66790093    1.68599330    1.82158662    1.86944483    1.67431450    1.90163327    1.32477160    1.39982277    0.98829081    1.14773266    1.06856571    1.19298899    1.01622921    0.99549280    0.90472610    1.30438639    1.09455737    0.93870966    1.13878647    0.96429033    1.03774390    1.13969721    1.14121296    1.09192874    1.32932620    0.77715838    0.88186278    0.82509512    0.93448587    0.86084956    0.84253343    0.84674765    0.88726795    0.97719927    0.97593700    0.79631189    0.88741549    1.00482124    0.94823057    0.71385284    0.75011593    0.65172699    0.67174051    0.66355456    0.77984312    0.67599994    0.62023945    0.73370942    0.71910993    0.63643931    0.70016212    0.72752613    0.78512569    0.57564405    0.85473156    0.82665235    0.80592879    0.76710182    0.83534717    0.79986918    0.83410257    0.67850878    0.99667491    0.70787636    0.71471181    0.94512933    0.70462784    0.62666441    0.67411076    0.63882980    0.74903367    0.77903860    1.05688623    0.53574697    0.79490628    0.67623398    0.68662298    0.66658201    0.61165526    0.82993304
B4CTR8_9BACT/2-80     0.50075965    0.49407124    0.48021542    0.54119337    0.60181251    0.45607443    0.42216355    0.52938176    0.54505333    0.53562710    0.59553145    0.50503902    0.51230329    0.41359366    0.63603262    0.57186400    0.52639352    0.50922951    0.51060905    0.76727985    0.00000000    0.45460208    0.39357362    0.64009188    0.46984011    0.54010214    0.43569079    0.42644908    0.50390161    0.66915878    0.59541746    0.51820899    0.47992917    0.53485908    0.40897182    0.94000424    0.94922307    1.07316909    1.00303427    1.03815462    1.29328076    0.78138341    1.00453229    1.18516802    0.81820782    1.17671411    1.28062387    1.34968006    1.26053294    1.52695679    1.16894194    1.57456442    0.83781165    1.15711882    0.79083830    0.79878524    0.89595020    0.99917625    0.90149571    0.87911437    0.95521742    0.96958753    0.90903617    0.97732694    1.02709885    0.94662829    1.01624948    1.00990539    0.90579474    0.95206975    0.88860770    0.69090920    0.72829977    0.99898716    0.79131255    0.71855835    0.81969352    0.82870958    0.66328948    0.65298778    0.81732478    0.85264022    0.77516599    0.85068291    0.88043327    0.53020573    0.42036723    0.42828478    0.49411147    0.53988707    0.64859203    0.53331390    0.52317281    0.54242636    0.56214167    0.59628123    0.45404658    0.47393049    0.45812434    0.45217931    0.72183256    0.55165228    0.51967993    0.63929532    0.60600998    0.58187997    0.66480230    0.61613521    0.57122554    0.57562052    0.63245208    0.68241930    0.66130607    0.57802466    0.52876029    0.60935319    0.70338453    0.70184903    0.74889386    0.58187634    0.62564035    0.58425689    0.65731885    0.63047113    0.55918459    0.52237813
A0A0C2F4M2_9PSED/2-80     0.49856242    0.53360984    0.58439408    0.47085661    0.49253743    0.44060223    0.44934721    0.58679556    0.49091286    0.52744017    0.64983196    0.56995813    0.55157515    0.49556809    0.46269326    0.50292784    0.47954690    0.50933236    0.55902204    0.66978688    0.45460208    0.00000000    0.33598020    0.69353113    0.49976905    0.53064690    0.51325658    0.44459810    0.46867671    0.57706615    0.64879278    0.61792487    0.54072295    0.59353075    0.50801726    0.90314763    1.15348701    1.17460759    1.12108715    1.05329737    1.19834733    0.76775524    1.04656957    1.15375320    0.91213110    1.35354411    1.54434185    1.23433726    1.27271404    1.65635605    1.21664302    1.49546004    0.91664785    1.18331232    0.86629948    0.84824985    0.82039218    0.88650948    0.82429184    0.92900212    0.93680138    0.99772275    0.93394324    0.95150193    0.97225417    0.86858719    0.86685585    0.89103068    0.88520003    0.90531438    1.05803088    0.77124568    0.73036073    0.95346065    0.74444192    0.85946218    0.82152053    0.83972660    0.69404790    0.73689701    0.99354844    0.89758803    0.91024201    0.90940902    0.88620308    0.54075115    0.58908406    0.62187982    0.52951500    0.45507737    0.48932204    0.50675913    0.61671804    0.63163998    0.69171006    0.67894335    0.54894447    0.62805254    0.65899671    0.45010365    0.67696716    0.55197283    0.52950904    0.67213494    0.71305835    0.57494071    0.60020992    0.54118143    0.63576898    0.53165147    0.64914452    0.69652597    0.58384289    0.56451235    0.44022218    0.47880766    0.56371613    0.58558040    0.89143988    0.40266851    0.50580548    0.47697269    0.60297957    0.51710359    0.39483685    0.69513427
