11
E5AUV5_MYCRK/15-130     0.00000000    1.03666943    1.16433637    1.83814451    1.71875114    1.55092317    2.02709749    1.97619541    0.78046560    0.81929058    1.23022175
Q63MH5_BURPS/1-116     1.03666943    0.00000000    0.42525509    1.38019659    1.46934527    1.47192317    1.63744458    1.54484321    0.87105619    0.85450999    1.41242749
C5AJQ1_BURGB/1-118     1.16433637    0.42525509    0.00000000    1.48316557    1.41059566    1.80416691    1.71436327    1.47815727    0.92029885    0.92608874    1.34096689
C5AKB5_BURGB/1-120     1.83814451    1.38019659    1.48316557    0.00000000    0.89208021    1.41023957    1.16502769    1.25103769    1.48150256    1.50662650    1.92238267
Q63IZ6_BURPS/19-138     1.71875114    1.46934527    1.41059566    0.89208021    0.00000000    0.89047660    0.69398230    0.74042880    1.48052465    1.37482551    1.71843200
Q13XR7_PARXL/19-138     1.55092317    1.47192317    1.80416691    1.41023957    0.89047660    0.00000000    0.84239453    0.94064350    1.23580887    1.24932586    1.76821039
B2JV99_PARP8/1-123     2.02709749    1.63744458    1.71436327    1.16502769    0.69398230    0.84239453    0.00000000    0.44958763    1.58896934    1.59283694    2.19929299
B2JH92_PARP8/1-119     1.97619541    1.54484321    1.47815727    1.25103769    0.74042880    0.94064350    0.44958763    0.00000000    1.49425356    1.54800441    1.85598180
B9TLM2_RICCO/1-117     0.78046560    0.87105619    0.92029885    1.48150256    1.48052465    1.23580887    1.58896934    1.49425356    0.00000000    0.25776296    0.82189871
Q13JG4_PARXL/1-117     0.81929058    0.85450999    0.92608874    1.50662650    1.37482551    1.24932586    1.59283694    1.54800441    0.25776296    0.00000000    0.79899367
B2JRC7_PARP8/1-114     1.23022175    1.41242749    1.34096689    1.92238267    1.71843200    1.76821039    2.19929299    1.85598180    0.82189871    0.79899367    0.00000000

