49
G3J8E4_CORMM/182-320     0.00000000    2.17501038    2.30573497    2.13399165    2.52999171    2.44717639    2.46500254    2.82749227    2.56390103    2.60399598    1.34753125    1.45837720    1.57021104    1.85662008    1.74913002    1.66682400    1.64620792    1.53815262    1.77703692    1.59832628    1.86734939    1.86942243    1.62925189    1.76491544    2.26305362    1.92837475    2.02750967    1.66709783    1.96407349    1.66279620    1.75452178    1.68081160    0.89728951    1.18414805    0.97064884    1.26095099    1.06725377    1.36552571    1.25329163    1.25568566    1.16990336    1.01111341    1.05869165    1.03882018    1.10767473    1.30140799    0.80665401    1.24157162    0.92983616
V2X4V3_MONRO/47-187     2.17501038    0.00000000    1.67315497    2.29604540    2.38663655    2.35106906    2.25414343    2.27405859    2.28267917    2.15216273    2.18707774    2.72406204    2.67394238    2.70042736    3.05364831    2.37660981    2.48003413    2.40596492    2.51044879    2.63962535    2.44256277    2.52731206    2.46803174    1.87512969    2.89110841    2.86891129    2.96276023    2.50499112    2.54809627    2.10933890    2.41178003    2.36205225    1.67542211    1.94993657    2.21591576    2.12999498    2.08413194    1.96633019    1.96133886    1.77963192    2.04242865    1.85325425    1.82824018    1.64601810    1.79388000    2.00885287    1.61827732    1.76123606    1.65562646
H6C6U0_EXODN/45-175     2.30573497    1.67315497    0.00000000    1.09974380    0.88037052    1.02354540    0.97981460    0.97348692    1.31658000    1.25591831    1.76378914    1.51135429    1.60294425    1.87130589    1.82463430    1.58592244    1.56548190    1.50193828    1.52059663    1.68552586    1.51911968    1.63242010    1.56146871    1.78400834    2.18602247    1.97657950    1.88329878    1.90444291    2.10257879    1.74189489    1.66022863    1.70470338    1.94952178    2.04193396    2.00793932    2.45865094    2.11542015    2.11126431    1.75157696    2.07629791    2.11487384    2.56571616    2.44167064    1.92163971    2.00734828    2.04927846    1.98172403    1.69239888    1.85515455
M1WH44_CLAP2/29-164     2.13399165    2.29604540    1.09974380    0.00000000    1.06497877    1.10419550    1.06537366    1.10693724    1.13812113    1.13859667    2.15900127    2.39175584    2.04826637    2.03038891    2.17873867    2.18349199    1.98882660    1.89866989    2.05769837    2.16153310    2.01829288    2.05068329    2.10426082    2.25073618    2.38768205    2.31678909    2.53785956    2.27101506    2.46817576    1.97247119    2.40811887    2.44549459    2.12813536    2.14707487    2.13414360    2.78587639    2.50981271    2.48773096    1.91103432    2.10022038    2.63879942    2.92390320    2.61572478    2.52227001    2.23020007    2.17111539    2.20854858    2.45382145    2.27170244
S3CDW2_GLAL2/37-167     2.52999171    2.38663655    0.88037052    1.06497877    0.00000000    0.41590303    0.40247929    0.91526986    0.82936182    0.80486189    2.42172513    2.54921749    2.03150847    2.23853125    2.40833786    2.23088410    2.12923500    1.92409205    2.34140514    2.56848335    2.24352276    2.18553656    2.27899633    2.57814614    2.58216145    2.77093558    2.69158200    2.60050898    2.67856706    2.58524024    2.63798758    2.70164449    2.25904042    2.47871004    2.26228158    2.82397425    2.49821108    2.43422800    2.06449071    2.38533600    2.44240924    3.27273526    3.09335881    2.18082403    2.27843173    2.32068318    2.22943183    2.69521624    2.47474231
A7EL06_SCLS1/44-175     2.44717639    2.35106906    1.02354540    1.10419550    0.41590303    0.00000000    0.11108552    0.88246264    0.82914380    0.84846457    2.40326722    2.60026217    2.17040196    2.43259825    2.52229841    2.35422698    2.21564879    2.01304469    2.59849749    2.63941881    2.41134622    2.41935909    2.32847550    2.51828454    2.68418563    2.83351098    2.55357991    2.31020642    2.69878383    2.41015650    2.26766207    2.46129776    2.20040772    2.52178568    2.01689604    2.75175049    2.23598474    2.47259708    1.99428270    2.18460517    2.36505771    3.05361086    2.90311669    2.15541656    2.06524248    2.10591031    2.20989161    2.37428609    2.57818850
G2Y1S1_BOTF4/44-174     2.46500254    2.25414343    0.97981460    1.06537366    0.40247929    0.11108552    0.00000000    0.91235480    0.84636580    0.83971632    2.33872912    2.65320912    2.03581972    2.31720251    2.40454696    2.19953446    2.17411046    1.89444804    2.40207314    2.46870600    2.24086475    2.31777229    2.28864808    2.49375631    2.53696099    2.76157831    2.65291592    2.53539942    2.50298471    2.48378731    2.39109056    2.51541976    2.35248428    2.67737353    2.03039393    2.87427956    2.28235612    2.40719841    1.99058430    2.26165714    2.42898130    3.08672848    2.90106763    2.18785545    2.27245113    2.22778330    2.20339263    2.37486875    2.60700842
G2R3R7_THETT/43-171     2.82749227    2.27405859    0.97348692    1.10693724    0.91526986    0.88246264    0.91235480    0.00000000    0.79314448    0.77369053    2.25412215    2.57634899    2.38066863    2.80297687    2.61471983    2.45942973    2.38733856    2.33091483    2.57633033    2.68664940    2.51317941    2.50908383    2.64510681    2.50299774    3.07767549    2.63174750    3.07110599    2.53613424    2.94083661    2.28666274    2.26648626    2.12214703    2.30219756    2.40361960    2.32644586    2.75513161    2.43409741    2.31841663    2.15447833    2.40341626    2.46478690    3.06555407    3.07470396    2.57846984    2.37481808    2.47492316    2.17003785    2.37702912    2.30591649
T0LU36_COLGC/44-162     2.56390103    2.28267917    1.31658000    1.13812113    0.82936182    0.82914380    0.84636580    0.79314448    0.00000000    0.15878970    2.03655792    1.99957324    2.05439652    2.29469806    2.35586630    2.07406847    2.01702392    2.03097814    2.36771679    2.51156429    2.24464072    2.16846124    2.18339184    2.56892832    2.36801349    2.64937127    2.50785383    2.56791473    2.80697332    2.51840993    2.32733697    2.35446257    2.23093364    2.47863264    2.38924856    2.44539169    2.42440702    2.35581934    2.13153273    2.40338819    2.41955912    2.88609835    2.98595719    2.38020253    2.19507338    2.34106754    2.30736790    2.37763129    2.41773725
H1W411_COLHI/42-165     2.60399598    2.15216273    1.25591831    1.13859667    0.80486189    0.84846457    0.83971632    0.77369053    0.15878970    0.00000000    2.11777239    1.95103973    2.07145494    2.35902618    2.43609731    2.11627615    2.13351440    2.08564828    2.39208845    2.51407724    2.30053795    2.25830956    2.28915438    2.57959545    2.44691159    2.79003962    2.64615224    2.57368932    2.89626305    2.49265370    2.30794628    2.43110063    2.27376497    2.39216140    2.38576638    2.38040944    2.36290866    2.31254960    2.08322440    2.44129605    2.45422539    2.96309616    2.97565669    2.33661904    2.22407430    2.38521088    2.37712552    2.28036853    2.54648117
Q6C5L1_YARLI/32-168     1.34753125    2.18707774    1.76378914    2.15900127    2.42172513    2.40326722    2.33872912    2.25412215    2.03655792    2.11777239    0.00000000    1.46375454    1.57569475    1.42340584    1.67583535    1.48911454    1.50950282    1.59324279    1.54138377    1.67032416    1.75932930    1.79415574    1.69618023    1.48847823    1.47158417    1.54331452    1.70401580    1.50917841    1.43893887    1.58648331    1.55698813    1.63548531    1.25675442    1.67013156    1.53064481    1.59369419    1.56521602    1.41876407    1.51644031    1.84091327    1.90159712    1.40174165    1.38479521    1.34736143    1.74784023    1.61844755    1.29566838    1.65229689    1.21600897
C4QXN9_KOMPG/22-167     1.45837720    2.72406204    1.51135429    2.39175584    2.54921749    2.60026217    2.65320912    2.57634899    1.99957324    1.95103973    1.46375454    0.00000000    1.37222843    1.20009463    1.23637757    1.07601006    1.24801277    1.30954070    1.33424072    1.19559058    1.34548720    1.50046919    1.29902512    1.42731164    1.40235646    1.48845912    1.63689313    1.19374145    1.22065277    1.32553105    1.18135127    1.15324359    1.75045975    1.89569748    1.59813018    1.74671331    1.82980886    1.92120772    1.94449436    2.18984840    2.08848915    1.48890135    1.58455707    1.37802710    1.80387392    1.76599090    1.30592693    1.86388300    1.37498950
A3LTU2_PICST/29-172     1.57021104    2.67394238    1.60294425    2.04826637    2.03150847    2.17040196    2.03581972    2.38066863    2.05439652    2.07145494    1.57569475    1.37222843    0.00000000    0.44500566    0.45037813    0.50869331    0.55893390    0.55137458    0.59889134    0.65228118    0.76649529    0.87894836    0.55773004    1.34027402    1.16211652    1.15266319    1.34717510    0.89764427    1.02769148    1.25912180    1.16780799    1.27867717    1.73861565    2.02409348    1.63904546    1.84971698    1.62127802    1.78239561    1.73415726    1.87055122    1.89415215    1.39036506    1.40070423    1.31750226    1.54663608    1.30482926    1.36280266    1.98600639    1.41745874
G8BAJ5_CANPC/35-200     1.85662008    2.70042736    1.87130589    2.03038891    2.23853125    2.43259825    2.31720251    2.80297687    2.29469806    2.35902618    1.42340584    1.20009463    0.44500566    0.00000000    0.31309400    0.52761260    0.54535769    0.62833511    0.77287214    0.70722221    0.86018195    1.01554916    0.63688895    1.34689864    1.30662890    1.30027282    1.39856889    0.89206673    0.96231608    1.29488142    1.27813522    1.47263503    1.89158342    1.93685465    1.72696284    2.09999256    2.05357623    2.17821514    1.96638148    2.03088027    2.20408128    1.77175692    1.74481146    1.61567451    1.76362359    1.82342145    1.71089526    2.25665918    1.64474232
A5DYY8_LODEL/46-173     1.74913002    3.05364831    1.82463430    2.17873867    2.40833786    2.52229841    2.40454696    2.61471983    2.35586630    2.43609731    1.67583535    1.23637757    0.45037813    0.31309400    0.00000000    0.46098822    0.46156054    0.38171809    0.64729800    0.63680716    0.78704723    0.72564163    0.57002656    1.17087378    1.05901047    1.08559545    1.38891690    0.91350765    0.93447326    1.26208552    1.26979474    1.23434448    1.79717978    1.88169570    1.64580283    1.96514735    1.91852325    2.00607103    1.78199752    2.21990900    2.20747808    1.47757828    1.40099307    1.34270359    1.82682571    1.69078579    1.38376983    2.03901901    1.49758593
C5M4V7_CANTT/24-171     1.66682400    2.37660981    1.58592244    2.18349199    2.23088410    2.35422698    2.19953446    2.45942973    2.07406847    2.11627615    1.48911454    1.07601006    0.50869331    0.52761260    0.46098822    0.00000000    0.39241793    0.39772555    0.71619662    0.68594899    0.86301181    1.00091867    0.64661854    1.11787203    1.29128978    1.24126513    1.38640301    0.91467017    0.94155227    1.31497047    1.09437710    1.15764629    1.74641191    1.70483881    1.58805919    1.87612081    1.83114683    1.83170489    1.77912708    1.81714415    1.89048071    1.48372961    1.53638878    1.54126292    1.82483883    1.68359655    1.49908315    2.02952441    1.54751233
M3IV89_CANMX/33-184     1.64620792    2.48003413    1.56548190    1.98882660    2.12923500    2.21564879    2.17411046    2.38733856    2.01702392    2.13351440    1.50950282    1.24801277    0.55893390    0.54535769    0.46156054    0.39241793    0.00000000    0.36940603    0.73663140    0.67892142    0.81742463    0.89524910    0.63139136    1.08758219    1.48096948    1.24606752    1.22133452    0.94095033    0.91376046    1.26412609    1.18756149    1.21803661    1.70770150    1.78894066    1.60918839    1.84379785    1.80574720    1.87519343    1.76186971    1.63971492    1.64887665    1.40088763    1.41180460    1.39745107    1.72173568    1.55898133    1.42373292    2.11417450    1.50177531
A0A1D8PID0_CANAL/37-197     1.53815262    2.40596492    1.50193828    1.89866989    1.92409205    2.01304469    1.89444804    2.33091483    2.03097814    2.08564828    1.59324279    1.30954070    0.55137458    0.62833511    0.38171809    0.39772555    0.36940603    0.00000000    0.69935630    0.67510807    0.89521753    0.94151751    0.62687922    1.29150455    1.40885172    1.42282110    1.36319578    0.91076080    0.99939301    1.20024873    1.33463179    1.37232056    1.56759781    1.60890269    1.59300515    1.84986669    1.83320159    1.77273688    1.71952472    1.75061531    1.73938613    1.36208823    1.30873730    1.35008780    1.68757153    1.49236397    1.38265089    1.98371054    1.47307890
A5DEU3_PICGU/25-184     1.77703692    2.51044879    1.52059663    2.05769837    2.34140514    2.59849749    2.40207314    2.57633033    2.36771679    2.39208845    1.54138377    1.33424072    0.59889134    0.77287214    0.64729800    0.71619662    0.73663140    0.69935630    0.00000000    0.52683021    0.78803921    0.99300706    0.64787248    1.22141669    1.34424042    1.23260628    1.42002158    0.91377278    1.06234160    1.24294129    1.36282300    1.48034190    1.63077893    1.94195791    1.80507056    2.07572072    1.88366777    2.07293936    1.84297356    2.23323847    2.30784953    1.73015904    1.77455615    1.44766476    2.04907524    1.91269316    1.56474774    2.23258775    1.52477840
C4XX36_CLAL4/27-169     1.59832628    2.63962535    1.68552586    2.16153310    2.56848335    2.63941881    2.46870600    2.68664940    2.51156429    2.51407724    1.67032416    1.19559058    0.65228118    0.70722221    0.63680716    0.68594899    0.67892142    0.67510807    0.52683021    0.00000000    0.67700814    0.96501925    0.67606870    1.17847131    1.26460666    1.27938466    1.36176819    0.86542863    1.19611809    1.08846614    1.33375973    1.30780274    1.87082222    1.88113488    1.84603282    1.92653908    1.84440504    1.87127188    1.82742511    1.92033338    2.02317895    1.50907426    1.58932522    1.46703344    1.74435983    1.52712412    1.57497917    2.06424793    1.54497719
G3B1W1_CANTC/29-192     1.86734939    2.44256277    1.51911968    2.01829288    2.24352276    2.41134622    2.24086475    2.51317941    2.24464072    2.30053795    1.75932930    1.34548720    0.76649529    0.86018195    0.78704723    0.86301181    0.81742463    0.89521753    0.78803921    0.67700814    0.00000000    1.01972535    0.73995320    1.19901639    1.22209979    1.14694077    1.33081846    0.90004103    1.02438218    1.12107519    1.35415269    1.32006230    1.74444903    1.84927505    1.76895690    1.95943425    2.05076203    2.15813767    1.89449165    2.19899738    2.17593074    1.59459552    1.57301987    1.47927936    1.98779314    1.79612462    1.58791841    2.24378412    1.80037603
G8YPV5_PICSO/20-174     1.86942243    2.52731206    1.63242010    2.05068329    2.18553656    2.41935909    2.31777229    2.50908383    2.16846124    2.25830956    1.79415574    1.50046919    0.87894836    1.01554916    0.72564163    1.00091867    0.89524910    0.94151751    0.99300706    0.96501925    1.01972535    0.00000000    0.78623205    1.20674240    1.28365341    1.39828300    1.38489857    1.03525417    1.10924217    1.31184012    1.51489671    1.43618682    1.76086229    1.99768132    1.77213422    1.94491116    1.83343483    1.91599275    1.91465665    1.87206283    1.87653897    1.57557496    1.59817525    1.47050547    1.67126290    1.60440629    1.64687582    2.02081734    1.63445335
Q6BWA3_DEBHA/23-173     1.62925189    2.46803174    1.56146871    2.10426082    2.27899633    2.32847550    2.28864808    2.64510681    2.18339184    2.28915438    1.69618023    1.29902512    0.55773004    0.63688895    0.57002656    0.64661854    0.63139136    0.62687922    0.64787248    0.67606870    0.73995320    0.78623205    0.00000000    1.24823669    1.31367931    1.44927145    1.42958974    1.05331878    1.10411067    1.33347496    1.30756817    1.31017940    1.49179264    1.71177466    1.66480230    1.80729957    1.71002317    1.74590955    1.64733911    1.83368441    1.90869433    1.48690668    1.33975611    1.34519454    1.71584667    1.45374355    1.39059765    2.02051411    1.48012763
K0KJK4_WICCF/30-158     1.76491544    1.87512969    1.78400834    2.25073618    2.57814614    2.51828454    2.49375631    2.50299774    2.56892832    2.57959545    1.48847823    1.42731164    1.34027402    1.34689864    1.17087378    1.11787203    1.08758219    1.29150455    1.22141669    1.17847131    1.19901639    1.20674240    1.24823669    0.00000000    1.19762302    1.33114282    1.18546860    0.91806987    0.89290022    1.10156367    1.44139923    1.48802970    1.80197855    2.01559641    1.77449337    1.84741963    2.01582480    1.74676645    1.68730848    1.67147635    1.82331983    1.52094147    1.56248169    1.73196417    1.76248438    1.63304958    1.66274134    1.75868833    1.52692541
Q6CMV3_KLULA/43-169     2.26305362    2.89110841    2.18602247    2.38768205    2.58216145    2.68418563    2.53696099    3.07767549    2.36801349    2.44691159    1.47158417    1.40235646    1.16211652    1.30662890    1.05901047    1.29128978    1.48096948    1.40885172    1.34424042    1.26460666    1.22209979    1.28365341    1.31367931    1.19762302    0.00000000    1.01253477    1.27474124    1.16335387    1.09322254    1.41823733    1.45779748    1.43379973    2.25234959    2.80869695    2.03588851    2.44187345    2.42297837    2.66719108    2.08172108    2.57120155    2.56851126    2.08202056    2.11656147    2.05158523    2.70709291    2.17088861    2.07032877    2.17682783    2.08329388
G0VK30_NAUCC/47-183     1.92837475    2.86891129    1.97657950    2.31678909    2.77093558    2.83351098    2.76157831    2.63174750    2.64937127    2.79003962    1.54331452    1.48845912    1.15266319    1.30027282    1.08559545    1.24126513    1.24606752    1.42282110    1.23260628    1.27938466    1.14694077    1.39828300    1.44927145    1.33114282    1.01253477    0.00000000    0.84210598    0.60986719    0.52899493    1.27962783    1.20465647    1.27182211    1.59899359    2.04813328    1.75687833    2.04121475    1.92879933    1.91621597    1.71469174    1.96495076    2.02681598    1.73085928    1.74796719    1.66462182    2.13838516    1.66136979    1.71636267    1.88182773    1.76587637
A7TEJ2_VANPO/34-153     2.02750967    2.96276023    1.88329878    2.53785956    2.69158200    2.55357991    2.65291592    3.07110599    2.50785383    2.64615224    1.70401580    1.63689313    1.34717510    1.39856889    1.38891690    1.38640301    1.22133452    1.36319578    1.42002158    1.36176819    1.33081846    1.38489857    1.42958974    1.18546860    1.27474124    0.84210598    0.00000000    0.81581094    0.88976919    1.22172112    1.46902489    1.49140080    1.91465185    2.63686595    2.12280543    2.32599760    2.33829479    2.63090036    2.26031025    2.52694075    2.55252472    1.75668075    1.93952644    1.89870606    2.44149540    2.11861141    2.04685644    2.50249126    1.99231010
Q6FIZ4_CANGA/31-140     1.66709783    2.50499112    1.90444291    2.27101506    2.60050898    2.31020642    2.53539942    2.53613424    2.56791473    2.57368932    1.50917841    1.19374145    0.89764427    0.89206673    0.91350765    0.91467017    0.94095033    0.91076080    0.91377278    0.86542863    0.90004103    1.03525417    1.05331878    0.91806987    1.16335387    0.60986719    0.81581094    0.00000000    0.66323740    1.05183964    1.09694480    1.08805902    1.28455345    1.64652815    1.42620840    1.44377227    1.56534962    1.81608437    1.74586293    1.77715800    1.94772925    1.62841811    1.76831804    1.50753541    1.68719664    1.59759540    1.57813690    1.75984303    1.59524253
G8BWX4_TETPH/42-164     1.96407349    2.54809627    2.10257879    2.46817576    2.67856706    2.69878383    2.50298471    2.94083661    2.80697332    2.89626305    1.43893887    1.22065277    1.02769148    0.96231608    0.93447326    0.94155227    0.91376046    0.99939301    1.06234160    1.19611809    1.02438218    1.10924217    1.10411067    0.89290022    1.09322254    0.52899493    0.88976919    0.66323740    0.00000000    1.19591840    1.21392906    1.30814534    1.63206442    1.99430588    1.79795892    1.86795382    1.96067436    1.91380015    1.78957730    1.80748642    1.95553598    1.80219013    1.83825293    1.64248683    1.94479851    1.67707309    1.82844571    2.06308609    1.65207794
C5DND6_LACTC/24-148     1.66279620    2.10933890    1.74189489    1.97247119    2.58524024    2.41015650    2.48378731    2.28666274    2.51840993    2.49265370    1.58648331    1.32553105    1.25912180    1.29488142    1.26208552    1.31497047    1.26412609    1.20024873    1.24294129    1.08846614    1.12107519    1.31184012    1.33347496    1.10156367    1.41823733    1.27962783    1.22172112    1.05183964    1.19591840    0.00000000    0.93532518    0.83027907    1.67920038    2.10307159    1.85514225    1.79486907    1.82455914    1.66925683    1.61448051    1.95332588    1.81583436    1.42681880    1.48581244    1.54420004    1.80771768    1.94073667    1.57326620    1.69630713    1.52546551
Q757K6_ASHGO/24-149     1.75452178    2.41178003    1.66022863    2.40811887    2.63798758    2.26766207    2.39109056    2.26648626    2.32733697    2.30794628    1.55698813    1.18135127    1.16780799    1.27813522    1.26979474    1.09437710    1.18756149    1.33463179    1.36282300    1.33375973    1.35415269    1.51489671    1.30756817    1.44139923    1.45779748    1.20465647    1.46902489    1.09694480    1.21392906    0.93532518    0.00000000    0.53018829    1.85909678    2.16063578    1.80815555    1.79884661    1.71543249    1.78630271    1.63546838    1.66860709    1.60866454    1.32381808    1.42787228    1.53982470    1.76890164    1.82900662    1.52623036    1.62810885    1.49096767
I6NDC2_ERECY/43-172     1.68081160    2.36205225    1.70470338    2.44549459    2.70164449    2.46129776    2.51541976    2.12214703    2.35446257    2.43110063    1.63548531    1.15324359    1.27867717    1.47263503    1.23434448    1.15764629    1.21803661    1.37232056    1.48034190    1.30780274    1.32006230    1.43618682    1.31017940    1.48802970    1.43379973    1.27182211    1.49140080    1.08805902    1.30814534    0.83027907    0.53018829    0.00000000    1.72470471    2.11501648    1.70355451    1.89422052    1.72737441    1.87211089    1.75468025    1.86689569    1.67022970    1.39661973    1.48754395    1.39305311    1.94037036    1.88693378    1.31372423    1.70143413    1.36886806
G4MTV2_MAGO7/40-163     0.89728951    1.67542211    1.94952178    2.12813536    2.25904042    2.20040772    2.35248428    2.30219756    2.23093364    2.27376497    1.25675442    1.75045975    1.73861565    1.89158342    1.79717978    1.74641191    1.70770150    1.56759781    1.63077893    1.87082222    1.74444903    1.76086229    1.49179264    1.80197855    2.25234959    1.59899359    1.91465185    1.28455345    1.63206442    1.67920038    1.85909678    1.72470471    0.00000000    1.01128094    1.06955207    1.14741778    1.15286840    1.45792547    1.65542580    1.07679660    1.16702555    1.08693850    1.10537654    0.75071468    1.08828286    1.10253920    0.76348165    1.55976263    0.84317829
S3BU14_OPHP1/41-184     1.18414805    1.94993657    2.04193396    2.14707487    2.47871004    2.52178568    2.67737353    2.40361960    2.47863264    2.39216140    1.67013156    1.89569748    2.02409348    1.93685465    1.88169570    1.70483881    1.78894066    1.60890269    1.94195791    1.88113488    1.84927505    1.99768132    1.71177466    2.01559641    2.80869695    2.04813328    2.63686595    1.64652815    1.99430588    2.10307159    2.16063578    2.11501648    1.01128094    0.00000000    0.84361785    1.27538853    1.26995701    1.52987362    1.44430166    1.57374050    1.55649967    1.20833977    1.19445275    1.26554635    1.25955533    1.38653594    0.94125363    1.66383544    1.03516288
U7PSU9_SPOS1/39-162     0.97064884    2.21591576    2.00793932    2.13414360    2.26228158    2.01689604    2.03039393    2.32644586    2.38924856    2.38576638    1.53064481    1.59813018    1.63904546    1.72696284    1.64580283    1.58805919    1.60918839    1.59300515    1.80507056    1.84603282    1.76895690    1.77213422    1.66480230    1.77449337    2.03588851    1.75687833    2.12280543    1.42620840    1.79795892    1.85514225    1.80815555    1.70355451    1.06955207    0.84361785    0.00000000    1.22397445    1.29014409    1.40691183    1.62300831    1.41415936    1.45698286    1.18896632    1.14902561    0.99749232    1.19713120    1.23483105    0.94014751    1.56177757    1.01898733
K1X614_MARBU/45-169     1.26095099    2.12999498    2.45865094    2.78587639    2.82397425    2.75175049    2.87427956    2.75513161    2.44539169    2.38040944    1.59369419    1.74671331    1.84971698    2.09999256    1.96514735    1.87612081    1.84379785    1.84986669    2.07572072    1.92653908    1.95943425    1.94491116    1.80729957    1.84741963    2.44187345    2.04121475    2.32599760    1.44377227    1.86795382    1.79486907    1.79884661    1.89422052    1.14741778    1.27538853    1.22397445    0.00000000    0.71886058    1.10300693    1.56201689    1.36990864    1.35241299    1.00781638    0.98736607    1.04476790    1.38250795    1.53963624    0.96458339    1.55677050    1.02467507
S3CZV4_GLAL2/35-165     1.06725377    2.08413194    2.11542015    2.50981271    2.49821108    2.23598474    2.28235612    2.43409741    2.42440702    2.36290866    1.56521602    1.82980886    1.62127802    2.05357623    1.91852325    1.83114683    1.80574720    1.83320159    1.88366777    1.84440504    2.05076203    1.83343483    1.71002317    2.01582480    2.42297837    1.92879933    2.33829479    1.56534962    1.96067436    1.82455914    1.71543249    1.72737441    1.15286840    1.26995701    1.29014409    0.71886058    0.00000000    0.80523851    1.25305022    1.13848337    1.14528627    0.95023363    1.01414124    1.22217442    1.42056261    1.34387304    1.00923485    1.44792144    0.93614390
L8GAS6_PSED2/36-179     1.36552571    1.96633019    2.11126431    2.48773096    2.43422800    2.47259708    2.40719841    2.31841663    2.35581934    2.31254960    1.41876407    1.92120772    1.78239561    2.17821514    2.00607103    1.83170489    1.87519343    1.77273688    2.07293936    1.87127188    2.15813767    1.91599275    1.74590955    1.74676645    2.66719108    1.91621597    2.63090036    1.81608437    1.91380015    1.66925683    1.78630271    1.87211089    1.45792547    1.52987362    1.40691183    1.10300693    0.80523851    0.00000000    1.31630745    0.95102507    1.06315170    1.56918217    1.48716155    1.52243013    1.13013456    1.25535381    1.27106199    1.55562250    1.28336618
N1PIM1_DOTSN/25-149     1.25329163    1.96133886    1.75157696    1.91103432    2.06449071    1.99428270    1.99058430    2.15447833    2.13153273    2.08322440    1.51644031    1.94449436    1.73415726    1.96638148    1.78199752    1.77912708    1.76186971    1.71952472    1.84297356    1.82742511    1.89449165    1.91465665    1.64733911    1.68730848    2.08172108    1.71469174    2.26031025    1.74586293    1.78957730    1.61448051    1.63546838    1.75468025    1.65542580    1.44430166    1.62300831    1.56201689    1.25305022    1.31630745    0.00000000    0.95127252    0.99029457    1.23495561    1.08117551    1.32746450    1.35983145    1.36661679    1.10298415    1.34522678    1.13723775
C5GTC7_AJEDR/27-148     1.25568566    1.77963192    2.07629791    2.10022038    2.38533600    2.18460517    2.26165714    2.40341626    2.40338819    2.44129605    1.84091327    2.18984840    1.87055122    2.03088027    2.21990900    1.81714415    1.63971492    1.75061531    2.23323847    1.92033338    2.19899738    1.87206283    1.83368441    1.67147635    2.57120155    1.96495076    2.52694075    1.77715800    1.80748642    1.95332588    1.66860709    1.86689569    1.07679660    1.57374050    1.41415936    1.36990864    1.13848337    0.95102507    0.95127252    0.00000000    0.20834885    1.28894228    1.12315184    1.10159350    1.22183780    1.07708748    1.03951925    1.22823074    1.08224344
C0NSE4_AJECG/27-148     1.16990336    2.04242865    2.11487384    2.63879942    2.44240924    2.36505771    2.42898130    2.46478690    2.41955912    2.45422539    1.90159712    2.08848915    1.89415215    2.20408128    2.20747808    1.89048071    1.64887665    1.73938613    2.30784953    2.02317895    2.17593074    1.87653897    1.90869433    1.82331983    2.56851126    2.02681598    2.55252472    1.94772925    1.95553598    1.81583436    1.60866454    1.67022970    1.16702555    1.55649967    1.45698286    1.35241299    1.14528627    1.06315170    0.99029457    0.20834885    0.00000000    1.27691912    1.19157300    1.20084056    1.16482441    1.08092098    1.03520222    1.29490476    1.07512483
G9NDE8_HYPVG/36-182     1.01111341    1.85325425    2.56571616    2.92390320    3.27273526    3.05361086    3.08672848    3.06555407    2.88609835    2.96309616    1.40174165    1.48890135    1.39036506    1.77175692    1.47757828    1.48372961    1.40088763    1.36208823    1.73015904    1.50907426    1.59459552    1.57557496    1.48690668    1.52094147    2.08202056    1.73085928    1.75668075    1.62841811    1.80219013    1.42681880    1.32381808    1.39661973    1.08693850    1.20833977    1.18896632    1.00781638    0.95023363    1.56918217    1.23495561    1.28894228    1.27691912    0.00000000    0.23469370    0.86954664    0.98147343    1.09577364    0.76389882    1.44719638    0.87363960
G9P8E3_HYPAI/36-178     1.05869165    1.82824018    2.44167064    2.61572478    3.09335881    2.90311669    2.90106763    3.07470396    2.98595719    2.97565669    1.38479521    1.58455707    1.40070423    1.74481146    1.40099307    1.53638878    1.41180460    1.30873730    1.77455615    1.58932522    1.57301987    1.59817525    1.33975611    1.56248169    2.11656147    1.74796719    1.93952644    1.76831804    1.83825293    1.48581244    1.42787228    1.48754395    1.10537654    1.19445275    1.14902561    0.98736607    1.01414124    1.48716155    1.08117551    1.12315184    1.19157300    0.23469370    0.00000000    0.85258618    1.09657889    1.13221932    0.69961609    1.37318187    0.86794651
C7YQ48_FUSV7/37-167     1.03882018    1.64601810    1.92163971    2.52227001    2.18082403    2.15541656    2.18785545    2.57846984    2.38020253    2.33661904    1.34736143    1.37802710    1.31750226    1.61567451    1.34270359    1.54126292    1.39745107    1.35008780    1.44766476    1.46703344    1.47927936    1.47050547    1.34519454    1.73196417    2.05158523    1.66462182    1.89870606    1.50753541    1.64248683    1.54420004    1.53982470    1.39305311    0.75071468    1.26554635    0.99749232    1.04476790    1.22217442    1.52243013    1.32746450    1.10159350    1.20084056    0.86954664    0.85258618    0.00000000    0.93123422    0.92644269    0.82466405    1.22436505    0.76994702
B2A915_PODAN/37-166     1.10767473    1.79388000    2.00734828    2.23020007    2.27843173    2.06524248    2.27245113    2.37481808    2.19507338    2.22407430    1.74784023    1.80387392    1.54663608    1.76362359    1.82682571    1.82483883    1.72173568    1.68757153    2.04907524    1.74435983    1.98779314    1.67126290    1.71584667    1.76248438    2.70709291    2.13838516    2.44149540    1.68719664    1.94479851    1.80771768    1.76890164    1.94037036    1.08828286    1.25955533    1.19713120    1.38250795    1.42056261    1.13013456    1.35983145    1.22183780    1.16482441    0.98147343    1.09657889    0.93123422    0.00000000    0.45766232    0.95148546    1.65836185    0.99607079
G2Q3N0_MYCTT/41-159     1.30140799    2.00885287    2.04927846    2.17111539    2.32068318    2.10591031    2.22778330    2.47492316    2.34106754    2.38521088    1.61844755    1.76599090    1.30482926    1.82342145    1.69078579    1.68359655    1.55898133    1.49236397    1.91269316    1.52712412    1.79612462    1.60440629    1.45374355    1.63304958    2.17088861    1.66136979    2.11861141    1.59759540    1.67707309    1.94073667    1.82900662    1.88693378    1.10253920    1.38653594    1.23483105    1.53963624    1.34387304    1.25535381    1.36661679    1.07708748    1.08092098    1.09577364    1.13221932    0.92644269    0.45766232    0.00000000    1.10009889    1.56724543    0.99234980
E9E8F0_METAQ/43-173     0.80665401    1.61827732    1.98172403    2.20854858    2.22943183    2.20989161    2.20339263    2.17003785    2.30736790    2.37712552    1.29566838    1.30592693    1.36280266    1.71089526    1.38376983    1.49908315    1.42373292    1.38265089    1.56474774    1.57497917    1.58791841    1.64687582    1.39059765    1.66274134    2.07032877    1.71636267    2.04685644    1.57813690    1.82844571    1.57326620    1.52623036    1.31372423    0.76348165    0.94125363    0.94014751    0.96458339    1.00923485    1.27106199    1.10298415    1.03951925    1.03520222    0.76389882    0.69961609    0.82466405    0.95148546    1.10009889    0.00000000    1.10404241    0.46496899
K2RSR5_MACPH/29-167     1.24157162    1.76123606    1.69239888    2.45382145    2.69521624    2.37428609    2.37486875    2.37702912    2.37763129    2.28036853    1.65229689    1.86388300    1.98600639    2.25665918    2.03901901    2.02952441    2.11417450    1.98371054    2.23258775    2.06424793    2.24378412    2.02081734    2.02051411    1.75868833    2.17682783    1.88182773    2.50249126    1.75984303    2.06308609    1.69630713    1.62810885    1.70143413    1.55976263    1.66383544    1.56177757    1.55677050    1.44792144    1.55562250    1.34522678    1.22823074    1.29490476    1.44719638    1.37318187    1.22436505    1.65836185    1.56724543    1.10404241    0.00000000    0.95391044
M1WI66_CLAP2/36-173     0.92983616    1.65562646    1.85515455    2.27170244    2.47474231    2.57818850    2.60700842    2.30591649    2.41773725    2.54648117    1.21600897    1.37498950    1.41745874    1.64474232    1.49758593    1.54751233    1.50177531    1.47307890    1.52477840    1.54497719    1.80037603    1.63445335    1.48012763    1.52692541    2.08329388    1.76587637    1.99231010    1.59524253    1.65207794    1.52546551    1.49096767    1.36886806    0.84317829    1.03516288    1.01898733    1.02467507    0.93614390    1.28336618    1.13723775    1.08224344    1.07512483    0.87363960    0.86794651    0.76994702    0.99607079    0.99234980    0.46496899    0.95391044    0.00000000

