47
C5GJF7_AJEDR/50-186     0.00000000    0.96403435    0.92615785    0.87804997    0.94394650    0.91873512    0.92744747    0.97218581    1.11120731    1.29148193    1.51177545    1.63975314    1.75295489    1.83331753    1.69716710    1.65098586    1.58000207    1.47132134    1.57918729    1.35771086    1.47964879    1.41500556    1.37617201    2.39067457    2.37404231    2.40849315    1.87792495    1.74310324    1.71376730    1.86534813    1.63484802    1.48188422    1.76957525    1.61661703    1.61961194    1.53434448    1.78074493    1.73246366    2.24838364    2.08626131    1.56303439    2.40746779    2.00480333    2.24031918    1.91271275    1.89070734    1.59227117
B2WFG1_PYRTR/13-144     0.96403435    0.00000000    0.97980418    1.06936978    0.76760766    1.03287912    0.88103017    1.05443102    1.07323756    1.02460406    1.87549435    1.74356841    1.97861598    1.96676993    1.67239662    1.79725315    1.51700011    1.70551292    1.89022259    1.55981531    1.68587199    1.75670461    1.82854398    2.53547097    2.31898965    2.16524446    1.83056836    2.02246285    1.78404270    1.99476299    1.93997450    1.59976767    2.12162845    2.00137718    1.78776072    1.79972812    2.07695901    1.92435545    2.01372639    1.95578698    2.27306306    2.81267374    2.09754457    1.94063225    1.94622424    1.97656823    1.56096610
B6Q5X7_TALMQ/9-128     0.92615785    0.97980418    0.00000000    0.98957497    0.75243379    0.94759751    0.89675142    0.95686661    0.94894163    1.25295576    1.76866449    2.01227968    1.99905881    1.92970466    1.87210453    1.71310058    1.83159482    1.71497110    1.80681290    1.64739376    1.88470417    1.89522377    1.73822967    1.98626654    1.97364574    2.00788344    1.88769677    1.93115941    1.59050122    1.72838845    1.54797513    1.72960703    1.83020358    1.86976405    1.78997829    1.68740349    1.85788543    1.61776075    2.41002450    2.08268000    1.91008004    2.58916472    2.23789208    2.09707480    2.14131395    1.92213113    1.53854789
B6HJD8_PENRW/10-130     0.87804997    1.06936978    0.98957497    0.00000000    0.70540486    0.89829274    0.76022567    0.67968012    1.17745624    1.08645229    1.41196917    1.82599217    1.93032801    1.86683078    1.87394033    1.67003474    1.69284651    1.54105340    1.50859198    1.34964598    1.58673189    1.60601835    1.58408831    2.16058503    2.12097734    2.14558176    2.13487578    2.07912668    1.64604130    1.89867293    1.90597441    1.67841275    1.89969189    1.69688238    1.56698129    1.62772493    1.86839985    1.69709729    2.44414254    2.35090198    1.82929350    2.39268570    1.81511290    2.16092212    2.14174373    2.01632147    1.95310286
A1CB48_ASPCL/5-124     0.94394650    0.76760766    0.75243379    0.70540486    0.00000000    0.44626535    0.44246761    0.54379712    0.85131739    0.88689553    1.36304487    1.77729092    1.71078111    1.80607289    1.64574331    1.48806005    1.66767818    1.60612306    1.63971277    1.38410059    1.68544487    1.62468079    1.65711175    2.02067662    1.74854067    1.85398524    1.72308962    1.74041348    1.54060427    1.75743449    1.78704953    1.63443537    1.76881224    1.66051435    1.48890668    1.69622598    1.72350421    1.66003894    2.18074582    1.90192346    1.77959920    2.50623731    2.41407766    2.16542433    1.92547043    2.10020967    1.69446603
Q4WV65_ASPFU/5-123     0.91873512    1.03287912    0.94759751    0.89829274    0.44626535    0.00000000    0.60122708    0.72514429    0.84845968    0.90195894    1.47817664    1.73836858    1.74152388    1.72718640    1.71972758    1.57963845    1.73820389    1.64346712    1.47588889    1.20610377    1.58316991    1.45868911    1.43955587    2.34677367    2.25489159    2.03872014    1.86781099    1.67805240    1.55301352    1.73568069    1.64849869    1.48934327    1.75110705    1.74732660    1.46595606    1.80134955    1.76318311    1.67065181    2.43733921    2.18463940    1.83459409    2.83806152    2.36806711    2.46360958    2.01942785    2.09520952    1.74993880
B8NG46_ASPFN/4-123     0.92744747    0.88103017    0.89675142    0.76022567    0.44246761    0.60122708    0.00000000    0.44932809    0.67424960    0.72294105    1.41949961    1.51319855    1.59491220    1.55513967    1.67581927    1.25052084    1.51376471    1.60708881    1.48189200    1.29156416    1.61621718    1.50253389    1.47629863    2.14085981    2.04780641    1.71960787    1.52951078    1.66966670    1.51373737    1.66756404    1.75805427    1.61271635    1.77449605    1.58034699    1.18242945    1.40888941    1.63270112    1.65234192    2.23073800    2.13904748    1.96443014    2.57774776    1.99804088    1.86101751    1.76529455    1.75890369    1.54536243
Q0CF78_ASPTN/4-123     0.97218581    1.05443102    0.95686661    0.67968012    0.54379712    0.72514429    0.44932809    0.00000000    0.76434032    0.94254039    1.31948085    1.71666913    1.73541936    1.70016652    1.85865250    1.52466163    1.61082434    1.57666822    1.53559007    1.19064658    1.63457216    1.52758986    1.53738689    2.15404300    2.00690125    1.83000812    1.53804243    1.94497097    1.58453880    1.75311084    1.85963166    1.78632981    1.82679886    1.61611280    1.46353628    1.57658110    1.77892380    1.71193980    2.35487369    2.05877886    1.69398133    2.43756217    1.82488416    1.90131847    1.76135392    1.57308684    1.42555700
A2R2Y1_ASPNC/5-126     1.11120731    1.07323756    0.94894163    1.17745624    0.85131739    0.84845968    0.67424960    0.76434032    0.00000000    1.01956545    1.88419329    1.93603364    1.98376292    1.88707411    2.00947271    1.54634666    1.74547475    1.87435979    1.70642355    1.22383847    1.63095608    1.50075464    1.45154149    2.42926484    2.37900206    1.72791767    1.78049434    1.87935087    1.59202899    1.92821950    1.81450988    1.85660502    2.17284996    1.77557183    1.75421927    1.62518989    1.70413620    1.94041359    2.39483135    1.92194628    1.83352972    3.17532332    2.60298722    2.44761372    2.30399681    2.20304176    1.62288058
C8VUU9_EMENI/6-124     1.29148193    1.02460406    1.25295576    1.08645229    0.88689553    0.90195894    0.72294105    0.94254039    1.01956545    0.00000000    1.57374801    1.58166928    1.49918675    1.49785938    1.73479866    1.48891836    1.45556767    1.64139677    1.60912292    1.36246599    1.54326582    1.39636764    1.24991755    2.06423299    2.32302861    2.00453637    1.57440040    1.77436831    1.37071734    1.47625460    1.60464091    1.60205050    1.81113144    1.70839216    1.35612987    1.49614816    1.47659203    1.60046372    2.09297835    1.96658254    1.84458625    2.59338064    1.88446928    2.35537247    2.07246529    1.71690744    1.52975898
Q6CFS1_YARLI/4-100     1.51177545    1.87549435    1.76866449    1.41196917    1.36304487    1.47817664    1.41949961    1.31948085    1.88419329    1.57374801    0.00000000    1.42365995    1.24822307    1.36222512    1.49988958    1.35145400    1.19912462    1.14181459    1.15239024    1.18176151    1.16242954    0.97352265    1.25134517    2.07015078    2.20854565    2.03508868    1.71440837    1.51582171    1.52071975    1.58454168    1.81164474    1.71429483    1.80181074    2.00086594    1.89808307    2.34977285    2.32821800    1.69983162    2.06576911    1.83146543    2.02602798    2.62997201    2.05408807    1.88331645    1.69875977    1.61720169    1.76931625
C5DNW1_ZYGRC/22-121     1.63975314    1.74356841    2.01227968    1.82599217    1.77729092    1.73836858    1.51319855    1.71666913    1.93603364    1.58166928    1.42365995    0.00000000    0.44461155    0.42872349    0.58647951    0.63469732    0.58426775    1.14325854    0.91422606    1.07923876    0.93896043    0.99665402    1.08031745    1.91015391    2.23818793    1.73588941    1.51864844    1.48639713    1.41451997    1.47138740    1.39981443    1.40107148    1.47960006    1.60039560    1.40368370    1.64009904    1.64790433    1.54714119    1.67762726    1.59364499    1.88689476    2.42412972    1.70758725    1.98392139    1.89283715    1.95616872    2.28827340
A7TLR9_VANPO/6-109     1.75295489    1.97861598    1.99905881    1.93032801    1.71078111    1.74152388    1.59491220    1.73541936    1.98376292    1.49918675    1.24822307    0.44461155    0.00000000    0.45557351    0.55534451    0.61936496    0.51309499    1.01044493    0.86003751    1.02331151    0.87248699    0.95790000    0.93955188    2.03003266    1.99993222    1.92005328    1.54610446    1.51944695    1.31233425    1.27570450    1.43176536    1.38969785    1.47432106    1.48583576    1.23401625    1.47870293    1.44020519    1.53650248    1.58144112    1.41204070    1.91447573    2.47174693    1.60816641    1.92313746    1.84085493    1.78454738    2.05172791
YG1B_YEAST/5-114     1.83331753    1.96676993    1.92970466    1.86683078    1.80607289    1.72718640    1.55513967    1.70016652    1.88707411    1.49785938    1.36222512    0.42872349    0.45557351    0.00000000    0.47656950    0.62157554    0.45942230    0.93554449    0.88981911    1.05875896    0.93571209    0.98554167    0.89189910    2.18274352    2.23994111    1.84201498    1.51760363    1.59834181    1.30778713    1.27114225    1.38285002    1.30943129    1.45205492    1.45863931    1.29868566    1.36807977    1.33513535    1.44091566    1.72729849    1.64947843    1.87650722    2.50647743    1.72671557    2.19130951    1.93915998    1.85638924    2.14623778
Q6FW04_CANGA/7-110     1.69716710    1.67239662    1.87210453    1.87394033    1.64574331    1.71972758    1.67581927    1.85865250    2.00947271    1.73479866    1.49988958    0.58647951    0.55534451    0.47656950    0.00000000    0.65141904    0.59542168    0.90151197    1.00187926    1.18449323    0.93833620    1.08878955    0.91452502    2.01965221    2.13450917    1.99686478    1.61619745    1.36831121    1.36993665    1.33167910    1.29283630    1.25824956    1.43024035    1.45385430    1.39904637    1.53631798    1.51271372    1.54703574    1.62068711    1.52606059    1.87226743    2.45959785    2.05971517    2.03149406    2.06331150    2.14135580    2.41216546
Q750K0_ASHGO/5-108     1.65098586    1.79725315    1.71310058    1.67003474    1.48806005    1.57963845    1.25052084    1.52466163    1.54634666    1.48891836    1.35145400    0.63469732    0.61936496    0.62157554    0.65141904    0.00000000    0.47428548    1.01591113    1.14275278    1.19028878    1.04299501    1.15249931    1.10299766    2.01517357    1.91890823    1.72559175    1.60845902    1.56820036    1.26490347    1.41529476    1.42496515    1.45626602    1.55489227    1.52522117    1.41998752    1.61385058    1.55130573    1.52060736    1.61791212    1.59958752    2.09490624    2.48011520    1.77551020    1.60576655    1.93767369    2.01778604    2.11302126
C5E2Z2_LACTC/5-105     1.58000207    1.51700011    1.83159482    1.69284651    1.66767818    1.73820389    1.51376471    1.61082434    1.74547475    1.45556767    1.19912462    0.58426775    0.51309499    0.45942230    0.59542168    0.47428548    0.00000000    0.99559850    1.00856747    0.98611812    0.91066526    1.03278063    0.99592616    1.99334348    2.10610651    1.80698465    1.40254927    1.62880426    1.40022621    1.34941957    1.43817859    1.43164653    1.55806375    1.47259776    1.42344506    1.53878996    1.51942729    1.53555592    1.74750718    1.60764001    1.99680574    2.44011337    1.54091755    2.05397347    1.80713294    1.96051430    2.07520489
C4R8L2_KOMPG/6-103     1.47132134    1.70551292    1.71497110    1.54105340    1.60612306    1.64346712    1.60708881    1.57666822    1.87435979    1.64139677    1.14181459    1.14325854    1.01044493    0.93554449    0.90151197    1.01591113    0.99559850    0.00000000    0.67624427    0.81309314    0.77560353    0.80127464    0.67169615    2.38227500    1.87107156    1.61792300    1.94840824    1.58541401    1.29736988    1.41753518    1.48869117    1.57827164    1.54365206    1.66297356    1.73555715    1.73408573    1.63052662    1.63446422    1.72858154    1.62472886    1.50025492    2.29351709    1.94962567    1.56915948    1.73040017    1.70204470    1.81553415
Q6BTR4_DEBHA/7-108     1.57918729    1.89022259    1.80681290    1.50859198    1.63971277    1.47588889    1.48189200    1.53559007    1.70642355    1.60912292    1.15239024    0.91422606    0.86003751    0.88981911    1.00187926    1.14275278    1.00856747    0.67624427    0.00000000    0.56142110    0.49370804    0.58307876    0.40522779    2.41057652    1.91592919    1.75649086    1.96453151    1.50322265    1.33141823    1.56194755    1.43803484    1.51868575    1.63865978    1.71997432    1.69311928    1.62451205    1.69028216    1.82206782    1.76862248    1.55332139    1.50701668    2.31998088    1.99319506    1.74006649    1.87450791    1.70641422    1.56978254
A5E6H0_LODEL/7-109     1.35771086    1.55981531    1.64739376    1.34964598    1.38410059    1.20610377    1.29156416    1.19064658    1.22383847    1.36246599    1.18176151    1.07923876    1.02331151    1.05875896    1.18449323    1.19028878    0.98611812    0.81309314    0.56142110    0.00000000    0.50136042    0.58801844    0.46264246    2.22405972    1.98584768    1.69807737    1.85729851    1.57103954    1.45780119    1.63193333    1.53900723    1.49239147    1.65224247    1.61242222    1.64424097    1.58937471    1.44487475    1.88154497    2.00675392    1.66171604    1.84107212    2.12866693    1.80686347    1.76196387    1.77009312    1.89187278    1.69973003
A3LSL6_PICST/7-109     1.47964879    1.68587199    1.88470417    1.58673189    1.68544487    1.58316991    1.61621718    1.63457216    1.63095608    1.54326582    1.16242954    0.93896043    0.87248699    0.93571209    0.93833620    1.04299501    0.91066526    0.77560353    0.49370804    0.50136042    0.00000000    0.48282395    0.37546746    2.19405703    2.22599200    1.86461213    2.09688134    1.27725089    1.36532580    1.28305092    1.30204239    1.13233490    1.27486347    1.41520841    1.56193461    1.60699484    1.32127858    1.42098826    1.77186914    1.61676874    1.82788320    2.56005937    1.99085857    1.94433834    1.72239858    1.83660108    1.65234634
A5DKQ8_PICGU/7-108     1.41500556    1.75670461    1.89522377    1.60601835    1.62468079    1.45868911    1.50253389    1.52758986    1.50075464    1.39636764    0.97352265    0.99665402    0.95790000    0.98554167    1.08878955    1.15249931    1.03278063    0.80127464    0.58307876    0.58801844    0.48282395    0.00000000    0.54901177    2.04018413    1.85776050    1.95357815    2.11800086    1.50951404    1.44349550    1.75529122    1.52049614    1.45115034    1.57363688    1.58002278    1.57101015    1.61631505    1.40692704    1.59332332    2.00593366    1.66848270    1.57829135    2.61808544    1.95639597    2.05140785    1.58838571    1.60384337    1.48980563
C4XYS4_CLAL4/6-107     1.37617201    1.82854398    1.73822967    1.58408831    1.65711175    1.43955587    1.47629863    1.53738689    1.45154149    1.24991755    1.25134517    1.08031745    0.93955188    0.89189910    0.91452502    1.10299766    0.99592616    0.67169615    0.40522779    0.46264246    0.37546746    0.54901177    0.00000000    2.33648234    2.13387402    1.81506920    2.23747857    1.35997424    1.38975928    1.35690929    1.29510413    1.30055984    1.44732224    1.40425238    1.55733942    1.36529850    1.24752231    1.55474833    1.80643896    1.53488507    1.51272198    2.30699259    2.11794675    1.91623875    2.06469952    1.79128395    1.68225258
YGK3_SCHPO/2-124     2.39067457    2.53547097    1.98626654    2.16058503    2.02067662    2.34677367    2.14085981    2.15404300    2.42926484    2.06423299    2.07015078    1.91015391    2.03003266    2.18274352    2.01965221    2.01517357    1.99334348    2.38227500    2.41057652    2.22405972    2.19405703    2.04018413    2.33648234    0.00000000    0.93797054    2.40153462    1.93977720    1.51776250    1.62093342    1.39904493    1.48154557    1.50369927    1.59783605    1.73518119    1.49422966    1.72946929    1.59154649    1.42106969    1.97163464    1.81627752    2.06074339    2.46836112    2.31144721    2.39298590    2.07253535    1.87911435    2.37867602
B6JWD3_SCHJY/29-150     2.37404231    2.31898965    1.97364574    2.12097734    1.74854067    2.25489159    2.04780641    2.00690125    2.37900206    2.32302861    2.20854565    2.23818793    1.99993222    2.23994111    2.13450917    1.91890823    2.10610651    1.87107156    1.91592919    1.98584768    2.22599200    1.85776050    2.13387402    0.93797054    0.00000000    2.54245481    2.20308644    1.80858530    1.68427133    1.81109018    1.90106657    1.99349183    2.02023460    2.13700655    1.96100103    2.21271301    2.06326886    1.89215047    2.11147824    1.85866791    2.00102096    2.42611947    2.51789258    2.50404299    2.01716009    1.82832664    2.38560117
B8C4T8_THAPS/36-167     2.40849315    2.16524446    2.00788344    2.14558176    1.85398524    2.03872014    1.71960787    1.83000812    1.72791767    2.00453637    2.03508868    1.73588941    1.92005328    1.84201498    1.99686478    1.72559175    1.80698465    1.61792300    1.75649086    1.69807737    1.86461213    1.95357815    1.81506920    2.40153462    2.54245481    0.00000000    0.72495669    1.39080157    1.17380514    1.19608931    1.26737282    1.21821365    1.31513522    1.36357827    1.41503107    1.34495620    1.16275963    1.10986567    1.67708692    1.26435521    1.49924724    2.73407924    2.15978347    2.18632832    1.63057436    1.73633325    1.61172616
B7G2E7_PHATC/89-199     1.87792495    1.83056836    1.88769677    2.13487578    1.72308962    1.86781099    1.52951078    1.53804243    1.78049434    1.57440040    1.71440837    1.51864844    1.54610446    1.51760363    1.61619745    1.60845902    1.40254927    1.94840824    1.96453151    1.85729851    2.09688134    2.11800086    2.23747857    1.93977720    2.20308644    0.72495669    0.00000000    1.15329581    1.06122299    1.06463171    1.04726403    1.21829270    1.30719031    1.38019837    1.23177572    1.46142643    1.31292049    1.06847961    1.50253322    1.33662364    1.61730722    2.34925507    1.82123943    1.94361821    1.62052611    1.74056148    1.62867339
E0U903_GLOV7/5-99     1.74310324    2.02246285    1.93115941    2.07912668    1.74041348    1.67805240    1.66966670    1.94497097    1.87935087    1.77436831    1.51582171    1.48639713    1.51944695    1.59834181    1.36831121    1.56820036    1.62880426    1.58541401    1.50322265    1.57103954    1.27725089    1.50951404    1.35997424    1.51776250    1.80858530    1.39080157    1.15329581    0.00000000    0.49982709    0.55250836    0.50768656    0.56720935    0.56377099    0.95287549    0.79331589    1.13229517    0.97340743    0.68299160    1.03125562    0.96230105    1.12249459    2.53665367    1.99254648    1.47888807    1.40924255    1.59199673    1.64516099
B1WQ80_CROS5/5-99     1.71376730    1.78404270    1.59050122    1.64604130    1.54060427    1.55301352    1.51373737    1.58453880    1.59202899    1.37071734    1.52071975    1.41451997    1.31233425    1.30778713    1.36993665    1.26490347    1.40022621    1.29736988    1.33141823    1.45780119    1.36532580    1.44349550    1.38975928    1.62093342    1.68427133    1.17380514    1.06122299    0.49982709    0.00000000    0.51337948    0.53447462    0.54700603    0.56407827    0.93153160    0.71312818    0.94471617    0.80536946    0.62123166    0.95270883    0.89597262    1.12433477    2.28588758    1.64389476    1.40836384    1.60558677    1.62110494    1.46660295
B0C464_ACAM1/4-97     1.86534813    1.99476299    1.72838845    1.89867293    1.75743449    1.73568069    1.66756404    1.75311084    1.92821950    1.47625460    1.58454168    1.47138740    1.27570450    1.27114225    1.33167910    1.41529476    1.34941957    1.41753518    1.56194755    1.63193333    1.28305092    1.75529122    1.35690929    1.39904493    1.81109018    1.19608931    1.06463171    0.55250836    0.51337948    0.00000000    0.40857420    0.41677290    0.39500514    0.89083990    0.78430868    1.08107220    0.87629783    0.51134803    0.84749184    0.92113384    1.36452169    2.27479252    1.58231352    1.51291914    1.57120258    1.49331258    1.62720440
Q110A1_TRIEI/11-105     1.63484802    1.93997450    1.54797513    1.90597441    1.78704953    1.64849869    1.75805427    1.85963166    1.81450988    1.60464091    1.81164474    1.39981443    1.43176536    1.38285002    1.29283630    1.42496515    1.43817859    1.48869117    1.43803484    1.53900723    1.30204239    1.52049614    1.29510413    1.48154557    1.90106657    1.26737282    1.04726403    0.50768656    0.53447462    0.40857420    0.00000000    0.40128478    0.43799281    0.86833125    0.85703205    1.12087531    0.99708950    0.59073709    0.98073768    0.94738377    1.15515310    2.34408324    1.92206519    1.66969304    1.80789018    1.83585786    1.65922240
Q8YQ04_NOSS1/3-97     1.48188422    1.59976767    1.72960703    1.67841275    1.63443537    1.48934327    1.61271635    1.78632981    1.85660502    1.60205050    1.71429483    1.40107148    1.38969785    1.30943129    1.25824956    1.45626602    1.43164653    1.57827164    1.51868575    1.49239147    1.13233490    1.45115034    1.30055984    1.50369927    1.99349183    1.21821365    1.21829270    0.56720935    0.54700603    0.41677290    0.40128478    0.00000000    0.25707004    0.81107746    0.83453840    0.99985939    0.88556445    0.55873093    0.94806017    0.93539490    1.23480600    2.54246138    1.74914688    1.60209316    1.66796403    1.53898208    1.49900067
B2J933_NOSP7/3-97     1.76957525    2.12162845    1.83020358    1.89969189    1.76881224    1.75110705    1.77449605    1.82679886    2.17284996    1.81113144    1.80181074    1.47960006    1.47432106    1.45205492    1.43024035    1.55489227    1.55806375    1.54365206    1.63865978    1.65224247    1.27486347    1.57363688    1.44732224    1.59783605    2.02023460    1.31513522    1.30719031    0.56377099    0.56407827    0.39500514    0.43799281    0.25707004    0.00000000    0.79561738    0.90189069    1.08309432    0.98144335    0.51605954    1.04154263    0.99564554    1.01687643    2.68520728    1.84772129    1.62135402    1.74310276    1.62501098    1.55543734
A9SWS8_PHYPA/3-97     1.61661703    2.00137718    1.86976405    1.69688238    1.66051435    1.74732660    1.58034699    1.61611280    1.77557183    1.70839216    2.00086594    1.60039560    1.48583576    1.45863931    1.45385430    1.52522117    1.47259776    1.66297356    1.71997432    1.61242222    1.41520841    1.58002278    1.40425238    1.73518119    2.13700655    1.36357827    1.38019837    0.95287549    0.93153160    0.89083990    0.86833125    0.81107746    0.79561738    0.00000000    0.58812534    0.62103809    0.68651354    0.74391723    1.23246955    1.15057317    1.34035945    2.01748791    1.73817097    1.50112994    1.77147860    1.78552007    1.57544349
Q10SP1_ORYSJ/13-105     1.61961194    1.78776072    1.78997829    1.56698129    1.48890668    1.46595606    1.18242945    1.46353628    1.75421927    1.35612987    1.89808307    1.40368370    1.23401625    1.29868566    1.39904637    1.41998752    1.42344506    1.73555715    1.69311928    1.64424097    1.56193461    1.57101015    1.55733942    1.49422966    1.96100103    1.41503107    1.23177572    0.79331589    0.71312818    0.78430868    0.85703205    0.83453840    0.90189069    0.58812534    0.00000000    0.43925028    0.48664916    0.60871211    1.12111080    1.20247263    1.59250707    2.20603438    1.69481261    1.50819058    1.48698968    1.69311236    1.73168687
B9GR36_POPTR/28-122     1.53434448    1.79972812    1.68740349    1.62772493    1.69622598    1.80134955    1.40888941    1.57658110    1.62518989    1.49614816    2.34977285    1.64009904    1.47870293    1.36807977    1.53631798    1.61385058    1.53878996    1.73408573    1.62451205    1.58937471    1.60699484    1.61631505    1.36529850    1.72946929    2.21271301    1.34495620    1.46142643    1.13229517    0.94471617    1.08107220    1.12087531    0.99985939    1.08309432    0.62103809    0.43925028    0.00000000    0.26891747    0.92348155    1.43011964    1.41823111    1.65488852    2.14005356    1.84851974    1.31422274    1.65406045    1.52994659    1.46577616
PPOX2_ARATH/5-99     1.78074493    2.07695901    1.85788543    1.86839985    1.72350421    1.76318311    1.63270112    1.77892380    1.70413620    1.47659203    2.32821800    1.64790433    1.44020519    1.33513535    1.51271372    1.55130573    1.51942729    1.63052662    1.69028216    1.44487475    1.32127858    1.40692704    1.24752231    1.59154649    2.06326886    1.16275963    1.31292049    0.97340743    0.80536946    0.87629783    0.99708950    0.88556445    0.98144335    0.68651354    0.48664916    0.26891747    0.00000000    0.80720719    1.33812436    1.22078954    1.50911970    2.18786344    1.71352634    1.56275926    1.75875719    1.61879030    1.58796284
B8HVY3_CYAP4/3-97     1.73246366    1.92435545    1.61776075    1.69709729    1.66003894    1.67065181    1.65234192    1.71193980    1.94041359    1.60046372    1.69983162    1.54714119    1.53650248    1.44091566    1.54703574    1.52060736    1.53555592    1.63446422    1.82206782    1.88154497    1.42098826    1.59332332    1.55474833    1.42106969    1.89215047    1.10986567    1.06847961    0.68299160    0.62123166    0.51134803    0.59073709    0.55873093    0.51605954    0.74391723    0.60871211    0.92348155    0.80720719    0.00000000    1.03486080    0.97548581    1.17288286    2.45686406    1.61544381    1.45298762    1.48808565    1.54323401    1.45244124
A4S651_OSTLU/6-116     2.24838364    2.01372639    2.41002450    2.44414254    2.18074582    2.43733921    2.23073800    2.35487369    2.39483135    2.09297835    2.06576911    1.67762726    1.58144112    1.72729849    1.62068711    1.61791212    1.74750718    1.72858154    1.76862248    2.00675392    1.77186914    2.00593366    1.80643896    1.97163464    2.11147824    1.67708692    1.50253322    1.03125562    0.95270883    0.84749184    0.98073768    0.94806017    1.04154263    1.23246955    1.12111080    1.43011964    1.33812436    1.03486080    0.00000000    0.44736941    1.21805920    2.22149107    1.76724568    1.69558246    1.83919221    1.68823789    1.90033091
Q00XG4_OSTTA/7-116     2.08626131    1.95578698    2.08268000    2.35090198    1.90192346    2.18463940    2.13904748    2.05877886    1.92194628    1.96658254    1.83146543    1.59364499    1.41204070    1.64947843    1.52606059    1.59958752    1.60764001    1.62472886    1.55332139    1.66171604    1.61676874    1.66848270    1.53488507    1.81627752    1.85866791    1.26435521    1.33662364    0.96230105    0.89597262    0.92113384    0.94738377    0.93539490    0.99564554    1.15057317    1.20247263    1.41823111    1.22078954    0.97548581    0.44736941    0.00000000    1.14057753    1.82718518    1.45631349    1.78278549    1.66023373    1.44714890    1.59239759
A5GU48_SYNR3/21-112     1.56303439    2.27306306    1.91008004    1.82929350    1.77959920    1.83459409    1.96443014    1.69398133    1.83352972    1.84458625    2.02602798    1.88689476    1.91447573    1.87650722    1.87226743    2.09490624    1.99680574    1.50025492    1.50701668    1.84107212    1.82788320    1.57829135    1.51272198    2.06074339    2.00102096    1.49924724    1.61730722    1.12249459    1.12433477    1.36452169    1.15515310    1.23480600    1.01687643    1.34035945    1.59250707    1.65488852    1.50911970    1.17288286    1.21805920    1.14057753    0.00000000    2.28740499    2.08391125    2.05899569    1.97150521    1.77824746    1.80209583
Q2S2N5_SALRD/14-104     2.40746779    2.81267374    2.58916472    2.39268570    2.50623731    2.83806152    2.57774776    2.43756217    3.17532332    2.59338064    2.62997201    2.42412972    2.47174693    2.50647743    2.45959785    2.48011520    2.44011337    2.29351709    2.31998088    2.12866693    2.56005937    2.61808544    2.30699259    2.46836112    2.42611947    2.73407924    2.34925507    2.53665367    2.28588758    2.27479252    2.34408324    2.54246138    2.68520728    2.01748791    2.20603438    2.14005356    2.18786344    2.45686406    2.22149107    1.82718518    2.28740499    0.00000000    1.49682093    2.69223645    2.71439352    2.75492881    2.53156849
C0QEV4_DESAH/17-107     2.00480333    2.09754457    2.23789208    1.81511290    2.41407766    2.36806711    1.99804088    1.82488416    2.60298722    1.88446928    2.05408807    1.70758725    1.60816641    1.72671557    2.05971517    1.77551020    1.54091755    1.94962567    1.99319506    1.80686347    1.99085857    1.95639597    2.11794675    2.31144721    2.51789258    2.15978347    1.82123943    1.99254648    1.64389476    1.58231352    1.92206519    1.74914688    1.84772129    1.73817097    1.69481261    1.84851974    1.71352634    1.61544381    1.76724568    1.45631349    2.08391125    1.49682093    0.00000000    1.78960786    2.15037679    1.87105908    2.12568070
A0A0D1DXR9_USTMA/485-618     2.24031918    1.94063225    2.09707480    2.16092212    2.16542433    2.46360958    1.86101751    1.90131847    2.44761372    2.35537247    1.88331645    1.98392139    1.92313746    2.19130951    2.03149406    1.60576655    2.05397347    1.56915948    1.74006649    1.76196387    1.94433834    2.05140785    1.91623875    2.39298590    2.50404299    2.18632832    1.94361821    1.47888807    1.40836384    1.51291914    1.66969304    1.60209316    1.62135402    1.50112994    1.50819058    1.31422274    1.56275926    1.45298762    1.69558246    1.78278549    2.05899569    2.69223645    1.78960786    0.00000000    1.34433627    1.17322058    1.43976165
B8P1L9_POSPM/4-102     1.91271275    1.94622424    2.14131395    2.14174373    1.92547043    2.01942785    1.76529455    1.76135392    2.30399681    2.07246529    1.69875977    1.89283715    1.84085493    1.93915998    2.06331150    1.93767369    1.80713294    1.73040017    1.87450791    1.77009312    1.72239858    1.58838571    2.06469952    2.07253535    2.01716009    1.63057436    1.62052611    1.40924255    1.60558677    1.57120258    1.80789018    1.66796403    1.74310276    1.77147860    1.48698968    1.65406045    1.75875719    1.48808565    1.83919221    1.66023373    1.97150521    2.71439352    2.15037679    1.34433627    0.00000000    0.94082498    0.99876379
B0CNQ0_LACBS/3-100     1.89070734    1.97656823    1.92213113    2.01632147    2.10020967    2.09520952    1.75890369    1.57308684    2.20304176    1.71690744    1.61720169    1.95616872    1.78454738    1.85638924    2.14135580    2.01778604    1.96051430    1.70204470    1.70641422    1.89187278    1.83660108    1.60384337    1.79128395    1.87911435    1.82832664    1.73633325    1.74056148    1.59199673    1.62110494    1.49331258    1.83585786    1.53898208    1.62501098    1.78552007    1.69311236    1.52994659    1.61879030    1.54323401    1.68823789    1.44714890    1.77824746    2.75492881    1.87105908    1.17322058    0.94082498    0.00000000    0.56615397
A8N3D9_COPC7/6-111     1.59227117    1.56096610    1.53854789    1.95310286    1.69446603    1.74993880    1.54536243    1.42555700    1.62288058    1.52975898    1.76931625    2.28827340    2.05172791    2.14623778    2.41216546    2.11302126    2.07520489    1.81553415    1.56978254    1.69973003    1.65234634    1.48980563    1.68225258    2.37867602    2.38560117    1.61172616    1.62867339    1.64516099    1.46660295    1.62720440    1.65922240    1.49900067    1.55543734    1.57544349    1.73168687    1.46577616    1.58796284    1.45244124    1.90033091    1.59239759    1.80209583    2.53156849    2.12568070    1.43976165    0.99876379    0.56615397    0.00000000

