121
B8GIX4_METPE/410-591     0.00000000    0.70164171    1.13797050    1.12431069    0.99093738    1.07150997    0.93966268    1.10358753    1.09141109    1.04597332    1.14425185    1.11341509    1.14104307    1.07767526    1.43470475    1.47841458    1.48964419    1.53354553    1.64434165    1.48243042    1.42563324    1.39438815    1.46380261    1.57015468    1.48166259    1.42891482    1.49850798    1.55424105    1.47924023    1.35316612    1.58836561    1.54571165    1.37605187    1.12223785    1.34094059    1.49562480    1.42313090    1.85874303    1.85706674    1.74242553    2.86674367    3.38785684    3.58342444    3.48172174    3.27144750    3.17685914    3.32003944    3.58801688    1.76465857    1.17162958    2.15120623    1.83383903    1.88882526    2.04846599    2.88802911    2.18063403    2.28702147    1.96547965    2.55084631    2.49861624    2.32446650    2.06181035    2.02492180    2.16812124    1.49208821    1.33324535    1.93228178    1.85646560    1.55413795    1.82560994    1.91340531    1.38117934    1.40116633    1.90983966    1.99147065    1.81833570    1.68694248    1.63797951    1.73825345    1.71261996    1.67991597    1.88015522    1.73645186    1.64639274    1.69043690    1.81953325    1.58441061    1.39926377    1.46426502    1.58055838    1.69770419    1.73919127    1.53812617    1.52402835    1.78625127    1.82425894    1.46443840    1.67243014    1.49801337    1.57708561    1.47861640    1.36564132    1.44897082    1.37775044    1.14260208    1.04453365    1.13701466    1.11195318    1.06161011    1.34718791    1.10632278    1.12308333    1.12326927    1.34497872    1.42808189    1.16259208    1.18656446    1.17899726    0.98620610    1.04083309    1.07066523
Q2FPX6_METHJ/411-593     0.70164171    0.00000000    0.93662218    0.97505987    0.90030855    0.92164628    0.98665474    1.05080685    1.01166365    0.94013454    0.96578888    1.00393833    1.24971440    0.99800877    1.29159968    1.24803618    1.47497133    1.49239257    1.63119323    1.51938681    1.46291097    1.30671822    1.41975519    1.53076390    1.51691832    1.49062709    1.44528809    1.46375857    1.32096371    1.27849210    1.45505696    1.57243481    1.31478578    1.15949901    1.16183789    1.42457877    1.50548811    1.68081129    1.50826269    1.85743275    2.96996713    3.81186431    3.34214925    3.06879655    3.13725844    3.15647901    2.96456422    3.28290443    1.96337600    1.29884189    2.41211560    1.94775696    1.80594165    2.17321398    2.29777039    1.94194840    2.00854461    2.15672735    2.19297912    2.03357716    2.06413192    2.12253503    2.03169719    2.18865892    1.61882087    1.36513510    1.94962989    1.72555383    1.72751490    2.05117605    2.29795229    1.45745035    1.61749707    1.96410107    1.76266711    1.67942553    1.69206785    1.62502272    1.71603144    1.69940442    1.57997649    1.68304340    1.61064163    1.53033883    1.63280328    1.81024248    1.66053184    1.36109938    1.36117484    1.66278962    1.61539675    1.74928180    1.59608852    1.42137041    1.74000815    1.84771940    1.32692861    1.44332058    1.47921345    1.52479159    1.43768363    1.30548282    1.42109026    1.39277585    1.14702193    1.05572148    1.10327578    1.10515286    1.00947563    1.26580400    1.10709317    1.03540331    1.12031626    1.28212051    1.29517971    1.08740231    1.19088527    1.16006176    0.94873786    1.05780843    1.02888807
Q67KB0_SYMTH/427-616     1.13797050    0.93662218    0.00000000    0.73034390    0.76541480    0.86658177    0.61816373    0.72437292    0.69827756    0.69734367    0.75802187    0.84669971    1.11032802    0.86897521    1.23488757    1.16175534    1.41045630    1.34942359    1.42938215    1.43880774    1.18549850    1.21230390    1.26744407    1.42129364    1.51923868    1.52618856    1.47727236    1.44590604    1.17371383    0.99317808    1.39195018    1.47184203    1.20340808    1.35429308    1.41098203    1.57153613    1.67290734    1.98726436    1.60517218    1.96921427    3.53274986    3.52005474    3.50731363    3.50486845    3.32085713    3.06676065    3.30108494    3.34498323    2.14535623    1.65009449    2.59498134    1.66625091    1.49198322    1.93687077    2.59054311    1.96801837    2.00210460    2.55720601    2.31521118    2.14331523    2.29874077    2.26031129    2.21217481    2.24536082    1.42476655    0.94168142    2.11889094    1.47404485    1.86447221    1.59862427    2.05973850    1.33279531    1.60963901    1.39452099    1.47649377    1.39372575    1.43561449    1.34606198    1.42262021    1.47138779    1.43673634    1.28099677    1.60338090    1.54252967    1.65354531    1.67734132    1.48163009    1.32409222    1.05429424    1.14792662    1.54101922    1.39075172    1.39906343    1.34776851    1.38977107    1.88423436    1.29721134    1.32743934    1.28226626    1.39013176    1.32552631    0.99002490    1.18408239    1.18217233    1.04586444    0.82641882    0.85783532    0.87725076    0.81858103    1.30133642    0.78846231    0.94510921    0.92753289    1.00411936    1.12531518    0.95452686    1.06668057    0.90269090    0.92984447    0.85873863    0.84340598
A5I366_CLOBH/423-608     1.12431069    0.97505987    0.73034390    0.00000000    0.65579400    0.65228575    0.82592787    0.79763054    0.92203513    0.79542959    0.84186966    0.93486375    1.06765020    0.96686426    1.38975175    1.30046658    1.34841769    1.40792375    1.63271204    1.61704836    1.35367057    1.43493280    1.47969829    1.47397472    1.62608587    1.67593540    1.62030727    1.47178401    1.17287583    1.17579343    1.12199409    1.51406391    1.14633321    1.20248018    1.17801274    1.62725228    1.64153127    1.74908002    1.67074993    1.76286721    3.03894756    3.68867035    3.68020529    3.45190286    2.97893951    2.69642572    2.97091311    3.03158293    2.32331935    1.76415378    2.83588975    1.92656515    1.70450767    1.91003024    2.70309969    2.13095219    2.16606557    2.45183711    2.35785792    2.18114342    2.35772335    2.22044534    2.09839805    1.98524007    1.62631476    1.33754907    2.49697220    1.96140533    1.93422374    1.93905948    2.12921150    1.53221416    1.70965933    1.69159403    1.66256480    1.88668837    1.54998582    1.46892254    1.62571032    1.80300732    1.80567159    1.58641604    1.70071565    1.61273559    1.78309221    1.73383627    1.63045644    1.21285318    1.30514012    1.34667838    1.41883952    1.40789697    1.32878658    1.45357884    1.48833123    1.97543983    1.28972428    1.29061204    1.20699125    1.31572904    1.38262474    1.28553288    1.34494646    1.33228670    1.03759164    1.06276379    0.98874006    1.03545246    0.90212170    1.31017731    1.00216515    0.99988742    0.93201712    0.95858404    1.01719289    0.77845000    1.06827413    1.05160379    0.87983518    0.80943972    0.85098527
A6TSY9_ALKMQ/425-616     0.99093738    0.90030855    0.76541480    0.65579400    0.00000000    0.43220902    0.81915736    0.67419569    0.73259609    0.79969445    0.89968391    0.93818444    0.99702034    0.94265977    1.33759068    1.19092036    1.28266251    1.25663722    1.50798670    1.41468111    1.28945128    1.28550745    1.37141454    1.29801376    1.55014332    1.56403090    1.55095357    1.69655099    1.18608634    1.08839206    1.23173467    1.41319877    1.23398628    1.20231819    1.14205662    1.77970665    1.66749486    2.04103438    1.67569171    1.91877547    3.19715351    3.70253671    3.21866116    3.62436172    3.48620711    2.66805803    2.97258029    2.97757372    2.00674480    1.51745639    2.47994847    1.65425212    1.69027091    2.04494621    2.32679968    1.90037341    2.05993224    2.33332554    2.61507507    2.38437682    2.05428531    2.16018241    2.11746872    2.23435110    1.50899668    1.10782249    1.99572835    1.61437430    1.94668177    1.88803428    2.07902246    1.39719546    1.56257307    1.56159492    1.51315698    1.71649050    1.37340788    1.28046173    1.48122936    1.50925649    1.49324015    1.37045074    1.50880568    1.51373885    1.62088424    1.50287063    1.43797118    1.22975541    1.22120604    1.32442345    1.31103978    1.41992283    1.37329103    1.36951024    1.37651472    1.93320764    1.34807616    1.45152099    1.49369946    1.41016830    1.43480697    1.26480689    1.35559767    1.34105001    0.94045799    0.91543358    0.91994209    0.92451669    0.89624298    1.29310986    0.80390230    0.87243025    0.92794408    0.89118671    1.12208220    0.81286166    0.93933797    0.90554777    0.80754506    0.85701314    0.86386566
A8MF52_ALKOO/424-615     1.07150997    0.92164628    0.86658177    0.65228575    0.43220902    0.00000000    0.84268444    0.79798676    0.86957371    0.87422668    0.89068103    0.97600627    0.96969554    0.98202902    1.40528862    1.25043155    1.20215183    1.35688017    1.52649587    1.44652795    1.30541415    1.42441790    1.35763137    1.38652789    1.57241916    1.56977089    1.59566753    1.68620623    1.21441096    1.19486145    1.29063810    1.60995479    1.19008799    1.09646317    1.06743665    1.69925362    1.61858881    1.79177416    1.61969283    1.72130123    2.96957568    3.65406432    3.08176414    3.42355986    3.09082224    2.81962163    2.98015793    2.92505874    2.25419133    1.45932994    2.45225227    1.86392434    1.80347412    2.05630227    2.45169701    1.88842257    1.94596932    2.27247595    2.44208272    2.14403790    2.17719122    2.42919852    2.13107815    2.26237078    1.59293907    1.21940558    2.19943498    1.71735484    1.87172802    1.89022784    1.98631160    1.36050092    1.56622240    1.60112964    1.59236952    1.85199081    1.41941239    1.36939654    1.42256174    1.52442993    1.41653171    1.44922196    1.64410986    1.39158332    1.44852306    1.43367520    1.46792844    1.22622158    1.32852706    1.18463300    1.33109157    1.41499408    1.27557141    1.27239292    1.39662029    2.08000256    1.34140817    1.40337408    1.41221419    1.30318177    1.37245605    1.28271807    1.34033062    1.38810857    0.97430693    0.93416706    0.88411185    0.92623061    0.90068088    1.26278239    0.82581854    0.89664501    0.86915610    0.92065542    1.14452058    0.75550607    0.97439328    0.91215149    0.85338991    0.95361012    0.77090739
B1I5T9_DESAP/422-613     0.93966268    0.98665474    0.61816373    0.82592787    0.81915736    0.84268444    0.00000000    0.42646904    0.48997690    0.59813183    0.68629866    0.57950128    0.83799928    0.72150732    1.06400659    1.28117928    1.25758498    1.32638577    1.33471114    1.32096795    1.29490397    1.40765990    1.31104564    1.39826171    1.40624779    1.38390438    1.32531677    1.55555576    1.10398032    1.00848047    1.13859048    1.30903749    1.11550167    1.23902470    1.25052414    1.42503988    1.44989518    1.97511108    1.39580719    1.79255318    3.08822631    3.31632875    3.46532202    3.19655200    2.98073666    2.81710065    2.86683743    3.05415436    1.94770306    1.66231322    2.57030253    1.70866584    1.52977026    1.64029446    2.25982777    1.80199599    1.96340060    2.17360645    2.42777086    2.27385580    1.76321535    1.94740666    1.88632262    1.92231564    1.33385032    0.85304832    1.83493822    1.39835851    1.62892311    1.78949682    1.96922448    1.21385368    1.27736255    1.20755721    1.28291688    1.46184914    1.22403714    1.37560400    1.34809580    1.35693380    1.34277988    1.40151269    1.42677951    1.42242543    1.49571003    1.52262063    1.41148674    1.10031626    0.95171629    1.12932325    1.32899612    1.26859039    1.22109038    0.99101239    1.09301076    1.49671072    1.14317129    1.18198721    1.13251699    1.14373286    1.16336156    1.00516237    1.06536635    1.01666475    0.87301185    0.75051894    0.68022102    0.78163807    0.74729442    1.28201214    0.84288542    0.84568071    0.67932880    1.05088405    1.13076308    0.73488267    0.80386270    0.76631690    0.84589767    0.67158007    0.70921197
A4J8H9_DESRM/425-616     1.10358753    1.05080685    0.72437292    0.79763054    0.67419569    0.79798676    0.42646904    0.00000000    0.39781808    0.59384140    0.64883954    0.69016172    0.83931431    0.73103358    1.05439538    1.18513668    1.34975254    1.33612173    1.40856016    1.37147956    1.35336548    1.23230227    1.18334531    1.43517204    1.48591647    1.54885625    1.50143785    1.57662822    1.19735778    0.99566324    1.20616107    1.31756470    1.05379682    1.24772990    1.29948165    1.64324180    1.41845414    2.02150376    1.37735286    1.79766855    2.95002150    3.28640537    3.36793224    3.56200680    3.36779953    2.77497561    2.89457538    3.04662853    2.13845344    1.70220955    2.62132457    1.65638111    1.61736993    1.71733470    2.61984988    1.94733184    2.21087055    2.33465593    2.39695665    2.36056307    1.64859721    1.92446862    1.76793771    1.94470442    1.28106083    0.89906771    2.06930421    1.52301987    1.86334477    1.83588338    2.02577822    1.30354365    1.43695891    1.24758153    1.23687755    1.57786704    1.20807896    1.33173349    1.38652789    1.40885346    1.37243975    1.21049365    1.41052621    1.30209947    1.39401979    1.38642188    1.33582144    1.15558081    0.98216924    1.23587280    1.16201133    1.27757441    1.27581920    1.12209351    1.25679918    1.67897630    1.17763234    1.20611213    1.15486022    1.07070549    1.14301590    1.05634179    1.08556736    1.09662171    0.81871487    0.77195013    0.68386814    0.73899198    0.74149818    1.30328248    0.83950586    0.79187891    0.72215396    1.01796774    1.24705728    0.68914020    0.71382165    0.71016199    0.66727724    0.62544439    0.59431260
A5CYY3_PELTS/423-614     1.09141109    1.01166365    0.69827756    0.92203513    0.73259609    0.86957371    0.48997690    0.39781808    0.00000000    0.56160593    0.62360388    0.68492038    0.91220433    0.81396925    1.18829960    1.35967803    1.45382896    1.35960754    1.38543550    1.45384548    1.28002261    1.19086065    1.35255566    1.41299905    1.48753176    1.39691264    1.37363749    1.41187949    0.98104306    0.96512791    1.28154706    1.25048618    0.99989396    1.34225018    1.27292973    1.49778018    1.51423046    2.07432506    1.47816913    1.99509512    3.06048977    3.44098514    3.53003044    3.56542332    3.15445171    3.03464222    3.27354879    3.44526317    1.80567414    1.71894649    2.87392088    1.71277785    1.65600781    1.88488928    2.43762906    1.88752616    2.03581798    2.30193485    2.62183383    2.37936657    1.88917832    2.09355174    2.03996043    2.09693024    1.52633653    0.87850489    1.96545821    1.53461138    1.81511751    1.73063385    2.02110211    1.46972507    1.59456121    1.42578813    1.41922310    1.46677713    1.38655312    1.42858130    1.44937087    1.49708402    1.42941905    1.32241430    1.46922304    1.36333645    1.49281617    1.50759021    1.34187346    1.25139510    1.03032331    1.32537791    1.34404925    1.34791585    1.37120819    1.26369565    1.41678506    1.67321872    1.30159111    1.21209155    1.19957767    1.12592208    1.02139644    1.14675277    1.16614391    1.15423065    0.82661159    0.74889988    0.75555879    0.77110457    0.84192519    1.39004684    0.76973414    0.81157438    0.67952804    0.93193931    1.19763722    0.76863247    0.79857089    0.76405365    0.76194156    0.72058117    0.73800447
B2A5V0_NATTJ/426-617     1.04597332    0.94013454    0.69734367    0.79542959    0.79969445    0.87422668    0.59813183    0.59384140    0.56160593    0.00000000    0.58405088    0.67165396    1.04367087    0.79226268    1.13376476    1.23409074    1.24925977    1.32150486    1.41995912    1.47506226    1.29052089    1.14809622    1.16863896    1.29136224    1.46850778    1.58171526    1.52204808    1.53896965    1.15567577    0.99077356    1.26341477    1.48670582    1.11484577    1.18461934    1.20858614    1.54844707    1.68675575    1.90316212    1.38240520    1.81809542    3.29442079    3.32746881    3.26133492    3.10136503    3.06635950    2.92393240    2.92803331    3.23484610    2.31417304    1.79813140    2.61626145    1.60598152    1.63281040    1.80770554    2.38025483    1.92880766    2.04816438    2.23578350    2.36297253    2.24828078    1.93172185    2.06833355    2.02667711    2.08103081    1.22245178    0.93220349    2.10069017    1.41938644    1.81846566    1.87110246    1.92057401    1.31518341    1.39500825    1.53379767    1.37584719    1.55375541    1.42434666    1.43609736    1.68995339    1.39919304    1.53214576    1.41820661    1.69786934    1.44287183    1.45666734    1.58351448    1.53805430    1.24070372    1.15639587    1.09739536    1.25045621    1.26688921    1.12988572    1.18288768    1.26504894    1.68329810    1.20280093    1.18255898    1.14435461    1.05138048    1.17951319    1.13244972    1.21836593    1.20250053    0.86854762    0.73248348    0.79374835    0.79725108    0.79031016    1.38564660    0.87569402    0.83287427    0.83454158    1.00321041    1.10399003    0.74058206    0.96939362    0.87857629    0.76548221    0.71632525    0.74336298
B5YFR5_THEYD/425-616     1.14425185    0.96578888    0.75802187    0.84186966    0.89968391    0.89068103    0.68629866    0.64883954    0.62360388    0.58405088    0.00000000    0.83583977    0.98752230    0.88598065    1.02189412    1.27691198    1.29295722    1.31396727    1.47336512    1.56354656    1.25843330    1.04614343    1.40893729    1.31015008    1.49863707    1.51817581    1.57061741    1.55157937    1.20578455    0.99918544    1.23562530    1.49257495    1.15353807    1.16084587    1.13390161    1.52513985    1.52350258    1.87529743    1.52578491    1.78778851    3.15536929    3.63872497    3.42695936    3.26548443    3.25732616    2.96365254    2.94051883    3.18467614    2.28217978    1.71985102    2.78392882    1.99296614    1.95244226    2.12037441    2.70022634    2.29265274    2.35818627    2.41666108    2.56029055    2.58846807    2.05575225    2.05081855    2.07089856    2.11963487    1.48389563    1.07928585    2.15774495    1.79475673    1.96837086    2.04661509    2.43286518    1.38979361    1.45798820    1.66397533    1.54900806    1.59507041    1.47782004    1.42124128    1.67227140    1.51700580    1.51115128    1.39766317    1.66639836    1.41535199    1.57067448    1.61225529    1.38588762    1.11544158    1.02270681    1.18564801    1.31413862    1.27894156    1.15140977    1.18548449    1.30837806    1.69814609    1.23157198    1.20512821    1.05405574    0.99299961    1.09979585    1.02031446    1.20130467    1.01618916    0.86665762    0.84012639    0.81004729    0.83742487    0.78102068    1.25719636    0.81560557    1.01484857    0.83121083    0.96983557    1.25532617    0.78130006    0.98054999    0.91635526    0.77346438    0.71663555    0.77101302
Q2LT85_SYNAS/461-650     1.11341509    1.00393833    0.84669971    0.93486375    0.93818444    0.97600627    0.57950128    0.69016172    0.68492038    0.67165396    0.83583977    0.00000000    0.78351464    0.77429880    1.11953751    1.25213782    1.46020141    1.32077695    1.29090453    1.32897014    1.29009605    1.27567822    1.27451207    1.52182058    1.55516085    1.57275050    1.49887991    1.58457130    1.27973024    1.18026282    1.27059201    1.38785228    1.19376499    1.43377093    1.43140917    1.79165296    1.69655331    2.24383900    1.61332360    2.03670798    3.24829606    3.92190217    3.74083984    3.55655569    3.50796177    3.06163421    3.03081988    3.10430276    2.38687643    1.72140248    3.05476805    1.65600709    1.68678815    1.71449498    2.65673739    2.04074782    2.19609180    2.42376048    2.37931253    2.23113882    1.82860362    2.31764836    1.99543223    1.93185636    1.26930080    0.87842003    2.04056729    1.58610228    1.72906583    1.85624411    2.29816109    1.36425214    1.35266834    1.34932502    1.51057231    1.64420252    1.30330979    1.36595577    1.46423944    1.25236384    1.35425418    1.34070601    1.58826122    1.52009926    1.56599981    1.64148691    1.33432556    1.33381778    1.08954499    1.22294999    1.32313474    1.37159812    1.28830453    1.17592035    1.27730370    1.62235733    1.16155818    1.23041258    1.23932849    1.06304268    1.23911899    1.07545660    1.10033183    1.10390637    0.84693231    0.74510132    0.78718495    0.79086506    0.87152592    1.32844857    0.88238959    0.87869460    0.82954915    0.88099383    1.00347980    0.90916186    1.01720860    0.80218641    0.79259122    0.71108779    0.74395900
D2PS78_KRIFD/426-617     1.14104307    1.24971440    1.11032802    1.06765020    0.99702034    0.96969554    0.83799928    0.83931431    0.91220433    1.04367087    0.98752230    0.78351464    0.00000000    0.98410998    1.26911309    1.26628501    1.47434519    1.32971882    1.36538989    1.25393691    1.32771343    1.31442349    1.42550183    1.55651641    1.49581582    1.56428856    1.49785915    1.54213674    1.36028781    1.32304154    1.42763627    1.72644106    1.10565531    1.48884337    1.59601399    1.70884464    1.78656212    1.90364125    1.69412222    1.80951188    3.00327778    3.71516701    3.38943985    3.25009817    3.45094167    3.07227941    3.28057862    3.50706350    1.72852470    1.76908967    2.53018192    1.87246478    1.83783109    1.82099982    2.79709828    2.07296219    2.19953195    2.28758745    2.62944799    2.47713786    2.22981501    2.41074853    2.11555531    1.96235966    1.62556389    1.02499204    1.96115536    1.83018435    1.88578336    1.73787530    1.84702640    1.44568048    1.53937361    1.58003887    1.73110865    1.65999534    1.28370606    1.34447267    1.34384620    1.50962930    1.45884481    1.32106208    1.41710321    1.35108577    1.48930408    1.39312288    1.40722650    1.32623503    1.31907077    1.26262461    1.44179361    1.61367734    1.42392602    1.31556647    1.40623832    1.89570118    1.45060298    1.42047462    1.46146101    1.23714111    1.35191987    1.32565222    1.36148637    1.42234928    0.99314482    0.88056192    0.88014935    0.99506530    0.96413838    1.29736089    1.03893805    1.17759869    0.97703273    1.18691024    1.26896732    1.00932895    1.03007640    0.91205185    0.97925821    0.89454332    0.97087152
B8J1R1_DESDA/430-620     1.07767526    0.99800877    0.86897521    0.96686426    0.94265977    0.98202902    0.72150732    0.73103358    0.81396925    0.79226268    0.88598065    0.77429880    0.98410998    0.00000000    1.15048252    1.26892468    1.42869749    1.29043935    1.33206355    1.33242081    1.38899968    1.25634589    1.31239754    1.45770568    1.55684090    1.57773205    1.52133546    1.52214450    1.37855296    1.15865918    1.39261694    1.51183105    1.13015754    1.58960246    1.66303989    1.61935609    1.64865911    2.05543913    1.48639385    1.81026685    3.06294418    3.38949342    3.70292387    3.20673861    3.44241988    3.23359436    3.05859865    3.26795801    2.00997989    1.70102267    2.46924492    1.73836657    1.72042531    1.64052563    2.39610793    1.87381642    2.03782917    2.25958810    2.53419490    2.28208928    1.92546477    2.30067020    2.00853557    1.96322083    1.25266583    1.09005402    2.08527787    1.69486899    1.85141194    1.55538890    1.88085675    1.40295217    1.52296732    1.45086225    1.63814818    1.37976708    1.33157406    1.50994260    1.55115788    1.44412650    1.26651303    1.37153575    1.66901032    1.41729965    1.31705245    1.46068415    1.43377355    1.40463107    1.26956008    1.29884530    1.42897529    1.62701665    1.51807270    1.34248807    1.49130678    1.72437462    1.56898881    1.68549341    1.45289159    1.45751750    1.66665353    1.31137743    1.38696215    1.41650126    1.13565032    0.94415865    0.86438741    0.99913318    0.92780712    1.39663870    0.98474259    1.00735858    0.97433271    1.16410627    1.29504245    0.96233090    0.93641300    0.86052823    0.80396173    0.74379772    0.78305247
Q2LY92_SYNAS/87-278     1.43470475    1.29159968    1.23488757    1.38975175    1.33759068    1.40528862    1.06400659    1.05439538    1.18829960    1.13376476    1.02189412    1.11953751    1.26911309    1.15048252    0.00000000    1.26995854    1.34879599    1.29486018    1.43657063    1.40953823    1.31551263    1.20591744    1.26906583    1.65777989    1.92084009    1.91804822    1.97304559    1.93423049    1.55992095    1.26914389    1.53665884    1.48231450    1.48291582    1.61075731    1.51795044    1.79593393    1.73477732    2.07097046    1.68701446    1.90524548    3.31730672    4.01906376    3.80672926    3.48731720    3.76725630    2.83240051    2.90274204    2.93419191    2.16431627    2.03936296    2.81900720    1.74299541    1.88287964    1.99963054    2.56631970    2.12764905    2.19484719    1.93051941    1.98025870    2.06950744    2.00391010    2.29443153    2.35155481    2.28850969    1.46583273    1.32483990    2.39412532    2.09160725    2.31157771    2.28506173    2.39854603    1.61042149    1.57133561    1.56259549    1.66371619    1.73219835    1.62902308    1.66220623    1.70417424    1.73944454    1.71852119    1.55378056    1.60940423    1.73099304    1.71292505    1.79448648    1.67667257    1.50121318    1.35472094    1.32641999    1.61463216    1.49049952    1.49622754    1.43717729    1.41171721    1.91829783    1.42554445    1.41593117    1.48048905    1.45930403    1.36454559    1.41847734    1.34420149    1.36217784    1.31763403    1.05127885    1.12457682    1.13245781    1.21425262    1.66538400    1.22323708    1.33304742    1.25153739    1.35377109    1.61588250    1.46715395    1.36969092    1.24705885    1.19601591    1.30278320    1.19505813
B8FN78_DESAL/85-276     1.47841458    1.24803618    1.16175534    1.30046658    1.19092036    1.25043155    1.28117928    1.18513668    1.35967803    1.23409074    1.27691198    1.25213782    1.26628501    1.26892468    1.26995854    0.00000000    0.73886270    0.69163380    0.84448284    0.83922421    0.78470649    0.73510076    0.77078683    1.57342396    1.82347183    1.85816396    1.81230211    1.75076448    1.28246603    1.22459428    1.32554545    1.53906675    1.25664649    1.39806960    1.55743958    2.09401424    1.67995353    2.18402032    2.07290536    1.96559364    2.97545213    3.79783704    3.62565888    3.73800827    3.28760117    2.73814270    2.49967297    2.53104132    2.01727435    1.85608862    2.51422296    1.83713123    1.71003645    1.92307459    2.33229505    2.03728373    2.06254819    2.24144066    2.53437219    2.46313543    2.13452999    2.17884417    2.14739298    2.06208045    1.47879056    1.26468920    2.03069358    1.85410361    1.94012975    1.67174153    2.07517893    1.48941884    1.56257396    1.45216530    1.67612911    2.14395061    1.50509314    1.52098100    1.44176099    1.97067267    1.83644252    1.67148063    1.81926357    1.87864529    1.81259382    1.91626241    1.73009872    1.61003748    1.45367111    1.52357430    1.65120497    1.85051262    1.64121200    1.46047548    1.65476424    2.03522161    1.46144138    1.63675507    1.54639600    1.55604568    1.50713146    1.55011330    1.52546400    1.63846500    1.29058919    1.18406565    1.09215224    1.21932677    1.20779131    1.40720051    1.19500356    1.41611969    1.34785448    1.46495624    1.66937596    1.40020640    1.43164189    1.42272939    1.25750856    1.27694602    1.29000437
C0QHN8_DESAH/85-275     1.48964419    1.47497133    1.41045630    1.34841769    1.28266251    1.20215183    1.25758498    1.34975254    1.45382896    1.24925977    1.29295722    1.46020141    1.47434519    1.42869749    1.34879599    0.73886270    0.00000000    0.75287860    0.86522496    0.94327865    0.79246817    0.77584049    0.88462479    1.63061528    1.86837553    1.87117714    1.79967713    1.96185559    1.36361032    1.34929538    1.41359398    1.63961836    1.34363950    1.35213987    1.46914671    1.97375593    1.69189157    2.10683208    1.76316320    2.03465386    3.38930398    3.52418346    3.72407455    3.21877147    3.48618539    2.82793939    2.95299042    2.86756702    2.44855115    2.06100982    2.45875261    2.05435077    2.02698057    2.14059028    2.30976322    2.15350164    2.29961083    2.31556801    2.49199336    2.56193769    2.12570469    2.22995092    2.34846721    2.32068651    1.54300419    1.34678512    2.25154923    1.84404964    2.26384573    2.15876685    2.36844468    1.27987422    1.44773855    1.54814136    1.61908837    2.18476384    1.80998636    1.70429184    1.73495298    1.95137307    1.75416047    1.77941265    2.04519440    1.80846170    1.80763673    1.86881070    1.96158722    1.76849995    1.54819430    1.50321595    1.70080264    1.69790646    1.53432988    1.54700070    1.69543943    2.40571725    1.71896125    1.82691215    1.48754623    1.59009986    1.50014601    1.67590590    1.72918502    1.65795421    1.30616114    1.27931972    1.25439039    1.40163229    1.35435481    1.67399240    1.27517374    1.48693144    1.51289293    1.54722143    1.67897955    1.47983150    1.59267935    1.39166164    1.32154346    1.27638694    1.15672043
Q317H6_DESAG/85-275     1.53354553    1.49239257    1.34942359    1.40792375    1.25663722    1.35688017    1.32638577    1.33612173    1.35960754    1.32150486    1.31396727    1.32077695    1.32971882    1.29043935    1.29486018    0.69163380    0.75287860    0.00000000    0.61995646    0.59221216    0.57659451    0.55474079    0.70731662    1.59581570    2.15950887    2.02447950    1.91620362    1.79359719    1.46579909    1.40177988    1.60184740    1.94709506    1.60937957    1.65163495    1.62347828    2.08723245    1.90352585    2.60861938    2.14677800    2.03771712    3.59124006    4.00464506    3.32395904    3.30736497    3.58179228    2.95134410    3.00496937    3.15991260    2.19887699    1.96966367    2.88656860    1.73762773    1.52464284    1.87099246    2.33797434    2.01504356    1.96411603    2.38179204    2.71746484    2.54294627    2.25221704    2.25088125    2.20536032    2.20251821    1.42062796    1.28637877    2.39599462    1.98481123    2.35049428    2.10755036    2.63433119    1.59991886    1.64050563    1.65776648    1.90707565    2.26462484    1.68998021    1.75964011    1.73288243    1.98602438    1.90561702    1.84952581    1.90713572    2.04806834    1.91102127    2.04728938    1.86880707    1.68487634    1.61163245    1.75576799    1.78465413    1.82615158    1.99959499    1.66106610    1.92081350    2.15176792    1.81937006    1.92498414    1.81748667    1.79182626    1.72210268    1.78283809    1.70257237    2.03200025    1.36201148    1.24283474    1.16203544    1.29200107    1.22667815    1.44163198    1.38810698    1.49523958    1.38786534    1.52143010    1.88493876    1.41943600    1.59412052    1.30519046    1.25731488    1.26456803    1.45171055
B8DQT8_DESVM/86-299     1.64434165    1.63119323    1.42938215    1.63271204    1.50798670    1.52649587    1.33471114    1.40856016    1.38543550    1.41995912    1.47336512    1.29090453    1.36538989    1.33206355    1.43657063    0.84448284    0.86522496    0.61995646    0.00000000    0.39156731    0.72608609    0.76126229    0.74043111    1.55831886    2.00423875    2.03297707    1.99391705    1.93105465    1.51608650    1.54733097    1.83420579    1.80760745    1.48229144    1.75724180    1.73762668    2.12608869    1.75788367    2.75874062    2.10025860    2.10106561    3.82370327    4.20484145    3.72520403    3.50971394    3.65041053    3.06960593    3.28834514    3.33739611    2.30431100    2.20343080    3.26022308    2.03775212    1.97783806    1.81888977    2.69571948    2.39033917    2.27966402    2.62354094    2.50790635    2.46213484    1.95828561    2.63046076    2.28610148    2.11630161    1.64787439    1.47418950    2.48400560    2.10679589    2.13969202    2.02543259    2.34451263    1.82055347    1.80695951    1.63479939    1.72394814    2.06003756    1.65854220    1.83213177    1.84995306    2.04142212    2.13450389    1.86603696    2.00894824    1.97678665    1.87752607    2.16896340    2.05236426    1.91274178    1.93405141    1.91877377    1.89870254    1.97011925    2.03114074    1.78448356    1.84968031    1.92308669    1.91115211    2.01931918    1.98492160    1.93977840    1.64242102    1.86999544    1.70139463    1.80155742    1.52283307    1.36440447    1.26929435    1.34490331    1.21694175    1.50575477    1.40579631    1.76181064    1.61309725    1.63672882    1.92851233    1.60145873    1.58214437    1.43827963    1.40623888    1.39416376    1.41235068
Q725M0_DESVH/148-336     1.48243042    1.51938681    1.43880774    1.61704836    1.41468111    1.44652795    1.32096795    1.37147956    1.45384548    1.47506226    1.56354656    1.32897014    1.25393691    1.33242081    1.40953823    0.83922421    0.94327865    0.59221216    0.39156731    0.00000000    0.77285579    0.79713926    0.82506726    1.60633180    1.92884748    2.02590443    1.85867778    1.85236791    1.53138403    1.65892927    1.79227529    1.82156673    1.59828209    1.64821207    1.67366025    2.18741714    1.90593986    2.54188850    2.15806059    1.88794600    3.28051205    3.68760950    3.74914920    3.26651194    3.27587450    2.74475905    2.94408712    2.95741731    2.00271394    1.97155037    3.12351577    1.89500904    1.94744041    1.78118490    2.57782235    2.27813500    2.23293691    2.38184163    2.32488965    2.41399517    2.36246184    2.44735162    2.16831388    2.04780484    1.49471079    1.40529044    2.33715264    1.87265181    2.09026714    1.90241941    2.24575902    1.61608924    1.60026867    1.78324186    1.75113586    2.08047763    1.66803096    1.76109088    1.74830663    2.18972705    1.96927324    1.79744783    1.89888453    1.92124116    1.91014281    1.93542549    1.96342202    1.79668198    1.67853263    1.72795321    1.86372180    1.91204340    1.92855874    1.67114217    1.86013236    1.97012333    1.72315971    1.83898681    1.77442347    1.85656706    1.73747673    1.71645101    1.61511424    1.78549961    1.49604043    1.33223615    1.20969401    1.34784351    1.24654417    1.50832874    1.41645522    1.76237463    1.69099260    1.60060123    1.97407273    1.52487134    1.63055650    1.54691104    1.48223286    1.49150976    1.56310139
Q3A6S4_PELCD/85-275     1.42563324    1.46291097    1.18549850    1.35367057    1.28945128    1.30541415    1.29490397    1.35336548    1.28002261    1.29052089    1.25843330    1.29009605    1.32771343    1.38899968    1.31551263    0.78470649    0.79246817    0.57659451    0.72608609    0.77285579    0.00000000    0.58403869    0.79384556    1.59662894    1.60668775    1.68100633    1.68715005    1.70774496    1.43489335    1.27057450    1.58177108    1.96846708    1.47973898    1.48244628    1.50872192    2.08009405    1.93439212    2.37690891    2.00254814    2.16824017    3.33443154    3.92076364    3.51651665    3.21817003    3.24705017    2.93876345    2.92883776    2.84632569    2.27646675    1.94995694    2.47266709    1.90470406    1.73315201    1.96537484    2.46358576    2.29941756    2.26060448    2.32453151    2.23000082    2.17326812    2.35917117    2.49678991    2.00139713    2.19411077    1.59071436    1.23139985    2.38950566    2.06402536    1.97702021    1.85566271    2.19839419    1.55160947    1.57757505    1.56974945    1.81539079    2.23203012    1.71569857    1.57328679    1.65022782    1.93513898    1.86666707    1.87397240    2.02467690    2.08283221    2.02534301    2.01303361    1.83817315    1.50374721    1.44865304    1.59972906    1.75647866    1.84250149    1.60534960    1.55726035    1.72589241    2.00883857    1.60160682    1.62746028    1.57029648    1.67860802    1.40748938    1.60100567    1.64196818    1.75880418    1.30013491    1.20796036    1.09607783    1.24241627    1.19049034    1.36983602    1.34677278    1.54074689    1.39486749    1.49591381    1.51008124    1.31729280    1.72173101    1.26169030    1.23219746    1.28242402    1.32857058
A8ZT15_DESOH/85-275     1.39438815    1.30671822    1.21230390    1.43493280    1.28550745    1.42441790    1.40765990    1.23230227    1.19086065    1.14809622    1.04614343    1.27567822    1.31442349    1.25634589    1.20591744    0.73510076    0.77584049    0.55474079    0.76126229    0.79713926    0.58403869    0.00000000    0.76051837    1.51079586    1.86749032    1.80921417    1.82295514    1.84115018    1.21837331    1.27309255    1.48139116    1.68414979    1.44946207    1.57108902    1.53413833    1.94826570    1.81184532    2.54429102    1.94965832    2.19641026    3.03348930    3.52660118    3.04043907    2.93598647    3.15520859    2.68254550    2.68061134    2.82345322    2.22650148    1.95331060    2.79445633    1.76301650    1.74749190    2.06096067    2.54985965    2.09442058    2.20281680    2.30198007    2.33986548    2.22375409    2.13749328    2.38720192    2.27292484    2.17643538    1.33814288    1.17252718    2.20072197    1.98680444    1.98336649    2.02946788    2.16565681    1.54648898    1.53421873    1.65064077    1.84097318    2.24597622    1.69763104    1.71556999    1.86454668    1.78814421    1.79745891    1.74600166    1.92991913    2.03933084    2.07579874    1.88174358    1.80848694    1.67159195    1.46453615    1.67642040    1.73979897    1.84392351    1.71701642    1.58265548    1.85632521    2.26205571    1.58637941    1.66681198    1.48156960    1.46743573    1.59308893    1.61521801    1.73602661    1.82073408    1.25212604    1.17139660    1.12989905    1.17404333    1.21796211    1.38637377    1.30139045    1.40832196    1.34256460    1.48002385    1.64231053    1.28361005    1.48839413    1.27461982    1.15062385    1.13456602    1.30926526
Q6ARG4_DESPS/91-281     1.46380261    1.41975519    1.26744407    1.47969829    1.37141454    1.35763137    1.31104564    1.18334531    1.35255566    1.16863896    1.40893729    1.27451207    1.42550183    1.31239754    1.26906583    0.77078683    0.88462479    0.70731662    0.74043111    0.82506726    0.79384556    0.76051837    0.00000000    1.59783756    1.96796964    1.91423285    2.02469770    2.03457082    1.52057657    1.29028981    1.40400337    1.67548541    1.50060804    1.53966584    1.63348247    2.14226547    1.83318224    2.81741415    2.04362376    1.97626178    3.41933469    3.81112163    3.90236518    3.72069423    3.52826496    2.93094530    2.79328562    2.76954726    2.46145822    1.98088227    2.71024705    2.01078655    1.89366076    2.18532773    2.72541060    2.29369905    2.29797518    2.69633505    2.80139504    2.39985255    2.43837480    2.55291032    2.34379863    2.60635880    1.73969318    1.28069956    2.92154610    2.19172712    2.34150868    2.07122111    2.49792745    1.62287025    1.63574461    1.61819603    1.75714538    2.37552631    1.78124387    1.81143238    1.82923146    2.08351921    1.95630376    1.77321181    2.05285870    1.93936637    1.86690445    2.11493394    2.16392078    1.76670490    1.62004216    1.60895575    1.73315084    1.70456631    1.64144236    1.63152971    1.84965824    2.11581290    1.54755505    1.65314919    1.53136028    1.55566022    1.53067990    1.53325999    1.59794071    1.63440081    1.45243264    1.31779537    1.19548960    1.26947701    1.38683441    1.71043805    1.31444616    1.30491497    1.42339052    1.31526794    1.68699675    1.40331694    1.68195880    1.45813283    1.39023723    1.38068765    1.30951031
