36
D5EN82_CORAD/1189-1275     0.00000000    1.74819193    2.31267265    2.00399292    2.38536985    2.13996604    2.53428049    2.04018384    2.29212429    2.39265784    2.44079890    2.12183619    2.32044898    2.60126444    2.29365583    2.06874989    2.53361013    1.93350955    1.84832161    1.82218380    2.00423082    2.52516723    2.09977039    2.19825318    2.78344497    2.32802873    3.00059517    2.31500005    2.35640379    2.19557233    2.31657479    2.20286970    2.10504757    2.20613456    2.04609441    2.21709827
G0IUN3_CYCMS/361-454     1.74819193    0.00000000    1.49022550    1.24445961    1.41572573    1.66215012    1.55467547    1.30044484    1.74741283    2.21461622    2.34459503    2.05741847    2.37086210    2.25575574    1.57728606    1.29661898    1.28742798    1.22686499    1.34795601    1.46803222    1.45485991    1.95058478    1.56543697    1.60408573    1.73907346    1.37396664    1.50577257    1.56645832    1.32157632    1.41436430    1.61278226    1.24930202    1.53891751    1.75037414    1.46758839    1.49249535
I0I7P5_CALAS/343-433     2.31267265    1.49022550    0.00000000    1.10693445    1.21732658    1.86083962    1.45774786    1.53111820    1.57977462    1.84151114    1.88637156    1.84194141    2.01609589    1.64416693    1.18754858    1.30142672    1.43243924    1.29448775    1.20043352    1.31320129    1.00581693    1.38643070    1.50430209    1.44279727    1.78082086    1.76450134    1.67183634    1.28076516    1.41528494    1.37628900    1.56176839    1.12770031    1.67687369    1.25145032    1.90171660    1.52361251
D1CII3_THET1/328-418     2.00399292    1.24445961    1.10693445    0.00000000    1.10582356    1.38334095    1.51692026    1.29507198    1.22756752    1.58550593    1.55085170    1.69533154    1.48098039    1.43242724    1.44838236    1.36839016    1.33744508    1.43714238    1.10150762    1.23631430    1.31755790    1.23354288    1.37848760    1.37525305    1.96761390    1.50895983    1.42290029    1.40034491    1.39258619    1.46261685    1.59430721    1.26399678    1.83749045    1.52865649    2.19294235    1.66120953
K9TYX8_CHRTP/386-478     2.38536985    1.41572573    1.21732658    1.10582356    0.00000000    1.30882825    1.40934758    1.10177402    1.29385221    1.49152662    1.51204236    1.31829475    1.56297017    1.28599120    1.01968002    1.22557072    1.33005971    1.28002167    1.25315744    1.08351186    1.15016092    1.07248078    1.28453230    1.22068034    1.62806075    1.34571709    1.56708031    1.33489055    1.23123139    1.11870156    1.57168871    1.13664255    1.48631261    1.47182373    1.56297263    1.46541490
E8R5C3_ISOPI/377-479     2.13996604    1.66215012    1.86083962    1.38334095    1.30882825    0.00000000    1.58698541    1.27374761    1.94018862    2.00022161    2.05968320    2.11071534    1.98348731    1.91298056    1.46493319    1.52180508    1.58442868    1.58307069    1.48736615    1.60215888    1.35023192    1.79622189    1.67867248    1.76800419    2.28634511    1.73375767    2.12246328    1.65332068    1.51249607    1.77626303    1.87884729    1.44016125    1.95345695    1.88408160    1.96105376    1.61493035
S0EZI1_CHTCT/330-422     2.53428049    1.55467547    1.45774786    1.51692026    1.40934758    1.58698541    0.00000000    1.93103682    2.27774790    2.20112195    2.41431028    2.23219883    2.74756773    2.26601189    1.76757438    1.58760588    1.72802465    1.27541692    1.54954129    1.60017980    1.47475223    1.82010105    1.43029661    1.75123966    1.99468697    1.94582423    1.98353359    1.49816151    1.89703059    1.67364796    1.75090834    1.42030693    2.12636221    1.66117644    2.06282255    1.77071907
F4KV36_HALH1/357-446     2.04018384    1.30044484    1.53111820    1.29507198    1.10177402    1.27374761    1.93103682    0.00000000    1.11337250    1.25619190    1.39752042    1.33176505    1.38382382    1.36770070    1.03318544    0.94882609    1.28058451    1.23339943    1.07777645    0.89121276    1.11228315    1.26945780    1.13192569    1.25663315    1.29484984    1.56911384    1.21794854    0.90085673    0.87879265    0.88857890    1.39771896    1.06933348    1.52917844    1.66049444    1.49721666    1.44460734
R5YM48_9BACE/371-461     2.29212429    1.74741283    1.57977462    1.22756752    1.29385221    1.94018862    2.27774790    1.11337250    0.00000000    0.49570858    0.57842048    0.65138307    0.64808050    0.55162347    0.75537209    0.95738969    1.10638368    1.35203607    1.09023310    0.87349200    1.02084033    0.91402396    1.12598454    1.04251875    1.25935279    1.48527004    1.52634506    1.43946531    1.23179254    1.12210788    1.92294968    1.42867014    1.68499724    2.06187352    1.88297205    2.18317663
R5KWL0_9BACT/369-459     2.39265784    2.21461622    1.84151114    1.58550593    1.49152662    2.00022161    2.20112195    1.25619190    0.49570858    0.00000000    0.23852462    0.38974666    0.45058765    0.41229887    0.99869651    1.06776750    1.30985911    1.27956144    1.30997915    1.03730101    0.97026755    1.11680063    1.16134646    1.18817891    1.41683007    1.60423737    1.87161937    1.60771353    1.33384476    1.28431211    2.13130807    1.52603641    1.74840486    1.88123760    1.76502120    2.13912480
R6WHC9_9BACT/371-461     2.44079890    2.34459503    1.88637156    1.55085170    1.51204236    2.05968320    2.41431028    1.39752042    0.57842048    0.23852462    0.00000000    0.42115426    0.58497246    0.40481558    1.07478302    1.18787205    1.35674563    1.32839042    1.49427463    1.12851885    1.02091632    1.15856462    1.25822753    1.14051591    1.57029146    1.74692644    2.07278482    1.79005383    1.36681092    1.47679440    2.19495820    1.67282640    1.71277569    1.97046211    1.89731828    2.35104575
A6L1A3_BACV8/378-468     2.12183619    2.05741847    1.84194141    1.69533154    1.31829475    2.11071534    2.23219883    1.33176505    0.65138307    0.38974666    0.42115426    0.00000000    0.38395523    0.45425458    1.10237782    1.21099359    1.40739563    1.21499581    1.28208386    1.04304418    1.11931385    1.19189675    1.10198195    1.10885743    1.54809202    1.80620911    2.16914428    1.78228376    1.34018875    1.27445059    2.02233500    1.52115522    1.66772328    1.95858591    1.76117223    2.04038887
R7D019_9BACE/372-462     2.32044898    2.37086210    2.01609589    1.48098039    1.56297017    1.98348731    2.74756773    1.38382382    0.64808050    0.45058765    0.58497246    0.38395523    0.00000000    0.52664088    1.17675500    1.15854302    1.33327025    1.41698855    1.42272717    1.10987802    1.11279842    1.13660282    1.11867656    1.22516127    1.63195181    1.77606061    1.92209280    1.77744149    1.42593959    1.46229426    2.45130378    1.62661761    1.97103621    2.35522176    2.04896803    2.28180306
R6MIN7_9BACE/369-459     2.60126444    2.25575574    1.64416693    1.43242724    1.28599120    1.91298056    2.26601189    1.36770070    0.55162347    0.41229887    0.40481558    0.45425458    0.52664088    0.00000000    0.92133799    1.08358008    1.23086687    1.14009417    1.35323520    0.96937032    0.99535784    1.03819374    1.19557183    0.95631126    1.59330055    2.01142109    2.17530597    1.67427920    1.38743679    1.46905048    2.34490668    1.43789584    1.59504251    2.15497663    2.09338003    2.32498875
F0S4E5_PSESL/374-464     2.29365583    1.57728606    1.18754858    1.44838236    1.01968002    1.46493319    1.76757438    1.03318544    0.75537209    0.99869651    1.07478302    1.10237782    1.17675500    0.92133799    0.00000000    0.49772039    0.84134829    0.75035323    0.65669057    0.60806383    0.66981889    0.84384959    0.75132655    0.65949762    1.32216118    1.58017915    1.56227154    1.09863758    1.30014070    0.85375622    1.43589556    0.95870892    1.31648655    1.65841797    1.49595583    1.64459599
C6VXL5_DYAFD/412-502     2.06874989    1.29661898    1.30142672    1.36839016    1.22557072    1.52180508    1.58760588    0.94882609    0.95738969    1.06776750    1.18787205    1.21099359    1.15854302    1.08358008    0.49772039    0.00000000    0.64219457    0.72695395    0.57237025    0.64415106    0.69248253    0.88183183    0.79818176    0.64764959    1.15649360    1.48038802    1.44762034    0.99317530    1.02046253    0.82882061    1.53041697    0.92886876    1.26107152    1.56319147    1.54840263    1.56236630
H1YHQ8_9SPHI/369-460     2.53361013    1.28742798    1.43243924    1.33744508    1.33005971    1.58442868    1.72802465    1.28058451    1.10638368    1.30985911    1.35674563    1.40739563    1.33327025    1.23086687    0.84134829    0.64219457    0.00000000    0.89653400    0.77752252    0.75810614    0.75790941    1.14598234    0.91168028    0.95691481    1.33834417    1.56346923    1.76081815    1.24532438    1.24732540    1.14709138    1.91624054    1.21189037    1.79081195    1.80726531    1.75485736    2.13535592
F4CDA9_SPHS2/372-462     1.93350955    1.22686499    1.29448775    1.43714238    1.28002167    1.58307069    1.27541692    1.23339943    1.35203607    1.27956144    1.32839042    1.21499581    1.41698855    1.14009417    0.75035323    0.72695395    0.89653400    0.00000000    0.85218566    0.73703544    0.80232121    1.13490249    0.81005581    0.86203604    1.33334829    1.43435902    1.64752886    1.35440439    1.42072665    1.35126217    1.63377313    1.18563781    1.37310300    1.57996622    1.69924443    1.55813561
C7PA63_CHIPD/373-464     1.84832161    1.34795601    1.20043352    1.10150762    1.25315744    1.48736615    1.54954129    1.07777645    1.09023310    1.30997915    1.49427463    1.28208386    1.42272717    1.35323520    0.65669057    0.57237025    0.77752252    0.85218566    0.00000000    0.56980801    0.73052468    0.86667984    0.62548385    0.66555226    1.25687019    1.60933038    1.56947777    0.99181778    1.06570533    0.86502680    1.48862452    0.91269328    1.53958538    1.57744058    1.89911312    1.60712979
H1YEP6_9SPHI/371-463     1.82218380    1.46803222    1.31320129    1.23631430    1.08351186    1.60215888    1.60017980    0.89121276    0.87349200    1.03730101    1.12851885    1.04304418    1.10987802    0.96937032    0.60806383    0.64415106    0.75810614    0.73703544    0.56980801    0.00000000    0.71175151    0.85417057    0.73034487    0.66684433    1.31140497    1.39365299    1.53743873    1.17581410    1.15206844    0.95434004    1.63564867    1.03424063    1.29855396    1.67501579    1.48017357    1.77288429
L0FTG6_ECHVK/383-473     2.00423082    1.45485991    1.00581693    1.31755790    1.15016092    1.35023192    1.47475223    1.11228315    1.02084033    0.97026755    1.02091632    1.11931385    1.11279842    0.99535784    0.66981889    0.69248253    0.75790941    0.80232121    0.73052468    0.71175151    0.00000000    0.84998790    0.82592746    0.70719097    1.28998151    1.50673489    1.64808178    1.26844075    1.31562916    1.11906144    1.48923880    1.08914272    1.60092547    1.67152897    1.62417967    1.82120272
L7VN07_THES1/348-439     2.52516723    1.95058478    1.38643070    1.23354288    1.07248078    1.79622189    1.82010105    1.26945780    0.91402396    1.11680063    1.15856462    1.19189675    1.13660282    1.03819374    0.84384959    0.88183183    1.14598234    1.13490249    0.86667984    0.85417057    0.84998790    0.00000000    0.96151863    0.77917489    1.58943122    1.54540000    1.71782901    1.20345027    1.15936509    1.10642004    2.07346440    1.23705843    1.88158359    1.86932628    2.11665098    1.93377362
G8TNI9_NIAKG/369-460     2.09977039    1.56543697    1.50430209    1.37848760    1.28453230    1.67867248    1.43029661    1.13192569    1.12598454    1.16134646    1.25822753    1.10198195    1.11867656    1.19557183    0.75132655    0.79818176    0.91168028    0.81005581    0.62548385    0.73034487    0.82592746    0.96151863    0.00000000    0.59399030    1.13649451    1.18222456    1.47295403    1.08328318    1.14835110    1.00325915    1.72879737    1.05703267    1.35615823    1.88128645    1.67348886    1.75187844
C6Y158_PEDHD/376-470     2.19825318    1.60408573    1.44279727    1.37525305    1.22068034    1.76800419    1.75123966    1.25663315    1.04251875    1.18817891    1.14051591    1.10885743    1.22516127    0.95631126    0.65949762    0.64764959    0.95691481    0.86203604    0.66555226    0.66684433    0.70719097    0.77917489    0.59399030    0.00000000    1.29732672    1.43492023    1.70748243    1.19185194    1.25839602    0.99657038    1.70764660    1.21153321    1.20581249    2.05157305    1.86940134    1.79059269
W0F1C4_9BACT/369-462     2.78344497    1.73907346    1.78082086    1.96761390    1.62806075    2.28634511    1.99468697    1.29484984    1.25935279    1.41683007    1.57029146    1.54809202    1.63195181    1.59330055    1.32216118    1.15649360    1.33834417    1.33334829    1.25687019    1.31140497    1.28998151    1.58943122    1.13649451    1.29732672    0.00000000    1.42203277    1.49510616    1.50005133    1.65063909    1.41330108    1.89263333    1.37153441    1.82476320    2.04813961    2.01277816    2.07752672
S8B913_DACHA/423-517     2.32802873    1.37396664    1.76450134    1.50895983    1.34571709    1.73375767    1.94582423    1.56911384    1.48527004    1.60423737    1.74692644    1.80620911    1.77606061    2.01142109    1.58017915    1.48038802    1.56346923    1.43435902    1.60933038    1.39365299    1.50673489    1.54540000    1.18222456    1.43492023    1.42203277    0.00000000    0.65314220    1.59415413    1.35636652    1.42922537    1.66459844    1.42118525    1.82899328    2.06180780    1.86523494    1.59550857
Q5BCD9_EMENI/306-401     3.00059517    1.50577257    1.67183634    1.42290029    1.56708031    2.12246328    1.98353359    1.21794854    1.52634506    1.87161937    2.07278482    2.16914428    1.92209280    2.17530597    1.56227154    1.44762034    1.76081815    1.64752886    1.56947777    1.53743873    1.64808178    1.71782901    1.47295403    1.70748243    1.49510616    0.65314220    0.00000000    1.59748382    1.35850171    1.38644891    1.78642595    1.27894460    1.80868765    1.95527135    2.10344044    1.69036500
I0KDP2_9BACT/368-458     2.31500005    1.56645832    1.28076516    1.40034491    1.33489055    1.65332068    1.49816151    0.90085673    1.43946531    1.60771353    1.79005383    1.78228376    1.77744149    1.67427920    1.09863758    0.99317530    1.24532438    1.35440439    0.99181778    1.17581410    1.26844075    1.20345027    1.08328318    1.19185194    1.50005133    1.59415413    1.59748382    0.00000000    0.73176198    0.87029598    1.48744288    0.75969860    1.67096713    1.52468404    1.67081230    1.41132599
C6W6A3_DYAFD/356-446     2.35640379    1.32157632    1.41528494    1.39258619    1.23123139    1.51249607    1.89703059    0.87879265    1.23179254    1.33384476    1.36681092    1.34018875    1.42593959    1.38743679    1.30014070    1.02046253    1.24732540    1.42072665    1.06570533    1.15206844    1.31562916    1.15936509    1.14835110    1.25839602    1.65063909    1.35636652    1.35850171    0.73176198    0.00000000    0.88435648    1.68346591    0.84350170    1.80410389    1.53947430    1.55128217    1.32748602
L0FVJ2_ECHVK/358-448     2.19557233    1.41436430    1.37628900    1.46261685    1.11870156    1.77626303    1.67364796    0.88857890    1.12210788    1.28431211    1.47679440    1.27445059    1.46229426    1.46905048    0.85375622    0.82882061    1.14709138    1.35126217    0.86502680    0.95434004    1.11906144    1.10642004    1.00325915    0.99657038    1.41330108    1.42922537    1.38644891    0.87029598    0.88435648    0.00000000    1.36516707    0.95879853    1.47585746    1.48619096    1.42135431    1.72967133
A1T1K6_MYCVP/393-480     2.31657479    1.61278226    1.56176839    1.59430721    1.57168871    1.87884729    1.75090834    1.39771896    1.92294968    2.13130807    2.19495820    2.02233500    2.45130378    2.34490668    1.43589556    1.53041697    1.91624054    1.63377313    1.48862452    1.63564867    1.48923880    2.07346440    1.72879737    1.70764660    1.89263333    1.66459844    1.78642595    1.48744288    1.68346591    1.36516707    0.00000000    1.28394438    1.84053526    1.71375891    1.70554400    1.66016288
C6D3V2_PAESJ/342-431     2.20286970    1.24930202    1.12770031    1.26399678    1.13664255    1.44016125    1.42030693    1.06933348    1.42867014    1.52603641    1.67282640    1.52115522    1.62661761    1.43789584    0.95870892    0.92886876    1.21189037    1.18563781    0.91269328    1.03424063    1.08914272    1.23705843    1.05703267    1.21153321    1.37153441    1.42118525    1.27894460    0.75969860    0.84350170    0.95879853    1.28394438    0.00000000    1.44752757    1.16650255    1.32253620    1.36825989
A6LES2_PARD8/375-467     2.10504757    1.53891751    1.67687369    1.83749045    1.48631261    1.95345695    2.12636221    1.52917844    1.68499724    1.74840486    1.71277569    1.66772328    1.97103621    1.59504251    1.31648655    1.26107152    1.79081195    1.37310300    1.53958538    1.29855396    1.60092547    1.88158359    1.35615823    1.20581249    1.82476320    1.82899328    1.80868765    1.67096713    1.80410389    1.47585746    1.84053526    1.44752757    0.00000000    1.42067339    1.62226450    1.72044489
R5A7E0_9CLOT/336-424     2.20613456    1.75037414    1.25145032    1.52865649    1.47182373    1.88408160    1.66117644    1.66049444    2.06187352    1.88123760    1.97046211    1.95858591    2.35522176    2.15497663    1.65841797    1.56319147    1.80726531    1.57996622    1.57744058    1.67501579    1.67152897    1.86932628    1.88128645    2.05157305    2.04813961    2.06180780    1.95527135    1.52468404    1.53947430    1.48619096    1.71375891    1.16650255    1.42067339    0.00000000    1.73221498    1.41118846
R5IR23_9BACT/176-266     2.04609441    1.46758839    1.90171660    2.19294235    1.56297263    1.96105376    2.06282255    1.49721666    1.88297205    1.76502120    1.89731828    1.76117223    2.04896803    2.09338003    1.49595583    1.54840263    1.75485736    1.69924443    1.89911312    1.48017357    1.62417967    2.11665098    1.67348886    1.86940134    2.01277816    1.86523494    2.10344044    1.67081230    1.55128217    1.42135431    1.70554400    1.32253620    1.62226450    1.73221498    0.00000000    1.35039970
C6XMY0_HIRBI/355-447     2.21709827    1.49249535    1.52361251    1.66120953    1.46541490    1.61493035    1.77071907    1.44460734    2.18317663    2.13912480    2.35104575    2.04038887    2.28180306    2.32498875    1.64459599    1.56236630    2.13535592    1.55813561    1.60712979    1.77288429    1.82120272    1.93377362    1.75187844    1.79059269    2.07752672    1.59550857    1.69036500    1.41132599    1.32748602    1.72967133    1.66016288    1.36825989    1.72044489    1.41118846    1.35039970    0.00000000

