12
I3L853_PIG/227-650     0.00000000    0.44769100    0.67453925    0.66681499    2.36219865    1.31159507    1.37609480    1.36755736    1.40805427    0.19167030    0.42848012    0.30119863
G3WNX4_SARHA/248-674     0.44769100    0.00000000    0.59702277    0.58423615    2.40689720    1.23461801    1.40839990    1.39778887    1.39304965    0.42019297    0.67987665    0.49654058
H0ZI81_TAEGU/221-651     0.67453925    0.59702277    0.00000000    0.23210244    2.45373462    1.30479399    1.47005522    1.46850412    1.53831950    0.63896480    0.89977188    0.70311751
F1NTF8_CHICK/231-661     0.66681499    0.58423615    0.23210244    0.00000000    2.38717641    1.32508328    1.48788468    1.51045586    1.51939117    0.63062360    0.87799496    0.69930954
C3Y3M0_BRAFL/480-918     2.36219865    2.40689720    2.45373462    2.38717641    0.00000000    2.30935227    2.31625058    2.27757099    2.50853892    2.30669249    2.33316809    2.25474600
W5MV69_LEPOC/196-622     1.31159507    1.23461801    1.30479399    1.32508328    2.30935227    0.00000000    0.57030709    0.62498352    0.60105869    1.26441559    1.48276384    1.36202826
G3P019_GASAC/136-555     1.37609480    1.40839990    1.47005522    1.48788468    2.31625058    0.57030709    0.00000000    0.28659293    0.30418473    1.40824759    1.55029320    1.48063529
A0A3B5QTS5_XIPMA/238-662     1.36755736    1.39778887    1.46850412    1.51045586    2.27757099    0.62498352    0.28659293    0.00000000    0.31205396    1.35495335    1.55051621    1.47092033
H2MQ97_ORYLA/234-658     1.40805427    1.39304965    1.53831950    1.51939117    2.50853892    0.60105869    0.30418473    0.31205396    0.00000000    1.38827577    1.58941668    1.52650638
LBN_HUMAN/237-660     0.19167030    0.42019297    0.63896480    0.63062360    2.30669249    1.26441559    1.40824759    1.35495335    1.38827577    0.00000000    0.35830986    0.27010363
H0VEZ5_CAVPO/135-550     0.42848012    0.67987665    0.89977188    0.87799496    2.33316809    1.48276384    1.55029320    1.55051621    1.58941668    0.35830986    0.00000000    0.43193216
LBN_MOUSE/147-570     0.30119863    0.49654058    0.70311751    0.69930954    2.25474600    1.36202826    1.48063529    1.47092033    1.52650638    0.27010363    0.43193216    0.00000000

