6
M1MKY3_9CLOT/966-1047     0.00000000    1.32064530    1.59365915    1.40928266    1.22269720    1.26430635
K7WD50_9NOST/2-89     1.32064530    0.00000000    1.10421671    1.47096292    1.47995707    1.51653836
F2K387_MARM1/2244-2331     1.59365915    1.10421671    0.00000000    1.81783650    1.81562100    1.79200468
Q6D5P5_PECAS/101-190     1.40928266    1.47096292    1.81783650    0.00000000    0.74242960    0.64338460
Q63IL7_BURPS/3011-3099     1.22269720    1.47995707    1.81562100    0.74242960    0.00000000    0.69749827
Q9HXE0_PSEAE/669-758     1.26430635    1.51653836    1.79200468    0.64338460    0.69749827    0.00000000

