90
A9KKE0_LACP7/5-85     0.00000000    0.85073002    1.08405907    0.96655678    0.97396135    0.91879546    1.07789689    0.88903347    1.01434164    0.99032806    0.85244101    0.83179662    0.82389606    1.12723184    1.76110927    1.05029619    0.93614637    0.94758265    0.91632509    0.96451599    0.78301403    0.85839184    1.00586913    1.01920657    0.98934145    0.91145723    0.74227985    0.87015696    0.78056087    0.92118671    1.13315813    1.28836437    1.35793027    1.24930425    1.46135025    1.33807812    1.39294795    1.21375993    1.40057747    1.80029201    1.35674683    1.41011204    1.29979526    1.26789480    1.44964629    1.37485757    1.24782881    1.33219643    1.44049555    1.25636212    1.16399158    1.31313359    1.50893169    1.19280449    1.02527123    1.78675633    1.17406429    1.19239232    1.53088825    1.50750377    1.69710132    1.67440889    1.83272019    1.59201401    1.72276420    1.54330095    1.63468924    1.60280955    1.54099171    1.41305531    1.52274629    1.34369359    1.29887363    1.58373691    1.50662034    1.62460672    1.39250913    1.78889430    1.65381041    1.69736410    1.44334625    1.47102162    1.31286178    1.19523305    1.32807858    1.30380177    1.43951208    1.33062680    1.48622023    1.66598083
G4L257_OSCVS/149-228     0.85073002    0.00000000    0.81993935    0.86298034    0.96291374    0.97237357    0.93019113    1.11994266    0.76980947    1.02843325    0.80859507    0.94225920    0.77758371    1.36585720    1.91683590    0.85457718    0.83593453    1.10257542    0.93164404    0.93011681    0.98551963    0.91259685    0.95120697    0.89639882    0.95342609    1.12641397    0.93951521    0.82696453    0.72203947    0.69044760    0.79873078    1.11578648    1.43627045    1.40235162    1.32077454    1.37672782    1.41147050    1.20616803    1.46394338    1.46129947    1.35439230    1.18275093    1.23870873    1.28796359    1.38988716    1.39084442    1.32819534    1.43097383    1.33414925    1.18467692    1.13133515    1.18150365    1.25320700    1.09676657    1.33783987    1.15596419    0.96197471    1.18870603    1.33575774    1.13720287    1.65628461    1.58742092    1.86944054    1.60075097    1.68596451    1.57430004    1.55751750    1.07380274    1.20070634    1.24996087    1.21195579    1.11004120    1.11778489    1.30252602    1.05710607    1.39912283    1.32955681    1.35017887    1.37563748    1.21685789    1.30281860    0.99788665    1.27282252    0.95179646    1.32780342    0.94532250    1.07097871    1.20490353    1.24132939    1.42637170
H6LGI0_ACEWD/5-86     1.08405907    0.81993935    0.00000000    0.75098587    0.95469709    0.76988047    0.84636300    0.91392433    0.74461957    1.08337076    0.75680160    0.92604032    0.63655464    1.40031766    1.96992699    1.09758594    0.97772170    1.18704021    1.17608707    1.02169015    1.13324377    1.11163031    0.99184213    1.04164604    1.12635170    1.06182480    1.02898424    0.91559938    0.84050504    0.88578417    1.11646326    1.20270798    1.61897387    1.73725509    1.81464127    1.40170945    1.67012570    1.61778001    1.63448302    1.72268117    1.49803124    1.34497111    1.23468831    1.40608415    1.33568147    1.42996271    1.42265608    1.52072639    1.52478457    1.45965360    1.22581649    1.26681524    1.28326424    1.40476838    1.40767473    1.24246855    1.35711511    1.15221762    1.27499238    1.17423302    2.26277101    2.12741372    2.31975829    2.07820491    2.05584075    1.79558976    1.92481039    1.41254497    1.46256562    1.34406576    1.20362294    1.23051677    1.41870844    1.45848363    1.14515321    1.93655024    1.67437483    1.65398989    1.66925609    1.54419649    1.59820922    1.12615833    1.39340141    1.24215427    1.14243530    1.44301622    1.21325490    1.15719341    1.03698576    1.01304460
M1MFM0_9CLOT/6-85     0.96655678    0.86298034    0.75098587    0.00000000    0.99339413    1.06190221    1.21399332    1.10106422    0.82888208    1.21500251    0.91681232    0.98402308    0.85628382    1.41238303    1.83901365    1.11648616    1.13140469    1.45624892    1.22070217    1.21011965    1.21343639    1.27305699    1.19984293    1.30896426    1.12016685    1.23522936    1.26262081    1.09106274    1.08052573    1.11293446    1.15250181    1.21500525    1.52495294    1.35138021    1.39589301    1.40553793    1.48612367    1.51362637    1.52112138    1.87353629    1.46018165    1.31539228    1.27004538    1.40402032    1.36262125    1.38689338    1.41292634    1.44612304    1.41486478    1.33758997    1.29761824    1.38935664    1.49787341    1.25038410    1.16760543    1.40634273    1.15901994    1.24770755    1.42147938    1.28890798    2.10869148    1.89178472    2.18110495    1.91761925    2.14138411    1.90897674    2.13182858    1.60662723    1.44922272    1.55121187    1.18217337    1.15187869    1.47802711    1.47607153    1.16135387    1.49757377    1.69240961    1.29804691    1.27112866    1.22163734    1.25444637    1.35206353    1.22343984    1.04528398    1.40832592    1.30470668    1.19755360    1.31533731    1.38972493    1.37456552
A5N529_CLOK5/5-83     0.97396135    0.96291374    0.95469709    0.99339413    0.00000000    0.36139102    0.75609998    0.86563580    0.71045340    0.75305273    0.67820184    0.79978389    0.76226547    1.25064853    1.60477265    1.12107350    0.98345923    1.02846249    0.83654365    0.84618998    0.86408198    1.01920273    0.91553765    0.95757523    0.99550131    0.94666926    0.99230587    0.83443571    0.75647219    0.70885041    1.07145925    1.07094951    1.39545260    1.37193680    1.41611783    1.27750108    1.37808629    1.39630057    1.45331876    1.65305623    1.47693737    1.15363198    1.11500524    1.04816739    1.14507506    1.22887413    1.19189507    1.21045437    1.20579350    1.19995555    1.19230060    1.20603148    1.30979223    0.93619752    1.11924903    1.24904131    0.91729979    1.05021843    1.25357842    1.09838482    1.96230229    1.79265643    1.94621218    2.19673670    1.88895508    1.93956384    1.91072193    1.22088174    1.22416118    1.54853517    1.37656839    1.25235721    1.39287972    1.70056309    1.13300973    1.40857782    1.28224297    1.50002579    1.31860078    1.15904538    1.21550753    0.95940382    1.12117992    0.86304395    1.30678067    1.16935554    1.16972888    1.00601477    1.18212950    1.17382838
U5RZ13_9CLOT/5-83     0.91879546    0.97237357    0.76988047    1.06190221    0.36139102    0.00000000    0.65112850    0.73600066    0.68077912    0.69630895    0.68526386    0.76657135    0.68014078    1.34575273    1.43759614    1.09809914    0.90269792    0.98222752    0.91980837    0.89222713    0.88781146    1.03778101    0.92620257    0.90778654    0.80939668    0.98377805    0.99857798    0.89176043    0.76348086    0.70352856    1.01001915    1.12669601    1.41149994    1.50554522    1.55640862    1.30869983    1.37791199    1.52003822    1.54096131    1.61003744    1.40910627    1.17640449    1.28379994    1.25621787    1.20469321    1.32063233    1.25621934    1.31815264    1.28020366    1.18472936    1.23193285    1.31273584    1.39899773    1.03566065    1.14615298    1.08400254    0.95749461    0.96441664    1.16375957    1.02387235    1.97447309    1.88349223    2.12116386    2.26833897    1.78914757    1.81280608    1.88740208    1.18329353    1.21521282    1.39936820    1.34436661    1.22404970    1.48631918    1.59334698    0.99917679    1.38028013    1.30797939    1.60341665    1.13598051    0.94397834    1.17011875    1.01870248    1.09170573    0.92533202    1.22054710    1.14235267    1.06759350    0.88727422    0.90919630    0.89106962
Q65IN2_BACLD/5-82     1.07789689    0.93019113    0.84636300    1.21399332    0.75609998    0.65112850    0.00000000    0.78088090    0.69438141    0.93270369    0.91848307    0.95365877    0.75104658    1.29498322    1.49022382    1.19289679    0.96545642    1.03854083    1.02893338    0.92326717    0.94969781    1.01103269    0.84709963    0.91033841    0.88128372    1.05840731    0.91495681    0.81329708    0.92545385    0.79892904    1.00146444    1.03089797    1.52031516    1.47382896    1.50679492    1.31067007    1.34356207    1.44741285    1.54081116    1.53113199    1.31578459    1.14742779    1.20784246    1.17400423    1.20890699    1.05968459    1.16094532    1.46150874    1.47289773    1.28394560    1.29011242    1.33007472    1.43172909    1.40223063    1.26416726    1.17902787    1.07979605    1.25436496    1.19232569    1.20825872    1.66642119    1.69906670    1.83860056    2.01956993    2.06447989    1.67267264    1.77351135    1.28520329    1.16809310    1.20051400    1.33672546    1.21435625    1.54902256    1.60745552    0.97181351    1.26728973    1.16209285    1.33266879    1.29504560    1.21709436    1.40942343    0.89303585    1.15943077    0.96973219    1.18034086    1.20968792    1.04610513    0.92228582    1.13346261    1.10978078
D9SND6_CLOC7/3-81     0.88903347    1.11994266    0.91392433    1.10106422    0.86563580    0.73600066    0.78088090    0.00000000    0.80317828    1.00931088    0.93787974    0.88665403    0.84679902    1.51238413    2.12393372    1.33428122    1.02451968    1.06758964    0.96701528    1.02693495    0.87669951    1.07277588    0.96732696    0.96382917    0.99043356    1.11213858    1.02650749    0.94876617    0.91325235    0.85836791    0.99573463    1.14186374    1.41705240    1.29757054    1.45124621    1.16827954    1.36026721    1.26400778    1.56392156    1.95245079    1.33268261    0.98181445    1.04467714    1.18356850    1.14598561    1.22008949    1.04399841    1.18589907    1.34154427    1.26987273    1.18221468    1.18141365    1.33464716    1.09887895    1.14128481    1.39379405    1.09849640    1.14161501    1.32482849    1.09875100    1.96532016    1.87103057    1.96337545    1.81564314    1.84221247    1.81338718    1.81944246    1.29303598    1.41876551    1.75927030    1.33217870    1.44124124    1.40125506    1.52839747    1.29806494    1.25423831    1.21488004    1.52982092    1.48529308    1.40662625    1.40942854    1.23965679    1.39172372    1.01770589    1.15791833    1.12923535    1.28672331    1.07065290    1.21867125    1.13744766
F2JJY9_CELLD/5-86     1.01434164    0.76980947    0.74461957    0.82888208    0.71045340    0.68077912    0.69438141    0.80317828    0.00000000    0.71302263    0.54761251    0.59487107    0.57501726    1.32800527    1.68723223    1.05754960    0.90910943    0.98246151    0.80651832    0.77851526    0.85112978    0.88965052    0.78142025    0.91417038    0.82565807    0.90550524    0.93220108    0.62481582    0.75803267    0.64005448    0.81833615    0.95807634    1.33585376    1.34200468    1.44092057    1.24900894    1.35646076    1.21883375    1.43729739    1.72670707    1.25654123    1.07505681    0.98595498    1.06774270    1.15570085    1.13757265    1.12159772    1.33921518    1.31327938    1.15956152    1.11418863    1.11633507    1.16255215    1.00491423    1.36983001    1.18456767    0.95963350    0.93914577    1.18942775    1.13183340    2.05987246    1.92530765    1.96867429    2.21197903    2.24250923    2.02985650    2.19225566    1.42613298    1.38388038    1.63321750    1.31263791    1.41143531    1.59094224    1.46914426    1.27856182    1.44371644    1.50008856    1.60514041    1.46900745    1.40998931    1.39410348    1.02614065    1.07727080    0.86579275    1.22184411    1.22294809    0.93842664    1.00640099    1.38623319    1.21379582
E3EHC9_PAEPS/4-83     0.99032806    1.02843325    1.08337076    1.21500251    0.75305273    0.69630895    0.93270369    1.00931088    0.71302263    0.00000000    0.85503692    0.89361799    0.91844570    1.38552572    1.58428882    1.11378384    1.05883972    1.04917122    1.00830152    0.97657718    0.90788759    1.02951128    0.75834432    1.13321108    0.98139786    0.90617521    0.95464884    0.89714797    0.81097821    0.77490577    1.28623708    1.20305462    1.43666143    1.42349709    1.51347402    1.39466998    1.38615254    1.31005240    1.55371899    1.81635931    1.36311434    1.28210519    1.25492366    1.30090503    1.36475796    1.38251599    1.47731276    1.43916814    1.40880791    1.41263330    1.47897388    1.41275758    1.41647368    1.24097403    1.45847848    1.29194617    1.05971920    0.94671879    1.22682076    1.01780951    1.75818373    1.61574691    1.84081945    1.91501310    1.91949327    1.80744537    1.61287768    1.37943338    1.30542672    1.39649431    1.39944557    1.48630656    1.44391235    1.52722826    1.29609914    1.32937100    1.51145119    1.44088276    1.22537373    1.21623156    1.47514745    1.11255805    1.22934053    1.02362426    1.31428086    1.18568939    1.10320956    1.25352231    1.23312033    1.13250294
A6TUR5_ALKMQ/5-86     0.85244101    0.80859507    0.75680160    0.91681232    0.67820184    0.68526386    0.91848307    0.93787974    0.54761251    0.85503692    0.00000000    0.41358321    0.39376191    1.19480921    1.42222865    1.01495985    0.87600108    0.89483186    0.84057812    0.83365090    0.80844661    0.88122553    0.76965127    0.87495417    0.89650099    0.90645997    0.84356407    0.53490498    0.54569494    0.51064378    0.88710778    0.97647703    1.22939973    1.18760919    1.24978200    0.93172064    1.11774542    1.20364447    1.13774898    1.36905711    0.95466756    0.80889204    0.72597323    0.87093738    0.84581227    1.05716641    1.08198979    1.06551923    1.05449554    0.96001971    0.94998349    0.89655246    1.09039533    0.98983708    1.10033636    1.38523302    1.12963991    1.20045416    1.31519064    1.12684982    2.03141684    1.62556763    1.84719029    2.11807421    1.97603138    1.86050160    1.96154303    1.33087267    1.61369727    1.61611066    1.25409074    1.22911752    1.24281345    1.59498393    1.21283698    1.81090743    1.17660847    1.61683823    1.77868817    1.53040082    1.46236394    0.94901807    1.12706965    1.02847948    1.19892313    1.05951549    1.16432919    0.97987556    1.13467503    1.01203308
W6RTC6_9CLOT/6-86     0.83179662    0.94225920    0.92604032    0.98402308    0.79978389    0.76657135    0.95365877    0.88665403    0.59487107    0.89361799    0.41358321    0.00000000    0.45014468    1.08522899    1.43705800    1.00814617    0.93659633    0.90749782    0.82910341    0.78515633    0.79118041    0.82822719    0.77943080    0.90943581    0.85067685    0.79566258    0.85991296    0.56343494    0.54632799    0.55818266    0.81000501    1.00932887    1.25200011    1.20219592    1.21867358    1.04852312    1.18115332    1.26135981    1.35210898    1.45423304    1.09613165    0.89316201    0.89652710    0.93249985    0.98848736    1.18499023    1.15587695    1.20793195    1.07904883    1.05214573    1.07076263    1.09866828    1.33563884    0.94811695    0.92413471    1.39651638    1.19122852    1.22071492    1.51252526    1.07685034    2.10721745    1.75306093    1.84762396    2.09437455    1.91656546    1.84474209    1.97601515    1.44780994    1.69649605    1.62758598    1.35464580    1.23250613    1.29256779    1.49650895    1.33486585    1.83090446    1.30346442    1.43746134    1.33914165    1.47240084    1.42422745    1.04157823    1.17673591    1.06313858    1.06442346    1.09916052    1.10267308    0.97430718    1.21217980    1.03308498
Q18AK6_CLOD6/6-87     0.82389606    0.77758371    0.63655464    0.85628382    0.76226547    0.68014078    0.75104658    0.84679902    0.57501726    0.91844570    0.39376191    0.45014468    0.00000000    0.95609519    1.42209492    0.90908024    0.77310380    0.87565345    0.82343761    0.74344984    0.75881735    0.72731538    0.76849699    0.77838878    0.85604062    0.75273791    0.74125127    0.42050208    0.50598730    0.54658420    0.78794036    0.91761540    1.44168554    1.37939935    1.41987187    1.03511281    1.31149083    1.24712812    1.20344644    1.40966992    1.01272560    0.98523125    0.91475289    0.99128133    0.98131929    1.09547343    1.09483592    1.25283957    1.23211310    1.19587568    1.05625979    1.18728276    1.21960965    0.90903763    0.99335546    1.31756471    1.10004338    0.99076881    1.27053175    1.07017886    1.97044410    1.87297822    1.89756929    1.97811832    1.83279845    1.72240127    1.80392652    1.36763130    1.38883458    1.40356203    1.26801038    1.21240806    1.21868731    1.33194922    1.08380206    1.70254140    1.13197645    1.30676983    1.43248819    1.37888072    1.41929318    0.95609804    1.06503992    0.88554967    1.01520177    1.00335361    0.99380091    1.02126436    1.01097886    0.80070836
Q8A8I0_BACTN/10-96     1.12723184    1.36585720    1.40031766    1.41238303    1.25064853    1.34575273    1.29498322    1.51238413    1.32800527    1.38552572    1.19480921    1.08522899    0.95609519    0.00000000    1.20084689    1.36679765    1.11470110    1.13811260    1.19197359    1.24710930    1.08352496    1.04073131    1.16885218    1.13088906    1.41242288    1.23168366    1.06740145    1.03940232    1.13117018    1.11567361    1.23757110    1.46824709    1.52678530    1.38111007    1.69134324    1.55744865    1.65390414    1.55817812    1.79519252    1.71439456    1.85296937    1.48049972    1.44678965    1.53846558    1.44384724    1.51197256    1.38807251    1.51046911    1.68004017    1.60172599    1.41089245    1.66495647    1.71767500    1.73853839    1.17100217    1.62082387    1.53318392    1.44016758    1.85936843    1.90539461    2.47954098    2.18225296    2.30535197    2.31536658    2.24279514    1.87108525    2.24984037    1.47699372    1.43462536    1.72297718    1.68489819    1.50530368    1.39373787    1.89923919    1.62651194    1.98723995    1.60623204    1.63367190    1.72471843    1.66552862    1.63852579    1.43580219    1.60663247    1.46507245    1.64303917    1.33116959    1.59255569    1.37575690    1.80307081    1.61664080
Q8A079_BACTN/9-90     1.76110927    1.91683590    1.96992699    1.83901365    1.60477265    1.43759614    1.49022382    2.12393372    1.68723223    1.58428882    1.42222865    1.43705800    1.42209492    1.20084689    0.00000000    1.82112835    1.38391390    1.35215616    1.41043348    1.43533008    1.35556522    1.30966373    1.50745110    1.46092641    1.65363092    1.54601190    1.28828202    1.31172035    1.54826546    1.48233288    1.35643480    1.36416899    1.85922506    1.81805069    1.94601058    1.79607348    1.87670106    1.78449988    2.18468363    1.95187122    1.83240125    1.84622204    1.86783727    1.83094960    1.66534224    1.72281242    1.60533440    1.62268590    1.68766171    1.54959307    1.79530912    1.78559001    1.70507913    2.34071708    1.73181776    1.93232807    2.08383725    2.11156736    2.09205979    2.34786637    2.55374279    2.51691559    2.37486709    2.87980314    2.44443261    2.25962813    2.63355508    1.96878518    1.78501640    2.26367478    2.43401398    2.21670940    2.16441253    2.51871329    2.05534184    2.72325958    1.99419362    2.46391670    2.08548402    2.07622210    2.12265281    1.78340603    1.79665973    1.61773330    2.05133612    1.82020515    2.04345137    1.68682567    2.03589765    1.96204457
R5KEK4_9BACT/1-78     1.05029619    0.85457718    1.09758594    1.11648616    1.12107350    1.09809914    1.19289679    1.33428122    1.05754960    1.11378384    1.01495985    1.00814617    0.90908024    1.36679765    1.82112835    0.00000000    0.42074891    0.67759030    0.75060764    0.90974757    0.90641190    0.91513723    0.92862317    0.93178182    1.02031892    0.83303810    0.68580458    0.72705046    1.05873163    0.90326257    1.06756379    1.17101837    1.52735571    1.47667065    1.64329718    1.35196222    1.46576090    1.30021096    1.59189787    1.73357140    1.63278642    1.44134296    1.42347054    1.40662782    1.42321752    1.58921256    1.47730322    1.44861112    1.39587319    1.15325461    1.17696218    1.10388305    1.43660826    1.24488948    1.30271880    1.48407684    1.21582629    1.34612724    1.48619599    1.34429307    2.11750516    1.65989366    1.89173224    1.88372978    2.13320720    1.74890012    1.90993417    1.28124450    1.20144994    1.73563956    1.57043613    1.23891737    1.59014755    1.65184985    1.56915902    2.04962342    1.76969886    1.86113762    1.83890441    1.61433158    1.37500413    1.09921285    1.23874661    1.09786287    1.51095505    1.18972871    1.39211563    1.33051495    1.61102815    1.38793978
W0EMY4_9BACT/5-88     0.93614637    0.83593453    0.97772170    1.13140469    0.98345923    0.90269792    0.96545642    1.02451968    0.90910943    1.05883972    0.87600108    0.93659633    0.77310380    1.11470110    1.38391390    0.42074891    0.00000000    0.58551892    0.76976390    0.72806862    0.75692725    0.69932524    0.69983154    0.76712089    0.90036477    0.83493789    0.62826515    0.61502838    0.82068836    0.76630634    0.94402644    1.16333298    1.46597890    1.43557464    1.48717787    1.10474952    1.50164325    1.33031891    1.58033265    1.62186708    1.49625677    1.40496217    1.27979045    1.29727416    1.32129465    1.47273311    1.43487211    1.47575618    1.42771763    1.23692713    1.15815127    1.15547173    1.52027822    1.06065153    1.06487907    1.10801368    1.17461697    1.28540869    1.13191745    1.39865022    1.97523072    1.79573220    1.84429924    2.05295573    1.90612291    1.53094336    1.65155476    1.06632684    1.18161669    1.36383967    1.39368527    1.12765861    1.29365137    1.52686363    1.28502045    1.72371997    1.34820015    1.68479644    1.59342998    1.40436260    1.32114033    1.08144007    1.21001302    1.12447467    1.38105239    1.07050580    1.28188891    1.10291764    1.20323574    1.15454597
R5AY35_9BACT/5-88     0.94758265    1.10257542    1.18704021    1.45624892    1.02846249    0.98222752    1.03854083    1.06758964    0.98246151    1.04917122    0.89483186    0.90749782    0.87565345    1.13811260    1.35215616    0.67759030    0.58551892    0.00000000    0.47654230    0.61558794    0.64648754    0.54315760    0.75369856    0.62238077    0.79274994    0.67675754    0.49987777    0.57684587    0.75743167    0.73317949    0.92838254    1.09227532    1.47715910    1.39846918    1.46147876    1.14502803    1.49147377    1.23541170    1.37574884    1.74169459    1.48045519    1.20862409    1.14131707    1.09959804    1.16591491    1.38165979    1.43958751    1.43884448    1.34897981    1.24813693    1.09108682    1.23847923    1.36044250    1.07169974    1.13215294    1.27535806    1.14012885    1.18517649    1.22076462    1.33470748    2.34503319    1.96690957    1.96396138    2.07103538    2.00235076    2.03394540    2.05018955    1.29526794    1.30859037    1.44113856    1.46326242    1.26428393    1.30994178    1.48879087    1.68003240    1.96377975    1.63574167    1.65152560    1.80490302    1.57667268    1.58532365    1.02077331    1.20173726    1.21165407    1.44515602    1.11992580    1.35633068    1.22698099    1.28398785    1.08611944
R7EF25_9BACE/5-89     0.91632509    0.93164404    1.17608707    1.22070217    0.83654365    0.91980837    1.02893338    0.96701528    0.80651832    1.00830152    0.84057812    0.82910341    0.82343761    1.19197359    1.41043348    0.75060764    0.76976390    0.47654230    0.00000000    0.36538596    0.42307746    0.39584574    0.56205449    0.39948514    0.63241024    0.61445377    0.52671490    0.51487615    0.79636854    0.61771544    0.90852447    1.24727758    1.35551006    1.39323715    1.37911420    1.15957282    1.37005223    1.18863892    1.52823217    1.69451456    1.30818981    1.06599664    1.00003948    1.09074039    1.14157218    1.24163845    1.19174580    1.25912100    1.38101329    1.07069196    1.14654059    1.30495533    1.24942838    0.99104129    1.25406130    1.26119512    0.90240211    1.23399703    1.38107028    1.26998634    2.39049350    1.92408738    1.79431827    1.88295406    2.00580292    1.99001254    1.80957446    1.32982216    1.35957275    1.60989948    1.57317879    1.24230883    1.28439038    1.41025268    1.55974728    1.63624839    1.44225466    1.51219456    1.55619873    1.45303493    1.31903053    0.95971196    1.17096963    0.83085583    1.08928191    1.05140067    1.15351469    1.09869034    1.00764463    1.04602661
Q5LB94_BACFN/5-88     0.96451599    0.93011681    1.02169015    1.21011965    0.84618998    0.89222713    0.92326717    1.02693495    0.77851526    0.97657718    0.83365090    0.78515633    0.74344984    1.24710930    1.43533008    0.90974757    0.72806862    0.61558794    0.36538596    0.00000000    0.42984504    0.34324579    0.59474237    0.56274279    0.70219796    0.64465570    0.56822265    0.49802005    0.74213113    0.71536738    0.83577107    1.01161324    1.38747062    1.23716939    1.24783541    1.21464169    1.40544241    1.17457787    1.33704692    1.60822118    1.25929585    0.97122306    1.05101868    1.00500215    1.03378677    1.06263458    1.16570462    1.23594690    1.38336510    1.15203969    0.97297274    1.23056949    1.23406647    0.90140482    1.12754481    0.93198563    0.98004249    1.19284077    1.19527061    1.13258835    2.29805544    2.10517108    1.86423528    2.16521948    1.97238433    2.06467372    1.88510765    1.34187427    1.32985590    1.60165324    1.42214310    1.27027658    1.35607313    1.37341046    1.23180539    1.66183916    1.34726146    1.50070473    1.33512711    1.32641617    1.32795485    0.84369992    1.06741155    0.91121621    1.25983901    1.21251699    1.10925840    0.97471867    1.07870196    1.12058521
R5PCH4_9BACT/5-88     0.78301403    0.98551963    1.13324377    1.21343639    0.86408198    0.88781146    0.94969781    0.87669951    0.85112978    0.90788759    0.80844661    0.79118041    0.75881735    1.08352496    1.35556522    0.90641190    0.75692725    0.64648754    0.42307746    0.42984504    0.00000000    0.24805484    0.49828188    0.53078242    0.68032327    0.67810591    0.47625753    0.66018608    0.82695689    0.77269731    1.01226248    1.29346878    1.39906687    1.42294471    1.31416386    1.30239475    1.52412155    1.27961790    1.51735590    1.78683977    1.57115688    1.23769210    1.12342984    1.25114367    1.23725824    1.37848549    1.33786357    1.50827836    1.55445872    1.22633573    1.02013536    1.24792951    1.34832477    1.10242930    1.24360375    1.34598023    1.02001724    1.09949827    1.21404026    1.16669365    2.20405518    1.99251915    1.71989162    2.07486594    2.03298564    1.84369727    1.91507381    1.68072961    1.33313807    1.60199049    1.45718389    1.42033730    1.18412234    1.45384999    1.42308601    1.56215331    1.39896312    1.66300195    1.43803523    1.25616430    1.34747541    1.05724349    1.14688121    0.82048476    1.10987378    1.21616101    1.15161642    1.12775541    0.96941044    1.15814619
A6LBE4_PARD8/5-88     0.85839184    0.91259685    1.11163031    1.27305699    1.01920273    1.03778101    1.01103269    1.07277588    0.88965052    1.02951128    0.88122553    0.82822719    0.72731538    1.04073131    1.30966373    0.91513723    0.69932524    0.54315760    0.39584574    0.34324579    0.24805484    0.00000000    0.49394593    0.53558453    0.70623347    0.62080631    0.51748714    0.58144429    0.80684288    0.76522780    0.96790431    1.20580849    1.43356763    1.42733109    1.38211213    1.26409008    1.54785004    1.30837726    1.49994663    1.73750537    1.49228724    1.17361052    1.05215060    1.15734415    1.13364350    1.33315070    1.35891669    1.42325293    1.41864328    1.16762789    0.99255270    1.24291502    1.37238489    1.17254748    1.09176162    1.35707998    1.08001464    1.25636693    1.30231063    1.25111671    2.17304279    2.02718312    1.81154237    1.97765923    2.03405222    1.87413590    1.92309227    1.56432165    1.31868536    1.51487980    1.50701366    1.33764060    1.27107016    1.47357950    1.46258023    1.79105250    1.34219166    1.64867728    1.53713123    1.32130745    1.43939085    1.04975506    1.12313739    0.95299627    1.04558605    1.13731017    1.11804902    1.27191556    1.02056016    1.08608832
R5VAC8_9BACT/138-221     1.00586913    0.95120697    0.99184213    1.19984293    0.91553765    0.92620257    0.84709963    0.96732696    0.78142025    0.75834432    0.76965127    0.77943080    0.76849699    1.16885218    1.50745110    0.92862317    0.69983154    0.75369856    0.56205449    0.59474237    0.49828188    0.49394593    0.00000000    0.50109088    0.62891451    0.70790442    0.68386826    0.57278221    0.76143550    0.69344963    0.93308351    1.24095130    1.57721496    1.46519550    1.55288072    1.38496051    1.50851524    1.42316938    1.36472925    1.76511098    1.44066106    1.34298753    1.21712710    1.39024417    1.31443273    1.17732443    1.37102169    1.53235153    1.58491189    1.43277561    1.26320439    1.31333298    1.43050156    1.12410856    1.20063571    1.50203158    1.07049890    1.25406955    1.27215726    1.16384318    1.72929556    1.68188679    1.55021439    1.86636158    1.74766801    1.56498898    1.52270059    1.40504348    1.31684955    1.53581698    1.54308478    1.31031999    1.36757794    1.43533719    1.43997678    1.61187704    1.42274686    1.60296293    1.69582081    1.50874350    1.48840431    1.02334133    1.14821851    0.95417934    1.14210930    1.18050876    1.11354321    1.05882172    1.10911839    1.20966500
R5UPI0_9BACT/5-89     1.01920657    0.89639882    1.04164604    1.30896426    0.95757523    0.90778654    0.91033841    0.96382917    0.91417038    1.13321108    0.87495417    0.90943581    0.77838878    1.13088906    1.46092641    0.93178182    0.76712089    0.62238077    0.39948514    0.56274279    0.53078242    0.53558453    0.50109088    0.00000000    0.69076913    0.65777126    0.67723098    0.63094649    0.83136015    0.77898568    0.97992651    1.21514536    1.62358738    1.64367223    1.59718271    1.36712146    1.60309702    1.50521440    1.65545180    1.76896225    1.48602650    1.32570426    1.27593392    1.40141709    1.36947603    1.39091317    1.51400107    1.42983216    1.61544186    1.28106839    1.30746305    1.45792804    1.32576504    1.13408219    1.22694821    1.37953827    1.00329037    1.30231428    1.35063732    1.24036125    2.06005975    1.89697414    1.80538437    1.83900411    1.82587077    1.68936606    1.60424812    1.46035338    1.30392492    1.68902588    1.49628130    1.37933686    1.13539578    1.57512631    1.38719626    1.80411521    1.39899741    1.65694503    1.59243299    1.42226036    1.70543364    1.19134743    1.35062546    0.98121298    1.19608988    1.09955625    1.09416935    1.03402882    1.06686487    1.01924066
F3ZSJ0_9BACE/4-88     0.98934145    0.95342609    1.12635170    1.12016685    0.99550131    0.80939668    0.88128372    0.99043356    0.82565807    0.98139786    0.89650099    0.85067685    0.85604062    1.41242288    1.65363092    1.02031892    0.90036477    0.79274994    0.63241024    0.70219796    0.68032327    0.70623347    0.62891451    0.69076913    0.00000000    0.76411781    0.73369451    0.63447530    0.82237082    0.77373580    0.91855776    1.18458609    1.46786880    1.35498108    1.44729323    1.35096075    1.46612247    1.40227323    1.49111761    1.73347956    1.31436548    1.33636875    1.31181387    1.33559805    1.36258066    1.39213506    1.35063996    1.46832709    1.44673062    1.23763484    1.24522181    1.31492952    1.15646953    1.10547741    1.22826970    1.29100890    1.05088007    1.22996143    1.45688751    1.39600921    2.21812412    1.83154622    1.98478348    2.19712509    1.68647161    1.86540441    1.68127622    1.24587350    1.25903615    1.57968655    1.73968196    1.46770961    1.55774390    1.96285680    1.44885626    1.67354857    1.69765793    1.67898485    1.36829879    1.39392711    1.50102901    0.99278207    1.11957734    0.85062801    1.23582971    1.06353677    1.10646379    1.15116825    1.31971088    1.28907253
D5EX84_PRER2/211-295     0.91145723    1.12641397    1.06182480    1.23522936    0.94666926    0.98377805    1.05840731    1.11213858    0.90550524    0.90617521    0.90645997    0.79566258    0.75273791    1.23168366    1.54601190    0.83303810    0.83493789    0.67675754    0.61445377    0.64465570    0.67810591    0.62080631    0.70790442    0.65777126    0.76411781    0.00000000    0.61350865    0.64911994    0.77932199    0.66845402    0.95208115    1.16612811    1.61322349    1.55050818    1.53087914    1.44700609    1.54704938    1.34521091    1.56801529    1.56209409    1.41987191    1.41279265    1.26420869    1.27221580    1.35288864    1.46795894    1.54764264    1.34034247    1.50599876    1.28745564    1.36424135    1.45990913    1.21022143    1.38781781    1.29555775    1.30626084    1.15490420    0.98689591    1.32274326    1.20697613    1.94383657    1.83161953    1.81159999    2.20244829    1.88440466    1.79377978    1.72237134    1.19316873    1.22384113    1.29134503    1.51935183    1.23766557    1.41086966    1.39748009    1.57259930    1.81658705    1.44874579    1.66837004    1.60682675    1.51317614    1.45495990    1.11628495    1.01513323    1.02120423    1.19686208    1.14564206    1.10358582    1.20980955    1.27541698    1.10510254
C9RM57_FIBSS/5-88     0.74227985    0.93951521    1.02898424    1.26262081    0.99230587    0.99857798    0.91495681    1.02650749    0.93220108    0.95464884    0.84356407    0.85991296    0.74125127    1.06740145    1.28828202    0.68580458    0.62826515    0.49987777    0.52671490    0.56822265    0.47625753    0.51748714    0.68386826    0.67723098    0.73369451    0.61350865    0.00000000    0.53610989    0.69622946    0.73015488    0.86322105    1.18908675    1.39913835    1.45551729    1.35319368    1.23335306    1.54282486    1.23194174    1.46148538    1.55475483    1.49398581    1.20688982    1.17539893    1.17228423    1.33187723    1.28711570    1.19386641    1.56555313    1.48700278    1.36728069    1.11648512    1.34576736    1.24581027    1.12578427    1.14836212    1.30237428    1.08098515    1.16586798    1.22988403    1.41169485    2.06715923    1.89001407    1.67957715    2.00130690    1.92859981    1.76168387    1.89540530    1.31753190    1.23491440    1.25394536    1.47278280    1.36471321    1.22475671    1.46202401    1.40164655    1.78444609    1.22242932    1.64652394    1.59550719    1.46807499    1.37480136    0.99792353    1.23776634    1.08813218    1.29942250    1.24315720    1.39169313    1.20894746    1.19650883    1.23988116
D1AJ14_SEBTE/5-89     0.87015696    0.82696453    0.91559938    1.09106274    0.83443571    0.89176043    0.81329708    0.94876617    0.62481582    0.89714797    0.53490498    0.56343494    0.42050208    1.03940232    1.31172035    0.72705046    0.61502838    0.57684587    0.51487615    0.49802005    0.66018608    0.58144429    0.57278221    0.63094649    0.63447530    0.64911994    0.53610989    0.00000000    0.51534112    0.62382154    0.90917730    0.94163689    1.32500521    1.38074384    1.40081473    1.12584238    1.41026349    1.23818380    1.28067176    1.42506126    1.21346865    0.99883639    0.98609692    1.04776074    1.04974552    1.33205834    1.20690266    1.30624766    1.24302092    1.09786139    1.17870976    1.19192729    1.15226164    0.86446068    0.99719025    1.30603186    0.92026720    1.12810286    1.37643996    1.16225483    1.83808612    1.56026668    1.47635026    1.75688949    1.74726837    1.63116183    1.57687484    1.23910556    1.17746964    1.40600170    1.36157393    1.17904274    1.21639213    1.41399570    1.20558204    1.70334362    1.16707889    1.25689413    1.43227707    1.49754594    1.42581469    0.96477411    1.08134666    0.97368303    1.17799623    0.92885660    1.05119897    0.95417623    1.10268143    0.94417894
D3E089_METRM/12-90     0.78056087    0.72203947    0.84050504    1.08052573    0.75647219    0.76348086    0.92545385    0.91325235    0.75803267    0.81097821    0.54569494    0.54632799    0.50598730    1.13117018    1.54826546    1.05873163    0.82068836    0.75743167    0.79636854    0.74213113    0.82695689    0.80684288    0.76143550    0.83136015    0.82237082    0.77932199    0.69622946    0.51534112    0.00000000    0.53919942    0.90312227    1.06897144    1.42428649    1.41813532    1.48623356    1.15713317    1.47004052    1.38078300    1.47164637    1.67031238    1.15422172    1.15059711    1.14485283    1.22152176    1.16211688    1.46162092    1.27542466    1.41846869    1.22428438    1.28414288    1.19190555    1.22681282    1.37210053    0.93813499    0.95649984    1.08735530    1.02227129    1.02786555    1.35618400    1.12932777    1.66028706    1.73826292    1.72896185    1.76850253    1.59080087    1.58177359    1.68242888    1.39768068    1.54629837    1.31908415    1.34811192    1.28515209    1.11142783    1.48135904    0.99295725    1.56015166    1.22525854    1.28476813    1.26391815    1.22685239    1.53088328    1.08738482    1.14172137    1.09261514    1.27219025    0.89139879    1.03867241    1.00616990    1.08994641    0.95649407
E3GHM0_9FIRM/4-84     0.92118671    0.69044760    0.88578417    1.11293446    0.70885041    0.70352856    0.79892904    0.85836791    0.64005448    0.77490577    0.51064378    0.55818266    0.54658420    1.11567361    1.48233288    0.90326257    0.76630634    0.73317949    0.61771544    0.71536738    0.77269731    0.76522780    0.69344963    0.77898568    0.77373580    0.66845402    0.73015488    0.62382154    0.53919942    0.00000000    0.77089103    0.89774551    1.34985272    1.32281772    1.19586976    0.99521679    1.24065673    1.12647205    1.40838949    1.60336377    1.02723478    0.93272802    0.83410773    0.92592065    0.88905494    1.07392946    1.08226418    1.22005621    1.19583779    1.09665029    1.03451722    0.98430092    1.20446213    0.94727859    1.17982239    1.18647597    0.90747864    1.11519980    1.29076767    1.03653026    2.28387005    1.78612688    1.89578796    2.25906950    1.96409698    1.88032595    1.98598697    1.12620161    1.28155445    1.33319036    1.38751414    1.33857311    1.23699469    1.45913005    1.26094339    1.42210655    1.25265964    1.49211882    1.38598498    1.25976666    1.24172271    0.83811852    1.05498984    0.86537679    1.04854757    0.99657058    0.90067320    1.06317986    1.01268580    0.95921021
M9SAV4_METAX/6-84     1.13315813    0.79873078    1.11646326    1.15250181    1.07145925    1.01001915    1.00146444    0.99573463    0.81833615    1.28623708    0.88710778    0.81000501    0.78794036    1.23757110    1.35643480    1.06756379    0.94402644    0.92838254    0.90852447    0.83577107    1.01226248    0.96790431    0.93308351    0.97992651    0.91855776    0.95208115    0.86322105    0.90917730    0.90312227    0.77089103    0.00000000    0.93119903    1.30122901    1.29100876    1.37254392    1.21532530    1.35822862    1.09143416    1.36197212    1.48322696    1.11558184    1.04098209    1.16816982    1.18887237    1.21800691    1.14611431    1.13115172    1.41413800    1.28942325    1.06212249    0.99334064    1.10655391    1.03945322    1.03676213    1.18117082    1.31018108    1.32083642    1.45009310    1.54884138    1.32266142    2.53604216    2.26503230    2.41431826    2.06276838    2.04873036    2.05571903    2.23413962    1.23063395    1.24001435    1.82151820    1.64346336    1.33994718    1.53856346    1.57869665    1.32559223    1.45182028    1.24211299    1.58402314    1.46207408    1.44198654    1.34569325    1.11309013    1.12740146    1.06894433    1.27666341    1.04462394    1.00782027    1.21319308    1.56252465    1.34613805
