137
I1CK66_RHIO9/894-1095     0.00000000    0.24716319    1.48937854    1.47285821    1.37371131    1.48323466    1.41621120    1.63126994    1.42665498    1.23497448    1.25838579    1.31289325    1.38793106    1.30533004    1.22097388    1.16427801    1.25829158    1.33081185    1.12589740    1.22161896    1.30057104    1.22612760    1.26170133    1.42734729    1.77898509    1.52902119    1.36455294    1.70956014    1.80804673    1.73277620    1.89269955    1.77241090    1.50022709    1.46319070    1.65696349    1.49538111    1.45184964    1.26943642    1.29742915    1.37309289    1.33810382    1.27651738    1.32688648    1.19426725    1.28415512    1.53614557    1.70211632    1.51491916    1.53876757    1.41875429    1.60508795    1.44632658    1.61490058    2.34086335    1.94519955    1.81793494    1.41341290    1.94597280    1.80382864    2.11349775    2.09207079    2.21735287    1.28614218    1.23635650    1.27558311    1.34164001    1.26899337    1.29487972    1.40586281    1.25436814    1.32129649    1.29494357    1.35575781    1.49865476    1.37580716    1.34930450    1.21192961    1.29115326    1.30651544    1.34196821    1.37601785    1.38442101    1.39105954    1.34542426    1.39521943    1.43215692    1.48994409    1.46903937    1.46564596    1.53348250    1.38739984    1.25968159    1.45973349    1.21480297    1.37567626    1.33762379    1.32173560    1.32204300    1.36574784    1.31699297    1.33582669    1.32198435    1.37651060    1.33079689    1.35677399    1.38521886    1.17933094    1.69415289    1.65724741    1.91295216    2.17980626    1.88418283    1.71706546    1.97717156    2.01744042    1.77763661    1.77774139    1.55757616    1.53624371    1.93405766    1.53608905    1.55458177    1.57333640    1.46104677    1.66063843    1.64608683    1.53278085    1.94076290    1.72287763    1.72121162    1.77194614    1.88176789    1.55855856    1.65411018    1.85275984    1.85607760    1.50000426
S2IZN0_MUCC1/980-1183     0.24716319    0.00000000    1.49261040    1.43276768    1.32644964    1.46304343    1.33215275    1.69750390    1.32810233    1.24516052    1.21567513    1.36739665    1.34690152    1.31687468    1.29723368    1.32856476    1.25023460    1.40780674    1.02709659    1.11068677    1.31749511    1.15866672    1.34648288    1.44827817    1.73632820    1.54870507    1.42925939    1.72509341    1.83257700    1.77419465    1.91010898    1.78362003    1.64093225    1.45261236    1.67501397    1.48813518    1.49996039    1.34848173    1.45714966    1.45307919    1.43043297    1.40027859    1.42314921    1.29927129    1.27139377    1.61408866    1.70218087    1.53510525    1.48989812    1.43327783    1.56618696    1.37063690    1.65072387    2.25130410    1.99958391    1.76394385    1.50864045    1.83393755    1.82148243    2.04247432    1.93212976    2.12958976    1.29881497    1.16682476    1.26137187    1.38031565    1.27261185    1.36694355    1.42225802    1.23309042    1.31852522    1.29820929    1.38526163    1.43378512    1.29291449    1.31072097    1.18894634    1.29018215    1.28849907    1.31045827    1.34053128    1.34661275    1.39178902    1.37906639    1.43214992    1.51498853    1.55737632    1.49459098    1.53637237    1.53918578    1.29429603    1.20773722    1.42889660    1.23208209    1.38148378    1.35728603    1.27087773    1.33645797    1.34453373    1.29007046    1.34093087    1.31700211    1.42410737    1.34547867    1.38424379    1.37212412    1.24081849    1.63136308    1.59482895    1.89560162    2.06214001    1.85160162    1.67487150    1.89530497    2.04690825    1.71926460    1.81440687    1.63797340    1.65968602    1.84156037    1.57059421    1.59014730    1.70768812    1.49995516    1.75562359    1.69661369    1.64707972    1.92003034    1.78906894    1.75211783    1.95104577    1.91017799    1.70785641    1.80936366    1.84062918    1.84315680    1.44979936
G7E2G2_MIXOS/843-1047     1.48937854    1.49261040    0.00000000    1.19489639    1.32724751    1.24755743    1.26122481    1.58217956    1.11293805    1.05619019    1.13307963    1.13119102    1.14994288    1.02991388    1.06695223    1.01318015    1.22149238    1.02307946    1.07273348    1.16168669    1.00327537    0.99570826    1.67087347    1.73504962    2.12251365    1.77765632    1.68031323    1.96581465    1.87078447    1.69017147    1.95571368    1.80082013    1.75319974    1.63824888    1.51426335    1.58773470    1.66019961    1.75658740    1.80973571    1.69271328    1.53239895    1.49485641    1.54512910    1.63700994    1.44499952    1.80423020    1.80385823    1.74470848    1.62697657    1.52499990    1.68263784    1.54736362    2.00905196    2.00730119    2.23895176    2.31450458    1.88254784    1.70319641    1.78152526    2.42294127    2.37388223    2.48000566    1.22511141    1.40007607    1.29240429    1.27489993    1.34568611    1.31717009    1.25035202    1.29133941    1.31753921    1.32753043    1.33224384    1.33825028    1.33189212    1.31895170    1.42555988    1.37354065    1.26710577    1.41871685    1.40354000    1.39303754    1.39760500    1.55046267    1.50311624    1.47025610    1.43280041    1.59620338    1.56469723    1.43353081    1.50275917    1.55010746    1.83957633    1.70710790    1.59902147    1.78847665    1.66142762    1.63152949    1.69862249    1.68939832    1.48586702    1.60144647    1.75488944    1.66761618    1.56804675    1.59392776    1.49371044    1.78577316    1.67761529    2.08657611    1.85904515    2.47913843    1.98908392    2.20127712    1.74933489    1.90715814    1.91526082    2.19172069    2.02759297    2.43391799    2.19013006    1.91263663    1.75602758    1.90404669    1.57167763    1.65051854    1.63019679    1.86945321    1.86256103    1.92641501    1.84823634    2.02474393    1.59437364    1.57243737    1.72334967    1.59492828    1.78681471
M9LS05_PSEA3/994-1244     1.47285821    1.43276768    1.19489639    0.00000000    0.45626841    0.42634956    0.42488734    1.36800121    1.19344320    1.15384568    1.26613832    1.16211141    1.32935255    1.25328957    1.10191872    1.20240817    1.29848507    1.10470819    1.19937153    1.23344256    1.06326205    1.12173807    1.58501862    1.86718486    1.95775603    1.72444629    1.47747954    1.83996637    1.86846961    1.71413391    1.92700661    1.84510125    1.84683453    1.66890561    1.61917980    1.61489645    1.82892996    1.79673201    1.87424419    1.69088871    1.49187807    1.51856698    1.60622787    1.66823591    1.62589426    1.95676955    2.41504340    1.92219245    1.78279992    1.75648563    1.95273199    1.75932268    1.87152851    2.36047845    2.10287002    2.13255261    1.83610714    1.73322322    1.85727084    2.15898894    2.23513322    2.46552755    1.36253404    1.31336501    1.41297192    1.48947430    1.48800119    1.41173226    1.54241954    1.41062008    1.49572147    1.40852249    1.44027200    1.40406958    1.46432427    1.45011869    1.53048349    1.40787984    1.38418236    1.40952469    1.51462880    1.57885271    1.41328922    1.61472878    1.58404870    1.37797614    1.32425957    1.37456698    1.38415611    1.39178641    1.46019048    1.53115035    1.78484688    1.49467018    1.45787630    1.45128554    1.55685784    1.43429821    1.40462180    1.34172221    1.44242415    1.58996337    1.66378226    1.51391856    1.44995760    1.53702117    1.44701930    2.02178149    1.95399109    2.16506804    1.89440584    2.12151293    1.88422335    1.81374849    1.88107209    1.76245392    2.19705705    2.09516996    2.15383783    2.43431429    1.75935053    1.65841826    1.61260773    1.55064020    1.56298184    1.81864121    1.63355132    1.93483450    1.75064875    1.70398799    1.77751283    2.01598510    1.50517759    1.55662841    1.70762543    1.57966801    1.81594111
I2FZZ8_USTH4/1014-1271     1.37371131    1.32644964    1.32724751    0.45626841    0.00000000    0.42268733    0.40921803    1.33556005    1.16811123    1.12131698    1.23025180    1.15536716    1.24246688    1.13218837    1.14791486    1.19064306    1.20973172    1.09343504    1.27207732    1.17848821    1.12275946    1.10747006    1.64028674    1.94034310    1.99793391    1.83325362    1.55622828    1.95775981    1.86211791    1.75269395    1.88830694    1.82930958    1.87953943    1.70466494    1.70245284    1.68187517    1.87707877    1.83704257    1.97724388    1.76029248    1.62159906    1.63525682    1.72988887    1.80234437    1.67677061    2.09615788    2.40888505    1.95190028    1.91342984    1.80102886    2.04899499    1.89210345    1.91572058    2.45238449    2.11652388    2.11151885    1.89961913    1.69141433    1.82906112    2.33106930    2.29684164    2.32386395    1.30048626    1.34316561    1.50525556    1.51099508    1.47650858    1.41921415    1.56996003    1.39192418    1.45906770    1.36117565    1.45714730    1.48370894    1.42733021    1.31002134    1.37906395    1.38046996    1.30205618    1.43174699    1.57067655    1.56344769    1.50797778    1.58305424    1.59005655    1.40503934    1.40100118    1.26864550    1.41431585    1.40949288    1.57182111    1.51795544    1.81817318    1.41061858    1.52659002    1.43370098    1.48995822    1.46319631    1.44005930    1.38827083    1.59961968    1.60395968    1.68047676    1.67106869    1.45021545    1.49301229    1.53275554    1.85578405    1.72622651    2.15785708    2.02101742    2.18480961    1.90346909    1.98808933    1.92026972    1.83954992    2.04316309    2.00272967    2.02888491    2.45524742    1.78187714    1.57745743    1.58786504    1.50871874    1.61401147    2.05596025    1.71536137    2.03029161    1.73792049    1.87583445    1.92121864    1.84815221    1.59015325    1.72027178    1.81384476    1.71858464    1.74679921
R9P7V6_PSEHS/1015-1270     1.48323466    1.46304343    1.24755743    0.42634956    0.42268733    0.00000000    0.35627551    1.32790454    1.22005208    1.15173149    1.23692181    1.05284158    1.21855484    1.17223636    1.12438056    1.14399369    1.21895262    1.15754353    1.23433029    1.14751983    1.04059319    1.13093239    1.62231317    1.92595605    1.94124633    1.74053019    1.54989933    1.93702192    1.85434853    1.71407055    2.07282449    1.81696987    1.75022075    1.72433497    1.64677843    1.65884083    1.80699383    1.76374731    1.88289801    1.66996791    1.63367743    1.58834762    1.66595056    1.70678234    1.68331753    2.01401564    2.27362488    1.86032008    1.93234228    1.73435689    2.02773180    1.85988745    1.95959885    2.47712778    2.05880065    2.01020115    1.87075462    1.76608832    1.82506182    2.20277461    2.32885331    2.23141257    1.39598123    1.28454528    1.37587091    1.48776256    1.44589564    1.36283551    1.49261802    1.33080444    1.42793751    1.42834559    1.39202151    1.42515956    1.40231001    1.36265283    1.46263805    1.35051828    1.28957949    1.39299944    1.55428752    1.57386088    1.43694819    1.64060020    1.64593190    1.36876026    1.36807220    1.41498769    1.41212030    1.45045557    1.50913857    1.53604625    1.86175206    1.42114192    1.44422750    1.38807787    1.36764628    1.32384363    1.38926795    1.31012825    1.47734331    1.58326668    1.58488053    1.52940940    1.40116388    1.53181237    1.44720998    1.90421712    1.87901104    2.11024860    2.04329217    2.18507335    1.87522869    1.90509824    1.96151498    1.76048769    2.07335036    1.96030723    2.04797869    2.41585862    1.82929698    1.60663385    1.60928781    1.61072447    1.68182891    1.97443043    1.72564448    1.91722144    1.77615465    1.72783849    1.91974483    1.93731718    1.52013141    1.60665263    1.84738241    1.65417612    1.69926413
V5EK22_KALBG/680-933     1.41621120    1.33215275    1.26122481    0.42488734    0.40921803    0.35627551    0.00000000    1.31661233    1.09301576    1.15319422    1.22361227    1.12148550    1.22912854    1.16655344    1.16754994    1.16616766    1.21197984    1.15956875    1.25482933    1.16682031    1.07930615    1.15308539    1.63950391    1.90642222    1.93266494    1.81690616    1.50859731    1.85571081    1.86409867    1.69163783    1.94959251    1.80858898    1.75677122    1.67517491    1.71661442    1.63908524    1.83696656    1.72095698    1.85144410    1.71301680    1.65410786    1.59730780    1.68587911    1.69146377    1.64150578    2.03275785    2.38374035    1.88612206    1.90324145    1.75519113    2.00410604    1.81988316    1.83780256    2.15668811    2.07821468    2.04309960    1.88696296    1.70819389    1.80472834    2.18967685    2.24898128    2.19352989    1.29156267    1.34796893    1.41635550    1.56420239    1.43673403    1.41639954    1.54642801    1.39731336    1.46788446    1.42401395    1.48106268    1.46062133    1.44180228    1.43210626    1.40470859    1.46301933    1.25816285    1.35657984    1.56228780    1.58333893    1.51025807    1.56414960    1.54381644    1.34632746    1.37831576    1.32746233    1.42604343    1.39731091    1.56512905    1.54479389    1.84546697    1.43748853    1.43378511    1.36565292    1.40475336    1.37304385    1.41314995    1.36214933    1.49134178    1.60887133    1.57701080    1.58033334    1.45466957    1.46991464    1.47776390    1.89698109    1.75682165    2.05122618    1.98314759    2.24155157    1.92202283    2.00887122    1.96147859    1.80997813    2.12011752    2.00164907    1.98280802    2.50421437    1.80985425    1.63078860    1.59549590    1.61305089    1.64652903    1.98322574    1.70872199    2.03116092    1.80604546    1.84795937    1.97140233    1.96140695    1.60194795    1.69928111    1.82641079    1.67269596    1.73113998
A8QA38_MALGO/487-691     1.63126994    1.69750390    1.58217956    1.36800121    1.33556005    1.32790454    1.31661233    0.00000000    1.69191013    1.56046602    1.63376792    1.55641034    1.62951573    1.63843643    1.71326681    1.57313825    1.67889690    1.47574374    1.60243242    1.65226747    1.57776262    1.69758871    2.06387311    1.93891814    2.12390650    1.86886693    1.82213106    1.89017521    1.93687577    1.92217579    2.11330573    2.10981463    1.92314136    1.97603131    1.86997967    1.89194361    2.17841682    1.90906511    2.04370668    2.06324471    1.89033329    1.92710813    2.07649983    2.04581445    1.79758947    2.07513381    2.44582803    2.23157406    2.04234777    2.13781503    2.07227113    2.07433948    2.12884533    2.08584510    2.15413330    2.55205380    1.70860812    2.08302307    2.23697644    2.27313465    2.02264915    2.09237314    1.48161484    1.55331571    1.76631334    1.69691703    1.88145970    1.70952442    1.88896122    1.64108306    1.66359677    1.65552429    1.70158771    1.67416679    1.74470780    1.69157049    1.68055451    1.63318606    1.60024792    1.72641999    1.76387504    1.75851430    1.92922601    1.69837097    1.77463646    1.63827372    1.62937913    1.57065998    1.66214292    1.85029304    1.93992977    1.75767084    1.85988592    1.74495610    1.80733540    1.67709298    1.75684066    1.78795972    1.72031815    1.73601602    1.65896175    1.79864822    1.79764115    1.76411591    1.75544529    1.72273231    1.78672991    2.05458314    2.04673942    2.16235857    2.07123343    2.45032748    2.16581876    2.02522436    1.92237928    2.17956307    2.17094710    2.48010779    2.06717017    2.51907922    2.16095658    1.97120202    2.13566100    2.08540375    2.00426056    1.96244628    2.08604487    2.16450029    2.18378347    2.19893096    2.30319281    2.17165304    1.93633408    2.05855977    2.17975979    2.05482192    2.14608415
G4TEV0_SERID/747-957     1.42665498    1.32810233    1.11293805    1.19344320    1.16811123    1.22005208    1.09301576    1.69191013    0.00000000    0.67161944    0.68576793    0.68300848    0.76406412    0.79051852    0.78474539    0.76153474    0.73558563    0.67082141    0.91523382    0.90452749    1.13772591    0.85378849    1.58624937    1.47778322    1.91394186    1.69968953    1.52229539    1.72617824    1.59269963    1.38726936    1.77000159    1.39953174    1.80122576    1.62004792    1.64042379    1.39786577    1.66306891    1.59743165    1.59601384    1.63277571    1.61982386    1.66074598    1.57825335    1.41761630    1.45280589    1.85995409    1.96230323    1.72663056    1.64833212    1.53203418    1.76087147    1.58659523    2.13085669    2.13321011    2.17694207    2.27495067    1.68129045    1.53585353    1.53666127    2.21687852    2.13139728    2.20669048    1.31335800    1.27360555    1.36637496    1.39593298    1.47415025    1.44735508    1.37912822    1.29622892    1.26817967    1.37727368    1.37760828    1.45564573    1.35727283    1.40869151    1.45775165    1.39903718    1.35418402    1.38179504    1.48649478    1.42058889    1.40701922    1.39572543    1.43959007    1.34370430    1.33195074    1.32385904    1.39465027    1.40455776    1.32110328    1.23096601    1.65939686    1.44531843    1.47999539    1.53135024    1.48703496    1.59561883    1.50564934    1.38281141    1.50656736    1.48811801    1.56872189    1.54198924    1.56062817    1.45767053    1.44573532    1.70091343    1.53526168    2.14087973    1.87637391    2.22316393    1.87843696    1.95082962    1.99261151    1.88996228    1.78293105    1.96917605    1.80348965    2.41564179    1.93840824    1.65365007    1.75576235    1.63281410    1.70628039    1.82714116    1.81704457    2.00559759    1.83347536    1.98502157    2.15361519    2.14651947    1.67469432    1.77156106    1.91413820    1.88154552    1.72819301
D8QCB5_SCHCM/565-777     1.23497448    1.24516052    1.05619019    1.15384568    1.12131698    1.15173149    1.15319422    1.56046602    0.67161944    0.00000000    0.41977108    0.44903981    0.49738074    0.49301840    0.49980233    0.58667624    0.54100022    0.45067485    0.86400651    1.00849998    0.96579328    0.81879526    1.48372322    1.61967769    1.90832444    1.65871988    1.61515376    2.00451944    1.84405632    1.57004080    2.07173630    1.56344168    1.80414518    1.63826654    1.59670949    1.59600374    1.67300301    1.56763237    1.64373441    1.62098593    1.56071893    1.58765766    1.59472557    1.52485576    1.49608466    1.94126069    1.93141988    1.88530643    1.64563006    1.63578970    1.77359396    1.66088492    2.04910168    2.39244101    1.99828349    1.98272246    1.56828310    1.65665941    1.49234378    2.51199847    2.11830207    2.09748944    1.25678268    1.17774194    1.23548583    1.36052050    1.40665606    1.24939092    1.23252854    1.22796941    1.17995736    1.25741931    1.25226697    1.40423755    1.31819940    1.27335170    1.33501545    1.28908598    1.12810839    1.21648866    1.39805646    1.33249947    1.31690918    1.33908562    1.39688470    1.39161433    1.29090226    1.31460082    1.40162987    1.33067035    1.31851525    1.14994333    1.60354525    1.36598009    1.34532808    1.41245315    1.29953441    1.36432986    1.33288555    1.29480778    1.38257861    1.43181957    1.52624961    1.45300170    1.45896775    1.36851066    1.39875584    1.68821823    1.63814382    2.35698140    1.93864253    2.14829122    2.04882077    1.99464248    2.07727974    1.96591081    1.74415281    1.98424710    1.87028016    2.18575847    1.96472212    1.73613367    1.56072816    1.80863336    1.76370145    1.95652402    1.74957732    2.20177197    1.86987537    1.94851679    2.14508711    2.04789791    1.72101945    1.69549350    1.86283148    1.80131701    1.73085329
K5XCG6_AGABU/361-576     1.25838579    1.21567513    1.13307963    1.26613832    1.23025180    1.23692181    1.22361227    1.63376792    0.68576793    0.41977108    0.00000000    0.45030146    0.48379443    0.47598390    0.60703835    0.63561801    0.52611681    0.42663954    0.81160746    1.00522904    0.99026405    0.85097218    1.55580241    1.68895856    1.92268268    1.72742030    1.44328916    1.97017131    1.73378676    1.50682135    2.01640758    1.57576884    1.72126186    1.66056066    1.61000493    1.51280328    1.53500457    1.68756531    1.68151352    1.52364220    1.46452662    1.51227519    1.44208120    1.48813244    1.46359000    1.94481513    1.99042918    1.81145196    1.61869935    1.49459711    1.56755302    1.55296175    1.95156516    2.48594866    2.16030944    1.98071365    1.61288316    1.51692690    1.55543367    2.25938564    2.04954383    2.07859349    1.14916960    1.28571539    1.29567826    1.38289088    1.37680561    1.30813046    1.31155636    1.27223163    1.24451150    1.23397756    1.30909504    1.40274060    1.36787036    1.29402050    1.37902860    1.30614329    1.23702880    1.22973349    1.39063942    1.37149756    1.33177923    1.32904904    1.35619370    1.46570924    1.30438256    1.32087154    1.33378618    1.32899218    1.25905167    1.22993652    1.52794196    1.31816310    1.34642831    1.29390415    1.34918153    1.45941983    1.32945716    1.21534560    1.39800112    1.50262475    1.53169265    1.42384058    1.45924782    1.35377008    1.53076517    1.71974865    1.75314940    2.35087392    1.98550397    2.17781969    2.01649952    2.20825257    2.09790377    2.05195658    1.85621610    1.92952765    2.00327636    2.11632868    2.01481974    1.83370930    1.62771553    1.83264411    1.73492093    1.96512276    1.84037175    2.13588498    1.92369672    2.01202311    2.07699720    2.14645204    1.73193814    1.79176293    1.89369493    1.88088656    1.63838065
V2XTJ0_MONRO/808-1021     1.31289325    1.36739665    1.13119102    1.16211141    1.15536716    1.05284158    1.12148550    1.55641034    0.68300848    0.44903981    0.45030146    0.00000000    0.46002541    0.43365299    0.51645236    0.54972704    0.51814170    0.43632879    0.95553198    1.01439937    1.05111236    0.88313721    1.67498381    1.61225971    2.01264208    1.68748574    1.55001104    1.92313135    1.79655601    1.57149010    2.14474354    1.54312950    1.72069377    1.65941195    1.57450670    1.71767920    1.64774846    1.65979292    1.72734126    1.70807634    1.59152055    1.61003676    1.62429594    1.53957907    1.67396026    2.11728917    2.07113509    1.86347513    1.79734976    1.69425156    1.66545203    1.67988472    2.10275368    2.45830859    1.96498367    2.02102287    1.75291329    1.60901308    1.66639006    2.27109340    2.05467470    2.14350172    1.24723438    1.19040545    1.32871387    1.32635319    1.38565311    1.27807365    1.31704335    1.23396233    1.19925567    1.29585386    1.27924023    1.42237096    1.40526175    1.33377593    1.38549805    1.35923962    1.26065172    1.26048299    1.28438269    1.30700299    1.32546791    1.25708936    1.29245800    1.38210248    1.31668176    1.27721625    1.35101846    1.35969759    1.39374292    1.27293332    1.56718959    1.38710878    1.42240995    1.33013681    1.41890625    1.51127640    1.44498899    1.37671698    1.43083689    1.47937041    1.55968945    1.43539926    1.40906689    1.38596137    1.52274890    1.77233727    1.59643437    2.35875721    1.87424157    2.14641450    2.02867738    2.25993477    2.22811982    2.00287000    1.89693569    2.03423092    2.00279366    2.32261195    2.02962404    1.87952991    1.61917090    1.79157507    1.69515961    2.15946830    1.91187940    2.29345107    2.01249336    2.04316410    2.21229487    2.18553499    1.83976392    1.84495684    2.06478205    2.01413161    1.70230178
B0D0M3_LACBS/511-724     1.38793106    1.34690152    1.14994288    1.32935255    1.24246688    1.21855484    1.22912854    1.62951573    0.76406412    0.49738074    0.48379443    0.46002541    0.00000000    0.36819881    0.58455671    0.62330711    0.55961425    0.51016166    1.00822613    1.07962429    1.05488948    0.92961987    1.79726626    1.71665633    2.00734672    1.84016745    1.63425540    2.04765920    1.94376595    1.65704291    2.14704246    1.79378599    1.97560211    1.89000240    1.73176466    1.71533158    1.68983965    1.79023118    1.81177258    1.83670019    1.69696299    1.74544425    1.77459795    1.68435650    1.76543745    2.06461587    1.92047049    1.93512845    1.77095869    1.67011479    1.66436020    1.51964982    2.10887243    2.23838110    2.34110897    2.37629576    1.78810694    1.54694795    1.59753749    2.37477951    2.19347091    2.15646576    1.27107738    1.23272359    1.38872375    1.42817900    1.44587460    1.35389307    1.38363454    1.31959693    1.35278990    1.24867468    1.35047263    1.42487612    1.42729167    1.37147821    1.45750369    1.40119245    1.20052741    1.37221191    1.50350948    1.47482595    1.40240742    1.40264753    1.53472106    1.45307832    1.34889241    1.35640556    1.39094463    1.38789936    1.39587790    1.36378472    1.68630223    1.43606121    1.38700980    1.42418261    1.39011706    1.47569614    1.45705849    1.36537812    1.45744088    1.60245936    1.72570834    1.56299662    1.48651723    1.45831423    1.63006500    1.86373813    1.70830983    2.33173268    1.83457806    2.00407562    2.03998366    2.22223327    1.99803959    2.19180950    1.99031601    1.94705118    1.97469912    2.38147317    2.08166661    1.99181714    1.70173626    1.93336833    1.86851262    2.04547898    1.97228953    2.18754225    2.03542555    2.05084604    2.21561008    2.13292095    1.86743822    1.83338573    2.04465128    1.95505542    1.56093576
A8N6Z3_COPC7/602-814     1.30533004    1.31687468    1.02991388    1.25328957    1.13218837    1.17223636    1.16655344    1.63843643    0.79051852    0.49301840    0.47598390    0.43365299    0.36819881    0.00000000    0.60733804    0.62965044    0.50012641    0.55268491    0.97506494    1.09912702    0.93700739    0.89622169    1.67136376    1.69604942    1.93386826    1.80655221    1.55478399    1.98486911    1.79596077    1.61092300    2.07622495    1.62798321    1.92536595    1.66023233    1.57598535    1.65799080    1.58245949    1.67324489    1.69186204    1.69162446    1.65421464    1.62664264    1.65619854    1.52539068    1.62030016    1.99927177    2.03483156    1.80091130    1.55164659    1.52683711    1.64132262    1.50388997    2.18296388    2.39971565    1.98867095    1.98549025    1.79033840    1.52332567    1.52546519    2.27097863    2.15964856    2.10730351    1.19374091    1.26173708    1.32370331    1.44310458    1.41136756    1.33852860    1.33960562    1.28244981    1.23874570    1.26097681    1.29363960    1.36140863    1.40289315    1.29285479    1.41164150    1.33849654    1.18291568    1.27591697    1.41607527    1.45398729    1.35491714    1.29037686    1.40787546    1.49597016    1.32776770    1.30165017    1.36860307    1.32375773    1.38493963    1.26086982    1.67846205    1.41788692    1.40515077    1.43892821    1.45503955    1.49097825    1.43481689    1.37654573    1.40309811    1.54338567    1.64675448    1.53772222    1.51939140    1.46828904    1.48372431    1.79220436    1.63447390    2.25189142    1.80739024    2.03079895    2.14127062    2.13947752    2.00603015    2.06511496    1.90224664    1.93785849    2.03588326    2.30717526    2.02383420    1.89774554    1.59549341    1.73069151    1.69153813    1.86212135    1.78696797    2.04941058    1.82983975    1.94181478    2.13857323    1.95682026    1.61828233    1.60074159    2.02428703    1.73376854    1.57894753
S8G2R8_FOMPI/398-610     1.22097388    1.29723368    1.06695223    1.10191872    1.14791486    1.12438056    1.16754994    1.71326681    0.78474539    0.49980233    0.60703835    0.51645236    0.58455671    0.60733804    0.00000000    0.47500176    0.40714298    0.48166453    0.90363296    0.98520074    0.97260647    0.79793544    1.61933728    1.56040477    1.83809241    1.66249435    1.60368240    1.95596453    1.63520725    1.57770923    2.08345528    1.62487987    1.71774307    1.55811494    1.55422646    1.57492223    1.57187612    1.53927681    1.60945178    1.61604972    1.42217327    1.46959587    1.50978320    1.44973826    1.51925583    2.05753576    1.96281865    1.83915149    1.56055488    1.51677539    1.70273539    1.55250684    1.95200081    2.25163161    1.82366906    2.05052475    1.73337404    1.61121667    1.53894818    2.23256539    2.12159593    2.09311219    1.25625975    1.23381981    1.29764146    1.40925042    1.41512396    1.31187141    1.30722101    1.24205230    1.23173374    1.29646262    1.27938106    1.44574050    1.31261200    1.32981289    1.38291680    1.31129758    1.19777750    1.24886624    1.38018386    1.35703370    1.46045699    1.34824156    1.47227820    1.55954719    1.33128066    1.41375445    1.48131700    1.43672324    1.28453735    1.37277385    1.68969994    1.44487930    1.48672031    1.34816812    1.33942520    1.45944093    1.47498590    1.38333024    1.44259088    1.55104742    1.57335253    1.46899711    1.48363610    1.44335717    1.45056235    1.80004002    1.81484497    2.41747406    1.87783179    2.14570353    2.00403118    2.09853556    2.07179281    2.01597817    1.75715872    1.99636167    1.85635633    2.46094218    1.91162069    1.80420985    1.61554084    1.81398865    1.76853089    1.88398841    1.77020265    2.13080077    1.78767460    2.02240271    1.96914006    2.25427956    1.76317879    1.75191338    1.94716319    1.82212373    1.68809336
K5W6U9_PHACS/640-852     1.16427801    1.32856476    1.01318015    1.20240817    1.19064306    1.14399369    1.16616766    1.57313825    0.76153474    0.58667624    0.63561801    0.54972704    0.62330711    0.62965044    0.47500176    0.00000000    0.54537030    0.51115644    0.89009329    0.89916630    0.98458990    0.83627633    1.49512340    1.66912594    1.83566099    1.70795620    1.49048732    1.86441614    1.73961067    1.58881146    1.94444188    1.65649509    1.80966350    1.57050311    1.54815806    1.54660690    1.59841992    1.60979620    1.63653542    1.56693977    1.46726850    1.45252735    1.54321258    1.53294683    1.52331926    2.05761285    2.01671871    1.85795582    1.62045224    1.59523523    1.74134208    1.56063559    1.96336762    2.27426854    2.13043504    2.14137042    1.58066150    1.51871850    1.45555904    2.02470455    1.90886691    1.96610965    1.25992416    1.22747173    1.23693195    1.39817887    1.35049742    1.30511232    1.30897194    1.29729109    1.11740992    1.15109668    1.19767465    1.39248672    1.31522312    1.30839447    1.32567026    1.29609762    1.27504865    1.24027101    1.41071308    1.36821616    1.43711362    1.32908449    1.42876514    1.46410133    1.37736322    1.32887687    1.42400848    1.40901525    1.23618168    1.30620978    1.58907255    1.48204433    1.35419471    1.41768187    1.32366605    1.39359005    1.38335852    1.35264399    1.30662186    1.41527444    1.44983505    1.36597397    1.36134522    1.33314684    1.39916936    1.75673650    1.67486495    2.31750207    1.82402419    2.21931024    1.99888041    2.10524912    2.05915438    2.08282166    1.86250512    1.91238933    1.79801732    2.39085974    1.91781909    1.80617114    1.71596213    1.77157279    1.67540530    1.91927470    1.81740941    2.07175576    1.85111653    1.94424620    1.99595288    2.16917128    1.67370114    1.82551656    2.00782056    1.90232217    1.71042281
B8PIP3_POSPM/386-598     1.25829158    1.25023460    1.22149238    1.29848507    1.20973172    1.21895262    1.21197984    1.67889690    0.73558563    0.54100022    0.52611681    0.51814170    0.55961425    0.50012641    0.40714298    0.54537030    0.00000000    0.46167767    0.93466046    1.01133923    1.04521569    0.84897492    1.73236690    1.62929000    1.93609850    1.75373951    1.52344283    2.09104299    1.71676475    1.55867415    2.11603726    1.67753302    1.83544609    1.72964691    1.55719344    1.66085190    1.69550031    1.71196839    1.72029170    1.61876569    1.46974484    1.52940889    1.63586485    1.54293369    1.67560496    2.25242642    2.12074660    1.87970824    1.50004078    1.48172261    1.52718134    1.48434590    2.06053817    2.44662045    2.08456494    2.22304718    1.82823207    1.45859895    1.55398094    2.32236448    2.05410145    2.11303809    1.23404738    1.23179473    1.33593255    1.45222141    1.44762752    1.37318272    1.41256342    1.32167577    1.25856225    1.28421371    1.30375471    1.45733143    1.41125856    1.38709159    1.44442299    1.40110678    1.25926228    1.32561634    1.44087648    1.45884480    1.47361360    1.34715644    1.44698213    1.48281942    1.32526888    1.30126060    1.39214215    1.41072210    1.29371860    1.30066019    1.72451069    1.44135250    1.50472663    1.44361530    1.45261514    1.55984883    1.59052981    1.43482628    1.50460481    1.64187857    1.57818273    1.52784290    1.60911808    1.49740686    1.55423765    1.72665758    1.67252355    2.40677455    1.86877713    2.34514773    2.02518897    2.13795529    2.29640396    2.30319017    1.98348676    1.87692210    2.04163220    2.37004745    2.07291245    1.87904916    1.84567218    1.81558711    1.85336501    1.99411085    1.91299278    2.27873085    2.09406261    2.08012184    2.20757682    2.29650658    1.83953073    1.96498484    2.09072426    2.08001994    1.76488180
F8PUX5_SERL3/520-730     1.33081185    1.40780674    1.02307946    1.10470819    1.09343504    1.15754353    1.15956875    1.47574374    0.67082141    0.45067485    0.42663954    0.43632879    0.51016166    0.55268491    0.48166453    0.51115644    0.46167767    0.00000000    0.86511029    1.01839607    1.06972721    0.87281931    1.54069880    1.61466808    1.85959966    1.70688907    1.43556593    2.10958597    1.69387111    1.58048260    2.13374315    1.46424852    1.80857233    1.66014125    1.72542291    1.59930027    1.65586621    1.60907628    1.74143755    1.69570260    1.54614352    1.60371238    1.63334345    1.54474795    1.62758881    2.08423375    2.20588149    1.90534779    1.75564737    1.69675793    1.84139148    1.68530658    2.00779930    2.60878194    2.03659640    2.19052764    1.60020844    1.55617018    1.49774051    2.29661864    1.92853366    1.93223348    1.29764651    1.26457288    1.22732558    1.28837056    1.35858364    1.28428266    1.27860178    1.25647118    1.28593200    1.26021472    1.29283027    1.34816363    1.33528613    1.28552465    1.30849562    1.34605041    1.17628964    1.23493562    1.33271848    1.32698438    1.43574388    1.22315944    1.29821906    1.43168648    1.25353967    1.25430549    1.36349042    1.30993143    1.40084775    1.33315808    1.57688291    1.38357899    1.38041637    1.41838657    1.44495916    1.46657691    1.48613881    1.34348539    1.35904241    1.46862625    1.55522025    1.42441360    1.33061446    1.31154299    1.49310010    1.74203998    1.65396972    2.30852810    1.79830687    2.05865526    1.92018907    2.06134484    1.87801154    2.00002551    1.72970043    1.89218256    1.96870516    2.32653092    1.79666456    1.65344811    1.55973945    1.77668960    1.66099795    1.87602130    1.82425195    2.20190517    1.93440728    1.97347436    1.94475747    2.16461192    1.74009535    1.77664204    1.93992107    1.82932393    1.61757938
Q5KF16_CRYNJ/935-1141     1.12589740    1.02709659    1.07273348    1.19937153    1.27207732    1.23433029    1.25482933    1.60243242    0.91523382    0.86400651    0.81160746    0.95553198    1.00822613    0.97506494    0.90363296    0.89009329    0.93466046    0.86511029    0.00000000    0.62020058    1.10207090    0.91001531    1.60389768    1.55220132    1.78528436    1.48953528    1.40641077    1.89168921    1.83816009    1.59391384    2.00705767    1.60427330    1.75098959    1.64624141    1.62097113    1.42000952    1.41127477    1.45698970    1.49925646    1.39801136    1.35936037    1.39828331    1.36372045    1.30386506    1.31951836    1.83007914    2.01232407    1.74806921    1.48428180    1.50005802    1.53131348    1.40185774    1.66319341    2.01256388    2.11849168    1.90295422    1.74533371    1.58242072    1.68339171    2.19482373    2.12829858    2.15313274    1.26334669    1.18610313    1.27638806    1.29373736    1.36154512    1.32937523    1.41109633    1.23141250    1.17450770    1.23587660    1.25434408    1.29528020    1.22311590    1.32276347    1.34396641    1.28748052    1.21990533    1.24885254    1.30406116    1.18790772    1.35491995    1.47440500    1.30895562    1.32504348    1.27582774    1.39845391    1.39812660    1.40090024    1.17516504    1.24154696    1.55802811    1.45666070    1.43668287    1.45911103    1.36072726    1.45012477    1.36365299    1.32487433    1.44332771    1.51674005    1.63820812    1.47234341    1.50900520    1.48449978    1.46951995    1.76767149    1.68399849    1.98787774    1.79639011    2.23555760    1.97135864    2.10682151    1.88102381    2.05998853    1.92611456    2.05582749    2.16543492    2.18824658    1.90696387    1.87726922    1.84494406    1.64373375    1.74191996    1.81901986    1.82295262    2.03714144    1.93412458    2.04166131    2.12528078    2.16141484    1.77384626    1.92990659    2.02419108    1.88984130    1.67386146
K1VJ47_TRIAC/848-1054     1.22161896    1.11068677    1.16168669    1.23344256    1.17848821    1.14751983    1.16682031    1.65226747    0.90452749    1.00849998    1.00522904    1.01439937    1.07962429    1.09912702    0.98520074    0.89916630    1.01133923    1.01839607    0.62020058    0.00000000    1.18201151    0.97667514    1.55988540    1.68319044    1.86968983    1.51445016    1.56496027    1.84754583    1.98733645    1.67256905    2.01005979    1.56599045    1.77470824    1.44386929    1.66505508    1.64256276    1.51696253    1.63676235    1.78050364    1.67140943    1.63155294    1.70469341    1.59199689    1.47566701    1.43966238    1.83318149    2.06337949    1.75381857    1.79721068    1.65136113    1.74810815    1.65922471    1.92648065    2.16072201    2.22403068    2.14132908    1.83049740    1.59109545    1.68673372    2.13061042    2.07386022    2.05838382    1.36355349    1.17726338    1.23660228    1.34270269    1.28006110    1.34288041    1.40076809    1.26330476    1.16486999    1.22502091    1.27424137    1.29780736    1.27245163    1.26371421    1.30062981    1.25589163    1.26119321    1.20339300    1.34295736    1.28424266    1.31029243    1.38933024    1.35802320    1.34794303    1.42332436    1.45223199    1.40043361    1.46560578    1.24319511    1.41041228    1.61248933    1.43615692    1.37466694    1.54399776    1.49888770    1.49560462    1.40274982    1.35519615    1.39216948    1.41772936    1.47960670    1.38087598    1.44415412    1.49219221    1.42288781    1.71253963    1.64880541    2.13379431    1.84907402    2.28201146    1.85634255    1.91107248    1.95613060    1.91688424    2.05033129    1.85464576    2.10694879    2.22530776    1.76284447    1.67931834    1.82614222    1.68319334    1.68484128    1.80841086    1.95799535    2.12678503    1.87110764    1.95394401    2.00883566    2.11833874    1.91668718    2.09250273    1.95308754    1.86024623    1.61233548
