23
Q9F3P6_STRCO/275-388     0.00000000    0.30742774    1.59995031    1.90766007    2.08396280    2.27132285    2.50815473    2.53453460    2.71104239    2.71729427    3.05010670    3.07694023    2.10862852    2.15770884    2.16847338    2.34763331    2.47620881    2.88660961    2.78044479    2.75069491    2.37395946    2.41499285    2.12645037
C7QIJ7_CATAD/267-380     0.30742774    0.00000000    1.39944244    1.76091609    1.96681565    2.29072063    2.27454285    2.22980654    2.27013036    2.52878838    3.03499483    3.39771203    2.01296277    2.20346203    2.42824120    2.50765757    2.70702288    2.93423144    3.40953843    2.94010965    2.69338779    2.46242844    2.24246072
C1AE73_GEMAT/307-421     1.59995031    1.39944244    0.00000000    1.21857123    1.97789258    2.07857819    2.71670136    2.38274216    1.82656373    1.79306775    2.64898272    2.85337170    1.95356275    2.27425513    2.42661649    2.59761154    2.72687634    2.81862778    2.63023580    2.81659147    2.85726507    2.34267437    2.15449669
Q0JYS5_CUPNH/10-124     1.90766007    1.76091609    1.21857123    0.00000000    2.01215553    2.49231641    2.51957619    2.19557640    1.65415808    2.09479902    2.67481772    2.47625273    2.45590316    2.29681593    2.44929556    2.52788719    2.19821948    2.39166292    2.65870290    2.52397409    2.57519590    2.30011912    1.80474160
Q1H3V3_METFK/8-121     2.08396280    1.96681565    1.97789258    2.01215553    0.00000000    2.05854157    2.17024349    1.66662593    2.31101921    1.90154304    2.10837995    2.11849505    2.09296524    1.95198325    2.95800806    3.07720728    2.58137376    2.17947293    2.41814879    2.51565433    2.42006849    2.23090302    2.07595618
C5FTM8_ARTOC/16-127     2.27132285    2.29072063    2.07857819    2.49231641    2.05854157    0.00000000    2.25853731    1.66753606    2.63512122    1.85782024    2.52570232    2.73349819    2.03976575    2.16184741    2.54188529    2.75852279    2.27696328    2.67906236    2.55155639    2.21751086    2.44323984    2.59408793    1.67169162
A5VE46_SPHWW/17-129     2.50815473    2.27454285    2.71670136    2.51957619    2.17024349    2.25853731    0.00000000    1.75280986    2.25682171    2.50931274    2.74801097    2.94050015    1.85212498    2.59900583    2.44420612    2.57504332    2.87261114    2.75757398    3.17972817    3.12877366    3.16972403    2.17775947    2.47563075
C7PBA6_CHIPD/41-154     2.53453460    2.22980654    2.38274216    2.19557640    1.66662593    1.66753606    1.75280986    0.00000000    1.92198673    1.75968570    1.58970604    2.78756971    1.62712269    1.71612550    2.67209658    2.53535019    2.03976081    2.10620218    2.56077747    2.16860789    2.44653052    2.02147574    1.93498063
A3HY18_9BACT/11-124     2.71104239    2.27013036    1.82656373    1.65415808    2.31101921    2.63512122    2.25682171    1.92198673    0.00000000    1.32982472    2.12319440    2.50901701    2.37602349    2.23874002    2.64341328    2.58291467    2.12193839    2.51665922    2.71418319    2.56672412    2.56375545    1.93518940    1.70623178
B8FB72_DESAL/6-121     2.71729427    2.52878838    1.79306775    2.09479902    1.90154304    1.85782024    2.50931274    1.75968570    1.32982472    0.00000000    1.41360380    1.77405682    1.75928592    1.56271963    2.14720240    2.03040051    1.74537012    1.79288162    2.20363017    1.90466879    1.95126353    1.65842290    1.22006188
Q12R73_SHEDO/9-120     3.05010670    3.03499483    2.64898272    2.67481772    2.10837995    2.52570232    2.74801097    1.58970604    2.12319440    1.41360380    0.00000000    1.45584257    1.53410965    1.46692991    2.12509580    2.00877339    1.46583969    1.79731529    2.92003150    2.24623301    2.34719045    2.22088816    2.10246914
C7PJE9_CHIPD/30-146     3.07694023    3.39771203    2.85337170    2.47625273    2.11849505    2.73349819    2.94050015    2.78756971    2.50901701    1.77405682    1.45584257    0.00000000    1.97695347    1.95306477    2.48169471    2.36500641    1.79979190    1.87612628    3.27714950    2.19695494    2.35284056    2.24215083    2.19013691
Q5LU66_RUEPO/8-124     2.10862852    2.01296277    1.95356275    2.45590316    2.09296524    2.03976575    1.85212498    1.62712269    2.37602349    1.75928592    1.53410965    1.97695347    0.00000000    0.70597333    1.28119160    1.43982946    1.63616702    1.53642852    2.75746403    2.20953297    2.10292358    2.01805170    1.88216014
A1TQB0_ACIAC/3-119     2.15770884    2.20346203    2.27425513    2.29681593    1.95198325    2.16184741    2.59900583    1.71612550    2.23874002    1.56271963    1.46692991    1.95306477    0.70597333    0.00000000    1.13224104    1.28854030    1.35420275    1.57644837    3.18423581    2.17363421    2.22757285    2.18237431    1.89995020
Q1GM60_RUEST/4-120     2.16847338    2.42824120    2.42661649    2.44929556    2.95800806    2.54188529    2.44420612    2.67209658    2.64341328    2.14720240    2.12509580    2.48169471    1.28119160    1.13224104    0.00000000    0.29596977    2.08068314    2.02081153    3.17628612    2.79463240    2.95364187    2.29305655    2.24859881
Q16B55_ROSDO/5-121     2.34763331    2.50765757    2.59761154    2.52788719    3.07720728    2.75852279    2.57504332    2.53535019    2.58291467    2.03040051    2.00877339    2.36500641    1.43982946    1.28854030    0.29596977    0.00000000    2.05466105    2.29325499    3.27382290    2.89545744    3.09227609    2.25892940    2.13043048
A4YKR3_BRASO/3-119     2.47620881    2.70702288    2.72687634    2.19821948    2.58137376    2.27696328    2.87261114    2.03976081    2.12193839    1.74537012    1.46583969    1.79979190    1.63616702    1.35420275    2.08068314    2.05466105    0.00000000    1.51345739    2.97705017    2.27838624    2.28190908    2.48091350    2.16262959
Q6ARD2_DESPS/3-119     2.88660961    2.93423144    2.81862778    2.39166292    2.17947293    2.67906236    2.75757398    2.10620218    2.51665922    1.79288162    1.79731529    1.87612628    1.53642852    1.57644837    2.02081153    2.29325499    1.51345739    0.00000000    3.07825367    2.77981204    2.70188465    2.48026385    2.40974663
A9AXY9_HERA2/8-126     2.78044479    3.40953843    2.63023580    2.65870290    2.41814879    2.55155639    3.17972817    2.56077747    2.71418319    2.20363017    2.92003150    3.27714950    2.75746403    3.18423581    3.17628612    3.27382290    2.97705017    3.07825367    0.00000000    1.75141595    1.60321368    2.86582415    2.04675836
Q9A9W5_CAUVC/33-150     2.75069491    2.94010965    2.81659147    2.52397409    2.51565433    2.21751086    3.12877366    2.16860789    2.56672412    1.90466879    2.24623301    2.19695494    2.20953297    2.17363421    2.79463240    2.89545744    2.27838624    2.77981204    1.75141595    0.00000000    0.28819543    2.19300476    1.80861565
B4RCF3_PHEZH/43-158     2.37395946    2.69338779    2.85726507    2.57519590    2.42006849    2.44323984    3.16972403    2.44653052    2.56375545    1.95126353    2.34719045    2.35284056    2.10292358    2.22757285    2.95364187    3.09227609    2.28190908    2.70188465    1.60321368    0.28819543    0.00000000    2.37925711    1.88171322
Q5LUH0_RUEPO/5-117     2.41499285    2.46242844    2.34267437    2.30011912    2.23090302    2.59408793    2.17775947    2.02147574    1.93518940    1.65842290    2.22088816    2.24215083    2.01805170    2.18237431    2.29305655    2.25892940    2.48091350    2.48026385    2.86582415    2.19300476    2.37925711    0.00000000    1.40522427
B9J7G6_AGRRK/2-116     2.12645037    2.24246072    2.15449669    1.80474160    2.07595618    1.67169162    2.47563075    1.93498063    1.70623178    1.22006188    2.10246914    2.19013691    1.88216014    1.89995020    2.24859881    2.13043048    2.16262959    2.40974663    2.04675836    1.80861565    1.88171322    1.40522427    0.00000000

