138
G0QJD2_ICHMG/753-960     0.00000000    1.93922690    1.85417766    2.40127233    2.23975825    2.11574585    2.28714176    2.19417455    2.34475491    1.91901956    2.17782159    2.03947418    2.06755557    2.41806744    2.24329308    2.12332285    2.17445767    2.40149824    2.28250258    2.35338268    2.21573252    2.26573993    2.30645357    2.37374283    2.45367924    2.43719233    2.53041357    2.36151365    2.21818224    2.09447093    2.31646542    2.09671650    2.36176317    1.94168977    2.19231317    2.08222002    2.20644101    2.32516073    2.20103974    2.16723930    2.66352541    2.40849452    2.60597823    2.41721379    2.53631404    2.30183661    2.32896655    2.36423302    2.27660399    2.24591330    2.46903967    2.56878874    2.78376351    2.99337705    2.31615589    2.72409653    2.57893065    2.56500088    2.73761855    2.50845360    1.99231962    2.18193164    1.94981581    2.42986515    2.43618661    2.32445442    2.15503682    1.95458961    2.57191792    2.65904426    2.57093852    2.37171962    2.47864587    2.42690329    2.54254605    2.13677494    1.75601576    1.82256628    1.95386788    1.95863996    1.78706217    2.01671216    2.04403091    1.87680922    1.85299181    4.16308978    1.68345427    2.10319380    1.80187334    2.32483533    1.99457112    1.89320551    1.93858096    1.93418733    1.96716741    2.27413025    1.92961441    1.85815476    1.94278543    1.83991401    1.86153509    1.87274445    1.71628612    1.80764231    1.94403180    1.78305893    1.83323905    1.98614552    1.91416371    1.88457143    2.24511399    2.00319572    2.00697910    2.15219622    2.41027751    2.02532112    1.93114297    2.10740961    1.83735460    2.05708829    2.13215309    1.99979746    1.86343106    2.07838378    2.02024320    1.94428113    2.12332965    2.05056108    1.80716917    1.94056683    2.11829113    2.10210404    2.13341485    2.17434683    2.36192375    2.37784321    2.37153346    1.85863673
F4RNV0_MELLP/619-792     1.93922690    0.00000000    0.59630362    1.35693144    1.18816337    1.25224377    1.33590315    1.30321737    1.38070348    1.26410481    1.19852207    1.28044727    1.19863083    1.25551860    1.23226434    1.32374131    1.28101682    1.40513786    1.34014288    1.28746764    1.38177417    1.41341112    1.34248793    1.32722777    1.51736823    1.43647443    1.55946076    1.36070023    1.25463686    1.29861894    1.35705306    1.38673058    1.39173817    1.29433767    1.20556993    1.36850828    1.23435044    1.29674964    1.19296455    1.15467826    1.30215602    1.41742432    1.47072006    1.44613499    1.37773424    1.37864445    1.36721983    1.35390496    1.34600239    1.75266651    1.69044402    1.65468662    1.74108891    1.71923833    1.78076101    1.72341214    1.59262295    1.73494954    1.55856405    1.69628973    1.54607148    1.43583967    1.56241605    1.59447723    1.54077802    1.84608808    1.47656098    1.39747414    1.60097024    1.57404637    1.64081896    1.55486959    1.47028835    1.60470399    1.70059500    1.57900816    1.59052226    1.45708890    1.43450738    1.58322581    1.48856576    1.48747801    1.35838717    1.68883614    1.53608514    3.02044175    1.25117684    1.48883088    1.55256681    1.61051147    1.51789801    1.41760693    1.44752649    1.49364701    1.46710762    1.53818724    1.54203258    1.57952571    1.66316810    1.67833297    1.66032886    1.53581532    1.55176656    1.56350814    1.57672345    1.60001380    1.60486823    1.58535875    1.57047959    1.54497764    1.61753505    1.47890279    1.47615164    1.51462880    1.52473835    1.63532465    1.57331576    1.58206664    1.65080421    1.57564995    1.57298281    1.59398289    1.62705144    1.60971831    1.48996330    1.51029380    1.60530774    1.43858535    1.58596626    1.54004242    1.55882710    1.67649671    1.70659039    1.69940689    1.78975090    1.71899656    1.70034631    1.63542218
E3K6B8_PUCGT/905-1078     1.85417766    0.59630362    0.00000000    1.32377811    1.24091534    1.39299461    1.33790796    1.27348023    1.50281538    1.40877729    1.27922932    1.19083352    1.21261309    1.32983043    1.25024354    1.28222998    1.32664588    1.35642014    1.26276192    1.33472142    1.23828025    1.37427320    1.39611592    1.27729221    1.55120861    1.39233597    1.55424803    1.38861911    1.33993333    1.32175759    1.37294826    1.40571213    1.34712575    1.39318443    1.27089474    1.32172249    1.27494281    1.25874313    1.16397778    1.27552523    1.49318157    1.46278301    1.52287979    1.54024032    1.49705512    1.39088723    1.23050917    1.33792125    1.35921729    1.74752926    1.68408591    1.60894404    1.73917778    1.61880364    1.79592058    1.71348408    1.65094805    1.79423677    1.53316506    1.65168000    1.56960839    1.51017215    1.49305536    1.47397989    1.45803259    1.95063744    1.69310068    1.45391401    1.56792061    1.57646512    1.65642988    1.64641164    1.57764493    1.56243945    1.60842883    1.58071736    1.51733491    1.43970259    1.48117844    1.48809104    1.40954163    1.50876595    1.43896340    1.48618998    1.46870089    3.07979387    1.19309613    1.44832409    1.47295673    1.66459617    1.44715246    1.45677293    1.44514043    1.56555468    1.51942607    1.51343226    1.47078148    1.61021155    1.75078560    1.71201336    1.61085533    1.56533658    1.53869588    1.56653541    1.57819438    1.55945619    1.46565945    1.43386918    1.44015287    1.47202579    1.61573167    1.30828662    1.40519608    1.45510573    1.55707189    1.66006587    1.58557513    1.64719969    1.57027046    1.55632523    1.54481553    1.56069309    1.50554830    1.52720117    1.47828549    1.48827750    1.50302570    1.41837006    1.55612005    1.54635446    1.44361888    1.53531561    1.58384667    1.58485762    1.61638645    1.64273507    1.57511844    1.59420119
U5HFV0_USTV1/954-1133     2.40127233    1.35693144    1.32377811    0.00000000    1.26575502    1.31927861    1.39762019    1.39281101    1.42407129    1.34400835    1.59221952    1.43675151    1.41343604    1.44932230    1.41956136    1.32035984    1.40230647    1.47882800    1.42497070    1.43895584    1.39999799    1.42550643    1.40890694    1.41649455    1.52584845    1.42525909    1.59916177    1.52958510    1.41306482    1.44612044    1.48196074    1.38087566    1.42304736    1.41692465    1.47038340    1.39206944    1.38876506    1.42777016    1.30746127    1.31057132    1.63017299    1.59689454    1.74880934    1.69383284    1.71734893    1.41838168    1.39848411    1.37459484    1.36601314    1.99981919    1.60874199    1.72746828    1.69071400    1.59180988    1.97242953    1.90185408    1.82470634    1.76288980    1.67062395    1.82043700    1.46733841    1.80269047    1.84015557    1.40955231    1.40704408    1.66484308    1.53824506    1.43511400    1.77062613    1.86746268    1.98627684    1.86808164    1.78097070    1.79546787    1.92338514    1.74123361    1.67804501    1.80530269    1.87103944    1.91527312    1.85087501    1.80049328    1.81166067    1.78251337    1.88516144    3.28233748    1.37139573    1.59486092    1.59742949    2.01956236    1.84004364    1.87583246    1.87803693    1.93030196    1.71107989    1.57548838    1.68649949    1.70709864    1.76392769    1.81839560    1.69928389    1.62821298    1.56312708    1.66426922    1.58605815    1.60835112    1.48255355    1.54423894    1.45849786    1.58047844    1.79889773    1.42918998    1.49460642    1.75531197    1.73413505    1.68753143    1.65695620    1.85011820    1.78840283    1.72368910    1.83445543    1.53840749    1.67930967    1.76168626    1.76929693    1.61757571    1.78429269    1.65936778    1.58484002    1.60367546    1.63440222    1.51131913    1.67385278    1.77992777    2.03046654    1.91416282    1.78975407    1.57662444
CLU_CRYNJ/877-1052     2.23975825    1.18816337    1.24091534    1.26575502    0.00000000    0.58731658    1.16666487    1.12046472    1.42024629    1.15660941    1.21093895    1.19451586    1.22917470    1.22619075    1.21055311    1.17486923    1.16329437    1.19167312    1.12015355    1.18585248    1.20671903    1.21423939    1.04093722    1.22779683    1.39679011    1.26683592    1.34741646    1.24160418    1.21794219    1.19833372    1.21273678    1.23687055    1.22738173    1.29699255    1.23284734    1.19632077    1.10814723    1.25667557    1.15422867    1.17013803    1.29336433    1.33705548    1.29659613    1.42229305    1.34149050    1.36455104    1.27146216    1.25363048    1.22588910    1.95286895    1.54392063    1.58117091    1.65503137    1.54481343    1.54066130    1.73647041    1.57842145    1.65793117    1.67601346    1.62796339    1.84745859    1.95459351    2.03120121    1.41019875    1.52103773    1.52355830    1.20911156    1.12366538    2.11090439    1.81369890    1.64698507    1.66636513    1.70090941    1.56046425    1.69892306    1.58120001    1.71548752    1.70959001    1.81808183    1.76053552    1.69511712    1.65944398    1.62281187    1.55450258    1.70494506    2.80352213    1.52274914    1.57127140    1.52342304    1.58919473    1.73113251    1.69250299    1.68322076    1.72985320    1.64037166    1.45003549    1.43946744    1.56377855    1.52259322    1.48241215    1.46001508    1.38079941    1.34489662    1.46449062    1.49989156    1.33248161    1.36829956    1.37846910    1.19939952    1.32250812    1.65031226    1.25504632    1.24095348    1.50811809    1.52736465    1.25981670    1.20698152    1.48159018    1.49584014    1.48652729    1.63953418    1.23925761    1.25402067    1.26244439    1.29667574    1.33140825    1.65677750    1.67959302    1.36861264    1.42226733    1.73754867    1.45666404    1.58096268    1.77869791    1.69959259    1.75022048    1.62835695    1.36705548
K1VEM1_TRIAC/842-1016     2.11574585    1.25224377    1.39299461    1.31927861    0.58731658    0.00000000    1.16673795    1.19302275    1.31974996    1.07750863    1.26650727    1.24436426    1.22074030    1.27787111    1.22149231    1.27991351    1.33494151    1.32894012    1.23770331    1.17690775    1.39219295    1.26199804    1.21386122    1.24373033    1.42268489    1.30182541    1.35666510    1.33256270    1.31244103    1.27472418    1.24493664    1.43613715    1.28212977    1.42328873    1.23032963    1.35416021    1.20136450    1.25205460    1.17879186    1.22694622    1.38121614    1.39091228    1.34256807    1.46444942    1.45028575    1.48938384    1.41070614    1.40484138    1.17128160    1.98697979    1.60909850    1.69078740    1.63549312    1.61363046    1.86036136    1.68514610    1.60470032    1.44937122    1.70071055    1.69280742    1.70082699    1.93735663    2.13276339    1.56412008    1.50375418    1.60643788    1.25311219    1.19255818    1.96166406    1.90668854    1.73911584    1.56281556    1.54188728    1.51779360    1.71702663    1.45879480    1.66936045    1.73326268    1.91144500    1.64450349    1.63922267    1.62822170    1.58991699    1.58310118    1.71117921    2.86379351    1.46293427    1.77574474    1.51311301    1.58940196    1.78636984    1.88492642    1.76715038    1.76914435    1.68073263    1.63303102    1.71411853    1.62821575    1.89736637    1.91033359    1.72422029    1.72205341    1.67120357    1.78663327    1.71159663    1.42830586    1.63078001    1.57314616    1.58836378    1.62066820    1.75199977    1.52585275    1.48496357    1.72743231    1.83857818    1.62743331    1.54567638    1.76942140    1.73836242    1.69930917    1.82873846    1.52440301    1.53087452    1.54468030    1.65477321    1.71122630    2.06622470    1.84541134    1.59711350    1.77664601    1.70958891    1.63906606    1.69760542    1.74691614    1.90192192    2.04843968    1.92738408    1.51521934
CLU_USTMA/802-982     2.28714176    1.33590315    1.33790796    1.39762019    1.16666487    1.16673795    0.00000000    0.19873052    0.97658086    0.82467630    1.25373412    1.18098709    1.25175872    1.33639513    1.28047432    1.23134476    1.34960578    1.28895998    1.22586352    1.12857542    1.24875880    1.14892464    1.24599503    1.18502549    1.35969128    1.27749507    1.37109829    1.28743754    1.26239498    1.21661973    1.25640792    1.23041972    1.24253750    1.23861625    1.26749901    1.28829629    1.29691180    1.22064656    1.18462880    1.28562938    1.45538793    1.31561973    1.40988283    1.41390202    1.34780827    1.31825025    1.28234635    1.33380628    1.28528892    1.92078394    1.57101067    1.68211396    1.66397156    1.60595817    1.82437886    1.60018494    1.57041292    1.50773017    1.56699086    1.69118034    1.64917628    1.62747885    1.82463048    1.56469661    1.36221045    1.52230735    1.30249901    1.19946732    2.14257693    1.99815338    1.80241026    1.91281683    1.95908221    1.97054159    1.70718905    1.51775982    1.80299126    1.84559823    1.76916712    1.89728860    1.78003930    1.80402530    1.68158166    1.65918309    1.84339746    2.96599088    1.45601158    1.65823568    1.41164502    1.65671737    1.89711857    1.82261672    1.78097711    1.80493523    1.66964383    1.59265557    1.37469533    1.46645623    1.83402709    1.79431935    1.63171815    1.65812887    1.61083394    1.66433987    1.46615059    1.42744019    1.54494153    1.48650889    1.54130678    1.42683950    1.65540760    1.36197488    1.36946616    1.58946736    1.49275465    1.40666721    1.35992259    1.55231094    1.62609510    1.61648924    1.67949882    1.32781818    1.35776473    1.55994606    1.37615432    1.39839583    1.65025411    1.62958084    1.36645444    1.38267084    1.48712236    1.51101673    1.63754407    1.66807965    1.72139051    1.70569791    1.65561767    1.35565628
V5ETF4_KALBG/811-991     2.19417455    1.30321737    1.27348023    1.39281101    1.12046472    1.19302275    0.19873052    0.00000000    0.99195330    0.87198611    1.27962938    1.18773904    1.27199190    1.30308200    1.30530597    1.26382579    1.40508001    1.36150388    1.26129401    1.18013212    1.24875577    1.12792923    1.24979500    1.22156837    1.44534227    1.34142736    1.43382212    1.34234270    1.29015922    1.25745351    1.36066193    1.31640232    1.26127317    1.29701768    1.31305328    1.39670468    1.34081193    1.29812127    1.22313667    1.34371727    1.58142014    1.33946551    1.43581731    1.41188139    1.36336791    1.41086872    1.37894461    1.42482815    1.33342345    1.79753142    1.44071757    1.62750363    1.57097951    1.52992506    1.85495718    1.52545320    1.54238902    1.40332218    1.44542808    1.59036386    1.62984952    1.69620327    1.87710097    1.42486732    1.24890844    1.64972963    1.32218850    1.16905986    2.16282802    1.99497721    1.79135991    1.90696767    1.92035144    1.89884650    1.65972426    1.58389951    1.77429303    1.79675370    1.80613116    1.89981278    1.81465220    1.84412091    1.75653107    1.73336315    1.90824081    3.08528334    1.41266170    1.56322390    1.49872251    1.64659211    1.82196998    1.79702430    1.66280927    1.82453050    1.66297730    1.53850528    1.32804247    1.42204026    1.78483435    1.74739505    1.59697540    1.64829158    1.60266909    1.65664342    1.48602511    1.41148502    1.46248399    1.51389383    1.51187560    1.40832032    1.73513782    1.27646224    1.30048377    1.53376990    1.59640029    1.48637117    1.43746051    1.55107396    1.60863265    1.58709633    1.73480780    1.32699621    1.37847642    1.59753027    1.39680364    1.42362613    1.61896750    1.60140792    1.37624255    1.42569755    1.49753026    1.47143029    1.49420428    1.54979130    1.62838924    1.62935589    1.57490691    1.38600455
CLU_MALGO/703-888     2.34475491    1.38070348    1.50281538    1.42407129    1.42024629    1.31974996    0.97658086    0.99195330    0.00000000    0.55852028    1.53603877    1.48087983    1.38202549    1.32813116    1.35974910    1.50947652    1.58233893    1.50412521    1.29601527    1.39197232    1.46333465    1.38050982    1.27111949    1.37164971    1.52650737    1.30942804    1.46204565    1.29134779    1.44931098    1.33841146    1.48739490    1.47914514    1.44113427    1.27805321    1.41858759    1.44169236    1.43057029    1.50967001    1.51993336    1.35790363    1.53916080    1.52463101    1.60602563    1.56775315    1.64297962    1.40588195    1.44203582    1.49643054    1.34190612    2.07953406    1.84310408    1.84702240    1.92344464    1.76494500    1.73717965    1.79017939    1.80947639    1.59923952    1.65087482    1.80466773    1.63391272    1.64444191    1.79738984    1.35349324    1.39210329    1.54773299    1.34109103    1.29544512    1.91549196    1.68684426    2.04048248    1.84504747    1.71574474    1.78075235    1.76596062    1.53855311    1.81262291    1.81897671    1.84916452    1.79073085    1.72924540    1.80861032    1.77328018    1.61075295    1.77193127    3.19594707    1.13411344    1.50361482    1.48948444    1.78975757    1.74712842    1.68996890    1.64585180    1.56942138    1.68326930    1.49349921    1.38898548    1.54231435    1.79246768    1.67542982    1.60766075    1.53892397    1.50042451    1.53533026    1.47255561    1.36148197    1.41956752    1.48320640    1.46311932    1.44806199    1.56819349    1.38054720    1.36927054    1.56805467    1.55584680    1.58710942    1.45384773    1.59412976    1.60024357    1.59855592    1.85232531    1.68780094    1.70242389    1.74929435    1.66390680    1.57552272    1.63371736    1.57157524    1.57261926    1.61342435    1.55609037    1.62441731    1.56346195    1.62311581    1.73285332    1.72868782    1.70663031    1.39818507
M5E7X3_MALS4/693-869     1.91901956    1.26410481    1.40877729    1.34400835    1.15660941    1.07750863    0.82467630    0.87198611    0.55852028    0.00000000    1.43578231    1.29555743    1.20498059    1.29580391    1.24676248    1.30925590    1.37461141    1.40195555    1.22926502    1.23363210    1.22753455    1.16628764    1.24185853    1.27023510    1.42274300    1.21957394    1.25143156    1.14862515    1.24959821    1.14606191    1.25966221    1.26492811    1.17280123    1.04106532    1.18249601    1.29032257    1.21825006    1.28288154    1.18006814    1.14033265    1.30241957    1.29085592    1.38380460    1.35923944    1.38108192    1.27485894    1.28377068    1.32831420    1.22695967    1.74938570    1.62504033    1.54635415    1.61860929    1.45140500    1.45682311    1.56979990    1.53046478    1.50990357    1.61495967    1.56114410    1.37995547    1.44705176    1.73598820    1.02172471    1.09507952    1.64651684    1.35940590    1.30742019    1.70702570    1.58699889    1.77338089    1.55927471    1.45348021    1.50822493    1.36034724    1.36713171    1.66068885    1.65829892    1.70036042    1.63826284    1.58315856    1.60789009    1.58217430    1.55551110    1.60693584    2.69444944    1.19172118    1.44681844    1.37804931    1.53963866    1.61913119    1.56777605    1.49482646    1.55263025    1.60007218    1.46451092    1.42034969    1.44482516    1.71632921    1.59365158    1.47544414    1.42226494    1.45831143    1.43671669    1.54837476    1.26477419    1.45359743    1.45137715    1.44853503    1.45521198    1.61734164    1.31598708    1.31795360    1.42152026    1.37325489    1.40038136    1.34700782    1.49960087    1.54858087    1.64571045    1.66872097    1.46118848    1.45023375    1.56425354    1.49120955    1.47485406    1.55404068    1.47785170    1.56233348    1.59667850    1.56769521    1.43769734    1.53037227    1.48211112    1.65027631    1.64077474    1.65373149    1.36950673
D5G8Q8_TUBMM/735-899     2.17782159    1.19852207    1.27922932    1.59221952    1.21093895    1.26650727    1.25373412    1.27962938    1.53603877    1.43578231    0.00000000    0.63282464    0.66705623    0.86741170    0.80147562    0.80484914    0.79337984    0.87902212    0.86072478    0.85094921    0.96976014    0.85942301    0.84328706    0.78880551    1.01420334    0.95506307    1.02092527    0.90454473    0.85652762    0.81450244    0.91373361    0.84621671    0.94088404    0.80571929    0.73486992    0.80662489    0.71978458    0.81566977    0.69789688    0.74536030    0.89739769    0.92350964    0.97942485    0.89571430    0.93955093    0.78200156    0.86992058    0.84396909    0.76585092    1.37185844    1.21114322    1.24676825    1.36427383    1.17711360    1.30140083    1.11437622    1.09703132    1.08479480    1.13871402    1.06565896    1.54012160    1.63060811    1.64408502    1.26453318    1.27900373    1.38947159    1.36552557    1.22238623    1.95232466    1.69093111    1.68416271    1.67235121    1.72752585    1.71364578    1.94004046    1.51250598    1.65759517    1.78691007    1.76263452    1.77167598    1.80149665    1.68728875    1.60101839    1.73887184    1.85928674    2.57612981    1.41134204    1.37866644    1.40162260    1.78955117    1.74449000    1.74571594    1.69767824    1.68429595    1.77628827    1.45308872    1.53456893    1.49902154    1.73120961    1.72316230    1.59144731    1.62440636    1.63222158    1.66196768    1.77470336    1.74886234    1.44858771    1.53288451    1.44139514    1.53546393    1.75183581    1.36382528    1.40415336    1.60129959    1.69845262    1.42738248    1.45295276    1.45662179    1.50336631    1.51049041    1.56412818    1.40339456    1.33014437    1.40840303    1.36490424    1.47220632    1.66720422    1.58087213    1.45300323    1.53151737    1.75061850    1.68246810    1.73282786    1.71107869    1.87347738    1.81092002    1.73977833    1.40856693
S8C513_DACHA/1026-1190     2.03947418    1.28044727    1.19083352    1.43675151    1.19451586    1.24436426    1.18098709    1.18773904    1.48087983    1.29555743    0.63282464    0.00000000    0.28205437    0.83913819    0.73492818    0.82109538    0.83164457    0.79783328    0.83379601    0.89560460    0.92668729    0.87101225    0.86034041    0.72772602    1.02159946    0.95265851    1.04132407    1.03080788    0.91946773    0.97555823    0.90263735    0.86283833    0.94788357    0.88254102    0.78456614    0.83657301    0.77178305    0.79061791    0.69040814    0.82865274    1.01456791    1.00220936    1.06096587    1.05508946    1.01420515    0.84682981    0.85988046    0.85584341    0.81120889    1.40540185    1.27983722    1.28579714    1.31726813    1.28475439    1.33264621    1.19875275    1.19728665    1.26777803    1.21873458    1.31548178    1.42912343    1.74098666    1.81161112    1.32480275    1.27046602    1.39629285    1.34383729    1.21104096    1.76464948    1.62456163    1.66364546    1.77335191    1.63557094    1.62097972    1.76146013    1.49633900    1.62764790    1.70181957    1.72346063    1.78315282    1.78596083    1.60630697    1.60600665    1.68290722    1.74766825    2.79631605    1.33392828    1.52349230    1.34086541    1.72790459    1.83840657    1.66456732    1.70388267    1.74091726    1.64223089    1.64403560    1.50382868    1.69278669    1.80386921    1.79847735    1.70051111    1.72904234    1.76446247    1.76551364    1.72327638    1.67556560    1.59875063    1.63519087    1.51097067    1.57300233    1.71257173    1.35125280    1.43208051    1.66976416    1.60701476    1.68756330    1.62949254    1.45932646    1.53569196    1.49996853    1.62862550    1.48226138    1.48207986    1.49679335    1.48855118    1.47023957    1.64272650    1.59190968    1.38164810    1.39839327    1.67794571    1.57156294    1.76022553    1.72526704    1.90230012    1.87849273    1.77785264    1.37008306
G1XAN7_ARTOA/719-883     2.06755557    1.19863083    1.21261309    1.41343604    1.22917470    1.22074030    1.25175872    1.27199190    1.38202549    1.20498059    0.66705623    0.28205437    0.00000000    0.82636392    0.77517373    0.90661799    0.83019541    0.82744894    0.77329196    0.88286041    0.95339811    0.88013895    0.91431961    0.81348627    1.07842544    0.92633993    1.02146611    1.04548593    0.92703168    0.98577125    0.90884094    0.92107858    0.89070650    0.79366019    0.68351564    0.83587335    0.72466978    0.79534432    0.76137718    0.63848756    0.92601123    0.88069914    0.91399221    0.94910064    0.92482239    0.77123232    0.86939259    0.85328711    0.77390548    1.37926436    1.26409983    1.33406224    1.39430044    1.27223765    1.37540486    1.18794398    1.26089234    1.28499135    1.20868058    1.35209942    1.34209168    1.65881367    1.74904644    1.34211301    1.31040311    1.50073312    1.41791641    1.32718831    1.87619710    1.59832193    1.70172946    1.87613108    1.74535820    1.80003001    1.79401669    1.46143555    1.59975417    1.73211853    1.74173258    1.82622754    1.86505021    1.73372013    1.68186171    1.69863515    1.86736598    2.78600341    1.33978054    1.53327293    1.37830545    1.68005379    1.75580255    1.55984809    1.64384355    1.65899394    1.62205657    1.60304958    1.52013913    1.70716472    1.86474621    1.85919687    1.78347420    1.78457870    1.81867768    1.81883869    1.78248108    1.71121096    1.67117772    1.63474483    1.59596295    1.61859417    1.77193228    1.49265624    1.53800902    1.72735195    1.69496897    1.70886177    1.61692893    1.58396101    1.57586862    1.56801045    1.61938115    1.52384777    1.50662618    1.59576872    1.57041317    1.56006322    1.60304000    1.53850419    1.43306043    1.42085686    1.61959728    1.50700175    1.73583490    1.68139549    2.02895265    1.98552208    1.91911364    1.46047222
L8G0R6_PSED2/735-897     2.41806744    1.25551860    1.32983043    1.44932230    1.22619075    1.27787111    1.33639513    1.30308200    1.32813116    1.29580391    0.86741170    0.83913819    0.82636392    0.00000000    0.43824977    0.48402193    0.51077367    0.60007146    0.71718838    0.64635316    0.71597052    0.60267340    0.67493337    0.62203565    0.67957522    0.67820172    0.72912095    0.77474313    0.65252790    0.71945748    0.68504900    0.67080468    0.70483104    0.75528547    0.69162689    0.67786451    0.65949357    0.69360473    0.61952221    0.60846112    0.81964519    0.87421447    0.89491581    0.88051528    0.88373425    0.70319379    0.72133007    0.70476826    0.63883093    1.37976501    1.41448785    1.42407872    1.41203384    1.37720051    1.50427142    1.30340761    1.41876330    1.22978923    1.19862628    1.24105280    1.44318437    1.63234152    1.55559199    1.32724966    1.32025032    1.31867602    1.44091329    1.24987494    1.94641310    1.79045074    1.72053766    1.72056843    1.75334242    1.68710215    2.05004573    1.62884154    1.75788549    2.01918502    2.01703770    1.80305172    1.73208026    1.87635061    1.76522561    1.75793194    1.84790741    2.98915679    1.57581213    1.54846092    1.45746267    1.89727669    1.74124136    1.65388276    1.68198167    1.54632039    1.67886952    1.64591280    1.62160317    1.74780367    1.71774560    1.61403181    1.60969270    1.61216053    1.61412415    1.59160835    1.73030689    1.64327132    1.57147102    1.58854983    1.60271258    1.54332475    1.80357805    1.36959584    1.37513309    1.72596201    1.73798744    1.75347852    1.60480904    1.49891521    1.54903317    1.43034560    1.67865269    1.59540429    1.39559175    1.47827524    1.46244958    1.56633516    1.59905523    1.55520579    1.40524184    1.56755309    1.74399137    1.74454027    1.83883247    1.82145280    1.69024020    1.86328457    1.73605642    1.57452538
M7U7H7_BOTF1/748-910     2.24329308    1.23226434    1.25024354    1.41956136    1.21055311    1.22149231    1.28047432    1.30530597    1.35974910    1.24676248    0.80147562    0.73492818    0.77517373    0.43824977    0.00000000    0.33324025    0.36432650    0.61435356    0.67354437    0.62532837    0.64348977    0.62166646    0.61009731    0.60729248    0.52607786    0.60558758    0.67939359    0.62542773    0.52461584    0.55432947    0.53550108    0.56687417    0.60117772    0.76922698    0.61590245    0.55204466    0.60015728    0.61915474    0.65144151    0.55972187    0.80436393    0.76066005    0.92459998    0.80316921    0.75469196    0.62463045    0.72454595    0.74854424    0.65901029    1.33909743    1.29491107    1.25220409    1.34862341    1.26073834    1.21833612    1.20484465    1.24552850    1.22486402    1.10939837    1.23384260    1.32236256    1.64197904    1.52510298    1.21483594    1.26063897    1.31368675    1.35226941    1.21826187    1.74727325    1.56055383    1.58027812    1.70676412    1.81723101    1.67662132    1.76669004    1.56650014    1.74261282    1.87230791    1.93831188    1.78796030    1.79645441    1.86701525    1.72761340    1.80959965    1.87102241    2.79644010    1.42054008    1.60328281    1.44336864    1.69283935    1.78496658    1.76978095    1.81620215    1.81191611    1.71480086    1.57487451    1.61299218    1.60309886    1.53944763    1.48697783    1.40289805    1.39909046    1.39969633    1.41419940    1.68566211    1.57685377    1.49154546    1.57411220    1.49008016    1.38331124    1.72296385    1.31145999    1.32288576    1.57350836    1.64207260    1.54652755    1.48509872    1.40052316    1.43086094    1.40478779    1.50666288    1.51050662    1.42176770    1.52595319    1.45399512    1.54834314    1.53741002    1.46408481    1.43332259    1.48573991    1.67682658    1.64422453    1.70911877    1.66778798    1.70829835    1.82952288    1.74237277    1.39213925
K1XKS3_MARBU/754-916     2.12332285    1.32374131    1.28222998    1.32035984    1.17486923    1.27991351    1.23134476    1.26382579    1.50947652    1.30925590    0.80484914    0.82109538    0.90661799    0.48402193    0.33324025    0.00000000    0.31981345    0.59885475    0.64035067    0.58220628    0.63471172    0.61524555    0.56729295    0.62026295    0.55508504    0.62045349    0.63205284    0.61722251    0.60784717    0.56976838    0.60490331    0.61309465    0.66778959    0.70770986    0.62220283    0.54990564    0.54309920    0.60402080    0.60181818    0.60857666    0.83798269    0.76086580    0.96228735    0.85202060    0.82603174    0.69160771    0.77243549    0.80047969    0.75206281    1.34208755    1.38706419    1.32313610    1.46650450    1.17264374    1.33618082    1.31203686    1.41698255    1.20552538    1.16307623    1.12368140    1.42080389    1.60159575    1.50630730    1.24443421    1.33507450    1.38272145    1.36745719    1.14629948    1.72602898    1.57664320    1.64200535    1.59056275    1.63738743    1.55144033    1.93873887    1.60813339    1.66982925    1.89380258    1.92496962    1.86277269    1.81516516    1.84075483    1.76489036    1.70109408    1.82643253    2.93161229    1.52917687    1.51466303    1.42053627    1.71756337    1.67926133    1.64823993    1.68990933    1.64716346    1.57915114    1.54069374    1.60269030    1.54661140    1.54040105    1.51315832    1.46059335    1.44732169    1.43381863    1.46273064    1.53261776    1.38991634    1.37333905    1.48392093    1.34114637    1.34386004    1.65754538    1.18519327    1.19277049    1.37996629    1.53563461    1.50480789    1.44399389    1.36766208    1.35581090    1.33203405    1.54882011    1.49174140    1.24951771    1.42160172    1.37286932    1.43010170    1.50979607    1.43813944    1.33207290    1.38093376    1.62248174    1.66146270    1.68886218    1.68649352    1.74152203    1.79822194    1.67902277    1.37537476
S3ECQ9_GLAL2/738-900     2.17445767    1.28101682    1.32664588    1.40230647    1.16329437    1.33494151    1.34960578    1.40508001    1.58233893    1.37461141    0.79337984    0.83164457    0.83019541    0.51077367    0.36432650    0.31981345    0.00000000    0.56351290    0.63457897    0.61480856    0.64073995    0.54715983    0.61284218    0.60315851    0.60789148    0.61135795    0.64064895    0.60865186    0.58286606    0.58069135    0.55796151    0.61467057    0.66406613    0.78326504    0.69502805    0.64421715    0.56854828    0.68297026    0.61041949    0.60264235    0.79466816    0.80306133    0.96981307    0.89924621    0.87436800    0.69214217    0.77167374    0.74181695    0.71392348    1.41177775    1.41557411    1.41831567    1.43911639    1.28271456    1.35574901    1.37038156    1.47719423    1.21447019    1.16040581    1.25922823    1.44632918    1.77658115    1.66759002    1.16647273    1.28948616    1.35873389    1.34501194    1.27884416    1.94546860    1.68221429    1.63946383    1.71315184    1.90026445    1.78964333    1.97309518    1.65090437    1.67596989    1.96414718    1.92500616    1.74755966    1.79873205    1.82291393    1.74730008    1.71936126    1.84817517    2.85761128    1.48692096    1.52212281    1.47227797    1.62446491    1.58361836    1.67568020    1.66925193    1.72258151    1.54068882    1.53547734    1.52158819    1.59668735    1.62317854    1.54744795    1.50867973    1.49138086    1.50054024    1.50682165    1.69691497    1.52711875    1.44440964    1.57092680    1.48062878    1.40062530    1.70414120    1.31462899    1.30312589    1.53521251    1.65659596    1.44578266    1.46223664    1.41925832    1.45330033    1.41067058    1.59441501    1.52750957    1.37013726    1.42047522    1.33983784    1.41583120    1.49732113    1.43505401    1.45262994    1.52241574    1.66203176    1.68986077    1.76605112    1.71610929    1.72021399    1.85834219    1.72474776    1.41873720
L2FMI6_COLFN/754-916     2.40149824    1.40513786    1.35642014    1.47882800    1.19167312    1.32894012    1.28895998    1.36150388    1.50412521    1.40195555    0.87902212    0.79783328    0.82744894    0.60007146    0.61435356    0.59885475    0.56351290    0.00000000    0.46101072    0.49903464    0.46228896    0.42151875    0.48642777    0.39092644    0.56501152    0.60025494    0.61817508    0.59103508    0.50145520    0.51347028    0.57231913    0.57242824    0.69486501    0.75556880    0.64943340    0.66202211    0.66963485    0.66919138    0.63486582    0.61340118    0.92007601    0.90347048    0.92166525    0.84320503    0.91585228    0.68868213    0.75438302    0.73779606    0.66762603    1.48881582    1.34398156    1.42342780    1.45168698    1.31521597    1.34017260    1.34248088    1.39164027    1.23034154    1.18274381    1.15180898    1.27302714    1.67103151    1.65547709    1.38539801    1.29536509    1.35842576    1.47768531    1.21910858    1.92897075    1.77842428    1.73649217    1.75371206    1.84003110    1.76642060    2.07839077    1.58206232    1.56594560    1.71388538    1.74635629    1.71274874    1.71266975    1.66529722    1.58005179    1.58476883    1.69901299    2.65739478    1.54362628    1.67664823    1.43429659    1.90574451    1.67458428    1.66925299    1.62655767    1.63118450    1.69054769    1.52346210    1.65650093    1.49380643    1.63677620    1.55609252    1.51105004    1.50520714    1.49941138    1.44736757    1.66099009    1.57375351    1.53527963    1.66913163    1.51535503    1.43412359    1.69302021    1.33921780    1.34327448    1.53345384    1.64295487    1.61291653    1.36878994    1.31079166    1.35368547    1.35582378    1.62100605    1.44253346    1.40612323    1.43267195    1.36727199    1.42817105    1.57396244    1.51246017    1.48970873    1.53020617    1.81658917    1.78483232    1.82757062    1.78968683    1.85346761    1.85399848    1.84109083    1.37099164
G2X8Y6_VERDV/721-883     2.28250258    1.34014288    1.26276192    1.42497070    1.12015355    1.23770331    1.22586352    1.26129401    1.29601527    1.22926502    0.86072478    0.83379601    0.77329196    0.71718838    0.67354437    0.64035067    0.63457897    0.46101072    0.00000000    0.57646455    0.61195592    0.59222175    0.52285945    0.53442162    0.68432277    0.72767543    0.76866714    0.66141721    0.59225673    0.58891137    0.61669981    0.72059422    0.72518404    0.84017308    0.67868080    0.79721781    0.69696719    0.81191523    0.72669624    0.65898697    0.82173321    0.98177509    0.92151157    0.85168758    0.90702992    0.73148152    0.77500299    0.75729807    0.64208423    1.46081777    1.37260832    1.42786616    1.41358782    1.33120993    1.38381404    1.21493953    1.25005591    1.26919406    1.18239675    1.24700735    1.35289673    1.49617276    1.46175041    1.26304563    1.23313304    1.41439125    1.38202307    1.20863980    1.94870782    1.71997722    1.54263309    1.50638502    1.53840075    1.57061208    1.82401538    1.36722860    1.44813963    1.45150411    1.59334060    1.51133509    1.63626642    1.50485626    1.43889071    1.46745366    1.64469394    2.85199398    1.43756598    1.49738766    1.41913019    1.70420262    1.59899029    1.42220658    1.47125769    1.54153162    1.47348192    1.47557175    1.56125779    1.61295377    1.55182621    1.46146512    1.45631260    1.43772385    1.43115367    1.39223461    1.58865269    1.47774227    1.53778616    1.54666003    1.44195555    1.43597958    1.66466162    1.36387986    1.43496479    1.54467421    1.52089967    1.39470485    1.25202045    1.39820495    1.45135854    1.33554226    1.56615385    1.39288052    1.36632713    1.37285609    1.34515830    1.41834448    1.62749579    1.50361886    1.38929851    1.50831673    1.60098147    1.46723233    1.66018453    1.60135264    1.70060117    1.68216050    1.70791777    1.42493802
G3JH88_CORMM/786-948     2.35338268    1.28746764    1.33472142    1.43895584    1.18585248    1.17690775    1.12857542    1.18013212    1.39197232    1.23363210    0.85094921    0.89560460    0.88286041    0.64635316    0.62532837    0.58220628    0.61480856    0.49903464    0.57646455    0.00000000    0.50904910    0.43360365    0.46030491    0.41754587    0.73799307    0.66263746    0.71198777    0.73540258    0.68682004    0.64315615    0.63435390    0.65252825    0.71089766    0.76452584    0.56844886    0.61408791    0.63824008    0.67327639    0.64168790    0.54748531    0.79815393    0.86573524    0.90445005    0.76980499    0.80027952    0.74712939    0.79917389    0.79487548    0.67654287    1.42654232    1.30602460    1.40923798    1.44506548    1.29552406    1.44824867    1.26555149    1.35685857    1.25229562    1.21766235    1.19055222    1.40033318    1.63726644    1.57615007    1.33030975    1.34123253    1.49606041    1.40684871    1.16153520    1.96865873    1.78237269    1.69376373    1.66706371    1.68321476    1.58645430    1.99568737    1.60779626    1.70199269    1.80701780    1.87308023    1.64933565    1.75608863    1.78342725    1.67837825    1.73188939    1.81945641    2.75166748    1.56313067    1.54125504    1.44440844    1.78264579    1.65858174    1.70639917    1.71671313    1.69457803    1.57236528    1.49795138    1.47725132    1.46570601    1.62592878    1.60960603    1.52488239    1.45222905    1.45066696    1.50550716    1.58894139    1.47771132    1.44642706    1.47619206    1.38382361    1.36641141    1.62973519    1.27929758    1.29251791    1.47237877    1.55633888    1.47472776    1.36224393    1.31650783    1.33758635    1.30272053    1.45179738    1.45700512    1.34043832    1.50712585    1.38821756    1.40927476    1.41389325    1.41811520    1.44192542    1.54203300    1.81515938    1.63889850    1.84787039    1.85921500    1.71879464    1.79412524    1.71796234    1.37625819
