27
C5YQK4_SORBI/8-52     0.00000000    0.26681122    0.66078476    0.54071388    0.74065259    0.85664488    0.76253398    0.65603903    0.63441782    0.30574346    0.27142901    0.49741288    0.92268215    0.63883465    0.54313493    0.61316225    1.03233582    3.94416161    3.32722428    1.23886936    1.04960887    1.09614192    1.93056410    1.28805669    0.45828427    0.57314311    0.38457132
W1PB71_AMBTC/5-49     0.26681122    0.00000000    0.38259004    0.39047271    0.57027636    0.63025873    0.61575530    0.45918650    0.47752149    0.25250375    0.37227285    0.35115651    0.70250641    0.52195634    0.65766997    0.67160586    0.88365106    3.34200812    3.02672678    1.17012178    0.89224659    0.99695152    1.42059627    0.95039531    0.46164074    0.48090810    0.42839089
K4A599_SETIT/5-50     0.66078476    0.38259004    0.00000000    0.28833540    0.28227353    0.36796006    0.31960622    0.33022053    0.47931399    0.45156471    0.57679756    0.72441138    0.76357710    0.69837822    0.84104119    0.96498847    0.94278292    4.25196818    3.63748081    1.36454106    1.10873689    1.07962768    1.51776822    0.99606362    0.53591345    0.49613428    0.61131919
K3Z3F7_SETIT/5-50     0.54071388    0.39047271    0.28833540    0.00000000    0.38973341    0.49136356    0.43357013    0.28720849    0.62049539    0.48724553    0.68241170    0.74673324    0.85800711    0.75220668    0.73846076    0.95895369    1.02254320    4.14044282    3.57259781    1.17913129    0.96372032    1.08172978    1.47375383    1.11801107    0.71987621    0.74512327    0.77442299
I1K2D4_SOYBN/5-50     0.74065259    0.57027636    0.28227353    0.38973341    0.00000000    0.25974076    0.32937076    0.27801004    0.74443853    0.58487430    0.72645819    0.88463233    0.88111761    0.91681642    1.00262158    0.94135935    0.93354258    3.94127995    3.17855673    1.34679034    1.11044517    1.30404954    1.27557145    0.94055352    0.78539308    0.83010229    0.81015935
B9SGZ9_RICCO/5-50     0.85664488    0.63025873    0.36796006    0.49136356    0.25974076    0.00000000    0.34239817    0.32723121    0.84394958    0.72845469    0.88960906    1.02355425    1.17433532    1.11142285    1.03762666    1.15078277    0.89774531    3.93580590    3.10197529    1.26021090    1.03704749    1.24943874    1.38326021    1.07472097    0.94777611    0.91025179    0.89799975
M4FFR6_BRARP/5-49     0.76253398    0.61575530    0.31960622    0.43357013    0.32937076    0.34239817    0.00000000    0.24694564    0.68180368    0.60263764    0.76518416    0.90473482    0.88449455    0.89909642    1.01159243    0.92020693    1.01961876    3.84774935    3.53183475    1.34714440    1.09826493    1.17595540    1.61714953    0.96623228    0.82972592    0.69378080    0.76098286
B9R709_RICCO/5-50     0.65603903    0.45918650    0.33022053    0.28720849    0.27801004    0.32723121    0.24694564    0.00000000    0.65715165    0.52585640    0.60482396    0.73114678    0.77651673    0.92357884    0.87492433    0.82218913    0.84237088    3.89914942    3.16911014    1.16270712    0.91093697    1.09057160    1.44122776    0.95392660    0.71662048    0.77919800    0.78800954
D7THS9_VITVI/5-49     0.63441782    0.47752149    0.47931399    0.62049539    0.74443853    0.84394958    0.68180368    0.65715165    0.00000000    0.44954889    0.51881420    0.54807523    0.70799704    0.66199194    0.70735555    0.96212199    1.31307208    3.80657466    3.55843152    1.31574543    1.08021556    1.20414723    2.01235467    1.20170384    0.52140781    0.46727905    0.56715961
F6HHY6_VITVI/5-49     0.30574346    0.25250375    0.45156471    0.48724553    0.58487430    0.72845469    0.60263764    0.52585640    0.44954889    0.00000000    0.26921399    0.43006289    0.60871429    0.45127017    0.67202726    0.76734480    1.10084958    3.13417873    2.96629754    1.29362654    1.03015308    0.95523748    1.73901500    1.32355246    0.41811851    0.42714219    0.46374027
K3ZH19_SETIT/8-53     0.27142901    0.37227285    0.57679756    0.68241170    0.72645819    0.88960906    0.76518416    0.60482396    0.51881420    0.26921399    0.00000000    0.39296690    0.59871766    0.51145690    0.68171380    0.72421780    1.06208812    3.70628726    3.15599948    1.19863942    1.05782745    1.09392735    1.98023175    1.23973652    0.28976256    0.39166569    0.31529823
K7MY99_SOYBN/5-49     0.49741288    0.35115651    0.72441138    0.74673324    0.88463233    1.02355425    0.90473482    0.73114678    0.54807523    0.43006289    0.39296690    0.00000000    0.50124361    0.43753011    0.52909535    0.67592910    1.09005281    4.35476964    4.79152888    1.21159180    1.13589879    1.12664285    1.56536393    1.09495398    0.47738511    0.51593678    0.47928017
D7LVR5_ARALL/4-48     0.92268215    0.70250641    0.76357710    0.85800711    0.88111761    1.17433532    0.88449455    0.77651673    0.70799704    0.60871429    0.59871766    0.50124361    0.00000000    0.31620525    0.67019281    0.96448404    1.06069687    3.91186233    4.28111737    1.38191414    1.20425990    1.20661541    1.60058892    1.18759669    0.49733418    0.62877573    0.68607389
M4DK97_BRARP/4-48     0.63883465    0.52195634    0.69837822    0.75220668    0.91681642    1.11142285    0.89909642    0.92357884    0.66199194    0.45127017    0.51145690    0.43753011    0.31620525    0.00000000    0.73814903    0.90087429    1.14848880    3.54465377    3.80491357    1.27992535    1.12944751    1.14316959    1.65510446    1.32708861    0.43383871    0.53533162    0.48053698
M1AYJ9_SOLTU/8-50     0.54313493    0.65766997    0.84104119    0.73846076    1.00262158    1.03762666    1.01159243    0.87492433    0.70735555    0.67202726    0.68171380    0.52909535    0.67019281    0.73814903    0.00000000    0.72892407    0.91071488    4.62542133    4.10705392    1.02916922    0.98853368    0.82649637    1.65967603    1.10360949    0.56258512    0.74635369    0.50398230
I1JGA0_SOYBN/8-50     0.61316225    0.67160586    0.96498847    0.95895369    0.94135935    1.15078277    0.92020693    0.82218913    0.96212199    0.76734480    0.72421780    0.67592910    0.96448404    0.90087429    0.72892407    0.00000000    0.99539001    5.27335328    4.59700790    1.13173744    1.06556272    1.06410262    1.67536466    0.91090711    0.78293220    1.12353704    0.87782367
M4CEY0_BRARP/29-71     1.03233582    0.88365106    0.94278292    1.02254320    0.93354258    0.89774531    1.01961876    0.84237088    1.31307208    1.10084958    1.06208812    1.09005281    1.06069687    1.14848880    0.91071488    0.99539001    0.00000000    3.00192915    2.38722888    0.37163546    0.39008336    0.21428278    0.75502165    0.61919877    1.02384188    1.29767625    0.95026539
A4HH51_LEIBR/39-89     3.94416161    3.34200812    4.25196818    4.14044282    3.94127995    3.93580590    3.84774935    3.89914942    3.80657466    3.13417873    3.70628726    4.35476964    3.91186233    3.54465377    4.62542133    5.27335328    3.00192915    0.00000000    0.40823725    3.15909153    2.97045442    2.56929320    3.27630509    3.98320211    3.36076273    3.14323460    3.73870982
E9ADQ1_LEIMA/39-97     3.32722428    3.02672678    3.63748081    3.57259781    3.17855673    3.10197529    3.53183475    3.16911014    3.55843152    2.96629754    3.15599948    4.79152888    4.28111737    3.80491357    4.10705392    4.59700790    2.38722888    0.40823725    0.00000000    2.48483533    2.32327704    2.13554386    3.19464449    3.58559166    2.96510352    2.71091210    2.82734470
D7MCG5_ARALL/27-71     1.23886936    1.17012178    1.36454106    1.17913129    1.34679034    1.26021090    1.34714440    1.16270712    1.31574543    1.29362654    1.19863942    1.21159180    1.38191414    1.27992535    1.02916922    1.13173744    0.37163546    3.15909153    2.48483533    0.00000000    0.27586070    0.25369575    0.86693721    0.77332637    1.19702377    1.32046998    1.20967884
I1KVR4_SOYBN/44-87     1.04960887    0.89224659    1.10873689    0.96372032    1.11044517    1.03704749    1.09826493    0.91093697    1.08021556    1.03015308    1.05782745    1.13589879    1.20425990    1.12944751    0.98853368    1.06556272    0.39008336    2.97045442    2.32327704    0.27586070    0.00000000    0.23590609    0.87227645    0.88840261    1.07074722    1.17756326    1.03254821
J3LA39_ORYBR/36-79     1.09614192    0.99695152    1.07962768    1.08172978    1.30404954    1.24943874    1.17595540    1.09057160    1.20414723    0.95523748    1.09392735    1.12664285    1.20661541    1.14316959    0.82649637    1.06410262    0.21428278    2.56929320    2.13554386    0.25369575    0.23590609    0.00000000    0.79706675    0.81075880    1.04992264    1.26753205    1.00679028
Q70TF0_PHYPA/25-67     1.93056410    1.42059627    1.51776822    1.47375383    1.27557145    1.38326021    1.61714953    1.44122776    2.01235467    1.73901500    1.98023175    1.56536393    1.60058892    1.65510446    1.65967603    1.67536466    0.75502165    3.27630509    3.19464449    0.86693721    0.87227645    0.79706675    0.00000000    0.93307902    2.10226275    2.18809128    2.06797752
D8QTC3_SELML/15-57     1.28805669    0.95039531    0.99606362    1.11801107    0.94055352    1.07472097    0.96623228    0.95392660    1.20170384    1.32355246    1.23973652    1.09495398    1.18759669    1.32708861    1.10360949    0.91090711    0.61919877    3.98320211    3.58559166    0.77332637    0.88840261    0.81075880    0.93307902    0.00000000    1.25770559    1.41638065    1.28827456
C5Y458_SORBI/8-52     0.45828427    0.46164074    0.53591345    0.71987621    0.78539308    0.94777611    0.82972592    0.71662048    0.52140781    0.41811851    0.28976256    0.47738511    0.49733418    0.43383871    0.56258512    0.78293220    1.02384188    3.36076273    2.96510352    1.19702377    1.07074722    1.04992264    2.10226275    1.25770559    0.00000000    0.26082874    0.24389883
M0U180_MUSAM/5-49     0.57314311    0.48090810    0.49613428    0.74512327    0.83010229    0.91025179    0.69378080    0.77919800    0.46727905    0.42714219    0.39166569    0.51593678    0.62877573    0.53533162    0.74635369    1.12353704    1.29767625    3.14323460    2.71091210    1.32046998    1.17756326    1.26753205    2.18809128    1.41638065    0.26082874    0.00000000    0.27403222
M0V8W6_HORVV/5-50     0.38457132    0.42839089    0.61131919    0.77442299    0.81015935    0.89799975    0.76098286    0.78800954    0.56715961    0.46374027    0.31529823    0.47928017    0.68607389    0.48053698    0.50398230    0.87782367    0.95026539    3.73870982    2.82734470    1.20967884    1.03254821    1.00679028    2.06797752    1.28827456    0.24389883    0.27403222    0.00000000

