72
G4QGI5_GLANF/518-853     0.00000000    2.00800509    2.90944331    2.25729216    2.32964358    2.51931834    2.41640935    2.64085764    2.52704950    2.54409720    2.52361192    2.21517466    2.12607002    2.32952576    2.55346856    2.19778448    2.22875383    2.77386573    2.32594542    2.47219874    3.25508655    2.52969124    2.79281017    2.65147242    2.90011859    2.84798049    2.76836558    3.06743674    3.01066431    2.74809005    2.97041554    2.85884978    2.84099873    2.85665986    2.95449138    2.94112989    2.82969241    3.28180285    3.04481112    3.36227240    3.24765298    3.08650754    3.15429908    3.03517425    2.84905399    2.63263343    2.80981852    2.74499030    2.96563963    2.64034763    2.64688325    2.95963932    2.89610095    3.24894143    3.01509453    2.83572476    2.82889529    3.01224136    2.84343085    2.86495612    2.75635405    2.69155367    2.62234479    2.72309723    2.68316889    2.82904008    2.69975562    2.47625908    2.64491077    2.70697064    2.90308025    2.08702372
V5SGX6_9RHIZ/550-888     2.00800509    0.00000000    2.57334856    1.72245719    1.91119031    1.83555999    1.83428649    1.97246131    1.91290859    2.02180902    2.14262520    1.74242840    1.80235365    1.87204539    1.84407490    1.82261546    1.96298917    2.46233104    2.35153091    2.37079973    3.51994960    2.23752948    2.44502797    2.32375682    2.37076654    2.20744366    2.24865469    2.54655397    2.51553299    2.35608586    2.33572716    2.53183206    2.55015932    2.76256082    2.81633176    2.76843385    2.61405937    3.06162870    3.06883390    3.32095297    2.96814683    2.89528697    2.91511066    2.52682422    2.58654685    2.24784369    2.16105257    2.15898742    2.86072119    2.19330512    2.11355474    2.29552480    2.28670266    2.45555278    2.36610919    2.39470292    2.35045571    2.31589706    2.49080744    2.56400753    2.56069487    2.50282689    2.37900940    2.40763650    2.31566084    2.42354902    2.33252091    2.37816271    2.46731769    2.08748249    2.62767436    2.14552887
A1SUV5_PSYIN/489-825     2.90944331    2.57334856    0.00000000    2.11935207    2.01646160    2.21411204    2.16256081    2.15468874    2.10540789    2.25227114    2.22864014    2.37729137    2.25810372    2.28851406    2.43056465    2.44280290    2.48379399    2.46254946    2.56418231    2.63314661    3.37198917    2.55451545    2.67945296    2.63382538    2.76857971    2.66402832    2.67560063    2.63973475    2.51182061    2.62460012    2.41610222    2.91286586    2.90112489    3.00866178    3.08233460    2.88228551    2.66650991    3.18141800    2.95143747    3.28971336    3.32691908    3.14070983    3.16724197    2.77618834    2.68439037    2.89769694    2.91315098    2.87023165    2.62684179    2.34485493    2.65482049    3.04870498    2.59345722    2.82701280    2.65890715    2.74989973    2.53107317    2.95385816    2.73295311    2.60957954    2.77919501    2.52209945    2.32397596    2.42054874    2.40654698    2.56645939    2.73165107    2.64119116    2.49589269    2.86475814    3.01813035    2.44455521
L0GUP8_9GAMM/528-865     2.25729216    1.72245719    2.11935207    0.00000000    0.77710408    0.79116827    0.67102780    1.40994196    1.45039248    1.49607599    1.66504627    1.51511534    1.45369246    1.70507666    1.65400384    1.75062725    2.04837476    2.15177838    2.36017265    2.10819246    2.92955227    2.23569733    2.31031383    2.13999239    2.20539140    2.12848358    2.10593214    2.27810985    2.29571624    2.18933487    2.20905326    2.49818711    2.45044859    2.59693501    2.68226144    2.61865489    2.33225570    2.99061660    2.82146688    3.03041984    2.95678721    2.87684450    2.89909911    2.35637523    2.27146850    2.49661617    2.50299490    2.35168164    2.68791503    2.06299408    2.23671880    2.35966031    2.19303000    2.32348524    2.34169431    2.38201422    2.28831973    2.49277306    2.45208555    2.44704154    2.26394092    2.27426103    2.22049873    2.24388253    2.24470776    2.22683079    2.29339865    2.35585335    2.29128465    2.47910636    2.76350390    2.07563182
W0E3Z1_MARPU/513-849     2.32964358    1.91119031    2.01646160    0.77710408    0.00000000    0.60960449    0.48726814    1.53103922    1.60897563    1.69752167    1.67114672    1.62331399    1.65849778    1.77493959    1.66702411    1.75030721    1.99307502    2.39276494    2.19873617    2.13620707    2.99648703    2.30588069    2.32010940    1.97144547    2.18770296    1.89935398    2.30396098    2.27398679    2.25566841    2.13418802    2.07210531    2.57689650    2.53374213    2.73109091    2.85475020    2.51314698    2.38338941    3.18242260    2.96936846    3.04691629    3.12923213    3.23384624    3.05952311    2.47346271    2.36924404    2.29113919    2.39194254    2.32310146    2.51233221    1.94314015    2.20222046    2.62208131    2.48807922    2.77990490    2.64408272    2.58269579    2.26837899    2.47501842    2.47256836    2.76837204    2.32623306    2.24558938    2.24993451    2.27409579    2.26060597    2.22220349    2.41152226    2.40752599    2.44829219    2.52655597    2.86985974    2.03438281
D3RTH8_ALLVD/528-871     2.51931834    1.83555999    2.21411204    0.79116827    0.60960449    0.00000000    0.48313629    1.48008676    1.51338778    1.72321618    1.74868812    1.70745877    1.70442205    2.07109467    1.77781924    1.82229145    1.93345980    2.20450825    2.34458986    2.00334694    3.13192230    2.05404404    2.26479405    2.13223230    2.27873665    2.03923227    2.31433241    2.17618911    2.59044177    2.39894465    2.46170879    2.40920091    2.54529678    2.59630571    2.46969907    2.75870975    2.55146773    3.18938613    2.94646730    2.86825175    3.39320709    3.00992445    3.16960971    2.64150490    2.40126527    2.30411345    2.32027338    2.14628099    2.89561325    2.09523330    2.26982395    2.55718171    2.39540367    2.52064571    2.39006003    2.40048824    2.15340045    2.43718480    2.50725685    2.53611905    2.29328652    2.29073243    2.24136241    2.24560052    2.19800889    2.11653809    2.42534387    2.30960166    2.29920490    2.71769164    2.61755096    2.27870741
I3YEM0_THIV6/530-868     2.41640935    1.83428649    2.16256081    0.67102780    0.48726814    0.48313629    0.00000000    1.46611332    1.45634419    1.66993075    1.65308213    1.56447667    1.58154542    1.88074346    1.77169359    1.72003206    1.94672255    2.41124820    2.22210100    2.07070361    2.82110192    2.14236598    2.27659965    2.29308802    2.21683178    2.00121934    2.27898993    2.30592095    2.40899880    2.25300521    2.33362840    2.64009867    2.61206649    2.67646418    2.63970149    2.68015124    2.49368534    3.22297267    3.13519631    3.20833930    3.36090150    3.23385392    3.28170166    2.63763302    2.44418923    2.15876596    2.33564554    2.18636810    2.64730238    2.12464562    2.23304700    2.47257189    2.51911499    2.55006262    2.50717008    2.65867139    2.20831745    2.33453989    2.43921963    2.77379159    2.36741687    2.46574229    2.33780926    2.38442504    2.26369641    2.31377053    2.36849758    2.29747924    2.41396210    2.56489819    2.91506538    2.11346530
V4LIW8_9GAMM/217-555     2.64085764    1.97246131    2.15468874    1.40994196    1.53103922    1.48008676    1.46611332    0.00000000    0.76993854    1.27162261    1.51620555    1.65078507    1.64134274    1.88520524    1.95271409    1.97092531    1.98027863    1.98655305    2.54600140    2.50500839    3.07178469    2.37085519    2.49546295    2.35722177    2.39013676    2.11217439    2.06904318    2.14263979    2.34601307    2.15060327    2.22986246    2.70404250    2.60151771    2.68442731    2.91955640    2.61017254    2.56377878    3.19009487    2.93079278    2.92786797    2.95834953    2.85523192    2.83961386    2.17856275    2.23813121    2.53743627    2.60238705    2.44147519    2.63999835    2.18389280    2.39350834    2.30625610    2.11363961    2.24126649    2.31925192    2.38638338    2.18959599    2.43610655    2.59495729    2.30560012    2.34066796    2.17515291    2.11987789    2.03838815    2.25708014    2.16555329    2.14227568    2.22812251    2.20783174    2.20798187    2.48603687    2.16396575
V4JVB5_9GAMM/543-877     2.52704950    1.91290859    2.10540789    1.45039248    1.60897563    1.51338778    1.45634419    0.76993854    0.00000000    1.22978109    1.42172249    1.64566408    1.64008370    2.07482335    2.01522004    1.90180408    1.69614286    2.05137999    2.38050546    2.30071247    3.40111369    2.11539572    2.42644201    2.34301755    2.23830992    2.20842662    2.25898151    2.18980440    2.26582649    2.13965957    2.12967902    2.66901564    2.81483790    3.06876840    2.73916437    3.03309214    2.60880332    3.30051745    3.10278264    3.13960570    3.09996016    3.27433100    3.31324385    2.46220033    2.41395736    2.75407635    2.80438617    2.70337669    2.33789370    2.21664753    2.21482361    2.38774693    2.21123218    2.43203742    2.40947904    2.59395935    2.21983796    2.38631734    2.57179526    2.64034340    2.35651236    2.25040484    2.14942768    2.02879399    2.15328239    2.24001352    2.22758142    2.25559060    2.25941572    2.18641698    2.66963187    2.22159877
V4JIY8_9GAMM/509-847     2.54409720    2.02180902    2.25227114    1.49607599    1.69752167    1.72321618    1.66993075    1.27162261    1.22978109    0.00000000    1.38004659    1.86483453    1.79651417    2.15250590    2.06286603    1.90518928    1.75356644    2.20588735    2.47281595    2.36244623    3.71677127    2.50949032    2.54793880    2.28301251    2.47161249    2.39328913    2.35842923    2.34977276    2.50153728    2.35262313    2.45253967    2.96611136    2.95909431    2.85615878    3.01423794    2.99575153    2.74966542    3.53965989    3.21105172    3.07767553    3.06943538    3.01040419    3.09533006    2.60212892    2.48457371    2.52451700    2.57572877    2.39722025    2.34009999    2.25822839    1.93437572    2.76235930    2.50959803    2.54174789    2.69353698    2.65989567    2.29203593    2.67025876    2.46949059    2.57766348    2.38199788    2.22763806    2.13731460    2.14977555    2.28197890    2.29039286    2.22214843    2.33698822    2.17336417    2.42519496    2.60761184    2.26581978
C7RJ52_ACCPU/515-854     2.52361192    2.14262520    2.22864014    1.66504627    1.67114672    1.74868812    1.65308213    1.51620555    1.42172249    1.38004659    0.00000000    1.88788779    1.88733852    2.04240594    1.99336260    1.88197850    1.92475749    2.52598242    2.54869374    2.36095408    3.39422420    2.48875745    2.71513604    2.69530580    2.47580584    2.48985897    2.70560163    2.65896551    2.81799029    2.60544784    2.58431034    2.57854952    2.70835493    2.76598611    3.07209147    2.73271305    2.75030866    3.65734858    3.07574124    3.26571411    2.88880775    3.17717027    3.24451347    2.60878658    2.43017468    2.65830254    2.55023996    2.43368105    2.49132613    1.98709020    2.38922403    2.33640394    2.35528032    2.48874643    2.41249879    2.49039653    2.27696397    2.35496807    2.62731075    2.75832942    2.52547611    2.39502399    2.28809670    2.34892727    2.33529436    2.38794463    2.48406249    2.39375019    2.44990339    2.24552978    2.63188133    2.03882336
Q3J985_NITOC/517-858     2.21517466    1.74242840    2.37729137    1.51511534    1.62331399    1.70745877    1.56447667    1.65078507    1.64566408    1.86483453    1.88788779    0.00000000    0.33251124    1.54259016    1.41155612    1.33498534    1.76088867    2.18045217    2.12072567    2.15812228    2.64994701    2.17361816    2.34214426    2.11140018    2.22387334    2.26423716    2.30093135    2.43130834    2.23682106    2.27737197    2.22187938    2.56153035    2.49173714    2.55666757    2.66968480    2.54276027    2.32277311    3.18833971    3.08289987    3.00862249    3.13198319    3.07531302    2.99887131    2.34905001    2.17525957    1.91047782    1.97862667    1.94298687    2.51435036    2.14149611    2.10592782    2.35732154    2.37978236    2.49234833    2.47715705    2.38810571    2.43836822    2.25737729    2.41154402    2.64692258    2.60220577    2.55653286    2.42805211    2.36803655    2.41442080    2.55424273    2.31509024    2.48462153    2.33814447    2.25408442    2.56733717    1.92787210
D5C235_NITHN/525-862     2.12607002    1.80235365    2.25810372    1.45369246    1.65849778    1.70442205    1.58154542    1.64134274    1.64008370    1.79651417    1.88733852    0.33251124    0.00000000    1.50443800    1.41063818    1.27219306    1.75222434    2.01689744    2.05411405    2.26578862    2.63398120    2.35228684    2.58012556    2.26689648    2.23355303    2.38223481    2.44020506    2.60301741    2.42499885    2.42286743    2.48088500    2.76492184    2.66895235    2.77483738    2.99998579    2.67871375    2.42312044    3.55379006    3.11860687    3.15470984    3.32899403    3.11312801    3.01656394    2.66411114    2.32994243    2.13392989    1.97408595    1.86588447    2.47729068    2.16186424    2.13868441    2.37433049    2.44800976    2.46850089    2.39494737    2.34309344    2.25812165    2.30996759    2.44947753    2.48674837    2.60028220    2.45933139    2.39583946    2.25662333    2.28472493    2.50798763    2.34471747    2.48754316    2.27952293    2.43605438    2.54511609    1.91845527
G0A414_METMM/513-849     2.32952576    1.87204539    2.28851406    1.70507666    1.77493959    2.07109467    1.88074346    1.88520524    2.07482335    2.15250590    2.04240594    1.54259016    1.50443800    0.00000000    1.17579177    1.17975424    2.09158716    2.28234785    2.39064588    2.11712618    2.83024323    2.17211395    2.19736787    2.12605660    2.02632631    1.97732965    2.07065067    2.12243502    2.04092284    2.09903951    1.91914607    2.43728752    2.41949158    2.38692609    2.55305438    2.66137317    2.21101270    3.13784838    2.75739102    2.74152772    2.70457283    2.79114272    2.72540300    2.20871048    2.08559143    2.43540303    2.31342862    2.30770216    2.63295888    2.31280834    2.43292288    2.31601786    2.49798917    2.87206887    2.77661901    2.68562323    2.56311090    2.39593730    2.38616297    2.45687262    2.46237081    2.40183493    2.31776533    2.48803272    2.44508732    2.51690704    2.24396046    2.42101156    2.43879437    2.49494904    2.74667141    2.05566604
H8GN20_METAL/514-854     2.55346856    1.84407490    2.43056465    1.65400384    1.66702411    1.77781924    1.77169359    1.95271409    2.01522004    2.06286603    1.99336260    1.41155612    1.41063818    1.17579177    0.00000000    0.96253218    2.00525476    2.22958872    2.30382132    2.20994972    2.69511479    2.17269292    2.16661851    2.02088100    2.10867119    2.10479322    2.27116874    2.24928694    2.20876741    2.18260079    2.19001006    2.47848720    2.48895944    2.48435888    2.66450452    2.58615018    2.18581397    2.81122751    2.67125979    2.79620445    2.90768017    2.89727747    2.94188795    2.45458561    2.13966241    2.20402459    2.06919402    2.01651729    2.77987178    2.15117558    2.48376605    2.48368480    2.24496247    2.62240348    2.60080300    2.56397646    2.33445030    2.36349784    2.46261452    2.64156162    2.42968708    2.39812255    2.36416586    2.20428401    2.37738286    2.42191224    2.24773860    2.43865994    2.48642842    2.46390938    2.81383484    2.16897170
G4SZE9_META2/521-860     2.19778448    1.82261546    2.44280290    1.75062725    1.75030721    1.82229145    1.72003206    1.97092531    1.90180408    1.90518928    1.88197850    1.33498534    1.27219306    1.17975424    0.96253218    0.00000000    1.87071780    2.46999482    2.12113861    2.24322788    2.68960908    2.01061175    2.23680881    2.28887167    2.10835978    1.98958193    2.17564782    2.13654811    2.15923924    2.03265919    2.12766440    2.18633827    2.22799874    2.31291144    2.38150537    2.37819184    1.99711922    2.73015007    2.67374395    2.65237642    2.60558805    2.82004580    2.64069718    2.32395869    2.09397069    2.18163868    2.13873351    2.19261297    2.43056525    2.13733542    2.14184723    2.20887779    2.29581519    2.49128432    2.36049091    2.42885194    2.36656482    2.38600048    2.39942332    2.44864947    2.52143747    2.33838747    2.30844329    2.30405886    2.36333665    2.42670955    2.32865715    2.38488987    2.42604521    2.28201776    2.38758515    2.02592743
I0ID79_PHYMF/492-874     2.22875383    1.96298917    2.48379399    2.04837476    1.99307502    1.93345980    1.94672255    1.98027863    1.69614286    1.75356644    1.92475749    1.76088867    1.75222434    2.09158716    2.00525476    1.87071780    0.00000000    2.11058050    2.08507990    2.29374465    3.16658911    2.06258088    2.31724147    2.06132674    2.20373820    2.25300111    2.26411276    2.30240034    2.29276860    2.25430994    2.10442388    2.38402398    2.57670962    2.53334335    2.33563374    2.73486414    2.46887332    2.93372984    2.74753933    2.82924900    2.67126858    2.65679691    2.60152804    2.25107803    2.19730226    2.49638626    2.28934103    2.24737711    2.42199626    2.17392192    2.30714933    2.65286483    2.65208259    2.96191856    2.66516364    2.54716830    2.14352621    2.37581179    2.62508823    2.71521621    2.61027887    2.42821169    2.45604267    2.15198628    2.30770317    2.42525531    2.41888573    2.43339833    2.29813871    2.77386503    2.54973331    1.83075327
D5SU64_PLAL2/552-898     2.77386573    2.46233104    2.46254946    2.15177838    2.39276494    2.20450825    2.41124820    1.98655305    2.05137999    2.20588735    2.52598242    2.18045217    2.01689744    2.28234785    2.22958872    2.46999482    2.11058050    0.00000000    2.21222978    2.45141369    3.07689141    2.35558959    2.48619220    2.67787997    2.69332035    2.77862682    2.57056276    2.58281120    2.66251694    2.55053481    2.69869869    3.12730262    3.07433239    3.03957620    3.30924392    3.08173441    2.98183769    3.62922029    2.94180282    3.36867742    3.67759446    3.55970836    3.61347231    2.86145598    2.62691860    2.47484145    2.62503831    2.52230537    2.92694379    2.39924829    3.01155642    2.86820987    2.76488088    2.74013554    2.75689694    2.67519297    2.56838536    2.79644568    2.84668187    2.89388176    2.76232430    2.58869007    2.47328362    2.44480750    2.68568337    2.62945332    2.56874317    2.56827785    2.42804168    3.22932582    2.89863738    2.27354108
F0SHR3_RUBBR/589-923     2.32594542    2.35153091    2.56418231    2.36017265    2.19873617    2.34458986    2.22210100    2.54600140    2.38050546    2.47281595    2.54869374    2.12072567    2.05411405    2.39064588    2.30382132    2.12113861    2.08507990    2.21222978    0.00000000    2.11504794    2.53931032    2.48951048    2.64651915    2.52586460    2.67238523    2.71415669    2.64744629    2.67612681    2.75820157    2.59933176    2.76284675    2.65346219    2.68108509    3.04803045    2.77462880    2.92537831    2.66617698    3.18646855    3.15190177    3.30086490    3.19534668    3.38784923    3.33603560    2.83885665    2.62019731    2.81036164    2.83404763    2.87473509    3.45994337    2.56040915    2.79069516    2.83036275    2.71093395    2.77077115    2.78625087    2.59438798    2.71252129    2.92259566    2.92528396    3.22035880    2.75796073    2.73340865    2.68304522    2.65253237    2.69664894    2.91784318    2.73543295    2.80109715    2.90214223    2.97412462    2.66803716    2.36245245
Q7URB6_RHOBA/574-904     2.47219874    2.37079973    2.63314661    2.10819246    2.13620707    2.00334694    2.07070361    2.50500839    2.30071247    2.36244623    2.36095408    2.15812228    2.26578862    2.11712618    2.20994972    2.24322788    2.29374465    2.45141369    2.11504794    0.00000000    2.65294564    2.87743349    3.14244539    2.58947828    2.94642209    2.70739283    3.01273302    2.81521552    3.13396172    2.82469844    2.77597378    3.22398341    3.19832632    3.30662770    3.29335280    3.30472349    3.39678190    3.67885423    3.07965960    3.30959582    3.37087386    3.09836267    2.92067794    3.74615020    2.88637290    2.69011597    2.84047660    2.83603668    3.16739940    2.45757309    2.77660789    2.74937686    3.11724983    3.29239679    3.31528210    3.36923041    2.76957567    2.99620950    3.04570030    3.15584994    2.70945879    2.59977339    2.65247183    2.44961024    2.64369722    2.70403040    2.68346347    2.71867240    2.78677976    2.54363541    3.22028279    2.34344512
Q7UKC6_RHOBA/477-805     3.25508655    3.51994960    3.37198917    2.92955227    2.99648703    3.13192230    2.82110192    3.07178469    3.40111369    3.71677127    3.39422420    2.64994701    2.63398120    2.83024323    2.69511479    2.68960908    3.16658911    3.07689141    2.53931032    2.65294564    0.00000000    3.20312801    3.39489646    3.36093858    3.46881123    3.42582586    3.35205268    3.37682230    3.71547382    3.56624375    3.82364837    3.92749281    4.16113609    3.97149914    4.66929861    3.62475157    3.40887495    3.73096697    3.91035584    4.03845249    4.15543278    4.64596387    4.34890511    3.85293160    3.34803318    3.03999483    3.35820518    3.32857020    3.90314177    3.44626027    3.60260602    3.59372475    3.92495583    4.28524795    4.12180188    4.12326021    3.14664363    4.05473194    3.70360915    4.11001522    3.78884182    3.42577892    3.50532449    3.44234351    3.47428119    3.62705295    3.71265170    3.72068834    3.80171501    3.77001994    3.97194077    2.99136185
Q0VNS1_ALCBS/501-822     2.52969124    2.23752948    2.55451545    2.23569733    2.30588069    2.05404404    2.14236598    2.37085519    2.11539572    2.50949032    2.48875745    2.17361816    2.35228684    2.17211395    2.17269292    2.01061175    2.06258088    2.35558959    2.48951048    2.87743349    3.20312801    0.00000000    0.63794452    1.51391459    1.40567038    1.43085056    1.36691567    1.43908180    1.38292078    1.29988456    1.32327509    1.45506603    1.57279183    1.60437923    1.48088648    1.65262008    1.46899632    2.24097485    2.08946693    2.34222782    2.14703438    2.17551093    2.17230428    1.54444532    1.44681278    2.42818579    2.46268485    2.51225725    2.99035956    2.34383739    2.35481289    2.55938207    2.39886458    2.74639302    2.59145475    2.42516790    2.62293739    2.39372520    2.64810511    2.71207457    2.46137170    2.56465198    2.52081800    2.51086883    2.35531362    2.55805921    2.53693763    2.48590347    2.51357526    2.81073281    2.84691110    2.31809336
K0CAT8_ALCDB/475-793     2.79281017    2.44502797    2.67945296    2.31031383    2.32010940    2.26479405    2.27659965    2.49546295    2.42644201    2.54793880    2.71513604    2.34214426    2.58012556    2.19736787    2.16661851    2.23680881    2.31724147    2.48619220    2.64651915    3.14244539    3.39489646    0.63794452    0.00000000    1.40163088    1.13168943    1.16087588    1.04404350    1.18262040    1.17344980    1.16536376    1.13606578    1.33266466    1.38073471    1.39381399    1.47143513    1.32431436    1.31340286    2.32785285    2.24751848    2.28572371    2.29583229    2.28195877    2.32409305    1.38793926    1.32899219    2.41304504    2.30484222    2.38057941    2.88249233    2.43903961    2.63324865    2.64779078    2.59668052    2.93519341    2.72492762    2.53876776    2.57496113    2.74361061    2.99968391    2.80598444    2.65108468    2.74793203    2.66976832    2.79613341    2.67390031    2.71006550    2.73790749    2.58631509    2.75049226    2.87086924    2.98921673    2.37277770
E1VA83_HALED/538-856     2.65147242    2.32375682    2.63382538    2.13999239    1.97144547    2.13223230    2.29308802    2.35722177    2.34301755    2.28301251    2.69530580    2.11140018    2.26689648    2.12605660    2.02088100    2.28887167    2.06132674    2.67787997    2.52586460    2.58947828    3.36093858    1.51391459    1.40163088    0.00000000    1.25926859    1.26641384    1.14789833    1.23117512    1.26188868    1.26262445    1.28330859    1.64225823    1.63893470    1.69272358    1.79101850    1.49444578    1.56970943    2.29966865    2.22072113    2.28966871    2.26438562    2.43584540    2.41786788    1.72812110    1.47325373    2.50836605    2.41181001    2.43548280    3.01641065    2.53402193    2.41354420    2.59573158    2.68832858    3.09678985    2.65320718    2.69941948    2.32271835    2.62108202    2.80383281    2.94734703    2.30471900    2.47102609    2.43469259    2.48095248    2.49692859    2.42612814    2.44659854    2.42666935    2.40320956    2.63667480    3.31974418    2.68686007
C4ZL05_THASP/490-814     2.90011859    2.37076654    2.76857971    2.20539140    2.18770296    2.27873665    2.21683178    2.39013676    2.23830992    2.47161249    2.47580584    2.22387334    2.23355303    2.02632631    2.10867119    2.10835978    2.20373820    2.69332035    2.67238523    2.94642209    3.46881123    1.40567038    1.13168943    1.25926859    0.00000000    0.74089436    0.69591886    0.72753953    0.73696027    0.79092753    0.85132956    1.46208856    1.52898961    1.62045178    1.65651415    1.46509114    1.50261521    2.12180168    2.24449169    2.14571710    1.96804788    2.24141710    2.22987547    1.52716497    1.48772058    2.28556507    2.19366084    2.22404110    2.38441676    2.05624752    2.52472533    2.49193959    2.50846882    2.88887208    2.70373813    2.64731854    2.39466460    2.81929741    2.90993767    2.84253666    2.56059605    2.70212988    2.67929844    2.83901423    2.81921290    2.78041827    2.65267801    2.47114949    2.65791702    2.77469860    2.69072858    2.35160295
E1VJM4_9GAMM/502-820     2.84798049    2.20744366    2.66402832    2.12848358    1.89935398    2.03923227    2.00121934    2.11217439    2.20842662    2.39328913    2.48985897    2.26423716    2.38223481    1.97732965    2.10479322    1.98958193    2.25300111    2.77862682    2.71415669    2.70739283    3.42582586    1.43085056    1.16087588    1.26641384    0.74089436    0.00000000    0.61008705    0.61472032    0.56140018    0.63640121    0.65061275    1.45396704    1.39682243    1.56007525    1.62380888    1.50013867    1.37046064    2.04897039    1.94599240    1.91668033    2.04518441    2.02014882    1.95203754    1.41490670    1.38051688    2.31992921    2.24416495    2.35827819    2.59262282    2.25509967    2.39917166    2.16313464    2.26850920    2.63341728    2.37234579    2.37406975    2.45550577    2.61098581    2.47182175    2.45797482    2.27027920    2.28106635    2.29558751    2.46485765    2.53098681    2.42070835    2.40840947    2.25324035    2.43230594    2.40624626    2.56003083    2.30887826
Q9HUE7_PSEAE/493-812     2.76836558    2.24865469    2.67560063    2.10593214    2.30396098    2.31433241    2.27898993    2.06904318    2.25898151    2.35842923    2.70560163    2.30093135    2.44020506    2.07065067    2.27116874    2.17564782    2.26411276    2.57056276    2.64744629    3.01273302    3.35205268    1.36691567    1.04404350    1.14789833    0.69591886    0.61008705    0.00000000    0.53116620    0.49338809    0.57647230    0.52801040    1.26942002    1.35295780    1.30695069    1.38428878    1.25157660    1.28639884    1.96726442    1.86656216    1.91143051    1.98511294    2.14104523    2.04909180    1.31428858    1.30617249    2.40062893    2.45287451    2.35101481    2.57684120    2.27116328    2.41706840    2.35349280    2.31166084    2.71352441    2.48190989    2.54209516    2.51843561    2.84688594    2.42030578    2.68894511    2.41842330    2.36927623    2.42217727    2.42581668    2.56864778    2.48991411    2.57241272    2.32482798    2.41503068    2.59470497    2.81671424    2.14442802
A4XPR3_PSEMY/492-810     3.06743674    2.54655397    2.63973475    2.27810985    2.27398679    2.17618911    2.30592095    2.14263979    2.18980440    2.34977276    2.65896551    2.43130834    2.60301741    2.12243502    2.24928694    2.13654811    2.30240034    2.58281120    2.67612681    2.81521552    3.37682230    1.43908180    1.18262040    1.23117512    0.72753953    0.61472032    0.53116620    0.00000000    0.50630698    0.54474704    0.56300070    1.34244807    1.38223556    1.45634550    1.43579874    1.43925354    1.38879060    2.10285178    1.96083762    1.96869793    2.04942105    2.01182122    1.97747228    1.36455448    1.28689771    2.32309574    2.26059062    2.10006345    2.48608180    2.18866640    2.51091274    2.27749879    2.36575881    2.72784051    2.34568357    2.36279617    2.39126786    2.76613588    2.45011894    2.63201078    2.37579083    2.50319718    2.48198644    2.54055979    2.51770395    2.56740812    2.59898965    2.44182636    2.53511925    2.52384960    2.70087549    2.57097371
F6AHJ7_PSEF1/494-814     3.01066431    2.51553299    2.51182061    2.29571624    2.25566841    2.59044177    2.40899880    2.34601307    2.26582649    2.50153728    2.81799029    2.23682106    2.42499885    2.04092284    2.20876741    2.15923924    2.29276860    2.66251694    2.75820157    3.13396172    3.71547382    1.38292078    1.17344980    1.26188868    0.73696027    0.56140018    0.49338809    0.50630698    0.00000000    0.50232338    0.47797634    1.36837008    1.44480563    1.52626912    1.52227170    1.33726935    1.41846500    2.05681015    1.96926949    2.14394393    2.10545450    2.03971648    2.05272955    1.21756156    1.32231564    2.51073311    2.40795869    2.34402039    2.66069017    2.19376898    2.37211438    2.45537327    2.23866705    2.72763172    2.42225957    2.47088460    2.54259108    2.85345842    2.45728871    2.77140532    2.54103259    2.53081728    2.55749993    2.48794511    2.55868112    2.57468797    2.64715275    2.56067750    2.54095041    2.69453015    2.68238355    2.13659685
A4VRA2_PSEU5/480-799     2.74809005    2.35608586    2.62460012    2.18933487    2.13418802    2.39894465    2.25300521    2.15060327    2.13965957    2.35262313    2.60544784    2.27737197    2.42286743    2.09903951    2.18260079    2.03265919    2.25430994    2.55053481    2.59933176    2.82469844    3.56624375    1.29988456    1.16536376    1.26262445    0.79092753    0.63640121    0.57647230    0.54474704    0.50232338    0.00000000    0.50947564    1.32691704    1.33008395    1.45196715    1.40752598    1.32528982    1.35154267    1.83073895    1.90534142    1.99561608    2.03162447    1.86699566    1.89593674    1.36502710    1.19765944    2.22113591    2.25271813    2.27299496    2.62582041    2.01083604    2.36937269    2.40006787    2.38412482    2.86872361    2.53469741    2.54258484    2.42937458    2.97296661    2.48528306    2.68704293    2.57143544    2.46585499    2.50827311    2.55834488    2.68942738    2.63151723    2.59974368    2.48884088    2.51220126    2.60251753    2.75949661    2.37062004
S6BPN6_PSERE/485-805     2.97041554    2.33572716    2.41610222    2.20905326    2.07210531    2.46170879    2.33362840    2.22986246    2.12967902    2.45253967    2.58431034    2.22187938    2.48088500    1.91914607    2.19001006    2.12766440    2.10442388    2.69869869    2.76284675    2.77597378    3.82364837    1.32327509    1.13606578    1.28330859    0.85132956    0.65061275    0.52801040    0.56300070    0.47797634    0.50947564    0.00000000    1.43613231    1.50908417    1.45214090    1.50454429    1.39258869    1.39512747    1.95857397    2.19049102    2.04489732    2.20843851    2.10527411    2.04982460    1.33500418    1.29255892    2.40067055    2.40102978    2.30242439    2.50338102    2.24939409    2.41343502    2.40786757    2.33143005    2.92169228    2.48885640    2.55228217    2.46636620    2.76669464    2.60180629    2.65852581    2.40933147    2.57733942    2.50449934    2.53185645    2.60574380    2.56675545    2.51598427    2.47408251    2.41866051    2.46538674    2.70077460    2.27621683
I2BBM5_SHIBC/497-815     2.85884978    2.53183206    2.91286586    2.49818711    2.57689650    2.40920091    2.64009867    2.70404250    2.66901564    2.96611136    2.57854952    2.56153035    2.76492184    2.43728752    2.47848720    2.18633827    2.38402398    3.12730262    2.65346219    3.22398341    3.92749281    1.45506603    1.33266466    1.64225823    1.46208856    1.45396704    1.26942002    1.34244807    1.36837008    1.32691704    1.43613231    0.00000000    0.29454939    0.87911479    1.05663755    0.76970956    0.77052970    1.87026110    1.92136392    1.95889465    1.73888084    1.81592891    1.90627783    1.15437311    1.16183993    2.45217961    2.20601518    2.35363361    3.00321304    2.49346062    2.50032470    2.43353608    2.45614027    2.47100248    2.43900277    2.46267868    2.41765580    2.57252199    2.83375817    2.87939433    2.57673108    2.54033596    2.50151204    2.42769528    2.54097889    2.64783999    2.70643785    2.44550749    2.59607722    2.57504523    2.55695628    2.76341438
MSCK_ECOLI/508-826     2.84099873    2.55015932    2.90112489    2.45044859    2.53374213    2.54529678    2.61206649    2.60151771    2.81483790    2.95909431    2.70835493    2.49173714    2.66895235    2.41949158    2.48895944    2.22799874    2.57670962    3.07433239    2.68108509    3.19832632    4.16113609    1.57279183    1.38073471    1.63893470    1.52898961    1.39682243    1.35295780    1.38223556    1.44480563    1.33008395    1.50908417    0.29454939    0.00000000    0.93213661    1.12543820    0.74963315    0.81623465    1.85178722    1.87112944    1.82357453    1.74886462    1.66199736    1.80804631    1.10551598    1.16732736    2.37025031    2.28301022    2.44349125    3.04465627    2.40943281    2.56301062    2.45181030    2.49263714    2.53228207    2.53771961    2.52492613    2.53541974    2.66615183    3.00076243    3.11692269    2.76590325    2.70153802    2.64442374    2.63788273    2.73285886    2.74020667    2.83333993    2.54115984    2.74696641    2.61951779    2.74554702    2.75253872
D3VL69_XENNA/529-847     2.85665986    2.76256082    3.00866178    2.59693501    2.73109091    2.59630571    2.67646418    2.68442731    3.06876840    2.85615878    2.76598611    2.55666757    2.77483738    2.38692609    2.48435888    2.31291144    2.53334335    3.03957620    3.04803045    3.30662770    3.97149914    1.60437923    1.39381399    1.69272358    1.62045178    1.56007525    1.30695069    1.45634550    1.52626912    1.45196715    1.45214090    0.87911479    0.93213661    0.00000000    0.77536528    0.84403435    0.82591915    1.96386902    2.02441592    1.87367033    1.92961634    2.14501733    2.24440128    1.22044617    1.29691002    2.78395906    2.53246936    2.47917127    3.09654623    2.80135523    2.75916349    2.66310631    2.51422325    2.65651354    2.67339066    2.52246653    2.57368622    2.57671121    3.01411395    2.88031911    2.76531743    2.85248252    2.77516614    2.56123314    2.69110592    2.71482404    2.81019039    2.64641397    2.67297760    2.76214543    2.89455195    2.67047669
M1RP72_MORMO/520-846     2.95449138    2.81633176    3.08233460    2.68226144    2.85475020    2.46969907    2.63970149    2.91955640    2.73916437    3.01423794    3.07209147    2.66968480    2.99998579    2.55305438    2.66450452    2.38150537    2.33563374    3.30924392    2.77462880    3.29335280    4.66929861    1.48088648    1.47143513    1.79101850    1.65651415    1.62380888    1.38428878    1.43579874    1.52227170    1.40752598    1.50454429    1.05663755    1.12543820    0.77536528    0.00000000    0.95456992    0.94417472    2.01041996    2.07520074    1.95062788    1.92439286    2.07815256    2.09222161    1.20809737    1.33097825    2.73592349    2.53048060    2.42521406    3.20534675    2.96183768    2.75896977    2.64598132    2.55003206    2.40728023    2.38312890    2.33144707    2.39249871    2.64774182    2.85858481    2.63655644    2.44551006    2.65454230    2.71721570    2.59101459    2.62910959    2.65981338    2.67868907    2.62402822    2.56243918    2.86948770    2.68756754    2.58368006
E0SD94_DICD3/478-797     2.94112989    2.76843385    2.88228551    2.61865489    2.51314698    2.75870975    2.68015124    2.61017254    3.03309214    2.99575153    2.73271305    2.54276027    2.67871375    2.66137317    2.58615018    2.37819184    2.73486414    3.08173441    2.92537831    3.30472349    3.62475157    1.65262008    1.32431436    1.49444578    1.46509114    1.50013867    1.25157660    1.43925354    1.33726935    1.32528982    1.39258869    0.76970956    0.74963315    0.84403435    0.95456992    0.00000000    0.58592436    1.99783455    2.04370673    1.99842491    1.81843648    1.90232051    1.97870531    1.11838392    1.02171210    2.53965414    2.47533247    2.53832976    3.27058634    2.54115315    3.04738325    2.79502682    2.69287107    2.93897736    2.68270538    2.82667063    2.46639940    2.78722796    2.90637039    2.95641364    2.89404605    2.67392657    2.66874950    2.61411780    2.62206908    2.80341121    2.88299504    2.73587177    2.73546485    2.92439813    2.88077262    2.72662475
H2IYY2_RAHAC/514-834     2.82969241    2.61405937    2.66650991    2.33225570    2.38338941    2.55146773    2.49368534    2.56377878    2.60880332    2.74966542    2.75030866    2.32277311    2.42312044    2.21101270    2.18581397    1.99711922    2.46887332    2.98183769    2.66617698    3.39678190    3.40887495    1.46899632    1.31340286    1.56970943    1.50261521    1.37046064    1.28639884    1.38879060    1.41846500    1.35154267    1.39512747    0.77052970    0.81623465    0.82591915    0.94417472    0.58592436    0.00000000    1.90411539    1.94327915    1.94615506    1.75431854    1.91689634    1.97558219    1.11101093    1.08731013    2.66080956    2.44284494    2.52649206    2.90203915    2.44305434    2.72367232    2.53353759    2.57808125    2.98920698    2.77436707    2.70788078    2.59004779    2.83832070    2.99309056    3.02285153    2.71617444    2.61859331    2.57440299    2.43032114    2.54359183    2.62545775    2.56449832    2.57988192    2.65215203    2.80227344    2.78636863    2.64558582
Y195A_HAEIN/494-826     3.28180285    3.06162870    3.18141800    2.99061660    3.18242260    3.18938613    3.22297267    3.19009487    3.30051745    3.53965989    3.65734858    3.18833971    3.55379006    3.13784838    2.81122751    2.73015007    2.93372984    3.62922029    3.18646855    3.67885423    3.73096697    2.24097485    2.32785285    2.29966865    2.12180168    2.04897039    1.96726442    2.10285178    2.05681015    1.83073895    1.95857397    1.87026110    1.85178722    1.96386902    2.01041996    1.99783455    1.90411539    0.00000000    1.16796237    1.08658999    1.09306044    1.29287647    1.40677511    1.67527196    1.80396262    2.90307234    2.70551290    2.97602169    2.88311798    2.84026773    3.34457580    2.97844407    3.03428051    3.23131984    3.22388658    3.19004067    3.33631473    3.16366784    3.09039401    3.00435667    3.11875453    3.22678661    3.09768067    2.91608640    3.01357499    3.17511430    2.86782511    2.99043054    3.07831383    3.18005827    2.99800851    2.98920229
