97
A5CTV5_CLAM3/427-504     0.00000000    0.67995962    0.76494321    0.80269578    0.75128934    0.70071814    0.77189775    0.75110107    0.68291318    0.84611409    0.64032932    0.55584893    0.66794134    0.48024971    1.54003454    1.86609351    1.72891056    1.69782934    1.94038211    2.48607865    1.75371982    1.87755190    1.82746584    1.94771665    2.06618850    2.54392634    5.21376822    3.04453099    2.87509251    2.76563214    2.86314673    2.84316430    3.11592357    3.56226939    3.78688223    3.03361968    3.12960238    3.25222753    3.09531007    2.75991119    3.29701773    2.87487624    2.85247670    2.85247670    3.64651629    2.69914007    3.63135607    3.28734334    3.24721930    3.46940555    2.91628858    2.54112296    3.24138208    3.06553087    2.24827778    2.55402621    2.46343928    2.33345668    2.83285850    2.76452256    2.38447225    2.26889209    2.30058679    2.43449949    2.29316015    2.33733572    2.31372133    2.52024434    2.50527082    2.36777347    2.15242979    2.22806509    2.62302128    3.07078629    2.34471154    2.01148127    2.90909920    2.75446308    2.82781948    3.05077693    2.78030454    2.57834415    2.78670270    2.64232942    2.56790518    3.12489345    2.44202370    2.53217179    2.83239798    2.46311609    2.31351760    3.20722825    3.22361650    1.61792833    2.54639876    1.67502253    2.31623247
Q66BA0_YERPS/450-527     0.67995962    0.00000000    0.35296778    0.37985396    0.46768164    0.58943887    0.67722923    0.50086954    0.50250559    0.62806465    0.54967420    0.37009011    0.51601884    0.64982230    1.71180965    2.03557125    1.90127030    1.86268815    1.71649537    2.30460096    1.65431369    1.71284277    1.86260823    1.65767484    2.01095555    2.43681118    4.53433544    3.09259447    2.90493991    2.82333158    2.79336670    2.96925243    2.98460856    3.10673009    4.87903880    3.34222738    3.00868577    3.24876526    3.16138650    2.99083227    3.60390855    3.00844645    2.95975805    2.95975805    2.61729831    2.92098705    3.10514644    2.92260995    3.20168281    2.91068748    2.52506919    2.64269254    3.38853690    3.16244874    2.90999926    2.23066744    2.09423678    2.18180062    2.73332158    2.06054394    2.45069931    2.11556563    2.56384762    1.59323795    2.55337338    2.44139517    2.32530407    2.73844640    2.47395068    2.09839737    2.14603337    2.01606813    2.15531183    2.43272530    2.08403140    1.54868870    2.64588348    2.33023784    2.55647149    2.58193275    2.57502490    2.54961227    2.63827056    1.97721500    2.07844274    3.00777941    2.33445322    2.37373117    2.56715118    2.42675949    2.30686831    2.38492483    2.69450668    1.94901002    2.49403348    1.60715219    1.99785466
A4W8J2_ENT38/443-520     0.76494321    0.35296778    0.00000000    0.36534274    0.47762357    0.56737831    0.56966987    0.49084842    0.46724814    0.54123206    0.53617260    0.42170949    0.45068612    0.68324506    1.45681250    1.96009519    1.98364790    2.03372510    1.86673103    2.35800266    1.69056703    1.91796787    1.64675814    1.70328224    1.83443777    2.29649697    5.20883859    3.28215399    2.79149968    2.98377860    2.89909434    2.90688367    3.11303393    3.12626972    4.19051444    3.38792861    2.98386704    2.98112777    2.90577214    2.70049911    3.65388307    2.98830519    2.82132092    2.82132092    2.78887394    2.86837822    3.17391890    3.45236100    3.81039466    3.32005618    2.16546142    2.57680063    3.07649567    3.08431998    2.92687890    2.45035316    2.24311277    2.04432455    2.16580221    2.31624246    2.64128764    2.45485561    2.98456260    1.68681507    2.80936843    2.45323510    2.33726825    2.92888451    2.65512639    1.92652575    1.86195021    1.81170646    2.33203126    2.56985874    2.16831951    1.72502682    2.39798955    2.15894432    2.51580268    2.59984321    2.65053109    2.57267645    2.43593756    2.28887835    2.18265596    2.98061596    2.39290070    2.49189990    2.73940219    2.65164197    2.48279124    2.33627610    2.77331315    2.14682630    2.38536270    1.86657835    2.05404888
Q70LP1_PASMD/378-455     0.80269578    0.37985396    0.36534274    0.00000000    0.43818762    0.57871307    0.66507888    0.55447576    0.45703419    0.56178034    0.60308716    0.46146886    0.51449620    0.55287643    1.53052237    1.98811918    2.20570215    2.08320979    1.98408094    2.74004614    1.86242591    1.96266027    1.55199215    1.74339844    2.02540151    2.26632240    6.91904558    3.54890741    3.23229042    2.96219622    2.91048398    2.96247055    3.17821807    3.67448267    4.38779771    3.56126657    3.07750259    2.99974480    2.99995237    2.73345234    3.80093553    2.86590419    3.00990823    3.00990823    3.05410845    3.22841352    3.45976744    3.67319509    3.73948249    3.40685234    2.20854978    2.61282108    3.49660175    3.30552728    3.27626687    2.95735587    2.59241771    2.13987901    2.43867434    2.54459610    2.28346720    2.86269390    2.76678659    1.93338759    2.37654876    2.32636033    2.32035135    3.21616189    2.81101366    1.76043004    2.09775708    2.03966445    2.30474425    2.51361787    2.39192735    1.58939188    2.73826296    2.38127052    2.90756272    2.62222557    2.89424855    2.65723810    2.82016470    2.01531724    2.21847918    3.29614348    2.52466284    2.69922002    2.91511002    2.74369933    2.56963801    2.56076125    2.66252606    2.18674554    2.55827545    1.94282823    2.12125476
A4SLB8_AERS4/429-506     0.75128934    0.46768164    0.47762357    0.43818762    0.00000000    0.60954346    0.57613180    0.67587363    0.58576905    0.67309374    0.50694262    0.49127813    0.59219046    0.64218817    1.97714350    2.14331807    2.36040780    2.37219215    2.23877843    2.58238995    1.77810574    2.06096934    1.74368835    1.79973638    1.93394809    2.37754040    5.25394674    3.47362876    3.46077632    3.43214318    3.34120756    2.95232607    2.86882803    3.72443216    4.46208306    3.30863980    3.07513953    3.42320133    3.18994780    2.98530469    3.91370570    3.16472825    2.94739122    2.94739122    2.73509879    3.16863104    3.57947320    3.16808850    3.66215174    3.26416311    2.59869615    2.50886763    3.56047191    3.74521036    3.04431535    2.66284560    2.78863819    2.27572989    2.48097403    2.80578607    2.49670885    2.58060613    2.86646564    2.12308668    2.78882964    2.25707528    2.17047780    3.13953939    2.60702129    1.90911101    2.48673522    2.19897251    2.15258570    2.71938225    2.26716100    1.71488788    2.61295376    2.54605546    2.87054341    3.05305779    2.99651606    2.92501866    3.07403832    2.76996738    2.71287877    3.20223867    2.51256401    2.67353082    2.74403560    2.90901355    2.67466820    2.87402004    2.94197220    2.22028752    2.76451062    2.08756676    2.15972247
A6FW67_9RHOB/335-412     0.70071814    0.58943887    0.56737831    0.57871307    0.60954346    0.00000000    0.45706292    0.52422489    0.61271419    0.83425558    0.53911507    0.48560848    0.50583222    0.70334282    1.56923511    1.74641196    1.80344914    1.69382436    1.87854546    2.72699385    1.61413371    1.84072929    1.49249281    1.71880918    2.02178673    2.14009109    5.38320710    2.40854742    2.90063791    2.61965740    2.40556586    2.42131534    2.72345841    2.99205211    3.42266151    3.17901099    2.53633419    2.52440969    2.42254843    2.18112592    3.10311745    2.55740543    2.45345476    2.45345476    2.70207282    2.78943998    3.29780329    3.15985329    3.32389742    3.26840746    2.43666706    2.76455028    3.56513475    3.27622980    2.73928688    2.51368753    2.40140309    1.97038223    2.26911376    2.52912234    2.15084130    2.64100689    2.60309877    2.00626730    2.59678862    2.36392260    2.30125349    3.22066681    2.29841487    1.74686064    2.26172284    1.99920338    2.24899779    2.73993094    2.01692528    1.42615941    3.04660763    2.29731920    2.19719733    2.37219435    2.37746884    1.97313782    2.17256945    2.12811117    2.38127061    2.61032929    2.15637538    2.47960750    2.38713196    2.26221251    2.10569119    2.66609622    2.55682380    1.81159652    2.28696884    1.84594314    1.95164293
Q5G8X0_9CAUD/385-462     0.77189775    0.67722923    0.56966987    0.66507888    0.57613180    0.45706292    0.00000000    0.62619056    0.55569877    0.66211462    0.59883856    0.55670552    0.63109761    0.83015994    1.85197736    1.88114051    2.21449478    1.92785096    2.01871130    2.50985949    1.61178553    1.92530977    1.92667686    1.82183407    2.04732741    2.53046056    6.35285620    3.25970985    2.99841359    2.92503072    2.75947133    2.59551693    2.79707893    3.41036109    3.93422457    3.57455202    2.83100828    3.19342646    2.97224950    2.60067000    3.16512616    2.79425979    2.44559622    2.44559622    2.50885739    2.64411219    3.16569686    2.99893931    3.36231068    2.79230879    2.82131661    2.69060972    2.69107535    2.80613252    2.83712031    2.35359212    2.46406822    1.76441475    2.41889336    2.31517762    2.25496924    1.93395709    2.65535604    1.95092956    2.31633765    2.05284210    2.27996687    2.97246707    2.14591484    1.80583932    2.37376268    2.00626869    2.12684950    2.75776464    2.16990973    1.63501591    2.62580088    2.20190030    2.08253298    1.94741258    2.22833108    1.97704724    2.38667540    2.34899974    2.52765034    2.44655167    2.24848560    2.45947229    2.54590737    2.04040627    2.08733340    2.72075755    2.35645392    2.02818575    2.41736933    1.85243649    1.97270589
A4FY03_METM5/240-317     0.75110107    0.50086954    0.49084842    0.55447576    0.67587363    0.52422489    0.62619056    0.00000000    0.35968827    0.55854739    0.56404129    0.50805392    0.59353814    0.59411256    1.69643626    1.71600614    1.79394036    2.00867085    2.05595675    2.34269857    1.43754091    1.72923591    1.51287908    1.77773138    1.83279001    2.14205129    5.74982694    2.91226022    3.02749461    2.60164488    2.86045341    2.81790815    2.82258009    3.30816888    4.31136900    3.56274707    3.19514725    3.18080566    3.14835244    2.61871249    3.62310995    3.04997804    2.81157809    2.81157809    2.36016424    2.88134950    2.79998948    3.31561260    3.11790602    2.92181546    2.37405444    2.75578811    2.96106188    2.88554471    2.69275470    1.79928047    2.02943344    1.94214249    2.45199011    2.07095527    2.60991137    2.45390532    2.49592904    1.57989118    2.28561047    2.13602698    2.19929194    2.58791519    2.58202392    1.75360186    2.22906854    2.12679572    2.30617147    2.71232329    2.37993732    1.60881694    2.37106080    2.25080246    2.15605618    2.40135331    2.26780099    2.34515379    2.26980059    1.98566494    2.50505445    3.00682146    2.52223021    2.93505974    2.81489539    2.75308405    2.34276753    2.56768333    2.42960637    1.92701902    2.57572215    2.27547345    2.20478011
Q708S0_9CAUD/409-486     0.68291318    0.50250559    0.46724814    0.45703419    0.58576905    0.61271419    0.55569877    0.35968827    0.00000000    0.32104968    0.48847951    0.43483156    0.53353007    0.66121922    1.59470640    1.79189039    1.90556618    2.02251903    1.88423847    2.62802698    1.42907701    1.63766040    1.51795841    1.70888994    1.84714862    2.06336922    5.47828787    3.27897271    3.18448185    2.60670621    3.26641479    3.21554832    3.17822024    3.52525772    4.37596400    3.67112809    3.30719723    3.17887159    2.95380265    2.57554817    3.60365106    2.98584231    2.80172863    2.80172863    2.50063505    2.79444601    2.96474987    3.14306346    3.05540701    2.94540771    2.21423296    2.42590318    2.33510986    2.38563908    2.80569298    2.12839486    2.05481239    1.94293470    2.41897635    2.29029519    2.27053589    2.41562629    2.65132011    1.85422907    2.05223429    2.22547545    2.24347755    2.42386879    2.69678934    1.89521187    2.28676912    2.15557942    2.28995921    2.58530282    1.98593124    1.58773842    2.67709946    2.47054256    2.49464378    2.42263563    2.14889984    2.31368388    2.16917564    2.22968412    2.46303886    3.18268851    2.61191348    2.76635878    2.94498422    2.77552530    2.52799534    2.62452407    2.89201044    1.74605591    2.63833836    2.31338022    2.36535953
A0A0E1X405_STAAU/346-423     0.84611409    0.62806465    0.54123206    0.56178034    0.67309374    0.83425558    0.66211462    0.55854739    0.32104968    0.00000000    0.63019656    0.63682102    0.66058063    0.68677817    1.62025032    1.98472655    2.42557077    2.26852752    1.72386819    2.49029457    1.43224421    1.74966432    1.69708739    1.49574105    1.62481301    2.02281314    4.99254711    3.25796912    2.98295137    3.05791305    3.91743655    3.87151315    3.46932514    3.90909421    4.65290069    3.53117564    3.28386362    3.56811276    3.36950744    2.79138498    3.56276040    3.14170269    2.96570449    2.96570449    2.59271064    2.74073517    3.18622057    3.17912855    3.49439128    3.34797287    2.18729997    2.70935352    2.46503911    2.44660468    2.82405110    2.47149940    2.32932268    1.80450944    2.63252114    2.43342478    2.73628744    2.34124100    2.57757873    1.90345015    2.50774019    2.36276982    2.18724281    2.50834512    2.68657908    1.84441118    2.76075748    2.67756524    2.42667321    2.70332703    2.08655600    1.59622333    2.52351786    2.58382909    2.93275303    3.00936244    2.75239056    2.91467144    3.08796649    3.05899743    2.79933255    3.33359536    2.60431869    2.69189768    3.01079576    2.90511343    2.67335060    2.94126456    3.24249697    1.88139144    2.53360512    2.19834275    2.39669792
Q9MC01_9CAUD/294-371     0.64032932    0.54967420    0.53617260    0.60308716    0.50694262    0.53911507    0.59883856    0.56404129    0.48847951    0.63019656    0.00000000    0.37979905    0.61529095    0.80088965    1.60827364    1.82114621    1.82515947    1.74224055    1.75244200    2.54458740    1.65477127    1.75987882    1.68103450    1.84183519    1.83840812    2.00434647    4.81752287    2.67195769    3.28780080    2.49937947    3.11093839    2.95845036    3.61049188    3.20720713    3.83009220    3.51905936    3.56500832    2.87469401    2.57535843    2.62815191    3.28878240    2.81429729    2.67223688    2.67223688    2.65364669    2.13166476    2.57936606    2.90770735    2.91863329    2.69622408    2.77739118    2.92749521    2.70286823    2.57871002    3.31478351    2.03415426    2.37236450    1.98296877    2.58993510    2.59393385    2.40018120    1.85801817    2.15198602    1.80384237    2.36733881    2.35607199    2.05714015    2.48627544    2.32911152    1.99361434    2.49705543    2.32757052    2.41184429    2.68557500    2.22794980    1.60508771    2.73330123    2.66828568    1.86774889    2.21322589    2.08729255    2.08617692    2.10512953    2.26599956    2.77697277    3.38723911    2.59769267    2.71851769    2.76842896    2.73080947    2.63847131    2.87206798    2.68469122    1.91269421    2.48860070    2.35673479    2.54019557
A6FAR2_9GAMM/381-458     0.55584893    0.37009011    0.42170949    0.46146886    0.49127813    0.48560848    0.55670552    0.50805392    0.43483156    0.63682102    0.37979905    0.00000000    0.55914875    0.68561081    1.67515012    1.68202980    1.86219914    1.80796726    1.76832503    2.39480040    1.58312953    1.81090304    1.78621441    1.85241331    2.00631565    2.41472779    5.45464799    3.11210807    3.31648161    2.82877889    3.26402595    3.15994979    3.13342135    3.28159214    4.55202621    2.95495602    2.89579709    3.08235339    2.99317983    2.89992530    3.24186805    2.82303959    2.74358510    2.74358510    2.98264415    2.49949895    3.11013046    2.69677024    2.70147652    2.67533706    2.60433532    2.72361311    3.02815854    2.94086705    3.21939120    2.52377902    2.22257455    1.88394330    2.34090750    2.48849831    2.14215418    2.14625672    2.40343125    1.63940900    2.08776082    2.25042785    2.31700394    2.80115019    2.25102077    1.93781615    2.33871747    2.15792604    2.12418107    2.47769950    2.39177984    1.51452074    2.45141547    2.25139715    2.07984874    2.28881296    2.10117613    1.93385001    2.00136871    1.76022986    2.05420694    2.53449806    2.04033637    2.12545735    2.29962848    2.17568571    2.13297726    2.26732679    2.56672890    2.04414246    2.41908788    1.79259919    1.95750429
B1KL41_SHEWM/361-438     0.66794134    0.51601884    0.45068612    0.51449620    0.59219046    0.50583222    0.63109761    0.59353814    0.53353007    0.66058063    0.61529095    0.55914875    0.00000000    0.60480201    1.53161826    1.62141412    1.73604091    1.85783512    1.85322005    2.29626749    1.52156337    1.66915125    1.57338370    1.52259682    2.15784268    1.91048687    6.60638050    3.07106390    2.75484186    2.67909035    2.91575763    2.92004236    3.18354713    3.11898893    3.71676676    3.58492855    2.89857006    2.73644682    2.55846188    2.24108355    2.91118791    2.43192779    2.37734911    2.37734911    2.64268967    2.50638427    3.29059316    3.12432878    3.58313687    3.27476530    2.15736148    2.70540674    3.09744669    3.00064806    2.83897401    2.40049175    1.96270778    2.03550185    2.24822351    2.47085506    2.11085552    2.16151091    2.63921855    2.06846816    2.63341361    2.47980900    2.42094609    3.19336055    2.42665253    1.42243323    1.89602830    1.92460007    2.27619405    2.70409884    1.92064886    1.65154753    2.62346709    2.05146788    2.19374839    2.38647723    2.47319771    2.18372971    2.24445559    2.31346753    2.28734324    2.46981724    2.11569898    2.20261680    2.18224496    2.23230293    2.22114836    2.27082036    2.57306934    1.77982321    2.05232346    1.72291876    1.68307100
A3TJX5_9MICO/373-450     0.48024971    0.64982230    0.68324506    0.55287643    0.64218817    0.70334282    0.83015994    0.59411256    0.66121922    0.68677817    0.80088965    0.68561081    0.60480201    0.00000000    1.47444981    1.58217920    1.84299394    1.76462286    1.96780920    2.34281295    1.68281723    1.89972996    1.57028642    1.66111883    1.51528286    2.19990328    4.46972807    2.80323151    2.60648350    2.50717677    2.51690968    2.54832176    3.26694327    3.26492725    3.51798353    2.96809648    2.46897285    2.42876316    2.63083146    2.24405985    3.09626253    2.23241902    2.34297467    2.34297467    2.54250105    2.86449401    3.09260879    3.82604455    3.84806419    3.43216641    2.49373837    2.30593712    3.68273276    3.41533438    2.34872338    2.32402426    2.24060458    1.90940273    2.63381420    2.23321145    2.44909955    2.47634328    2.32164143    2.14968181    2.54654182    2.46976807    1.98269786    2.17506795    2.51808886    1.99097769    2.20234457    2.21620801    2.52342364    2.52984802    2.19283838    1.49292915    2.88767228    2.53486649    3.01463959    3.01943080    2.81177321    2.65654092    2.52560494    2.22944325    2.49531369    3.09058558    2.59443009    2.80783004    3.07327474    2.76372639    2.67068737    2.90079555    3.20917727    1.83520997    2.26818776    2.00572529    2.34550916
A3X065_9BRAD/17-90     1.54003454    1.71180965    1.45681250    1.53052237    1.97714350    1.56923511    1.85197736    1.69643626    1.59470640    1.62025032    1.60827364    1.67515012    1.53161826    1.47444981    0.00000000    1.10480671    1.20433984    1.05550714    1.57660434    2.07723576    1.62806369    1.79265405    1.43665177    1.34157409    1.64849190    2.13264063    3.36584272    2.17221851    1.97000903    2.11634919    2.76973422    2.69235269    2.97354198    3.88854562    3.13044452    3.12072790    3.06344490    2.22228325    2.15828511    2.12168777    2.36771746    2.03180923    1.95226496    1.95226496    3.51481180    2.17206004    3.29562340    2.40036537    2.76573906    2.88081769    2.47330032    2.39847613    3.04997206    2.80262887    2.73541333    2.40932836    3.23574727    1.77879956    2.54803951    2.61951204    2.03083469    2.10686954    2.38353348    2.02729605    2.43573677    2.29751187    2.49894771    3.38176568    2.24857988    1.63213171    2.24114570    2.13376251    2.35418665    2.63191037    1.99301134    1.92101592    2.89761072    2.50292895    2.27754017    2.28622348    2.51742831    2.43450700    2.51293529    1.81150137    2.34592955    2.35753130    2.44511879    2.34881763    2.46463447    2.27065862    2.34583206    2.12272561    2.83087811    2.12807811    2.10292521    2.12112431    1.90281871
Q2SUZ7_BURTA/17-90     1.86609351    2.03557125    1.96009519    1.98811918    2.14331807    1.74641196    1.88114051    1.71600614    1.79189039    1.98472655    1.82114621    1.68202980    1.62141412    1.58217920    1.10480671    0.00000000    1.01686235    0.99081945    1.66128563    2.76080044    1.98026829    1.75930386    1.53809913    1.39670632    1.92750092    2.68369736    4.99879399    2.16750474    2.40456777    1.97929061    2.94335428    2.85831365    3.13880054    3.88287852    3.26196256    2.88574648    2.93800944    2.14330197    2.26105768    2.68868746    2.67608210    2.71077528    2.25619528    2.25619528    3.32314161    2.36137926    3.17382513    2.44215931    2.57527114    2.94905587    3.99077374    2.84138124    3.93463678    3.41398376    2.89288117    2.06831109    2.15061941    2.02845804    3.09367684    2.79194373    1.56969085    1.80713837    2.17622689    2.33178725    3.07054070    2.97322209    3.08328528    2.85985454    2.21950238    1.66431568    2.86457938    2.55607727    3.12608068    3.41046362    2.68061196    1.90226668    3.31672376    2.62404081    2.10707978    2.23933170    2.57338263    2.30262936    2.14063750    2.20181502    2.46501883    2.20692856    2.39975521    2.37021228    2.37924468    1.74823738    2.10222973    2.52044314    2.91525456    2.61824354    2.14240539    2.42037529    2.34391825
A2BTY6_PROM5/17-90     1.72891056    1.90127030    1.98364790    2.20570215    2.36040780    1.80344914    2.21449478    1.79394036    1.90556618    2.42557077    1.82515947    1.86219914    1.73604091    1.84299394    1.20433984    1.01686235    0.00000000    0.41654542    1.52698603    2.35748779    1.84719519    1.75858208    1.91085973    1.71902449    2.61576131    2.70559211    3.31868646    2.37242830    2.26213834    1.86342251    2.26119178    2.06097713    3.40601660    4.07389036    3.37665496    3.72999791    3.42341042    2.34359122    2.30295718    2.32705891    2.60638718    2.55790296    2.28881172    2.28881172    2.98089680    2.14582028    3.41244425    2.75024741    3.16665480    2.70096943    2.57340277    2.01474321    3.84081985    3.61956467    2.48081815    2.11192668    2.82997273    1.89799657    3.60348688    3.23156097    2.06924343    1.50035100    2.49742472    1.97319868    4.14995019    3.99508102    3.52954214    2.94104852    2.44512155    2.12868027    2.63398760    2.42527177    2.85052907    3.00827658    2.39353555    2.51869141    2.62894110    2.46898205    2.65108367    2.49484946    3.14098206    2.63886153    1.93946268    2.07103842    2.82933383    2.98765033    3.15186476    2.67399181    2.85151967    2.48045938    2.54821033    2.26850748    3.49285256    2.63813361    2.15763576    2.08955647    2.26412193
A4CRK1_SYNPV/18-91     1.69782934    1.86268815    2.03372510    2.08320979    2.37219215    1.69382436    1.92785096    2.00867085    2.02251903    2.26852752    1.74224055    1.80796726    1.85783512    1.76462286    1.05550714    0.99081945    0.41654542    0.00000000    1.74159921    2.72121112    2.12551379    2.06696305    1.99173979    1.61152620    2.61060982    2.85853950    3.46769543    2.76181358    2.51103501    2.06747585    2.27570388    2.11336722    3.72487077    3.77957303    3.22293391    3.37066620    3.42344142    2.41394561    2.31195774    2.42680727    2.58073958    2.43522410    2.20077227    2.20077227    3.10173718    2.19023901    2.88604289    2.38114664    2.67934388    2.43555212    3.00492786    2.47565679    3.16960887    2.82220185    2.60557243    2.05953348    2.84767647    1.78843405    3.28458876    2.75995047    2.16394011    1.66010195    2.46439997    2.05469700    3.75649414    3.58594684    3.05243977    2.56520968    2.40205099    2.14631387    2.23320389    2.13465712    3.11895138    3.38200893    2.53030488    2.20476039    2.93363907    2.80280060    2.65568938    2.77682381    3.31023928    2.91701908    2.07120112    2.15310028    3.18334546    3.23357503    3.17971643    2.95146383    3.03493275    2.75194371    2.72776309    2.68182660    3.61322262    2.27949023    2.18135021    2.32758892    2.00072262
G8P2D1_LACLC/20-92     1.94038211    1.71649537    1.86673103    1.98408094    2.23877843    1.87854546    2.01871130    2.05595675    1.88423847    1.72386819    1.75244200    1.76832503    1.85322005    1.96780920    1.57660434    1.66128563    1.52698603    1.74159921    0.00000000    2.32065220    1.48499744    1.83324363    2.07713467    1.79006433    2.42877763    2.65066149    3.42627921    2.09489379    2.15869570    1.90748468    2.66457792    2.63334643    2.71371867    2.75735732    4.09539693    3.41515358    3.41115911    2.25727395    2.29800343    2.30345869    2.73970821    2.22768605    2.27588482    2.29155227    2.56635166    2.11798259    2.73954476    2.02978408    2.85696542    3.22594672    3.15975969    2.63514778    3.00706721    2.75497931    3.04493841    2.21723812    2.03307818    1.64063300    2.99079092    2.37662313    2.22751381    1.98352763    1.84178127    1.87652056    2.23827231    2.35216938    2.36995293    4.12193211    1.91647500    1.94749470    2.56467669    2.26888030    2.29887565    2.70211845    2.23404702    1.74016004    2.63703267    2.41379183    2.41808620    2.18198285    2.48357917    2.31068202    2.10149594    2.22568303    2.18719583    1.90181965    1.86290026    1.86613123    1.87695822    1.89165559    2.12120807    2.24646890    2.40546352    1.91011595    1.88684234    1.89242286    2.42201465
Q0IL00_NPVLS/162-237     2.48607865    2.30460096    2.35800266    2.74004614    2.58238995    2.72699385    2.50985949    2.34269857    2.62802698    2.49029457    2.54458740    2.39480040    2.29626749    2.34281295    2.07723576    2.76080044    2.35748779    2.72121112    2.32065220    0.00000000    1.59206944    1.98241825    2.01084447    1.83809870    2.50679621    2.30023055    3.83221361    3.50673801    3.44762179    3.18146892    3.99898340    3.77353751    2.94039209    5.24158270    4.71305235    4.11101054    3.86315957    3.67801116    3.78831476    2.86121112    4.13059159    3.09560590    3.13690238    3.10328499    3.27133225    2.34406672    2.83280497    2.53540211    3.10323483    3.35204682    3.49482963    4.05860808    2.83026733    2.88155358    3.47728716    3.09192026    3.26685825    2.65485785    3.47066615    2.60331274    3.24039441    2.87716750    3.46911629    2.54731159    3.31003642    2.80191881    2.99632216    3.21318128    2.88987129    2.05945915    2.74998206    2.60221767    2.62019779    3.03973024    2.85201511    2.61446646    3.06619091    2.98079183    2.93920257    2.68235289    2.59751872    4.34835534    3.56255453    3.31867815    3.70759907    3.64486203    3.82430991    3.70706661    3.65361538    3.39355900    3.62595487    3.85887695    4.17778469    3.06020911    3.03322428    2.23409238    2.40188709
Q0IKW6_NPVLS/185-253     1.75371982    1.65431369    1.69056703    1.86242591    1.77810574    1.61413371    1.61178553    1.43754091    1.42907701    1.43224421    1.65477127    1.58312953    1.52156337    1.68281723    1.62806369    1.98026829    1.84719519    2.12551379    1.48499744    1.59206944    0.00000000    0.37670389    0.78064753    0.86579353    1.33377915    1.14663756    3.67773836    2.20833279    2.32697656    2.48808845    2.15701911    2.04676311    2.46620361    2.86037471    2.72022595    2.88358687    2.78158021    1.78293927    1.78717467    1.77965710    2.13398201    1.95104482    1.91088372    1.91088372    2.07401146    1.84577202    2.28872582    2.00735850    2.21523970    2.37989554    2.52832652    2.65463226    2.31215519    2.39692778    2.19298907    2.19057867    2.03801345    1.82799834    2.53029995    2.15731621    2.15741251    2.26286073    2.03366139    1.52191738    1.98383711    2.24849253    2.00307256    3.02784169    1.72704184    1.40488027    2.14385193    2.02620963    1.77111410    2.37524646    1.66891353    1.34415593    2.03028799    1.78261188    2.15496952    2.29591097    2.20352784    2.49036138    2.07007577    2.34872824    3.15153335    2.55030372    2.61500288    2.52465060    2.61199160    2.62187517    2.80012361    2.47301208    2.64882384    1.69902483    1.80707434    1.66299342    1.79991442
Q8V5T7_9ABAC/133-201     1.87755190    1.71284277    1.91796787    1.96266027    2.06096934    1.84072929    1.92530977    1.72923591    1.63766040    1.74966432    1.75987882    1.81090304    1.66915125    1.89972996    1.79265405    1.75930386    1.75858208    2.06696305    1.83324363    1.98241825    0.37670389    0.00000000    0.88155775    1.01071561    1.48571849    1.37006621    4.04578389    2.63676300    2.53602011    2.47422882    1.95279461    1.85928181    2.59767152    3.15701236    2.57059104    3.10908381    2.94706008    1.96542656    1.92803344    1.95239183    2.45022666    2.14556452    2.16652829    2.16652829    3.04337635    2.01116100    2.50431978    2.38082761    2.40994007    2.30327432    2.66224928    3.13964247    3.09983525    2.68730248    3.14304012    2.15549298    2.40799536    2.38457267    3.15574591    2.50859253    2.27491353    2.20556278    2.49693711    1.62247628    2.36140305    2.49544748    2.42668736    2.84817371    1.72316410    1.76394595    2.07467225    2.30506345    1.87406103    2.89456931    1.96446524    2.00299398    2.23115332    2.16338526    2.47074568    2.43987760    2.50506443    2.58165168    2.27499420    2.36146655    3.33595737    2.78519888    3.22034672    2.83567418    2.91541892    3.05537131    3.13589061    2.83625098    2.96968007    2.04449823    2.09482405    1.67349581    1.76888064
Q9YMH8_NPVLD/159-227     1.82746584    1.86260823    1.64675814    1.55199215    1.74368835    1.49249281    1.92667686    1.51287908    1.51795841    1.69708739    1.68103450    1.78621441    1.57338370    1.57028642    1.43665177    1.53809913    1.91085973    1.99173979    2.07713467    2.01084447    0.78064753    0.88155775    0.00000000    0.57247697    1.71622579    1.37023579    5.62916911    2.61907018    2.82888372    2.70373725    2.43071339    2.36222628    2.86825399    3.85182074    2.74807330    3.23521972    3.80825671    1.92957175    1.92099899    2.11201871    2.34814153    2.45991920    2.42338952    2.42338952    2.28156448    1.83980723    2.85261540    2.46781693    2.69185665    2.93733339    2.75456634    2.92537827    2.92319063    2.85738863    2.64960992    2.11543409    2.11552207    1.94975746    2.68345125    2.34211959    2.17770419    2.74686741    2.22145235    2.13616095    2.87556411    2.97842056    2.52384974    3.23252236    2.32684106    1.65792588    2.27881331    2.07067242    2.36244677    2.87761175    2.27828250    1.88937243    2.39684990    2.31956147    2.22884935    2.37444867    2.38570449    2.46602971    1.86103318    2.14037835    3.04389107    2.59726126    2.49207558    2.50533671    2.62077001    2.68737004    2.80671062    2.39818422    2.52038634    1.95495627    2.03602923    1.96501856    2.08760351
Q99GY8_9ABAC/169-237     1.94771665    1.65767484    1.70328224    1.74339844    1.79973638    1.71880918    1.82183407    1.77773138    1.70888994    1.49574105    1.84183519    1.85241331    1.52259682    1.66111883    1.34157409    1.39670632    1.71902449    1.61152620    1.79006433    1.83809870    0.86579353    1.01071561    0.57247697    0.00000000    1.62542977    1.65020972    3.70122660    2.22957989    2.41971961    2.61870356    2.48897761    2.47516899    3.65930461    4.80547794    3.15969942    3.44079761    3.95783980    1.98569642    1.89884598    2.21321118    2.48328870    2.14607121    2.26845093    2.26845093    2.51257571    1.87637364    2.28962488    2.36282422    2.62315852    2.49609973    2.99136349    2.78063538    3.41342699    2.81265913    2.67708032    2.53780047    2.43713700    1.79552546    2.18458645    2.17785520    2.17298235    2.46013486    1.93968025    2.17446976    2.80947361    2.86719221    2.67563304    2.82293469    1.94682987    1.47769707    2.02100977    1.80347979    2.31131562    2.32023360    2.04810411    1.86873059    2.43069637    2.51157086    2.49649423    2.46968233    2.79520673    2.45882020    2.08115160    2.25705051    2.91718573    2.60755258    2.62518347    2.61200230    2.63460911    2.53924186    2.88331828    2.52392544    2.50166675    2.16464871    1.73045889    1.99077496    1.63772929
Q0IL69_NPVLS/147-215     2.06618850    2.01095555    1.83443777    2.02540151    1.93394809    2.02178673    2.04732741    1.83279001    1.84714862    1.62481301    1.83840812    2.00631565    2.15784268    1.51528286    1.64849190    1.92750092    2.61576131    2.61060982    2.42877763    2.50679621    1.33377915    1.48571849    1.71622579    1.62542977    0.00000000    1.78709018    5.38329831    3.09574110    3.50946460    3.29473726    3.63320682    3.37451724    4.12865913    5.68817611    3.33261682    3.91544617    4.05984456    2.29721347    2.39263330    2.71157102    3.91266521    2.88512543    2.83784812    2.81905622    3.72607040    3.22942705    3.32397143    3.51641565    2.55192349    3.60077493    3.24061610    2.84160095    3.62530081    3.25620152    2.70238950    2.60881360    2.63310419    2.49920177    3.82076201    3.00730238    2.72464870    2.65456469    2.62747915    2.21003508    3.06916512    3.01994182    2.41179868    3.32796088    2.71159578    2.26826836    3.21752503    3.01901067    2.32561277    2.39864162    2.27647507    2.05148731    3.06886465    2.94784896    3.45281543    3.76518827    3.59986807    4.57905290    3.49167395    3.11946680    4.21845673    3.70011949    3.71195673    3.83306256    3.80893226    3.83590479    3.84492595    4.09793414    4.60712111    3.07584530    2.87858113    2.83351332    2.19363592
Q0N3Y1_9ABAC/168-239     2.54392634    2.43681118    2.29649697    2.26632240    2.37754040    2.14009109    2.53046056    2.14205129    2.06336922    2.02281314    2.00434647    2.41472779    1.91048687    2.19990328    2.13264063    2.68369736    2.70559211    2.85853950    2.65066149    2.30023055    1.14663756    1.37006621    1.37023579    1.65020972    1.78709018    0.00000000    4.62314306    2.45116053    3.03761731    3.07625281    3.46385559    3.32432286    3.04005300    4.73665154    3.30434982    3.59876520    3.25698630    2.12756464    1.94839506    1.85509590    2.43015238    1.91772735    1.98511072    1.96021164    3.19389840    2.08527982    3.39883689    3.52380507    4.28904631    3.29310141    3.09105853    3.73133940    2.97653951    2.59742677    2.49697529    2.45807085    2.92581618    2.32020598    4.26603402    2.86693450    2.53651872    2.68248803    2.47531717    2.04613635    2.45081522    2.35492128    2.18268381    2.84965314    2.42034148    1.73102756    2.54384895    2.68431733    1.69253738    2.36298599    1.91985092    1.64657179    2.44755525    2.38555549    2.48472121    2.94386467    2.30310624    2.66797573    2.40567136    2.58404534    3.01013893    2.71513652    2.63777467    2.66914171    2.90191279    2.65335953    2.83922290    2.87029076    3.34556100    2.18309129    2.63730993    2.93337404    2.60454986
B8MPB5_TALSN/226-317     5.21376822    4.53433544    5.20883859    6.91904558    5.25394674    5.38320710    6.35285620    5.74982694    5.47828787    4.99254711    4.81752287    5.45464799    6.60638050    4.46972807    3.36584272    4.99879399    3.31868646    3.46769543    3.42627921    3.83221361    3.67773836    4.04578389    5.62916911    3.70122660    5.38329831    4.62314306    0.00000000    2.40676131    2.52455335    2.78219787    3.13848168    3.10422340    2.48793764    3.19069755    3.84560396    4.26232867    3.90213589    2.58401061    2.25397308    2.31161903    3.35423757    2.14310104    2.13101905    2.13101905    4.69837482    3.19310526    3.24249913    2.78320402    3.33492824    2.84342529    7.82794124    4.04205496   11.44759986    6.83509987    2.98711659    3.92033303    3.04676548    3.55996751    3.35587228    4.70487032    3.25765621    3.96839449    4.56413855    2.92633151    6.39025100    5.32498593    3.62583767    4.22321727    2.94487666    3.61367772    4.40653274    3.89210109    3.80335157    4.33111092    4.58126356    2.86339123    3.86152508    4.36332102    4.56209283    4.50898491    4.57735290    4.50367460    3.70438776    3.33444924    4.64061722    6.02314622    5.94649984    5.72914164    5.95371648    4.74760606    5.57907427    4.76588577    9.28259085    4.00196860    4.77656342    3.82425819    3.57956734
C5PJC3_COCP7/404-485     3.04453099    3.09259447    3.28215399    3.54890741    3.47362876    2.40854742    3.25970985    2.91226022    3.27897271    3.25796912    2.67195769    3.11210807    3.07106390    2.80323151    2.17221851    2.16750474    2.37242830    2.76181358    2.09489379    3.50673801    2.20833279    2.63676300    2.61907018    2.22957989    3.09574110    2.45116053    2.40676131    0.00000000    1.36903635    1.23818329    1.87804758    1.81316000    2.04885339    2.72098951    2.32848771    2.38741687    2.14565166    1.45146892    1.37637807    1.18599951    1.43452396    1.20871600    1.15444533    1.15444533    3.80531548    2.48928892    2.59923820    2.26198159    2.57108552    3.60611462    3.75061372    3.48632924    3.82945956    3.04093740    2.91520224    2.30562543    2.21115047    2.88126713    3.09756487    3.00875209    2.39278163    2.76055111    2.24033670    2.20621600    2.87760091    2.65220227    2.66014388    3.04097719    2.52889812    2.88946604    3.43439932    3.02904021    3.03431148    3.35363233    3.56449332    2.47384952    2.78367799    2.63758564    2.26120146    1.82677393    2.32159836    2.04076861    1.86834154    2.32252344    2.94395251    2.82591975    2.46338441    2.52873279    2.71855222    2.73555808    2.72073398    2.41172534    2.80228888    2.41695207    2.65636165    2.62609239    2.70442946
