52
F9ZN65_ACICS/101-224     0.00000000    1.97243546    1.47496646    1.47290152    1.38479478    1.63070667    1.26750853    1.61881156    1.77239118    1.51220079    1.50181080    1.54494621    1.97982453    2.55634936    1.57125150    1.68343685    1.24819052    1.55193777    1.48452251    1.53228738    1.61051712    1.96389530    1.83120669    1.91271766    1.87878450    1.74928997    2.31142011    2.24774278    1.97059469    1.68165248    1.71874087    1.83566186    1.99929347    1.80609549    1.71104504    1.74848810    1.61254584    1.54443827    1.50408595    1.50412267    1.44527055    1.54376616    1.78357571    1.57122073    1.31551403    1.61162881    2.00738884    1.92269237    2.66117235    2.74188782    2.60138455    2.81564611
D3VCD6_XENNA/99-221     1.97243546    0.00000000    1.05873318    1.73723741    1.54299084    1.83548117    1.44852017    1.62296571    1.72209716    1.48138843    1.41731684    1.38352918    2.21324002    2.22834014    2.30959507    2.33191930    2.59309889    2.15716038    2.22200321    2.01322854    2.39356929    2.77111264    2.78319517    2.77527980    2.66278356    2.36971278    2.25040109    2.69835472    2.28991156    2.72385381    2.66557591    2.78570151    2.56302287    2.99885552    2.62550583    2.03001657    2.07384912    2.35088789    2.04451707    2.29368792    2.03854112    1.78640819    2.40893219    2.05426715    2.03285636    2.14746584    3.25278139    2.04313372    2.58597234    2.53250675    2.98430580    3.17353525
A0A5P8YL94_YERPE/108-230     1.47496646    1.05873318    0.00000000    1.50299550    1.22577889    1.67920881    1.26060230    1.39608224    1.50111065    1.36837431    1.14522692    1.13094557    2.02589016    2.55643484    1.72098027    2.02874079    1.93742843    1.63935056    1.67263929    1.84229350    2.18868065    2.10279749    2.40617446    2.41426938    2.05479056    1.95526513    2.09133572    2.25137115    2.04346206    2.26101865    2.00776652    2.11859526    2.12962887    2.39438241    2.54431656    1.73469548    1.96872900    1.98699494    1.90708704    1.89577322    1.76364286    1.88181971    1.89063567    1.98387969    1.63835425    1.80587944    2.18174612    2.13552620    2.49019800    2.58481361    2.64016676    3.74467211
Q7NZC3_CHRVO/97-219     1.47290152    1.73723741    1.50299550    0.00000000    1.37846885    1.51537746    1.39767187    1.59628404    1.58062319    1.66507511    1.61128957    1.35167751    2.44505648    2.79513379    2.06313609    2.15953228    2.22876224    2.05395869    1.95654810    2.14578618    1.99991276    2.34996106    2.30427626    2.54834188    2.03158561    1.68573636    1.82374236    2.73348748    1.85088775    1.95536831    2.03640582    1.98724512    1.92050246    2.88585942    3.14230980    1.96303732    1.84398072    2.01444388    2.07259484    1.84166253    1.72340395    1.77229719    2.13865195    1.81411198    1.86967374    2.04834976    2.58123797    2.39991676    3.51261188    2.66020049    3.23942776    3.87809611
C7RLC6_ACCPU/110-232     1.38479478    1.54299084    1.22577889    1.37846885    0.00000000    1.14523268    1.05912679    0.83340595    1.00240375    0.73130199    1.01816934    0.91770197    2.11439800    2.35041452    1.94254955    2.00177749    1.73002614    1.68517780    1.59245856    1.90083736    2.10867146    2.14860450    2.12169830    2.15195798    2.32753564    2.13821684    1.98355967    2.50459780    2.24488848    2.01334311    1.87293339    1.83610074    1.84061159    2.42871817    2.62017967    1.73278799    2.05757073    1.80540503    1.89682642    1.82879140    1.89730468    1.95083540    1.66240830    2.07941190    1.75082080    2.14629163    2.48377088    2.59993713    3.32185051    2.99371522    3.19478038    3.63484264
Q82XH3_NITEU/106-228     1.63070667    1.83548117    1.67920881    1.51537746    1.14523268    0.00000000    1.40471256    1.22628528    1.12946478    1.15354807    1.35485818    1.06886825    2.00092874    2.17932730    1.98806369    1.97544053    1.71335905    1.75051228    1.81080791    1.91451770    1.87511807    2.09983675    2.18710058    2.01324885    1.94925643    2.02215827    1.76052053    2.12397321    2.11236882    1.87431068    1.98578190    1.69985658    1.62074333    2.20154406    2.13642715    1.70537429    1.71127160    1.68584878    1.71272280    1.49747968    1.44521227    1.67009290    1.61752058    1.74121259    1.56907395    1.75394682    2.45264332    2.09705108    2.57106722    2.04972321    2.72420904    3.17341008
D5CMW8_SIDLE/115-235     1.26750853    1.44852017    1.26060230    1.39767187    1.05912679    1.40471256    0.00000000    0.95451341    1.13937389    0.97430690    1.20589008    1.24944476    2.00061878    2.26268192    1.75352079    1.81330081    1.37198624    1.61772662    1.57577947    1.89872766    2.17084363    2.01653716    2.28187742    2.31872330    1.77084360    2.10390795    2.03140073    2.30496860    2.27099796    1.95734344    1.80772759    1.73044149    1.73132302    2.35218565    2.25896894    1.62967518    1.84657722    1.84097077    2.09553845    1.65324179    1.84291758    1.64649314    1.67337112    1.84740789    1.92282908    2.17122679    2.67398752    2.40645556    2.84494139    2.63267460    2.90172033    3.77492707
C6XBV3_METGS/118-240     1.61881156    1.62296571    1.39608224    1.59628404    0.83340595    1.22628528    0.95451341    0.00000000    0.48910730    0.30879609    1.00321142    0.92320449    2.07843242    2.24771072    1.74122924    1.96509077    1.74709030    1.74050504    1.61475240    1.86364394    2.06613830    2.59857673    2.26256524    2.38621577    2.06896394    2.20269878    1.96700723    2.23353014    2.11148998    2.16246929    1.95563950    1.98669942    1.95354463    2.39872378    2.26053111    1.86968542    2.07114313    1.86282149    1.93332619    1.71463295    1.79836012    1.70536771    1.73348802    1.95817269    1.93309028    2.11593098    2.48939342    2.54486805    3.15116983    2.77527703    3.23231684    3.97340553
Q1GZW7_METFK/111-233     1.77239118    1.72209716    1.50111065    1.58062319    1.00240375    1.12946478    1.13937389    0.48910730    0.00000000    0.53712756    1.18015938    1.05278605    2.47577218    2.37920750    1.83806566    1.97999627    1.88150952    1.85406095    1.72713430    2.04652236    2.07939349    2.73398698    2.42419538    2.57415524    2.22763941    2.08233453    1.78993106    2.59658979    2.66260461    2.33128134    2.34503549    2.38645918    2.30834514    2.65875252    2.45715802    2.05142627    1.89747531    1.90009021    1.85208947    1.70282637    1.64513395    1.85897426    1.73979321    2.01132951    2.09506723    2.43395653    2.93744652    2.83716048    3.32145677    3.04046731    3.87225766    4.41987952
C6WVB1_METML/141-263     1.51220079    1.48138843    1.36837431    1.66507511    0.73130199    1.15354807    0.97430690    0.30879609    0.53712756    0.00000000    0.98331832    0.99471382    2.22150150    2.16882011    1.56215680    1.84494207    1.65284956    1.59580165    1.63343725    1.73939763    1.94714380    2.44990862    2.25437673    2.43640707    2.07101230    2.19003075    2.01004874    2.37379993    2.16301427    2.22471717    2.02256922    2.08221919    1.99036713    2.35927130    2.27317660    1.62590674    1.84929254    2.02009137    1.81009049    1.59027198    1.71150125    1.82562506    1.78241422    1.89084359    1.82056469    1.97123343    2.38202731    2.49940873    2.81728006    2.98454217    3.15827232    3.43952679
C5AEH4_BURGB/386-508     1.50181080    1.41731684    1.14522692    1.61128957    1.01816934    1.35485818    1.20589008    1.00321142    1.18015938    0.98331832    0.00000000    0.53092105    2.28666639    2.23449181    1.82036456    2.18352062    1.65129370    1.68802184    1.69033803    1.82906179    2.16347866    2.27636848    2.23830415    2.48741132    2.17146870    2.30233205    2.17228399    2.40493776    2.19707200    2.68427150    2.63235976    2.67192353    2.69455234    2.54153821    2.60375873    1.89500660    1.95245067    1.74518459    2.09719712    2.08140001    1.73712281    1.83139218    2.19231345    2.46837794    1.99227447    2.20692313    2.86572460    2.68235805    3.19828101    2.86126564    3.41009691    4.83001672
B2JJ15_PARP8/300-422     1.54494621    1.38352918    1.13094557    1.35167751    0.91770197    1.06886825    1.24944476    0.92320449    1.05278605    0.99471382    0.53092105    0.00000000    2.23403157    2.38565837    1.64728806    1.84891441    1.77709842    1.61926751    1.69483869    1.94376849    2.01169175    2.03066236    2.03407392    2.14418414    2.02212458    2.05031781    1.80749265    2.57950384    2.02206703    2.20525698    2.32553995    1.99196058    2.09763668    2.56350397    2.38062880    1.86383825    1.71207442    1.71013908    1.84896449    1.91906077    1.67785905    1.77310823    2.02245551    2.19640722    1.76355746    2.15749068    2.45158154    2.07993935    2.95099768    2.51779063    3.18799608    4.08415166
Q2LT22_SYNAS/119-242     1.97982453    2.21324002    2.02589016    2.44505648    2.11439800    2.00092874    2.00061878    2.07843242    2.47577218    2.22150150    2.28666639    2.23403157    0.00000000    1.86221889    1.68329656    1.88338393    1.94620730    1.46556315    1.43389542    1.41577436    1.76816976    2.34258483    2.28685178    2.02930511    2.31293814    2.14082539    1.91467454    1.94681867    2.06623896    2.12942215    1.93385509    1.99042379    2.10476276    1.96286568    2.73799181    2.19632489    1.73603564    1.63920834    1.57038304    1.62596974    1.89103807    1.96774211    1.68411445    1.61754013    1.58356579    1.70111822    2.29254033    1.76994376    2.33175263    2.36072717    2.00939312    2.61452506
B5YIX3_THEYD/106-229     2.55634936    2.22834014    2.55643484    2.79513379    2.35041452    2.17932730    2.26268192    2.24771072    2.37920750    2.16882011    2.23449181    2.38565837    1.86221889    0.00000000    2.26729647    2.32319706    2.07719334    1.98376438    1.84593372    2.53169500    2.19454642    2.33107743    2.43151484    2.46798900    2.49545242    2.58928763    2.19365796    2.27787186    2.27553519    2.66132310    2.47516497    2.67362514    2.46081706    2.73821948    2.70279974    2.12049490    2.42102451    2.20929708    2.17142484    2.21356370    2.29016275    2.30898057    1.83775023    1.93774445    2.82516878    2.62812426    2.97681904    2.80851122    2.75747147    2.96762082    3.02076697    3.15400102
B5EEG7_GEOBB/121-244     1.57125150    2.30959507    1.72098027    2.06313609    1.94254955    1.98806369    1.75352079    1.74122924    1.83806566    1.56215680    1.82036456    1.64728806    1.68329656    2.26729647    0.00000000    0.73134402    0.74659611    0.61291747    0.56192024    1.03966938    1.53214839    1.92602642    1.74441589    1.87804657    1.65473419    1.66415983    1.62771678    2.12278516    1.65460658    1.50038644    1.48097896    1.37034969    1.47075471    1.88968053    1.86327063    1.76154740    1.49152235    1.34902813    1.63325903    1.33841542    1.45666818    1.77908532    1.60283887    1.23900977    1.10576193    1.46827196    2.48221734    1.90661578    2.16734665    2.22818577    2.37335528    3.22002217
A1AUM2_PELPD/113-236     1.68343685    2.33191930    2.02874079    2.15953228    2.00177749    1.97544053    1.81330081    1.96509077    1.97999627    1.84494207    2.18352062    1.84891441    1.88338393    2.32319706    0.73134402    0.00000000    0.69293564    0.63306333    0.64309708    1.53885217    1.51502342    2.28806735    1.75211185    2.25059950    2.11808614    1.96207050    1.97557845    2.33821523    1.98258765    1.58736965    1.53781672    1.52849176    1.50813307    2.35327540    2.13455048    2.22546443    1.67063517    1.56979921    1.64356777    1.61073314    1.59706333    2.22221156    1.78497771    1.45850495    1.56332831    1.77077731    2.46667755    1.78028093    2.53571451    2.45008456    2.30593255    2.63502060
B3EAV3_GEOLS/118-241     1.24819052    2.59309889    1.93742843    2.22876224    1.73002614    1.71335905    1.37198624    1.74709030    1.88150952    1.65284956    1.65129370    1.77709842    1.94620730    2.07719334    0.74659611    0.69293564    0.00000000    0.81495786    0.83283686    1.43864797    1.71632491    1.91335971    1.71402650    1.76401488    1.74700747    1.90862623    1.95884109    2.01318173    1.85060803    1.66998411    1.48423873    1.64688175    1.67702104    2.16190852    1.92609101    1.88553088    1.56202588    1.61787810    1.71913694    1.70099074    1.56933410    1.52783603    1.72236741    1.34473036    1.58107232    2.07456690    2.42434658    2.08919049    2.46034343    2.30595497    2.49407848    2.95017471
B9M0F7_GEODF/101-224     1.55193777    2.15716038    1.63935056    2.05395869    1.68517780    1.75051228    1.61772662    1.74050504    1.85406095    1.59580165    1.68802184    1.61926751    1.46556315    1.98376438    0.61291747    0.63306333    0.81495786    0.00000000    0.29446698    1.11596151    1.54274362    1.64916429    1.62777705    1.90966071    2.01522855    1.82561324    1.75372154    2.33588151    1.99544805    1.37461381    1.40859499    1.34564480    1.37473149    1.98524014    1.80958500    1.61332097    1.63122002    1.24489676    1.52627517    1.50750163    1.34764293    1.84101557    1.54011427    1.24386814    1.35494759    1.64605275    2.47589722    1.72996746    2.42231134    2.52562524    2.29932183    2.82856525
A5G8Y0_GEOUR/113-236     1.48452251    2.22200321    1.67263929    1.95654810    1.59245856    1.81080791    1.57577947    1.61475240    1.72713430    1.63343725    1.69033803    1.69483869    1.43389542    1.84593372    0.56192024    0.64309708    0.83283686    0.29446698    0.00000000    1.14417482    1.52614000    1.68555256    1.64451253    1.89350418    1.89102844    1.87469134    1.67156121    2.28264279    1.85478920    1.36363389    1.30031042    1.25719357    1.39430595    1.86401781    1.78475392    1.74771569    1.69280538    1.39497474    1.64898200    1.59021484    1.51051349    1.88274559    1.41836496    1.28381997    1.33258828    1.72671307    2.39747446    1.70639101    2.38264332    2.52628308    2.48495913    2.99656842
B8FK20_DESAL/199-322     1.53228738    2.01322854    1.84229350    2.14578618    1.90083736    1.91451770    1.89872766    1.86364394    2.04652236    1.73939763    1.82906179    1.94376849    1.41577436    2.53169500    1.03966938    1.53885217    1.43864797    1.11596151    1.14417482    0.00000000    1.17820737    1.93590499    1.86283851    2.17757210    1.75736880    1.57156528    1.47515968    2.00446570    1.72991910    1.35123029    1.38230482    1.48137131    1.42222744    2.11763881    1.85846187    1.52515599    1.41573449    1.54552212    1.43444647    1.43999417    1.50696277    1.58444814    1.40161938    1.46512687    1.47263653    1.63188971    2.37848510    2.07249712    2.31242919    2.22891250    2.67190233    2.52895811
C0QA41_DESAH/185-308     1.61051712    2.39356929    2.18868065    1.99991276    2.10867146    1.87511807    2.17084363    2.06613830    2.07939349    1.94714380    2.16347866    2.01169175    1.76816976    2.19454642    1.53214839    1.51502342    1.71632491    1.54274362    1.52614000    1.17820737    0.00000000    1.68436323    1.81404432    1.85899906    1.89535837    1.40857200    1.57358317    1.97724948    1.87900480    1.92274200    1.98577641    2.04588651    1.79875500    2.10030209    1.96694841    1.68481379    1.43497772    1.48361781    1.42885795    1.53745586    1.41265137    1.43487557    1.71782054    1.56560002    1.53561980    1.78303586    2.52725490    1.71228235    2.03749125    2.22566209    2.58109648    2.20556169
Q8EC91_SHEON/113-233     1.96389530    2.77111264    2.10279749    2.34996106    2.14860450    2.09983675    2.01653716    2.59857673    2.73398698    2.44990862    2.27636848    2.03066236    2.34258483    2.33107743    1.92602642    2.28806735    1.91335971    1.64916429    1.68555256    1.93590499    1.68436323    0.00000000    0.51390802    0.58012102    1.22075690    1.33712668    1.34190856    1.80577436    1.74538634    1.97407545    2.17595100    2.09446526    2.15156806    1.90256083    1.73417915    1.75654095    1.75285074    1.77993532    1.43960860    2.00371863    1.73396233    1.68290578    2.00722849    1.63465674    1.54719207    1.83220487    2.58637138    2.00320757    2.11271192    2.42302127    2.40735037    2.92815978
Q12PP0_SHEDO/113-233     1.83120669    2.78319517    2.40617446    2.30427626    2.12169830    2.18710058    2.28187742    2.26256524    2.42419538    2.25437673    2.23830415    2.03407392    2.28685178    2.43151484    1.74441589    1.75211185    1.71402650    1.62777705    1.64451253    1.86283851    1.81404432    0.51390802    0.00000000    0.47119870    1.25700029    1.37513776    1.42425728    2.27516803    1.81955843    2.03698994    2.11365619    2.38430397    2.31192739    2.26623654    2.07188654    2.03509404    1.52478076    1.57013115    1.37986556    1.69044503    1.70387049    1.55322404    1.95284801    1.45528255    1.56138369    1.85916780    2.80776318    2.06040799    2.43013994    2.39991607    3.01969845    3.14512680
Q085Q4_SHEFN/113-233     1.91271766    2.77527980    2.41426938    2.54834188    2.15195798    2.01324885    2.31872330    2.38621577    2.57415524    2.43640707    2.48741132    2.14418414    2.02930511    2.46798900    1.87804657    2.25059950    1.76401488    1.90966071    1.89350418    2.17757210    1.85899906    0.58012102    0.47119870    0.00000000    1.28210907    1.41047515    1.59890256    2.14605288    1.78571440    2.38817575    2.09394167    2.38025388    2.43978224    2.32416996    2.22215261    2.21682241    1.57919242    1.66034612    1.45248524    1.87765934    1.95605276    1.66516024    2.10214999    1.54522933    1.51389020    1.83520164    2.27844506    2.16965286    2.38170547    2.32245126    2.68140499    3.12157980
Q6LTR6_PHOPR/113-233     1.87878450    2.66278356    2.05479056    2.03158561    2.32753564    1.94925643    1.77084360    2.06896394    2.22763941    2.07101230    2.17146870    2.02212458    2.31293814    2.49545242    1.65473419    2.11808614    1.74700747    2.01522855    1.89102844    1.75736880    1.89535837    1.22075690    1.25700029    1.28210907    0.00000000    0.77075482    0.96456930    1.87722846    1.84628310    1.94096439    1.90801047    1.89142729    1.95404528    2.00426816    2.37074934    1.38195116    1.76428847    1.75115599    1.78063415    1.71295279    1.48043895    1.30085088    1.75252294    1.33303995    1.45442177    1.86565079    2.74671199    2.37304222    2.69850505    2.87365214    2.78376563    3.21471163
Q5E3M1_ALIF1/133-253     1.74928997    2.36971278    1.95526513    1.68573636    2.13821684    2.02215827    2.10390795    2.20269878    2.08233453    2.19003075    2.30233205    2.05031781    2.14082539    2.58928763    1.66415983    1.96207050    1.90862623    1.82561324    1.87469134    1.57156528    1.40857200    1.33712668    1.37513776    1.41047515    0.77075482    0.00000000    0.73646284    1.31362620    1.70654881    1.72640121    1.87792877    1.83793507    1.92134536    2.05960240    2.40796095    1.65030281    1.50978891    1.67193168    1.67485056    1.67323867    1.33439694    1.20115917    1.79737367    1.37454718    1.39070199    1.55592697    2.52070635    1.97685725    2.36893511    2.35931878    2.37759969    2.84306175
B7VKL6_VIBA3/126-246     2.31142011    2.25040109    2.09133572    1.82374236    1.98355967    1.76052053    2.03140073    1.96700723    1.78993106    2.01004874    2.17228399    1.80749265    1.91467454    2.19365796    1.62771678    1.97557845    1.95884109    1.75372154    1.67156121    1.47515968    1.57358317    1.34190856    1.42425728    1.59890256    0.96456930    0.73646284    0.00000000    1.54320989    1.61687653    1.70717403    1.72852122    1.82297549    1.71491412    2.07637449    2.36421132    1.45946738    1.53072257    1.70242589    1.43096926    1.45256665    1.32587452    1.39387145    1.52205270    1.41071000    1.48061442    1.76722599    2.21044079    1.98197715    2.08979345    2.20503645    2.60741851    3.08866142
A1T0H6_PSYIN/110-231     2.24774278    2.69835472    2.25137115    2.73348748    2.50459780    2.12397321    2.30496860    2.23353014    2.59658979    2.37379993    2.40493776    2.57950384    1.94681867    2.27787186    2.12278516    2.33821523    2.01318173    2.33588151    2.28264279    2.00446570    1.97724948    1.80577436    2.27516803    2.14605288    1.87722846    1.31362620    1.54320989    0.00000000    1.71813941    1.82153021    1.94898625    1.75920288    1.76819344    1.99333283    2.38397917    2.18721728    1.88322431    2.04586668    1.95136829    2.02928703    1.75914887    1.98882106    1.96246119    1.77061714    1.83722127    1.59938226    2.54532286    1.83734187    1.93652897    2.53434195    2.69532458    3.29257552
Q2W1H7_MAGSA/190-313     1.97059469    2.28991156    2.04346206    1.85088775    2.24488848    2.11236882    2.27099796    2.11148998    2.66260461    2.16301427    2.19707200    2.02206703    2.06623896    2.27553519    1.65460658    1.98258765    1.85060803    1.99544805    1.85478920    1.72991910    1.87900480    1.74538634    1.81955843    1.78571440    1.84628310    1.70654881    1.61687653    1.71813941    0.00000000    1.40104676    1.45671944    1.30512330    1.37866707    2.00844893    2.00367162    1.59893263    2.05397176    1.95802274    1.80096467    1.91811869    1.52055486    1.43836019    1.73607219    1.50023482    2.17271624    2.00475614    2.57413246    2.21844863    2.34757157    2.77424654    2.41915965    3.12851878
Q89I10_BRADU/194-316     1.68165248    2.72385381    2.26101865    1.95536831    2.01334311    1.87431068    1.95734344    2.16246929    2.33128134    2.22471717    2.68427150    2.20525698    2.12942215    2.66132310    1.50038644    1.58736965    1.66998411    1.37461381    1.36363389    1.35123029    1.92274200    1.97407545    2.03698994    2.38817575    1.94096439    1.72640121    1.70717403    1.82153021    1.40104676    0.00000000    0.51152094    0.49994606    0.55721022    2.20390160    2.01280257    1.50378119    1.97707181    1.80251890    1.92003582    1.67272842    1.57521582    1.80176919    1.58424080    1.48484073    1.75250310    1.92936212    2.52230073    2.37455451    2.23812235    2.86467360    3.00164449    3.26016886
A4YXW0_BRASO/195-318     1.71874087    2.66557591    2.00776652    2.03640582    1.87293339    1.98578190    1.80772759    1.95563950    2.34503549    2.02256922    2.63235976    2.32553995    1.93385509    2.47516497    1.48097896    1.53781672    1.48423873    1.40859499    1.30031042    1.38230482    1.98577641    2.17595100    2.11365619    2.09394167    1.90801047    1.87792877    1.72852122    1.94898625    1.45671944    0.51152094    0.00000000    0.40382152    0.42571186    2.06460221    2.02833248    1.52482358    1.89394430    1.75872363    1.82719498    1.61480448    1.51175785    1.61249577    1.31442081    1.19857355    1.74431816    1.85180269    2.19283211    2.18151107    2.32361850    2.63144729    2.30310219    2.94088240
Q218W9_RHOPB/216-338     1.83566186    2.78570151    2.11859526    1.98724512    1.83610074    1.69985658    1.73044149    1.98669942    2.38645918    2.08221919    2.67192353    1.99196058    1.99042379    2.67362514    1.37034969    1.52849176    1.64688175    1.34564480    1.25719357    1.48137131    2.04588651    2.09446526    2.38430397    2.38025388    1.89142729    1.83793507    1.82297549    1.75920288    1.30512330    0.49994606    0.40382152    0.00000000    0.35012406    1.97815229    1.94396772    1.73459206    2.11013270    1.96227685    1.68199847    1.64508047    1.42498127    1.70064685    1.51148435    1.51921028    1.59395024    1.81838647    2.30782063    2.22791976    2.29022796    2.72424777    2.63511407    2.81467186
Q6N2Z6_RHOPA/206-328     1.99929347    2.56302287    2.12962887    1.92050246    1.84061159    1.62074333    1.73132302    1.95354463    2.30834514    1.99036713    2.69455234    2.09763668    2.10476276    2.46081706    1.47075471    1.50813307    1.67702104    1.37473149    1.39430595    1.42222744    1.79875500    2.15156806    2.31192739    2.43978224    1.95404528    1.92134536    1.71491412    1.76819344    1.37866707    0.55721022    0.42571186    0.35012406    0.00000000    2.09199212    1.96583643    1.54292057    1.98324419    1.77900598    1.69979272    1.43767399    1.53690883    1.79001858    1.53435255    1.45045409    1.76388407    1.77551348    2.29213134    2.31561987    2.43403414    2.93002123    2.45433873    2.75476449
Q1MQD1_LAWIP/205-326     1.80609549    2.99885552    2.39438241    2.88585942    2.42871817    2.20154406    2.35218565    2.39872378    2.65875252    2.35927130    2.54153821    2.56350397    1.96286568    2.73821948    1.88968053    2.35327540    2.16190852    1.98524014    1.86401781    2.11763881    2.10030209    1.90256083    2.26623654    2.32416996    2.00426816    2.05960240    2.07637449    1.99333283    2.00844893    2.20390160    2.06460221    1.97815229    2.09199212    0.00000000    0.89638250    2.41526249    1.92899343    1.77285641    1.81356229    1.75145992    2.04094156    1.81531033    2.24820674    2.09911006    1.83866231    2.14184312    2.28502533    2.48234500    2.30831800    2.47288951    1.99170334    2.97845681
C6C0E1_DESAD/212-333     1.71104504    2.62550583    2.54431656    3.14230980    2.62017967    2.13642715    2.25896894    2.26053111    2.45715802    2.27317660    2.60375873    2.38062880    2.73799181    2.70279974    1.86327063    2.13455048    1.92609101    1.80958500    1.78475392    1.85846187    1.96694841    1.73417915    2.07188654    2.22215261    2.37074934    2.40796095    2.36421132    2.38397917    2.00367162    2.01280257    2.02833248    1.94396772    1.96583643    0.89638250    0.00000000    2.28222121    2.04775154    1.80624424    1.70958391    1.71666193    1.98386475    1.89568191    2.55168865    2.27010574    2.29789374    2.59044334    2.31344053    2.83311003    2.63138418    2.89100386    2.40703359    3.09449882
M1FC75_9ALTE/108-230     1.74848810    2.03001657    1.73469548    1.96303732    1.73278799    1.70537429    1.62967518    1.86968542    2.05142627    1.62590674    1.89500660    1.86383825    2.19632489    2.12049490    1.76154740    2.22546443    1.88553088    1.61332097    1.74771569    1.52515599    1.68481379    1.75654095    2.03509404    2.21682241    1.38195116    1.65030281    1.45946738    2.18721728    1.59893263    1.50378119    1.52482358    1.73459206    1.54292057    2.41526249    2.28222121    0.00000000    1.23112025    1.39886114    1.41562561    1.24162168    1.40544173    1.43006201    1.18478272    1.19133977    1.69588578    1.75680536    2.45464403    2.02257037    2.19585039    2.55812621    2.17999602    2.84844799
A4VJC5_PSEU5/125-248     1.61254584    2.07384912    1.96872900    1.84398072    2.05757073    1.71127160    1.84657722    2.07114313    1.89747531    1.84929254    1.95245067    1.71207442    1.73603564    2.42102451    1.49152235    1.67063517    1.56202588    1.63122002    1.69280538    1.41573449    1.43497772    1.75285074    1.52478076    1.57919242    1.76428847    1.50978891    1.53072257    1.88322431    2.05397176    1.97707181    1.89394430    2.11013270    1.98324419    1.92899343    2.04775154    1.23112025    0.00000000    0.50239765    0.69161036    0.55884057    1.12118075    1.08418269    1.53295911    1.30671662    1.30942906    1.40946325    2.22367964    2.05180643    1.89706624    2.10726338    2.23784783    2.83001009
Q9HYP6_PSEAE/107-230     1.54443827    2.35088789    1.98699494    2.01444388    1.80540503    1.68584878    1.84097077    1.86282149    1.90009021    2.02009137    1.74518459    1.71013908    1.63920834    2.20929708    1.34902813    1.56979921    1.61787810    1.24489676    1.39497474    1.54552212    1.48361781    1.77993532    1.57013115    1.66034612    1.75115599    1.67193168    1.70242589    2.04586668    1.95802274    1.80251890    1.75872363    1.96227685    1.77900598    1.77285641    1.80624424    1.39886114    0.50239765    0.00000000    0.61445787    0.51952944    1.29095402    1.38429128    1.78600388    1.63909518    1.53971966    1.57370908    2.31060903    1.90110575    2.42485957    2.57944881    2.37869195    2.74438544
Q885A9_PSESM/123-246     1.50408595    2.04451707    1.90708704    2.07259484    1.89682642    1.71272280    2.09553845    1.93332619    1.85208947    1.81009049    2.09719712    1.84896449    1.57038304    2.17142484    1.63325903    1.64356777    1.71913694    1.52627517    1.64898200    1.43444647    1.42885795    1.43960860    1.37986556    1.45248524    1.78063415    1.67485056    1.43096926    1.95136829    1.80096467    1.92003582    1.82719498    1.68199847    1.69979272    1.81356229    1.70958391    1.41562561    0.69161036    0.61445787    0.00000000    0.63317763    1.25637996    1.32746432    1.72962826    1.45604989    1.30961480    1.48888570    2.36447491    1.90571427    2.15992797    2.16896404    2.35766978    2.82656478
A4XW92_PSEMY/127-250     1.50412267    2.29368792    1.89577322    1.84166253    1.82879140    1.49747968    1.65324179    1.71463295    1.70282637    1.59027198    2.08140001    1.91906077    1.62596974    2.21356370    1.33841542    1.61073314    1.70099074    1.50750163    1.59021484    1.43999417    1.53745586    2.00371863    1.69044503    1.87765934    1.71295279    1.67323867    1.45256665    2.02928703    1.91811869    1.67272842    1.61480448    1.64508047    1.43767399    1.75145992    1.71666193    1.24162168    0.55884057    0.51952944    0.63317763    0.00000000    1.31834772    1.19294665    1.54623422    1.31312684    1.42868157    1.61204162    2.40286826    2.14725195    2.12279218    2.45436365    2.35920786    3.09432619
C5BRR4_TERTT/102-225     1.44527055    2.03854112    1.76364286    1.72340395    1.89730468    1.44521227    1.84291758    1.79836012    1.64513395    1.71150125    1.73712281    1.67785905    1.89103807    2.29016275    1.45666818    1.59706333    1.56933410    1.34764293    1.51051349    1.50696277    1.41265137    1.73396233    1.70387049    1.95605276    1.48043895    1.33439694    1.32587452    1.75914887    1.52055486    1.57521582    1.51175785    1.42498127    1.53690883    2.04094156    1.98386475    1.40544173    1.12118075    1.29095402    1.25637996    1.31834772    0.00000000    0.91462447    1.42835769    1.30447374    1.25255125    1.53450795    2.36455495    1.85733424    2.00707320    2.30833635    2.06046734    2.91087928
Q21IK3_SACD2/118-241     1.54376616    1.78640819    1.88181971    1.77229719    1.95083540    1.67009290    1.64649314    1.70536771    1.85897426    1.82562506    1.83139218    1.77310823    1.96774211    2.30898057    1.77908532    2.22221156    1.52783603    1.84101557    1.88274559    1.58444814    1.43487557    1.68290578    1.55322404    1.66516024    1.30085088    1.20115917    1.39387145    1.98882106    1.43836019    1.80176919    1.61249577    1.70064685    1.79001858    1.81531033    1.89568191    1.43006201    1.08418269    1.38429128    1.32746432    1.19294665    0.91462447    0.00000000    1.57096113    1.21124336    1.54426219    1.64365918    2.43426033    1.99934881    2.21681451    2.30176437    2.59559698    3.28497853
Q0AA93_ALKEH/113-236     1.78357571    2.40893219    1.89063567    2.13865195    1.66240830    1.61752058    1.67337112    1.73348802    1.73979321    1.78241422    2.19231345    2.02245551    1.68411445    1.83775023    1.60283887    1.78497771    1.72236741    1.54011427    1.41836496    1.40161938    1.71782054    2.00722849    1.95284801    2.10214999    1.75252294    1.79737367    1.52205270    1.96246119    1.73607219    1.58424080    1.31442081    1.51148435    1.53435255    2.24820674    2.55168865    1.18478272    1.53295911    1.78600388    1.72962826    1.54623422    1.42835769    1.57096113    0.00000000    1.10806133    1.58986675    1.73860894    2.32411784    2.07092483    2.31883035    2.48428094    2.35478142    3.05773049
A1WUE8_HALHL/136-260     1.57122073    2.05426715    1.98387969    1.81411198    2.07941190    1.74121259    1.84740789    1.95817269    2.01132951    1.89084359    2.46837794    2.19640722    1.61754013    1.93774445    1.23900977    1.45850495    1.34473036    1.24386814    1.28381997    1.46512687    1.56560002    1.63465674    1.45528255    1.54522933    1.33303995    1.37454718    1.41071000    1.77061714    1.50023482    1.48484073    1.19857355    1.51921028    1.45045409    2.09911006    2.27010574    1.19133977    1.30671662    1.63909518    1.45604989    1.31312684    1.30447374    1.21124336    1.10806133    0.00000000    1.35634974    1.40707470    2.17249263    1.87064123    2.13296191    2.03314733    2.27755347    2.89323245
A8AKH6_CITK8/134-257     1.31551403    2.03285636    1.63835425    1.86967374    1.75082080    1.56907395    1.92282908    1.93309028    2.09506723    1.82056469    1.99227447    1.76355746    1.58356579    2.82516878    1.10576193    1.56332831    1.58107232    1.35494759    1.33258828    1.47263653    1.53561980    1.54719207    1.56138369    1.51389020    1.45442177    1.39070199    1.48061442    1.83722127    2.17271624    1.75250310    1.74431816    1.59395024    1.76388407    1.83866231    2.29789374    1.69588578    1.30942906    1.53971966    1.30961480    1.42868157    1.25255125    1.54426219    1.58986675    1.35634974    0.00000000    0.59009944    2.18885323    1.62984923    1.96891171    2.06707694    2.60513995    2.47771462
Q0WIV5_YERPE/108-231     1.61162881    2.14746584    1.80587944    2.04834976    2.14629163    1.75394682    2.17122679    2.11593098    2.43395653    1.97123343    2.20692313    2.15749068    1.70111822    2.62812426    1.46827196    1.77077731    2.07456690    1.64605275    1.72671307    1.63188971    1.78303586    1.83220487    1.85916780    1.83520164    1.86565079    1.55592697    1.76722599    1.59938226    2.00475614    1.92936212    1.85180269    1.81838647    1.77551348    2.14184312    2.59044334    1.75680536    1.40946325    1.57370908    1.48888570    1.61204162    1.53450795    1.64365918    1.73860894    1.40707470    0.59009944    0.00000000    2.25591534    1.75790417    2.09563522    2.05603868    2.66003185    2.38796449
A7HLB5_FERNB/194-315     2.00738884    3.25278139    2.18174612    2.58123797    2.48377088    2.45264332    2.67398752    2.48939342    2.93744652    2.38202731    2.86572460    2.45158154    2.29254033    2.97681904    2.48221734    2.46667755    2.42434658    2.47589722    2.39747446    2.37848510    2.52725490    2.58637138    2.80776318    2.27844506    2.74671199    2.52070635    2.21044079    2.54532286    2.57413246    2.52230073    2.19283211    2.30782063    2.29213134    2.28502533    2.31344053    2.45464403    2.22367964    2.31060903    2.36447491    2.40286826    2.36455495    2.43426033    2.32411784    2.17249263    2.18885323    2.25591534    0.00000000    2.54654560    3.24206308    2.94288578    2.39651862    3.13054329
A6Q2L6_NITSB/116-236     1.92269237    2.04313372    2.13552620    2.39991676    2.59993713    2.09705108    2.40645556    2.54486805    2.83716048    2.49940873    2.68235805    2.07993935    1.76994376    2.80851122    1.90661578    1.78028093    2.08919049    1.72996746    1.70639101    2.07249712    1.71228235    2.00320757    2.06040799    2.16965286    2.37304222    1.97685725    1.98197715    1.83734187    2.21844863    2.37455451    2.18151107    2.22791976    2.31561987    2.48234500    2.83311003    2.02257037    2.05180643    1.90110575    1.90571427    2.14725195    1.85733424    1.99934881    2.07092483    1.87064123    1.62984923    1.75790417    2.54654560    0.00000000    2.63156516    1.83495382    2.10445559    2.25944375
Q30RI0_SULDN/167-288     2.66117235    2.58597234    2.49019800    3.51261188    3.32185051    2.57106722    2.84494139    3.15116983    3.32145677    2.81728006    3.19828101    2.95099768    2.33175263    2.75747147    2.16734665    2.53571451    2.46034343    2.42231134    2.38264332    2.31242919    2.03749125    2.11271192    2.43013994    2.38170547    2.69850505    2.36893511    2.08979345    1.93652897    2.34757157    2.23812235    2.32361850    2.29022796    2.43403414    2.30831800    2.63138418    2.19585039    1.89706624    2.42485957    2.15992797    2.12279218    2.00707320    2.21681451    2.31883035    2.13296191    1.96891171    2.09563522    3.24206308    2.63156516    0.00000000    1.62838578    1.54788239    2.06369492
Q7VGG2_HELHP/182-304     2.74188782    2.53250675    2.58481361    2.66020049    2.99371522    2.04972321    2.63267460    2.77527703    3.04046731    2.98454217    2.86126564    2.51779063    2.36072717    2.96762082    2.22818577    2.45008456    2.30595497    2.52562524    2.52628308    2.22891250    2.22566209    2.42302127    2.39991607    2.32245126    2.87365214    2.35931878    2.20503645    2.53434195    2.77424654    2.86467360    2.63144729    2.72424777    2.93002123    2.47288951    2.89100386    2.55812621    2.10726338    2.57944881    2.16896404    2.45436365    2.30833635    2.30176437    2.48428094    2.03314733    2.06707694    2.05603868    2.94288578    1.83495382    1.62838578    0.00000000    1.25134802    1.64309255
O26012_HELPY/96-217     2.60138455    2.98430580    2.64016676    3.23942776    3.19478038    2.72420904    2.90172033    3.23231684    3.87225766    3.15827232    3.41009691    3.18799608    2.00939312    3.02076697    2.37335528    2.30593255    2.49407848    2.29932183    2.48495913    2.67190233    2.58109648    2.40735037    3.01969845    2.68140499    2.78376563    2.37759969    2.60741851    2.69532458    2.41915965    3.00164449    2.30310219    2.63511407    2.45433873    1.99170334    2.40703359    2.17999602    2.23784783    2.37869195    2.35766978    2.35920786    2.06046734    2.59559698    2.35478142    2.27755347    2.60513995    2.66003185    2.39651862    2.10445559    1.54788239    1.25134802    0.00000000    1.16402768
D3UGB6_HELM1/98-220     2.81564611    3.17353525    3.74467211    3.87809611    3.63484264    3.17341008    3.77492707    3.97340553    4.41987952    3.43952679    4.83001672    4.08415166    2.61452506    3.15400102    3.22002217    2.63502060    2.95017471    2.82856525    2.99656842    2.52895811    2.20556169    2.92815978    3.14512680    3.12157980    3.21471163    2.84306175    3.08866142    3.29257552    3.12851878    3.26016886    2.94088240    2.81467186    2.75476449    2.97845681    3.09449882    2.84844799    2.83001009    2.74438544    2.82656478    3.09432619    2.91087928    3.28497853    3.05773049    2.89323245    2.47771462    2.38796449    3.13054329    2.25944375    2.06369492    1.64309255    1.16402768    0.00000000

