17
B0JQG1_MICAN/5-99     0.00000000    2.82877632    2.26123382    2.93519636    2.65545030    2.60825258    2.33222901    2.57138572    2.57122383    3.13954272    2.39150316    2.53245256    2.23836008    2.43395077    2.21750101    3.36159465    3.64551555
A8IM83_AZOC5/22-110     2.82877632    0.00000000    0.98894192    0.91753498    0.91764915    0.90375456    1.13285174    1.28439779    1.52587066    1.63709618    1.23533003    1.39744538    1.36360317    1.34615484    1.24629972    2.30928801    2.47259541
Q1QHN8_NITHX/17-105     2.26123382    0.98894192    0.00000000    0.37478121    0.24817059    0.28192613    1.34213268    1.23226674    1.36639267    1.94355104    1.07484544    1.19844943    1.15766445    1.27341074    1.06691098    2.41303807    2.23387076
B6JJ04_OLICO/30-118     2.93519636    0.91753498    0.37478121    0.00000000    0.36888877    0.33281811    1.51751409    1.29982260    1.38443491    1.81517032    1.19479091    1.27280686    1.23964919    1.15087135    1.20696442    2.35039493    2.43405454
Q89U92_BRADU/4-92     2.65545030    0.91764915    0.24817059    0.36888877    0.00000000    0.24429378    1.37568514    1.27037325    1.35468608    1.97149801    1.04718303    1.11531380    1.13455562    1.22721557    1.00788215    2.32783836    2.12830631
A4YMB2_BRASO/17-101     2.60825258    0.90375456    0.28192613    0.33281811    0.24429378    0.00000000    1.45778879    1.23951492    1.42491467    1.89691483    0.98908214    1.05572607    1.12883628    1.06504418    0.96355883    2.20453449    1.95199294
B1M790_METRJ/5-93     2.33222901    1.13285174    1.34213268    1.51751409    1.37568514    1.45778879    0.00000000    1.24873739    1.23233026    1.87217081    1.29704337    1.59977639    1.35906566    1.54109005    1.25585438    2.08226744    2.49595838
B8EI94_METSB/2-90     2.57138572    1.28439779    1.23226674    1.29982260    1.27037325    1.23951492    1.24873739    0.00000000    0.89310834    1.87488111    1.43819783    1.64844400    1.50026402    1.62982722    1.17307681    2.65439120    2.72650295
B2IFC6_BEII9/2-90     2.57122383    1.52587066    1.36639267    1.38443491    1.35468608    1.42491467    1.23233026    0.89310834    0.00000000    2.05899721    1.30575540    1.65585433    1.56934381    1.51252752    1.21685815    2.32295728    3.03487268
C6XRP1_HIRBI/14-102     3.13954272    1.63709618    1.94355104    1.81517032    1.97149801    1.89691483    1.87217081    1.87488111    2.05899721    0.00000000    1.44456148    1.82869933    1.53462212    1.55490197    1.38816885    3.01408481    3.10634408
Q11CR3_CHESB/2-90     2.39150316    1.23533003    1.07484544    1.19479091    1.04718303    0.98908214    1.29704337    1.43819783    1.30575540    1.44456148    0.00000000    0.59906244    0.58101746    0.65856035    0.35743954    1.88992494    2.33369438
Q92JX8_RHIME/1-89     2.53245256    1.39744538    1.19844943    1.27280686    1.11531380    1.05572607    1.59977639    1.64844400    1.65585433    1.82869933    0.59906244    0.00000000    0.42972756    0.42188109    0.47156519    1.88674132    2.51825683
Q8U4X2_AGRFC/2-90     2.23836008    1.36360317    1.15766445    1.23964919    1.13455562    1.12883628    1.35906566    1.50026402    1.56934381    1.53462212    0.58101746    0.42972756    0.00000000    0.31267414    0.60665992    2.16710125    2.47068458
B9JRZ4_AGRVS/1-89     2.43395077    1.34615484    1.27341074    1.15087135    1.22721557    1.06504418    1.54109005    1.62982722    1.51252752    1.55490197    0.65856035    0.42188109    0.31267414    0.00000000    0.57716553    2.14522276    2.20266469
Q2YRE3_BRUA2/5-90     2.21750101    1.24629972    1.06691098    1.20696442    1.00788215    0.96355883    1.25585438    1.17307681    1.21685815    1.38816885    0.35743954    0.47156519    0.60665992    0.57716553    0.00000000    1.85076828    1.84437059
Q2GH64_EHRCR/2-90     3.36159465    2.30928801    2.41303807    2.35039493    2.32783836    2.20453449    2.08226744    2.65439120    2.32295728    3.01408481    1.88992494    1.88674132    2.16710125    2.14522276    1.85076828    0.00000000    1.48784299
B9KJ77_ANAMF/72-162     3.64551555    2.47259541    2.23387076    2.43405454    2.12830631    1.95199294    2.49595838    2.72650295    3.03487268    3.10634408    2.33369438    2.51825683    2.47068458    2.20266469    1.84437059    1.48784299    0.00000000

