17
Q2YP81_BRUA2/199-291     0.00000000    1.52183185    1.72780785    1.80032884    2.11169045    2.33302735    3.20243608    3.07449102    2.26993757    2.22853050    2.22964385    1.82682642    1.93356478    1.73046083    1.36169055    1.89157020    2.63093299
B1M913_METRJ/233-324     1.52183185    0.00000000    1.11706266    1.01103256    1.00659800    2.09918321    3.53352709    3.66558632    2.59318704    2.84908849    3.28788688    2.74119309    2.65834443    2.15357399    1.64500158    2.04101943    2.35723306
Q2GBE9_NOVAD/233-324     1.72780785    1.11706266    0.00000000    0.80982468    0.88236096    1.96451217    3.10360253    2.93016055    2.52222214    2.56404881    3.14275358    3.46652924    3.50348572    2.22779475    1.54110022    1.72228116    2.24246759
A5V2P6_SPHWW/233-325     1.80032884    1.01103256    0.80982468    0.00000000    0.67052792    2.27271888    3.74465838    3.58419520    2.96517702    2.59162674    3.04647785    2.73640456    2.68425492    2.55838950    1.96994952    2.18769569    2.25229738
Q1GQ48_SPHAL/236-327     2.11169045    1.00659800    0.88236096    0.67052792    0.00000000    2.72087130    3.28315533    3.75470479    2.39355229    2.47207908    3.09932134    3.01856070    2.66618783    2.51049063    1.92926543    2.58788583    2.77518447
A5FTB4_ACICJ/487-597     2.33302735    2.09918321    1.96451217    2.27271888    2.72087130    0.00000000    3.14974961    2.76262669    3.93291524    3.23389254    2.94922388    2.50628955    2.08428953    2.20379908    2.11051268    2.19487954    2.74657606
Q6LWB7_PHOPR/1802-1894     3.20243608    3.53352709    3.10360253    3.74465838    3.28315533    3.14974961    0.00000000    3.50829456    3.37025567    3.14568803    3.21912653    2.85114845    3.08447670    2.79917906    2.94678271    3.19583418    3.17633693
Q39YN7_GEOMG/260-353     3.07449102    3.66558632    2.93016055    3.58419520    3.75470479    2.76262669    3.50829456    0.00000000    2.73772929    2.52767819    2.46417856    3.40036537    2.89355553    2.64100249    2.95988681    2.85106591    5.38691892
Q63YQ8_BURPS/222-342     2.26993757    2.59318704    2.52222214    2.96517702    2.39355229    3.93291524    3.37025567    2.73772929    0.00000000    0.86947918    0.74691566    2.65129952    2.47440290    2.42805506    2.07221123    2.60459299    2.79322646
Q7P0C6_CHRVO/243-349     2.22853050    2.84908849    2.56404881    2.59162674    2.47207908    3.23389254    3.14568803    2.52767819    0.86947918    0.00000000    0.33615416    2.93416648    2.71742978    2.60325576    2.15487001    2.80217760    2.80204500
Q8Y0S6_RALSO/228-334     2.22964385    3.28788688    3.14275358    3.04647785    3.09932134    2.94922388    3.21912653    2.46417856    0.74691566    0.33615416    0.00000000    2.60641993    1.96591734    2.55076232    2.33545640    2.30191458    2.53973938
Q5ZTT4_LEGPH/1780-1883     1.82682642    2.74119309    3.46652924    2.73640456    3.01856070    2.50628955    2.85114845    3.40036537    2.65129952    2.93416648    2.60641993    0.00000000    1.85809679    1.85480129    2.35818614    2.43757002    2.50291500
F2J3P5_POLGS/234-330     1.93356478    2.65834443    3.50348572    2.68425492    2.66618783    2.08428953    3.08447670    2.89355553    2.47440290    2.71742978    1.96591734    1.85809679    0.00000000    1.41657480    2.45790921    2.24608962    3.18654295
A0A3N4B7U6_YERPE/204-301     1.73046083    2.15357399    2.22779475    2.55838950    2.51049063    2.20379908    2.79917906    2.64100249    2.42805506    2.60325576    2.55076232    1.85480129    1.41657480    0.00000000    2.05271536    2.22651031    2.82855730
B6IPW7_RHOCS/234-324     1.36169055    1.64500158    1.54110022    1.96994952    1.92926543    2.11051268    2.94678271    2.95988681    2.07221123    2.15487001    2.33545640    2.35818614    2.45790921    2.05271536    0.00000000    1.43262398    1.92497107
B4RIU0_PHEZH/206-298     1.89157020    2.04101943    1.72228116    2.18769569    2.58788583    2.19487954    3.19583418    2.85106591    2.60459299    2.80217760    2.30191458    2.43757002    2.24608962    2.22651031    1.43262398    0.00000000    2.03054740
D4Z992_SPHJU/195-282     2.63093299    2.35723306    2.24246759    2.25229738    2.77518447    2.74657606    3.17633693    5.38691892    2.79322646    2.80204500    2.53973938    2.50291500    3.18654295    2.82855730    1.92497107    2.03054740    0.00000000

