59
A2R4R9_ASPNC/14-149     0.00000000    0.63180995    0.67457956    0.47352752    0.40653086    0.48578965    0.70628671    0.79451053    0.64315419    0.67254119    0.48717904    0.67221297    1.31346489    1.33236927    3.22726529    3.06539499    3.24169981    3.04636406    3.47151263    3.31919458    2.96908206    2.84003893    2.58300598    2.86446701    2.85751134    2.91215775    2.92493817    2.70152687    2.78819822    2.84568825    2.47006403    2.80826028    2.70472436    2.66886271    2.94903299    2.83617989    2.83076829    2.62228166    2.32078447    1.53499732    1.67871363    1.56763360    1.75179818    1.53776899    1.64647247    1.51749355    1.61576417    1.49209521    1.63647151    1.58452283    1.47746147    1.55852728    1.44768636    1.57447784    1.53752941    1.57337985    1.70667265    1.63510448    0.70361048
B6HDP7_PENRW/14-150     0.63180995    0.00000000    0.37974603    0.48312846    0.46181611    0.48754112    0.67107351    0.86480564    0.65829992    0.73635811    0.55647074    0.77593361    1.56156684    1.45830286    2.93521787    3.04417255    3.07643039    3.04904426    3.95554652    3.33628303    3.00659530    2.98279076    2.70170184    3.07892027    3.07898309    3.13653630    3.05410875    2.84471882    2.92880288    3.11880578    2.88060187    3.06690902    2.71426622    3.01147473    2.93304196    2.96219314    2.78942326    3.01245506    2.63839619    1.42810875    1.68381462    1.73635729    1.75550823    1.78011535    1.83297989    1.58559253    1.59377759    1.56367598    1.55613559    1.56572700    1.70248668    1.66161041    1.42531590    1.85223513    1.85711091    1.80996635    1.55828509    1.60977558    0.69458472
S7ZIT5_PENO1/16-152     0.67457956    0.37974603    0.00000000    0.59107806    0.60656085    0.56557369    0.69957350    0.98959999    0.70510529    0.87624929    0.64877439    0.76223063    1.43946374    1.44395066    3.03906958    2.74425162    2.69184770    2.78081945    3.48898934    2.98115840    2.86936448    3.05038382    2.69711301    2.86456041    2.76555454    3.03820874    3.00358508    2.60300143    2.71877766    2.91791282    2.75602720    2.95437343    2.89990443    2.87687332    2.77541050    2.86183145    2.61233487    2.81988382    2.48883715    1.39613618    1.80803533    1.60445418    1.73128251    1.66994938    1.62570511    1.60178021    1.79024157    1.39838812    1.56242036    1.58860942    1.47300333    1.51246283    1.49599359    1.67617226    1.66766154    1.68854431    1.59521481    1.56345316    0.78914171
C8V139_EMENI/32-167     0.47352752    0.48312846    0.59107806    0.00000000    0.33860643    0.37227165    0.68292996    0.73690584    0.61215356    0.60508084    0.59190438    0.69360574    1.44053628    1.45251349    2.81342621    2.87109464    3.21038227    3.05467417    3.42751107    3.13399310    3.05167205    2.81689803    2.51933590    2.78758635    2.80111310    2.77702194    2.82048290    2.58117731    2.72046087    2.83840810    2.68636130    2.88690136    2.74277617    2.80346024    2.83934338    2.67142768    2.69493606    2.56804182    2.45638776    1.55916736    1.98529661    1.76399998    1.76976110    1.79171512    1.80385247    1.60177242    1.69357944    1.63241657    1.75694198    1.66830152    1.78897973    1.80924171    1.73491181    1.86456890    1.82731280    1.75028239    1.45631593    1.49887480    0.62936113
Q0CH01_ASPTN/51-186     0.40653086    0.46181611    0.60656085    0.33860643    0.00000000    0.39636224    0.64243963    0.74508486    0.64500775    0.66424607    0.47890397    0.69481053    1.35636858    1.41373967    2.96449335    3.10525453    3.32507458    3.01623494    3.49836602    3.26452586    2.90092081    2.82284690    2.54505683    2.80453000    2.76999883    2.76220513    2.77548579    2.62301874    2.80179394    2.75335333    2.58111506    2.95534551    2.70600246    2.70416274    2.81465441    2.86562296    2.77383869    2.52919320    2.62430630    1.52640117    1.54284049    1.54948703    1.77004083    1.54050944    1.63809294    1.58055387    1.67948203    1.43210458    1.56991040    1.57573483    1.57077700    1.54862400    1.55090417    1.70172680    1.66224776    1.75349500    1.55388402    1.50702028    0.65438396
Q4WDB3_ASPFU/50-185     0.48578965    0.48754112    0.56557369    0.37227165    0.39636224    0.00000000    0.53620862    0.57503881    0.58115756    0.58510717    0.52148603    0.62014283    1.44136109    1.46250223    2.67168723    2.54635478    2.79422261    2.92998535    3.28724130    3.26768568    2.56401884    2.59291520    2.33246698    2.71266235    2.67941249    2.66033859    2.69841304    2.49100676    2.68445805    2.61307606    2.50488004    2.71990537    2.58428476    2.57146092    2.58546038    2.53003130    2.63856792    2.63254175    2.34995463    1.61656679    1.89931282    1.80796406    1.97006302    1.83241193    1.97948602    1.73172254    1.79563213    1.79739627    1.65852273    1.66236789    1.64683917    1.66420944    1.60757648    1.72865209    1.71188642    1.81034667    1.73171196    1.65945454    0.47755630
C5FKU3_ARTOC/51-188     0.70628671    0.67107351    0.69957350    0.68292996    0.64243963    0.53620862    0.00000000    0.27721593    0.55929091    0.61507476    0.57488060    0.76636491    1.37938799    1.36226819    2.80790486    3.06046352    3.09483037    3.47911363    3.98254519    3.51250281    3.16240120    2.74860478    2.32099616    2.82202262    2.73036291    2.70564810    2.71693608    2.53807694    2.57473226    2.66352172    2.53305118    3.08870582    2.56369595    2.55571963    2.34721905    2.47307575    2.70261544    2.69911124    2.72301644    1.45276962    1.90884853    1.93092921    1.96239658    1.91424500    1.94519334    1.74371246    1.72338933    1.77719812    1.80821939    1.60334381    1.70764889    1.74699949    1.78094358    1.79890899    1.79861865    1.67980768    1.69365495    1.76060546    0.61510578
D4ATM3_ARTBC/11-138     0.79451053    0.86480564    0.98959999    0.73690584    0.74508486    0.57503881    0.27721593    0.00000000    0.61118036    0.58529456    0.66912945    0.75953289    1.47604582    1.44558868    2.64724031    3.08626954    3.13292284    3.65943085    4.21029603    3.52790234    3.13704418    2.83668458    2.54428066    2.95672079    2.83534042    2.69301173    2.71211309    2.59658027    2.60158618    2.76130116    2.45696752    3.04830254    2.57696335    2.66000460    2.56121279    2.34959360    3.01273554    2.63209332    2.79802802    1.47723077    2.09044853    2.12839393    2.05330663    2.19106727    2.00282841    1.99686603    1.92708879    1.91677404    1.84545945    1.59968913    1.87610342    1.88637660    1.87640046    1.88798038    1.81283000    1.73866153    1.85112059    1.73680310    0.76187298
C4JR51_UNCRE/56-192     0.64315419    0.65829992    0.70510529    0.61215356    0.64500775    0.58115756    0.55929091    0.61118036    0.00000000    0.25815055    0.58180826    0.68886227    1.30411318    1.31281286    2.77840614    2.93186792    2.96435391    3.01769698    3.63149467    2.88156389    2.86506564    2.68036403    2.18940986    2.62997369    2.68238327    2.63486631    2.53110553    2.34571671    2.57503155    2.58189771    2.39368536    2.75796047    2.63756781    2.40546302    2.44893633    2.53582136    2.61254058    2.49656004    2.53206981    1.52674914    1.78531790    1.77722874    1.74528696    1.72466989    1.87953410    1.52863511    1.86777932    1.69971956    1.94327664    1.51377248    1.77355609    1.70080428    1.61907163    1.82563208    1.85412880    1.83045053    1.62812489    1.60567287    0.66676772
E9D377_COCPS/11-147     0.67254119    0.73635811    0.87624929    0.60508084    0.66424607    0.58510717    0.61507476    0.58529456    0.25815055    0.00000000    0.65834178    0.65058808    1.33804754    1.34791463    2.56039439    2.84141223    2.90409585    3.10893548    3.40192820    2.86828270    2.63655080    2.56959632    2.21073330    2.69258422    2.84281332    2.76481917    2.73685913    2.46212363    2.61353046    2.75203356    2.58687730    2.67029060    2.55416799    2.41465306    2.69827119    2.61932302    2.65490325    2.80137735    2.46649508    1.54490320    1.86198727    1.77936996    1.78815880    1.71216900    1.86087490    1.50583018    1.71261729    1.58447497    1.73478307    1.56257075    1.72694076    1.66443532    1.64383697    1.72840721    1.61756200    1.62551599    1.69291462    1.60743121    0.64351433
V5FPL6_BYSSN/61-197     0.48717904    0.55647074    0.64877439    0.59190438    0.47890397    0.52148603    0.57488060    0.66912945    0.58180826    0.65834178    0.00000000    0.67799857    1.26482514    1.17140245    2.84509917    2.52239191    3.08833009    3.13837425    3.43790949    3.34057048    2.81653391    2.97433904    3.00968703    3.14561861    2.96654686    3.05044866    3.07337936    2.85670071    2.92460665    2.99203811    2.73455497    3.22402256    2.94188538    2.81283810    3.00566236    2.89293648    3.07790946    2.93994257    2.63040063    1.41586537    1.74067853    1.48995303    1.65498712    1.60820412    1.61621793    1.64957096    1.66895590    1.45310274    1.44537563    1.34244994    1.51923550    1.41149867    1.37492124    1.52306735    1.43945192    1.67074665    1.62242113    1.60921944    0.58961258
B6Q209_TALMQ/55-191     0.67221297    0.77593361    0.76223063    0.69360574    0.69481053    0.62014283    0.76636491    0.75953289    0.68886227    0.65058808    0.67799857    0.00000000    1.25691568    1.27736282    2.48627361    2.69670299    2.66758407    2.87686866    3.02584652    2.91142652    2.80320971    2.90192143    2.50233561    2.61330487    2.71922078    2.58940665    2.68653687    2.44524700    2.67221629    2.65490163    2.32990148    2.68191381    2.66224759    2.46505277    2.52493609    2.52124035    2.87209969    2.62616479    2.28423025    1.28180937    1.81379565    1.89326173    1.77890251    1.95281009    1.95626797    1.56041927    1.67690192    1.56146902    1.69963219    1.51979867    1.74014392    1.60012902    1.60787097    1.79272216    1.85345623    1.55940848    1.37190781    1.45595395    0.74962854
K2RF34_MACPH/295-429     1.31346489    1.56156684    1.43946374    1.44053628    1.35636858    1.44136109    1.37938799    1.47604582    1.30411318    1.33804754    1.26482514    1.25691568    0.00000000    0.28740337    2.14757821    2.76921451    2.31618053    2.36707427    2.48413063    2.29366673    2.52711991    2.04507653    2.35714119    2.28377466    2.56780987    2.16718853    2.06841365    2.10087462    2.26759076    2.24429762    1.94332456    2.43067942    2.25401722    2.41901348    2.42124840    2.29820376    2.61459143    2.20958610    2.49608287    1.41661313    1.85027096    1.67110144    1.60174730    1.78708157    1.84929440    1.67309583    1.81949485    1.49542247    1.58116299    1.20658676    1.55847124    1.46922852    1.54173586    1.36647968    1.45278143    1.39565409    1.65228184    1.54646699    1.49640946
R1E6Q6_BOTPV/5-139     1.33236927    1.45830286    1.44395066    1.45251349    1.41373967    1.46250223    1.36226819    1.44558868    1.31281286    1.34791463    1.17140245    1.27736282    0.28740337    0.00000000    2.13657877    2.68437708    2.29861139    2.21520950    2.43838553    2.21717745    2.23611459    2.18813306    2.57394234    2.44938819    2.51498534    2.24448166    2.29388673    2.17687029    2.13522291    2.21907775    1.99776729    2.50803534    2.31286895    2.23184990    2.41495334    2.22735621    2.91202492    2.42569171    2.73490242    1.44350175    1.94429099    1.78685096    1.66433447    1.82616442    1.78758437    1.66407769    1.70325548    1.55864143    1.53973899    1.24970657    1.55006928    1.44810545    1.35927442    1.45050193    1.54115147    1.45713217    1.68371740    1.66986955    1.42857498
M2RAH3_CERS8/39-202     3.22726529    2.93521787    3.03906958    2.81342621    2.96449335    2.67168723    2.80790486    2.64724031    2.77840614    2.56039439    2.84509917    2.48627361    2.14757821    2.13657877    0.00000000    0.84570487    0.66338606    1.14082460    1.32574344    1.17928415    1.98163669    3.01997235    2.58101864    2.87832699    3.02231719    2.84987117    3.12619683    3.09977395    2.93880330    3.03841655    2.52899900    2.96720943    2.90115204    2.47839432    3.03625629    2.77598922    2.72673875    3.23672614    3.30740762    2.79565752    2.73591173    3.01067121    3.28839631    3.21157847    2.85239482    2.72663055    3.13358590    2.72760147    2.54056856    2.80235464    2.52096124    2.57825844    3.01650028    3.01366860    2.93491683    2.65704127    2.75327022    2.46703697    2.64850864
K5UNI9_PHACS/31-182     3.06539499    3.04417255    2.74425162    2.87109464    3.10525453    2.54635478    3.06046352    3.08626954    2.93186792    2.84141223    2.52239191    2.69670299    2.76921451    2.68437708    0.84570487    0.00000000    0.80997753    1.34934948    1.33525578    1.26127736    2.26901387    3.62118322    3.18302103    3.47293322    3.98451616    3.43071017    3.55326331    3.62304561    3.40326598    3.36153108    3.21290151    3.02212453    3.63992660    3.03275638    3.23837727    3.32155955    3.55014875    3.29864337    3.64500324    3.12478904    2.99203013    3.19200729    3.55590930    3.37534858    3.25154255    2.90721872    2.68485637    2.90455855    3.02823109    2.74270517    2.58991283    2.81529429    3.09612353    2.97690303    3.00560805    2.87640432    3.01252395    3.07156685    2.64114429
S8DRE8_FOMPI/39-212     3.24169981    3.07643039    2.69184770    3.21038227    3.32507458    2.79422261    3.09483037    3.13292284    2.96435391    2.90409585    3.08833009    2.66758407    2.31618053    2.29861139    0.66338606    0.80997753    0.00000000    1.23354733    1.24207329    1.12545644    2.20372633    2.82661543    2.67640141    3.11652506    3.18066428    3.10788050    2.97985631    2.90169091    3.15943082    2.86022487    2.33749715    2.54280058    2.88600100    2.52325798    2.63721548    2.52876522    2.69102057    2.80810063    3.56049267    3.40200647    2.70125780    3.02090007    3.50948061    3.09617967    2.96761781    3.04976074    2.99149492    2.63977781    2.68425784    2.91106067    2.65363489    2.81100185    2.78442027    2.75975523    2.90320963    2.74782574    3.03033185    2.82216486    3.18314387
V2WS17_MONRO/40-202     3.04636406    3.04904426    2.78081945    3.05467417    3.01623494    2.92998535    3.47911363    3.65943085    3.01769698    3.10893548    3.13837425    2.87686866    2.36707427    2.21520950    1.14082460    1.34934948    1.23354733    0.00000000    1.08393682    0.81515169    2.73288952    2.54342483    2.55212363    2.55678607    2.70519090    2.62955927    2.59985254    2.48480680    2.66012109    2.46914379    2.42017767    2.35015724    2.94074826    2.69298905    2.76287561    2.77418524    2.60197346    2.69570101    3.20880335    2.64255415    2.68328431    2.62396041    2.98987488    2.45667076    2.77028400    3.10834385    3.14059896    2.37731642    2.34440924    2.97285291    2.35824768    2.51817210    2.97656316    2.56550888    2.57492282    2.73754078    3.04034618    3.02169932    3.18240951
A8P2Q8_COPC7/28-177     3.47151263    3.95554652    3.48898934    3.42751107    3.49836602    3.28724130    3.98254519    4.21029603    3.63149467    3.40192820    3.43790949    3.02584652    2.48413063    2.43838553    1.32574344    1.33525578    1.24207329    1.08393682    0.00000000    0.70836382    2.74734123    2.66807354    2.50957088    2.58348631    2.87081016    2.63870536    2.85492308    2.73829233    2.93917867    2.53087939    2.72523660    2.83375943    2.84913847    2.28188912    2.73508983    2.49092451    2.81443217    2.82035501    2.87431237    3.27886137    3.19578119    3.12098159    3.23587755    3.40519414    3.33001053    3.20158965    3.07635414    2.71616646    3.00944360    2.98658757    2.88633298    3.01652929    3.07978827    2.82025178    3.55980724    2.84063425    3.28240229    3.42482079    3.33929732
B0D920_LACBS/46-198     3.31919458    3.33628303    2.98115840    3.13399310    3.26452586    3.26768568    3.51250281    3.52790234    2.88156389    2.86828270    3.34057048    2.91142652    2.29366673    2.21717745    1.17928415    1.26127736    1.12545644    0.81515169    0.70836382    0.00000000    3.05938839    2.68578439    2.57137743    2.72218404    2.93526700    2.88580972    2.65969208    2.50666269    2.54543156    2.70359544    2.75484805    2.72346358    2.66917704    2.19015686    2.41265756    2.36545585    2.65944196    2.77587293    2.83744343    2.56944554    3.35383971    2.87020849    3.11467747    3.09295427    3.18406082    3.09858401    3.31230880    2.37621529    2.92706838    2.88001884    2.78034044    2.90969150    2.79093750    2.42306058    2.74265660    2.95028756    3.04842055    3.27645315    3.13691359
T1F6P3_HELRO/26-152     2.96908206    3.00659530    2.86936448    3.05167205    2.90092081    2.56401884    3.16240120    3.13704418    2.86506564    2.63655080    2.81653391    2.80320971    2.52711991    2.23611459    1.98163669    2.26901387    2.20372633    2.73288952    2.74734123    3.05938839    0.00000000    1.49517285    1.51890868    1.54818424    1.51861811    1.60244434    1.54435107    1.58324295    1.49204852    1.46639562    1.56489726    1.76494097    1.52043436    1.46372581    1.63710994    1.54977160    1.55043808    1.69501139    2.99131749    3.39020162    2.93635653    3.11873652    2.93703866    3.23397717    2.95257356    2.98964977    2.91268068    2.73134571    2.58438185    2.92316037    2.57269221    2.61865482    2.69663549    2.95260301    2.90064895    2.53779880    2.84595258    2.38715174    2.99884839
A7RVH9_NEMVE/323-470     2.84003893    2.98279076    3.05038382    2.81689803    2.82284690    2.59291520    2.74860478    2.83668458    2.68036403    2.56959632    2.97433904    2.90192143    2.04507653    2.18813306    3.01997235    3.62118322    2.82661543    2.54342483    2.66807354    2.68578439    1.49517285    0.00000000    0.94597904    0.84111184    0.93853276    0.92876273    0.81927980    0.95239653    0.84311796    0.73239198    0.85639693    1.16362217    0.78434172    1.06550999    1.06077801    0.95927806    1.14666364    1.13348003    2.86722118    3.13029347    2.78207977    3.17174019    2.94974548    3.20794021    3.50756688    3.08892766    3.01166138    2.87657048    2.48666867    2.66659234    2.90031998    2.78638159    2.76990776    2.60908338    2.77753520    2.69252925    3.17573528    3.26202633    3.20211721
T1F088_HELRO/429-554     2.58300598    2.70170184    2.69711301    2.51933590    2.54505683    2.33246698    2.32099616    2.54428066    2.18940986    2.21073330    3.00968703    2.50233561    2.35714119    2.57394234    2.58101864    3.18302103    2.67640141    2.55212363    2.50957088    2.57137743    1.51890868    0.94597904    0.00000000    0.59015200    0.64847247    0.71470814    0.62169202    0.58479363    0.69819816    0.68528378    0.68520402    1.03946850    0.70609080    0.90257392    0.94401392    0.98967547    0.87220017    0.94256861    2.30219934    3.02876509    2.64897747    3.06046354    2.99486059    3.17682784    3.40048972    2.95926750    2.90664916    2.69422859    2.67270157    2.80877067    2.92852682    2.84534984    2.81597650    2.81146302    2.80796526    2.38602747    2.69114743    2.50198792    2.79029966
Q16T77_AEDAE/93-225     2.86446701    3.07892027    2.86456041    2.78758635    2.80453000    2.71266235    2.82202262    2.95672079    2.62997369    2.69258422    3.14561861    2.61330487    2.28377466    2.44938819    2.87832699    3.47293322    3.11652506    2.55678607    2.58348631    2.72218404    1.54818424    0.84111184    0.59015200    0.00000000    0.38131304    0.29937582    0.28172252    0.26356548    0.27717771    0.24460043    0.48055093    0.91320147    0.60836108    0.70757712    0.75777033    0.84295604    0.79622457    0.79686407    2.49180441    2.94467473    2.58297970    2.86298511    2.85429240    2.98545630    3.30220568    2.98308977    2.74859738    2.53741565    2.49940721    2.85224282    3.05600368    2.98235626    2.78552738    2.73748327    2.81604789    2.73262357    2.95413057    2.66728939    3.24764669
J9K4H6_ACYPI/134-265     2.85751134    3.07898309    2.76555454    2.80111310    2.76999883    2.67941249    2.73036291    2.83534042    2.68238327    2.84281332    2.96654686    2.71922078    2.56780987    2.51498534    3.02231719    3.98451616    3.18066428    2.70519090    2.87081016    2.93526700    1.51861811    0.93853276    0.64847247    0.38131304    0.00000000    0.41568277    0.37499845    0.39794355    0.46900024    0.42549679    0.51758490    1.02963949    0.81947023    0.81397085    0.85330776    0.94477727    0.85996913    0.95990972    2.70675483    2.84063880    2.52724613    3.05534279    3.09385167    3.09682747    3.05308009    2.98562150    2.86029647    2.45388011    2.44730965    2.64378711    2.80999584    2.64183687    2.57336180    2.61344617    2.61603462    2.90611787    3.13429159    2.77122767    3.14424093
D6WMR2_TRICA/110-239     2.91215775    3.13653630    3.03820874    2.77702194    2.76220513    2.66033859    2.70564810    2.69301173    2.63486631    2.76481917    3.05044866    2.58940665    2.16718853    2.24448166    2.84987117    3.43071017    3.10788050    2.62955927    2.63870536    2.88580972    1.60244434    0.92876273    0.71470814    0.29937582    0.41568277    0.00000000    0.31095729    0.34663492    0.42342338    0.33138126    0.51294706    0.98021787    0.62312198    0.78900493    0.71237113    0.90391516    0.75303906    0.79351014    2.58679890    2.98840470    2.66853209    2.94020727    2.77490711    3.05607406    3.16032007    3.03148420    2.84732435    2.54475701    2.35253666    2.46481093    2.94208217    2.96145071    2.67240725    2.76477159    2.72182146    2.77494843    3.01823357    2.90910194    3.06857955
T1HCE1_RHOPR/152-279     2.92493817    3.05410875    3.00358508    2.82048290    2.77548579    2.69841304    2.71693608    2.71211309    2.53110553    2.73685913    3.07337936    2.68653687    2.06841365    2.29388673    3.12619683    3.55326331    2.97985631    2.59985254    2.85492308    2.65969208    1.54435107    0.81927980    0.62169202    0.28172252    0.37499845    0.31095729    0.00000000    0.31777610    0.36228437    0.32111774    0.46314027    0.83110162    0.49497393    0.66120725    0.59459554    0.67716777    0.76457870    0.78394042    2.65822581    2.80228775    2.59236828    2.87390592    2.81404020    3.01563827    3.28469901    3.04724044    2.92918420    2.64766373    2.39009523    2.50026734    2.90632851    2.84900646    2.66877369    2.42530324    2.60600677    2.80109793    2.88434142    2.70728690    3.25763256
H9J9H3_BOMMO/126-249     2.70152687    2.84471882    2.60300143    2.58117731    2.62301874    2.49100676    2.53807694    2.59658027    2.34571671    2.46212363    2.85670071    2.44524700    2.10087462    2.17687029    3.09977395    3.62304561    2.90169091    2.48480680    2.73829233    2.50666269    1.58324295    0.95239653    0.58479363    0.26356548    0.39794355    0.34663492    0.31777610    0.00000000    0.27103824    0.25430610    0.47407600    0.83109824    0.60379317    0.68507583    0.72283621    0.76083929    0.84116823    0.81292027    2.45177384    2.84278146    2.47864522    2.77911070    2.73496669    2.92964750    3.21730207    2.66297087    2.82584782    2.65570318    2.51783663    2.76314098    2.98277881    2.88225840    2.69664712    2.71831941    2.80872935    2.61745723    2.55263492    2.32309888    2.93145169
B4HRE0_DROSE/195-334     2.78819822    2.92880288    2.71877766    2.72046087    2.80179394    2.68445805    2.57473226    2.60158618    2.57503155    2.61353046    2.92460665    2.67221629    2.26759076    2.13522291    2.93880330    3.40326598    3.15943082    2.66012109    2.93917867    2.54543156    1.49204852    0.84311796    0.69819816    0.27717771    0.46900024    0.42342338    0.36228437    0.27103824    0.00000000    0.35109609    0.53084806    0.76964515    0.56581843    0.68801103    0.73870342    0.82462420    0.87220191    0.80575023    2.62603623    2.78859235    2.67889572    2.81225029    2.87080091    3.01978855    3.10248223    2.90531948    2.76451506    2.54967586    2.56621854    2.61789681    2.80094574    2.72404926    2.60332842    2.56230143    2.68815425    2.80078535    2.80006049    2.62377626    3.08972631
E0VBU7_PEDHC/106-235     2.84568825    3.11880578    2.91791282    2.83840810    2.75335333    2.61307606    2.66352172    2.76130116    2.58189771    2.75203356    2.99203811    2.65490163    2.24429762    2.21907775    3.03841655    3.36153108    2.86022487    2.46914379    2.53087939    2.70359544    1.46639562    0.73239198    0.68528378    0.24460043    0.42549679    0.33138126    0.32111774    0.25430610    0.35109609    0.00000000    0.44976479    0.78954267    0.62977327    0.64286765    0.68148703    0.80256296    0.89695700    0.84180169    2.68779807    2.59095076    2.67486273    2.60899819    2.57539922    2.86623706    3.06093303    2.84332803    2.63300512    2.53825759    2.48145383    2.75922560    2.85831781    2.87082304    2.71423082    2.75089124    2.87861824    2.68352855    3.12534838    2.91418490    3.18824844
E9FW27_DAPPU/124-248     2.47006403    2.88060187    2.75602720    2.68636130    2.58111506    2.50488004    2.53305118    2.45696752    2.39368536    2.58687730    2.73455497    2.32990148    1.94332456    1.99776729    2.52899900    3.21290151    2.33749715    2.42017767    2.72523660    2.75484805    1.56489726    0.85639693    0.68520402    0.48055093    0.51758490    0.51294706    0.46314027    0.47407600    0.53084806    0.44976479    0.00000000    0.78155321    0.63649442    0.75635045    0.77581624    0.82223381    0.81174664    0.85646969    2.69161809    2.33615623    2.45100367    2.55551159    2.50346055    2.69458760    2.78416727    2.89660543    2.48301240    2.38687727    2.28766207    2.55443786    2.64884598    2.62735105    2.39178712    2.37036224    2.45086959    2.56969177    2.79451543    2.56244651    2.79843211
B7PT26_IXOSC/144-269     2.80826028    3.06690902    2.95437343    2.88690136    2.95534551    2.71990537    3.08870582    3.04830254    2.75796047    2.67029060    3.22402256    2.68191381    2.43067942    2.50803534    2.96720943    3.02212453    2.54280058    2.35015724    2.83375943    2.72346358    1.76494097    1.16362217    1.03946850    0.91320147    1.02963949    0.98021787    0.83110162    0.83109824    0.76964515    0.78954267    0.78155321    0.00000000    1.06337537    1.14852702    1.18150139    1.19393368    1.14066651    1.15395064    2.83211143    2.71818901    3.10505933    3.60082557    3.32630709    3.71360096    3.94733302    3.17244321    2.91955102    2.86075796    2.84262950    2.89879707    3.28039017    3.27973837    3.13051838    3.01558049    3.12570612    2.88320250    3.06323560    2.85322048    3.01747638
C3YBN4_BRAFL/287-413     2.70472436    2.71426622    2.89990443    2.74277617    2.70600246    2.58428476    2.56369595    2.57696335    2.63756781    2.55416799    2.94188538    2.66224759    2.25401722    2.31286895    2.90115204    3.63992660    2.88600100    2.94074826    2.84913847    2.66917704    1.52043436    0.78434172    0.70609080    0.60836108    0.81947023    0.62312198    0.49497393    0.60379317    0.56581843    0.62977327    0.63649442    1.06337537    0.00000000    0.59724480    0.53938988    0.61411036    0.76192032    0.85473781    2.72290176    2.77371225    2.93989762    2.82560518    2.77913738    3.08282710    3.30984651    3.18364794    3.14979368    2.88952444    2.46886548    2.62366468    2.83302016    2.76791455    3.03085017    2.75386665    2.96900215    2.50105078    2.63970200    2.77861561    2.80746775
M4AML6_XIPMA/226-350     2.66886271    3.01147473    2.87687332    2.80346024    2.70416274    2.57146092    2.55571963    2.66000460    2.40546302    2.41465306    2.81283810    2.46505277    2.41901348    2.23184990    2.47839432    3.03275638    2.52325798    2.69298905    2.28188912    2.19015686    1.46372581    1.06550999    0.90257392    0.70757712    0.81397085    0.78900493    0.66120725    0.68507583    0.68801103    0.64286765    0.75635045    1.14852702    0.59724480    0.00000000    0.40939639    0.42446246    0.84361338    0.95604106    2.34873414    2.41313609    2.73374741    3.08553770    2.85829752    3.07295416    3.25170046    3.16234852    3.20259119    2.85271166    2.70712973    2.50886237    2.77850396    2.85378612    2.72363828    2.65059265    2.83406297    2.56343074    2.86219288    2.61600690    2.82585193
F7BA97_ORNAN/340-465     2.94903299    2.93304196    2.77541050    2.83934338    2.81465441    2.58546038    2.34721905    2.56121279    2.44893633    2.69827119    3.00566236    2.52493609    2.42124840    2.41495334    3.03625629    3.23837727    2.63721548    2.76287561    2.73508983    2.41265756    1.63710994    1.06077801    0.94401392    0.75777033    0.85330776    0.71237113    0.59459554    0.72283621    0.73870342    0.68148703    0.77581624    1.18150139    0.53938988    0.40939639    0.00000000    0.39098995    0.90031084    0.98984976    2.72914821    2.82055891    3.01375526    3.36754304    3.15008753    3.52431534    3.84825640    3.58965697    3.47689822    3.24430343    2.78713407    2.76138617    3.13674590    3.31824737    3.09714731    2.86124583    3.12833424    2.82999504    3.15134586    3.02555211    2.97760535
W5MF19_LEPOC/236-361     2.83617989    2.96219314    2.86183145    2.67142768    2.86562296    2.53003130    2.47307575    2.34959360    2.53582136    2.61932302    2.89293648    2.52124035    2.29820376    2.22735621    2.77598922    3.32155955    2.52876522    2.77418524    2.49092451    2.36545585    1.54977160    0.95927806    0.98967547    0.84295604    0.94477727    0.90391516    0.67716777    0.76083929    0.82462420    0.80256296    0.82223381    1.19393368    0.61411036    0.42446246    0.39098995    0.00000000    1.05264438    1.00618034    2.31196058    2.50381349    2.51745896    2.77665098    2.54399959    2.93977387    3.14419394    2.99878224    3.22794217    2.90004427    2.53347920    2.52459877    2.80424851    2.76550655    2.91340599    2.49741302    2.64362309    2.22815060    2.87196384    2.45915239    2.84470411
T1L4D7_TETUR/101-226     2.83076829    2.78942326    2.61233487    2.69493606    2.77383869    2.63856792    2.70261544    3.01273554    2.61254058    2.65490325    3.07790946    2.87209969    2.61459143    2.91202492    2.72673875    3.55014875    2.69102057    2.60197346    2.81443217    2.65944196    1.55043808    1.14666364    0.87220017    0.79622457    0.85996913    0.75303906    0.76457870    0.84116823    0.87220191    0.89695700    0.81174664    1.14066651    0.76192032    0.84361338    0.90031084    1.05264438    0.00000000    1.05769830    2.42504930    3.10180455    2.84645321    3.35171578    3.33653202    3.34356986    3.45722749    3.39614397    3.42400123    2.87976033    2.49411385    2.84590800    3.01826427    3.13569281    2.85878611    2.96334153    2.90343223    2.87479407    3.10340524    2.85900341    3.19005757
B3S252_TRIAD/111-236     2.62228166    3.01245506    2.81988382    2.56804182    2.52919320    2.63254175    2.69911124    2.63209332    2.49656004    2.80137735    2.93994257    2.62616479    2.20958610    2.42569171    3.23672614    3.29864337    2.80810063    2.69570101    2.82035501    2.77587293    1.69501139    1.13348003    0.94256861    0.79686407    0.95990972    0.79351014    0.78394042    0.81292027    0.80575023    0.84180169    0.85646969    1.15395064    0.85473781    0.95604106    0.98984976    1.00618034    1.05769830    0.00000000    2.08718228    2.89151201    2.55470041    2.91909690    2.95666998    2.97653825    3.06229015    3.04797274    2.84115325    2.34341317    2.44617831    2.46930269    2.63460763    2.69852523    2.73145470    2.53644530    2.50467437    2.38780885    2.58439979    2.31021386    2.86186254
F4NTM3_BATDJ/430-575     2.32078447    2.63839619    2.48883715    2.45638776    2.62430630    2.34995463    2.72301644    2.79802802    2.53206981    2.46649508    2.63040063    2.28423025    2.49608287    2.73490242    3.30740762    3.64500324    3.56049267    3.20880335    2.87431237    2.83744343    2.99131749    2.86722118    2.30219934    2.49180441    2.70675483    2.58679890    2.65822581    2.45177384    2.62603623    2.68779807    2.69161809    2.83211143    2.72290176    2.34873414    2.72914821    2.31196058    2.42504930    2.08718228    0.00000000    2.27395668    2.72449540    2.78402576    2.69997791    2.71902176    2.89991648    2.50287063    2.59617311    2.59837979    2.40492518    2.74216119    2.61297050    2.66630644    3.01246885    2.65042344    2.66229234    2.44999089    2.71791212    2.24505962    2.65471297
L8G6M6_PSED2/96-226     1.53499732    1.42810875    1.39613618    1.55916736    1.52640117    1.61656679    1.45276962    1.47723077    1.52674914    1.54490320    1.41586537    1.28180937    1.41661313    1.44350175    2.79565752    3.12478904    3.40200647    2.64255415    3.27886137    2.56944554    3.39020162    3.13029347    3.02876509    2.94467473    2.84063880    2.98840470    2.80228775    2.84278146    2.78859235    2.59095076    2.33615623    2.71818901    2.77371225    2.41313609    2.82055891    2.50381349    3.10180455    2.89151201    2.27395668    0.00000000    1.89261631    1.68969163    1.69805720    1.80035299    1.74541694    1.37650410    1.54755159    1.34428202    1.38607567    1.58055675    1.22809918    1.22875648    1.45941796    1.22953405    1.40416857    1.27412634    1.89492879    1.67754498    1.54256144
G4NGR5_MAGO7/156-287     1.67871363    1.68381462    1.80803533    1.98529661    1.54284049    1.89931282    1.90884853    2.09044853    1.78531790    1.86198727    1.74067853    1.81379565    1.85027096    1.94429099    2.73591173    2.99203013    2.70125780    2.68328431    3.19578119    3.35383971    2.93635653    2.78207977    2.64897747    2.58297970    2.52724613    2.66853209    2.59236828    2.47864522    2.67889572    2.67486273    2.45100367    3.10505933    2.93989762    2.73374741    3.01375526    2.51745896    2.84645321    2.55470041    2.72449540    1.89261631    0.00000000    0.89001889    1.00648970    0.87287465    0.82915266    1.11663941    1.30963492    1.01518512    0.94709754    1.11069051    1.09744001    1.05758140    1.16514348    1.07786807    1.11393594    1.21912703    2.28323602    2.11036317    1.93637136
G0S7I5_CHATD/118-248     1.56763360    1.73635729    1.60445418    1.76399998    1.54948703    1.80796406    1.93092921    2.12839393    1.77722874    1.77936996    1.48995303    1.89326173    1.67110144    1.78685096    3.01067121    3.19200729    3.02090007    2.62396041    3.12098159    2.87020849    3.11873652    3.17174019    3.06046354    2.86298511    3.05534279    2.94020727    2.87390592    2.77911070    2.81225029    2.60899819    2.55551159    3.60082557    2.82560518    3.08553770    3.36754304    2.77665098    3.35171578    2.91909690    2.78402576    1.68969163    0.89001889    0.00000000    0.38707105    0.27350892    0.31352598    0.88911970    1.12465441    0.86167945    0.90911478    0.87809987    0.75439388    0.78018170    0.92886849    0.77236370    0.75179284    0.88334030    2.00208414    2.03585979    1.90634892
G4V207_NEUT9/412-542     1.75179818    1.75550823    1.73128251    1.76976110    1.77004083    1.97006302    1.96239658    2.05330663    1.74528696    1.78815880    1.65498712    1.77890251    1.60174730    1.66433447    3.28839631    3.55590930    3.50948061    2.98987488    3.23587755    3.11467747    2.93703866    2.94974548    2.99486059    2.85429240    3.09385167    2.77490711    2.81404020    2.73496669    2.87080091    2.57539922    2.50346055    3.32630709    2.77913738    2.85829752    3.15008753    2.54399959    3.33653202    2.95666998    2.69997791    1.69805720    1.00648970    0.38707105    0.00000000    0.42110662    0.49171054    0.94807282    1.13755715    0.89045983    0.93807641    0.89804567    0.77829817    0.81545316    1.06897072    0.86542640    0.84788550    0.98919301    2.03378419    2.07283904    1.91230311
Q2GW83_CHAGB/106-236     1.53776899    1.78011535    1.66994938    1.79171512    1.54050944    1.83241193    1.91424500    2.19106727    1.72466989    1.71216900    1.60820412    1.95281009    1.78708157    1.82616442    3.21157847    3.37534858    3.09617967    2.45667076    3.40519414    3.09295427    3.23397717    3.20794021    3.17682784    2.98545630    3.09682747    3.05607406    3.01563827    2.92964750    3.01978855    2.86623706    2.69458760    3.71360096    3.08282710    3.07295416    3.52431534    2.93977387    3.34356986    2.97653825    2.71902176    1.80035299    0.87287465    0.27350892    0.42110662    0.00000000    0.31492367    0.98414171    1.19390848    0.78445419    0.88174822    0.92688821    0.70827639    0.68007609    0.91726012    0.74537065    0.74947428    0.97537526    2.18759010    2.00971880    1.89694457
G2QU86_THETT/83-213     1.64647247    1.83297989    1.62570511    1.80385247    1.63809294    1.97948602    1.94519334    2.00282841    1.87953410    1.86087490    1.61621793    1.95626797    1.84929440    1.78758437    2.85239482    3.25154255    2.96761781    2.77028400    3.33001053    3.18406082    2.95257356    3.50756688    3.40048972    3.30220568    3.05308009    3.16032007    3.28469901    3.21730207    3.10248223    3.06093303    2.78416727    3.94733302    3.30984651    3.25170046    3.84825640    3.14419394    3.45722749    3.06229015    2.89991648    1.74541694    0.82915266    0.31352598    0.49171054    0.31492367    0.00000000    0.96223946    1.11917050    0.76890214    0.85344355    0.91710235    0.67430440    0.70335625    0.87629384    0.74847973    0.72373338    0.95702096    2.19682419    2.11428834    2.05699057
F0XFT5_GROCL/59-189     1.51749355    1.58559253    1.60178021    1.60177242    1.58055387    1.73172254    1.74371246    1.99686603    1.52863511    1.50583018    1.64957096    1.56041927    1.67309583    1.66407769    2.72663055    2.90721872    3.04976074    3.10834385    3.20158965    3.09858401    2.98964977    3.08892766    2.95926750    2.98308977    2.98562150    3.03148420    3.04724044    2.66297087    2.90531948    2.84332803    2.89660543    3.17244321    3.18364794    3.16234852    3.58965697    2.99878224    3.39614397    3.04797274    2.50287063    1.37650410    1.11663941    0.88911970    0.94807282    0.98414171    0.96223946    0.00000000    0.66906258    0.94575290    1.10689312    1.04489507    0.91751602    0.90460831    1.11518649    0.97080417    0.95480408    1.04142670    1.89124954    1.86389052    1.92134529
U7PIT5_SPOS1/271-402     1.61576417    1.59377759    1.79024157    1.69357944    1.67948203    1.79563213    1.72338933    1.92708879    1.86777932    1.71261729    1.66895590    1.67690192    1.81949485    1.70325548    3.13358590    2.68485637    2.99149492    3.14059896    3.07635414    3.31230880    2.91268068    3.01166138    2.90664916    2.74859738    2.86029647    2.84732435    2.92918420    2.82584782    2.76451506    2.63300512    2.48301240    2.91955102    3.14979368    3.20259119    3.47689822    3.22794217    3.42400123    2.84115325    2.59617311    1.54755159    1.30963492    1.12465441    1.13755715    1.19390848    1.11917050    0.66906258    0.00000000    1.05471779    1.18019232    1.14134754    1.24301331    1.19323910    1.43041584    1.17865976    1.17396241    1.12867557    2.19450307    2.22104177    1.99164549
