30
D9SWQ8_CLOC7/66-250     0.00000000    1.57544065    2.91968558    2.88657715    3.51197315    2.58583210    3.62395943    2.97453999    2.42028290    3.76238866    2.83207617    3.15990864    2.64886268    2.77240430    3.17168786    3.06425841    3.20236729    2.97349028    2.93630484    3.71657419    3.74547097    3.81104328    2.64379066    2.95900826    3.38711200    3.05457940    2.54598456    2.80766819    3.11387233    2.82599518
R6QPQ1_9FIRM/75-251     1.57544065    0.00000000    3.20772214    2.88226367    4.04434536    3.20722356    2.95737016    3.18327873    2.86614365    3.68179572    3.45335385    3.31326247    3.12598771    2.97275791    2.88838659    3.34274500    3.40725045    3.28751623    3.55498757    3.41476314    3.38371917    4.57242374    3.24039326    3.09841321    3.63181624    2.77656442    2.70755570    3.38017059    3.24920068    3.30654279
C7PGD5_CHIPD/59-233     2.91968558    3.20772214    0.00000000    2.65480281    3.64398721    3.50959755    3.50135962    2.96110159    4.12806811    3.21137773    3.87406141    3.58809467    3.81699838    3.79471767    3.22244599    3.28583526    3.87776530    3.93026955    3.47102584    3.36471158    3.44867049    4.56572969    3.51268816    3.46657690    3.37274773    3.60746064    3.03286304    3.71259666    3.79981203    3.77578842
A6L3R4_BACV8/66-239     2.88657715    2.88226367    2.65480281    0.00000000    3.87896923    2.96430802    3.42278167    2.99217324    3.05946672    3.96277956    3.10067833    3.26857678    2.96737528    3.14878433    2.88488168    2.80414022    2.70984609    2.83182663    3.12649118    3.41294962    3.41695187    5.61048394    4.00062459    3.82337166    3.76551596    3.63418588    3.91954346    3.81778368    3.33292166    3.61836503
C5BIE5_TERTT/70-247     3.51197315    4.04434536    3.64398721    3.87896923    0.00000000    2.66401989    2.62702373    2.82671839    3.49742832    3.51901639    3.19089140    2.98022656    3.82020634    3.82091185    3.19535903    3.19344944    3.54945592    3.15635792    3.48106320    3.39547806    3.28328691    4.14341031    3.59783025    3.53469124    3.87914278    3.64972887    3.11194955    3.68034338    3.23407870    3.49315791
C7LP47_DESBD/51-227     2.58583210    3.20722356    3.50959755    2.96430802    2.66401989    0.00000000    2.05851619    1.84684347    1.94963622    3.03938428    2.83733519    2.57386697    2.75523659    2.80922753    3.17454348    2.50422273    2.71503145    2.55559256    2.96299519    2.93504502    2.84295769    4.16001557    2.90114068    2.73444787    3.18762521    2.80021633    2.76416504    2.73056081    2.14560705    2.51296684
B8HQ94_CYAP4/63-239     3.62395943    2.95737016    3.50135962    3.42278167    2.62702373    2.05851619    0.00000000    1.80515334    2.81943719    2.90787814    3.25406397    2.89582017    3.24229335    3.23942639    3.21040325    3.41753232    3.17296539    3.14144998    2.96283932    2.52955067    2.68988835    3.60668422    3.10486835    3.22198487    3.42641982    2.93663597    3.12513998    3.33870052    2.71771058    3.26275521
Q9KTG8_VIBCH/62-239     2.97453999    3.18327873    2.96110159    2.99217324    2.82671839    1.84684347    1.80515334    0.00000000    2.36223478    2.76882681    2.53471870    2.44255965    2.15154004    2.40818496    3.08694406    2.65039527    2.72859612    2.62695284    2.70069367    2.76835360    2.69158344    4.26892464    3.03641127    2.47178265    3.01243383    2.79853424    2.76402342    2.83244723    2.50630024    2.83797622
C7LVX2_DESBD/55-234     2.42028290    2.86614365    4.12806811    3.05946672    3.49742832    1.94963622    2.81943719    2.36223478    0.00000000    3.66339530    2.14403181    2.10879112    2.09671894    1.99501689    2.53188661    2.13240388    2.36195085    2.52114669    2.46806285    3.27687947    3.34232304    3.72441589    2.13220895    2.05060886    2.71308022    2.29801975    2.23411243    2.28065610    2.52188195    2.18609659
Q5P6U8_AROAE/69-248     3.76238866    3.68179572    3.21137773    3.96277956    3.51901639    3.03938428    2.90787814    2.76882681    3.66339530    0.00000000    2.73376114    2.55558033    2.68520080    2.48310262    2.45869574    2.59128578    2.36452077    2.46280563    1.97875614    2.63015648    2.57416094    4.08169708    3.20668653    2.91892223    3.07563996    2.82374695    2.87841562    3.32709270    3.11113945    3.34122068
B2JGR1_PARP8/52-238     2.83207617    3.45335385    3.87406141    3.10067833    3.19089140    2.83733519    3.25406397    2.53471870    2.14403181    2.73376114    0.00000000    0.42507115    0.78178818    0.68110623    1.78083474    1.28679061    1.29749800    1.45131454    1.33293706    2.54915493    2.71407285    4.14785012    2.88031949    3.11269841    3.28023435    3.06058012    3.32303513    3.25911267    2.74416188    2.56369841
Q13YW6_PARXL/52-238     3.15990864    3.31326247    3.58809467    3.26857678    2.98022656    2.57386697    2.89582017    2.44255965    2.10879112    2.55558033    0.42507115    0.00000000    0.75452547    0.77897954    1.64956600    1.46052356    1.64330969    1.36870578    1.43895592    2.75816062    2.78983914    4.09862914    3.14084848    3.14580540    3.35003481    3.05630744    3.05188776    3.33487243    2.46440611    2.73167610
C5AJB3_BURGB/52-231     2.64886268    3.12598771    3.81699838    2.96737528    3.82020634    2.75523659    3.24229335    2.15154004    2.09671894    2.68520080    0.78178818    0.75452547    0.00000000    0.49529858    1.77187906    1.32969923    1.49346313    1.43935767    1.25369299    3.01988343    3.01985633    4.21397150    3.24669429    2.85365091    2.86839148    2.63872139    3.49126485    3.14499404    2.83268085    2.56480303
Q63J84_BURPS/63-244     2.77240430    2.97275791    3.79471767    3.14878433    3.82091185    2.80922753    3.23942639    2.40818496    1.99501689    2.48310262    0.68110623    0.77897954    0.49529858    0.00000000    1.81962732    1.32585497    1.21831553    1.29586080    1.39345012    2.91830503    2.88549577    3.87128986    3.10589187    2.87504250    3.04285890    2.66500159    3.22702048    3.08162385    2.74962416    2.58414655
Q13NV2_PARXL/54-232     3.17168786    2.88838659    3.22244599    2.88488168    3.19535903    3.17454348    3.21040325    3.08694406    2.53188661    2.45869574    1.78083474    1.64956600    1.77187906    1.81962732    0.00000000    0.93210532    1.30628514    1.51750907    1.53077270    2.92071713    2.98655704    4.62194760    3.13660609    3.27173555    2.97963833    2.52843574    2.71390053    2.97798767    2.49648757    2.47625164
Q13G33_PARXL/54-232     3.06425841    3.34274500    3.28583526    2.80414022    3.19344944    2.50422273    3.41753232    2.65039527    2.13240388    2.59128578    1.28679061    1.46052356    1.32969923    1.32585497    0.93210532    0.00000000    0.70455431    0.74856734    1.23231285    2.58201476    2.65114568    4.06080343    3.15479359    3.17421509    3.15379877    2.91246023    2.98879669    2.99309556    2.57537245    2.42223701
Q144V7_PARXL/54-233     3.20236729    3.40725045    3.87776530    2.70984609    3.54945592    2.71503145    3.17296539    2.72859612    2.36195085    2.36452077    1.29749800    1.64330969    1.49346313    1.21831553    1.30628514    0.70455431    0.00000000    0.48623534    1.29593448    2.85468808    2.84696830    3.54242461    3.19617221    2.86082517    3.32057847    2.92868310    3.12389273    3.12548861    2.59833022    2.65767479
B2JGB9_PARP8/54-233     2.97349028    3.28751623    3.93026955    2.83182663    3.15635792    2.55559256    3.14144998    2.62695284    2.52114669    2.46280563    1.45131454    1.36870578    1.43935767    1.29586080    1.51750907    0.74856734    0.48623534    0.00000000    1.31610805    3.06189952    2.96220927    3.91833112    3.64183097    3.05901945    3.61965086    3.36197727    3.59274003    3.54108809    2.61831385    2.95914689
Q13ZP8_PARXL/52-234     2.93630484    3.55498757    3.47102584    3.12649118    3.48106320    2.96299519    2.96283932    2.70069367    2.46806285    1.97875614    1.33293706    1.43895592    1.25369299    1.39345012    1.53077270    1.23231285    1.29593448    1.31610805    0.00000000    2.37428388    2.38303876    3.93934418    2.93230987    2.86831305    3.04621658    2.65995134    3.35205313    2.78721769    2.98618073    2.45062514
H9L490_SALTY/65-238     3.71657419    3.41476314    3.36471158    3.41294962    3.39547806    2.93504502    2.52955067    2.76835360    3.27687947    2.63015648    2.54915493    2.75816062    3.01988343    2.91830503    2.92071713    2.58201476    2.85468808    3.06189952    2.37428388    0.00000000    0.26348816    3.62398573    3.02504284    2.82362851    3.09907478    2.95413330    2.87530044    2.94373133    2.86090857    2.84042580
WCAJ_ECOLI/65-238     3.74547097    3.38371917    3.44867049    3.41695187    3.28328691    2.84295769    2.68988835    2.69158344    3.34232304    2.57416094    2.71407285    2.78983914    3.01985633    2.88549577    2.98655704    2.65114568    2.84696830    2.96220927    2.38303876    0.26348816    0.00000000    3.57543315    2.87808526    2.65115303    3.04067467    2.95709808    2.74839181    3.04936505    2.92918485    3.11418053
B8ISR2_METNO/85-257     3.81104328    4.57242374    4.56572969    5.61048394    4.14341031    4.16001557    3.60668422    4.26892464    3.72441589    4.08169708    4.14785012    4.09862914    4.21397150    3.87128986    4.62194760    4.06080343    3.54242461    3.91833112    3.93934418    3.62398573    3.57543315    0.00000000    2.53016729    3.09359523    2.75718511    2.76065621    3.30687668    3.03440886    2.85387535    2.78598227
B9JVB0_AGRVS/107-286     2.64379066    3.24039326    3.51268816    4.00062459    3.59783025    2.90114068    3.10486835    3.03641127    2.13220895    3.20668653    2.88031949    3.14084848    3.24669429    3.10589187    3.13660609    3.15479359    3.19617221    3.64183097    2.93230987    3.02504284    2.87808526    2.53016729    0.00000000    0.83430613    0.69957689    1.01858419    1.00226690    1.14048863    1.44840997    1.18044470
Q11J75_CHESB/100-280     2.95900826    3.09841321    3.46657690    3.82337166    3.53469124    2.73444787    3.22198487    2.47178265    2.05060886    2.91892223    3.11269841    3.14580540    2.85365091    2.87504250    3.27173555    3.17421509    2.86082517    3.05901945    2.86831305    2.82362851    2.65115303    3.09359523    0.83430613    0.00000000    0.51338247    0.71225356    0.87570004    1.00702160    1.27732486    0.99398046
A6X1W8_OCHA4/106-286     3.38711200    3.63181624    3.37274773    3.76551596    3.87914278    3.18762521    3.42641982    3.01243383    2.71308022    3.07563996    3.28023435    3.35003481    2.86839148    3.04285890    2.97963833    3.15379877    3.32057847    3.61965086    3.04621658    3.09907478    3.04067467    2.75718511    0.69957689    0.51338247    0.00000000    0.46176850    1.06654283    1.13621233    1.29541030    1.20271086
Q2YNB5_BRUA2/103-282     3.05457940    2.77656442    3.60746064    3.63418588    3.64972887    2.80021633    2.93663597    2.79853424    2.29801975    2.82374695    3.06058012    3.05630744    2.63872139    2.66500159    2.52843574    2.91246023    2.92868310    3.36197727    2.65995134    2.95413330    2.95709808    2.76065621    1.01858419    0.71225356    0.46176850    0.00000000    1.25659553    1.30801898    1.37231882    1.34916604
B1M285_METRJ/95-275     2.54598456    2.70755570    3.03286304    3.91954346    3.11194955    2.76416504    3.12513998    2.76402342    2.23411243    2.87841562    3.32303513    3.05188776    3.49126485    3.22702048    2.71390053    2.98879669    3.12389273    3.59274003    3.35205313    2.87530044    2.74839181    3.30687668    1.00226690    0.87570004    1.06654283    1.25659553    0.00000000    0.87309694    1.13231875    1.05330947
Q214F5_RHOPB/103-283     2.80766819    3.38017059    3.71259666    3.81778368    3.68034338    2.73056081    3.33870052    2.83244723    2.28065610    3.32709270    3.25911267    3.33487243    3.14499404    3.08162385    2.97798767    2.99309556    3.12548861    3.54108809    2.78721769    2.94373133    3.04936505    3.03440886    1.14048863    1.00702160    1.13621233    1.30801898    0.87309694    0.00000000    0.58527292    0.49949634
B6JGS5_OLICO/96-276     3.11387233    3.24920068    3.79981203    3.33292166    3.23407870    2.14560705    2.71771058    2.50630024    2.52188195    3.11113945    2.74416188    2.46440611    2.83268085    2.74962416    2.49648757    2.57537245    2.59833022    2.61831385    2.98618073    2.86090857    2.92918485    2.85387535    1.44840997    1.27732486    1.29541030    1.37231882    1.13231875    0.58527292    0.00000000    0.57503685
Q6N668_RHOPA/105-287     2.82599518    3.30654279    3.77578842    3.61836503    3.49315791    2.51296684    3.26275521    2.83797622    2.18609659    3.34122068    2.56369841    2.73167610    2.56480303    2.58414655    2.47625164    2.42223701    2.65767479    2.95914689    2.45062514    2.84042580    3.11418053    2.78598227    1.18044470    0.99398046    1.20271086    1.34916604    1.05330947    0.49949634    0.57503685    0.00000000

