18
Q8A4J9_BACTN/9-61     0.00000000    0.45745176    0.33633366    0.94846975    1.13996778    1.11512050    1.10987266    0.81338249    0.80834830    0.56660862    0.65161270    0.66284843    0.79712664    0.93443849    0.88496178    0.86785450    0.61129798    0.98276107
A6LIQ6_PARD8/4-56     0.45745176    0.00000000    0.22654371    0.85592959    0.96437459    1.19983644    0.95914247    0.67052111    0.87449806    0.61272021    0.77120394    0.81904298    0.80006525    0.87675196    0.80641235    0.97570925    0.95765988    1.20623856
A6L0N8_BACV8/4-56     0.33633366    0.22654371    0.00000000    0.78648624    0.82172068    1.11550549    1.02494145    0.67116822    0.73813376    0.69909199    0.80383178    0.77543140    0.94861686    0.98110848    0.89296102    0.95886316    0.88486892    1.19381004
F3ZTB5_9BACE/7-59     0.94846975    0.85592959    0.78648624    0.00000000    0.79007048    0.98385557    0.98364547    0.60319033    0.91131282    1.09943350    1.07035794    0.81362539    0.84964150    0.82654565    1.06048187    0.71424683    0.93417517    1.11997600
Q7MUM8_PORGI/4-56     1.13996778    0.96437459    0.82172068    0.79007048    0.00000000    0.50609185    0.48239807    0.49902655    0.90997399    1.13686732    0.89690245    0.91058693    1.09154075    1.12402959    1.19132376    0.81331470    0.98707683    1.05416423
F4KNM3_PORAD/4-56     1.11512050    1.19983644    1.11550549    0.98385557    0.50609185    0.00000000    0.22058763    0.65557991    0.97457241    1.00229671    1.09010105    0.94159826    1.34099625    1.27676632    1.29355563    1.25618732    0.99843130    0.90026021
D3IER7_9BACT/4-56     1.10987266    0.95914247    1.02494145    0.98364547    0.48239807    0.22058763    0.00000000    0.59064633    0.87397981    1.02873244    0.98627490    0.91265686    1.10593425    1.06191799    1.23151744    1.20640657    0.96855825    1.07277010
C3J972_POREA/1-50     0.81338249    0.67052111    0.67116822    0.60319033    0.49902655    0.65557991    0.59064633    0.00000000    0.45342979    0.57937220    0.56482981    0.58117749    0.79810853    0.83774485    0.74543137    0.68396791    0.71286907    0.68862788
Q5LEI3_BACFN/6-56     0.80834830    0.87449806    0.73813376    0.91131282    0.90997399    0.97457241    0.87397981    0.45342979    0.00000000    0.60743482    0.59323331    0.62904147    0.91120066    0.91716244    0.90463979    0.77473880    0.87287195    0.95011077
A0A095Y8J7_9BACT/4-56     0.56660862    0.61272021    0.69909199    1.09943350    1.13686732    1.00229671    1.02873244    0.57937220    0.60743482    0.00000000    0.35327686    0.33556787    0.62171530    0.76433443    0.70980446    0.85110587    0.87087449    0.87828604
W0EQQ7_9BACT/5-57     0.65161270    0.77120394    0.80383178    1.07035794    0.89690245    1.09010105    0.98627490    0.56482981    0.59323331    0.35327686    0.00000000    0.40105712    0.81531222    0.91608021    0.77821523    0.75588389    0.72104513    0.76349710
R5NKD7_9BACT/4-56     0.66284843    0.81904298    0.77543140    0.81362539    0.91058693    0.94159826    0.91265686    0.58117749    0.62904147    0.33556787    0.40105712    0.00000000    0.67814854    0.68666166    0.70517507    0.62261854    0.75231113    0.79722866
R5AW74_9BACE/63-114     0.79712664    0.80006525    0.94861686    0.84964150    1.09154075    1.34099625    1.10593425    0.79810853    0.91120066    0.62171530    0.81531222    0.67814854    0.00000000    0.16899395    0.70791907    0.89362764    0.78375866    1.07293318
R5AV41_9BACT/8-59     0.93443849    0.87675196    0.98110848    0.82654565    1.12402959    1.27676632    1.06191799    0.83774485    0.91716244    0.76433443    0.91608021    0.68666166    0.16899395    0.00000000    0.73606352    0.83079819    0.85560618    1.00683363
Q8A5E5_BACTN/3-56     0.88496178    0.80641235    0.89296102    1.06048187    1.19132376    1.29355563    1.23151744    0.74543137    0.90463979    0.70980446    0.77821523    0.70517507    0.70791907    0.73606352    0.00000000    0.73238500    0.74148794    0.89384201
Q89YG0_BACTN/4-52     0.86785450    0.97570925    0.95886316    0.71424683    0.81331470    1.25618732    1.20640657    0.68396791    0.77473880    0.85110587    0.75588389    0.62261854    0.89362764    0.83079819    0.73238500    0.00000000    0.65650879    0.73672077
F4C5U4_SPHS2/4-57     0.61129798    0.95765988    0.88486892    0.93417517    0.98707683    0.99843130    0.96855825    0.71286907    0.87287195    0.87087449    0.72104513    0.75231113    0.78375866    0.85560618    0.74148794    0.65650879    0.00000000    0.46615932
H1Z6J4_MYROD/4-57     0.98276107    1.20623856    1.19381004    1.11997600    1.05416423    0.90026021    1.07277010    0.68862788    0.95011077    0.87828604    0.76349710    0.79722866    1.07293318    1.00683363    0.89384201    0.73672077    0.46615932    0.00000000

