6
Q3JCP2_NITOC/167-444     0.00000000    0.56168351    0.58608120    0.52768127    0.57977325    0.56614484
Q2YA36_NITMU/164-434     0.56168351    0.00000000    0.24722840    0.58438928    0.60346203    0.60272189
HAO_NITEU/165-435     0.58608120    0.24722840    0.00000000    0.53563894    0.62704647    0.59093458
Q5LL28_RUEPO/166-434     0.52768127    0.58438928    0.53563894    0.00000000    0.53551283    0.50253764
Q60AB1_METCA/169-436     0.57977325    0.60346203    0.62704647    0.53551283    0.00000000    0.30606364
H8GKF2_METAL/147-414     0.56614484    0.60272189    0.59093458    0.50253764    0.30606364    0.00000000

