56
Q2RM07_MOOTA/402-634     0.00000000    1.87300862    1.81074020    1.96037246    1.97001702    2.25850234    2.64575800    2.44148437    2.33620069    2.22610924    2.41965240    2.31417828    2.21944338    2.29103853    2.44876634    2.66544748    2.49182994    2.41380214    1.87436536    2.15629035    2.10345760    2.24436957    2.31101150    2.25722066    2.23447759    2.37054986    2.40902952    2.19183975    2.02240454    2.11695861    2.35448218    2.38306652    2.09717180    2.12135988    2.16402711    2.13527523    2.41244081    2.54835564    2.12937011    2.25680333    2.34196567    2.21469861    2.18680237    2.45536341    2.34484062    2.79867118    1.87777014    1.88447916    1.94961778    2.40537574    1.96510680    2.01303526    2.12691026    1.97386376    2.38681326    2.18278022
L0ED88_THECK/375-555     1.87300862    0.00000000    0.61795698    0.83688319    0.89740923    2.42398725    2.07960758    1.88616585    1.84519812    1.93577137    1.99561389    2.47972973    2.41373223    2.44500435    2.29506864    2.32944797    2.10266778    2.04656881    2.01904234    1.96273973    1.95325278    2.11322221    2.01179843    1.95457684    2.06590605    1.97609882    2.29956744    2.17011203    2.07167148    2.34120679    2.27104189    1.90166467    2.05589660    1.83284553    2.04864632    1.95898411    2.14383019    1.85775640    2.39510301    2.26917608    2.29735474    2.32726966    2.43530251    2.57832858    2.25229695    2.61775240    1.91149759    2.01467394    1.73417849    2.13029391    2.07197627    2.02198443    2.13062198    2.14187321    2.53097597    1.94442857
Q9K8Q1_BACHD/370-552     1.81074020    0.61795698    0.00000000    0.86188838    0.76732634    2.65247546    2.11994937    2.31607158    2.01331664    2.09173332    2.22824270    2.44115074    2.37464871    2.76190741    2.20837556    2.23470302    2.30733286    2.15832321    2.07051292    1.93038388    2.18250398    2.01282165    2.14394902    2.13277523    2.09972256    2.07217166    2.56242505    2.27575289    2.40428366    2.20969802    2.11294777    1.90884079    2.06059349    2.07084685    2.02097068    1.80062494    2.29227138    1.76882708    2.27360971    2.34333055    2.14222709    2.09350755    2.36203006    2.48133308    2.24673415    2.64943294    1.96206542    2.21214561    1.82357584    2.06058853    2.19491320    2.08591646    2.16212193    2.12828984    2.34193355    1.77305454
C0Z9D3_BREBN/376-558     1.96037246    0.83688319    0.86188838    0.00000000    0.89449422    2.44964044    2.07202021    2.13153044    2.06778050    2.04961190    2.32637363    2.66733015    2.35047912    2.83556139    2.24090457    2.28372017    2.19702055    2.22245608    2.06083330    2.14636543    2.08326418    2.12794349    2.10731602    1.92628709    2.35347879    2.13589283    2.64072253    2.46185051    2.43624361    2.50943631    2.25291788    2.18507173    2.21559851    2.11235074    1.88589015    1.91448057    2.11108523    2.07613207    2.46289487    2.58608723    2.34691704    2.41747108    2.34022464    2.72740815    2.20805870    2.69846853    2.05070928    2.35663339    2.00942878    2.20762943    2.04201568    1.96852091    2.36186128    2.14927091    2.36765152    1.92707796
E6TY18_BACCJ/370-544     1.97001702    0.89740923    0.76732634    0.89449422    0.00000000    2.60353490    2.31978557    2.35943371    2.01746687    2.15822477    2.26222025    2.51529110    2.46476958    2.58753120    2.26095113    2.14207591    2.18340667    1.99455213    2.26047299    2.01506675    2.23076533    2.22648299    2.06355303    2.06635682    2.22133479    2.12398370    2.44042303    2.24031519    2.52623462    2.35955905    2.01585515    2.06210095    1.99592849    2.16043154    2.12606599    2.14881515    2.25808311    1.97253020    2.30576726    2.10585026    2.25848500    2.26980881    2.53375853    2.96975625    2.23729943    2.55123033    1.85761245    1.98040426    1.72466350    1.96977499    1.99288926    1.91083736    1.92126377    2.03783288    2.35123657    1.76967032
F0T1R0_SYNGF/383-571     2.25850234    2.42398725    2.65247546    2.44964044    2.60353490    0.00000000    1.04435374    1.00360270    1.03982201    0.93249309    1.02290567    1.93387472    2.11257847    1.98642491    1.93702556    1.97847584    1.69998562    1.84723200    1.91391159    2.05632992    2.01893109    2.11187559    2.22517077    2.04124991    1.86363433    2.11517853    2.18987022    2.02417974    2.32437281    2.38253511    2.27612336    2.09700617    2.27916979    2.41661607    2.28757543    2.13254194    2.22554063    2.19627339    1.96384371    2.16701114    1.92759402    2.02244324    2.38419119    2.17551405    2.53992487    2.72120384    1.98695690    2.17565097    2.14055761    2.12594332    2.17349390    2.26020452    2.20045022    1.95542202    2.31830849    2.24596549
J7J5Y5_DESMD/375-576     2.64575800    2.07960758    2.11994937    2.07202021    2.31978557    1.04435374    0.00000000    0.86708043    0.95981325    0.91605604    0.90737447    2.01729654    2.21326453    2.24493803    1.92436595    1.93194570    1.88807137    1.96050964    2.15160143    2.12323449    2.09454667    2.23180932    1.91106271    2.23340895    2.07663100    2.07828470    2.07252567    2.05571934    2.32177860    2.19701144    2.07397562    2.09713135    2.32344047    2.07981166    2.05290919    2.02438634    2.02704627    1.87494381    2.05439123    1.98354600    2.19086607    1.91933953    2.11446123    2.55478028    2.50097539    2.25985875    1.87737413    2.04877850    1.97157428    2.52261639    2.29474007    2.41193277    2.37899559    2.31011422    2.68400722    2.03544098
I4DC99_DESAJ/374-576     2.44148437    1.88616585    2.31607158    2.13153044    2.35943371    1.00360270    0.86708043    0.00000000    1.00307106    0.92756921    0.98954285    1.89119731    2.25135896    2.29454039    1.84074133    1.98940488    1.73115745    1.99795931    1.87121802    1.92980933    1.82949712    2.13313591    1.96564369    2.05783760    1.75265720    1.94031788    2.10616722    1.91638626    2.07307667    2.03161655    2.09520717    1.88986216    2.06822420    2.10714839    1.92194142    1.95885414    2.03824399    1.88143408    1.97789240    1.98120692    2.07973480    1.99915510    2.24308493    2.39844022    2.21366968    2.32679234    1.73188526    1.92496801    1.95953494    2.10488354    1.78154946    2.03191055    2.20637919    2.13269060    2.60186193    2.00354567
L0FDN2_DESDL/375-561     2.33620069    1.84519812    2.01331664    2.06778050    2.01746687    1.03982201    0.95981325    1.00307106    0.00000000    0.55003675    0.76275460    1.90071455    2.10737568    2.28814826    1.72968714    1.69319608    1.56699888    1.62019126    1.86014990    2.00581467    1.79383909    1.91565360    1.91702621    1.86437957    1.72928739    1.68012980    1.89761011    1.61360196    1.94311585    1.87481181    1.77516670    1.87166490    2.03250174    2.10829397    1.98157155    2.24555634    2.01484388    1.62576238    2.04140660    1.89923152    1.84789716    1.95250985    2.23015921    2.46327719    2.14706433    2.05992246    1.80582486    1.87179781    1.85657858    2.13469569    1.91522413    2.05997514    2.13648145    2.04310979    2.37794880    1.86294203
Q24MV6_DESHY/374-560     2.22610924    1.93577137    2.09173332    2.04961190    2.15822477    0.93249309    0.91605604    0.92756921    0.55003675    0.00000000    0.71355216    1.88793787    2.08455961    2.18927353    1.65430017    1.76965574    1.62175117    1.81157105    1.80690160    1.89085898    1.68165793    1.88218666    1.91396562    1.80385899    1.82526745    1.79860986    1.92674577    1.73673201    1.97391919    1.71819012    1.91113928    1.86169582    2.07460274    2.02547168    2.02817845    2.00932386    1.91967674    1.77229181    1.92921228    1.79901573    2.05729467    2.03347965    2.27565961    2.56758042    2.07289966    2.14510168    1.77257284    1.82732342    1.84424719    2.17620600    1.93376984    1.98429001    2.12090123    2.04307539    2.52532354    2.09605688
W0EFF0_9FIRM/377-563     2.41965240    1.99561389    2.22824270    2.32637363    2.26222025    1.02290567    0.90737447    0.98954285    0.76275460    0.71355216    0.00000000    1.83209718    1.91985771    2.14881005    1.66091255    1.51101622    1.51347576    1.70500571    1.85883870    1.83409012    1.63920370    2.03971662    1.99116702    1.90150651    1.72141390    1.72173727    1.97993936    1.70504314    1.99666146    1.89959188    1.96392902    1.94337375    1.97614733    2.03377478    1.82399201    2.13609641    2.10927564    1.77969059    1.91243089    1.99051288    1.89692853    2.00126768    2.20535780    2.45486599    2.44428875    2.23740057    2.01078133    2.10085713    2.12431396    2.34406979    2.00495507    2.06283911    1.94979715    1.96214742    2.54370082    1.77836569
Q8RB33_CALS4/363-548     2.31417828    2.47972973    2.44115074    2.66733015    2.51529110    1.93387472    2.01729654    1.89119731    1.90071455    1.88793787    1.83209718    0.00000000    0.96824794    0.91876349    1.65555003    1.55837232    1.81041649    1.68375516    1.96238392    1.99434038    1.72769270    1.98814764    1.81631762    1.63791689    1.79802658    2.13723873    1.96384498    1.97416114    1.78473447    2.07626983    1.80748744    2.03177525    2.08692015    2.11372128    2.02148788    2.10686890    2.14311879    2.00916865    1.53784953    2.05298238    1.85525915    2.11378794    2.13459127    1.93133757    1.87302746    2.06079023    1.73286533    1.70801960    1.44119904    1.83709279    1.88912306    1.85932831    1.85530983    1.83755797    2.05998588    1.82877505
D9RXY9_THEOJ/363-549     2.21944338    2.41373223    2.37464871    2.35047912    2.46476958    2.11257847    2.21326453    2.25135896    2.10737568    2.08455961    1.91985771    0.96824794    0.00000000    0.88473311    1.93084974    1.62885625    1.77472627    1.80356789    1.97667003    2.16712499    1.94540108    2.09247678    2.04191374    1.94236710    2.08903608    2.31099043    2.27937671    2.29943771    2.00923191    2.07269624    2.20646974    2.33111483    2.48353778    2.56492187    2.42327602    2.35562270    2.36838086    2.09606783    2.14549517    2.42856285    1.97259660    2.29336944    2.02141415    2.14264102    2.18262968    2.53637848    2.03702669    1.96095280    1.71882596    2.03097200    2.11949434    1.94905206    1.85108694    1.99087748    2.16344229    1.99358511
F4LWC2_TEPAE/362-547     2.29103853    2.44500435    2.76190741    2.83556139    2.58753120    1.98642491    2.24493803    2.29454039    2.28814826    2.18927353    2.14881005    0.91876349    0.88473311    0.00000000    1.78853633    1.77067302    2.03384210    1.87075755    1.98620097    2.15239763    1.91521912    2.19451818    2.03879229    1.95723151    2.00107702    2.14759841    2.44360642    2.02043558    2.11494353    2.18111730    2.18731338    2.21851604    2.55120355    2.32813579    2.17095847    2.02435076    2.22029351    2.24729069    2.13277845    2.27708816    2.03001767    2.23775227    2.06380046    2.19336081    2.31661292    2.48419731    2.04861528    1.73781577    1.77672415    1.79033764    2.11226419    1.86424183    1.80401166    2.03058477    2.30778674    2.13926942
Q8XJV8_CLOPE/366-543     2.44876634    2.29506864    2.20837556    2.24090457    2.26095113    1.93702556    1.92436595    1.84074133    1.72968714    1.65430017    1.66091255    1.65555003    1.93084974    1.78853633    0.00000000    0.78966447    0.98559362    0.87181170    2.03370172    1.90091265    1.77517965    1.66762778    1.70199309    1.91153558    1.66192467    2.00083927    1.96744341    1.66862751    1.90119788    1.82138113    1.55370002    1.84779239    2.11688076    1.94900454    1.78597397    1.92906114    2.00938827    1.76121572    1.54916495    1.96222360    1.76678947    1.61348112    1.54524002    1.80911876    2.10490695    1.98015915    1.96965195    1.81542642    1.55727982    1.82995289    1.88331901    1.81540791    1.81772694    1.59404512    1.78418917    1.68997678
A5N898_CLOK5/379-557     2.66544748    2.32944797    2.23470302    2.28372017    2.14207591    1.97847584    1.93194570    1.98940488    1.69319608    1.76965574    1.51101622    1.55837232    1.62885625    1.77067302    0.78966447    0.00000000    0.68796002    0.66163186    1.89420305    1.74454543    1.71357197    1.85092393    1.85681449    1.93449571    1.90538005    1.77191064    1.83652254    1.69186483    2.02142305    1.75205550    1.47145462    1.95280535    2.17112845    1.94927508    1.98584688    1.76714902    1.95321382    1.75458337    1.64097385    2.22931306    1.79357781    1.81603700    1.80948116    1.73839558    2.03740953    2.37443853    1.62719157    1.79632124    1.52293565    2.06047266    2.00426073    1.81436905    1.77992921    1.79646241    1.73482778    1.79237742
Q896L1_CLOTE/371-553     2.49182994    2.10266778    2.30733286    2.19702055    2.18340667    1.69998562    1.88807137    1.73115745    1.56699888    1.62175117    1.51347576    1.81041649    1.77472627    2.03384210    0.98559362    0.68796002    0.00000000    0.70906324    1.84138606    1.58471495    1.59568456    1.84300141    1.72297427    1.79443244    1.69622006    1.81439180    1.72470088    1.71868288    1.76353907    1.78324206    1.66627230    2.00662117    2.02517678    1.99677438    1.80215177    2.04818342    1.87679693    1.99511474    1.86932927    1.84383245    1.79151404    1.81209337    1.93408257    1.98758853    2.13701532    2.27880309    1.88474045    1.48830819    1.41359755    1.65195661    1.98873434    1.69919891    1.61883433    1.68723141    1.89766623    1.65528362
R4K4L6_CLOPA/369-548     2.41380214    2.04656881    2.15832321    2.22245608    1.99455213    1.84723200    1.96050964    1.99795931    1.62019126    1.81157105    1.70500571    1.68375516    1.80356789    1.87075755    0.87181170    0.66163186    0.70906324    0.00000000    1.89396721    1.91642058    2.02187435    2.07542762    1.85662590    2.06003141    1.95546435    1.95481788    2.08069154    1.81970605    1.93857929    1.98127457    1.66551300    1.87685089    2.27300622    1.92819410    1.89392072    1.79483801    2.03740566    1.88937269    1.67948654    1.90071073    1.97494507    1.89716122    1.90813477    1.91445940    2.16799177    2.22008119    1.99699570    1.86901902    1.44075139    1.92659875    1.98974051    1.79427987    1.65458329    1.86589953    1.88935931    2.16286566
R6Q8S8_9FIRM/373-551     1.87436536    2.01904234    2.07051292    2.06083330    2.26047299    1.91391159    2.15160143    1.87121802    1.86014990    1.80690160    1.85883870    1.96238392    1.97667003    1.98620097    2.03370172    1.89420305    1.84138606    1.89396721    0.00000000    1.35794559    1.51795313    1.66705772    1.67576818    1.53009115    1.71121618    1.69027315    1.65615031    1.60912990    1.46175577    1.58294686    1.82088070    1.43020388    1.45851009    1.58881892    1.56564797    1.64007277    1.70575572    1.51388563    1.58731174    1.59123368    1.37494015    1.76443205    1.79688473    1.96617642    1.68277837    1.91377745    1.92541335    1.56565037    1.63511354    1.96393174    1.71907604    1.62837248    1.81147265    1.86021565    2.19796562    2.29193123
R6G0D9_9FIRM/445-637     2.15629035    1.96273973    1.93038388    2.14636543    2.01506675    2.05632992    2.12323449    1.92980933    2.00581467    1.89085898    1.83409012    1.99434038    2.16712499    2.15239763    1.90091265    1.74454543    1.58471495    1.91642058    1.35794559    0.00000000    1.29974657    1.37201457    1.31388413    1.35866845    1.21850331    1.26167073    1.50036648    1.30740299    1.39846119    1.62675072    1.38422447    1.09104284    1.08224467    1.14843457    1.05600188    1.13771173    1.12129130    1.17028653    1.27815739    1.15467762    1.29788535    1.36924496    1.48478046    1.44182785    1.64541257    1.88787607    1.69762079    1.61611441    1.73963388    1.86795812    1.73563355    1.92365638    1.84294580    1.84451898    1.96794162    1.90414797
R6PZ38_9CLOT/370-555     2.10345760    1.95325278    2.18250398    2.08326418    2.23076533    2.01893109    2.09454667    1.82949712    1.79383909    1.68165793    1.63920370    1.72769270    1.94540108    1.91521912    1.77517965    1.71357197    1.59568456    2.02187435    1.51795313    1.29974657    0.00000000    0.90003795    0.72887189    0.77631454    0.72730417    1.03626879    1.04209971    0.92817657    0.82494034    1.00460889    0.96597965    1.00602332    0.90066263    0.95767467    0.92681389    1.04718122    0.94515080    1.05333863    1.06961817    1.17333547    1.17117115    1.15737269    1.18489031    1.26767847    1.58931813    1.79072710    1.64688034    1.83502980    1.67651743    1.60973096    1.53690115    1.49904337    1.81474794    1.73858894    2.10003762    2.10420455
D4N0X2_ANAHA/372-555     2.24436957    2.11322221    2.01282165    2.12794349    2.22648299    2.11187559    2.23180932    2.13313591    1.91565360    1.88218666    2.03971662    1.98814764    2.09247678    2.19451818    1.66762778    1.85092393    1.84300141    2.07542762    1.66705772    1.37201457    0.90003795    0.00000000    0.64667991    0.91360770    0.79492442    1.13267744    1.27796262    1.12635499    1.01508546    1.20017865    1.23190327    1.08017214    1.17398790    1.00815155    0.95378443    1.12052291    1.04146188    1.16036061    1.10452320    1.17534933    1.11941700    1.18632886    1.32014036    1.55017221    1.93008537    2.39682042    1.94644472    2.09213282    1.94361557    1.76657696    1.66113342    1.89230787    1.90773842    1.79127085    2.00093295    1.93800394
R6R2M7_9FIRM/70-254     2.31101150    2.01179843    2.14394902    2.10731602    2.06355303    2.22517077    1.91106271    1.96564369    1.91702621    1.91396562    1.99116702    1.81631762    2.04191374    2.03879229    1.70199309    1.85681449    1.72297427    1.85662590    1.67576818    1.31388413    0.72887189    0.64667991    0.00000000    0.89843311    0.82462866    1.17231066    1.21820102    1.08771743    1.02219644    1.27964792    1.14886458    0.96681230    1.15290008    1.06137106    0.93391745    1.03085732    1.05316201    0.96080945    1.05426387    1.18149240    1.29321018    1.04750324    1.23519032    1.39497167    1.92680990    2.18123231    1.96690111    1.99150034    1.75903583    1.58246011    1.72414735    1.90298630    1.81995216    1.89573755    2.07921614    2.12807601
R6LED7_9FIRM/374-559     2.25722066    1.95457684    2.13277523    1.92628709    2.06635682    2.04124991    2.23340895    2.05783760    1.86437957    1.80385899    1.90150651    1.63791689    1.94236710    1.95723151    1.91153558    1.93449571    1.79443244    2.06003141    1.53009115    1.35866845    0.77631454    0.91360770    0.89843311    0.00000000    0.77417136    1.04315866    1.20584354    0.94731949    0.84320631    1.04181422    1.10178184    1.02447132    0.99796577    0.99959176    0.96283998    1.03182488    0.94473204    1.15507940    1.16013302    1.22609144    1.15957161    1.19599900    1.09998758    1.15171146    1.85114733    1.99663922    1.65851325    1.81330701    1.58777718    1.73567087    1.50535715    1.74449734    1.58149121    1.69381915    1.97462290    1.90028843
R7FYX2_9FIRM/393-564     2.23447759    2.06590605    2.09972256    2.35347879    2.22133479    1.86363433    2.07663100    1.75265720    1.72928739    1.82526745    1.72141390    1.79802658    2.08903608    2.00107702    1.66192467    1.90538005    1.69622006    1.95546435    1.71121618    1.21850331    0.72730417    0.79492442    0.82462866    0.77417136    0.00000000    1.11830883    1.05720798    0.86176512    0.82468215    1.04771313    0.96317543    0.96365783    0.94262739    0.91883677    0.88408080    0.99360332    0.99971128    1.11532367    0.96635287    1.06168093    1.16296806    1.11364007    1.20377987    1.12076124    1.73403961    1.84594330    1.68475655    1.94534862    1.78577332    1.53378957    1.48047183    1.69780055    1.63078615    1.66227245    2.02442267    2.09029380
R5QJ03_9FIRM/376-560     2.37054986    1.97609882    2.07217166    2.13589283    2.12398370    2.11517853    2.07828470    1.94031788    1.68012980    1.79860986    1.72173727    2.13723873    2.31099043    2.14759841    2.00083927    1.77191064    1.81439180    1.95481788    1.69027315    1.26167073    1.03626879    1.13267744    1.17231066    1.04315866    1.11830883    0.00000000    1.10141721    0.85282531    0.94070106    1.13720435    0.98428838    1.08767290    1.02159074    1.12540100    1.12243904    1.23215004    1.11975071    1.14932340    1.32090308    1.31788823    1.28225163    1.36552903    1.50365761    1.54496046    1.94606114    2.00079161    2.05508940    1.87498587    1.67797862    1.91825614    1.68360087    1.60610105    1.62974725    1.70400452    2.12526135    1.96542521
R5JY98_9CLOT/367-567     2.40902952    2.29956744    2.56242505    2.64072253    2.44042303    2.18987022    2.07252567    2.10616722    1.89761011    1.92674577    1.97993936    1.96384498    2.27937671    2.44360642    1.96744341    1.83652254    1.72470088    2.08069154    1.65615031    1.50036648    1.04209971    1.27796262    1.21820102    1.20584354    1.05720798    1.10141721    0.00000000    0.75195909    1.04978728    0.96899759    1.06668523    1.07613701    0.98271987    1.10987070    1.04720661    1.13233282    1.14672044    1.19895456    1.05438976    1.17379893    1.33016070    1.23308819    1.45978362    1.39831652    1.87465605    1.82904890    1.96441338    1.81647007    1.74417260    2.00367923    2.06078782    1.92771609    2.05078583    2.07649627    2.13136267    2.17289625
R6ENS9_9FIRM/398-577     2.19183975    2.17011203    2.27575289    2.46185051    2.24031519    2.02417974    2.05571934    1.91638626    1.61360196    1.73673201    1.70504314    1.97416114    2.29943771    2.02043558    1.66862751    1.69186483    1.71868288    1.81970605    1.60912990    1.30740299    0.92817657    1.12635499    1.08771743    0.94731949    0.86176512    0.85282531    0.75195909    0.00000000    0.55531943    0.72853024    0.84491893    1.00578358    0.78983955    0.89870238    1.09099022    0.94572849    0.93249787    1.03821466    1.14082767    1.11528516    1.03263296    1.12411640    1.11331157    1.32704208    1.93359854    2.05928706    1.82530783    1.60513196    1.54971009    2.04126993    1.59959048    1.56716110    1.70350744    1.75350840    2.12591061    1.91469728
R7R5W2_9FIRM/370-563     2.02240454    2.07167148    2.40428366    2.43624361    2.52623462    2.32437281    2.32177860    2.07307667    1.94311585    1.97391919    1.99666146    1.78473447    2.00923191    2.11494353    1.90119788    2.02142305    1.76353907    1.93857929    1.46175577    1.39846119    0.82494034    1.01508546    1.02219644    0.84320631    0.82468215    0.94070106    1.04978728    0.55531943    0.00000000    0.94321825    0.80328608    1.04177108    0.89080333    0.90696168    0.94657122    0.97960699    0.87599875    1.05311037    1.07862118    1.15540825    1.11137967    1.02466548    1.07075560    1.29126624    1.68786529    1.91101136    1.71774639    1.68743439    1.59733530    1.90595001    1.70653047    1.59821787    1.91146381    1.76664040    2.01550281    2.12167342
R6CQP6_9CLOT/366-558     2.11695861    2.34120679    2.20969802    2.50943631    2.35955905    2.38253511    2.19701144    2.03161655    1.87481181    1.71819012    1.89959188    2.07626983    2.07269624    2.18111730    1.82138113    1.75205550    1.78324206    1.98127457    1.58294686    1.62675072    1.00460889    1.20017865    1.27964792    1.04181422    1.04771313    1.13720435    0.96899759    0.72853024    0.94321825    0.00000000    0.86754110    1.21391332    0.97131376    1.13880595    1.10700928    1.01942119    0.98340306    1.06926113    1.24504683    1.34030753    1.32500722    1.39900876    1.41757539    1.62629353    1.88909884    1.87088342    1.58815220    1.65315091    1.63815365    2.17240192    1.63432840    1.61484430    1.81328483    1.69551321    2.43186566    2.26939063
R5KLS9_9CLOT/402-590     2.35448218    2.27104189    2.11294777    2.25291788    2.01585515    2.27612336    2.07397562    2.09520717    1.77516670    1.91113928    1.96392902    1.80748744    2.20646974    2.18731338    1.55370002    1.47145462    1.66627230    1.66551300    1.82088070    1.38422447    0.96597965    1.23190327    1.14886458    1.10178184    0.96317543    0.98428838    1.06668523    0.84491893    0.80328608    0.86754110    0.00000000    1.09416802    1.01299864    1.00016251    1.18937390    1.19045636    1.17597607    1.03092513    1.22970403    1.24083831    1.21088026    1.31394643    1.25750736    1.49960595    1.94925649    1.95810166    1.68210394    1.68268765    1.52345160    1.91568647    1.87034801    1.82263060    1.96933306    1.73184935    2.05415192    2.05212845
R7JR59_9FIRM/375-560     2.38306652    1.90166467    1.90884079    2.18507173    2.06210095    2.09700617    2.09713135    1.88986216    1.87166490    1.86169582    1.94337375    2.03177525    2.33111483    2.21851604    1.84779239    1.95280535    2.00662117    1.87685089    1.43020388    1.09104284    1.00602332    1.08017214    0.96681230    1.02447132    0.96365783    1.08767290    1.07613701    1.00578358    1.04177108    1.21391332    1.09416802    0.00000000    0.72404258    0.68874998    0.74141266    0.85459176    0.87648263    0.96432557    0.97849092    1.04685113    1.12625771    0.98128237    1.27086117    1.40820514    1.75102477    1.89351055    1.93116042    1.82717621    1.71172978    1.65890278    1.62030312    1.62508810    1.66499997    1.72756342    1.96341391    2.09053494
R5QYB2_9FIRM/369-553     2.09717180    2.05589660    2.06059349    2.21559851    1.99592849    2.27916979    2.32344047    2.06822420    2.03250174    2.07460274    1.97614733    2.08692015    2.48353778    2.55120355    2.11688076    2.17112845    2.02517678    2.27300622    1.45851009    1.08224467    0.90066263    1.17398790    1.15290008    0.99796577    0.94262739    1.02159074    0.98271987    0.78983955    0.89080333    0.97131376    1.01299864    0.72404258    0.00000000    0.48514903    0.65841707    0.71246372    0.80796246    1.08371794    1.14269776    1.17176517    1.16732141    1.02889706    1.20922062    1.52215514    1.75494436    1.75569714    1.99976626    1.79228419    1.72879111    1.71438948    1.68249635    1.86272873    1.83356420    1.97311049    2.26244004    2.13702712
R6GCY6_9FIRM/374-558     2.12135988    1.83284553    2.07084685    2.11235074    2.16043154    2.41661607    2.07981166    2.10714839    2.10829397    2.02547168    2.03377478    2.11372128    2.56492187    2.32813579    1.94900454    1.94927508    1.99677438    1.92819410    1.58881892    1.14843457    0.95767467    1.00815155    1.06137106    0.99959176    0.91883677    1.12540100    1.10987070    0.89870238    0.90696168    1.13880595    1.00016251    0.68874998    0.48514903    0.00000000    0.58795837    0.65337385    0.68462276    1.15091000    1.12158950    1.11627512    1.18971002    0.97572739    1.18054719    1.30731163    1.81952928    2.06414717    2.02044251    1.95177410    1.66969962    1.97264820    1.72357480    1.94152310    1.98907280    1.90171275    2.26514392    2.28048946
R6VBI3_9FIRM/372-551     2.16402711    2.04864632    2.02097068    1.88589015    2.12606599    2.28757543    2.05290919    1.92194142    1.98157155    2.02817845    1.82399201    2.02148788    2.42327602    2.17095847    1.78597397    1.98584688    1.80215177    1.89392072    1.56564797    1.05600188    0.92681389    0.95378443    0.93391745    0.96283998    0.88408080    1.12243904    1.04720661    1.09099022    0.94657122    1.10700928    1.18937390    0.74141266    0.65841707    0.58795837    0.00000000    0.50044889    0.48369806    0.95422360    0.92122311    1.04708381    1.17439866    0.91603695    1.15169041    1.33045017    1.66532133    2.03574070    1.71792652    1.63904370    1.53696432    1.49994334    1.44299280    1.51155759    1.78644158    1.77278536    2.05980424    2.03882772
R6PEK2_9FIRM/372-558     2.13527523    1.95898411    1.80062494    1.91448057    2.14881515    2.13254194    2.02438634    1.95885414    2.24555634    2.00932386    2.13609641    2.10686890    2.35562270    2.02435076    1.92906114    1.76714902    2.04818342    1.79483801    1.64007277    1.13771173    1.04718122    1.12052291    1.03085732    1.03182488    0.99360332    1.23215004    1.13233282    0.94572849    0.97960699    1.01942119    1.19045636    0.85459176    0.71246372    0.65337385    0.50044889    0.00000000    0.46304476    1.02278778    1.05735397    1.22768948    1.12515987    0.88558758    1.18311069    1.37741071    1.75310832    2.11683075    1.71030210    1.81041073    1.53247355    1.74187384    1.52665024    1.56574448    1.86903853    1.76938378    2.10637848    2.03275866
R6RGW9_9FIRM/378-555     2.41244081    2.14383019    2.29227138    2.11108523    2.25808311    2.22554063    2.02704627    2.03824399    2.01484388    1.91967674    2.10927564    2.14311879    2.36838086    2.22029351    2.00938827    1.95321382    1.87679693    2.03740566    1.70575572    1.12129130    0.94515080    1.04146188    1.05316201    0.94473204    0.99971128    1.11975071    1.14672044    0.93249787    0.87599875    0.98340306    1.17597607    0.87648263    0.80796246    0.68462276    0.48369806    0.46304476    0.00000000    1.03074622    1.07728582    1.11717128    1.16564155    0.98934302    1.19906231    1.32586078    1.77180038    2.21237900    1.67505629    1.82193853    1.65947491    1.69965265    1.55520373    1.57819612    1.95508614    1.84793326    2.28210362    2.09669595
R7HV38_9CLOT/370-552     2.54835564    1.85775640    1.76882708    2.07613207    1.97253020    2.19627339    1.87494381    1.88143408    1.62576238    1.77229181    1.77969059    2.00916865    2.09606783    2.24729069    1.76121572    1.75458337    1.99511474    1.88937269    1.51388563    1.17028653    1.05333863    1.16036061    0.96080945    1.15507940    1.11532367    1.14932340    1.19895456    1.03821466    1.05311037    1.06926113    1.03092513    0.96432557    1.08371794    1.15091000    0.95422360    1.02278778    1.03074622    0.00000000    1.12918803    1.06759503    1.19387541    1.09534655    1.29873193    1.53542557    1.70714247    2.05765312    1.61295955    1.59232698    1.64188055    1.95415872    1.57391675    1.68380862    1.69087700    1.72002506    2.24004705    1.85882308
R5KXY7_9FIRM/378-565     2.12937011    2.39510301    2.27360971    2.46289487    2.30576726    1.96384371    2.05439123    1.97789240    2.04140660    1.92921228    1.91243089    1.53784953    2.14549517    2.13277845    1.54916495    1.64097385    1.86932927    1.67948654    1.58731174    1.27815739    1.06961817    1.10452320    1.05426387    1.16013302    0.96635287    1.32090308    1.05438976    1.14082767    1.07862118    1.24504683    1.22970403    0.97849092    1.14269776    1.12158950    0.92122311    1.05735397    1.07728582    1.12918803    0.00000000    0.84476559    1.20013603    1.13025141    1.17328620    1.35945369    1.49273252    1.68596687    1.91718993    1.94208179    1.90690677    1.66090432    1.57000137    1.83115196    1.88618085    1.92188170    2.08646319    2.23119151
R5YPE5_9FIRM/377-564     2.25680333    2.26917608    2.34333055    2.58608723    2.10585026    2.16701114    1.98354600    1.98120692    1.89923152    1.79901573    1.99051288    2.05298238    2.42856285    2.27708816    1.96222360    2.22931306    1.84383245    1.90071073    1.59123368    1.15467762    1.17333547    1.17534933    1.18149240    1.22609144    1.06168093    1.31788823    1.17379893    1.11528516    1.15540825    1.34030753    1.24083831    1.04685113    1.17176517    1.11627512    1.04708381    1.22768948    1.11717128    1.06759503    0.84476559    0.00000000    1.30504355    1.28593949    1.34252680    1.43475160    1.70919612    2.13536289    1.97976661    1.72764462    1.85635553    1.81406545    1.67399554    1.87644957    1.81555105    1.90850262    1.83214692    2.12223266
R6DLY0_9CLOT/257-449     2.34196567    2.29735474    2.14222709    2.34691704    2.25848500    1.92759402    2.19086607    2.07973480    1.84789716    2.05729467    1.89692853    1.85525915    1.97259660    2.03001767    1.76678947    1.79357781    1.79151404    1.97494507    1.37494015    1.29788535    1.17117115    1.11941700    1.29321018    1.15957161    1.16296806    1.28225163    1.33016070    1.03263296    1.11137967    1.32500722    1.21088026    1.12625771    1.16732141    1.18971002    1.17439866    1.12515987    1.16564155    1.19387541    1.20013603    1.30504355    0.00000000    1.11071875    1.13102657    1.16630956    1.73785961    1.91014440    1.52384382    1.58819745    1.51256484    1.59281430    1.65723924    1.70448232    1.53112172    1.50248289    1.99362974    2.00173248
R6YF63_9FIRM/372-551     2.21469861    2.32726966    2.09350755    2.41747108    2.26980881    2.02244324    1.91933953    1.99915510    1.95250985    2.03347965    2.00126768    2.11378794    2.29336944    2.23775227    1.61348112    1.81603700    1.81209337    1.89716122    1.76443205    1.36924496    1.15737269    1.18632886    1.04750324    1.19599900    1.11364007    1.36552903    1.23308819    1.12411640    1.02466548    1.39900876    1.31394643    0.98128237    1.02889706    0.97572739    0.91603695    0.88558758    0.98934302    1.09534655    1.13025141    1.28593949    1.11071875    0.00000000    0.72025939    0.90403956    2.21725975    2.37577035    1.97540825    1.86952582    1.89609259    1.83138307    1.68913604    1.84557347    1.88885528    1.89799571    1.92695803    2.09807985
R5WC21_9CLOT/369-554     2.18680237    2.43530251    2.36203006    2.34022464    2.53375853    2.38419119    2.11446123    2.24308493    2.23015921    2.27565961    2.20535780    2.13459127    2.02141415    2.06380046    1.54524002    1.80948116    1.93408257    1.90813477    1.79688473    1.48478046    1.18489031    1.32014036    1.23519032    1.09998758    1.20377987    1.50365761    1.45978362    1.11331157    1.07075560    1.41757539    1.25750736    1.27086117    1.20922062    1.18054719    1.15169041    1.18311069    1.19906231    1.29873193    1.17328620    1.34252680    1.13102657    0.72025939    0.00000000    0.77636532    2.36260402    2.48856517    2.14418852    1.91297597    1.75101908    1.92977773    1.66810478    1.92663250    1.87129183    1.78007092    2.00147456    2.09755097
R7CAS6_9CLOT/368-560     2.45536341    2.57832858    2.48133308    2.72740815    2.96975625    2.17551405    2.55478028    2.39844022    2.46327719    2.56758042    2.45486599    1.93133757    2.14264102    2.19336081    1.80911876    1.73839558    1.98758853    1.91445940    1.96617642    1.44182785    1.26767847    1.55017221    1.39497167    1.15171146    1.12076124    1.54496046    1.39831652    1.32704208    1.29126624    1.62629353    1.49960595    1.40820514    1.52215514    1.30731163    1.33045017    1.37741071    1.32586078    1.53542557    1.35945369    1.43475160    1.16630956    0.90403956    0.77636532    0.00000000    2.37192500    2.50385118    1.97860933    2.13046084    2.00893789    2.42371534    1.97729193    2.29534600    2.16336916    2.03996594    2.00463940    2.55073274
R6D538_9CLOT/369-558     2.34484062    2.25229695    2.24673415    2.20805870    2.23729943    2.53992487    2.50097539    2.21366968    2.14706433    2.07289966    2.44428875    1.87302746    2.18262968    2.31661292    2.10490695    2.03740953    2.13701532    2.16799177    1.68277837    1.64541257    1.58931813    1.93008537    1.92680990    1.85114733    1.73403961    1.94606114    1.87465605    1.93359854    1.68786529    1.88909884    1.94925649    1.75102477    1.75494436    1.81952928    1.66532133    1.75310832    1.77180038    1.70714247    1.49273252    1.70919612    1.73785961    2.21725975    2.36260402    2.37192500    0.00000000    0.62715537    1.90222472    2.24074718    2.13428371    2.16745086    1.89814524    1.91498774    2.21083806    2.18075009    2.33648119    2.42956441
R6BCW0_9CLOT/370-555     2.79867118    2.61775240    2.64943294    2.69846853    2.55123033    2.72120384    2.25985875    2.32679234    2.05992246    2.14510168    2.23740057    2.06079023    2.53637848    2.48419731    1.98015915    2.37443853    2.27880309    2.22008119    1.91377745    1.88787607    1.79072710    2.39682042    2.18123231    1.99663922    1.84594330    2.00079161    1.82904890    2.05928706    1.91101136    1.87088342    1.95810166    1.89351055    1.75569714    2.06414717    2.03574070    2.11683075    2.21237900    2.05765312    1.68596687    2.13536289    1.91014440    2.37577035    2.48856517    2.50385118    0.62715537    0.00000000    1.88215536    2.40097077    2.45525309    2.40386957    2.02145873    2.24947601    2.37642399    2.39761600    2.44848917    2.56653735
D7CMD6_SYNLT/369-550     1.87777014    1.91149759    1.96206542    2.05070928    1.85761245    1.98695690    1.87737413    1.73188526    1.80582486    1.77257284    2.01078133    1.73286533    2.03702669    2.04861528    1.96965195    1.62719157    1.88474045    1.99699570    1.92541335    1.69762079    1.64688034    1.94644472    1.96690111    1.65851325    1.68475655    2.05508940    1.96441338    1.82530783    1.71774639    1.58815220    1.68210394    1.93116042    1.99976626    2.02044251    1.71792652    1.71030210    1.67505629    1.61295955    1.91718993    1.97976661    1.52384382    1.97540825    2.14418852    1.97860933    1.90222472    1.88215536    0.00000000    1.40364987    1.42741070    1.75906877    1.40980303    1.55722808    1.59849827    1.54307188    1.96711741    1.69074609
A3DKA2_HUNT2/371-563     1.88447916    2.01467394    2.21214561    2.35663339    1.98040426    2.17565097    2.04877850    1.92496801    1.87179781    1.82732342    2.10085713    1.70801960    1.96095280    1.73781577    1.81542642    1.79632124    1.48830819    1.86901902    1.56565037    1.61611441    1.83502980    2.09213282    1.99150034    1.81330701    1.94534862    1.87498587    1.81647007    1.60513196    1.68743439    1.65315091    1.68268765    1.82717621    1.79228419    1.95177410    1.63904370    1.81041073    1.82193853    1.59232698    1.94208179    1.72764462    1.58819745    1.86952582    1.91297597    2.13046084    2.24074718    2.40097077    1.40364987    0.00000000    0.72383414    1.48064544    1.30702298    1.16377927    1.08342376    1.10896132    1.94117193    1.54281033
G8LSQ4_HUNCD/371-560     1.94961778    1.73417849    1.82357584    2.00942878    1.72466350    2.14055761    1.97157428    1.95953494    1.85657858    1.84424719    2.12431396    1.44119904    1.71882596    1.77672415    1.55727982    1.52293565    1.41359755    1.44075139    1.63511354    1.73963388    1.67651743    1.94361557    1.75903583    1.58777718    1.78577332    1.67797862    1.74417260    1.54971009    1.59733530    1.63815365    1.52345160    1.71172978    1.72879111    1.66969962    1.53696432    1.53247355    1.65947491    1.64188055    1.90690677    1.85635553    1.51256484    1.89609259    1.75101908    2.00893789    2.13428371    2.45525309    1.42741070    0.72383414    0.00000000    1.48874133    1.32831464    1.16277995    1.20581806    1.31956090    1.61248326    1.54796705
