119
A9FZY5_SORC5/686-775     0.00000000    1.90692877    3.63034496    3.57122481    3.91774379    3.10618216    2.87264989    3.19738451    3.83663768    3.63149440    3.62763503    3.81502984    3.14798372    3.67843952    3.38826151    3.16064687    3.33364603    2.84417738    3.22033323    3.68560018    2.27178692    3.36745891    3.87325015    3.99041754    2.61407180    2.45003306    3.30732471    3.98188090    5.71878259    3.39057475    3.12820252    3.66585725    2.98999611    3.44260170    3.32867971    3.24339066    3.28956919    3.09888426    4.79385441    4.41522180    2.97229529    4.89434908    2.31691895    3.09068966    3.60007276    3.34539507    2.89313572    2.47714829    4.25373480    3.25345746    2.83709259    3.76618298    3.56146045    3.26415188    3.21284578    3.23495814    3.68036200    3.60708082    3.56590014    2.53218219    3.61282023    3.00150418    3.47547484    2.70414411    2.93972561    3.55687286    3.31898534    3.24572996    2.93855738    3.79974963    3.08768254    2.95389050    3.21513281    2.74272348    3.72896036    3.38614331    2.83791870    3.08662193    2.54097211    2.56669975    3.46262131    2.23738848    2.99193900    3.05903343    3.35560397    2.97111898    2.91590858    2.99301321    3.31534169    4.22048957    3.60773050    2.68029018    2.96525221    2.14681693    2.41010749    2.00266353    2.63866548    3.96198072    2.93199615    3.04539216    2.57503407    2.73301660    2.74821334    3.45014245    2.20945000    1.91708325    2.26136116    3.08088998    3.18168517    1.83330951    3.06902380    2.80027118    2.39171062    3.35760502    2.96402910    3.43502180    3.24233667    2.55254364    2.64573985
D2QYP0_PIRSD/666-755     1.90692877    0.00000000    2.87673885    3.12137809    3.38914307    2.84093221    3.34657125    3.93627279    2.27897916    3.03904474    4.93692671    3.75149699    3.05294464    3.63542317    3.58043461    3.35057294    2.50386727    2.46843789    3.16046844    4.12925320    2.60999825    2.69555084    4.00059725    3.55533532    2.40710703    2.52497879    3.81742094    3.13484613    3.26356575    4.28716413    3.14727877    3.78791534    4.08137326    3.73535219    2.46900451    2.52445186    2.38183577    3.30038488    2.97311739    3.62440889    2.62178316    3.77133792    4.19986731    2.61073355    2.44506593    2.46611619    3.21608097    3.54265086    4.32331265    3.63721269    4.03457194    2.24277960    4.20153319    4.01423150    4.17080971    3.39108652    3.48659604    3.47067698    3.28393942    3.15180738    3.89103091    3.76384687    3.33415921    3.39103367    3.39011713    2.38044090    2.21520172    3.16349670    2.90987903    3.92173909    3.65672381    2.61616161    3.49382411    2.27156349    2.34080214    2.68388054    4.22852423    2.56218791    3.00332693    2.55168258    3.21726191    3.02249090    2.98054731    3.75075991    2.82504151    3.59811232    3.41107361    2.93931151    4.10126397    3.28938760    2.48569719    3.37112121    3.67553028    3.23956801    2.90575944    2.99716183    2.63762791    3.95567621    3.40189219    3.00889151    3.87528130    2.56506306    2.60848239    3.74643870    3.03585873    3.02484183    2.90689907    2.61547638    2.59713906    2.90528830    3.36438363    3.81192527    3.18807589    4.94186472    4.58122601    4.33013895    3.99143962    2.85707350    2.63439186
B7K1L6_RIPO1/441-530     3.63034496    2.87673885    0.00000000    2.59304028    3.32251259    2.81961506    3.06381781    3.47110186    4.07831291    3.25043406    3.80686759    2.70555605    3.18941175    3.46059251    3.36293496    3.03839374    3.60766165    2.79826064    2.47617188    4.87299763    3.29133141    2.97344252    3.04570947    3.04221658    3.27511133    2.68749893    3.32408528    3.28448602    2.87762345    3.87314667    3.64223765    3.21971876    5.01289365    3.86342130    2.47858895    3.17390293    2.32641225    3.60404586    4.20687861    4.90096685    4.16260421    3.63315481    4.29300223    4.18880261    2.75997785    3.73703620    3.34551530    3.19236070    4.28300655    2.90726842    3.03743687    3.45087050    3.23537304    4.72348286    2.80179258    2.62630427    3.26438633    2.86945977    3.80474497    3.07161860    3.87109916    3.93196606    3.94579970    3.39415415    3.40000519    2.80610526    2.94484910    2.53577452    3.73237268    4.36135338    4.07660469    4.44332086    3.63361252    3.43958939    2.32842340    3.48200641    4.73117548    3.20183247    3.59148078    3.44940346    5.27753403    3.16456291    3.31757254    3.27258702    2.64506008    3.34226518    4.62596405    5.10468137    4.07960307    4.54916295    4.14072722    3.06004985    3.63913832    3.68476727    3.50061509    3.01425130    3.54075074    3.25417619    3.28573448    2.41350499    3.69149070    4.94125655    4.86897662    3.66696399    4.65882826    3.56364527    3.00542799    3.20047440    2.70543947    2.85926941    2.95649057    3.54096697    4.20423248    4.03745090    3.02767906    3.09605121    3.68146087    2.88868330    3.96348306
D5UX21_TSUPD/142-227     3.57122481    3.12137809    2.59304028    0.00000000    3.20921293    3.03073232    3.62882125    2.63238841    3.54581745    3.13432502    4.18429384    2.62786311    2.40694545    4.14426224    3.84634651    3.64289705    3.37591533    3.25327354    2.93303958    3.98454612    4.38817755    3.12351113    4.46750276    3.45562804    3.26306128    3.29090442    3.22231847    3.23784916    4.09217365    3.84562887    4.12224365    3.61676141    3.88373836    3.81914540    3.02335903    2.94988273    3.23643152    4.48733196    3.98868815    5.00437217    3.74904868    5.46262096    3.94085869    3.59000888    2.53957234    3.04519539    4.00992349    3.38660145    3.42901630    2.77262276    3.39382458    3.36379572    3.59943274    3.64312198    3.11732204    2.70957341    3.43144582    3.67420492    2.75787443    4.17734387    3.16035749    3.01161100    3.62272864    3.17111110    4.91719669    2.82139568    3.57290513    3.01731652    3.59279778    4.05733368    2.72331169    3.04082707    3.26851695    2.72206082    3.46052168    2.33810649    3.28513575    3.06427258    2.96731211    3.59975981    3.91583143    3.52785728    2.52903306    3.87445101    3.06236503    5.60016068    3.60958420    3.30929290    4.03314261    3.44997728    4.17428210    4.80291709    2.79450813    3.78388924    4.35589364    3.24666547    2.99200102    2.84728420    2.92989219    2.50605164    3.17467777    4.23181084    3.51639675    4.49776595    3.32578586    2.81730161    2.99621491    2.91948418    3.27005725    2.92109968    2.65230884    4.12061295    3.36995269    3.39462856    3.20745395    3.61444506    5.00590379    3.66322021    2.90170892
A0LGL8_SYNFM/71-160     3.91774379    3.38914307    3.32251259    3.20921293    0.00000000    2.18375034    3.94633069    4.57076123    3.52854495    4.53584143    3.06327963    3.25166974    2.46477645    4.51562639    3.17434282    2.79295648    3.56402796    3.60883447    3.97352158    3.76301002    3.75508928    3.56058996    4.97228203    2.80925617    4.39176413    4.97829310    4.19027373    4.53617980    4.35685599    3.47054295    3.58628177    4.07934903    7.03509536    4.47610067    3.95731901    4.16193712    4.15158349    3.26318742    3.38558125    3.79084670    3.51984114    3.63965547    3.15416263    3.66633868    3.57083027    3.17043293    3.46625136    3.17999788    3.26736951    4.35928612    3.51871784    4.63756121    4.03100674    5.99671765    4.80192472    4.66814761    3.21907614    3.42202628    3.35390496    3.12627131    3.85864029    2.88320733    4.45337514    4.16810536    6.37259771    3.87130330    3.60993612    3.35814018    3.27006466    2.97430533    3.78645213    2.98607917    4.65620073    2.97187782    4.60833873    3.62870453    4.27127660    3.77794565    4.95500977    4.96472854    3.69318690    3.49629821    3.90325670    3.88315821    2.71803445    3.94109467    3.50185506    3.63575707    3.11728959    2.78829830    3.27035623    5.08580584    3.32802839    3.11864171    3.77665761    2.92947343    3.88108355    4.41756198    4.32497037    3.71024957    3.91252570    3.13728357    2.31223795    4.68056426    3.41384244    3.11908675    2.55122491    4.32551627    2.72498139    2.56824954    3.63286221    3.44904872    3.64336752    3.09156999    3.34674481    3.99839663    3.32087004    2.48916024    3.08459114
C7M9H6_CAPOD/206-293     3.10618216    2.84093221    2.81961506    3.03073232    2.18375034    0.00000000    3.16231662    3.68155647    3.47926694    3.48090481    3.84209545    2.78639207    2.84014651    4.02920448    2.57085647    3.18126312    2.15209682    2.41312196    3.33846983    2.74662581    3.69456055    3.35412795    4.05373337    3.88212990    2.81237902    2.91764661    3.16156479    2.87024700    4.21494071    2.26066259    3.88122956    2.93915722    3.65968748    3.24121851    2.86932310    3.07540230    2.93821573    3.45025862    3.19412243    3.50477948    3.53715736    3.09472839    2.64162033    3.64574987    3.31649160    3.89671305    3.34664329    3.21784394    4.19894337    4.27087099    3.23840612    3.04110705    3.78358940    2.84339116    2.71988744    3.10918062    2.43603907    3.12164323    3.34447707    3.07161331    3.44021252    2.37536778    2.66580860    2.51599566    3.72762148    2.43816273    2.49217138    2.11184932    3.61413255    3.70311741    2.87437080    2.93135634    3.12805040    2.76554956    3.82330359    4.40779969    3.58978842    2.95525050    3.39690429    3.67032139    3.38411227    3.06911828    3.54019429    3.20709689    3.03448476    3.33820004    2.91650603    3.04748254    4.04439106    2.89046872    3.49031320    4.44314419    3.44808888    3.02295111    3.24804552    2.31524778    2.37842505    3.53395074    2.94343593    2.94482649    4.01480953    3.75284996    2.85006444    4.30400288    3.22510701    3.52404715    2.32927202    2.94633124    3.35000360    2.37370941    3.37217875    3.60646616    3.04395036    3.89824247    2.70853641    3.11370686    3.39410270    2.37230087    3.03288029
D2QYP0_PIRSD/569-658     2.87264989    3.34657125    3.06381781    3.62882125    3.94633069    3.16231662    0.00000000    2.35703929    2.45884859    2.40466447    2.67725643    2.97909587    2.09782624    3.42774727    2.55624551    1.96606202    2.60098524    2.49351350    2.12901271    3.69368368    2.35927720    2.85405893    2.26746569    3.63985223    2.31232962    2.61361504    2.71409274    2.58391011    3.13972890    3.66842318    3.73887779    3.62850130    3.84725015    2.49702952    2.41155408    2.23498454    1.83923435    2.64988018    2.09106406    2.91252493    2.94178241    2.81874031    3.60736883    2.56168742    2.22690394    2.13344784    2.84794365    2.03754042    3.71350428    3.09863095    2.82377352    2.84485135    2.36514047    2.57375243    2.99424776    2.78745861    2.38296447    2.52753364    3.78010325    2.80192768    3.00220451    2.28755765    2.62059349    2.49126110    3.51400907    2.26365648    3.25270303    2.00027244    4.21471759    2.52218557    4.07383330    3.01154126    1.95881322    3.13060919    2.95670084    3.05045911    4.81738364    2.82660748    4.33774236    2.20112367    3.13787251    2.46489991    2.87967669    2.19667266    1.75569453    2.13038544    3.11698958    2.30845470    2.39649568    2.60764649    2.65565886    2.09345973    2.57906699    2.10708648    3.19335089    2.49786445    2.15254296    2.51099333    2.31429586    2.29578833    2.34569891    2.33188636    2.22543237    2.97774755    3.28323063    2.59322640    2.70809782    2.73832442    2.55222075    2.26324764    2.43634281    3.24701055    2.22397331    2.85325703    2.92139542    3.17608626    2.98109920    1.91727078    1.75119748
A9A172_NITMS/69-156     3.19738451    3.93627279    3.47110186    2.63238841    4.57076123    3.68155647    2.35703929    0.00000000    2.55030657    2.20458765    3.83020391    2.85259754    2.49000037    4.14771623    2.20295873    2.55984916    4.06771733    4.16196005    3.66008927    3.15494433    3.00441065    3.60028675    2.63836002    3.98499504    2.34920391    2.64191489    3.88466347    2.36357231    3.55805779    3.38654881    3.97126905    3.17090839    4.00349828    2.65261297    2.43716067    2.86442253    2.31421608    3.38959684    3.47626261    3.66967194    3.12463938    3.69900025    3.38139972    3.70129462    3.26819827    3.54245718    3.19589515    3.34604059    3.28461651    3.31762867    3.21448076    5.19945407    2.81374720    3.65000966    2.85544211    2.92000931    2.75660136    3.74514805    3.26295916    4.13095165    3.67612616    2.48883125    3.08124068    4.22019520    3.93010467    2.90645736    4.21102060    2.66144824    2.68796224    4.17021844    3.55491420    4.59874723    2.73694314    2.44384765    2.80846384    2.70984856    2.96900699    3.47478668    3.10201157    3.77689180    2.46144368    3.33733055    3.01706634    2.66184753    2.53135923    2.97694554    2.73685885    2.68146032    3.49172822    3.41312814    2.35406373    3.21199899    3.21267116    2.96353282    4.23738269    2.51522233    2.48400922    3.20049609    2.75627074    2.52274337    2.91911575    3.15256618    3.46543403    3.38617823    2.98870743    3.31395127    3.12723925    3.24151493    3.23764434    3.41939284    3.00662968    3.33571890    2.99470790    3.12514961    2.70447957    3.46573945    3.74613004    2.94501264    2.45368503
A5GVP6_SYNR3/105-197     3.83663768    2.27897916    4.07831291    3.54581745    3.52854495    3.47926694    2.45884859    2.55030657    0.00000000    2.26885007    3.25602997    3.27306073    3.08339510    4.82876681    3.63105787    2.70495137    3.23470333    3.42694331    2.93851774    3.85222833    2.95048207    2.63097688    3.52872190    3.53557446    3.28558830    2.61548840    3.37410903    3.41026860    2.79308599    3.86183833    4.15542360    3.31795333    4.25932827    3.91450022    3.28025755    2.74394951    3.04334491    4.44227584    3.67265532    4.46055684    3.18195116    3.61870319    3.81959108    2.95955788    3.41060008    2.59613490    2.50916688    2.45363901    3.63473759    4.03258566    3.28177956    4.09264279    2.73486280    3.88823557    2.41952676    3.19362172    2.23408257    3.62306606    3.17257664    3.50368935    3.10119151    2.65410973    2.86787203    3.23371710    3.16686766    2.85277912    2.29274224    3.03588264    3.42082510    2.96353143    2.64434133    2.61323553    2.86731135    2.71348242    2.85853572    3.39605455    3.29838936    2.50736052    3.04759316    3.32375317    5.40018497    4.19596448    2.52118254    2.61857611    2.36957285    3.81703803    3.12733791    2.61670898    3.55832312    3.16460514    3.46921552    2.69193419    2.43642141    2.81072448    3.37848116    2.69231371    3.08127853    2.77865116    3.40022413    3.21110158    3.09199346    2.74923661    2.48067834    4.76827763    3.06872015    3.56108361    3.47667237    3.23928471    2.61675774    2.05653656    2.47020059    2.46634680    2.66619049    2.84017508    2.24850273    3.34425692    2.64044130    2.65535401    2.22946528
Q01Z72_SOLUE/453-540     3.63149440    3.03904474    3.25043406    3.13432502    4.53584143    3.48090481    2.40466447    2.20458765    2.26885007    0.00000000    2.36366626    3.39687275    3.00093367    4.02001779    3.22324882    3.16781107    2.56435119    3.60364568    2.18108778    3.03761687    2.91236062    3.31787511    3.15080959    3.45694239    2.65813427    2.75855457    4.18214969    2.69858243    3.05529634    2.51048353    3.59895359    4.36479670    4.14241005    2.83378978    2.90190740    2.42168275    2.77060342    3.37601578    2.61931113    4.56896465    2.78345179    4.57588771    4.54175077    4.07290831    2.45552836    3.06184629    3.39442889    2.84607681    3.88832730    3.17633201    4.29296618    3.25416910    2.41906669    3.20543225    2.74149820    3.10303016    3.07126913    4.93372863    4.55782731    2.71821564    2.70831424    1.91149671    2.66102187    2.59504957    3.18639560    2.35501721    2.07056671    1.73784484    2.75643318    3.84981721    3.05441390    1.95253879    3.20928089    1.96526603    3.27558787    3.46691403    3.24776775    2.51647270    2.04421331    1.85820481    2.47709632    3.33186583    2.66657532    3.28355448    2.42939944    3.67865592    3.78198319    2.39731989    2.95813031    3.40786501    3.31584534    3.66290297    3.24111934    2.39427121    3.11017268    2.71887544    2.67540692    2.26276695    3.32934658    2.48052468    3.37684632    3.39837961    2.86122098    3.23719273    2.41969260    2.79299712    2.55201739    2.83017299    4.02085601    2.89911479    2.24666652    3.22152151    2.83891102    3.18990765    2.20707049    2.94813455    4.02564789    2.49158992    2.65261651
A9GNT7_SORC5/569-657     3.62763503    4.93692671    3.80686759    4.18429384    3.06327963    3.84209545    2.67725643    3.83020391    3.25602997    2.36366626    0.00000000    3.54679553    2.92285946    3.95927051    3.06192856    2.52110403    2.66938550    3.53820168    2.57825884    3.39420379    2.48183442    3.03683195    2.69317534    3.19924823    2.11529688    2.60569688    2.81977933    3.71780931    3.63488197    3.42779331    3.12225094    5.98378590    4.13149326    3.66086681    3.38429580    3.79669536    3.72897671    3.30317275    3.03750215    3.77833231    2.95391324    3.02916475    3.14262898    2.92710898    3.87143518    3.67697376    3.13764726    2.90301559    3.84836094    3.64092914    3.26573002    4.54269764    3.42607593    3.54615461    4.43442456    4.16204151    2.73523068    4.44877133    3.68188485    2.78082401    3.17115208    2.47136952    3.68855191    3.28733481    2.88244544    3.32517155    3.77564776    2.49582846    3.67919728    4.40440560    3.13805646    3.40704260    3.95324381    1.91716942    2.61827953    3.01090813    3.17524919    3.52518130    3.87254158    2.80961736    2.40213538    3.12949121    2.60896444    2.81826305    2.26084669    2.94991571    4.11237432    2.83256619    3.35541703    2.64099913    3.55786414    2.90972445    3.62201479    2.69403642    3.74384687    2.26856866    3.14524792    3.36323722    2.90090151    2.80945174    3.02297571    4.49634717    2.42270603    3.75612382    3.03070489    2.87256507    2.02306209    2.75558007    2.70968301    2.15802368    3.76614108    3.39025092    3.35372157    3.02548615    3.73778697    4.14684242    3.69817253    2.76787607    2.53198577
Q10V04_TRIEI/269-357     3.81502984    3.75149699    2.70555605    2.62786311    3.25166974    2.78639207    2.97909587    2.85259754    3.27306073    3.39687275    3.54679553    0.00000000    2.03819585    2.96140635    1.96225224    2.08213998    2.71957925    3.40712945    3.06253592    3.38578508    3.64877395    2.78396246    2.87439453    2.85425146    2.27773005    3.07665036    3.19270579    3.44168945    3.23527782    2.38511279    3.43583039    2.91046612    3.15124909    2.78575827    2.64575983    2.69533222    2.78811488    2.92470485    3.95468284    3.88056955    2.97584995    2.91541255    3.60199627    3.36770564    2.29497617    2.41774485    2.81631461    2.26091406    3.19704676    3.59121444    4.00531028    3.44750649    2.75492113    4.34130320    2.51275152    2.20305682    2.13973034    3.26985512    2.61612992    3.17131705    4.16703134    2.70321076    2.09842532    2.86257656    3.39948284    3.15908477    2.58754879    2.12750028    3.34348829    2.64856269    2.86875949    2.65936645    2.76052784    2.12243090    2.03938951    2.59421907    2.98561658    3.40425950    3.27554967    3.47071368    2.75926580    2.12932997    3.18406174    3.38327845    3.32846137    3.31894546    3.65610763    4.27858715    4.07557916    2.91492024    3.86708035    3.66575221    3.51951811    3.07676691    3.26134610    2.46316984    2.72189661    2.92294911    2.47494096    2.37591998    3.81863307    2.96850579    3.00007004    4.16366821    2.99250762    2.67613098    2.91411655    3.27984793    3.27231689    2.44775549    2.16755357    2.92512428    2.96476316    2.52731268    2.45595084    3.35887587    3.36745316    2.23338362    2.71663859
B2J0P9_NOSP7/10-101     3.14798372    3.05294464    3.18941175    2.40694545    2.46477645    2.84014651    2.09782624    2.49000037    3.08339510    3.00093367    2.92285946    2.03819585    0.00000000    2.39614357    2.03025903    1.54022228    2.29151248    3.55755524    3.38720767    3.52025427    3.06552834    2.45371694    3.23107634    2.96426946    2.52512604    2.78856431    3.27521726    3.31299044    3.43474972    2.26406276    3.43798504    2.82613085    3.64219244    2.48776721    2.59288625    3.09680228    3.01533333    3.07426557    2.77124422    4.31694274    2.67168130    3.01778310    2.36983007    2.11807353    1.65073967    1.86458033    2.22218629    1.98897490    2.82687050    3.32521723    2.72924043    2.73379818    2.13296131    3.26940703    3.36401035    3.75676776    2.30801296    2.83381046    3.04038044    3.03738550    2.71759071    2.20372079    2.36095455    2.70818674    2.93961707    3.22213717    2.95736026    1.84169955    2.83164075    2.66256613    2.56875339    2.76655107    2.81117313    2.47472233    2.26258237    2.31443721    3.46212910    2.78554281    2.56783123    4.01268471    2.59926218    2.68533051    2.51774962    2.20886724    2.51878433    2.59061015    2.90031965    2.69315052    3.03424319    2.89989924    2.32990508    3.17393002    3.08304193    2.32344428    3.65666611    2.17841347    3.14489578    3.56008332    3.06291755    2.22176738    2.94414395    3.44138105    3.38265787    3.46486166    3.05095196    2.71439279    2.28451037    2.68802922    2.25009645    2.36096402    2.08036443    2.99723069    2.22736828    2.57061029    2.88610486    2.66369140    3.53102245    2.37949835    2.48455054
A8MHX5_ALKOO/764-852     3.67843952    3.63542317    3.46059251    4.14426224    4.51562639    4.02920448    3.42774727    4.14771623    4.82876681    4.02001779    3.95927051    2.96140635    2.39614357    0.00000000    1.82055473    3.26981696    3.16134490    3.16334889    3.62982769    4.37911545    3.90596740    3.67078347    4.72289484    3.73272181    3.35745573    3.58280705    3.88139508    3.10973282    3.75147003    3.43574975    3.87631449    4.05176167    4.66102589    3.84069911    3.91827845    4.13955478    3.94232028    3.10151267    3.29553469    4.40160845    4.32189653    4.05193559    3.81967511    2.57234060    2.57033165    2.60861355    3.65717623    3.06292881    3.03868207    4.61655187    3.73842055    5.19585143    3.12104908    3.95832959    4.60541571    4.07518840    2.64039560    3.66747415    3.40483526    4.02385081    3.80298877    4.22114968    6.19140391    3.00881064    3.93115853    3.98935040    3.66839097    3.34299098    2.92511154    3.53237080    2.91123481    3.34350131    3.72405731    3.60866270    2.51903274    3.45385415    4.21003810    3.20754687    3.96401356    3.30342972    5.07405375    2.56827423    3.76833927    4.93710706    3.89249049    5.48012264    4.18021740    3.61596117    5.76773269    4.36612215    3.61216399    3.48972147    3.88449071    3.69684322    4.10545654    2.89522407    3.13822117    3.42817414    3.11931428    2.72483955    3.25939704    3.52729266    4.24933483    3.83772663    3.85281259    3.70410697    3.57184421    4.14409545    3.31566972    4.36464656    3.61938496    3.24147430    3.66589592    3.34191320    3.62985526    4.11357539    3.73095656    3.51105028    3.48835691
A9A322_NITMS/62-147     3.38826151    3.58043461    3.36293496    3.84634651    3.17434282    2.57085647    2.55624551    2.20295873    3.63105787    3.22324882    3.06192856    1.96225224    2.03025903    1.82055473    0.00000000    2.28757532    2.70392754    3.81906215    2.48024227    3.01463686    3.04475577    2.54786783    3.39063543    3.18252216    2.77901219    2.96577780    3.10550725    2.26468255    4.25499992    2.86525561    3.92409054    2.90589157    3.89661644    3.04108528    2.97072840    2.63101220    3.51140705    3.28614589    3.49666946    4.62325850    2.97360622    2.66584734    2.50934882    2.02349349    2.24051071    2.44917766    3.44203047    2.47432554    3.68431631    4.02360399    3.67710416    4.68735170    2.54881746    3.27426965    2.84305182    2.69622982    2.17257271    2.20506846    2.95053854    3.24989436    3.81508910    2.62915129    2.60412957    3.63518230    3.09163383    2.83612186    3.26625090    2.08643858    2.87783054    3.16526139    2.74802650    2.59168350    3.18502583    2.67701350    2.27461663    2.35229729    3.41711721    3.59322256    3.02103305    2.95155662    3.23032562    2.36591292    2.73625619    2.67824978    2.30430718    2.66267831    2.80563245    2.62256179    3.41394239    3.12938155    2.75539195    2.92335949    3.06656089    2.76960433    2.16223129    2.26804956    2.82198276    2.96651800    2.65912826    2.12342416    2.46652640    3.10176519    2.46867096    4.44105159    2.97031360    2.40153974    2.64456880    2.75044739    2.84264630    4.12878740    2.86634758    2.90445771    3.39539904    3.13709781    2.94423511    2.74259828    3.46382821    2.09670950    2.43524305
Q55138_SYNY3/930-1022     3.16064687    3.35057294    3.03839374    3.64289705    2.79295648    3.18126312    1.96606202    2.55984916    2.70495137    3.16781107    2.52110403    2.08213998    1.54022228    3.26981696    2.28757532    0.00000000    2.77532384    3.20984122    2.41847852    2.86069767    2.36993532    3.40839159    2.73563510    3.58309207    2.03615646    2.84884990    2.49711379    2.90427492    2.67478140    3.12202417    3.47370854    2.83045094    3.34497816    2.43407769    2.30281841    2.02643352    2.61927370    2.47103526    2.69113450    3.67187638    2.45402427    2.81016050    2.59511276    2.68550182    1.95891373    1.80580309    2.22840862    1.67927385    2.85690710    2.93920374    2.78670389    2.55295247    2.81693645    3.73355942    4.46662005    4.34980492    2.31537732    2.89476536    3.85083178    2.62875645    3.28259014    2.29268268    2.40520254    2.80778084    2.65571226    2.76394237    2.57766474    2.06059912    2.90861996    2.65120201    2.76321974    2.07985907    2.40734119    2.11737804    2.54314782    2.46570751    3.09991779    2.24234781    2.99790538    2.81882328    2.32437255    3.15385368    2.36931666    1.81429199    2.38400510    2.29944142    2.67511935    2.43487183    2.59126080    2.52700146    2.52327459    2.90713207    2.41204783    1.83474582    3.44018253    2.11915961    2.31101501    2.74520659    1.74266888    1.95193887    2.89473014    2.63990930    2.82357344    3.45076813    2.84247317    2.58272728    2.46981111    2.10484121    2.99637984    1.99973293    2.33348515    2.59613895    2.10229485    2.47119090    2.74175680    2.24301830    2.96060473    2.17768908    2.64735155
C6W5H3_DYAFD/331-416     3.33364603    2.50386727    3.60766165    3.37591533    3.56402796    2.15209682    2.60098524    4.06771733    3.23470333    2.56435119    2.66938550    2.71957925    2.29151248    3.16134490    2.70392754    2.77532384    0.00000000    2.44769886    2.36167381    3.02081853    2.82151870    2.30434841    2.84425764    3.04430947    2.42593028    3.01923096    2.28194646    2.97281588    3.27239918    2.93965459    3.05473941    2.79504002    3.54086062    2.43801954    3.40194306    3.19115323    2.59577030    2.87739809    2.28255816    3.27463141    2.97358211    2.81487200    3.21780820    2.96601780    2.87416661    2.52563534    2.49713190    2.59582736    3.30025565    3.72376380    2.99848482    3.04435293    2.68895906    2.43710411    2.81456696    3.79440661    2.28778388    2.83894349    2.78275738    3.32200651    3.20310896    2.70447861    2.08445492    2.50757140    3.07852582    3.70257701    3.13247413    1.89223906    2.38469638    3.66672754    2.30243328    2.18941303    3.51355971    2.32967321    3.07241617    3.14830883    2.73212667    2.97544765    3.34090326    1.93422673    3.31567842    2.80594643    3.16250107    3.15153415    2.75402064    4.15106227    3.63276249    2.91733952    2.81053963    2.58839214    2.32108698    3.06580619    4.28453908    3.32939391    3.37477399    2.43715768    2.98307444    3.03403110    2.71634477    2.88811334    2.89538508    2.78130926    2.53960958    2.96822365    2.39648588    2.27044067    2.45862944    2.68045837    2.41934888    2.48346113    2.57258482    2.91491955    2.79427576    2.70193704    2.77350708    3.07640124    3.24667440    3.72562611    2.83500616
D2R2G5_PIRSD/215-301     2.84417738    2.46843789    2.79826064    3.25327354    3.60883447    2.41312196    2.49351350    4.16196005    3.42694331    3.60364568    3.53820168    3.40712945    3.55755524    3.16334889    3.81906215    3.20984122    2.44769886    0.00000000    3.05565956    3.27814144    2.58217136    2.57176410    3.74541279    3.35052726    2.79848641    3.16048415    3.94880258    3.57294553    3.60170404    2.91467949    3.00214943    3.10435056    2.47649950    3.65089397    2.63799518    3.00115487    2.74794204    2.22631001    3.12999209    3.17911666    3.99682737    3.80791136    2.89574356    2.76508045    3.13506054    3.61510671    2.75665903    3.11103633    4.27135501    3.09855404    2.78887393    3.18961167    3.41277540    2.61473655    3.03380166    3.07303996    2.83220612    3.45465202    3.41957728    2.88179035    3.35470829    2.42819289    2.97083574    2.11981012    2.08388960    3.08557876    3.18222066    2.80218038    2.46007881    3.21231576    3.97575357    3.49654853    3.46322867    3.04680706    2.41928027    3.33565433    4.18252961    2.39285666    3.89126077    2.40470119    3.46556916    2.91358947    3.31802715    3.72376210    3.10980827    5.61008472    4.13464004    3.82003603    3.72358413    2.74701716    3.17688693    3.05121866    3.68565525    2.70851075    3.35961657    1.84219755    2.85965292    3.35998620    3.20842305    2.63571590    3.66415665    3.33893739    2.36320227    4.09903813    2.78354438    2.47950654    2.49566750    2.51221283    2.91434173    2.74634798    2.61878868    2.93935820    3.72017992    3.46334825    2.48482039    3.22381386    2.32008449    2.72709351    2.49105416
D2QYM7_PIRSD/553-642     3.22033323    3.16046844    2.47617188    2.93303958    3.97352158    3.33846983    2.12901271    3.66008927    2.93851774    2.18108778    2.57825884    3.06253592    3.38720767    3.62982769    2.48024227    2.41847852    2.36167381    3.05565956    0.00000000    3.06470263    1.98269219    2.39539715    2.29749429    3.25370730    2.35691402    2.86029480    2.81733345    3.00938929    3.22435024    2.99999826    4.93546473    2.81081690    3.05590489    2.73040559    2.53759484    2.76861193    2.38207519    2.94046340    2.94703380    5.28556142    3.53900651    3.15640360    3.08480550    3.10468011    2.11518793    2.50921739    3.32239970    3.01928501    3.23891878    3.02634601    3.22259094    2.57901108    3.02010892    3.87958713    4.18034239    2.87105398    3.15392777    3.63430152    4.24156134    2.97064033    3.96907120    2.62401728    2.77815324    3.19099781    2.94763932    2.91898659    2.26919081    3.61182171    3.39472171    2.74045474    2.79401898    2.75900129    2.53042015    2.83679906    2.91482306    3.61158747    3.37537516    3.09932530    2.89767922    2.21183650    3.10915581    2.94537969    2.63991337    2.58786824    2.30492017    2.67346065    2.26547645    2.62737080    3.75922963    3.34267483    3.31162974    2.29694710    2.85442113    2.55639007    3.57320309    2.38390091    2.93428338    2.79009536    2.65177498    2.10853986    2.26605361    3.54093984    2.61882811    2.96535123    2.25869336    2.11343466    2.11733702    2.09084672    2.48531755    2.59614816    2.31423436    2.24421964    2.42694260    2.43546330    2.63158065    2.81088500    3.26748717    2.47185615    2.58334636
A6R6S2_AJECN/407-506     3.68560018    4.12925320    4.87299763    3.98454612    3.76301002    2.74662581    3.69368368    3.15494433    3.85222833    3.03761687    3.39420379    3.38578508    3.52025427    4.37911545    3.01463686    2.86069767    3.02081853    3.27814144    3.06470263    0.00000000    2.28308753    3.82265673    4.46777651    3.16402745    3.98606616    3.76095607    3.85643291    3.06748050    3.95086549    3.12542955    3.25120129    3.02857235    3.79653042    3.46163707    3.34067883    2.93070539    3.32028367    3.33674572    2.74313934    3.64802696    3.51790058    4.00013387    2.82199574    3.71590276    3.10995336    2.84199706    3.37871218    2.56248302    3.75737581    4.01717619    3.04905146    3.47579220    3.74572642    2.77746638    3.53779040    3.63357854    3.88416502    4.09590265    3.79578136    3.79891017    3.81837747    2.68033284    3.89871411    4.08815445    4.09577067    3.60310314    3.89731878    3.18605335    3.39386394    3.83241128    3.55455879    3.59150540    3.31437573    3.29380842    3.91224727    4.30741126    4.83765098    3.92219830    3.93407931    4.87746596    4.00700762    3.74292774    2.53849244    2.93074330    3.10753948    3.52651086    3.72500250    3.84459856    4.18948638    2.76365463    3.37586965    4.54384103    2.92369538    3.38172274    4.30880577    3.08532413    3.34436373    3.17366017    3.72623291    3.67077673    4.50182596    3.56216755    2.67811389    4.55636735    4.07789962    3.40670753    3.80920205    4.67088375    3.74128789    3.26423341    3.33577861    4.13681874    3.64559180    3.89590813    2.98588756    2.78998829    3.08704116    2.60446766    2.92253145
A7RIG1_NEMVE/805-897     2.27178692    2.60999825    3.29133141    4.38817755    3.75508928    3.69456055    2.35927720    3.00441065    2.95048207    2.91236062    2.48183442    3.64877395    3.06552834    3.90596740    3.04475577    2.36993532    2.82151870    2.58217136    1.98269219    2.28308753    0.00000000    2.89256782    3.25875367    2.46600295    2.48356477    2.52550818    3.02444294    2.80387202    2.78963864    2.96365592    2.26774964    2.66459546    3.33179645    2.90465902    2.43635188    2.82940157    2.22596256    1.95368792    3.11608221    3.99895096    2.61738559    3.32749564    3.13996676    2.75465003    2.99576536    2.54920345    2.66811064    2.20163142    3.15632379    2.91561441    2.36693930    3.71540769    2.76320149    2.33302888    4.62160924    4.00007162    3.58998609    4.03790933    3.65640925    2.71868835    3.66686268    2.36515968    2.73091769    3.05062264    3.62763081    2.62204171    3.82499458    3.65246168    3.00748424    2.93819275    3.44201054    3.16105594    2.37502642    2.48700802    2.53486851    2.88318752    3.90876039    2.76519927    3.36271693    2.40157066    3.48068771    3.35084902    1.95987284    2.31614647    2.44817840    2.96081162    1.97430844    2.63465708    3.24019236    3.25007508    2.55701963    2.49941184    2.83738527    2.16368712    2.43759376    2.70653507    2.29046792    2.91067060    2.63544283    2.87012206    2.32964156    2.44314888    2.31504621    2.48762105    2.30706814    2.33337557    2.58566139    3.19843826    2.33803506    2.41238049    2.48434245    2.58806384    2.60611629    2.73749108    2.48137795    2.41756344    2.22686212    1.76224385    1.88736691
A0LGB4_SYNFM/323-412     3.36745891    2.69555084    2.97344252    3.12351113    3.56058996    3.35412795    2.85405893    3.60028675    2.63097688    3.31787511    3.03683195    2.78396246    2.45371694    3.67078347    2.54786783    3.40839159    2.30434841    2.57176410    2.39539715    3.82265673    2.89256782    0.00000000    2.56601398    2.31546099    2.36265213    2.36680605    2.73813060    2.94657638    2.58601989    3.30598523    3.33093184    3.29858260    3.80240871    3.08695905    3.36725925    3.59928826    3.60146191    2.38823108    3.17663478    4.30209193    2.77258770    2.64451411    2.86418450    2.83347762    2.57962060    3.04030765    2.43678278    2.54811847    3.26639666    2.95033941    3.66107038    2.45386000    2.76328464    3.35805489    3.50651960    3.26712808    2.90211262    2.81956122    3.01259938    2.86266834    2.49095617    3.03480638    3.17951613    2.90604243    2.53828685    2.47728863    3.63336988    2.07799396    3.46450453    3.30279178    3.17522376    2.71075629    2.68271294    3.34912552    2.66629542    2.20143212    2.98335044    3.27234312    3.35656740    2.88767904    2.84443469    2.82471570    2.89901575    3.04189399    2.79350603    3.55869842    2.88853972    2.47603831    3.36640125    2.28871220    2.61543258    2.98685527    3.75851359    2.78189647    3.08740041    3.42725583    3.43127078    3.36460050    2.64087363    2.78316659    3.57192103    2.82566319    2.33724859    3.49943015    2.95076113    2.96976840    2.74227156    2.76304431    2.66744150    2.99651793    3.24655326    2.82685653    2.94620075    2.60835776    2.76523152    3.39545157    2.58937735    2.54448658    3.25663444
Q7UM20_RHOBA/627-714     3.87325015    4.00059725    3.04570947    4.46750276    4.97228203    4.05373337    2.26746569    2.63836002    3.52872190    3.15080959    2.69317534    2.87439453    3.23107634    4.72289484    3.39063543    2.73563510    2.84425764    3.74541279    2.29749429    4.46777651    3.25875367    2.56601398    0.00000000    2.95572390    2.97991394    3.18172581    3.68428078    3.17465226    3.48863349    3.25193118    3.91030878    4.03936669    3.22516066    3.41510212    3.44445592    3.27521363    2.49659276    3.43705779    3.65997580    3.92758300    3.85365548    2.46789361    3.91187932    3.19679388    3.32352110    3.39395507    2.66464567    2.93889415    4.27502002    2.93418806    3.48544907    2.78270864    3.08872945    3.88263817    3.78759326    3.77538859    2.75263896    3.11163745    3.89245574    2.99081891    2.77328409    3.26229965    2.50418379    2.35453737    2.92290156    3.84415537    2.65661145    2.88618745    5.41210878    4.29089498    3.83940036    3.92540658    2.43401393    2.55449016    2.03327804    3.58844511    2.60099040    3.33315162    3.31878273    4.52681962    3.53537143    3.42570992    3.55083013    3.13409101    2.49804877    2.31918710    3.87905168    3.99700514    3.15430141    3.63004767    3.71726226    2.07625230    3.97264921    3.04421349    4.10855406    2.94475672    3.85559694    2.86719367    2.55337783    1.99375686    2.49199467    3.40625362    2.67652310    4.52897947    2.59036253    3.03046769    2.81147053    2.69281622    3.06269803    2.84747939    2.81617350    3.05946778    3.19017694    2.88466795    3.00576624    2.89619879    3.53889083    3.36424999    2.84002340
