52
V6JZQ1_STRNV/8-119     0.00000000    1.07578416    1.10201682    0.55918408    0.52168255    0.72765792    0.54671840    0.64431085    0.81968068    1.08477886    1.05061827    0.76458228    0.74980648    1.98678755    1.92127898    1.49510290    1.62643528    1.89931410    2.12752129    1.66997754    1.92596770    1.37909011    1.14900068    1.41755960    1.41423671    1.39704723    1.28626708    1.28727557    1.25241147    1.12867180    1.29589537    1.38666165    1.29203635    1.29889799    1.51647472    1.27815323    1.29943630    1.18615576    1.27432331    1.32515748    1.46173044    1.37325874    1.33386000    1.54224954    1.76082376    1.53027828    1.50294744    1.56461135    1.05861734    0.87793301    0.82149415    1.22219168
W5W778_9PSEU/4-114     1.07578416    0.00000000    1.07389276    0.76346207    0.77450051    0.90892690    0.87698073    0.85166732    1.13705489    1.14303529    1.30904499    0.94954492    1.00535300    1.81688772    2.23207945    1.86669718    2.35063629    2.02163544    1.98408653    1.80498999    2.36541637    1.75320688    1.49008331    1.57350155    1.75380799    1.60455507    1.58427006    1.50320230    1.61234521    1.46691027    1.60718142    1.69892157    1.41751188    1.50027565    1.59322599    1.67853162    1.42741655    1.44533162    1.64184712    1.59802132    1.64306316    1.68630206    1.58044717    1.67925670    1.56445397    1.58237647    1.52752153    1.72319932    1.09960331    1.11764865    0.98580661    1.29311236
S5XTU1_PARAH/8-122     1.10201682    1.07389276    0.00000000    0.95712918    0.80181036    0.90384074    0.88953656    0.94898501    1.03342796    1.12126153    1.38276516    1.28807769    1.26467210    1.82846713    2.07600698    2.15782747    1.74540729    2.33873184    2.12384486    1.75309213    2.19990508    1.42141145    1.22790707    1.51738529    1.71643401    1.63266748    1.43103805    1.44031650    1.59967162    1.63195114    1.53513158    1.66335766    1.43679163    1.42022659    1.56079314    1.63833154    1.51737066    1.53276298    1.63254614    1.61293837    1.54024783    1.56746520    1.66900001    1.64556821    1.78198229    1.73844685    1.71574940    1.63421167    1.23637126    1.16758828    1.13287868    1.12729609
A4FLA7_SACEN/8-118     0.55918408    0.76346207    0.95712918    0.00000000    0.32847159    0.33122224    0.37480533    0.43438741    0.67220217    0.89098181    1.12202515    0.75154954    0.66304443    1.82357338    2.08707609    1.69853714    1.98181801    1.88608496    2.10748227    1.78145186    1.93683990    1.37249228    1.22380376    1.34315995    1.66051881    1.50997772    1.43890157    1.38487844    1.37690611    1.49012238    1.50404910    1.55272478    1.39242448    1.39831574    1.53279317    1.36210355    1.39570607    1.28159832    1.34670260    1.36837078    1.38355656    1.44694642    1.36492617    1.47240619    1.71904812    1.69584041    1.59894942    1.62056551    0.85388158    0.79135443    0.81969318    0.99998907
D1AF74_THECD/8-118     0.52168255    0.77450051    0.80181036    0.32847159    0.00000000    0.30670259    0.36409400    0.46822541    0.77766801    0.92357264    0.96295134    0.79234758    0.72585944    1.44831637    1.77112343    1.59165937    1.84867642    1.64916140    2.05674033    1.76245494    1.92410072    1.27392383    1.19855595    1.41818651    1.46570522    1.44781539    1.17558591    1.25455608    1.33555021    1.35576757    1.31829935    1.31673943    1.18335040    1.14123212    1.41253171    1.18986731    1.36043524    1.30051237    1.24046555    1.35649701    1.34697277    1.39892900    1.44228257    1.61700442    1.67277348    1.67468122    1.62814365    1.51532950    0.71353452    0.98358646    0.80937805    0.97623298
D9TCK9_MICAI/8-118     0.72765792    0.90892690    0.90384074    0.33122224    0.30670259    0.00000000    0.43877936    0.57547934    0.79609148    0.94035124    1.20267391    0.83085377    0.77108950    1.66548824    2.05652435    1.71749464    1.79950971    1.74606226    2.11189772    1.83531216    2.23543374    1.25466041    1.23234384    1.57115173    1.60004979    1.62008329    1.46970390    1.59029280    1.50771461    1.58570056    1.60240546    1.61253502    1.60113686    1.48902550    1.37993302    1.53083702    1.52551521    1.43188600    1.43098215    1.60154275    1.40325714    1.45811058    1.42138187    1.56614566    1.83296511    1.76820321    1.57311927    1.66132675    0.81573329    0.82689363    0.71072135    1.07321563
R4LFD7_9ACTN/8-118     0.54671840    0.87698073    0.88953656    0.37480533    0.36409400    0.43877936    0.00000000    0.53182801    0.66623779    0.92988294    0.84911547    0.74168361    0.75064684    1.71011175    1.88606303    1.79314075    1.92650534    1.57885734    1.89256603    1.83063666    1.98180959    1.27384596    1.12987765    1.21359476    1.25866991    1.20907258    1.23945949    1.25000533    1.15896800    1.31347367    1.28284165    1.29433847    1.12691457    1.13190861    1.35773417    1.23031741    1.25576881    1.17047672    1.19001288    1.25631502    1.27034677    1.28239420    1.14429978    1.40269398    1.46417812    1.51619123    1.36584805    1.50428278    0.86159422    0.83096892    0.72192739    1.08670305
U5VSY1_9ACTN/8-118     0.64431085    0.85166732    0.94898501    0.43438741    0.46822541    0.57547934    0.53182801    0.00000000    0.57004737    0.89697228    1.35071546    0.86717136    0.87990459    1.70453330    1.88007412    1.57096886    1.43265070    1.62424988    1.88492520    1.60513717    2.20536471    1.17657416    1.10350401    1.29950520    1.30876075    1.10816856    1.08885618    1.12644981    1.38955083    1.23896365    1.29864277    1.22889571    1.22230605    1.21473531    1.22619179    1.20715799    1.35004691    1.25446186    1.26399649    1.12455776    1.29410281    1.35911397    1.27276639    1.50440860    1.52758769    1.46300578    1.60019876    1.51359224    0.81703914    0.87250942    0.85639334    1.07967415
A8KXH8_FRASN/20-130     0.81968068    1.13705489    1.03342796    0.67220217    0.77766801    0.79609148    0.66623779    0.57004737    0.00000000    0.91223306    1.40117022    0.76637134    0.71035904    1.98787439    1.88505911    1.60192960    1.82310381    1.92782465    1.90536097    1.84310151    2.22315546    1.27895003    1.04185949    1.55734289    1.69842351    1.34406143    1.35986659    1.43941547    1.34332048    1.33049887    1.53180841    1.43124201    1.42565644    1.39795209    1.48030581    1.33299420    1.39034666    1.48688404    1.74324478    1.35909529    1.43565363    1.59871364    1.40348264    1.66887708    1.65479735    1.63791110    1.53671011    1.62375360    1.01826285    0.69576426    0.95670416    1.27436784
Q0BSY9_GRABC/9-119     1.08477886    1.14303529    1.12126153    0.89098181    0.92357264    0.94035124    0.92988294    0.89697228    0.91223306    0.00000000    1.07217755    1.10572016    1.05761390    1.83493514    2.12523556    1.89008050    1.98604085    1.69572783    1.96289824    1.94647957    2.11350175    1.58355875    1.36326597    1.37177369    1.77855541    1.47455819    1.59609015    1.44923094    1.68126188    1.82446761    1.63541660    1.82204800    1.61218603    1.62647328    1.62933481    1.78859437    1.76064414    1.65775324    1.64356473    1.66178535    1.69190574    1.63737287    1.56827844    1.81567861    1.72400182    1.65877973    1.60682723    1.77184358    1.02164495    1.15294546    1.09773503    1.32535655
D8IQG0_HERSS/9-119     1.05061827    1.30904499    1.38276516    1.12202515    0.96295134    1.20267391    0.84911547    1.35071546    1.40117022    1.07217755    0.00000000    1.12205374    1.15661199    1.96140007    2.55852997    2.21818781    1.95121378    1.77407814    1.82712823    2.22015627    2.00214479    1.44456025    1.43412622    1.72639955    1.71756761    1.70761386    1.76075572    1.70843208    1.60633100    1.66342383    1.81302528    1.74786208    1.67917509    1.59235847    1.77642259    1.74649431    1.52622201    1.49676693    1.70849924    1.77146518    1.61303713    1.75932985    1.78528566    1.71644808    1.79714160    1.94095877    1.68817362    2.02388976    1.26022978    1.25340794    1.06574377    1.29777247
C9Z490_STRSW/8-119     0.76458228    0.94954492    1.28807769    0.75154954    0.79234758    0.83085377    0.74168361    0.86717136    0.76637134    1.10572016    1.12205374    0.00000000    0.38356037    2.09414854    2.39141885    1.71913116    1.88271661    1.92761566    1.82317881    1.75072895    2.28770675    1.45405207    1.29639567    1.57569516    1.68303281    1.46401689    1.47763714    1.51465607    1.50858391    1.33570023    1.44539512    1.45736728    1.48887608    1.54000006    1.29497737    1.48730905    1.40029784    1.47572204    1.57076036    1.50476588    1.46680537    1.53532775    1.43059456    1.68491134    1.77686792    1.50338986    1.51151694    1.64077399    0.98795212    0.73440934    1.00066640    1.38587430
B5GML3_STRCL/7-118     0.74980648    1.00535300    1.26467210    0.66304443    0.72585944    0.77108950    0.75064684    0.87990459    0.71035904    1.05761390    1.15661199    0.38356037    0.00000000    2.03743223    2.32066972    1.72205332    1.97254743    2.15689688    2.07471752    2.04946410    2.25145071    1.47910630    1.32590725    1.77492709    1.63090063    1.62101425    1.60845840    1.65688947    1.61465110    1.43586525    1.53247336    1.55450148    1.62047206    1.65325494    1.35022353    1.39512246    1.58449130    1.41566639    1.53726446    1.55354243    1.41807589    1.50617095    1.57843298    1.53790073    2.09249616    1.57419932    1.61543886    1.73562363    0.99586281    0.67783436    1.04945561    1.37356479
A9B4Z2_HERA2/8-118     1.98678755    1.81688772    1.82846713    1.82357338    1.44831637    1.66548824    1.71011175    1.70453330    1.98787439    1.83493514    1.96140007    2.09414854    2.03743223    0.00000000    2.07433865    1.79635728    2.25327468    1.65568004    1.61103713    1.78439991    1.84514642    2.11838767    1.87013004    1.68684389    1.87261681    2.24195048    2.10776474    2.06860754    2.44364370    2.20395931    2.19113015    2.08441629    1.88257383    2.10112248    2.05142613    2.16095478    2.20331451    2.07312566    2.25435012    2.06693851    2.05781183    1.58261819    1.74461586    1.96458883    2.01250378    1.76690254    2.11506037    1.60493075    1.90836241    2.00995407    1.59463182    2.37779177
H8GTM2_DEIGI/3-106     1.92127898    2.23207945    2.07600698    2.08707609    1.77112343    2.05652435    1.88606303    1.88007412    1.88505911    2.12523556    2.55852997    2.39141885    2.32066972    2.07433865    0.00000000    1.37248123    2.17150858    2.07842040    2.02716042    2.00664472    2.07269794    2.21063874    2.05192592    1.78931832    1.98582619    2.26027378    2.24328834    2.32795093    2.58587885    2.36573846    2.51428418    2.54301985    2.43459180    2.22556338    2.58225563    2.69089979    2.58128066    2.99654711    2.65394210    2.61313057    2.61345767    1.66584454    1.83911832    1.88754206    2.08511114    2.18007600    2.02884945    2.03243355    2.16583056    2.22335089    1.95592322    2.03659735
E8U6P5_DEIML/10-117     1.49510290    1.86669718    2.15782747    1.69853714    1.59165937    1.71749464    1.79314075    1.57096886    1.60192960    1.89008050    2.21818781    1.71913116    1.72205332    1.79635728    1.37248123    0.00000000    0.98913727    1.24022541    1.09157865    1.06952521    1.36716644    1.73792928    1.89856871    1.84333512    1.91931172    1.79921487    1.91748082    1.87591479    1.90440437    1.99671767    1.92800047    1.91028625    1.73278339    1.78646962    1.64954948    1.80145082    1.77722811    1.88401471    1.96047360    1.71862059    1.82448080    1.62152549    1.68858760    1.63296961    1.94217941    2.11510209    1.84181260    2.02920308    1.85851097    1.80682151    1.81745857    1.78034729
L0ED34_THECK/106-214     1.62643528    2.35063629    1.74540729    1.98181801    1.84867642    1.79950971    1.92650534    1.43265070    1.82310381    1.98604085    1.95121378    1.88271661    1.97254743    2.25327468    2.17150858    0.98913727    0.00000000    1.13838359    1.16340491    1.08775372    1.45669419    1.49061721    1.45982763    2.23099478    1.82111544    1.60449733    1.78650171    1.89324513    1.75471866    2.10981560    1.89483606    1.70302261    1.53537370    1.60030989    1.52380752    2.07605996    1.75128011    2.01228402    1.83509521    1.55068388    1.66733734    2.00790459    1.82717313    1.98821716    2.26098381    2.08852811    2.10251723    2.32218706    1.85452237    1.93446416    1.83526967    2.07487992
A5I3Q3_CLOBH/8-116     1.89931410    2.02163544    2.33873184    1.88608496    1.64916140    1.74606226    1.57885734    1.62424988    1.92782465    1.69572783    1.77407814    1.92761566    2.15689688    1.65568004    2.07842040    1.24022541    1.13838359    0.00000000    0.77322729    1.05622757    1.28091243    1.41673359    1.70671918    1.73607055    1.49085014    1.58870338    1.48318555    1.57389690    1.90828144    1.85990893    1.77499059    1.62866229    1.60859848    1.61859964    1.46461315    1.96444504    1.71411164    2.05660538    1.88381953    1.59035467    1.58953512    1.52969157    1.56209040    1.43010466    1.78129438    1.70458640    1.90201032    1.53489697    1.79950551    2.01549794    2.00514809    1.99358527
Q24NX0_DESHY/194-303     2.12752129    1.98408653    2.12384486    2.10748227    2.05674033    2.11189772    1.89256603    1.88492520    1.90536097    1.96289824    1.82712823    1.82317881    2.07471752    1.61103713    2.02716042    1.09157865    1.16340491    0.77322729    0.00000000    0.63148130    1.13356428    1.71892915    1.79090168    1.54720698    1.56485496    1.61020042    1.80719698    1.75097347    1.89074772    2.17134830    1.79894021    1.68405665    1.67690718    1.74017508    1.44155663    1.94415117    1.71834931    1.97537855    1.86829968    1.70690956    1.66160044    1.47349888    1.52198071    1.34362349    1.59297576    1.64018954    1.64456774    1.49285643    1.90488087    2.07660945    1.96249640    1.74206928
L0F5H6_DESDL/8-117     1.66997754    1.80498999    1.75309213    1.78145186    1.76245494    1.83531216    1.83063666    1.60513717    1.84310151    1.94647957    2.22015627    1.75072895    2.04946410    1.78439991    2.00664472    1.06952521    1.08775372    1.05622757    0.63148130    0.00000000    1.04064874    1.66990186    1.59929913    1.57259945    1.60031856    1.71043807    1.68579339    1.57197104    1.72297217    1.89360431    1.60275261    1.58684326    1.49752566    1.63270356    1.32983650    1.98346605    1.45342754    1.89516846    1.83919209    1.73262628    1.75845343    1.48049315    1.44256012    1.52495393    1.57148318    1.72541372    1.77018868    1.40277346    1.79649194    2.09536548    1.69669942    1.73824302
G8QSD6_SPHPG/195-304     1.92596770    2.36541637    2.19990508    1.93683990    1.92410072    2.23543374    1.98180959    2.20536471    2.22315546    2.11350175    2.00214479    2.28770675    2.25145071    1.84514642    2.07269794    1.36716644    1.45669419    1.28091243    1.13356428    1.04064874    0.00000000    2.18356859    1.97909786    1.83422437    2.39854270    2.04559443    2.07153015    2.16347331    2.39370127    2.08908140    2.16958769    1.96363088    1.92173503    1.98239435    1.68666882    2.34610190    2.01618855    2.20330207    2.38747853    2.04471003    2.21853502    1.51005819    1.82125227    2.07406890    2.19699404    2.14275460    1.88620030    2.00284045    1.90694582    2.47098414    2.27961275    2.38343521
A9GJ00_SORC5/8-115     1.37909011    1.75320688    1.42141145    1.37249228    1.27392383    1.25466041    1.27384596    1.17657416    1.27895003    1.58355875    1.44456025    1.45405207    1.47910630    2.11838767    2.21063874    1.73792928    1.49061721    1.41673359    1.71892915    1.66990186    2.18356859    0.00000000    0.71645764    1.34205704    1.33064568    1.17684088    1.09972113    1.20196009    1.39146981    1.19144219    1.24874059    1.18243777    1.19080991    1.14202260    1.14533535    1.44571935    1.17018129    1.25425590    1.12823321    1.21124222    1.06331921    1.16644699    1.12083215    1.29174602    1.25859557    1.49782808    1.34467795    1.33115684    1.55985226    1.37653267    1.17542181    1.75706264
C5AJT1_BURGB/8-117     1.14900068    1.49008331    1.22790707    1.22380376    1.19855595    1.23234384    1.12987765    1.10350401    1.04185949    1.36326597    1.43412622    1.29639567    1.32590725    1.87013004    2.05192592    1.89856871    1.45982763    1.70671918    1.79090168    1.59929913    1.97909786    0.71645764    0.00000000    1.29372270    1.41438036    1.19675349    1.27110764    1.30272080    1.40569481    1.31124387    1.53559672    1.39335653    1.21792107    1.32191752    1.28043934    1.29393528    1.33286833    1.38253122    1.48504294    1.27704605    1.32054979    1.23202816    1.12322958    1.42706058    1.27918462    1.29712318    1.30410383    1.28378867    1.35884296    1.20578469    1.17528959    1.61564363
I4B535_TURPD/3-107     1.41755960    1.57350155    1.51738529    1.34315995    1.41818651    1.57115173    1.21359476    1.29950520    1.55734289    1.37177369    1.72639955    1.57569516    1.77492709    1.68684389    1.78931832    1.84333512    2.23099478    1.73607055    1.54720698    1.57259945    1.83422437    1.34205704    1.29372270    0.00000000    0.96052726    0.91543157    0.97565284    0.84543668    1.05185524    1.14851528    1.07944637    1.14930597    0.94299863    0.99560140    1.04149939    1.29033155    0.99596642    1.09166681    1.01065356    1.00371762    0.94994865    0.78355895    0.81064905    0.86889817    0.86038412    0.92120609    1.01748723    0.68812805    1.43847898    1.45699069    1.35016657    1.42768513
F6DR04_DESRL/8-118     1.41423671    1.75380799    1.71643401    1.66051881    1.46570522    1.60004979    1.25866991    1.30876075    1.69842351    1.77855541    1.71756761    1.68303281    1.63090063    1.87261681    1.98582619    1.91931172    1.82111544    1.49085014    1.56485496    1.60031856    2.39854270    1.33064568    1.41438036    0.96052726    0.00000000    0.78665351    0.79595952    0.77940772    0.94537305    1.01065450    0.84662538    0.92297092    0.79914194    0.76575182    0.82215799    1.07582651    0.91108950    0.80105636    0.85069253    0.88337217    0.78393521    0.83995785    0.87586462    0.83228400    0.97924850    0.81949758    0.84654304    0.88913772    1.54689487    1.73548135    1.48435503    1.86603601
A8MKD4_ALKOO/8-118     1.39704723    1.60455507    1.63266748    1.50997772    1.44781539    1.62008329    1.20907258    1.10816856    1.34406143    1.47455819    1.70761386    1.46401689    1.62101425    2.24195048    2.26027378    1.79921487    1.60449733    1.58870338    1.61020042    1.71043807    2.04559443    1.17684088    1.19675349    0.91543157    0.78665351    0.00000000    0.34615617    0.37389452    0.67690932    0.65958282    0.54016074    0.54089894    0.47276996    0.42879104    0.59210109    0.75701775    0.58763238    0.71665990    0.78882904    0.44835071    0.61487405    0.87823389    0.83165869    0.95880587    0.93766347    0.92927948    0.99206301    0.97726818    1.46214647    1.45302127    1.39002588    1.55695293
D9SPG7_CLOC7/8-118     1.28626708    1.58427006    1.43103805    1.43890157    1.17558591    1.46970390    1.23945949    1.08885618    1.35986659    1.59609015    1.76075572    1.47763714    1.60845840    2.10776474    2.24328834    1.91748082    1.78650171    1.48318555    1.80719698    1.68579339    2.07153015    1.09972113    1.27110764    0.97565284    0.79595952    0.34615617    0.00000000    0.24993992    0.62021356    0.67328851    0.46356516    0.43901734    0.43276271    0.38598410    0.58212347    0.66863086    0.68531400    0.72010611    0.79918471    0.44516789    0.60453010    0.90557897    0.89446264    0.95887299    1.04874409    0.88416288    1.00964415    0.96517087    1.43172785    1.67696873    1.57148611    1.63057036
J7J1A5_DESMD/8-118     1.28727557    1.50320230    1.44031650    1.38487844    1.25455608    1.59029280    1.25000533    1.12644981    1.43941547    1.44923094    1.70843208    1.51465607    1.65688947    2.06860754    2.32795093    1.87591479    1.89324513    1.57389690    1.75097347    1.57197104    2.16347331    1.20196009    1.30272080    0.84543668    0.77940772    0.37389452    0.24993992    0.00000000    0.56426729    0.61127816    0.37465026    0.49037725    0.34078772    0.39651825    0.59546709    0.73960540    0.59257111    0.63644763    0.75162249    0.48524121    0.59416689    0.75837060    0.79988899    0.86828635    0.81820151    0.77823130    0.85896227    0.86101576    1.46584168    1.78685539    1.62475152    1.56479804
B5Y7T2_COPPD/9-119     1.25241147    1.61234521    1.59967162    1.37690611    1.33555021    1.50771461    1.15896800    1.38955083    1.34332048    1.68126188    1.60633100    1.50858391    1.61465110    2.44364370    2.58587885    1.90440437    1.75471866    1.90828144    1.89074772    1.72297217    2.39370127    1.39146981    1.40569481    1.05185524    0.94537305    0.67690932    0.62021356    0.56426729    0.00000000    0.77967986    0.63890091    0.70726584    0.64686124    0.63330604    0.77615234    0.93956593    0.75381180    0.84487319    0.85206645    0.74786185    0.77465301    1.05061148    0.94148258    1.23947183    1.12682109    1.08486351    1.02574843    1.14395000    1.57087159    1.59954474    1.77066723    1.76770066
F0RXF2_SPHGB/8-118     1.12867180    1.46691027    1.63195114    1.49012238    1.35576757    1.58570056    1.31347367    1.23896365    1.33049887    1.82446761    1.66342383    1.33570023    1.43586525    2.20395931    2.36573846    1.99671767    2.10981560    1.85990893    2.17134830    1.89360431    2.08908140    1.19144219    1.31124387    1.14851528    1.01065450    0.65958282    0.67328851    0.61127816    0.77967986    0.00000000    0.64738132    0.56357366    0.68841070    0.65622843    0.72965705    0.86910134    0.81204491    0.91521499    1.07756277    0.69640707    0.89013254    0.99380071    0.94264263    1.21822143    1.05556820    0.85945419    1.11401494    1.03062702    1.56137402    1.61570990    1.56446750    1.91598325
A0A6L7H575_BACAN/8-118     1.29589537    1.60718142    1.53513158    1.50404910    1.31829935    1.60240546    1.28284165    1.29864277    1.53180841    1.63541660    1.81302528    1.44539512    1.53247336    2.19113015    2.51428418    1.92800047    1.89483606    1.77499059    1.79894021    1.60275261    2.16958769    1.24874059    1.53559672    1.07944637    0.84662538    0.54016074    0.46356516    0.37465026    0.63890091    0.64738132    0.00000000    0.38603302    0.39895898    0.37022220    0.50528276    0.77445073    0.64521083    0.66240903    0.71043041    0.56418937    0.61307984    0.90441393    0.92825414    0.94588361    0.94606269    0.92267562    0.97446995    1.00316819    1.61626360    1.73791765    1.73507111    1.79787040
D3EBG4_GEOS4/8-118     1.38666165    1.69892157    1.66335766    1.55272478    1.31673943    1.61253502    1.29433847    1.22889571    1.43124201    1.82204800    1.74786208    1.45736728    1.55450148    2.08441629    2.54301985    1.91028625    1.70302261    1.62866229    1.68405665    1.58684326    1.96363088    1.18243777    1.39335653    1.14930597    0.92297092    0.54089894    0.43901734    0.49037725    0.70726584    0.56357366    0.38603302    0.00000000    0.35764387    0.33176970    0.57079375    0.87828719    0.62915138    0.78083926    0.84027008    0.60258961    0.70263687    1.04022453    0.84531579    1.03753557    1.02869873    0.96444547    1.14163985    1.17221341    1.43847126    1.78083870    1.74257096    1.78054498
H6NCE1_9BACL/8-118     1.29203635    1.41751188    1.43679163    1.39242448    1.18335040    1.60113686    1.12691457    1.22230605    1.42565644    1.61218603    1.67917509    1.48887608    1.62047206    1.88257383    2.43459180    1.73278339    1.53537370    1.60859848    1.67690718    1.49752566    1.92173503    1.19080991    1.21792107    0.94299863    0.79914194    0.47276996    0.43276271    0.34078772    0.64686124    0.68841070    0.39895898    0.35764387    0.00000000    0.23273946    0.59616599    0.86287810    0.58831335    0.73109596    0.84165474    0.58732363    0.59374463    0.93019568    0.83167997    0.99712611    0.87959058    0.94718532    0.88931516    0.97057722    1.56297315    1.71893766    1.66089562    1.66630801
C0Z814_BREBN/8-118     1.29889799    1.50027565    1.42022659    1.39831574    1.14123212    1.48902550    1.13190861    1.21473531    1.39795209    1.62647328    1.59235847    1.54000006    1.65325494    2.10112248    2.22556338    1.78646962    1.60030989    1.61859964    1.74017508    1.63270356    1.98239435    1.14202260    1.32191752    0.99560140    0.76575182    0.42879104    0.38598410    0.39651825    0.63330604    0.65622843    0.37022220    0.33176970    0.23273946    0.00000000    0.59408194    0.84851902    0.58249429    0.63979973    0.75683712    0.48361276    0.62421451    0.87907100    0.81322819    0.93624784    0.85148567    0.97195093    0.90580804    1.02865378    1.52496215    1.66678183    1.70408669    1.66834650
Q8ELC3_OCEIH/8-118     1.51647472    1.59322599    1.56079314    1.53279317    1.41253171    1.37993302    1.35773417    1.22619179    1.48030581    1.62933481    1.77642259    1.29497737    1.35022353    2.05142613    2.58225563    1.64954948    1.52380752    1.46461315    1.44155663    1.32983650    1.68666882    1.14533535    1.28043934    1.04149939    0.82215799    0.59210109    0.58212347    0.59546709    0.77615234    0.72965705    0.50528276    0.57079375    0.59616599    0.59408194    0.00000000    0.77756049    0.66345282    0.74232065    0.79613429    0.52930964    0.58351722    0.88181317    0.96078019    0.89994128    1.01918699    0.91224280    0.99838463    0.98513314    1.44714464    1.49051774    1.49735105    1.64568410
R7I7P1_9FIRM/8-118     1.27815323    1.67853162    1.63833154    1.36210355    1.18986731    1.53083702    1.23031741    1.20715799    1.33299420    1.78859437    1.74649431    1.48730905    1.39512246    2.16095478    2.69089979    1.80145082    2.07605996    1.96444504    1.94415117    1.98346605    2.34610190    1.44571935    1.29393528    1.29033155    1.07582651    0.75701775    0.66863086    0.73960540    0.93956593    0.86910134    0.77445073    0.87828719    0.86287810    0.84851902    0.77756049    0.00000000    0.74738826    0.74301945    0.84077169    0.68095896    0.78043640    1.26520018    1.19793422    1.23795852    1.32814070    1.25435968    1.41609071    1.50753005    1.46337772    1.55850990    1.63751871    1.85720515
E3GNN9_9FIRM/9-118     1.29943630    1.42741655    1.51737066    1.39570607    1.36043524    1.52551521    1.25576881    1.35004691    1.39034666    1.76064414    1.52622201    1.40029784    1.58449130    2.20331451    2.58128066    1.77722811    1.75128011    1.71411164    1.71834931    1.45342754    2.01618855    1.17018129    1.33286833    0.99596642    0.91108950    0.58763238    0.68531400    0.59257111    0.75381180    0.81204491    0.64521083    0.62915138    0.58831335    0.58249429    0.66345282    0.74738826    0.00000000    0.50170947    0.60721561    0.47668022    0.57413290    0.96879813    0.96452613    1.02170181    1.07503253    1.15772839    1.04986336    1.13583823    1.47372585    1.43491767    1.51124051    1.61567541
R6H9G1_9FIRM/13-118     1.18615576    1.44533162    1.53276298    1.28159832    1.30051237    1.43188600    1.17047672    1.25446186    1.48688404    1.65775324    1.49676693    1.47572204    1.41566639    2.07312566    2.99654711    1.88401471    2.01228402    2.05660538    1.97537855    1.89516846    2.20330207    1.25425590    1.38253122    1.09166681    0.80105636    0.71665990    0.72010611    0.63644763    0.84487319    0.91521499    0.66240903    0.78083926    0.73109596    0.63979973    0.74232065    0.74301945    0.50170947    0.00000000    0.40484871    0.52553190    0.70901971    1.00327053    1.08312338    0.99206217    1.06043928    1.18582320    1.10577411    1.15639343    1.61572953    1.50542344    1.39036503    1.64203570
F4LNW4_TREBD/8-118     1.27432331    1.64184712    1.63254614    1.34670260    1.24046555    1.43098215    1.19001288    1.26399649    1.74324478    1.64356473    1.70849924    1.57076036    1.53726446    2.25435012    2.65394210    1.96047360    1.83509521    1.88381953    1.86829968    1.83919209    2.38747853    1.12823321    1.48504294    1.01065356    0.85069253    0.78882904    0.79918471    0.75162249    0.85206645    1.07756277    0.71043041    0.84027008    0.84165474    0.75683712    0.79613429    0.84077169    0.60721561    0.40484871    0.00000000    0.71611084    0.71721099    1.14935411    1.15941774    1.20665318    1.41621059    1.27037342    1.23097587    1.24529455    1.66763427    1.78200802    1.57621019    1.79166800
A9KSC9_LACP7/8-118     1.32515748    1.59802132    1.61293837    1.36837078    1.35649701    1.60154275    1.25631502    1.12455776    1.35909529    1.66178535    1.77146518    1.50476588    1.55354243    2.06693851    2.61313057    1.71862059    1.55068388    1.59035467    1.70690956    1.73262628    2.04471003    1.21124222    1.27704605    1.00371762    0.88337217    0.44835071    0.44516789    0.48524121    0.74786185    0.69640707    0.56418937    0.60258961    0.58732363    0.48361276    0.52930964    0.68095896    0.47668022    0.52553190    0.71611084    0.00000000    0.46798455    0.95695133    1.04152864    1.09677427    1.18109655    0.98275361    1.01122566    1.06047699    1.63082407    1.71219878    1.70631160    1.93805709
F0STU0_SYNGF/9-114     1.46173044    1.64306316    1.54024783    1.38355656    1.34697277    1.40325714    1.27034677    1.29410281    1.43565363    1.69190574    1.61303713    1.46680537    1.41807589    2.05781183    2.61345767    1.82448080    1.66733734    1.58953512    1.66160044    1.75845343    2.21853502    1.06331921    1.32054979    0.94994865    0.78393521    0.61487405    0.60453010    0.59416689    0.77465301    0.89013254    0.61307984    0.70263687    0.59374463    0.62421451    0.58351722    0.78043640    0.57413290    0.70901971    0.71721099    0.46798455    0.00000000    1.01567402    1.07289676    0.84666791    1.15331194    1.06318298    0.99629425    1.12033011    1.73865104    1.56296779    1.37376491    1.51691944
A0A6N4SWA7_CYTH3/9-117     1.37325874    1.68630206    1.56746520    1.44694642    1.39892900    1.45811058    1.28239420    1.35911397    1.59871364    1.63737287    1.75932985    1.53532775    1.50617095    1.58261819    1.66584454    1.62152549    2.00790459    1.52969157    1.47349888    1.48049315    1.51005819    1.16644699    1.23202816    0.78355895    0.83995785    0.87823389    0.90557897    0.75837060    1.05061148    0.99380071    0.90441393    1.04022453    0.93019568    0.87907100    0.88181317    1.26520018    0.96879813    1.00327053    1.14935411    0.95695133    1.01567402    0.00000000    0.44986054    0.50486023    0.51776563    0.65647432    0.61337850    0.50654588    1.55064125    1.55711753    1.74557576    1.69358881
C6VVM7_DYAFD/8-117     1.33386000    1.58044717    1.66900001    1.36492617    1.44228257    1.42138187    1.14429978    1.27276639    1.40348264    1.56827844    1.78528566    1.43059456    1.57843298    1.74461586    1.83911832    1.68858760    1.82717313    1.56209040    1.52198071    1.44256012    1.82125227    1.12083215    1.12322958    0.81064905    0.87586462    0.83165869    0.89446264    0.79988899    0.94148258    0.94264263    0.92825414    0.84531579    0.83167997    0.81322819    0.96078019    1.19793422    0.96452613    1.08312338    1.15941774    1.04152864    1.07289676    0.44986054    0.00000000    0.59177179    0.62016883    0.72426548    0.59639346    0.55589809    1.28811957    1.59947605    1.65732436    1.74795580
F4CEN4_SPHS2/8-113     1.54224954    1.67925670    1.64556821    1.47240619    1.61700442    1.56614566    1.40269398    1.50440860    1.66887708    1.81567861    1.71644808    1.68491134    1.53790073    1.96458883    1.88754206    1.63296961    1.98821716    1.43010466    1.34362349    1.52495393    2.07406890    1.29174602    1.42706058    0.86889817    0.83228400    0.95880587    0.95887299    0.86828635    1.23947183    1.21822143    0.94588361    1.03753557    0.99712611    0.93624784    0.89994128    1.23795852    1.02170181    0.99206217    1.20665318    1.09677427    0.84666791    0.50486023    0.59177179    0.00000000    0.61644592    0.67134412    0.62305601    0.59583531    1.68627450    1.70830931    1.74110984    1.58906101
C6Y1B6_PEDHD/8-117     1.76082376    1.56445397    1.78198229    1.71904812    1.67277348    1.83296511    1.46417812    1.52758769    1.65479735    1.72400182    1.79714160    1.77686792    2.09249616    2.01250378    2.08511114    1.94217941    2.26098381    1.78129438    1.59297576    1.57148318    2.19699404    1.25859557    1.27918462    0.86038412    0.97924850    0.93766347    1.04874409    0.81820151    1.12682109    1.05556820    0.94606269    1.02869873    0.87959058    0.85148567    1.01918699    1.32814070    1.07503253    1.06043928    1.41621059    1.18109655    1.15331194    0.51776563    0.62016883    0.61644592    0.00000000    0.81553976    0.66463891    0.67465759    1.64573123    1.70582365    1.67216177    1.73094312
L0G568_ECHVK/8-116     1.53027828    1.58237647    1.73844685    1.69584041    1.67468122    1.76820321    1.51619123    1.46300578    1.63791110    1.65877973    1.94095877    1.50338986    1.57419932    1.76690254    2.18007600    2.11510209    2.08852811    1.70458640    1.64018954    1.72541372    2.14275460    1.49782808    1.29712318    0.92120609    0.81949758    0.92927948    0.88416288    0.77823130    1.08486351    0.85945419    0.92267562    0.96444547    0.94718532    0.97195093    0.91224280    1.25435968    1.15772839    1.18582320    1.27037342    0.98275361    1.06318298    0.65647432    0.72426548    0.67134412    0.81553976    0.00000000    0.63207614    0.57430336    1.72780947    1.64439922    1.91377134    2.18940399
F2IEM5_FLUTR/8-117     1.50294744    1.52752153    1.71574940    1.59894942    1.62814365    1.57311927    1.36584805    1.60019876    1.53671011    1.60682723    1.68817362    1.51151694    1.61543886    2.11506037    2.02884945    1.84181260    2.10251723    1.90201032    1.64456774    1.77018868    1.88620030    1.34467795    1.30410383    1.01748723    0.84654304    0.99206301    1.00964415    0.85896227    1.02574843    1.11401494    0.97446995    1.14163985    0.88931516    0.90580804    0.99838463    1.41609071    1.04986336    1.10577411    1.23097587    1.01122566    0.99629425    0.61337850    0.59639346    0.62305601    0.66463891    0.63207614    0.00000000    0.58012022    1.39955248    1.67748703    1.77533662    1.91366587
H8KM54_SOLCM/8-117     1.56461135    1.72319932    1.63421167    1.62056551    1.51532950    1.66132675    1.50428278    1.51359224    1.62375360    1.77184358    2.02388976    1.64077399    1.73562363    1.60493075    2.03243355    2.02920308    2.32218706    1.53489697    1.49285643    1.40277346    2.00284045    1.33115684    1.28378867    0.68812805    0.88913772    0.97726818    0.96517087    0.86101576    1.14395000    1.03062702    1.00316819    1.17221341    0.97057722    1.02865378    0.98513314    1.50753005    1.13583823    1.15639343    1.24529455    1.06047699    1.12033011    0.50654588    0.55589809    0.59583531    0.67465759    0.57430336    0.58012022    0.00000000    1.71016403    1.81643010    1.83498120    1.77647571
D3PX02_STANL/8-119     1.05861734    1.09960331    1.23637126    0.85388158    0.71353452    0.81573329    0.86159422    0.81703914    1.01826285    1.02164495    1.26022978    0.98795212    0.99586281    1.90836241    2.16583056    1.85851097    1.85452237    1.79950551    1.90488087    1.79649194    1.90694582    1.55985226    1.35884296    1.43847898    1.54689487    1.46214647    1.43172785    1.46584168    1.57087159    1.56137402    1.61626360    1.43847126    1.56297315    1.52496215    1.44714464    1.46337772    1.47372585    1.61572953    1.66763427    1.63082407    1.73865104    1.55064125    1.28811957    1.68627450    1.64573123    1.72780947    1.39955248    1.71016403    0.00000000    1.03253791    0.93228424    1.17694175
E4N9P2_KITSK/4-115     0.87793301    1.11764865    1.16758828    0.79135443    0.98358646    0.82689363    0.83096892    0.87250942    0.69576426    1.15294546    1.25340794    0.73440934    0.67783436    2.00995407    2.22335089    1.80682151    1.93446416    2.01549794    2.07660945    2.09536548    2.47098414    1.37653267    1.20578469    1.45699069    1.73548135    1.45302127    1.67696873    1.78685539    1.59954474    1.61570990    1.73791765    1.78083870    1.71893766    1.66678183    1.49051774    1.55850990    1.43491767    1.50542344    1.78200802    1.71219878    1.56296779    1.55711753    1.59947605    1.70830931    1.70582365    1.64439922    1.67748703    1.81643010    1.03253791    0.00000000    0.62970955    1.04971101
F8A7G3_CELGA/8-116     0.82149415    0.98580661    1.13287868    0.81969318    0.80937805    0.71072135    0.72192739    0.85639334    0.95670416    1.09773503    1.06574377    1.00066640    1.04945561    1.59463182    1.95592322    1.81745857    1.83526967    2.00514809    1.96249640    1.69669942    2.27961275    1.17542181    1.17528959    1.35016657    1.48435503    1.39002588    1.57148611    1.62475152    1.77066723    1.56446750    1.73507111    1.74257096    1.66089562    1.70408669    1.49735105    1.63751871    1.51124051    1.39036503    1.57621019    1.70631160    1.37376491    1.74557576    1.65732436    1.74110984    1.67216177    1.91377134    1.77533662    1.83498120    0.93228424    0.62970955    0.00000000    0.93249916
G4R9P4_PELHB/8-118     1.22219168    1.29311236    1.12729609    0.99998907    0.97623298    1.07321563    1.08670305    1.07967415    1.27436784    1.32535655    1.29777247    1.38587430    1.37356479    2.37779177    2.03659735    1.78034729    2.07487992    1.99358527    1.74206928    1.73824302    2.38343521    1.75706264    1.61564363    1.42768513    1.86603601    1.55695293    1.63057036    1.56479804    1.76770066    1.91598325    1.79787040    1.78054498    1.66630801    1.66834650    1.64568410    1.85720515    1.61567541    1.64203570    1.79166800    1.93805709    1.51691944    1.69358881    1.74795580    1.58906101    1.73094312    2.18940399    1.91366587    1.77647571    1.17694175    1.04971101    0.93249916    0.00000000

