63
B3S5L0_TRIAD/34-359     0.00000000    1.05552998    1.05071165    1.07237091    1.01232502    1.05729644    1.07800472    1.00381270    1.14444489    0.99772215    1.11535014    1.33170953    0.99624134    1.22019536    1.09392181    1.25922597    1.16884701    1.48829919    1.58977465    1.49152381    1.43105780    1.49517694    1.50337923    1.59641359    1.58245567    1.48880488    1.44696964    2.19922974    2.15507164    2.07844946    2.06667757    2.19559750    2.17869429    2.06972489    2.32738986    2.34525370    2.34910157    1.84513708    1.68295135    1.80464924    1.95540535    1.82626967    1.86365837    1.95227661    1.75931797    1.78291132    1.84224579    1.79388461    1.87665225    1.93947082    1.92670597    1.80457523    1.81799054    1.87513630    1.94434331    1.86939053    1.92635365    2.01390756    1.94180903    1.91601384    2.30303336    2.20169316    2.11229488
H9G6H4_ANOCA/96-409     1.05552998    0.00000000    0.52734006    0.63057241    0.65670963    0.62980634    0.56619174    0.61473805    1.11574888    1.10404112    1.12250418    1.35718956    0.93416205    1.23306256    1.13075735    1.21274236    1.32366853    1.49025983    1.66946433    1.85101871    1.71819688    1.82602817    1.65084522    1.82647761    1.65252299    1.76823026    1.71804973    2.45298902    2.61489023    2.60399704    2.58055313    2.57052629    2.47732356    2.41304138    2.76544301    2.70957717    2.71272983    2.05615074    1.90879507    2.11597139    1.91973465    1.87221077    2.02511538    2.10381735    1.95050195    1.84559647    2.10797490    2.09449162    2.01054945    2.08558155    2.01326477    1.97216778    2.21079806    2.11042328    2.06424158    2.04034536    2.14316363    2.14071205    2.06259954    1.86501392    2.21648551    1.91731771    1.86997583
F7E7G5_ORNAN/91-406     1.05071165    0.52734006    0.00000000    0.33196826    0.34093272    0.73075280    0.58709377    0.65788817    1.22365232    1.08937261    1.17859713    1.20810600    1.05705056    1.35256308    1.23527558    1.33408702    1.26545191    1.40497852    1.79197100    1.73889006    1.74802727    1.67998680    1.57877605    1.67922969    1.58878957    1.62521323    1.77608875    2.41446885    2.74629241    2.65050052    2.74787247    2.66063586    2.66184375    2.53771943    2.86265087    2.83749558    2.74982019    2.05771868    2.00801269    2.03324951    2.13830501    2.01149527    2.15742278    2.19790405    1.98705490    1.99284504    2.20235899    2.09840195    2.14498182    2.19580997    2.03347260    2.03810352    2.10706999    2.19796001    2.10735401    2.08937158    2.11659765    2.12466351    2.06303588    1.99523497    2.22786444    1.91503610    1.84743334
F7EK79_MONDO/119-435     1.07237091    0.63057241    0.33196826    0.00000000    0.42219934    0.85550738    0.72511045    0.75211580    1.21150797    1.18875085    1.14597077    1.27611315    1.09617473    1.27850705    1.24665946    1.40513066    1.35335691    1.47482704    1.71265656    1.78698812    1.65413744    1.64744682    1.62329504    1.65657467    1.65646878    1.70072732    1.72466693    2.38813694    2.59908769    2.54886381    2.63198489    2.61473260    2.50667661    2.44609945    2.78890355    2.69235650    2.71140508    2.03163957    2.05000866    2.04936163    2.17620016    2.07106700    2.15005491    2.19642553    2.06057066    1.94524228    2.16671348    2.02275510    2.10294853    2.15345927    1.96738436    2.03101251    2.06144375    2.18885166    2.25533880    2.23346608    2.25030265    2.28378303    2.25866188    1.93148805    2.13402382    1.90365037    1.83835362
A0A3Q7SWB3_VULVU/94-409     1.01232502    0.65670963    0.34093272    0.42219934    0.00000000    0.78807533    0.68468137    0.68222773    1.28453826    1.12614032    1.12864648    1.19790033    1.09432851    1.35360141    1.21357181    1.27894682    1.26069409    1.47956942    1.60578059    1.69701091    1.61403500    1.58141237    1.51930859    1.65235714    1.52378143    1.65530702    1.66520774    2.33083032    2.32456968    2.30643586    2.38914533    2.36878923    2.34532217    2.26349267    2.34406626    2.31413101    2.34905492    1.97072205    1.97887245    2.04951259    2.11138979    2.06923536    2.27014252    2.28321023    2.10598835    2.02495743    2.29392738    2.04652400    2.09602157    2.30641370    2.14652853    2.08245636    2.16466920    2.37073109    2.18972388    2.17473663    2.20661094    2.23130895    2.15696036    1.98061056    2.30261489    1.88136983    1.78342773
I3K5I2_ORENI/108-425     1.05729644    0.62980634    0.73075280    0.85550738    0.78807533    0.00000000    0.37830510    0.55231651    1.25065659    1.03514606    1.14124141    1.26928123    1.05309646    1.27568538    1.21861844    1.28631642    1.15894313    1.59528770    1.71552972    1.61886188    1.65222393    1.61398231    1.66717598    1.75667879    1.62306737    1.61966539    1.76717904    2.32582096    2.58020278    2.71018185    2.54106942    2.64687136    2.61960301    2.61257187    2.52598729    2.65717402    2.49398774    1.91780815    1.92067019    1.93540513    1.90840158    1.81497204    2.03980216    1.98649889    1.96335044    1.84912649    1.88986584    1.93988394    1.92996004    1.93999631    1.84620432    1.85723041    2.01987835    1.83255078    2.01638040    1.97043478    1.94186460    1.90907160    1.97041636    1.75405152    2.28834907    1.97308371    1.99889090
W5M0K2_LEPOC/106-426     1.07800472    0.56619174    0.58709377    0.72511045    0.68468137    0.37830510    0.00000000    0.62626117    1.23704675    1.09949217    1.17734687    1.34396676    1.06792839    1.31082353    1.24586316    1.44552139    1.22648108    1.67839288    1.73869389    1.69354198    1.67245078    1.70839853    1.66083348    1.75931562    1.67619002    1.68201861    1.80647499    2.40882146    2.46072203    2.65328475    2.55028003    2.71039659    2.63135748    2.57754968    2.56866895    2.76224275    2.43400689    1.92399189    1.94169070    2.06807115    1.92639719    1.86777285    2.06667867    2.06216332    2.00726536    1.85393247    2.07170375    2.00080098    1.98938542    2.02730520    1.93212506    2.02067010    2.16114471    2.01319136    2.22505496    2.16013801    2.14647376    2.11262157    2.21899845    1.76059997    2.29938871    2.00589490    1.87920324
H3AK01_LATCH/106-426     1.00381270    0.61473805    0.65788817    0.75211580    0.68222773    0.55231651    0.62626117    0.00000000    1.17195441    1.09359859    1.20741981    1.25611115    0.96604032    1.13835260    1.21246886    1.27846090    1.06133152    1.53697560    1.65876406    1.64152416    1.60378275    1.64760413    1.54147225    1.75126199    1.70243591    1.67517937    1.63995494    2.47209979    2.62553010    2.59093795    2.53743801    2.69135301    2.66509873    2.59090244    2.54924566    2.72480599    2.56166903    1.95396555    1.96433145    1.90428945    1.98812457    1.87901544    2.01861838    2.06250194    1.93315128    1.88443681    1.99071083    1.98717106    1.99508681    1.96638650    1.88349549    1.83248625    2.04134609    2.05301073    2.01660210    2.08005829    2.15493788    2.15033946    2.00296289    1.89649052    2.32505571    2.00539325    1.93578944
A0A7M7RDG3_STRPU/103-433     1.14444489    1.11574888    1.22365232    1.21150797    1.28453826    1.25065659    1.23704675    1.17195441    0.00000000    1.03747431    1.33106862    1.51064994    1.09111305    1.18148326    1.22631435    1.22428709    1.22706666    1.53129102    1.69771066    1.67473799    1.70714528    1.68291190    1.68905160    1.83430753    1.74689475    1.75575284    1.70151391    2.19395637    2.17243822    2.18777338    2.17546774    2.43409684    2.41029504    2.40685103    2.29556041    2.42443597    2.20800059    1.93989730    1.90190933    1.93261895    2.15789204    2.00555814    1.92594649    2.08895903    2.02735095    2.03907756    2.11044501    2.04849218    1.96721069    1.99003153    1.91768121    1.90997272    1.86242034    1.95546641    2.01251376    1.97394676    2.20049007    2.08571967    2.08406628    1.82540423    2.50512184    2.05749076    2.09290203
A7SMB4_NEMVE/4-319     0.99772215    1.10404112    1.08937261    1.18875085    1.12614032    1.03514606    1.09949217    1.09359859    1.03747431    0.00000000    1.02131885    1.28265409    0.86500677    1.14120085    0.96277058    1.16541670    1.06985565    1.50415190    1.53142883    1.60825316    1.63261696    1.59758229    1.56826614    1.59817748    1.71109150    1.44858692    1.56204862    2.23602159    2.24979230    2.22048273    2.06213537    2.40953938    2.28382898    2.30953499    2.35139445    2.47192072    2.22010871    1.64272603    1.64007048    1.74257743    1.91608204    1.81678971    1.83047432    2.07147426    1.83588913    1.83143108    1.83450073    1.88958629    1.91981094    1.89114361    1.74876553    1.82951176    1.80395360    1.86601145    2.09189434    2.05746197    1.98483479    2.04953184    2.10972266    1.69991121    2.08013357    1.99666406    2.02336422
F2UGP5_SALR5/130-442     1.11535014    1.12250418    1.17859713    1.14597077    1.12864648    1.14124141    1.17734687    1.20741981    1.33106862    1.02131885    0.00000000    0.96034444    1.06636621    1.21023126    1.06635357    1.42105591    1.35719814    1.68629913    1.59781906    1.68099442    1.74769563    1.66217011    1.71944435    1.74761903    1.86649860    1.77515542    1.82096688    2.65226305    2.54406999    2.50246245    2.43494884    2.55340278    2.55820761    2.39518390    2.57552841    2.63315034    2.71905814    1.79448528    1.70093597    1.91317493    2.13966719    1.77399566    2.10040878    2.12903010    2.20201302    2.15475747    2.06785172    2.07798401    2.10320147    2.13486018    1.85142493    1.85557639    1.97934165    2.04684073    2.01531360    2.03972284    2.02844189    2.16584039    2.14997347    1.84692310    2.14484722    1.86957408    1.80383010
A9V3T7_MONBE/95-429     1.33170953    1.35718956    1.20810600    1.27611315    1.19790033    1.26928123    1.34396676    1.25611115    1.51064994    1.28265409    0.96034444    0.00000000    1.22667828    1.22769925    1.37599005    1.57931301    1.53969793    1.76187972    1.61847682    1.86983540    1.80026932    1.79614425    1.69794926    1.81368180    1.99193903    1.87749748    1.86361011    2.73849935    2.58120881    2.57965470    2.47277421    2.57895855    2.65715261    2.46515582    2.41986181    2.51096837    2.55786023    1.89770262    2.05330131    1.95749001    2.17480921    2.10514497    2.38799247    2.35202353    2.22001267    2.12361308    2.05139218    2.11250566    2.23243201    2.23556064    1.99251252    2.07172457    2.08758908    2.18402446    2.24265617    2.24676678    2.40186212    2.25371579    2.25896940    2.00294313    2.33993402    2.24879131    2.21610350
R4G470_RHOPR/99-411     0.99624134    0.93416205    1.05705056    1.09617473    1.09432851    1.05309646    1.06792839    0.96604032    1.09111305    0.86500677    1.06636621    1.22667828    0.00000000    0.85531908    1.05018808    1.29759320    1.18169646    1.58994556    1.59751013    1.66803851    1.61578068    1.62065328    1.53081475    1.55115606    1.68545255    1.65929261    1.60025726    2.40922057    2.32834616    2.29938906    2.13931193    2.23491094    2.24966268    2.18944787    2.25347473    2.43467036    2.24307136    1.97116843    1.92152479    1.81861971    2.05436812    1.93397170    1.82168642    2.00966079    1.84034809    1.85474999    1.92146213    1.94870486    1.93006464    1.96852252    1.84195925    1.78173472    1.93109278    1.96737449    2.11175949    2.11107344    2.01147313    2.13461456    2.10454702    1.83756991    2.07290355    1.94541282    1.96401509
T1K982_TETUR/106-449     1.22019536    1.23306256    1.35256308    1.27850705    1.35360141    1.27568538    1.31082353    1.13835260    1.18148326    1.14120085    1.21023126    1.22769925    0.85531908    0.00000000    1.26531660    1.43163562    1.14034067    1.70176129    1.64054220    1.66485234    1.74334760    1.68033086    1.54409066    1.65362689    1.68663482    1.59689110    1.75014030    2.48595309    2.46986809    2.57124783    2.43321213    2.48954413    2.57479343    2.52223113    2.59353926    2.53825763    2.55746313    1.77516567    2.06776019    1.95697794    2.30317064    1.96382972    2.06801760    2.24852267    1.94086240    2.04248518    2.09793621    2.09194120    2.11014604    2.08029997    2.07589053    2.00987613    1.94852256    1.95602730    2.12315573    2.23327575    2.14546036    2.12428669    2.19961160    1.96803185    2.26591381    2.22331307    2.22110189
A0A0D2WSL4_CAPO3/144-468     1.09392181    1.13075735    1.23527558    1.24665946    1.21357181    1.21861844    1.24586316    1.21246886    1.22631435    0.96277058    1.06635357    1.37599005    1.05018808    1.26531660    0.00000000    1.35761558    1.22356009    1.55285857    1.72643842    1.67413078    1.75803890    1.70820763    1.70807150    1.74807783    1.83508576    1.69609071    1.52557672    2.34713168    2.41557794    2.37306376    2.17455028    2.35776295    2.31697820    2.35664526    2.32158346    2.45784269    2.49075908    1.92489539    1.80685013    2.01078759    2.09932738    1.83768601    2.30672923    2.37338394    2.08428245    2.19380458    2.29539639    2.25036508    2.26401935    2.15921740    2.03784465    1.84991421    2.07920080    2.18452213    2.22849589    2.14238388    2.13965194    2.16169392    2.12661640    1.94051808    2.36197204    2.06322729    2.10947243
H2XYC6_CIOIN/2-325     1.25922597    1.21274236    1.33408702    1.40513066    1.27894682    1.28631642    1.44552139    1.27846090    1.22428709    1.16541670    1.42105591    1.57931301    1.29759320    1.43163562    1.35761558    0.00000000    1.07936883    1.71711392    1.73543158    1.88979037    1.96420395    1.88547833    1.79720108    1.82654653    1.82515507    1.69735124    1.65669258    2.49164476    2.60699483    2.45632655    2.37773530    2.56755125    2.60934419    2.58363046    2.58389552    2.68814211    2.60027221    2.09939356    2.08081711    2.04364803    2.17036429    1.96258189    1.97783403    2.18718502    1.97762685    1.98967820    2.04433151    2.02722939    1.92452652    1.95620117    1.91918117    1.81913248    1.94451907    1.98651189    2.15410076    2.20407007    2.08482994    2.00788075    2.20605368    1.99585980    2.24607752    2.18662626    2.13764780
H2XND2_CIOIN/74-389     1.16884701    1.32366853    1.26545191    1.35335691    1.26069409    1.15894313    1.22648108    1.06133152    1.22706666    1.06985565    1.35719814    1.53969793    1.18169646    1.14034067    1.22356009    1.07936883    0.00000000    1.53014745    1.59061677    1.58969039    1.60205897    1.55283669    1.55319737    1.76848888    1.73270977    1.65848656    1.51738157    2.33603247    2.66794325    2.52852868    2.46940499    2.52877533    2.65163703    2.59230019    2.39322095    2.70853626    2.50572650    1.97072126    1.84949443    1.93895729    2.03028379    1.89405475    2.00691167    2.18929213    1.90097085    1.93217809    2.12874439    2.13457234    2.08604387    2.04977798    1.97187621    1.94718676    1.94771788    2.17889157    2.05870790    1.98390171    2.04596036    2.08291420    2.05974319    1.93358826    2.24637231    1.98757199    1.89732159
B7Q417_IXOSC/69-390     1.48829919    1.49025983    1.40497852    1.47482704    1.47956942    1.59528770    1.67839288    1.53697560    1.53129102    1.50415190    1.68629913    1.76187972    1.58994556    1.70176129    1.55285857    1.71711392    1.53014745    0.00000000    1.26676138    1.16018671    1.18428397    1.05691812    1.13643269    1.19149169    1.21513346    1.40840414    1.89568787    2.48666759    2.40218107    2.42454295    2.55709532    2.33919327    2.30837699    2.14331555    2.63565983    2.54848323    2.43624596    2.09432526    2.17014525    2.10062354    2.19726703    2.28290657    2.31895869    2.33662280    2.33899329    2.35269445    2.32405717    2.08904569    2.19254171    2.28247287    2.26152340    2.18798183    2.23375622    2.39800332    2.30097603    2.32619567    2.38646016    2.37184147    2.43683932    2.17592138    2.55706272    2.11502308    2.14966722
E9G643_DAPPU/32-355     1.58977465    1.66946433    1.79197100    1.71265656    1.60578059    1.71552972    1.73869389    1.65876406    1.69771066    1.53142883    1.59781906    1.61847682    1.59751013    1.64054220    1.72643842    1.73543158    1.59061677    1.26676138    0.00000000    0.91716377    0.96524221    0.94707958    0.89594212    0.93356734    0.95731175    1.22753715    1.89435961    2.31702007    2.40074540    2.35288967    2.46810008    2.36381696    2.29793196    2.15300878    2.46185529    2.52162855    2.46319358    2.17174201    2.11815878    1.97958147    2.31278194    2.15734256    2.27911701    2.30945694    2.19963137    2.14863361    2.11865570    2.07652060    2.16925697    2.02187616    2.04735192    2.11419667    2.23139960    2.10418786    2.23050922    2.13500722    2.26663087    2.27329825    2.24965171    2.06096451    2.15241998    1.97750966    1.98066020
B4KLW0_DROMO/125-446     1.49152381    1.85101871    1.73889006    1.78698812    1.69701091    1.61886188    1.69354198    1.64152416    1.67473799    1.60825316    1.68099442    1.86983540    1.66803851    1.66485234    1.67413078    1.88979037    1.58969039    1.16018671    0.91716377    0.00000000    0.38735045    0.30030479    0.63493344    0.66908169    0.72017485    1.05500567    1.93360673    2.34747320    2.30518497    2.35197282    2.62572217    2.44191345    2.45956109    2.30290012    2.60812066    2.63292001    2.42968294    2.05838770    1.91165012    2.01953487    2.16319730    2.05568920    2.37215993    2.27616101    2.27146501    2.36952234    2.24174088    2.13499682    2.25654618    2.17130466    2.02381445    2.18741557    2.12096282    2.06063303    2.17802418    2.02745664    2.09098685    2.08877944    2.09554152    2.14400425    2.45820270    2.06142292    2.07104506
B4NSQ8_DROSI/51-372     1.43105780    1.71819688    1.74802727    1.65413744    1.61403500    1.65222393    1.67245078    1.60378275    1.70714528    1.63261696    1.74769563    1.80026932    1.61578068    1.74334760    1.75803890    1.96420395    1.60205897    1.18428397    0.96524221    0.38735045    0.00000000    0.26124087    0.63291679    0.62230970    0.69960666    1.06311170    1.85926162    2.60329384    2.46508488    2.46756669    2.76525417    2.47149711    2.51658334    2.32459047    2.78989690    2.53495268    2.52010734    2.16539236    1.86873129    1.98216580    2.06923036    2.07292532    2.19114154    2.19160718    2.14277285    2.35463026    2.25192393    2.11928302    2.21289117    2.14603629    2.08449602    2.21848496    2.15976221    2.05261453    2.21483896    2.09046784    2.18988663    2.21028090    2.15783115    2.02561363    2.34583418    2.08357177    2.05763433
B4MQT6_DROWI/44-366     1.49517694    1.82602817    1.67998680    1.64744682    1.58141237    1.61398231    1.70839853    1.64760413    1.68291190    1.59758229    1.66217011    1.79614425    1.62065328    1.68033086    1.70820763    1.88547833    1.55283669    1.05691812    0.94707958    0.30030479    0.26124087    0.00000000    0.63167913    0.65713534    0.67110122    1.07687635    1.90266355    2.51748322    2.37169977    2.37123871    2.71901100    2.38198460    2.37784158    2.22219092    2.77509937    2.50163852    2.43886182    2.07782786    1.83851554    1.86687639    2.13498457    2.01362906    2.18014854    2.12584375    2.16325886    2.36504388    2.24856894    2.04530571    2.18014743    2.13646303    2.04431203    2.20291835    2.13381085    2.03135810    2.12719844    1.97962687    2.13350969    2.16050087    2.08658729    2.02328271    2.27810035    2.01609855    1.99042669
T1HK46_RHOPR/102-419     1.50337923    1.65084522    1.57877605    1.62329504    1.51930859    1.66717598    1.66083348    1.54147225    1.68905160    1.56826614    1.71944435    1.69794926    1.53081475    1.54409066    1.70807150    1.79720108    1.55319737    1.13643269    0.89594212    0.63493344    0.63291679    0.63167913    0.00000000    0.45311871    0.52582081    0.96950529    1.78454715    2.48290936    2.39747595    2.44319185    2.58728586    2.44956166    2.38513563    2.22586686    2.61863246    2.53569312    2.47920781    2.06666075    2.14814614    2.01720479    2.22060650    2.11067272    2.15257033    2.15772689    2.12497277    2.22162535    2.22081468    2.17871743    2.23028435    2.03435788    2.09296785    2.14683996    2.09304580    1.94993998    2.25408526    2.09423915    2.27790430    2.29516252    2.24140727    1.95863829    2.43685145    2.08578624    2.13464106
F4WTJ5_ACREC/125-475     1.59641359    1.82647761    1.67922969    1.65657467    1.65235714    1.75667879    1.75931562    1.75126199    1.83430753    1.59817748    1.74761903    1.81368180    1.55115606    1.65362689    1.74807783    1.82654653    1.76848888    1.19149169    0.93356734    0.66908169    0.62230970    0.65713534    0.45311871    0.00000000    0.55778248    0.95110251    1.94781164    2.55762396    2.57403719    2.49113533    2.83040468    2.54332883    2.52233001    2.38759826    2.89411555    2.58113526    2.63313200    2.11692212    2.17091717    2.08665618    2.17363060    2.11347001    2.30605712    2.32678823    2.16198131    2.35490325    2.29456376    2.26091577    2.32040660    2.13911257    2.09685639    2.11377143    2.14244478    1.97169697    2.43640462    2.20421660    2.25485045    2.31917880    2.33999332    1.88814137    2.31523896    2.09110788    2.00816354
E0VKZ9_PEDHC/118-443     1.58245567    1.65252299    1.58878957    1.65646878    1.52378143    1.62306737    1.67619002    1.70243591    1.74689475    1.71109150    1.86649860    1.99193903    1.68545255    1.68663482    1.83508576    1.82515507    1.73270977    1.21513346    0.95731175    0.72017485    0.69960666    0.67110122    0.52582081    0.55778248    0.00000000    0.94365806    1.94955255    2.64568476    2.44484072    2.49239540    2.73250566    2.55817044    2.60464719    2.34911927    2.81380741    2.63586192    2.70437274    2.11527418    2.26319067    2.15410999    2.27874314    2.14266549    2.22743460    2.32186509    2.31578221    2.47251954    2.40832579    2.26721571    2.25363517    2.22434664    2.14256447    2.41627658    2.28755830    2.12577580    2.23186040    2.17865674    2.20388342    2.38194600    2.33820121    2.13726771    2.55298690    2.06317707    2.09485954
J9JVE0_ACYPI/86-404     1.48880488    1.76823026    1.62521323    1.70072732    1.65530702    1.61966539    1.68201861    1.67517937    1.75575284    1.44858692    1.77515542    1.87749748    1.65929261    1.59689110    1.69609071    1.69735124    1.65848656    1.40840414    1.22753715    1.05500567    1.06311170    1.07687635    0.96950529    0.95110251    0.94365806    0.00000000    1.87434360    2.71036790    2.84650219    2.81497048    2.89210457    2.64635988    2.74454101    2.55019875    2.99876092    2.59561701    2.79586251    2.22172416    2.10002735    1.88869754    2.27418638    2.11135712    2.30845563    2.38101901    2.13233660    2.18200117    2.10674765    2.08675896    2.16896459    2.12905981    2.01105737    2.19343851    2.13225275    1.90642299    2.14141322    2.25316078    2.33001356    2.26279233    2.35622243    1.87659127    2.36333656    2.19563559    2.29977742
H2XU71_CIOIN/4-312     1.44696964    1.71804973    1.77608875    1.72466693    1.66520774    1.76717904    1.80647499    1.63995494    1.70151391    1.56204862    1.82096688    1.86361011    1.60025726    1.75014030    1.52557672    1.65669258    1.51738157    1.89568787    1.89435961    1.93360673    1.85926162    1.90266355    1.78454715    1.94781164    1.94955255    1.87434360    0.00000000    2.32622415    2.37651384    2.41945110    2.36702690    2.48881812    2.44729442    2.30910508    2.28298449    2.46657570    2.26826124    1.89172654    1.90686127    2.02069795    2.21107801    1.97088317    2.19958328    2.24842645    2.07189414    2.10312105    2.22571526    2.08640932    2.12335023    2.13740056    2.11343795    2.09417364    2.16785123    2.06702111    2.29545902    2.15012973    2.23403270    2.36608875    2.32171439    1.96193979    2.34722269    2.08211973    2.08733022
Q7YTQ3_CAEEL/85-401     2.19922974    2.45298902    2.41446885    2.38813694    2.33083032    2.32582096    2.40882146    2.47209979    2.19395637    2.23602159    2.65226305    2.73849935    2.40922057    2.48595309    2.34713168    2.49164476    2.33603247    2.48666759    2.31702007    2.34747320    2.60329384    2.51748322    2.48290936    2.55762396    2.64568476    2.71036790    2.32622415    0.00000000    0.84591441    0.84559530    1.10020023    0.97291232    0.95332962    0.90872780    0.90378567    0.97205868    0.98160334    2.03618819    2.17428506    2.41004396    2.14543988    2.14586613    2.33935765    2.27074035    2.31799419    2.19185980    2.36254163    2.28622528    2.29846901    2.18305551    2.22289330    2.48059043    2.36956835    2.20769839    2.54630006    2.30572537    2.47921058    2.22281379    2.34238839    2.36189032    2.62790084    2.56527470    2.49350385
E3MJM8_CAERE/76-389     2.15507164    2.61489023    2.74629241    2.59908769    2.32456968    2.58020278    2.46072203    2.62553010    2.17243822    2.24979230    2.54406999    2.58120881    2.32834616    2.46986809    2.41557794    2.60699483    2.66794325    2.40218107    2.40074540    2.30518497    2.46508488    2.37169977    2.39747595    2.57403719    2.44484072    2.84650219    2.37651384    0.84591441    0.00000000    0.29376103    0.65043737    0.63328152    0.56773401    0.54760332    0.50271430    0.55348313    0.52888187    1.90192704    2.45260092    2.54944972    2.69590189    2.58796381    2.59383441    2.65682968    2.64768032    2.54833253    2.76163364    2.59831730    2.75483524    2.77573741    2.75705387    2.81312064    2.69969795    2.43099745    2.84112729    2.79421201    3.03405855    2.71977510    2.64887422    2.52960672    2.82002640    2.40800535    2.42496152
E3M369_CAERE/26-339     2.07844946    2.60399704    2.65050052    2.54886381    2.30643586    2.71018185    2.65328475    2.59093795    2.18777338    2.22048273    2.50246245    2.57965470    2.29938906    2.57124783    2.37306376    2.45632655    2.52852868    2.42454295    2.35288967    2.35197282    2.46756669    2.37123871    2.44319185    2.49113533    2.49239540    2.81497048    2.41945110    0.84559530    0.29376103    0.00000000    0.63591050    0.61156492    0.54247445    0.57346694    0.54331974    0.58516052    0.59975598    1.87558536    2.43052785    2.52112217    2.46055765    2.42000414    2.55985647    2.59390518    2.55236112    2.36230456    2.54304872    2.44843070    2.62540253    2.68559009    2.61128112    2.61807545    2.66960878    2.47976261    2.68280213    2.65027082    2.84510508    2.55182343    2.59151103    2.47277606    2.92025854    2.42597277    2.44623297
E3MZ70_CAERE/86-400     2.06667757    2.58055313    2.74787247    2.63198489    2.38914533    2.54106942    2.55028003    2.53743801    2.17546774    2.06213537    2.43494884    2.47277421    2.13931193    2.43321213    2.17455028    2.37773530    2.46940499    2.55709532    2.46810008    2.62572217    2.76525417    2.71901100    2.58728586    2.83040468    2.73250566    2.89210457    2.36702690    1.10020023    0.65043737    0.63591050    0.00000000    0.69474038    0.59619981    0.61739825    0.75108456    0.82098430    0.75011836    2.14367776    2.51383718    2.61442472    2.72484917    2.53636376    2.64641416    2.68294861    2.43919920    2.40361221    2.58840264    2.55231442    2.49411351    2.40662772    2.39051951    2.50483672    2.69240255    2.44675565    2.90766879    2.68781812    2.94001350    2.82175858    2.67746896    2.47558104    2.52109306    2.43607634    2.38589064
G0NTJ3_CAEBE/104-418     2.19559750    2.57052629    2.66063586    2.61473260    2.36878923    2.64687136    2.71039659    2.69135301    2.43409684    2.40953938    2.55340278    2.57895855    2.23491094    2.48954413    2.35776295    2.56755125    2.52877533    2.33919327    2.36381696    2.44191345    2.47149711    2.38198460    2.44956166    2.54332883    2.55817044    2.64635988    2.48881812    0.97291232    0.63328152    0.61156492    0.69474038    0.00000000    0.35574196    0.44808383    0.77030282    0.84658907    0.83848989    1.99459482    2.29511744    2.67413038    2.46224637    2.34647340    2.59768017    2.54424891    2.44203634    2.40242820    2.51488478    2.49006741    2.54575826    2.51770194    2.55696785    2.77234469    2.58279474    2.46139750    2.82897415    2.62075870    2.78079103    2.52524021    2.54580804    2.43804293    3.06295959    2.62727387    2.58245486
E3LKM2_CAERE/80-394     2.17869429    2.47732356    2.66184375    2.50667661    2.34532217    2.61960301    2.63135748    2.66509873    2.41029504    2.28382898    2.55820761    2.65715261    2.24966268    2.57479343    2.31697820    2.60934419    2.65163703    2.30837699    2.29793196    2.45956109    2.51658334    2.37784158    2.38513563    2.52233001    2.60464719    2.74454101    2.44729442    0.95332962    0.56773401    0.54247445    0.59619981    0.35574196    0.00000000    0.26477317    0.69751879    0.72529899    0.75764256    2.06497487    2.21455340    2.60944538    2.55467633    2.40570169    2.45530604    2.52944557    2.54326795    2.36696536    2.44244514    2.47741035    2.50029655    2.45659476    2.50774283    2.61129524    2.55922407    2.38663911    2.78733494    2.60918357    2.75854924    2.48621571    2.60164107    2.43267630    2.65726979    2.34529422    2.47926518
E3LKM1_CAERE/81-395     2.06972489    2.41304138    2.53771943    2.44609945    2.26349267    2.61257187    2.57754968    2.59090244    2.40685103    2.30953499    2.39518390    2.46515582    2.18944787    2.52223113    2.35664526    2.58363046    2.59230019    2.14331555    2.15300878    2.30290012    2.32459047    2.22219092    2.22586686    2.38759826    2.34911927    2.55019875    2.30910508    0.90872780    0.54760332    0.57346694    0.61739825    0.44808383    0.26477317    0.00000000    0.71826769    0.75686060    0.74767960    1.85320014    2.07695282    2.48069142    2.58333830    2.44175619    2.50236820    2.49782208    2.43669187    2.34549557    2.58293500    2.50931798    2.57345449    2.51664293    2.38112379    2.76871079    2.72771850    2.41985376    2.76663752    2.66905509    2.85234164    2.64206275    2.57464231    2.33232298    2.68703017    2.29793302    2.40719385
O45584_CAEEL/65-377     2.32738986    2.76544301    2.86265087    2.78890355    2.34406626    2.52598729    2.56866895    2.54924566    2.29556041    2.35139445    2.57552841    2.41986181    2.25347473    2.59353926    2.32158346    2.58389552    2.39322095    2.63565983    2.46185529    2.60812066    2.78989690    2.77509937    2.61863246    2.89411555    2.81380741    2.99876092    2.28298449    0.90378567    0.50271430    0.54331974    0.75108456    0.77030282    0.69751879    0.71826769    0.00000000    0.46395039    0.42157456    1.92190624    2.25013238    2.36113642    2.67806679    2.45303559    2.72213096    2.68422130    2.42467965    2.32001210    2.56719152    2.52731530    2.66471769    2.66414319    2.58556555    2.57345332    2.71774277    2.48027588    2.94811578    2.71585374    2.92312482    2.56810054    2.64260193    2.33207059    2.73803491    2.35233034    2.36314179
O02320_CAEEL/76-388     2.34525370    2.70957717    2.83749558    2.69235650    2.31413101    2.65717402    2.76224275    2.72480599    2.42443597    2.47192072    2.63315034    2.51096837    2.43467036    2.53825763    2.45784269    2.68814211    2.70853626    2.54848323    2.52162855    2.63292001    2.53495268    2.50163852    2.53569312    2.58113526    2.63586192    2.59561701    2.46657570    0.97205868    0.55348313    0.58516052    0.82098430    0.84658907    0.72529899    0.75686060    0.46395039    0.00000000    0.27974307    2.13382288    2.29550617    2.24777057    2.72307741    2.53547735    2.60713707    2.78471969    2.43289046    2.46212410    2.65044271    2.59526073    2.73295025    2.72516518    2.81681936    2.76689690    2.58251216    2.41376562    2.98506533    2.81131263    3.01782518    2.78985652    2.90695640    2.49625372    2.80744204    2.57480553    2.63282928
O02230_CAEEL/73-385     2.34910157    2.71272983    2.74982019    2.71140508    2.34905492    2.49398774    2.43400689    2.56166903    2.20800059    2.22010871    2.71905814    2.55786023    2.24307136    2.55746313    2.49075908    2.60027221    2.50572650    2.43624596    2.46319358    2.42968294    2.52010734    2.43886182    2.47920781    2.63313200    2.70437274    2.79586251    2.26826124    0.98160334    0.52888187    0.59975598    0.75011836    0.83848989    0.75764256    0.74767960    0.42157456    0.27974307    0.00000000    1.98168760    2.33876192    2.25730689    2.66081687    2.58835213    2.54839993    2.65175286    2.53446416    2.49059446    2.63467717    2.47967980    2.62646437    2.66895446    2.75973218    2.62123981    2.61117130    2.38044205    3.10638800    2.84615393    3.16749961    2.80738060    2.87453664    2.44543030    2.78914401    2.49834550    2.54394491
D1ZZK1_TRICA/109-423     1.84513708    2.05615074    2.05771868    2.03163957    1.97072205    1.91780815    1.92399189    1.95396555    1.93989730    1.64272603    1.79448528    1.89770262    1.97116843    1.77516567    1.92489539    2.09939356    1.97072126    2.09432526    2.17174201    2.05838770    2.16539236    2.07782786    2.06666075    2.11692212    2.11527418    2.22172416    1.89172654    2.03618819    1.90192704    1.87558536    2.14367776    1.99459482    2.06497487    1.85320014    1.92190624    2.13382288    1.98168760    0.00000000    1.23835987    1.31350962    1.46425871    1.32517196    1.47088290    1.41815004    1.37640992    1.53162252    1.45520518    1.42615674    1.41563536    1.45842524    1.54186843    1.46532828    1.59078890    1.45904870    1.65789250    1.66688568    1.62329672    1.59188078    1.67728220    1.26729428    2.67617010    2.50320979    2.37418536
B7PHJ7_IXOSC/130-450     1.68295135    1.90879507    2.00801269    2.05000866    1.97887245    1.92067019    1.94169070    1.96433145    1.90190933    1.64007048    1.70093597    2.05330131    1.92152479    2.06776019    1.80685013    2.08081711    1.84949443    2.17014525    2.11815878    1.91165012    1.86873129    1.83851554    2.14814614    2.17091717    2.26319067    2.10002735    1.90686127    2.17428506    2.45260092    2.43052785    2.51383718    2.29511744    2.21455340    2.07695282    2.25013238    2.29550617    2.33876192    1.23835987    0.00000000    0.88434780    1.37016410    1.18626813    1.32676639    1.33289023    1.25661797    1.30511360    1.11106182    1.15594223    1.22601284    1.15900590    1.11545248    1.16304474    1.30950071    1.18232776    1.60360905    1.52633233    1.46586100    1.59037315    1.62201910    1.10842807    2.47901811    2.82144303    2.90065971
T1K964_TETUR/158-490     1.80464924    2.11597139    2.03324951    2.04936163    2.04951259    1.93540513    2.06807115    1.90428945    1.93261895    1.74257743    1.91317493    1.95749001    1.81861971    1.95697794    2.01078759    2.04364803    1.93895729    2.10062354    1.97958147    2.01953487    1.98216580    1.86687639    2.01720479    2.08665618    2.15410999    1.88869754    2.02069795    2.41004396    2.54944972    2.52112217    2.61442472    2.67413038    2.60944538    2.48069142    2.36113642    2.24777057    2.25730689    1.31350962    0.88434780    0.00000000    1.42221916    1.28900447    1.22418127    1.42705319    1.28801402    1.25008068    1.16490130    1.17032975    1.21206932    1.25655754    1.15064975    1.19315798    1.35916586    1.19066862    1.36685544    1.43150173    1.43024463    1.42614038    1.55574777    1.21485429    2.52982572    2.54230022    2.77794290
B0WAY8_CULQU/115-450     1.95540535    1.91973465    2.13830501    2.17620016    2.11138979    1.90840158    1.92639719    1.98812457    2.15789204    1.91608204    2.13966719    2.17480921    2.05436812    2.30317064    2.09932738    2.17036429    2.03028379    2.19726703    2.31278194    2.16319730    2.06923036    2.13498457    2.22060650    2.17363060    2.27874314    2.27418638    2.21107801    2.14543988    2.69590189    2.46055765    2.72484917    2.46224637    2.55467633    2.58333830    2.67806679    2.72307741    2.66081687    1.46425871    1.37016410    1.42221916    0.00000000    0.62485398    1.17619521    1.15538934    1.06505333    1.04435496    1.02336601    0.92255060    0.87647624    0.96296674    0.92287778    0.95081383    1.17221580    0.98550971    1.25188795    1.18532080    1.23238249    1.22561618    1.23745087    1.06462216    2.61550701    2.76688199    2.79848557
W5J4G3_ANODA/110-438     1.82626967    1.87221077    2.01149527    2.07106700    2.06923536    1.81497204    1.86777285    1.87901544    2.00555814    1.81678971    1.77399566    2.10514497    1.93397170    1.96382972    1.83768601    1.96258189    1.89405475    2.28290657    2.15734256    2.05568920    2.07292532    2.01362906    2.11067272    2.11347001    2.14266549    2.11135712    1.97088317    2.14586613    2.58796381    2.42000414    2.53636376    2.34647340    2.40570169    2.44175619    2.45303559    2.53547735    2.58835213    1.32517196    1.18626813    1.28900447    0.62485398    0.00000000    1.05404703    1.03295174    0.98504268    1.01392227    0.99295607    0.93021498    0.92359659    0.99558796    0.93928564    0.89994852    1.05134015    0.96617179    1.15804630    1.15740022    1.13323564    1.14990605    1.17123261    1.02388462    2.47506014    2.50100263    2.51821969
B4KGK6_DROMO/60-383     1.86365837    2.02511538    2.15742278    2.15005491    2.27014252    2.03980216    2.06667867    2.01861838    1.92594649    1.83047432    2.10040878    2.38799247    1.82168642    2.06801760    2.30672923    1.97783403    2.00691167    2.31895869    2.27911701    2.37215993    2.19114154    2.18014854    2.15257033    2.30605712    2.22743460    2.30845563    2.19958328    2.33935765    2.59383441    2.55985647    2.64641416    2.59768017    2.45530604    2.50236820    2.72213096    2.60713707    2.54839993    1.47088290    1.32676639    1.22418127    1.17619521    1.05404703    0.00000000    0.49438011    0.82101515    0.86183636    0.95907599    0.89692907    0.88241897    0.93090420    0.99480283    1.08652320    1.15408263    1.03615494    1.18147281    1.21413699    1.20751502    1.17577903    1.16452421    1.10745960    2.48827264    2.72388702    2.83665944
B4LSS8_DROVI/66-389     1.95227661    2.10381735    2.19790405    2.19642553    2.28321023    1.98649889    2.06216332    2.06250194    2.08895903    2.07147426    2.12903010    2.35202353    2.00966079    2.24852267    2.37338394    2.18718502    2.18929213    2.33662280    2.30945694    2.27616101    2.19160718    2.12584375    2.15772689    2.32678823    2.32186509    2.38101901    2.24842645    2.27074035    2.65682968    2.59390518    2.68294861    2.54424891    2.52944557    2.49782208    2.68422130    2.78471969    2.65175286    1.41815004    1.33289023    1.42705319    1.15538934    1.03295174    0.49438011    0.00000000    0.88178060    0.92413155    0.87837432    0.85383298    0.84657633    0.91995034    0.99829450    1.08281399    1.21503817    1.10306475    1.14738529    1.22833164    1.24965948    1.27803965    1.19052173    1.14489766    2.68092340    2.64056511    2.76445220
