66
B3ES30_AMOA5/6-161     0.00000000    1.04473786    1.20823316    1.35527773    1.16011652    1.15051836    1.15782707    1.15758335    1.17945924    1.06876599    1.09320922    1.09447509    1.12663430    1.16824675    1.21805757    1.43590180    1.58637111    1.39038605    1.67632370    2.11267183    1.28455027    1.61534700    2.66387792    2.92812253    2.95517064    2.63357031    3.11335489    2.86282245    2.80673849    2.41993244    3.12556639    2.77388490    2.90717909    2.37448496    2.42735149    2.79593417    2.76797595    3.09519590    2.61135414    3.25771190    2.43496953    1.63245388    1.36068485    1.32907162    1.59043974    1.64993913    1.36277702    1.17977582    1.54532853    1.33108044    1.35155198    1.42391494    1.50098674    1.49854520    1.36014232    1.13778630    1.59805617    1.43618034    1.42951376    1.51834515    1.75208578    1.47208702    1.85550171    1.53238316    1.60572886    1.63006838
A4AQ79_MARSH/3-151     1.04473786    0.00000000    0.54671801    0.42508949    0.51992723    0.44109087    0.36454122    0.43108280    0.62038970    0.41211266    0.44721420    0.29015294    0.46073807    0.65125374    0.89754857    1.62593067    1.23215517    1.02651669    1.49324923    1.46587623    1.12426169    0.97892252    2.62032724    2.73363264    2.57719431    2.56850482    2.75018671    3.53522893    2.39113984    2.08624234    2.75015645    2.75034675    2.46557984    2.40914886    2.50989172    3.00790794    2.58449990    2.76300182    2.16787111    2.68235711    2.14680266    1.38263125    1.42153793    1.29839931    1.67083001    1.41366560    1.25350980    1.24644569    1.07753385    1.04949230    1.09196733    1.23387822    1.12389954    1.31682562    1.24110225    1.19587816    1.26744062    1.21854256    1.45875882    1.12308553    1.49120006    1.28711006    1.34946170    1.43248728    1.48603531    1.46789780
F4AYF8_DOKS4/3-152     1.20823316    0.54671801    0.00000000    0.45627493    0.64758457    0.67362492    0.44679277    0.54692548    0.67297950    0.49507648    0.58883846    0.60528933    0.58670547    0.94725504    1.20476112    1.72503695    1.40807478    1.32152797    1.54653641    1.51952026    1.16965968    1.08571744    2.69591299    2.53890419    2.41290102    2.49530347    2.79892551    3.10786970    2.26455000    1.93199949    2.97137337    2.77469749    2.36020850    2.22494383    1.99308629    2.57408207    2.45833744    2.81345007    1.97731775    2.41499912    2.02005564    1.55456849    1.34612598    1.47857906    1.75107410    1.49063373    1.29435090    1.32106226    1.25713925    1.23627706    1.19733649    1.52805925    1.47701751    1.62208414    1.55933534    1.36892282    1.50103578    1.60509488    1.75648014    1.36946856    1.29495195    1.49154397    1.59825140    1.40356194    1.52923670    1.63579599
I3YY30_AEQSU/3-152     1.35527773    0.42508949    0.45627493    0.00000000    0.56283407    0.53954155    0.35677003    0.46234341    0.61575200    0.45287842    0.48797133    0.44218512    0.58760541    0.91965105    1.11700960    1.84765360    1.33047650    1.25399912    1.48072110    1.43289893    1.19964959    1.12317129    2.96231173    2.77064604    2.60758382    2.53415271    2.83677032    3.24826685    2.24314765    2.16542208    2.93758101    2.81577929    2.46563967    2.70204155    2.19521930    2.74695559    2.45995505    3.06658079    1.83563951    2.51532161    2.22559622    1.41320793    1.40805658    1.40463034    1.75262128    1.47602380    1.31065592    1.38662755    1.09516614    1.23853394    1.11506164    1.33671759    1.27655158    1.35339863    1.31723343    1.34086197    1.41400775    1.43703258    1.44982782    1.46467707    1.37208015    1.53265850    1.43754425    1.51120362    1.47718500    1.55512377
H1Z7T4_MYROD/3-152     1.16011652    0.51992723    0.64758457    0.56283407    0.00000000    0.42187376    0.37771454    0.49369800    0.58435108    0.48804635    0.51258890    0.52408811    0.56009242    1.00363830    1.15689048    1.69295297    1.32699325    1.10015902    1.42765324    1.57095930    1.17389528    1.04016660    3.01872382    2.86649725    2.76148183    2.50651013    2.80409975    3.45783314    2.71401568    2.30402750    2.97507477    2.68338576    2.52798664    2.87777278    2.47739992    3.06101915    2.38439772    2.96226145    2.46672282    3.05394829    2.10213073    1.27843679    1.49736976    1.54542793    1.84437646    1.30247263    1.51700362    1.23195801    1.24677773    1.19361206    1.30812260    1.19711365    1.23259274    1.42930364    1.29638766    1.21331967    1.46266666    1.70714872    1.63252671    1.39157931    1.60058000    1.59676273    1.82431766    1.47223802    1.48178887    1.57096956
G2Z3K3_FLABF/3-152     1.15051836    0.44109087    0.67362492    0.53954155    0.42187376    0.00000000    0.43611208    0.45798961    0.60692904    0.56960222    0.51457905    0.43837344    0.51704173    0.90035154    1.05351812    1.67222767    1.10500818    1.13069162    1.63797747    1.39376055    1.30593076    1.10328310    2.62675635    2.72104811    2.49135103    2.54654245    2.58641852    3.34069423    2.63983947    2.15130083    2.99268788    2.72778375    2.80053646    2.66568818    2.41212153    3.01445983    2.75800676    2.73686796    2.24407063    2.90549389    2.00970685    1.43543177    1.57116547    1.47428042    1.67678696    1.40868240    1.40223762    1.14680612    1.28979507    1.14444831    1.17317998    1.25968214    1.18001175    1.39897278    1.29103731    1.27448286    1.50870858    1.31704588    1.34644604    1.36308499    1.30918287    1.48492587    1.52073485    1.47044763    1.33118471    1.53020465
H8XU13_FLAIG/3-150     1.15782707    0.36454122    0.44679277    0.35677003    0.37771454    0.43611208    0.00000000    0.33342021    0.56387469    0.40780735    0.43353009    0.40170555    0.49055060    0.85901605    1.02572419    1.79399671    1.25173402    1.09367658    1.47686459    1.42618275    1.08557775    1.05462087    2.68665891    2.84329847    2.51166983    2.38730193    2.64078877    3.12128980    2.34662797    2.32214941    3.03250633    2.66606825    2.20753160    2.70693141    2.38309663    3.01061244    2.48352669    2.58358519    2.02195276    2.94205552    2.12400477    1.22717291    1.37181950    1.43873023    1.67704033    1.45089389    1.35055168    1.27486071    1.11028295    1.12435761    1.11861786    1.29351888    1.19656648    1.49139379    1.17226850    1.15382454    1.35513234    1.49446206    1.47777809    1.34939171    1.25366397    1.47981603    1.59175020    1.21682951    1.36307014    1.45243897
T2KKN1_FORAG/3-152     1.15758335    0.43108280    0.54692548    0.46234341    0.49369800    0.45798961    0.33342021    0.00000000    0.51235190    0.34596627    0.47964819    0.41618871    0.45507850    0.79671234    0.90652399    1.77248019    1.23110531    1.06307055    1.58435121    1.44492974    1.23248283    1.03999679    2.78364402    2.76538285    2.60454119    2.38296818    2.54216824    3.04856248    2.29044575    2.12529348    2.97498347    2.77883445    2.49125748    2.71963114    2.36441824    2.98664598    2.47897755    2.78712224    2.11860064    2.94107467    2.14025065    1.40639026    1.31052472    1.43049269    1.64589064    1.36415785    1.27034684    1.22211365    0.99307747    1.12205289    1.13706181    1.21254244    1.19395622    1.43050448    1.15116668    1.18101475    1.35867326    1.48975738    1.51683688    1.26718295    1.29863016    1.31984725    1.33833182    1.43239636    1.50329648    1.29880624
A3U975_CROAH/3-151     1.17945924    0.62038970    0.67297950    0.61575200    0.58435108    0.60692904    0.56387469    0.51235190    0.00000000    0.52117717    0.67644132    0.57493896    0.59357660    0.83975526    1.05180092    1.72292105    1.36356436    1.20411847    1.28083986    1.65082377    1.29900412    1.21761750    3.20027374    3.08448589    2.87138293    2.58356707    2.73279538    3.05165816    2.38526300    1.99716172    2.74382585    2.83439331    2.49046858    2.54899180    2.33636620    3.16758225    2.19164455    2.71018074    2.35117150    2.63745578    2.23624817    1.63024988    1.49914198    1.53032810    1.57526994    1.45593823    1.42952083    1.25795582    1.16734219    1.26344012    1.15958917    1.33968835    1.28536554    1.52996946    1.43873987    1.16761665    1.37916424    1.37793203    1.46826456    1.30414646    1.32703111    1.56056954    1.60235172    1.59573318    1.45055816    1.47788744
F6GF43_LACS5/3-152     1.06876599    0.41211266    0.49507648    0.45287842    0.48804635    0.56960222    0.40780735    0.34596627    0.52117717    0.00000000    0.49117502    0.46082479    0.45964230    0.89890441    0.92430119    1.85533383    1.25941687    1.13550709    1.41724155    1.41843663    1.19336439    1.15337267    2.89924725    2.96893762    2.86171396    2.74219381    3.07734501    3.07744427    2.41504260    2.31616108    2.84933918    2.99118580    2.65259887    2.77217492    2.31902965    2.92944233    2.53919852    2.90899151    2.37570094    2.92998066    2.11828475    1.42023988    1.36715681    1.40956412    1.60452850    1.41167749    1.24429979    1.30485221    0.99213949    1.05111531    1.11164219    1.31885795    1.13078959    1.32698936    1.18122581    1.14972238    1.39837204    1.33479569    1.45143794    1.39379711    1.47477195    1.44077726    1.42153525    1.39837427    1.56224962    1.57271328
A2U0Z4_9FLAO/3-152     1.09320922    0.44721420    0.58883846    0.48797133    0.51258890    0.51457905    0.43353009    0.47964819    0.67644132    0.49117502    0.00000000    0.37126235    0.51765886    0.89109987    0.93905524    1.63297565    1.28533132    1.09412552    1.15012786    1.40847355    1.07232685    1.09131419    2.59715972    2.66157273    2.73245791    2.61283633    2.83175928    3.18894952    2.46990784    2.21251736    3.10489772    2.80126065    2.37912311    2.54488721    2.29601992    3.05279335    2.55023275    2.82210719    2.11038090    2.88875403    1.91636666    1.42680949    1.33400172    1.31041659    1.59799163    1.25089191    1.39978733    1.19399941    1.24497704    1.17019866    1.14291257    1.34152766    1.20924594    1.34604111    1.35293208    1.03214050    1.59238028    1.40368795    1.57278097    1.36756032    1.62021711    1.39107897    1.62541868    1.46056925    1.58196496    1.65943229
G0L8T7_ZOBGA/3-152     1.09447509    0.29015294    0.60528933    0.44218512    0.52408811    0.43837344    0.40170555    0.41618871    0.57493896    0.46082479    0.37126235    0.00000000    0.37003830    0.77110957    0.87005669    1.66536816    1.20709572    1.06446048    1.43431696    1.59618145    1.17735758    1.05124422    2.87086323    2.90765467    2.62686091    2.67634160    2.84590755    3.68445423    2.44689953    2.16796055    2.80114598    2.88977637    2.52662704    2.60862294    2.32778453    2.84651216    2.73684423    3.12453106    2.23254120    2.92780654    1.98226874    1.51588268    1.46624232    1.37533291    1.63291903    1.35463189    1.26133659    1.19374423    1.10458064    1.09975335    1.15080096    1.28105288    1.16237224    1.33820810    1.39946525    1.17684584    1.40166477    1.29145097    1.54803056    1.33033311    1.43907397    1.48467184    1.44991094    1.36003147    1.37249150    1.48131680
F0RIN8_CELLC/3-152     1.12663430    0.46073807    0.58670547    0.58760541    0.56009242    0.51704173    0.49055060    0.45507850    0.59357660    0.45964230    0.51765886    0.37003830    0.00000000    0.77297856    0.93603514    1.73134170    1.22014821    1.21359184    1.51573850    1.43789468    1.36700432    1.23018332    3.06512337    3.00882000    2.87756450    2.67376214    2.76036852    3.31383834    2.59701751    2.29190612    2.81961157    2.97542258    2.48734690    2.63069373    2.55514711    3.18873685    2.87372131    2.83397764    2.34575056    2.84530557    2.07280782    1.57180783    1.59059293    1.51118068    1.74134387    1.45316038    1.41692506    1.20624551    1.16242490    1.06417694    1.13329760    1.26071819    1.23731680    1.44014588    1.32298479    1.18261286    1.42606781    1.44924522    1.48633967    1.45550025    1.38502389    1.45605823    1.62743825    1.30735314    1.31717787    1.67669107
G2PQX7_MURRD/3-152     1.16824675    0.65125374    0.94725504    0.91965105    1.00363830    0.90035154    0.85901605    0.79671234    0.83975526    0.89890441    0.89109987    0.77110957    0.77297856    0.00000000    1.03491101    1.70511574    1.24206769    1.05543120    1.49079965    1.48291081    1.14077119    1.10953274    2.79650596    2.61113144    2.44411291    2.33573379    2.62032445    3.04514323    2.57465865    1.96837959    2.79989233    2.64500969    2.66732630    2.33592621    2.69154027    3.31364593    2.44037644    3.21224771    2.15346238    2.98850492    2.13623770    1.38045624    1.29027326    1.17070840    1.36976904    1.59724092    1.37625512    1.24129341    1.08663182    1.01159999    1.21450492    1.37008606    1.23204603    1.29408927    1.14274885    1.18136894    1.40173235    1.38634553    1.52736913    1.30094989    1.19116194    1.36001851    1.42988480    1.35623297    1.21118596    1.37869752
A4CNK7_ROBBH/3-152     1.21805757    0.89754857    1.20476112    1.11700960    1.15689048    1.05351812    1.02572419    0.90652399    1.05180092    0.92430119    0.93905524    0.87005669    0.93603514    1.03491101    0.00000000    1.42997055    1.11933681    1.30891862    1.62667510    1.72183438    1.31728444    1.38863673    2.98920350    2.60311102    2.43231319    2.61102700    2.68011181    2.98455375    2.75054951    2.47093020    2.86184805    2.71330176    2.74769921    2.49041188    2.38477640    3.09226267    2.47660811    2.79534276    2.41628069    3.60068306    2.29082532    1.52006452    1.37000603    1.25187510    1.76655592    1.46342129    1.26386429    1.14481912    1.32245348    1.03268640    1.39841380    1.42123538    1.22350572    1.50554299    1.28624690    1.20377025    1.62563586    1.37900653    1.54054107    1.34137791    1.43556291    1.32319332    1.52706129    1.39409120    1.30560075    1.46307878
H6L404_SAPGL/4-156     1.43590180    1.62593067    1.72503695    1.84765360    1.69295297    1.67222767    1.79399671    1.77248019    1.72292105    1.85533383    1.63297565    1.66536816    1.73134170    1.70511574    1.42997055    0.00000000    1.32149505    1.96821255    1.90298532    1.88664145    1.68113077    1.55724835    2.98672759    2.66936384    2.73027525    2.70821750    2.98998768    3.12687560    2.55229538    2.35150254    2.93125129    2.57016827    2.91140602    2.45895913    2.60328192    3.40974256    3.13965838    3.00819365    2.54206559    3.20847529    2.33767177    1.70107884    1.87698542    1.80453876    1.67847023    1.78358372    1.53028722    1.54896804    1.53326180    1.66480314    1.96376343    1.78353682    1.97181531    2.06706018    1.86447004    1.78277443    1.72749377    1.88999407    1.66962996    1.58320473    1.78195588    1.67443061    2.02124987    1.83010140    1.76944807    1.85663877
C7PI54_CHIPD/5-154     1.58637111    1.23215517    1.40807478    1.33047650    1.32699325    1.10500818    1.25173402    1.23110531    1.36356436    1.25941687    1.28533132    1.20709572    1.22014821    1.24206769    1.11933681    1.32149505    0.00000000    1.37958578    1.65965206    1.80707172    1.31793457    1.45543447    3.07426116    2.50806321    2.41010561    2.39392007    2.81306484    2.97118199    2.80786038    2.21775107    2.97820270    2.63253127    2.87532887    2.75199681    2.63695031    3.05435170    2.61480487    2.55091242    2.45583780    3.15017738    2.76939734    1.29316616    1.50254931    1.48614101    1.41639390    1.21271871    1.74384308    1.34454812    1.19034933    1.33357970    1.56098629    1.59002139    1.40765092    1.46733500    1.21868500    1.39463164    1.77056687    1.43659654    1.54729681    1.61095022    1.37087123    1.28508318    1.64439114    1.68458957    1.28627435    1.64686130
H8KPK7_SOLCM/4-155     1.39038605    1.02651669    1.32152797    1.25399912    1.10015902    1.13069162    1.09367658    1.06307055    1.20411847    1.13550709    1.09412552    1.06446048    1.21359184    1.05543120    1.30891862    1.96821255    1.37958578    0.00000000    1.49561692    1.58856909    1.43682025    1.38848329    2.34501646    2.72618711    2.52638652    2.56778128    2.64652912    3.27841715    2.69820517    2.25063898    2.80329685    2.61035397    2.45217691    2.50059765    2.14310047    2.52345784    2.42241966    2.81819782    2.22386609    2.87803228    2.03792014    1.34695859    1.25059629    1.28958538    1.64963388    1.52270255    1.65855362    1.50467093    1.35893726    1.21821735    1.49703836    1.36549742    1.63976733    1.36022102    1.51386679    1.44053076    1.57426301    1.60533339    1.51829867    1.34947207    1.47028754    1.47460004    1.60206751    1.43580894    1.64834728    1.66083222
J9R1S4_RIEAN/2-152     1.67632370    1.49324923    1.54653641    1.48072110    1.42765324    1.63797747    1.47686459    1.58435121    1.28083986    1.41724155    1.15012786    1.43431696    1.51573850    1.49079965    1.62667510    1.90298532    1.65965206    1.49561692    0.00000000    1.63033041    1.28180038    1.45904799    3.04243809    2.79372099    2.65263820    2.46714120    3.04345079    3.06935688    2.73153954    2.20273481    2.46258394    2.75383233    3.18258509    2.52093709    2.18227486    2.80443711    2.64408614    3.03849658    2.44699740    2.94889235    2.06229390    1.48590843    1.57292151    1.55309198    1.62076656    1.34217886    1.66945366    1.44696109    1.67813481    1.36536769    1.44744060    1.60643839    1.49502288    1.46612867    1.46980883    1.29774461    1.78413307    1.69674958    1.78089322    1.38889302    1.65346427    1.62209452    1.77806122    1.74893171    1.53119476    1.77629507
I4A0V1_ORNRL/3-150     2.11267183    1.46587623    1.51952026    1.43289893    1.57095930    1.39376055    1.42618275    1.44492974    1.65082377    1.41843663    1.40847355    1.59618145    1.43789468    1.48291081    1.72183438    1.88664145    1.80707172    1.58856909    1.63033041    0.00000000    1.32386837    1.60998657    2.66403505    3.27857056    3.10203819    3.51369392    3.30956030    3.38187220    2.76129569    2.92399414    2.95559823    3.16985206    2.91842555    2.98156811    2.51798765    2.96266365    2.61640276    3.23311166    2.76191457    2.76075199    2.00723239    1.80058302    1.75165307    1.94994354    1.70356926    2.04798696    2.13608864    1.95306049    1.97798554    1.65710536    1.50490800    1.92924280    1.97116900    1.77750206    1.73164245    1.73529067    1.93497940    1.73539599    1.57938530    1.49935736    2.09025720    2.12365724    1.78749560    1.54824246    1.86474153    1.69005013
F0NYT7_WEEVC/4-148     1.28455027    1.12426169    1.16965968    1.19964959    1.17389528    1.30593076    1.08557775    1.23248283    1.29900412    1.19336439    1.07232685    1.17735758    1.36700432    1.14077119    1.31728444    1.68113077    1.31793457    1.43682025    1.28180038    1.32386837    0.00000000    1.26078509    2.52558222    2.95710537    2.49210437    2.41520959    3.05071458    3.03823452    2.14888664    2.05985543    3.02357510    2.63859897    2.60811093    2.26212884    2.31901300    2.79080415    2.24048346    2.83849563    2.32416759    2.82759707    2.03673412    1.18165385    1.21804213    1.60539904    1.39805150    1.24134113    1.39363289    1.41878499    1.34152048    1.32185760    1.41934744    1.46464954    1.33637201    1.33788839    1.35781866    1.17237473    1.76967392    1.46894409    1.39750189    1.41938112    1.55671690    1.43301399    1.59037694    1.42495092    1.43798422    1.63572237
F4KWE2_HALH1/4-159     1.61534700    0.97892252    1.08571744    1.12317129    1.04016660    1.10328310    1.05462087    1.03999679    1.21761750    1.15337267    1.09131419    1.05124422    1.23018332    1.10953274    1.38863673    1.55724835    1.45543447    1.38848329    1.45904799    1.60998657    1.26078509    0.00000000    3.07190240    2.40080487    2.34320925    2.27211535    2.53589554    3.34801345    2.63480904    2.03197824    2.55163339    2.46730651    2.40077644    2.33137344    2.32271369    2.31043015    2.56710636    2.83061170    2.05337018    2.50724076    2.31073231    1.21360190    1.33679617    1.40925577    1.48989351    1.26462433    1.45620228    1.47631228    1.38098818    1.18006767    1.25585063    1.43929029    1.43214551    1.56429936    1.40911768    1.32950166    1.61341571    1.43279686    1.38644567    1.31442840    1.54743410    1.57602866    1.75798118    1.39077599    1.65138843    1.53669831
B3QU80_CHLT3/3-173     2.66387792    2.62032724    2.69591299    2.96231173    3.01872382    2.62675635    2.68665891    2.78364402    3.20027374    2.89924725    2.59715972    2.87086323    3.06512337    2.79650596    2.98920350    2.98672759    3.07426116    2.34501646    3.04243809    2.66403505    2.52558222    3.07190240    0.00000000    1.72941237    1.55142637    1.78333219    1.95069415    2.52903087    2.40475630    2.62989905    3.38618707    2.92621238    3.45773815    3.01895772    2.85948579    2.51230431    3.07919202    2.95282410    2.77238843    3.13274585    2.58365734    2.45882157    2.44572859    3.00435524    2.89778491    2.59805410    2.43073789    2.89975614    2.90424301    2.77223707    2.27142790    2.76696426    2.83130594    2.53129000    2.59467334    2.33655352    3.15326500    2.33294762    2.55872931    2.60886647    2.31125047    2.98243924    2.25570870    2.84898454    2.83012832    2.71341212
B4SEQ7_PELPB/3-177     2.92812253    2.73363264    2.53890419    2.77064604    2.86649725    2.72104811    2.84329847    2.76538285    3.08448589    2.96893762    2.66157273    2.90765467    3.00882000    2.61113144    2.60311102    2.66936384    2.50806321    2.72618711    2.79372099    3.27857056    2.95710537    2.40080487    1.72941237    0.00000000    0.61777726    0.84708824    1.19955507    1.98902246    2.17770967    1.84173798    2.49333643    2.96765367    2.98595962    2.72154504    2.67656812    2.69116477    2.80788321    2.59288786    2.42550766    2.56403590    2.64273217    2.41834449    2.54029977    2.91214530    2.66156024    2.27925065    2.11450011    2.63538883    2.69230042    2.19058265    3.02208855    2.62596303    2.59268729    2.41276687    2.54893948    2.83715975    2.94755505    2.63312405    2.85998526    2.35108731    2.27396852    2.75019724    2.82619038    2.87383389    2.63125735    2.57056206
Q3ATV0_CHLCH/3-177     2.95517064    2.57719431    2.41290102    2.60758382    2.76148183    2.49135103    2.51166983    2.60454119    2.87138293    2.86171396    2.73245791    2.62686091    2.87756450    2.44411291    2.43231319    2.73027525    2.41010561    2.52638652    2.65263820    3.10203819    2.49210437    2.34320925    1.55142637    0.61777726    0.00000000    0.92485503    1.14221293    2.09984013    2.15204771    2.15361204    2.59138736    2.80551496    2.98062092    2.81742059    2.48074782    2.39679979    2.36859638    2.55094066    2.29200495    2.36803773    2.59004842    2.38663029    2.56765727    2.62769972    2.56607618    2.70260494    2.16028960    2.51886616    2.35483084    2.01612351    2.68410029    2.51203401    2.74379197    2.14636686    2.37407149    2.65075683    2.58358347    2.78786679    2.79161053    2.17981483    2.16129768    2.92977787    2.60167349    2.51268139    2.58377687    2.55116454
A1BI23_CHLPD/3-178     2.63357031    2.56850482    2.49530347    2.53415271    2.50651013    2.54654245    2.38730193    2.38296818    2.58356707    2.74219381    2.61283633    2.67634160    2.67376214    2.33573379    2.61102700    2.70821750    2.39392007    2.56778128    2.46714120    3.51369392    2.41520959    2.27211535    1.78333219    0.84708824    0.92485503    0.00000000    1.13654757    2.10509556    1.86883994    1.90191999    2.54316819    2.65071862    2.86194835    2.54605273    2.68697047    2.68144105    2.71946561    2.53574185    2.28148478    2.61695062    2.52131625    2.36712221    2.41138459    2.32577683    2.50280258    2.44175563    1.75250198    2.55531706    2.58992959    2.15132269    2.62193762    2.28982943    2.52802399    2.51798444    2.51474150    2.73297547    2.50899423    2.67706804    2.89580644    2.30718831    2.20396473    2.69779783    2.53261174    2.98382927    2.37996344    2.24380217
Q8KC60_CHLTE/3-177     3.11335489    2.75018671    2.79892551    2.83677032    2.80409975    2.58641852    2.64078877    2.54216824    2.73279538    3.07734501    2.83175928    2.84590755    2.76036852    2.62032445    2.68011181    2.98998768    2.81306484    2.64652912    3.04345079    3.30956030    3.05071458    2.53589554    1.95069415    1.19955507    1.14221293    1.13654757    0.00000000    2.53140712    2.22101724    2.43345652    2.55104353    2.82760540    2.55095216    2.39309500    2.54674452    2.47449270    2.67475275    2.59819302    2.68913947    2.65346975    2.87367402    2.44070873    3.06432006    2.83612290    2.52625427    2.68510196    2.29523512    2.74073248    2.75758588    2.44383145    3.13810254    2.94923684    2.93811067    2.51151887    2.77116236    2.90088883    2.82932763    3.10488361    2.95841005    2.31991842    2.69555797    2.68419840    2.61059176    2.76077765    2.92644117    2.53350314
Q2S182_SALRD/3-174     2.86282245    3.53522893    3.10786970    3.24826685    3.45783314    3.34069423    3.12128980    3.04856248    3.05165816    3.07744427    3.18894952    3.68445423    3.31383834    3.04514323    2.98455375    3.12687560    2.97118199    3.27841715    3.06935688    3.38187220    3.03823452    3.34801345    2.52903087    1.98902246    2.09984013    2.10509556    2.53140712    0.00000000    2.47789806    2.81754937    2.66385000    2.73231564    2.89637742    2.88357711    2.84244165    2.98209913    2.75009530    2.54997497    2.29689456    2.52703250    3.01417151    2.79985353    2.39982929    2.91971550    3.13084108    3.38705846    2.67916038    2.86633371    3.16809421    3.05898098    3.53630428    3.36436225    3.32999984    2.76316980    2.37977287    3.70656995    3.28914658    3.46597753    3.33679764    3.44273890    3.31301856    3.20632654    3.54546763    3.63977628    3.72313184    3.49154342
I0AGI1_IGNAJ/3-173     2.80673849    2.39113984    2.26455000    2.24314765    2.71401568    2.63983947    2.34662797    2.29044575    2.38526300    2.41504260    2.46990784    2.44689953    2.59701751    2.57465865    2.75054951    2.55229538    2.80786038    2.69820517    2.73153954    2.76129569    2.14888664    2.63480904    2.40475630    2.17770967    2.15204771    1.86883994    2.22101724    2.47789806    0.00000000    2.15728356    2.37950839    2.85470083    3.09896275    2.68333248    2.62470069    3.03004607    2.38218195    2.43044646    2.19783323    2.04162134    2.48748169    2.87208819    2.43076247    2.59134567    2.52536309    2.78005447    1.93663036    2.70397976    2.85218557    2.16368762    2.02139296    2.63712584    2.56496668    2.46258156    2.66647110    2.53579330    2.08130785    2.60072348    2.33171435    2.27379257    2.38010353    2.90692376    2.26433260    3.26142972    2.64771404    2.53499175
I6ZUN6_MELRP/5-168     2.41993244    2.08624234    1.93199949    2.16542208    2.30402750    2.15130083    2.32214941    2.12529348    1.99716172    2.31616108    2.21251736    2.16796055    2.29190612    1.96837959    2.47093020    2.35150254    2.21775107    2.25063898    2.20273481    2.92399414    2.05985543    2.03197824    2.62989905    1.84173798    2.15361204    1.90191999    2.43345652    2.81754937    2.15728356    0.00000000    2.48853506    2.67563774    3.32886637    3.10402965    2.44586999    2.57506795    2.65592371    2.54849105    2.08347357    2.71281955    2.70689264    2.19595860    1.96513208    2.00070154    2.00546357    1.96790541    2.15586162    2.34900402    2.26364559    1.77998317    2.22843167    2.00215854    2.11821150    1.99565257    2.28805289    1.66177056    2.39585039    2.08181881    2.49267687    2.00661259    2.14589807    2.55385400    2.23170855    2.59893811    2.69810260    1.97243471
Q7UT79_RHOBA/22-208     3.12556639    2.75015645    2.97137337    2.93758101    2.97507477    2.99268788    3.03250633    2.97498347    2.74382585    2.84933918    3.10489772    2.80114598    2.81961157    2.79989233    2.86184805    2.93125129    2.97820270    2.80329685    2.46258394    2.95559823    3.02357510    2.55163339    3.38618707    2.49333643    2.59138736    2.54316819    2.55104353    2.66385000    2.37950839    2.48853506    0.00000000    1.43430774    3.63641534    2.61759853    2.81576907    3.14994395    3.01232496    2.88506637    3.07724028    2.65116648    2.85841483    2.81729090    2.66396561    2.15675213    2.54156484    2.81404913    2.82576356    2.80372156    2.88196319    2.60239871    3.46099546    2.94474285    2.96515544    2.52565355    2.78162274    2.89140524    2.79875670    2.90098634    3.06393760    2.68264436    2.96593278    3.00056755    3.14247295    3.45340247    2.93066045    2.96000288
D2R3E6_PIRSD/3-173     2.77388490    2.75034675    2.77469749    2.81577929    2.68338576    2.72778375    2.66606825    2.77883445    2.83439331    2.99118580    2.80126065    2.88977637    2.97542258    2.64500969    2.71330176    2.57016827    2.63253127    2.61035397    2.75383233    3.16985206    2.63859897    2.46730651    2.92621238    2.96765367    2.80551496    2.65071862    2.82760540    2.73231564    2.85470083    2.67563774    1.43430774    0.00000000    3.09828769    2.60928410    2.78197797    2.70357154    2.68127069    2.62808379    2.32972385    2.57972824    2.23450060    2.48736133    2.54548464    2.64932415    2.16843066    2.58764147    2.59558422    2.30867383    2.98474374    2.49260928    3.12856566    2.55509457    2.62725008    2.61297340    2.68923622    2.76876204    2.63224982    3.02313052    3.05639018    2.96841276    2.70975170    2.77570599    3.25041666    2.75100649    2.58640065    2.67943549
W0RJW0_9BACT/4-163     2.90717909    2.46557984    2.36020850    2.46563967    2.52798664    2.80053646    2.20753160    2.49125748    2.49046858    2.65259887    2.37912311    2.52662704    2.48734690    2.66732630    2.74769921    2.91140602    2.87532887    2.45217691    3.18258509    2.91842555    2.60811093    2.40077644    3.45773815    2.98595962    2.98062092    2.86194835    2.55095216    2.89637742    3.09896275    3.32886637    3.63641534    3.09828769    0.00000000    1.13996674    2.32500599    2.64771829    2.64171764    2.44809078    1.95696114    2.24281079    2.58281607    2.21381435    2.67862920    2.91392694    2.70881114    2.34433395    2.52243508    2.41844431    2.58309716    2.60979995    3.10500640    3.01375762    2.52776805    2.69400414    2.45882510    2.62645049    2.53236465    3.15166422    3.42930631    2.86005263    2.78574303    2.70387230    3.02070264    2.45313341    2.65233652    2.84326599
C1A8M0_GEMAT/2-159     2.37448496    2.40914886    2.22494383    2.70204155    2.87777278    2.66568818    2.70693141    2.71963114    2.54899180    2.77217492    2.54488721    2.60862294    2.63069373    2.33592621    2.49041188    2.45895913    2.75199681    2.50059765    2.52093709    2.98156811    2.26212884    2.33137344    3.01895772    2.72154504    2.81742059    2.54605273    2.39309500    2.88357711    2.68333248    3.10402965    2.61759853    2.60928410    1.13996674    0.00000000    1.91395138    2.28360851    2.61972177    2.88314313    2.56554212    2.66645931    2.94116737    2.17963638    2.84121262    2.53368112    2.67775192    2.25504116    2.18310328    2.13320029    2.49795124    2.34343468    2.47243646    2.60386569    2.48674487    2.31397028    2.25695221    2.30463880    2.65213074    2.54885738    3.05120157    2.51426466    2.64209932    2.35974614    2.82344030    2.46043265    2.76226495    2.77756861
A5UWM0_ROSS1/6-179     2.42735149    2.50989172    1.99308629    2.19521930    2.47739992    2.41212153    2.38309663    2.36441824    2.33636620    2.31902965    2.29601992    2.32778453    2.55514711    2.69154027    2.38477640    2.60328192    2.63695031    2.14310047    2.18227486    2.51798765    2.31901300    2.32271369    2.85948579    2.67656812    2.48074782    2.68697047    2.54674452    2.84244165    2.62470069    2.44586999    2.81576907    2.78197797    2.32500599    1.91395138    0.00000000    1.20624211    2.52289690    2.57539173    2.21394636    2.72706480    2.21158675    2.30146847    2.11132462    2.18811942    2.53580215    2.19752706    2.38269675    2.35499808    2.57453614    2.15199289    2.30830169    2.20993786    2.49778603    2.21702757    2.31607245    2.19077520    2.51391833    2.77129954    2.75506384    2.48802627    2.17218318    3.11629264    2.20410084    2.41429286    2.77416240    2.73837431
A9WIF2_CHLAA/3-172     2.79593417    3.00790794    2.57408207    2.74695559    3.06101915    3.01445983    3.01061244    2.98664598    3.16758225    2.92944233    3.05279335    2.84651216    3.18873685    3.31364593    3.09226267    3.40974256    3.05435170    2.52345784    2.80443711    2.96266365    2.79080415    2.31043015    2.51230431    2.69116477    2.39679979    2.68144105    2.47449270    2.98209913    3.03004607    2.57506795    3.14994395    2.70357154    2.64771829    2.28360851    1.20624211    0.00000000    2.41905289    2.46680215    2.40718233    2.68286684    2.63278165    2.74921494    2.68240811    2.76499481    2.73289900    2.63070073    2.43476438    2.56656227    3.21441796    2.58149299    2.83057254    2.89228958    3.38962915    2.76481465    2.83986145    2.51540102    2.83614564    3.11920244    3.73099255    2.73866006    2.42336666    3.99545817    2.94907982    2.22433663    3.32342279    3.01791414
F0SG54_RUBBR/7-173     2.76797595    2.58449990    2.45833744    2.45995505    2.38439772    2.75800676    2.48352669    2.47897755    2.19164455    2.53919852    2.55023275    2.73684423    2.87372131    2.44037644    2.47660811    3.13965838    2.61480487    2.42241966    2.64408614    2.61640276    2.24048346    2.56710636    3.07919202    2.80788321    2.36859638    2.71946561    2.67475275    2.75009530    2.38218195    2.65592371    3.01232496    2.68127069    2.64171764    2.61972177    2.52289690    2.41905289    0.00000000    1.58378414    2.36862237    2.10645575    2.67924409    2.67441190    2.38944986    2.48110692    2.77690323    2.70949228    2.58406188    2.88164397    2.57367694    2.50678521    2.68255538    2.96263411    2.64898902    2.41711219    2.75471180    2.18800157    2.78689835    2.79259661    2.98640377    2.30822597    2.75234721    2.90428044    2.79342038    2.53997958    3.13215522    2.48371412
D5SR32_PLAL2/3-172     3.09519590    2.76300182    2.81345007    3.06658079    2.96226145    2.73686796    2.58358519    2.78712224    2.71018074    2.90899151    2.82210719    3.12453106    2.83397764    3.21224771    2.79534276    3.00819365    2.55091242    2.81819782    3.03849658    3.23311166    2.83849563    2.83061170    2.95282410    2.59288786    2.55094066    2.53574185    2.59819302    2.54997497    2.43044646    2.54849105    2.88506637    2.62808379    2.44809078    2.88314313    2.57539173    2.46680215    1.58378414    0.00000000    2.45798901    2.12637018    2.46323925    2.93359365    2.71682394    2.87904562    3.30244520    2.61422311    3.10545926    2.94463558    2.84135909    2.51407181    2.69516177    2.87725055    2.58381161    2.64607399    2.61945456    3.02571395    3.21423986    3.28565002    3.14369715    2.85951821    2.61661826    2.89791744    3.68103651    3.17703953    3.37533664    3.08539554
E8QZD4_ISOPI/7-187     2.61135414    2.16787111    1.97731775    1.83563951    2.46672282    2.24407063    2.02195276    2.11860064    2.35117150    2.37570094    2.11038090    2.23254120    2.34575056    2.15346238    2.41628069    2.54206559    2.45583780    2.22386609    2.44699740    2.76191457    2.32416759    2.05337018    2.77238843    2.42550766    2.29200495    2.28148478    2.68913947    2.29689456    2.19783323    2.08347357    3.07724028    2.32972385    1.95696114    2.56554212    2.21394636    2.40718233    2.36862237    2.45798901    0.00000000    1.08920952    2.67549085    2.57308896    2.00139938    2.34469721    2.38944097    2.40593922    2.70740133    2.54618286    2.21095933    2.27676906    2.46508255    2.43991205    2.36410961    2.39684613    2.25884609    2.26664060    2.25106739    2.64614819    2.82046976    2.34607450    2.45611229    2.86660937    2.24403765    2.47287310    2.74918184    2.40012106
L0DDT3_SINAD/3-170     3.25771190    2.68235711    2.41499912    2.51532161    3.05394829    2.90549389    2.94205552    2.94107467    2.63745578    2.92998066    2.88875403    2.92780654    2.84530557    2.98850492    3.60068306    3.20847529    3.15017738    2.87803228    2.94889235    2.76075199    2.82759707    2.50724076    3.13274585    2.56403590    2.36803773    2.61695062    2.65346975    2.52703250    2.04162134    2.71281955    2.65116648    2.57972824    2.24281079    2.66645931    2.72706480    2.68286684    2.10645575    2.12637018    1.08920952    0.00000000    2.57692186    2.66087011    2.31471759    2.46379474    2.33366289    2.64406738    2.90266737    2.91120393    2.74105701    2.96344210    3.11946526    2.72118609    2.76782591    2.29918861    2.60668828    2.91551413    3.06970167    3.50509711    3.36382669    3.06401618    3.12963000    2.84590940    2.81081384    3.13878361    2.91981370    3.02970880
B0VIB2_CLOAI/17-175     2.43496953    2.14680266    2.02005564    2.22559622    2.10213073    2.00970685    2.12400477    2.14025065    2.23624817    2.11828475    1.91636666    1.98226874    2.07280782    2.13623770    2.29082532    2.33767177    2.76939734    2.03792014    2.06229390    2.00723239    2.03673412    2.31073231    2.58365734    2.64273217    2.59004842    2.52131625    2.87367402    3.01417151    2.48748169    2.70689264    2.85841483    2.23450060    2.58281607    2.94116737    2.21158675    2.63278165    2.67924409    2.46323925    2.67549085    2.57692186    0.00000000    2.05245383    2.12101079    2.16208881    2.34102483    2.28703616    2.26324687    2.27794066    2.22193518    2.11494369    2.15865729    1.99398588    2.12039615    2.31522742    1.94292651    2.28790139    2.19469022    2.66682718    2.49941879    2.32592142    2.22403127    2.33631188    2.41271150    2.31091254    2.25073963    2.13810412
C6XTZ4_PEDHD/3-153     1.63245388    1.38263125    1.55456849    1.41320793    1.27843679    1.43543177    1.22717291    1.40639026    1.63024988    1.42023988    1.42680949    1.51588268    1.57180783    1.38045624    1.52006452    1.70107884    1.29316616    1.34695859    1.48590843    1.80058302    1.18165385    1.21360190    2.45882157    2.41834449    2.38663029    2.36712221    2.44070873    2.79985353    2.87208819    2.19595860    2.81729090    2.48736133    2.21381435    2.17963638    2.30146847    2.74921494    2.67441190    2.93359365    2.57308896    2.66087011    2.05245383    0.00000000    0.90403758    1.19430442    1.11417881    1.23848344    1.46262388    1.42286688    1.24228341    1.36064435    1.55162317    1.54985615    1.20319785    1.20212318    0.96255298    1.24125570    1.41463116    1.52359175    1.62166363    1.45716591    1.41870539    1.13550777    1.59862255    1.42244268    1.61108124    1.45867425
