73
Q8XSF8_RALSO/552-658     0.00000000    0.95675349    1.21312636    0.89733103    1.11526973    0.90013027    0.84973206    1.16570734    1.14169851    1.11301614    1.31100404    1.36601104    1.70117564    1.42505459    1.43837865    1.43332094    1.44019323    1.45093424    1.56206170    1.43344631    1.39392011    1.25562484    1.66190000    2.22226461    1.78019791    1.82128216    2.06222185    2.22345668    1.95715425    1.97733152    1.93601629    1.96542879    1.80745020    1.91735480    1.81174429    1.84480847    1.71547068    1.87948200    1.81022402    1.97878650    1.42909593    1.78438892    1.79101242    1.28793977    1.28257595    1.38321284    1.44578970    1.53002621    1.54922444    1.36154662    1.46046221    1.48468455    1.35908603    1.27033469    1.46139483    1.60618785    1.35838245    1.41070897    1.53498969    1.70816511    1.28323186    1.46181112    1.81109365    1.68050981    1.62707185    1.74443776    1.94997424    1.05991606    1.03111400    1.16304272    1.09676468    1.04622677    1.13826746
Q8XUG8_RALSO/151-258     0.95675349    0.00000000    0.86134982    0.66615658    0.75898458    0.76671455    0.55439522    0.80749166    1.07363732    0.86047170    1.05774862    1.11303628    1.45548454    1.29959327    1.44342365    1.43968228    1.58220524    1.12624232    1.55584177    1.44916449    1.51323575    1.34919570    1.30170294    1.99287995    1.48941058    1.45998522    1.65455837    2.07015490    1.60361206    1.54335692    1.45239858    1.45065811    1.35998447    1.55083226    1.37621417    1.37084858    1.39091884    1.30943864    1.58221893    1.52592047    1.25661356    1.39857984    1.50759596    1.40904210    1.29569856    1.70883407    1.64322172    1.53103524    1.33646240    1.20408278    1.38641322    1.18300420    1.44441568    1.27800030    1.33812239    1.32463485    1.39061342    1.39128474    1.39702507    1.56548509    1.21498196    1.31109893    1.54320099    1.55090453    1.35980691    1.59408065    1.60000110    0.86293376    0.67124608    0.83264142    1.09323729    0.98478041    0.76800086
D8IV57_HERSS/558-664     1.21312636    0.86134982    0.00000000    0.76982819    0.98623348    0.79124303    0.71642324    0.98515612    0.98041011    1.07307564    0.94479178    1.28040318    1.53873003    1.31649369    1.49005700    1.44393768    1.34308046    1.00448194    1.32368782    1.26930491    1.12455554    1.29852744    1.31617784    1.84750783    1.37484033    1.28557348    1.40966528    1.66967498    1.36706402    1.27663621    1.27016995    1.17325563    1.14546357    1.32307233    1.36610236    1.25892759    1.32919781    1.11373964    1.43118817    1.38522820    1.40611571    1.45556793    1.21304752    1.50700116    1.48116493    1.55801386    1.75976651    1.68228406    1.41362636    1.22299859    1.55322192    1.34107623    1.57594052    1.22695505    1.34153478    1.20534726    1.45432042    1.27627568    1.49053791    1.55341164    1.32885237    1.59672352    1.70593693    1.33662507    1.29496423    1.48251365    1.46188455    0.97019904    1.05232646    1.19609703    1.03153912    1.06804343    0.93304150
G0A9K9_COLFT/568-675     0.89733103    0.66615658    0.76982819    0.00000000    0.65811885    0.73037099    0.33306753    0.77387314    0.94074479    0.84153779    0.99141153    1.17723139    1.21855626    1.11303493    1.33692290    1.38483609    1.34514651    1.03099172    1.32859639    1.16875233    1.31938323    1.37109882    1.37015859    1.86634998    1.65694168    1.56102463    1.74542165    1.82708242    1.49263300    1.60387263    1.40893624    1.36635382    1.45943901    1.59320700    1.69484911    1.53060445    1.54270980    1.32568522    1.49057768    1.51047721    1.33989009    1.56037714    1.50130942    1.21118239    1.17938640    1.38801353    1.55339060    1.45494337    1.47810478    1.36789495    1.31517827    1.32285747    1.34265542    1.23057103    1.42389199    1.38041902    1.43557524    1.22887956    1.48995240    1.72626880    1.42793270    1.47352277    1.66753404    1.51711781    1.36902381    1.47669084    1.72874245    0.77916459    0.71410530    0.70707269    0.95367068    0.91491600    0.76096689
B9TF24_RICCO/289-399     1.11526973    0.75898458    0.98623348    0.65811885    0.00000000    0.67380614    0.59248557    1.13000256    1.15594428    1.19949527    1.09395224    1.48848144    1.55365106    1.56917391    1.65560392    1.68411970    1.70050864    1.46323671    1.65908052    1.53688290    1.48347150    1.53088813    1.29937929    1.71400726    1.57090950    1.46431995    1.63012340    1.94155151    1.68395035    1.67296560    1.43926322    1.46489082    1.51000449    1.32080490    1.44492867    1.41031920    1.53145369    1.20535741    1.50615943    1.37949720    1.35377687    1.33299132    1.41032723    1.38182568    1.44538724    1.80171504    1.98267602    1.76978223    1.60183416    1.59521275    1.67234668    1.73762373    1.62965324    1.47471325    1.44462092    1.57311479    1.75530857    1.66708947    1.57240307    2.01634896    1.74087311    1.64997822    2.01112212    1.95994950    1.90487578    1.76151600    2.04309573    0.85981920    0.82198069    0.81565283    1.10772070    1.11541571    0.87624872
D8ITQ9_HERSS/556-663     0.90013027    0.76671455    0.79124303    0.73037099    0.67380614    0.00000000    0.59794195    0.94214122    0.92907564    0.96959589    1.09623242    1.36960699    1.37631310    1.15112473    1.34945822    1.47065720    1.50064478    1.17573845    1.40572424    1.24181957    1.41346095    1.24415467    1.35615964    2.09921917    1.64247710    1.38814056    1.59143868    1.88059692    1.69728838    1.46155481    1.53957482    1.49434057    1.44180176    1.42845165    1.44832664    1.41242246    1.35459520    1.30641760    1.60304294    1.32207239    1.38051743    1.35203871    1.33899653    1.07059425    1.31556095    1.68108594    1.67619579    1.34180725    1.60241089    1.44725508    1.41904299    1.32567017    1.47444920    1.47409846    1.24623348    1.27158008    1.44590915    1.12707625    1.39582833    1.50054390    1.28739957    1.52259606    1.92184745    1.56094325    1.60040343    1.60726154    1.72752453    0.93996909    0.97879822    0.97391821    1.00134840    0.97988607    1.00697129
Q63P68_BURPS/561-668     0.84973206    0.55439522    0.71642324    0.33306753    0.59248557    0.59794195    0.00000000    0.85749650    0.94875252    0.89406830    0.84941287    1.07067171    1.21397232    1.11642123    1.23709309    1.38205283    1.22644320    1.03146050    1.32718108    1.14967259    1.17302473    1.33442958    1.22240767    1.74978036    1.39572208    1.47555041    1.51174191    1.70945715    1.42258978    1.48793319    1.29161976    1.31727974    1.37182319    1.48048236    1.39226998    1.38732437    1.44438037    1.26242937    1.38092715    1.41157310    1.23956533    1.56957725    1.48911116    1.09561550    1.10765909    1.43820922    1.35103583    1.30336771    1.20104051    1.17088898    1.10450811    1.15147154    1.25545246    1.08853913    1.27596343    1.26275378    1.45957919    1.13259891    1.31212506    1.53556537    1.20583489    1.19029085    1.57740061    1.42139054    1.20154260    1.33769279    1.52221908    0.76036014    0.65840566    0.75170474    0.87942113    0.85670137    0.74029671
Q6FFL7_ACIAD/559-666     1.16570734    0.80749166    0.98515612    0.77387314    1.13000256    0.94214122    0.85749650    0.00000000    0.67154884    0.43596460    1.09069256    1.24918060    1.19270054    1.16001316    1.32234040    1.31070314    1.40634433    1.02354746    1.27411914    1.18776739    1.31000935    1.04146758    1.06123067    1.64571751    1.55777133    1.25891876    1.30532991    1.59891306    1.15719322    1.37535619    1.00727330    1.09670215    1.12216793    1.21359793    1.27400313    1.17805341    1.22747212    0.96765837    1.37728634    1.23712277    1.27010209    1.48333283    1.36256926    1.00897767    1.27523625    1.26859693    1.32329922    1.26690140    1.17167233    1.14813656    1.15709102    0.95846459    1.11074526    0.99422455    1.30728062    1.14933048    1.12007044    1.15819014    1.43174166    1.33352054    1.07898006    1.07168290    1.28022747    1.11632262    1.18591623    1.01264933    1.26129705    0.95371614    1.04007281    1.11509042    0.93592942    0.97420559    0.79651566
Q6F782_ACIAD/563-669     1.14169851    1.07363732    0.98041011    0.94074479    1.15594428    0.92907564    0.94875252    0.67154884    0.00000000    0.57395762    1.16201422    1.42929293    1.39181524    1.35325973    1.42647871    1.63302005    1.70231197    1.26160592    1.47046875    1.24418416    1.43776239    1.30297294    1.15011982    1.84238010    1.37764365    1.38040604    1.31703307    1.72501891    1.42171609    1.38827347    1.15837156    1.31680408    1.24383923    1.27754207    1.27892871    1.30209217    1.21049769    1.20172856    1.49686041    1.50722678    1.42089686    1.64336495    1.34999970    1.20877911    1.59429655    1.49849889    1.54096010    1.39986989    1.53364011    1.36016108    1.47780978    1.26032139    1.38091792    1.25138957    1.36320873    1.23467111    1.41977774    1.40729829    1.60787558    1.61529225    1.43230822    1.33920805    1.72203298    1.35309339    1.36889342    1.38674072    1.56911704    1.13833970    1.06208774    1.14371065    0.89342865    0.97651659    1.02443054
Q6FBD8_ACIAD/560-667     1.11301614    0.86047170    1.07307564    0.84153779    1.19949527    0.96959589    0.89406830    0.43596460    0.57395762    0.00000000    1.04118310    1.33746477    1.18470512    1.19435653    1.40949073    1.33227666    1.77979335    1.18699594    1.28838877    1.25249329    1.33317993    1.15091392    0.96203325    1.57281407    1.15827672    1.25659784    1.24791344    1.45094443    1.21428914    1.15552873    1.14762665    1.16019772    0.95888243    1.12785701    1.18893071    1.14147871    1.07102545    1.00488582    1.43304440    1.42678193    1.19208221    1.17522108    1.45408663    1.07757990    1.20813898    1.17505815    1.50681608    1.37198132    1.17491473    1.26188188    1.46208291    1.22923302    1.28716156    1.19184439    1.29335661    1.16096401    1.10431325    1.12481118    1.35569820    1.38860022    1.11743846    1.10481199    1.21441053    1.08341811    1.00074888    0.94823609    1.26943646    1.04795714    0.94417331    1.15193218    0.82626189    0.92646976    0.81039085
Q0KDW7_CUPNH/501-607     1.31100404    1.05774862    0.94479178    0.99141153    1.09395224    1.09623242    0.84941287    1.09069256    1.16201422    1.04118310    0.00000000    0.89678735    1.07623373    0.99222628    1.26059733    1.46137306    1.50968752    0.80927681    1.10786461    0.99519382    1.13733137    0.89348179    1.02378103    1.60901631    1.20398457    1.33583009    1.68053175    1.46727480    1.27158805    1.44632575    1.25118783    1.25447360    1.23675441    1.31162938    1.20082101    1.22321809    1.31103566    1.11241871    1.48062491    1.34190685    1.38366186    1.29135173    1.40712258    1.42671792    1.35910265    1.57996867    1.46731406    1.79245764    1.50461756    1.57837532    1.82079060    1.69876276    1.80677107    1.47039116    1.61039291    1.50354070    1.57725962    1.47643879    1.48512510    1.57130669    1.41387187    1.22267211    1.73283653    1.56430754    1.51945695    1.40910876    1.58996171    1.00206298    0.95793252    0.97457345    1.01358034    1.09932725    0.81232381
Q0K9J8_CUPNH/507-615     1.36601104    1.11303628    1.28040318    1.17723139    1.48848144    1.36960699    1.07067171    1.24918060    1.42929293    1.33746477    0.89678735    0.00000000    1.10923940    0.97231145    0.94851809    1.02961382    1.00842846    0.82030496    1.01662946    1.04022425    1.05528815    1.05433996    1.39449551    1.92208302    1.28491655    1.57690352    1.74839699    1.83981734    1.75145958    1.70822773    1.48376092    1.47633961    1.25708276    1.40874988    1.57684601    1.50289733    1.28502269    1.34363984    1.52953018    1.63170150    1.32144185    1.44035065    1.52135552    1.68482269    1.47678508    1.71887487    1.47113235    1.57831332    1.45330712    1.41261705    1.70993297    1.25850283    1.52299714    1.37747947    1.44700413    1.45957903    1.51824417    1.48223340    1.64027810    1.43480278    1.22436230    1.38783673    1.69642088    1.55859270    1.30490520    1.58816175    1.39866350    1.31754407    1.09105158    1.06371647    1.32552359    1.32927664    1.21934753
B2JMI2_PARP8/548-652     1.70117564    1.45548454    1.53873003    1.21855626    1.55365106    1.37631310    1.21397232    1.19270054    1.39181524    1.18470512    1.07623373    1.10923940    0.00000000    0.91245186    0.91353050    0.98143187    1.11897773    0.67020402    0.93531013    0.93880724    0.97838142    0.88032989    1.46217211    2.09442252    1.67365641    1.53370059    1.56265941    1.67946946    1.65662086    1.59552097    1.23697722    1.29856596    1.31624216    1.34303381    1.56810085    1.41046220    1.34035675    1.26668531    1.82536562    1.70885517    1.51529519    1.47921897    1.64972679    1.55552092    1.69734979    1.71823899    2.13687517    1.90291150    1.43927828    1.38761293    1.53227180    1.40931077    1.95618920    1.46655202    1.81189736    1.38274302    1.34880777    1.61414058    1.80125757    1.52156766    1.45566337    1.46720818    1.84228143    1.57182421    1.49603798    1.37699739    1.80504882    1.32090448    1.39922094    1.31731068    1.35990518    1.34245882    1.34217734
Q0JZD4_CUPNH/507-614     1.42505459    1.29959327    1.31649369    1.11303493    1.56917391    1.15112473    1.11642123    1.16001316    1.35325973    1.19435653    0.99222628    0.97231145    0.91245186    0.00000000    0.65709157    0.72546854    0.83894227    0.48132132    0.73198930    0.82422404    0.89523113    0.71372132    1.44270846    1.84838124    1.55074105    1.76056366    1.88130186    1.91473487    1.68344532    1.79845543    1.46641441    1.50075760    1.61951720    1.75212780    1.67062376    1.59510513    1.27684036    1.48254887    1.46058737    1.81729540    1.57052398    1.90634837    2.10838383    1.39732600    1.53708060    1.61996106    1.66800479    1.64471374    1.55165097    1.39519488    2.03327393    1.50699999    1.78053713    1.55437837    1.50201316    1.38916108    1.51870834    1.33424472    1.62285319    1.46777231    1.27247931    1.65544513    1.62482491    1.49462485    1.24734628    1.31916956    1.72672774    1.50873933    1.29506403    1.36729554    1.34274488    1.31662214    1.06932108
B2JTX5_PARP8/528-634     1.43837865    1.44342365    1.49005700    1.33692290    1.65560392    1.34945822    1.23709309    1.32234040    1.42647871    1.40949073    1.26059733    0.94851809    0.91353050    0.65709157    0.00000000    0.49016087    0.47170188    0.59233027    0.77673302    0.86592364    0.82191278    0.83464861    1.65585011    1.99754397    1.66150149    1.66213519    1.57415698    1.85245194    1.68929373    1.81892943    1.36750474    1.43828166    1.31779351    1.60035473    1.82764132    1.71038861    1.43558975    1.40871899    1.59944216    1.86854644    1.57201139    1.85471945    2.02863676    1.41902622    1.28419743    1.51641919    1.40929419    1.31162863    1.32955711    1.40377949    1.65568868    1.21087583    1.58657235    1.39782140    1.44806620    1.36309001    1.38195637    1.15948570    1.28677006    1.22196921    1.30658882    1.48467038    1.53952138    1.50359061    1.32667733    1.29907489    1.57578453    1.49702664    1.46719337    1.46549500    1.33506193    1.46144533    1.46574080
B2JV35_PARP8/524-632     1.43332094    1.43968228    1.44393768    1.38483609    1.68411970    1.47065720    1.38205283    1.31070314    1.63302005    1.33227666    1.46137306    1.02961382    0.98143187    0.72546854    0.49016087    0.00000000    0.46739274    0.72443046    0.80307893    0.89770009    0.91858200    0.96145755    1.73141935    2.15170641    1.81486676    1.60991377    1.83666584    2.04196672    1.60976314    1.76414702    1.41724958    1.45121309    1.32254848    1.54993099    1.64653284    1.46527989    1.37389589    1.46951149    1.49534838    1.90076534    1.58086904    1.64535877    1.86876706    1.42064378    1.55222526    1.81474826    1.97243477    1.79611280    1.51246141    1.33113770    1.71878638    1.55875857    1.60814116    1.55469255    1.49145308    1.37311992    1.60057257    1.41230862    1.65448168    1.35256155    1.50873982    1.97130905    1.61907823    1.57160353    1.46604641    1.54838814    1.84013355    1.50355692    1.52450790    1.36106918    1.48394711    1.60833533    1.33291776
Q13R91_PARXL/525-627     1.44019323    1.58220524    1.34308046    1.34514651    1.70050864    1.50064478    1.22644320    1.40634433    1.70231197    1.77979335    1.50968752    1.00842846    1.11897773    0.83894227    0.47170188    0.46739274    0.00000000    0.79840717    1.02141058    0.98777431    0.93572270    1.02965473    1.78508101    2.16672638    1.82493392    1.78875910    1.75429381    2.02773515    1.85408854    1.86819412    1.51966072    1.61028495    1.47754143    1.83429114    1.85373833    1.71123577    1.55341242    1.46042075    1.66432343    1.80810763    1.46420884    1.63289493    1.83655729    1.55474897    1.39676234    1.75767687    1.90775126    1.78733532    1.46053218    1.50591735    1.74929970    1.46358794    1.76579227    1.57399979    1.63981086    1.39980791    1.51445317    1.41522275    1.57597473    1.38432922    1.39171242    1.80565614    1.77325264    1.61315286    1.55724922    1.50218427    1.82027911    1.36367555    1.24819117    1.45155482    1.30617717    1.34130263    1.57215898
G0A7V2_COLFT/511-615     1.45093424    1.12624232    1.00448194    1.03099172    1.46323671    1.17573845    1.03146050    1.02354746    1.26160592    1.18699594    0.80927681    0.82030496    0.67020402    0.48132132    0.59233027    0.72443046    0.79840717    0.00000000    0.56649956    0.48955798    0.58629766    0.55999454    1.41168525    1.63306453    1.36002593    1.45182240    1.54581713    1.44741652    1.35663001    1.49421464    1.17300258    1.13473408    1.34089146    1.31501747    1.49879443    1.35145653    1.21056752    1.24106331    1.28776825    1.47977778    1.28489165    1.49592416    1.62304527    1.40944048    1.46224156    1.57954837    1.61042957    1.44647274    1.38039061    1.24671110    1.69412476    1.22349502    1.62362986    1.33432710    1.50583595    1.23899854    1.34072779    1.23272768    1.51477600    1.37439265    1.21774206    1.51909465    1.76251759    1.45957279    1.35475563    1.21587880    1.57755296    1.23469318    1.23662770    1.22052846    1.19061874    1.21194025    1.01765273
D8IPI9_HERSS/509-613     1.56206170    1.55584177    1.32368782    1.32859639    1.65908052    1.40572424    1.32718108    1.27411914    1.47046875    1.28838877    1.10786461    1.01662946    0.93531013    0.73198930    0.77673302    0.80307893    1.02141058    0.56649956    0.00000000    0.63353043    0.83559932    0.71447618    1.68424945    1.97314250    1.70340874    1.56442307    1.50878618    1.70344139    1.61454589    1.53103843    1.39319183    1.42034277    1.38418214    1.54348871    1.65075265    1.59196030    1.45418111    1.40567655    1.67156193    1.83516384    1.48569494    1.69833324    1.85080163    1.76924672    1.51335837    1.84091037    1.71123491    1.54358459    1.59963580    1.32406565    1.78486823    1.31584930    1.68861914    1.48257545    1.51009536    1.46175977    1.65681364    1.37405054    1.55964102    1.33195506    1.28212763    1.75186000    1.88996500    1.53246135    1.38700013    1.69841287    1.52497845    1.55618795    1.34132250    1.37299933    1.35819997    1.47059646    1.28356596
C6XDI4_METGS/592-695     1.43344631    1.44916449    1.26930491    1.16875233    1.53688290    1.24181957    1.14967259    1.18776739    1.24418416    1.25249329    0.99519382    1.04022425    0.93880724    0.82422404    0.86592364    0.89770009    0.98777431    0.48955798    0.63353043    0.00000000    0.68150455    0.67691780    1.55517040    2.06847406    1.42084003    1.58375814    1.45527756    1.59650421    1.51184997    1.38089863    1.22790593    1.30146993    1.28661169    1.39577562    1.49454821    1.46865002    1.40585315    1.25602915    1.39496272    1.52160156    1.32149118    1.63101242    1.64560625    1.42154290    1.37188235    1.67294571    1.58363515    1.45978205    1.57160222    1.25571884    1.58645187    1.27794276    1.54064441    1.49391174    1.60336534    1.30464806    1.39795051    1.38010510    1.60261472    1.40247368    1.37887988    1.55402060    1.74528004    1.53766248    1.32458060    1.38601835    1.48209795    1.54596064    1.32771055    1.32373509    1.27057461    1.37575894    1.19297444
Q8Y0T5_RALSO/553-656     1.39392011    1.51323575    1.12455554    1.31938323    1.48347150    1.41346095    1.17302473    1.31000935    1.43776239    1.33317993    1.13733137    1.05528815    0.97838142    0.89523113    0.82191278    0.91858200    0.93572270    0.58629766    0.83559932    0.68150455    0.00000000    0.88545462    1.74009844    1.92612179    1.51661016    1.55510767    1.65060061    1.82853597    1.63490758    1.50619695    1.42161288    1.40359699    1.39626627    1.53487332    1.64166160    1.57671469    1.49079920    1.38241779    1.36120774    1.64177338    1.50587788    1.84826755    1.83213170    1.46225351    1.45778103    1.48531066    1.48277193    1.32947199    1.44681782    1.30834885    1.72375617    1.36761797    1.59346185    1.52245634    1.57006006    1.70705114    1.33342988    1.43586048    1.38288813    1.46837252    1.34925600    1.39061354    1.83283397    1.45560250    1.40469619    1.44433959    1.55043085    1.52274920    1.56052842    1.42696954    1.18367903    1.34201100    1.17129298
Q0KDZ7_CUPNH/511-619     1.25562484    1.34919570    1.29852744    1.37109882    1.53088813    1.24415467    1.33442958    1.04146758    1.30297294    1.15091392    0.89348179    1.05433996    0.88032989    0.71372132    0.83464861    0.96145755    1.02965473    0.55999454    0.71447618    0.67691780    0.88545462    0.00000000    1.23841505    1.70951779    1.60920581    1.47976674    1.57901418    2.02543823    1.68606226    1.51929364    1.41238552    1.41603310    1.41397337    1.42339361    1.49474400    1.30121682    1.36709825    1.27147445    1.45181361    1.53628415    1.30533926    1.50800939    1.64435597    1.35852747    1.25845158    1.50777441    1.52299590    1.39517406    1.34721866    1.18437686    1.77869838    1.35979733    1.51130624    1.42955454    1.44569529    1.34591014    1.48788853    1.38899776    1.58432124    1.23068314    1.11563507    1.55575928    1.34818291    1.17992288    1.26090530    1.25254994    1.54679670    1.17833374    1.24410524    1.25616705    1.19883524    1.37010952    1.14609751
Q1LQR4_CUPMC/485-590     1.66190000    1.30170294    1.31617784    1.37015859    1.29937929    1.35615964    1.22240767    1.06123067    1.15011982    0.96203325    1.02378103    1.39449551    1.46217211    1.44270846    1.65585011    1.73141935    1.78508101    1.41168525    1.68424945    1.55517040    1.74009844    1.23841505    0.00000000    0.80361081    0.65800018    0.73601975    0.90291331    1.04239375    0.90070831    0.71372335    0.58009111    0.54154220    0.55572217    0.62324717    0.51342934    0.49965688    0.57752549    0.52496819    0.97441215    0.74943273    0.73253229    0.65476167    0.78794422    1.24227258    1.22007730    1.48138746    1.81881792    1.58850554    1.19490793    1.37479549    1.66549704    1.32778267    1.76826131    1.34062434    1.47353940    1.31708785    1.53254208    1.34786649    1.23992403    1.37750808    1.26082455    1.43957498    1.43196029    1.43951088    1.41757463    1.42118216    1.41249249    1.09381080    1.06783620    1.37129241    0.95169193    0.96710849    1.15014086
C5AMI6_BURGB/496-597     2.22226461    1.99287995    1.84750783    1.86634998    1.71400726    2.09921917    1.74978036    1.64571751    1.84238010    1.57281407    1.60901631    1.92208302    2.09442252    1.84838124    1.99754397    2.15170641    2.16672638    1.63306453    1.97314250    2.06847406    1.92612179    1.70951779    0.80361081    0.00000000    1.11652786    1.06016055    1.36782012    1.24352751    1.30167242    1.30441391    1.15385091    1.04267030    1.05222497    1.17708648    0.91942434    0.97402511    1.14303802    1.07742367    1.27985242    1.24158026    1.14757421    1.27250571    1.64939036    1.68684224    1.68344011    1.76797053    2.13365908    2.15278855    1.52808267    1.82273921    2.26684132    1.60840667    2.25717581    1.81065335    1.77545232    1.79668666    1.85096805    1.71502824    1.25115722    1.66895722    1.45075629    1.86386894    1.84240976    1.79047020    1.87859295    1.73839779    1.79260160    1.76103614    1.73955136    1.80200032    1.56765837    1.56826148    1.50090770
X2H4H4_9NEIS/510-613     1.78019791    1.48941058    1.37484033    1.65694168    1.57090950    1.64247710    1.39572208    1.55777133    1.37764365    1.15827672    1.20398457    1.28491655    1.67365641    1.55074105    1.66150149    1.81486676    1.82493392    1.36002593    1.70340874    1.42084003    1.51661016    1.60920581    0.65800018    1.11652786    0.00000000    0.83112090    0.94015740    1.03412807    1.07998808    0.81590260    0.73043887    0.76897213    0.67280871    0.79584540    0.67603059    0.66365786    0.73970444    0.72791244    0.95305835    0.93316583    0.76693625    0.78356725    0.95935876    1.57178111    1.42616995    1.86891349    1.71040557    1.73753603    1.46064628    1.58738726    1.83163497    1.44384367    1.91662978    1.42555674    1.60993082    1.68142861    1.53322585    1.45746370    1.47270222    1.64357915    1.29904313    1.58490532    1.70594933    1.64065520    1.47128147    1.43472342    1.50835903    1.49372895    1.22113234    1.71455320    1.14957522    1.16369883    1.31262180
H2J153_RAHAC/482-586     1.82128216    1.45998522    1.28557348    1.56102463    1.46431995    1.38814056    1.47555041    1.25891876    1.38040604    1.25659784    1.33583009    1.57690352    1.53370059    1.76056366    1.66213519    1.60991377    1.78875910    1.45182240    1.56442307    1.58375814    1.55510767    1.47976674    0.73601975    1.06016055    0.83112090    0.00000000    0.58650242    0.82804903    0.65581196    0.51132365    0.55832588    0.54705700    0.56790915    0.57339561    0.57353421    0.51309873    0.65509371    0.51066496    0.91377344    0.70003294    0.75462237    0.68915986    0.71834941    1.34769969    1.52636868    1.71463766    1.68711435    1.89025352    1.56731253    1.60132280    1.78299383    1.50724583    1.67651475    1.32058630    1.70400922    1.51477947    1.54509643    1.25494818    1.18585002    1.41339038    1.24921028    1.52701899    1.50979102    1.53933227    1.45241403    1.32768395    1.31189173    1.42994241    1.32617231    1.60681940    1.15626723    1.18284765    1.41805923
I2B6V5_SHIBC/487-589     2.06222185    1.65455837    1.40966528    1.74542165    1.63012340    1.59143868    1.51174191    1.30532991    1.31703307    1.24791344    1.68053175    1.74839699    1.56265941    1.88130186    1.57415698    1.83666584    1.75429381    1.54581713    1.50878618    1.45527756    1.65060061    1.57901418    0.90291331    1.36782012    0.94015740    0.58650242    0.00000000    0.81633978    0.80160601    0.68423688    0.71074585    0.63895569    0.77717287    0.80345858    0.83706120    0.77313936    0.78854553    0.64795231    0.87699620    0.81131568    0.87790469    0.85409702    0.97405225    1.66075358    1.85129407    2.10706308    1.88308583    1.78724976    1.56104518    1.68636305    1.72935364    1.53900815    1.69964878    1.46302484    1.76996655    1.64465041    1.60294811    1.41017779    1.58248840    1.71416801    1.45361814    1.67065196    1.75711928    1.64436335    1.57561729    1.47063826    1.65135404    1.68260255    1.42873924    1.79475435    1.32830568    1.39764464    1.72052421
I2B6Y5_SHIBC/476-577     2.22345668    2.07015490    1.66967498    1.82708242    1.94155151    1.88059692    1.70945715    1.59891306    1.72501891    1.45094443    1.46727480    1.83981734    1.67946946    1.91473487    1.85245194    2.04196672    2.02773515    1.44741652    1.70344139    1.59650421    1.82853597    2.02543823    1.04239375    1.24352751    1.03412807    0.82804903    0.81633978    0.00000000    0.47579307    0.76898705    0.81156029    0.76674898    0.97175987    0.91915749    0.85811552    0.82524876    0.97152637    0.94630530    1.06620085    0.87243280    1.10274284    1.05718872    1.11469900    1.61973816    1.53820082    1.69080310    2.16177559    1.98568555    1.57061108    1.84558058    1.86153919    1.53059602    2.03674019    1.50567412    1.78408349    1.63477047    1.78148644    1.56354215    1.59848492    2.00352966    1.80580752    1.75011365    2.01067355    1.76549666    1.62476028    1.32747088    1.65511764    1.55619108    1.59229535    1.77191074    1.45776709    1.47895866    1.40736915
I2BDR5_SHIBC/474-578     1.95715425    1.60361206    1.36706402    1.49263300    1.68395035    1.69728838    1.42258978    1.15719322    1.42171609    1.21428914    1.27158805    1.75145958    1.65662086    1.68344532    1.68929373    1.60976314    1.85408854    1.35663001    1.61454589    1.51184997    1.63490758    1.68606226    0.90070831    1.30167242    1.07998808    0.65581196    0.80160601    0.47579307    0.00000000    0.59924281    0.77889967    0.68029363    0.77123295    0.79800912    0.69696208    0.66868950    0.89805690    0.85145560    0.95049424    0.83906834    0.91868611    0.95685372    0.98110617    1.46493385    1.45876923    1.68179167    1.88703508    1.75466403    1.50691656    1.51968818    1.78005970    1.71019367    1.88635973    1.42092893    1.70213501    1.58030407    1.68183018    1.42909682    1.63817236    1.53131773    1.63018517    1.69991128    1.78395982    1.80534228    1.37239691    1.31150148    1.63718896    1.48972667    1.54143860    1.55071713    1.31687283    1.49143029    1.30674942
H2J171_RAHAC/478-582     1.97733152    1.54335692    1.27663621    1.60387263    1.67296560    1.46155481    1.48793319    1.37535619    1.38827347    1.15552873    1.44632575    1.70822773    1.59552097    1.79845543    1.81892943    1.76414702    1.86819412    1.49421464    1.53103843    1.38089863    1.50619695    1.51929364    0.71372335    1.30441391    0.81590260    0.51132365    0.68423688    0.76898705    0.59924281    0.00000000    0.58634810    0.57013660    0.52800735    0.64490391    0.64375680    0.60134239    0.70967162    0.56146071    0.98865425    0.83344961    0.76113324    0.59881695    0.70708186    1.65115741    1.29597368    1.59127946    1.65558296    1.69866584    1.44812525    1.26032931    1.44013369    1.37299861    1.52015835    1.22704698    1.27456293    1.38676168    1.62241147    1.47588878    1.45530941    1.62663736    1.35458896    1.62993886    1.44583535    1.56639472    1.35831264    1.38383883    1.43930021    1.37569314    1.42775141    1.64876624    1.21678566    1.29602888    1.50438951
A6T840_KLEP7/489-592     1.93601629    1.45239858    1.27016995    1.40893624    1.43926322    1.53957482    1.29161976    1.00727330    1.15837156    1.14762665    1.25118783    1.48376092    1.23697722    1.46641441    1.36750474    1.41724958    1.51966072    1.17300258    1.39319183    1.22790593    1.42161288    1.41238552    0.58009111    1.15385091    0.73043887    0.55832588    0.71074585    0.81156029    0.77889967    0.58634810    0.00000000    0.23355472    0.28074002    0.38272750    0.43683569    0.36538200    0.60507403    0.35482964    0.97373434    0.70823940    0.65277248    0.59591471    0.70595923    1.46352691    1.38889269    1.72669299    1.79553164    1.63673581    1.24625607    1.36262200    1.78595229    1.39352837    1.63274829    1.42306352    1.68052781    1.28800970    1.41032100    1.38689512    1.30492420    1.48639233    1.36391587    1.51597982    1.48063898    1.40485110    1.43711104    1.38281318    1.35562091    1.24589802    1.30643304    1.56438443    1.15610056    1.11280707    1.37463359
A0A2S9PAL4_YERPE/488-591     1.96542879    1.45065811    1.17325563    1.36635382    1.46489082    1.49434057    1.31727974    1.09670215    1.31680408    1.16019772    1.25447360    1.47633961    1.29856596    1.50075760    1.43828166    1.45121309    1.61028495    1.13473408    1.42034277    1.30146993    1.40359699    1.41603310    0.54154220    1.04267030    0.76897213    0.54705700    0.63895569    0.76674898    0.68029363    0.57013660    0.23355472    0.00000000    0.37276599    0.47787189    0.46474719    0.38363133    0.61828387    0.40112608    0.92736384    0.80378304    0.69730515    0.67857998    0.76541905    1.53993207    1.42985278    1.76296802    1.89514508    1.78696248    1.36377397    1.40219844    1.83909138    1.45177497    1.70614927    1.45451873    1.70571091    1.38477002    1.51302910    1.40054594    1.19958467    1.54675153    1.37630339    1.50178015    1.57254036    1.43712892    1.34440885    1.33377561    1.47323945    1.36442183    1.27854527    1.44471286    1.14645569    1.25331164    1.43290551
A6TD97_KLEP7/480-585     1.80745020    1.35998447    1.14546357    1.45943901    1.51000449    1.44180176    1.37182319    1.12216793    1.24383923    0.95888243    1.23675441    1.25708276    1.31624216    1.61951720    1.31779351    1.32254848    1.47754143    1.34089146    1.38418214    1.28661169    1.39626627    1.41397337    0.55572217    1.05222497    0.67280871    0.56790915    0.77717287    0.97175987    0.77123295    0.52800735    0.28074002    0.37276599    0.00000000    0.35662534    0.37539231    0.38741041    0.57718473    0.36398233    0.91376075    0.74782451    0.48323311    0.43249445    0.71198680    1.51719086    1.14934422    1.66015718    1.56353327    1.84300952    1.18438601    1.38961481    1.51429424    1.28202658    1.45163799    1.31937043    1.41404006    1.23484754    1.37173799    1.29485927    1.13899979    1.35866715    1.19075249    1.52174071    1.39625787    1.40601119    1.21819798    1.21280893    1.25154332    1.26247520    1.28000402    1.60089853    1.04481577    1.04627287    1.32612665
H2ITQ4_RAHAC/490-594     1.91735480    1.55083226    1.32307233    1.59320700    1.32080490    1.42845165    1.48048236    1.21359793    1.27754207    1.12785701    1.31162938    1.40874988    1.34303381    1.75212780    1.60035473    1.54993099    1.83429114    1.31501747    1.54348871    1.39577562    1.53487332    1.42339361    0.62324717    1.17708648    0.79584540    0.57339561    0.80345858    0.91915749    0.79800912    0.64490391    0.38272750    0.47787189    0.35662534    0.00000000    0.42080602    0.45351703    0.60436714    0.46412316    1.14338741    0.85511414    0.69224791    0.64771510    0.79836559    1.49417241    1.43872155    1.80277422    1.78010026    1.92757168    1.31414944    1.65245706    1.83985328    1.54677597    1.87553490    1.55410656    1.64941228    1.50486917    1.55386936    1.25517208    1.16619043    1.51868057    1.51751945    1.68034517    1.62887148    1.58844475    1.51271428    1.40609717    1.53188535    1.37641175    1.37734155    1.67571506    1.21056025    1.17057664    1.36701744
Q7MZQ5_PHOLL/489-597     1.81174429    1.37621417    1.36610236    1.69484911    1.44492867    1.44832664    1.39226998    1.27400313    1.27892871    1.18893071    1.20082101    1.57684601    1.56810085    1.67062376    1.82764132    1.64653284    1.85373833    1.49879443    1.65075265    1.49454821    1.64166160    1.49474400    0.51342934    0.91942434    0.67603059    0.57353421    0.83706120    0.85811552    0.69696208    0.64375680    0.43683569    0.46474719    0.37539231    0.42080602    0.00000000    0.29411484    0.62454074    0.39765107    0.85014191    0.72478690    0.67495383    0.52693597    0.69468054    1.35532465    1.47309453    1.59992319    1.70581491    1.78704516    1.40867423    1.52679814    1.99951668    1.54705431    1.83808559    1.66987123    1.57804121    1.45152428    1.49800403    1.30158558    1.16276183    1.32750016    1.34062675    1.54245224    1.62142702    1.52805920    1.47070512    1.39570005    1.61265127    1.42360537    1.30181387    1.50536628    1.11662606    1.09004025    1.30507182
Q7N257_PHOLL/494-602     1.84480847    1.37084858    1.25892759    1.53060445    1.41031920    1.41242246    1.38732437    1.17805341    1.30209217    1.14147871    1.22321809    1.50289733    1.41046220    1.59510513    1.71038861    1.46527989    1.71123577    1.35145653    1.59196030    1.46865002    1.57671469    1.30121682    0.49965688    0.97402511    0.66365786    0.51309873    0.77313936    0.82524876    0.66868950    0.60134239    0.36538200    0.38363133    0.38741041    0.45351703    0.29411484    0.00000000    0.48514062    0.37325933    0.92839868    0.72195019    0.67323817    0.47875804    0.57964753    1.41572221    1.27016061    1.52016496    1.64965841    1.68211695    1.32378851    1.38567477    1.78235576    1.39592383    1.59300470    1.38067938    1.61518224    1.43068487    1.49921352    1.26016053    1.22956493    1.45153506    1.34728886    1.63068140    1.54106085    1.54649018    1.33411966    1.27786164    1.47777357    1.28425617    1.30500080    1.58166195    1.12447161    1.16838697    1.34102347
Q1LDW8_CUPMC/472-576     1.71547068    1.39091884    1.32919781    1.54270980    1.53145369    1.35459520    1.44438037    1.22747212    1.21049769    1.07102545    1.31103566    1.28502269    1.34035675    1.27684036    1.43558975    1.37389589    1.55341242    1.21056752    1.45418111    1.40585315    1.49079920    1.36709825    0.57752549    1.14303802    0.73970444    0.65509371    0.78854553    0.97152637    0.89805690    0.70967162    0.60507403    0.61828387    0.57718473    0.60436714    0.62454074    0.48514062    0.00000000    0.52406908    0.90163585    0.83185217    0.67811583    0.69470876    0.85389040    1.30680545    1.22871150    1.51309345    1.55779400    1.43663044    1.33639358    1.38123094    1.67625529    1.30230199    1.63436417    1.34393638    1.46081391    1.34896103    1.49237042    1.04926795    1.31130833    1.44254794    1.14917291    1.57629392    1.46202230    1.50969772    1.26902574    1.32025717    1.33008192    1.33469079    1.20443261    1.71813967    1.17601084    1.05784173    1.29874378
S6AIA1_PSERE/494-599     1.87948200    1.30943864    1.11373964    1.32568522    1.20535741    1.30641760    1.26242937    0.96765837    1.20172856    1.00488582    1.11241871    1.34363984    1.26668531    1.48254887    1.40871899    1.46951149    1.46042075    1.24106331    1.40567655    1.25602915    1.38241779    1.27147445    0.52496819    1.07742367    0.72791244    0.51066496    0.64795231    0.94630530    0.85145560    0.56146071    0.35482964    0.40112608    0.36398233    0.46412316    0.39765107    0.37325933    0.52406908    0.00000000    1.04082060    0.76288914    0.62344687    0.50610518    0.74256342    1.30337660    1.16416111    1.64798418    1.38041629    1.67063047    1.15138129    1.40351503    1.64183807    1.36069830    1.51683966    1.30991430    1.64113541    1.35646052    1.36878841    1.34276133    1.12421328    1.31435861    1.22495994    1.39603327    1.59560143    1.52118755    1.42028617    1.25018790    1.41630757    0.98555604    1.09142940    1.40301089    1.08914123    1.14506550    1.19823492
