75
C5CF38_KOSOT/180-301     0.00000000    1.73394117    2.41481733    2.38028575    2.15153330    3.14260734    1.92707126    1.44896769    2.40088209    2.70625283    2.26225298    2.60097511    2.45778558    2.58458774    2.14088114    1.98846897    2.18685570    1.69589986    1.96095403    2.35867561    2.57086609    2.07709904    3.28704874    3.31321361    2.64513243    2.22459980    2.34583056    3.40499145    1.83630145    2.10852286    2.48103431    3.70977827    2.33370522    2.57111541    3.08781565    3.35694773    2.67333292    2.38592987    2.63106562    2.89247559    2.69160405    2.46290810    2.08852778    2.77801208    2.13609171    2.39142845    2.55262497    2.48826220    2.08381863    2.38677160    2.55628518    2.87719517    4.22190854    4.27260756    3.27434406    3.90745753    3.45392346    3.43326302    3.09988126    3.29351601    2.64543563    2.53753374    2.38027636    3.42689943    2.24541889    2.03984685    2.82369167    3.03814220    2.35910008    2.09242094    2.40092050    2.13089463    3.81206672    3.70572060    4.85488567
A8F4L8_PSELT/168-288     1.73394117    0.00000000    1.55996886    1.66631496    1.94606096    2.40191459    2.10719877    1.72603591    2.01756012    1.93934781    1.68392547    2.04268999    1.80560862    1.67633503    1.78979798    1.59980212    1.59262593    1.96782762    1.38738886    1.65749548    1.99279329    1.87071218    2.30450700    2.99089672    2.84119474    2.08769651    2.28912021    2.79450865    2.38143131    2.51975870    2.01570333    2.64286111    2.04240975    2.44257840    2.84401084    3.85943374    3.51921902    2.80997243    3.32974986    2.52407500    3.00563821    2.54625738    2.26325437    3.02624856    2.55388195    2.35851355    2.76445953    3.12279224    2.41928011    2.55604034    2.41076700    3.09713170    3.41774950    4.75178638    3.69359264    4.08151699    2.27962719    3.12040439    2.72200740    3.40398846    2.73963666    2.69296675    2.42170055    2.89462660    2.81003693    2.24009067    2.26624249    2.47521134    2.36026902    2.35911508    2.40949817    2.52283686    2.97695675    2.72463405    2.64424003
C9RAC6_AMMDK/59-184     2.41481733    1.55996886    0.00000000    0.90310548    1.14033277    1.64720555    1.60938544    1.25330654    1.57992733    1.44937468    1.59105001    1.18401623    1.16776842    1.44849960    1.48766047    1.37179566    1.44827785    1.78011707    1.05251891    1.62304874    1.87013266    1.42855133    2.75248761    2.50771721    2.09464597    1.90906339    2.12205794    2.27025343    2.60871057    2.51994393    2.59865248    2.99214694    2.33788067    1.94727047    2.13636027    2.01746917    1.90140640    2.01271586    2.48455908    2.39031843    1.98345693    1.90793858    2.08911255    2.06115428    2.29004942    2.30225645    2.61954026    2.71015296    1.99276979    2.43203678    2.00326601    1.87347841    2.76355467    3.70346031    2.40928714    3.11466105    2.01936133    2.39116442    1.85358174    2.01285950    2.30450958    1.82224566    2.19629005    3.02249481    2.17374015    2.06323988    1.70174520    2.31518893    2.27047520    2.33091890    2.45690060    2.05320030    2.93029197    2.27596505    3.58740721
E6U5W4_ETHHY/61-186     2.38028575    1.66631496    0.90310548    0.00000000    0.90743477    2.00625679    1.63562453    1.22769374    1.49000241    1.35067724    1.49291393    1.08179114    1.39983863    1.49687379    1.45442387    1.37881297    1.43816796    1.61230752    1.22303591    1.78689954    1.86798352    1.44396218    2.77525818    2.44041300    1.81616454    1.97570366    1.83426738    2.03426163    2.76061166    2.17595547    2.17619928    2.70931349    2.37452764    2.09402517    2.15405097    2.44058771    2.46277069    2.03440194    2.30237053    2.38911215    1.98892986    2.15046255    2.34526224    2.27913151    2.56805048    2.23304904    2.96657137    2.40364064    2.35770982    2.35056071    2.07539592    2.30549284    2.90835159    3.83062269    3.23591502    3.39694896    2.87440613    2.97209144    1.85808336    1.98855656    2.55814668    2.02020168    2.38199645    3.27094006    2.26723363    2.26095485    1.84284354    2.63336392    2.49668374    1.92713755    2.60517326    2.34488792    2.96937079    3.27029343    3.44359940
Q97II3_CLOAB/54-179     2.15153330    1.94606096    1.14033277    0.90743477    0.00000000    2.35352385    2.16589767    1.48842914    1.90897351    1.53711942    2.02643932    1.33672879    1.59561239    1.58315743    1.54441894    1.61505028    1.63597377    1.61949295    1.27215812    2.12898978    2.05779390    1.77379172    2.84118028    2.79911379    1.98442260    1.98914613    2.15567449    2.33738144    2.47065123    2.28866141    2.14690172    2.73757123    2.01663898    2.18315794    2.85018056    2.62169116    2.38573459    2.31440756    2.40839811    2.85715416    2.56116653    2.87967980    2.53018379    2.65974548    2.58115297    2.38124189    3.35324019    1.96069102    2.26014494    2.46973524    2.25654858    2.42006365    3.99598519    4.34475092    3.04237234    3.82202527    2.25773582    3.24900101    2.22447501    1.99870677    2.70817735    2.08796133    2.09756322    3.11281028    2.35796624    1.54690660    1.86102332    2.12414738    2.39875908    1.88378550    2.29345997    2.04110583    2.85512436    2.84140585    3.25032900
A1SN75_NOCSJ/60-200     3.14260734    2.40191459    1.64720555    2.00625679    2.35352385    0.00000000    2.25024487    1.56521631    2.58486836    2.28259628    2.51908988    2.11206547    2.19074643    2.05216476    2.20709247    2.35529442    2.11923210    2.42306812    2.04349626    2.49963180    2.67496825    1.97949099    2.69710869    3.31007562    2.65628407    2.58678913    2.91030490    2.52026030    3.79376360    2.52441604    2.65093745    4.91712547    2.89577149    2.90144785    2.60324824    3.21016573    3.39634628    3.13419100    2.90994996    3.06481542    2.70176957    2.79283342    2.88752990    2.73555674    3.73431512    3.97273395    4.34942745    3.11857274    3.09215706    3.54375565    2.86730839    2.82997624    4.03824091    4.81283777    3.46262779    4.21650583    3.11613183    3.95127526    2.86449659    3.00204389    3.35332292    3.32528797    3.30244576    2.85714319    3.04981886    2.55484388    2.71238693    3.00434210    2.37922012    3.00994634    2.93670137    2.87238377    4.64441926    4.51229313    3.34115605
B8J3J4_DESDA/45-170     1.92707126    2.10719877    1.60938544    1.63562453    2.16589767    2.25024487    0.00000000    1.05174523    2.09894715    2.15130352    2.37087146    1.80760756    1.81547918    1.81350296    2.06050493    2.17644668    2.26776707    1.80636861    1.75116736    2.44769568    2.76910632    1.91607570    2.98756603    3.87010721    2.82221108    2.31844295    2.37039476    2.41438147    2.47576639    2.45776663    2.48238610    4.07102882    2.27725631    2.88448634    2.12891562    2.68439866    2.61795469    2.35695423    3.16818007    2.58864018    2.59579005    2.29060003    2.22149393    2.66536534    2.09698537    2.33113988    2.04102060    2.55038577    2.95047405    2.80509514    2.37245527    2.00889397    3.26679959    3.27877905    2.75723859    3.19022859    2.45124511    2.86993391    2.13942713    2.46571533    3.08437089    2.43417064    2.27605797    3.80088756    2.53795210    2.31811666    2.69059268    3.04431784    2.62011571    2.48439738    3.00877061    2.86222114    3.73479178    3.28201168    4.26814038
B9M0B1_GEODF/43-167     1.44896769    1.72603591    1.25330654    1.22769374    1.48842914    1.56521631    1.05174523    0.00000000    1.92955177    1.84368649    1.57458891    1.47638306    1.43798231    1.50794446    1.63574821    1.84681258    1.59734582    1.75616604    1.14838729    2.15867320    2.30960449    1.42341898    3.15908149    3.43784652    2.33253596    1.90450514    2.10997437    2.23581158    2.27284298    2.02167548    1.96898436    4.91985613    2.64910282    2.18139753    2.28272334    2.51677015    2.53679559    2.65830480    2.63400956    2.92668832    2.32468783    2.65412579    2.28331967    2.30457156    2.52091906    2.42152017    2.48035400    2.38422459    2.67230425    2.29674950    2.41200550    1.94450814    3.58757650    4.60420769    3.03264949    4.07987291    2.51033707    3.42991954    1.92874753    2.17203524    2.49884604    2.60834072    2.32888083    4.01045873    2.60197791    1.99057843    1.91540068    2.18426681    1.88505229    2.21852256    2.27969447    2.09604249    3.46993663    3.81671487    3.52317630
B0CC58_ACAM1/303-452     2.40088209    2.01756012    1.57992733    1.49000241    1.90897351    2.58486836    2.09894715    1.92955177    0.00000000    1.89686210    2.02677249    1.78194268    1.79659852    1.69674281    1.83379838    1.61449733    1.57301727    2.17046675    1.55299618    2.31030009    2.41012824    1.86768966    3.33283917    3.29816609    3.12260646    2.34873293    2.12762849    2.42559311    3.09869151    2.26999302    2.64940955    3.78798431    2.39346276    3.19024672    3.12255007    3.07844330    2.90649879    2.89278230    2.51998651    2.86532559    2.71292479    2.99078453    2.65884914    3.12292104    2.86505524    2.91819750    2.65606879    3.08708328    2.86523404    3.25704520    2.49081927    2.20297491    3.73903522    3.75585558    2.79659112    2.68004257    2.29816349    2.97998445    2.84327703    2.94478561    2.74786686    2.20475897    2.46814669    2.99696040    2.69481508    2.83672887    2.42102847    2.92111469    2.69320237    2.96907135    2.94819690    2.67089769    3.14315129    3.71243029    3.84144854
B7PYX8_IXOSC/85-209     2.70625283    1.93934781    1.44937468    1.35067724    1.53711942    2.28259628    2.15130352    1.84368649    1.89686210    0.00000000    1.04157362    0.95419277    1.08923737    1.36514062    1.19149663    1.50431278    1.32800107    1.99611749    1.40085912    1.64390924    1.65275278    1.57715845    2.35780472    2.62160641    2.43191548    2.36156850    1.97042338    2.36068684    2.75675192    2.52738630    2.14803598    2.75090153    2.30639826    2.67896144    3.09547928    2.74167134    2.98188835    3.28259607    3.00052545    3.22078788    2.56055589    3.10797225    2.85343580    2.51368855    2.75508398    2.87540308    3.32308739    2.60926389    2.65956686    2.74921005    2.65095535    2.76886281    2.43536243    3.19482474    3.00681516    2.84520845    2.84022683    2.91440518    2.14486667    3.07413772    2.96625060    2.39490314    2.28475285    2.87629036    2.34171306    2.63020799    2.09243517    2.59448426    2.47298378    2.79702146    2.62667202    2.60409671    2.85647629    3.45874313    3.41822984
H3CKN8_TETNG/73-195     2.26225298    1.68392547    1.59105001    1.49291393    2.02643932    2.51908988    2.37087146    1.57458891    2.02677249    1.04157362    0.00000000    1.16079398    1.27874313    1.33706068    1.17906668    1.44450711    1.27093217    1.71056567    1.20429554    2.06511852    1.83492442    1.88389319    2.56992604    2.79760677    2.47755470    2.06976369    2.02640966    2.81496465    3.25310623    2.66321127    2.37945120    3.08845215    2.90751918    2.71868910    3.26036232    3.58632249    3.54391960    3.06874595    2.75440103    3.06888938    3.29163879    3.20569158    2.73832530    2.43515019    3.42249662    3.05074665    3.21241228    3.09374175    3.05052753    2.60428771    2.96291072    3.07236944    3.29056421    4.30285106    3.41807857    3.90243580    2.77751103    3.05615065    2.47023289    3.72207069    3.49437807    2.40603907    2.69860031    3.10543488    2.33274622    2.26365800    1.94407694    2.59882401    2.93595551    2.34481122    2.31258344    2.18094447    3.20025300    3.97389597    3.24129066
C1EET0_MICCC/55-178     2.60097511    2.04268999    1.18401623    1.08179114    1.33672879    2.11206547    1.80760756    1.47638306    1.78194268    0.95419277    1.16079398    0.00000000    0.82039122    1.06947780    1.17515252    1.43195731    1.30737296    1.74964860    1.06555543    1.80739273    2.04645740    1.58200596    2.88762309    2.68955186    2.48125372    2.15898346    1.91991176    1.88022564    2.41534848    2.43878199    2.22949458    3.40966114    2.22693868    2.38216628    2.34217959    2.68377050    2.84656170    2.55235805    3.10675682    3.01613521    2.08430625    2.78429576    2.15128674    2.35832391    2.48596714    2.46410752    3.45043248    2.69483013    2.68655512    2.51829921    2.42897559    2.52254446    3.39929697    3.80781069    3.08301219    3.58751443    2.15928528    2.52382500    2.13627338    2.29490855    2.83064134    1.85644855    2.10797067    2.75388977    2.03586507    1.93123910    1.80150239    2.58687001    2.58575417    2.40148037    2.48900887    2.31638566    2.85827351    2.82677543    3.19955155
Q225Q9_TETTS/99-223     2.45778558    1.80560862    1.16776842    1.39983863    1.59561239    2.19074643    1.81547918    1.43798231    1.79659852    1.08923737    1.27874313    0.82039122    0.00000000    1.27611802    1.34745626    1.40209163    1.39503753    1.63559243    1.21314835    1.77602269    1.59686941    1.53426408    2.83665549    2.86588091    2.55056771    2.58295695    2.34952670    2.37052147    2.75733526    2.64254280    2.53152543    3.40274572    2.67554682    2.86126778    2.89873581    2.96321628    2.94253422    2.95039651    3.14657354    3.00011069    2.66554853    2.51678225    2.69186514    2.49578431    2.41964087    2.81947538    2.92301215    2.62516615    2.32425463    2.63071200    2.48225286    2.52638364    3.46856292    4.03088926    3.24708735    3.99823818    2.45442484    2.48023117    2.00641488    2.94806652    3.19924306    2.21150246    2.48921056    3.11981927    2.20245864    2.17098763    1.99326893    2.59982966    2.72037465    2.40738932    2.35586251    2.30552705    3.01375778    2.91213645    3.28833175
B3MBN5_DROAN/95-240     2.58458774    1.67633503    1.44849960    1.49687379    1.58315743    2.05216476    1.81350296    1.50794446    1.69674281    1.36514062    1.33706068    1.06947780    1.27611802    0.00000000    1.28158322    1.55382363    1.29976693    1.89386848    1.20745076    1.63431757    1.91544760    1.64571909    2.60178855    2.98743596    2.77374803    2.10839541    1.75674597    2.36011277    2.32529602    2.71846055    2.32613222    3.12861162    1.98847593    2.21565584    2.75615448    2.43655907    2.30993229    2.62889065    2.50937340    2.64785655    2.24849040    2.56019397    2.12131905    2.12577310    2.63679510    2.17281858    2.64856583    2.22972689    2.16011515    2.14497712    2.28457261    2.82705702    3.48820899    4.15213117    2.98036963    3.50792515    2.39816105    3.01735808    1.51710676    2.28665338    2.38285422    2.20407282    1.87655520    3.63026311    2.55118594    1.98892872    1.84583000    2.76996602    2.53357394    2.40542899    2.44763474    2.59990386    3.38852706    2.72209611    3.55115225
B4KIT3_DROMO/73-217     2.14088114    1.78979798    1.48766047    1.45442387    1.54441894    2.20709247    2.06050493    1.63574821    1.83379838    1.19149663    1.17906668    1.17515252    1.34745626    1.28158322    0.00000000    1.00504917    1.23020283    1.85649066    1.31455829    1.83923484    2.20360689    1.65355832    2.37489690    2.63656698    2.50388456    1.98440680    1.81912217    2.13798593    2.44027816    2.22214179    2.34620498    2.70700226    2.02053033    2.63948309    2.30697032    2.74482562    3.12242986    2.66116364    2.38095018    2.12580603    2.67352151    2.58649939    2.09588768    2.13842618    2.39760926    2.26146170    2.45833529    2.56383476    2.32058307    1.78919911    1.79978532    2.67574455    3.37614720    3.02761465    2.24999760    3.17982922    2.45539525    3.60941406    1.94804643    2.56179559    2.32878569    2.27016182    2.34572985    2.25719468    2.10908813    1.85707197    1.94804036    2.50265491    2.12768109    1.97255428    2.14747462    1.94550052    3.04633971    2.64843065    3.09074884
B4M7I6_DROVI/38-182     1.98846897    1.59980212    1.37179566    1.37881297    1.61505028    2.35529442    2.17644668    1.84681258    1.61449733    1.50431278    1.44450711    1.43195731    1.40209163    1.55382363    1.00504917    0.00000000    1.00832533    1.86034728    1.21571344    1.73908658    2.02303846    1.99860905    1.95082431    2.59702219    2.54447632    2.10030905    1.89586253    2.31703152    2.76770519    2.22651485    2.41695914    3.23511013    2.30474212    2.77428351    2.35411395    2.62923464    2.80971843    2.29890601    2.54569668    2.27771307    2.16328382    2.16170018    2.26379921    2.28545354    2.38554967    1.79530237    2.96555070    2.73694584    2.48358951    1.99443948    1.86686646    2.58147673    4.15302648    4.12977094    2.33553178    3.52932641    2.89419799    3.28887829    2.12739293    2.25829231    2.50350553    2.01904620    2.23792299    2.64578766    2.09687671    1.79462102    2.20370822    2.15885191    2.26331147    2.07569266    2.03968583    1.98750858    2.93714637    2.80420924    3.09871739
B4J7F7_DROGR/90-233     2.18685570    1.59262593    1.44827785    1.43816796    1.63597377    2.11923210    2.26776707    1.59734582    1.57301727    1.32800107    1.27093217    1.30737296    1.39503753    1.29976693    1.23020283    1.00832533    0.00000000    1.64996241    1.28369992    1.85113921    2.13920512    1.77615304    2.34928458    2.90477839    3.05995959    2.26880780    1.81528271    2.61801135    3.12247780    2.62865348    2.63834199    3.28833702    2.45157739    2.67621243    2.93087529    2.50778284    3.11777988    2.54006155    2.92455207    2.63354298    2.21193201    2.99143773    2.79023228    2.92519728    3.15744580    1.89104574    3.74960655    2.78082172    3.18354139    2.66147295    2.68516395    2.80991177    4.06715152    4.41486782    3.40915541    4.34876597    2.96465382    4.18774515    2.33783505    3.07110825    2.83403349    2.76058936    2.62926918    3.67200494    2.76683216    2.05702099    1.84790094    2.41309276    2.49900788    2.14787717    2.40528876    2.10130468    3.87349318    3.58192235    3.86857841
D3TCQ1_ACIB4/57-200     1.69589986    1.96782762    1.78011707    1.61230752    1.61949295    2.42306812    1.80636861    1.75616604    2.17046675    1.99611749    1.71056567    1.74964860    1.63559243    1.89386848    1.85649066    1.86034728    1.64996241    0.00000000    1.15568210    2.04535501    2.22213526    1.95884144    3.10440787    3.71123564    2.79499496    2.36791847    2.10810248    2.46744650    2.62031805    2.58967708    2.43092492    3.38941739    2.09670170    2.19605093    2.42174704    2.52737629    2.29706906    1.88644076    2.45252883    2.26864247    2.18449339    2.01242229    2.06741109    2.68203590    2.79554793    1.97245899    2.54668121    2.24954355    2.13807203    2.30199855    2.21333575    2.90862948    3.15897976    4.38053264    3.00990810    3.58340441    2.52829730    4.21875717    2.30118710    2.47088958    2.89040725    1.78376918    2.73935548    3.80897658    2.02184232    1.94731009    2.31091318    2.51867042    2.32278201    1.88578047    2.29973520    2.23898485    3.47903501    4.10066873    3.62023770
D3DKB4_HYDTT/40-169     1.96095403    1.38738886    1.05251891    1.22303591    1.27215812    2.04349626    1.75116736    1.14838729    1.55299618    1.40085912    1.20429554    1.06555543    1.21314835    1.20745076    1.31455829    1.21571344    1.28369992    1.15568210    0.00000000    1.93493858    2.13852600    1.66201620    2.34944228    2.77480965    2.36136894    1.89106197    2.11591811    2.41152317    2.81397122    2.50272915    2.35684790    2.81271710    1.97295148    1.93765940    2.41836064    2.64559635    2.33624631    2.34956096    2.47933957    2.37735283    2.24219997    2.19503428    2.24305615    2.26861988    2.52492073    2.17476185    2.45926500    2.47046413    2.32213115    2.64379283    2.19546933    2.75458003    3.14186411    3.79348423    2.53005716    3.47837116    2.33696783    3.10744998    2.03499834    2.11986227    2.40266891    1.91370661    2.42379605    3.78327946    2.34549598    1.87879104    2.06565481    2.24360808    2.07626714    1.90250406    2.05099809    2.00091559    2.46273616    4.12627589    3.32396658
A0BZ89_PARTE/27-156     2.35867561    1.65749548    1.62304874    1.78689954    2.12898978    2.49963180    2.44769568    2.15867320    2.31030009    1.64390924    2.06511852    1.80739273    1.77602269    1.63431757    1.83923484    1.73908658    1.85113921    2.04535501    1.93493858    0.00000000    1.34809053    1.63470159    2.36496430    2.48219899    2.36792365    2.42121183    2.32988876    2.77536354    3.04129512    2.41069303    3.02093465    2.59023462    2.62868662    2.52634865    2.72613869    2.62994503    2.27379280    2.56882827    2.69717441    2.82654347    2.09312041    2.32530064    2.30315524    2.25642251    2.60297419    2.41149838    3.18310153    3.17184665    2.35806520    2.34426337    2.09876240    2.63934452    3.56618178    4.35811678    3.45593732    3.68423889    3.03365357    3.20756907    2.92482902    2.58655702    3.35674787    2.54134269    2.63009009    3.05096788    2.46106274    2.56052778    2.40549409    2.67149526    2.51492386    2.62968637    2.65120857    2.66933099    3.00363246    3.22417062    3.71726898
A0DCK1_PARTE/32-160     2.57086609    1.99279329    1.87013266    1.86798352    2.05779390    2.67496825    2.76910632    2.30960449    2.41012824    1.65275278    1.83492442    2.04645740    1.59686941    1.91544760    2.20360689    2.02303846    2.13920512    2.22213526    2.13852600    1.34809053    0.00000000    1.92312093    2.46311658    2.83226604    2.34589240    2.57938058    2.77252360    3.43523333    3.22807609    2.79966376    2.89697172    3.13145368    3.25374466    3.18326968    3.59466260    3.07711743    2.67828507    3.71578256    2.70835171    3.31722917    3.21013043    3.48513940    3.08102043    2.91703504    2.79016687    3.01154883    3.65090925    3.50167644    3.03711268    2.71922159    2.53823247    3.31437133    3.34221686    3.51643212    4.00352021    3.71138317    2.85993641    2.94166747    2.76922250    2.61503732    3.07395067    2.33480680    2.27450783    3.10102008    2.65951083    2.44476200    2.39097426    2.58187470    2.74259690    2.95771607    2.91708757    2.36976497    2.76584444    4.48026828    3.66183918
A0D301_PARTE/25-156     2.07709904    1.87071218    1.42855133    1.44396218    1.77379172    1.97949099    1.91607570    1.42341898    1.86768966    1.57715845    1.88389319    1.58200596    1.53426408    1.64571909    1.65355832    1.99860905    1.77615304    1.95884144    1.66201620    1.63470159    1.92312093    0.00000000    1.86513416    2.80229738    2.17032243    2.24585848    2.06524942    2.55659913    2.10737304    2.35532693    2.53083748    2.75247075    2.55131902    2.73660933    3.21581354    2.60882308    2.75701108    2.76734897    3.12998472    2.81064307    2.53421602    3.52920441    2.59914522    2.79469514    2.89168895    2.78069942    2.92279172    2.52369311    2.89311834    2.48740151    2.78962274    2.45487291    3.79364516    3.92545759    3.30515421    3.99099016    2.29732814    3.13273878    2.52342614    3.00394916    2.58895217    2.25742354    2.28994125    3.24365579    2.69669529    2.24966791    2.62020548    2.69481332    2.71382781    2.62595352    2.73380233    2.80930341    2.62484637    2.98117590    3.86660196
A1A2S8_BIFAA/24-194     3.28704874    2.30450700    2.75248761    2.77525818    2.84118028    2.69710869    2.98756603    3.15908149    3.33283917    2.35780472    2.56992604    2.88762309    2.83665549    2.60178855    2.37489690    1.95082431    2.34928458    3.10440787    2.34944228    2.36496430    2.46311658    1.86513416    0.00000000    2.63426340    3.12550003    2.65420633    2.56864670    2.55508216    3.64104768    3.40731441    3.26187305    3.05150939    2.97217423    4.09697735    3.99171939    2.83029587    3.49306785    2.89812705    3.41980253    3.11451222    2.79233335    3.33233195    2.93844558    3.22397679    3.33575348    2.52949125    3.50716204    2.62056596    3.63973715    2.86541517    3.11711135    2.87791006    4.02834307    3.92773946    4.60552400    3.99243201    4.24387721    4.73763386    4.57337221    4.13522151    3.80386599    3.16939060    3.33124572    4.41374259    3.27587606    2.77480742    2.74990084    3.19927066    2.57907642    2.79597630    2.93420387    2.79444102    3.11276453    3.16617134    3.91449628
Q2G6B2_NOVAD/20-182     3.31321361    2.99089672    2.50771721    2.44041300    2.79911379    3.31007562    3.87010721    3.43784652    3.29816609    2.62160641    2.79760677    2.68955186    2.86588091    2.98743596    2.63656698    2.59702219    2.90477839    3.71123564    2.77480965    2.48219899    2.83226604    2.80229738    2.63426340    0.00000000    2.77995139    2.53271984    2.51566458    3.02585760    3.01532299    3.29641448    3.36718088    3.11869943    2.37614408    2.96382577    3.67813900    4.56519635    3.75827010    3.25977463    3.46900601    3.27458506    3.42230066    3.62482707    3.20910235    3.22773000    2.90710206    3.67269571    4.48395618    3.36583860    3.28624957    3.73932859    3.29404450    3.08298787    4.45375549    3.99548010    4.49540311    4.03555026    3.32607664    3.41245076    4.17730212    3.20670138    3.47994749    3.52866722    3.65937604    3.14607315    2.55419002    3.00134403    2.82326175    3.18768000    2.90345696    2.94016611    3.29972083    2.35672127    3.22224634    3.81722897    3.84353146
Q6YRT0_SYNY3/260-402     2.64513243    2.84119474    2.09464597    1.81616454    1.98442260    2.65628407    2.82221108    2.33253596    3.12260646    2.43191548    2.47755470    2.48125372    2.55056771    2.77374803    2.50388456    2.54447632    3.05995959    2.79499496    2.36136894    2.36792365    2.34589240    2.17032243    3.12550003    2.77995139    0.00000000    2.42478837    2.59842671    2.25358870    3.67563861    3.29545297    3.37412288    3.10082241    2.95345948    2.70305753    3.45062771    3.22040829    3.69042103    3.10170051    2.73860538    3.58032204    2.77774249    3.51917341    3.36834093    2.99542749    2.89913780    3.49749154    4.62490051    3.56787330    3.05892853    2.99906431    3.56193690    3.13921111    3.15495879    3.64236392    3.37590407    3.63173319    3.43010132    4.66322940    4.18318495    3.02263846    2.55898167    3.03756849    2.37891501    2.70392185    3.11851343    2.17796141    2.44643853    2.82089196    2.60198525    2.63869610    3.11197792    2.33969193    3.80835873    4.02447267    3.70202617
Q5SIC4_THET8/36-165     2.22459980    2.08769651    1.90906339    1.97570366    1.98914613    2.58678913    2.31844295    1.90450514    2.34873293    2.36156850    2.06976369    2.15898346    2.58295695    2.10839541    1.98440680    2.10030905    2.26880780    2.36791847    1.89106197    2.42121183    2.57938058    2.24585848    2.65420633    2.53271984    2.42478837    0.00000000    1.26370404    1.85486781    1.88242951    2.43518988    2.21879114    2.68570706    1.70613124    1.83758546    2.30784854    2.76015488    2.53871641    2.37108919    2.59368597    2.36408073    2.10426994    2.41386307    2.13899864    2.00427210    2.19977704    2.58346078    2.46263913    2.60248714    2.19133829    2.21793550    2.30141323    1.99587272    3.70455433    3.90221348    2.76765255    3.18066920    2.59235275    3.09206421    2.97207132    2.51992149    2.19462078    1.91899934    2.33213819    2.78034849    2.27198047    2.17366756    2.20401225    2.61527776    2.43108932    2.18392952    2.62767015    2.12009922    2.93532894    3.04612426    3.69187421
C7RTD1_ACCPU/16-143     2.34583056    2.28912021    2.12205794    1.83426738    2.15567449    2.91030490    2.37039476    2.10997437    2.12762849    1.97042338    2.02640966    1.91991176    2.34952670    1.75674597    1.81912217    1.89586253    1.81528271    2.10810248    2.11591811    2.32988876    2.77252360    2.06524942    2.56864670    2.51566458    2.59842671    1.26370404    0.00000000    1.51112130    2.00516623    2.91116542    2.36186126    2.95872043    1.89763710    2.26629663    2.94195272    2.97438493    2.72906401    2.06421106    2.81998135    2.94806006    2.07272238    2.57410390    2.07437462    2.21602134    2.20957475    2.59717566    2.23061132    2.12612332    2.36496649    2.09722471    1.96910925    2.14904020    4.19216871    4.59552951    3.06664510    3.79947758    2.39112197    3.08546260    2.79359261    2.71792453    2.51271291    2.24291827    2.05498496    3.15127189    2.22804076    2.37589443    2.08618519    2.80983673    2.67745527    2.05380738    2.95831602    2.39425314    2.64852631    3.06565880    3.51395962
C7RSL3_ACCPU/18-147     3.40499145    2.79450865    2.27025343    2.03426163    2.33738144    2.52026030    2.41438147    2.23581158    2.42559311    2.36068684    2.81496465    1.88022564    2.37052147    2.36011277    2.13798593    2.31703152    2.61801135    2.46744650    2.41152317    2.77536354    3.43523333    2.55659913    2.55508216    3.02585760    2.25358870    1.85486781    1.51112130    0.00000000    2.41231426    2.45682418    2.49334154    3.19244944    1.94094357    2.40983234    2.35638607    2.30199123    2.88138484    2.40997364    3.40991736    2.80520358    2.33441909    2.30172687    2.10616809    2.25161884    2.54935222    2.95672003    2.64373535    2.78426088    2.69180371    2.39647960    2.35566371    2.08516363    3.77259519    4.23348659    3.42061035    3.74112098    2.53226569    3.31227696    2.84322820    2.52666685    2.57825452    2.14840232    2.56304248    3.26045740    2.57835018    2.63907556    2.26004028    2.54447794    2.43764259    2.28659112    2.94544774    2.57946942    3.37493511    2.65990952    2.87675704
B2KD03_ELUMP/139-284     1.83630145    2.38143131    2.60871057    2.76061166    2.47065123    3.79376360    2.47576639    2.27284298    3.09869151    2.75675192    3.25310623    2.41534848    2.75733526    2.32529602    2.44027816    2.76770519    3.12247780    2.62031805    2.81397122    3.04129512    3.22807609    2.10737304    3.64104768    3.01532299    3.67563861    1.88242951    2.00516623    2.41231426    0.00000000    1.72179252    1.43541181    2.88892235    1.76381540    1.96773690    2.89548198    3.02332929    2.80551518    2.53342155    3.02974896    3.07184284    2.84809382    3.55007507    2.01971184    3.32181219    2.70839465    3.34825891    2.88505149    2.86450122    2.65970221    2.23628588    2.67997515    2.57738381    4.38139709    4.68315782    3.65085500    3.75153385    3.37104756    3.39725895    3.00815869    3.15540173    2.65607531    2.42582144    2.78249897    3.81522730    2.83999464    2.81049842    2.48008587    2.90963125    2.89660561    2.62719671    2.79178275    2.74796885    3.16127420    2.81208048    3.78080793
Q31H43_HYDCU/121-269     2.10852286    2.51975870    2.51994393    2.17595547    2.28866141    2.52441604    2.45776663    2.02167548    2.26999302    2.52738630    2.66321127    2.43878199    2.64254280    2.71846055    2.22214179    2.22651485    2.62865348    2.58967708    2.50272915    2.41069303    2.79966376    2.35532693    3.40731441    3.29641448    3.29545297    2.43518988    2.91116542    2.45682418    1.72179252    0.00000000    1.02650534    3.35977526    1.93518932    2.30592162    2.46805742    3.49151326    3.09272428    2.75985426    3.15417963    3.14741971    2.87714657    2.77686575    2.40179701    3.20987174    2.49506612    3.41167139    2.76739491    3.21448487    2.48631397    2.41521096    3.27085469    2.38834179    4.76137979    4.73728589    3.94869649    4.26264957    2.95598380    3.59539561    2.63267021    2.56698908    2.80312493    2.21989115    2.86582861    3.25274708    2.40675084    2.87097040    2.69630247    2.94319654    2.83950307    2.77047992    2.61401576    2.72007470    3.21358720    3.29997746    3.65338207
A1SXH1_PSYIN/120-265     2.48103431    2.01570333    2.59865248    2.17619928    2.14690172    2.65093745    2.48238610    1.96898436    2.64940955    2.14803598    2.37945120    2.22949458    2.53152543    2.32613222    2.34620498    2.41695914    2.63834199    2.43092492    2.35684790    3.02093465    2.89697172    2.53083748    3.26187305    3.36718088    3.37412288    2.21879114    2.36186126    2.49334154    1.43541181    1.02650534    0.00000000    3.18988752    2.07672128    2.40310734    2.75040620    3.22576451    3.45438689    2.58980982    3.93195704    3.14496674    3.13693700    2.94873533    2.67438283    3.07079372    2.97073047    3.51444281    2.60099540    2.94802750    2.75325818    2.34584464    3.31389959    2.35663224    5.04902659    5.53152974    5.23844014    5.12528847    3.12135837    3.48845282    2.72927202    2.83780424    3.55507826    2.19199660    2.82513903    3.01664637    2.31656440    2.51425525    2.41974971    2.52158962    2.61808684    2.43461304    2.53148432    2.24700569    3.06580403    3.33071287    3.16886230
Q6YRV7_SYNY3/16-196     3.70977827    2.64286111    2.99214694    2.70931349    2.73757123    4.91712547    4.07102882    4.91985613    3.78798431    2.75090153    3.08845215    3.40966114    3.40274572    3.12861162    2.70700226    3.23511013    3.28833702    3.38941739    2.81271710    2.59023462    3.13145368    2.75247075    3.05150939    3.11869943    3.10082241    2.68570706    2.95872043    3.19244944    2.88892235    3.35977526    3.18988752    0.00000000    1.96292558    2.63567504    2.84588825    3.32589200    2.89464171    2.81782235    3.09165310    3.51859774    3.01930931    3.65115309    2.81910407    3.44429987    3.69560925    3.18289589    2.88620920    3.28438920    2.94744966    2.70825513    2.73184109    2.63499705    3.62437209    3.68532672    3.35630993    3.92570813    2.95597088    3.95412961    4.14650303    3.40018684    2.94610616    3.25432585    3.44708020    3.34595108    3.24646578    2.59698597    2.95065650    2.79643389    3.00544197    2.77694302    3.19312884    3.26515868    3.29574695    3.05143253    2.76732770
Q8P3P1_XANCP/132-273     2.33370522    2.04240975    2.33788067    2.37452764    2.01663898    2.89577149    2.27725631    2.64910282    2.39346276    2.30639826    2.90751918    2.22693868    2.67554682    1.98847593    2.02053033    2.30474212    2.45157739    2.09670170    1.97295148    2.62868662    3.25374466    2.55131902    2.97217423    2.37614408    2.95345948    1.70613124    1.89763710    1.94094357    1.76381540    1.93518932    2.07672128    1.96292558    0.00000000    2.05118650    2.58299097    2.92301380    2.55576180    1.53875275    2.03801571    2.19243151    2.14226919    2.16480300    2.32596941    2.78637820    2.23556321    2.64898743    2.42733070    2.53578462    2.36902130    2.23046100    2.70320542    2.33174126    4.31165344    4.38154672    4.07981300    3.80856457    2.44027312    3.04426858    2.62449976    3.01640104    2.52840757    2.14074215    2.24030934    3.33650370    2.27940467    2.22883398    2.35012728    2.84007166    2.87908128    2.47348205    2.40563207    2.65510342    3.26751718    3.56712305    3.15585262
Q0BU75_GRABC/175-303     2.57111541    2.44257840    1.94727047    2.09402517    2.18315794    2.90144785    2.88448634    2.18139753    3.19024672    2.67896144    2.71868910    2.38216628    2.86126778    2.21565584    2.63948309    2.77428351    2.67621243    2.19605093    1.93765940    2.52634865    3.18326968    2.73660933    4.09697735    2.96382577    2.70305753    1.83758546    2.26629663    2.40983234    1.96773690    2.30592162    2.40310734    2.63567504    2.05118650    0.00000000    2.56094831    2.36562755    2.29975028    2.18693706    2.44095742    2.31687286    2.32668015    2.14184169    2.00982470    2.06569425    1.80760301    2.57956402    2.11958393    2.25398877    1.71767437    2.17207232    2.35790346    1.90142530    3.33430734    2.98293424    2.40818256    2.97750003    2.69604190    3.44187754    2.28426038    2.33679571    2.06771526    2.09319502    1.98938105    3.17947483    2.43569834    2.40279499    2.32261973    2.91859419    2.79815312    2.41945104    2.40343084    2.53610946    2.71940476    3.35622394    3.01585792
Q2SK63_HAHCH/224-352     3.08781565    2.84401084    2.13636027    2.15405097    2.85018056    2.60324824    2.12891562    2.28272334    3.12255007    3.09547928    3.26036232    2.34217959    2.89873581    2.75615448    2.30697032    2.35411395    2.93087529    2.42174704    2.41836064    2.72613869    3.59466260    3.21581354    3.99171939    3.67813900    3.45062771    2.30784854    2.94195272    2.35638607    2.89548198    2.46805742    2.75040620    2.84588825    2.58299097    2.56094831    0.00000000    1.75053170    1.49721940    1.48457680    1.44290019    1.34705504    1.40659794    1.17390426    1.47734286    1.73691504    1.75304034    1.69463558    1.58333729    1.92565304    1.45161537    1.35087186    1.39926632    1.57404728    2.60025611    2.80302323    2.71195033    2.91528129    1.78180326    2.23402827    2.41645242    2.00323866    2.58968553    2.51556095    3.64546217    3.10670831    2.58314069    3.36590631    2.79018025    3.18389015    2.62735018    2.48379678    3.16829000    2.88586790    3.57329542    3.63633228    3.03695351
D2VDX7_NAEGR/18-146     3.35694773    3.85943374    2.01746917    2.44058771    2.62169116    3.21016573    2.68439866    2.51677015    3.07844330    2.74167134    3.58632249    2.68377050    2.96321628    2.43655907    2.74482562    2.62923464    2.50778284    2.52737629    2.64559635    2.62994503    3.07711743    2.60882308    2.83029587    4.56519635    3.22040829    2.76015488    2.97438493    2.30199123    3.02332929    3.49151326    3.22576451    3.32589200    2.92301380    2.36562755    1.75053170    0.00000000    1.09271309    1.52531967    1.93611554    1.63786231    1.45240503    1.74100094    1.71688057    1.69648469    1.72618345    1.91626034    1.93614608    1.72314745    1.53537116    1.72788279    1.93685832    1.71770068    2.80890134    3.18011353    2.67999277    3.11620844    2.32885140    2.36239553    2.57479751    2.07701581    3.00106131    2.41000085    2.54745209    3.54347371    3.38458847    2.99086513    2.97655623    2.94786638    3.03059324    2.96075366    3.30349381    3.41223719    3.57889963    3.22927489    4.05988671
D3BT09_POLPP/437-564     2.67333292    3.51921902    1.90140640    2.46277069    2.38573459    3.39634628    2.61795469    2.53679559    2.90649879    2.98188835    3.54391960    2.84656170    2.94253422    2.30993229    3.12242986    2.80971843    3.11777988    2.29706906    2.33624631    2.27379280    2.67828507    2.75701108    3.49306785    3.75827010    3.69042103    2.53871641    2.72906401    2.88138484    2.80551518    3.09272428    3.45438689    2.89464171    2.55576180    2.29975028    1.49721940    1.09271309    0.00000000    1.37038753    1.59140048    1.64721167    1.41684718    1.43733660    1.49697424    1.69469646    1.85806274    1.72154103    2.15100158    2.02953687    1.54350078    1.71617196    1.50840684    1.43340618    2.92713811    2.78311359    2.38615948    2.73833074    1.69502924    2.21189291    2.57837463    1.86707721    2.80643369    2.02500018    2.22570525    2.98640897    2.74272602    2.93600467    2.66033889    2.97720096    2.31642868    2.88877185    3.16966591    3.26499955    2.88177539    4.09930617    4.34591801
