18
R5K497_9CLOT/60-320     0.00000000    2.29158879    3.72944684    2.08927939    2.91317433    1.93216512    2.45838076    2.12522367    2.29707719    1.89485604    2.25797892    1.75151397    1.89058693    1.99932565    1.88428005    2.10760091    1.82582996    1.97113262
R5QZA4_9FIRM/62-416     2.29158879    0.00000000    3.23774777    2.34072875    3.07694187    2.45250332    2.69678088    2.22363411    2.48068965    2.50463252    2.75579652    2.53317806    2.98586815    2.61011196    2.48113215    2.42121777    2.41773583    2.74189138
Q8CZB9_STRR6/74-312     3.72944684    3.23774777    0.00000000    2.79076029    2.86849968    2.71359722    3.09394567    2.53663565    3.65479079    3.23682242    3.31442779    3.01578060    3.92027035    3.87578772    4.48059361    3.10301562    3.90863551    3.82637480
R6GYY0_9FIRM/66-321     2.08927939    2.34072875    2.79076029    0.00000000    2.51188066    2.23739786    2.77986333    2.65974297    2.93672827    2.99893987    3.15611938    2.89982052    2.90578122    2.78566775    2.81150560    2.57154826    2.96612178    2.70874184
Q1WVJ3_LACS1/55-321     2.91317433    3.07694187    2.86849968    2.51188066    0.00000000    2.05353803    2.56346486    2.08997994    2.92646712    2.64714267    2.96124101    2.27573409    3.17903985    2.35365447    3.07259680    2.32565141    2.86693600    2.44636437
Q03D78_PEDPA/53-306     1.93216512    2.45250332    2.71359722    2.23739786    2.05353803    0.00000000    2.20896676    1.38677914    2.93437147    2.39683851    2.82795771    2.24706998    2.35868563    2.72345468    2.70192705    2.24496598    2.37581271    2.13607433
Q03TR2_LACBA/55-323     2.45838076    2.69678088    3.09394567    2.77986333    2.56346486    2.20896676    0.00000000    1.44545594    3.08974013    2.68635268    3.27190968    2.97944195    2.52144304    2.87538715    3.07140268    2.83157411    2.58146969    2.39041899
F9UTC2_LACPL/53-308     2.12522367    2.22363411    2.53663565    2.65974297    2.08997994    1.38677914    1.44545594    0.00000000    2.88841620    2.26135165    3.00725264    2.70905509    2.15656008    2.53047992    2.57684378    2.28954055    2.52838369    2.23511772
U5LE26_9BACI/42-281     2.29707719    2.48068965    3.65479079    2.93672827    2.92646712    2.93437147    3.08974013    2.88841620    0.00000000    1.68667668    1.82439963    1.59360525    2.19580794    2.13475375    2.37890877    1.99749535    1.76922591    2.43365263
LIAG_BACSU/48-290     1.89485604    2.50463252    3.23682242    2.99893987    2.64714267    2.39683851    2.68635268    2.26135165    1.68667668    0.00000000    1.43935070    1.23720376    1.81718650    2.04208133    2.37597993    1.75742370    2.09924399    2.23025198
A8FHA3_BACP2/48-289     2.25797892    2.75579652    3.31442779    3.15611938    2.96124101    2.82795771    3.27190968    3.00725264    1.82439963    1.43935070    0.00000000    1.08654874    2.10183536    2.24351366    1.95740827    2.38946624    2.19495648    2.34728695
Q65F42_BACLD/48-287     1.75151397    2.53317806    3.01578060    2.89982052    2.27573409    2.24706998    2.97944195    2.70905509    1.59360525    1.23720376    1.08654874    0.00000000    2.13702716    2.00349878    1.99399667    1.87143451    1.98752047    2.07027300
C8WPF1_EGGLE/59-309     1.89058693    2.98586815    3.92027035    2.90578122    3.17903985    2.35868563    2.52144304    2.15656008    2.19580794    1.81718650    2.10183536    2.13702716    0.00000000    2.07508149    1.93456768    2.09905466    2.24133407    2.37432689
A5N0S4_CLOK5/61-312     1.99932565    2.61011196    3.87578772    2.78566775    2.35365447    2.72345468    2.87538715    2.53047992    2.13475375    2.04208133    2.24351366    2.00349878    2.07508149    0.00000000    1.85652479    2.06598926    2.10390932    2.27646039
D3FVT1_ALKPO/49-292     1.88428005    2.48113215    4.48059361    2.81150560    3.07259680    2.70192705    3.07140268    2.57684378    2.37890877    2.37597993    1.95740827    1.99399667    1.93456768    1.85652479    0.00000000    1.91654971    1.90536208    2.04076655
Q8Y9D1_LISMO/52-365     2.10760091    2.42121777    3.10301562    2.57154826    2.32565141    2.24496598    2.83157411    2.28954055    1.99749535    1.75742370    2.38946624    1.87143451    2.09905466    2.06598926    1.91654971    0.00000000    2.05591327    2.31098121
U5L4M9_9BACI/47-316     1.82582996    2.41773583    3.90863551    2.96612178    2.86693600    2.37581271    2.58146969    2.52838369    1.76922591    2.09924399    2.19495648    1.98752047    2.24133407    2.10390932    1.90536208    2.05591327    0.00000000    2.03270453
Q5WBT9_BACSK/40-288     1.97113262    2.74189138    3.82637480    2.70874184    2.44636437    2.13607433    2.39041899    2.23511772    2.43365263    2.23025198    2.34728695    2.07027300    2.37432689    2.27646039    2.04076655    2.31098121    2.03270453    0.00000000

