133
D3E5U1_GEOS4/248-586     0.00000000    0.70526936    0.89948429    0.90325734    1.03966303    1.08053969    1.09060250    1.17983287    1.07725367    1.18053007    1.03042428    1.15919475    1.04890481    1.01289516    1.16667912    0.95622049    1.04873444    1.05470599    1.08446639    0.97928338    0.94575567    1.03935160    0.98615438    0.96625590    1.00932269    1.01267986    0.90216165    0.91967622    0.87265860    0.91816206    0.84261747    0.92929829    0.91366528    0.83699751    0.90076123    0.93322153    1.08636340    0.96805581    1.90841174    1.66684235    1.69108045    1.55694774    1.45014117    1.29213200    1.42695479    1.46150316    1.31074839    1.36611208    1.46927172    1.26937933    1.37733951    1.32377009    1.97215223    1.42212246    1.50129086    1.83211537    1.84992342    1.93902298    2.03296449    1.95369459    2.75102808    2.80911672    2.93966988    2.68466566    3.72256032    3.20249060    2.97594537    3.01288312    1.28328890    1.31368784    1.27160358    1.17855006    0.99441864    1.15081161    1.00572445    0.91010231    0.96437466    1.00133095    0.94359837    0.88792425    1.01339894    1.03515994    1.09500476    1.11284627    0.95395299    1.06194061    1.08953269    0.96894132    0.99396942    0.95260693    0.89344887    1.04692730    1.06085686    1.00156619    0.97216594    1.07640505    1.06387890    1.02661378    1.07233809    1.14912342    1.22182536    1.05480707    1.47607599    1.05152374    1.21239764    1.14724591    1.16106003    1.32490947    1.16574864    1.73253655    1.22251527    1.13908604    1.07201144    1.38754020    1.43043906    2.21453675    1.97695220    1.85298847    2.07787186    2.12128265    2.21580400    2.29860209    2.53099271    2.21788650    2.17460128    2.18092962    2.23572087    1.89903563    1.82710683    1.77238840    1.46362593    1.30477339    1.17074474
C6D4E5_PAESJ/261-606     0.70526936    0.00000000    0.88505205    0.94356459    1.21586973    1.11452838    1.17842208    1.26684220    1.18000681    1.23982827    1.13398176    1.37767276    1.08182753    1.12224288    1.20225122    1.04677978    1.09097291    1.14511883    1.09569112    1.06019961    1.01750925    1.03625930    0.98886577    0.87901521    0.97526843    1.00935979    0.93692796    0.89296213    0.88687738    0.87230948    0.92339307    1.00251334    0.95624973    0.90097347    0.96044619    0.96535865    1.23459825    1.01427187    2.11554637    1.85553036    1.84301660    1.70068268    1.53146033    1.30525269    1.59829510    1.46640653    1.43297747    1.32462839    1.43280094    1.32179780    1.28346602    1.21827602    2.01721298    1.51731985    1.47987815    1.80288946    1.84914895    1.94237356    2.13577161    1.85891599    3.11135441    3.04727311    2.88786070    2.73743607    3.83899832    3.38768771    3.03327855    2.95786522    1.36529918    1.36063976    1.57184374    1.25046392    1.11325017    1.26259088    1.19042118    1.07041266    1.11992891    1.11712866    1.15840788    1.04989308    1.09418468    1.12512380    1.20638049    1.25891959    1.10724081    1.16496123    1.17603351    1.09106264    1.07181066    1.07456844    1.01070598    1.22620733    1.07379664    1.08700475    1.05327856    1.06183669    1.10514802    1.05142416    1.12506483    1.17324085    1.31663777    1.07428720    1.44998653    1.13330020    1.30829161    1.21962639    1.26977971    1.39498787    1.28208849    1.82444412    1.43129697    1.17665556    1.19826089    1.53370951    1.59100541    2.51987695    2.24378229    1.94519925    2.19368122    2.13158392    2.38151990    2.53178431    2.48836015    2.33541014    2.48528525    2.51294546    2.55401822    2.09519761    1.92359703    1.82130336    1.43822895    1.32490161    1.19610957
C0ZFY0_BREBN/244-568     0.89948429    0.88505205    0.00000000    0.75322461    0.81507219    0.83921326    0.86545538    0.90638135    0.92917983    1.04809127    0.89510749    0.93220296    0.81180466    0.87075670    0.93548258    0.77681098    0.84627678    0.87232746    0.88726032    0.89885322    0.85141503    0.91477718    0.79958990    0.80235626    0.79780647    0.79463463    0.77460011    0.76448852    0.73242397    0.78980967    0.76937525    0.77619810    0.73211607    0.68233241    0.72249953    0.77238313    0.94615450    0.91439591    1.83299269    1.78338930    1.76272672    1.65344960    1.30156296    1.26544394    1.29887602    1.23386252    1.26436502    1.30800285    1.39062584    1.12169140    1.27204278    1.10170758    1.80865887    1.33345712    1.42909629    1.61242373    1.68534336    1.67887510    1.83208093    1.67523519    2.69379551    2.77233208    2.67262781    2.60113747    3.02251261    2.98704786    2.90011160    2.58806954    1.08488041    1.10633755    1.27510108    1.12853148    1.00768918    1.10274673    0.93735319    0.91512566    0.96672204    0.99660567    0.97338792    0.93539226    0.86122837    0.92505954    1.03811610    0.99286680    0.96336081    0.92470362    0.86642277    0.83157620    0.85156853    0.84942378    0.89421451    1.04788241    0.91190589    0.89737785    0.89629132    0.96086700    0.90353828    0.92453548    0.85263057    0.95338540    1.04335263    0.98292023    1.24221783    0.91766804    1.10155146    1.00671035    1.13883781    1.17944933    1.02862099    1.53135244    1.14070710    1.06300209    0.97982535    1.39626455    1.53777775    1.92467034    1.87409185    1.60392341    1.85709553    1.87835929    2.17503247    2.33612970    2.29906550    2.23761909    2.16527826    2.17324590    2.10901700    1.58758329    1.72748985    1.79940379    1.20330399    1.10527945    0.90971390
Q8Y683_LISMO/240-552     0.90325734    0.94356459    0.75322461    0.00000000    0.78044834    0.75596110    0.63548441    0.83198122    0.78648697    0.91446424    0.71535520    0.81022742    0.68232917    0.65787935    0.80947074    0.65970668    0.76828663    0.72001898    0.73342804    0.77271044    0.69496121    0.70071471    0.66085860    0.68068312    0.85009200    0.79646217    0.73440506    0.65670523    0.68111981    0.67559810    0.71279019    0.67596688    0.71119649    0.70002415    0.65976103    0.79114092    1.01736092    0.87065725    1.65383864    1.62695701    1.48585210    1.59283379    1.24727394    1.34881074    1.35636855    1.40576629    1.20117086    1.10358082    1.18904435    1.13352422    1.13907787    1.09592391    1.58166982    1.16229933    1.21674033    1.67991701    1.60472725    1.58689774    1.74924301    1.82074087    2.53846859    2.65924269    2.61072314    2.62436773    3.02868183    2.72777500    2.74784515    2.53034157    1.02663942    1.16453158    1.41438567    1.05052927    0.98565889    1.07111002    0.97129965    1.01616011    0.99023952    1.00353040    0.98287645    1.02130516    0.91444705    0.97742217    0.97568304    1.01158774    0.95350850    1.02414042    1.05376856    1.04147692    1.02472230    0.95763984    1.02398593    1.02589972    1.03612881    0.96235284    0.97506244    0.93261018    0.91967752    0.92327081    0.94816245    1.06547525    1.15708075    1.05428662    1.36997700    1.02020334    1.13266372    1.28390233    1.13753596    1.39673990    1.10696614    1.55213702    1.24773899    1.18538688    1.04597116    1.51474656    1.55888789    1.98860580    1.86679484    1.74199331    2.27959855    2.09704932    2.27272132    2.24254041    2.26367095    2.45041210    2.27036032    2.44058546    2.42931156    1.75073929    1.68204950    1.66800998    1.28638107    1.19938993    1.03967124
Q1G9J7_LACDA/246-559     1.03966303    1.21586973    0.81507219    0.78044834    0.00000000    0.23037845    0.62143377    0.66435898    0.71826688    0.80316402    0.66984883    0.76003278    0.72344772    0.66050140    0.87049277    0.68110166    0.82950672    0.73967215    0.78251120    0.77422014    0.81113284    0.84519256    0.78575654    0.83053518    0.84266806    0.87236358    0.86351698    0.86350181    0.81743778    0.89088364    0.89056176    0.81584291    0.81910900    0.85557554    0.81933114    0.77664805    0.95486409    0.98006047    1.52003457    1.65041459    1.59385682    1.55313274    1.26824428    1.35742750    1.31963473    1.35630575    1.17192012    1.17804977    1.28751533    1.14758433    1.18735244    1.13805989    1.78899528    1.22951667    1.36071930    1.58861307    1.67099076    1.71958370    1.71849613    1.72349307    2.60361756    2.89986443    2.87922622    2.52189729    3.15570370    3.05001930    3.07331062    2.62735694    1.16378118    1.14526605    1.41006149    1.14055933    1.05504643    1.08957588    1.05360928    1.05371088    1.04673008    1.12671728    1.07441443    1.11867486    1.01341557    1.07079308    1.03378265    1.06952859    1.04677656    1.06327927    1.05515150    0.99239763    0.99856612    1.02910997    0.96142079    1.13122457    0.97378454    1.01569079    0.99947241    0.98079147    0.94078190    0.96858661    1.02887199    1.13439418    1.09753562    1.04028215    1.36805946    1.06678377    1.24782940    1.22859194    1.10169010    1.25472372    1.11237980    1.74113690    1.17524654    1.26522283    1.08336512    1.40068721    1.43529535    1.86280474    1.88553946    1.57258525    1.93767243    1.88457231    2.11096030    2.42452133    2.35741291    2.12220008    2.01084672    2.08835037    2.20337243    1.69167264    1.75114149    1.60986291    1.23516311    1.33417655    1.04660071
Q5FJI5_LACAC/242-553     1.08053969    1.11452838    0.83921326    0.75596110    0.23037845    0.00000000    0.59599164    0.66323096    0.65584753    0.78867358    0.64838621    0.74757337    0.71018444    0.61762003    0.81887895    0.65558264    0.72940915    0.72167605    0.74027827    0.78898535    0.80292341    0.85447049    0.77823564    0.89551162    0.87094736    0.84513553    0.88364122    0.88051567    0.81201541    0.81241908    0.85114653    0.74620686    0.78417554    0.81989617    0.83587606    0.80852444    0.97808770    0.97640362    1.49902021    1.60650730    1.57009179    1.51668437    1.26767012    1.37457999    1.27962822    1.30016034    1.14804730    1.12630879    1.25721988    1.13724431    1.13662790    1.16841088    1.66927614    1.17861782    1.28704228    1.64894195    1.59359814    1.65633218    1.77537638    1.72960025    2.47615272    2.94229993    2.80399277    2.62919247    2.97641836    2.84243253    2.97371174    2.75303147    1.09578946    1.09687191    1.33264001    1.07659140    1.00761781    1.02819369    0.96248549    0.93711139    0.92484290    1.06532976    1.02459931    1.08164186    0.91922580    0.95232688    0.95013166    1.00875604    1.03445813    1.03986207    1.00158309    0.98228644    0.90894946    0.93550632    0.94996092    1.10945390    0.85938317    0.94232788    0.94920709    0.92722014    0.93097551    0.85497183    0.89202996    1.19433705    1.11907098    1.01891135    1.31510354    1.13426724    1.24894772    1.21850678    1.08044515    1.37276386    1.16827905    1.80987688    1.22198655    1.21135881    1.03993066    1.46613940    1.54153931    1.95118850    1.86987005    1.53804583    2.02247160    1.97997123    2.11279530    2.27377318    2.23757048    2.29178751    2.20665207    2.39601736    2.41671894    1.68945817    1.76331429    1.64591690    1.24312775    1.28193057    1.06469676
Q38XS7_LACSS/240-556     1.09060250    1.17842208    0.86545538    0.63548441    0.62143377    0.59599164    0.00000000    0.48867848    0.52947490    0.71337607    0.42449441    0.49384311    0.50306682    0.46849788    0.65343932    0.60683446    0.64936474    0.67310596    0.63887755    0.80024093    0.74950425    0.78235315    0.83136674    0.77145065    0.88806301    0.89160757    0.85670663    0.82456014    0.76779561    0.82336082    0.81826238    0.81659750    0.70793938    0.78392825    0.76534110    0.78427339    0.93988941    0.96728619    1.70850495    1.65319312    1.59582087    1.46971313    1.23548528    1.23619500    1.31675451    1.34445721    1.16644451    1.16472935    1.21686416    1.31618157    1.08251859    1.12565256    1.75829901    1.20030060    1.34859979    1.72440354    1.79373541    1.75943377    1.82021005    1.76595094    2.70872898    2.59389134    2.86510667    2.62526403    3.02378527    2.76804764    2.97859725    2.74738117    1.14307882    1.22523262    1.39133697    1.09613807    1.00604916    1.12666118    1.07290505    1.04883345    1.08921463    1.12813229    1.09574344    1.11211788    0.99052989    0.94268379    1.04121733    1.01855095    1.04547427    1.00377152    1.04272022    1.15342051    1.07713926    1.05105364    1.11118929    1.17394447    1.07383359    1.05030041    1.10472131    1.13672022    1.05829887    1.05817457    1.06880745    1.15300681    1.13235867    1.15072256    1.44815351    1.09035239    1.30918644    1.22941526    1.20104967    1.27582504    1.27542920    1.56814707    1.17743684    1.27459258    1.12697205    1.43187163    1.41508919    1.88698024    1.81510858    1.71434898    2.07559205    2.03959661    2.30428896    2.24215917    2.32685249    2.20033654    2.29585208    2.38266327    2.28529619    1.68532544    1.76364712    1.62271430    1.26855922    1.15484602    1.06121611
Q03RT2_LACBA/242-565     1.17983287    1.26684220    0.90638135    0.83198122    0.66435898    0.66323096    0.48867848    0.00000000    0.44131645    0.68560755    0.53247731    0.58732205    0.64014391    0.61639717    0.86014234    0.70998837    0.77119528    0.77112887    0.77408100    0.85697790    0.74930279    0.80741674    0.80394972    0.85673139    0.90495578    0.93250984    0.87530221    0.88809526    0.88107783    0.90528731    0.88864734    0.81608520    0.87698130    0.90672122    0.88145182    0.90428540    1.07345755    0.99992304    1.69144989    1.61026145    1.61741225    1.52719471    1.29230048    1.37074724    1.34544434    1.33099459    1.25841094    1.24671031    1.38221933    1.26803899    1.08207743    1.19319766    1.66521080    1.40640604    1.51066678    1.79699104    1.88706493    1.80092552    1.77248879    1.82000083    2.68545205    2.80298319    3.10166364    2.68303311    2.90364693    3.08164661    2.96956126    2.82883561    1.11037192    1.23983435    1.31674447    1.13468032    1.02350390    1.09392014    1.06796318    1.01471021    1.07654191    1.11509155    1.04457961    1.04298135    1.01262919    1.08077121    1.08379466    0.99766811    1.00897532    1.04293345    1.11865925    1.14356804    1.04136855    1.04892253    1.09398897    1.19030573    1.01455662    1.03556718    1.01811700    1.04622146    0.99625894    1.03295624    1.00875743    1.07935483    1.09227203    1.15459397    1.36217327    1.12272885    1.29236977    1.13160097    1.09715163    1.30311285    1.27109280    1.70872471    1.28980058    1.24196519    1.03195497    1.45574511    1.55425097    2.02673652    1.94267442    1.61327456    2.14860588    2.06574415    2.33200556    2.32800795    2.37162936    2.37026224    2.18441629    2.33652359    2.23138392    1.77581588    1.83329369    1.67082525    1.25443027    1.17639466    1.10197699
Q03FX4_PEDPA/244-562     1.07725367    1.18000681    0.92917983    0.78648697    0.71826688    0.65584753    0.52947490    0.44131645    0.00000000    0.69781911    0.53427879    0.57742934    0.67162958    0.64339833    0.82482410    0.72304822    0.81289458    0.78145351    0.78813910    0.78814779    0.70222716    0.77704728    0.85882355    0.89188966    1.00830126    0.93632889    0.87902327    0.83371886    0.87361006    0.90582540    0.86890530    0.86834175    0.85538946    0.87760103    0.83516436    0.88622020    1.08735394    0.98816441    1.65630725    1.78484091    1.67919037    1.58307721    1.31358816    1.35905806    1.29072867    1.31856695    1.16935546    1.18938138    1.25046194    1.24907861    1.06130110    1.13758724    1.73477170    1.28152229    1.46633103    1.68804559    1.72237545    1.70198760    1.85654663    1.76429873    2.71579401    2.68536117    2.87576099    2.81578482    2.86233056    3.12067849    2.75456105    2.66809335    1.15106765    1.19806814    1.34074958    1.11650317    1.02395730    1.14097997    1.09990687    0.99956481    1.05527014    1.06836983    1.07241584    1.11304623    1.01609101    1.08285741    1.11407963    1.13586735    1.09079567    1.13319804    1.12014896    1.12431792    1.07982271    1.07554092    1.11815852    1.17045259    1.01668001    1.09394214    1.07939531    1.14107563    1.06487464    1.07788870    0.99382474    1.11310020    1.13619386    1.16095935    1.39344423    1.10641331    1.23053970    1.24424946    1.16688257    1.39505822    1.18291678    1.74635195    1.25892448    1.28880334    1.16300999    1.33166413    1.46145585    1.98448228    1.94569383    1.75821301    2.13668607    2.16176992    2.56539038    2.32227879    2.28464145    2.44421705    2.26139204    2.39956520    2.35682465    1.80264805    1.87724018    1.77716220    1.29819395    1.23570462    1.11127828
Q04GL7_OENOB/238-554     1.18053007    1.23982827    1.04809127    0.91446424    0.80316402    0.78867358    0.71337607    0.68560755    0.69781911    0.00000000    0.71540829    0.74420843    0.87735703    0.84262876    0.93475182    0.83692278    0.92885607    0.90601204    0.88072000    0.94602578    0.97504501    1.00360499    0.97512447    0.91400993    1.00894802    0.97088029    1.00333866    1.03905309    0.94271558    1.01258349    0.93257258    0.98946583    0.97717093    0.97230076    0.94953872    0.98948458    1.14783924    1.17314747    1.64489485    1.79586898    1.71402470    1.52228369    1.27002693    1.36929586    1.28371583    1.36157999    1.33278806    1.39176887    1.34946166    1.31202516    1.25162277    1.29763328    1.69885165    1.43891497    1.49432313    1.80925126    1.77803249    1.68668387    1.79363901    1.76896973    2.76104262    2.88116345    2.80582791    2.79989849    2.99709510    3.32367659    2.77528822    2.47014762    1.20148490    1.22361329    1.46646099    1.11190904    1.15262112    1.27269814    1.10460192    1.07860580    1.15613385    1.21837313    1.14471012    1.14400072    1.01717129    1.13100176    1.14555614    1.10825953    1.20013476    1.13366865    1.07640190    1.15615485    1.10363272    1.13828040    1.14604860    1.20315626    1.06062719    1.02927836    1.08090412    1.16237806    1.04837785    1.11934532    1.01798044    1.23926505    1.28898500    1.13823647    1.41480930    1.13527116    1.40189033    1.29526396    1.20873145    1.31329292    1.26683974    1.76076222    1.27640713    1.34517142    1.16199506    1.47912879    1.42750303    2.12210869    1.98016100    1.69139490    2.18380124    2.16881861    2.44963640    2.44457850    2.61526917    2.47798654    2.46186798    2.61682696    2.55046101    1.91209452    1.85717310    1.73445270    1.27300638    1.29178664    1.20374922
G2SPF7_LACRR/242-562     1.03042428    1.13398176    0.89510749    0.71535520    0.66984883    0.64838621    0.42449441    0.53247731    0.53427879    0.71540829    0.00000000    0.42424380    0.57969257    0.51594403    0.72924740    0.63725689    0.67720385    0.69194531    0.70858472    0.78204658    0.74373429    0.78132863    0.79056857    0.79376381    0.80701766    0.88304455    0.86474345    0.81838954    0.75083580    0.79895010    0.75762538    0.71786837    0.72879893    0.80410954    0.74247775    0.80975215    0.96026217    0.90881993    1.52113404    1.48419755    1.52396393    1.50300762    1.21660854    1.18559269    1.33412160    1.27132058    1.16036976    1.23668511    1.24691005    1.17307762    1.12633372    1.16302011    1.65695341    1.31686483    1.49560990    1.60084571    1.70405792    1.72119303    1.84267435    1.74001862    2.74227258    2.96964899    3.26634026    2.99277532    2.87198357    2.96898231    2.84991051    2.74628673    1.05752960    1.05018429    1.36092685    1.03501247    0.99312016    0.99784638    1.01231245    0.98797757    0.96868610    1.02444546    0.95496177    0.99392428    0.90527246    0.93103839    0.93626401    0.91795362    0.97188951    0.98414886    1.05815130    1.00907592    0.98773864    0.98820418    1.06980966    1.07753929    1.00675414    0.98843692    0.98285150    1.08835643    0.98323003    1.03532862    0.93117670    1.10443081    1.09124834    1.08760811    1.25669254    1.09692480    1.24722676    1.16873993    1.11401986    1.40929102    1.21187619    1.68452984    1.21436543    1.30469393    1.09747103    1.49607253    1.54579275    2.09229660    1.96312073    1.87322054    2.10213568    2.10801396    2.38056770    2.43099078    2.51886323    2.29922174    2.27534645    2.38453117    2.24087145    1.85808587    1.91595328    1.73685964    1.26996913    1.13816637    1.10341542
Q1WUA4_LACS1/241-566     1.15919475    1.37767276    0.93220296    0.81022742    0.76003278    0.74757337    0.49384311    0.58732205    0.57742934    0.74420843    0.42424380    0.00000000    0.68049409    0.68268221    0.88795318    0.80150217    0.82168115    0.80325620    0.81541803    0.86981849    0.85665880    0.88955779    0.83726132    0.87190136    0.89694864    0.98137116    0.94400136    0.95920693    0.84259401    0.92148915    0.86539378    0.81688575    0.86328500    0.94278803    0.85323450    0.87797313    1.01638887    0.93419991    1.59220786    1.50315319    1.59028960    1.71742661    1.25443308    1.36602828    1.35998858    1.33517162    1.23668845    1.22649134    1.41779790    1.21742458    1.21288064    1.22026958    1.66701487    1.39446295    1.51748819    1.70557415    1.66017286    1.72523041    1.81545566    1.83049748    2.77274042    2.97588729    3.10630296    2.85258276    2.98301461    3.06045974    3.03639278    2.86781756    1.04670005    1.25351896    1.38347143    1.13926855    1.13144511    1.12796891    1.08905722    1.08832900    1.08694754    1.17170572    1.11157898    1.13275726    1.02263829    1.06608713    1.11004633    1.15429254    1.04097329    1.07302734    1.07014500    1.08616940    1.15297958    1.03090995    1.05729405    1.10525797    1.02194531    1.10161657    1.01807525    1.10596267    1.08296438    1.05089639    1.07623232    1.26119537    1.19599546    1.23596485    1.32668782    1.11208663    1.37670363    1.29859028    1.32521197    1.38310123    1.28515300    1.79755400    1.18651214    1.35284351    1.16040480    1.58392113    1.61631295    2.05400469    2.10529104    1.85812520    2.25084197    2.08949566    2.52239096    2.61526510    2.65004145    2.37778240    2.33632139    2.48374470    2.35798725    1.90706746    1.90009851    1.77982412    1.41915646    1.27751183    1.02821207
C9A9J5_ENTCA/242-560     1.04890481    1.08182753    0.81180466    0.68232917    0.72344772    0.71018444    0.50306682    0.64014391    0.67162958    0.87735703    0.57969257    0.68049409    0.00000000    0.30369843    0.62171547    0.53779718    0.55872805    0.56826915    0.53541480    0.84044213    0.80549404    0.79712442    0.77352989    0.78294342    0.84110935    0.82563368    0.81682697    0.83995487    0.74825012    0.77478253    0.82868850    0.78115312    0.83117253    0.74251050    0.76751752    0.82774585    0.88864719    0.93864085    1.65467911    1.55311228    1.49755652    1.45645415    1.29360014    1.29021251    1.25018888    1.32390240    1.11901215    1.19859505    1.31099064    1.21172070    1.14960506    1.18505743    1.69326373    1.21580796    1.33176452    1.75139524    1.68927298    1.81388932    1.81000789    1.69161370    2.52437906    2.78373717    2.69736245    2.49198046    3.04752575    2.90278681    2.92818300    2.57581484    1.03988887    1.16404870    1.37454790    1.09271867    1.05823893    1.08481885    1.04508869    1.03450142    1.06948828    1.06891386    1.08261173    1.03548641    1.07008490    1.05128808    1.12146852    1.03359021    1.05798494    1.02242070    1.05782649    1.09684186    1.06217513    1.01991771    0.95731590    1.09718198    0.98720881    0.98091534    1.01611066    1.04347606    1.04256396    1.00035625    1.02053278    1.12541755    1.15706369    1.11560525    1.41879988    1.12131749    1.28180942    1.20989821    1.16429083    1.28065015    1.10838975    1.74058098    1.24375224    1.30298583    1.15711091    1.38456946    1.54184733    1.95119573    2.06363519    1.78980168    2.15162607    2.10162012    2.29963006    2.41162882    2.38533812    2.27212688    2.19720386    2.28460399    2.28424492    1.69569714    1.77267113    1.80599971    1.26463628    1.25416097    1.07020620
Q82ZE6_ENTFA/242-558     1.01289516    1.12224288    0.87075670    0.65787935    0.66050140    0.61762003    0.46849788    0.61639717    0.64339833    0.84262876    0.51594403    0.68268221    0.30369843    0.00000000    0.64147554    0.58392408    0.57696873    0.61686281    0.55370846    0.72957776    0.70720429    0.69327070    0.77194059    0.68779561    0.82052460    0.83460022    0.76568689    0.73341415    0.73891222    0.74591802    0.74036192    0.69931243    0.73352699    0.74248437    0.69120980    0.75185814    0.91373894    0.93571888    1.61315218    1.56351987    1.46530421    1.44311631    1.24196143    1.31497363    1.23856524    1.31772027    1.14441431    1.15420318    1.20705831    1.12796092    1.17978149    1.15914022    1.71263095    1.17564407    1.36596875    1.71846454    1.70094052    1.74200677    1.77718100    1.73773582    2.68659767    2.83018075    2.97646393    2.70549346    2.99519755    2.87842545    2.94319444    2.59071712    1.06623816    1.12300142    1.36780545    0.98232018    1.00078074    1.03942640    1.02343086    1.00514665    0.97291531    1.06017313    1.04782626    1.04518911    0.97369216    0.99462830    1.05376569    1.01212908    0.96830251    0.97697751    0.99897182    1.02475565    1.01094026    0.94016452    0.97976382    1.05888753    0.97202750    0.95849241    1.02581173    1.06846457    0.96271580    1.05591426    0.99201184    1.09980987    1.12534537    1.06785213    1.31014246    1.13830847    1.23194063    1.16156127    1.15242473    1.34818486    1.10848583    1.62066476    1.22827554    1.30562914    1.04852529    1.40978348    1.52024847    1.96701636    1.88073730    1.71521903    2.11412058    2.15649181    2.27309406    2.35593558    2.35135616    2.40527922    2.23560407    2.38444901    2.41429769    1.72062779    1.83297580    1.76561426    1.28779760    1.18200767    0.99881854
Q9CJ16_LACLA/218-535     1.16667912    1.20225122    0.93548258    0.80947074    0.87049277    0.81887895    0.65343932    0.86014234    0.82482410    0.93475182    0.72924740    0.88795318    0.62171547    0.64147554    0.00000000    0.51933821    0.51257438    0.51033153    0.52621752    0.85488558    0.82937247    0.86732217    0.92159948    0.93963634    0.97741798    0.94806642    0.90844397    0.88913302    0.85739529    0.83244640    0.89290863    0.92876930    0.80779041    0.86906398    0.82779727    0.88924630    0.98269553    1.02351354    1.66819238    1.61247471    1.59064260    1.58975879    1.27131533    1.16238428    1.19383836    1.35287477    1.23103259    1.28167494    1.21531044    1.17766185    1.21252445    1.18843185    1.82787775    1.35184618    1.43862464    1.67196407    1.62460089    1.73717797    1.66540747    1.73196147    2.59526930    3.03556789    2.99018726    2.67602947    3.09740294    3.14392168    2.89376829    2.85645222    1.11677641    1.26630341    1.41970280    1.17136667    0.98472155    0.97222978    1.01566502    0.96872559    0.93414188    0.99492091    0.95563427    0.99277486    0.92726095    0.95989918    0.98657002    0.90683927    0.98028143    0.96051762    0.98700569    0.96115840    1.01890023    0.97471242    1.06173283    1.07579471    1.03452507    1.00393069    1.00875850    1.07923467    1.04655105    1.02565310    0.95011298    1.12315680    1.23094158    1.12626277    1.44361709    1.08207990    1.24632550    1.20898620    1.21247687    1.37077050    1.23501674    1.62151604    1.29634930    1.34007974    1.15931039    1.49051528    1.49418873    1.99285075    1.88187784    1.76020962    2.17065517    2.05068625    2.20814458    2.18125855    2.31301818    2.21404264    2.35868599    2.42828101    2.41496289    1.79149242    1.69737222    1.71899601    1.39912668    1.22843276    1.08127561
A4VXI8_STRSY/240-554     0.95622049    1.04677978    0.77681098    0.65970668    0.68110166    0.65558264    0.60683446    0.70998837    0.72304822    0.83692278    0.63725689    0.80150217    0.53779718    0.58392408    0.51933821    0.00000000    0.26165847    0.30520517    0.33203508    0.85309061    0.75122422    0.80578623    0.74750348    0.83969182    0.81972861    0.87501342    0.81413044    0.77002956    0.77025479    0.84184741    0.84886050    0.78017694    0.76402035    0.74471277    0.76336973    0.80936807    0.98485911    0.91302575    1.66460534    1.57889971    1.53092722    1.43221996    1.17471694    1.18888022    1.18215875    1.28049932    1.19617771    1.28192862    1.31982498    1.17225845    1.20151354    1.14847450    1.84060791    1.16378927    1.28844053    1.76187012    1.61443552    1.59560418    1.73761332    1.71690918    2.42777957    2.76576955    2.65082288    2.65340853    2.84489075    3.01969861    2.88772552    2.57410371    1.06891861    1.07886367    1.34291881    1.01241079    0.95152029    0.97219706    0.93839550    0.88626309    0.86370051    0.93595099    0.92246392    0.94519858    0.83971066    0.79533349    0.91556666    0.87092468    0.94422788    0.91802823    0.91812679    0.93570776    0.92684117    0.88038582    0.93521929    1.05094709    0.88006612    0.86641917    0.88654456    0.92049558    0.89489211    0.89779897    0.86873843    1.03133061    1.12825316    1.07006956    1.34740455    0.93915579    1.17203880    1.10200813    1.11331717    1.28832069    1.14814353    1.62036684    1.20888053    1.10051888    0.94948829    1.42403455    1.38787150    1.88568250    1.81810137    1.59357551    1.99368793    1.76171664    2.00715522    2.19847202    2.26631924    2.18313810    1.96557540    2.17466936    2.11458068    1.65038738    1.51118697    1.55369156    1.22157292    1.13848916    1.00332454
Q8DR06_STRR6/240-555     1.04873444    1.09097291    0.84627678    0.76828663    0.82950672    0.72940915    0.64936474    0.77119528    0.81289458    0.92885607    0.67720385    0.82168115    0.55872805    0.57696873    0.51257438    0.26165847    0.00000000    0.31707643    0.33655023    0.87183118    0.82749411    0.84049217    0.85648884    0.98287764    0.89012667    0.96585153    0.90903727    0.81584557    0.82215079    0.87171134    0.91998947    0.81331768    0.75997316    0.80589833    0.79230454    0.89773230    1.01079294    1.03419953    1.64931163    1.53360823    1.64996279    1.55216107    1.23611391    1.18891615    1.36273748    1.27639631    1.15180483    1.26460129    1.27601209    1.22349717    1.20712743    1.20086359    1.85779949    1.20756554    1.36955379    1.69594348    1.66830415    1.58776416    1.76300414    1.69605186    2.59865276    2.81755530    2.87852870    2.83925422    2.88600790    3.02899888    3.13064002    2.68648691    1.14330069    1.16125923    1.45913173    1.07725434    0.96981077    1.01108921    0.99961025    0.91475771    0.92404028    0.96120801    0.95070105    0.90655937    0.84483721    0.81410761    0.97956765    0.88355305    1.03219361    0.97422099    0.92449255    0.94931188    0.97656714    0.93904544    1.02741978    1.10770624    0.93941963    0.92215737    0.88254224    1.00947233    0.97306888    0.93391406    0.90030674    1.07860819    1.14787657    1.06247471    1.43038617    0.99173147    1.29946732    1.18677777    1.18326942    1.38303833    1.24111326    1.59425234    1.34354908    1.19044113    1.05690091    1.51687853    1.51341035    1.95804939    1.96424594    1.78042247    2.12781364    1.98336317    2.19333210    2.28977810    2.31578159    2.36625724    2.18427786    2.33105936    2.24271609    1.74920157    1.68643612    1.63904437    1.35882072    1.17170671    1.00829936
Q5M2E9_STRT2/240-555     1.05470599    1.14511883    0.87232746    0.72001898    0.73967215    0.72167605    0.67310596    0.77112887    0.78145351    0.90601204    0.69194531    0.80325620    0.56826915    0.61686281    0.51033153    0.30520517    0.31707643    0.00000000    0.25980755    0.86864842    0.84847760    0.85406022    0.85177526    0.87803430    0.89637472    0.88962850    0.87941038    0.82101538    0.83860176    0.90347046    0.85197593    0.87085756    0.79627397    0.84172636    0.77763073    0.90419178    0.99726352    1.04794280    1.66033198    1.51040690    1.59202499    1.44753035    1.31178772    1.19361305    1.24165753    1.35513556    1.17301235    1.25170746    1.32114632    1.20180046    1.19638270    1.19536778    1.82086700    1.23698754    1.33638376    1.69486015    1.67252050    1.58089941    1.58446762    1.76399066    2.60296824    3.06584833    2.85669489    2.85794164    2.97125035    3.07832657    2.98413199    2.74167640    1.11637383    1.15899775    1.42775214    1.03941564    0.97885809    0.96087826    0.90503873    0.87129572    0.92887480    0.95878709    0.92334203    0.98363449    0.89861996    0.82614846    0.90700862    0.89051063    0.92450581    0.87818204    0.96036475    0.93336708    0.90498312    0.90433236    0.93793318    0.99589950    0.92295340    0.93094957    0.89441127    1.02470976    0.92731724    0.90916009    0.86824375    1.09110426    1.12656070    1.05254313    1.38369122    1.02529261    1.13240120    1.07314484    1.12802401    1.31481159    1.16213541    1.67883863    1.29769501    1.18399980    1.01263065    1.49898701    1.45516308    1.91457248    1.91175320    1.80895105    2.07063381    1.90609231    2.36237186    2.15342572    2.30507990    2.11170037    2.14856142    2.30618124    2.29008564    1.72779451    1.74434750    1.65219712    1.34536402    1.15314344    1.04534235
Q8DW46_STRMU/240-555     1.08446639    1.09569112    0.88726032    0.73342804    0.78251120    0.74027827    0.63887755    0.77408100    0.78813910    0.88072000    0.70858472    0.81541803    0.53541480    0.55370846    0.52621752    0.33203508    0.33655023    0.25980755    0.00000000    0.83213361    0.77214658    0.82950739    0.84478585    0.89444626    0.88879156    0.91052945    0.83491230    0.78329253    0.80332553    0.82218905    0.84183379    0.81895289    0.82010919    0.80786261    0.78663295    0.87643233    0.99279483    0.95069319    1.71092597    1.56651338    1.54802052    1.45816344    1.19337990    1.19589698    1.17263079    1.32930058    1.08425789    1.23693336    1.19595619    1.13219281    1.15679695    1.18091723    1.76453430    1.26443648    1.31884043    1.77591049    1.62904955    1.62384051    1.69205238    1.76727419    2.31478081    2.58612861    2.60410955    2.46187783    2.73676611    2.70470252    2.75340588    2.52238237    1.02206893    1.07382914    1.36380078    1.01941626    0.98840526    1.01671953    0.97125670    0.97599088    0.94545384    1.04136418    0.99334925    1.00274262    0.96076656    0.86816737    0.97930368    0.92407755    0.99392671    0.92223877    0.92559099    0.95697474    0.95358028    0.89314709    0.96365293    1.01898952    0.93403768    0.91080357    0.90086725    0.97594035    0.94563421    0.94499558    0.93056486    1.08798530    1.17564406    1.03742407    1.37258223    1.04221487    1.23526036    1.09715576    1.13324888    1.37044720    1.13927714    1.62919672    1.25085627    1.25750337    1.00342475    1.48228776    1.42189034    1.91598202    1.81410278    1.74308644    2.01894126    1.86959250    2.17071516    2.32568567    2.41490205    2.18093205    2.14642176    2.34471819    2.24750180    1.73508103    1.65365301    1.68150060    1.35432348    1.14430134    1.02987472
B9EBA4_MACCJ/235-548     0.97928338    1.06019961    0.89885322    0.77271044    0.77422014    0.78898535    0.80024093    0.85697790    0.78814779    0.94602578    0.78204658    0.86981849    0.84044213    0.72957776    0.85488558    0.85309061    0.87183118    0.86864842    0.83213361    0.00000000    0.54057697    0.60311718    0.70437803    0.72086705    0.76272185    0.79237269    0.72973424    0.72471429    0.68601257    0.68966322    0.72283992    0.65292856    0.59230263    0.68422431    0.64095321    0.74699324    1.02313007    0.95110709    1.79453226    1.82448079    1.57945793    1.81938802    1.38040715    1.35445079    1.44546945    1.52133378    1.16193400    1.23317612    1.17864847    1.15005896    1.19552233    1.10360496    1.73964655    1.32567075    1.47381857    1.58433730    1.68936535    1.72718001    2.08009966    1.81496602    2.48472374    2.68826776    2.70130927    2.56696153    3.07931432    2.74063652    2.98211280    2.75818724    1.23254420    1.32313753    1.55320619    1.08221168    1.00575756    1.15803822    1.10620641    1.07784814    1.10984739    1.17529738    1.09831332    1.08794665    0.97447604    1.01401063    1.09738402    1.07862904    1.00030196    0.97032973    1.02624486    1.14278503    1.09256620    0.99640219    1.08711262    1.11403173    1.02218422    0.97552342    0.97826328    1.03191300    0.99363444    0.99674892    0.99086592    1.20946933    1.11580394    1.23451214    1.40353801    1.01930574    1.29731088    1.39418119    1.29378633    1.28799383    1.29644273    1.80880354    1.25455999    1.21532300    1.17404504    1.62676608    1.52388329    2.06445982    1.98697346    1.89741549    2.19669984    2.12840700    2.42565238    2.37038964    2.48916719    2.38362426    2.38348784    2.37754084    2.34543108    1.85708224    1.80493739    1.74254515    1.30766623    1.36705247    1.19741128
Y1193_STAA8/237-548     0.94575567    1.01750925    0.85141503    0.69496121    0.81113284    0.80292341    0.74950425    0.74930279    0.70222716    0.97504501    0.74373429    0.85665880    0.80549404    0.70720429    0.82937247    0.75122422    0.82749411    0.84847760    0.77214658    0.54057697    0.00000000    0.24702668    0.66583251    0.76973008    0.71937534    0.79740379    0.73282760    0.68848726    0.68381073    0.70005321    0.73155715    0.70345212    0.74096764    0.68411995    0.66684703    0.81954644    1.01593100    0.92333555    1.78372810    1.69888235    1.65461365    1.55588084    1.28172537    1.34888147    1.29270525    1.27970110    1.16163307    1.20420066    1.27814516    1.03640156    1.15336186    1.08681083    1.72948315    1.30302455    1.39594994    1.45857727    1.67400605    1.59670085    1.88395504    1.77990225    2.54275945    2.68110790    2.65449511    2.48280892    2.84325639    2.85428902    2.88509860    2.75944988    1.12343599    1.16276767    1.34085138    0.94453295    0.96825379    1.04105649    1.11383259    1.01871625    0.95392915    1.03097959    0.95578380    1.01363090    0.88920630    0.89718932    0.94433739    0.98392751    0.95304013    0.96832808    1.04755214    1.03730671    0.99024230    0.95108963    1.00156794    1.11900444    1.05000261    1.00008838    0.99244016    1.03889817    0.97496468    1.01120200    0.99595006    1.13541334    1.17037023    1.19946532    1.44775284    1.08076349    1.31164948    1.28045046    1.27306435    1.23182690    1.33370375    1.82218622    1.17699418    1.22505838    1.00504614    1.64566541    1.52345819    2.15803896    1.90126343    1.81865158    2.04922863    2.11064699    2.39303628    2.36492767    2.55114928    2.24966279    2.31972902    2.47158788    2.44292294    2.04756265    1.83761493    1.69943063    1.34687609    1.22471278    1.17104608
