35
Q2H8R1_CHAGB/118-180     0.00000000    0.61277047    0.65193266    1.01313331    1.45559998    1.05267455    0.92356128    0.90252263    1.23509810    1.26241912    1.12755911    1.25561025    1.15788766    1.11968747    1.52531282    1.00478820    1.87320317    2.06572806    1.25245525    2.14568988    1.11955394    1.11339544    1.05881388    1.13023328    1.43398358    0.58005341    0.87019299    0.85931383    0.62405644    0.76502092    0.79261775    0.70849746    0.89897136    0.84332950    0.95822983
C9SEC9_VERA1/95-157     0.61277047    0.00000000    0.64720534    1.09428187    1.47258721    1.25855804    1.00268276    1.14813301    1.36446944    1.65057331    1.45681420    1.50542788    1.56488328    1.55061826    1.70410600    1.10797650    1.92694459    2.25424090    1.53954603    2.61852968    1.26871651    1.25208639    1.33110985    1.27353227    1.34756371    0.80573483    0.90883996    0.92565140    0.79169550    0.86050872    0.87019722    0.74243974    1.02983072    1.04204000    1.05420830
Q7RZX9_NEUCR/199-261     0.65193266    0.64720534    0.00000000    0.85377799    1.36925992    1.09646068    1.04125769    0.77049945    1.22973458    1.50962023    1.21575601    1.43574211    1.32470854    1.26470629    1.50149377    0.96045128    1.66465938    2.03071338    1.69561437    2.57423026    1.19416557    1.02868967    1.02262510    0.98714317    0.91961699    0.70835724    0.55649701    0.89371841    0.78056761    0.75679977    0.80796294    0.73082753    0.79910634    1.14162256    1.09597928
C7YNY6_FUSV7/6-68     1.01313331    1.09428187    0.85377799    0.00000000    1.78929095    1.56273262    1.43277933    1.48120787    1.66134410    1.49710757    1.51617705    1.64981390    1.42495887    1.39832884    1.47139775    1.36814653    2.16097175    2.96138095    1.90307727    2.91712804    1.56063980    1.55686939    1.50563200    1.49826019    1.49315451    1.17169548    1.14345430    1.21903644    1.16031660    1.19961364    1.09354004    1.17954463    1.34773439    1.18768291    1.31745685
Q6CH35_YARLI/33-96     1.45559998    1.47258721    1.36925992    1.78929095    0.00000000    1.21489705    1.17772684    1.23785994    1.37513666    1.11590289    1.22563289    1.24487507    1.13030679    1.32338870    1.52793502    1.12805599    2.43370305    1.70370815    1.97220171    2.85911157    1.66575371    1.51352486    1.43805738    1.38721852    1.67121530    1.51555958    1.23001082    1.58108745    1.49947330    1.41291791    1.42342159    1.30616845    1.55053557    1.34995556    1.37182504
A7TQ27_VANPO/5-68     1.05267455    1.25855804    1.09646068    1.56273262    1.21489705    0.00000000    0.48538938    0.47297881    0.62500879    0.73995298    0.69430353    0.76367661    0.72314039    0.73954031    0.92175062    0.46864183    2.11465278    1.80314193    1.75366436    2.59941711    1.48241277    1.20961341    1.22278224    1.23908861    1.27937774    1.17588152    0.97940533    1.32783373    1.25680864    1.05168437    1.07452008    1.17627180    1.40316676    1.27658135    1.17183234
C5DNU3_ZYGRC/5-68     0.92356128    1.00268276    1.04125769    1.43277933    1.17772684    0.48538938    0.00000000    0.43099163    0.60169378    0.84756381    0.76257230    0.72146225    0.60537580    0.67511004    1.00578453    0.50833563    2.06281614    1.76817194    1.71005009    2.81390195    1.28898233    1.31018494    1.29657330    1.33930715    1.30075670    1.23508739    1.01143918    1.42785771    1.11695524    1.06804605    1.06529055    1.09533971    1.34654583    1.11696742    1.04842234
Q6FTI8_CANGA/5-68     0.90252263    1.14813301    0.77049945    1.48120787    1.23785994    0.47297881    0.43099163    0.00000000    0.56801839    0.86192033    0.63141794    0.69167935    0.72538181    0.74996165    0.92317923    0.57262655    2.18026226    1.66060318    1.72249743    2.39952290    1.28441930    1.01665608    1.22629804    0.99741207    1.06783106    1.08418135    0.91681296    1.25895717    1.14228801    0.97668003    0.99433733    1.01898439    1.44088722    1.41305598    1.27977222
Q6CJR0_KLULA/5-68     1.23509810    1.36446944    1.22973458    1.66134410    1.37513666    0.62500879    0.60169378    0.56801839    0.00000000    0.79436627    0.86830243    0.90705561    0.86873712    0.94069299    1.22849408    0.64738021    2.16138295    1.94290130    2.14529748    2.59460019    1.50768001    1.35416268    1.36828385    1.13519813    1.42764103    1.17354416    1.08323826    1.36964991    1.29321024    1.13393053    1.27691807    1.17446209    1.72231455    1.68598974    1.44064118
Q5A7P2_CANAL/5-71     1.26241912    1.65057331    1.50962023    1.49710757    1.11590289    0.73995298    0.84756381    0.86192033    0.79436627    0.00000000    0.50386612    0.59791830    0.50763763    0.61812618    0.96332152    0.86142042    1.83801825    1.67525509    1.86041949    3.19973455    1.71256662    1.59438381    1.38923789    1.35880421    1.61561659    1.54980624    1.28622995    1.30348967    1.57080580    1.30131457    1.35625834    1.31257397    1.48663083    1.47113045    1.37873239
A3LNH6_PICST/5-69     1.12755911    1.45681420    1.21575601    1.51617705    1.22563289    0.69430353    0.76257230    0.63141794    0.86830243    0.50386612    0.00000000    0.34144643    0.38753735    0.30866912    0.91229414    0.70503827    2.14038476    1.90018850    1.92252593    2.80093794    1.75210447    1.49547855    1.31976142    1.32968283    1.25710557    1.54227190    1.23451364    1.36505404    1.49985339    1.18082650    1.28411980    1.27144177    1.31769343    1.52328515    1.49759570
C4XXC5_CLAL4/5-69     1.25561025    1.50542788    1.43574211    1.64981390    1.24487507    0.76367661    0.72146225    0.69167935    0.90705561    0.59791830    0.34144643    0.00000000    0.42403219    0.33856671    1.04336829    0.89923653    2.29796235    2.16452853    2.18222729    2.80101785    1.81841176    1.49349220    1.44625923    1.44587338    1.35281735    1.67879411    1.08901649    1.27361474    1.51829651    1.14774954    1.20835389    1.27473859    1.35072710    1.44928911    1.43973234
A5DH62_PICGU/5-69     1.15788766    1.56488328    1.32470854    1.42495887    1.13030679    0.72314039    0.60537580    0.72538181    0.86873712    0.50763763    0.38753735    0.42403219    0.00000000    0.24784609    1.02382186    0.74046365    2.38158289    1.82955730    1.94889612    3.00592975    1.69380454    1.45939839    1.28089631    1.24355885    1.47664191    1.49046311    1.16490218    1.37471091    1.44682905    1.11355372    1.26453682    1.25312376    1.51543019    1.43362117    1.36678616
Q6BQG6_DEBHA/5-69     1.11968747    1.55061826    1.26470629    1.39832884    1.32338870    0.73954031    0.67511004    0.74996165    0.94069299    0.61812618    0.30866912    0.33856671    0.24784609    0.00000000    1.09656909    0.73939532    2.25197942    2.06383567    2.00105204    2.88755125    1.83542174    1.62368723    1.40351072    1.48383445    1.43529795    1.67479357    1.28154957    1.44785962    1.52839397    1.32115892    1.44093027    1.43110125    1.37962874    1.65916790    1.65214928
C4R647_KOMPG/5-69     1.52531282    1.70410600    1.50149377    1.47139775    1.52793502    0.92175062    1.00578453    0.92317923    1.22849408    0.96332152    0.91229414    1.04336829    1.02382186    1.09656909    0.00000000    0.95307511    1.84606551    2.15552083    2.05108355    3.19372333    1.85659503    1.61144350    1.74741245    1.73918030    1.58394520    1.53028387    1.48226560    1.56349630    1.58483062    1.47004312    1.53805611    1.46898305    1.81505868    1.66432102    1.49042490
C5DJM8_LACTC/5-68     1.00478820    1.10797650    0.96045128    1.36814653    1.12805599    0.46864183    0.50833563    0.57262655    0.64738021    0.86142042    0.70503827    0.89923653    0.74046365    0.73939532    0.95307511    0.00000000    2.03671539    1.58419583    1.75373842    2.77046321    1.43835449    1.23595172    1.08096412    1.28624907    1.22696744    1.04906464    0.93951428    1.14379096    1.03830330    0.97389009    1.15246737    0.99805320    1.31514865    1.30905752    1.25239464
RNZ2_SCHPO/50-119     1.87320317    1.92694459    1.66465938    2.16097175    2.43370305    2.11465278    2.06281614    2.18026226    2.16138295    1.83801825    2.14038476    2.29796235    2.38158289    2.25197942    1.84606551    2.03671539    0.00000000    2.04346915    2.28602028    3.22272744    2.06883895    2.74429519    2.04205836    1.74611686    2.21167496    1.98660518    2.05842669    2.39904072    2.28963935    2.15860371    2.13451187    2.02296781    2.20697517    1.99412212    2.17881035
B6K809_SCHJY/38-110     2.06572806    2.25424090    2.03071338    2.96138095    1.70370815    1.80314193    1.76817194    1.66060318    1.94290130    1.67525509    1.90018850    2.16452853    1.82955730    2.06383567    2.15552083    1.58419583    2.04346915    0.00000000    1.58846260    3.11396779    2.44893574    2.31496726    1.64807493    1.93479008    2.18096122    1.62449399    1.78113092    2.13004414    2.21770720    2.02265794    1.98464329    1.89976530    2.36988975    2.38548191    2.16682918
B6JX69_SCHJY/16-79     1.25245525    1.53954603    1.69561437    1.90307727    1.97220171    1.75366436    1.71005009    1.72249743    2.14529748    1.86041949    1.92252593    2.18222729    1.94889612    2.00105204    2.05108355    1.75373842    2.28602028    1.58846260    0.00000000    1.81553103    1.79251398    1.28451355    1.25962116    1.30142842    1.29483482    1.47436011    1.33271140    1.26783211    1.57331423    1.41037045    1.72763348    1.14458136    1.65613724    1.74178207    1.62254800
A3DNW8_STAMF/8-69     2.14568988    2.61852968    2.57423026    2.91712804    2.85911157    2.59941711    2.81390195    2.39952290    2.59460019    3.19973455    2.80093794    2.80101785    3.00592975    2.88755125    3.19372333    2.77046321    3.22272744    3.11396779    1.81553103    0.00000000    2.66386674    2.16059570    2.22094678    2.08897946    2.09989555    2.28568434    2.39691630    2.59793808    2.69208499    2.85783553    3.04909010    2.34570636    2.47410156    2.67519425    2.75836446
A8QA59_MALGO/7-68     1.11955394    1.26871651    1.19416557    1.56063980    1.66575371    1.48241277    1.28898233    1.28441930    1.50768001    1.71256662    1.75210447    1.81841176    1.69380454    1.83542174    1.85659503    1.43835449    2.06883895    2.44893574    1.79251398    2.66386674    0.00000000    0.87327751    1.00995964    1.04765757    1.31169364    1.27967162    1.31994877    1.56255746    1.52459069    1.61211494    1.62244342    1.29907649    1.42487336    1.23494675    1.30444708
K3XEB0_SETIT/118-174     1.11339544    1.25208639    1.02868967    1.55686939    1.51352486    1.20961341    1.31018494    1.01665608    1.35416268    1.59438381    1.49547855    1.49349220    1.45939839    1.62368723    1.61144350    1.23595172    2.74429519    2.31496726    1.28451355    2.16059570    0.87327751    0.00000000    0.85807652    0.67308626    1.03516812    1.17310116    1.15507058    1.17693609    1.15805766    1.16528669    1.26956026    0.95190698    1.50493050    1.67916429    1.59090199
D0NMD5_PHYIT/6-65     1.05881388    1.33110985    1.02262510    1.50563200    1.43805738    1.22278224    1.29657330    1.22629804    1.36828385    1.38923789    1.31976142    1.44625923    1.28089631    1.40351072    1.74741245    1.08096412    2.04205836    1.64807493    1.25962116    2.22094678    1.00995964    0.85807652    0.00000000    0.86582496    1.00966889    1.13601434    1.07436059    1.53491200    1.20888631    1.08638660    1.30375674    1.20677809    1.24234409    1.24646997    1.21534982
A7S896_NEMVE/15-74     1.13023328    1.27353227    0.98714317    1.49826019    1.38721852    1.23908861    1.33930715    0.99741207    1.13519813    1.35880421    1.32968283    1.44587338    1.24355885    1.48383445    1.73918030    1.28624907    1.74611686    1.93479008    1.30142842    2.08897946    1.04765757    0.67308626    0.86582496    0.00000000    0.80539401    1.21045681    1.22802889    1.46224791    1.33211165    1.23796728    1.31219781    1.15638312    1.22302474    1.39225154    1.32759509
RNZ2_HUMAN/61-120     1.43398358    1.34756371    0.91961699    1.49315451    1.67121530    1.27937774    1.30075670    1.06783106    1.42764103    1.61561659    1.25710557    1.35281735    1.47664191    1.43529795    1.58394520    1.22696744    2.21167496    2.18096122    1.29483482    2.09989555    1.31169364    1.03516812    1.00966889    0.80539401    0.00000000    1.60123352    1.21515001    1.62347684    1.52244929    1.36007039    1.49927891    1.31108991    1.44211708    1.66764190    1.55587976
A7F4K3_SCLS1/6-68     0.58005341    0.80573483    0.70835724    1.17169548    1.51555958    1.17588152    1.23508739    1.08418135    1.17354416    1.54980624    1.54227190    1.67879411    1.49046311    1.67479357    1.53028387    1.04906464    1.98660518    1.62449399    1.47436011    2.28568434    1.27967162    1.17310116    1.13601434    1.21045681    1.60123352    0.00000000    0.52593166    0.60680516    0.62273778    0.64834996    0.64850557    0.51430969    0.98489418    0.74386917    0.79248913
D4B139_ARTBC/75-137     0.87019299    0.90883996    0.55649701    1.14345430    1.23001082    0.97940533    1.01143918    0.91681296    1.08323826    1.28622995    1.23451364    1.08901649    1.16490218    1.28154957    1.48226560    0.93951428    2.05842669    1.78113092    1.33271140    2.39691630    1.31994877    1.15507058    1.07436059    1.22802889    1.21515001    0.52593166    0.00000000    0.59758128    0.77869822    0.44291093    0.55211862    0.42838967    0.71037728    0.74100401    0.74940168
C1GH70_PARBD/140-202     0.85931383    0.92565140    0.89371841    1.21903644    1.58108745    1.32783373    1.42785771    1.25895717    1.36964991    1.30348967    1.36505404    1.27361474    1.37471091    1.44785962    1.56349630    1.14379096    2.39904072    2.13004414    1.26783211    2.59793808    1.56255746    1.17693609    1.53491200    1.46224791    1.62347684    0.60680516    0.59758128    0.00000000    0.54341903    0.55039028    0.50602469    0.35081231    0.86644927    0.88565584    0.87309865
Q5BES9_EMENI/651-713     0.62405644    0.79169550    0.78056761    1.16031660    1.49947330    1.25680864    1.11695524    1.14228801    1.29321024    1.57080580    1.49985339    1.51829651    1.44682905    1.52839397    1.58483062    1.03830330    2.28963935    2.21770720    1.57331423    2.69208499    1.52459069    1.15805766    1.20888631    1.33211165    1.52244929    0.62273778    0.77869822    0.54341903    0.00000000    0.42691582    0.43891830    0.51119141    0.89001656    0.87320438    0.91204975
Q0CMC4_ASPTN/6-68     0.76502092    0.86050872    0.75679977    1.19961364    1.41291791    1.05168437    1.06804605    0.97668003    1.13393053    1.30131457    1.18082650    1.14774954    1.11355372    1.32115892    1.47004312    0.97389009    2.15860371    2.02265794    1.41037045    2.85783553    1.61211494    1.16528669    1.08638660    1.23796728    1.36007039    0.64834996    0.44291093    0.55039028    0.42691582    0.00000000    0.25760536    0.43761933    0.70951295    0.76755790    0.77825945
A2QAA4_ASPNC/6-68     0.79261775    0.87019722    0.80796294    1.09354004    1.42342159    1.07452008    1.06529055    0.99433733    1.27691807    1.35625834    1.28411980    1.20835389    1.26453682    1.44093027    1.53805611    1.15246737    2.13451187    1.98464329    1.72763348    3.04909010    1.62244342    1.26956026    1.30375674    1.31219781    1.49927891    0.64850557    0.55211862    0.50602469    0.43891830    0.25760536    0.00000000    0.50149744    0.70678763    0.74873524    0.81259879
E9D3R9_COCPS/113-175     0.70849746    0.74243974    0.73082753    1.17954463    1.30616845    1.17627180    1.09533971    1.01898439    1.17446209    1.31257397    1.27144177    1.27473859    1.25312376    1.43110125    1.46898305    0.99805320    2.02296781    1.89976530    1.14458136    2.34570636    1.29907649    0.95190698    1.20677809    1.15638312    1.31108991    0.51430969    0.42838967    0.35081231    0.51119141    0.43761933    0.50149744    0.00000000    0.68288990    0.78761231    0.73864506
B8M0P9_TALSN/759-821     0.89897136    1.02983072    0.79910634    1.34773439    1.55053557    1.40316676    1.34654583    1.44088722    1.72231455    1.48663083    1.31769343    1.35072710    1.51543019    1.37962874    1.81505868    1.31514865    2.20697517    2.36988975    1.65613724    2.47410156    1.42487336    1.50493050    1.24234409    1.22302474    1.44211708    0.98489418    0.71037728    0.86644927    0.89001656    0.70951295    0.70678763    0.68288990    0.00000000    0.84964199    0.94748002
Q0V0Z8_PHANO/325-387     0.84332950    1.04204000    1.14162256    1.18768291    1.34995556    1.27658135    1.11696742    1.41305598    1.68598974    1.47113045    1.52328515    1.44928911    1.43362117    1.65916790    1.66432102    1.30905752    1.99412212    2.38548191    1.74178207    2.67519425    1.23494675    1.67916429    1.24646997    1.39225154    1.66764190    0.74386917    0.74100401    0.88565584    0.87320438    0.76755790    0.74873524    0.78761231    0.84964199    0.00000000    0.23258190
B2WKD9_PYRTR/6-68     0.95822983    1.05420830    1.09597928    1.31745685    1.37182504    1.17183234    1.04842234    1.27977222    1.44064118    1.37873239    1.49759570    1.43973234    1.36678616    1.65214928    1.49042490    1.25239464    2.17881035    2.16682918    1.62254800    2.75836446    1.30444708    1.59090199    1.21534982    1.32759509    1.55587976    0.79248913    0.74940168    0.87309865    0.91204975    0.77825945    0.81259879    0.73864506    0.94748002    0.23258190    0.00000000

