16
F4PA44_BATDJ/158-259     0.00000000    0.74109554    0.93598072    0.86111497    0.86669620    0.78433303    1.28286873    1.03822555    1.09902645    1.20292072    1.06612337    1.38649593    1.89423789    1.95114304    2.16468881    2.26269112
E9G930_DAPPU/154-254     0.74109554    0.00000000    0.45367633    0.45623584    0.37801293    0.66572385    1.05920890    1.19959600    1.17119127    1.09811362    1.17089332    1.51680848    1.95278929    1.97583441    1.76227229    2.24686327
H3CV93_TETNG/142-239     0.93598072    0.45367633    0.00000000    0.37579541    0.21103644    0.69199359    1.09810228    1.39833619    1.14095638    1.32002005    1.19861164    1.37752627    1.51622871    1.79887591    1.78243781    2.21398265
D4ACB4_RAT/141-238     0.86111497    0.45623584    0.37579541    0.00000000    0.25734027    0.69967796    1.14977436    1.32535537    0.96080787    1.23543699    1.26772260    1.53985280    1.68700782    1.86456854    1.83766542    2.14376768
H0Z870_TAEGU/222-318     0.86669620    0.37801293    0.21103644    0.25734027    0.00000000    0.66876413    1.02808127    1.34953648    0.99211843    1.22836673    1.10823992    1.44968823    1.70440063    1.91743161    1.64074622    2.21215230
A0A7M7LK38_APIME/131-228     0.78433303    0.66572385    0.69199359    0.69967796    0.66876413    0.00000000    0.78520587    1.19279616    1.14842197    1.23349450    1.16824154    1.61624394    1.53262934    1.56112664    1.82733881    1.97048389
W5JJA0_ANODA/162-265     1.28286873    1.05920890    1.09810228    1.14977436    1.02808127    0.78520587    0.00000000    1.27495822    1.25439013    1.26604244    1.08759782    1.62773482    1.71036144    1.70726433    1.69162602    2.04441117
OFD1_SCHPO/128-229     1.03822555    1.19959600    1.39833619    1.32535537    1.34953648    1.19279616    1.27495822    0.00000000    0.77418600    0.67882212    0.67844471    1.69350324    1.81424264    1.59028449    1.90060159    1.46305849
A8NZ53_COPC7/174-283     1.09902645    1.17119127    1.14095638    0.96080787    0.99211843    1.14842197    1.25439013    0.77418600    0.00000000    0.42381643    0.54063736    1.45325937    1.92271470    1.65264588    1.87960847    1.89526085
A0A0D1E4T3_USTMA/125-227     1.20292072    1.09811362    1.32002005    1.23543699    1.22836673    1.23349450    1.26604244    0.67882212    0.42381643    0.00000000    0.31555208    1.49226206    1.79687037    1.66693327    1.99882112    1.89530641
I1C8P7_RHIO9/132-233     1.06612337    1.17089332    1.19861164    1.26772260    1.10823992    1.16824154    1.08759782    0.67844471    0.54063736    0.31555208    0.00000000    1.67530245    1.95486015    1.73469909    1.84575448    1.81109947
K4PU21_SHEON/139-232     1.38649593    1.51680848    1.37752627    1.53985280    1.44968823    1.61624394    1.62773482    1.69350324    1.45325937    1.49226206    1.67530245    0.00000000    1.07334342    0.96665911    2.02404096    2.11307165
Q9A4L0_CAUVC/144-237     1.89423789    1.95278929    1.51622871    1.68700782    1.70440063    1.53262934    1.71036144    1.81424264    1.92271470    1.79687037    1.95486015    1.07334342    0.00000000    0.36075124    2.08834012    2.03107263
Q9A5G2_CAUVC/147-239     1.95114304    1.97583441    1.79887591    1.86456854    1.91743161    1.56112664    1.70726433    1.59028449    1.65264588    1.66693327    1.73469909    0.96665911    0.36075124    0.00000000    2.06265358    1.71509315
A6GVS6_FLAPJ/106-195     2.16468881    1.76227229    1.78243781    1.83766542    1.64074622    1.82733881    1.69162602    1.90060159    1.87960847    1.99882112    1.84575448    2.02404096    2.08834012    2.06265358    0.00000000    1.45756427
B6KJY2_TOXGV/168-260     2.26269112    2.24686327    2.21398265    2.14376768    2.21215230    1.97048389    2.04441117    1.46305849    1.89526085    1.89530641    1.81109947    2.11307165    2.03107263    1.71509315    1.45756427    0.00000000

