6
VW5B1_HUMAN/2-79     0.00000000    1.14978445    2.63210621    0.94101259    1.02583214    1.21757933
VW5B2_HUMAN/2-79     1.14978445    0.00000000    2.61084569    1.08137266    1.44981144    1.78226446
C1H4X6_PARBA/16-94     2.63210621    2.61084569    0.00000000    2.80707838    2.47251392    2.93255149
C3YRH3_BRAFL/2-79     0.94101259    1.08137266    2.80707838    0.00000000    0.73061271    1.48588895
C3YRH6_BRAFL/2-79     1.02583214    1.44981144    2.47251392    0.73061271    0.00000000    1.59276866
A7SFM5_NEMVE/2-79     1.21757933    1.78226446    2.93255149    1.48588895    1.59276866    0.00000000

