38
C1AAU5_GEMAT/234-385     0.00000000    1.11300928    1.03520441    1.10099319    1.18851491    1.09372744    1.12146145    1.15761280    1.25469652    1.28645625    1.40387645    1.46219450    1.32925793    1.41946600    1.53973902    1.52119165    1.58609403    1.66624818    1.63426066    1.56088679    1.38661996    1.44594939    1.38366196    1.38433099    1.46722336    1.62397698    1.88575323    1.59536213    1.80297928    1.61002384    1.61140031    1.46877351    1.28172296    1.18468080    1.56337815    1.54769402    1.56783447    1.89500126
Q28W75_JANSC/198-347     1.11300928    0.00000000    0.53638191    0.52906046    0.75684853    1.17721331    0.94761819    1.04346144    1.10434555    1.32488407    1.29691380    1.24480837    1.15492514    1.25084967    1.58204528    1.50403941    1.56470163    1.64973552    1.65166364    1.66115503    1.61273221    1.54497581    1.50066605    1.40791028    1.53812713    1.47158626    1.74785100    1.86765159    2.06567205    1.53938440    1.56182662    1.49097283    1.51490984    1.15339219    1.29825537    1.52078164    1.52746150    1.75206100
A8LMW1_DINSH/189-338     1.03520441    0.53638191    0.00000000    0.53508378    0.75448279    1.16024492    1.06803155    1.14966723    1.21076667    1.24945429    1.25233837    1.13357196    1.11201098    1.23758358    1.47299882    1.48604440    1.43663911    1.34369208    1.48412353    1.50275764    1.39466751    1.37663043    1.32399788    1.46250378    1.36414413    1.41255604    1.84705214    1.89589632    1.96373039    1.61938259    1.56820567    1.62494026    1.42722017    1.07742728    1.32158704    1.48392775    1.48321078    1.81592447
Q5LRR8_RUEPO/211-360     1.10099319    0.52906046    0.53508378    0.00000000    0.62193429    1.15800747    1.21501764    1.23903977    1.24688542    1.38772189    1.23784680    1.27405401    1.30700993    1.34007249    1.46766049    1.43902207    1.55587861    1.48283009    1.45559279    1.65568059    1.50623246    1.47570914    1.49139684    1.53011614    1.57685015    1.52125634    1.91788428    1.78816290    1.94484876    1.53548001    1.52873535    1.49860732    1.42089927    1.14046577    1.48763748    1.51308615    1.58906484    1.81780904
Q0APM7_MARMM/33-182     1.18851491    0.75684853    0.75448279    0.62193429    0.00000000    1.04068471    0.99900419    1.10340150    1.11439153    1.12523745    1.18514121    1.17383292    1.19158672    1.22992526    1.46358109    1.37439569    1.35793181    1.34797123    1.49170116    1.47671356    1.24602462    1.44675891    1.32555561    1.42456961    1.53829823    1.39092821    1.80011137    1.87807369    1.82592572    1.46916327    1.50963484    1.52377788    1.47430563    1.17431504    1.36129894    1.50073723    1.47497457    1.63900891
Q085B3_SHEFN/186-348     1.09372744    1.17721331    1.16024492    1.15800747    1.04068471    0.00000000    0.85116538    0.86465313    1.13873952    1.22127188    1.17509829    1.28540227    1.18808868    1.23727183    1.50019059    1.59627365    1.50830354    1.66526330    1.59071044    1.52538471    1.42582149    1.33180188    1.45525354    1.39189425    1.45291072    1.48552267    1.73148446    1.74861505    1.72901227    1.73125049    1.62111346    1.50321618    1.34616465    1.43708470    1.41147635    1.23250524    1.30987374    1.45366902
B1Y7X7_LEPCP/187-350     1.12146145    0.94761819    1.06803155    1.21501764    0.99900419    0.85116538    0.00000000    0.52913939    1.03438800    1.06085020    1.10536792    1.20102799    1.04959909    1.16605584    1.45509821    1.57784741    1.46951295    1.42721406    1.67563648    1.64370901    1.48739430    1.45787988    1.49199437    1.20693165    1.47622150    1.42323681    1.84178540    1.57119750    1.86365974    1.39610927    1.48608716    1.51525039    1.16888374    1.10167067    1.20632815    1.35473420    1.30490930    1.45118471
Q7NCJ7_GLOVI/183-346     1.15761280    1.04346144    1.14966723    1.23903977    1.10340150    0.86465313    0.52913939    0.00000000    1.04568805    1.20569571    1.07264054    1.32022347    1.18818218    1.18433388    1.57865340    1.70250304    1.50092955    1.52529021    1.67797834    1.70673409    1.36597750    1.49697769    1.51589784    1.31229582    1.58983440    1.37240707    1.71408657    1.59149300    1.92526389    1.50379465    1.62611896    1.44232236    0.98461569    1.11437323    1.04404196    1.25055397    1.19673518    1.47766901
C6CS40_PAESJ/197-345     1.25469652    1.10434555    1.21076667    1.24688542    1.11439153    1.13873952    1.03438800    1.04568805    0.00000000    1.11672312    1.14917481    1.30391851    1.40106479    1.36769448    1.53818744    1.53510275    1.60683251    1.52688651    1.60814117    1.56364239    1.44015707    1.49193943    1.44388937    1.47292255    1.41768231    1.47543905    1.60843989    1.53671431    1.59087170    1.41636846    1.48791989    1.48453563    1.23598706    1.26425811    1.13995048    1.34945991    1.35288813    1.33483311
D0LSZ2_HALO1/194-356     1.28645625    1.32488407    1.24945429    1.38772189    1.12523745    1.22127188    1.06085020    1.20569571    1.11672312    0.00000000    1.03421252    1.29160698    1.26594747    1.43392335    1.44235442    1.61199627    1.65115891    1.70248059    1.82143618    1.60366448    1.47941907    1.53775244    1.69936942    1.45800846    1.77637222    1.45975391    1.96739985    1.74309035    1.86650147    1.50138801    1.59825676    1.60608866    1.65685629    1.42180202    1.41229628    1.35467631    1.41683578    1.83232513
E3FI15_STIAD/179-326     1.40387645    1.29691380    1.25233837    1.23784680    1.18514121    1.17509829    1.10536792    1.07264054    1.14917481    1.03421252    0.00000000    1.52246904    1.32235472    1.26760422    1.66793119    1.61844433    1.69419646    1.61590816    1.76507404    1.72497897    1.52863158    1.41646832    1.56541897    1.45946872    1.66097496    1.51240414    1.94333179    1.62253399    1.81403361    1.57887134    1.50179442    1.47932663    1.31359565    1.38904456    1.15792502    1.40702064    1.33395300    1.52344849
C5BMV2_TERTT/136-289     1.46219450    1.24480837    1.13357196    1.27405401    1.17383292    1.28540227    1.20102799    1.32022347    1.30391851    1.29160698    1.52246904    0.00000000    0.71266866    1.50595998    1.70564592    1.75090422    1.60732101    1.57517154    1.69800177    1.65878633    1.34843020    1.56797449    1.41222254    1.55122145    1.43811702    1.72186923    2.09480191    1.80449131    2.05721357    1.54471792    1.59306290    1.65390549    1.56712387    1.22762938    1.19264678    1.53126791    1.57054872    1.45829839
A7IH73_XANP2/152-305     1.32925793    1.15492514    1.11201098    1.30700993    1.19158672    1.18808868    1.04959909    1.18818218    1.40106479    1.26594747    1.32235472    0.71266866    0.00000000    1.25505723    1.66839842    1.65025954    1.71966902    1.80376621    1.70222663    1.74600875    1.63347407    1.68902112    1.53588370    1.40545611    1.48611199    1.65283878    2.07676031    1.78962331    2.02441069    1.58531165    1.66694684    1.70068885    1.55523698    1.32353212    1.27588459    1.44789036    1.46957248    1.59437874
C6CZ05_PAESJ/210-360     1.41946600    1.25084967    1.23758358    1.34007249    1.22992526    1.23727183    1.16605584    1.18433388    1.36769448    1.43392335    1.26760422    1.50595998    1.25505723    0.00000000    1.51894894    1.71140733    1.51172984    1.62408931    1.69867395    1.62818718    1.58415558    1.54326951    1.46257226    1.26384557    1.42669972    1.49616624    1.67401857    1.57286796    1.62034434    1.66962532    1.50690249    1.43798809    1.36698398    1.20641094    1.35134724    1.47794155    1.34040657    1.38217235
Q12I76_SHEDO/47-198     1.53973902    1.58204528    1.47299882    1.46766049    1.46358109    1.50019059    1.45509821    1.57865340    1.53818744    1.44235442    1.66793119    1.70564592    1.66839842    1.51894894    0.00000000    0.41931410    0.44725089    0.48560368    0.54052308    0.47386733    0.59178088    0.36825461    0.86820676    0.78121278    0.85805444    1.71809306    1.89224876    2.00979175    1.96139936    1.69211517    1.91067062    1.78893568    1.65497953    1.72485278    1.90980965    1.97927957    1.68414970    2.04854683
A1SUK7_PSYIN/48-200     1.52119165    1.50403941    1.48604440    1.43902207    1.37439569    1.59627365    1.57784741    1.70250304    1.53510275    1.61199627    1.61844433    1.75090422    1.65025954    1.71140733    0.41931410    0.00000000    0.45610569    0.56429707    0.49612305    0.45415554    0.62042718    0.44633447    0.84837523    0.81016644    0.92794129    1.83893562    1.99559396    1.83019981    1.97064007    1.73681598    1.77907254    1.78393077    1.57794350    1.70263019    1.88222644    2.03146192    1.82227984    2.08246996
Q2SFW0_HAHCH/58-210     1.58609403    1.56470163    1.43663911    1.55587861    1.35793181    1.50830354    1.46951295    1.50092955    1.60683251    1.65115891    1.69419646    1.60732101    1.71966902    1.51172984    0.44725089    0.45610569    0.00000000    0.31984893    0.39000890    0.25319911    0.45197729    0.26454994    0.84217864    0.78332610    0.82151304    1.91961515    2.14479909    1.81932913    2.11824296    1.79617374    1.83922243    1.78432862    1.41846998    1.62529690    1.93653203    2.01926020    1.83757181    2.08908215
Q2G435_NOVAD/56-208     1.66624818    1.64973552    1.34369208    1.48283009    1.34797123    1.66526330    1.42721406    1.52529021    1.52688651    1.70248059    1.61590816    1.57517154    1.80376621    1.62408931    0.48560368    0.56429707    0.31984893    0.00000000    0.61065121    0.40419035    0.49965775    0.40607885    0.93336736    0.81080110    0.79566418    1.92988651    2.05887655    1.85627834    2.11970234    1.81913326    1.81514104    1.93937232    1.39550607    1.59180963    1.92313938    2.12802871    1.85059920    2.21677628
Q82WW3_NITEU/64-216     1.63426066    1.65166364    1.48412353    1.45559279    1.49170116    1.59071044    1.67563648    1.67797834    1.60814117    1.82143618    1.76507404    1.69800177    1.70222663    1.69867395    0.54052308    0.49612305    0.39000890    0.61065121    0.00000000    0.37471983    0.59266221    0.37437248    1.01869787    0.91047504    0.88858903    2.21632357    2.36561686    2.04340294    2.27823369    2.07911694    2.04202939    2.18211602    1.60276493    1.59960379    1.99735742    2.15609954    2.03214290    2.13948273
C7LNH4_DESBD/60-212     1.56088679    1.66115503    1.50275764    1.65568059    1.47671356    1.52538471    1.64370901    1.70673409    1.56364239    1.60366448    1.72497897    1.65878633    1.74600875    1.62818718    0.47386733    0.45415554    0.25319911    0.40419035    0.37471983    0.00000000    0.42974416    0.26732173    0.88304885    0.88758659    0.89090310    1.99798729    2.10782408    1.83089873    2.00547148    1.89907696    1.81918425    1.81093242    1.56141793    1.69078680    1.91210663    2.16497046    1.75798130    2.16814765
B4RH86_PHEZH/43-195     1.38661996    1.61273221    1.39466751    1.50623246    1.24602462    1.42582149    1.48739430    1.36597750    1.44015707    1.47941907    1.52863158    1.34843020    1.63347407    1.58415558    0.59178088    0.62042718    0.45197729    0.49965775    0.59266221    0.42974416    0.00000000    0.36883460    0.86597153    0.85217034    0.86846938    1.77774847    2.01711820    1.76053880    1.84570109    1.82452995    1.82985178    1.76713967    1.39571341    1.54316345    1.56710519    1.70663287    1.66593414    1.90526335
B4R9U7_PHEZH/33-185     1.44594939    1.54497581    1.37663043    1.47570914    1.44675891    1.33180188    1.45787988    1.49697769    1.49193943    1.53775244    1.41646832    1.56797449    1.68902112    1.54326951    0.36825461    0.44633447    0.26454994    0.40607885    0.37437248    0.26732173    0.36883460    0.00000000    0.80279017    0.74206294    0.74116000    1.86372640    2.23764131    1.89858531    1.99052922    1.89465891    1.72939211    1.74942983    1.52870128    1.59646042    1.67050328    1.84265772    1.76710346    2.06045858
Q31DT5_HYDCU/44-197     1.38366196    1.50066605    1.32399788    1.49139684    1.32555561    1.45525354    1.49199437    1.51589784    1.44388937    1.69936942    1.56541897    1.41222254    1.53588370    1.46257226    0.86820676    0.84837523    0.84217864    0.93336736    1.01869787    0.88304885    0.86597153    0.80279017    0.00000000    0.50925536    0.63945183    1.57013003    1.80842145    1.86907602    1.71900008    1.42938147    1.46817412    1.53300150    1.51220664    1.81846557    1.67757903    1.86120589    1.61011584    1.94015973
Q0VPS4_ALCBS/50-203     1.38433099    1.40791028    1.46250378    1.53011614    1.42456961    1.39189425    1.20693165    1.31229582    1.47292255    1.45800846    1.45946872    1.55122145    1.40545611    1.26384557    0.78121278    0.81016644    0.78332610    0.81080110    0.91047504    0.88758659    0.85217034    0.74206294    0.50925536    0.00000000    0.43202499    1.50487983    1.91002597    1.73295885    1.91114789    1.58120524    1.51762141    1.69259315    1.40414247    1.43068865    1.55509625    1.65863973    1.55237428    1.79253172
Q12AL9_POLSJ/44-199     1.46722336    1.53812713    1.36414413    1.57685015    1.53829823    1.45291072    1.47622150    1.58983440    1.41768231    1.77637222    1.66097496    1.43811702    1.48611199    1.42669972    0.85805444    0.92794129    0.82151304    0.79566418    0.88858903    0.89090310    0.86846938    0.74116000    0.63945183    0.43202499    0.00000000    1.85056753    1.83515783    1.73132453    2.16481320    1.78688145    1.73377088    1.96302240    1.61800191    1.54307852    1.97420384    1.98138571    1.63541512    1.90704044
C6W0Y2_DYAFD/7-169     1.62397698    1.47158626    1.41255604    1.52125634    1.39092821    1.48552267    1.42323681    1.37240707    1.47543905    1.45975391    1.51240414    1.72186923    1.65283878    1.49616624    1.71809306    1.83893562    1.91961515    1.92988651    2.21632357    1.99798729    1.77774847    1.86372640    1.57013003    1.50487983    1.85056753    0.00000000    1.03690750    1.20584813    1.21085818    0.73974538    0.69952830    0.83036404    1.65468215    1.64094490    1.63873606    1.54780486    1.72967073    1.93602889
A2TY80_9FLAO/7-164     1.88575323    1.74785100    1.84705214    1.91788428    1.80011137    1.73148446    1.84178540    1.71408657    1.60843989    1.96739985    1.94333179    2.09480191    2.07676031    1.67401857    1.89224876    1.99559396    2.14479909    2.05887655    2.36561686    2.10782408    2.01711820    2.23764131    1.80842145    1.91002597    1.83515783    1.03690750    0.00000000    0.77126832    0.83142951    0.79049253    0.95341220    0.87032433    1.52042562    1.66061138    1.94489052    1.98526385    1.83574374    1.82433693
A3U6M4_CROAH/7-164     1.59536213    1.86765159    1.89589632    1.78816290    1.87807369    1.74861505    1.57119750    1.59149300    1.53671431    1.74309035    1.62253399    1.80449131    1.78962331    1.57286796    2.00979175    1.83019981    1.81932913    1.85627834    2.04340294    1.83089873    1.76053880    1.89858531    1.86907602    1.73295885    1.73132453    1.20584813    0.77126832    0.00000000    0.77561208    1.13487235    0.96626167    1.12574910    1.39605911    1.57753874    1.85037972    1.74819567    1.87905779    1.79002846
A6GWV3_FLAPJ/7-166     1.80297928    2.06567205    1.96373039    1.94484876    1.82592572    1.72901227    1.86365974    1.92526389    1.59087170    1.86650147    1.81403361    2.05721357    2.02441069    1.62034434    1.96139936    1.97064007    2.11824296    2.11970234    2.27823369    2.00547148    1.84570109    1.99052922    1.71900008    1.91114789    2.16481320    1.21085818    0.83142951    0.77561208    0.00000000    1.06744076    0.96650172    1.15209560    1.58277167    1.86524583    1.95680798    1.98399027    1.84604821    1.64006899
A3HU00_9BACT/7-164     1.61002384    1.53938440    1.61938259    1.53548001    1.46916327    1.73125049    1.39610927    1.50379465    1.41636846    1.50138801    1.57887134    1.54471792    1.58531165    1.66962532    1.69211517    1.73681598    1.79617374    1.81913326    2.07911694    1.89907696    1.82452995    1.89465891    1.42938147    1.58120524    1.78688145    0.73974538    0.79049253    1.13487235    1.06744076    0.00000000    0.57905379    0.58585925    1.50668297    1.42315258    1.48836997    1.55622698    1.58577928    1.73509574
C6XSU8_PEDHD/7-163     1.61140031    1.56182662    1.56820567    1.52873535    1.50963484    1.62111346    1.48608716    1.62611896    1.48791989    1.59825676    1.50179442    1.59306290    1.66694684    1.50690249    1.91067062    1.77907254    1.83922243    1.81514104    2.04202939    1.81918425    1.82985178    1.72939211    1.46817412    1.51762141    1.73377088    0.69952830    0.95341220    0.96626167    0.96650172    0.57905379    0.00000000    0.59557230    1.47348718    1.49921992    1.68399332    1.60817828    1.71412924    1.70562302
C7PB03_CHIPD/2-158     1.46877351    1.49097283    1.62494026    1.49860732    1.52377788    1.50321618    1.51525039    1.44232236    1.48453563    1.60608866    1.47932663    1.65390549    1.70068885    1.43798809    1.78893568    1.78393077    1.78432862    1.93937232    2.18211602    1.81093242    1.76713967    1.74942983    1.53300150    1.69259315    1.96302240    0.83036404    0.87032433    1.12574910    1.15209560    0.58585925    0.59557230    0.00000000    1.33450071    1.51150663    1.54185185    1.49853519    1.70393586    1.63733080
A6Q1D4_NITSB/140-294     1.28172296    1.51490984    1.42722017    1.42089927    1.47430563    1.34616465    1.16888374    0.98461569    1.23598706    1.65685629    1.31359565    1.56712387    1.55523698    1.36698398    1.65497953    1.57794350    1.41846998    1.39550607    1.60276493    1.56141793    1.39571341    1.52870128    1.51220664    1.40414247    1.61800191    1.65468215    1.52042562    1.39605911    1.58277167    1.50668297    1.47348718    1.33450071    0.00000000    1.13565030    1.30965664    1.39003818    1.45899883    1.39844745
A2SFR7_METPP/198-357     1.18468080    1.15339219    1.07742728    1.14046577    1.17431504    1.43708470    1.10167067    1.11437323    1.26425811    1.42180202    1.38904456    1.22762938    1.32353212    1.20641094    1.72485278    1.70263019    1.62529690    1.59180963    1.59960379    1.69078680    1.54316345    1.59646042    1.81846557    1.43068865    1.54307852    1.64094490    1.66061138    1.57753874    1.86524583    1.42315258    1.49921992    1.51150663    1.13565030    0.00000000    1.31591603    1.27358653    1.36014454    1.47133476
Q82FU1_STRAW/189-353     1.56337815    1.29825537    1.32158704    1.48763748    1.36129894    1.41147635    1.20632815    1.04404196    1.13995048    1.41229628    1.15792502    1.19264678    1.27588459    1.35134724    1.90980965    1.88222644    1.93653203    1.92313938    1.99735742    1.91210663    1.56710519    1.67050328    1.67757903    1.55509625    1.97420384    1.63873606    1.94489052    1.85037972    1.95680798    1.48836997    1.68399332    1.54185185    1.30965664    1.31591603    0.00000000    0.84350901    0.82249137    0.98005806
Q8XPV9_RALSO/181-344     1.54769402    1.52078164    1.48392775    1.51308615    1.50073723    1.23250524    1.35473420    1.25055397    1.34945991    1.35467631    1.40702064    1.53126791    1.44789036    1.47794155    1.97927957    2.03146192    2.01926020    2.12802871    2.15609954    2.16497046    1.70663287    1.84265772    1.86120589    1.65863973    1.98138571    1.54780486    1.98526385    1.74819567    1.98399027    1.55622698    1.60817828    1.49853519    1.39003818    1.27358653    0.84350901    0.00000000    0.85503193    0.97476108
Q2G572_NOVAD/201-364     1.56783447    1.52746150    1.48321078    1.58906484    1.47497457    1.30987374    1.30490930    1.19673518    1.35288813    1.41683578    1.33395300    1.57054872    1.46957248    1.34040657    1.68414970    1.82227984    1.83757181    1.85059920    2.03214290    1.75798130    1.66593414    1.76710346    1.61011584    1.55237428    1.63541512    1.72967073    1.83574374    1.87905779    1.84604821    1.58577928    1.71412924    1.70393586    1.45899883    1.36014454    0.82249137    0.85503193    0.00000000    0.81763891
E8RS56_ASTEC/195-358     1.89500126    1.75206100    1.81592447    1.81780904    1.63900891    1.45366902    1.45118471    1.47766901    1.33483311    1.83232513    1.52344849    1.45829839    1.59437874    1.38217235    2.04854683    2.08246996    2.08908215    2.21677628    2.13948273    2.16814765    1.90526335    2.06045858    1.94015973    1.79253172    1.90704044    1.93602889    1.82433693    1.79002846    1.64006899    1.73509574    1.70562302    1.63733080    1.39844745    1.47133476    0.98005806    0.97476108    0.81763891    0.00000000

