17
A9S5R0_PHYPA/135-325     0.00000000    0.24158326    0.27484480    0.29523656    0.42497657    0.50070808    0.37211185    0.25539339    0.28236650    0.86795051    1.17571969    1.08477567    0.89870559    0.91762727    0.84564107    0.84631297    0.93991483
A9SDY1_PHYPA/51-256     0.24158326    0.00000000    0.32743896    0.27276058    0.53054045    0.58219514    0.44943012    0.32480388    0.33939202    0.93931427    1.21075001    1.09050329    0.96177509    1.00487565    0.96712707    0.98654802    1.05458844
A9TM19_PHYPA/36-241     0.27484480    0.32743896    0.00000000    0.27249755    0.51352652    0.60524152    0.42823665    0.29344186    0.29424839    0.88948077    1.27570575    1.14695140    1.02918134    1.05898574    0.99561663    1.08239113    1.08937522
A9T7C1_PHYPA/307-494     0.29523656    0.27276058    0.27249755    0.00000000    0.45968888    0.54935412    0.41046507    0.23415743    0.25665954    0.91031655    1.30753445    1.13331008    0.91631990    1.01986152    0.93413224    1.00345419    0.97396789
A9RR19_PHYPA/231-419     0.42497657    0.53054045    0.51352652    0.45968888    0.00000000    0.30398788    0.63267886    0.39678961    0.41356980    1.00331806    1.32433914    1.16728931    0.92391822    0.97850947    0.91447288    0.98296803    1.09599478
A9SM11_PHYPA/181-387     0.50070808    0.58219514    0.60524152    0.54935412    0.30398788    0.00000000    0.65772219    0.47747218    0.48101448    1.08733751    1.54152026    1.35653508    0.95103184    1.02855055    0.99762493    1.06070181    1.05617033
A9SCK0_PHYPA/55-247     0.37211185    0.44943012    0.42823665    0.41046507    0.63267886    0.65772219    0.00000000    0.26978810    0.29173441    0.89712625    1.19024436    1.10613722    0.85797120    0.88891595    0.80152561    0.92985022    0.93612978
A9S3S2_PHYPA/380-584     0.25539339    0.32480388    0.29344186    0.23415743    0.39678961    0.47747218    0.26978810    0.00000000    0.22265991    0.75072389    1.11077746    1.04854098    0.80070200    0.84557402    0.79690519    0.91708489    0.92491813
A9SKD6_PHYPA/162-354     0.28236650    0.33939202    0.29424839    0.25665954    0.41356980    0.48101448    0.29173441    0.22265991    0.00000000    0.73276836    1.07406306    0.97390334    0.74894248    0.73994772    0.70575783    0.77820587    0.82838256
A9T007_PHYPA/93-270     0.86795051    0.93931427    0.88948077    0.91031655    1.00331806    1.08733751    0.89712625    0.75072389    0.73276836    0.00000000    1.16831840    1.10528996    0.96792254    1.00922567    0.93546968    0.99723870    1.04938768
A9SNT0_PHYPA/418-645     1.17571969    1.21075001    1.27570575    1.30753445    1.32433914    1.54152026    1.19024436    1.11077746    1.07406306    1.16831840    0.00000000    0.14165168    1.07098406    0.98069364    1.01477097    1.02860619    1.11787971
A9S4H9_PHYPA/378-635     1.08477567    1.09050329    1.14695140    1.13331008    1.16728931    1.35653508    1.10613722    1.04854098    0.97390334    1.10528996    0.14165168    0.00000000    0.99489233    0.97084909    0.94939014    0.99687163    1.03635496
A9SRC1_PHYPA/11-219     0.89870559    0.96177509    1.02918134    0.91631990    0.92391822    0.95103184    0.85797120    0.80070200    0.74894248    0.96792254    1.07098406    0.99489233    0.00000000    0.23385563    0.22433580    0.29108727    0.29887082
A9T3X3_PHYPA/451-656     0.91762727    1.00487565    1.05898574    1.01986152    0.97850947    1.02855055    0.88891595    0.84557402    0.73994772    1.00922567    0.98069364    0.97084909    0.23385563    0.00000000    0.13154707    0.17110572    0.25836850
A9T9C2_PHYPA/396-615     0.84564107    0.96712707    0.99561663    0.93413224    0.91447288    0.99762493    0.80152561    0.79690519    0.70575783    0.93546968    1.01477097    0.94939014    0.22433580    0.13154707    0.00000000    0.19369233    0.24041393
A9T724_PHYPA/334-532     0.84631297    0.98654802    1.08239113    1.00345419    0.98296803    1.06070181    0.92985022    0.91708489    0.77820587    0.99723870    1.02860619    0.99687163    0.29108727    0.17110572    0.19369233    0.00000000    0.28279826
A9TZK3_PHYPA/45-264     0.93991483    1.05458844    1.08937522    0.97396789    1.09599478    1.05617033    0.93612978    0.92491813    0.82838256    1.04938768    1.11787971    1.03635496    0.29887082    0.25836850    0.24041393    0.28279826    0.00000000

