43
U5RPE5_9CLOT/54-321     0.00000000    0.39186927    0.32928546    0.89584424    0.85265558    0.69584400    0.84646994    1.05323092    1.06307138    1.31897637    1.34560856    1.22237478    1.48258711    1.37033523    1.45632970    1.44963305    1.76528485    1.82433898    1.33628553    1.35009270    1.55768058    1.50745398    1.36677227    1.36137298    1.48255271    1.45298096    0.72529392    0.71234921    0.74306068    0.86957415    0.81119078    0.75674492    0.78885913    0.96273862    0.86382609    0.96130430    0.92533803    0.80991957    0.76526773    0.83837625    0.90803688    0.99212263    0.86683483
M1LX20_9CLOT/39-306     0.39186927    0.00000000    0.25719560    0.79630022    0.84642991    0.73711262    0.84338685    1.03743024    1.06851486    1.27942351    1.35288759    1.15280364    1.33271613    1.27328559    1.35032679    1.35105853    1.65200994    1.80947461    1.24505928    1.21169673    1.60063485    1.40265333    1.39490773    1.39688770    1.37286400    1.41819576    0.73963867    0.69282472    0.72027874    0.84568924    0.80589841    0.70428072    0.73765471    0.92894828    0.78811446    0.87862936    0.84916040    0.77525544    0.79859622    0.82264138    0.84430758    0.99153755    0.79853699
U5MU36_CLOSA/39-306     0.32928546    0.25719560    0.00000000    0.83114458    0.85210106    0.74157587    0.83552778    1.01367499    1.04000304    1.20486964    1.38568293    1.13463614    1.36635547    1.25807943    1.41041336    1.39931206    1.69643872    1.86070121    1.27703772    1.18326750    1.67679263    1.37432105    1.39172474    1.32176661    1.34246062    1.43099901    0.71861112    0.66479038    0.76145851    0.83984666    0.78436746    0.69001802    0.72685126    0.91878599    0.76410063    0.86814116    0.88679656    0.81106405    0.79034244    0.83869570    0.85599057    0.94987174    0.84191101
K8E5D6_CARML/38-305     0.89584424    0.79630022    0.83114458    0.00000000    0.62794093    0.82604987    1.13573783    1.13643772    1.12317323    1.31040560    1.28240686    1.38684481    1.37524092    1.29162143    1.51424297    1.63394012    1.78390601    1.89906494    1.39103645    1.38791305    1.57285891    1.36372056    1.44747916    1.47131786    1.48329173    1.46813416    0.84186087    0.79732987    0.84774229    0.83824436    0.88006310    0.85634875    0.83720588    0.88500587    0.80873200    0.91237084    0.96209545    0.81397204    0.91027957    0.94347783    0.78750920    0.95042718    1.00239111
K0AXA0_GOTA9/38-305     0.85265558    0.84642991    0.85210106    0.62794093    0.00000000    0.85962706    0.97633835    1.16192156    1.20887539    1.32257889    1.25603181    1.40500647    1.37608949    1.31405958    1.48352591    1.46584180    1.79351817    1.81762113    1.37061130    1.36001707    1.60123747    1.53838224    1.52893704    1.45058388    1.49685161    1.54429121    0.89524895    0.99268088    1.00284012    0.95047915    0.90456509    0.90339818    0.89411239    1.09275077    0.91788194    0.98202077    0.89430377    0.90808482    1.03088413    0.93618216    0.95908029    1.01740031    1.01139924
Q6LY72_METMP/38-305     0.69584400    0.73711262    0.74157587    0.82604987    0.85962706    0.00000000    0.92910703    0.94101790    0.99732137    1.23304130    1.35788459    1.26604783    1.40572668    1.20510548    1.30233153    1.37008023    1.64117445    1.67126126    1.30483617    1.38900085    1.55950037    1.36995095    1.44781838    1.46309550    1.35945667    1.42414904    0.80680404    0.79961912    0.85066817    0.82467400    0.82239599    0.84382788    0.82924480    0.84482217    0.80224264    0.85693110    0.77215192    0.72890256    0.90613413    0.85244171    0.81848439    0.94430008    0.96369594
R5J4C6_9CLOT/39-299     0.84646994    0.84338685    0.83552778    1.13573783    0.97633835    0.92910703    0.00000000    1.03628209    1.16779285    1.37403436    1.31687419    1.21642483    1.62615194    1.57696134    1.51337162    1.55591140    1.91297412    1.87550526    1.39234883    1.56535725    1.67636661    1.64001794    1.55157782    1.60474859    1.59446617    1.64058910    1.02022365    1.01403438    0.93869344    0.89946417    1.00017184    0.92351337    0.99761741    1.07403944    0.95689858    0.98440438    0.96004976    0.88038508    1.02235220    0.93628721    0.96108166    1.03612146    0.99535277
D1AJ88_SEBTE/37-293     1.05323092    1.03743024    1.01367499    1.13643772    1.16192156    0.94101790    1.03628209    0.00000000    1.25568364    1.44769660    1.42210360    1.39109552    1.56462219    1.50636969    1.37937393    1.47044225    1.60661043    1.86630021    1.28347731    1.40615988    1.52862561    1.51352266    1.61490060    1.46805536    1.54380503    1.66393843    1.09683343    1.08233804    1.04444380    1.15140010    1.13205110    1.16765533    1.13186323    1.19010753    1.11182101    1.14068748    1.15780064    1.05677377    1.05856099    1.15010384    1.20807766    1.20308460    1.12738762
F0SEG2_PSESL/42-303     1.06307138    1.06851486    1.04000304    1.12317323    1.20887539    0.99732137    1.16779285    1.25568364    0.00000000    1.17907890    1.20609276    1.41079241    1.41325804    1.35614218    1.56204777    1.49977971    1.82573375    1.81499311    1.49779007    1.65764316    1.71191563    1.54986008    1.52804411    1.64548347    1.48112581    1.57613077    1.20144545    1.12047271    1.06611118    1.00190127    1.12542076    1.12794801    1.08318556    1.10008756    1.08124420    1.21235577    1.18838346    1.09460222    1.11832629    1.20851087    1.14307594    1.11617850    1.23394882
C7PA25_CHIPD/45-307     1.31897637    1.27942351    1.20486964    1.31040560    1.32257889    1.23304130    1.37403436    1.44769660    1.17907890    0.00000000    0.80060893    1.44868740    1.77860904    1.53011688    1.59621783    1.70076106    1.83427197    1.92869303    1.49197769    1.54853791    1.79289409    1.67594614    1.70964509    1.66531615    1.74064957    1.70178123    1.25622140    1.22555620    1.26181854    1.27138119    1.27333663    1.12574566    1.18315994    1.30673907    1.18993784    1.27851993    1.34161174    1.28735220    1.22306369    1.27536915    1.27441145    1.21255437    1.35320573
F4CEV5_SPHS2/37-299     1.34560856    1.35288759    1.38568293    1.28240686    1.25603181    1.35788459    1.31687419    1.42210360    1.20609276    0.80060893    0.00000000    1.54153514    1.85129263    1.63445987    1.72652118    1.80214444    1.87452554    2.05358825    1.61833813    1.76006997    1.83971491    1.73218452    1.72227078    1.78657232    1.68931798    1.76084955    1.25324477    1.33861371    1.30092754    1.32301735    1.26958072    1.24253161    1.23546696    1.29760448    1.23085820    1.42745515    1.38889902    1.31705717    1.33686720    1.42533504    1.29015666    1.24272816    1.30106997
C8WR01_ALIAD/49-311     1.22237478    1.15280364    1.13463614    1.38684481    1.40500647    1.26604783    1.21642483    1.39109552    1.41079241    1.44868740    1.54153514    0.00000000    1.56370199    1.45269835    1.63835789    1.62557204    1.78520082    1.82884077    1.37322915    1.38467159    1.48336902    1.42265097    1.40154483    1.40519732    1.49593514    1.48649628    1.17274573    1.03115150    1.10588514    1.03226839    1.01943428    1.05964240    1.21793565    1.26904500    1.09073393    1.14892138    1.31838925    1.18828473    1.05544539    1.23251122    1.18421381    1.20667102    1.03460906
C0QIH1_DESAH/39-304     1.48258711    1.33271613    1.36635547    1.37524092    1.37608949    1.40572668    1.62615194    1.56462219    1.41325804    1.77860904    1.85129263    1.56370199    0.00000000    0.70630011    0.78501237    0.63965503    1.07574455    1.16513396    1.01732061    0.84480141    0.99124750    0.93418536    0.82710581    0.89671354    0.80574108    0.83210546    1.33186787    1.34354024    1.38410318    1.26619068    1.37392545    1.22582115    1.25682599    1.33432461    1.27037460    1.39888478    1.46766057    1.29612084    1.30398867    1.41246878    1.27292553    1.41145243    1.30436594
A1SUW4_PSYIN/39-305     1.37033523    1.27328559    1.25807943    1.29162143    1.31405958    1.20510548    1.57696134    1.50636969    1.35614218    1.53011688    1.63445987    1.45269835    0.70630011    0.00000000    0.62499304    0.65441381    1.18657596    1.19596922    1.04480326    0.92964726    1.02905744    0.86639153    0.97321822    0.92711503    0.92880229    0.90102738    1.27387647    1.31862852    1.20410795    1.26905276    1.26990353    1.23297755    1.14993610    1.27784950    1.21068875    1.16605087    1.28013279    1.17181773    1.23516863    1.25816991    1.18066937    1.28034141    1.18049733
Q6ANG8_DESPS/39-305     1.45632970    1.35032679    1.41041336    1.51424297    1.48352591    1.30233153    1.51337162    1.37937393    1.56204777    1.59621783    1.72652118    1.63835789    0.78501237    0.62499304    0.00000000    0.55673030    1.14113290    1.35019205    1.04011421    0.99716184    1.06973028    0.95285769    1.02198502    0.98940803    1.06942154    0.94642737    1.35812106    1.35182475    1.29149750    1.35818086    1.39712276    1.33567168    1.33302976    1.43886427    1.36608192    1.41740539    1.40784627    1.34574457    1.29543257    1.35148564    1.37855919    1.36111492    1.30953012
D5V665_ARCNC/39-305     1.44963305    1.35105853    1.39931206    1.63394012    1.46584180    1.37008023    1.55591140    1.47044225    1.49977971    1.70076106    1.80214444    1.62557204    0.63965503    0.65441381    0.55673030    0.00000000    1.17578844    1.22976057    1.02548100    0.97739961    1.02342159    0.93992977    1.00355184    1.02146576    0.95686121    0.94542607    1.31494457    1.34492695    1.31772475    1.38808098    1.36493106    1.33872071    1.42581297    1.44396735    1.31506961    1.43753430    1.38657046    1.37843025    1.27096170    1.32532857    1.43203247    1.27793012    1.30624277
D5QCP1_KOMHA/49-311     1.76528485    1.65200994    1.69643872    1.78390601    1.79351817    1.64117445    1.91297412    1.60661043    1.82573375    1.83427197    1.87452554    1.78520082    1.07574455    1.18657596    1.14113290    1.17578844    0.00000000    0.58162760    1.11940232    1.05385594    1.20816563    1.00573110    1.00757673    0.98220727    1.09056299    0.95821572    1.56691734    1.41179196    1.46750505    1.40569508    1.50166693    1.46614822    1.46797809    1.48674928    1.51137476    1.57042888    1.60480990    1.52086919    1.42820972    1.44656144    1.40128279    1.43560299    1.32418670
C7JCT5_ACEP3/62-324     1.82433898    1.80947461    1.86070121    1.89906494    1.81762113    1.67126126    1.87550526    1.86630021    1.81499311    1.92869303    2.05358825    1.82884077    1.16513396    1.19596922    1.35019205    1.22976057    0.58162760    0.00000000    1.21310234    1.07924880    1.31056346    1.08921420    1.14362344    1.11910462    1.15280943    1.12913820    1.69221467    1.60585253    1.62874160    1.56531041    1.70930383    1.65167421    1.74013381    1.73087028    1.79327244    1.75218178    1.72047477    1.92126479    1.71892943    1.68398272    1.63614083    1.71995848    1.58226276
B5EDY2_GEOBB/39-305     1.33628553    1.24505928    1.27703772    1.39103645    1.37061130    1.30483617    1.39234883    1.28347731    1.49779007    1.49197769    1.61833813    1.37322915    1.01732061    1.04480326    1.04011421    1.02548100    1.11940232    1.21310234    0.00000000    0.55397593    0.89051693    0.73817848    0.73220463    0.70531831    0.76066605    0.70378490    1.28574921    1.19449482    1.14376452    1.19184573    1.23239850    1.19465657    1.16602179    1.26354964    1.24083168    1.25575796    1.35673373    1.29845674    1.21223513    1.24821472    1.20344609    1.27976825    1.20065974
Q74GJ7_GEOSL/39-305     1.35009270    1.21169673    1.18326750    1.38791305    1.36001707    1.38900085    1.56535725    1.40615988    1.65764316    1.54853791    1.76006997    1.38467159    0.84480141    0.92964726    0.99716184    0.97739961    1.05385594    1.07924880    0.55397593    0.00000000    0.89542460    0.67908630    0.69646665    0.68101037    0.71423795    0.64847415    1.32931163    1.28454631    1.19635534    1.23382698    1.26941134    1.24682861    1.25664160    1.37647400    1.20423232    1.24580527    1.35728498    1.32844600    1.20842590    1.25583904    1.23036400    1.31062143    1.25042601
E1VGW5_9GAMM/39-307     1.55768058    1.60063485    1.67679263    1.57285891    1.60123747    1.55950037    1.67636661    1.52862561    1.71191563    1.79289409    1.83971491    1.48336902    0.99124750    1.02905744    1.06973028    1.02342159    1.20816563    1.31056346    0.89051693    0.89542460    0.00000000    0.84949063    0.77243527    0.77318557    0.83497255    0.82254794    1.42877038    1.50334152    1.43835197    1.30524706    1.55831347    1.42489583    1.41117774    1.48960112    1.45154494    1.55200028    1.50193630    1.48449250    1.40223367    1.47028889    1.42918024    1.55451000    1.49339023
I0I5E6_CALAS/39-305     1.50745398    1.40265333    1.37432105    1.36372056    1.53838224    1.36995095    1.64001794    1.51352266    1.54986008    1.67594614    1.73218452    1.42265097    0.93418536    0.86639153    0.95285769    0.93992977    1.00573110    1.08921420    0.73817848    0.67908630    0.84949063    0.00000000    0.65086661    0.61096409    0.62717916    0.59679792    1.40125851    1.29796558    1.24257154    1.19534823    1.33046772    1.28301256    1.23076286    1.25495319    1.22392713    1.31440553    1.33136833    1.36434831    1.18826918    1.24336473    1.19948455    1.24931668    1.19891604
F0JIH0_9DELT/39-305     1.36677227    1.39490773    1.39172474    1.44747916    1.52893704    1.44781838    1.55157782    1.61490060    1.52804411    1.70964509    1.72227078    1.40154483    0.82710581    0.97321822    1.02198502    1.00355184    1.00757673    1.14362344    0.73220463    0.69646665    0.77243527    0.65086661    0.00000000    0.31764341    0.48521866    0.42727027    1.32559372    1.26677661    1.29577268    1.15913364    1.29302202    1.26662852    1.26550509    1.31229169    1.24454114    1.40385141    1.36379904    1.28202725    1.25314115    1.30955564    1.34106821    1.35606393    1.28451841
M1WNJ2_PSEP2/39-305     1.36137298    1.39688770    1.32176661    1.47131786    1.45058388    1.46309550    1.60474859    1.46805536    1.64548347    1.66531615    1.78657232    1.40519732    0.89671354    0.92711503    0.98940803    1.02146576    0.98220727    1.11910462    0.70531831    0.68101037    0.77318557    0.61096409    0.31764341    0.00000000    0.49575536    0.44987622    1.28541517    1.27249029    1.30872713    1.15183091    1.26435318    1.23704460    1.23452768    1.28556676    1.25658239    1.28629308    1.33098557    1.22740326    1.21692439    1.28017656    1.19697704    1.41518277    1.33403314
C6BZX5_DESAD/38-303     1.48255271    1.37286400    1.34246062    1.48329173    1.49685161    1.35945667    1.59446617    1.54380503    1.48112581    1.74064957    1.68931798    1.49593514    0.80574108    0.92880229    1.06942154    0.95686121    1.09056299    1.15280943    0.76066605    0.71423795    0.83497255    0.62717916    0.48521866    0.49575536    0.00000000    0.33866056    1.50168617    1.29070996    1.37461223    1.13311872    1.32214441    1.26677142    1.27436981    1.29787862    1.29343578    1.35298654    1.32823907    1.31430635    1.33230292    1.28302099    1.28132872    1.32701045    1.40375676
E6VZC7_PSEA9/38-303     1.45298096    1.41819576    1.43099901    1.46813416    1.54429121    1.42414904    1.64058910    1.66393843    1.57613077    1.70178123    1.76084955    1.48649628    0.83210546    0.90102738    0.94642737    0.94542607    0.95821572    1.12913820    0.70378490    0.64847415    0.82254794    0.59679792    0.42727027    0.44987622    0.33866056    0.00000000    1.34794306    1.35871749    1.31981057    1.14324437    1.32389626    1.27754151    1.27079094    1.30850084    1.28278503    1.31612271    1.35066985    1.35863361    1.22943180    1.32363579    1.28869012    1.36355476    1.32042641
E3H778_ILYPC/15-282     0.72529392    0.73963867    0.71861112    0.84186087    0.89524895    0.80680404    1.02022365    1.09683343    1.20144545    1.25622140    1.25324477    1.17274573    1.33186787    1.27387647    1.35812106    1.31494457    1.56691734    1.69221467    1.28574921    1.32931163    1.42877038    1.40125851    1.32559372    1.28541517    1.50168617    1.34794306    0.00000000    0.57155554    0.66929052    0.91543527    0.69212660    0.71314693    0.72382123    0.97944041    0.73937557    0.90467670    0.78751319    0.82427661    0.79310605    0.88325398    0.80048333    0.88644792    0.88515776
I4D678_DESAJ/38-305     0.71234921    0.69282472    0.66479038    0.79732987    0.99268088    0.79961912    1.01403438    1.08233804    1.12047271    1.22555620    1.33861371    1.03115150    1.34354024    1.31862852    1.35182475    1.34492695    1.41179196    1.60585253    1.19449482    1.28454631    1.50334152    1.29796558    1.26677661    1.27249029    1.29070996    1.35871749    0.57155554    0.00000000    0.44515408    0.71465714    0.65954778    0.62541886    0.64157285    0.83647463    0.66069657    0.79772485    0.79532367    0.72432351    0.74710427    0.76454337    0.71051117    0.89148565    0.73360084
J7J0N8_DESMD/38-305     0.74306068    0.72027874    0.76145851    0.84774229    1.00284012    0.85066817    0.93869344    1.04444380    1.06611118    1.26181854    1.30092754    1.10588514    1.38410318    1.20410795    1.29149750    1.31772475    1.46750505    1.62874160    1.14376452    1.19635534    1.43835197    1.24257154    1.29577268    1.30872713    1.37461223    1.31981057    0.66929052    0.44515408    0.00000000    0.70715388    0.70321871    0.66176901    0.70994231    0.79950149    0.62321149    0.76818140    0.81280300    0.68978739    0.72826052    0.77062893    0.67770999    0.79601358    0.70594018
X4ZGT8_9BACL/90-357     0.86957415    0.84568924    0.83984666    0.83824436    0.95047915    0.82467400    0.89946417    1.15140010    1.00190127    1.27138119    1.32301735    1.03226839    1.26619068    1.26905276    1.35818086    1.38808098    1.40569508    1.56531041    1.19184573    1.23382698    1.30524706    1.19534823    1.15913364    1.15183091    1.13311872    1.14324437    0.91543527    0.71465714    0.70715388    0.00000000    0.63123187    0.58871845    0.61238059    0.61074466    0.64591868    0.86679152    0.80002281    0.59803983    0.70926791    0.77603944    0.61865452    0.75129987    0.69713835
N0ASW8_9BACI/38-305     0.81119078    0.80589841    0.78436746    0.88006310    0.90456509    0.82239599    1.00017184    1.13205110    1.12542076    1.27333663    1.26958072    1.01943428    1.37392545    1.26990353    1.39712276    1.36493106    1.50166693    1.70930383    1.23239850    1.26941134    1.55831347    1.33046772    1.29302202    1.26435318    1.32214441    1.32389626    0.69212660    0.65954778    0.70321871    0.63123187    0.00000000    0.46528454    0.50621150    0.69210943    0.67757347    0.89840884    0.76703038    0.71964099    0.74448096    0.72089079    0.74113576    0.83908926    0.82157291
Q65J98_BACLD/38-305     0.75674492    0.70428072    0.69001802    0.85634875    0.90339818    0.84382788    0.92351337    1.16765533    1.12794801    1.12574566    1.24253161    1.05964240    1.22582115    1.23297755    1.33567168    1.33872071    1.46614822    1.65167421    1.19465657    1.24682861    1.42489583    1.28301256    1.26662852    1.23704460    1.26677142    1.27754151    0.71314693    0.62541886    0.66176901    0.58871845    0.46528454    0.00000000    0.41636878    0.58823914    0.64618176    0.89006537    0.78869514    0.65544404    0.69106915    0.73855022    0.66768952    0.77202071    0.75965172
E3EHL7_PAEPS/38-305     0.78885913    0.73765471    0.72685126    0.83720588    0.89411239    0.82924480    0.99761741    1.13186323    1.08318556    1.18315994    1.23546696    1.21793565    1.25682599    1.14993610    1.33302976    1.42581297    1.46797809    1.74013381    1.16602179    1.25664160    1.41117774    1.23076286    1.26550509    1.23452768    1.27436981    1.27079094    0.72382123    0.64157285    0.70994231    0.61238059    0.50621150    0.41636878    0.00000000    0.54164825    0.67985547    0.84736022    0.82094327    0.62000845    0.68821364    0.81991799    0.73596138    0.82786020    0.80247589
H6NI93_9BACL/38-300     0.96273862    0.92894828    0.91878599    0.88500587    1.09275077    0.84482217    1.07403944    1.19010753    1.10008756    1.30673907    1.29760448    1.26904500    1.33432461    1.27784950    1.43886427    1.44396735    1.48674928    1.73087028    1.26354964    1.37647400    1.48960112    1.25495319    1.31229169    1.28556676    1.29787862    1.30850084    0.97944041    0.83647463    0.79950149    0.61074466    0.69210943    0.58823914    0.54164825    0.00000000    0.79194653    0.92295507    0.91452740    0.75995324    0.79489556    0.88511584    0.78269059    0.81815431    0.88520074
YJLA_BACSU/38-305     0.86382609    0.78811446    0.76410063    0.80873200    0.91788194    0.80224264    0.95689858    1.11182101    1.08124420    1.18993784    1.23085820    1.09073393    1.27037460    1.21068875    1.36608192    1.31506961    1.51137476    1.79327244    1.24083168    1.20423232    1.45154494    1.22392713    1.24454114    1.25658239    1.29343578    1.28278503    0.73937557    0.66069657    0.62321149    0.64591868    0.67757347    0.64618176    0.67985547    0.79194653    0.00000000    0.59172007    0.55039437    0.59662089    0.67910949    0.66326948    0.55370018    0.82594528    0.75695246
Q5WCC4_BACSK/44-307     0.96130430    0.87862936    0.86814116    0.91237084    0.98202077    0.85693110    0.98440438    1.14068748    1.21235577    1.27851993    1.42745515    1.14892138    1.39888478    1.16605087    1.41740539    1.43753430    1.57042888    1.75218178    1.25575796    1.24580527    1.55200028    1.31440553    1.40385141    1.28629308    1.35298654    1.31612271    0.90467670    0.79772485    0.76818140    0.86679152    0.89840884    0.89006537    0.84736022    0.92295507    0.59172007    0.00000000    0.66827102    0.67053803    0.84747242    0.70281249    0.72256465    0.79500224    0.88704015
D3FXX0_ALKPO/38-305     0.92533803    0.84916040    0.88679656    0.96209545    0.89430377    0.77215192    0.96004976    1.15780064    1.18838346    1.34161174    1.38889902    1.31838925    1.46766057    1.28013279    1.40784627    1.38657046    1.60480990    1.72047477    1.35673373    1.35728498    1.50193630    1.33136833    1.36379904    1.33098557    1.32823907    1.35066985    0.78751319    0.79532367    0.81280300    0.80002281    0.76703038    0.78869514    0.82094327    0.91452740    0.55039437    0.66827102    0.00000000    0.62866913    0.80752853    0.73032954    0.61485973    0.88825254    0.92350724
F2F9M1_SOLSS/38-303     0.80991957    0.77525544    0.81106405    0.81397204    0.90808482    0.72890256    0.88038508    1.05677377    1.09460222    1.28735220    1.31705717    1.18828473    1.29612084    1.17181773    1.34574457    1.37843025    1.52086919    1.92126479    1.29845674    1.32844600    1.48449250    1.36434831    1.28202725    1.22740326    1.31430635    1.35863361    0.82427661    0.72432351    0.68978739    0.59803983    0.71964099    0.65544404    0.62000845    0.75995324    0.59662089    0.67053803    0.62866913    0.00000000    0.65343790    0.58491795    0.53666823    0.80081800    0.68718330
Q5KZD5_GEOKA/38-305     0.76526773    0.79859622    0.79034244    0.91027957    1.03088413    0.90613413    1.02235220    1.05856099    1.11832629    1.22306369    1.33686720    1.05544539    1.30398867    1.23516863    1.29543257    1.27096170    1.42820972    1.71892943    1.21223513    1.20842590    1.40223367    1.18826918    1.25314115    1.21692439    1.33230292    1.22943180    0.79310605    0.74710427    0.72826052    0.70926791    0.74448096    0.69106915    0.68821364    0.79489556    0.67910949    0.84747242    0.80752853    0.65343790    0.00000000    0.59205828    0.61617318    0.91863671    0.77862941
Q9KE50_BACHD/38-301     0.83837625    0.82264138    0.83869570    0.94347783    0.93618216    0.85244171    0.93628721    1.15010384    1.20851087    1.27536915    1.42533504    1.23251122    1.41246878    1.25816991    1.35148564    1.32532857    1.44656144    1.68398272    1.24821472    1.25583904    1.47028889    1.24336473    1.30955564    1.28017656    1.28302099    1.32363579    0.88325398    0.76454337    0.77062893    0.77603944    0.72089079    0.73855022    0.81991799    0.88511584    0.66326948    0.70281249    0.73032954    0.58491795    0.59205828    0.00000000    0.58779159    0.90937475    0.86593536
U5L9M7_9BACI/38-300     0.90803688    0.84430758    0.85599057    0.78750920    0.95908029    0.81848439    0.96108166    1.20807766    1.14307594    1.27441145    1.29015666    1.18421381    1.27292553    1.18066937    1.37855919    1.43203247    1.40128279    1.63614083    1.20344609    1.23036400    1.42918024    1.19948455    1.34106821    1.19697704    1.28132872    1.28869012    0.80048333    0.71051117    0.67770999    0.61865452    0.74113576    0.66768952    0.73596138    0.78269059    0.55370018    0.72256465    0.61485973    0.53666823    0.61617318    0.58779159    0.00000000    0.83860520    0.77046938
C4L5N6_EXISA/38-295     0.99212263    0.99153755    0.94987174    0.95042718    1.01740031    0.94430008    1.03612146    1.20308460    1.11617850    1.21255437    1.24272816    1.20667102    1.41145243    1.28034141    1.36111492    1.27793012    1.43560299    1.71995848    1.27976825    1.31062143    1.55451000    1.24931668    1.35606393    1.41518277    1.32701045    1.36355476    0.88644792    0.89148565    0.79601358    0.75129987    0.83908926    0.77202071    0.82786020    0.81815431    0.82594528    0.79500224    0.88825254    0.80081800    0.91863671    0.90937475    0.83860520    0.00000000    0.75780832
A9B6H6_HERA2/38-299     0.86683483    0.79853699    0.84191101    1.00239111    1.01139924    0.96369594    0.99535277    1.12738762    1.23394882    1.35320573    1.30106997    1.03460906    1.30436594    1.18049733    1.30953012    1.30624277    1.32418670    1.58226276    1.20065974    1.25042601    1.49339023    1.19891604    1.28451841    1.33403314    1.40375676    1.32042641    0.88515776    0.73360084    0.70594018    0.69713835    0.82157291    0.75965172    0.80247589    0.88520074    0.75695246    0.88704015    0.92350724    0.68718330    0.77862941    0.86593536    0.77046938    0.75780832    0.00000000

