90
K9XCP1_9CHRO/57-151     0.00000000    0.59877977    0.78325499    0.72015158    0.67463402    0.58483410    0.72627590    0.66249408    0.75773059    0.62585215    0.92156588    0.93347699    0.90471460    1.16430828    0.76589754    0.92174810    0.83384660    1.05324298    1.02604317    1.14149395    0.87943699    0.70970723    1.03428925    1.12701991    0.98935956    1.10824831    1.05344316    0.99537927    1.74605722    2.04113071    1.33858995    1.59478531    1.87775574    2.18664342    2.40890704    2.56255229    2.09598062    2.06382719    1.86956516    2.33813303    2.49152338    2.04044897    2.20522441    2.11457422    1.92845462    2.18549410    2.14726013    2.17349605    2.79654076    1.83541048    2.24232360    2.36204241    2.29525312    2.59475269    2.29932993    2.14321768    1.85882358    2.11639084    1.99683730    2.28787160    1.87320087    1.75327284    1.96602889    2.06285900    2.72104793    2.05532532    2.79893008    1.71218818    2.31031545    1.94406873    2.18498597    2.71975701    2.55506764    1.98716280    2.40733432    2.44328638    2.85697044    2.38816126    2.60420545    1.37167658    1.53259165    1.56703323    1.44672289    2.52439663    1.58309644    1.56439753    1.23553688    1.36458224    0.78920318    1.08593551
K9W0Q6_9CYAN/56-148     0.59877977    0.00000000    0.64672660    0.69332332    0.63345883    0.66638960    0.65175383    0.63129408    0.80017180    0.61614773    0.93216705    0.91899414    0.83567970    0.87651004    0.71069272    0.73257684    0.85502236    1.04801801    0.89339097    1.00270149    0.94607127    0.89717086    1.03366955    1.10940243    0.98450878    1.17840772    1.10053459    1.09708029    1.68034288    1.89786013    1.62947169    1.45529797    2.08764927    2.00001456    2.50890262    2.40745994    2.11525261    1.67092468    1.83287851    2.11727328    2.22167030    2.01003078    2.21024227    2.49428444    2.40396637    2.36364972    2.30402649    2.40231532    2.58136801    2.08144537    2.48062474    2.31679253    2.34006174    2.57376917    2.35872587    2.41908550    1.91144040    2.20784191    2.05659747    2.34333526    2.24571573    2.20725531    2.23634111    2.20414758    2.56049297    2.21637513    2.79731337    2.15366496    2.04544833    1.60647802    2.02211456    2.38540719    2.44746565    2.09748811    2.85012641    2.52434260    3.25950963    2.70064725    2.42045224    1.26973268    1.55882410    1.26266351    1.20133590    2.47127168    1.77661250    1.74661469    1.15834419    1.54484765    0.82323439    1.15299398
K9V9Q5_9CYAN/49-142     0.78325499    0.64672660    0.00000000    0.44579737    0.51981959    0.50784250    0.47401365    0.48377389    0.53854781    0.32861688    0.88484459    1.06312027    1.03967604    1.26394544    0.77584540    0.98732475    1.05456897    0.93156555    0.88824936    0.88077981    0.98113912    1.04399411    1.23242467    1.29654422    1.19969436    1.27725778    1.26913453    1.05601357    1.68332259    2.20118811    1.68018040    1.98952452    2.28790762    2.37157405    3.24018673    2.84514843    2.17622347    2.03052774    2.13409110    2.46061866    2.50595914    2.25572072    2.66523517    2.60864497    2.35564552    2.29938931    2.43259761    2.21378663    2.93065924    2.21219905    2.07978877    1.93130814    2.45057200    2.67499404    2.48108124    2.71895234    1.98620321    2.22609348    2.14531817    2.39796129    1.98555982    2.26410486    2.53514638    2.39308098    2.92317088    2.33565185    3.13140914    2.03187459    2.27234810    2.18674600    2.39439038    2.93093406    2.88366545    2.19325262    2.75061326    2.90031192    3.26970445    2.51607348    3.12890132    1.48233627    1.75877255    1.59829131    1.26552278    2.15886151    2.07941587    1.73290339    1.41303608    1.83599096    0.90126936    1.14659440
A0ZCJ0_NODSP/54-148     0.72015158    0.69332332    0.44579737    0.00000000    0.40436975    0.35415864    0.47374863    0.29140318    0.55027220    0.32712909    0.78079414    0.99096994    0.97915617    1.06866422    0.80788271    0.94302551    0.95924860    1.05936293    0.89508833    0.92917836    1.05529708    1.06855845    1.06056263    1.27640902    1.14704244    1.32092782    1.23827190    1.22471891    1.73455005    2.17935972    1.86500345    1.98136601    2.17913811    2.53028960    3.04972677    2.91250772    2.26898150    1.99443346    2.00554003    2.24164074    2.24273044    2.34123956    2.58687301    2.79084483    2.50441377    2.57766032    2.10933535    2.15619469    3.15571817    2.41932546    2.54129934    2.59252010    2.35824780    2.46943885    2.28559757    2.57329404    1.92666459    2.08028094    2.06714291    2.33467079    1.80770602    2.27829881    2.41497420    2.35031239    3.13681332    1.99962127    2.84116921    2.63589392    2.65832562    2.32058599    2.94141411    3.33507108    3.38743621    2.60469767    3.21073975    3.77474937    3.93807072    3.22541441    3.49470674    1.36389570    1.61613083    1.43871617    1.09504442    2.59329078    1.72144611    1.79635575    1.51625276    1.79321436    0.93669159    1.05143498
Q8YRK1_NOSS1/77-171     0.67463402    0.63345883    0.51981959    0.40436975    0.00000000    0.33113149    0.34561136    0.33754735    0.44987207    0.33215488    0.69190918    0.91145801    1.04334339    1.26331141    0.64742925    0.81977865    0.99808208    1.09262527    0.89635467    0.98230766    0.97529917    0.95528309    1.07550984    1.06935320    1.06748087    1.11480426    1.01233634    1.03373078    1.59291321    1.93513431    1.49074909    1.88832748    2.14221823    2.26267061    2.77038635    2.79699164    2.01707685    2.03941408    2.00757077    2.68790569    2.73866384    2.44972008    2.34228289    2.43632658    2.05833293    2.28989122    1.88242270    2.13481570    2.37876772    2.75922585    2.22665945    2.36903044    2.34106855    2.46829424    2.53391775    2.64391338    2.13162905    2.22228544    2.18114615    2.03106868    2.05362633    2.23457722    2.17929853    2.51403077    2.68829098    2.44343011    3.20740404    2.28980217    2.46513057    1.92746852    2.43565464    2.54193331    2.73681226    2.20817713    2.86383246    2.93697154    3.79304791    2.72221461    3.12806554    1.43682619    1.61121133    1.29969335    1.18455617    2.46319074    1.76312658    1.57350168    1.59812725    1.82630195    0.82078531    1.14334921
D7E3H0_NOSA0/50-144     0.58483410    0.66638960    0.50784250    0.35415864    0.33113149    0.00000000    0.28968599    0.26350507    0.51996641    0.33681358    0.66714213    0.95113020    1.00742519    1.20999133    0.76015400    0.98009741    1.03920763    1.09590525    0.93935094    1.01368382    0.93148620    0.82894428    0.98910556    1.26161087    0.99225503    1.04311533    0.98321850    0.97728206    1.70847507    1.96428877    1.46928454    1.87493844    1.82430678    2.16211514    2.92930925    2.63402353    2.27034110    2.02321550    1.90085141    2.61496539    2.51906297    2.12502290    2.47243225    2.75925642    2.36905219    2.30387970    1.93598523    2.19260907    2.52375088    2.41285248    2.37095117    2.51985134    2.23445267    2.29217501    2.31551832    2.42118435    1.83120571    1.95021029    1.89277816    2.00081025    1.81948475    1.96119301    2.30287460    2.19531309    2.99644035    2.06854177    3.08372891    2.35829562    2.05684580    2.13782356    2.47647920    2.76182206    2.94685521    2.12677650    3.02548972    3.27172689    3.47089065    2.79447618    3.74248572    1.35791263    1.65349305    1.40477342    1.17602986    2.29266400    1.66513707    1.65449555    1.33818091    1.84107209    0.85395392    1.13446534
K7WTV6_9NOST/50-143     0.72627590    0.65175383    0.47401365    0.47374863    0.34561136    0.28968599    0.00000000    0.33894511    0.54192465    0.33535639    0.64144943    0.93707411    1.01339332    1.12543236    0.72563026    0.92510339    1.00226360    1.05382341    0.94652113    0.84896861    0.90675885    0.91770893    1.13597079    1.20889901    1.16973551    1.18878732    1.19926791    0.99074839    1.71382748    2.17046812    1.56941999    1.91561927    2.11964433    2.00455229    2.57879847    2.60828319    2.34782803    2.04141736    1.88086114    2.49247084    2.56555906    2.04460875    2.53874337    2.60317495    2.10780531    2.20673121    1.89523227    2.09321933    2.48562188    2.40576647    2.28259981    2.06637942    2.23542868    2.32648940    2.19603787    2.35178099    1.82102653    2.13745979    2.00191580    2.02173684    1.95531895    1.99041135    2.25119162    2.31522863    2.74075174    2.16895718    2.99623054    2.35841577    2.14440702    1.94356942    2.40683297    2.59887516    2.66632408    2.08926671    2.81500176    2.91849670    3.41298039    2.75885570    3.12706157    1.41999143    1.68812726    1.42205339    1.16213071    2.62628767    1.81797948    1.66912596    1.44735186    1.91979318    0.92008211    1.11552845
K9PP39_9CYAN/50-144     0.66249408    0.63129408    0.48377389    0.29140318    0.33754735    0.26350507    0.33894511    0.00000000    0.52752878    0.26150342    0.72364516    0.92818846    0.95641621    1.15528976    0.79123304    0.94723178    1.12195878    1.04153052    0.86599579    0.80046536    0.95913013    0.96730266    1.01663091    1.22399077    1.12794687    1.13763621    1.05279944    0.93639781    1.82546384    1.99118813    1.66128190    1.83699285    1.90070214    2.19135344    2.93405811    2.54248616    2.23805797    2.08125792    1.72793991    2.35684827    2.38383401    2.11798115    2.24735786    2.54334455    2.14964918    2.03987505    1.95150007    2.12882283    2.33959236    2.30070796    2.20687961    2.31143835    2.01875615    2.18104822    2.06538653    2.21713610    1.62485825    1.89940418    1.86155713    1.83910421    1.58711792    1.99836120    2.22799992    2.38227949    2.90964115    1.89598925    3.08386477    2.36000523    2.33162288    2.00016442    2.16684157    2.70959394    2.86643150    2.11485645    2.85543573    2.87221775    3.40080087    2.70039878    3.34730880    1.30630164    1.60932634    1.26438207    1.05094382    2.60012520    1.55760289    1.49895047    1.40672947    1.72250255    0.79954490    1.02232071
K9X1Y1_9NOST/50-144     0.75773059    0.80017180    0.53854781    0.55027220    0.44987207    0.51996641    0.54192465    0.52752878    0.00000000    0.46290241    0.93983710    1.14960006    1.03973710    1.17960307    0.80141662    0.97843652    1.08035219    1.01982049    0.85781053    1.07478726    1.07855033    0.97052739    1.11751023    1.24166178    1.21218205    1.22506077    0.95854579    0.98111559    1.85811905    2.21655331    1.67803548    1.91955224    2.20372909    2.19668112    2.91362907    2.79721119    2.10775638    1.87899502    2.04422291    2.23675256    2.45184496    2.37329247    2.63071460    2.72342329    2.19777036    2.11561825    1.93682161    2.05888058    2.43646931    2.31372931    2.04607592    2.26156658    2.49368756    2.61679803    2.46023376    2.62794915    2.00628131    2.21183965    2.07181903    2.23230756    1.89432580    2.16863324    2.26882999    2.57451937    3.08038727    2.08648083    3.13242810    2.06368631    2.40140590    2.04186857    2.18640252    2.58424379    2.49716315    2.17055832    2.74783631    2.81723205    3.45924514    2.92024078    2.94983825    1.45977062    1.55010633    1.29991333    1.24720545    2.34198287    1.77503319    1.66293108    1.29202376    1.47057901    0.88900099    1.15452639
K9QBC6_9NOSO/50-144     0.62585215    0.61614773    0.32861688    0.32712909    0.33215488    0.33681358    0.33535639    0.26150342    0.46290241    0.00000000    0.57312531    0.80292534    1.01209602    1.11418724    0.71049764    0.83608861    0.88904831    0.93747846    0.85174130    0.78099371    0.93670414    0.96675282    1.06366649    1.16227542    1.13461906    1.23783271    1.15419385    1.02461026    1.82827856    2.00931728    1.67810363    2.01332007    2.24084209    2.19305219    3.00515487    2.70518426    2.40250370    2.00449520    2.04144940    2.46988432    2.63816344    2.19299322    2.51356235    2.61648587    2.37345006    2.30534960    1.90143866    2.31656222    2.56049951    2.63737329    2.25928872    2.23410392    2.05429532    2.52523515    2.28622443    2.56720066    1.89690256    2.28958720    2.23894493    2.26067491    1.86621927    2.21152542    2.34931271    2.54051532    2.84579494    2.28324577    3.15132313    2.20780883    2.41475702    2.03435075    2.37697725    2.39904750    2.91144982    2.23469836    2.85615073    3.04408949    3.43276113    2.55016456    3.23334810    1.27814522    1.56680876    1.40013471    1.21807828    2.60482185    1.67743219    1.55869559    1.52262556    1.86069812    0.83034916    0.99970758
K9RF44_9CYAN/51-144     0.92156588    0.93216705    0.88484459    0.78079414    0.69190918    0.66714213    0.64144943    0.72364516    0.93983710    0.57312531    0.00000000    1.14214002    0.95994881    1.21871896    0.99022548    1.02037565    1.01381454    0.96257087    0.94578082    1.15056730    1.14779717    1.01064702    1.07601997    1.25839574    1.11889715    1.39430818    1.26604832    1.22647231    1.53045821    2.07791093    1.82082160    1.77942347    2.11111533    1.96484984    2.48099759    2.99337956    2.31238646    2.18918162    2.22869291    2.56314985    2.38750513    2.17905516    2.42068086    2.51205524    1.94325289    2.18877162    1.62480999    2.10076016    2.50242410    2.61853044    2.40078011    2.05801794    2.05231858    2.13787596    1.87158691    2.28718741    1.59890500    1.95227530    1.94272101    1.88680360    1.85178649    1.79188928    2.16018401    2.22683619    2.68970748    2.11333098    2.42765511    2.41087302    2.35084111    2.35545813    2.72019330    2.50023836    2.93024383    2.19846106    2.94483645    3.20170560    3.05523116    2.94718608    3.07052410    1.39645660    1.77439562    1.66282000    1.32256596    2.37350092    1.78503968    1.64665144    1.31415347    1.80443274    1.09605334    1.13397546
D5A688_ARTPN/58-151     0.93347699    0.91899414    1.06312027    0.99096994    0.91145801    0.95113020    0.93707411    0.92818846    1.14960006    0.80292534    1.14214002    0.00000000    0.85504967    0.99067609    0.86386341    1.03852945    1.10119084    1.22503863    1.22050756    1.08313475    1.20070261    1.23755089    1.34469437    1.58520645    1.20551711    1.28967060    1.22214561    1.40775084    1.49104710    2.40882596    1.69002165    2.12934695    2.17486801    2.34207485    2.82650268    2.74736781    2.47386727    2.59357708    2.25932998    2.19851715    2.36275330    2.25458107    1.93679735    2.66226191    2.79938292    2.87075075    2.41052063    2.51789836    2.61068108    2.28554739    3.13240014    2.83942133    2.24632312    2.89019981    2.35509862    2.50782791    2.03798911    2.54006014    2.76818259    2.33305200    2.27011148    2.17493107    2.28812347    2.48465879    3.06855867    2.08228583    2.47105545    2.03118197    2.18643152    1.93222202    2.18370881    2.56846222    2.45753441    1.98239776    2.89973555    2.96799566    3.08699435    2.60706835    2.92487324    1.44101482    1.63655834    1.80937222    1.58803264    2.47331248    1.42371719    1.47780346    1.19419135    1.69201939    1.06109863    0.93123820
K9WDD8_9CYAN/70-165     0.90471460    0.83567970    1.03967604    0.97915617    1.04334339    1.00742519    1.01339332    0.95641621    1.03973710    1.01209602    0.95994881    0.85504967    0.00000000    1.08956396    0.89534975    1.10477099    0.98699415    1.06727870    1.02927386    0.92829465    1.09429664    0.95640454    1.12867882    1.41412621    1.18782852    1.20284814    1.13309485    1.15038297    1.64452294    1.82029762    1.48718281    1.50491979    1.46001696    1.98081647    2.27952526    2.06288646    1.84430899    2.07916487    1.81429525    1.66199099    1.93982454    1.76937238    1.70148503    1.77233750    1.57672189    1.93525603    1.74899039    1.75421026    1.94448212    2.04886232    1.85411559    2.09563412    1.71477326    1.93496746    1.86117127    1.80172524    1.55055064    1.58076516    1.47314552    1.74830014    1.39617145    1.39577241    1.46443423    1.64502990    1.73777334    1.47788574    2.19176810    1.60472447    2.35400458    2.02745009    1.92400025    2.73469329    2.45421080    1.51317270    2.12334733    1.93878413    2.37075128    2.02600320    1.94011830    1.22689431    1.61495782    1.45057213    1.64830951    2.16949971    1.65185017    1.49739267    1.15664460    1.57446815    0.91893962    0.89687453
Q119Y7_TRIEI/65-163     1.16430828    0.87651004    1.26394544    1.06866422    1.26331141    1.20999133    1.12543236    1.15528976    1.17960307    1.11418724    1.21871896    0.99067609    1.08956396    0.00000000    0.83495111    1.02483814    1.21418757    1.16865695    1.09818312    1.33499779    1.27185529    1.12637500    1.23179010    1.44260699    1.23437092    1.69153463    1.55574877    1.57155325    1.67788156    2.13875064    1.85459247    1.76756883    2.82988597    2.59547200    3.18091030    2.94089759    2.12877734    2.26043948    2.16804295    2.42977714    2.42363187    2.27000445    2.00576451    2.28335228    2.38231349    2.61104599    2.05595148    2.52917610    2.55054960    2.69704655    3.19604742    2.86964695    2.09027288    2.86204362    2.30280474    2.49220854    2.31411292    2.49828985    2.43418862    2.16328413    2.31261667    2.02382268    2.34852321    2.16198049    2.64066483    2.07319851    2.29880567    2.46833757    2.09025641    2.05161526    2.40380302    3.16788895    2.65729067    2.17937356    2.82586407    3.02137582    3.32166286    2.77198207    2.46290565    1.49440543    1.61058477    1.83172871    1.55510726    2.43223384    1.59558929    1.55234445    1.30199853    1.48910833    1.36328072    1.08395490
D5A689_ARTPN/56-148     0.76589754    0.71069272    0.77584540    0.80788271    0.64742925    0.76015400    0.72563026    0.79123304    0.80141662    0.71049764    0.99022548    0.86386341    0.89534975    0.83495111    0.00000000    0.93484104    0.94250070    1.20961411    1.00506832    1.14502677    1.06955785    0.85730911    1.06333523    1.09901129    1.00787997    1.26774159    1.25741465    1.12349923    1.47511901    1.85983222    1.50792008    1.54874441    2.20134517    2.36796506    2.69682657    2.52748107    2.12866675    2.04039043    1.97796729    2.28797070    2.35765820    2.43971371    2.34905842    2.09606148    2.10254966    2.04496865    1.92330879    1.91312232    2.61551390    2.22900404    2.22563042    2.25780440    2.05950959    2.14702492    2.25152503    2.19367444    1.91173645    2.04629871    1.90173122    2.10882050    1.76448580    1.77654089    2.04728351    1.86159602    2.23264012    1.97802741    2.24080794    2.44310655    2.15555071    2.04246638    1.87055114    2.91897575    2.65997785    1.94842047    2.12105399    2.08689737    2.87530247    2.12315278    2.39228310    1.44253704    1.69512247    1.53656544    1.65300556    2.39137074    1.55732695    1.58133354    1.16083150    1.58520171    1.02537557    1.16030546
B0JR64_MICAN/56-149     0.92174810    0.73257684    0.98732475    0.94302551    0.81977865    0.98009741    0.92510339    0.94723178    0.97843652    0.83608861    1.02037565    1.03852945    1.10477099    1.02483814    0.93484104    0.00000000    0.63904019    0.71666457    0.70157144    0.79894869    0.77974127    0.78113158    0.99733002    0.98247462    0.90684702    1.42229696    1.45933560    1.22346824    1.53483465    1.84736662    1.43925442    1.69257438    2.20342325    2.15369283    1.81950212    2.25557792    2.01653348    1.76976872    1.93771924    2.52273816    2.33805043    1.98146213    1.77500432    1.87832671    1.77658251    2.07810844    2.02925057    2.14295647    2.39334904    2.34140950    2.51880712    2.23596712    1.86390290    2.62928418    2.47890716    2.49594838    2.12492466    2.22464269    2.04202770    1.94542766    2.26101354    1.84045043    2.45303962    2.65959132    2.31843362    2.57370377    2.44574210    2.25989766    2.13776560    1.87018465    2.02928313    2.56185211    2.64740126    2.27101809    2.34696577    2.26368111    2.59586881    2.22599438    2.34530386    1.22640364    1.66111737    1.58432485    1.22279071    2.52456360    1.43574880    1.59441812    1.41957709    1.56464574    0.92887067    1.04481281
K9TB84_9CYAN/56-149     0.83384660    0.85502236    1.05456897    0.95924860    0.99808208    1.03920763    1.00226360    1.12195878    1.08035219    0.88904831    1.01381454    1.10119084    0.98699415    1.21418757    0.94250070    0.63904019    0.00000000    0.69727322    0.65336184    0.90807935    0.68941148    0.81164313    0.93411156    1.11536769    1.05042043    1.13595184    1.23885975    1.10480930    1.26791203    1.84525733    1.10558548    1.42642064    1.98320392    1.85769884    2.23441284    2.28797637    2.12878563    2.06884959    2.03849840    2.03729839    2.38345605    1.63495557    1.56899660    1.73708868    2.04371910    1.93838405    1.81978846    1.75445810    2.35857534    2.16586080    2.31574507    1.88639076    2.23751835    2.40144427    1.92072936    2.17819245    1.72137267    2.14974248    1.83698668    2.08911796    1.81771884    1.57404011    1.92210883    1.94143898    2.36764573    2.15127762    2.71037175    2.02230037    2.12759332    1.94772130    2.24572044    2.64550643    2.39457318    1.95325838    1.96352586    1.87885927    1.95346215    1.83854698    2.21036403    1.00549519    1.43115232    1.80797740    1.29643541    2.73427060    1.62484392    1.59055567    1.43282151    1.62598479    0.80012884    1.06219168
E0U7E7_GLOV7/56-149     1.05324298    1.04801801    0.93156555    1.05936293    1.09262527    1.09590525    1.05382341    1.04153052    1.01982049    0.93747846    0.96257087    1.22503863    1.06727870    1.16865695    1.20961411    0.71666457    0.69727322    0.00000000    0.29706075    0.89584580    0.88928360    0.77445348    1.02455558    1.35482218    1.21077465    1.48428062    1.47908580    1.32299605    1.44976798    2.54515771    1.41295705    1.88917741    2.31745445    2.34511996    2.45905887    2.80501049    2.70203122    2.26100547    2.21553734    2.26131428    2.49249676    1.89531477    1.98536503    2.26454527    2.03704968    2.15060683    2.00600113    2.22557880    2.36365543    2.37170304    2.47771540    2.22069921    2.54938102    2.47777390    2.12267196    2.30993377    2.14645868    2.66909840    2.26461676    2.57273427    1.82918209    2.15522202    2.12128446    2.59476960    2.89048520    2.35814283    2.88459502    2.24037369    2.34993506    2.17717316    2.43231068    3.01562948    2.76676931    2.06536796    2.21558802    2.45768769    2.71850261    2.35545594    2.67483390    1.36984810    1.67641838    1.75171742    1.53831807    2.78576783    1.88416857    1.66395414    1.48534433    1.84834000    1.23930954    1.32357053
B7K9E9_GLOC7/56-149     1.02604317    0.89339097    0.88824936    0.89508833    0.89635467    0.93935094    0.94652113    0.86599579    0.85781053    0.85174130    0.94578082    1.22050756    1.02927386    1.09818312    1.00506832    0.70157144    0.65336184    0.29706075    0.00000000    0.79742733    0.71211423    0.68551259    0.69415855    1.21362452    1.11702203    1.31910609    1.34818786    1.26340438    1.17125493    2.11798903    1.65555804    1.80464020    2.46154715    2.39825630    2.61383475    2.60697609    2.59617334    1.98482198    2.02198348    2.19207417    2.48558474    2.36768111    2.10771439    2.44756276    2.43822915    2.24725758    1.73914948    1.91396233    2.32789236    2.52855566    2.31049713    2.22475535    2.48505269    2.24977220    2.00198150    2.15538201    1.81932777    2.30001960    2.07223493    2.31294864    1.66975589    1.91746527    2.23489416    2.42259176    3.08593456    2.04220018    2.67361850    2.50964658    2.37332136    2.05541335    1.94099970    2.69659394    2.72541248    2.17960953    2.27812167    2.28280481    2.36056247    2.18771246    2.69964317    1.38283888    1.51041467    1.69416023    1.45102403    2.69715032    1.87206849    1.72566203    1.45703070    1.64295426    1.17179335    1.16811803
P73461_SYNY3/56-149     1.14149395    1.00270149    0.88077981    0.92917836    0.98230766    1.01368382    0.84896861    0.80046536    1.07478726    0.78099371    1.15056730    1.08313475    0.92829465    1.33499779    1.14502677    0.79894869    0.90807935    0.89584580    0.79742733    0.00000000    0.81243876    0.74039473    0.95675311    1.17397172    1.16973894    1.49923502    1.47768306    1.20777275    1.81665807    2.49795867    1.96621027    2.15910187    2.52218252    2.43138676    2.81139366    2.88773590    2.03629389    2.05822585    2.58821812    2.37515252    2.54500177    2.24424111    2.11023722    2.68962763    2.87970980    2.13941523    2.25591875    2.29055650    2.69953617    2.83660373    2.75683312    2.33209358    2.40008992    2.81203381    2.17169492    2.53472952    1.92081472    2.09700996    2.03416524    2.17803636    1.95741984    2.21623074    2.67818085    3.00936134    2.47197160    2.58219213    3.39360607    2.17744462    2.69869746    2.66058172    2.11721204    3.24846877    2.92390705    2.57124593    2.74740175    2.71776668    2.88090294    2.59320855    2.58461468    1.48471776    1.78646345    1.75375004    1.36909334    2.45494231    1.83074848    1.51604873    1.71918146    1.49547858    0.99114180    1.01022197
B7K640_RIPO1/51-144     0.87943699    0.94607127    0.98113912    1.05529708    0.97529917    0.93148620    0.90675885    0.95913013    1.07855033    0.93670414    1.14779717    1.20070261    1.09429664    1.27185529    1.06955785    0.77974127    0.68941148    0.88928360    0.71211423    0.81243876    0.00000000    0.44138104    0.52226010    1.06952662    1.11419754    1.31311839    1.39014967    1.23663056    1.41819001    2.09555019    1.65818315    1.86228715    2.20105935    2.12876544    2.54394503    2.49170478    2.70768682    2.16414388    2.47478184    2.15135487    1.98918902    2.24340882    2.13156300    2.60003590    2.25848303    1.92652139    1.74168687    2.22767281    2.80249374    2.78757130    2.92483126    2.22304410    2.74450452    2.75075167    2.40286721    2.53892895    1.95807032    2.34230614    2.33132631    2.12402556    2.11837517    1.88238313    2.29322162    2.72586296    2.73937654    2.01219981    2.72625056    2.27556868    2.09615984    2.05925201    2.15003723    3.08619482    2.70090845    1.92869638    2.73996079    2.67432320    2.39399228    2.54142499    2.66639540    1.47306730    1.69990099    1.87697440    1.30865284    2.64742544    1.77155547    1.73211499    1.48309430    1.75002876    0.89292507    1.16021402
B1WZ71_CROS5/139-232     0.70970723    0.89717086    1.04399411    1.06855845    0.95528309    0.82894428    0.91770893    0.96730266    0.97052739    0.96675282    1.01064702    1.23755089    0.95640454    1.12637500    0.85730911    0.78113158    0.81164313    0.77445348    0.68551259    0.74039473    0.44138104    0.00000000    0.31635755    1.01326878    0.89304193    1.23870747    1.30433295    1.04883170    1.47452135    1.88956215    1.46849755    1.64665336    2.05991227    2.38539428    2.45917909    2.27270564    2.36733468    2.01726068    2.18614739    2.08019674    2.16800378    1.97458204    2.11399039    2.16927386    1.78125856    1.90862584    1.54517516    1.85925281    2.08315789    2.49080387    2.43166847    1.99088721    2.13543922    2.50956458    2.39347596    2.40963227    1.99044048    2.28264404    2.08271959    2.17532172    2.12090202    1.82970075    1.93379060    2.17216819    2.37652492    2.23114436    2.82429831    2.10534852    2.20823120    2.33376896    2.16455563    2.89572587    2.74334209    1.89168796    2.39561076    2.47298672    2.38748281    2.34929445    2.30906749    1.48229405    1.41628437    1.74897863    1.35007936    2.66368362    1.70304925    1.63702224    1.10539292    1.42887121    1.01436173    1.14039595
D3EPJ2_ATETH/32-125     1.03428925    1.03366955    1.23242467    1.06056263    1.07550984    0.98910556    1.13597079    1.01663091    1.11751023    1.06366649    1.07601997    1.34469437    1.12867882    1.23179010    1.06333523    0.99733002    0.93411156    1.02455558    0.69415855    0.95675311    0.52226010    0.31635755    0.00000000    1.13180838    0.99018744    1.34105543    1.29595162    1.38226379    1.40950827    1.84382842    1.59414271    1.77480315    2.17011173    2.25921277    2.89309245    2.26160017    2.34093447    1.98264608    2.30670278    1.99344417    2.43487963    1.88126130    2.13183584    2.32664913    2.03103177    1.93805405    1.48065091    1.96662042    2.12535059    2.60101419    2.55657734    2.17821977    2.29377619    2.21128949    2.31986482    2.34144576    2.02587639    2.55648020    2.23067819    1.90612334    2.08803362    1.94014348    2.07467349    2.29804850    2.56692820    2.05353325    2.81225070    2.44490566    2.41636337    2.41995103    2.11998728    2.54573835    2.51438238    2.13727503    2.78538839    2.74945673    2.77613207    2.48629628    2.81182003    1.47556341    1.53337505    1.79670011    1.36794376    3.21700911    1.70864359    1.89436922    1.31671570    1.86065182    1.23961693    1.33594686
K9YN59_CYASC/56-149     1.12701991    1.10940243    1.29654422    1.27640902    1.06935320    1.26161087    1.20889901    1.22399077    1.24166178    1.16227542    1.25839574    1.58520645    1.41412621    1.44260699    1.09901129    0.98247462    1.11536769    1.35482218    1.21362452    1.17397172    1.06952662    1.01326878    1.13180838    0.00000000    0.57171336    1.28148707    1.08872988    1.11917639    1.34686805    1.65448306    1.64808729    1.57241000    2.27932023    2.23992120    2.60442478    2.31101488    2.07434821    1.57168488    2.03426474    2.34693974    2.55803555    2.00497313    2.03591013    1.92882401    1.70624600    1.93450766    1.60180194    1.92303977    2.59481933    2.20043327    2.16588218    1.91392285    2.23539323    2.34558395    2.18257350    2.23275378    1.98996972    2.05200975    1.98022261    2.19234115    2.27086910    1.62006821    2.09964844    2.95107319    1.91506224    1.94544678    2.49472623    2.31538702    2.22564326    2.20587807    2.63315760    2.94265113    2.67090674    2.18397297    2.29291328    2.29292754    2.90467632    2.44848041    2.63499768    1.54921577    1.74966552    1.66266453    1.41259609    2.23907183    1.31969728    1.28706262    1.31557221    1.36555634    1.03592164    1.38637579
K9Z8T0_CYAAP/43-136     0.98935956    0.98450878    1.19969436    1.14704244    1.06748087    0.99225503    1.16973551    1.12794687    1.21218205    1.13461906    1.11889715    1.20551711    1.18782852    1.23437092    1.00787997    0.90684702    1.05042043    1.21077465    1.11702203    1.16973894    1.11419754    0.89304193    0.99018744    0.57171336    0.00000000    1.14082656    0.95400410    0.99654253    1.60098111    1.71689713    1.74002597    1.68003398    1.64350394    1.80626741    1.95086425    1.69845528    1.79234830    1.44266777    1.64146033    2.03530356    2.14988906    1.80505534    1.90324756    1.79323999    1.88249526    2.00727743    1.68430652    1.71837472    1.85632896    2.09826839    2.08170973    2.09196172    1.87335524    1.84896114    2.19891506    2.34733768    2.02579142    1.96927638    1.81029564    1.59288084    1.98456658    1.67286434    1.95148792    2.30390650    1.92084289    1.98374617    2.50239547    2.15384300    2.04431002    2.28072271    2.20086102    2.69093936    2.42080856    2.05877229    2.45966841    2.39701769    2.99032433    2.55315281    2.59156467    1.61349068    1.84988795    1.45920136    1.36257168    2.25652199    1.37480352    1.37121688    1.29922527    1.22642371    0.96656028    1.23693629
K9UCN3_CHAP6/55-149     1.10824831    1.17840772    1.27725778    1.32092782    1.11480426    1.04311533    1.18878732    1.13763621    1.22506077    1.23783271    1.39430818    1.28967060    1.20284814    1.69153463    1.26774159    1.42229696    1.13595184    1.48428062    1.31910609    1.49923502    1.31311839    1.23870747    1.34105543    1.28148707    1.14082656    0.00000000    0.31816318    1.26336131    2.11810582    2.40516051    1.76105652    1.65187047    2.12627618    2.28827620    2.56239311    2.44435453    2.43498098    1.88773994    2.04374971    2.39138319    2.76981859    2.10331326    2.07662717    2.10227466    2.02104170    2.28168868    2.40501284    2.10418199    2.39320332    2.17368124    2.10934210    2.49361601    2.22736451    2.25111777    2.28786507    2.36501564    2.23852084    2.28561212    2.05633978    2.31639627    2.41772453    1.83626302    2.16120399    2.39268438    2.72060399    2.30167546    2.88085418    2.53343603    2.30094871    1.79994526    2.08641777    2.65414630    2.32425053    1.99461843    2.90411339    3.00695544    3.26724577    3.16963679    3.42295128    1.70224704    1.90114710    1.67068224    1.35135972    2.15546091    1.42497133    1.60629463    1.24233530    1.49612397    1.09446703    1.42880946
K9U937_CHAP6/55-148     1.05344316    1.10053459    1.26913453    1.23827190    1.01233634    0.98321850    1.19926791    1.05279944    0.95854579    1.15419385    1.26604832    1.22214561    1.13309485    1.55574877    1.25741465    1.45933560    1.23885975    1.47908580    1.34818786    1.47768306    1.39014967    1.30433295    1.29595162    1.08872988    0.95400410    0.31816318    0.00000000    1.08313836    1.93218247    1.84154383    1.64381054    1.51037593    1.68706211    2.06672738    2.55517482    2.09656490    1.74886130    1.61651618    1.69775376    2.10062566    2.23585291    1.71506600    1.72544397    1.83996710    1.84270326    1.97121400    1.90032642    1.88535397    1.93542920    1.85051060    1.88654504    2.16408647    1.93227728    1.90304920    2.02278563    2.04959266    1.90887184    1.99388843    1.71604272    1.78877867    2.07085209    1.67286178    1.72322568    1.99132430    1.96483434    2.04754772    2.46159909    1.91122142    2.04238718    1.64598563    1.92531775    2.43516138    2.12158298    1.80032872    2.56982405    2.29535964    2.90504322    2.55728982    2.67780148    1.48523103    1.78958970    1.54610574    1.16913056    2.03300260    1.35384003    1.62539726    1.05502496    1.38400541    0.85960399    1.33651627
K9U6Z9_CHRTP/56-150     0.99537927    1.09708029    1.05601357    1.22471891    1.03373078    0.97728206    0.99074839    0.93639781    0.98111559    1.02461026    1.22647231    1.40775084    1.15038297    1.57155325    1.12349923    1.22346824    1.10480930    1.32299605    1.26340438    1.20777275    1.23663056    1.04883170    1.38226379    1.11917639    0.99654253    1.26336131    1.08313836    0.00000000    1.52773216    2.10982912    1.52578112    1.57011600    2.02202433    2.23167488    2.84478085    2.28218030    2.11188135    1.93623328    1.74175540    2.23940319    2.82931811    1.93834475    1.94812016    2.09221070    2.01511310    1.93544089    1.83401566    2.16252643    2.38201238    2.33573360    2.16419820    1.94610270    2.14869699    2.35404553    1.98732065    2.19625585    1.67063964    1.91844839    1.87748485    1.94811726    2.05894070    1.63649671    1.85360637    2.11404866    2.82562592    1.87217504    2.78590743    1.85072118    2.33468437    1.62968310    2.26487828    2.68723135    2.11939013    1.95005202    2.14593579    2.29696947    2.74897481    2.33259367    2.11851136    1.35515267    1.45170029    1.48928635    1.47167856    1.94423695    1.87377603    1.60673814    1.39014243    1.54100985    0.95223406    1.55167847
K9S6W8_9CYAN/61-147     1.74605722    1.68034288    1.68332259    1.73455005    1.59291321    1.70847507    1.71382748    1.82546384    1.85811905    1.82827856    1.53045821    1.49104710    1.64452294    1.67788156    1.47511901    1.53483465    1.26791203    1.44976798    1.17125493    1.81665807    1.41819001    1.47452135    1.40950827    1.34686805    1.60098111    2.11810582    1.93218247    1.52773216    0.00000000    2.13176632    1.83850770    1.90763134    2.51736620    3.12093981    3.70196010    3.20347147    2.23568699    2.61157471    2.60843906    2.64851688    2.53881386    2.27900787    1.78535464    2.09749715    2.12651035    2.73176840    2.06145150    2.20846146    2.71028493    2.06220266    2.42885978    2.28819152    2.34844471    2.05848089    1.83943277    2.10588195    2.15527271    2.02161040    2.00565656    2.43165781    2.07626821    1.87131507    1.85031213    2.88491957    2.20438236    2.17886167    2.03115433    2.21978122    2.02942892    2.12859523    2.64619742    2.67405529    2.59200577    2.22844280    2.27707324    2.60288076    2.48507504    2.38471287    2.61277037    1.00665056    1.30051503    1.41133317    1.54019305    1.72395684    1.61604661    1.55947113    1.55954475    1.81040126    1.90272100    1.67404508
B8CDN8_THAPS/178-276     2.04113071    1.89786013    2.20118811    2.17935972    1.93513431    1.96428877    2.17046812    1.99118813    2.21655331    2.00931728    2.07791093    2.40882596    1.82029762    2.13875064    1.85983222    1.84736662    1.84525733    2.54515771    2.11798903    2.49795867    2.09555019    1.88956215    1.84382842    1.65448306    1.71689713    2.40516051    1.84154383    2.10982912    2.13176632    0.00000000    2.00205097    1.94632259    2.22853641    2.33572679    2.33915589    2.55733165    2.35624062    1.96886414    2.30207180    2.34735594    2.79597193    2.06735675    1.73983376    1.71073661    1.86788562    1.90984581    1.55667664    2.38786409    2.35182052    2.86391818    2.73944124    2.23095695    2.14885073    2.46764934    1.95569907    2.41121368    1.83445019    1.89749506    1.88491141    1.97820076    2.12535878    1.56750658    1.72078885    2.20374844    2.02538409    2.31314120    2.70009163    2.31122195    2.62267344    3.06379401    3.06517792    3.58920028    3.46690927    1.93820620    2.56117348    2.09733003    2.49575667    2.53663761    2.49123188    1.68359349    2.61055449    1.93383420    1.87334962    2.81791748    2.21839657    2.01725273    2.26439483    2.48051515    1.65053152    2.24282322
Q2JHR1_SYNJB/53-131     1.33858995    1.62947169    1.68018040    1.86500345    1.49074909    1.46928454    1.56941999    1.66128190    1.67803548    1.67810363    1.82082160    1.69002165    1.48718281    1.85459247    1.50792008    1.43925442    1.10558548    1.41295705    1.65555804    1.96621027    1.65818315    1.46849755    1.59414271    1.64808729    1.74002597    1.76105652    1.64381054    1.52578112    1.83850770    2.00205097    0.00000000    1.27310517    1.90518177    2.22594501    2.47096291    2.44423462    2.31051233    2.38822618    1.87712615    2.69596065    2.74689978    1.85936055    1.52767778    1.62380649    1.86558249    1.86047700    1.64342306    1.81706884    2.36552522    1.79773427    2.46788017    2.52644121    2.39721054    2.13633131    2.01072838    1.92840466    1.86762294    2.04439288    1.94130185    1.99447266    2.34251706    1.61583062    1.55148117    2.33292262    2.08138215    2.02307837    2.24590244    1.41068994    1.92777026    2.07960308    2.66962108    2.97222982    2.43967734    1.52260266    2.09330225    2.19481596    2.45243407    1.98097825    2.66510606    1.33742536    1.38880228    1.43607913    1.49113176    2.33139498    1.57793944    1.69163883    1.62719231    1.93287100    1.46158101    1.72358827
