85
Q0REF8_FRAAA/32-217     0.00000000    1.29965049    1.40525784    1.34808505    1.95440942    1.84016526    1.45982423    1.55953491    1.60006791    1.59258933    1.67293446    1.53612019    1.52055959    1.81858163    1.78210793    1.71628097    1.63654458    1.97146557    1.84132355    2.02067102    2.25118881    1.66328235    1.97346959    2.26350700    3.11608708    2.09028945    1.90340283    2.13173702    2.49314540    2.28045867    2.44385066    2.72572606    2.54884255    2.05856963    2.65033669    2.54149415    2.65819258    2.10696705    2.39410972    2.71445048    2.42226412    2.52132438    2.29084331    2.23452827    2.26516613    2.21734150    1.95852884    1.97404330    2.06238337    2.47489536    2.56168038    2.79840910    2.39073111    2.03871158    2.65966453    2.96443171    2.91580764    2.59789136    2.81911695    3.19634440    2.81137137    3.02565116    3.93545442    3.30290134    3.39040973    2.79118692    3.21646307    3.25308070    3.17739482    3.06555986    3.01510305    2.56553079    2.43269691    2.51039859    2.28027953    2.64626413    2.25869926    2.42344119    2.36131952    2.34793468    2.50685441    2.27346654    2.87834975    2.58778249    2.54659998
D1BC92_SANKS/76-265     1.29965049    0.00000000    1.23963947    1.27418625    2.08295324    1.85609688    1.62132022    1.69707582    1.52727248    1.75260676    1.69633342    1.79238919    1.72445073    1.66854517    1.95207092    1.51597862    1.69029710    1.81943738    2.01995170    1.94722460    2.11588446    1.84147395    2.51044255    3.13806284    3.18518101    2.08194258    2.20231598    2.01961070    2.06390022    2.49849763    2.80322667    2.67860752    2.45517933    2.44175406    2.34200003    2.21560982    2.69805107    2.41301559    2.25341093    2.54696621    2.12140151    2.59284858    2.28723849    2.44759714    2.34551088    2.41974262    2.15249480    2.15658841    2.02729483    2.51983222    2.49821799    2.70346256    2.42428775    1.93843437    2.79668583    3.59806890    3.12759041    3.02240247    3.08118932    3.24334461    3.11050948    3.31626224    3.17993609    3.21700640    3.81410666    3.30391826    3.11312578    2.89702906    3.43732969    3.05803812    2.91736827    2.62326283    2.96763574    2.99137036    2.64393988    2.51667626    2.76303651    2.74144462    3.08581930    2.93341439    3.14110979    2.86586302    3.80497154    3.87406617    3.09613690
C5C2D3_BEUC1/63-251     1.40525784    1.23963947    0.00000000    0.80373551    2.00313545    1.93000493    1.75342583    1.83404005    1.88059279    1.67794722    1.81554191    1.88273376    1.76323511    1.92601575    1.83918607    2.23696796    2.00345331    2.14042076    1.89467581    2.00065065    2.32374822    1.95991536    2.63846279    2.93689711    3.65651257    2.59825290    2.39583605    2.23107519    2.75220513    2.35198986    2.78738391    2.26819550    2.24037886    2.40622977    3.15871551    2.59184465    3.12227943    2.60231723    3.11634407    3.30173205    2.94681413    2.60787352    2.63292184    2.77691845    2.56835213    2.85134959    2.49532899    2.56284595    2.28885951    2.59729937    2.28506690    2.59143678    2.61772206    2.80291113    3.10938050    3.58911071    2.71844309    3.10944629    3.36129419    3.61033164    3.50220013    3.36704570    3.17153321    3.82600118    4.84067853    4.29673957    3.67461092    3.92313212    4.31618248    4.74167570    4.28092983    3.68888255    3.65406847    4.07327617    3.54826704    3.94799120    3.67619480    3.56102632    4.07180649    3.69926959    3.94127334    3.44425606    3.95123044    3.68616043    4.45676680
D1BWJ5_XYLCX/18-208     1.34808505    1.27418625    0.80373551    0.00000000    1.85577593    2.01656181    1.61710675    1.86403426    1.72408998    1.51698608    1.57397630    1.48024033    1.44388553    1.60778725    1.60680844    1.71317775    1.60035519    2.13586284    2.02211887    2.23754649    2.30808591    2.05484226    2.32885196    3.22319182    3.39571649    2.52546074    2.27903227    2.56845638    2.88124649    2.72146443    2.88710957    2.59497757    2.43632056    2.56873451    3.07526236    2.64868856    2.56899698    2.46043219    2.89684115    3.21507684    2.65949572    2.44336381    2.34463347    2.42152620    2.33611511    2.27960066    2.46982938    2.15256177    2.06334451    2.44524076    2.59371861    2.34242911    2.58335142    2.65971348    2.93962562    3.44060558    2.89531836    3.05787434    3.33787060    3.50313724    3.18645538    3.39710956    3.34701181    3.53575399    4.37886177    3.66918699    3.81829308    3.88677116    4.09328169    3.69263749    3.56781643    3.26807318    3.06520384    3.52758713    3.08200608    3.44081826    2.99480081    3.25573897    3.25095332    3.04603212    3.37004012    2.96261496    3.22758231    3.24200404    3.56722799
E4NEZ6_KITSK/35-228     1.95440942    2.08295324    2.00313545    1.85577593    0.00000000    0.83197869    1.34650372    1.63699830    1.45237048    1.39659190    1.56117194    1.43590100    1.46656335    1.54996558    1.41544422    1.63520103    1.54902031    2.50219658    2.24032103    2.14814564    2.46206618    2.25264156    2.20159481    2.28463890    2.61339817    2.15758892    2.10254245    2.31605709    2.83320218    2.87006920    3.19275699    2.62707806    2.75593520    2.51946337    2.68868179    2.61016154    2.11092365    2.23469714    2.43635093    3.04407625    2.03477952    2.12958250    2.32332428    2.33343581    2.39235300    2.09395614    2.07007160    2.04103734    2.02191013    2.19478632    2.31862370    2.29535952    2.41666549    2.26162865    2.57486379    2.83023908    2.95519551    2.46428986    2.93271088    2.71774658    3.28106938    2.98617197    3.48552951    3.40106395    3.01803900    2.76946685    2.65586792    3.00118436    3.30915354    2.98333816    2.70981949    2.41009332    2.53205828    2.64563871    2.43873931    2.63318419    2.41940029    2.51605690    2.57367964    2.60215885    2.41958110    2.32488996    2.86524639    2.74621398    2.65831001
V4IKV3_9ACTN/43-230     1.84016526    1.85609688    1.93000493    2.01656181    0.83197869    0.00000000    1.26289338    1.36153397    1.25421288    1.13358593    1.20201453    1.17813473    1.27807868    1.32908113    1.35297173    1.43694670    1.42177086    2.50347799    2.35720516    2.32022757    2.62187215    2.05930703    2.36864855    2.57190591    2.86402901    2.33062556    2.05186080    2.55014287    2.70942957    2.54282169    2.89679732    2.76105413    2.40342593    2.35850509    2.95414062    2.34342642    2.45265819    2.23722430    2.13765592    3.28626556    2.21160719    2.20041028    2.37743245    2.21527463    2.36298968    2.38125255    2.10741397    2.08969517    1.98950458    2.25468805    2.14405944    2.59209378    2.37085161    2.57466297    2.47285900    2.81349317    3.15722596    3.20010716    2.95718059    2.82110239    2.96886644    3.05564623    3.51866838    3.09478763    3.66877430    3.13975273    3.16209888    2.98967482    3.12258389    3.17708071    3.02799126    2.96748607    3.01175859    3.18304325    2.56681296    2.87074947    2.63384504    2.66722068    2.85776040    3.04754966    3.02329948    2.52704632    3.14034954    3.37793215    3.23837512
V6K735_STRNV/34-222     1.45982423    1.62132022    1.75342583    1.61710675    1.34650372    1.26289338    0.00000000    0.65888070    0.60552627    0.53080144    0.68105667    0.71471304    0.67737992    0.60076072    0.65579335    0.73033464    0.72107572    2.12123331    1.97837874    2.20935185    2.24013129    1.71510622    2.11724793    2.12004668    2.58394070    1.90265687    1.81218933    2.12978973    2.71221533    2.31690726    2.71640325    2.41966859    2.18543532    2.20795178    2.35725094    1.83049137    2.49854847    2.18095945    2.04607956    2.36426915    2.11405995    2.00380798    2.05118504    2.21344397    2.01589171    2.23416885    1.98388482    1.93323902    1.85048079    2.24613775    2.07900083    2.24686335    2.15805087    2.38303012    2.52019741    2.86757900    2.62904008    2.68448678    2.92882761    2.75377895    3.21034454    3.47645724    3.41495169    3.01571595    3.58472671    3.12305137    2.81175129    3.11233986    2.95407321    2.94332144    2.89309683    2.44990759    2.75238399    2.84838167    2.23111672    2.75170065    2.44433671    2.47109965    2.53903635    2.49446226    2.53296014    2.53632743    2.68092732    2.85080195    2.67785848
B5GWI1_STRCL/51-240     1.55953491    1.69707582    1.83404005    1.86403426    1.63699830    1.36153397    0.65888070    0.00000000    0.73577067    0.63142961    0.76925582    0.78412664    0.77294790    0.69307632    0.79642318    0.84959988    0.84448597    2.26727896    2.30331919    2.36707176    2.45861401    1.78645345    2.28772892    2.32729157    2.47225376    2.32009263    2.15081310    2.06751636    2.65443884    2.35590433    2.78571915    2.41460910    2.49378322    2.61083680    2.71605875    2.35616631    2.64632095    2.45110081    2.28306422    2.65021861    2.16753559    2.15027271    2.03843381    2.25466891    2.03403534    1.91985237    2.09782261    2.18432017    1.84536273    2.22289551    2.04492165    2.13074008    2.07110261    2.47479688    3.20553880    3.01740615    2.43977410    2.78748786    3.16557563    2.77366219    2.99661333    3.07639178    3.28695968    3.22264278    4.17840400    3.32345193    3.07118418    3.23759363    3.12408903    3.06332981    3.03332720    2.68389350    3.14543806    2.80974312    2.49425887    3.06097215    2.74734544    2.54747497    2.69910829    2.84527064    2.91308703    2.57738111    3.09927366    3.26009686    3.00758717
D7BQN2_STRBB/37-230     1.60006791    1.52727248    1.88059279    1.72408998    1.45237048    1.25421288    0.60552627    0.73577067    0.00000000    0.64000165    0.62062558    0.73565633    0.81494172    0.73001617    0.76497629    0.77621028    0.78040649    2.25866494    2.27639782    2.36313007    2.46307954    1.78352468    2.25001122    2.52779336    2.72968357    2.20052995    1.99611750    2.19055002    2.63805878    2.43820557    2.76531684    2.46071453    2.39568794    2.18487655    2.78911128    2.16596072    2.75941840    2.47885432    2.26650030    3.11187800    2.35598305    2.11663638    2.15033692    2.12068588    2.09073719    2.14560064    2.14589080    1.77038655    1.95877908    2.11128192    1.98724515    2.13931470    2.06461229    2.73355648    2.69145980    3.13879726    2.86976267    2.84542567    3.00969930    2.84063649    3.03259385    3.30901461    3.21322249    2.50820331    3.11067562    2.78415836    2.83242487    3.01789053    3.17525587    3.18116491    2.96039575    2.62939806    3.10120601    2.73930593    2.29403186    2.78012596    2.70196178    2.53028963    2.62870081    2.55511410    2.61197891    2.55378650    3.06842604    2.66931363    2.65763965
B5HDQ5_STRE2/109-301     1.59258933    1.75260676    1.67794722    1.51698608    1.39659190    1.13358593    0.53080144    0.63142961    0.64000165    0.00000000    0.50261880    0.51358292    0.54341097    0.49630032    0.53847240    0.68943888    0.59936077    2.22639723    2.24983753    2.38943282    2.41527187    1.77165583    2.24165931    2.22115679    2.56926190    2.08635238    2.01815806    1.94745909    2.71848501    2.30384838    2.74096387    2.43010631    2.20332886    2.03554497    2.62469662    2.06894793    2.39850555    2.05223187    1.95456445    2.40298017    2.22813349    2.09788832    2.18410312    2.12752464    2.07267487    2.03975298    2.08130606    2.06139723    1.91320519    2.12643762    2.00447626    1.99121786    2.12564050    2.20126695    2.61030532    2.79005798    2.82587530    3.01946293    2.89148067    2.82620827    2.97925868    3.36012056    3.00607189    2.73096388    3.72460526    2.89170022    3.06140404    3.13250051    3.21665010    2.84613452    2.95576413    2.62582909    3.11585409    2.73966036    2.42466651    2.91060131    2.50559776    2.67808871    2.66550639    2.46149843    2.58067110    2.41150380    3.05900339    2.89834851    2.80058174
Q82DT9_STRAW/48-236     1.67293446    1.69633342    1.81554191    1.57397630    1.56117194    1.20201453    0.68105667    0.76925582    0.62062558    0.50261880    0.00000000    0.31555177    0.30468653    0.52454121    0.57050125    0.64942389    0.63378465    2.18047377    2.23866584    2.21131616    2.44377806    1.66425589    2.08203046    2.09330861    2.62295463    2.24838458    2.01302047    2.12922321    2.68336002    2.26844663    2.47620439    2.36033883    2.10670567    2.11183109    2.35419555    2.02864802    2.40892351    2.19720116    2.12201380    2.49594070    2.05558177    1.87657198    1.97653414    1.95438905    1.75607971    1.87899089    2.01308905    2.04554551    2.07740750    2.13496221    1.92742090    1.90911598    2.01567263    2.13500680    2.62818390    2.79181330    2.57001122    2.68058217    2.74075763    2.70382298    2.80654961    3.22604982    3.01626190    2.94202892    3.40918946    2.92068400    2.89092883    2.96168065    3.00604937    2.73842208    2.82834903    2.46640445    2.99175884    2.69679811    2.19294784    2.66682057    2.53141647    2.50900360    2.52270257    2.35036286    2.41536524    2.26111962    2.79312451    2.82538815    2.61967411
S5V7H4_STRC3/50-238     1.53612019    1.79238919    1.88273376    1.48024033    1.43590100    1.17813473    0.71471304    0.78412664    0.73565633    0.51358292    0.31555177    0.00000000    0.29008734    0.60324413    0.55196371    0.66007552    0.60778813    2.23749732    2.18453534    2.28826286    2.41495756    1.61146955    2.02130490    2.02407603    2.27781020    1.97992861    1.81645074    2.24111887    2.78390388    2.11939000    2.34745802    2.21241848    1.89261864    1.92273937    2.39976913    2.10480375    2.32442883    2.16019922    1.98634107    2.58839752    1.98966744    1.77479079    1.95437230    2.03547005    1.88706916    1.89496813    1.82166683    1.77245183    1.89922491    1.96176789    1.96087402    1.91582729    1.95168410    2.07050278    2.71500751    2.57593813    2.70600325    2.62680910    2.77314502    2.78543533    2.80899875    3.23110559    3.03052780    2.90719525    3.49923462    2.81991477    2.71229535    3.04862377    2.97247478    2.76589187    2.75418985    2.47497571    2.90986693    2.81848948    2.17735487    2.54715428    2.34374873    2.44660819    2.37849131    2.36726833    2.43612215    2.12528703    2.71865762    2.90478510    2.48713904
C9YXR1_STRSW/64-252     1.52055959    1.72445073    1.76323511    1.44388553    1.46656335    1.27807868    0.67737992    0.77294790    0.81494172    0.54341097    0.30468653    0.29008734    0.00000000    0.57898937    0.55933430    0.66163081    0.67879810    2.00628676    2.20391254    2.17718232    2.39947193    1.61139850    2.08333189    2.12497755    2.66948405    2.05373355    1.96024141    2.10642782    2.58623857    2.27355404    2.30262967    2.16872074    1.89068195    2.05673664    2.49193335    2.11533161    2.42725788    2.17748835    2.17972009    2.43048020    2.04883026    1.89303351    1.95604236    1.92653050    1.78426029    1.89097534    1.92706996    1.85779045    1.95191039    2.14708725    1.98848374    2.10586245    2.06953385    2.14238410    2.68889897    2.57750273    2.68261419    2.59251567    2.65872244    2.76220376    3.03074951    3.49052061    2.87122739    3.22939397    3.46156592    2.97814989    2.86523549    3.15710759    2.97369115    2.67406479    2.82546726    2.41595563    3.01856799    2.86696910    2.18316360    2.56940306    2.48067834    2.37964670    2.57107302    2.42610487    2.56888856    2.28224846    2.51525114    2.72413252    2.67830051
G2NP56_STREK/50-237     1.81858163    1.66854517    1.92601575    1.60778725    1.54996558    1.32908113    0.60076072    0.69307632    0.73001617    0.49630032    0.52454121    0.60324413    0.57898937    0.00000000    0.52752765    0.71972271    0.63527568    2.25400813    2.30336449    2.37408115    2.58437649    1.84632616    2.15270834    2.30176707    2.77927582    2.18818485    1.98149717    2.06777296    2.75636292    2.19488872    2.59111915    2.22061511    2.08296983    2.13853186    2.62091846    2.16690863    2.58511488    2.19639279    2.26967319    2.80348219    1.99295659    2.11390995    2.06730122    2.02742890    1.99980417    2.05451901    1.99083972    1.87778220    2.11427703    2.23263373    2.25293923    2.04691700    2.01106767    2.52365616    2.74939520    3.19725233    3.17034800    3.04401069    3.02872612    3.19738308    3.14963071    3.40027588    3.58312384    3.28971751    3.69915026    2.83767962    3.00182254    2.95660498    2.91280946    3.01418125    2.86662820    2.55197535    2.79046720    3.05302180    2.61377275    2.88422382    2.85134261    2.81872979    2.51890870    2.57454113    2.86429926    2.59666124    2.86740038    2.68893243    2.67121356
F2RIN6_STRVP/24-212     1.78210793    1.95207092    1.83918607    1.60680844    1.41544422    1.35297173    0.65579335    0.79642318    0.76497629    0.53847240    0.57050125    0.55196371    0.55933430    0.52752765    0.00000000    0.80852345    0.79753787    2.28308221    2.35559019    2.37595206    2.62569014    1.77957443    2.02147843    2.53125123    2.96120371    2.25780896    2.10456480    2.00993610    2.79260687    2.17066834    2.51549178    2.23504044    2.30934066    2.17340882    2.72679901    2.13092868    2.81298169    2.51058959    2.47455346    2.81084546    1.97117379    1.95292246    1.89096391    1.99452726    1.91470492    1.96779546    2.01249213    1.74040584    1.75946933    2.14694609    2.11939386    2.06889266    2.07702255    2.39026352    3.10584686    3.04370299    2.92775423    3.03104917    3.08146396    3.23225468    3.50073749    4.06660771    3.22881821    3.52393677    3.48761586    3.07495223    2.99028217    3.31790087    3.25477711    3.09216325    3.10062173    2.77080401    2.87245775    2.85989131    2.26361798    2.75047113    2.70679380    2.52357783    2.67333789    2.44542467    2.63141657    2.28395820    2.81460306    2.95050285    2.61348758
F8JXI2_STREN/33-222     1.71628097    1.51597862    2.23696796    1.71317775    1.63520103    1.43694670    0.73033464    0.84959988    0.77621028    0.68943888    0.64942389    0.66007552    0.66163081    0.71972271    0.80852345    0.00000000    0.72445137    2.12701069    2.15120837    2.24255483    2.52684824    1.72791416    2.24374928    2.34188435    2.42948540    2.01769868    1.66906013    2.15548468    2.70633182    2.53513111    2.73229530    2.62462873    2.18173743    1.88968861    2.26578990    2.03861936    2.37999769    2.17936655    1.97809633    2.43601507    2.04776228    2.07971496    2.05382144    2.13029643    2.05127400    2.04115029    1.87897980    1.86252058    1.78799793    1.98333397    1.98401291    2.05005000    1.87383922    2.29924333    2.81735408    2.68474059    2.71155078    2.63420058    2.55991716    2.92267774    2.85067454    2.95658475    3.33541170    3.18136808    3.61108430    3.04657366    2.98420419    2.90828491    2.77598361    2.65306286    2.60489669    2.26485272    2.64142524    2.42792847    2.06787862    2.42729923    2.19572711    2.29562082    2.33508923    2.10817466    2.15308157    2.22901249    2.66647336    2.59198569    2.57396835
V4IQC7_9ACTN/44-232     1.63654458    1.69029710    2.00345331    1.60035519    1.54902031    1.42177086    0.72107572    0.84448597    0.78040649    0.59936077    0.63378465    0.60778813    0.67879810    0.63527568    0.79753787    0.72445137    0.00000000    2.10125996    2.04826477    2.00204704    2.11523473    1.77140733    2.09818933    2.14295144    2.67564936    2.19649219    2.13166373    2.45412999    2.72634031    2.46980837    2.66831586    2.44865625    2.34655308    2.12166321    2.24679783    2.26776055    2.44685516    2.30567787    2.35037269    2.67685342    2.28159258    1.98255295    1.92701042    2.07687341    1.79651806    1.85336178    1.96546595    2.06527609    1.94201184    2.22934772    2.15112766    2.12582110    1.99937537    2.61602099    2.73027998    2.95496879    3.03534264    2.89769553    3.20476804    3.02277192    3.14499183    3.51591118    3.46797076    2.95496634    3.72211794    2.82706075    3.01763003    2.95968012    2.96615628    3.05826953    3.08107856    2.96656243    2.89984228    2.55685366    2.25192977    2.52505650    2.43651621    2.68484472    2.71845730    2.50397337    2.70148452    2.41817540    3.03368881    3.03102193    2.74421762
W5TRK9_9NOCA/47-236     1.97146557    1.81943738    2.14042076    2.13586284    2.50219658    2.50347799    2.12123331    2.26727896    2.25866494    2.22639723    2.18047377    2.23749732    2.00628676    2.25400813    2.28308221    2.12701069    2.10125996    0.00000000    0.67269008    0.60845917    0.67825121    1.52221052    2.26194073    2.99541309    3.22884077    2.19606937    2.41994703    2.47551177    2.65787932    2.47409834    2.15756039    2.41513371    2.32231744    2.87667013    2.14902482    2.58510225    2.66092341    2.61584476    2.38339453    2.34334035    2.74019231    2.34188005    2.73788407    2.96898354    2.62167267    2.74721880    2.68088071    2.45856752    2.92857104    3.03191587    2.86964128    3.22200642    2.84985074    2.90206066    2.63003647    3.28036049    3.31384745    3.57326427    3.35520711    3.51810745    2.87036193    2.90427326    3.62293067    3.70954003    3.35317872    3.13708169    3.02873932    3.21163347    2.76499858    2.54819520    2.27240190    2.42283015    2.29946190    2.29727230    2.20535902    2.19658193    2.36414191    2.54837389    2.44050159    2.36457541    2.64872337    2.37450702    2.25228005    2.53129040    2.31764963
Q5YXF6_NOCFA/44-233     1.84132355    2.01995170    1.89467581    2.02211887    2.24032103    2.35720516    1.97837874    2.30331919    2.27639782    2.24983753    2.23866584    2.18453534    2.20391254    2.30336449    2.35559019    2.15120837    2.04826477    0.67269008    0.00000000    0.56801576    0.73099797    1.66797395    2.31504869    2.58841812    2.75600536    2.03123157    1.90676062    2.65746048    2.85444556    2.75087923    2.40829127    2.67901490    2.59353466    1.99499869    2.09801736    2.44783486    2.37796335    2.42200235    2.29460023    2.41456625    3.03996534    2.22711981    2.80820397    2.94316908    2.65726332    2.79965320    2.41881228    2.50537212    2.82356524    2.96502113    2.88476816    3.15034405    2.85437421    3.10856780    2.25357870    3.07589368    3.33988798    3.22057400    3.48825915    3.11593585    2.55935489    2.55207061    3.52109295    3.38486046    3.12075407    3.04954857    2.82803661    2.86236536    3.03842851    2.98002245    2.48627456    2.45058175    2.36877503    2.48279401    2.29433244    2.69974418    2.45306278    2.62688129    2.58723942    2.68553437    2.60609290    2.14520269    2.57264383    2.91757142    2.36153214
K0F168_9NOCA/71-260     2.02067102    1.94722460    2.00065065    2.23754649    2.14814564    2.32022757    2.20935185    2.36707176    2.36313007    2.38943282    2.21131616    2.28826286    2.17718232    2.37408115    2.37595206    2.24255483    2.00204704    0.60845917    0.56801576    0.00000000    0.53599908    1.45269150    2.37237408    3.01153706    2.91784464    2.45161620    2.27301630    2.58550699    2.72895142    2.59603731    2.34226149    2.44728037    2.49403908    2.59611351    2.22458343    2.64867911    2.37146653    2.59801947    2.46497265    2.17148934    3.13360825    2.46439106    2.68486001    2.89543429    2.79902328    2.86803636    2.68748398    2.64668471    3.06843839    2.98852162    2.77914440    2.85412163    3.00353022    2.83575234    2.46506664    3.19911554    3.32222982    3.50566509    3.34549165    3.25027674    2.73665475    2.87141944    3.68304491    3.38549569    3.31764081    3.30390006    2.84275553    2.83815274    2.95561091    3.09825209    2.47936988    2.73296709    2.54398945    2.45646547    2.22423501    2.32121036    2.41694305    2.64211140    2.48778857    2.58133040    2.94388931    2.41240767    2.70094042    2.87896963    2.45179285
H6R694_NOCCG/48-237     2.25118881    2.11588446    2.32374822    2.30808591    2.46206618    2.62187215    2.24013129    2.45861401    2.46307954    2.41527187    2.44377806    2.41495756    2.39947193    2.58437649    2.62569014    2.52684824    2.11523473    0.67825121    0.73099797    0.53599908    0.00000000    1.66954521    2.37407176    3.37478417    2.93226449    2.54874638    2.63521984    3.06247052    3.00350674    2.95790921    2.56542859    2.77095754    2.72316515    2.64705173    2.39255070    2.78103513    2.98454760    3.32873615    2.63221882    2.67220939    3.25093642    2.64806207    3.14797658    3.40405690    3.05202973    3.17231651    2.87455978    2.85706836    3.24213844    3.27006277    2.99489706    3.03154766    3.35578966    3.15464356    2.67996674    3.65519152    3.35069688    3.88646341    3.63420356    3.48826531    3.02354081    3.09915749    3.44469349    3.24799668    3.56361009    3.25613591    3.21776613    3.33990028    3.42847275    3.16750101    2.77355854    2.84774783    2.52257518    2.42402507    2.26658809    2.21258966    2.54731184    2.67088353    2.56576037    2.29039380    2.69327793    2.56057479    2.68965939    2.73287071    2.62357104
C7QJ17_CATAD/31-224     1.66328235    1.84147395    1.95991536    2.05484226    2.25264156    2.05930703    1.71510622    1.78645345    1.78352468    1.77165583    1.66425589    1.61146955    1.61139850    1.84632616    1.77957443    1.72791416    1.77140733    1.52221052    1.66797395    1.45269150    1.66954521    0.00000000    1.73678898    2.29380153    2.45757438    2.05268624    2.21382633    2.34052957    2.84277380    2.46068174    2.55139391    2.44012992    2.49043929    2.04409263    2.43228296    2.25643433    2.24557423    2.00443362    2.27564421    2.56617264    2.17624854    2.47173063    2.56890530    2.37199149    2.37110263    2.38614862    2.21609619    2.35099398    2.61979211    2.73333168    2.62335378    2.76865742    2.38005164    2.04336256    2.69810745    2.87744834    3.14776950    2.99054746    3.49639964    3.15963216    2.80703676    3.34833164    3.40667848    3.14492545    3.20980987    2.79200036    2.77398943    2.46576678    3.17839266    3.12348240    2.72094381    2.99976435    2.66612033    2.75502296    2.33122378    2.37877070    2.39504688    2.75173478    2.77433975    2.74230621    2.65861623    2.37556486    3.48120560    3.38887563    2.74024243
U5W535_9ACTN/18-191     1.97346959    2.51044255    2.63846279    2.32885196    2.20159481    2.36864855    2.11724793    2.28772892    2.25001122    2.24165931    2.08203046    2.02130490    2.08333189    2.15270834    2.02147843    2.24374928    2.09818933    2.26194073    2.31504869    2.37237408    2.37407176    1.73678898    0.00000000    3.06527191    3.51035524    2.45247822    2.56626714    2.58488749    2.82830483    2.30161574    2.22538220    2.32980251    2.32265954    2.75864775    3.58725483    2.45126076    2.71527081    2.82436285    2.77489393    3.59276604    2.70709597    2.25638244    2.25639083    2.32725617    2.32135821    2.20872739    2.36034465    2.14145898    2.45356369    2.15222593    2.26446016    2.21819295    2.40714972    2.27177759    2.72170632    3.20946171    3.01491514    2.97360994    2.92297841    3.07149292    2.92800801    3.29235383    3.35682950    2.89508850    3.17255636    2.82794383    2.79843425    2.70180547    3.09501065    3.22383685    2.84353172    2.83911961    2.46718476    2.79967774    2.70003808    2.74658714    2.66967381    3.09054187    2.72901178    2.80568032    2.50352841    2.38268715    3.14211548    2.93014989    3.07088791
D3E9D7_GEOS4/30-214     2.26350700    3.13806284    2.93689711    3.22319182    2.28463890    2.57190591    2.12004668    2.32729157    2.52779336    2.22115679    2.09330861    2.02407603    2.12497755    2.30176707    2.53125123    2.34188435    2.14295144    2.99541309    2.58841812    3.01153706    3.37478417    2.29380153    3.06527191    0.00000000    2.38788546    2.05000027    1.57256408    2.27587330    3.20179126    2.81419161    3.00862971    3.10114150    2.59020100    2.43876418    2.70712471    2.08364332    2.14702209    1.93441385    2.35780720    2.44296787    2.22503846    2.14425672    2.22181993    2.29595430    2.29833080    2.26252845    2.18014943    2.47743905    2.36394211    2.48286503    2.92836523    2.63170769    2.37880886    3.09983615    3.50108458    3.86246118    3.98812132    3.43712164    4.14846822    3.90349435    3.06082434    3.43481420    4.48998512    3.51961755    4.18722238    3.31927686    3.54312401    3.64835754    3.72909372    4.69812209    3.88890572    3.94353080    3.19051438    3.52671387    3.56540131    3.89722128    3.75145299    3.49816820    3.73038231    3.53908762    3.69473145    2.89532917    4.23983435    3.83319530    4.04692031
Q12QU5_SHEDO/112-291     3.11608708    3.18518101    3.65651257    3.39571649    2.61339817    2.86402901    2.58394070    2.47225376    2.72968357    2.56926190    2.62295463    2.27781020    2.66948405    2.77927582    2.96120371    2.42948540    2.67564936    3.22884077    2.75600536    2.91784464    2.93226449    2.45757438    3.51035524    2.38788546    0.00000000    1.39659940    1.33105472    2.61868640    3.02265282    3.05883183    3.46907282    2.93539744    3.05213141    2.30635874    2.28994831    2.36505320    2.25829598    2.20084796    2.88057365    2.09553275    2.30503014    2.72463438    2.96133169    2.87711421    3.41776636    2.99045694    2.82642180    2.83143790    2.93712672    3.05204461    3.00877495    3.35279352    2.79930404    2.88819178    3.37809719    4.74153892    4.62674518    4.49914966    4.30874101    3.78156240    3.42307493    3.51563617    3.80095905    3.87363977    4.19693111    4.01898246    3.93134547    3.73194420    4.44975545    3.74497564    3.19991950    2.91581663    3.65498116    3.56453473    3.08644128    3.48810327    2.92965918    3.26491967    3.52941946    2.97648153    2.97116739    3.32372778    3.58918116    3.61496220    3.20347342
E6WUN2_PSEUU/117-300     2.09028945    2.08194258    2.59825290    2.52546074    2.15758892    2.33062556    1.90265687    2.32009263    2.20052995    2.08635238    2.24838458    1.97992861    2.05373355    2.18818485    2.25780896    2.01769868    2.19649219    2.19606937    2.03123157    2.45161620    2.54874638    2.05268624    2.45247822    2.05000027    1.39659940    0.00000000    0.56976532    1.86705579    2.25201919    1.97898945    2.30552476    2.44621471    2.10967416    1.59616975    2.40416643    1.74801687    1.98233240    1.62510105    2.06391911    1.77806296    2.05590328    1.98822323    2.43323146    2.29735979    2.38921356    2.49576618    2.15026253    2.09542045    2.33613463    2.38318320    2.24485095    2.56429230    2.02009887    2.46972411    2.61333725    4.28658096    3.73620014    3.40127858    3.68056944    3.27770599    2.65647563    2.92521118    3.41899781    2.87753806    3.26248984    2.87033262    2.93918140    2.86283438    2.81862363    3.28556830    3.18768833    3.22597876    2.73679252    2.68974498    2.57781641    2.72295886    2.53379768    2.73957926    2.67983164    2.60691906    2.52437844    2.61448162    2.97969317    2.98471744    2.93392346
Q8PAX4_XANCP/118-297     1.90340283    2.20231598    2.39583605    2.27903227    2.10254245    2.05186080    1.81218933    2.15081310    1.99611750    2.01815806    2.01302047    1.81645074    1.96024141    1.98149717    2.10456480    1.66906013    2.13166373    2.41994703    1.90676062    2.27301630    2.63521984    2.21382633    2.56626714    1.57256408    1.33105472    0.56976532    0.00000000    1.98000147    2.48906345    2.30412850    2.46701809    2.54302866    2.23425066    1.70950884    2.51567167    1.86427892    1.86976041    1.71420364    2.16618372    2.14290888    1.92571836    2.20025227    2.33768451    2.25780638    2.46481013    2.36541643    2.32865398    2.26507988    2.21788170    2.20806933    2.36530026    2.55384657    2.07529326    2.69844494    2.87750930    3.36779736    3.47046395    3.26306335    3.32676907    3.50239670    2.60824852    2.91719760    3.51430578    3.08665776    3.80163560    3.02377446    3.14694659    3.19820207    3.01837318    3.40176060    3.48005670    3.31916842    2.79145721    2.62000820    2.37734132    2.57661253    2.51380007    2.70767044    2.80625920    2.78340067    2.72974654    2.59223027    3.13323847    2.92889707    3.12221087
E8U6T3_DEIML/30-210     2.13173702    2.01961070    2.23107519    2.56845638    2.31605709    2.55014287    2.12978973    2.06751636    2.19055002    1.94745909    2.12922321    2.24111887    2.10642782    2.06777296    2.00993610    2.15548468    2.45412999    2.47551177    2.65746048    2.58550699    3.06247052    2.34052957    2.58488749    2.27587330    2.61868640    1.86705579    1.98000147    0.00000000    1.83600025    1.25391933    1.46976739    1.34074094    1.26937768    1.80548660    1.98654444    1.85591458    1.83320401    1.64612302    1.68774450    1.98537035    2.30018600    2.15470611    2.08716920    2.35562169    2.23323229    2.30198918    2.40943977    2.17747616    2.43593575    2.87530379    2.40938296    2.43429563    2.25974910    2.46359128    2.68719585    3.09966176    3.23942410    3.23735218    3.01177520    3.33817851    3.05847795    3.49461100    3.75479264    3.37010752    3.44825286    3.04438334    3.08826358    3.22998071    3.14996332    2.61714213    2.63410905    2.58126865    2.77203199    2.91905461    2.68545670    2.69128522    2.48812793    2.47270636    2.74861277    2.27345063    2.45786609    2.19745979    2.81618363    2.41987194    2.57082868
F0RNJ1_DEIPM/34-209     2.49314540    2.06390022    2.75220513    2.88124649    2.83320218    2.70942957    2.71221533    2.65443884    2.63805878    2.71848501    2.68336002    2.78390388    2.58623857    2.75636292    2.79260687    2.70633182    2.72634031    2.65787932    2.85444556    2.72895142    3.00350674    2.84277380    2.82830483    3.20179126    3.02265282    2.25201919    2.48906345    1.83600025    0.00000000    1.20300006    1.53810019    1.40344831    1.25079093    2.27105276    2.68113031    2.45713421    2.40204057    2.51642245    2.44926071    2.43230915    2.42096157    2.50716829    3.25906077    3.17552620    2.96207864    3.21821675    2.21313294    2.77161432    3.26171203    3.50019251    2.39257580    2.49103911    2.59956609    2.77246310    2.39235664    3.12185253    3.28208345    3.35241407    3.10640064    3.31186583    3.71589687    3.98199640    3.42108187    3.61601264    4.36348011    3.33570996    3.99123337    3.64455317    2.65730173    2.87149942    2.84125689    2.99297404    2.84264427    2.92043638    3.19581582    2.81322413    2.92128110    3.11359069    3.16906986    2.63899127    2.80666615    2.42266935    2.30822281    2.70374262    3.06193473
Q1IXN3_DEIGD/33-209     2.28045867    2.49849763    2.35198986    2.72146443    2.87006920    2.54282169    2.31690726    2.35590433    2.43820557    2.30384838    2.26844663    2.11939000    2.27355404    2.19488872    2.17066834    2.53513111    2.46980837    2.47409834    2.75087923    2.59603731    2.95790921    2.46068174    2.30161574    2.81419161    3.05883183    1.97898945    2.30412850    1.25391933    1.20300006    0.00000000    0.80487537    0.67905580    0.75007230    2.35101324    2.42396381    2.41712931    2.57927451    2.67547219    2.32253513    2.58134627    2.50892154    2.19736237    2.72788546    2.78030937    2.63056912    2.75323313    2.50748689    2.16553970    2.94264478    3.19330734    2.49271632    2.43242904    2.87049164    2.62144483    2.79604762    3.05846108    3.17494184    3.51832665    2.89036404    3.60515945    3.44615721    3.29071277    3.05780586    3.74557008    3.80939025    3.08428027    3.91018207    3.57659688    3.03156309    3.17263620    3.30180258    3.12710067    3.06978539    3.22051550    3.53518021    3.26715205    3.07095252    3.02161333    3.22917833    2.65437998    3.57511802    2.80087256    2.49352531    2.59687613    2.98005384
C1CWD4_DEIDV/31-209     2.44385066    2.80322667    2.78738391    2.88710957    3.19275699    2.89679732    2.71640325    2.78571915    2.76531684    2.74096387    2.47620439    2.34745802    2.30262967    2.59111915    2.51549178    2.73229530    2.66831586    2.15756039    2.40829127    2.34226149    2.56542859    2.55139391    2.22538220    3.00862971    3.46907282    2.30552476    2.46701809    1.46976739    1.53810019    0.80487537    0.00000000    0.56946112    0.65535087    2.37962297    2.42722107    2.39467409    2.68410202    2.64430324    2.49840860    2.78167219    2.62784028    2.32012730    2.33607929    2.80223041    2.50364138    2.43968754    2.32427428    2.31904124    2.92446514    3.03673114    2.39598967    2.67085592    2.98670959    2.38367708    2.71183851    2.83554572    3.68948795    3.42828892    3.02553071    3.56757388    3.08286653    3.44407574    3.22421068    3.64444818    3.33099298    2.77306834    3.13916414    3.30026719    2.87833537    3.33746835    3.21816070    3.62560773    2.93994758    3.22453833    3.02123240    2.85630965    2.92580032    3.29369449    2.96820836    2.72787890    3.08662710    2.56071544    3.02140163    2.96142625    2.86960625
H8GW60_DEIGI/21-202     2.72572606    2.67860752    2.26819550    2.59497757    2.62707806    2.76105413    2.41966859    2.41460910    2.46071453    2.43010631    2.36033883    2.21241848    2.16872074    2.22061511    2.23504044    2.62462873    2.44865625    2.41513371    2.67901490    2.44728037    2.77095754    2.44012992    2.32980251    3.10114150    2.93539744    2.44621471    2.54302866    1.34074094    1.40344831    0.67905580    0.56946112    0.00000000    0.52685998    2.21698175    2.27926660    2.23897404    2.36234211    2.41580065    2.45298655    2.53761699    2.14537299    2.30451659    2.52397407    2.68325554    2.48982645    2.68421517    2.33875795    2.10986056    2.71846371    2.63799182    2.41633582    2.62781247    2.66481948    2.49627304    2.52431961    2.32869009    3.14788070    3.19537655    2.86827230    3.37559215    3.28847559    3.49930833    3.55330975    3.55715958    3.47658615    3.26252477    3.74029126    3.46406279    3.02009144    3.17727565    3.10467720    3.09291565    2.88712365    2.88369750    2.90274559    3.20483037    2.92684177    3.05706567    3.05270043    2.67083837    3.02012124    2.64764712    2.61477759    2.49131302    2.58647137
Q9RU39_DEIRA/34-211     2.54884255    2.45517933    2.24037886    2.43632056    2.75593520    2.40342593    2.18543532    2.49378322    2.39568794    2.20332886    2.10670567    1.89261864    1.89068195    2.08296983    2.30934066    2.18173743    2.34655308    2.32231744    2.59353466    2.49403908    2.72316515    2.49043929    2.32265954    2.59020100    3.05213141    2.10967416    2.23425066    1.26937768    1.25079093    0.75007230    0.65535087    0.52685998    0.00000000    1.77595604    2.64553810    2.17225268    2.27746889    2.29105034    2.22212311    2.29857632    2.28910797    2.17780570    2.45341591    2.48446182    2.34275865    2.59811480    2.19069754    2.26558893    2.81696801    2.84808692    2.35466034    2.52596936    2.39462268    2.23366061    2.67792720    2.90132393    2.97293329    3.36430599    2.93006429    3.32375226    3.17644214    3.59408556    3.81439754    3.65877480    3.79440790    3.38600095    3.87085187    3.76825624    2.86175741    3.44971797    2.93018037    3.20767884    2.79548678    2.70563881    2.74583960    2.87493069    2.69160161    3.03916074    2.98045777    2.45075714    3.00814035    2.40560694    2.58443977    2.45316035    2.55047296
