55
D3RPV6_ALLVD/41-199     0.00000000    1.75326995    1.45786588    1.89715646    1.84281123    1.69551237    1.90864789    1.47703730    1.57307853    1.36330311    1.53353117    1.47584659    1.29214193    1.24608068    1.33316221    1.71576680    1.59838894    1.64775850    1.89198474    1.83248583    1.73846808    1.85121986    1.99917677    1.88636421    1.95703454    1.93121777    1.62549668    1.61794526    1.39946791    1.61824474    1.40011106    1.85820046    1.57845717    1.31503849    1.24243968    1.24272762    1.31736834    1.25216900    1.37969668    1.48416761    1.18465373    1.83914103    2.19586482    1.52040067    1.98820609    2.84671209    2.74800219    2.48090389    3.21430865    2.94997421    2.77577335    2.49694341    2.36150129    2.29897413    1.76373400
Q83BW2_COXBU/24-180     1.75326995    0.00000000    1.37320933    1.57437513    1.52332806    1.28292522    1.23484929    1.21506724    1.29673736    1.30396373    1.41907712    1.64542628    1.56089999    1.45858746    1.67502393    1.51142188    1.54634142    1.67434892    1.65392043    1.93244989    1.64961976    1.63160563    1.81639173    1.81689722    1.74473672    1.82193112    1.46221423    1.48034154    1.54669007    1.47646687    1.54099810    1.67103713    1.56808543    1.48199092    1.39201684    1.43011840    1.31305637    1.65709825    1.17425659    1.56706191    1.29778653    1.67020545    2.20264184    1.75159587    2.11993324    2.48004212    2.34816758    2.35161631    3.09016202    3.05864704    2.43171518    2.81090592    3.06360736    2.66667629    2.06238979
Q3JBJ7_NITOC/22-174     1.45786588    1.37320933    0.00000000    1.40539656    1.65138846    1.67456253    1.55721580    1.69814157    1.51814846    1.46372152    1.40395101    1.63157762    1.41640373    1.25840733    1.35547671    1.65006023    1.46959047    1.62594141    1.88658231    1.70215392    1.66229486    1.56527455    1.73113382    1.75490897    1.55685104    1.69406195    1.54173355    1.65241058    1.56774310    1.51219590    1.64624081    1.65752423    1.61603018    1.54752841    1.55797138    1.61937830    1.60512540    1.65211334    1.45211770    1.61536808    1.49326901    1.77050880    2.37671879    1.66183487    2.13827756    3.00200043    2.73141855    2.65326433    3.41644742    3.87023025    2.73162396    2.85475065    2.65766328    2.84673768    1.99170756
Q5NEV0_FRATT/39-192     1.89715646    1.57437513    1.40539656    0.00000000    1.70351899    1.67597991    1.89262153    1.60270699    1.36366068    1.36545451    1.63503429    1.67954578    1.43559263    1.40655574    1.46640131    1.62922874    1.74541422    1.87144731    2.18662427    1.83552785    1.88425062    1.85014112    1.99138165    1.95121930    2.06683509    2.06944565    1.61270109    1.68285238    1.41497018    1.62924116    1.69786633    1.76691756    1.75378853    1.58238728    1.53577496    1.53764321    1.47270063    1.67629003    1.48792054    1.68989667    1.52991985    1.68349211    2.20273182    1.77945781    1.71186557    2.99880302    2.76550557    2.88873792    4.00848531    3.98151650    3.05609863    3.03097789    2.54280914    2.41624067    1.74971049
A6VKS4_ACTSZ/37-191     1.84281123    1.52332806    1.65138846    1.70351899    0.00000000    0.49403528    0.59342702    1.29210836    1.14131840    1.28482401    1.61546990    1.68421866    1.62113045    1.49660241    1.69187391    1.65077330    1.73778143    1.76351185    2.23037907    1.90787928    2.02007967    1.83370897    2.08059141    2.05460428    1.94826654    2.11766450    1.62698234    1.75793465    1.66813681    1.70250362    1.74706679    1.85380976    1.97015153    1.60092349    1.40975054    1.59727609    1.45712428    1.69077376    1.54684801    1.48561265    1.37224674    1.87739906    2.44013922    1.83474671    1.80477023    3.16669808    3.00731692    3.06295810    3.44650603    2.89641184    2.54424877    3.23024754    2.75761320    2.72767905    2.09745573
Q9CJX4_PASMU/37-191     1.69551237    1.28292522    1.67456253    1.67597991    0.49403528    0.00000000    0.39185535    1.27261178    1.09336499    1.16799711    1.68769003    1.50112952    1.52675311    1.47938222    1.52431010    1.61424601    1.71354240    1.94802356    2.06018815    1.92556780    1.90986970    1.81469804    2.02622262    1.88088035    1.87859633    1.93599094    1.57624906    1.57238015    1.64665466    1.71512324    1.77631859    1.76431522    1.88316134    1.47458280    1.25402107    1.49561587    1.40686025    1.50905560    1.50783179    1.55396008    1.21632829    1.85227491    2.35370851    1.92831853    1.79533945    3.36352318    3.06629155    3.04512602    3.82882808    3.36192281    2.86763559    3.65240842    2.99293508    2.75345981    2.13376357
RELA_HAEIN/37-193     1.90864789    1.23484929    1.55721580    1.89262153    0.59342702    0.39185535    0.00000000    1.44774884    1.23807699    1.28270518    1.64211355    1.58702293    1.58906259    1.58516679    1.50588140    1.54021521    1.66765453    1.88924392    2.02053945    2.01690894    1.96551313    1.78054087    2.11330649    2.06652393    1.95450200    1.94435484    1.66041541    1.69426567    1.66873785    1.72918525    1.59323116    1.81712679    1.85840893    1.52979308    1.24966610    1.40066453    1.35648468    1.55005083    1.63938092    1.83998947    1.44706827    1.88057773    2.66158384    1.92978396    1.88562597    3.34198162    3.23399283    3.10475629    3.76629471    3.64654130    2.67620064    3.59508870    3.19746142    2.83107046    2.20811781
Q0VP27_ALCBS/38-202     1.47703730    1.21506724    1.69814157    1.60270699    1.29210836    1.27261178    1.44774884    0.00000000    0.75428287    0.66785087    1.49275101    1.65114543    1.51204140    1.39556805    1.51574715    1.49744771    1.89451201    1.98622147    2.11161638    2.03674459    1.97061342    2.02712447    2.08975453    2.09994653    2.09794109    2.14603687    1.71843085    1.87424623    1.51845828    1.85892780    1.61380404    1.68626620    1.63690198    1.32748969    1.35528424    1.57044616    1.43753096    1.53132715    1.42539540    1.46999833    1.26735753    1.69804203    2.03473189    1.69200583    1.71851576    2.92474157    2.59898526    2.77480663    3.60290149    2.99684260    3.34780553    3.07037537    2.84618860    2.40368491    2.01792610
Q2SL26_HAHCH/40-204     1.57307853    1.29673736    1.51814846    1.36366068    1.14131840    1.09336499    1.23807699    0.75428287    0.00000000    0.56740501    1.74890188    1.51178764    1.46369064    1.23035506    1.56772021    1.55623441    1.80158660    1.85547388    2.11186631    2.00048056    2.00811121    1.91170079    1.92706658    2.13837762    2.09972723    2.10663060    1.75583371    1.68063810    1.55856459    1.74446399    1.51575924    1.63166037    1.74649904    1.53057685    1.40476950    1.55597685    1.51950145    1.48373256    1.31673855    1.54008167    1.34425411    1.83072605    2.24699380    1.92298112    1.56072951    2.68416531    2.67274350    3.01328105    3.45430011    3.15763103    2.66016490    2.86685382    2.83380429    2.39369960    2.01139961
Q885Y7_PSESM/37-199     1.36330311    1.30396373    1.46372152    1.36545451    1.28482401    1.16799711    1.28270518    0.66785087    0.56740501    0.00000000    1.52290608    1.34514414    1.30780294    1.15703852    1.40722087    1.39401347    1.72402170    1.78647774    2.14302042    2.00612710    1.99582072    1.96459709    2.12333966    2.04356924    2.21311026    2.12905662    1.58507989    1.69943673    1.38774992    1.61697289    1.45203286    1.70725372    1.57783063    1.33889075    1.21515331    1.36653775    1.41864528    1.38040428    1.32178769    1.51758089    1.20812118    1.77506000    1.88528884    1.69416485    1.57504404    2.83552061    2.43365764    2.65278604    3.34455471    2.90460784    3.09011889    2.70588074    2.51905582    2.39248972    2.01832439
Q2Y627_NITMU/35-194     1.53353117    1.41907712    1.40395101    1.63503429    1.61546990    1.68769003    1.64211355    1.49275101    1.74890188    1.52290608    0.00000000    1.09424157    1.09537300    1.08852821    1.11966761    1.33557612    1.15891200    1.17800545    1.61084817    1.42698594    1.21823161    1.28132007    1.33679289    1.27155022    1.40685716    1.25324293    1.15193453    1.10160866    1.05251395    1.05770135    1.28042009    1.47536179    1.19119196    1.08866967    1.23608227    1.13522770    0.94578803    1.29675771    1.25516799    1.41337676    1.16315866    1.54258031    2.14207422    1.54811454    1.91169282    3.01305065    2.77968281    2.41612508    3.20394033    3.25364892    2.72697548    2.71868270    2.44701629    2.33911090    2.04557699
C7RQP8_ACCPU/48-214     1.47584659    1.64542628    1.63157762    1.67954578    1.68421866    1.50112952    1.58702293    1.65114543    1.51178764    1.34514414    1.09424157    0.00000000    0.64534950    0.56772315    0.72227660    1.11337189    1.13308482    1.12876222    1.56681003    1.39351160    1.37149502    1.44947733    1.56202196    1.60436303    1.64642860    1.39732701    1.12235774    1.06416439    1.05025143    1.19894789    1.07022262    1.34985576    1.00965179    1.13461453    1.05957488    1.14632682    1.13786393    1.29234181    1.37446908    1.48417902    1.35981180    1.86264535    2.19769331    1.57249821    1.98029714    3.10199433    2.86950927    3.04867243    3.90958002    3.41468372    3.08118016    2.83540358    2.73568263    2.66085946    1.82046157
Q5NYK8_AROAE/35-194     1.29214193    1.56089999    1.41640373    1.43559263    1.62113045    1.52675311    1.58906259    1.51204140    1.46369064    1.30780294    1.09537300    0.64534950    0.00000000    0.31807212    0.35637003    1.01523170    1.00793573    1.01555333    1.39290804    1.38645760    1.24985145    1.19421743    1.32208361    1.24146633    1.38504582    1.36796590    1.00357983    1.03669965    0.89898404    1.07011146    1.07519896    1.23081962    0.98979737    1.27130689    0.99630716    1.17878352    1.16184592    1.27424768    1.36003642    1.49303032    1.37983475    1.81389422    2.17673850    1.65880680    1.78849489    3.05647159    2.63498616    2.72980634    3.16964691    3.23389492    2.85712537    2.58795467    2.66263306    2.52175088    1.70803065
A1K650_AZOSB/35-194     1.24608068    1.45858746    1.25840733    1.40655574    1.49660241    1.47938222    1.58516679    1.39556805    1.23035506    1.15703852    1.08852821    0.56772315    0.31807212    0.00000000    0.39715288    0.89488801    0.97090340    0.96151987    1.48612314    1.20114855    1.15935562    1.21075423    1.26224890    1.21666724    1.27986798    1.32751500    0.91847748    0.89963374    0.93702730    0.87729239    1.04566461    1.18457301    1.08153474    1.09026513    0.93444084    1.02727554    1.09375165    1.19784905    1.28238351    1.33884526    1.20013368    1.70835196    2.01526871    1.38776804    1.58083315    2.42155122    2.45096359    2.54211277    3.05070102    3.10333526    2.93191097    2.41395186    2.35374016    2.29685958    1.56805329
C4ZK28_THASP/35-194     1.33316221    1.67502393    1.35547671    1.46640131    1.69187391    1.52431010    1.50588140    1.51574715    1.56772021    1.40722087    1.11966761    0.72227660    0.35637003    0.39715288    0.00000000    1.00632550    1.05200062    1.04736008    1.37551285    1.40403864    1.33084758    1.30811054    1.29539811    1.29236053    1.30913164    1.41016956    1.11835608    1.15846054    1.07113180    1.12661932    1.15275423    1.30765775    1.07167521    1.14283107    1.14155666    1.16149085    1.12709770    1.27945003    1.41677241    1.58100997    1.29417314    1.72056427    2.16901746    1.60788092    1.55794918    2.61093773    2.90558384    2.42777936    3.23392831    3.47812223    3.02571301    2.87248869    2.73498660    2.46156016    1.66215368
A4G620_HERAR/30-203     1.71576680    1.51142188    1.65006023    1.62922874    1.65077330    1.61424601    1.54021521    1.49744771    1.55623441    1.39401347    1.33557612    1.11337189    1.01523170    0.89488801    1.00632550    0.00000000    1.11531226    1.24358755    1.46040131    1.25863627    1.24191000    1.35758570    1.42945909    1.35676233    1.55786671    1.37720261    1.14532019    1.12293704    0.94169453    1.19017473    1.23163800    1.41854448    1.30491321    1.47096843    1.39567943    1.39484945    1.33849778    1.39604932    1.31384166    1.43028463    1.33211431    1.66660427    2.42447272    1.88047800    1.72599652    2.93355235    2.29963586    2.67809582    3.13078111    3.21196707    2.85389423    2.97440722    2.78049661    2.70434154    2.00834766
Q2KUM4_BORA1/36-197     1.59838894    1.54634142    1.46959047    1.74541422    1.73778143    1.71354240    1.66765453    1.89451201    1.80158660    1.72402170    1.15891200    1.13308482    1.00793573    0.97090340    1.05200062    1.11531226    0.00000000    0.26488826    1.16399726    1.10281650    1.20981400    1.26157301    1.14412183    1.22776124    1.26259892    1.15836169    0.88829183    0.95489535    0.91900079    0.82084909    1.10885205    1.32892744    1.20358740    1.26618164    1.16633118    1.21505043    1.14627579    1.15157033    1.27567674    1.49189174    1.25279785    1.63770280    2.32149469    1.60655725    1.81557859    3.30618876    3.25018356    3.38944113    4.22556196    3.83538637    3.06893519    3.03877297    2.93465252    2.50641294    1.96767601
Q7VTF3_BORPE/36-199     1.64775850    1.67434892    1.62594141    1.87144731    1.76351185    1.94802356    1.88924392    1.98622147    1.85547388    1.78647774    1.17800545    1.12876222    1.01555333    0.96151987    1.04736008    1.24358755    0.26488826    0.00000000    1.28955328    1.13385074    1.16691658    1.27584361    1.25528384    1.25507540    1.27744694    1.21935511    0.85677695    0.86375793    0.88027422    0.87629557    1.16355039    1.48570382    1.30633860    1.48440073    1.17156171    1.37281784    1.14193635    1.39549107    1.39059414    1.65883721    1.38833548    1.92672374    2.65542976    1.83999529    2.01036255    3.17589909    2.86860506    3.09822033    3.90805161    3.39543060    2.99484148    2.83054090    2.65218098    2.64572397    2.09564441
D5X0W0_THIK1/25-183     1.89198474    1.65392043    1.88658231    2.18662427    2.23037907    2.06018815    2.02053945    2.11161638    2.11186631    2.14302042    1.61084817    1.56681003    1.39290804    1.48612314    1.37551285    1.46040131    1.16399726    1.28955328    0.00000000    0.96794030    0.82378028    0.89680793    0.88034667    0.76960633    0.79398637    1.00376927    1.11617395    1.14059211    1.21304435    1.21375039    1.79111146    1.78611343    1.57038343    1.67539434    1.64577906    1.73440705    1.67252656    1.52403943    1.60136615    1.92863942    1.73539267    1.98530251    2.59183961    1.72970757    1.73144991    2.69573498    2.56114363    2.26346202    3.46350330    3.16931925    3.12400852    3.27454256    2.77678614    2.98561448    2.24659327
B1Y0Q8_LEPCP/41-202     1.83248583    1.93244989    1.70215392    1.83552785    1.90787928    1.92556780    2.01690894    2.03674459    2.00048056    2.00612710    1.42698594    1.39351160    1.38645760    1.20114855    1.40403864    1.25863627    1.10281650    1.13385074    0.96794030    0.00000000    0.33096675    0.61583769    0.75697178    0.74895139    0.75464535    0.62437183    1.17920377    1.20275831    1.28193657    1.14937061    1.46571349    1.58966454    1.55864575    1.44156846    1.41602289    1.40270770    1.53957629    1.72801984    1.76435651    1.68423480    1.72577115    2.29898723    2.47139640    1.88467453    2.05260127    3.15902715    3.48183432    3.03931830    3.43777979    3.67929973    3.04378369    3.55200470    3.48862728    2.85032819    2.21384409
A2SG51_METPP/47-209     1.73846808    1.64961976    1.66229486    1.88425062    2.02007967    1.90986970    1.96551313    1.97061342    2.00811121    1.99582072    1.21823161    1.37149502    1.24985145    1.15935562    1.33084758    1.24191000    1.20981400    1.16691658    0.82378028    0.33096675    0.00000000    0.54937038    0.62030652    0.50141402    0.58423279    0.56171017    1.14025844    1.08016174    1.18262521    1.11262701    1.49051641    1.72026214    1.43720007    1.33169453    1.46803699    1.44105957    1.51048150    1.46842945    1.52945453    1.47369343    1.61349990    2.04550749    2.33226776    1.79829298    2.01910115    3.04163173    3.17084691    2.81619660    3.22150602    3.62629216    3.11225003    3.54195259    3.60346017    3.04287596    1.97911402
A0A454XKW0_COMT2/42-203     1.85121986    1.63160563    1.56527455    1.85014112    1.83370897    1.81469804    1.78054087    2.02712447    1.91170079    1.96459709    1.28132007    1.44947733    1.19421743    1.21075423    1.30811054    1.35758570    1.26157301    1.27584361    0.89680793    0.61583769    0.54937038    0.00000000    0.37197257    0.45533399    0.50035198    0.36000841    1.20557954    1.16746485    1.24948593    1.23386716    1.56793893    1.78311634    1.48919810    1.48486622    1.47820297    1.50003219    1.52458216    1.83000731    1.60747329    1.60417213    1.57421616    2.10806845    2.22490465    1.91524780    1.85678937    3.04792182    3.11180779    3.02865235    3.85409280    4.24039655    3.38487196    3.72485326    3.61995872    3.23069575    2.06766759
A1WAJ9_ACISJ/45-206     1.99917677    1.81639173    1.73113382    1.99138165    2.08059141    2.02622262    2.11330649    2.08975453    1.92706658    2.12333966    1.33679289    1.56202196    1.32208361    1.26224890    1.29539811    1.42945909    1.14412183    1.25528384    0.88034667    0.75697178    0.62030652    0.37197257    0.00000000    0.28990763    0.41330044    0.35240904    1.21151459    1.19259032    1.24861611    1.33421764    1.55652847    1.68889547    1.58348874    1.58866895    1.40461011    1.55709339    1.55943810    1.82893691    1.63824667    1.74134976    1.57315906    2.16140285    2.36404108    1.98526942    2.00920422    2.96175974    3.09336562    3.08881075    3.63278090    4.23114738    3.32550942    3.24890267    3.19360361    3.07312658    1.81792304
Q21WQ7_RHOFT/39-207     1.88636421    1.81689722    1.75490897    1.95121930    2.05460428    1.88088035    2.06652393    2.09994653    2.13837762    2.04356924    1.27155022    1.60436303    1.24146633    1.21666724    1.29236053    1.35676233    1.22776124    1.25507540    0.76960633    0.74895139    0.50141402    0.45533399    0.28990763    0.00000000    0.35244990    0.45028901    1.22703286    1.14506313    1.06446119    1.28398702    1.41934436    1.72054257    1.48881663    1.50028387    1.54082795    1.51582779    1.56429249    1.63929075    1.53972752    1.74695499    1.57166284    1.99073728    2.21642156    1.83438121    1.92337578    2.71886252    2.73000684    2.45046560    3.01803354    3.48699076    3.11288416    3.14219245    3.22783719    2.96422996    1.88491798
A1VQB2_POLNA/39-200     1.95703454    1.74473672    1.55685104    2.06683509    1.94826654    1.87859633    1.95450200    2.09794109    2.09972723    2.21311026    1.40685716    1.64642860    1.38504582    1.27986798    1.30913164    1.55786671    1.26259892    1.27744694    0.79398637    0.75464535    0.58423279    0.50035198    0.41330044    0.35244990    0.00000000    0.55442121    1.18827790    1.23010966    1.32377102    1.45152003    1.62811900    1.68912590    1.45895160    1.56087036    1.59270770    1.60090007    1.57445670    1.76276943    1.61897776    1.87989683    1.74806178    2.20040304    2.49998492    1.87773654    1.80111845    2.76529845    3.07364856    2.84797195    3.20462720    3.92026009    3.24559898    3.20754530    3.67942125    3.02785712    2.05965467
A1WR12_VEREI/38-195     1.93121777    1.82193112    1.69406195    2.06944565    2.11766450    1.93599094    1.94435484    2.14603687    2.10663060    2.12905662    1.25324293    1.39732701    1.36796590    1.32751500    1.41016956    1.37720261    1.15836169    1.21935511    1.00376927    0.62437183    0.56171017    0.36000841    0.35240904    0.45028901    0.55442121    0.00000000    1.15371045    1.21678888    1.20462295    1.19909555    1.50228892    1.55182096    1.38769052    1.46565827    1.41708402    1.43393157    1.43262167    1.62871554    1.59740145    1.74837312    1.51635635    2.12724395    2.15818269    1.93674761    1.88372806    2.84993692    3.17412708    2.91101172    3.59292817    4.14630877    3.13377442    3.37739807    3.34209570    3.13394962    1.99862386
C5A8B1_BURGB/16-182     1.62549668    1.46221423    1.54173355    1.61270109    1.62698234    1.57624906    1.66041541    1.71843085    1.75583371    1.58507989    1.15193453    1.12235774    1.00357983    0.91847748    1.11835608    1.14532019    0.88829183    0.85677695    1.11617395    1.17920377    1.14025844    1.20557954    1.21151459    1.22703286    1.18827790    1.15371045    0.00000000    0.30279913    0.70781601    0.64486877    1.31914778    1.25046908    1.33776370    1.48431076    1.38652570    1.44937726    1.35856769    1.38433337    1.40490512    1.68645058    1.38987048    1.70361298    2.09425479    1.83346500    1.69858883    2.91372618    2.52607338    2.65700384    2.99988599    3.25537628    3.00901200    3.17862268    2.46060587    2.52675233    1.92335003
Q13WF6_PARXL/19-186     1.61794526    1.48034154    1.65241058    1.68285238    1.75793465    1.57238015    1.69426567    1.87424623    1.68063810    1.69943673    1.10160866    1.06416439    1.03669965    0.89963374    1.15846054    1.12293704    0.95489535    0.86375793    1.14059211    1.20275831    1.08016174    1.16746485    1.19259032    1.14506313    1.23010966    1.21678888    0.30279913    0.00000000    0.67642526    0.67948361    1.24410482    1.33863630    1.33466294    1.55143946    1.30514727    1.34864001    1.41639177    1.37922575    1.42731397    1.71296052    1.37133250    1.79742874    2.46002155    1.86456116    1.79604120    2.65464167    2.49865350    2.68878935    3.12672280    3.54278161    2.98447043    3.15585856    2.40079708    2.54521886    2.07707790
Q0KBZ4_CUPNH/23-190     1.39946791    1.54669007    1.56774310    1.41497018    1.66813681    1.64665466    1.66873785    1.51845828    1.55856459    1.38774992    1.05251395    1.05025143    0.89898404    0.93702730    1.07113180    0.94169453    0.91900079    0.88027422    1.21304435    1.28193657    1.18262521    1.24948593    1.24861611    1.06446119    1.32377102    1.20462295    0.70781601    0.67642526    0.00000000    0.52515941    1.07578284    1.27489624    1.24861231    1.40404069    1.32992934    1.27617870    1.38719448    1.24750792    1.17833135    1.51623932    1.26532040    1.67555160    2.16531540    1.69388353    1.59599710    2.64764447    2.42411743    2.70871374    3.52167541    3.14812213    2.90904595    3.11325888    2.36721132    2.78404341    1.93514568
Q8XZ30_RALSO/33-195     1.61824474    1.47646687    1.51219590    1.62924116    1.70250362    1.71512324    1.72918525    1.85892780    1.74446399    1.61697289    1.05770135    1.19894789    1.07011146    0.87729239    1.12661932    1.19017473    0.82084909    0.87629557    1.21375039    1.14937061    1.11262701    1.23386716    1.33421764    1.28398702    1.45152003    1.19909555    0.64486877    0.67948361    0.52515941    0.00000000    1.16172112    1.45473040    1.30258612    1.30940044    1.20236743    1.24462165    1.35642396    1.27004839    1.36939582    1.64126141    1.30230304    1.81308742    2.51147766    1.76849523    1.83674181    3.10185513    3.05494249    3.23427867    3.99248922    3.81741354    3.21386619    3.14647183    2.62578556    2.63963098    2.22681717
C1DDC8_LARHH/40-201     1.40011106    1.54099810    1.64624081    1.69786633    1.74706679    1.77631859    1.59323116    1.61380404    1.51575924    1.45203286    1.28042009    1.07022262    1.07519896    1.04566461    1.15275423    1.23163800    1.10885205    1.16355039    1.79111146    1.46571349    1.49051641    1.56793893    1.55652847    1.41934436    1.62811900    1.50228892    1.31914778    1.24410482    1.07578284    1.16172112    0.00000000    0.89246671    0.59573149    1.06343891    1.02131389    0.97851253    1.00850650    1.04558695    1.14221872    1.59326994    1.23968887    1.47056495    1.94052847    1.62744127    1.59798305    2.92323012    2.81688355    2.70070598    3.45941628    3.07474148    2.74296931    2.72673103    2.55126339    2.50827181    1.75385661
Q5F707_NEIG1/40-201     1.85820046    1.67103713    1.65752423    1.76691756    1.85380976    1.76431522    1.81712679    1.68626620    1.63166037    1.70725372    1.47536179    1.34985576    1.23081962    1.18457301    1.30765775    1.41854448    1.32892744    1.48570382    1.78611343    1.58966454    1.72026214    1.78311634    1.68889547    1.72054257    1.68912590    1.55182096    1.25046908    1.33863630    1.27489624    1.45473040    0.89246671    0.00000000    0.76217972    1.34424691    1.25375205    1.19356114    1.15468692    1.58346292    1.43590666    1.87654312    1.38842954    1.70438016    2.51707123    1.74406650    1.91524179    2.89980117    2.99725398    3.18960192    4.13904465    3.84575321    3.15023721    3.69605601    3.48036170    2.90127038    2.17892005
G2IXS4_PSEUL/40-200     1.57845717    1.56808543    1.61603018    1.75378853    1.97015153    1.88316134    1.85840893    1.63690198    1.74649904    1.57783063    1.19119196    1.00965179    0.98979737    1.08153474    1.07167521    1.30491321    1.20358740    1.30633860    1.57038343    1.55864575    1.43720007    1.48919810    1.58348874    1.48881663    1.45895160    1.38769052    1.33776370    1.33466294    1.24861231    1.30258612    0.59573149    0.76217972    0.00000000    1.10809224    1.09111870    1.11977733    1.09370578    1.45696791    1.40717817    1.61913843    1.41994829    1.61585711    2.10889115    1.58678508    1.88267071    2.84639644    2.79345920    2.72747227    3.90388459    3.81508801    3.02246710    3.12956116    3.12581215    2.63688541    1.91541118
Q1H1S1_METFK/41-206     1.31503849    1.48199092    1.54752841    1.58238728    1.60092349    1.47458280    1.52979308    1.32748969    1.53057685    1.33889075    1.08866967    1.13461453    1.27130689    1.09026513    1.14283107    1.47096843    1.26618164    1.48440073    1.67539434    1.44156846    1.33169453    1.48486622    1.58866895    1.50028387    1.56087036    1.46565827    1.48431076    1.55143946    1.40404069    1.30940044    1.06343891    1.34424691    1.10809224    0.00000000    0.80279583    0.68806238    0.72874473    1.22195852    1.23964173    1.26629969    1.16863026    1.25659403    2.02674093    1.39726223    1.66392935    2.16822250    2.32511076    2.13343976    2.69460866    2.60417683    2.18480942    2.31016362    2.27414407    1.87825327    1.71276491
C6WYQ5_METML/40-203     1.24243968    1.39201684    1.55797138    1.53577496    1.40975054    1.25402107    1.24966610    1.35528424    1.40476950    1.21515331    1.23608227    1.05957488    0.99630716    0.93444084    1.14155666    1.39567943    1.16633118    1.17156171    1.64577906    1.41602289    1.46803699    1.47820297    1.40461011    1.54082795    1.59270770    1.41708402    1.38652570    1.30514727    1.32992934    1.20236743    1.02131389    1.25375205    1.09111870    0.80279583    0.00000000    0.67661678    0.63763895    1.11276154    1.16984260    1.21168491    1.10698028    1.51291364    1.83312185    1.40655433    1.62311207    2.73740715    2.62012526    2.80872632    3.49683016    3.08497945    2.45452328    2.58629491    2.17077540    2.18794486    1.54839090
D5CLC9_SIDLE/41-202     1.24272762    1.43011840    1.61937830    1.53764321    1.59727609    1.49561587    1.40066453    1.57044616    1.55597685    1.36653775    1.13522770    1.14632682    1.17878352    1.02727554    1.16149085    1.39484945    1.21505043    1.37281784    1.73440705    1.40270770    1.44105957    1.50003219    1.55709339    1.51582779    1.60090007    1.43393157    1.44937726    1.34864001    1.27617870    1.24462165    0.97851253    1.19356114    1.11977733    0.68806238    0.67661678    0.00000000    0.44398631    1.24005216    1.18973696    1.32645100    1.00095060    1.43756680    2.18563813    1.51265338    1.67673383    2.42390351    2.55179440    2.54941364    3.13772817    2.79564892    2.37339152    2.72048424    2.33250518    2.17936198    1.70326280
D9SJ75_GALCS/35-194     1.31736834    1.31305637    1.60512540    1.47270063    1.45712428    1.40686025    1.35648468    1.43753096    1.51950145    1.41864528    0.94578803    1.13786393    1.16184592    1.09375165    1.12709770    1.33849778    1.14627579    1.14193635    1.67252656    1.53957629    1.51048150    1.52458216    1.55943810    1.56429249    1.57445670    1.43262167    1.35856769    1.41639177    1.38719448    1.35642396    1.00850650    1.15468692    1.09370578    0.72874473    0.63763895    0.44398631    0.00000000    1.28055523    1.15852302    1.36195131    0.96987353    1.45288022    1.98614281    1.63370054    1.76910851    2.36330400    2.46614109    2.24747356    3.03353182    2.63320114    2.26495933    2.49658523    2.17393964    2.07263814    1.68822414
A1WXU2_HALHL/39-197     1.25216900    1.65709825    1.65211334    1.67629003    1.69077376    1.50905560    1.55005083    1.53132715    1.48373256    1.38040428    1.29675771    1.29234181    1.27424768    1.19784905    1.27945003    1.39604932    1.15157033    1.39549107    1.52403943    1.72801984    1.46842945    1.83000731    1.82893691    1.63929075    1.76276943    1.62871554    1.38433337    1.37922575    1.24750792    1.27004839    1.04558695    1.58346292    1.45696791    1.22195852    1.11276154    1.24005216    1.28055523    0.00000000    0.61620400    1.49824061    1.05880022    1.34929437    2.32547451    1.50960478    1.84636092    2.55097755    2.31349695    2.44041024    2.90664460    2.73545350    2.33865843    2.49980349    2.10650864    2.07673102    1.63129761
Q0A9N8_ALKEH/39-195     1.37969668    1.17425659    1.45211770    1.48792054    1.54684801    1.50783179    1.63938092    1.42539540    1.31673855    1.32178769    1.25516799    1.37446908    1.36003642    1.28238351    1.41677241    1.31384166    1.27567674    1.39059414    1.60136615    1.76435651    1.52945453    1.60747329    1.63824667    1.53972752    1.61897776    1.59740145    1.40490512    1.42731397    1.17833135    1.36939582    1.14221872    1.43590666    1.40717817    1.23964173    1.16984260    1.18973696    1.15852302    0.61620400    0.00000000    1.24051938    0.93136268    1.35611137    1.93146118    1.31958704    1.79303885    2.36793474    2.22458999    2.46205160    2.64184623    2.69435653    2.31086980    2.51086202    2.12648459    2.04708162    1.49227167
Q6AP30_DESPS/31-180     1.48416761    1.56706191    1.61536808    1.68989667    1.48561265    1.55396008    1.83998947    1.46999833    1.54008167    1.51758089    1.41337676    1.48417902    1.49303032    1.33884526    1.58100997    1.43028463    1.49189174    1.65883721    1.92863942    1.68423480    1.47369343    1.60417213    1.74134976    1.74695499    1.87989683    1.74837312    1.68645058    1.71296052    1.51623932    1.64126141    1.59326994    1.87654312    1.61913843    1.26629969    1.21168491    1.32645100    1.36195131    1.49824061    1.24051938    0.00000000    1.01821360    1.41997529    2.11223222    1.45345313    1.58535854    2.12828592    2.22049283    2.29093920    2.79533042    2.26792981    2.23390450    2.37429558    2.12267653    1.79183178    1.35329480
Q3A521_PELCD/26-176     1.18465373    1.29778653    1.49326901    1.52991985    1.37224674    1.21632829    1.44706827    1.26735753    1.34425411    1.20812118    1.16315866    1.35981180    1.37983475    1.20013368    1.29417314    1.33211431    1.25279785    1.38833548    1.73539267    1.72577115    1.61349990    1.57421616    1.57315906    1.57166284    1.74806178    1.51635635    1.38987048    1.37133250    1.26532040    1.30230304    1.23968887    1.38842954    1.41994829    1.16863026    1.10698028    1.00095060    0.96987353    1.05880022    0.93136268    1.01821360    0.00000000    1.16049041    1.81699956    1.42667943    1.34516566    2.13081792    1.94472462    1.98884713    2.38900668    2.44796326    2.30942431    2.14982843    1.79405924    1.93840339    1.28464990
A4RTL9_OSTLU/39-191     1.83914103    1.67020545    1.77050880    1.68349211    1.87739906    1.85227491    1.88057773    1.69804203    1.83072605    1.77506000    1.54258031    1.86264535    1.81389422    1.70835196    1.72056427    1.66660427    1.63770280    1.92672374    1.98530251    2.29898723    2.04550749    2.10806845    2.16140285    1.99073728    2.20040304    2.12724395    1.70361298    1.79742874    1.67555160    1.81308742    1.47056495    1.70438016    1.61585711    1.25659403    1.51291364    1.43756680    1.45288022    1.34929437    1.35611137    1.41997529    1.16049041    0.00000000    1.72458022    1.32274209    1.65272304    2.39595053    2.22567777    2.12050229    2.61533596    2.63898676    2.76514812    2.69166542    2.18506439    2.07266844    1.57944621
CRSH3_ORYSJ/79-231     2.19586482    2.20264184    2.37671879    2.20273182    2.44013922    2.35370851    2.66158384    2.03473189    2.24699380    1.88528884    2.14207422    2.19769331    2.17673850    2.01526871    2.16901746    2.42447272    2.32149469    2.65542976    2.59183961    2.47139640    2.33226776    2.22490465    2.36404108    2.21642156    2.49998492    2.15818269    2.09425479    2.46002155    2.16531540    2.51147766    1.94052847    2.51707123    2.10889115    2.02674093    1.83312185    2.18563813    1.98614281    2.32547451    1.93146118    2.11223222    1.81699956    1.72458022    0.00000000    1.99322353    2.08271539    3.31139393    2.88104322    3.20447287    3.26681624    2.83315333    3.47432223    3.19589395    2.57243633    2.82132332    1.80824483
Q8LSZ7_CHLRE/200-352     1.52040067    1.75159587    1.66183487    1.77945781    1.83474671    1.92831853    1.92978396    1.69200583    1.92298112    1.69416485    1.54811454    1.57249821    1.65880680    1.38776804    1.60788092    1.88047800    1.60655725    1.83999529    1.72970757    1.88467453    1.79829298    1.91524780    1.98526942    1.83438121    1.87773654    1.93674761    1.83346500    1.86456116    1.69388353    1.76849523    1.62744127    1.74406650    1.58678508    1.39726223    1.40655433    1.51265338    1.63370054    1.50960478    1.31958704    1.45345313    1.42667943    1.32274209    1.99322353    0.00000000    1.66079784    2.43983073    2.32671956    2.41955471    3.11979298    2.73360259    2.85586484    2.51435562    2.18662123    1.89386145    1.26947731
R7JMQ2_9BACT/28-185     1.98820609    2.11993324    2.13827756    1.71186557    1.80477023    1.79533945    1.88562597    1.71851576    1.56072951    1.57504404    1.91169282    1.98029714    1.78849489    1.58083315    1.55794918    1.72599652    1.81557859    2.01036255    1.73144991    2.05260127    2.01910115    1.85678937    2.00920422    1.92337578    1.80111845    1.88372806    1.69858883    1.79604120    1.59599710    1.83674181    1.59798305    1.91524179    1.88267071    1.66392935    1.62311207    1.67673383    1.76910851    1.84636092    1.79303885    1.58535854    1.34516566    1.65272304    2.08271539    1.66079784    0.00000000    2.41480103    2.52530065    2.37136123    2.92957917    2.50352986    2.32961735    2.84065160    2.35793143    1.95980081    1.44835924
Q31Q06_SYNE7/14-158     2.84671209    2.48004212    3.00200043    2.99880302    3.16669808    3.36352318    3.34198162    2.92474157    2.68416531    2.83552061    3.01305065    3.10199433    3.05647159    2.42155122    2.61093773    2.93355235    3.30618876    3.17589909    2.69573498    3.15902715    3.04163173    3.04792182    2.96175974    2.71886252    2.76529845    2.84993692    2.91372618    2.65464167    2.64764447    3.10185513    2.92323012    2.89980117    2.84639644    2.16822250    2.73740715    2.42390351    2.36330400    2.55097755    2.36793474    2.12828592    2.13081792    2.39595053    3.31139393    2.43983073    2.41480103    0.00000000    0.80001017    0.81648982    1.11941352    1.02947562    1.64052667    1.56578576    1.29758760    2.04292274    1.78579882
Q8PBN2_XANCP/11-164     2.74800219    2.34816758    2.73141855    2.76550557    3.00731692    3.06629155    3.23399283    2.59898526    2.67274350    2.43365764    2.77968281    2.86950927    2.63498616    2.45096359    2.90558384    2.29963586    3.25018356    2.86860506    2.56114363    3.48183432    3.17084691    3.11180779    3.09336562    2.73000684    3.07364856    3.17412708    2.52607338    2.49865350    2.42411743    3.05494249    2.81688355    2.99725398    2.79345920    2.32511076    2.62012526    2.55179440    2.46614109    2.31349695    2.22458999    2.22049283    1.94472462    2.22567777    2.88104322    2.32671956    2.52530065    0.80001017    0.00000000    0.86403400    1.06330905    1.17337762    1.96019557    1.63283210    1.25953870    1.97426413    1.66798079
E0ULD0_GLOV7/16-160     2.48090389    2.35161631    2.65326433    2.88873792    3.06295810    3.04512602    3.10475629    2.77480663    3.01328105    2.65278604    2.41612508    3.04867243    2.72980634    2.54211277    2.42777936    2.67809582    3.38944113    3.09822033    2.26346202    3.03931830    2.81619660    3.02865235    3.08881075    2.45046560    2.84797195    2.91101172    2.65700384    2.68878935    2.70871374    3.23427867    2.70070598    3.18960192    2.72747227    2.13343976    2.80872632    2.54941364    2.24747356    2.44041024    2.46205160    2.29093920    1.98884713    2.12050229    3.20447287    2.41955471    2.37136123    0.81648982    0.86403400    0.00000000    0.78450385    0.98560978    1.48933826    1.50911803    1.21123463    2.32160963    1.74446067
A4YUR2_BRASO/10-154     3.21430865    3.09016202    3.41644742    4.00848531    3.44650603    3.82882808    3.76629471    3.60290149    3.45430011    3.34455471    3.20394033    3.90958002    3.16964691    3.05070102    3.23392831    3.13078111    4.22556196    3.90805161    3.46350330    3.43777979    3.22150602    3.85409280    3.63278090    3.01803354    3.20462720    3.59292817    2.99988599    3.12672280    3.52167541    3.99248922    3.45941628    4.13904465    3.90388459    2.69460866    3.49683016    3.13772817    3.03353182    2.90664460    2.64184623    2.79533042    2.38900668    2.61533596    3.26681624    3.11979298    2.92957917    1.11941352    1.06330905    0.78450385    0.00000000    1.06801078    1.71348282    1.81238051    1.55424812    2.53158233    2.03851630
A1T4E6_MYCVP/17-161     2.94997421    3.05864704    3.87023025    3.98151650    2.89641184    3.36192281    3.64654130    2.99684260    3.15763103    2.90460784    3.25364892    3.41468372    3.23389492    3.10333526    3.47812223    3.21196707    3.83538637    3.39543060    3.16931925    3.67929973    3.62629216    4.24039655    4.23114738    3.48699076    3.92026009    4.14630877    3.25537628    3.54278161    3.14812213    3.81741354    3.07474148    3.84575321    3.81508801    2.60417683    3.08497945    2.79564892    2.63320114    2.73545350    2.69435653    2.26792981    2.44796326    2.63898676    2.83315333    2.73360259    2.50352986    1.02947562    1.17337762    0.98560978    1.06801078    0.00000000    1.83013669    1.69844224    1.44755889    2.77768239    2.01989894
