20
C4M9Z0_ENTHI/34-242     0.00000000    2.97397020    3.21849881    3.52675018    3.28033420    3.20132919    3.73830140    3.44117452    2.96093691    3.34465401    3.38624828    3.87035621    3.25925382    3.24710179    3.23211535    3.24922341    3.48231961    4.12944148    3.55776054    3.78226863
MAEL_XENTR/137-344     2.97397020    0.00000000    1.17628093    1.90252533    1.73394721    2.01346539    1.82406937    2.39421078    2.01645694    2.11901084    2.23174309    2.24624227    2.00487201    2.22648267    2.31023105    2.24680320    1.93577018    2.88711521    2.63090856    2.65882799
C3Z277_BRAFL/129-332     3.21849881    1.17628093    0.00000000    1.85804867    1.73348362    1.96675898    2.02455615    2.10732262    1.92139357    2.20572380    2.09765027    2.25119312    2.24394592    2.18680236    2.20138382    2.15748552    2.23761943    3.30829281    2.86313610    3.21449460
Q7PYM9_ANOGA/124-333     3.52675018    1.90252533    1.85804867    0.00000000    0.64492478    0.95943866    1.07269425    1.67449106    1.59118858    1.66770019    1.54555261    1.52422367    1.65372675    1.69592415    1.68827032    1.64422533    1.69105579    3.44096364    3.20952990    3.21245549
Q17MK4_AEDAE/23-233     3.28033420    1.73394721    1.73348362    0.64492478    0.00000000    0.84496921    0.69486999    1.66933141    1.48323892    1.46185684    1.54504489    1.68012573    1.53761022    1.83637195    1.91861392    1.69846158    1.58927166    3.51377952    3.04998336    2.92206357
MAEL_AEDAE/130-342     3.20132919    2.01346539    1.96675898    0.95943866    0.84496921    0.00000000    0.86077456    1.75065229    1.63762438    1.68373934    1.69098317    1.75012735    1.73228083    1.78739263    1.90311995    1.73576560    1.61801194    3.31551647    3.10492829    3.37839948
MAEL_CULQU/133-346     3.73830140    1.82406937    2.02455615    1.07269425    0.69486999    0.86077456    0.00000000    1.83842334    1.54443538    1.53226391    1.55565300    1.64778108    1.56734454    1.83686389    1.94253576    1.78745817    1.60534679    3.44132142    3.53477863    3.69305181
D2A077_TRICA/125-335     3.44117452    2.39421078    2.10732262    1.67449106    1.66933141    1.75065229    1.83842334    0.00000000    1.79576939    1.83049062    1.77677850    1.96426570    1.84252219    1.79182977    1.84567373    1.82197976    1.64489988    3.32653974    2.97121232    3.22088544
B4LF74_DROVI/111-311     2.96093691    2.01645694    1.92139357    1.59118858    1.48323892    1.63762438    1.54443538    1.79576939    0.00000000    1.32637541    1.38987570    1.32653726    1.34036602    1.38395205    1.45823979    1.32331397    1.38756540    3.48526526    2.64600854    3.33795228
B4MM81_DROWI/125-368     3.34465401    2.11901084    2.20572380    1.66770019    1.46185684    1.68373934    1.53226391    1.83049062    1.32637541    0.00000000    0.81391907    0.92075589    0.68771510    0.72910647    0.88873041    0.68586773    0.62623673    3.82654053    2.98075601    3.39666680
MAEL2_DROPE/125-344     3.38624828    2.23174309    2.09765027    1.54555261    1.54504489    1.69098317    1.55565300    1.77677850    1.38987570    0.81391907    0.00000000    0.40293678    0.57376094    0.73149943    0.78549820    0.69899287    0.64362995    3.55584491    3.18021430    3.46071259
MAEL1_DROPS/125-346     3.87035621    2.24624227    2.25119312    1.52422367    1.68012573    1.75012735    1.64778108    1.96426570    1.32653726    0.92075589    0.40293678    0.00000000    0.69768197    0.75014104    0.86388905    0.77563132    0.72829630    3.84408132    2.94577786    3.45107739
MAEL1_DROAN/124-345     3.25925382    2.00487201    2.24394592    1.65372675    1.53761022    1.73228083    1.56734454    1.84252219    1.34036602    0.68771510    0.57376094    0.69768197    0.00000000    0.63799616    0.72513532    0.56102812    0.35850194    3.46091269    3.10490800    3.46381987
MAEL_DROGR/120-334     3.24710179    2.22648267    2.18680236    1.69592415    1.83637195    1.78739263    1.83686389    1.79182977    1.38395205    0.72910647    0.73149943    0.75014104    0.63799616    0.00000000    0.51092684    0.28633598    0.60084668    3.66453122    3.10890584    3.46434028
MAEL_DROMO/124-341     3.23211535    2.31023105    2.20138382    1.68827032    1.91861392    1.90311995    1.94253576    1.84567373    1.45823979    0.88873041    0.78549820    0.86388905    0.72513532    0.51092684    0.00000000    0.38459167    0.68935713    3.51623752    3.00801757    3.37391187
MAEL_DROVI/124-342     3.24922341    2.24680320    2.15748552    1.64422533    1.69846158    1.73576560    1.78745817    1.82197976    1.32331397    0.68586773    0.69899287    0.77563132    0.56102812    0.28633598    0.38459167    0.00000000    0.54504458    3.55350903    3.07152881    3.65520205
MAEL_DROME/120-335     3.48231961    1.93577018    2.23761943    1.69105579    1.58927166    1.61801194    1.60534679    1.64489988    1.38756540    0.62623673    0.64362995    0.72829630    0.35850194    0.60084668    0.68935713    0.54504458    0.00000000    3.21618590    2.96745612    3.11159031
C4M1I0_ENTHI/60-256     4.12944148    2.88711521    3.30829281    3.44096364    3.51377952    3.31551647    3.44132142    3.32653974    3.48526526    3.82654053    3.55584491    3.84408132    3.46091269    3.66453122    3.51623752    3.55350903    3.21618590    0.00000000    4.53959416    4.19384864
Q17493_CAEEL/543-801     3.55776054    2.63090856    2.86313610    3.20952990    3.04998336    3.10492829    3.53477863    2.97121232    2.64600854    2.98075601    3.18021430    2.94577786    3.10490800    3.10890584    3.00801757    3.07152881    2.96745612    4.53959416    0.00000000    3.42243544
A8XL15_CAEBR/178-417     3.78226863    2.65882799    3.21449460    3.21245549    2.92206357    3.37839948    3.69305181    3.22088544    3.33795228    3.39666680    3.46071259    3.45107739    3.46381987    3.46434028    3.37391187    3.65520205    3.11159031    4.19384864    3.42243544    0.00000000

