90
Q1IRL4_KORVE/850-915     0.00000000    1.53512698    1.54137947    1.47205846    1.16117138    1.06311239    1.23970326    1.14496132    1.19908910    1.95402670    1.67921875    1.37287724    1.39935577    1.66210693    1.27973752    1.44109962    1.16801978    1.07345712    1.03384752    1.07227759    1.19159260    1.12710663    1.23561048    1.17176770    1.05559466    1.05473235    1.16863784    1.54136960    1.28567266    1.24644799    1.65767791    1.27892717    1.51096389    1.26000023    1.74545280    1.21570125    1.13551606    1.29451569    1.51738864    2.18966998    1.67305749    1.92075130    1.32313456    1.67148437    1.48041871    1.87151626    2.19513411    2.26058879    0.93210568    1.10740399    1.64459900    1.26200923    0.90867503    1.48091501    1.81687185    1.36819084    1.31140468    1.28731508    1.20899903    1.41002725    1.81413472    2.03600912    2.47401361    1.53418942    1.72003743    1.85290469    1.79186873    2.10416401    1.77797660    2.05504807    2.68468171    1.30065095    1.63024849    1.51377797    0.91961542    0.91550568    1.23033055    0.99179401    1.05650732    1.31382021    1.48463240    1.01043559    1.31175872    1.28576486    0.96454115    1.18485273    0.92296290    1.40543110    1.39130354    1.34674603
O26995_METTH/35-96     1.53512698    0.00000000    2.03431101    1.73991968    1.69811382    1.27908617    1.56269643    1.15626414    1.31914434    2.69399103    1.90872280    2.26419242    1.89772427    2.09578153    2.22776753    2.09361547    1.91968872    1.72270985    1.79907113    1.68834504    1.89014304    1.77645791    1.98263917    1.88237863    1.91833504    1.71808404    1.58146485    1.54278992    1.57652894    1.64205731    1.83092414    2.11120474    2.31831516    1.69987149    1.68234621    1.87974940    1.81610060    2.04004994    1.89217564    2.20311445    1.79080661    2.08375126    1.76460921    1.79439967    1.94043751    2.57867310    2.64571731    2.45878525    1.27619464    1.71312636    2.24738965    1.71740355    1.45752357    1.87491739    1.62824927    1.60081175    1.82424791    1.99211566    1.83631449    2.24384483    2.44278964    2.68509661    2.39480481    2.41394341    2.52478110    2.31871529    1.98218371    1.87775647    2.56392255    2.50843053    3.06682969    1.93285983    1.78938249    1.98746878    1.41094824    1.58664559    1.63876037    2.00206531    1.96500001    1.59333832    1.96494271    1.37747841    1.88357433    1.86445375    1.72917577    1.75897015    1.62885694    1.61874021    1.94129824    1.60749435
B1WV27_CROS5/209-275     1.54137947    2.03431101    0.00000000    0.81817959    0.80419558    0.92054089    0.97104538    1.12154230    1.09346893    1.56352880    1.46558195    1.33930320    1.28614715    1.09020757    1.25302059    1.30021428    1.11667718    1.30840355    1.15281167    1.10094514    1.24986103    1.26509526    1.14332458    1.26846391    1.35329007    1.13699979    1.45761627    1.49415179    1.21770717    1.35269755    1.62043622    1.37129355    1.70618683    1.74774078    1.99445004    1.57774185    1.67726945    1.50998253    2.01955576    2.45498047    1.72588370    1.78556868    1.17025422    1.22917493    1.56141789    2.06674145    2.09382533    1.81453338    1.65916852    1.65806609    2.77833734    1.58071164    1.64754604    2.17499837    1.81789679    1.54104790    1.84750829    2.06087037    2.27059258    1.74804275    1.46463661    2.54195087    2.82371567    2.32624339    2.51993899    2.08250612    1.74044346    2.11634652    1.64955957    2.15836777    3.32364955    1.50702221    1.63664370    1.56146542    1.40389427    1.19621852    1.72471032    1.49137732    1.66503814    1.33784717    2.05049028    1.24625038    1.80268866    1.79184346    1.38308192    1.53618089    1.36337577    1.57283930    1.43005765    1.95315867
B7K9D5_GLOC7/103-169     1.47205846    1.73991968    0.81817959    0.00000000    0.71513667    0.93497064    1.15866248    1.17979490    1.17516311    1.89462323    1.82554193    1.63588355    1.35536380    1.16170767    1.32106598    1.43397943    1.41417141    1.42238344    1.26975394    1.26637136    1.29437410    1.37964267    1.36217675    1.38086909    1.23382320    1.22785456    1.36843885    1.41911854    1.13942869    1.11940620    1.69399341    1.60740572    1.83293807    1.73738514    1.99698957    1.28428348    1.43705957    1.89129857    1.93674410    2.24275556    1.77469486    1.71774147    1.24969672    0.89548672    1.59061896    1.99067490    2.08104133    1.78038361    1.33285824    1.44292721    2.21217540    1.70665035    1.60175907    2.36401050    1.65069056    1.36844631    1.86851839    1.41603489    1.72997246    1.63800787    1.74500215    1.75716751    2.27448077    1.78148919    2.06736379    1.38357447    1.99864450    1.62855030    1.80681386    2.27000492    3.90957965    1.61799672    1.55564166    1.75117899    1.36351845    1.22778030    1.30599106    1.25810873    1.48832295    1.24565314    1.55483541    1.03535376    1.59580431    1.42453455    1.29925154    1.36664723    1.11678021    1.34937835    1.27688836    1.85266854
B7K637_RIPO1/103-164     1.16117138    1.69811382    0.80419558    0.71513667    0.00000000    0.77894574    0.96581772    1.01402678    1.00193932    1.86887554    1.59585315    1.21303669    1.37337719    1.11114323    1.23274585    1.09088285    1.26396066    0.80336701    1.02608137    1.02203785    1.19893872    1.22325448    1.07952090    1.10549291    1.11124549    0.98645797    1.09426493    1.03053705    1.14777433    1.13644638    1.73936612    1.20475931    1.75141752    1.61828731    2.02468026    1.51002069    1.40852890    1.66661879    1.64669205    1.70605989    1.70488473    2.24983329    1.40520119    1.30959384    1.75031308    2.28980434    2.31547794    2.13056878    1.48259995    1.69455411    2.12692553    1.82449798    1.77851211    2.25095431    1.87887872    1.78798001    1.91101964    1.94370168    1.90102048    2.12957158    1.91697649    3.16045575    2.80067718    1.99122889    1.74168881    2.12432161    1.54294405    2.19224820    1.79198501    2.29893739    3.28248340    1.83643758    1.56997646    1.62449581    1.33059271    1.17598839    1.59739739    1.70601085    1.85236938    1.15751571    1.56748918    1.03142308    1.86216758    1.46679272    1.48952159    1.45094792    1.27498731    1.66074872    1.36303001    1.62260614
Q97GW3_CLOAB/1013-1079     1.06311239    1.27908617    0.92054089    0.93497064    0.77894574    0.00000000    0.40381278    0.48376524    0.35040600    1.07809508    1.29261956    0.82152686    0.88638450    0.90043406    0.89960243    0.93539378    0.91275311    0.80655676    0.71974853    0.82732211    0.76864290    0.96502658    0.95409555    0.89804189    0.84342915    0.73293348    0.71530294    0.75679016    0.67889811    0.64589478    1.24669724    1.12150554    1.39657281    1.19069924    1.54852535    1.18929434    1.07787009    1.45863342    1.45010031    1.63210418    1.26872865    1.54250003    0.93914478    1.05769921    1.37525718    1.40098016    1.66531795    1.51858209    0.81874010    0.99467234    1.69159035    1.15193482    1.02436106    1.29261040    1.29008144    1.21405737    1.37325073    1.54552487    1.36999284    1.68032108    1.71592599    1.73608896    1.96181112    1.54324290    1.63105839    1.84716368    1.31771605    1.45625130    1.76626428    1.91184500    3.17022588    1.06884324    1.41437968    1.13531316    0.79618945    0.79533311    1.18774333    1.26043053    1.11159093    0.75161838    1.01207321    0.73399297    1.06393895    1.10761083    1.15181006    1.17057609    0.96788791    1.24323452    1.18245802    1.16558401
Q97F62_CLOAB/829-895     1.23970326    1.56269643    0.97104538    1.15866248    0.96581772    0.40381278    0.00000000    0.48674141    0.51458193    1.20884145    1.28885227    1.01519496    1.15326177    0.89835365    0.89225941    1.03520226    0.95117199    0.81395277    0.98482562    1.03941162    1.06018600    1.16002900    1.08721384    1.01310323    1.12981076    0.96671269    0.78286698    0.83951499    0.96710307    0.94646997    1.37985148    1.09418494    1.50775739    1.09577936    1.53281827    1.21826585    1.37721804    1.70737375    1.62175371    1.91523053    1.49631024    1.92144449    1.28693371    1.22715880    1.74953210    1.60437891    1.77007049    1.59716671    1.04892561    1.20875049    2.04110611    1.48084681    1.23324088    1.70557971    1.53078443    1.45276404    1.63086121    1.71476240    1.72769060    2.09649195    1.97179059    1.89306454    2.11012870    1.78845636    1.78179610    1.85924662    1.56921695    1.57849362    1.84414238    2.02174443    2.99569375    1.41134613    1.44560180    1.18830738    1.07772248    0.95621858    1.16836123    1.40147734    1.38642699    0.89775955    1.08077101    0.98952492    1.06399726    1.16675190    1.11710062    1.16602620    1.29600862    1.27527843    1.12795943    1.45529269
Q97F62_CLOAB/994-1060     1.14496132    1.15626414    1.12154230    1.17979490    1.01402678    0.48376524    0.48674141    0.00000000    0.49695858    1.25139815    1.30285096    1.01595581    1.14774877    0.93548621    0.91806195    1.14474902    1.08016929    0.71303709    0.89311713    1.01972204    1.06874299    1.09882366    1.15564608    1.03997150    1.02526056    1.03149651    0.65318940    0.89075829    0.87945796    0.82454205    1.26231676    1.04313409    1.70242006    1.39073442    1.50940540    1.31966900    1.38625497    1.60167598    1.58020134    1.77154320    1.41431959    1.70562002    1.12420147    1.24688788    1.51424082    1.34540852    1.70922363    1.40967571    0.91630163    1.20675459    1.79864831    1.35000659    1.27137815    1.45701388    1.63131590    1.69342807    1.58274803    1.80774825    1.59671965    1.98336804    2.15355558    1.89241887    1.98967323    1.55514670    2.16754286    2.10853972    1.57900415    1.75331545    2.07931982    2.02986110    2.98657385    1.38444660    1.54049172    1.36692668    1.03950970    1.03240472    1.22612452    1.47180797    1.41091516    0.97295579    1.06924809    0.98704180    1.15372612    1.44589619    1.07868778    1.09085798    1.03657302    1.30291297    1.33733613    1.27812076
Q97GW3_CLOAB/835-904     1.19908910    1.31914434    1.09346893    1.17516311    1.00193932    0.35040600    0.51458193    0.49695858    0.00000000    1.22827046    1.31949738    0.99737421    1.08801919    0.93931983    0.96347979    1.03188756    1.01118363    0.85064294    0.91767933    0.95362463    0.98241553    1.16437246    1.05516857    1.04923756    1.10137964    1.00058195    0.83872512    0.99490078    0.80746734    0.84565715    1.28853836    1.15353051    1.39668799    1.29886484    1.64631633    1.33389190    1.38692889    1.50394758    1.65520531    1.69372139    1.47849773    1.88440877    1.03403306    1.36758755    1.84041869    1.29584232    1.68665773    1.44942124    0.92567579    1.20177639    1.91732390    1.26275001    1.33986809    1.43518637    1.60214601    1.57178354    1.58926140    1.70175275    1.57793609    1.84137146    1.96641567    2.44576706    2.61232106    1.69404286    1.73334583    2.07374646    1.41545193    1.69364172    1.75548570    1.94787489    2.87683320    1.43088943    1.69744010    1.40586320    1.03573434    1.08243311    1.13461649    1.51528140    1.33747838    0.99683756    1.39466765    1.00321811    1.34486248    1.39352445    1.29417867    1.29551349    1.12305504    1.34092628    1.30277392    1.24019597
B0SPE9_LEPBP/186-260     1.95402670    2.69399103    1.56352880    1.89462323    1.86887554    1.07809508    1.20884145    1.25139815    1.22827046    0.00000000    1.15346352    1.03403516    1.49448419    1.31727213    1.38565187    1.94845844    2.02682178    1.27279026    1.42031497    1.29491078    1.40884570    1.41551191    1.62181311    1.27639654    1.44327283    1.21032078    1.43524356    1.32478624    1.28502782    1.39598801    1.61201368    1.44303677    2.20474709    1.63504953    2.66154478    2.05876294    1.88931189    2.07819503    1.95354526    3.33448120    2.27297010    1.76543571    1.18285495    1.71732413    2.12506095    2.39813580    3.42127186    2.18478144    1.35675979    1.80189250    2.55364984    1.70784675    1.78513097    1.83905965    1.92385901    2.40204244    1.89128607    2.67745925    1.84610616    2.11122649    2.43185420    4.20327221    3.10143223    1.72043261    1.87594264    2.47088029    1.94567969    1.93874294    2.29756850    2.70795500    4.29062127    1.84672018    2.07492990    1.38013618    1.18654628    1.22933957    1.69827363    1.61955369    1.82204903    1.50480637    1.39463500    1.35403153    1.50168650    2.33576106    1.67711439    1.80584358    1.67159193    2.18829455    1.55358389    1.81661877
Q8EZX1_LEPIN/378-458     1.67921875    1.90872280    1.46558195    1.82554193    1.59585315    1.29261956    1.28885227    1.30285096    1.31949738    1.15346352    0.00000000    1.08219875    1.22528190    1.34429277    1.18816379    1.88555440    1.47356119    1.12300526    1.17614472    1.08686456    1.24308891    1.16898752    1.20134221    1.14773666    1.24811496    1.08649561    1.17374460    1.34852375    1.26376921    1.26819351    1.77023626    1.37037746    2.61791336    1.79362630    2.02087951    1.82086113    1.92591987    1.79805921    1.73441319    3.12124582    2.10337227    2.65320073    1.28298668    1.51632931    1.67578627    2.20515283    2.00636829    1.73155116    2.00704257    2.30523761    2.98293384    1.85359335    1.90183250    2.65662050    2.32395213    2.38047168    1.95870671    2.33491931    2.04320744    2.48395453    2.86884672    3.75208556    2.92116080    2.01006523    2.35124512    2.15544307    1.94926356    2.38066726    2.24206263    2.61813928    3.19450332    2.15073296    1.97437363    1.76612070    1.43103334    1.52082833    1.83345719    1.73969771    1.90765937    1.63482926    1.64930958    1.47200298    1.90844075    2.33244585    1.27169775    1.47045816    1.72824188    2.17731292    1.87829496    2.15003429
Q74H49_GEOSL/1697-1762     1.37287724    2.26419242    1.33930320    1.63588355    1.21303669    0.82152686    1.01519496    1.01595581    0.99737421    1.03403516    1.08219875    0.00000000    0.94302231    0.89223180    0.89647658    1.25675300    1.14128677    0.68756206    0.71052747    0.65502046    0.67950159    0.82015376    0.86857459    0.83412767    0.92795071    0.72669476    0.74918631    0.87378357    0.61974550    0.67050949    1.29585671    0.98365575    1.81847727    1.31613296    1.48161941    1.29703297    1.34620932    1.32179859    1.51675276    2.19350158    1.35517932    1.85733355    1.00640178    1.33869587    1.69748202    1.51556891    1.86555416    1.26683999    1.20823466    1.41248552    1.73951005    1.06572658    1.04486137    1.47377314    1.46162036    1.60609717    1.45062343    1.85692624    1.82529231    1.80331855    1.66765718    2.38073355    2.38660302    1.31897791    1.73215330    1.87728411    1.29556261    1.58950964    1.86007235    2.13040572    2.93991856    1.14024085    1.85040997    1.41119041    1.15702477    1.21141860    1.48144589    1.17233043    1.30927830    0.86364834    1.25668398    1.00022177    1.35352544    1.40281897    1.07118322    1.22725280    1.04612556    1.42194556    1.37176171    1.57276112
A5GDQ3_GEOUR/1383-1448     1.39935577    1.89772427    1.28614715    1.35536380    1.37337719    0.88638450    1.15326177    1.14774877    1.08801919    1.49448419    1.22528190    0.94302231    0.00000000    0.89195750    0.95866008    1.00026038    1.15474740    0.86379886    0.72340371    0.85524208    0.78065198    0.88040492    0.95997870    0.95065786    0.80692550    0.61096165    0.94624319    1.11499637    0.86433030    0.93359134    1.51122546    1.16952315    2.06041708    1.93690792    1.65256359    1.34398792    1.39757075    1.55703236    1.71017785    2.35465542    1.53118994    2.05916559    1.37748644    1.25193762    1.46850927    1.45498753    1.82196015    1.33622837    1.25362796    1.14392880    1.86536999    1.67029000    0.99902864    1.64683792    1.67388015    1.36726979    1.59996936    1.91469855    1.40488786    1.56418014    2.36184527    1.95183554    2.53769288    1.40471411    1.37169014    2.08619009    1.55500637    1.86205847    1.73595762    1.84720252    3.25882306    1.33955582    1.50470031    1.34314120    0.88332535    0.92586846    1.16901897    1.33965094    1.23329443    1.08284824    1.47685616    1.00077724    1.47295364    1.54994169    1.42176542    1.52988242    1.30853970    1.68192966    1.55031461    1.45584208
B9M5Z5_GEODF/1896-1961     1.66210693    2.09578153    1.09020757    1.16170767    1.11114323    0.90043406    0.89835365    0.93548621    0.93931983    1.31727213    1.34429277    0.89223180    0.89195750    0.00000000    0.60943628    0.96595208    0.85179453    0.57826048    0.77929612    0.79228000    0.87599866    0.77243221    0.62218684    0.65417476    0.70319686    0.62486191    0.69199247    0.66918796    0.78093635    0.80981181    1.65124988    1.24998434    2.27989541    1.63562801    1.83361285    1.55595695    1.72940202    1.83283322    1.91882575    2.78822508    1.93287889    2.51750886    1.45685278    1.85601792    2.13483219    1.29639818    1.88008869    1.40835852    1.25931746    1.67244410    2.27505257    1.58346200    1.49493870    2.04018683    1.99197783    1.97343659    1.87753049    2.11970774    1.85885951    1.79717032    2.42974834    2.90183452    3.44618606    1.81771585    2.46126069    2.44628887    1.85028705    2.50687686    1.99732147    2.10792327    3.19337137    1.62773384    1.48263194    1.28824868    1.14917100    1.26867572    1.07735621    1.27429118    1.48834676    1.04094864    1.56753258    1.15483076    1.52991226    1.53124242    1.28544305    1.18429798    1.31199706    1.84756381    1.42213589    1.49108024
B9M5Z5_GEODF/1486-1550     1.27973752    2.22776753    1.25302059    1.32106598    1.23274585    0.89960243    0.89225941    0.91806195    0.96347979    1.38565187    1.18816379    0.89647658    0.95866008    0.60943628    0.00000000    0.92299808    0.84125749    0.65669265    0.68915597    0.79594808    0.80506889    0.76598245    0.76402595    0.81018531    0.74042450    0.59283164    0.68811970    0.95750448    0.73492021    0.74953328    1.39756834    1.20419839    1.67983143    1.27937558    1.77386873    1.23652025    1.56087698    1.69069844    1.80984732    2.07367716    1.54936822    1.76024212    1.36290340    1.48672296    1.52543810    1.37976539    1.61244575    1.29218030    1.25466019    1.40079746    1.97919708    1.33015861    1.31682243    1.94530303    1.56186270    1.64653719    1.56955667    2.02091352    1.47108161    1.53309760    1.65425376    2.80195252    2.57541014    1.38969937    2.12168978    1.93875073    1.61878899    2.74269108    1.80619047    1.80043957    2.70984138    1.49990441    1.42322178    1.40815913    1.14986678    1.05920367    1.20408395    1.04337932    1.08776417    1.19406411    1.56066924    0.98918618    1.56577620    1.57422077    1.14475962    1.10888962    1.13577488    1.46445278    1.12724467    1.30160053
D3FXM5_ALKPO/350-415     1.44109962    2.09361547    1.30021428    1.43397943    1.09088285    0.93539378    1.03520226    1.14474902    1.03188756    1.94845844    1.88555440    1.25675300    1.00026038    0.96595208    0.92299808    0.00000000    0.74254197    0.99933027    0.91685981    1.03627155    1.10258146    1.13027118    1.08149572    0.97460098    1.01581046    0.99761309    1.21915584    1.20251550    1.13720149    1.24967996    1.79836050    1.31655351    1.67621662    1.75279362    1.88864602    1.67236337    1.59887185    1.85661127    2.21973921    2.25125913    1.50937281    2.16680422    1.44149250    1.58664834    1.77028534    1.63095050    2.25857939    1.80787283    1.64410351    1.47525978    2.02155105    1.64036441    1.35057001    1.74866860    1.92680792    1.73533511    1.56732850    2.14091335    1.39632438    1.80916856    2.04502037    2.25379721    2.77263512    1.65924599    1.81777211    2.15037045    2.11591745    2.10999450    1.99641420    2.28428554    3.08326135    1.75116547    1.75103754    1.54202394    1.28013810    1.27997347    1.53669878    1.34554134    1.35161515    1.56080100    1.69993119    1.17917571    1.89228774    1.89367343    1.75038680    1.51275975    1.76475970    1.66335177    1.19130034    1.32462582
U5LHB1_9BACI/344-407     1.16801978    1.91968872    1.11667718    1.41417141    1.26396066    0.91275311    0.95117199    1.08016929    1.01118363    2.02682178    1.47356119    1.14128677    1.15474740    0.85179453    0.84125749    0.74254197    0.00000000    0.79147346    0.84908291    1.00611510    1.09777964    1.06301892    0.98123136    1.08705869    0.89117762    0.87538961    1.03625981    1.05572031    1.11082311    1.12119430    1.75721071    1.42822976    1.90850995    1.74526838    1.47182204    1.43274869    1.64523192    1.44973965    1.76668493    2.48778502    1.68002139    1.95036080    1.37935525    1.50404141    1.62438092    1.55844846    1.91466874    1.38228240    1.49537268    1.45787146    2.44976087    1.31122098    1.20398545    2.13310459    1.44877834    1.55994935    2.03213041    1.87007666    1.66827979    1.76210466    1.73115321    2.94201073    3.18473305    1.73008762    2.05934345    2.09148981    1.96333453    1.94642578    1.72980668    2.15131522    2.98866192    1.75352012    1.57024569    1.27572631    1.19849056    1.11860716    1.73472371    1.38053875    1.53152511    1.41534951    1.92205197    1.30040436    1.61178878    1.62650804    1.03169940    1.12089658    1.57027022    1.62116660    1.43159901    1.94401005
B9M5Z5_GEODF/1045-1110     1.07345712    1.72270985    1.30840355    1.42238344    0.80336701    0.80655676    0.81395277    0.71303709    0.85064294    1.27279026    1.12300526    0.68756206    0.86379886    0.57826048    0.65669265    0.99933027    0.79147346    0.00000000    0.58475711    0.64714633    0.70977303    0.63193163    0.62738407    0.58060285    0.58660389    0.48296298    0.62958209    0.67537735    0.76612937    0.79514601    1.37322972    1.04168119    1.78418011    1.56262174    1.67014796    1.30178325    1.39025603    1.37913798    1.50697166    1.91924494    1.73332244    1.89027211    1.26254045    1.44037963    1.54440445    1.10969390    1.43144020    1.13115565    1.10124101    1.28216963    1.82818910    1.30796536    1.04106133    1.59047402    1.53058670    1.62984648    1.59977467    1.68469298    1.63695448    1.72938073    1.77722183    2.63233101    2.07632872    1.42741601    1.74108555    1.65889002    1.57666950    1.97053266    1.76718044    2.12718642    2.27048131    1.51645999    1.36080279    1.09113454    0.92175007    0.90217817    1.09295874    1.19294838    1.34272631    0.91955315    1.11823125    1.04259042    1.42641908    1.42368317    1.02301047    0.98685354    1.05499122    1.45277509    1.31952712    1.12489702
A5GAN5_GEOUR/690-760     1.03384752    1.79907113    1.15281167    1.26975394    1.02608137    0.71974853    0.98482562    0.89311713    0.91767933    1.42031497    1.17614472    0.71052747    0.72340371    0.77929612    0.68915597    0.91685981    0.84908291    0.58475711    0.00000000    0.31185065    0.35339483    0.39891231    0.43737734    0.47957016    0.70475167    0.49249900    0.59073348    0.88072236    0.69842957    0.70335383    1.16213633    1.17365793    1.70664247    1.37916451    1.54704281    1.29054862    1.17349387    1.36749256    1.57705758    1.95590550    1.46070548    1.84887034    1.44048979    1.52597740    1.51334918    1.58207787    1.73379436    1.54739544    1.13768135    1.27958709    1.69905749    1.36288492    1.04146067    1.34574837    1.58423927    1.36224159    1.55019133    1.56634364    1.39793451    1.57480469    1.53545421    2.38160055    2.30889667    1.33054066    1.79794419    1.86724091    1.49478068    1.79814342    1.87455503    2.08914677    2.54664100    1.35476844    1.52689273    1.32054705    0.85728578    1.00475488    1.34729731    1.22477039    1.28944550    1.03347377    1.36151537    0.86407090    1.27877518    1.39703247    1.15723183    1.16718558    1.17640116    1.46161667    1.36034485    1.41891195
A5GAN5_GEOUR/250-320     1.07227759    1.68834504    1.10094514    1.26637136    1.02203785    0.82732211    1.03941162    1.01972204    0.95362463    1.29491078    1.08686456    0.65502046    0.85524208    0.79228000    0.79594808    1.03627155    1.00611510    0.64714633    0.31185065    0.00000000    0.24310439    0.27127477    0.43995468    0.36798845    0.69011455    0.41905417    0.60191347    0.78367457    0.53554657    0.64796401    1.09257023    1.04502684    1.72962086    1.13096352    1.54162194    1.25895896    1.17231316    1.22655096    1.60066854    2.02963370    1.55501210    1.91410444    1.35346098    1.44272587    1.50315462    1.49310031    1.58291915    1.36254031    1.24118149    1.59860230    1.65326270    1.45510601    1.05352071    1.46869928    1.67850286    1.48649967    1.27037476    1.74325377    1.48713439    1.50957156    1.72677709    2.41304694    2.65640524    1.44589523    1.83447550    1.87355107    1.60040914    2.02243901    2.08333433    1.97664562    2.59120182    1.25517176    1.38585136    1.24482266    0.86946336    1.07859021    1.06234033    1.08440391    1.15960288    0.99779343    1.32310537    0.85897300    1.15823974    1.37954897    1.16270827    1.17077081    1.00593516    1.55734151    1.50890908    1.41526444
A5GAN5_GEOUR/513-583     1.19159260    1.89014304    1.24986103    1.29437410    1.19893872    0.76864290    1.06018600    1.06874299    0.98241553    1.40884570    1.24308891    0.67950159    0.78065198    0.87599866    0.80506889    1.10258146    1.09777964    0.70977303    0.35339483    0.24310439    0.00000000    0.29293011    0.45526237    0.39002196    0.75517559    0.43053819    0.66137846    0.90246334    0.68760049    0.64766608    1.20196297    1.11178665    1.88372711    1.41558473    1.58986330    1.26638005    1.21541809    1.34261774    1.65821504    1.86692777    1.75930105    2.24874991    1.32978004    1.50095948    1.47836098    1.52470171    1.77861963    1.49416621    1.23191278    1.62596869    1.58373103    1.52636042    1.05583590    1.43014761    1.86853798    1.38924496    1.42817872    1.75599532    1.53467357    1.58059354    1.62944638    2.30430474    2.69678363    1.70539401    1.93327302    2.29871494    1.63633136    1.88419542    1.93532266    1.85824445    2.67165470    1.21989145    1.39470317    1.34682676    0.92829638    1.07797181    1.30514333    1.17469930    1.29914902    1.03194459    1.31912907    0.81654298    1.19347457    1.52196777    1.17596388    1.37232025    1.02450831    1.54625123    1.55667890    1.41177770
A5GAN5_GEOUR/1270-1340     1.12710663    1.77645791    1.26509526    1.37964267    1.22325448    0.96502658    1.16002900    1.09882366    1.16437246    1.41551191    1.16898752    0.82015376    0.88040492    0.77243221    0.76598245    1.13027118    1.06301892    0.63193163    0.39891231    0.27127477    0.29293011    0.00000000    0.24539777    0.26825193    0.66441667    0.42362321    0.60054771    0.80578286    0.71460090    0.66734198    1.11944021    1.03149784    1.86916961    1.33287665    1.34250055    1.18893060    1.18393735    1.26629178    1.58837875    1.83661369    1.83760595    2.11445092    1.15260128    1.44139892    1.42601906    1.37543368    1.57033155    1.39033080    1.21182258    1.54154238    1.68715647    1.17509586    0.94442724    1.59164631    1.69765634    1.50521593    1.35581782    1.66944897    1.62052498    1.57734476    1.63475995    2.26039990    2.70136303    1.53210543    1.80935872    1.83463267    1.59525934    1.85188833    1.95971495    2.01960444    2.50803333    1.24142128    1.23389430    1.17555882    0.74707612    0.80924842    1.21337069    1.11773886    1.38492280    1.10152955    1.52293679    0.85367286    1.15566430    1.62497231    1.08638264    1.14959815    1.06064503    1.57895762    1.52533081    1.35512845
A5GAN5_GEOUR/164-234     1.23561048    1.98263917    1.14332458    1.36217675    1.07952090    0.95409555    1.08721384    1.15564608    1.05516857    1.62181311    1.20134221    0.86857459    0.95997870    0.62218684    0.76402595    1.08149572    0.98123136    0.62738407    0.43737734    0.43995468    0.45526237    0.24539777    0.00000000    0.30280972    0.61371994    0.53467064    0.65183268    0.87915803    0.79080462    0.70603521    1.31202729    1.12815192    1.67629118    1.38255772    1.42863871    1.24831097    1.26476550    1.26921302    1.64923219    1.78456308    1.73330792    2.28253206    1.08283373    1.38765479    1.47001543    1.22982838    1.52729249    1.20375014    1.26293401    1.61552902    2.10106556    1.39709575    1.12544751    1.56356265    1.79563384    1.49728467    1.31438407    1.70063166    1.72470911    1.61736320    1.71970421    2.55598379    2.74438772    1.76341682    2.14644369    2.07931600    1.41266273    2.17745798    2.00912607    1.91525814    2.51327397    1.25735161    1.21288568    1.31997713    1.01278053    0.98179402    1.32475150    1.24664383    1.42975958    0.91252589    1.54477960    0.88658305    1.23786684    1.54482157    1.16428818    1.09438696    1.06266602    1.70450028    1.47636272    1.36813545
A5GAN5_GEOUR/1092-1162     1.17176770    1.88237863    1.26846391    1.38086909    1.10549291    0.89804189    1.01310323    1.03997150    1.04923756    1.27639654    1.14773666    0.83412767    0.95065786    0.65417476    0.81018531    0.97460098    1.08705869    0.58060285    0.47957016    0.36798845    0.39002196    0.26825193    0.30280972    0.00000000    0.59096769    0.51713880    0.59698876    0.76518031    0.70548329    0.72837519    1.34303401    1.05290906    1.77441207    1.27538363    1.51451415    1.22631137    1.28828305    1.39027014    1.76547196    2.19112044    1.83371675    2.44182072    1.14036195    1.52699014    1.49386610    1.37497077    1.84506432    1.54626270    1.33691870    1.63070921    1.98120011    1.46543628    1.18739456    1.80493599    1.76837547    1.57387135    1.31383585    1.94865158    1.61638394    1.79867140    1.86990406    2.75622446    2.78367826    1.62587550    2.28794547    1.98196176    1.70384091    2.27926397    1.99584263    1.94923638    2.72453475    1.27459651    1.33692810    1.22038564    0.89852028    0.92420212    1.04051997    1.29572563    1.38177377    1.03654837    1.25209995    0.86031280    1.05920237    1.49268036    1.03192536    1.04958356    0.99120011    1.68564834    1.48699972    1.31523743
B3E8R8_GEOLS/138-203     1.05559466    1.91833504    1.35329007    1.23382320    1.11124549    0.84342915    1.12981076    1.02526056    1.10137964    1.44327283    1.24811496    0.92795071    0.80692550    0.70319686    0.74042450    1.01581046    0.89117762    0.58660389    0.70475167    0.69011455    0.75517559    0.66441667    0.61371994    0.59096769    0.00000000    0.38381932    0.63182299    0.73455520    0.68507263    0.63652260    1.03212372    1.02580856    1.81190011    1.46861781    1.40745589    1.23405092    1.12616688    1.25976145    1.58519825    2.06883554    1.53355270    1.83278749    1.37633885    1.58256921    1.36041495    1.50775276    1.60811614    1.57839346    1.21465595    1.12184954    1.64204714    1.28037315    1.26078400    1.79117815    1.58235541    1.46575025    1.36480739    1.58999028    1.25238374    1.46342526    1.91380757    2.41479015    3.00114787    1.34636183    1.91523398    2.09353037    1.67681591    2.02910561    1.65948620    1.79728737    2.62569696    1.46005049    1.60154549    1.45958105    0.81910734    0.94412982    1.33540347    0.92933059    1.24764663    1.12952435    1.55970048    1.07091375    1.27471295    1.71475286    1.02230675    1.02246492    1.05530290    1.63559596    1.36362027    1.22966775
B3E8R9_GEOLS/225-290     1.05473235    1.71808404    1.13699979    1.22785456    0.98645797    0.73293348    0.96671269    1.03149651    1.00058195    1.21032078    1.08649561    0.72669476    0.61096165    0.62486191    0.59283164    0.99761309    0.87538961    0.48296298    0.49249900    0.41905417    0.43053819    0.42362321    0.53467064    0.51713880    0.38381932    0.00000000    0.52518411    0.61065814    0.45937753    0.46347060    1.03955040    0.83792497    1.74126401    1.22457183    1.60751626    1.19040435    1.15834578    1.23335773    1.59471152    2.10185285    1.64381640    1.89016239    1.26664699    1.33245252    1.37822713    1.48233272    1.65280949    1.50275964    1.09129938    1.28426152    1.65511508    1.20900533    1.02251533    1.60828112    1.58023284    1.32404214    1.33892613    1.59299118    1.33794226    1.32891305    1.81354865    2.27611433    2.73567446    1.21370716    1.73914101    1.92796595    1.60345167    2.03843070    1.68646445    1.75239634    2.77174786    1.33832495    1.19707310    1.10143650    0.74688728    0.87862564    1.18730813    0.95892048    1.13990948    0.96625766    1.31879076    0.88255220    1.22569934    1.45855436    1.01956039    1.08495994    0.98040627    1.52953920    1.26873603    1.24379649
Q748I6_GEOSL/1008-1073     1.16863784    1.58146485    1.45761627    1.36843885    1.09426493    0.71530294    0.78286698    0.65318940    0.83872512    1.43524356    1.17374460    0.74918631    0.94624319    0.69199247    0.68811970    1.21915584    1.03625981    0.62958209    0.59073348    0.60191347    0.66137846    0.60054771    0.65183268    0.59698876    0.63182299    0.52518411    0.00000000    0.47137253    0.50932158    0.47353125    1.11640048    1.13091045    1.79615638    1.36804242    1.47347674    1.20359418    1.25464321    1.45372540    1.38973734    2.05218567    1.32773352    2.13218335    1.36896074    1.40759139    1.86781844    1.50877235    1.88576764    1.64842371    1.12838647    1.37722876    1.72161982    1.21953045    1.36049030    1.71052885    1.67790467    1.86463719    1.67286320    1.63278672    1.67641982    1.84983463    2.33383027    2.44579715    2.78030842    1.33176889    1.97841303    2.23405660    1.83670533    2.06084716    2.21773788    2.13109314    3.11565023    1.68298058    1.70656071    1.43344725    1.04697804    0.98890803    1.23738867    1.44085346    1.45457364    1.06128388    1.43386723    1.07059999    1.37138836    1.66870875    1.13389515    1.14016117    1.01812519    1.48166704    1.41800504    1.19197368
Q748I6_GEOSL/1670-1735     1.54136960    1.54278992    1.49415179    1.41911854    1.03053705    0.75679016    0.83951499    0.89075829    0.99490078    1.32478624    1.34852375    0.87378357    1.11499637    0.66918796    0.95750448    1.20251550    1.05572031    0.67537735    0.88072236    0.78367457    0.90246334    0.80578286    0.87915803    0.76518031    0.73455520    0.61065814    0.47137253    0.00000000    0.56151781    0.61134594    1.42127858    1.13190097    1.96979912    1.70747584    1.74672855    1.56024081    1.53466030    1.61685677    1.47165342    2.48127826    1.96080051    1.94658383    1.44440586    1.65569688    1.97408318    1.55282543    2.06520943    1.81589282    1.40028010    1.57286764    1.90726666    1.53193622    1.65877829    1.58978497    2.01234933    2.11552795    1.80634691    2.03283649    1.64281396    1.81625802    2.44214606    2.35698183    2.69251789    1.70505468    2.19667878    2.45319398    1.92650423    2.05938578    1.97279084    2.23317892    2.59962768    1.64046162    1.79768304    1.33465040    1.26061080    1.09904237    1.48811125    1.49831680    1.41335008    1.16619419    1.31032176    1.08932084    1.47501358    1.50931857    1.13930971    1.15958246    1.28872800    1.77268115    1.69346168    1.53089497
Q748I6_GEOSL/846-911     1.28567266    1.57652894    1.21770717    1.13942869    1.14777433    0.67889811    0.96710307    0.87945796    0.80746734    1.28502782    1.26376921    0.61974550    0.86433030    0.78093635    0.73492021    1.13720149    1.11082311    0.76612937    0.69842957    0.53554657    0.68760049    0.71460090    0.79080462    0.70548329    0.68507263    0.45937753    0.50932158    0.56151781    0.00000000    0.26831509    0.88792041    0.85124975    1.65610538    1.40816081    1.44169206    1.23088534    1.16243726    1.33947537    1.63255776    1.94484654    1.67705880    1.69038394    1.18893388    1.32964815    1.65591737    1.35866668    1.55958609    1.32381090    1.11000388    1.28992961    1.86224052    1.35391477    1.20828115    1.49012687    1.72283467    1.48067841    1.50093062    1.88422981    1.60546902    1.61687954    1.70363190    1.96281660    2.26933752    1.39552176    1.88843735    1.71534323    1.50686335    2.02750101    1.94692069    1.85550746    3.18507885    1.30711765    1.58734096    1.35091661    1.17418045    1.28637796    1.30174288    1.24016047    1.12849509    1.07780477    1.48957254    0.99249933    1.34965312    1.25984047    1.11663682    1.20998777    1.09883667    1.48436637    1.45919318    1.32361791
Q748I6_GEOSL/1341-1406     1.24644799    1.64205731    1.35269755    1.11940620    1.13644638    0.64589478    0.94646997    0.82454205    0.84565715    1.39598801    1.26819351    0.67050949    0.93359134    0.80981181    0.74953328    1.24967996    1.12119430    0.79514601    0.70335383    0.64796401    0.64766608    0.66734198    0.70603521    0.72837519    0.63652260    0.46347060    0.47353125    0.61134594    0.26831509    0.00000000    0.84119586    0.84742840    1.53034888    1.55010069    1.54969796    1.19570489    1.21291987    1.49600088    1.64076255    1.97055012    1.67009918    2.00543873    1.23955147    1.39952417    1.52785622    1.41474426    1.58884553    1.40491558    1.02712198    1.37286133    1.78985545    1.34623900    1.24814460    1.75661335    1.68037950    1.70738822    1.76619582    1.77751360    1.64831628    1.66623816    1.69073186    2.15590823    2.42883611    1.48181288    2.13293830    1.99828185    1.41479450    1.96436027    2.00823979    1.98491955    3.40601598    1.29701919    1.70911970    1.58973053    1.13398172    1.16438383    1.41389964    1.32086080    1.19185772    1.18304460    1.53435617    0.93389484    1.34727601    1.46121739    1.22224621    1.16242902    1.16290624    1.58660410    1.55525840    1.26811648
A0JZS5_ARTS2/286-351     1.65767791    1.83092414    1.62043622    1.69399341    1.73936612    1.24669724    1.37985148    1.26231676    1.28853836    1.61201368    1.77023626    1.29585671    1.51122546    1.65124988    1.39756834    1.79836050    1.75721071    1.37322972    1.16213633    1.09257023    1.20196297    1.11944021    1.31202729    1.34303401    1.03212372    1.03955040    1.11640048    1.42127858    0.88792041    0.84119586    0.00000000    0.99694557    2.53779434    2.04699742    1.79524325    1.73743300    1.86603502    1.82888044    2.24196769    1.74219247    2.15760829    2.07663425    1.44836853    1.87604480    1.62059432    2.12377408    2.17148478    1.75488520    1.40607909    1.56480985    2.36435200    1.61562475    1.38237448    2.16509639    1.74064863    1.64120713    2.14592677    1.94545265    1.51203791    1.39696638    1.96979277    2.57033245    2.64452904    2.01219574    1.82862403    2.63176499    2.22143220    2.24378608    2.59033599    2.24436733    2.90932242    1.54428931    1.78725340    1.97021727    1.29894527    1.35121514    2.17158024    1.94456124    2.06100438    1.51229602    1.75686748    1.50977269    1.52115578    2.12901318    1.92473809    2.02266649    1.83362148    1.55655858    1.51870061    2.06949697
