21
Q5KZ74_GEOKA/56-150     0.00000000    1.77279517    1.59712862    2.05716950    2.33645678    2.83119612    2.64321946    2.74469084    3.65123180    2.88875699    2.84927043    4.19936376    4.00802804    2.07614523    3.44784379    2.41411192    1.96808896    3.10648276    3.96946800    3.24813193    3.72451736
Q65LY7_BACLD/58-152     1.77279517    0.00000000    0.41793938    2.49193110    2.34813214    2.29271042    2.21974632    3.22796218    3.54651870    3.41293117    2.30377894    2.88266778    2.63836563    2.08261438    3.22798526    2.35494363    1.99432567    2.68115763    3.29165703    3.14740191    3.56372883
YHDL_BACSU/60-154     1.59712862    0.41793938    0.00000000    2.64084851    2.46356831    2.97352393    2.32411300    3.46251417    3.09289077    3.66491190    2.20411250    2.88492689    2.52227069    2.13770303    3.42761948    2.53457397    1.99263011    2.53512516    3.38549663    3.09328799    3.17291976
Q8E1U6_STRA5/12-100     2.05716950    2.49193110    2.64084851    0.00000000    1.52293899    2.16621936    1.86864293    1.36971537    2.67715705    2.17309058    2.80353612    4.80385060    4.18399290    2.71119298    2.62763808    4.50837507    2.86728339    3.84578972    3.88679478    3.62616967    4.06038993
A0A6L8PV00_BACAN/6-95     2.33645678    2.34813214    2.46356831    1.52293899    0.00000000    1.22898520    0.41595943    1.22879705    3.18305391    2.35466399    2.09371584    3.35107697    2.99100486    2.69636834    2.89451082    3.59699246    2.78748485    3.41918618    3.39602789    4.14437377    4.21401526
Q82ZN2_ENTFA/4-93     2.83119612    2.29271042    2.97352393    2.16621936    1.22898520    0.00000000    0.96920014    1.64692135    2.60286462    2.86708628    2.78174679    4.12724207    4.00037980    3.96729979    3.24359770    3.70233465    3.02760165    4.17031505    3.39157951    4.59471905    4.82240295
D3FRH0_ALKPO/6-95     2.64321946    2.21974632    2.32411300    1.86864293    0.41595943    0.96920014    0.00000000    1.24700928    2.57958189    2.39843692    2.18931723    3.16565771    3.14834201    2.47352313    2.86872091    3.08625662    2.24177930    3.17321281    3.18273246    3.55987931    3.65097989
K8ET18_CARML/12-101     2.74469084    3.22796218    3.46251417    1.36971537    1.22879705    1.64692135    1.24700928    0.00000000    3.22426701    2.71371216    3.05705237    3.79054865    3.29429124    2.77549925    4.59852563    3.57721973    3.42512988    3.71820191    3.51868857    5.21333760    6.59910445
K0B1H6_GOTA9/29-117     3.65123180    3.54651870    3.09289077    2.67715705    3.18305391    2.60286462    2.57958189    3.22426701    0.00000000    2.66817741    2.19775547    2.70485923    2.33708490    3.70408247    3.75448006    2.62942830    3.24367305    3.76159589    4.83108901    4.40661717    4.62549738
X4ZFL2_9BACL/15-103     2.88875699    3.41293117    3.66491190    2.17309058    2.35466399    2.86708628    2.39843692    2.71371216    2.66817741    0.00000000    1.77963745    2.97054651    2.78893528    2.62324748    2.82336736    3.79601237    3.19343589    3.27067909    3.10635270    4.26771092    3.73460607
W0EBX0_9FIRM/16-104     2.84927043    2.30377894    2.20411250    2.80353612    2.09371584    2.78174679    2.18931723    3.05705237    2.19775547    1.77963745    0.00000000    1.76734060    1.44161139    2.54400408    2.26889561    2.60256015    2.88892093    2.63527264    2.59041210    3.53932180    2.93828787
Q3AAZ5_CARHZ/19-108     4.19936376    2.88266778    2.88492689    4.80385060    3.35107697    4.12724207    3.16565771    3.79054865    2.70485923    2.97054651    1.76734060    0.00000000    0.25734288    3.57656561    3.65871676    3.13854163    2.89140976    2.91315831    3.23014161    3.50056539    3.41852696
Q8R9P7_CALS4/17-106     4.00802804    2.63836563    2.52227069    4.18399290    2.99100486    4.00037980    3.14834201    3.29429124    2.33708490    2.78893528    1.44161139    0.25734288    0.00000000    3.27622080    3.00360746    2.89201625    2.94920225    2.75574876    3.17540806    3.20052960    3.02940888
A0A6L7HH45_BACAN/34-127     2.07614523    2.08261438    2.13770303    2.71119298    2.69636834    3.96729979    2.47352313    2.77549925    3.70408247    2.62324748    2.54400408    3.57656561    3.27622080    0.00000000    2.22490860    1.97142277    1.74942029    2.66647510    2.54801516    3.23868749    4.08640967
R6N900_9FIRM/32-125     3.44784379    3.22798526    3.42761948    2.62763808    2.89451082    3.24359770    2.86872091    4.59852563    3.75448006    2.82336736    2.26889561    3.65871676    3.00360746    2.22490860    0.00000000    2.80388555    2.27852982    2.20951769    3.44556091    4.21565474    3.98058812
L0EIK5_THECK/86-178     2.41411192    2.35494363    2.53457397    4.50837507    3.59699246    3.70233465    3.08625662    3.57721973    2.62942830    3.79601237    2.60256015    3.13854163    2.89201625    1.97142277    2.80388555    0.00000000    1.33595646    2.02550857    3.21448142    3.38000017    2.97912033
D3EBS5_GEOS4/69-161     1.96808896    1.99432567    1.99263011    2.86728339    2.78748485    3.02760165    2.24177930    3.42512988    3.24367305    3.19343589    2.88892093    2.89140976    2.94920225    1.74942029    2.27852982    1.33595646    0.00000000    1.86629575    2.41294742    2.94839212    3.23276567
Q81GS3_BACCR/65-153     3.10648276    2.68115763    2.53512516    3.84578972    3.41918618    4.17031505    3.17321281    3.71820191    3.76159589    3.27067909    2.63527264    2.91315831    2.75574876    2.66647510    2.20951769    2.02550857    1.86629575    0.00000000    2.29558782    3.21352987    2.90673539
C0ZL38_BREBN/70-158     3.96946800    3.29165703    3.38549663    3.88679478    3.39602789    3.39157951    3.18273246    3.51868857    4.83108901    3.10635270    2.59041210    3.23014161    3.17540806    2.54801516    3.44556091    3.21448142    2.41294742    2.29558782    0.00000000    2.89115505    3.13906665
U5LGI5_9BACI/10-103     3.24813193    3.14740191    3.09328799    3.62616967    4.14437377    4.59471905    3.55987931    5.21333760    4.40661717    4.26771092    3.53932180    3.50056539    3.20052960    3.23868749    4.21565474    3.38000017    2.94839212    3.21352987    2.89115505    0.00000000    0.84678067
Q8ERK5_OCEIH/10-101     3.72451736    3.56372883    3.17291976    4.06038993    4.21401526    4.82240295    3.65097989    6.59910445    4.62549738    3.73460607    2.93828787    3.41852696    3.02940888    4.08640967    3.98058812    2.97912033    3.23276567    2.90673539    3.13906665    0.84678067    0.00000000

