110
A5I029_CLOBH/36-137     0.00000000    2.27262041    2.28522322    3.28852759    2.69697197    2.38566262    2.79262862    3.34415817    1.89039988    2.32663774    2.34935074    2.18107339    3.43319758    2.50177397    1.98874026    2.19171365    2.44854321    1.92100971    2.04310658    2.01402403    2.02336001    2.29552554    2.17065332    2.53284920    2.89518224    2.71535497    2.29262055    2.65154445    2.06703466    2.76937647    3.43224444    3.17172528    2.20689449    2.38829205    2.80693203    2.37678013    2.91247747    3.15785394    2.72176793    2.87322004    3.20960522    3.08355959    2.46981023    1.86291475    2.97887969    1.87779229    2.27623718    3.10711351    2.89475117    2.82203038    3.50659846    2.60858001    2.74182144    2.70369194    2.57166301    3.69912613    2.64803290    2.22208839    1.79008277    2.41953657    2.14749406    2.18016492    2.34873726    2.55681897    2.29721833    2.46876024    2.47060311    2.81276652    2.04138741    2.90976687    3.47908091    2.98952352    3.95441404    2.24597387    3.15390720    2.86710557    3.09033850    3.49224791    3.36358407    3.21453487    3.77910464    3.24699019    4.71753908    2.99401918    4.00343459    3.53613708    3.08887428    2.98349244    2.46152171    3.18157535    2.35872561    2.08162417    2.55761708    2.28041105    2.39445320    3.33497432    2.84931493    2.84155313    2.27948527    2.15197098    2.73988361    2.27739817    2.55453338    2.18881049    1.94099594    2.01883851    2.39855151    2.03881445    2.78212233    2.54829947
D3ED91_GEOS4/41-129     2.27262041    0.00000000    0.35529799    1.49869614    1.59741981    1.53893869    1.83818684    1.61605838    2.69939911    3.28954160    2.34793963    3.20397919    4.53350654    2.95390952    2.26075003    2.99234322    2.15268914    2.05054615    2.45186384    2.21246831    2.53450588    2.55008683    2.95383943    2.53080523    2.83532854    3.77808405    2.90333209    2.84314746    2.97419858    3.30664889    4.50501643    4.06419531    2.77653688    2.99456563    4.38395752    3.83797331    2.83589188    2.88741013    2.89779578    2.85436634    3.13561733    3.44594612    2.69519757    2.99095630    3.18201700    2.67898732    2.84422034    2.35356165    3.08637649    2.74219350    4.33549897    3.61893046    3.54567965    2.96279063    2.53754512    4.11097860    4.29339720    3.33729980    1.98040814    2.77446818    1.92006919    1.70193187    2.84181023    2.63346861    2.86976178    3.34662365    2.73686239    2.61414658    2.27962629    2.95039596    2.77864013    3.67011020    2.80008310    2.33204924    3.11462508    2.87831687    2.76606211    3.58458613    2.72063613    2.57441378    2.90149655    2.92405688    2.32458185    2.60355886    3.12057277    3.28434550    2.97780546    2.73532130    2.74987530    2.70074524    2.56802669    2.79033206    2.82944797    2.16316477    1.88183035    3.18677153    2.71524940    2.42605633    1.74169354    2.02852970    2.41363438    1.66821590    2.12981179    2.07098723    2.09775943    1.85383931    2.44765786    2.42404756    2.78563043    3.90552829
C6D8F1_PAESJ/41-129     2.28522322    0.35529799    0.00000000    1.53692352    1.37201350    1.47868613    1.67114132    1.49955752    2.91058867    2.91047228    2.19566948    3.13791618    3.51347771    2.87236176    2.31424406    2.77284555    1.93367682    1.72651309    2.17220429    2.13588222    2.47917253    2.35473475    2.88353276    2.27389301    2.97597437    3.13368241    2.32810409    2.74015403    2.65866199    2.61675829    3.66873887    3.22885100    2.53611784    3.13648605    4.97012557    3.29441414    2.64866559    2.68676108    2.69033411    2.94371828    3.49606058    3.21350205    2.53251847    3.16542786    3.18068457    3.00208799    2.68490155    2.15725315    2.81734051    2.54136853    4.07522357    2.81629215    3.47590938    2.42695498    2.25648194    3.23566931    3.78088233    2.87444518    1.73880826    2.61481669    1.80551427    1.52587329    2.52652898    2.09354296    2.78364904    2.59701690    2.39603500    2.12272474    2.03589153    3.02871654    2.63484826    3.30079543    2.78799546    2.03053171    3.18782624    3.19615560    3.37450162    2.86528178    2.29871835    2.85139419    2.45678881    2.50805513    3.01579461    2.39407635    3.03893716    2.72848030    3.03290395    3.00843396    2.59679700    2.87224226    2.34977448    2.50455387    2.69901267    2.08891516    2.18960878    3.12976931    2.89826267    2.59538514    1.84305343    2.04304121    2.92125737    2.01394303    2.00938788    1.73791661    2.25958052    1.74153340    2.24101802    2.11233280    2.64720940    3.39006806
Q9KBA1_BACHD/39-127     3.28852759    1.49869614    1.53692352    0.00000000    1.23147145    1.16072634    1.08939699    1.13631617    3.63720864    4.08184493    3.07936588    3.25736528    7.36181359    4.50439532    2.69103540    2.80922546    2.81667854    2.61690809    2.34244237    2.42179669    3.38210048    3.13240194    2.99917777    3.48924500    4.10458374    3.99532368    3.46756488    3.63001290    3.73982543    4.30491268    4.34112487    3.71474168    3.68663426    3.62852777    4.58872908    3.55291523    3.35505442    3.57066743    3.35105797    3.65514322    3.53966588    3.08509842    3.57795109    3.62722556    3.06642122    4.41142293    3.62939000    3.11388141    2.76182975    3.70331041    4.08104008    3.87057705    3.62925658    2.82535520    3.67744816    3.38424404    3.76330293    2.77407807    3.15066344    3.27251565    2.75073120    2.76195825    2.99723329    2.70734527    2.85104244    2.93700946    3.24072730    3.09345884    2.54437514    3.91555013    3.48780664    3.21657122    4.45767750    2.45247818    3.47118770    3.26753501    3.76946973    3.08825777    3.77777919    2.97271697    3.13410627    3.08888200    3.51845938    2.94471952    3.67261050    3.48677830    3.12910089    3.77991069    4.38195615    3.92167240    3.48858780    3.41869252    4.13209565    3.79742705    2.83846494    2.74626277    3.13798427    2.82964502    3.00628644    2.69082603    3.17300401    2.62167171    3.02561075    2.57622349    2.80648763    3.01112054    3.53845336    2.59501350    2.10577719    3.49618153
G8M0E3_HUNCD/34-123     2.69697197    1.59741981    1.37201350    1.23147145    0.00000000    0.74958216    0.98048907    0.87727065    2.66769113    2.47558519    2.37619679    2.27695624    5.43095638    4.93463426    2.78210807    2.67949423    2.38085763    2.42677035    2.37038936    2.39347474    2.53135959    2.90603359    2.79288421    2.05886012    2.75207799    3.95017326    3.75620931    3.77255371    3.44040919    3.06449175    3.66896970    3.48116402    3.00066502    3.04153576    5.18162140    3.06385620    2.64523954    2.35468701    2.54320311    2.52648281    3.18414213    2.87655412    2.93621276    2.56223114    3.34429434    2.60545329    2.77200640    2.82153257    2.09570615    3.51957380    3.98474067    3.55732051    3.07132372    2.01083950    2.86485070    3.37869954    3.20787078    2.54569054    1.73862223    2.43164085    1.68093112    1.51869857    3.02974668    2.19511885    2.47461636    2.90552937    2.60965898    2.13844572    2.50392757    3.26209573    3.37036264    2.58240875    3.11252023    2.33053182    2.95512090    2.75359526    3.73339113    3.68193590    3.01392299    2.32916582    2.84665841    2.69118165    2.75898042    2.09461008    2.74700267    2.46021967    2.52491241    2.43392611    4.04511941    3.10590615    2.75405652    2.63511041    3.88281565    3.61256768    3.45446373    2.81056896    3.76411695    3.25365444    2.78339847    2.09152473    2.94481472    2.76705959    3.32704271    2.52044170    3.05538180    2.35303957    2.83989719    2.67315480    1.89696502    3.03959164
A6TVV9_ALKMQ/40-129     2.38566262    1.53893869    1.47868613    1.16072634    0.74958216    0.00000000    0.84888451    0.78974353    2.49567928    2.73618576    2.49061788    2.91803474    5.27046651    3.39042268    2.62916800    3.21131033    2.62660406    2.29552337    2.28513537    2.34233606    3.05759130    3.01272099    2.68657625    2.76895382    3.66712490    4.22234511    4.09717187    4.68569817    3.61073344    3.28856551    4.29151947    3.51919533    3.36326235    2.98712698    6.00302505    3.43007655    2.72027854    3.05660975    3.69234332    3.09035335    3.36455934    3.03396227    3.01767035    2.86174209    2.77361586    3.48148118    3.00269230    3.46297170    3.15908205    3.39599756    3.86650048    4.32874223    3.52145495    2.69771735    2.69104067    4.25480205    4.04343555    2.91615311    2.13073028    2.44555445    2.26568361    1.97155470    3.33637542    2.34187359    2.67394265    3.11041740    2.90741236    2.65276447    2.08081049    3.69727769    3.48095758    3.51038285    3.67593164    3.28576298    3.11305366    3.06906550    3.79267281    4.08526097    3.32745255    2.71496773    2.52992135    2.71712878    2.74424332    2.68521885    2.90797046    3.40331560    3.53737166    3.09654938    3.51371365    2.85894045    2.65155341    2.52312895    3.35288979    2.85657622    2.39707159    2.83853405    3.12044612    2.49745593    2.80811820    2.50947057    2.90527978    2.70555590    2.90176406    2.63231685    2.51322636    2.52355538    2.93998517    2.78242928    2.75987948    3.15444244
Q24UR4_DESHY/40-127     2.79262862    1.83818684    1.67114132    1.08939699    0.98048907    0.84888451    0.00000000    0.84981243    2.93618994    3.07754102    2.29706068    3.81826737    6.06633036    3.15018408    2.34767980    2.96825990    2.53782856    2.15670403    1.99877198    2.25800120    3.10624983    3.13792409    2.97048904    2.82240433    3.90414973    4.18085749    3.49849345    3.67635830    3.21409714    3.45190343    4.78291082    3.38012124    3.46984684    3.43906163    5.19355038    3.74825518    3.22160990    3.14477183    2.98901916    2.94307706    2.96149073    2.71808379    3.02141770    3.33296643    3.94878986    3.43322871    2.88886943    3.74186695    3.16818045    4.01099882    4.05067886    4.06178362    3.92073003    3.01298341    3.05361437    4.26616568    3.61248266    2.86993786    2.01446940    2.71166270    2.00474599    2.16101842    2.95302554    2.28498890    3.09944993    3.14166861    2.72429689    2.18342444    2.47255380    4.30613510    2.75680602    4.22885601    3.94834194    3.02380457    3.24897030    3.59217330    3.97056027    4.25346839    3.70041585    2.69790407    2.54717974    3.18828018    2.86397531    2.48845240    3.18626976    3.31269246    3.32203732    2.62339272    4.41708601    3.88915416    3.48662365    3.15918386    4.82062006    4.57576062    3.48833580    3.25901684    4.41725554    3.83801550    3.52930428    2.44404015    3.31800028    3.37827925    3.44099450    2.40394672    2.71785431    2.38751549    3.23139569    2.68683262    2.47206023    3.31853134
F6DQQ0_DESRL/37-126     3.34415817    1.61605838    1.49955752    1.13631617    0.87727065    0.78974353    0.84981243    0.00000000    2.63388543    3.14763162    2.66509558    2.96000925    5.58258616    3.42418470    2.43200838    3.46126097    2.64510482    2.08236150    2.14998787    2.21053272    3.61603571    3.29802255    2.47397408    2.84527745    4.03204780    4.89317644    5.49050941    5.27583698    3.95645043    3.84108334    4.92050621    4.02736871    3.30817622    3.57757086    6.33829945    4.54195180    3.54026956    3.23554525    3.07271570    3.50890420    3.88147549    3.74841653    3.41887759    3.85623616    3.23784929    3.61691118    2.86576721    2.52912282    2.58133070    4.47146430    4.37586452    4.09027993    4.53721470    2.87664688    3.18516002    4.20568441    4.49137931    3.24027530    2.40411714    3.31880501    2.06739698    1.93801218    3.41988370    2.25688756    3.15234740    4.27386101    2.88140414    2.63320922    2.43240429    2.85809292    3.51439295    3.86852250    4.59872352    2.89479347    3.24445087    3.30729000    4.38170438    4.58636743    2.92352261    2.58256834    2.37303219    2.89989305    3.01482256    2.57980547    3.35913909    3.27572406    3.55796139    3.50878465    3.56169360    3.40270111    3.23467332    2.99116219    3.27966722    4.05080718    2.77532868    3.70361127    3.89215695    3.55013718    2.96965562    2.61105405    3.08018372    2.89806579    3.42661985    2.47420347    3.29174225    2.46008122    2.92213667    2.84567771    2.91179370    3.62810237
M1MPG9_9CLOT/39-133     1.89039988    2.69939911    2.91058867    3.63720864    2.66769113    2.49567928    2.93618994    2.63388543    0.00000000    1.47343704    2.09541686    1.91770890    2.49328420    2.47541491    1.93022123    2.46340580    2.35177677    1.90911501    2.16014738    1.98227413    1.75611034    2.33007979    2.11966185    2.24312516    2.34511195    4.38823505    3.34259242    3.28465127    3.34454866    3.19430011    3.20815667    3.22777456    2.93752755    1.95136714    3.56767848    2.12572375    2.28896277    2.89275838    2.93706584    2.99044625    2.66128951    2.49736538    2.69099591    1.83025701    2.92420653    1.97678251    2.11111301    2.37672639    2.33659897    3.05730155    3.29520236    2.56447144    3.20515290    2.58195169    2.43858198    6.20427087    2.83096261    2.61131950    2.02094019    2.16753074    1.78599305    1.63664825    2.82773581    2.73927485    2.23538308    2.56431967    2.44101202    2.56135641    2.24711135    3.19584065    2.88120876    3.77555769    4.00018227    2.60656539    2.22114309    2.78954752    3.47741305    2.91846845    2.66931508    2.18274478    3.20866995    3.13295637    2.79518886    2.93847111    1.93279699    2.88709437    2.58683276    3.49294813    2.90360288    3.89791117    3.18848871    2.57532597    2.95404013    2.67022601    2.50893926    2.22318309    2.86893104    2.66178826    2.29462603    2.19714209    2.65965890    2.14303509    2.56948776    2.28092348    2.85107470    2.67094967    1.96378331    2.35162133    2.95594205    2.78902201
Q24P37_DESHY/42-135     2.32663774    3.28954160    2.91047228    4.08184493    2.47558519    2.73618576    3.07754102    3.14763162    1.47343704    0.00000000    1.36290477    1.53630091    2.66192964    2.69746977    2.53785626    3.07678566    3.09027046    2.73095386    3.53370255    2.87951500    2.02978786    2.60956885    2.72117862    2.55866672    2.66155370    4.25815307    3.13058803    3.17701796    2.45710919    2.48953550    3.41302801    3.94825404    2.40425941    2.52762283    2.50764348    3.06219063    2.72670258    3.25899649    3.58169355    3.54191485    3.10283370    2.95946604    3.92765531    2.25516786    4.09908329    2.34691669    2.53788923    1.90958675    2.35768513    3.17002028    3.04101188    2.42511590    4.02137325    2.45723792    2.48179310    4.85058624    2.72834037    2.44875211    1.95340049    2.29678490    1.92451545    1.85266465    2.64560252    2.52493284    1.92391011    2.42216748    2.09799181    2.71250774    2.13334962    2.87312673    2.62702194    3.85496850    2.80323803    2.77340507    2.28863602    2.20984530    2.90259006    3.35444944    2.58101525    2.19132077    3.23441219    3.29423524    2.85391342    1.93495734    2.06269006    3.33156315    2.64281493    3.29025275    2.79724627    2.73304537    2.59657387    2.28677302    2.67825661    2.13265242    2.36058028    2.72800079    3.30027981    3.28954373    2.56743371    2.33207122    2.32511880    2.31610653    2.70998790    2.22802818    2.31583059    3.30904791    2.45219856    2.92845448    2.43833125    2.89413705
R6NQF2_9FIRM/45-136     2.34935074    2.34793963    2.19566948    3.07936588    2.37619679    2.49061788    2.29706068    2.66509558    2.09541686    1.36290477    0.00000000    1.66708191    2.30442594    2.05250716    1.96551600    2.34203437    2.65911234    1.83352689    2.09735683    1.94993987    2.03605434    1.79946533    2.40920812    2.25313401    2.65517128    2.62495249    2.18557845    2.22505891    2.09344393    2.70895914    3.19732228    3.02706516    2.47071871    1.83427568    3.16872045    3.10736331    2.60284199    3.76252668    3.25855015    3.35432338    2.84437895    2.93914365    3.11896294    2.37432175    3.61439781    2.32956560    2.30962598    2.22570874    2.21458970    3.66076242    2.83085260    2.65038197    3.55158187    2.45997132    2.60085835    3.30537340    2.37305520    2.86996038    1.94453535    2.93492907    1.89531469    1.94645076    1.86994471    2.23118558    2.44610109    2.67340329    1.89507456    2.35105530    2.06597115    2.62417664    2.46528196    3.20837471    3.28185080    1.95818692    2.80935891    2.23482895    3.36138036    2.14946770    2.08518107    2.06427622    3.00875547    2.82020774    2.81593129    2.67392029    2.30638944    2.56651917    2.49656074    2.37414140    2.28965965    2.64934144    3.18170271    2.76642800    2.56583752    2.45217877    2.08652531    3.66856874    3.89241664    3.85892722    3.13833648    3.13239192    3.43462953    2.28509280    2.63332794    2.24883505    3.00943905    2.61102452    2.42724151    2.43039412    2.60513599    3.52422237
R5XRC6_9CLOT/47-129     2.18107339    3.20397919    3.13791618    3.25736528    2.27695624    2.91803474    3.81826737    2.96000925    1.91770890    1.53630091    1.66708191    0.00000000    2.87131342    2.63789698    2.74137150    2.70774807    2.73913626    2.41174310    2.84466723    2.59512816    1.76291470    2.16700762    1.81779469    2.20735258    1.76594474    4.44180202    3.81379854    4.29204780    3.65435653    3.60814351    2.69328713    2.68740837    2.95276997    2.54396962    2.23696926    3.24223828    2.76537117    3.47393953    3.46513410    3.06133761    3.35779302    2.62564979    3.35429821    2.32818552    2.73791464    2.53155875    2.64272025    1.96905749    2.41916883    3.60102529    3.04969493    2.95587375    2.52381748    2.03625042    2.84115223    3.89292451    2.42816214    2.28534018    2.20024938    2.43731250    1.68940381    1.54209617    3.34041077    2.17183908    2.01404994    1.80883403    2.28325865    2.81657991    2.11035058    2.86368807    3.03989214    2.22949641    4.06007032    2.39294455    3.58944968    2.58258961    3.55684806    3.45317049    3.03881047    2.60661093    3.22384540    3.15536385    2.71796142    2.84704857    2.72685259    3.54150475    2.99535090    3.18897971    2.80499028    2.58941279    2.45817792    2.44609969    3.23278375    2.32461735    1.77943159    2.93325848    2.51547914    2.74334906    3.11400332    2.58585020    2.65756983    2.99548714    3.40449771    3.09874051    3.00767593    3.11075475    2.37624529    3.20832103    1.80299872    2.08516262
W6RZQ7_9CLOT/41-128     3.43319758    4.53350654    3.51347771    7.36181359    5.43095638    5.27046651    6.06633036    5.58258616    2.49328420    2.66192964    2.30442594    2.87131342    0.00000000    3.54341732    3.58054487    4.01727759    3.63221110    2.52118888    2.59087809    3.45304123    3.44720960    3.71904786    3.29879136    2.60196295    4.11037215    4.89666789    3.19020089    2.71842330    3.91621572    3.57310999    4.28088932    3.32079076    4.69614373    2.65195622    3.30057802    2.64832424    3.50663544    4.04576991    4.46211586    4.44082623    3.29972653    3.47473627    3.78657879    4.33064663    7.33595416    4.84637986    3.18481730    3.90086874    3.28504339    4.26574216    4.30810179    3.36132439    6.02953709    3.67339711    4.05408461    4.60865670    2.13945737    2.96577212    3.26746508    2.69748730    2.13548624    1.62362803    3.53054941    3.34616671    2.99604169    3.31049035    3.38665483    2.08204518    2.63000998    3.71476327    3.55668452    4.14805560    4.04022361    3.69065576    3.69686799    3.52565547    3.94866688    4.27838686    3.79174090    3.08157222    4.17755366    4.62598607    4.19019873    3.89814210    2.86340852    3.16100383    3.12842033    5.43398975    3.34624222    5.91604377    3.56606320    4.35825377    4.28595753    2.79048453    2.60062686    4.50995315    4.58476958    4.88285295    5.45734551    5.23623261    4.99241020    4.25477455    3.55943399    2.95344475    4.47054257    3.65921844    2.90592205    2.96468024    3.17626022    3.46915709
D9SRN7_CLOC7/42-132     2.50177397    2.95390952    2.87236176    4.50439532    4.93463426    3.39042268    3.15018408    3.42418470    2.47541491    2.69746977    2.05250716    2.63789698    3.54341732    0.00000000    1.87210261    1.99752593    2.02044353    1.62604458    1.67166477    1.72666630    1.88755822    1.83191215    2.01496066    2.20031089    2.69822951    2.16593517    2.07035606    1.92141929    2.41295142    2.39750302    2.88712275    2.61325296    2.54448766    2.04028428    2.10687578    2.68282321    2.14566332    2.21927929    2.41976882    2.25953858    2.39159233    2.32112346    2.48167011    2.28962985    2.20279197    2.12796541    2.20887415    2.28392444    2.18138828    2.49888971    2.14256305    3.08687492    3.65663713    2.63140378    2.29790581    2.67233948    3.21828483    2.10011811    1.58718558    2.40313228    2.50336157    2.21583788    3.09414151    1.90876320    1.97493679    1.99061255    2.04484507    2.64213020    2.43457536    3.57268956    3.28695193    3.07984926    2.92030838    2.16629567    3.43823084    2.31229228    3.27489224    3.19914350    2.79051404    3.35335570    2.79918424    3.83138709    3.36743559    4.14011890    2.29906243    2.79846492    2.78643354    2.63551584    1.64801641    2.56255553    3.19164873    2.34206658    1.92954829    1.73894468    2.22722099    2.60271943    3.04919008    2.94055179    2.51476942    2.77330897    2.66550773    2.30335248    2.18563204    1.77843541    2.41463993    2.19515478    2.00671107    3.11143006    2.75355056    3.66808504
K0B3B4_GOTA9/56-145     1.98874026    2.26075003    2.31424406    2.69103540    2.78210807    2.62916800    2.34767980    2.43200838    1.93022123    2.53785626    1.96551600    2.74137150    3.58054487    1.87210261    0.00000000    0.83232389    0.86164257    0.54350681    0.66699126    0.54931880    1.62878993    1.65198478    1.43345195    1.91643626    2.51965068    1.65327018    1.67625633    1.44460768    1.53687924    1.71352242    2.01828011    2.43201853    2.03267248    1.47542286    2.41601496    1.96226246    1.79646125    1.94670106    1.93766363    2.07397381    1.91490970    2.01104744    1.55945801    1.49548252    1.93368488    1.75336962    1.49559456    1.76058220    1.80981719    1.87779937    1.97834358    2.16071052    2.23833099    2.29107689    1.59912365    2.19201654    2.51026930    1.41576902    1.10153050    1.66180223    1.46532217    1.34632973    2.01001262    1.73760718    1.58444118    1.75586694    1.61259935    1.48807354    1.54132506    2.17976098    2.48030789    2.86261825    3.59377268    2.19018635    1.99242716    2.15184264    2.70250155    2.65671472    2.44516662    2.51283320    2.94702505    2.87797258    3.54593707    3.16470661    1.98723348    2.16034858    2.11405684    2.61320229    1.80715333    2.66534643    2.68946271    1.90505155    1.96817302    2.22381151    2.01986518    2.93397649    2.82781376    2.39000048    2.38274018    2.43126397    2.08591092    2.41567741    2.32050553    1.91463220    1.93329235    1.85318409    1.84892690    2.82880515    1.94456977    3.29863180
Q893N0_CLOTE/49-138     2.19171365    2.99234322    2.77284555    2.80922546    2.67949423    3.21131033    2.96825990    3.46126097    2.46340580    3.07678566    2.34203437    2.70774807    4.01727759    1.99752593    0.83232389    0.00000000    1.01352822    0.76054408    0.90824877    0.88926323    1.62553893    2.27196421    1.76717257    1.57339367    2.44427776    1.63684644    1.58186268    1.43786170    1.94547179    2.04818623    2.54841893    2.38376458    2.49497979    1.75452699    2.40824111    2.15122881    2.11296397    1.95825810    1.84318685    2.01222864    2.00326968    1.99131809    1.73633958    1.94491204    2.50414970    2.24404466    1.52621568    2.04865145    2.10599213    2.10080673    2.14344889    2.93716824    3.29304412    1.94076720    1.79078236    2.36497108    3.01675884    1.33184924    1.40095475    2.05312011    2.06112550    2.10777418    2.27877102    2.06673636    1.97051659    2.08889671    1.69002784    1.83104869    2.11266809    2.56469580    2.62244518    2.69243178    4.13810079    2.28692883    3.23065434    2.71960810    3.58479309    2.77287364    2.62448436    3.29773590    3.46994119    3.14558146    3.63823237    3.14128138    2.51298264    2.10356006    2.32629937    2.69847650    2.22447972    3.53287684    3.25997115    2.46923430    2.51146746    2.86317163    2.54690646    2.23694749    3.11887968    2.57586466    2.48080580    2.26774273    2.26739793    2.22872948    2.11886467    1.96999270    2.13654104    2.15052341    2.05157182    3.22933067    2.46047748    3.28315848
K0B2V7_GOTA9/59-150     2.44854321    2.15268914    1.93367682    2.81667854    2.38085763    2.62660406    2.53782856    2.64510482    2.35177677    3.09027046    2.65911234    2.73913626    3.63221110    2.02044353    0.86164257    1.01352822    0.00000000    1.02447036    1.12532321    0.96433143    2.01245139    1.97088130    1.90252813    2.03657565    2.32484977    2.20458699    1.74570960    1.78201002    2.02719193    1.95612970    2.56912035    2.35994552    2.12600107    2.03053204    2.70316865    2.03515176    2.04572578    1.96041966    1.90490064    1.67680745    1.87317653    1.71461184    2.07769183    1.82889734    2.27819909    1.90150572    1.61191995    1.77229140    1.80657220    1.76187004    2.12952118    2.67531167    3.10565728    2.33970841    1.82673928    3.26528050    3.33276737    1.56244091    1.15385185    2.12401488    1.65016122    1.52638297    2.04539547    1.59125939    1.77371829    1.73231269    1.74130260    2.01662120    1.88679984    3.43583308    3.43938688    3.60334664    3.93504240    2.38709510    3.48687696    2.89094586    4.25733611    4.28780706    2.93460021    3.10750088    2.66692732    3.76116376    3.32512897    3.68936067    2.96792386    3.12075168    2.72516075    3.07667330    2.48593026    2.95003600    2.84619361    2.70234993    2.57493290    2.77502934    2.20980842    2.68057322    2.61270544    2.33363892    2.34273037    2.14857601    2.15919981    2.52405787    2.13101221    2.09656830    2.58712708    2.13224431    2.01030222    2.93178373    3.07805403    4.14015695
A5HXU0_CLOBH/57-146     1.92100971    2.05054615    1.72651309    2.61690809    2.42677035    2.29552337    2.15670403    2.08236150    1.90911501    2.73095386    1.83352689    2.41174310    2.52118888    1.62604458    0.54350681    0.76054408    1.02447036    0.00000000    0.44669317    0.47765879    1.41760213    1.64477042    1.55474752    1.71395481    2.58432761    1.41242442    1.40525106    1.48611238    1.61703768    1.85642277    2.25356941    2.00510707    2.21007005    1.49088901    2.48421120    1.96704768    1.58696176    1.65190051    1.73015766    1.71208268    1.59989209    1.61758460    1.41467529    1.52967146    1.87015787    1.79944133    1.17361846    1.76085301    1.59599422    1.95505798    1.82302397    2.12434584    2.08056851    2.33461219    1.59985840    2.10227178    2.00035879    1.17487846    0.99362933    1.61943840    1.45614518    1.34463528    2.00228896    1.35646164    1.73806695    1.64265378    1.46112782    1.19802845    1.35549952    1.99745973    2.54160892    2.71632811    3.60108481    2.35108463    2.19959018    2.15390043    2.81087338    2.50518083    2.64027015    3.00719224    2.06375442    2.86968183    3.54536201    2.61786287    2.44231875    1.97159055    2.35878629    2.03751494    1.39911477    2.26832652    2.43897728    1.71659467    1.59923189    2.01567425    1.70220267    2.41613752    2.48186625    2.13321053    2.23708819    2.23544233    2.14621112    2.09701532    1.85165540    1.63460759    1.97350952    1.39355442    1.50282009    2.54277312    1.96400563    2.89342779
U5S1G5_9CLOT/56-145     2.04310658    2.45186384    2.17220429    2.34244237    2.37038936    2.28513537    1.99877198    2.14998787    2.16014738    3.53370255    2.09735683    2.84466723    2.59087809    1.67166477    0.66699126    0.90824877    1.12532321    0.44669317    0.00000000    0.62612489    1.86614524    1.77082499    1.70476227    1.75032259    3.16269529    2.03791840    1.73290361    1.52808683    1.68341249    2.03761157    2.15353479    2.08822323    2.31986571    1.67192831    2.41330907    1.80501430    1.89653667    1.65797552    2.10077476    2.03737688    1.75855983    2.02987030    1.74031194    1.65986015    2.21021412    2.03280821    1.47093032    1.83165042    1.52638957    2.20413365    1.92477885    2.93915567    3.08148401    2.45639582    2.17397699    2.19698408    2.48349082    1.37458455    1.08768073    1.86561175    1.51502854    1.27527023    2.23885189    1.45211376    1.87027946    1.87907983    1.61846277    1.57742443    1.71241300    2.20302243    3.19870595    3.45986683    4.09636828    2.43865247    2.50661305    2.56652543    3.42393952    2.94333886    2.71043756    3.55031847    2.36244108    2.73882417    4.26751798    2.77518012    2.91570848    2.01352257    2.85335075    2.14917103    1.50466256    3.01163611    2.96819896    1.92224304    2.32842586    2.18277773    1.97959539    2.61465246    2.66867133    2.38640051    2.45041070    2.80392100    2.57037719    2.29838879    1.91506873    1.74235929    2.25234332    1.51258686    1.66342032    3.22145547    2.90124403    2.46713550
Q893M8_CLOTE/56-145     2.01402403    2.21246831    2.13588222    2.42179669    2.39347474    2.34233606    2.25800120    2.21053272    1.98227413    2.87951500    1.94993987    2.59512816    3.45304123    1.72666630    0.54931880    0.88926323    0.96433143    0.47765879    0.62612489    0.00000000    1.79105229    1.88852206    1.64757076    2.01286681    2.66732614    1.59099214    1.63419021    1.51194695    1.58647342    1.87368335    2.48986494    2.43566354    2.12875521    1.62280820    2.62152626    2.15231399    1.58829976    1.72238636    1.68817674    1.69218186    1.55139602    1.63109473    1.56676280    1.54438933    1.93423873    1.72597930    1.59719636    1.97234496    1.83594352    2.03558758    2.00839003    2.12446989    2.53674592    2.26402084    1.58511634    2.20918587    2.48372482    1.30077304    1.04260793    1.70674477    1.42920072    1.36799685    2.11271515    1.55395054    1.93933044    1.84319315    1.59387161    1.42661282    1.60942778    2.15818763    3.14395235    3.27378610    4.50593627    2.24346223    2.31059365    2.02612427    3.33395927    2.94844073    2.62071417    3.10433136    2.79751764    3.10101487    3.73804051    3.21640745    2.32284546    2.46286724    2.36676296    2.45069411    1.64926925    2.95064232    2.96298835    1.76820957    2.19553422    2.06735026    1.80020796    2.72764685    2.57784196    2.32481849    2.58875299    2.74236296    2.46211693    2.76744067    2.31296611    1.95695239    2.59998238    2.04207910    1.79684290    2.78879247    2.39497777    3.42770559
D9STA2_CLOC7/36-128     2.02336001    2.53450588    2.47917253    3.38210048    2.53135959    3.05759130    3.10624983    3.61603571    1.75611034    2.02978786    2.03605434    1.76291470    3.44720960    1.88755822    1.62878993    1.62553893    2.01245139    1.41760213    1.86614524    1.79105229    0.00000000    0.74444531    1.60109110    1.63751867    2.00773505    3.14724857    2.28074613    2.13141586    2.56865409    2.57685971    3.07844232    2.65527935    2.41428123    1.72035532    2.28846044    1.90376882    1.36589252    1.94155909    2.34487021    2.00395591    1.81915846    1.76327119    2.19318907    1.44354638    2.38026461    1.84500419    1.60607586    1.68437626    1.66169024    2.34098074    2.19966797    2.56999035    2.53018764    2.68853654    1.88079571    3.17271220    2.76890692    1.83315030    1.65710874    2.42505716    2.02963673    1.63052372    2.58607216    2.17197973    1.80077522    1.89258165    1.96704248    1.84078639    1.82631407    3.41898191    3.58658054    2.92652285    3.97474856    2.09576597    2.44492103    2.12495438    3.97415749    2.28728101    2.92313490    2.72783040    3.87620023    4.14424598    3.51546208    3.08461486    3.04201453    3.27087334    2.59792751    2.62670523    2.32844622    2.32033400    3.01468185    2.17159778    2.26559783    2.43885020    2.04045249    2.56569475    2.97454819    3.05634713    2.37769400    2.42659705    3.06704621    1.94296916    2.38869696    1.99759021    2.80045395    2.09410956    2.05705484    2.46083641    2.19686589    4.02438080
U5RZC6_9CLOT/36-127     2.29552554    2.55008683    2.35473475    3.13240194    2.90603359    3.01272099    3.13792409    3.29802255    2.33007979    2.60956885    1.79946533    2.16700762    3.71904786    1.83191215    1.65198478    2.27196421    1.97088130    1.64477042    1.77082499    1.88852206    0.74444531    0.00000000    1.66467816    2.39956812    2.13216437    2.79971418    2.50182873    2.23238055    2.16089654    2.25543455    2.69885318    2.24010897    1.72052258    1.47194320    2.43815788    2.28894884    1.62793298    2.30328244    2.20151896    2.27611794    2.14286174    2.18269278    2.28308455    1.80066754    2.53165700    1.98985654    1.65791130    1.74364871    1.43687747    2.35619003    2.38327099    2.35861253    3.04367018    3.63970662    2.18830741    3.29422032    3.47172056    2.33664651    1.49959692    2.25154554    1.74097566    1.53057991    2.82784796    2.21425990    2.22682509    2.38961428    2.09568750    1.83155279    1.70058234    3.29826159    3.52925571    3.82211388    4.92511168    2.20313969    2.48103175    2.11022486    3.70393100    2.40391704    2.52083401    2.66830843    3.21503482    4.75715252    4.00521538    3.21648019    3.00395194    2.36063341    2.12055339    3.01726806    2.13227523    2.39692362    3.41821724    2.38401890    2.69366360    2.42063141    2.04345124    2.97592293    3.48239783    3.59785141    2.50754890    2.87254204    2.99978720    1.99961501    2.43974708    2.17800651    2.54326476    1.89902764    2.17517889    3.11015913    2.63266999    3.76464007
Q893K2_CLOTE/47-137     2.17065332    2.95383943    2.88353276    2.99917777    2.79288421    2.68657625    2.97048904    2.47397408    2.11966185    2.72117862    2.40920812    1.81779469    3.29879136    2.01496066    1.43345195    1.76717257    1.90252813    1.55474752    1.70476227    1.64757076    1.60109110    1.66467816    0.00000000    1.70021182    1.89964520    2.88640267    3.18730039    2.74575141    2.66058903    2.51490428    2.35197878    2.77822040    2.26078608    1.61554190    2.45889563    3.10292210    2.15909289    2.62147401    2.60084415    2.79575339    2.95426406    2.78916733    2.61586695    2.36779489    2.62822345    2.18186773    1.59595785    1.93282832    1.90011389    2.28549433    2.42700377    2.39874102    2.62794568    3.04213600    2.21794934    3.31962007    2.88403063    1.86686015    1.59786347    2.29105762    1.64554680    1.48635550    2.61894890    2.11185756    2.14555854    2.38975249    1.90814567    1.67614479    1.51922962    2.91984120    3.68575865    2.13838417    4.38031253    2.83479887    2.63765264    2.98816500    4.06071857    3.86350735    2.58717471    2.66486767    3.43393742    4.24844748    4.17485611    3.11448079    2.76071189    3.25906811    2.64102436    2.86193071    2.32676244    2.67851225    2.92614568    2.20858137    2.68690341    2.45222081    2.03342276    2.99691966    2.49617341    2.45312452    2.69041721    2.74160021    2.15093228    2.95827718    2.95380442    2.52557929    2.70554487    2.04440427    1.96713283    2.40494031    2.65264938    3.17659733
W6S1D3_9CLOT/28-117     2.53284920    2.53080523    2.27389301    3.48924500    2.05886012    2.76895382    2.82240433    2.84527745    2.24312516    2.55866672    2.25313401    2.20735258    2.60196295    2.20031089    1.91643626    1.57339367    2.03657565    1.71395481    1.75032259    2.01286681    1.63751867    2.39956812    1.70021182    0.00000000    1.33579209    2.90852123    2.51889996    2.68322075    2.43222785    2.87145849    2.82149365    2.35660690    2.21710552    2.36601013    2.40552317    2.44202522    2.25126029    2.37922073    2.61645131    2.69489559    2.63766572    2.52791405    2.17509688    2.29991055    4.08257361    2.63664301    1.84844711    2.24783606    2.07738814    2.44537541    2.18517770    3.56459962    2.68238128    2.06391526    1.90595965    2.37703311    2.94048771    1.65120559    1.68990626    2.13060104    1.91904705    1.70118532    2.63539640    1.91901572    2.09099013    2.12447498    1.48516774    2.35944048    2.05405951    3.07315961    2.67589383    2.64866196    3.48470549    2.33992241    3.17942028    2.69247279    3.95419829    2.27808187    2.22382378    2.26181249    2.89007404    2.96189439    2.12992703    2.93949742    2.37075865    2.07491496    2.38650336    2.35902884    1.90528933    2.35269430    2.03129173    1.91209718    2.87594092    2.22378447    2.03152047    2.65360781    2.66839144    2.66211419    2.77437821    2.28651727    1.99942537    2.75906839    2.79981741    2.69061289    3.16881657    2.04735467    2.32658330    2.10431747    2.79662684    2.19310918
R5X0S4_9CLOT/30-116     2.89518224    2.83532854    2.97597437    4.10458374    2.75207799    3.66712490    3.90414973    4.03204780    2.34511195    2.66155370    2.65517128    1.76594474    4.11037215    2.69822951    2.51965068    2.44427776    2.32484977    2.58432761    3.16269529    2.66732614    2.00773505    2.13216437    1.89964520    1.33579209    0.00000000    3.76319578    3.00089610    3.38596392    2.77117881    3.75968070    3.02033406    3.33354653    2.63834634    2.11324194    2.89646237    3.66881649    3.01937102    3.28579801    3.21428686    3.07389721    3.10415496    3.03488670    2.72586189    2.99112614    3.35377126    3.67406111    2.65887527    2.63839190    2.61081722    2.72062772    2.72848867    3.68719608    3.12044707    2.16805154    2.40964176    4.72755741    3.24425642    2.68404577    2.00076125    2.10991071    1.40715213    1.45624710    3.08853641    2.21886024    2.46036737    2.46465106    2.37606898    2.26014419    2.08642517    2.71617642    3.01758374    2.80119839    3.34033304    2.29871672    3.80226709    2.44314471    3.81756166    3.82399384    2.86879711    2.81398894    3.56752363    4.48476994    2.57322491    3.19842019    3.24839100    3.09524827    2.14757071    2.71794999    3.13996766    2.48780163    2.49355533    2.27711826    2.99482988    2.13673068    2.34393973    2.27786911    3.06341898    3.08188187    3.79503150    2.60475452    2.39308360    2.90722721    3.21395448    2.48128798    2.65829295    2.84175264    2.79585072    2.93813780    2.27044012    3.39835535
