51
C6XZI1_PEDHD/4-63     0.00000000    1.52584186    1.37896145    1.18322965    1.19667528    2.02371662    1.76691508    1.64117623    1.77605996    1.79609093    1.87883409    1.77758516    1.64452583    1.10826511    1.19111126    1.56528826    1.31800862    1.14298218    1.47688868    2.11165055    1.59150058    2.57437246    1.55204488    1.26587664    1.62107859    1.33940165    1.27372654    1.20009522    1.65516079    1.45528677    1.51475516    1.61458821    1.47913204    1.64928851    1.68334475    1.65348517    2.07880134    3.54289167    2.93479809    2.89320135    2.53714692    2.54469902    2.35519482    2.00670355    3.27993799    1.57745631    1.73617318    1.85995105    1.97666924    1.66870373    1.59375557
Q5NFX7_FRATT/4-64     1.52584186    0.00000000    1.51352544    1.66034107    1.47333416    1.98687087    1.93964475    1.49767768    1.58895427    1.94368082    2.23886218    1.90923039    1.89430688    1.77565737    1.82358143    1.72889776    1.99628113    2.03738989    2.05502181    3.90677408    1.99779486    2.82558898    1.94015997    1.78410396    2.36520979    1.87788738    1.66122480    1.58342310    2.15205088    1.64024519    1.91962372    2.16849579    2.15475508    1.86507178    1.88098312    2.01065988    2.43328561    3.14722373    2.76041567    2.77265607    2.39542571    3.09018979    2.68137736    3.04709507    3.27325670    2.22293286    1.91928663    2.57274610    2.51556802    2.78325717    2.15250355
C8X303_DESRD/3-63     1.37896145    1.51352544    0.00000000    0.77514385    0.81616493    1.15591745    1.44087369    1.18438741    1.46422779    1.55375529    1.52536470    1.28761497    1.53240914    1.06663580    1.24768352    1.16475835    1.35697147    1.35466151    1.15903887    1.48680153    1.37997888    2.02861232    1.10791574    1.09974255    1.50265964    0.94470466    0.95697888    0.71623959    1.44252613    1.21052417    1.65972783    1.53472034    1.12198134    1.49638316    1.40315615    1.35896943    1.94601493    2.41213603    3.28409366    2.51540463    2.04856638    2.40813436    2.03228398    2.10859833    2.26423877    1.39470670    1.25351865    1.19634306    1.59369157    1.37404682    1.46865312
B3PBI4_CELJU/4-64     1.18322965    1.66034107    0.77514385    0.00000000    0.77133116    1.43400674    1.70398136    1.39991735    1.67228615    1.61966930    2.04705004    1.45234898    1.14214496    0.99642041    1.02078223    1.11247388    1.08148369    1.20857376    1.21207666    1.81664133    1.08330664    1.77052030    0.99724862    1.06182051    1.75871999    0.95793902    1.08643607    0.87108042    1.45030442    1.48672765    1.70624147    1.62500351    1.42504234    2.02428501    2.05662331    1.74244575    1.92407814    2.59502345    3.32599698    3.25891407    2.69248252    2.96846841    2.66555866    1.99519907    3.39988280    1.51671139    1.39765524    1.45053379    1.87102334    1.39174608    1.31747861
Q87PA4_VIBPA/4-63     1.19667528    1.47333416    0.81616493    0.77133116    0.00000000    1.17573325    1.36599345    1.32105353    1.48580551    1.22937115    1.25095505    1.13776319    1.29462671    0.95934290    1.21196225    0.96188338    1.02172732    1.36217824    1.13185070    1.62426934    1.20501890    1.78975043    1.00677378    1.06605259    1.43364510    1.02638257    0.86343654    0.92198824    1.53987414    1.44318788    1.23512867    1.41068262    1.14138379    1.76590554    1.61201867    1.56009289    1.84082630    2.49140185    2.97373474    2.54027859    2.48462005    2.60420851    2.39866543    2.40045405    2.60998191    1.20019556    1.39126305    1.27407230    1.88362579    1.31974483    1.13397878
C7LTY5_DESBD/4-64     2.02371662    1.98687087    1.15591745    1.43400674    1.17573325    0.00000000    1.03027828    1.24367839    1.62479412    1.28121658    2.07981833    1.34500966    1.86944846    1.29573814    1.93941871    1.69786497    1.49171157    2.00452638    1.77054745    2.05594891    2.12456248    2.18930364    1.57949316    1.36231631    1.93511158    1.17378967    1.34912552    1.43730599    2.12448296    1.83088130    2.45685137    1.81527241    1.94857285    2.13406418    2.17030356    2.26232208    2.02067324    3.24746255    3.74612737    3.16904838    3.15687900    2.97946260    3.00704604    3.14989888    3.06252201    1.54182240    1.78420476    1.67821564    1.53395858    2.42239672    1.71934900
Q3IGA5_PSET1/4-64     1.76691508    1.93964475    1.44087369    1.70398136    1.36599345    1.03027828    0.00000000    1.23777332    1.47798939    1.49454361    1.45459958    1.58728069    1.67325874    1.41892549    1.29235274    1.69360289    1.66334344    1.64877305    1.60843955    1.71202496    1.92754500    1.75591294    1.63884186    1.29785526    1.63767275    1.15621221    1.90360970    1.65174383    1.99046811    1.31233388    2.00238819    1.31266493    1.72390318    1.89697902    2.02547789    1.93494059    1.40497101    2.78204538    2.89790714    2.61701692    2.94226150    2.68415568    2.37655177    2.26347453    2.48583477    1.49469929    1.72264563    2.02408373    1.53226402    1.77147029    1.52531782
Q0VLL2_ALCBS/7-67     1.64117623    1.49767768    1.18438741    1.39991735    1.32105353    1.24367839    1.23777332    0.00000000    1.21772353    1.66123168    1.64109986    1.66589012    1.78917345    1.57850817    1.57972140    1.56952872    1.71421231    1.76787076    1.34154394    2.23257111    1.67629935    1.89421328    1.57494913    1.61926984    1.94726244    1.56313366    1.88882833    1.31906192    2.29393254    1.58638373    1.81343131    1.88795516    2.04428391    1.82502967    1.61758772    2.07371093    2.41780209    4.12742858    3.71287209    3.88736540    3.46626675    3.84113143    3.61146021    3.10411335    4.09943462    1.78677192    1.77232463    2.02156469    1.97521741    2.00606777    1.76066377
A6TML0_ALKMQ/5-60     1.77605996    1.58895427    1.46422779    1.67228615    1.48580551    1.62479412    1.47798939    1.21772353    0.00000000    1.73421110    1.33245743    1.77869087    1.46124536    2.23131855    1.61842704    1.39812807    1.49533989    1.93560725    1.80266626    2.06152044    1.66108196    1.61020874    1.47697335    1.42561004    1.31636643    1.34477479    1.60949672    1.79748436    2.01967310    1.47905346    1.76768649    2.32981808    1.48917841    1.61761918    1.65870923    2.09020768    1.75244085    2.55093166    2.97918283    2.62465224    2.97286125    2.27276498    2.68755134    2.89901781    2.45189271    1.83886160    1.88234690    1.76909043    2.02933004    2.17020005    1.76956188
C4LEA9_TOLAT/4-64     1.79609093    1.94368082    1.55375529    1.61966930    1.22937115    1.28121658    1.49454361    1.66123168    1.73421110    0.00000000    1.29837577    0.83153721    1.92225193    1.76786298    1.88430425    1.67151519    1.69535899    2.01839051    2.13659642    1.64315476    1.69176281    2.00534587    2.09606190    1.55877194    2.04730030    1.26650273    1.45777545    1.53083087    2.45965648    2.06195891    1.98193247    1.96519941    2.66759352    2.79704520    2.25500162    2.43302035    1.95112998    2.69189009    2.80202860    3.45800211    3.05569653    2.95913252    2.90537733    2.86342556    3.21104397    2.48414132    2.11309706    2.49495106    2.07544931    2.30354517    2.11788639
Q3A174_PELCD/4-62     1.87883409    2.23886218    1.52536470    2.04705004    1.25095505    2.07981833    1.45459958    1.64109986    1.33245743    1.29837577    0.00000000    0.90407777    1.81981483    1.94363740    1.41504105    1.63235148    1.24995758    1.71660604    1.94898148    1.85437697    1.66604264    1.96990417    1.77342561    1.30615139    1.59773812    1.49186999    1.49390934    1.60893081    2.61658470    1.68180434    2.24764554    1.83820837    1.77703535    2.01829184    2.17154295    2.17305845    1.71703173    2.80226010    3.10432203    2.54063150    2.70592399    3.06406317    2.52305536    2.55303071    3.05377953    1.91590186    1.97742246    2.12739571    1.93654981    1.77383357    2.03036243
A0KK50_AERHH/84-143     1.77758516    1.90923039    1.28761497    1.45234898    1.13776319    1.34500966    1.58728069    1.66589012    1.77869087    0.83153721    0.90407777    0.00000000    1.63718700    1.41274168    1.34376876    1.25542426    1.13040202    1.46518214    1.45266095    1.64187921    1.77663082    2.05855495    1.42214286    1.51146574    1.69837267    1.27991582    1.37621803    1.33011017    2.12546490    1.85427939    2.10591556    1.76456822    2.17180069    2.14160526    2.08776640    2.15618030    1.41001880    2.14027220    2.58057842    2.61312739    2.42220014    2.87599919    2.47586585    2.12746438    2.70876542    2.09514258    1.92166227    1.91300805    1.76311817    1.86824462    1.67700088
Q6ARR1_DESPS/4-64     1.64452583    1.89430688    1.53240914    1.14214496    1.29462671    1.86944846    1.67325874    1.78917345    1.46124536    1.92225193    1.81981483    1.63718700    0.00000000    1.50745345    1.35671510    1.46591543    1.33150618    1.60345811    1.71485633    2.26384553    1.76800631    1.46251783    2.22930623    1.52075916    1.45604205    1.76331453    2.01915187    1.37340874    1.78855608    1.85068530    1.86385350    1.91487853    1.67504158    1.88587841    2.30433082    1.89461410    1.76501264    2.92379279    3.57660424    2.96725629    2.43201324    3.00213634    2.82894094    2.27529185    2.81584102    1.97314986    1.92337770    2.29892245    2.45914406    1.97948541    1.53720554
C7PIX8_CHIPD/4-63     1.10826511    1.77565737    1.06663580    0.99642041    0.95934290    1.29573814    1.41892549    1.57850817    2.23131855    1.76786298    1.94363740    1.41274168    1.50745345    0.00000000    0.98541832    0.90724931    1.01134412    1.19648139    1.07641977    1.46548325    1.14424833    2.09768697    1.12543416    0.95660498    1.38949230    1.23249788    1.03045832    0.73516835    1.43852179    1.46370699    1.80950107    1.46777989    1.49359433    1.97971975    2.29156448    1.61890228    1.98750374    3.07010956    2.74500325    2.90127771    2.39456225    2.70036765    2.45323742    2.32360109    2.58394026    1.42310762    1.48735229    1.49093374    1.52819039    1.64074635    1.04028808
C6VS94_DYAFD/4-64     1.19111126    1.82358143    1.24768352    1.02078223    1.21196225    1.93941871    1.29235274    1.57972140    1.61842704    1.88430425    1.41504105    1.34376876    1.35671510    0.98541832    0.00000000    0.86457894    0.72350049    0.75231698    0.75985415    0.95444702    0.93525945    1.43238066    1.06342786    0.83644933    0.83464149    0.85177797    1.30859362    1.05693155    1.67761372    1.11394352    1.61760882    1.31339892    1.21238824    1.58668513    1.78522730    1.73535310    1.67791039    3.07597903    3.48879177    3.05642630    2.84694407    3.68565772    2.18816850    2.16205345    3.02496985    1.49720608    1.32357418    1.34646549    1.54652052    1.18004359    1.10683858
B5EDF3_GEOBB/4-63     1.56528826    1.72889776    1.16475835    1.11247388    0.96188338    1.69786497    1.69360289    1.56952872    1.39812807    1.67151519    1.63235148    1.25542426    1.46591543    0.90724931    0.86457894    0.00000000    0.74838810    1.04898504    0.99210637    1.51987106    1.27582558    1.51305895    1.06536416    1.10446811    1.10114676    1.18216017    1.21228374    1.00151540    1.92278497    1.48897883    1.75049631    1.84695474    1.61400380    2.11482669    2.40350031    2.12355734    1.91151536    3.34359302    3.99939741    3.68949954    2.91032916    3.35969659    2.86047926    3.29869914    3.84469152    1.82321656    1.66790322    1.78479504    2.07560794    1.93385800    1.37115418
B3EAR3_GEOLS/8-67     1.31800862    1.99628113    1.35697147    1.08148369    1.02172732    1.49171157    1.66334344    1.71421231    1.49533989    1.69535899    1.24995758    1.13040202    1.33150618    1.01134412    0.72350049    0.74838810    0.00000000    0.90872146    1.11043496    1.09783579    1.13374495    1.28189296    0.99028817    0.99584697    0.82446870    1.02482748    1.01531568    1.13196589    1.73107660    1.34120630    1.88586303    1.78025355    1.53069619    1.86261841    1.91007550    2.20643250    2.16607502    3.43778029    3.40607755    3.08374469    2.76168773    3.40590856    3.18011224    2.80782633    3.80998411    1.46162423    1.60388149    1.83116280    1.99094925    1.61776865    1.21029409
A6GWW0_FLAPJ/4-69     1.14298218    2.03738989    1.35466151    1.20857376    1.36217824    2.00452638    1.64877305    1.76787076    1.93560725    2.01839051    1.71660604    1.46518214    1.60345811    1.19648139    0.75231698    1.04898504    0.90872146    0.00000000    0.94960334    1.35948257    1.43161442    2.00627170    1.28429809    1.12053290    1.29113849    1.13782942    1.32541260    0.99704625    1.59255368    1.23773498    2.00957311    1.37684652    1.27021549    1.70567508    1.90109648    1.92797002    1.56939645    2.65071386    3.77840416    3.08796549    2.86034450    3.32133685    2.69165308    2.13698254    3.03151185    1.40158166    1.61145886    2.01903268    2.10121924    1.72595570    1.31784034
C0QC89_DESAH/4-63     1.47688868    2.05502181    1.15903887    1.21207666    1.13185070    1.77054745    1.60843955    1.34154394    1.80266626    2.13659642    1.94898148    1.45266095    1.71485633    1.07641977    0.75985415    0.99210637    1.11043496    0.94960334    0.00000000    1.03296624    1.22609210    1.33547002    0.82861663    0.96983413    1.01826522    1.09140982    0.99713529    0.97126589    1.58675397    1.25273307    1.50735474    1.36684017    1.41485006    1.55476398    1.83998040    2.02682630    2.13688965    2.98397843    3.60382764    4.20318983    3.07803270    3.37252309    2.70966061    1.98371569    2.58851360    1.86020414    1.52907111    1.32216882    1.80640810    1.61651274    1.06605154
A3HSD0_9BACT/4-64     2.11165055    3.90677408    1.48680153    1.81664133    1.62426934    2.05594891    1.71202496    2.23257111    2.06152044    1.64315476    1.85437697    1.64187921    2.26384553    1.46548325    0.95444702    1.51987106    1.09783579    1.35948257    1.03296624    0.00000000    0.95491575    1.25241231    1.12541179    1.06061311    0.96896407    1.15850520    1.36602580    1.19040355    1.65773064    1.58928709    1.98856576    1.78362167    1.51466191    1.81245781    2.02206621    1.97404216    2.29650862    3.74093235    3.46862232    3.52315528    3.31312520    3.71999825    3.15868267    2.64680685    2.88576709    1.88405710    1.88430204    1.67730015    1.50707207    1.55755780    1.39405792
Q30TT8_SULDN/9-69     1.59150058    1.99779486    1.37997888    1.08330664    1.20501890    2.12456248    1.92754500    1.67629935    1.66108196    1.69176281    1.66604264    1.77663082    1.76800631    1.14424833    0.93525945    1.27582558    1.13374495    1.43161442    1.22609210    0.95491575    0.00000000    1.18999598    0.92857046    1.08589733    1.34030049    1.42820505    1.45711441    1.26758347    1.58770375    1.72997690    1.56105885    1.88044490    1.27589504    2.03435907    1.63583374    2.15417671    2.39569309    3.38110239    3.03141186    3.11335784    2.98480704    2.69867582    2.76168622    3.25186739    3.46747444    1.50902946    1.70372730    1.78752988    1.81076537    1.60991012    1.41464563
C9RN96_FIBSS/3-63     2.57437246    2.82558898    2.02861232    1.77052030    1.78975043    2.18930364    1.75591294    1.89421328    1.61020874    2.00534587    1.96990417    2.05855495    1.46251783    2.09768697    1.43238066    1.51305895    1.28189296    2.00627170    1.33547002    1.25241231    1.18999598    0.00000000    1.66691139    1.51657539    1.81689804    1.57753361    2.01077308    1.93610844    1.25679382    1.58848439    1.73248566    1.82502583    1.93993230    1.92893705    2.23111079    2.11044528    2.13439827    3.00011276    2.43801474    2.76285785    2.66235191    2.53109669    2.75670239    2.56311292    2.44296221    2.30323936    1.98825151    2.49275068    2.44296618    2.07059171    1.59056345
Q7MRA5_WOLSU/3-64     1.55204488    1.94015997    1.10791574    0.99724862    1.00677378    1.57949316    1.63884186    1.57494913    1.47697335    2.09606190    1.77342561    1.42214286    2.22930623    1.12543416    1.06342786    1.06536416    0.99028817    1.28429809    0.82861663    1.12541179    0.92857046    1.66691139    0.00000000    0.97690597    1.17112600    0.96303261    0.92021349    0.88414780    1.60172994    1.43247586    1.91909059    1.75902099    1.59981934    1.98438006    1.55355056    2.48618016    1.90601377    3.31259556    3.28633154    3.56102397    2.98634967    2.97136390    2.98855266    3.01697964    3.57245616    1.60000255    1.89098253    1.55829347    1.73320675    2.03791411    1.56603550
R7JGI4_9BACT/5-64     1.26587664    1.78410396    1.09974255    1.06182051    1.06605259    1.36231631    1.29785526    1.61926984    1.42561004    1.55877194    1.30615139    1.51146574    1.52075916    0.95660498    0.83644933    1.10446811    0.99584697    1.12053290    0.96983413    1.06061311    1.08589733    1.51657539    0.97690597    0.00000000    0.84044671    0.84358249    1.06904264    1.02913558    1.56264460    1.32874519    2.05577001    1.50256121    1.12360720    1.82404942    2.01551760    1.83773577    1.62100349    2.92981412    3.16721728    3.15733380    2.93503825    2.82328425    2.57221746    2.04821706    2.70403805    1.30103688    1.16933753    1.39603057    1.22230206    1.23894043    1.23555431
D3UFR8_HELM1/3-63     1.62107859    2.36520979    1.50265964    1.75871999    1.43364510    1.93511158    1.63767275    1.94726244    1.31636643    2.04730030    1.59773812    1.69837267    1.45604205    1.38949230    0.83464149    1.10114676    0.82446870    1.29113849    1.01826522    0.96896407    1.34030049    1.81689804    1.17112600    0.84044671    0.00000000    1.23638870    1.25346155    1.47931296    1.98685152    1.25939311    1.95807772    1.86340372    1.27242268    2.04779576    1.83882529    2.15211179    2.06471051    3.01644738    3.82189204    3.33695563    3.07653698    3.63919797    2.92809083    2.56726329    2.72361834    1.53159088    1.77873948    1.47944508    1.89235625    1.79847175    1.53628589
C4Z3Y4_LACE2/34-93     1.33940165    1.87788738    0.94470466    0.95793902    1.02638257    1.17378967    1.15621221    1.56313366    1.34477479    1.26650273    1.49186999    1.27991582    1.76331453    1.23249788    0.85177797    1.18216017    1.02482748    1.13782942    1.09140982    1.15850520    1.42820505    1.57753361    0.96303261    0.84358249    1.23638870    0.00000000    0.62719776    0.94254145    1.26218974    1.29881497    1.77590943    1.31227026    1.51308961    1.79072444    1.85721506    1.64987065    1.54352723    2.41721034    2.61827003    2.60022625    2.48273163    2.76859968    2.33558104    1.71348146    2.51795641    1.60543786    1.48307816    1.43362643    1.49154743    1.31500157    1.33213343
R6BR28_9FIRM/3-65     1.27372654    1.66122480    0.95697888    1.08643607    0.86343654    1.34912552    1.90360970    1.88882833    1.60949672    1.45777545    1.49390934    1.37621803    2.01915187    1.03045832    1.30859362    1.21228374    1.01531568    1.32541260    0.99713529    1.36602580    1.45711441    2.01077308    0.92021349    1.06904264    1.25346155    0.62719776    0.00000000    0.99630761    1.30177083    1.25885853    1.89983934    1.64171793    1.49654428    1.87868267    1.73004913    1.84107071    2.11975999    2.87167572    2.98794286    2.67274553    2.12947916    3.20984277    2.54117444    2.56039054    2.54151377    1.56276509    1.48791602    1.33841741    1.90900396    1.73533263    1.27194108
A6LC17_PARD8/4-63     1.20009522    1.58342310    0.71623959    0.87108042    0.92198824    1.43730599    1.65174383    1.31906192    1.79748436    1.53083087    1.60893081    1.33011017    1.37340874    0.73516835    1.05693155    1.00151540    1.13196589    0.99704625    0.97126589    1.19040355    1.26758347    1.93610844    0.88414780    1.02913558    1.47931296    0.94254145    0.99630761    0.00000000    1.09762131    1.08590628    1.50890800    1.72995053    1.47355448    1.25655546    1.62164902    1.56948074    1.83724021    2.96729381    3.00269927    3.20967163    2.42074621    2.91651558    2.35330990    2.66523490    3.16470668    1.26876455    1.38014992    1.42839396    1.36877050    1.41480273    1.13181134
D9SS39_CLOC7/4-66     1.65516079    2.15205088    1.44252613    1.45030442    1.53987414    2.12448296    1.99046811    2.29393254    2.01967310    2.45965648    2.61658470    2.12546490    1.78855608    1.43852179    1.67761372    1.92278497    1.73107660    1.59255368    1.58675397    1.65773064    1.58770375    1.25679382    1.60172994    1.56264460    1.98685152    1.26218974    1.30177083    1.09762131    0.00000000    1.23302345    1.36047176    1.40682042    1.22886531    1.18690804    1.28841105    1.46627629    1.91911854    2.67917938    2.31246156    2.10145902    1.98801203    2.08687620    1.82504458    2.39194605    1.97803306    1.39975885    1.57293512    1.74941803    1.83866082    1.53716830    1.33978269
Q897S6_CLOTE/24-88     1.45528677    1.64024519    1.21052417    1.48672765    1.44318788    1.83088130    1.31233388    1.58638373    1.47905346    2.06195891    1.68180434    1.85427939    1.85068530    1.46370699    1.11394352    1.48897883    1.34120630    1.23773498    1.25273307    1.58928709    1.72997690    1.58848439    1.43247586    1.32874519    1.25939311    1.29881497    1.25885853    1.08590628    1.23302345    0.00000000    1.65134258    1.44892427    1.20577024    1.65462553    1.66115017    1.59709021    1.91646469    2.76085766    2.56442814    2.59550261    2.58882469    2.60712175    1.97857800    2.29447578    2.38499944    1.27034516    1.39915690    1.64202425    2.02967162    1.58481734    1.36437710
A9NEY7_ACHLI/5-66     1.51475516    1.91962372    1.65972783    1.70624147    1.23512867    2.45685137    2.00238819    1.81343131    1.76768649    1.98193247    2.24764554    2.10591556    1.86385350    1.80950107    1.61760882    1.75049631    1.88586303    2.00957311    1.50735474    1.98856576    1.56105885    1.73248566    1.91909059    2.05577001    1.95807772    1.77590943    1.89983934    1.50890800    1.36047176    1.65134258    0.00000000    1.03057922    0.99498515    1.08651967    1.16780833    1.41621741    1.96957183    2.76478041    2.28492128    2.92139379    2.93168724    2.14632843    2.25434446    2.25515413    2.42872628    1.36886516    1.08468045    1.35126782    1.46470160    1.41732861    1.24906861
A0A6L7H7C1_BACAN/5-64     1.61458821    2.16849579    1.53472034    1.62500351    1.41068262    1.81527241    1.31266493    1.88795516    2.32981808    1.96519941    1.83820837    1.76456822    1.91487853    1.46777989    1.31339892    1.84695474    1.78025355    1.37684652    1.36684017    1.78362167    1.88044490    1.82502583    1.75902099    1.50256121    1.86340372    1.31227026    1.64171793    1.72995053    1.40682042    1.44892427    1.03057922    0.00000000    0.98758394    1.23491871    1.31448933    1.05857951    1.73447461    2.57454985    2.59003450    2.67121054    2.27883450    2.24250802    2.06802845    1.93968210    1.86790869    1.00542549    0.96306470    1.30930179    1.24875795    1.11965371    1.20867159
U5L7S7_9BACI/7-64     1.47913204    2.15475508    1.12198134    1.42504234    1.14138379    1.94857285    1.72390318    2.04428391    1.48917841    2.66759352    1.77703535    2.17180069    1.67504158    1.49359433    1.21238824    1.61400380    1.53069619    1.27021549    1.41485006    1.51466191    1.27589504    1.93993230    1.59981934    1.12360720    1.27242268    1.51308961    1.49654428    1.47355448    1.22886531    1.20577024    0.99498515    0.98758394    0.00000000    0.88467886    1.05510523    1.05718186    1.86514288    2.52790222    3.45151379    2.52606591    2.87684609    2.36032141    2.01451979    1.95114094    1.88827495    0.81237551    0.82781697    1.07553950    1.24458644    0.87169677    1.08860309
E6U100_BACCJ/6-65     1.64928851    1.86507178    1.49638316    2.02428501    1.76590554    2.13406418    1.89697902    1.82502967    1.61761918    2.79704520    2.01829184    2.14160526    1.88587841    1.97971975    1.58668513    2.11482669    1.86261841    1.70567508    1.55476398    1.81245781    2.03435907    1.92893705    1.98438006    1.82404942    2.04779576    1.79072444    1.87868267    1.25655546    1.18690804    1.65462553    1.08651967    1.23491871    0.88467886    0.00000000    0.67008574    1.02137463    1.67474914    2.71080501    3.88700575    2.70159643    2.63924889    2.32026075    2.27716407    2.40380197    2.39746751    1.17797381    0.94657171    1.19499324    1.32400893    1.23797183    1.63503688
Q8EN94_OCEIH/7-66     1.68334475    1.88098312    1.40315615    2.05662331    1.61201867    2.17030356    2.02547789    1.61758772    1.65870923    2.25500162    2.17154295    2.08776640    2.30433082    2.29156448    1.78522730    2.40350031    1.91007550    1.90109648    1.83998040    2.02206621    1.63583374    2.23111079    1.55355056    2.01551760    1.83882529    1.85721506    1.73004913    1.62164902    1.28841105    1.66115017    1.16780833    1.31448933    1.05510523    0.67008574    0.00000000    1.28062550    1.81333652    2.65572389    3.35438439    2.62383828    2.47089106    2.25379869    2.09439302    2.55788931    2.41820570    1.26490653    1.11804285    1.45077038    1.48442945    1.36621409    1.49837188
B7GMA9_ANOFW/2-61     1.65348517    2.01065988    1.35896943    1.74244575    1.56009289    2.26232208    1.93494059    2.07371093    2.09020768    2.43302035    2.17305845    2.15618030    1.89461410    1.61890228    1.73535310    2.12355734    2.20643250    1.92797002    2.02682630    1.97404216    2.15417671    2.11044528    2.48618016    1.83773577    2.15211179    1.64987065    1.84107071    1.56948074    1.46627629    1.59709021    1.41621741    1.05857951    1.05718186    1.02137463    1.28062550    0.00000000    1.40365911    2.07306685    2.79387848    2.26660207    2.20275309    1.91566710    1.59805823    1.49606984    1.80723671    0.93471293    1.04728299    1.19451092    1.04517128    1.11239851    1.35454839
Q8Y895_LISMO/5-64     2.07880134    2.43328561    1.94601493    1.92407814    1.84082630    2.02067324    1.40497101    2.41780209    1.75244085    1.95112998    1.71703173    1.41001880    1.76501264    1.98750374    1.67791039    1.91151536    2.16607502    1.56939645    2.13688965    2.29650862    2.39569309    2.13439827    1.90601377    1.62100349    2.06471051    1.54352723    2.11975999    1.83724021    1.91911854    1.91646469    1.96957183    1.73447461    1.86514288    1.67474914    1.81333652    1.40365911    0.00000000    1.35487165    2.84637958    2.11694082    2.15500965    2.10458423    1.79443964    1.86890826    1.78196434    1.76364786    1.51758165    2.19376995    1.64524358    1.77089379    1.82010042
Q38WU9_LACSS/5-64     3.54289167    3.14722373    2.41213603    2.59502345    2.49140185    3.24746255    2.78204538    4.12742858    2.55093166    2.69189009    2.80226010    2.14027220    2.92379279    3.07010956    3.07597903    3.34359302    3.43778029    2.65071386    2.98397843    3.74093235    3.38110239    3.00011276    3.31259556    2.92981412    3.01644738    2.41721034    2.87167572    2.96729381    2.67917938    2.76085766    2.76478041    2.57454985    2.52790222    2.71080501    2.65572389    2.07306685    1.35487165    0.00000000    1.57886663    0.98204361    1.09828973    0.98271163    1.23372966    1.27731151    0.63320298    2.14267992    2.86247246    2.46990594    3.39829050    2.85819517    2.58816701
Q03F78_PEDPA/5-65     2.93479809    2.76041567    3.28409366    3.32599698    2.97373474    3.74612737    2.89790714    3.71287209    2.97918283    2.80202860    3.10432203    2.58057842    3.57660424    2.74500325    3.48879177    3.99939741    3.40607755    3.77840416    3.60382764    3.46862232    3.03141186    2.43801474    3.28633154    3.16721728    3.82189204    2.61827003    2.98794286    3.00269927    2.31246156    2.56442814    2.28492128    2.59003450    3.45151379    3.88700575    3.35438439    2.79387848    2.84637958    1.57886663    0.00000000    1.14365194    1.21060019    0.88856535    1.03203944    1.52998075    1.64974416    2.98112816    3.51898479    3.80390233    3.75162732    3.53317302    2.97121700
Q1GAK9_LACDA/2-62     2.89320135    2.77265607    2.51540463    3.25891407    2.54027859    3.16904838    2.61701692    3.88736540    2.62465224    3.45800211    2.54063150    2.61312739    2.96725629    2.90127771    3.05642630    3.68949954    3.08374469    3.08796549    4.20318983    3.52315528    3.11335784    2.76285785    3.56102397    3.15733380    3.33695563    2.60022625    2.67274553    3.20967163    2.10145902    2.59550261    2.92139379    2.67121054    2.52606591    2.70159643    2.62383828    2.26660207    2.11694082    0.98204361    1.14365194    0.00000000    0.63662846    0.92531516    1.12356558    1.92147073    1.08725212    2.31284072    2.88709332    3.00620355    3.04584824    2.50030944    2.77390296
Q74JM6_LACJO/2-62     2.53714692    2.39542571    2.04856638    2.69248252    2.48462005    3.15687900    2.94226150    3.46626675    2.97286125    3.05569653    2.70592399    2.42220014    2.43201324    2.39456225    2.84694407    2.91032916    2.76168773    2.86034450    3.07803270    3.31312520    2.98480704    2.66235191    2.98634967    2.93503825    3.07653698    2.48273163    2.12947916    2.42074621    1.98801203    2.58882469    2.93168724    2.27883450    2.87684609    2.63924889    2.47089106    2.20275309    2.15500965    1.09828973    1.21060019    0.63662846    0.00000000    0.99499845    1.18140802    1.89126936    1.14803701    2.41832590    2.40421004    2.67513155    2.95767783    2.27827630    2.22772027
F9UPM1_LACPL/5-62     2.54469902    3.09018979    2.40813436    2.96846841    2.60420851    2.97946260    2.68415568    3.84113143    2.27276498    2.95913252    3.06406317    2.87599919    3.00213634    2.70036765    3.68565772    3.35969659    3.40590856    3.32133685    3.37252309    3.71999825    2.69867582    2.53109669    2.97136390    2.82328425    3.63919797    2.76859968    3.20984277    2.91651558    2.08687620    2.60712175    2.14632843    2.24250802    2.36032141    2.32026075    2.25379869    1.91566710    2.10458423    0.98271163    0.88856535    0.92531516    0.99499845    0.00000000    0.63533276    1.37756633    1.06719806    2.09468247    2.05660275    2.72080592    2.98885351    2.51427861    2.57827912
A5VJJ2_LACRD/5-66     2.35519482    2.68137736    2.03228398    2.66555866    2.39866543    3.00704604    2.37655177    3.61146021    2.68755134    2.90537733    2.52305536    2.47586585    2.82894094    2.45323742    2.18816850    2.86047926    3.18011224    2.69165308    2.70966061    3.15868267    2.76168622    2.75670239    2.98855266    2.57221746    2.92809083    2.33558104    2.54117444    2.35330990    1.82504458    1.97857800    2.25434446    2.06802845    2.01451979    2.27716407    2.09439302    1.59805823    1.79443964    1.23372966    1.03203944    1.12356558    1.18140802    0.63533276    0.00000000    1.37235293    1.10103646    1.90734943    1.85515572    1.96409122    2.53752397    1.90747741    2.35254646
Q9CE41_LACLA/4-60     2.00670355    3.04709507    2.10859833    1.99519907    2.40045405    3.14989888    2.26347453    3.10411335    2.89901781    2.86342556    2.55303071    2.12746438    2.27529185    2.32360109    2.16205345    3.29869914    2.80782633    2.13698254    1.98371569    2.64680685    3.25186739    2.56311292    3.01697964    2.04821706    2.56726329    1.71348146    2.56039054    2.66523490    2.39194605    2.29447578    2.25515413    1.93968210    1.95114094    2.40380197    2.55788931    1.49606984    1.86890826    1.27731151    1.52998075    1.92147073    1.89126936    1.37756633    1.37235293    0.00000000    1.01587549    2.16299436    1.98197510    2.29014654    2.77288240    1.94083140    2.35247991
Q5M5M8_STRT2/19-76     3.27993799    3.27325670    2.26423877    3.39988280    2.60998191    3.06252201    2.48583477    4.09943462    2.45189271    3.21104397    3.05377953    2.70876542    2.81584102    2.58394026    3.02496985    3.84469152    3.80998411    3.03151185    2.58851360    2.88576709    3.46747444    2.44296221    3.57245616    2.70403805    2.72361834    2.51795641    2.54151377    3.16470668    1.97803306    2.38499944    2.42872628    1.86790869    1.88827495    2.39746751    2.41820570    1.80723671    1.78196434    0.63320298    1.64974416    1.08725212    1.14803701    1.06719806    1.10103646    1.01587549    0.00000000    2.21915464    2.58318028    2.39775360    2.89891179    2.33536851    2.28635497
D3FXJ2_ALKPO/5-66     1.57745631    2.22293286    1.39470670    1.51671139    1.20019556    1.54182240    1.49469929    1.78677192    1.83886160    2.48414132    1.91590186    2.09514258    1.97314986    1.42310762    1.49720608    1.82321656    1.46162423    1.40158166    1.86020414    1.88405710    1.50902946    2.30323936    1.60000255    1.30103688    1.53159088    1.60543786    1.56276509    1.26876455    1.39975885    1.27034516    1.36886516    1.00542549    0.81237551    1.17797381    1.26490653    0.93471293    1.76364786    2.14267992    2.98112816    2.31284072    2.41832590    2.09468247    1.90734943    2.16299436    2.21915464    0.00000000    0.69274688    0.92711675    1.01385337    0.88300431    1.17403033
C0Z5T3_BREBN/3-62     1.73617318    1.91928663    1.25351865    1.39765524    1.39126305    1.78420476    1.72264563    1.77232463    1.88234690    2.11309706    1.97742246    1.92166227    1.92337770    1.48735229    1.32357418    1.66790322    1.60388149    1.61145886    1.52907111    1.88430204    1.70372730    1.98825151    1.89098253    1.16933753    1.77873948    1.48307816    1.48791602    1.38014992    1.57293512    1.39915690    1.08468045    0.96306470    0.82781697    0.94657171    1.11804285    1.04728299    1.51758165    2.86247246    3.51898479    2.88709332    2.40421004    2.05660275    1.85515572    1.98197510    2.58318028    0.69274688    0.00000000    0.95900925    0.88173013    0.88150192    1.18286906
C4L312_EXISA/5-64     1.85995105    2.57274610    1.19634306    1.45053379    1.27407230    1.67821564    2.02408373    2.02156469    1.76909043    2.49495106    2.12739571    1.91300805    2.29892245    1.49093374    1.34646549    1.78479504    1.83116280    2.01903268    1.32216882    1.67730015    1.78752988    2.49275068    1.55829347    1.39603057    1.47944508    1.43362643    1.33841741    1.42839396    1.74941803    1.64202425    1.35126782    1.30930179    1.07553950    1.19499324    1.45077038    1.19451092    2.19376995    2.46990594    3.80390233    3.00620355    2.67513155    2.72080592    1.96409122    2.29014654    2.39775360    0.92711675    0.95900925    0.00000000    0.85933284    1.21134364    1.10925599
Q9KD88_BACHD/5-66     1.97666924    2.51556802    1.59369157    1.87102334    1.88362579    1.53395858    1.53226402    1.97521741    2.02933004    2.07544931    1.93654981    1.76311817    2.45914406    1.52819039    1.54652052    2.07560794    1.99094925    2.10121924    1.80640810    1.50707207    1.81076537    2.44296618    1.73320675    1.22230206    1.89235625    1.49154743    1.90900396    1.36877050    1.83866082    2.02967162    1.46470160    1.24875795    1.24458644    1.32400893    1.48442945    1.04517128    1.64524358    3.39829050    3.75162732    3.04584824    2.95767783    2.98885351    2.53752397    2.77288240    2.89891179    1.01385337    0.88173013    0.85933284    0.00000000    0.85006207    1.33614372
YITL_BACSU/19-78     1.66870373    2.78325717    1.37404682    1.39174608    1.31974483    2.42239672    1.77147029    2.00606777    2.17020005    2.30354517    1.77383357    1.86824462    1.97948541    1.64074635    1.18004359    1.93385800    1.61776865    1.72595570    1.61651274    1.55755780    1.60991012    2.07059171    2.03791411    1.23894043    1.79847175    1.31500157    1.73533263    1.41480273    1.53716830    1.58481734    1.41732861    1.11965371    0.87169677    1.23797183    1.36621409    1.11239851    1.77089379    2.85819517    3.53317302    2.50030944    2.27827630    2.51427861    1.90747741    1.94083140    2.33536851    0.88300431    0.88150192    1.21134364    0.85006207    0.00000000    1.13595139
R5XL86_9CLOT/4-67     1.59375557    2.15250355    1.46865312    1.31747861    1.13397878    1.71934900    1.52531782    1.76066377    1.76956188    2.11788639    2.03036243    1.67700088    1.53720554    1.04028808    1.10683858    1.37115418    1.21029409    1.31784034    1.06605154    1.39405792    1.41464563    1.59056345    1.56603550    1.23555431    1.53628589    1.33213343    1.27194108    1.13181134    1.33978269    1.36437710    1.24906861    1.20867159    1.08860309    1.63503688    1.49837188    1.35454839    1.82010042    2.58816701    2.97121700    2.77390296    2.22772027    2.57827912    2.35254646    2.35247991    2.28635497    1.17403033    1.18286906    1.10925599    1.33614372    1.13595139    0.00000000

