105
K3ZUV7_SETIT/167-299     0.00000000    1.83974707    2.35350564    1.95575462    2.60495399    2.55726399    2.50211699    2.23916594    2.30397140    2.33937977    2.09967725    2.19185511    2.37537321    2.73212453    2.83978047    2.07591997    2.77855036    2.69354659    2.53193253    2.52596188    2.43088985    3.85642447    3.06330606    2.88597993    2.67121247    2.66511531    2.83710703    2.06068649    3.24345738    3.03064550    2.71726714    2.95875427    2.62006308    2.64363909    2.37812491    3.38609769    2.57425552    2.96888054    3.57481979    3.40030699    2.67581135    3.24427158    2.34600260    2.74725848    3.62366955    3.21744664    2.86492735    3.48570600    3.46692788    3.78744809    4.30296056    3.17907000    3.55584061    4.04439194    3.74350948    4.64548659    3.89663116    3.26087019    3.52012453    2.25336697    3.01550038    5.20214132    2.49139273    4.46436550    4.66527269    4.32962607    3.18669091    4.18418323    3.60823165    2.89037295    3.11136774    4.68426936    2.70067362    3.30724151    4.22972748    2.72119353    3.99883536    3.67265385    3.63952572    3.57296848    4.27129629    2.51513085    3.69406785    3.55408441    2.88692759    3.08688535    3.17952345    2.43666066    2.56190732    2.71670810    2.69455132    2.36162634    2.94211669    2.66799494    2.74082542    3.07955207    2.92090285    3.54480000    3.52894496    3.34422689    2.97473482    2.65064866    4.21801107    3.05820295    2.88501983
A9GQC0_SORC5/176-296     1.83974707    0.00000000    1.78677184    1.98245693    1.96120351    2.31427826    1.58223652    2.14261947    1.91815979    1.80500491    2.04026765    1.86689905    1.94074470    2.21723295    2.18683908    2.32444500    1.80018718    2.16688583    2.43502172    2.22662396    3.34308505    3.02986178    2.86762886    2.43005288    2.95544803    2.97091180    2.96181772    1.95168477    2.47542288    2.44131953    2.00174218    2.98265262    2.65114748    2.56271104    2.27696167    2.27323169    2.34311989    2.49710010    2.32870180    2.15288283    2.79205478    2.54183385    2.28147162    2.53114407    2.40012776    2.76429557    3.06387978    3.28506321    2.29452039    2.52756747    3.28545139    2.29334072    2.54269881    2.82328155    2.87355834    3.53888590    2.32542213    2.87656804    2.64516352    2.15457909    2.19760950    4.09255692    2.34848747    2.75119517    2.93372511    2.57650397    2.94563431    3.64123780    3.02366156    2.59956753    2.82258969    3.04180868    2.22777062    2.49551878    3.00756424    2.19550588    2.37961651    2.50727366    2.86639726    2.85785288    3.05296432    2.62860739    3.43685552    3.52039125    2.47456678    2.46917405    2.60449913    2.04797593    2.03151738    2.47976445    2.45261008    2.50849516    2.72776518    2.23121990    2.02735201    2.17432681    2.40242870    1.60852250    2.48848040    2.72000249    2.39769446    1.88697112    3.71737309    2.67229045    2.56956241
Q8P9D6_XANCP/194-339     2.35350564    1.78677184    0.00000000    1.52006796    2.58586950    2.52576981    2.54770634    2.59906203    2.30302889    2.32348820    2.33242458    2.52674789    1.97355129    2.39575058    2.50432687    2.51241730    2.64055183    2.50420099    2.56795293    2.69139044    1.97280460    2.83612224    2.19251472    2.68845074    2.01219517    2.62973451    2.92664605    2.54352393    2.63132989    2.33864791    3.23025001    3.21177911    2.45138806    3.07722778    2.76251864    2.17079144    2.67157112    2.86268983    2.53461619    2.10011235    2.65257068    2.95644756    2.63040853    2.79041070    3.25294462    4.08457193    2.77132643    3.25969396    3.22351053    3.61082892    3.25136068    2.67967591    2.87206032    2.57732601    3.13685290    3.43342253    3.07031318    3.31113654    2.77545402    2.05664544    2.44473034    4.92133317    3.01070122    2.99854253    3.13013778    2.97067808    2.68797828    3.23999660    2.93305975    2.59705290    2.53735149    3.68036996    2.85106636    3.51300161    2.86842575    3.41012064    2.89532244    2.43381380    4.05494712    2.85311263    2.65533847    2.74425732    3.33719118    2.84051602    3.00133653    2.28994176    2.67429920    2.08294344    2.32568305    2.60705009    1.90837783    2.04160489    2.52000787    2.11128509    2.00313072    2.40517938    2.42823655    2.37280208    2.25196452    2.81132675    2.65963655    2.54113606    3.14890839    2.20871475    2.56142001
Q2RQQ3_RHORT/192-333     1.95575462    1.98245693    1.52006796    0.00000000    1.91392066    2.09884440    2.19315586    2.11009979    1.87680041    2.36803630    2.27209099    2.27259176    1.99654186    2.01332376    2.71186542    2.39248876    2.79682971    2.87316683    3.23494877    2.86717187    2.22289654    2.60111331    2.79183570    2.81872469    2.48571640    3.20924398    3.08054188    2.86382112    2.81958621    2.95030918    2.47352385    3.83522683    2.86426730    2.89683199    2.95542745    2.54928111    2.44494466    2.55801454    2.14311994    2.90606016    2.70660492    2.46337992    2.53885393    2.95678964    2.66602420    2.81736299    2.95886880    4.12959857    3.08772232    2.86341882    3.37733373    2.66562436    2.95161988    2.79459939    3.57714203    3.65029350    3.22154944    2.95668604    3.56232330    2.79601976    2.47066745    4.34325646    2.70750771    2.91869582    3.56146621    2.87130928    2.70943695    3.57881123    2.93313429    3.70335991    2.76031620    4.11251537    2.32608036    3.03903892    3.49872094    2.89501425    3.32707859    2.63138677    3.95802898    2.91273876    3.56466738    2.82982192    3.82445901    2.80246915    2.76398398    2.73841001    2.51530997    2.03463959    2.27553057    2.74295994    2.18536222    2.25729209    2.74532445    2.33493274    1.94072601    2.19408792    2.69610962    2.98042116    2.57155178    3.17278392    3.48704949    1.93794334    3.77278775    2.72287092    2.70993125
B0C0W4_ACAM1/36-142     2.60495399    1.96120351    2.58586950    1.91392066    0.00000000    1.00961673    1.06670519    1.91645906    1.37305188    1.36028701    1.29766682    1.37194675    1.81761473    1.54904685    1.61120340    1.93313656    2.21741969    2.65969554    2.83638684    2.35102902    2.15047220    2.40090187    2.01814581    2.72487894    2.60065884    2.82244732    2.86024962    2.12307104    2.51434069    2.69277390    1.79698260    2.30472433    2.32957187    2.43723752    2.36115327    1.89879348    2.42471378    3.32383114    2.86989848    3.32642088    2.96566510    2.94365750    2.60050797    2.48149421    2.93864860    2.88071416    3.18246391    3.05464723    3.24704929    3.15426462    2.35407744    3.85611579    3.67794322    2.47537009    2.81153752    4.34486971    2.82332984    3.04732118    2.99323931    3.33744761    2.87080151    2.84553907    1.94658151    2.27262699    2.31099276    2.20160644    2.24650341    3.73052641    2.39965254    2.10712596    2.91406198    3.33450489    2.14796581    2.47009848    2.98033194    2.31680989    2.91429792    2.56160834    3.08339633    2.71743409    3.24702836    2.60903578    3.14433184    3.09529036    3.06603063    1.98149075    1.97769832    2.17848075    2.26469948    2.12367422    2.36025789    1.88008459    2.79176905    2.15300090    1.81086824    1.77908964    2.85778961    2.34579511    2.57269608    2.79895144    3.14343823    2.23098576    3.72594030    2.58416168    2.51839213
E6VUH8_PSEA9/61-187     2.55726399    2.31427826    2.52576981    2.09884440    1.00961673    0.00000000    0.86538754    2.29442433    1.70966430    1.94040885    1.55316626    1.57272149    1.96773575    1.73883727    2.15132116    2.08700987    2.83064114    2.61401971    2.78063112    2.69948640    2.04725698    2.53862702    2.38480611    2.87671670    2.54188304    2.55191440    2.76924763    2.94591384    2.46452126    2.81982757    2.00047093    2.43759522    2.51794505    2.54895975    2.19994085    2.21380151    2.04470854    2.78583156    2.41764065    3.01858197    2.25304624    2.28405927    3.16406107    3.26228562    3.01291235    2.69738174    3.39597386    2.36621815    3.20359765    2.96824892    2.69676150    3.10647800    3.29037046    2.42519489    3.10498903    4.58406134    3.08059969    2.91794107    3.33461092    2.92571281    2.68213204    3.48765716    2.96886283    2.52755063    2.87236080    2.77352331    2.74545209    3.57741121    2.61391309    2.31594705    2.86135497    3.53746057    2.39864572    2.95146527    3.30785108    2.21551893    2.72295182    2.72291599    2.73326071    2.26632723    4.07490769    2.39150856    3.66110440    3.50019292    3.24698217    2.51375880    2.31949708    2.53859721    2.31804787    2.15905479    2.62641288    2.45844907    2.67904978    2.42466256    2.26123532    2.16623530    2.66633090    2.79275793    2.55958744    3.16390540    3.31617526    2.59141727    3.49930780    2.40706451    2.69132455
B8FK70_DESAL/302-427     2.50211699    1.58223652    2.54770634    2.19315586    1.06670519    0.86538754    0.00000000    2.09711955    1.43912589    1.43408156    1.16148341    1.28621316    1.71037117    1.45771886    1.98218880    2.24105862    2.78930662    2.54737033    3.05680512    2.59117718    1.91264696    2.54815042    2.24667661    2.60466074    2.25739100    2.09644842    2.62981746    2.45524589    2.57893812    2.12187929    2.02178148    2.33060560    2.44720596    2.66832709    2.63924155    2.06493821    2.43162337    3.09312832    3.08600778    2.59261550    2.28229098    2.29415278    2.92027162    2.54315705    2.95873232    2.88983480    3.05680348    2.49676853    2.57606607    3.35904955    3.06295770    3.10450048    3.39267947    2.31530543    3.52844317    4.57288512    2.78487838    3.51665934    2.95695265    2.23270114    2.64759672    3.62024821    2.52115363    2.42908724    2.77579353    3.07100447    2.95121700    4.32054282    2.88648742    2.44042108    2.87687292    3.54017218    2.31927110    3.12241959    3.69941247    2.42454846    3.61925812    3.12308341    2.89876113    1.93238321    3.17548737    2.45866080    3.51300447    3.35203244    2.86412585    2.63477046    2.19102132    2.48704557    1.88982739    1.77438936    2.34433678    1.90619156    2.83454912    2.21549096    2.07021856    1.87875563    2.16623585    2.85519102    2.53883761    2.69016917    2.87836262    2.70823353    3.85932945    2.61431963    2.83420973
C7M365_ACIFD/93-221     2.23916594    2.14261947    2.59906203    2.11009979    1.91645906    2.29442433    2.09711955    0.00000000    1.58393806    1.44456877    1.56598562    1.41341620    1.78720401    1.40052243    2.54774377    2.52594812    2.85689707    2.95194821    2.96367689    2.95462192    2.02227182    2.74817560    2.75288991    2.78100949    2.44823748    2.75599357    2.54538712    2.01894807    2.54890215    2.29179407    2.21877975    3.34965002    3.00490508    1.89175942    2.45737869    3.30775795    2.86506426    2.75386243    2.49093732    2.72171099    2.21987095    2.66942348    2.26158222    2.79954950    2.84758746    2.02473963    3.10146164    3.28111144    2.30186699    2.66674182    2.34975690    2.80611970    3.08446856    3.06821459    3.77242751    3.77804832    2.76165601    2.62483202    3.66946530    2.51132476    3.08212443    3.70853539    2.70499928    2.72269606    3.05436421    3.40617087    3.36808938    4.09643131    2.88476301    2.69712855    2.70955439    3.68339736    2.50651184    3.13165608    3.12316014    2.13018476    3.30124522    3.27018641    2.76048158    3.45412686    3.47413752    3.23211355    3.25886659    3.51125770    3.35058702    3.93239162    3.60801289    3.21817515    2.97674708    2.46236968    3.60141340    3.67953570    3.67464786    2.97990705    3.21369583    2.84975347    2.51966205    4.06142715    3.00355228    3.06580915    3.82657913    2.52915330    3.77751643    2.48079452    2.89001018
A8ZWQ9_DESOH/37-165     2.30397140    1.91815979    2.30302889    1.87680041    1.37305188    1.70966430    1.43912589    1.58393806    0.00000000    0.84036257    0.92147363    0.91261521    1.21783743    0.84372225    2.53204872    1.99110747    2.57075476    2.51199976    3.22476345    2.81222339    1.93944013    2.52484799    2.45132557    2.87643119    2.27657588    2.61227894    2.95614833    2.02490358    2.73068088    2.41993649    2.02955739    2.78494962    2.51855086    2.32067977    2.35787123    2.24953769    2.55552649    3.10477261    2.86878912    2.87755283    2.53284379    2.74133317    2.50331206    2.81837303    2.54206582    2.70780988    2.85349334    2.95975738    2.92870505    3.34442264    3.06398061    2.90032083    3.01747162    2.38443692    3.33747313    4.28671723    2.97201204    2.24182052    3.77866726    2.71695034    2.14967094    3.35382494    2.41533906    2.11942036    2.66107005    2.46401145    2.57954519    3.41423095    2.39893179    2.51623216    3.14563397    3.33932719    2.36938697    2.70186539    3.14273875    1.94155514    3.12185815    2.69735318    2.82796154    2.75160355    3.25601747    2.93801093    3.61870736    3.33276236    3.24483895    2.70224493    2.52484051    2.46465743    2.44310289    2.40355511    2.57996406    2.49043465    2.77333321    2.26404172    2.40522647    2.23036469    2.51051005    3.03398363    3.04047213    3.44733032    3.65644245    2.51032455    2.73473473    2.80665405    2.32671982
Q21EW8_SACD2/42-170     2.33937977    1.80500491    2.32348820    2.36803630    1.36028701    1.94040885    1.43408156    1.44456877    0.84036257    0.00000000    0.97821490    1.01411083    1.22411319    1.10679842    2.13547697    2.20191467    2.49587749    2.82582300    3.15781322    2.79129665    1.91845673    2.43524259    2.15712830    2.99573668    2.79663205    3.27683067    2.60144399    2.30589032    2.87131878    2.22413974    2.00109847    2.67250520    2.39644646    2.37981399    2.31675129    2.33862005    2.38598695    3.29997972    2.45254596    2.41961107    2.54734874    2.43082072    2.75270089    2.80632162    2.61842167    2.71897532    3.52504133    3.69562497    2.60446254    2.92450669    2.78022613    2.95862898    2.98897968    2.93165907    3.67191367    4.43648276    2.68896107    2.36972130    2.91632426    2.36285590    2.10377578    3.20584104    2.22681009    2.08412413    3.14904588    2.47690430    2.43758098    4.05802917    2.49588866    2.61346444    3.00019148    3.54524253    2.50375158    3.00402340    2.88919669    2.05866529    2.65980913    2.55336752    2.23613447    2.95563781    2.79438669    3.04205686    3.24347929    2.98972923    2.92768021    2.95037189    3.42186325    2.54429887    2.48066335    2.24240994    2.73254263    2.78921144    2.79925855    2.93412526    2.16109448    2.42313908    2.69594959    2.78657082    2.29525542    2.76472909    3.17155824    2.30984897    2.64121051    2.41555599    2.39043048
E3J261_FRAIE/38-166     2.09967725    2.04026765    2.33242458    2.27209099    1.29766682    1.55316626    1.16148341    1.56598562    0.92147363    0.97821490    0.00000000    0.71755017    0.90846590    0.74512155    2.09842169    2.36971657    2.76767426    2.41069940    3.21797393    2.59590181    1.84311416    2.21329884    2.02360837    2.85950921    2.07986931    2.93397047    2.58017079    2.03850605    2.58438763    2.26390350    2.02484542    2.82848204    2.46548104    2.37686258    2.52926466    2.01919687    2.32372178    2.30233250    2.42994900    2.20887413    1.95870559    2.35191063    2.21008061    2.35650919    2.19526457    2.41104200    2.65181834    1.89171604    2.60740053    3.06516531    2.38937904    2.67641150    2.55226995    2.11457142    3.52814453    3.92948099    2.66279998    2.44685092    2.37644894    2.46596377    2.54089068    2.96118904    2.15533840    1.91255189    2.38145699    2.44974978    2.26019695    3.37235161    2.54825231    2.57916178    2.79302198    3.39015223    2.30939053    3.63671402    3.09213996    2.07409796    2.82671243    2.29253220    2.77882017    2.59383385    2.63786936    2.46138410    3.17740914    2.83894808    2.60733356    2.41856422    2.45758653    2.25440952    2.29593789    2.06008671    2.15244911    2.10415114    2.76239196    2.18737617    2.03106112    2.10404979    1.95428934    2.54417873    2.57608500    3.06552259    3.36086504    2.25241489    2.98339522    2.33913257    2.05417647
Q73ZE0_MYCPA/41-169     2.19185511    1.86689905    2.52674789    2.27259176    1.37194675    1.57272149    1.28621316    1.41341620    0.91261521    1.01411083    0.71755017    0.00000000    0.93426524    0.81902086    2.34636959    2.34317935    2.71603959    2.56212729    3.38073978    3.01382911    2.17083646    2.74135848    2.29485808    2.34983589    2.56605724    3.66612393    2.70075122    2.34329891    2.65648728    2.67969349    2.16336903    2.94244007    2.41431144    2.33303610    3.11072301    2.17477199    2.57813401    2.87064057    2.45022074    2.37958387    2.36038622    2.64845383    2.71268882    2.82655368    2.23284709    2.54943946    3.18803381    2.15566296    2.60412755    2.95148138    2.70487448    2.58373010    3.14000664    2.69512028    3.23351043    3.72800758    2.70362830    2.40378061    2.35892738    2.43393375    2.37551446    3.02255646    2.33567277    2.18354602    2.48230851    2.83920709    2.96072948    3.61099803    2.49945406    2.89287650    3.06120767    4.02587337    2.41865024    3.44610888    2.69283694    2.13123978    2.86557266    2.54380743    2.82863195    2.72606660    2.97661067    2.76182114    3.78858129    3.50254404    2.96825780    2.81436116    2.61063272    2.06002228    2.47560620    2.00620762    2.56944327    2.63860066    2.75712970    2.18625791    2.31583740    2.43233758    2.27754651    2.71153294    2.85994267    2.95036088    3.68445445    2.26294196    3.61073608    2.34851128    2.32773466
D0L3B5_GORB4/53-181     2.37537321    1.94074470    1.97355129    1.99654186    1.81761473    1.96773575    1.71037117    1.78720401    1.21783743    1.22411319    0.90846590    0.93426524    0.00000000    1.04935762    2.59164238    2.32247173    2.35906900    2.73893413    2.87318701    2.24557568    2.14330400    3.33093697    2.80745341    2.52499462    2.49082074    2.51917373    2.53302968    2.37965670    2.72514145    2.57901587    2.38757474    2.93682367    2.69552611    2.89065284    2.61137606    2.22575451    2.40328578    2.66480766    2.34425234    2.78439348    2.38081402    2.29341158    2.32805929    2.63019881    2.18024866    2.37793588    2.75892200    2.38724394    2.55621509    2.68782899    2.50465497    2.47808875    3.06070273    2.49622041    3.25448116    3.83874194    2.75642819    2.66037287    3.25485126    2.38597464    2.08245486    3.46913699    2.27092665    2.27414367    2.74624181    2.95356263    2.21463951    3.01261369    2.63082659    2.51123974    3.00146111    2.90724635    2.10328050    2.81641887    3.20051246    2.25316308    2.83563162    2.09682533    3.11813939    2.61052425    2.52862801    2.51923915    3.91458373    3.22027603    3.31634411    2.22251355    2.40717639    2.23667149    2.28647551    2.16789055    2.51294266    2.44564995    2.49203981    2.32259368    2.40872736    2.70650559    2.12225222    2.70855523    2.13773086    2.73139974    3.09564601    2.03610858    2.91541466    2.50476412    2.17510231
B5HBM2_STRE2/44-172     2.73212453    2.21723295    2.39575058    2.01332376    1.54904685    1.73883727    1.45771886    1.40052243    0.84372225    1.10679842    0.74512155    0.81902086    1.04935762    0.00000000    2.36076171    2.15491522    2.71088462    2.77783826    3.23424437    2.85817140    1.65912077    2.20476599    2.30544414    2.57524368    2.19282306    2.37898877    2.72855945    2.12852238    2.39361511    2.44907513    1.82213552    2.77688998    2.48580300    2.38071831    2.34581760    2.27638640    2.29706413    3.01737378    2.49364066    2.80384589    2.31149778    2.35592627    2.79020566    2.94314991    2.67533263    2.20441879    2.74695109    2.35091198    2.55467007    2.92850512    2.27494756    2.77443968    3.03134039    2.39717662    3.15659513    3.32907346    2.82239182    2.44336962    3.34721268    2.61947698    2.44614554    3.28730163    2.55112735    1.90003518    3.27335547    2.24069808    2.36665259    3.12382931    2.39466269    2.18607773    2.49217813    2.92934882    2.16499761    3.13642624    2.98888083    1.95482374    2.21943573    2.24710047    2.76664094    2.37553731    3.39949630    2.90717022    3.60571416    3.39517092    2.96687245    2.40327391    2.14254467    2.26710398    2.37520019    1.90461870    2.56675163    2.50579253    2.73061148    2.21697232    2.55943612    2.15731058    2.01275838    2.88652771    2.22687026    2.82628800    3.44798186    2.06015646    3.33368193    2.66659452    2.28690896
B2J115_NOSP7/160-281     2.83978047    2.18683908    2.50432687    2.71186542    1.61120340    2.15132116    1.98218880    2.54774377    2.53204872    2.13547697    2.09842169    2.34636959    2.59164238    2.36076171    0.00000000    0.70701541    1.49041338    1.59159015    1.73667960    1.34580601    1.97630941    2.70239050    2.27291163    2.44565843    2.32266396    2.28003543    2.42431866    2.18059079    2.43362020    2.95198678    2.12492034    2.60664892    2.29975423    3.04955486    2.91306580    2.94873882    2.29369052    3.07265655    2.80489235    2.93903312    3.08724290    3.04199035    3.15945602    3.23996632    3.32896891    3.58762727    2.63823515    3.56939237    2.94330955    3.05307966    2.64149993    2.90979308    3.39109909    2.69602501    3.31791957    3.84377971    3.15256504    2.77483182    3.35166344    2.64454827    2.48389350    3.38810793    2.48845089    2.77600750    3.60368879    2.78543955    2.91770767    3.80108708    3.05874650    2.59298765    3.47843360    3.92425689    2.61334872    2.89976551    3.33340137    2.07615151    2.78954985    2.47094380    3.25273664    2.48442767    3.10566180    3.18160123    2.54515584    4.04221432    2.96381328    2.69125007    3.10433541    2.81685863    2.72013890    2.75526034    2.47375056    2.44907415    3.95397582    2.87656613    2.75261729    3.02547805    1.93852065    2.77873004    2.63174137    2.13877337    2.14217266    2.40032386    3.29004365    2.20835841    2.43515780
D4ZMQ9_ARTPN/503-607     2.07591997    2.32444500    2.51241730    2.39248876    1.93313656    2.08700987    2.24105862    2.52594812    1.99110747    2.20191467    2.36971657    2.34317935    2.32247173    2.15491522    0.70701541    0.00000000    1.53838603    1.73435454    1.82846071    1.40540169    2.36038176    2.91675939    2.22478676    2.38089166    2.27814547    2.25761766    2.57451390    1.90821512    2.38737225    3.23707630    1.82335123    2.03972135    2.33571998    3.14379826    3.21293289    2.20377280    2.28392416    3.18356765    2.91748543    3.13679859    3.00247795    3.13481298    3.13302319    3.10770069    3.07476521    3.80154403    2.49859838    3.58980430    3.38439694    3.33891681    3.02315296    3.15960936    3.48957004    3.16886916    3.45200814    4.15412690    3.43623037    3.23198859    3.04072567    3.16078635    2.83062821    3.24795988    2.29824672    3.37660086    3.32994946    2.49576048    2.91710755    3.53688644    2.85141587    2.12914684    2.95489172    3.23850447    2.68301974    2.21007740    3.14326283    2.46941972    2.78441536    2.16908208    3.62127411    2.85268954    3.19101475    3.36008562    2.72200161    3.70323865    3.26892393    3.01216621    3.28986649    3.14698212    3.26340681    3.05542571    3.14272568    3.70447261    4.62124074    2.92158573    3.19484805    3.25946234    1.84431464    2.58434135    2.60193445    2.36105636    2.56723354    2.71853097    3.62299016    2.51546950    3.01414451
C1EJ41_MICCC/220-387     2.77855036    1.80018718    2.64055183    2.79682971    2.21741969    2.83064114    2.78930662    2.85689707    2.57075476    2.49587749    2.76767426    2.71603959    2.35906900    2.71088462    1.49041338    1.53838603    0.00000000    0.84958968    1.82658402    1.49347678    2.29015843    3.14285499    2.71294332    2.21491284    2.62512464    3.36294320    2.46317986    2.28574103    2.21519485    2.82621394    2.35781005    2.77521927    2.71232898    3.26647037    2.32979491    2.55568720    2.30869178    3.44221141    2.70770535    2.43546560    3.33206669    2.95707401    2.67163242    3.58341529    2.83223386    4.11458834    2.94712199    3.93589976    3.06186659    3.12512215    2.91000269    2.15446138    2.71045857    2.96485337    2.72574419    3.64838778    2.56915487    2.13324694    3.17283835    2.12938353    2.02039177    3.46480676    2.10832722    2.55275131    3.62440112    2.77375940    3.08468105    3.30691526    2.37082437    2.63382856    2.85369165    4.45831153    2.62406967    2.41316277    2.82335351    2.11792509    2.57179948    2.26229762    3.24154752    2.77485678    2.89147129    2.81265367    2.91680478    3.20305033    2.72643398    2.88432469    3.23716275    2.42279252    2.46015358    3.05020139    2.20816785    2.36748391    3.20984516    2.81878087    2.37737669    2.71557451    2.23752932    2.66593735    2.76377492    3.06345122    2.53435895    2.04493822    2.82112590    2.32773456    2.86963365
C1MTE5_MICPC/215-361     2.69354659    2.16688583    2.50420099    2.87316683    2.65969554    2.61401971    2.54737033    2.95194821    2.51199976    2.82582300    2.41069940    2.56212729    2.73893413    2.77783826    1.59159015    1.73435454    0.84958968    0.00000000    1.93816120    1.42964184    2.89063857    3.40539848    3.08830108    2.58729436    2.26095273    2.80973205    2.53768124    2.68251194    2.41217317    2.73366133    2.44313814    2.56633383    2.80072151    3.58951234    2.83847730    2.60914857    2.38387417    3.20424805    3.09787736    3.31588101    3.28902681    2.85330658    3.12783701    3.38788632    3.32458528    3.56184627    3.39034459    3.54034899    2.80554485    2.94333545    2.63772142    2.64906800    2.53806225    2.43604294    3.06080548    3.28839599    2.64211058    2.70403506    2.87988701    1.90793170    2.43897540    3.53649350    2.06079357    2.36682960    2.72248489    3.46922540    3.04206168    3.13918589    2.78266739    2.66754461    2.90673173    3.69527064    2.30718008    2.68867163    2.98800858    2.40633514    2.31465843    2.54870153    3.21520506    2.95728984    2.71658949    3.17544949    3.23545148    3.23159433    2.88322758    3.04867490    3.46805583    2.51674467    2.37694718    3.30640191    2.29681877    2.61195838    3.42741032    2.87829196    2.73210770    3.06669987    2.07568456    2.47050679    3.22857926    3.18210217    2.78745261    2.29416355    2.77897792    2.34113683    2.93630106
A9UQ18_MONBE/276-404     2.53193253    2.43502172    2.56795293    3.23494877    2.83638684    2.78063112    3.05680512    2.96367689    3.22476345    3.15781322    3.21797393    3.38073978    2.87318701    3.23424437    1.73667960    1.82846071    1.82658402    1.93816120    0.00000000    1.26982544    3.33728066    4.28356519    2.81023478    2.56666368    3.06691835    2.75904302    2.27960090    2.22850496    2.82660728    2.81738790    2.73232334    1.95365641    2.79362250    3.08986311    2.56028580    2.33733861    2.53442024    3.09117528    3.20024520    2.93629795    2.68408862    2.54478910    2.82902165    2.40302886    2.71098382    3.10878835    2.70394732    2.96798765    3.35820531    4.00031398    2.41514140    3.05374869    2.74657341    2.79853441    2.90592925    4.17118784    3.63390418    3.67350708    2.35802236    2.30581398    2.67921248    3.09249133    2.46193068    3.42473268    4.02900206    3.76577782    2.82571399    2.87439339    3.21871392    2.91682459    2.80186564    3.63191058    3.42823393    2.79912069    3.50256292    2.52807279    2.71954644    2.58859456    2.91789148    3.02456663    3.19070179    3.27762031    2.77062478    3.73476285    3.53595783    2.44316095    2.99057876    2.88619697    2.74525209    2.64796018    2.66384996    2.96853225    3.18847108    2.99058795    2.61538437    3.16321013    2.10680319    2.79979511    3.04456120    3.26880930    3.37690120    2.92189034    3.58365576    3.01932957    3.28965447
B8PIH6_POSPM/40-158     2.52596188    2.22662396    2.69139044    2.86717187    2.35102902    2.69948640    2.59117718    2.95462192    2.81222339    2.79129665    2.59590181    3.01382911    2.24557568    2.85817140    1.34580601    1.40540169    1.49347678    1.42964184    1.26982544    0.00000000    2.67716130    3.40723932    2.43591991    2.38274700    2.60858107    2.61376320    2.50326519    2.52390734    2.71503496    2.78967709    1.86789693    2.53947989    2.72772426    3.85797156    2.50762962    2.55838803    2.37961836    3.31495100    2.95555364    3.22345753    3.40663097    2.92798423    2.70530771    3.08017571    3.05808668    3.83369260    3.16080675    4.13068839    3.05270538    3.33726007    2.36883380    2.65015447    3.31252079    2.98515667    3.14413663    3.86160623    3.37323778    3.05600551    3.24030209    2.58601683    2.23495764    3.11325792    1.99360440    2.92457511    3.92501436    3.64996993    2.92300421    2.58676826    2.85486981    3.47618416    2.77483511    4.57061525    3.17834676    2.35898655    2.83481230    2.64077340    3.02368924    2.35250461    3.49193912    2.85963995    2.90819594    3.23563977    3.20252659    3.59129164    3.33817337    3.13305818    3.35661149    3.13970954    3.13909718    2.90318699    2.91178108    3.29737292    3.90668781    3.43898856    3.42008543    3.35710663    2.13759579    2.49718383    2.84352399    2.94897323    3.39772044    2.47280603    3.54396638    2.97651303    3.35904199
B9JL15_AGRRK/53-175     2.43088985    3.34308505    1.97280460    2.22289654    2.15047220    2.04725698    1.91264696    2.02227182    1.93944013    1.91845673    1.84311416    2.17083646    2.14330400    1.65912077    1.97630941    2.36038176    2.29015843    2.89063857    3.33728066    2.67716130    0.00000000    1.76911712    1.40982712    1.69291125    1.99861047    2.17071998    1.98418261    2.69240839    2.44909775    3.20702573    2.61255128    3.02461012    2.66939028    3.61644474    2.36201907    2.15770165    2.36565268    2.99279821    2.53349997    3.07518181    3.18035549    3.93719575    3.64151631    3.54316209    2.85996673    3.46536027    2.94282104    3.74039444    3.14045184    3.39396073    3.01003958    2.83347824    3.16637281    2.58435776    2.86144191    3.42828131    2.82131816    2.26248337    2.96208376    2.74150833    3.55771585    3.99812551    2.72411855    2.61657157    3.53788799    2.85764653    2.77987297    3.34002113    2.53144710    2.06160783    2.04593037    4.76335047    3.21838700    3.70232128    2.94261849    2.02239794    2.36010428    2.06242975    3.72690723    3.05342858    2.92186467    3.62165836    2.76225858    2.63839653    2.88835896    3.12554801    3.88293865    2.78017408    2.26985128    2.37311283    3.24838713    2.92432556    3.11448182    2.73727831    2.06739826    2.41285749    2.35880446    2.34715413    2.39693025    3.10263876    4.13159248    2.86750107    3.18874030    3.20489087    3.09694817
B9JDQ5_AGRRK/46-163     3.85642447    3.02986178    2.83612224    2.60111331    2.40090187    2.53862702    2.54815042    2.74817560    2.52484799    2.43524259    2.21329884    2.74135848    3.33093697    2.20476599    2.70239050    2.91675939    3.14285499    3.40539848    4.28356519    3.40723932    1.76911712    0.00000000    2.32518065    2.78285934    2.38590013    2.43035502    3.01415695    3.68614340    3.32013622    2.65018901    2.71937951    3.52514175    3.65715796    3.27710321    3.36099020    3.64490097    2.81809051    3.96632996    2.73977080    3.40121108    3.27810046    4.20448770    3.42984433    4.10478066    3.46388403    3.41346848    3.20930294    4.36654227    3.55209340    3.48414669    2.98132975    3.18115546    3.07956977    2.55354820    3.11158768    3.08673258    2.69727489    2.93623072    4.48191050    3.44068705    3.75856157    4.99598861    3.36530640    3.38493470    6.32269714    4.02135884    3.44838073    3.95450021    2.62069144    3.34390408    3.76863540    4.30198020    2.75592284    3.76118875    3.44971549    2.39287044    2.93236614    2.62147559    2.69523891    3.29790255    3.00238033    3.27514573    3.10869384    3.10456926    2.75734835    3.59725881    3.30326061    2.64612622    2.57258271    2.79441592    2.97183293    2.56958191    4.15176865    2.61853927    2.94024496    2.56186263    2.31538108    3.08294880    3.00859580    4.45661314    5.21870627    3.69470523    3.89621040    3.91085464    4.00863383
Q73V50_MYCPA/45-164     3.06330606    2.86762886    2.19251472    2.79183570    2.01814581    2.38480611    2.24667661    2.75288991    2.45132557    2.15712830    2.02360837    2.29485808    2.80745341    2.30544414    2.27291163    2.22478676    2.71294332    3.08830108    2.81023478    2.43591991    1.40982712    2.32518065    0.00000000    1.73286883    1.55682444    2.25382876    2.38681048    2.38830770    2.61969593    2.71838841    2.84600009    4.12254281    3.02687981    3.26305664    2.79421072    2.67463113    3.13580846    2.70731425    3.72258110    3.29238185    2.82638135    2.55763566    3.85399212    3.25279994    3.25596596    3.50028955    2.96935501    3.93159409    2.75417691    3.45221374    3.07375849    3.31191863    3.76469450    3.06284213    3.20406943    5.50070790    3.34787544    3.94701679    3.94545551    3.14274377    3.12939671    3.80111608    3.10241922    3.78961495    2.94435343    3.40862910    3.04916693    2.81613707    2.24367255    2.16188667    2.29762122    3.82983490    2.81119278    3.37942568    3.36577770    2.42565300    3.14556169    3.20089015    2.99788850    2.65436904    3.17595112    2.84139099    3.52532679    2.98859975    3.49054416    2.82085522    2.15119274    2.44774767    2.21867170    2.60566574    2.85871143    2.52194694    2.64944653    2.56720823    2.74555243    2.40615673    2.69262094    2.70204265    3.55663683    3.35666195    3.70053367    3.40485214    4.42991354    3.26017775    3.32688049
Q55376_SYNY3/53-158     2.88597993    2.43005288    2.68845074    2.81872469    2.72487894    2.87671670    2.60466074    2.78100949    2.87643119    2.99573668    2.85950921    2.34983589    2.52499462    2.57524368    2.44565843    2.38089166    2.21491284    2.58729436    2.56666368    2.38274700    1.69291125    2.78285934    1.73286883    0.00000000    1.62027809    2.22757334    2.54719369    3.05916248    2.53735229    3.38841574    2.38565715    2.82263171    2.53346905    3.46017968    2.57238322    3.19974438    2.95174801    3.49796919    3.63802146    3.12601616    2.88663712    3.40187661    3.22430479    2.57408945    2.82522793    3.10173492    2.52714859    4.01948068    3.16621103    3.14987504    3.03730939    3.52325875    3.92255623    2.85632948    2.81153191    3.41329205    4.58600382    3.53463823    2.89625033    3.30227008    3.60582887    4.58106348    2.72600609    3.21440496    3.25476890    3.27963052    3.27217535    3.41938056    3.11861892    2.44437273    2.68073790    4.38066048    3.33055614    2.50851941    2.49760849    2.40654548    2.49436330    2.62113777    3.20892577    2.25095562    3.53925449    3.06461967    3.29872143    3.66343627    3.53438826    3.09682260    2.51121909    2.33098336    2.52709896    2.75918113    2.91520279    2.48102329    2.58921546    2.56589769    2.73057903    2.43355686    2.92493966    2.53213294    4.46876430    3.58706914    3.49650848    3.73471427    3.79580227    3.33385132    4.21523448
C9YTA2_STRSW/24-146     2.67121247    2.95544803    2.01219517    2.48571640    2.60065884    2.54188304    2.25739100    2.44823748    2.27657588    2.79663205    2.07986931    2.56605724    2.49082074    2.19282306    2.32266396    2.27814547    2.62512464    2.26095273    3.06691835    2.60858107    1.99861047    2.38590013    1.55682444    1.62027809    0.00000000    2.29315272    2.06584749    2.57242190    2.86079504    2.78556975    2.77693873    2.38338149    2.75406112    3.26277222    3.58570634    2.58759657    3.09026545    3.19959157    3.02872540    2.68727049    2.98514115    2.65559583    2.69839468    3.00544393    2.91280018    3.66088103    2.44465807    3.16235195    3.09182217    3.23979984    2.84172300    2.83909269    2.78894744    2.59477136    2.87199508    2.97006103    3.02451458    2.90874647    2.87345062    2.83566382    3.33865981    3.32511603    3.09740631    2.94271115    3.19106169    3.30652698    3.06370970    2.92656051    3.32657493    2.85019766    2.84650182    4.03960886    2.77892225    3.26671352    2.60207603    2.66068101    2.47519371    2.76328557    2.54438860    3.25175577    3.18838059    3.00783047    2.83570214    2.76909627    2.80547939    3.13623668    2.92777764    2.37004328    2.32930953    2.55591202    2.84619443    2.55889845    3.25130387    2.96352892    3.16778203    2.53477325    1.99929475    2.62521604    4.35739506    3.28701467    3.81503308    2.32278693    3.78107546    2.63425070    2.80193298
Q4FLH8_PELUB/34-172     2.66511531    2.97091180    2.62973451    3.20924398    2.82244732    2.55191440    2.09644842    2.75599357    2.61227894    3.27683067    2.93397047    3.66612393    2.51917373    2.37898877    2.28003543    2.25761766    3.36294320    2.80973205    2.75904302    2.61376320    2.17071998    2.43035502    2.25382876    2.22757334    2.29315272    0.00000000    2.24156192    2.13761588    3.26611238    2.96672359    3.03923528    3.56184319    2.94152087    3.22530546    2.24758441    2.31972758    2.28343162    3.44126689    3.00437786    2.64558198    3.23583518    3.39526530    3.55091545    3.08818333    3.08114069    3.74211817    2.80901246    3.22087251    3.02347559    2.94641515    2.33748394    2.47061040    3.42668351    2.45608593    2.17179626    3.75036764    2.95910869    3.06228003    3.14252992    2.71291930    3.00275297    3.49234294    2.51108345    3.56505700    3.19272543    3.71871685    2.80515239    3.43246858    2.72983132    2.36631930    2.40212975    3.73404380    2.57735389    2.26062832    2.29788739    2.65847707    2.52774315    2.37428407    2.51982542    2.66509401    2.67942041    3.10906782    2.37931715    2.70405856    2.97288314    2.61426093    2.79233165    2.00464959    2.17177207    2.23877224    2.54171352    2.37414759    3.31191434    2.63039562    2.15932305    2.36649829    2.25688824    2.59430762    3.29711628    3.26171948    3.54541400    3.44814508    3.54244440    3.48788096    3.14508981
