93
F8E7Y8_FLESM/214-315     0.00000000    0.74529296    1.84383015    2.19263573    2.29217603    2.49437521    2.49180001    2.14604511    2.36920556    2.12853353    2.01744564    2.32516055    2.09063300    1.84099870    1.74576440    2.13665623    2.19864518    2.14669464    2.28878289    2.02207230    1.99566494    2.39259277    2.39118583    2.32451272    2.39774388    2.54602076    2.59719262    2.89702006    2.15615998    1.96916378    2.03910650    2.22067584    2.02258813    2.14261531    2.50738581    2.49985838    2.68636925    1.51205372    2.33519649    2.38421591    2.15605397    2.59099529    1.94526321    2.22087766    2.52346790    1.87726427    4.10712070    2.45077916    2.56440234    2.92335199    3.02399550    2.69572846    2.36437363    2.38763427    2.59761212    1.38726137    1.60115358    1.49494876    1.68773733    1.49269468    1.66656293    1.37217027    1.66868120    1.56376366    1.41742055    1.38502740    1.20965156    1.34755190    1.09086143    1.41802470    1.13430455    1.34272081    1.44735596    1.31544203    1.29222804    1.36379141    1.47216129    1.42740445    1.56347541    1.43615606    1.99420858    1.43061440    1.41147609    1.47821678    1.75659882    1.38001492    1.55580190    1.39395863    1.26226364    1.30271973    1.27255272    1.35689375    1.33649917
E4TEU8_CALNY/211-312     0.74529296    0.00000000    2.12359737    2.43211102    2.72404293    2.67719745    2.87277934    2.76965035    2.94989846    2.60503792    2.30082915    2.16432057    2.32613422    2.41168883    2.08953883    2.24665364    2.59039797    2.54779672    2.42279778    2.37591911    2.46923641    2.58335095    2.55564234    2.70104077    2.72570676    2.78292264    2.76640267    3.05123556    2.34910649    2.03840315    2.31053429    2.58170201    2.26360566    2.22867406    2.70662220    2.82738101    2.81436736    1.80430589    2.43457069    2.65383357    2.41299872    2.61031586    2.52747336    2.61495901    2.58474707    1.93079519    4.71369569    2.72997828    2.88179497    3.18387695    3.36868068    2.89874627    2.91473096    2.80774414    2.96668436    1.20511463    1.45816955    1.43055235    1.51849586    1.60139371    1.64597345    1.42800878    1.68704748    1.78328617    1.18071508    1.18215383    1.37394895    1.26555731    1.01219442    1.24991830    1.26913630    1.48864584    1.39234948    1.30442025    1.13983602    1.38097969    1.38007203    1.64625283    1.54122992    1.59976981    2.02767536    1.34583693    1.39503181    1.22504278    1.55180596    1.21522334    1.52679739    1.30082401    1.21479206    1.30471912    1.32088704    1.35765150    1.33920399
K9SZ86_9CYAN/11-105     1.84383015    2.12359737    0.00000000    0.49813643    0.55758754    0.49136842    0.66591797    0.85509784    1.04578972    0.38146060    0.48802195    1.05374830    1.08218259    1.09059695    0.94522476    1.34298163    1.48344161    1.56647468    1.52766310    1.61325240    1.57942667    1.85348696    1.62115087    1.83395843    1.65541787    1.73100110    1.74706108    1.68812952    1.46563337    2.06263924    2.36674201    2.31369241    1.92977795    2.38861243    2.22699342    2.18569341    2.68758455    1.20452289    2.18964275    2.11181238    2.16723597    1.52632030    1.70101929    1.93303150    2.03277252    2.12167225    4.04844808    2.46197818    2.70836645    3.16357663    3.91496868    2.86775000    2.94148276    3.10594250    2.75169276    2.06861605    2.33999520    2.49402737    2.14592623    2.24850220    1.95729249    1.98576143    2.37408784    1.76565303    1.91713261    1.92794495    1.91670469    1.95300352    1.92489231    1.70140758    2.13300372    1.62522136    1.67535244    1.77967426    2.12403092    2.22389728    1.89701496    1.45743337    2.17464139    1.46202915    2.08061750    1.91810403    1.66896435    1.79536852    2.34262287    1.59534444    1.53151707    1.53650952    1.51469853    1.70861006    1.50371199    1.91433389    1.97365321
K9S8W0_9CYAN/10-104     2.19263573    2.43211102    0.49813643    0.00000000    0.38311790    0.52813267    0.78349552    0.95459189    0.99985629    0.50363203    0.71542953    1.24137814    1.41477561    1.28981987    1.11015153    1.61763104    1.61287383    1.79007475    1.72234789    1.80283513    1.63003611    1.89889592    1.58951137    1.89008548    1.81309335    1.67262490    1.63920297    1.55744972    1.60003805    2.10011947    2.38415457    2.60135063    1.96623706    2.28438439    2.11375963    2.36442655    2.54961020    1.49020764    2.55236672    2.54449620    2.29750190    1.86465998    1.98894337    1.93358950    2.05157041    1.85612545    3.77466337    2.37136852    2.75140108    3.62138105    3.71171578    2.68888836    3.02356300    3.05632156    2.95002715    1.98355985    2.45694095    2.77367131    2.29331041    2.83400811    2.37275332    2.25578231    2.39739810    1.97945262    2.39135257    2.48828904    2.51050231    2.28838933    2.61404697    2.44700267    2.66969092    2.01203917    2.13392417    2.14324461    2.45411346    2.66567037    2.33031978    2.17999875    2.43369707    1.59916842    3.02885550    2.23934485    2.14263272    2.04603098    2.67670262    2.01744195    2.18757214    1.90575354    1.90249615    1.93794732    1.94443407    2.31313095    2.19797283
B1X0Y7_CROS5/11-105     2.29217603    2.72404293    0.55758754    0.38311790    0.00000000    0.40170409    0.66591405    0.88690980    1.03402460    0.62074184    0.69472397    1.35115580    1.25642005    1.28132487    1.21026054    1.53393462    1.51509308    1.61365854    1.59559420    1.59957719    1.49731746    2.00094461    1.79040931    2.06042250    1.83978988    1.78230768    1.92123089    1.56097238    1.68809631    1.99572074    1.98628935    2.24254046    2.15568904    2.13658716    2.11954811    2.28324112    2.57914270    1.46161227    2.30439937    2.40750936    2.27732219    1.87915280    1.99039484    1.94973422    2.23384236    1.92624956    3.74104198    2.19399663    2.62350060    3.43512811    3.86450242    2.75071750    3.27692573    3.16244378    2.74355829    2.18769028    2.52426017    2.56942750    2.25623197    2.40026722    2.13785104    2.29997254    2.79782019    2.19446446    2.32868520    2.50908324    2.63269076    2.48018779    2.62037008    2.61480664    2.68870016    1.95823461    2.16771660    2.33069793    2.56252932    2.65727568    2.23756638    2.11875650    2.35804354    1.99237548    2.90625644    2.26752533    2.19588528    1.96641505    2.61863131    2.09032432    2.18307476    2.04890815    1.97190615    2.15046592    1.97027810    2.21738452    2.21176427
E0UDP6_GLOV7/11-105     2.49437521    2.67719745    0.49136842    0.52813267    0.40170409    0.00000000    0.66524639    0.91513235    1.17683453    0.61490544    0.71501951    1.28404115    1.19304108    1.37837365    1.29477743    1.42790765    1.40047053    1.56411842    1.63004095    1.55628443    1.64628060    1.81393781    1.58231857    1.66699659    1.73352074    1.60082481    1.81088272    1.58155446    1.45839792    1.93596454    1.77203495    2.24412278    1.66754050    1.93401404    2.02387571    1.89980373    2.13443082    1.47616590    2.51568129    2.36477684    2.55996944    2.05535725    1.88979210    1.92130000    2.05057259    1.96027302    4.00636993    2.23142915    2.86235428    3.45824807    4.15932389    3.05227339    3.35139315    3.21074130    2.74608071    2.61219015    2.60747758    2.99915766    2.27347393    2.84656409    2.35203991    2.20815545    2.72562489    1.90492828    2.26430072    2.36599026    2.60897318    2.51787847    2.61886007    2.53456665    2.68968008    2.08373320    2.18983307    2.21511557    2.70930454    2.86903359    2.27859050    1.93551347    2.85524050    1.95875670    2.55326092    2.36368911    2.19133322    2.07547104    2.55380957    1.98413110    2.03910495    2.12545990    1.99753688    2.20355587    1.96085140    2.39843174    2.23545515
B0JK37_MICAN/7-101     2.49180001    2.87277934    0.66591797    0.78349552    0.66591405    0.66524639    0.00000000    1.01376522    1.10546509    0.65155914    0.60944631    1.30053495    1.21660318    1.46753193    1.26144686    1.59166582    1.68624166    1.73344171    1.71956079    1.69976364    1.73453299    1.97506733    2.07300449    2.03461439    1.85635432    1.73842352    1.72988682    1.81418061    1.90237088    2.27205731    2.28754275    2.58149666    2.06103823    2.19232964    2.11710970    2.09992739    2.40309439    1.63388593    2.71131300    2.44884348    2.69537967    2.32848973    1.94672710    2.08334980    2.33208245    1.84399142    3.64679939    2.33800115    2.76585251    2.88873102    4.11644950    3.03493803    2.94946896    2.98692510    2.57172571    2.70315059    3.17168781    2.80683271    2.43478811    2.65306479    2.46990609    2.94683044    3.05690737    1.91534752    2.68989533    2.80995448    2.72526363    2.43730603    2.84752478    2.27748616    2.41007088    2.10380019    2.29552219    2.12660683    2.37490225    2.78936137    2.55774897    2.71667784    2.94333895    1.95568993    2.41126968    2.88388463    2.69659258    2.33207522    2.83871867    2.38898182    2.22033626    2.29567783    2.30489995    2.57401654    1.99952225    2.79273603    2.61741616
Q7NNW7_GLOVI/5-98     2.14604511    2.76965035    0.85509784    0.95459189    0.88690980    0.91513235    1.01376522    0.00000000    0.60359636    1.05401015    1.04654242    1.50665211    1.54548087    1.25178528    1.19066530    1.66590853    1.74749720    1.60958319    1.73038157    1.89355207    1.92017796    2.20560140    1.89740489    2.16872434    1.93135217    2.01794068    2.03316901    1.65474672    1.64874784    2.14180613    2.19352634    2.48069656    1.99972785    1.99971623    2.40688429    2.43854489    2.63844310    1.47336140    2.15968382    2.12077759    2.05903609    1.62253222    1.53511096    1.78795009    2.00604799    2.02987674    4.28876319    2.65743228    3.36402614    3.08311550    4.12801447    2.82899901    3.34111539    3.25784815    2.45802351    2.97725813    2.97679508    2.89562903    2.52010942    2.34184130    2.35397723    2.32275714    2.48471079    1.71889045    2.21005750    2.46563886    2.42732250    2.29796310    2.67821396    2.40754449    2.82646605    2.00570394    1.83440352    2.25338496    2.61712540    2.36171517    2.33069140    1.97423604    2.76965519    1.74803214    3.17808482    2.38867944    1.71876552    1.91105219    2.50815877    2.31215185    1.78056739    2.04180534    1.89738577    2.37294389    2.00221446    2.24405104    2.28059096
U5QMK2_9CYAN/5-98     2.36920556    2.94989846    1.04578972    0.99985629    1.03402460    1.17683453    1.10546509    0.60359636    0.00000000    1.12344684    1.20252307    1.71308861    1.40829015    1.25648508    1.41033380    1.57911050    1.82491235    1.85197420    2.00157719    2.02448063    1.83869765    2.04011999    1.91274389    2.02454662    1.63967282    1.84402463    1.85697031    1.62890623    1.77864450    2.12259228    2.51793115    2.76074712    2.01881671    2.57144079    2.40174257    2.63196222    2.87556010    1.69392063    2.07835100    2.33487820    2.29800534    2.08629164    1.83452738    2.11097313    2.25305453    2.04771803    4.46088485    2.88244325    3.08965774    3.21594671    4.40518518    2.82246769    3.13754003    3.03209678    2.66304164    2.66615777    3.41943300    2.77559124    2.32392277    2.44777157    2.33387113    2.47673739    2.90001366    2.06643541    2.39414188    2.38341551    2.84220307    2.62545282    2.94743081    2.59864423    2.60887799    2.21454869    2.24384365    2.30239657    2.90601573    2.53187582    2.44616045    2.13157099    2.42757323    1.88515608    2.68637409    2.64675324    2.10842552    1.94983298    2.87643101    2.07121520    1.77727748    1.93656463    1.94002670    1.99056300    1.94835978    2.15086379    2.24242139
B8HXZ0_CYAP4/11-105     2.12853353    2.60503792    0.38146060    0.50363203    0.62074184    0.61490544    0.65155914    1.05401015    1.12344684    0.00000000    0.40188080    1.21259140    1.21957628    1.33783180    1.20092075    1.57802268    1.74929257    1.72731830    1.56804555    1.69964870    1.60448234    1.94081800    1.65624062    1.90349280    1.72163392    1.79200056    1.69079269    1.77131767    1.86253243    2.12890824    2.45125048    2.70432383    2.05849496    2.25003248    2.09349740    2.31535276    2.47839004    1.51188013    2.33250367    2.13670815    2.40166339    2.01996980    1.89155449    1.92478409    2.06497180    1.90123089    4.14353012    2.36304781    2.45818624    3.02271479    3.57844651    2.66129070    2.52671505    2.84932684    2.51490719    2.27374049    2.54224023    2.63445408    2.14961103    2.34715952    2.33902707    2.04652613    2.63330272    1.70810728    2.42249601    2.27140413    2.16600067    2.12944391    2.30920787    2.03302948    2.23932122    1.88328173    2.18464857    1.94369161    2.23598863    2.43146049    2.33336059    2.12852568    2.45766947    1.57976789    2.29768468    2.12397541    1.83419073    2.18383792    2.37170486    1.98715451    1.67581914    1.66724422    1.64452892    1.77697489    1.74440942    2.28166044    2.07877882
K9RT88_SYNP3/11-105     2.01744564    2.30082915    0.48802195    0.71542953    0.69472397    0.71501951    0.60944631    1.04654242    1.20252307    0.40188080    0.00000000    1.27325438    1.26002046    1.40216420    1.28927103    1.51276960    1.56967752    1.60036674    1.58471170    1.52618368    1.54959352    1.92131097    2.11464015    2.13354552    2.02365478    2.01550290    1.84772599    1.93287846    1.98638488    2.21915398    2.16919678    2.37409339    2.11509420    2.40068556    2.43814434    2.61009420    2.49721704    1.41110779    2.41697092    2.43738256    2.56837663    2.12527311    1.93797811    2.44122949    2.50068796    1.93251651    4.42363203    2.03622311    2.72224865    3.20588599    3.61156038    3.05992943    2.61148680    2.90732993    2.50616410    2.25598870    2.51242452    2.76154879    2.00043288    2.18220870    2.45209263    2.19110720    2.69721421    1.89737613    2.79837124    2.70360817    2.53820323    2.51297478    2.69294659    2.22201491    2.58048512    1.97313471    2.37949346    2.24888564    2.39760386    3.07638311    2.39490463    2.28658623    2.55866418    1.73471043    2.83914268    2.50885318    2.12881571    2.34751429    2.57950473    2.21417609    1.95703202    2.02707295    1.81788200    2.14436604    1.96864014    2.50233045    2.24602561
D5XEL9_THEPJ/2-92     2.32516055    2.16432057    1.05374830    1.24137814    1.35115580    1.28404115    1.30053495    1.50665211    1.71308861    1.21259140    1.27325438    0.00000000    0.67420260    1.27148000    0.70351861    1.14191012    1.40454473    1.42348481    1.35969612    1.39229928    1.77474448    1.55520364    1.65913587    1.66616254    1.60139869    1.56077177    1.61990668    1.76632881    1.60492361    1.92740197    2.19331665    2.24740458    1.66266818    2.06874404    1.87805636    2.14276824    2.22562728    1.24199339    2.05840633    2.24978401    2.00801071    2.01181765    1.58726488    1.71805167    1.80106014    1.69099828    3.64157511    3.10294258    3.17023007    2.93796887    2.75461742    3.03867235    3.19854237    2.51976660    2.21828287    1.69538631    1.98451645    1.97066822    2.06446321    2.20602469    2.07893367    2.23555047    2.07771663    2.06154103    2.13213642    2.65513682    2.29368427    2.24552878    2.39365565    2.15929136    2.41806103    1.81283981    1.83075365    2.31269047    2.15705853    2.89365491    2.56892311    2.58068923    2.10183395    1.84717367    2.24031921    2.33125405    2.46558955    2.07457983    2.34558387    2.33878264    1.82882989    2.19747614    2.03666721    2.44647424    1.94033779    2.22599211    2.01216201
K4LGT0_THEPS/2-92     2.09063300    2.32613422    1.08218259    1.41477561    1.25642005    1.19304108    1.21660318    1.54548087    1.40829015    1.21957628    1.26002046    0.67420260    0.00000000    0.89414176    0.82219857    1.28649853    1.21965636    1.47956133    1.44024945    1.41079055    1.65003127    1.52359386    1.47435343    1.51610602    1.55140394    1.48129528    1.56199172    1.65292824    1.46015184    1.66452224    2.10514691    2.07086508    1.65146948    2.00935883    1.74858046    1.79049899    2.42821237    1.40979117    2.16920865    2.26092893    2.03058177    2.11773499    1.41337534    1.49926519    1.60642005    1.61738927    2.62855535    3.12591594    2.99351638    2.43020585    2.70022344    2.70172044    2.71478592    2.42005632    2.11748868    1.91281896    2.51864622    1.97368139    1.92593718    1.92117928    1.68557896    2.15823359    2.16453023    1.81033247    2.01314306    2.07697256    2.10930785    2.14544346    2.43819159    1.78858414    1.84933957    1.74958965    1.83468314    2.07118689    2.03212858    2.59784512    1.83769652    1.90957848    2.04160299    1.72579895    2.32358856    2.03552676    2.09221713    1.82591585    2.51125714    1.82741584    1.64887194    1.80976913    1.66004254    2.01756356    1.56136683    1.84636612    1.73468232
D3F6R0_CONWI/8-99     1.84099870    2.41168883    1.09059695    1.28981987    1.28132487    1.37837365    1.46753193    1.25178528    1.25648508    1.33783180    1.40216420    1.27148000    0.89414176    0.00000000    1.01980490    1.62298056    1.18364574    1.41282974    1.42421693    1.52797337    1.71199924    1.44781631    1.35869964    1.30320779    1.35696706    1.43355208    1.52835498    1.44049149    1.65479466    1.71391963    1.97717909    1.96464284    1.76391695    1.98237322    1.63921394    1.82462504    2.47202410    1.47050221    2.05963716    1.97502796    1.95387080    2.02498062    1.55096778    1.58269195    1.46425011    1.64228675    3.25360358    3.49429009    3.28083148    3.18683074    3.75806521    3.62883650    3.46422705    3.72845321    3.20666148    2.22219982    2.43674644    2.05063898    1.94631771    1.54692687    1.82657239    2.22765628    2.12643961    1.67393858    1.90595637    1.89587250    1.81760018    2.01480674    2.27785052    2.12081271    2.07886400    1.85216801    2.14698219    2.08752932    1.87873166    1.87000747    1.83352727    1.74201177    1.83148037    1.78379682    2.46983987    1.87862665    2.36442969    2.21567426    2.66091674    1.86294277    2.01852849    1.66991951    1.59185133    1.69665471    1.54184047    1.48731302    1.75967453
C8W4G6_DESAS/2-92     1.74576440    2.08953883    0.94522476    1.11015153    1.21026054    1.29477743    1.26144686    1.19066530    1.41033380    1.20092075    1.28927103    0.70351861    0.82219857    1.01980490    0.00000000    1.51924281    1.24006655    1.29483713    1.25501826    1.42238997    1.52731465    1.48021370    1.48711765    1.48639232    1.36622676    1.14494145    1.17427753    1.17088527    1.20205893    1.35461587    1.54724664    1.81848531    1.36222961    1.40388512    1.39602334    1.61981197    1.87095152    1.25376466    2.04171910    2.07802981    1.89254733    1.70794176    1.26698392    1.65641254    1.56204665    1.62247986    3.14346833    2.28682974    2.09132679    2.74468296    2.80420405    2.88392598    2.44314152    2.81484566    2.39811836    1.61130044    2.40340619    1.73512237    2.05977119    2.15995098    1.83272629    1.93704122    1.98619362    1.43976709    1.73877608    2.39628096    2.02298565    2.10342051    2.21841021    2.00112466    2.08519111    1.79295939    1.53267443    1.88182379    1.57615947    2.13642162    2.13714568    1.88803480    1.95161020    1.52763260    2.55271756    2.03988080    1.98865083    1.89092943    2.22815852    1.76833754    1.79989495    1.63959880    1.48717710    1.96127510    1.57409673    1.86800201    1.70103832
D2PMS4_KRIFD/243-333     2.13665623    2.24665364    1.34298163    1.61763104    1.53393462    1.42790765    1.59166582    1.66590853    1.57911050    1.57802268    1.51276960    1.14191012    1.28649853    1.62298056    1.51924281    0.00000000    1.21285274    0.93371275    0.98743298    0.90818442    1.05670997    1.16705833    1.31363000    1.28315380    1.28520915    1.15661485    1.12426284    1.30658322    1.13800298    1.36519077    1.45583995    1.40681749    1.49803576    1.75539670    1.54544388    2.00846927    2.44515460    0.96897921    1.97729590    2.02694155    1.95498835    1.77677470    1.50259835    1.60952421    1.85428704    1.84470621    3.65814383    2.84238332    3.16441918    2.69953079    2.83984713    2.63752238    2.84086824    3.02386700    2.48443765    2.09573522    1.91958683    1.91856796    2.25420442    1.94050809    1.82527092    1.83635980    1.78361815    1.88552882    2.06624253    1.96067341    2.25510666    1.95283557    2.13659603    2.01190724    2.33595570    1.79175888    1.87635730    1.98905582    2.19411427    2.58781822    1.99746593    2.75748878    2.26160160    1.90770646    1.93577994    2.07020741    2.22848365    2.05161692    2.44753866    2.01507690    2.05836632    1.97569037    1.99323947    2.32482487    2.03297539    2.18699354    1.96722578
D1A9Z8_THECD/6-96     2.19864518    2.59039797    1.48344161    1.61287383    1.51509308    1.40047053    1.68624166    1.74749720    1.82491235    1.74929257    1.56967752    1.40454473    1.21965636    1.18364574    1.24006655    1.21285274    0.00000000    0.67259926    0.79129176    0.69098530    0.78755867    0.79929815    0.96542280    0.86274342    1.10352634    0.76820576    0.83492913    0.99155960    0.94564248    1.10967015    1.21246304    1.04571530    0.86580709    1.18258546    1.41128335    1.09646917    1.99636224    0.96034314    2.03451879    1.70224912    1.97022642    1.92575000    1.57418303    1.53560964    1.72465806    1.98623465    2.62643444    3.14214054    2.98245091    2.66170258    2.60591042    2.80213591    2.31919802    2.80216727    2.50680400    1.99583583    2.49257631    2.04204489    2.13095335    2.07363689    2.01751845    2.46473290    2.41011022    2.29173496    1.98039005    2.01912590    2.29883033    1.92132687    2.22114012    2.15380923    2.32125751    2.04050727    1.90315822    2.24719775    1.99299988    2.77138815    2.08360061    2.62821954    2.49915826    1.94554811    2.39153736    2.18680590    2.10882711    2.25943929    2.64712172    2.01241663    2.16364011    1.98192047    1.90004337    2.11393294    1.75497047    1.55862729    1.93083296
F2R7J9_STRVP/266-356     2.14669464    2.54779672    1.56647468    1.79007475    1.61365854    1.56411842    1.73344171    1.60958319    1.85197420    1.72731830    1.60036674    1.42348481    1.47956133    1.41282974    1.29483713    0.93371275    0.67259926    0.00000000    0.34046698    0.40622336    0.45383287    1.01410582    1.15580830    1.14446251    1.17440909    0.90628294    1.04666989    1.06508347    0.88857678    0.97536312    1.11829432    0.94679727    1.31887775    1.30452896    1.45138234    1.39938485    1.63800288    0.88074566    1.92207274    1.91559213    1.99292636    1.84312920    1.55587549    1.68440711    2.00072813    2.08888450    2.92091978    3.39053098    2.92182384    2.90971839    2.73209928    3.02541367    2.87472122    3.42049322    3.16529418    2.06577160    2.27984058    2.36824888    2.20403470    1.99266501    1.78213252    2.03777353    2.23249143    2.11060740    1.63194184    2.12815115    2.08824368    1.95608214    1.96461991    1.96768538    2.04244876    1.92982483    1.98121967    2.44065058    2.09878493    2.36951444    2.09672265    2.06993825    2.30364586    2.03105643    2.39595844    1.86599701    1.92617162    2.11557345    2.36103790    2.08756546    1.83929345    1.92065480    1.82469423    1.99414879    1.68110328    1.74541226    1.93533202
G2NHS5_STREK/247-337     2.28878289    2.42279778    1.52766310    1.72234789    1.59559420    1.63004095    1.71956079    1.73038157    2.00157719    1.56804555    1.58471170    1.35969612    1.44024945    1.42421693    1.25501826    0.98743298    0.79129176    0.34046698    0.00000000    0.23879369    0.40919823    1.12458804    1.07516094    1.16092948    1.22719628    0.89877115    1.04997217    1.03278260    0.99821296    1.08573306    1.07064015    1.13394790    1.34406523    1.40752115    1.51302362    1.55354339    1.84984826    1.03521342    1.90042097    1.94359529    1.99340445    2.07930021    1.71851232    1.71800741    1.86418158    2.21762092    3.08992311    3.94043924    3.15746375    2.82870899    3.21837214    3.01043555    2.81566802    3.60703246    3.02220634    1.89598570    1.93298608    2.17047425    2.30299986    2.07087938    1.91932099    2.09611385    2.50722548    1.99079590    1.70465318    1.95286864    1.88736864    1.76353631    2.13045287    1.94508237    2.09582824    1.60065733    1.91667930    1.81637215    1.93958776    2.33545710    1.88799571    2.30471527    2.11940099    2.03772840    2.23051946    1.77655632    2.18550567    1.94110067    2.21273609    2.05015745    1.98655122    1.88872677    1.77240464    1.93679213    1.86489623    1.65176689    1.97697169
Q9RKC8_STRCO/248-338     2.02207230    2.37591911    1.61325240    1.80283513    1.59957719    1.55628443    1.69976364    1.89355207    2.02448063    1.69964870    1.52618368    1.39229928    1.41079055    1.52797337    1.42238997    0.90818442    0.69098530    0.40622336    0.23879369    0.00000000    0.27201718    1.07693394    1.16706070    1.21403788    1.31454278    1.03721486    1.23289924    1.15414849    1.04383084    1.14201363    1.17682436    1.05189123    1.31205496    1.52759014    1.48058804    1.41836856    1.63523810    1.01187951    1.71558270    2.14126473    2.01436904    2.07668376    1.81906522    1.60875254    1.81000073    2.23870786    3.06091609    3.78364838    3.25873253    2.75461682    2.81423353    2.90264993    2.57515358    3.59019096    2.91756712    1.89609715    1.97958260    2.10709520    2.27650035    1.87110944    1.79221749    1.96861626    2.39429087    2.06714458    1.85140336    1.96839184    2.09871840    1.94132125    2.06585531    2.20759884    2.09151033    1.84178557    1.88590511    2.10077651    2.09883004    2.55817215    2.12859876    2.27380897    2.40650219    2.12444003    2.32157051    1.88617802    2.23122212    1.93300024    2.23712790    1.98605493    2.06503932    2.00728559    1.95868390    2.02381905    1.96394126    1.73968259    1.95069108
S5UW79_STRC3/243-333     1.99566494    2.46923641    1.57942667    1.63003611    1.49731746    1.64628060    1.73453299    1.92017796    1.83869765    1.60448234    1.54959352    1.77474448    1.65003127    1.71199924    1.52731465    1.05670997    0.78755867    0.45383287    0.40919823    0.27201718    0.00000000    1.23161812    1.14213395    1.33839125    1.22410779    1.08761172    1.16840854    1.14978804    1.11349373    1.26754919    1.33496817    1.11024954    1.37926878    1.56267273    1.52698446    1.59311989    2.03338533    1.01296707    2.02618931    2.39768751    2.48244928    2.60525276    2.17930086    1.96679445    2.16821365    2.40742844    3.14579878    4.17370354    3.00814734    3.08479890    2.77311943    2.93714605    2.85623979    3.70391385    2.83457543    2.05892507    2.42667143    2.48101185    2.33981132    2.11345237    1.97585883    2.11246853    2.42533659    2.44145269    2.00306103    2.00324053    2.24314711    1.92684513    2.38844039    2.42858918    2.31086366    1.93631895    2.09831397    2.26686023    2.28560181    2.59266300    2.35995730    2.63143936    2.83710477    2.14826575    2.67129778    1.90351715    2.28998524    1.96113676    2.02064754    1.89684851    2.10348710    2.01291265    1.88318771    1.82944916    1.90177705    1.63426825    1.94166809
D9TDB2_MICAI/6-109     2.39259277    2.58335095    1.85348696    1.89889592    2.00094461    1.81393781    1.97506733    2.20560140    2.04011999    1.94081800    1.92131097    1.55520364    1.52359386    1.44781631    1.48021370    1.16705833    0.79929815    1.01410582    1.12458804    1.07693394    1.23161812    0.00000000    0.50012519    0.27050722    0.50162734    0.42492086    0.43919752    0.63608460    0.75496696    0.92627596    1.20537726    0.88611486    0.92634723    1.11127794    1.33197215    1.10889166    1.59742501    1.17781449    2.40063220    2.37969723    2.27228149    2.14009454    1.58434216    2.06246413    2.20674992    2.51763247    3.24903208    3.26961049    2.76812028    3.32582538    3.91521857    2.89310538    2.57049329    2.99786453    3.26188596    2.30653673    2.43544425    2.38374796    2.72565679    2.76937919    2.36222721    2.62283121    2.61347657    2.37444744    2.17024687    2.44520291    2.47071108    2.11480980    2.21090900    2.24807471    2.45098020    2.24264080    2.05398881    2.54728479    2.51989131    3.20027553    2.38424660    2.57790949    2.93357186    2.34573875    2.61954068    2.40422377    2.56365896    2.47751157    3.12230121    2.46194375    2.08413853    2.55993291    2.21179873    2.42159305    1.89553734    2.22975307    2.64083383
A4X3Y8_SALTO/6-108     2.39118583    2.55564234    1.62115087    1.58951137    1.79040931    1.58231857    2.07300449    1.89740489    1.91274389    1.65624062    2.11464015    1.65913587    1.47435343    1.35869964    1.48711765    1.31363000    0.96542280    1.15580830    1.07516094    1.16706070    1.14213395    0.50012519    0.00000000    0.28815567    0.66059081    0.56115265    0.60492487    0.62553306    0.93651512    1.29707583    1.24378013    1.11560713    1.12645054    1.39619513    1.52845545    1.28051146    1.72955794    1.13360964    2.33487730    2.16234322    2.35767153    2.22827025    1.60294218    2.38620326    2.31883732    2.63591051    2.85227377    3.00169627    2.67627768    3.09673592    3.58556141    2.75509283    2.86696666    3.02924120    2.70970288    2.54184789    2.52509804    2.15631495    2.89533356    2.56476327    2.29049115    2.84311982    2.77694375    2.52229513    1.92149500    2.01093727    2.46458922    1.95012508    2.26868747    2.16275980    2.62714512    2.11826244    1.97484086    2.18114370    2.49981739    2.90542484    2.16538425    2.10628098    2.65643415    2.01654523    2.61940410    2.00386776    2.07464678    2.21109711    3.11998624    2.33055304    2.14692784    2.21388274    2.01233230    2.35447131    1.84004138    2.01107083    2.18139514
F4F858_MICM1/5-107     2.32451272    2.70104077    1.83395843    1.89008548    2.06042250    1.66699659    2.03461439    2.16872434    2.02454662    1.90349280    2.13354552    1.66616254    1.51610602    1.30320779    1.48639232    1.28315380    0.86274342    1.14446251    1.16092948    1.21403788    1.33839125    0.27050722    0.28815567    0.00000000    0.53638480    0.34252754    0.42589420    0.54165495    0.87049647    1.13525527    1.14358350    0.94320827    1.02271728    1.26813868    1.30046506    1.11852618    1.66958748    1.16394346    2.46858669    2.11997173    2.44447456    2.13158486    1.52020230    2.14922078    2.12968795    2.50432581    2.94188696    3.42440441    2.77203882    3.22183283    3.46326577    2.90853163    2.66119698    2.99253036    2.81738144    2.70750542    2.51341996    2.14833223    2.70360183    2.75815213    2.38370203    2.65820498    2.59720152    2.42905728    2.08250680    2.18561335    2.65520301    2.01772721    2.22328362    2.27614045    2.57201699    2.38632002    2.18887635    2.47668268    2.56598749    2.80726246    2.29289883    2.37908166    2.44231713    2.36712699    2.74984101    1.99162373    2.58528215    2.45316235    3.19507292    2.50151070    2.25129204    2.54058661    2.28032889    2.57707333    1.88129622    2.26274307    2.46207985
D3PWB6_STANL/6-109     2.39774388    2.72570676    1.65541787    1.81309335    1.83978988    1.73352074    1.85635432    1.93135217    1.63967282    1.72163392    2.02365478    1.60139869    1.55140394    1.35696706    1.36622676    1.28520915    1.10352634    1.17440909    1.22719628    1.31454278    1.22410779    0.50162734    0.66059081    0.53638480    0.00000000    0.42980948    0.54802337    0.70941006    0.94020723    0.94977132    1.18385232    0.95688747    0.99232543    1.07743472    1.34525243    1.10234751    1.66160079    1.22879027    1.96797916    2.09476274    1.91206338    2.15023262    1.57203640    1.89295940    2.06271437    1.93949790    2.97188503    2.98591403    2.59590511    3.01724006    3.11859010    2.85231832    2.57356694    2.53661311    2.54602664    2.33213016    2.49052185    2.20270913    2.54039894    2.84174247    2.12491564    2.60321588    2.48039847    2.35997800    2.33716261    2.47585515    2.72381804    2.46967998    2.70193181    2.46816411    2.47229697    2.32152778    2.39750863    2.59385129    2.52206511    2.95975802    2.57831678    2.54187108    3.00723343    2.33890104    2.15274042    2.46719737    2.50717356    2.70537443    3.00155899    2.26483728    2.12895601    2.51091419    2.19245001    2.40592366    1.97964758    2.14574123    2.20866693
U5VZ83_9ACTN/6-109     2.54602076    2.78292264    1.73100110    1.67262490    1.78230768    1.60082481    1.73842352    2.01794068    1.84402463    1.79200056    2.01550290    1.56077177    1.48129528    1.43355208    1.14494145    1.15661485    0.76820576    0.90628294    0.89877115    1.03721486    1.08761172    0.42492086    0.56115265    0.34252754    0.42980948    0.00000000    0.26685070    0.32187018    0.90287377    1.05284799    1.13885063    0.98303205    1.04834134    1.09400663    1.25165767    1.05023458    1.52034955    1.09879712    2.19180750    2.07242576    2.22642968    2.20170624    1.65953482    1.95568948    2.05819462    2.43279927    3.15083528    3.03002970    2.91767667    3.05934762    3.41881580    2.83956157    2.73577911    3.14544550    2.90290945    2.50532876    2.49833064    2.14274911    2.44479258    2.57208412    2.22317178    2.63214406    2.58064729    2.47530692    2.13105332    2.35363143    2.52592697    1.99844059    2.32951748    2.07172054    2.29506913    2.18975179    2.31358648    2.41946540    2.24109149    2.62939545    2.11668526    2.28612097    2.68157754    2.37809843    2.33871103    2.03191706    2.46650235    2.24166366    3.06238048    2.53682060    2.43092310    2.56266696    2.29147347    2.65835479    1.96490833    1.95460453    2.56732065
R4LF74_9ACTN/6-109     2.59719262    2.76640267    1.74706108    1.63920297    1.92123089    1.81088272    1.72988682    2.03316901    1.85697031    1.69079269    1.84772599    1.61990668    1.56199172    1.52835498    1.17427753    1.12426284    0.83492913    1.04666989    1.04997217    1.23289924    1.16840854    0.43919752    0.60492487    0.42589420    0.54802337    0.26685070    0.00000000    0.36946333    0.87226366    0.98288090    1.13057234    1.00494600    0.98971739    1.09044707    1.23132500    1.16169594    1.40792557    1.18007376    2.39282439    2.31125225    2.17739880    1.98858745    1.49221537    2.06488621    2.11671066    2.23111328    3.42569691    3.07881305    2.78778930    2.92557154    3.57983848    2.59029056    2.44115551    2.95308891    2.82373141    2.45369470    2.66469673    2.54053958    2.59014610    3.05127126    2.37403274    2.84966654    2.47724181    2.29011309    2.27887088    2.74653650    2.57360041    2.20622487    2.60714671    2.42585462    2.45793513    2.18596440    2.32160330    2.34453395    2.33662659    3.05326451    2.34255023    2.46118128    3.04476934    2.22445520    2.32287860    2.12462521    2.46290095    2.43653612    3.37191258    2.53078949    2.49088548    2.57700063    2.26987917    2.40694120    1.99922792    2.20927631    2.48914607
G8RZD6_ACTS5/4-107     2.89702006    3.05123556    1.68812952    1.55744972    1.56097238    1.58155446    1.81418061    1.65474672    1.62890623    1.77131767    1.93287846    1.76632881    1.65292824    1.44049149    1.17088527    1.30658322    0.99155960    1.06508347    1.03278260    1.15414849    1.14978804    0.63608460    0.62553306    0.54165495    0.70941006    0.32187018    0.36946333    0.00000000    0.95072387    1.02546599    1.18359679    1.20403806    1.15255118    1.30676212    1.37286448    1.21265219    1.71093560    1.22604339    2.08393262    2.23502176    2.16036210    1.95267615    1.64953861    2.12315417    2.15690665    2.44036229    3.17469236    3.20695097    2.85344740    3.19045521    3.81210650    2.75458325    2.75107309    3.36564729    2.91594396    2.17161527    2.48862426    2.25289089    2.57097247    2.48103487    2.24906173    2.89677374    2.37835865    2.28179732    2.19341265    2.57670338    3.03477080    2.20708161    2.61639252    2.56733592    2.71368465    2.33603005    2.14191391    2.45958317    2.23476849    2.78579749    2.28009118    2.14258919    2.68207065    2.03964433    2.36488995    2.16636375    2.23105273    2.08836754    2.93181942    2.50284071    2.46291389    2.23779842    2.02355193    2.48786569    1.91012205    2.05400710    2.44268387
D0L9J4_GORB4/21-123     2.15615998    2.34910649    1.46563337    1.60003805    1.68809631    1.45839792    1.90237088    1.64874784    1.77864450    1.86253243    1.98638488    1.60492361    1.46015184    1.65479466    1.20205893    1.13800298    0.94564248    0.88857678    0.99821296    1.04383084    1.11349373    0.75496696    0.93651512    0.87049647    0.94020723    0.90287377    0.87226366    0.95072387    0.00000000    0.35951166    0.57984782    0.54507218    0.67074200    0.56163888    0.82389798    0.79857801    1.24009673    0.85611470    2.23258453    2.10185505    2.20109118    1.72829327    1.35858506    1.97121479    2.12354337    2.13246586    2.48499708    3.04868401    2.67702679    2.78078553    2.93778282    2.76587587    2.64067025    2.87480334    3.21463207    2.00229323    2.30524417    2.27491296    2.09737202    2.25274159    1.92741605    1.87006992    1.99785447    1.99720844    1.82643816    2.18239639    1.88386558    1.68642154    1.72778279    1.77276456    1.79231265    1.70491070    1.61556299    1.73731215    1.70933195    2.09587814    1.75046249    1.74675538    2.17966536    1.81318902    1.94838558    2.09922904    1.86781317    1.92600969    2.62968339    1.75085722    1.97299706    1.76228277    1.69395599    1.99825493    1.59493975    1.97641596    1.98749046
H6MW53_GORPV/20-122     1.96916378    2.03840315    2.06263924    2.10011947    1.99572074    1.93596454    2.27205731    2.14180613    2.12259228    2.12890824    2.21915398    1.92740197    1.66452224    1.71391963    1.35461587    1.36519077    1.10967015    0.97536312    1.08573306    1.14201363    1.26754919    0.92627596    1.29707583    1.13525527    0.94977132    1.05284799    0.98288090    1.02546599    0.35951166    0.00000000    0.56048578    0.57849494    0.70000959    0.54027142    0.87915565    0.88754710    1.39301877    1.09676365    1.77018950    1.88446647    1.79510664    1.66818105    1.46858219    2.07960355    2.29534598    1.92314099    2.66758622    3.32908032    2.79691254    3.18594776    3.42160210    3.10846611    2.77426060    3.23099923    3.52886509    1.95491630    2.01817572    2.01061721    2.12275265    2.08465478    2.08922424    2.01543269    2.18262175    2.38058068    1.89333629    2.22273814    1.96256039    1.87969361    1.66091635    2.01293624    1.79651999    1.88243179    1.65296953    1.93329297    1.77560756    2.14608695    2.11164061    2.05068886    2.23346624    2.02441933    2.07632500    2.08690918    2.05735968    2.13703075    2.75744640    1.87893709    2.00981536    1.97301299    1.87564220    2.07129856    1.80944147    2.20283750    1.80471286
