24
Q81GL7_BACCR/35-122     0.00000000    1.82650587    1.45642122    2.81898974    3.00186260    3.35805133    3.06601736    2.17003665    2.72329240    2.95185158    3.24242149    2.51204264    3.39398968    2.98280046    2.72803988    3.05097371    3.11174414    2.15346575    2.66124868    4.16925378    3.66162750    2.33618937    2.37912233    1.94603169
Q5L1T5_GEOKA/35-121     1.82650587    0.00000000    0.59631092    2.58233989    2.97703183    3.02188570    2.67513403    2.65184940    2.77445024    3.23943271    2.35969947    2.66913584    3.38095216    3.52591142    3.10486571    3.29680511    2.92500984    2.73445661    2.33134483    4.97046634    3.18584601    2.37027409    2.28363848    2.88654632
C5D783_GEOSW/35-120     1.45642122    0.59631092    0.00000000    2.24428186    3.11554293    3.58624118    2.59351062    2.72429508    2.78784388    3.04928842    2.42578861    2.33539165    3.33993655    3.64224216    3.24627378    3.28265176    2.83690633    2.52783479    2.41570348    4.66512923    4.23442191    2.23250080    2.19969558    2.54534060
C4L565_EXISA/37-121     2.81898974    2.58233989    2.24428186    0.00000000    2.24879705    2.41505312    2.33936342    2.10626344    3.63702952    3.41948476    3.61247966    2.84295573    2.31123621    2.60638886    3.24578161    3.45252065    3.05428749    3.43734467    2.76655242    3.40922158    4.08964029    3.04383608    3.03569395    3.48822220
R7GHA2_9CLOT/41-125     3.00186260    2.97703183    3.11554293    2.24879705    0.00000000    1.74912360    1.80768159    1.62944430    2.94706794    3.02600890    2.97915050    2.41560042    1.95929814    3.01504014    2.95835933    3.02526802    3.33770413    2.56194789    2.33888067    2.76786261    3.90362325    2.64327946    2.81043982    2.88659076
R6WED8_9CLOT/44-133     3.35805133    3.02188570    3.58624118    2.41505312    1.74912360    0.00000000    1.98143259    2.06315981    3.56589077    3.48196738    4.35483550    3.51049327    2.51405882    3.78466238    3.23510443    2.92844165    3.72022605    2.63763533    2.39039624    3.23313531    3.86618481    3.66024747    3.18890248    4.53066962
R7IMN8_9FIRM/44-127     3.06601736    2.67513403    2.59351062    2.33936342    1.80768159    1.98143259    0.00000000    1.80072163    3.32633657    2.63950272    2.87686923    2.63885013    2.66712736    4.11934840    2.67413412    3.44845817    4.04275887    2.95599496    2.73629251    2.91393950    3.38623735    2.52417491    2.06682859    3.67078676
R7BCQ6_9FIRM/55-140     2.17003665    2.65184940    2.72429508    2.10626344    1.62944430    2.06315981    1.80072163    0.00000000    3.48733245    2.89049525    2.27529061    3.00132199    3.09525224    3.27397297    3.15484981    2.85203218    3.20748699    2.28284517    2.40992204    2.83845689    2.91930185    2.54889416    2.76674066    3.52700981
E3EE75_PAEPS/34-121     2.72329240    2.77445024    2.78784388    3.63702952    2.94706794    3.56589077    3.32633657    3.48733245    0.00000000    1.52718839    2.00657542    1.57598609    3.49631218    3.16100938    2.87640847    2.71008797    3.49072361    3.93362576    3.40936243    3.94760820    4.37555983    4.66274918    4.15203603    4.61215989
I0JQR4_HALH3/30-119     2.95185158    3.23943271    3.04928842    3.41948476    3.02600890    3.48196738    2.63950272    2.89049525    1.52718839    0.00000000    1.61676956    1.53406006    2.66647268    3.10945471    3.93478803    2.96564714    4.63264852    2.95201861    3.51519006    3.89007574    4.02060968    3.40754787    3.39060452    3.12955450
U5LAU8_9BACI/63-153     3.24242149    2.35969947    2.42578861    3.61247966    2.97915050    4.35483550    2.87686923    2.27529061    2.00657542    1.61676956    0.00000000    1.85279478    3.44720333    2.73675214    3.92635699    4.40798739    3.79064385    3.54274843    4.10714156    3.83394813    3.78042154    3.28714999    3.28143944    3.10306578
C0ZAD6_BREBN/32-121     2.51204264    2.66913584    2.33539165    2.84295573    2.41560042    3.51049327    2.63885013    3.00132199    1.57598609    1.53406006    1.85279478    0.00000000    2.14850127    2.73650313    2.65753362    2.24172497    2.75871914    2.31696212    2.56657288    3.38971089    3.55753032    2.75958276    3.03778983    3.28238082
R5B830_9CLOT/28-113     3.39398968    3.38095216    3.33993655    2.31123621    1.95929814    2.51405882    2.66712736    3.09525224    3.49631218    2.66647268    3.44720333    2.14850127    0.00000000    2.30771744    3.21326357    2.76382234    2.25369342    3.00468545    2.95893805    4.35705072    3.77461802    2.68788116    2.74014645    3.23445159
G8PA97_PEDCP/30-117     2.98280046    3.52591142    3.64224216    2.60638886    3.01504014    3.78466238    4.11934840    3.27397297    3.16100938    3.10945471    2.73675214    2.73650313    2.30771744    0.00000000    1.97974031    1.90006747    1.50172084    4.06671769    4.19351916    3.13476771    2.86646200    2.80940806    3.04120652    4.64070033
Q03T37_LACBA/33-118     2.72803988    3.10486571    3.24627378    3.24578161    2.95835933    3.23510443    2.67413412    3.15484981    2.87640847    3.93478803    3.92635699    2.65753362    3.21326357    1.97974031    0.00000000    1.12634161    2.17886721    3.31423744    3.45800286    2.99590219    3.44956839    2.81012867    2.53714964    4.37446096
J9W4U8_LACBU/35-119     3.05097371    3.29680511    3.28265176    3.45252065    3.02526802    2.92844165    3.44845817    2.85203218    2.71008797    2.96564714    4.40798739    2.24172497    2.76382234    1.90006747    1.12634161    0.00000000    1.76833747    3.06479547    3.78337764    2.86734153    3.12337508    3.26044877    3.32802943    4.02945855
Q03DX5_PEDPA/34-125     3.11174414    2.92500984    2.83690633    3.05428749    3.33770413    3.72022605    4.04275887    3.20748699    3.49072361    4.63264852    3.79064385    2.75871914    2.25369342    1.50172084    2.17886721    1.76833747    0.00000000    3.70825711    4.37953141    3.17635604    3.74394901    3.29123455    2.97194318    4.64008148
I0JKI1_HALH3/35-118     2.15346575    2.73445661    2.52783479    3.43734467    2.56194789    2.63763533    2.95599496    2.28284517    3.93362576    2.95201861    3.54274843    2.31696212    3.00468545    4.06671769    3.31423744    3.06479547    3.70825711    0.00000000    2.36587339    2.76374224    3.57022094    2.31400915    2.35111121    2.63606242
D7GU41_9FIRM/37-130     2.66124868    2.33134483    2.41570348    2.76655242    2.33888067    2.39039624    2.73629251    2.40992204    3.40936243    3.51519006    4.10714156    2.56657288    2.95893805    4.19351916    3.45800286    3.78337764    4.37953141    2.36587339    0.00000000    2.81136793    4.02046711    2.67639274    2.56505352    3.11278284
F2I6Q2_AERUA/57-144     4.16925378    4.97046634    4.66512923    3.40922158    2.76786261    3.23313531    2.91393950    2.83845689    3.94760820    3.89007574    3.83394813    3.38971089    4.35705072    3.13476771    2.99590219    2.86734153    3.17635604    2.76374224    2.81136793    0.00000000    3.40822365    3.18648423    3.37097592    2.72252188
W5UZZ2_9MOLU/65-147     3.66162750    3.18584601    4.23442191    4.08964029    3.90362325    3.86618481    3.38623735    2.91930185    4.37555983    4.02060968    3.78042154    3.55753032    3.77461802    2.86646200    3.44956839    3.12337508    3.74394901    3.57022094    4.02046711    3.40822365    0.00000000    2.64731310    2.72441939    3.67902124
Q2FZR8_STAA8/31-120     2.33618937    2.37027409    2.23250080    3.04383608    2.64327946    3.66024747    2.52417491    2.54889416    4.66274918    3.40754787    3.28714999    2.75958276    2.68788116    2.80940806    2.81012867    3.26044877    3.29123455    2.31400915    2.67639274    3.18648423    2.64731310    0.00000000    0.47557759    2.37971901
Q5HQI0_STAEQ/32-121     2.37912233    2.28363848    2.19969558    3.03569395    2.81043982    3.18890248    2.06682859    2.76674066    4.15203603    3.39060452    3.28143944    3.03778983    2.74014645    3.04120652    2.53714964    3.32802943    2.97194318    2.35111121    2.56505352    3.37097592    2.72441939    0.47557759    0.00000000    2.47346503
A8FBY6_BACP2/34-114     1.94603169    2.88654632    2.54534060    3.48822220    2.88659076    4.53066962    3.67078676    3.52700981    4.61215989    3.12955450    3.10306578    3.28238082    3.23445159    4.64070033    4.37446096    4.02945855    4.64008148    2.63606242    3.11278284    2.72252188    3.67902124    2.37971901    2.47346503    0.00000000

