29
A0DFQ5_PARTE/174-349     0.00000000    4.09450693    4.19091983    4.63855216    4.48063674    5.24801835    3.84587544    4.70765241    5.76113595    3.96949824    4.01645680    4.66572713    5.84445856    4.21075137    4.23158501    4.69460883    3.82828737    4.08816046    4.16679814    6.68111128    4.37496044    3.92190467    3.75121340    3.69904614    3.31013353    6.23900777    5.41794146    3.81743669    5.47494484
Q0UEH5_PHANO/92-235     4.09450693    0.00000000    3.35209414    3.68472900    3.59141073    3.32128552    3.02793059    3.18053122    3.63686778    2.54693367    3.16966279    3.08407207    3.56727340    2.85709811    3.20568928    3.55644528    3.13229699    3.09992534    3.21190800    4.66910240    4.24436530    3.60719258    3.08931952    2.93370058    3.85395500    3.63375730    3.43503336    3.26223480    2.40021989
D3E8X7_GEOS4/36-198     4.19091983    3.35209414    0.00000000    2.65060953    2.46577079    3.28189027    3.13022342    3.16651322    3.60805060    2.62342703    2.71889955    2.38410483    2.95181594    2.98761617    2.98374635    2.80251248    2.72947788    3.19705831    2.84390315    4.14123407    3.95848581    3.02329132    3.67539903    4.10098869    3.96189672    3.24962202    3.21388663    3.17451108    3.29634096
Q0IF38_AEDAE/66-241     4.63855216    3.68472900    2.65060953    0.00000000    2.79059119    3.62160565    2.85048573    3.25159976    3.53250003    2.99914921    2.66807153    2.55116977    2.88189853    3.33514700    3.32551951    3.32328698    3.22865057    3.31782720    3.49585909    5.47540522    3.71991473    3.21867367    3.73820634    3.23131105    4.20622526    3.81852991    3.59622859    2.66322108    3.16955824
Q5JFS6_THEKO/55-174     4.48063674    3.59141073    2.46577079    2.79059119    0.00000000    2.91595023    2.08580824    3.07543413    2.37336109    2.16251454    2.32550712    2.34505232    2.30271817    2.60606816    2.68619903    2.90354134    2.25751854    2.34610743    2.17039328    4.03275509    3.07678449    2.95316643    2.47355124    3.01478693    2.54556570    2.83401093    2.58778863    2.42460812    2.40959579
A0BWA9_PARTE/250-446     5.24801835    3.32128552    3.28189027    3.62160565    2.91595023    0.00000000    2.32740560    3.17164692    3.33056878    3.09290443    2.64770124    2.82110708    3.55522622    3.23336906    3.04509932    2.81267930    3.13532843    3.41715953    3.29691842    3.91422989    3.67746473    3.01020129    3.54543930    3.96832506    4.00775534    3.86013281    2.99048905    3.22792974    3.25408075
B8F523_HAEPS/118-278     3.84587544    3.02793059    3.13022342    2.85048573    2.08580824    2.32740560    0.00000000    2.53279056    1.98413796    2.22115735    2.17044875    2.42293924    2.50989932    1.90515005    2.18586184    2.20265323    2.02214603    2.25139896    2.23267212    3.69193187    3.40187036    2.58266826    2.20321174    2.47600289    2.57008612    3.05711110    2.61143011    2.24251543    2.04827410
A2U2V2_9FLAO/333-457     4.70765241    3.18053122    3.16651322    3.25159976    3.07543413    3.17164692    2.53279056    0.00000000    2.36561021    2.65612333    2.18945445    2.66615559    2.45259619    2.90631385    2.81475227    2.64657664    2.66570939    2.67980065    2.42004565    3.96478171    3.58285499    2.78051876    3.02051737    4.21440825    3.14737893    3.49303433    2.69297240    2.69614242    2.39203221
B2J9C6_NOSP7/55-253     5.76113595    3.63686778    3.60805060    3.53250003    2.37336109    3.33056878    1.98413796    2.36561021    0.00000000    2.45636681    2.89515368    1.97594125    2.69923716    2.40864862    2.43202775    2.41951490    2.02173415    2.35001714    2.40267721    4.30834411    3.07411747    2.68138475    3.38142423    3.93061746    3.09938947    3.02553839    2.65116527    2.17224212    3.09145673
B1VIC3_CORU7/35-193     3.96949824    2.54693367    2.62342703    2.99914921    2.16251454    3.09290443    2.22115735    2.65612333    2.45636681    0.00000000    1.81414815    1.74150920    2.01045369    2.02869128    2.28187931    2.46772777    1.78595986    1.84243816    1.72212027    3.73602609    2.79774045    2.36341618    2.51423318    2.65891193    2.79601529    3.03573510    2.79231378    1.89928198    1.96356749
B6K557_SCHJY/34-189     4.01645680    3.16966279    2.71889955    2.66807153    2.32550712    2.64770124    2.17044875    2.18945445    2.89515368    1.81414815    0.00000000    1.82879525    1.99573817    2.16683777    2.68630098    2.60889084    2.28708017    2.24008531    2.22368707    3.54680398    3.34002730    2.49355624    2.79692616    3.33285347    3.08583147    3.26636085    2.85994978    2.04906761    2.17816322
B7FVW2_PHATC/17-172     4.66572713    3.08407207    2.38410483    2.55116977    2.34505232    2.82110708    2.42293924    2.66615559    1.97594125    1.74150920    1.82879525    0.00000000    2.08367944    2.04457469    2.56524247    2.17545294    2.23976965    2.35562689    2.09789599    3.97641271    2.30019381    2.27489049    2.63435657    3.42796494    2.50020954    2.53504601    2.62675420    2.38226428    2.29004233
Q3AEM1_CARHZ/28-174     5.84445856    3.56727340    2.95181594    2.88189853    2.30271817    3.55522622    2.50989932    2.45259619    2.69923716    2.01045369    1.99573817    2.08367944    0.00000000    1.43307198    1.32002563    1.25724763    1.11918242    1.42746708    1.07592660    3.56605002    2.88110867    2.47509982    2.47628782    3.96319122    3.04471274    2.32775165    2.55710728    2.10699654    2.11619007
Q2SHW7_HAHCH/59-213     4.21075137    2.85709811    2.98761617    3.33514700    2.60606816    3.23336906    1.90515005    2.90631385    2.40864862    2.02869128    2.16683777    2.04457469    1.43307198    0.00000000    1.36821947    1.26644383    1.12533659    1.25353628    1.20011353    4.21962834    3.16102230    2.66034815    2.66134386    3.17208217    2.67170772    2.45598634    2.42171106    2.35281660    1.93815767
A4ART4_MARSH/73-220     4.23158501    3.20568928    2.98374635    3.32551951    2.68619903    3.04509932    2.18586184    2.81475227    2.43202775    2.28187931    2.68630098    2.56524247    1.32002563    1.36821947    0.00000000    0.48757258    0.81699236    0.91656615    0.86822072    3.95510136    2.98484824    3.04912527    2.36363410    2.76702239    2.39361932    2.39028289    2.72784845    2.55546325    2.11751284
A0A6N4SQZ3_CYTH3/72-219     4.69460883    3.55644528    2.80251248    3.32328698    2.90354134    2.81267930    2.20265323    2.64657664    2.41951490    2.46772777    2.60889084    2.17545294    1.25724763    1.26644383    0.48757258    0.00000000    0.79049564    0.95347068    0.90271304    3.65752147    2.85607593    2.89554820    2.31133671    3.22388465    2.43126191    2.60695559    2.77338458    2.65567468    2.21495723
C8W0U7_DESAS/76-223     3.82828737    3.13229699    2.72947788    3.22865057    2.25751854    3.13532843    2.02214603    2.66570939    2.02173415    1.78595986    2.28708017    2.23976965    1.11918242    1.12533659    0.81699236    0.79049564    0.00000000    0.54034375    0.46222198    3.49674685    2.98210756    2.77585571    2.41900743    3.09346375    2.59432857    2.84097360    2.56707208    2.36989754    1.92332905
B1ZTU1_OPITP/79-226     4.08816046    3.09992534    3.19705831    3.31782720    2.34610743    3.41715953    2.25139896    2.67980065    2.35001714    1.84243816    2.24008531    2.35562689    1.42746708    1.25353628    0.91656615    0.95347068    0.54034375    0.00000000    0.38344740    3.60231236    3.12764927    2.74142008    3.07487268    3.38754392    3.15327723    2.69669615    2.57417256    2.21414685    2.29144995
Q67LU2_SYMTH/91-238     4.16679814    3.21190800    2.84390315    3.49585909    2.17039328    3.29691842    2.23267212    2.42004565    2.40267721    1.72212027    2.22368707    2.09789599    1.07592660    1.20011353    0.86822072    0.90271304    0.46222198    0.38344740    0.00000000    3.98955925    2.68889085    2.86431382    2.84659292    3.45696507    3.13900655    2.38106610    2.52997807    2.16376931    2.19481124
A9V492_MONBE/160-348     6.68111128    4.66910240    4.14123407    5.47540522    4.03275509    3.91422989    3.69193187    3.96478171    4.30834411    3.73602609    3.54680398    3.97641271    3.56605002    4.21962834    3.95510136    3.65752147    3.49674685    3.60231236    3.98955925    0.00000000    3.57343556    3.92377740    3.57397632    4.59262723    4.19797832    4.06611142    3.57820798    3.72918778    3.39726976
C6BXR4_DESAD/73-208     4.37496044    4.24436530    3.95848581    3.71991473    3.07678449    3.67746473    3.40187036    3.58285499    3.07411747    2.79774045    3.34002730    2.30019381    2.88110867    3.16102230    2.98484824    2.85607593    2.98210756    3.12764927    2.68889085    3.57343556    0.00000000    2.77370689    2.83406465    2.95011286    2.86807326    2.78768585    2.89527830    2.61768872    2.16450078
Q083M2_SHEFN/82-211     3.92190467    3.60719258    3.02329132    3.21867367    2.95316643    3.01020129    2.58266826    2.78051876    2.68138475    2.36341618    2.49355624    2.27489049    2.47509982    2.66034815    3.04912527    2.89554820    2.77585571    2.74142008    2.86431382    3.92377740    2.77370689    0.00000000    2.49428992    2.78839943    2.66806277    3.06447246    2.37404507    1.73444147    2.32415371
C4R8F0_KOMPG/67-223     3.75121340    3.08931952    3.67539903    3.73820634    2.47355124    3.54543930    2.20321174    3.02051737    3.38142423    2.51423318    2.79692616    2.63435657    2.47628782    2.66134386    2.36363410    2.31133671    2.41900743    3.07487268    2.84659292    3.57397632    2.83406465    2.49428992    0.00000000    0.84438476    0.84342622    2.00949263    2.48161165    2.62607970    2.21713261
C4Y4M5_CLAL4/62-229     3.69904614    2.93370058    4.10098869    3.23131105    3.01478693    3.96832506    2.47600289    4.21440825    3.93061746    2.65891193    3.33285347    3.42796494    3.96319122    3.17208217    2.76702239    3.22388465    3.09346375    3.38754392    3.45696507    4.59262723    2.95011286    2.78839943    0.84438476    0.00000000    0.90295328    2.74038214    2.58146256    3.37356863    2.51088854
C5DBQ9_LACTC/63-215     3.31013353    3.85395500    3.96189672    4.20622526    2.54556570    4.00775534    2.57008612    3.14737893    3.09938947    2.79601529    3.08583147    2.50020954    3.04471274    2.67170772    2.39361932    2.43126191    2.59432857    3.15327723    3.13900655    4.19797832    2.86807326    2.66806277    0.84342622    0.90295328    0.00000000    2.32148425    2.39781844    2.89934985    2.25746506
D2VGE6_NAEGR/64-211     6.23900777    3.63375730    3.24962202    3.81852991    2.83401093    3.86013281    3.05711110    3.49303433    3.02553839    3.03573510    3.26636085    2.53504601    2.32775165    2.45598634    2.39028289    2.60695559    2.84097360    2.69669615    2.38106610    4.06611142    2.78768585    3.06447246    2.00949263    2.74038214    2.32148425    0.00000000    2.68459114    2.85250868    3.16399526
A7RWN9_NEMVE/44-211     5.41794146    3.43503336    3.21388663    3.59622859    2.58778863    2.99048905    2.61143011    2.69297240    2.65116527    2.79231378    2.85994978    2.62675420    2.55710728    2.42171106    2.72784845    2.77338458    2.56707208    2.57417256    2.52997807    3.57820798    2.89527830    2.37404507    2.48161165    2.58146256    2.39781844    2.68459114    0.00000000    2.79273142    2.73508026
O01594_CAEEL/177-300     3.81743669    3.26223480    3.17451108    2.66322108    2.42460812    3.22792974    2.24251543    2.69614242    2.17224212    1.89928198    2.04906761    2.38226428    2.10699654    2.35281660    2.55546325    2.65567468    2.36989754    2.21414685    2.16376931    3.72918778    2.61768872    1.73444147    2.62607970    3.37356863    2.89934985    2.85250868    2.79273142    0.00000000    1.34658937
A9A3U1_NITMS/160-322     5.47494484    2.40021989    3.29634096    3.16955824    2.40959579    3.25408075    2.04827410    2.39203221    3.09145673    1.96356749    2.17816322    2.29004233    2.11619007    1.93815767    2.11751284    2.21495723    1.92332905    2.29144995    2.19481124    3.39726976    2.16450078    2.32415371    2.21713261    2.51088854    2.25746506    3.16399526    2.73508026    1.34658937    0.00000000

