63
J7IYU8_DESMD/31-148     0.00000000    1.39010377    3.20325350    2.47642131    2.56965501    2.33159688    2.26000727    2.02588887    3.39449170    2.78681300    2.40362833    2.56951561    2.66354471    2.77969092    2.92275215    3.14622861    2.73562918    2.59907344    2.52106125    2.80406263    2.93297868    3.12298931    2.91677171    3.17159815    2.91400157    2.59474619    2.95553528    3.50049074    4.29344362    3.37196087    3.39921445    2.95663893    3.42950603    3.14887461    2.33928008    3.97649648    2.83377012    3.35721428    2.97527424    3.11568816    3.28075723    3.61053387    2.93863687    3.18982871    3.71440453    2.91930421    2.93706779    3.21975669    2.78040229    3.11215238    3.01979177    3.06090533    2.98955965    3.19296135    2.64759034    2.30976167    2.80280937    3.36476135    3.68357135    3.84005765    4.46834212    3.70331646    2.56788012
E3PWS2_ACESD/30-143     1.39010377    0.00000000    2.47111718    2.44719920    2.49082274    2.42294699    2.12327557    2.37059684    2.79224287    2.10337889    2.44075116    2.74004415    2.76680482    2.78337787    2.76065801    2.70967989    2.78609141    2.74258108    2.46712596    2.84755448    2.62534179    2.54376732    2.44698814    2.41320617    2.30353072    1.96809858    2.89163042    2.97091129    2.73847157    2.84125081    3.12207531    2.22419619    2.54680124    2.41157040    2.03095426    3.02360739    2.54916934    2.71658732    2.65883813    2.77464686    2.67989205    3.08458927    3.01786262    2.94783412    4.03224212    3.49526500    3.33761939    3.49371352    3.61497779    2.75630768    3.06581414    2.95621119    3.54312905    2.99182917    2.41976771    3.22942257    2.92865846    2.70962893    2.32940090    2.37207180    3.01823545    4.15163628    2.48705741
A4G5M3_HERAR/61-175     3.20325350    2.47111718    0.00000000    1.64163296    1.55572533    1.41765356    1.59021966    1.45042349    1.21765480    1.69904737    1.65111284    1.62089722    1.85073459    2.32684429    2.55026096    2.75208393    2.47711326    3.38560307    2.79048469    3.23733293    2.48935993    2.49191372    2.52829142    2.39085596    3.05871072    2.79764716    2.99332536    3.04968206    3.21116554    3.29605745    2.78666696    2.38312371    2.79958200    3.30725374    3.45818300    3.57650641    3.78005904    3.61217619    3.67275144    4.12930121    3.34339434    3.81256992    4.10019903    3.54223324    3.95198998    4.59215197    3.75113745    4.01324518    4.41289481    3.75823674    4.36765580    4.22437564    4.69762126    4.59827965    2.55818451    3.69284406    3.08123285    4.60820869    3.39775361    2.88263402    4.10912116    4.02376297    3.10486105
C4KA07_THASP/40-149     2.47642131    2.44719920    1.64163296    0.00000000    1.61561059    1.23260797    1.12340141    1.39689733    1.41153014    1.66866631    1.48880443    1.44209407    1.89568760    2.26020503    3.23724240    3.17349600    2.96958396    2.95536206    2.71949554    2.49422351    2.77547393    3.16606496    2.97695308    2.97195989    2.34016215    2.39658398    2.65476056    2.80877242    2.85656007    3.10026482    3.22338570    2.49602513    3.08092843    2.94538544    3.15616807    3.50679944    2.54849514    2.63922032    3.01473836    3.15940197    2.95337907    3.31917292    3.29792665    3.79862096    4.21338209    3.84643292    3.87554733    3.67824896    4.53949041    3.57979234    3.70294271    3.51807392    4.29501857    3.92953596    3.11958280    2.71897729    3.52886017    3.75381045    3.10086061    3.08711371    4.21187026    3.74520454    2.62865770
Q8XR80_RALSO/29-140     2.56965501    2.49082274    1.55572533    1.61561059    0.00000000    0.92966067    0.98181541    0.93760050    1.17935033    1.09655452    1.79521563    1.89338017    1.77338806    2.85926886    2.99033980    2.75841444    2.59506972    2.78110794    2.40737464    3.16180899    2.57027161    2.76398532    2.73730473    2.90276252    2.87506610    2.58365085    2.78291671    2.87854718    2.73834595    2.48070682    2.58961133    2.49370338    2.61344948    3.07965348    2.89400558    2.88235075    2.78965200    2.78901160    2.56526975    2.87556356    2.63929217    3.22785110    2.88369688    2.67673280    3.94897129    3.96736137    3.75912563    3.51777206    3.74090524    3.75156320    4.24959021    3.86260256    3.52179157    2.93547840    2.65002188    2.52381023    3.52403922    3.86808620    3.30738119    3.10574380    4.00146835    3.46385319    2.51858636
Q0JYQ9_CUPNH/51-161     2.33159688    2.42294699    1.41765356    1.23260797    0.92966067    0.00000000    0.40975359    0.37489337    0.77424791    0.80232785    1.75340855    1.50335572    1.58563633    2.77137027    2.73088606    2.65873322    2.58897010    3.20240433    3.12998199    2.86162077    2.57422593    2.83056099    2.76421640    2.87602570    2.89459574    2.82318669    3.47180703    2.92122727    3.47594427    2.72528318    2.62484788    2.04636524    2.79352961    2.37421108    2.53768111    2.76105866    2.80004720    2.73643460    2.56339406    2.72865220    2.65199991    2.86597084    3.32717846    2.76056694    4.32495178    3.62250501    3.42526403    3.23377313    3.22595247    2.94045359    2.97824986    2.92573748    3.23218816    2.91245160    1.90311866    2.21981938    1.92575820    3.19479996    3.00460084    2.28101462    3.94254745    3.32639956    2.09178076
Q1LLL1_CUPMC/56-165     2.26000727    2.12327557    1.59021966    1.12340141    0.98181541    0.40975359    0.00000000    0.31759237    0.79048166    0.80146702    1.71663220    1.65076605    1.64524553    2.83281856    2.90123510    2.80833063    2.86934990    2.83304565    2.84182771    2.95137585    2.48277710    2.96298525    3.18209053    3.10418630    2.73754523    2.80179090    3.19837294    2.75891512    3.15467243    2.94643515    3.07326136    2.26951828    2.48868218    2.63354165    2.88032012    2.76530194    2.55328842    2.82244480    2.38491898    2.64714121    2.63631747    2.91734745    2.84323358    2.97306975    3.85074046    3.54952115    3.52390963    3.54893637    3.50540638    3.30873874    3.42992245    3.44116692    3.69790829    3.29070836    2.00837294    2.20032816    2.18733457    3.19953052    2.86282563    2.78873019    3.47008907    3.05049393    2.43994170
Q7WX77_CUPNH/42-153     2.02588887    2.37059684    1.45042349    1.39689733    0.93760050    0.37489337    0.31759237    0.00000000    0.85807889    0.80630894    1.78304497    1.60439414    1.72126853    2.92205402    2.80670993    2.53800104    2.49047020    2.88133278    2.76527373    3.03191488    2.66382520    2.92986072    2.97948911    2.96501345    2.65955982    2.85164475    3.06091508    2.70281615    3.30150131    2.76091991    3.01390022    2.18459949    2.35678081    2.71538442    2.75413197    2.89035459    3.09707669    3.39217206    2.80939072    2.97367898    3.12265900    3.14130818    3.32392321    3.13545314    4.43713977    3.73574803    3.46816585    3.88947611    4.08437738    3.79578964    3.45847235    3.49207885    4.05818104    3.61051013    2.46109678    2.44839119    2.27894550    3.57156869    2.78611694    2.61578114    3.87847766    3.75105686    2.41438377
Q63SK7_BURPS/40-147     3.39449170    2.79224287    1.21765480    1.41153014    1.17935033    0.77424791    0.79048166    0.85807889    0.00000000    0.92359746    1.70648820    1.72482425    1.59795971    3.11079267    3.09537314    3.43799808    3.06324531    3.27883037    3.20516246    3.08259903    3.19951526    3.26601364    2.81309393    3.30814888    3.52720718    3.75092822    4.01468417    3.39244854    3.27961219    3.70600183    3.33040759    2.74065293    3.09213228    3.19867702    3.52811533    3.40404409    2.91274664    2.86293536    2.71792031    2.88639662    2.93602398    3.23922332    3.72623245    2.97305640    4.65797337    4.19463698    3.90459599    3.92477019    4.16831862    3.58856533    3.57786135    3.62108455    3.84243349    3.73204167    1.91266468    2.77657078    2.59541322    3.72239820    2.98413910    2.56498069    2.95072655    3.69348785    2.54385707
A9IJ87_BORPD/44-153     2.78681300    2.10337889    1.69904737    1.66866631    1.09655452    0.80232785    0.80146702    0.80630894    0.92359746    0.00000000    1.70837249    1.72470949    1.81805865    2.73268379    3.41202002    3.40543062    3.34520938    3.68632056    3.25806409    3.05109578    3.07471104    3.01069932    2.89129031    3.20508078    2.79452240    2.84086412    3.10181042    2.75243099    2.88102028    3.45664457    2.70024027    2.31014113    2.32814509    2.71327912    3.31266376    2.76019994    2.73369629    2.77195936    2.70209876    3.30478322    2.75945661    3.32313921    3.02794650    3.35035286    4.71762384    4.04257043    3.13059013    3.50355924    3.89732004    3.40473913    3.74322462    3.50562914    3.65960503    3.40745061    1.92931611    2.77548737    2.84648037    2.94073574    2.27611652    2.30583929    4.42083726    4.25664957    2.68505197
Q122R0_POLSJ/31-136     2.40362833    2.44075116    1.65111284    1.48880443    1.79521563    1.75340855    1.71663220    1.78304497    1.70648820    1.70837249    0.00000000    0.94960112    1.31306959    2.56238017    2.76609696    2.84269912    3.04832556    2.66238896    2.23891181    2.89691691    2.53276579    2.97053518    2.86724196    3.22299768    2.56515422    2.59043780    2.93704200    2.78076228    2.49655685    3.39188271    3.60490412    2.15295110    2.36921725    2.31412921    2.38022941    2.62198744    3.24871610    3.20454319    3.52643982    3.24902385    3.20292767    2.95619177    3.10845130    3.64472107    5.43096982    4.30954867    3.27414747    3.79602802    4.42962330    4.08150095    4.23169439    4.25828320    4.01571861    3.39336230    2.00219012    2.21072686    2.34326222    3.24953335    2.19968035    2.07944781    3.18909467    3.53016280    2.79935535
B2JWB1_PARP8/31-135     2.56951561    2.74004415    1.62089722    1.44209407    1.89338017    1.50335572    1.65076605    1.60439414    1.72482425    1.72470949    0.94960112    0.00000000    1.66741436    2.87242974    3.04421416    3.30743406    2.78622654    3.32805538    3.25698493    3.08578834    3.09442107    3.55556608    2.99165591    3.61440061    3.18930943    3.11227779    3.53359919    3.43560285    2.81960842    3.07847955    3.74682467    2.32604169    2.28850845    2.35907231    2.37825303    3.46533969    2.91647486    2.63584295    2.78690343    2.97565887    2.56523419    3.17272604    3.16623015    2.61063235    4.70036396    3.81000775    3.23614219    3.67429354    4.39646766    4.23834974    3.57043050    4.37678607    4.20718271    3.45794744    2.07527512    2.39338895    2.58439854    3.49628509    2.69655891    2.76773618    3.03112071    4.64902559    2.57128122
D5X5C6_THIK1/31-134     2.66354471    2.76680482    1.85073459    1.89568760    1.77338806    1.58563633    1.64524553    1.72126853    1.59795971    1.81805865    1.31306959    1.66741436    0.00000000    2.36019997    3.27329186    3.09342784    3.43206510    2.00248977    1.92675773    2.81737644    2.38023617    2.47269071    2.67809051    2.46703430    2.14836540    1.75068888    2.30860718    3.13234984    2.57477216    3.29629999    3.19850555    2.12653120    3.21427334    3.17015834    2.43960914    2.89079342    2.85135233    2.87189050    2.87048908    2.79198937    2.84346542    3.02735333    3.12427187    2.80758414    5.00364272    4.13210617    4.03964227    3.97839727    5.32853011    4.83588889    4.17075950    4.42766943    3.62371437    3.18508754    2.23785757    2.25891587    3.02377287    4.07524953    2.54881111    2.68594827    3.50150551    3.19437059    2.27255644
A0KIL7_AERHH/34-130     2.77969092    2.78337787    2.32684429    2.26020503    2.85926886    2.77137027    2.83281856    2.92205402    3.11079267    2.73268379    2.56238017    2.87242974    2.36019997    0.00000000    1.21746067    1.28723845    1.15387027    1.33964554    1.25642163    1.43343343    1.43526840    1.43975657    1.24764878    1.45376299    1.38068718    1.32344700    1.35210958    2.06960932    2.12925319    3.50990685    2.98795334    2.24956149    2.69978220    2.37844462    2.54021493    2.57815311    3.49927763    3.20142813    3.64613570    3.43177168    3.34042798    2.65160436    4.14814323    3.64262884    4.80960484    4.70884176    3.88566994    4.29609174    4.14597837    3.65296588    3.94908305    3.31387893    4.07412825    4.19914298    2.67243632    2.34452144    3.04912645    4.23520575    2.62594093    1.80104531    4.07755857    5.40357074    3.93462387
A1S399_SHEAM/30-127     2.92275215    2.76065801    2.55026096    3.23724240    2.99033980    2.73088606    2.90123510    2.80670993    3.09537314    3.41202002    2.76609696    3.04421416    3.27329186    1.21746067    0.00000000    0.46828321    0.33948160    1.63125584    1.32502003    1.45907487    1.30324191    1.53903760    1.31652615    1.62926509    1.78711053    1.34106952    1.82773811    2.38876244    2.53462251    2.78265804    3.18251974    2.43427274    3.11991668    2.89459447    2.99252676    2.69198297    3.70806279    3.76366809    3.67418395    3.70102813    3.27695870    3.99498571    3.06875595    4.55245970    5.35729764    3.88716259    4.12329995    4.29471534    5.52106180    5.35526837    5.22205049    5.30545540    6.09711872    5.69626250    3.18277951    3.79822029    2.93459588    4.86399532    3.74224603    2.45303264    4.34242234    6.11163969    4.23524437
Q087T4_SHEFN/32-128     3.14622861    2.70967989    2.75208393    3.17349600    2.75841444    2.65873322    2.80833063    2.53800104    3.43799808    3.40543062    2.84269912    3.30743406    3.09342784    1.28723845    0.46828321    0.00000000    0.48154052    1.80172512    1.61397287    1.62381629    1.55109934    1.64887095    1.39955845    1.50600790    1.59642113    1.39589613    1.75038942    2.52912641    2.34003882    3.33259967    3.08594285    2.31016179    3.53702542    2.75433746    2.90187154    2.96270429    3.90101627    4.06265532    4.21243911    4.01661603    3.68148576    3.74498745    3.93119481    5.67732718    6.37736280    4.54339599    5.03623049    4.72164559    5.49092874    5.40462481    5.31623562    5.36962016    6.06538929    5.16570125    4.05236129    3.75137138    3.06429070    4.49260040    3.25226735    2.47801941    4.66719582    8.03523542    3.83914668
Q8EAC6_SHEON/30-127     2.73562918    2.78609141    2.47711326    2.96958396    2.59506972    2.58897010    2.86934990    2.49047020    3.06324531    3.34520938    3.04832556    2.78622654    3.43206510    1.15387027    0.33948160    0.48154052    0.00000000    1.63368066    1.45470447    1.57241472    1.41318799    1.53482656    1.31501529    1.60838771    1.60990733    1.34555814    1.82409365    2.18716000    2.82142777    2.94479457    2.53358980    2.74592419    2.62727678    2.72015548    2.36371861    2.42258898    3.91234167    3.76392701    3.87706468    4.23613930    3.44546296    3.49761646    4.39678634    4.62813807    6.23548906    4.13993393    4.32436770    5.03501701    4.81635127    5.13072646    5.41003667    4.84887415    6.03161641    5.67045213    3.24016122    2.81686926    3.25503324    4.05625870    3.91874666    2.42483590    4.84207550   10.31881981    3.51959926
Q5E3J3_ALIF1/33-130     2.59907344    2.74258108    3.38560307    2.95536206    2.78110794    3.20240433    2.83304565    2.88133278    3.27883037    3.68632056    2.66238896    3.32805538    2.00248977    1.33964554    1.63125584    1.80172512    1.63368066    0.00000000    0.74147938    0.92783017    0.80800345    1.45111865    1.47763031    1.60441596    0.96169652    1.02228830    1.10981143    2.48117895    2.75599664    3.65970540    3.06316495    2.05000465    3.59323488    2.91163363    2.98060555    3.21462262    3.16341589    3.12593390    3.48809343    3.08500657    2.79494227    3.15488052    3.13646330    3.78552048    3.98095917    4.14129894    5.40184838    4.16244098    3.90647389    4.08340964    3.74436960    3.71228630    4.10060522    3.81675177    3.23497228    3.02516321    3.35021721    4.05322271    3.47287168    2.97640250    4.48571238    4.87466140    3.60454532
Q6LTW2_PHOPR/33-130     2.52106125    2.46712596    2.79048469    2.71949554    2.40737464    3.12998199    2.84182771    2.76527373    3.20516246    3.25806409    2.23891181    3.25698493    1.92675773    1.25642163    1.32502003    1.61397287    1.45470447    0.74147938    0.00000000    0.67751617    0.48069756    1.13876623    1.42433028    1.23110440    1.09648057    1.05258542    1.19497870    2.10711506    2.52481253    3.20917960    3.51914631    2.11173693    3.88248540    2.84775646    2.93131379    2.53688300    3.04301076    2.96952730    3.28492029    3.11233095    2.85321827    2.93561072    3.26673060    3.20720104    4.41812742    4.04992264    4.66808072    3.90854999    4.13835993    4.38520550    4.16482797    4.07657335    4.03700101    4.06546890    2.84793093    2.73023930    3.41014823    4.31767844    2.92528242    2.78995532    3.71968299    4.62453200    3.44190274
Q87GW9_VIBPA/33-130     2.80406263    2.84755448    3.23733293    2.49422351    3.16180899    2.86162077    2.95137585    3.03191488    3.08259903    3.05109578    2.89691691    3.08578834    2.81737644    1.43343343    1.45907487    1.62381629    1.57241472    0.92783017    0.67751617    0.00000000    0.54840507    1.36324646    1.40995161    1.55271095    1.07399009    1.13770491    1.28492366    2.61401745    2.51103917    3.96435039    3.47011813    2.43878942    5.02721216    2.83475346    2.47764206    2.46563190    3.78466333    4.04000688    4.21500418    3.89787715    3.57016744    3.29300183    4.19991158    5.09439537    7.81009901    4.71542856    5.33191090    4.87239515    4.71982553    6.29429386    4.82182811    5.26269262    6.26246127    5.06864760    3.03848474    2.93659845    3.60811007    2.74863185    3.11312917    2.62902396    4.66107027    6.46420629    3.42012295
U4K6V2_9VIBR/33-130     2.93297868    2.62534179    2.48935993    2.77547393    2.57027161    2.57422593    2.48277710    2.66382520    3.19951526    3.07471104    2.53276579    3.09442107    2.38023617    1.43526840    1.30324191    1.55109934    1.41318799    0.80800345    0.48069756    0.54840507    0.00000000    1.18746957    1.41478257    1.32782558    1.00149374    0.99660868    1.15362975    2.11999999    2.51592806    3.61380333    3.09760423    2.09211160    4.65463687    2.43349917    2.70199629    2.54412357    2.85456513    2.83381570    3.31908932    3.44074610    2.60447268    3.38487681    3.12663574    3.74808365    5.63345395    3.95974526    4.75271473    4.05384147    4.53437478    4.91946054    4.23407651    4.58133357    5.15582643    4.45109330    2.37299362    2.75863503    3.18685610    4.06520874    2.49746500    2.41001091    4.32104010    5.42366253    3.76694503
Q9CKM1_PASMU/31-128     3.12298931    2.54376732    2.49191372    3.16606496    2.76398532    2.83056099    2.96298525    2.92986072    3.26601364    3.01069932    2.97053518    3.55556608    2.47269071    1.43975657    1.53903760    1.64887095    1.53482656    1.45111865    1.13876623    1.36324646    1.18746957    0.00000000    0.54485109    0.47481638    1.25431006    1.22463607    1.31886729    2.10035954    2.10128275    3.55927744    2.81918740    2.02112527    3.71907995    3.07361183    2.82600734    2.12699334    3.82031276    3.31676347    3.23642433    3.50433186    3.26110811    3.50989806    4.10906733    3.46120053    4.51227993    4.16312184    3.87940195    3.75323708    4.32567185    4.02233848    4.06014049    3.95620141    3.71998842    3.71355150    3.32042118    3.08282773    3.22342135    3.60415712    3.51022793    2.94310864    4.16371340    5.34980531    3.21012354
NARQ_HAEIN/31-129     2.91677171    2.44698814    2.52829142    2.97695308    2.73730473    2.76421640    3.18209053    2.97948911    2.81309393    2.89129031    2.86724196    2.99165591    2.67809051    1.24764878    1.31652615    1.39955845    1.31501529    1.47763031    1.42433028    1.40995161    1.41478257    0.54485109    0.00000000    0.68887150    1.25951115    1.34474774    1.47220815    2.06538675    2.26875640    3.07275553    3.11109544    2.08403902    3.71746817    2.93485348    2.79143870    2.01889736    3.35081307    3.16751656    3.12974714    3.45595871    3.26280405    3.44171217    4.26787472    3.50932099    4.97213274    4.58222080    4.65586876    4.36095732    4.89920673    4.43015375    4.52521313    4.08822140    4.40321214    3.46734597    3.33922295    3.16706753    3.18862736    3.93845795    3.62239538    2.80004159    3.83661730    6.10412895    3.82238234
B0URP5_HISS2/57-155     3.17159815    2.41320617    2.39085596    2.97195989    2.90276252    2.87602570    3.10418630    2.96501345    3.30814888    3.20508078    3.22299768    3.61440061    2.46703430    1.45376299    1.62926509    1.50600790    1.60838771    1.60441596    1.23110440    1.55271095    1.32782558    0.47481638    0.68887150    0.00000000    1.14176459    1.46284353    1.43318359    2.25446156    2.26635251    3.21750302    2.76899082    2.26619072    4.14627862    3.06176992    2.75002251    2.38341402    3.79996958    3.88154617    3.77655625    3.78573074    3.59684557    3.15913747    4.09942983    3.90138738    4.82230197    4.62282082    4.99603260    4.40930614    5.67193057    5.32309135    5.38881324    4.82696462    5.06061546    4.77829599    3.74835729    3.33996208    3.78880975    3.73046100    3.44671915    2.77475133    3.48938039    5.24867223    2.97604007
W0L591_9GAMM/31-128     2.91400157    2.30353072    3.05871072    2.34016215    2.87506610    2.89459574    2.73754523    2.65955982    3.52720718    2.79452240    2.56515422    3.18930943    2.14836540    1.38068718    1.78711053    1.59642113    1.60990733    0.96169652    1.09648057    1.07399009    1.00149374    1.25431006    1.25951115    1.14176459    0.00000000    0.83519711    0.89237297    2.42142727    2.58649096    2.86896161    2.59211329    2.06985370    4.17745649    2.24772217    2.30310658    2.57523275    3.32712531    3.05708307    3.57231350    3.22708133    2.80005113    3.39767206    3.79427007    3.94120321    5.76193242    3.90622876    5.57215206    3.96359283    4.69846175    4.01192568    4.84990816    4.05985027    5.02715110    3.88059204    3.23666634    2.78166133    3.46686649    4.07953693    2.51658931    2.50831135    3.77906638    5.71372483    3.36332026
A8ADC1_CITK8/31-128     2.59474619    1.96809858    2.79764716    2.39658398    2.58365085    2.82318669    2.80179090    2.85164475    3.75092822    2.84086412    2.59043780    3.11227779    1.75068888    1.32344700    1.34106952    1.39589613    1.34555814    1.02228830    1.05258542    1.13770491    0.99660868    1.22463607    1.34474774    1.46284353    0.83519711    0.00000000    0.66539511    2.40515253    2.67665722    2.88322407    2.76044899    1.86489184    3.67040792    2.87802912    2.36172964    2.67797187    2.99779862    2.66453424    3.18112795    3.33570822    2.86000061    3.31727750    3.35106028    3.82194485    4.78200939    4.04298426    4.23035718    4.13704197    4.37467480    4.04281782    4.07920098    4.01091672    4.35303829    3.62611401    2.58666687    2.75140142    3.30894744    4.54573601    2.62958853    2.68573097    4.65998000    4.59501848    3.68824433
Q6D5Y8_PECAS/31-128     2.95553528    2.89163042    2.99332536    2.65476056    2.78291671    3.47180703    3.19837294    3.06091508    4.01468417    3.10181042    2.93704200    3.53359919    2.30860718    1.35210958    1.82773811    1.75038942    1.82409365    1.10981143    1.19497870    1.28492366    1.15362975    1.31886729    1.47220815    1.43318359    0.89237297    0.66539511    0.00000000    2.91328549    2.69222131    3.58298223    3.75976416    2.51080319    3.50040162    3.19674037    3.06134606    3.02068677    3.01561093    3.05694487    3.45134812    3.71416135    2.97688249    4.07546521    3.06165597    4.10376001    4.55406944    3.51415271    4.41141287    3.81571828    4.57073580    4.50066071    4.16157088    4.03705746    4.37023125    3.97837596    3.55435013    2.73089781    3.76376850    4.71017899    3.07848635    3.50916642    4.81008561    5.75463805    3.69299946
I3YGE3_THIV6/40-154     3.50049074    2.97091129    3.04968206    2.80877242    2.87854718    2.92122727    2.75891512    2.70281615    3.39244854    2.75243099    2.78076228    3.43560285    3.13234984    2.06960932    2.38876244    2.52912641    2.18716000    2.48117895    2.10711506    2.61401745    2.11999999    2.10035954    2.06538675    2.25446156    2.42142727    2.40515253    2.91328549    0.00000000    1.73151858    2.62692043    2.61268894    2.33587158    3.79286037    5.06364200    3.68675261    4.22635763    3.67532189    3.57872267    3.51876602    3.45058312    3.65871138    3.75024983    3.59351069    3.98970121    5.44439986    5.47457356    6.84534208    6.48720692    6.42365325    5.18914022    6.31828243    5.22151386    5.24943836    5.82335848    4.66711195    3.52327714    4.30722450   20.00000000    4.01074396    3.53934905    4.91405758    6.77862692    5.72207285
L0DWL2_THIND/38-140     4.29344362    2.73847157    3.21116554    2.85656007    2.73834595    3.47594427    3.15467243    3.30150131    3.27961219    2.88102028    2.49655685    2.81960842    2.57477216    2.12925319    2.53462251    2.34003882    2.82142777    2.75599664    2.52481253    2.51103917    2.51592806    2.10128275    2.26875640    2.26635251    2.58649096    2.67665722    2.69222131    1.73151858    0.00000000    2.40004664    2.78966533    1.67300816    3.55513307    2.80452941    3.81945241    4.18678108    3.30328594    3.90930441    3.08781955    3.52225680    3.49141534    3.20671760    2.97109455    4.29532102    5.95880731    5.07867833    5.27255552    4.92895550    6.91058495    5.49165980    5.66377320    5.86095123    5.50652021    6.36304268    3.58842899    3.52698130    4.47192008    3.53054753    3.80804094    3.04206103    3.19718271    3.98435572    3.87598751
H0Q100_9RHOO/51-160     3.37196087    2.84125081    3.29605745    3.10026482    2.48070682    2.72528318    2.94643515    2.76091991    3.70600183    3.45664457    3.39188271    3.07847955    3.29629999    3.50990685    2.78265804    3.33259967    2.94479457    3.65970540    3.20917960    3.96435039    3.61380333    3.55927744    3.07275553    3.21750302    2.86896161    2.88322407    3.58298223    2.62692043    2.40004664    0.00000000    3.68609506    2.62207785    4.10487156    4.28541779    3.59626133    3.28439582    3.14783972    3.47093318    3.36076617    3.67775607    3.28186622    3.34212461    3.54918511    4.56795412    5.59500257    5.58955747    5.00185566    4.68867486    6.11281542    5.41204014    5.95318959    5.92337638    5.79334542    5.73106700    3.23203096    2.64539728    4.42307492    3.21919405    3.04951530    3.58310504    3.17660008    3.14349932    2.95634197
D5VBH8_MORCB/39-150     3.39921445    3.12207531    2.78666696    3.22338570    2.58961133    2.62484788    3.07326136    3.01390022    3.33040759    2.70024027    3.60490412    3.74682467    3.19850555    2.98795334    3.18251974    3.08594285    2.53358980    3.06316495    3.51914631    3.47011813    3.09760423    2.81918740    3.11109544    2.76899082    2.59211329    2.76044899    3.75976416    2.61268894    2.78966533    3.68609506    0.00000000    2.01645874    3.47715016    3.45473662    3.25609952    4.11694155    3.01770128    2.80446558    2.74964779    2.77126386    2.42547869    3.84701919    4.13430614    4.04556948    4.84681126    3.51384530    3.88706542    3.53796039    5.49568185    4.51419493    6.64559387    4.88248820    4.99204738    5.11477989    3.59367517    3.09851183    3.95722018    4.20099976    3.95798169    2.79935447    6.59954334    4.56764591    4.09555410
E1V3R0_HALED/32-136     2.95663893    2.22419619    2.38312371    2.49602513    2.49370338    2.04636524    2.26951828    2.18459949    2.74065293    2.31014113    2.15295110    2.32604169    2.12653120    2.24956149    2.43427274    2.31016179    2.74592419    2.05000465    2.11173693    2.43878942    2.09211160    2.02112527    2.08403902    2.26619072    2.06985370    1.86489184    2.51080319    2.33587158    1.67300816    2.62207785    2.01645874    0.00000000    3.87256492    2.60348021    3.01972434    3.07877559    2.88551443    2.84135337    2.76890971    2.66121807    2.71992043    3.68891775    3.23230387    3.74141278    6.56372563    5.53518616    4.76021020    4.99172181    5.95033983    5.40058194    5.55483936    5.48063125    4.76582748    5.14930452    2.66713360    3.00716168    2.76301988    4.19432540    2.78809168    3.17416589    4.55551206    3.24444651    2.46198496
Q13YT0_PARXL/20-132     3.42950603    2.54680124    2.79958200    3.08092843    2.61344948    2.79352961    2.48868218    2.35678081    3.09213228    2.32814509    2.36921725    2.28850845    3.21427334    2.69978220    3.11991668    3.53702542    2.62727678    3.59323488    3.88248540    5.02721216    4.65463687    3.71907995    3.71746817    4.14627862    4.17745649    3.67040792    3.50040162    3.79286037    3.55513307    4.10487156    3.47715016    3.87256492    0.00000000    1.90631066    2.36279502    3.28793297    3.25188511    2.90129151    3.09914013    3.76643137    2.63935720    4.41798868    2.78936098    4.54090796    3.07397688    2.63398051    2.89506076    2.87702138    3.15775503    3.10482742    3.02904101    3.09724868    3.76440608    3.63651356    1.96691906    2.77640345    3.63887406    2.96472406    3.49816912    2.46623623    2.78708391    4.00427479    2.57055000
A4VJY1_PSEU5/59-163     3.14887461    2.41157040    3.30725374    2.94538544    3.07965348    2.37421108    2.63354165    2.71538442    3.19867702    2.71327912    2.31412921    2.35907231    3.17015834    2.37844462    2.89459447    2.75433746    2.72015548    2.91163363    2.84775646    2.83475346    2.43349917    3.07361183    2.93485348    3.06176992    2.24772217    2.87802912    3.19674037    5.06364200    2.80452941    4.28541779    3.45473662    2.60348021    1.90631066    0.00000000    1.54801992    2.32386982    2.11455899    2.25352451    2.22539019    2.41390657    2.17128827    2.72083907    2.40656391    2.59363593    2.58036676    2.48297453    2.44482971    2.36414504    2.54203896    2.52169263    2.64510860    2.37317697    2.81649715    2.53225696    1.45125884    2.58076055    1.80852599    2.15246751    1.93190158    1.85641334    2.37597644    3.01021360    2.06371265
F8A9Z4_THEID/30-134     2.33928008    2.03095426    3.45818300    3.15616807    2.89400558    2.53768111    2.88032012    2.75413197    3.52811533    3.31266376    2.38022941    2.37825303    2.43960914    2.54021493    2.99252676    2.90187154    2.36371861    2.98060555    2.93131379    2.47764206    2.70199629    2.82600734    2.79143870    2.75002251    2.30310658    2.36172964    3.06134606    3.68675261    3.81945241    3.59626133    3.25609952    3.01972434    2.36279502    1.54801992    0.00000000    1.90242456    2.17502225    2.34389895    2.52193379    2.32585771    2.27547219    2.99387517    3.08746213    3.23197363    3.12026637    3.00498290    2.17834116    2.43692431    2.11089483    2.47637789    2.09156558    2.21670290    2.45627683    2.18461531    1.52892241    2.01831492    2.45617419    2.62207240    1.93866104    2.10311851    2.48354413    3.36952905    2.75627528
F8AD68_THEID/31-135     3.97649648    3.02360739    3.57650641    3.50679944    2.88235075    2.76105866    2.76530194    2.89035459    3.40404409    2.76019994    2.62198744    3.46533969    2.89079342    2.57815311    2.69198297    2.96270429    2.42258898    3.21462262    2.53688300    2.46563190    2.54412357    2.12699334    2.01889736    2.38341402    2.57523275    2.67797187    3.02068677    4.22635763    4.18678108    3.28439582    4.11694155    3.07877559    3.28793297    2.32386982    1.90242456    0.00000000    2.11617500    2.27607348    2.13310377    2.08276501    2.22140239    2.55307711    2.18931081    2.74757630    3.33675322    2.88285149    2.88877668    2.99654996    3.17487553    3.16174344    3.04994910    2.94606176    2.66494621    2.12870618    2.28451480    2.06881675    2.09387990    2.13187709    2.16583539    1.70014989    2.88063019    4.17606349    3.04495989
A4VRH2_PSEU5/39-146     2.83377012    2.54916934    3.78005904    2.54849514    2.78965200    2.80004720    2.55328842    3.09707669    2.91274664    2.73369629    3.24871610    2.91647486    2.85135233    3.49927763    3.70806279    3.90101627    3.91234167    3.16341589    3.04301076    3.78466333    2.85456513    3.82031276    3.35081307    3.79996958    3.32712531    2.99779862    3.01561093    3.67532189    3.30328594    3.14783972    3.01770128    2.88551443    3.25188511    2.11455899    2.17502225    2.11617500    0.00000000    0.49229595    0.48228625    0.52365493    0.46416013    2.42844700    1.89900031    2.27967153    2.07360619    2.06676915    2.16748719    1.99317975    2.32112059    1.83080584    1.82236441    1.93205467    2.04097133    2.09110746    2.04292223    2.92454105    2.84475970    3.29509895    3.34498807    2.97418888    2.48688573    3.23191419    2.63157766
A4XPB3_PSEMY/39-146     3.35721428    2.71658732    3.61217619    2.63922032    2.78901160    2.73643460    2.82244480    3.39217206    2.86293536    2.77195936    3.20454319    2.63584295    2.87189050    3.20142813    3.76366809    4.06265532    3.76392701    3.12593390    2.96952730    4.04000688    2.83381570    3.31676347    3.16751656    3.88154617    3.05708307    2.66453424    3.05694487    3.57872267    3.90930441    3.47093318    2.80446558    2.84135337    2.90129151    2.25352451    2.34389895    2.27607348    0.49229595    0.00000000    0.29424221    0.37243368    0.21996587    2.46637175    1.66466653    2.18518700    2.06255608    2.07153838    2.16177917    2.08252107    2.38679480    1.96822717    2.08225901    2.17061538    2.33743851    2.30659028    1.59163753    2.74186460    2.94439882    3.15175402    2.86899731    2.72768819    2.89826105    3.46750665    2.41575932
S6AC33_PSERE/39-146     2.97527424    2.65883813    3.67275144    3.01473836    2.56526975    2.56339406    2.38491898    2.80939072    2.71792031    2.70209876    3.52643982    2.78690343    2.87048908    3.64613570    3.67418395    4.21243911    3.87706468    3.48809343    3.28492029    4.21500418    3.31908932    3.23642433    3.12974714    3.77655625    3.57231350    3.18112795    3.45134812    3.51876602    3.08781955    3.36076617    2.74964779    2.76890971    3.09914013    2.22539019    2.52193379    2.13310377    0.48228625    0.29424221    0.00000000    0.29448609    0.29221971    2.33476194    1.66482770    2.00174487    1.90979540    1.96200079    2.11744796    1.99891985    2.09273299    1.76543014    1.99798908    2.02109005    2.14767747    2.08509644    1.75694247    2.35974417    2.76425812    3.17522023    3.42804847    2.79000591    3.15120429    3.07611265    2.23041247
Q88D39_PSEPK/43-150     3.11568816    2.77464686    4.12930121    3.15940197    2.87556356    2.72865220    2.64714121    2.97367898    2.88639662    3.30478322    3.24902385    2.97565887    2.79198937    3.43177168    3.70102813    4.01661603    4.23613930    3.08500657    3.11233095    3.89787715    3.44074610    3.50433186    3.45595871    3.78573074    3.22708133    3.33570822    3.71416135    3.45058312    3.52225680    3.67775607    2.77126386    2.66121807    3.76643137    2.41390657    2.32585771    2.08276501    0.52365493    0.37243368    0.29448609    0.00000000    0.42435095    2.19453040    1.92630662    2.22634635    2.08348329    2.13464911    2.01047065    1.94640670    1.99906623    1.92141245    2.00074444    2.01118560    2.17370548    2.21281741    2.05271131    3.17541982    2.59408803    3.43237544    3.27840106    2.82517092    3.70908173    3.49490604    2.36858372
F6AFW9_PSEF1/39-146     3.28075723    2.67989205    3.34339434    2.95337907    2.63929217    2.65199991    2.63631747    3.12265900    2.93602398    2.75945661    3.20292767    2.56523419    2.84346542    3.34042798    3.27695870    3.68148576    3.44546296    2.79494227    2.85321827    3.57016744    2.60447268    3.26110811    3.26280405    3.59684557    2.80005113    2.86000061    2.97688249    3.65871138    3.49141534    3.28186622    2.42547869    2.71992043    2.63935720    2.17128827    2.27547219    2.22140239    0.46416013    0.21996587    0.29221971    0.42435095    0.00000000    2.54997177    1.43197489    1.89371931    1.99252329    2.01133982    2.18837444    1.95692360    1.96994144    2.00783378    2.10590425    2.27797939    2.25250859    2.25007798    1.57956610    2.36704123    2.57899318    3.15154310    2.98502184    2.56491941    2.53304941    3.39946160    2.35491327
D5C0R1_NITHN/37-141     3.61053387    3.08458927    3.81256992    3.31917292    3.22785110    2.86597084    2.91734745    3.14130818    3.23922332    3.32313921    2.95619177    3.17272604    3.02735333    2.65160436    3.99498571    3.74498745    3.49761646    3.15488052    2.93561072    3.29300183    3.38487681    3.50989806    3.44171217    3.15913747    3.39767206    3.31727750    4.07546521    3.75024983    3.20671760    3.34212461    3.84701919    3.68891775    4.41798868    2.72083907    2.99387517    2.55307711    2.42844700    2.46637175    2.33476194    2.19453040    2.54997177    0.00000000    3.66418082    3.79155928    4.09402274    3.87165719    3.90151396    3.59887722    3.33330338    3.12337004    3.47695890    3.34957970    3.56638627    3.11966786    2.76950771    2.61658413    3.58469004    3.53836213    3.97355741    2.59217312    3.76081909    4.36027008    3.09222874
H0PT79_9RHOO/75-183     2.93863687    3.01786262    4.10019903    3.29792665    2.88369688    3.32717846    2.84323358    3.32392321    3.72623245    3.02794650    3.10845130    3.16623015    3.12427187    4.14814323    3.06875595    3.93119481    4.39678634    3.13646330    3.26673060    4.19991158    3.12663574    4.10906733    4.26787472    4.09942983    3.79427007    3.35106028    3.06165597    3.59351069    2.97109455    3.54918511    4.13430614    3.23230387    2.78936098    2.40656391    3.08746213    2.18931081    1.89900031    1.66466653    1.66482770    1.92630662    1.43197489    3.66418082    0.00000000    1.61221538    1.99915421    1.65688773    2.10813128    1.68201277    2.38261435    2.08257114    2.19378190    2.20638451    2.19554336    2.05864201    2.60530141    2.15974590    3.06972115    3.49519812    3.07565741    3.47001934    3.72320013    3.47355479    3.57404354
Q1LQL8_CUPMC/84-192     3.18982871    2.94783412    3.54223324    3.79862096    2.67673280    2.76056694    2.97306975    3.13545314    2.97305640    3.35035286    3.64472107    2.61063235    2.80758414    3.64262884    4.55245970    5.67732718    4.62813807    3.78552048    3.20720104    5.09439537    3.74808365    3.46120053    3.50932099    3.90138738    3.94120321    3.82194485    4.10376001    3.98970121    4.29532102    4.56795412    4.04556948    3.74141278    4.54090796    2.59363593    3.23197363    2.74757630    2.27967153    2.18518700    2.00174487    2.22634635    1.89371931    3.79155928    1.61221538    0.00000000    1.18474020    1.17663672    1.20850073    1.29172044    1.20481196    1.14875447    1.26194787    1.11512380    1.15479498    1.18391341    2.29828238    3.78740523    2.98624630    3.77609416    3.66279497    3.35278328    4.42784697    5.68948179    3.22162416
