66
D0IC05_GRIHO/368-449     0.00000000    0.28317381    0.38388906    0.33030275    0.73167923    0.84124273    1.24287993    1.06584772    0.85528743    1.10591278    1.04909350    1.25601861    1.24587319    1.24945214    1.07633870    1.07463699    1.00241149    0.95640283    1.32537769    0.95341356    1.22150988    1.19265329    1.36617968    1.52100182    0.96921006    0.67141603    0.53228779    0.89454682    1.03668346    1.28142490    0.91636569    1.34004393    1.14213694    0.98302202    0.93305480    0.75649402    0.36180503    0.43135196    0.36207936    0.52919686    1.92501781    1.58257898    1.45671188    2.20921226    2.90629689    0.69858746    0.78748921    0.81670441    0.77977407    0.67205677    0.74789877    0.86353422    0.83202732    0.80924297    0.75434560    0.96727291    0.70981509    0.67064676    0.93397178    1.05270492    1.05505760    0.76957170    1.07445088    0.72518605    0.80483123    0.54219573
A6F699_9GAMM/374-455     0.28317381    0.00000000    0.30889442    0.38359566    0.73749172    0.83498250    1.14334089    1.05257343    0.89305371    1.11536985    0.90028771    1.22055706    1.22060374    1.15076093    1.04993197    0.99411621    0.90229834    0.94700293    1.27598590    0.99929024    1.19025549    1.13101526    1.20864678    1.33359741    0.86636755    0.57429611    0.48690201    0.81270990    0.97119867    1.13829705    0.86048001    1.28953657    1.17950734    0.94594316    0.92809046    0.64064312    0.25575505    0.43452125    0.35029421    0.53697165    1.81330170    1.41932785    1.50730715    1.97455990    2.95982025    0.85309784    0.82420267    0.85220039    0.84909154    0.72652311    0.80428484    0.82479529    0.85638416    0.82587496    0.71963084    0.95789124    0.72738177    0.75389665    1.01180223    1.07436749    1.06969438    0.90748097    1.18603943    0.82238940    0.86900396    0.45503653
B5FFU0_ALIFM/370-451     0.38388906    0.30889442    0.00000000    0.47520473    1.06048288    1.16259117    1.53948387    1.42827322    1.09858780    1.54524854    1.30974833    1.53943679    1.41612305    1.52871450    1.09992114    1.08510302    1.20813513    1.30086812    1.29646168    1.26817554    1.51609028    1.38254071    1.02322488    1.16564222    1.20687861    0.49426656    0.72133286    0.59932469    0.83131868    0.95088432    0.64637319    1.16491337    1.12094708    0.79919708    0.74652638    0.84941672    0.54325554    0.62130050    0.51175389    0.80488862    2.04835745    1.78259401    1.80039558    1.95206285    2.67688988    0.73957753    0.78645503    0.81686759    1.07487374    0.96230768    1.02051884    1.13059445    1.10713499    1.02545651    0.93633714    1.14789236    0.91713525    0.87302344    0.93956373    1.05904902    1.09106426    0.80000331    1.16938576    0.74242103    0.62819748    0.64699373
Q5D1Y2_9GAMM/378-459     0.33030275    0.38359566    0.47520473    0.00000000    0.74990907    0.84400113    1.29609205    1.00116992    0.89929063    1.25855894    1.17959962    1.37795993    1.22366490    1.28608339    1.08971665    1.10313640    1.17856584    0.92258734    1.38273038    0.99191785    1.25393436    1.32131692    1.21612266    1.20054632    1.14065200    0.61249292    0.54376439    0.63948478    0.97217757    1.14497876    0.85083480    1.30585574    1.20508715    0.97735965    0.70647283    0.64626973    0.37086142    0.43088923    0.36580585    0.59535935    1.91116465    1.86284662    1.34782310    1.90645518    3.04333309    0.63972602    0.74435163    0.79609454    0.74598869    0.71424544    0.74942301    0.80715469    0.72831224    0.82222598    0.66933239    0.92611918    0.70119747    0.66050984    0.83311098    0.92559674    0.97998548    0.69140725    1.16722919    0.72550939    0.62604447    0.53739734
A6VKH9_ACTSZ/361-442     0.73167923    0.73749172    1.06048288    0.74990907    0.00000000    1.11923253    1.24690855    1.12100291    1.30106104    1.37455523    1.37211893    1.44718820    1.40901982    1.40120852    1.39107608    1.28440982    1.17639710    1.18262575    1.66466336    1.16910475    1.14400729    1.35702511    1.48008515    1.62371176    1.16011580    1.15723232    0.95718862    1.34299729    1.27724539    1.60222354    1.23741515    1.59220420    1.47514834    1.00838932    1.13281445    1.04073085    0.81720105    0.81421705    0.94248121    0.84968601    1.81209617    1.69399733    1.46043823    2.10598765    2.84371718    0.97446730    1.10935958    1.08526969    0.96100786    1.00778211    1.04423081    1.02310053    1.04898956    1.11506114    0.97260282    1.19144664    1.02086788    1.07319829    1.22865468    1.22204803    1.24736444    0.96221157    0.95860035    0.97657764    1.11638024    0.76828134
Q0AAI3_ALKEH/369-450     0.84124273    0.83498250    1.16259117    0.84400113    1.11923253    0.00000000    1.11043314    1.28562798    0.83208683    1.02213398    0.94715066    1.11215427    0.98409304    1.01046714    1.06652779    1.06927138    0.99972944    1.04866201    1.21545323    0.89757661    0.96607409    1.22483843    1.22992009    1.24593612    1.16540491    0.94332250    0.93349833    1.10744949    1.24587677    1.28033651    1.14367445    1.30635648    1.18672504    1.11828070    0.94065131    0.97817728    0.80389707    0.77406547    0.89094931    0.92702816    1.48518235    1.44874908    1.88320083    2.25141543    3.32128460    1.20832128    1.26524348    1.14244195    1.20851872    1.15786812    1.22691091    1.19671099    1.22841816    1.19463337    1.03678043    1.22173285    1.08795850    1.07098368    1.40341396    1.47582119    1.40687390    1.15837922    1.17495784    1.14577373    1.32154981    0.81808669
C9RP30_FIBSS/372-454     1.24287993    1.14334089    1.53948387    1.29609205    1.24690855    1.11043314    0.00000000    1.18213606    0.95838374    1.33382082    0.92945196    1.04581964    0.83470185    1.00488778    1.27661721    1.34548043    1.08464175    1.27124509    1.59901150    1.09049023    0.91319956    1.24321522    1.31256680    1.56739715    0.99078782    1.25878810    1.03260670    1.57819929    1.69187067    1.38819974    1.45786441    1.52340977    1.65603499    2.11722521    1.40824387    1.30307659    1.12606892    1.13449677    1.30158370    1.10661280    2.39858213    2.08824618    2.62552412    2.70173100    4.07110920    1.48430487    1.49755818    1.38087899    1.49500340    1.50968475    1.63451444    1.44229737    1.43576664    1.58694333    1.54449056    1.55393616    1.59351772    1.48621968    1.68234425    1.67797499    1.72753880    1.35796849    1.78543790    1.45537292    1.64833429    1.22708539
D5W834_PARAM/382-463     1.06584772    1.05257343    1.42827322    1.00116992    1.12100291    1.28562798    1.18213606    0.00000000    0.92210252    1.39648278    1.07315272    1.35670698    1.10752372    1.25589881    1.25617662    1.11423423    1.19382804    1.15270387    1.29913409    1.15794531    1.05672974    1.21128043    1.35631564    1.43383374    1.13837713    1.31627422    1.12311236    1.37321452    1.49086685    1.66992639    1.25650537    1.48670112    1.40592191    1.23348128    1.28616663    1.12697032    1.08078304    0.94704974    1.04333690    0.92970716    1.97746324    1.86376941    1.36402207    2.07667720    2.90330490    1.37839476    1.40126828    1.39654116    1.18430856    1.19081933    1.25489897    1.22792451    1.15412608    1.17975523    1.14160929    1.19114321    1.17093234    1.15079319    1.80572744    1.83916309    1.45387339    1.25669183    1.33883780    1.18083769    1.43478503    1.01360786
A0A2V3QX33_9PROT/393-474     0.85528743    0.89305371    1.09858780    0.89929063    1.30106104    0.83208683    0.95838374    0.92210252    0.00000000    1.00709754    0.81965572    0.80943851    0.76481632    0.70315907    0.84632110    0.91472808    0.86794671    0.95909030    1.06904453    1.01495572    0.87291227    0.97590502    1.14602422    1.29900201    1.01338818    0.81390545    0.87948641    1.00227698    1.22473443    1.34637366    1.06121190    1.04676612    0.97754814    1.23482768    0.95745670    1.03066370    0.81932493    0.82306213    0.85806167    0.84742256    1.92186480    1.53156996    1.67717472    2.03258034    2.41370661    1.10565051    1.04498440    1.11470428    1.02414647    1.05935868    0.99100852    0.95173561    1.05100492    0.95113916    1.06456762    1.08806460    1.10532115    1.07555416    1.22894753    1.40714440    1.15117384    1.15910456    1.29460247    1.19360456    1.08405885    0.99488544
A0A103G2B5_BURVI/396-477     1.10591278    1.11536985    1.54524854    1.25855894    1.37455523    1.02213398    1.33382082    1.39648278    1.00709754    0.00000000    0.92922840    0.82515201    0.76556916    0.78603966    0.78189393    0.75994120    0.84466706    1.04435006    1.22590598    1.14782085    0.88044107    1.23021366    1.04607259    1.58826790    0.99656305    1.28774583    1.11163214    1.51794320    1.46970408    1.81651578    1.50955656    1.35237206    1.13360179    1.72473480    1.56313935    1.24571982    1.20204260    1.25726203    1.16229061    1.21302638    1.97094393    1.69602626    1.82511664    1.73314443    2.95406599    1.78101434    1.48100555    1.52311450    1.21356692    1.31157202    1.24187865    1.08155881    1.24511193    1.15443079    1.14280668    1.15646859    1.28060760    1.28085030    1.60060245    1.56071203    1.36173400    1.48097333    2.03550967    1.50226925    1.42641954    1.24647082
Q13NU9_PARXL/394-475     1.04909350    0.90028771    1.30974833    1.17959962    1.37211893    0.94715066    0.92945196    1.07315272    0.81965572    0.92922840    0.00000000    0.61081949    0.71736948    0.62010953    0.68023324    0.63033858    0.60464579    0.80965058    1.05319072    0.75856778    0.81056966    0.89921273    0.85272172    1.16711085    0.52187726    0.97952958    0.91340960    1.14172738    1.36484282    1.19090360    1.22137159    1.31782966    1.02577579    1.73811989    1.46912505    0.99780229    0.91474541    0.92384939    0.98524163    1.02085239    2.05020915    1.60255279    2.02179116    1.67418835    2.72001900    1.37958363    1.38871839    1.30458268    1.26919310    1.27581038    1.14858390    1.23313704    1.24652885    1.08448300    1.14052280    1.16942990    1.21818973    1.11334374    1.40937241    1.34654383    1.19697880    1.35236944    1.36553371    1.28114654    1.22586841    1.02062900
B2T0D7_PARPJ/394-475     1.25601861    1.22055706    1.53943679    1.37795993    1.44718820    1.11215427    1.04581964    1.35670698    0.80943851    0.82515201    0.61081949    0.00000000    0.42370171    0.44555777    0.56789357    0.66731943    0.79163462    1.06884325    1.35951551    1.21358514    1.06414715    1.17563493    1.11326148    1.33329121    0.98230106    1.34653046    1.26155149    1.55909853    1.45480510    1.69194832    1.55283756    1.37223939    1.12103932    2.08712742    1.53702512    1.22457197    1.26477547    1.13093511    1.24024863    1.17784474    2.68687664    1.71642930    2.53311685    1.70561602    3.27079340    1.64786666    1.71303770    1.73675982    1.48986315    1.54263419    1.34672500    1.32137626    1.47909099    1.28092069    1.37117867    1.37829652    1.38451744    1.43752452    1.69206738    1.56730482    1.67641337    1.61697226    1.68118929    1.56897072    1.55921953    1.19787524
D5WCR1_PARAM/397-478     1.24587319    1.22060374    1.41612305    1.22366490    1.40901982    0.98409304    0.83470185    1.10752372    0.76481632    0.76556916    0.71736948    0.42370171    0.00000000    0.38275638    0.63638548    0.72359520    0.79638914    1.06106375    1.06565346    0.99078852    0.88302973    0.99911511    0.90422380    1.14499598    0.94935568    1.22497005    1.15984769    1.44202218    1.47372749    1.47258852    1.35762378    1.04952188    1.13034228    1.85555700    1.32146202    1.20828921    1.21399457    1.06505448    1.29825015    1.25435377    2.09629844    1.87526002    2.06099951    2.08954779    3.22295003    1.57011684    1.44793855    1.59907258    1.36298248    1.44953915    1.36860473    1.22215704    1.32688022    1.22847355    1.44691516    1.17622838    1.43104936    1.41601139    1.54987117    1.69283099    1.59802754    1.37278923    1.75224039    1.55691677    1.20829349    1.12474815
B2JGB7_PARP8/391-472     1.24945214    1.15076093    1.52871450    1.28608339    1.40120852    1.01046714    1.00488778    1.25589881    0.70315907    0.78603966    0.62010953    0.44555777    0.38275638    0.00000000    0.57318118    0.67603862    0.71930529    0.88982554    1.22912829    1.00717044    0.82358396    0.78743902    0.81637069    1.13179390    0.87611688    1.30204401    1.15115926    1.22153078    1.46328891    1.44535502    1.19045227    1.14227417    1.13739173    1.66363806    1.35716165    1.09734264    1.13331743    1.13963479    1.17226907    1.14029031    2.10738516    1.76530305    1.88485302    2.16530018    3.35539572    1.45289282    1.37144323    1.38938061    1.34241787    1.24958633    1.16426246    1.09157908    1.13213530    1.04027704    1.15700682    1.19498242    1.26985783    1.21779437    1.44538161    1.56183122    1.33951870    1.22114008    1.58575744    1.50914796    1.25327476    1.14516178
A4JT18_BURVG/388-469     1.07633870    1.04993197    1.09992114    1.08971665    1.39107608    1.06652779    1.27661721    1.25617662    0.84632110    0.78189393    0.68023324    0.56789357    0.63638548    0.57318118    0.00000000    0.24550389    0.72553922    0.95668643    0.77113934    0.93762287    1.04441778    0.85309214    0.77712338    1.07964887    0.81627706    1.03828400    1.11223554    1.05032011    1.17459125    1.25344226    1.30607586    1.07498496    0.99908601    1.40636270    1.24483821    1.16087057    1.09206081    1.01138701    0.99549383    1.16863045    2.02318621    1.77199388    1.67833761    1.54222776    2.49145356    1.29637169    1.24134068    1.47399832    1.28023362    1.43951743    1.32038295    1.23105827    1.29148875    1.21483844    1.10288733    1.33762262    1.34957546    1.18732144    1.27046391    1.26783026    1.33615507    1.27766045    1.30482631    1.19634009    1.15281869    1.09768541
Q13G36_PARXL/388-469     1.07463699    0.99411621    1.08510302    1.10313640    1.28440982    1.06927138    1.34548043    1.11423423    0.91472808    0.75994120    0.63033858    0.66731943    0.72359520    0.67603862    0.24550389    0.00000000    0.62474412    0.85102621    0.82824316    0.75219295    0.91196413    0.94247856    0.80308139    1.03708954    0.66432500    0.94271003    1.02390670    0.94103922    1.13416443    1.18728269    1.07285729    1.18121633    0.84639001    1.42603289    1.19947573    1.02971080    1.05816464    0.92008733    0.96404116    1.05496941    1.78094308    1.85443169    1.64750755    1.52571671    2.23716756    1.18609886    1.13223100    1.24883463    1.31445640    1.38906336    1.30457545    1.23006000    1.22737092    1.09378116    1.06591198    1.07665220    1.18552340    1.16548916    1.35774116    1.34043932    1.27123296    1.21862307    1.20210897    1.00442187    1.15340811    1.05928125
Q13QA8_PARXL/390-471     1.00241149    0.90229834    1.20813513    1.17856584    1.17639710    0.99972944    1.08464175    1.19382804    0.86794671    0.84466706    0.60464579    0.79163462    0.79638914    0.71930529    0.72553922    0.62474412    0.00000000    0.79212576    1.18632495    0.71399743    0.75203320    1.00827016    0.88054040    1.26929609    0.71691605    1.10533317    1.01640512    1.09811248    1.33402701    1.31115402    1.29852112    1.28684155    0.84319161    1.62476343    1.23105299    1.11069219    0.91220667    1.01202137    0.88159316    0.90596828    1.98998391    1.72175408    2.07174961    1.72309730    2.78699560    1.23101882    1.21103025    1.08787601    1.22626973    1.27777716    1.18039878    1.08571191    1.11496845    1.03922464    1.06494944    1.17898843    1.14982414    1.10141670    1.32333665    1.21900313    1.09322846    1.26444101    1.31572154    1.10263932    1.17709934    1.02520573
Q13KE9_PARXL/386-467     0.95640283    0.94700293    1.30086812    0.92258734    1.18262575    1.04866201    1.27124509    1.15270387    0.95909030    1.04435006    0.80965058    1.06884325    1.06106375    0.88982554    0.95668643    0.85102621    0.79212576    0.00000000    0.96318592    0.74683825    0.72916548    1.04630709    0.98303109    1.22159797    0.71352984    1.05416281    1.01296742    1.23427618    1.27967116    1.55261595    1.14839393    1.46320490    1.09774545    1.28199515    1.12257953    1.09500385    0.94655418    0.85117537    0.94227842    1.03493786    2.16515180    1.62024274    1.38510127    1.81822956    2.76038040    1.16894849    1.21665018    1.13522269    1.07036555    1.15304610    1.03800186    1.01640593    1.02319391    0.98072442    0.88050424    1.06785862    1.13242291    1.07052548    1.23977902    1.24112664    0.94916404    1.18183238    1.23151220    0.88239838    1.14127288    1.10687994
C5CQL6_VARPS/391-472     1.32537769    1.27598590    1.29646168    1.38273038    1.66466336    1.21545323    1.59901150    1.29913409    1.06904453    1.22590598    1.05319072    1.35951551    1.06565346    1.22912829    0.77113934    0.82824316    1.18632495    0.96318592    0.00000000    0.84624652    0.76939788    0.99198218    1.06373805    1.23340882    0.78411841    1.50602061    1.43906068    1.60006874    1.42241689    1.70694399    1.45474043    1.56684517    1.22071406    1.72572773    1.68130417    1.28012751    1.27615904    1.27238026    1.25615474    1.39800265    2.00779362    1.81209350    1.66729520    1.99598177    2.53249129    1.64321473    1.37698960    1.49595620    1.81219969    1.69314015    1.75946689    1.65861923    1.68755547    1.36788388    1.51169214    1.45421313    1.84330298    1.58712571    1.63187073    1.62135617    1.44323015    1.41612419    1.57764043    1.28873955    1.59169728    1.59646680
Q39M74_BURL3/389-470     0.95341356    0.99929024    1.26817554    0.99191785    1.16910475    0.89757661    1.09049023    1.15794531    1.01495572    1.14782085    0.75856778    1.21358514    0.99078852    1.00717044    0.93762287    0.75219295    0.71399743    0.74683825    0.84624652    0.00000000    0.44231615    0.82568476    0.79598307    0.98507671    0.44538652    1.25094908    1.08348853    1.17079448    1.42020032    1.46196674    1.17092899    1.34926343    1.05491485    1.62417473    1.21439231    0.98969227    1.04162477    0.93765170    0.97172698    0.91598727    1.82168032    1.47969947    1.67099960    2.07721316    3.38231367    1.21999671    1.24785876    1.19455093    1.25763562    1.47993338    1.36723609    1.18661709    1.21292313    1.23731820    1.12508422    1.39642355    1.23675496    1.22378066    1.52014250    1.57658616    1.46824379    1.12708558    1.39327144    1.14720481    1.34350981    1.17169254
B2TAZ2_PARPJ/389-470     1.22150988    1.19025549    1.51609028    1.25393436    1.14400729    0.96607409    0.91319956    1.05672974    0.87291227    0.88044107    0.81056966    1.06414715    0.88302973    0.82358396    1.04441778    0.91196413    0.75203320    0.72916548    0.76939788    0.44231615    0.00000000    0.73079881    0.64608101    1.07238616    0.51834683    1.32888095    1.13406893    1.35997323    1.40388983    1.58352941    1.21269263    1.32467310    1.03487331    1.66219232    1.37044975    1.09441307    1.12367172    1.21856699    1.17676213    0.93954187    1.76443660    1.40716844    1.54519905    2.18520499    3.09579198    1.34364394    1.26545894    1.24730351    1.20818999    1.28951086    1.41818768    1.01775297    1.28898422    1.16580333    1.25214006    1.27077574    1.37984650    1.46022772    1.41849167    1.61861448    1.23486102    1.16164196    1.42401512    1.25491118    1.32936011    1.25095888
D5WCN4_PARAM/385-466     1.19265329    1.13101526    1.38254071    1.32131692    1.35702511    1.22483843    1.24321522    1.21128043    0.97590502    1.23021366    0.89921273    1.17563493    0.99911511    0.78743902    0.85309214    0.94247856    1.00827016    1.04630709    0.99198218    0.82568476    0.73079881    0.00000000    0.66081985    0.85767567    0.74938286    1.19309196    1.12751905    1.24368475    1.46983218    1.37932477    1.20690735    1.46475235    1.31579965    1.71513818    1.37401001    1.21748822    1.06604508    1.16158728    1.05556163    1.10233179    1.94185792    1.72326615    1.74243205    2.27692206    2.92001489    1.35567241    1.25347149    1.39278797    1.27238705    1.33940420    1.32767875    1.24013718    1.28853440    1.25369961    1.29048708    1.49219353    1.40050662    1.32931436    1.45229476    1.41230428    1.46264378    1.19220635    1.58583983    1.34463651    1.31368445    1.19524181
B1KCB3_BURCC/383-464     1.36617968    1.20864678    1.02322488    1.21612266    1.48008515    1.22992009    1.31256680    1.35631564    1.14602422    1.04607259    0.85272172    1.11326148    0.90422380    0.81637069    0.77712338    0.80308139    0.88054040    0.98303109    1.06373805    0.79598307    0.64608101    0.66081985    0.00000000    0.51520995    0.68856834    1.07860098    1.28707349    0.96895333    1.18180699    1.13563365    0.94255895    1.24286436    0.81119126    1.31973524    1.02025873    1.15660620    1.07950491    1.33515533    1.21880742    1.18664239    2.09452571    1.88508974    1.74681387    1.97426724    3.22145942    1.24781934    1.20536343    1.20591398    1.34015093    1.48636081    1.52548937    1.30465728    1.23017628    1.33129512    1.27297086    1.42560544    1.46721895    1.28285343    1.27172869    1.30024510    1.23201881    1.01397873    1.49443742    1.13247495    0.89310689    1.25548176
B2JKP4_PARP8/386-467     1.52100182    1.33359741    1.16564222    1.20054632    1.62371176    1.24593612    1.56739715    1.43383374    1.29900201    1.58826790    1.16711085    1.33329121    1.14499598    1.13179390    1.07964887    1.03708954    1.26929609    1.22159797    1.23340882    0.98507671    1.07238616    0.85767567    0.51520995    0.00000000    1.11422159    1.17867454    1.34600185    1.15467699    1.32250269    1.20622460    1.01788360    1.28644197    1.12582362    1.40791315    1.01255457    1.04631349    1.19162075    1.43592364    1.34641616    1.33020257    1.68672136    1.96166125    1.75663553    2.00023056    3.18759561    1.29859972    1.26056008    1.43175146    1.48014204    1.70962550    1.61380350    1.42444228    1.50764740    1.49914609    1.41214538    1.55530682    1.44899547    1.51683864    1.45863061    1.45439339    1.42471865    1.25904092    1.17965416    1.24302033    1.08418154    1.28342451
B3R266_CUPTR/387-468     0.96921006    0.86636755    1.20687861    1.14065200    1.16011580    1.16540491    0.99078782    1.13837713    1.01338818    0.99656305    0.52187726    0.98230106    0.94935568    0.87611688    0.81627706    0.66432500    0.71691605    0.71352984    0.78411841    0.44538652    0.51834683    0.74938286    0.68856834    1.11422159    0.00000000    1.15738658    1.00146697    1.12486040    1.36849052    1.18860464    1.12212092    1.58411478    0.90984682    1.64749266    1.43933372    1.03616464    0.91205505    0.76431903    0.94785056    0.91923612    1.82324886    1.49327029    1.75803384    1.89901089    3.36167704    1.31855645    1.18002423    1.22091732    1.31122828    1.38628960    1.26949542    1.33198912    1.21482267    1.18560110    1.17791300    1.29420272    1.32383488    1.09054147    1.45732525    1.48252716    1.39856385    1.27566634    1.42263293    1.03669211    1.17153069    1.03590649
A0XZ43_9GAMM/387-469     0.67141603    0.57429611    0.49426656    0.61249292    1.15723232    0.94332250    1.25878810    1.31627422    0.81390545    1.28774583    0.97952958    1.34653046    1.22497005    1.30204401    1.03828400    0.94271003    1.10533317    1.05416281    1.50602061    1.25094908    1.32888095    1.19309196    1.07860098    1.17867454    1.15738658    0.00000000    0.36313472    0.46068545    0.66524845    0.70595101    0.47646531    0.83221950    1.06028475    0.92400750    0.54551996    0.71330651    0.58122995    0.72287069    0.62602663    0.87766003    1.89653747    1.89292079    1.62385910    2.04458585    2.60764628    0.87519014    0.83599475    0.88872596    0.96876381    0.94973172    1.01647317    0.98844614    1.01723172    1.06259112    0.97046154    1.19630312    1.05423958    0.86564731    0.92930476    1.04044007    1.14429982    0.99167706    1.24008144    0.79845490    0.70644096    0.73967215
Q489D4_COLP3/397-479     0.53228779    0.48690201    0.72133286    0.54376439    0.95718862    0.93349833    1.03260670    1.12311236    0.87948641    1.11163214    0.91340960    1.26155149    1.15984769    1.15115926    1.11223554    1.02390670    1.01640512    1.01296742    1.43906068    1.08348853    1.13406893    1.12751905    1.28707349    1.34600185    1.00146697    0.36313472    0.00000000    0.68275353    0.98216744    0.96524213    0.80167798    1.05368906    1.26270102    1.22555136    0.76441661    0.54306042    0.38559592    0.62245898    0.46106533    0.74208112    2.00441681    1.72623654    1.56309936    1.83080491    2.64003208    0.80122706    0.77425239    0.83471099    0.80646819    0.76472600    0.83547076    0.77750564    0.82488952    0.85925128    0.83819428    0.85656515    0.85426576    0.75574181    0.87547872    1.05006454    1.10325241    0.93213857    1.23101765    0.79055897    0.78314863    0.62801286
A4VME4_PSEU5/384-466     0.89454682    0.81270990    0.59932469    0.63948478    1.34299729    1.10744949    1.57819929    1.37321452    1.00227698    1.51794320    1.14172738    1.55909853    1.44202218    1.22153078    1.05032011    0.94103922    1.09811248    1.23427618    1.60006874    1.17079448    1.35997323    1.24368475    0.96895333    1.15467699    1.12486040    0.46068545    0.68275353    0.00000000    0.68255349    0.56580647    0.46933933    0.93385848    1.03753751    0.92141090    0.55917780    0.65268087    0.62911433    0.91761611    0.74622400    0.96312391    1.90862366    2.23755586    1.69169144    2.07331524    2.81779711    0.87463894    0.87805833    0.89767871    1.16825850    1.17412542    1.07399571    1.09587709    0.94225636    1.01748154    1.02252630    1.10617351    1.11980652    0.87337174    1.19705056    1.00281217    1.06095556    1.14131364    1.17181446    0.80920891    0.65458057    0.77675254
A4VKD6_PSEU5/385-467     1.03668346    0.97119867    0.83131868    0.97217757    1.27724539    1.24587677    1.69187067    1.49086685    1.22473443    1.46970408    1.36484282    1.45480510    1.47372749    1.46328891    1.17459125    1.13416443    1.33402701    1.27967116    1.42241689    1.42020032    1.40388983    1.46983218    1.18180699    1.32250269    1.36849052    0.66524845    0.98216744    0.68255349    0.00000000    0.65087260    0.78618060    0.90897019    1.34903662    1.01030982    0.83959055    0.96011764    1.00593059    1.03216279    0.93095015    1.10934354    2.01366632    2.09895775    1.74730464    2.28198064    2.73713976    1.20857361    1.11350466    1.14391420    1.11136232    1.23559525    1.11489803    1.11630213    1.00411617    1.08260104    1.12300750    1.19280964    1.19572306    1.01107279    1.15294844    1.15534400    1.11434252    1.09425288    1.27380731    1.14995902    1.02806838    0.91087714
Q4ZRG5_PSEU2/384-467     1.28142490    1.13829705    0.95088432    1.14497876    1.60222354    1.28033651    1.38819974    1.66992639    1.34637366    1.81651578    1.19090360    1.69194832    1.47258852    1.44535502    1.25344226    1.18728269    1.31115402    1.55261595    1.70694399    1.46196674    1.58352941    1.37932477    1.13563365    1.20622460    1.18860464    0.70595101    0.96524213    0.56580647    0.65087260    0.00000000    0.61388324    1.06425051    1.21076591    1.09563078    0.80396882    0.88400587    0.95884141    1.26876118    1.06282894    1.39378081    2.22283360    2.42799428    2.28316161    2.02815868    3.45331926    1.11069837    1.09671612    1.24936384    1.43753818    1.45295262    1.38156160    1.37983210    1.30437229    1.25234135    1.40576802    1.42194078    1.33130789    1.23559872    1.32144611    1.30690482    1.39734421    1.46688005    1.36804118    1.16963452    0.91072431    0.97191821
Q3K9H3_PSEPF/385-467     0.91636569    0.86048001    0.64637319    0.85083480    1.23741515    1.14367445    1.45786441    1.25650537    1.06121190    1.50955656    1.22137159    1.55283756    1.35762378    1.19045227    1.30607586    1.07285729    1.29852112    1.14839393    1.45474043    1.17092899    1.21269263    1.20690735    0.94255895    1.01788360    1.12212092    0.47646531    0.80167798    0.46933933    0.78618060    0.61388324    0.00000000    0.91846874    0.96706646    0.72334197    0.58880255    0.46890811    0.70909701    0.99321962    0.86934655    0.99729992    1.83173905    1.66126239    1.64864956    2.30288037    2.93854341    0.90657655    0.90435756    0.93835922    1.05083775    1.03585706    1.02973375    0.99015761    1.04739142    0.94471950    0.97374133    1.02835683    0.97251169    0.83756507    1.02277366    1.15021674    1.14656754    1.12348487    1.17956126    0.86716841    0.89802826    0.80293319
B2JS55_PARP8/383-465     1.34004393    1.28953657    1.16491337    1.30585574    1.59220420    1.30635648    1.52340977    1.48670112    1.04676612    1.35237206    1.31782966    1.37223939    1.04952188    1.14227417    1.07498496    1.18121633    1.28684155    1.46320490    1.56684517    1.34926343    1.32467310    1.46475235    1.24286436    1.28644197    1.58411478    0.83221950    1.05368906    0.93385848    0.90897019    1.06425051    0.91846874    0.00000000    1.06451188    1.33182777    0.98016251    1.29667694    1.34871444    1.30992484    1.30876166    1.20414534    2.30668734    2.30144455    2.15516934    2.15949690    2.79163377    1.34114863    1.30537676    1.45206891    1.35193389    1.36366520    1.39852844    1.21995199    1.44242076    1.42550190    1.36187889    1.45736837    1.41980318    1.30106934    1.35092913    1.48850380    1.48106958    1.26278068    1.58633691    1.43068749    1.13003547    1.27393253
A1VS64_POLNA/389-470     1.14213694    1.17950734    1.12094708    1.20508715    1.47514834    1.18672504    1.65603499    1.40592191    0.97754814    1.13360179    1.02577579    1.12103932    1.13034228    1.13739173    0.99908601    0.84639001    0.84319161    1.09774545    1.22071406    1.05491485    1.03487331    1.31579965    0.81119126    1.12582362    0.90984682    1.06028475    1.26270102    1.03753751    1.34903662    1.21076591    0.96706646    1.06451188    0.00000000    1.27476969    1.00926936    1.10097965    1.09884008    1.18026738    1.13571704    1.00720784    1.99015771    2.11277207    1.85703679    2.11007949    2.90993617    1.08902860    1.21108802    1.14358437    1.53064942    1.46292994    1.38844584    1.54916832    1.43264342    1.37897101    1.37968528    1.33366357    1.46875972    1.38035003    1.47248643    1.41974425    1.34584571    1.27724662    1.43726926    1.15443251    1.18399088    1.25315919
C8S2T3_9RHOB/379-460     0.98302202    0.94594316    0.79919708    0.97735965    1.00838932    1.11828070    2.11722521    1.23348128    1.23482768    1.72473480    1.73811989    2.08712742    1.85555700    1.66363806    1.40636270    1.42603289    1.62476343    1.28199515    1.72572773    1.62417473    1.66219232    1.71513818    1.31973524    1.40791315    1.64749266    0.92400750    1.22555136    0.92141090    1.01030982    1.09563078    0.72334197    1.33182777    1.27476969    0.00000000    0.83809819    1.11710067    1.02113417    1.07398900    1.06337184    1.17875653    1.92660826    1.86162464    1.64621277    2.55545755    2.91817709    1.15027592    1.08200414    1.08089962    1.12061774    1.08642849    1.15828419    1.07461499    1.21377475    1.08356396    1.00491694    1.11309561    1.07613527    1.16418928    1.16213344    1.32705021    1.00717320    1.06559811    1.13715606    0.99965843    0.90590849    0.99314023
C1DM69_AZOVD/380-461     0.93305480    0.92809046    0.74652638    0.70647283    1.13281445    0.94065131    1.40824387    1.28616663    0.95745670    1.56313935    1.46912505    1.53702512    1.32146202    1.35716165    1.24483821    1.19947573    1.23105299    1.12257953    1.68130417    1.21439231    1.37044975    1.37401001    1.02025873    1.01255457    1.43933372    0.54551996    0.76441661    0.55917780    0.83959055    0.80396882    0.58880255    0.98016251    1.00926936    0.83809819    0.00000000    0.75725047    0.86330282    0.94668150    0.72820724    0.91045791    1.90379457    2.13180288    1.79493316    2.15046484    2.86253887    0.78653902    0.92641764    0.96644394    1.04934305    1.08683584    0.98394344    1.05688311    1.08715254    1.10948594    0.95147312    1.07104276    0.96265847    0.84959358    1.02717656    1.07484996    1.11960647    0.97374643    1.12462515    0.72596393    0.76907128    0.86342496
C3JXQ8_PSEFS/385-467     0.75649402    0.64064312    0.84941672    0.64626973    1.04073085    0.97817728    1.30307659    1.12697032    1.03066370    1.24571982    0.99780229    1.22457197    1.20828921    1.09734264    1.16087057    1.02971080    1.11069219    1.09500385    1.28012751    0.98969227    1.09441307    1.21748822    1.15660620    1.04631349    1.03616464    0.71330651    0.54306042    0.65268087    0.96011764    0.88400587    0.46890811    1.29667694    1.10097965    1.11710067    0.75725047    0.00000000    0.52810663    0.71453875    0.60098547    0.78417021    1.97770406    1.63836898    1.66193090    1.97884839    3.02340098    0.87627745    0.93792236    0.87341229    1.04759140    0.98189939    0.89844890    1.00092674    1.01066429    0.86357761    0.90431582    1.00756166    0.90298427    0.95950367    1.16996850    1.14715069    1.26700799    1.08201818    1.26921974    0.86649903    0.99892801    0.65081733
C4LCF4_TOLAT/369-450     0.36180503    0.25575505    0.54325554    0.37086142    0.81720105    0.80389707    1.12606892    1.08078304    0.81932493    1.20204260    0.91474541    1.26477547    1.21399457    1.13331743    1.09206081    1.05816464    0.91220667    0.94655418    1.27615904    1.04162477    1.12367172    1.06604508    1.07950491    1.19162075    0.91205505    0.58122995    0.38559592    0.62911433    1.00593059    0.95884141    0.70909701    1.34871444    1.09884008    1.02113417    0.86330282    0.52810663    0.00000000    0.45409604    0.29596434    0.51689247    1.84650171    1.64951846    1.60510065    2.09421152    2.88241522    0.70314604    0.66508559    0.66895096    0.74911450    0.64415604    0.72761122    0.73329335    0.74981568    0.65819773    0.61343035    0.76175182    0.70120955    0.70585027    0.90978887    0.96812701    0.96474034    0.76442816    1.17311796    0.69281803    0.70465604    0.45770534
B4WZ63_9GAMM/367-448     0.43135196    0.43452125    0.62130050    0.43088923    0.81421705    0.77406547    1.13449677    0.94704974    0.82306213    1.25726203    0.92384939    1.13093511    1.06505448    1.13963479    1.01138701    0.92008733    1.01202137    0.85117537    1.27238026    0.93765170    1.21856699    1.16158728    1.33515533    1.43592364    0.76431903    0.72287069    0.62245898    0.91761611    1.03216279    1.26876118    0.99321962    1.30992484    1.18026738    1.07398900    0.94668150    0.71453875    0.45409604    0.00000000    0.44652540    0.59210267    1.97975289    1.90330260    1.44337931    2.20442204    3.32292230    0.70638128    0.73032030    0.82253246    0.77714125    0.79048238    0.77658013    0.88886791    0.71884816    0.81811107    0.68810736    0.91663746    0.75979745    0.64834345    0.91980377    0.95864957    1.08694401    0.80939378    1.13733657    0.67270864    0.81363339    0.49727725
A0KM80_AERHH/369-450     0.36207936    0.35029421    0.51175389    0.36580585    0.94248121    0.89094931    1.30158370    1.04333690    0.85806167    1.16229061    0.98524163    1.24024863    1.29825015    1.17226907    0.99549383    0.96404116    0.88159316    0.94227842    1.25615474    0.97172698    1.17676213    1.05556163    1.21880742    1.34641616    0.94785056    0.62602663    0.46106533    0.74622400    0.93095015    1.06282894    0.86934655    1.30876166    1.13571704    1.06337184    0.72820724    0.60098547    0.29596434    0.44652540    0.00000000    0.33016217    1.96123978    1.92498012    1.42720615    1.94969083    2.55005147    0.62499390    0.64669513    0.65013175    0.63096417    0.54387858    0.62760286    0.62010494    0.61200999    0.62265087    0.55261427    0.71124592    0.56758529    0.61701302    0.83182951    0.85689538    0.88719450    0.69441508    1.08475743    0.63873760    0.66337530    0.42081349
Q7N0Y6_PHOLL/366-447     0.52919686    0.53697165    0.80488862    0.59535935    0.84968601    0.92702816    1.10661280    0.92970716    0.84742256    1.21302638    1.02085239    1.17784474    1.25435377    1.14029031    1.16863045    1.05496941    0.90596828    1.03493786    1.39800265    0.91598727    0.93954187    1.10233179    1.18664239    1.33020257    0.91923612    0.87766003    0.74208112    0.96312391    1.10934354    1.39378081    0.99729992    1.20414534    1.00720784    1.17875653    0.91045791    0.78417021    0.51689247    0.59210267    0.33016217    0.00000000    1.62064065    1.71500384    1.43033741    2.42952905    2.58560451    0.72631689    0.69447069    0.74053039    0.61681441    0.68929095    0.63604284    0.68745798    0.72416632    0.65604169    0.69228642    0.71793552    0.63779459    0.78452394    0.96070591    1.05349983    0.86226817    0.69181042    0.99849420    0.70988155    0.74930021    0.54693091
A3SL74_ROSNI/346-428     1.92501781    1.81330170    2.04835745    1.91116465    1.81209617    1.48518235    2.39858213    1.97746324    1.92186480    1.97094393    2.05020915    2.68687664    2.09629844    2.10738516    2.02318621    1.78094308    1.98998391    2.16515180    2.00779362    1.82168032    1.76443660    1.94185792    2.09452571    1.68672136    1.82324886    1.89653747    2.00441681    1.90862366    2.01366632    2.22283360    1.83173905    2.30668734    1.99015771    1.92660826    1.90379457    1.97770406    1.84650171    1.97975289    1.96123978    1.62064065    0.00000000    1.82828226    1.85843631    2.41102491    3.50933332    1.72871371    1.53805929    1.50848779    2.12024810    1.98959373    2.07294618    2.09844345    2.01813186    1.87669786    1.67883040    2.09326763    1.79665645    1.87791550    1.70493146    1.80448823    1.63880553    1.24203633    1.49939877    1.74681179    2.22387723    1.96205979
Q93A85_XANCE/377-461     1.58257898    1.41932785    1.78259401    1.86284662    1.69399733    1.44874908    2.08824618    1.86376941    1.53156996    1.69602626    1.60255279    1.71642930    1.87526002    1.76530305    1.77199388    1.85443169    1.72175408    1.62024274    1.81209350    1.47969947    1.40716844    1.72326615    1.88508974    1.96166125    1.49327029    1.89292079    1.72623654    2.23755586    2.09895775    2.42799428    1.66126239    2.30144455    2.11277207    1.86162464    2.13180288    1.63836898    1.64951846    1.90330260    1.92498012    1.71500384    1.82828226    0.00000000    1.87606996    2.03332074    4.13260966    2.56777901    2.30115307    2.07748912    1.53557582    1.69348440    1.63750487    1.58205460    1.57263571    1.37949241    1.40444348    1.56907067    1.60646878    1.70301987    1.82230244    1.95420622    1.73972523    1.86417317    1.88348368    2.08024736    2.01452580    1.79646395
