113
A5G6P5_GEOUR/10-107     0.00000000    0.73027920    0.67806651    0.50250076    0.32867805    3.03020853    2.44852338    2.90646353    2.62922821    2.97847922    2.60296652    3.04821691    3.35249163    3.03521758    2.46351765    2.19989729    3.04080145    2.72749873    3.00896719    2.78998163    2.65124669    2.81922729    3.56294097    1.86912328    2.58233030    3.18914530    3.41969971    4.00588098    3.68200829    3.29155802    3.20061080    4.07824467    3.07607152    4.10120272    3.80496224    3.62153909    3.36460157    2.94091819    2.67116849    3.27184807    3.27367426    3.61948703    3.06470095    2.77742685    3.37802651    3.33343223    3.44138304    3.56094449    3.25950767    3.51598374    2.32355517    2.84791863    2.93987785    2.73139882    2.23461764    2.61201408    2.52536391    2.68695627    2.58404747    3.00175887    3.02898333    2.41798399    1.94648943    1.96934564    2.26208421    2.68364998    3.17268305    2.50119019    3.13695025    2.86989465    2.76830742    2.17243536    3.08869239    3.93388772    3.50977736    2.93292951    3.80664809    2.91938278    3.35767427    3.97650762    3.98862914    2.40158729    1.86066949    1.86234162    2.42970204    2.16693215    2.64538353    2.30307417    2.02404406    2.33432578    2.31204908    2.44649416    2.37829258    2.03787382    3.08156362    2.25481179    2.26673952    2.34143242    2.56216891    2.14635050    2.29438252    2.50497046    2.04474330    3.01070313    2.81788406    2.49014035    2.06341671    1.90693412    1.93437399    2.23934178    2.24602482    1.99477099    2.40719271
B3EBB8_GEOLS/10-107     0.73027920    0.00000000    0.67181063    0.58067732    0.63127149    3.02421587    2.34251192    2.66793973    2.59450835    2.97752331    3.02784086    3.35589684    3.55868821    2.93333226    2.64344726    2.51264194    3.29287412    3.04799568    3.33474982    3.00172901    2.14222235    3.48784932    3.66216270    1.93802450    2.78662243    3.32720447    3.66674654    2.91779241    3.47402376    3.23936730    3.07230513    3.58799026    2.95504750    4.30190548    3.58276907    3.54373366    3.13900444    3.47054603    2.75745827    3.47249055    3.84917363    3.51924246    3.54204518    3.00173698    3.41455830    3.33959177    3.38957668    3.68207698    3.25927201    3.04533359    2.46227932    2.29012174    2.40535126    2.53619847    1.96195047    2.69014804    2.54972729    2.66830916    2.71300171    2.96164300    2.74938940    2.13197869    1.91665403    1.88459647    2.38705565    3.23303647    3.41249591    2.61734544    3.08896333    2.67139541    2.69198187    2.56141275    3.09891466    4.30198526    4.13995672    3.39965386    4.31530775    3.12696656    3.49220924    4.58960487    4.03342789    2.45773271    1.85719696    1.75376743    2.47932003    2.20731316    2.63886217    2.56096688    2.12129786    2.29319700    1.99356345    2.11954875    2.22498730    2.29466510    3.25696306    2.29641686    2.48972097    2.27911969    2.60772924    2.65277395    2.74454598    2.59136283    2.49832580    2.83733384    2.62185049    2.63189045    2.17830555    2.02642429    1.81613635    2.31811943    2.22796455    2.24993754    2.65488704
B5EBC4_GEOBB/10-107     0.67806651    0.67181063    0.00000000    0.46964094    0.69216249    2.83697595    2.70052508    2.86238698    2.65228883    2.59143561    1.97524748    2.57134155    2.84054435    2.63102600    2.53894034    2.34743509    2.80780201    2.47127804    2.95592990    2.52701663    2.28274951    3.09354982    3.41297148    2.23540210    2.87956234    3.05493734    3.11634470    3.61877743    3.77298539    3.44148842    3.15010124    3.96180626    2.77129909    3.79404296    3.27175259    3.00916973    3.09188369    3.06993623    2.86205466    2.93439685    3.28048072    3.60893642    3.08971642    2.82170407    3.34926034    2.97346753    3.31198264    3.09267066    2.91853170    3.30041223    2.34444539    2.67371827    2.51549230    2.53888600    1.99827629    2.56753787    2.53756623    2.72411608    2.62860918    2.68714438    3.01891453    2.44199647    1.80417754    1.96455177    2.66706834    2.92067256    2.92070083    2.74892521    2.98296300    2.95509831    2.82843157    2.47508631    3.08223072    4.03112508    4.18309677    3.13323871    4.30273235    2.96858243    3.36125195    4.25267808    4.32876016    2.78683781    2.00446147    2.00557619    2.83265898    2.54542790    2.34783559    2.41801957    2.12207319    2.73808699    2.61693699    2.71698547    2.52153556    2.50561449    3.43029309    2.37968104    2.46601213    2.33074332    2.73163268    2.22569151    2.28951007    2.44555392    2.23423791    3.06545345    3.10019886    2.93519018    2.14878921    2.23804589    2.49904366    2.52125397    2.30914143    2.21273702    2.75517429
Q74EB8_GEOSL/10-107     0.50250076    0.58067732    0.46964094    0.00000000    0.52361803    2.95711944    2.40273379    2.59544461    2.43418714    2.67001059    2.33568057    2.59323873    3.57916160    3.12018380    2.41968081    2.29979694    2.76613996    2.62374799    2.83383057    2.83577338    2.03809777    2.68502699    3.15518994    1.93950471    2.42388590    3.30641209    3.49970136    3.15039433    3.81497586    3.28051781    3.18258299    4.02704195    3.02284306    4.17271986    3.62937546    3.50963650    2.92044355    3.33762118    2.86636842    3.47896223    3.36133980    3.54063561    3.17380037    2.99814318    3.76159961    3.49133895    3.61604662    3.65629923    3.50863251    3.07618909    2.40100330    2.56877109    2.77152694    2.50314707    2.32054808    2.63431016    2.49447292    2.69780287    2.80988374    2.80586160    2.77815463    2.42410416    1.66288478    2.05866263    2.31319735    2.69530775    2.88145261    2.23790031    2.76233299    2.91253206    2.73460799    2.36803191    3.29705851    4.60592787    3.92346652    3.23816027    4.81532747    3.07563364    3.52780237    4.13232683    3.82356266    2.36387317    1.96593336    1.97612375    2.70941548    2.32030979    2.50848172    2.12728764    2.08258559    2.48233306    2.63531672    2.59901201    2.37711018    2.41336171    3.27238243    2.66448240    2.36749678    2.33823886    2.86691440    2.29587249    2.48453502    2.66875223    2.44122175    3.42465678    3.01568232    3.08894918    2.22989074    2.10233314    2.33493696    2.39306844    2.59876691    2.27846239    3.17469047
B9M822_GEODF/10-107     0.32867805    0.63127149    0.69216249    0.52361803    0.00000000    2.70440859    2.29294531    2.59980433    2.59297880    2.88118686    2.42452379    2.88725173    3.22220055    2.87307693    2.41888696    2.17089032    2.72224314    2.76693924    3.08664358    2.81267084    2.35588137    2.97722166    3.58692332    1.74110241    2.71778490    3.13361575    3.44034437    3.43118371    3.73719285    3.16310373    3.14482213    4.01191938    2.94061434    3.69445149    3.55474039    3.56625808    3.29756724    3.11282337    2.57236838    3.21989418    3.29797267    3.40933674    3.33885361    2.87705755    3.45716467    3.24076224    3.41026250    3.51785880    3.17236256    3.14629850    2.08368968    2.35789864    2.54710784    2.39062275    2.02946066    2.36102117    2.19702003    2.39606008    2.45645771    2.87555655    2.86668539    2.14161686    1.98087298    2.05963899    2.19119811    2.59958646    3.01162096    2.32522961    2.93984216    2.89929643    2.89281463    2.36172577    2.65378449    3.78500529    3.58803668    2.95170071    4.14387459    2.97087839    3.41368554    4.07317069    3.84753509    2.35852773    1.68428129    1.72728976    2.12379707    2.11855487    2.50378887    2.13473428    1.95200395    2.32247337    2.22553621    2.40645250    2.22986025    2.08459527    3.01107814    2.12102180    2.29641888    2.20151561    2.40993528    2.14775377    2.15845093    2.36423047    2.03496864    2.95563337    2.83720557    2.59679508    1.89639193    1.84755429    2.03960414    2.09658408    2.15283587    2.04993477    2.47537905
B9PXW3_TOXGV/53-149     3.03020853    3.02421587    2.83697595    2.95711944    2.70440859    0.00000000    2.10015694    2.34920509    2.57367025    2.61810535    2.01806889    2.22233767    2.86062584    2.38805786    2.43872897    2.52255379    3.05405636    2.99856454    2.58960575    2.48755018    2.35647644    2.16541313    2.23778367    1.85494636    2.08443766    2.04825406    2.67112460    2.49110402    2.99912908    2.57798083    2.55075095    2.63165125    2.97860110    2.74710012    2.84791057    3.82869853    2.53826193    2.26480849    1.93955642    2.19152950    2.26158306    2.37311048    2.30138275    2.24132445    2.49634623    2.09324006    2.01629420    2.75687676    2.10354370    2.08011989    2.32355836    2.39682866    2.27296412    2.42320668    1.98395744    2.12711482    1.86025918    2.45973344    2.19371864    2.04957871    3.17517044    2.80756026    3.09510845    2.79448007    3.90025876    2.78054785    2.95406153    3.66580482    3.46753957    4.11337790    4.21918556    4.20390159    3.15988705    4.03227628    3.36102230    5.22925246    5.51484094    4.71646756    5.26730717    5.26702060    4.57862359    3.54623139    3.40925111    3.74164451    3.42314025    5.52250452    3.97381852    2.91311433    3.46570173    2.90278609    3.03823634    3.30252377    4.39448118    3.24424133    5.59693539    3.60288392    4.12049992    3.53433380    4.07979686    3.85838974    4.15623205    4.53881727    4.03929869    4.58658418    4.78772750    5.44198693    4.27613761    4.56525093    3.89289623    4.02356912    4.08634940    4.23395052    5.41490894
A9TA33_PHYPA/48-150     2.44852338    2.34251192    2.70052508    2.40273379    2.29294531    2.10015694    0.00000000    0.69922250    0.62128515    1.39026021    1.32907545    1.50501993    1.91561696    1.60240547    1.45044937    1.47279747    1.81735799    1.51464041    1.66885917    1.75992274    1.42885470    1.70226832    1.76909036    1.03984604    1.08054668    1.29084966    1.55123742    1.69369158    1.80909882    1.55432930    1.85654757    1.83148070    2.08592473    1.94052433    1.90811423    2.43527752    1.60699896    1.75088444    1.50029920    1.75122134    1.55589788    1.45278928    1.54993961    1.59653778    1.80179534    1.57928515    1.39645197    1.91518654    1.58841236    1.67501233    1.53483752    1.62647619    1.76356729    1.65436330    1.75030608    1.83381907    1.71784318    2.27935791    1.78991378    2.39092765    2.42227142    2.86283295    2.75071269    2.80500183    3.80682277    3.86750719    5.14238408    2.98372782    2.92825184    2.63115205    2.98666999    3.54995781    2.75116702    3.15370621    2.91891162    3.35292209    3.77675953    3.58549213    4.64686663    3.53776559    2.88857822    3.46834797    3.24219514    3.65546568    3.23142570    4.18366116    3.70047075    2.75674175    3.59109351    3.20856835    3.30149405    3.17866156    4.16733848    3.31369575    6.70322029    2.75543270    3.19961687    3.18824567    3.70207074    2.79370532    3.66595855    3.12626879    3.56898735    3.93904305    3.38773317    4.17520324    2.98926268    3.48909444    3.77232903    3.37077075    3.60223196    3.08234366    3.27816103
A5AS62_VITVI/47-149     2.90646353    2.66793973    2.86238698    2.59544461    2.59980433    2.34920509    0.69922250    0.00000000    0.26549951    1.71539844    1.70483064    1.55806850    2.07647158    1.88573702    1.26175632    1.45291208    1.70134465    1.48539666    1.58284674    1.88239254    1.13255339    1.48479313    1.65753441    1.29584617    1.31460276    1.50219828    1.73030140    1.64308317    2.06781037    1.67028518    2.05293301    1.98291485    2.39859241    2.27506300    2.35939044    2.98151671    1.78893916    1.77559609    1.73065195    1.96885275    1.74058586    1.74569458    1.36564290    1.45691262    1.97004867    1.71766573    1.65541320    2.19639187    1.68088762    1.99483565    1.85039987    1.87383075    2.07644757    1.92943544    2.25083699    1.86937648    2.18187380    2.02153312    2.15884255    3.09641898    3.24388470    3.17233205    3.29549293    2.85701095    4.08793733    4.26268208    4.06964439    3.13030943    2.98626688    3.10018736    3.56676008    4.31261331    2.84600682    3.68434647    3.49436904    3.44815890    4.07169802    3.80181398    4.00395560    3.95569910    3.91781586    3.55492569    2.83953851    2.85739528    3.52967721    3.60508767    3.22431688    3.20115736    3.97481608    3.31203524    2.94152845    2.81442209    3.84077141    3.00627360    7.53148596    2.82122721    3.17346802    3.00764736    3.16136654    2.81211752    3.01600623    2.79355159    3.14270374    3.62274840    3.50522749    4.29517074    3.18821725    3.46132278    3.82255604    3.50807229    3.79979371    3.77223277    3.79310474
Q2QNQ6_ORYSJ/48-150     2.62922821    2.59450835    2.65228883    2.43418714    2.59297880    2.57367025    0.62128515    0.26549951    0.00000000    1.62956421    1.66668225    1.64052240    2.18987918    2.00011028    1.36383222    1.50839439    1.67707675    1.43470727    1.81435571    1.94079125    1.32599273    1.62654605    1.59172133    1.33846582    1.35392035    1.45682635    1.67945347    1.79574489    1.95761398    1.73281665    2.20189201    2.14805384    2.38773389    2.15417624    2.30023327    2.97003271    1.76349252    1.68519989    1.71531873    1.91003663    1.59965768    1.76028313    1.43772640    1.56475947    1.93922955    1.74137447    1.63124711    2.07725518    1.64667464    2.00632194    1.84455464    1.94705102    2.00368909    2.00273927    2.19265134    1.93610852    2.15872008    2.11904790    1.96393263    3.26071639    3.42359414    3.22260286    3.15434789    2.92458895    4.27731177    4.31693817    4.13417631    2.98399884    2.76123942    3.04720575    3.41379247    3.88665315    3.07227341    3.52408243    3.46157219    3.43207241    3.96407566    3.95271728    3.83985510    3.71603563    3.62252389    3.39314533    2.93203990    2.91564216    3.24223895    3.64500112    3.10065657    2.60685847    3.88285682    3.52244541    3.14752171    2.91298509    3.45493072    2.92148139    6.50243131    2.90505242    3.03325578    2.87821426    3.04008709    2.77561660    2.87718045    2.79672089    3.07658110    3.88075963    4.00841998    3.91753563    3.27186923    3.15669151    3.40715836    3.38522005    3.59318023    3.55333869    3.38516735
F6HWC0_VITVI/108-208     2.97847922    2.97752331    2.59143561    2.67001059    2.88118686    2.61810535    1.39026021    1.71539844    1.62956421    0.00000000    0.63502933    0.79370788    0.95785579    0.84325216    1.58921873    1.47911290    1.89855274    1.67105116    1.82761150    2.02775999    2.34289339    2.14554766    2.22423496    1.79661726    1.41267811    1.78016137    1.68026874    1.78972254    2.76249727    2.56288207    2.60596416    2.79704432    2.65562019    2.43183657    2.38097709    2.71542991    1.96485251    2.31275679    2.07524948    2.12960920    2.23504195    2.61598940    2.12779156    2.17372194    2.67990209    2.08236978    1.93731394    2.58178278    2.16620030    1.99719934    2.56740680    2.73925894    2.38643345    3.02852249    1.92327378    2.20021772    2.46860733    2.62936297    2.41635103    2.48719025    3.39935852    3.04945094    3.23817725    3.06316436    4.68111690    3.81098294    4.97593027    3.50972519    3.79923559    3.83676631    3.75216189    5.11818597    4.34528343    3.94136074    4.25125420    3.83947699    3.89374018    4.04816596    4.77436627    4.00686777    3.77352528    3.22390842    4.12822627    3.78024779    4.10960999    3.96507626    3.31400625    3.55434204    4.28729088    4.39880661    4.38242269    4.01128297    5.07340925    4.71413565    8.37516935    3.58253796    4.01901070    3.78969972    4.43962353    4.47003422    3.79740623    3.96630510    4.53807592    4.95016054    3.49571005    4.82130673    3.85370222    3.83832643    4.67831150    4.10776376    4.74139771    4.28568005    4.48234794
I1LNN8_SOYBN/180-280     2.60296652    3.02784086    1.97524748    2.33568057    2.42452379    2.01806889    1.32907545    1.70483064    1.66668225    0.63502933    0.00000000    0.53640406    0.79305974    0.66151172    1.69917925    1.52577797    1.65888175    1.67830155    1.84084037    1.64333470    1.99340264    2.09325066    2.38633421    1.80899841    1.42112998    1.48614625    1.39568422    1.67087128    2.35449137    2.21062460    2.31348614    2.28009472    2.64496385    2.39541988    2.21134544    2.40981251    1.96400955    2.27511880    1.87234443    2.06387902    2.15226390    2.57145571    2.09018965    2.13864027    2.40104264    2.05040674    1.97642495    2.41341009    1.92009159    2.02807958    2.18712344    2.38005376    2.06428815    2.17130982    2.06366655    2.08389592    2.13227605    2.20822775    2.12998875    2.57358900    4.26610766    2.78817980    2.87820076    2.92771478    5.62057772    3.90929900    5.10315328    4.33487150    4.31076054    5.55942059    4.68416481    5.13910810    4.31305427    3.77647612    3.72494744    3.69541787    4.37956350    4.64815472    4.83136880    4.22364996    3.79764855    3.53665965    4.60917626    4.37255445    4.07245313    4.18549261    3.10061241    3.10401694    4.40991147    5.25756460    5.21391139    4.65395416    5.97860703    4.83773303    8.74617006    4.05036771    4.66912712    4.51843642    5.66096685    4.79205685    4.60979464    4.88772578    5.37246110    4.44292004    4.87918236    5.24686121    3.79844317    5.14724467    5.50656209    4.52161809    4.87263333    4.20729714    4.52614104
B9S750_RICCO/310-413     3.04821691    3.35589684    2.57134155    2.59323873    2.88725173    2.22233767    1.50501993    1.55806850    1.64052240    0.79370788    0.53640406    0.00000000    0.85907925    0.86450006    1.83905069    1.67759069    1.69641205    1.75238839    1.96658814    2.05691707    2.08317029    2.18029418    2.42613649    2.06150756    1.77661697    1.72592025    1.87537483    1.95313436    2.95071195    2.97343193    2.66774208    3.11164778    3.22003377    2.80058206    2.70645738    2.68373432    2.43481370    2.50320610    2.21957979    2.36903878    2.58473368    2.57125031    2.34023800    2.12848252    2.64441155    2.19716286    2.22354913    2.43885204    2.23150417    2.53370059    2.56184805    2.78697145    2.62214602    2.47422854    2.19520023    1.97735651    2.30275708    2.42078600    2.13975016    3.09993448    3.81480982    3.12264456    3.27217939    2.87190489    4.84543482    3.81504334    4.70595706    3.48417584    3.97925132    4.52322614    3.87320548    5.34491037    3.58033564    3.60378499    3.36718467    3.09971712    3.44063485    3.54947137    3.98425433    3.45407158    3.45618084    3.73023597    4.24106654    3.73945113    3.92297548    3.59694124    2.76227472    3.20241963    4.57187936    4.42669829    4.82295510    4.30887917    4.83590357    4.33291713    6.18286736    3.68661226    4.47238454    4.40386326    5.19450401    4.28710056    4.22436932    4.21421625    4.42963992    5.13793219    4.19829689    4.86697694    3.98871229    4.43217740    4.25013260    3.63692376    4.22734009    3.66004600    3.73110669
Q9SKA2_ARATH/199-302     3.35249163    3.55868821    2.84054435    3.57916160    3.22220055    2.86062584    1.91561696    2.07647158    2.18987918    0.95785579    0.79305974    0.85907925    0.00000000    0.25839450    1.86833474    1.69713511    1.61215776    1.79598230    2.35945649    2.28625094    2.30410603    2.78582880    3.32788637    2.28312184    2.08285362    1.96251583    1.84914585    2.49801971    2.92161766    3.28645306    3.33901248    3.01185844    2.98916211    3.24651156    2.94555130    2.81960579    3.14880107    3.21767039    3.09170068    2.36279117    2.86393601    3.04824294    3.24974883    3.19416240    3.10593286    2.70198122    2.94298584    3.23513309    2.81322084    3.66232229    3.43887208    3.57065234    3.31513928    3.59105813    2.97253270    2.96400454    2.84146522    3.24865375    2.64023149    3.72275043    4.11698062    3.84520013    3.18825258    3.25774863    4.95749943    5.25249548    4.63828834    4.35229925    4.78769869    4.89366160    3.92561156    5.84731143    4.89060966    4.97201185    5.96091514    4.84957778    4.43375141    5.09593455    5.41185856    4.92304285    5.89742688    3.87332719    4.97767617    4.87471910    4.63697744    4.45602019    3.08623298    4.19025773    5.24842956    5.52543659    6.76383581    6.55445386    7.31431712    7.29230271    5.75214151    3.67346036    5.24833492    4.57417946    4.90662966    5.16515972    4.81167269    5.62832851    4.94763236    5.50133912    4.96334074    6.52118023    5.80067311    5.01679860    6.29859351    5.36332597    4.75073207    4.79818170    4.54463163
Q9C7H3_ARATH/318-418     3.03521758    2.93333226    2.63102600    3.12018380    2.87307693    2.38805786    1.60240547    1.88573702    2.00011028    0.84325216    0.66151172    0.86450006    0.25839450    0.00000000    1.67060089    1.62817630    1.64126764    1.80071030    2.04229416    2.04605235    1.96018409    2.43648265    2.60108054    1.80220076    1.68793066    1.89984875    1.78823921    1.82891929    2.42366005    2.65409820    2.72743728    2.26945125    2.64090491    2.54335536    2.29717668    2.48163473    2.41467208    2.87745373    2.40652290    1.90161584    2.34871316    2.65798164    2.60170136    2.40466605    2.65794989    2.47566206    2.57849458    3.03256357    2.50208767    3.10746599    2.82269171    2.81778963    2.62525339    2.85033375    2.14077762    2.48377790    2.20093039    2.70165994    2.19371217    3.49997336    3.85669357    3.15447700    2.85745273    2.96656061    4.93205109    5.30836267    4.29693318    4.36301333    4.70709145    4.32066846    3.72357443    5.64428091    4.24769019    5.21718197    5.12907129    4.20596911    4.11854200    4.87120477    5.51283088    4.81978561    4.96175727    3.90743302    4.85447050    4.17761518    4.35288236    4.02276019    2.80947045    3.49322147    4.16346562    4.28682383    5.09715094    4.75107925    5.43702602    5.21947264    6.64965364    3.31665925    4.46267618    3.87171912    4.29451705    4.74879158    4.39845599    4.75436793    4.33859692    4.17770796    3.99396566    5.02441321    4.62151890    4.48161401    4.89683787    4.43307563    4.15687078    4.06897596    3.81396248
D2HGW8_AILME/17-119     2.46351765    2.64344726    2.53894034    2.41968081    2.41888696    2.43872897    1.45044937    1.26175632    1.36383222    1.58921873    1.69917925    1.83905069    1.86833474    1.67060089    0.00000000    0.25468411    1.08889642    0.77433444    1.82097090    1.57686306    1.56435537    1.61711661    1.82382135    1.47084056    1.53736589    1.73810062    1.92743433    1.96317503    2.45256311    2.05802315    2.28552124    2.30473074    1.97646231    2.27271384    2.09432432    2.73423944    2.42863589    2.39846177    2.08690420    2.32759240    2.10415340    2.28800603    2.11726766    2.05472195    2.49761378    2.31249587    2.10628006    2.41684817    2.19375249    2.70567812    2.32130225    2.65801272    2.73663760    2.69326694    2.02017606    2.35987115    2.41987351    2.49116750    2.51527850    3.06059860    3.06247175    2.77889720    2.72696255    2.79210100    4.30960310    4.56285020    4.73334106    3.79030507    3.49172693    2.56337037    3.65829085    4.17066129    3.78359397    4.20230696    3.72183715    4.38619648    4.48716636    3.52351555    3.90255191    4.30902702    4.74169254    3.32063341    2.97543012    3.22533917    3.23542326    3.83709428    3.27571603    2.99223031    3.43647561    3.55049663    3.90580042    3.79778625    4.32418540    3.71292858    5.26771704    3.16780589    2.88682341    2.52810167    2.92978798    2.43712527    2.59609278    2.50398906    2.36670692    4.60037912    2.85029263    3.31303932    3.25674840    3.07513627    3.15406378    3.50078121    3.72213355    3.10690018    3.27103201
TM205_MOUSE/17-119     2.19989729    2.51264194    2.34743509    2.29979694    2.17089032    2.52255379    1.47279747    1.45291208    1.50839439    1.47911290    1.52577797    1.67759069    1.69713511    1.62817630    0.25468411    0.00000000    1.03610768    0.88373924    2.01703117    1.59915962    1.81659107    1.90011052    1.95952474    1.63677260    1.69009968    1.74296942    2.07223131    2.29625643    2.50058469    2.05425489    2.41524899    2.20326986    2.04096739    2.25566278    2.25308343    2.61494167    2.44540208    2.59883854    2.12493270    2.53109609    2.18091251    2.52413953    2.24070874    2.13229553    2.54582676    2.20331260    2.14741214    2.38585462    2.23054204    2.69901163    2.40459714    2.62329912    2.74480335    2.63171412    2.08674877    2.38905069    2.38226756    2.39108230    2.51231451    3.06419269    3.34813725    2.74600317    2.85011821    2.87184391    3.95574667    4.55155284    4.57242264    4.02723891    3.73872009    2.96716864    4.01762984    4.37380701    3.79362710    3.89846116    3.96416274    4.46808507    4.85508104    3.64838924    3.68364483    4.87504870    5.27145877    3.10858466    3.21150884    3.31084354    3.11093546    3.41537004    3.10972895    2.73147371    3.69362256    3.55237356    4.26549094    3.90117326    4.45783779    3.70373947    5.00219922    3.16375111    3.06342750    2.75085595    3.14716485    2.68229976    2.57624563    2.75036683    2.62380506    4.80531233    3.53161417    3.53232544    3.32084677    3.18010202    3.39858334    3.62423665    4.14560397    3.26611679    3.38988340
TM205_DANRE/17-119     3.04080145    3.29287412    2.80780201    2.76613996    2.72224314    3.05405636    1.81735799    1.70134465    1.67707675    1.89855274    1.65888175    1.69641205    1.61215776    1.64126764    1.08889642    1.03610768    0.00000000    0.64214459    2.33702790    2.18703999    1.69976112    2.45921347    2.23224959    1.89937037    2.15128852    2.08690127    2.84810750    2.40311217    2.79585165    2.72037196    2.92122475    3.03127828    1.94245536    2.03176678    2.02732498    2.98433640    3.10912563    3.24668417    2.98069282    3.01323368    2.95725385    2.55344369    3.00330077    2.95140826    3.42990967    3.26972125    2.76236111    3.24986206    3.22897990    3.04655799    2.77670981    3.34335469    3.30542358    3.28875988    2.64961238    2.94869545    2.78141263    3.31219130    3.16443827    4.09015512    3.92393544    3.47018270    3.17882121    3.59356382    5.23982131    5.06005640    4.62862924    4.44361025    3.32403251    3.08570310    3.75961946    5.53017960    3.56869943    3.78191040    3.80775132    4.37576814    3.96166266    3.71712830    3.88412263    3.35086557    4.66927625    3.62705364    4.26746946    3.71703399    3.80610693    4.15908012    3.74589481    3.37091217    3.92202504    4.52836576    5.30047528    5.02670908    5.74248502    4.55512178    4.21605886    4.25092468    3.54965655    3.34265764    3.54153317    2.86370269    2.75426883    2.84414402    2.92052068    4.34555790    4.22113736    4.38913578    4.34758567    4.17129639    4.41851677    4.53385579    4.88133607    4.25269120    4.41779507
TM205_XENTR/17-117     2.72749873    3.04799568    2.47127804    2.62374799    2.76693924    2.99856454    1.51464041    1.48539666    1.43470727    1.67105116    1.67830155    1.75238839    1.79598230    1.80071030    0.77433444    0.88373924    0.64214459    0.00000000    1.82512914    1.73584386    1.60046238    2.06292398    1.96218550    1.57189063    1.67866765    1.83447303    2.29001752    2.06427254    2.53715080    2.17924806    2.28690760    2.54090107    2.33169331    2.26497258    2.03265838    3.18799387    2.33917265    2.51387280    2.32043937    2.19643249    2.32836407    2.02292518    2.20128767    2.16524854    2.56093104    2.40501938    2.29200986    2.75348560    2.29175457    2.65521519    2.69012767    2.99769728    3.46453476    3.45615770    2.64052606    2.69495029    2.65056747    2.87108411    2.77948827    3.53323826    3.50608732    3.34791019    2.79561805    3.17955234    4.25651274    4.17180290    4.18033565    4.73521965    3.60370997    3.01552529    3.82738822    4.35342472    3.26891300    3.48413828    3.30387716    3.81589741    3.41326125    3.40063323    3.58537865    3.18082378    4.25794255    3.24562812    3.28346528    3.00720837    3.40498108    4.13851694    3.79415425    2.72683978    3.67028727    3.86768506    3.95322252    3.93512017    4.69006317    4.04397164    6.08657942    3.40413567    3.34259975    3.13894069    3.81856439    2.90215335    2.81176742    2.87602834    2.88167426    4.15571735    3.35830298    3.55445902    3.22463611    3.63802545    3.40638241    3.84533769    4.21556152    3.48335943    3.17321155
A7RQ53_NEMVE/45-165     3.00896719    3.33474982    2.95592990    2.83383057    3.08664358    2.58960575    1.66885917    1.58284674    1.81435571    1.82761150    1.84084037    1.96658814    2.35945649    2.04229416    1.82097090    2.01703117    2.33702790    1.82512914    0.00000000    0.67839964    1.39548422    1.74753782    1.91683419    1.47279494    1.44609144    2.40626333    2.03284959    2.18580513    2.92057022    2.63497601    2.76322246    2.84821299    2.86660206    2.49786355    2.63429439    2.85752092    2.44867543    2.09565568    1.89612280    2.24853389    2.06805810    2.42884614    2.16624379    1.78844288    2.28042005    1.88166621    1.90350893    2.42306456    1.93683409    2.39113947    3.14548632    2.83327677    2.94008239    3.07325453    2.99920304    2.62151620    2.77097862    2.93664110    2.86092341    2.53009742    2.84913289    3.05048756    3.50648565    2.84984240    3.25651074    5.04276039    4.68296271    4.36460904    4.44738580    4.60729555    4.83806653    4.16934642    4.48194609    4.69953841    5.76899036    5.33956924    3.60130195    4.09270400    4.86911393    5.75071451    5.50786390    4.04909869    3.74914917    3.52680791    6.06214514    4.68942889    3.73103988    2.98474125    3.28622120    3.17982066    3.23199491    3.02357626    3.48830140    3.26297043    4.83993428    3.32724232    3.91199846    3.63975547    3.86939732    3.52556605    3.89826674    3.52292029    3.83412346    4.25519974    3.56545119    3.44674158    3.58357773    3.66967127    3.64843461    3.15352922    3.25725603    2.82747583    3.17563766
A7SLY7_NEMVE/45-149     2.78998163    3.00172901    2.52701663    2.83577338    2.81267084    2.48755018    1.75992274    1.88239254    1.94079125    2.02775999    1.64333470    2.05691707    2.28625094    2.04605235    1.57686306    1.59915962    2.18703999    1.73584386    0.67839964    0.00000000    1.46204782    1.76302603    2.17078876    1.48950843    1.38468833    2.24145115    1.94314826    2.40897185    2.95027448    2.39001132    2.93314613    2.96685743    2.77116146    2.47284482    2.59146891    2.80660266    2.59898208    2.11550138    2.06347516    2.45210491    2.35748032    2.81971113    2.27101380    1.94014737    2.42320148    2.05454209    2.18437442    2.27769020    2.04598084    2.48346791    2.96780366    2.90762303    2.84742336    3.05078682    2.72348757    2.57694196    2.49658079    2.52881875    2.72108170    2.65584508    3.21853713    2.94480992    3.23450247    2.79881634    3.25845977    3.85705177    5.08414901    4.25795032    4.63151891    4.08248265    4.55196830    3.62155104    3.48965986    4.11085777    4.52462290    4.16455386    3.74160631    3.53455737    3.99622456    4.11186355    5.25854869    3.72694137    3.80944525    3.85682743    5.55294196    4.79222928    3.12339792    2.83534506    3.44969603    3.02660283    3.08225891    3.10054091    3.58435983    3.43998908    4.50493962    3.28882000    3.49417502    3.35313836    3.68190945    3.32538036    3.86398792    3.51013115    3.14730123    3.88683922    3.26234706    2.99207446    3.28457307    3.64146422    3.63670142    3.69572294    3.57816755    3.03824339    3.36135332
C3XSM4_BRAFL/24-126     2.65124669    2.14222235    2.28274951    2.03809777    2.35588137    2.35647644    1.42885470    1.13255339    1.32599273    2.34289339    1.99340264    2.08317029    2.30410603    1.96018409    1.56435537    1.81659107    1.69976112    1.60046238    1.39548422    1.46204782    0.00000000    1.24805323    1.29119377    1.34450649    1.36805313    1.96949415    2.12542131    1.79963443    2.22972045    1.86345492    2.16096401    2.09064982    2.25530061    2.65441827    2.52911036    2.73320193    1.80142574    1.96430656    1.58092176    1.57507410    1.66393574    2.14398807    1.58831297    1.48482456    1.91336928    1.87585446    1.74905112    2.07839939    1.73917475    1.95925207    2.26032840    2.03298996    2.79417284    2.36591761    2.41983279    2.48960486    2.33264058    2.14515042    2.39793113    2.40747196    2.59518529    2.78361816    2.63387956    2.52473936    3.32312220    3.61307867    3.70090125    3.82289434    3.23212739    3.49159644    3.73608557    4.41174808    2.74785280    3.45198512    4.21194438    3.83211791    4.49101461    3.49202784    3.77195575    4.15651839    3.48462609    3.96956990    2.57051462    2.62706215    4.30884199    3.64256958    2.78707133    2.85713856    3.81743743    3.78863364    3.44316183    3.34820780    3.22011889    3.16767935    6.01558514    3.04391083    3.10881594    3.10244742    3.11967279    3.26032332    3.20683984    2.94225249    3.14458909    3.53129230    3.25362634    3.55097824    2.85006678    3.41970452    3.32461025    3.05261485    3.07301244    2.99151434    3.34735328
Q170Y9_AEDAE/157-269     2.81922729    3.48784932    3.09354982    2.68502699    2.97722166    2.16541313    1.70226832    1.48479313    1.62654605    2.14554766    2.09325066    2.18029418    2.78582880    2.43648265    1.61711661    1.90011052    2.45921347    2.06292398    1.74753782    1.76302603    1.24805323    0.00000000    0.60734157    1.48659440    1.35772526    1.97461158    2.40418671    2.46765877    2.37261158    2.26744499    2.39245390    2.46679296    2.28223522    2.60401499    2.60122807    3.20575527    2.02741982    1.99238369    2.36525103    2.55894424    2.01733676    2.39359776    2.04014159    1.96243487    2.18045560    1.76575978    1.71234155    2.38083787    1.88920530    2.08336697    2.62852737    2.79433074    2.89460388    2.80719986    2.83394960    2.52085997    2.71464648    2.63841272    2.22010290    2.27890124    2.55614879    3.01031116    2.83297350    2.70417955    2.94466414    4.26856731    4.60292451    3.09599514    3.57415496    3.21341438    3.80525411    4.04527226    4.13448796    4.61486406    4.57610151    4.21163197    3.35713799    3.70980275    3.77464465    4.69551651    4.56322949    4.29267657    3.85972250    3.67128962    4.50543402    4.66637996    3.60969712    3.53223530    4.40951550    4.11897407    4.60015046    4.24440845    4.86766929    4.36095506    5.98411281    3.50731777    3.28004609    3.49412978    4.06038260    3.18162823    3.90722162    4.05297585    3.92468696    4.78814385    4.14354292    3.85819829    3.44290810    3.68230931    3.93029941    3.31527228    4.05979306    3.85479473    4.35172344
F0JAF4_DROME/45-143     3.56294097    3.66216270    3.41297148    3.15518994    3.58692332    2.23778367    1.76909036    1.65753441    1.59172133    2.22423496    2.38633421    2.42613649    3.32788637    2.60108054    1.82382135    1.95952474    2.23224959    1.96218550    1.91683419    2.17078876    1.29119377    0.60734157    0.00000000    1.46787504    1.57573735    2.13821639    2.54177154    2.06802337    2.64008529    2.26708768    2.96338080    2.55829362    2.38172964    2.80020838    2.67711491    3.74478877    1.97348614    1.90002241    2.20330185    2.50374142    2.09843230    2.19038072    2.13169445    2.17042265    2.52847271    2.06207595    1.92562144    2.77672399    2.31571585    2.32273005    2.31411335    2.38300515    3.10408584    2.30342371    2.40521906    2.68220630    2.40491199    2.60253542    2.38953825    2.41446009    2.95036228    3.21777239    3.00234955    2.81340135    3.02323925    4.40461409    4.28838311    3.33629733    3.73395510    2.91403416    3.57908258    3.63283836    3.62907595    3.75248052    4.27420831    3.99528152    3.77663466    3.83731418    4.24224978    4.85830869    4.02763136    4.24274487    4.52363856    4.13157351    4.33698615    4.82532169    2.91865781    3.54560164    4.23730363    3.92101310    4.49693971    3.93008566    4.86574327    4.62721657    7.19275136    3.88644213    3.44513657    3.39567748    3.99886143    3.28391080    3.93433188    3.77930231    4.18604963    3.83170777    3.99929185    3.93193109    3.49325871    3.99341815    3.97750626    3.54086947    3.84133753    3.68363290    4.05476460
B7GAD5_PHATC/102-198     1.86912328    1.93802450    2.23540210    1.93950471    1.74110241    1.85494636    1.03984604    1.29584617    1.33846582    1.79661726    1.80899841    2.06150756    2.28312184    1.80220076    1.47084056    1.63677260    1.89937037    1.57189063    1.47279494    1.48950843    1.34450649    1.48659440    1.46787504    0.00000000    0.61502859    1.74720881    1.54804553    1.73266839    1.94474737    1.68883768    1.83179521    1.80844856    1.78388780    1.83826445    1.69561519    2.42963475    1.46546354    1.64934350    1.50313654    1.85627589    1.73046689    1.61513129    1.80404227    1.48254138    1.83498148    1.43438824    1.42412366    1.79547578    1.51408399    1.50544893    1.71547400    1.80863424    2.25029135    1.93867009    1.96207065    1.95030470    1.77946557    1.90422102    1.72108244    2.41828389    2.66290429    2.70426384    2.48410103    2.41027142    3.01135166    3.02823747    3.56455602    3.64619568    3.58541487    2.92304518    3.44327737    4.26227103    4.48348178    4.24410460    4.36332243    3.87102363    4.62207378    4.47478356    5.18461650    5.31598768    4.03717679    3.39363613    2.84924738    2.90712178    3.48423173    3.46328522    2.85788657    2.69279542    3.23348212    2.36726838    2.37502302    2.48205166    3.14413500    3.29612176    3.87341684    2.45338591    2.58060600    2.56343134    2.74494308    2.41888231    2.86094428    2.73872633    2.59007443    3.74356421    2.68056070    3.08338206    3.03045502    3.18991246    3.12377350    2.67726297    2.92803430    2.81455951    2.89634143
