127
A4IE28_LEIIN/38-88     0.00000000    2.72343206    2.84802935    2.94032362    2.11726957    3.28689260    3.29611844    2.50998228    3.08923497    3.12961008    3.90443552    5.16351419    3.92237369    2.98340559    2.92447565    3.52834574    3.44333263    4.27204864    3.44440199    3.00924690    3.86705962    3.05167014    4.21240267    3.34679904    2.96006471    3.71343276    4.84606061    3.74578340    4.31427654    5.15200629    3.59404925    5.35063322    5.47421110    4.06077886    4.33529001    4.78018856    4.95365451    5.49898992    4.06118101    3.91085252    3.99862088    3.40284936    3.85863933    2.99118480    3.08062869    3.64705094    3.37450201    6.02713273    2.80539635    4.69937086    3.45248193    4.50821469    5.40182252    4.83534438    4.04112109    4.38997891    3.67964138    3.24482804    4.59217392    4.21071477    4.16718157    2.28759031    2.37850736    2.36109337    2.60512857    4.57015558    4.67306670    2.58635783    4.29357829    2.96796041    3.36236992    3.14467864    3.85088423    4.15507985    3.57293189    4.02692475    4.19693373    3.73607991    3.79276733    3.42494332    4.97468435    4.36175369    3.20447840    3.83828708    3.21015313    3.42388145    3.28608494    2.94295147    3.39941761    3.31826105    2.88427229    3.97157734    3.74576856    4.96215217    3.85553961    3.29073798    3.53036828    4.23072895    4.48624451    3.19905798    2.81344065    3.03853295    5.05207965    6.07948071   12.73450931    4.77154814    8.44314112    3.89358708    3.61218532    3.69212659    3.87001707    3.14689883    2.61863146    2.45612075    1.64251860    2.63056353    3.19764280    2.37746054    3.59264281    2.32947199    2.74753371    2.45683705    2.92521495    2.31144580    3.01294466    2.28243670    2.14639162
Q3ID06_PSET1/81-133     2.72343206    0.00000000    2.43309639    2.72598813    2.90493728    3.57809546    4.32271202    3.93855495    8.47970465    3.33721560    5.59647913    6.19838722    4.00971880    3.98437306    2.95702714    4.35891929    4.84639785    3.93210031    4.13868357    3.31131386    4.22311322    4.17097667    5.09484528   20.00000000    4.42996150    3.70049680    5.71319642    4.75995079    4.36873016    5.64753842    3.74915700    5.94197945    4.95956990    4.92367164    5.44809027    4.70374720    4.25724548    5.67507689    4.33231167    4.64327806    3.84497017    3.50846786    4.71989056    5.27080124    4.96508982    4.82304282    4.65828446    6.73209681    3.12639717    5.45147438    4.80574673    5.51380869    6.01954853   20.00000000    4.33711103   20.00000000    3.76816829    2.61673575    3.90347468    5.17496487    5.97361125    3.93964251    3.98001545    4.36637580    3.84911082    4.14149100    4.85564009    3.17761509    8.31194076    4.01889461    3.16384661    3.02664970    4.17943364    7.58677059    2.86343679    3.41291567    5.05037118    3.64583874    6.13336437    3.85046492    4.43361399    4.49045921    3.45101552    4.13276236    4.81815101    2.84197255    2.43769490    2.52878666    2.85638042    4.36440306    3.37229187    6.67569515    6.62799031   20.00000000    7.63491997    3.93934109    5.82404455    6.11906131    4.15999487    4.51334931    3.45492267    3.37273290    6.95429135    5.47186492    4.87995427    7.05256019    7.30553566    4.76143608    5.24358209    4.33290295    6.49170986    3.34426733    3.36803325    3.99694908    2.50232677    3.11155672    2.54488508    2.83287613    3.23897481    2.36710868    3.16526579    3.10181378    3.02200215    4.37088291    3.80690676    3.15322290    3.09115633
C3ZRB0_BRAFL/310-360     2.84802935    2.43309639    0.00000000    3.20199055    3.27445964    2.82958944    4.48480847    2.83955312    3.67268142    3.42624871    2.07277249    5.10612252    4.08735752    3.75892661    3.41343390    3.37549250    3.90202619    3.98883480    3.77522281    3.27442063    2.65230882    2.93761502    5.57195525    5.14999789    2.94334999    3.52289140    2.55282739    3.06664889    3.20363318    2.79956735    2.95628355    4.07840627    3.26471278    3.28100729    3.05666516    3.86367868    2.88079396    3.68743173    2.85237858    2.96593706    3.34467460    3.24249105    3.93325321    3.25824016    3.41178691    3.69108380    3.28244853    5.99680325    2.86621475    3.87841938    5.29461513    3.56318963    4.16823132    3.78776116    4.51901924    7.66697225    4.84593396    4.57693154    6.41918679    3.38114823    4.13225741    3.76296145    3.34825237    3.72583704    3.23884133    3.93078810    4.70823612    3.60653334    4.95726106    4.05553383    3.65420114    3.74415608    4.30806261    4.33202739    6.04357442    4.11260406    6.02805309    3.61868454    4.81378659    3.56399391    3.60162800    5.04234024    3.32069805    4.38836311    3.11842352    2.69591012    3.24107706    3.64273342    3.40628008    4.58010337    5.14336447    3.86817587    2.68319541    4.06868738    3.32695119    3.06184830    4.10595085    3.46132605    4.03566352    4.11377477    3.84435532    4.29636651    4.05405759    8.03887375    3.57283073    4.43676443    5.11596370    4.18158594    6.76962522    3.61597541    4.79215237    3.07668209    3.08196207    3.44019550    2.75279211    3.03937001    4.24808838    3.95045739    4.46385207    3.39763236    3.95120184    3.97514572    3.94515650    3.50507901    3.76588758    3.32549421    3.85972538
KBTB4_PONAB/317-368     2.94032362    2.72598813    3.20199055    0.00000000    2.61465485    2.39549710    4.14499782    2.91254543    3.86790234    2.49267053    2.83202123    5.44718227    2.84090843    2.35905118    3.84038701    2.72004557    3.26610607    3.53533164    2.91573924    3.01748065    3.57794893    2.87555004    2.96536002    3.73198288    3.15335380    3.28787614    3.95959907    3.57662267    2.89277879    3.46008186    3.58896585    4.16392088    3.95920934    3.57979510    3.35813725    3.60084161    3.22880406    4.34796056    4.05253378    3.51624160    3.08437032    2.68911759    2.48518816    3.31073383    3.02534070    3.28066553    2.87066632    3.54788384    3.38946321    2.84805746    2.71963178    2.95942508    2.78557472    3.69317242    2.72114672    3.74706394    5.14626486    4.00945751    4.42015723    3.42496343    2.85066355    3.30424535    2.93094245    3.57209913    3.33464541    4.18768277    3.00115414    3.46496285    5.60089564    3.54429979    3.67547688    4.10444380    4.51216917    3.59491727    3.96101723    3.11409879    3.72756825    3.18324078    3.78879662    3.52405544    3.64263503    4.04461415    2.85452076    3.75316220    4.00866162    3.79725594    2.44320581    3.41140064    2.45766527    3.16395360    3.19652603    4.04071521    4.41168429    5.72357878    4.00625751    3.49089585    5.41611017    5.89013021    4.92491536    4.67742943    3.04997851    3.39988942    5.68109353    7.05762967    4.51657123    6.34659106    8.17059631    3.96486783    6.27735640    3.24426044    4.77738208    2.99698589    2.60477243    3.08410004    2.92742828    2.75122200    3.67115690    3.72616981    3.80059944    2.77443736    3.98736278    3.30150778    3.54890120    2.24337629    4.06771030    4.19898930    3.83123342
Q4DH85_TRYCC/198-249     2.11726957    2.90493728    3.27445964    2.61465485    0.00000000    2.59550632    3.39889341    3.06730508    4.03419970    2.73252811    4.33380238    3.72798045    3.47602101    3.36262808    2.59905269    3.23703283    3.05124014    3.74126363    3.25228242    2.63930205    2.84136911    1.91429587    3.05667002    2.49458071    2.73839609    2.17063209    2.79191023    2.63061161    2.27596369    2.95964267    2.57020504    2.81698444    2.92479315    2.59949753    3.38540616    3.04317658    3.08475406    3.44000914    2.78803382    2.46152851    2.25867346    2.68982429    2.07785483    2.54685799    2.66465743    2.89649170    2.67088990    3.84228775    2.26682036    2.90179590    2.33308462    3.32193706    3.08115555    3.11811300    2.89872138    3.83961453    3.03439785    2.96352221    3.79753920    3.68058917    3.58210878    2.91975069    2.68390472    2.48895927    3.49217132    3.72030844    3.20126736    3.58062563    5.88469160    3.34151599    3.52766174    3.14404652    3.11737627    4.31625182    2.44594771    4.44084131    4.29127531    3.61929302    3.73481573    3.75282641    4.44931762    5.12149380    3.37369891    3.19998287    3.05749975    2.46876549    2.17390871    2.56861215    2.25218596    3.01082405    2.42159761    3.75741619    4.40017039    6.48956222    3.33261896    3.05921050    2.86287525    4.02377849    5.02562910    4.20394924    3.66493042    3.40151484    4.26059023    4.89088530    5.00679395    4.55785169   13.80570862    3.09296311    3.43842049    3.57094171    3.23958438    3.29880928    2.67377956    2.69670883    2.43195921    3.05910380    2.34656143    2.19750561    3.33098162    2.70311757    3.03388572    2.87638939    2.33983416    2.05139860    2.86504308    2.37067167    2.48732312
TYW4_CANGA/423-474     3.28689260    3.57809546    2.82958944    2.39549710    2.59550632    0.00000000    2.13424926    2.15528844    3.32953870    2.73209132    3.14796748    3.98475887    3.25979716    3.18496531    3.65374876    3.35248330    3.31715500    3.30052368    2.64086593    2.61324996    3.56910048    2.69655235    5.86810723    4.96911040    3.95387122    2.96262171    3.31254834    3.20697066    2.42503548    2.92097213    3.16424111    5.09287680    4.11316476    3.63777302    3.83087360    4.59695803    3.79492046    5.15226703    4.11111758    3.31027576    2.92809947    2.85602433    3.00588688    4.03536943    2.94345863    3.84642503    2.83320115    5.05108730    3.34438806    2.81469562    3.74483985    4.61025927    3.11769612    5.00320954    3.71037475    5.23014059    3.66585964    2.99539683    4.47743486    3.47113152    4.08954328    3.23688270    3.21495460    3.25488753    3.70568609    2.73673535    4.17053069    2.56660785    3.70902149    2.47064132    3.03145308    3.98089455    3.80575940    3.97449950    2.30046038    3.14399195    3.31004677    2.90365871    3.55754111    2.83281143    4.04775167    3.76273395    3.17114061    2.61361080    3.40447607    2.79422337    3.07228109    2.84313998    2.76721255    2.67569114    2.93508447    3.52864160    3.38101841    4.69343452    2.89238586    2.27826768    4.45000329    3.95183034    4.21586488    3.33125411    2.99753164    2.95400335    3.56359395    4.90590911    3.03437683    3.72703159    5.13799032    3.56937105    3.50454301    1.97555442    2.88065762    2.85472726    2.74349564    2.47580980    2.60150712    2.57918639    3.35497596    3.23566783    2.77149117    2.55377427    2.89855844    2.61745419    2.77408756    2.29771391    2.95827750    3.26027144    3.22582392
A8X4D1_CAEBR/252-305     3.29611844    4.32271202    4.48480847    4.14499782    3.39889341    2.13424926    0.00000000    3.03988340    5.70638315    2.89805562    5.02696707    4.75116792    4.14729028    3.83840144    4.64360519    3.38878732    3.44605372    4.39119554    3.06382417    3.65831437    4.34009240    4.97015257    8.20677396    4.35572884    5.56196868    4.29649128    5.68125577    4.70576740    4.77374344    4.46702760    4.20142829    4.63105250    4.82255582    4.53417148    4.85007203    3.77192332    4.56255628    5.54661419    4.27662948    4.02224706    4.98637195    3.93976222    4.54277800    4.83684337    3.43901265    4.39319916    3.99996154    6.31409158    4.18262916    3.85632577    5.26586962    6.10079682    4.33248631    4.98187333    3.62801879    5.32291022    7.04341836    3.84810057    6.55693525    9.13644321    4.63768006    3.03658526    2.98752466    2.83837802    2.70809970    3.06077027    3.96023878    2.78292268    5.29425676    2.72819289    2.82337307    4.12855040    3.44266362    4.50663005    2.81539563    3.56993927    3.86148575    3.55345536    4.14160174    4.42070801    3.91884394    4.72887868    3.11085127    4.79625628    5.59913673    2.90374893    3.72844244    3.18329839    4.77777886    2.97086376    3.28858905    3.23011945    4.47698793    5.04487390    3.23380096    2.96594051    3.46104007    3.51876465    4.53477266    4.24294643    3.42899809    2.98075044    3.84589122    4.06253464    5.10474018    4.95833997    5.19277321    4.35216982    3.51393342    3.50207119    3.18536015    3.63388883    3.91732415    3.73209424    4.59600905    4.05974904    2.59364752    3.38936621    3.60442985    4.06608912    3.76094967    4.11259401    4.19496821    3.19597144    4.00027684    3.33813243    3.84480220
D2PRS7_KRIFD/249-303     2.50998228    3.93855495    2.83955312    2.91254543    3.06730508    2.15528844    3.03988340    0.00000000    3.47427161    2.28372165    3.08349398    3.48295484    3.42761548    4.33018726    3.57287876    3.30018390    2.67890347    3.14983650    3.05657002    3.93111889    2.94014415    3.73921976    7.31333168    4.54976097    4.56267883    3.34344439    5.02487132    4.36485524    3.81705589    4.09638150    4.25379353    5.44726947    5.57582081    3.88195169    4.43787393    4.68901886    4.50863851    5.51333059    4.36756006    4.02278674    4.37469358    3.33325661    3.92999039    4.10347805    4.10652680    4.21803163    3.70688504    5.85841999    3.74103392    3.67769976    4.61753903    5.06759042    5.03324474    5.47697273    3.89708549    4.43562263    5.77047115    5.01918956    4.31220915    5.39132609    4.29491844    3.36210625    3.17608422    2.94314820    3.34241139    3.16146633    4.06324964    2.21034985    3.62884119    2.12146097    2.74634441    3.49561918    4.33609617    4.07675452    2.68068268    4.04042542    4.77351528    2.71332272    3.79774427    2.49298501    3.30730968    3.26915365    2.79664536    3.68916400    2.52926405    3.57314590    3.24871405    3.54458970    2.92902201    2.64017304    4.00399193    3.51431099    2.98706428    4.55762756    2.89016139    2.37691311    2.93729882    3.58512620    3.99948947    2.92326952    3.10299278    3.52692065    2.98651856    4.03588948    4.91758888    3.52659008    4.13924187    3.81413498    3.61566510    4.51559122    3.81346229    3.09300102    2.66368963    2.69757115    2.65693024    2.92058463    3.83802949    3.61219122    3.82287894    3.51314895    4.12212728    4.04418521    3.82017403    4.25734956    3.15721692    3.06949887    3.61494572
D3BQ54_POLPP/111-156     3.08923497    8.47970465    3.67268142    3.86790234    4.03419970    3.32953870    5.70638315    3.47427161    0.00000000    3.24271830    3.99514108    4.55064422    3.34992429    4.61995235    4.45454683    4.16087820   20.00000000    4.20084651    5.42252170    4.65181456    3.70262372    3.58412333    3.64430850    3.70067165    3.23696644    6.26905064    4.76323027    4.69770701    3.99509319    5.45270158    5.59535900    6.85570768    7.24525639    6.42019316    4.91053459    7.39839133    5.89508737    5.33050605    5.83448743    5.68310793    5.36981041    5.13234907    5.47329923    6.24590101    4.45741822    5.40390774    5.22222330    5.06734404    4.56337321    4.20150977    8.50365071    3.73262090    3.55765388    4.59364791    4.99691468    4.15379650    5.84179069    3.93822686    4.04094590    4.29327417    3.91419576    5.21232239    5.80221927    4.81828580    4.44606750    5.15916366    4.75388582    5.44645498    6.40938366    3.82638000    5.93121218    6.84531863    5.46631104    3.64763376    7.03633373    4.75237888   20.00000000    3.85289313    3.02292162    3.52254115    3.60140478    4.20719973    3.15282757    3.84552981    5.58144368    3.79917453    4.55818032    3.46901040    4.69962624    3.94806640    3.57376356    3.91473986    4.29474272    4.40122388    2.87430011    4.02556023    5.21409306    3.69929944    4.76526723    4.61137767    3.30318635    3.75788722    4.04033362   20.00000000    4.41089587    3.87819211    3.17029345    4.63946580    6.24730660    3.76350121    4.02421434    3.23817956    2.95504060    2.67799429    2.59038201    3.27903161    3.35415046    2.15677579    3.48767353    3.02983680    2.90315120    3.26468810    2.59618243    2.65594362    3.38008923    4.67201233    4.82392097
C3YCU0_BRAFL/433-483     3.12961008    3.33721560    3.42624871    2.49267053    2.73252811    2.73209132    2.89805562    2.28372165    3.24271830    0.00000000    3.29749849    2.51082278    3.22319248    4.12250706    4.01453011    4.47617404    3.35040177    3.48633365    3.93013341    3.44575259    3.17170005    2.87276435    4.12024210    4.78670774    3.51128751    3.35619199    3.37719022    3.33143882    3.35623887    3.66242283    4.18387055    4.28240258    3.81288417    3.54229590    3.12366163    3.01010125    3.51695658    4.09643412    3.29545112    3.34164069    3.35691853    3.22460731    3.31079574    3.75531779    3.98137936    3.57031386    3.54936632    4.62786820    3.08435763    3.60723324    3.18804916    3.58420481    5.00152235    4.73332582    4.36611495    5.38838536    6.53280192    4.16441027    3.72607357    3.26395162    3.28005946    3.35140591    3.57934121    3.57542639    2.49037637    2.96471234    4.35043269    3.83377568    4.75011504    3.42589063    3.19349562    3.45296547    5.17799932    3.10446147    4.83533280    4.15849210    4.43496352    3.67376381    3.60005323    2.79371678    4.29999489    4.34453930    3.05566936    3.83436158    4.72672602    3.58653982    2.93748572    2.93106559    2.88236629    3.11052958    3.22165113    4.04045908    3.84957859    4.81609193    3.23008682    2.59268568    2.61677540    2.83070766    2.70583230    2.84527906    2.15042969    2.09269993    2.45226492    4.16252384    3.14757012    4.21746961    4.58998356    2.83692444    3.46286449    3.44108387    3.42195389    3.22552594    3.35116596    2.88737087    2.69205865    3.94871127    3.58658121    2.94282385    2.25031561    2.34847660    3.06804322    3.18827870    2.94746056    3.22630273    2.74317571    3.28541862    3.62584683
C3ZP21_BRAFL/311-362     3.90443552    5.59647913    2.07277249    2.83202123    4.33380238    3.14796748    5.02696707    3.08349398    3.99514108    3.29749849    0.00000000    2.63284676    2.87347766    3.51652538    2.42007115    3.87577824    3.31354942    2.96971732    3.89526719    3.40733259    2.74382681    2.73679977    5.39263658    4.33839479    2.99086765    2.70792525    2.79981817    2.95251695    2.77177055    3.42417456    3.72228246    5.09500571    3.84790191    3.40284449    3.13597617    3.65409420    3.45364465    5.04339895    3.52106361    3.39629029    3.24008879    3.23587956    3.13376725    3.39507866    3.90127540    3.85359909    3.05912132    3.43021393    2.69875103    1.84000961    3.42203590    3.55729706    4.00234639    4.50279157    3.48990759    3.63275538    2.95178778    3.73978938    4.36220570    2.94579407    3.77848754    4.62962650    4.42706794    3.83451200    3.67831336    3.41423795    3.97967149    3.49531669    4.25762114    3.73881449    4.24096257    4.36397824    4.13634001    3.26173673    5.60146590    4.55759616    5.73125744    2.76032650    3.37444757    3.37316315    3.12800915    4.80972723    4.07912376    3.83141244    4.19587817    5.52199078    4.16917615    5.81332575    3.39999985    3.53223564    4.50931703    6.05258552    4.87265399    5.77367886    5.47767592    5.65380842    4.48056652    3.57249292    4.81824900    6.14057260    5.70204998    6.26698158    9.95699062   20.00000000    7.54020888    7.26410321    9.29934403    3.90351926   11.82867134    6.30239125    5.72136560    5.90876143    4.43377264    3.98674902    3.74832817    3.62452278    6.10015387    5.06889923    5.45652221    4.83870543    4.48990223    4.11741323    4.85559469    3.76883648    4.95007603    3.87153809    4.01802732
C3YNC6_BRAFL/1169-1217     5.16351419    6.19838722    5.10612252    5.44718227    3.72798045    3.98475887    4.75116792    3.48295484    4.55064422    2.51082278    2.63284676    0.00000000    2.33605296    5.69012965    6.04502858    3.11996492    4.73176475    4.88057877    5.11298850    5.42047914    3.55461358    4.64758834    5.68479833    3.74474399    4.46384861    4.51918042    4.42641735    4.31052254    4.98017400    5.71448328    5.22907778    7.65016488    5.99360416    4.50633031    3.75139529    4.11341537    4.95946602    6.81881028    4.49887516    4.85090044    5.31416643    5.64541199    5.03086050    5.40562305    4.87078695    5.09222033    4.53354150    5.70265478    4.90710555    3.84385001    5.32155229    4.61094718    5.52306645    6.88126888    4.34610527    7.84791222    5.83419053    4.56975769    5.47611910    4.26450799    5.45171785    7.30026745    7.64860788    5.00369178    4.10298977    4.26311704    3.98009676    3.87379610    5.63213587    5.48941002    6.05881455    4.40064538    4.73671900    3.64377642    4.52652039    8.94755769    9.47081294    3.92940790    4.67438605    4.40403889    4.23343621    4.36195508    4.61756469    4.84905730    5.02027519    3.31209276    3.79150679    3.46671354    3.96504108    3.41241420    3.65271554    5.38832538    6.03520347    6.36509239    5.52184516    6.01104118    3.53430480    4.19226923    2.75269162    4.62259904    2.93657412    3.27882473    3.26089898    5.84271954    9.36247142    4.08777775    6.82319592    6.38530057    4.60294421    5.98589563    6.95056094    6.48117800    7.03406807    4.51212931    5.88610905    5.91870980    6.30545955    6.43841184    5.33353517    5.06602947    4.78001597    5.66518289    4.31995162    4.96114892    4.64034700    5.38704212    7.77088119
C3ZFT7_BRAFL/2137-2186     3.92237369    4.00971880    4.08735752    2.84090843    3.47602101    3.25979716    4.14729028    3.42761548    3.34992429    3.22319248    2.87347766    2.33605296    0.00000000    4.72627263    5.58255960    4.42167523    4.56236135    3.65039471    4.70292460    4.19398287    3.69484852    3.11051673    3.12289068    4.09328956    3.83809579    3.78713843    3.42722359    2.99620735    3.04051896    3.60720961    3.26032735    5.18307506    3.85181900    4.46524136    3.52947334    3.31161149    3.53971217    4.33665431    3.57064341    4.06196412    3.57453413    2.74394717    3.02522084    3.82705802    3.55388123    3.90973222    3.62786113    4.84777501    3.21815167    2.66133684    3.84171445    3.21647270    3.27344198    4.24949565    3.64896524    4.28811599    7.75954577    4.01256449    3.88818097    4.29268038    2.83599642    4.83529551    4.31988164    3.96279269    4.11087111    4.14587949    4.59688907    4.29767200    6.31776702    4.24991287    4.67431937    4.41432881    4.71468697    4.18422407    3.73768328    5.85784425    5.99084544    3.11591367    4.39048871    3.73277762    3.89998187    4.14276875    3.72200083    4.40067746    4.27266714    3.69440709    3.68823461    3.51861312    3.98984815    4.77663611    3.22984863    5.08974998    5.72248342   20.00000000    4.26493973    4.08256593    3.86430250    3.90043900    5.10410067    3.86884886    4.35553931    4.63765151    5.29532503    6.69028468    4.91080419    3.49851519    5.16318675    6.36348763   10.39047715    6.19680599    6.24609358    4.21593800    3.76699825    3.49864673    3.52418107    3.53984584    4.33059241    6.15398711    4.65570405    3.85301797    4.61566673    5.12643767    3.82445586    3.58162260    4.22653802    3.50417092    4.39240117
Q6CK96_KLULA/132-189     2.98340559    3.98437306    3.75892661    2.35905118    3.36262808    3.18496531    3.83840144    4.33018726    4.61995235    4.12250706    3.51652538    5.69012965    4.72627263    0.00000000    2.41029370    2.66246836    3.62734769    3.04712486    2.64698478    2.93000201    2.79618048    2.50769235    3.60889973    2.71073645    2.43692351    2.76234015    2.95668067    2.64894782    2.29580611    2.62385509    2.38944331    3.41989588    2.67928967    3.19239804    2.73892257    2.85940764    2.35233520    2.74387022    3.03588584    3.50656750    2.28062610    2.50151296    2.47031266    3.19108296    3.24395252    2.58360942    2.99362864    2.98024225    2.29377872    4.10465413    2.76214212    2.32566978    2.19168747    2.88177411    3.06200233    2.49192105    2.33692836    2.73986392    3.38536076    3.60727419    3.06839051    2.10944703    2.51883681    4.13201874    2.36988731    4.76949949    3.86112598    2.82116495    3.83201827    2.39612517    2.69547142    3.04057611    3.10279741    2.79101441    3.41496794    4.59552931    3.98171592    3.15355252    3.13961952    3.25541715    3.33550697    3.56793056    2.62943761    3.43439256    4.12923814    3.70643166    4.31462088    3.34014506    2.48923738    2.85361603    3.75770044    4.47217338    4.50733553    3.51385325    3.80119418    3.21155481    4.77654784    3.53510272    4.47106278    4.35881940    2.87149712    3.05464612    6.75712381   20.00000000    5.99605838    4.65757394    7.50446704    3.59977711    4.66542852    2.34658620    3.94914574    4.20323864    3.45523783    4.54032212    3.84371028    3.36265828    3.29192128    2.85526359    4.16648700    3.58071771    4.46593882    3.09097063    3.35636691    1.88260303    3.67757418    4.41570654    4.38535049
D3AWD5_POLPP/558-614     2.92447565    2.95702714    3.41343390    3.84038701    2.59905269    3.65374876    4.64360519    3.57287876    4.45454683    4.01453011    2.42007115    6.04502858    5.58255960    2.41029370    0.00000000    1.91834557    2.17363414    2.55941315    2.49061852    1.97222037    1.97641799    2.48534116    3.13529887    2.71631387    2.57894388    1.82330399    2.51881785    2.54441179    2.22090793    2.69806195    2.66154006    2.54896562    2.49346919    2.47029993    2.60331099    2.64069859    2.35248729    2.73120878    2.02675500    2.64589753    2.40010945    2.55722928    2.68987588    2.57314080    2.78071502    2.42007911    2.33561946    2.64729325    1.87788275    2.26274971    3.48327978    2.22317230    2.33799535    3.08029697    2.68640005    2.44918305    2.41546018    2.71173206    3.46242814    5.03735807    4.07602471    3.39393050    3.09346004    4.01139195    2.70882230    3.23284632    3.30767574    3.50130789    4.26985251    2.90913265    3.14121120    3.84615394    5.25537013    3.47076349    2.46042866    3.69139276    4.36924916    2.95270442    2.78870827    2.45165860    3.22833338    4.35363204    3.42727478    5.00778275    3.21679368    4.12476434    4.20340715    3.96308788    3.78303043    3.84101158    4.70476404    4.14774612    5.11207709    7.38518977    4.86238355    4.16892295    4.88972457    4.18420042    6.19074665    6.86412077    4.02195582    5.70096837    8.96318542    5.89787933    4.54793377    6.67800627    5.74248268    2.60647764    7.74348913    4.17981976    4.89837658    4.89244544    2.82528718    3.39200898    3.12676131    2.63373064    3.24731490    2.37526285    4.17758050    3.90391723    3.57880553    4.26944297    3.10265232    3.53186796    5.49419751    4.03362387    4.17832189
A0DB69_PARTE/549-600     3.52834574    4.35891929    3.37549250    2.72004557    3.23703283    3.35248330    3.38878732    3.30018390    4.16087820    4.47617404    3.87577824    3.11996492    4.42167523    2.66246836    1.91834557    0.00000000    2.10683006    2.97469527    2.07645742    3.37566578    2.02152035    2.72539430    3.41030802    2.49334257    2.60775141    3.14276931    3.01512723    2.77227725    3.04394607    2.90821534    2.99289373    3.66453642    3.40711963    3.28413462    2.95567054    3.01522448    2.53548202    3.18395510    2.71164468    3.56612530    3.32317177    2.64760065    2.82382004    2.90876565    3.15217702    3.03602360    2.53943518    3.22516814    2.53935862    4.41310442    4.20507716    2.05633048    2.18714613    2.34684029    2.42285311    2.81609141    2.38780102    2.68881321    3.22961042    4.37505589    3.86340142    3.59663554    3.41230252    6.10828937    2.84753404    3.65352421    2.78399226    2.89664755    3.48999945    2.95480030    3.60455719    3.80758004    3.76668070    3.21437058    3.56744903    3.50852603    3.36800200    2.99114280    3.64717749    3.68396487    2.72414621    2.49462079    2.66211697    4.71824048    3.90111230    3.52517458    4.71571076    4.31098884    3.51081111    3.18834239    3.30732127    2.54167820    3.19241008    5.71167058    3.01344593    2.88160020    5.21042380    5.47531551    4.33895550    6.77187504    3.32339509    3.86726165    3.88990142    3.56570218    4.24642210    2.87187418    4.39155637    3.75573084    3.53583820    4.30305295    3.88548747    3.40186622    3.33588230    2.92120081    3.33014423    3.15937954    3.35006099    3.58949347    2.66812238    3.19414325    2.39469280    3.05115080    2.93985657    2.73199979    4.10549388    3.53099073    3.76800530
A0DY06_PARTE/386-434     3.44333263    4.84639785    3.90202619    3.26610607    3.05124014    3.31715500    3.44605372    2.67890347   20.00000000    3.35040177    3.31354942    4.73176475    4.56236135    3.62734769    2.17363414    2.10683006    0.00000000    4.16736106    3.12823211    3.38082365    2.93611058    3.26310798    6.44965410    3.56774754    3.96540432    3.29943457    3.14858134    3.17992520    2.63571920    3.57840570    2.91992694    3.39169712    3.35345578    3.43261473    3.78523466    3.42837979    2.43751377    3.34025495    2.72379540    3.30575347    2.63935553    2.55180809    2.77450571    2.69417325    2.89991965    2.68510274    3.02237737    3.57210902    2.13279753    3.46807375    3.76092825    3.59852843    3.29943359    4.43949326    3.52148364    4.06120228    4.24570539    4.07427046    3.99260621    3.92485199    4.45847627    2.93186352    3.01528845    3.78259366    3.45807259    3.14636590    3.39396261    2.82198717    6.23713364    2.81271210    2.76953561    3.15144660    3.57135907    3.60108318    3.52916664    4.25203667    5.60515720    3.08409344    2.82362506    3.00780756    2.48334728    3.08211295    3.13720387    4.08291570    3.95132088    4.14805818    4.78915129    4.53916279    4.18420419    2.83523628    3.02855170    3.31812237    3.86992648    5.55269312    3.23182227    3.47043054    3.87721722    5.88344171    3.78544022    3.22526293    3.21127824    3.36341490    5.26063387    3.85226831    5.22689414    6.36432908    8.12195273    4.02740490    5.20126736    4.95982000    3.17783134    4.69268423    3.02400112    3.53962416    3.13544245    3.48010092    5.08170746    3.17423015    4.65717345    4.30023885    3.84966028    4.52667126    3.95173713    3.19990172    5.77920539    3.25661602    3.23481215
B8FGD8_DESAL/146-197     4.27204864    3.93210031    3.98883480    3.53533164    3.74126363    3.30052368    4.39119554    3.14983650    4.20084651    3.48633365    2.96971732    4.88057877    3.65039471    3.04712486    2.55941315    2.97469527    4.16736106    0.00000000    2.79133206    2.84094229    2.00608980    2.68941853    3.70492632    3.13577888    3.19145991    2.25919838    3.22342880    2.87184761    3.19297403    3.41021005    3.22266977    3.66774620    3.33272404    2.91649111    2.87872233    3.20928811    3.07822975    3.45209954    2.79498031    2.88835063    2.80295803    2.90584502    2.94158354    3.03127343    2.87251358    2.91060894    2.43518180    2.50313899    2.29976727    2.78540533    4.20500385    2.91845824    2.87798377    3.24893848    3.50369687    2.93208190    4.30240323    4.32912774    4.19619300    4.36453879    3.96834034    3.92851584    3.50166732    4.68905519    2.99622965    3.35362465    3.24620096    2.74270358    3.50844274    3.26716641    4.14978261    3.39225197    4.90120391    3.44114245    3.76778839    4.01570266    3.53119184    3.17131963    4.82626977    3.44172405    4.07152651    3.90447738    3.41623507    4.49085260    3.44351662    4.64622945    4.26358444    3.56633659    3.94037814    4.19036458    5.73433113    4.83585828    4.77087667    4.84111574    4.15270558    3.59497812    4.35122649    4.17476475    5.02705636    3.89749354    2.91248639    3.18175982    3.92409424    4.41204565    5.69466156    5.61628853    5.80112143    4.95231344    4.12748909    4.74768223    4.46618509    5.10221059    2.92055612    3.48269709    3.46067261    3.50943650    4.09286633    3.28568376    4.84367607    3.35283222    3.78142351    4.42162573    3.17936289    4.98879954    3.85707813    3.83027888    4.34854388
A0BLR9_PARTE/338-386     3.44440199    4.13868357    3.77522281    2.91573924    3.25228242    2.64086593    3.06382417    3.05657002    5.42252170    3.93013341    3.89526719    5.11298850    4.70292460    2.64698478    2.49061852    2.07645742    3.12823211    2.79133206    0.00000000    1.48690942    3.79290053    3.48538875    4.43986704    2.73471208    3.56378911    2.63619529    3.35964613    2.98171990    2.69207192    3.73094303    2.80564444    2.81552177    2.63420727    3.10738799    2.78997924    2.93395455    2.67728012    3.27454115    2.89769242    3.31325164    2.83354007    2.47516039    3.49823857    3.09533498    3.54544273    2.52164984    2.98327670    3.49520577    2.51898573    3.62328909    3.38543971    3.03213212    2.42290580    3.47125468    3.57004078    2.24538642    2.49167391    3.13011870    3.00071257    5.05877420    3.81364121    3.54368366    2.90752607    5.13328480    2.76874396    3.58006143    3.89427842    3.32850785    3.92706451    3.31469663    3.99601008    2.80260119    3.20134453    4.04279739    2.59841540    3.22401396    2.75767708    3.09547715    3.51940577    3.43023101    2.74763880    3.96766896    3.81076095    5.59959217    3.25963423    4.45761764    5.05835856    3.42290384    3.47433032    3.21118775    3.24791649    4.39769956    5.31060995    5.94562502    3.99453603    3.82415571    6.03817301    6.60379162    3.69452310    4.62299220    3.51754774    4.25527623    5.77797598    4.15771220    3.88339893    5.57994763    4.32414296    2.90569754    3.20663447    2.99178563    3.54221445    3.40715054    3.04591340    2.95276490    3.55158307    2.69244676    3.20700205    2.99214997    3.36508110    3.04450460    2.51083936    3.68215696    3.21922641    4.70421129    4.08045583    4.02743146    4.32314066
Q897G1_CLOTE/746-800     3.00924690    3.31131386    3.27442063    3.01748065    2.63930205    2.61324996    3.65831437    3.93111889    4.65181456    3.44575259    3.40733259    5.42047914    4.19398287    2.93000201    1.97222037    3.37566578    3.38082365    2.84094229    1.48690942    0.00000000    2.11847558    2.50400451    3.34457875    3.04635517    2.53210081    1.96295599    2.10985866    2.08228186    1.55072323    2.13133686    1.91750197    2.44581455    1.76381616    2.01932722    2.15376085    1.89301146    1.76164675    2.36199632    2.07159261    2.16868422    1.80605475    1.80625524    1.92855605    2.08995263    1.90710850    1.70644426    2.11421104    2.47938094    1.92992893    2.15204174    3.16603272    2.24299197    1.93430917    2.84814325    2.99765414    2.03488756    3.44781500    2.57483969    3.11367544    3.72510236    3.32692901    3.92587196    3.98921411    3.14627285    2.37876083    2.69733788    3.53647434    4.56026313    4.59639957    3.29615375    3.46957248    3.13024959    4.26729102    4.31156434    2.93675998    3.45218314    3.67401446    2.76071829    3.73137466    2.68122054    3.03135748    4.70657018    3.41215237    4.12813709    2.97195786    4.13471451    3.44876675    3.48235717    3.96970499    3.90140965    4.40280658    6.49845926    7.10661750   10.38121458    6.21681217    4.59330404    5.24081702    5.36128502    7.08902265    5.58211433    3.57966963    4.93229630    6.61733715    6.23759927    5.19439882   11.40268494    4.58237633    3.40932930    5.93510937    4.06425534    6.80685058    6.73140989    4.40446870    3.25817674    3.36685246    2.83854560    3.78071452    3.69094352    5.13921900    4.37926281    4.09719488    4.23133681    4.16595404    3.88087115    4.35751634    5.24847798    5.02866660
D3BPI7_POLPP/398-443     3.86705962    4.22311322    2.65230882    3.57794893    2.84136911    3.56910048    4.34009240    2.94014415    3.70262372    3.17170005    2.74382681    3.55461358    3.69484852    2.79618048    1.97641799    2.02152035    2.93611058    2.00608980    3.79290053    2.11847558    0.00000000    1.07088928    1.18782926    1.48004220    1.13714743    0.77532972    0.87993834    0.93422385    0.98587712    1.10524120    1.05072194    1.05282848    1.02320041    0.94728299    1.05369798    1.12844408    0.95441933    0.92541092    0.92022728    1.11143188    0.97214373    1.11984215    0.92637102    1.06503039    0.93621514    0.94674189    0.85714139    1.02712944    1.09715702    1.17222141    2.59267161    1.44364073    1.51569798    1.34742279    1.73434328    1.29569164    2.77752046    3.11978497    3.59725699    4.54699272    2.29713551    3.19121303    2.67013713    3.22624976    3.04577799    2.93379997    3.36306824    3.18159607    3.84689210    3.60058963    5.02508573    3.88639838    5.99119141    3.63025127    4.57869585    3.92745227    4.78833394    2.96391051    2.29477839    1.87215297    3.53661769    3.32105908    3.04402296    2.54465084    3.25174914    2.62412772    3.11172124    3.36752690    3.48937081    3.71205083    3.09845786    4.27134585    5.26734967    7.20205020    4.06983298    4.22197977    4.00112181    3.66620089    7.20584790    5.06730138    3.88440921    5.47383984    6.07353904    5.91249544    6.40907143    3.93441025    6.43077787    5.23027596    7.47398871    5.91372991    5.09839743    4.24614733    2.61024287    5.61981491    4.62049724    4.02951244    4.35139590    3.92868452    4.07908224    4.45058526    3.39403841    4.23987722    4.07461309    3.78832538    5.03862308    4.23847935    4.24867245
D3BHQ9_POLPP/112-159     3.05167014    4.17097667    2.93761502    2.87555004    1.91429587    2.69655235    4.97015257    3.73921976    3.58412333    2.87276435    2.73679977    4.64758834    3.11051673    2.50769235    2.48534116    2.72539430    3.26310798    2.68941853    3.48538875    2.50400451    1.07088928    0.00000000    1.16810971    1.33786010    0.89766717    1.00640646    1.09638550    0.70936232    0.71892092    1.05943773    0.86897280    1.04691688    0.95956903    0.92365959    1.54873840    0.94170855    0.75326243    1.15212753    1.11306025    0.84952592    0.67003133    0.84221185    0.58998974    0.55782187    0.86058177    0.64313704    0.70894335    0.95510064    0.94303025    1.38071649    1.49319558    1.57472592    1.86658573    1.67018617    1.91480883    1.32333390    2.69868669    2.81143208    3.77587739    3.80706111    2.01709805    2.98780846    2.76926639    2.83127176    2.41131054    3.35954111    3.92950175    4.33435837    3.67122490    3.32220256    3.92493378    3.78899590    4.40456863    3.09512845    4.15627243    6.06150572    5.20009827    2.28637524    2.35906668    2.35330122    3.43528372    4.25340360    2.68221187    3.31936430    2.66015365    2.25285782    3.11894318    2.90803541    3.97882694    2.74462775    2.86141338    4.19282134    5.24022288    9.06082371    3.69095735    4.55229634    4.62692419    4.19294371    5.56156733    3.80232120    3.61605854    4.43525133    4.43973581    4.90728719    6.09569576    3.83045697    9.80897698    5.15520514    5.87009168    3.55543951    6.02739114    5.08569961    3.60934590    3.49455401    2.72569867    3.24872932    3.97408444    3.25416509    2.99870626    2.80527207    3.96763387    4.01334161    2.90118416    2.81845234    4.67247887    2.69327900    2.65864884
