33
A0L6E4_MAGMM/30-402     0.00000000    0.54825752    0.40806361    0.34777578    0.49113224    0.63356481    1.20749871    1.28159212    1.20532382    1.00090144    1.14151931    1.06281804    1.72102121    1.69262424    1.51396732    1.54093340    1.55655912    2.16484641    1.58002720    1.55735999    1.37994979    1.24898625    1.06169924    1.01616878    0.93731934    0.83687019    0.22487890    0.33851612    0.28236860    0.30534856    0.35531137    0.33659506    0.38591586
Q89HD8_BRADU/29-401     0.54825752    0.00000000    0.62017520    0.58809339    0.61516193    0.86943585    1.24465567    1.27308721    1.21586656    1.10693787    1.18036420    1.04485464    1.66029266    1.73361715    1.62276742    1.52549809    1.54933686    2.03628839    1.54409887    1.57259414    1.57612115    1.31674529    1.13572858    1.22886598    1.06016148    0.94665704    0.59246909    0.66659758    0.64342340    0.62931104    0.62875183    0.63413780    0.64408101
A4YPA8_BRASO/30-401     0.40806361    0.62017520    0.00000000    0.43016820    0.56561663    0.67311976    1.28148967    1.28271589    1.21956425    1.13044803    1.14751741    1.08418348    1.72524344    1.71944379    1.49955515    1.55405470    1.61024381    2.02718413    1.63027543    1.60864434    1.33097780    1.28223653    1.06864769    1.04403152    0.97794958    0.85666544    0.44922392    0.51468539    0.47003353    0.50508883    0.42975609    0.39279957    0.46150381
A1TSW7_ACIAC/30-407     0.34777578    0.58809339    0.43016820    0.00000000    0.50303113    0.57816372    1.17473269    1.24067775    1.09287700    0.95936276    1.04366193    1.01580862    1.48680038    1.46806308    1.40505010    1.41100560    1.38894504    1.98601048    1.41811129    1.44290233    1.33148631    1.15569174    0.94629449    0.97293067    0.90217559    0.77204481    0.40977735    0.48731133    0.39533314    0.45402793    0.43266526    0.35460641    0.39328642
Q0AC94_ALKEH/40-418     0.49113224    0.61516193    0.56561663    0.50303113    0.00000000    0.70555731    1.17008979    1.27145318    1.08265459    0.96860587    1.07463996    0.98952830    1.60285569    1.54363111    1.40330263    1.39115234    1.46329939    1.95270831    1.47330518    1.53611021    1.31572491    1.21170720    1.00545026    1.01003547    0.91887835    0.83396797    0.48171435    0.59729168    0.56815332    0.50678985    0.54031086    0.58753640    0.60273908
A0A6N4SQF4_CYTH3/52-429     0.63356481    0.86943585    0.67311976    0.57816372    0.70555731    0.00000000    1.12384842    1.22855597    1.05384756    0.98303102    1.14716057    0.94041464    1.47644582    1.49802847    1.36979286    1.40479895    1.39781557    1.96300213    1.61275997    1.61824904    1.21447446    1.10538362    0.97854195    0.86421390    0.80956375    0.70425941    0.65653586    0.65310787    0.63973626    0.64696670    0.64949117    0.59498913    0.66285866
D0LXL1_HALO1/40-402     1.20749871    1.24465567    1.28148967    1.17473269    1.17008979    1.12384842    0.00000000    0.99827029    0.82904833    0.76068246    0.92177514    0.77091523    1.41571873    1.55014914    1.35816816    1.36168228    1.32001818    1.55375700    1.34909115    1.36327269    1.35028930    1.22588427    1.03576063    1.10379276    1.00299770    0.90557562    1.21928303    1.21263913    1.24993869    1.24456461    1.30373457    1.35788667    1.27337294
Q2Y8R1_NITMU/35-406     1.28159212    1.27308721    1.28271589    1.24067775    1.27145318    1.22855597    0.99827029    0.00000000    0.72623001    0.90841995    0.92482881    0.88455212    1.50819276    1.50064576    1.32463322    1.41349422    1.38364883    1.71830619    1.44703226    1.47274067    1.57270774    1.43418507    1.16284964    1.29744635    1.11179424    0.99820292    1.31853176    1.20916058    1.24307680    1.32489877    1.32441667    1.39892761    1.32127960
D9SI33_GALCS/38-400     1.20532382    1.21586656    1.21956425    1.09287700    1.08265459    1.05384756    0.82904833    0.72623001    0.00000000    0.71206864    0.86034074    0.75211500    1.32179086    1.34337052    1.19651734    1.28549567    1.30018405    1.60707548    1.27239595    1.28040546    1.39707105    1.18881780    1.01152648    0.99249328    0.88274194    0.86278923    1.14187135    1.11528255    1.20946847    1.19720672    1.17515211    1.25421331    1.18792858
A1K1Q0_AZOSB/38-400     1.00090144    1.10693787    1.13044803    0.95936276    0.96860587    0.98303102    0.76068246    0.90841995    0.71206864    0.00000000    0.67116934    0.52537035    1.25286974    1.36891654    1.27766537    1.31085904    1.19769623    1.67935509    1.19855454    1.24272682    1.22943729    1.16961805    0.96148906    0.86093740    0.73178914    0.64833543    1.01589988    1.01436457    1.01292623    1.03110380    1.04086550    1.05847579    1.05361421
Q607U2_METCA/31-393     1.14151931    1.18036420    1.14751741    1.04366193    1.07463996    1.14716057    0.92177514    0.92482881    0.86034074    0.67116934    0.00000000    0.71509683    1.37549966    1.44610232    1.24020814    1.38683483    1.26306472    1.69558397    1.34383142    1.41263644    1.27662818    1.13555646    1.00238419    1.07630380    0.98531993    0.90601201    1.09180695    1.10933019    1.13090636    1.23379181    1.15953569    1.17593620    1.13296823
V6F194_MAGGM/41-401     1.06281804    1.04485464    1.08418348    1.01580862    0.98952830    0.94041464    0.77091523    0.88455212    0.75211500    0.52537035    0.71509683    0.00000000    1.17748497    1.23572096    1.20950047    1.25662649    1.17451148    1.63044428    1.17533668    1.26286197    1.24996426    0.99973469    0.88522586    0.85324014    0.70717857    0.63622083    1.01277171    0.99097895    0.97857635    1.04649515    1.02146487    1.05546669    1.02606813
A4Z064_BRASO/11-375     1.72102121    1.66029266    1.72524344    1.48680038    1.60285569    1.47644582    1.41571873    1.50819276    1.32179086    1.25286974    1.37549966    1.17748497    0.00000000    0.66435999    0.75683133    0.90841984    1.00006319    1.58470441    1.09327474    1.09706118    1.26932429    1.29042405    1.40200054    1.40909886    1.41078250    1.32961009    1.75636474    1.64438884    1.64916729    1.81720137    1.57252837    1.67020624    1.61577221
Q7D2U8_AGRFC/7-371     1.69262424    1.73361715    1.71944379    1.46806308    1.54363111    1.49802847    1.55014914    1.50064576    1.34337052    1.36891654    1.44610232    1.23572096    0.66435999    0.00000000    0.80065418    0.96774381    1.07590034    1.68699740    1.22148863    1.17406239    1.33287731    1.20335452    1.39718953    1.38827295    1.35497099    1.28984477    1.72340941    1.67516020    1.62578363    1.69622583    1.64752869    1.62208516    1.66731710
A1WSI3_VEREI/7-372     1.51396732    1.62276742    1.49955515    1.40505010    1.40330263    1.36979286    1.35816816    1.32463322    1.19651734    1.27766537    1.24020814    1.20950047    0.75683133    0.80065418    0.00000000    0.77345059    1.02242193    1.52530322    1.12362645    1.19277626    1.25968986    1.12916201    1.31838386    1.40930251    1.45073887    1.27657695    1.52043410    1.46206913    1.58142208    1.64107086    1.64950856    1.65159388    1.46878259
Q883E5_PSESM/6-368     1.54093340    1.52549809    1.55405470    1.41100560    1.39115234    1.40479895    1.36168228    1.41349422    1.28549567    1.31085904    1.38683483    1.25662649    0.90841984    0.96774381    0.77345059    0.00000000    1.18237262    1.56676446    1.22143643    1.29731033    1.42610336    1.15683546    1.24095095    1.38050444    1.49592951    1.33357956    1.55614694    1.51661791    1.53833701    1.62464042    1.57046257    1.65276714    1.49138992
B1M490_METRJ/9-373     1.55655912    1.54933686    1.61024381    1.38894504    1.46329939    1.39781557    1.32001818    1.38364883    1.30018405    1.19769623    1.26306472    1.17451148    1.00006319    1.07590034    1.02242193    1.18237262    0.00000000    1.55409647    1.08171992    1.05483644    1.45569341    1.37545236    1.35180670    1.49483714    1.34031240    1.25265165    1.59902650    1.52562935    1.64594667    1.71460538    1.57459886    1.72712258    1.68906017
B9K1I0_AGRVS/22-388     2.16484641    2.03628839    2.02718413    1.98601048    1.95270831    1.96300213    1.55375700    1.71830619    1.60707548    1.67935509    1.69558397    1.63044428    1.58470441    1.68699740    1.52530322    1.56676446    1.55409647    0.00000000    1.10816157    1.14285761    1.64279581    1.61527988    1.71879253    1.85916808    1.74459472    1.68195730    2.07411885    2.03512351    2.17771816    2.24302199    2.21172670    2.28420553    2.14102067
A4YXF0_BRASO/6-370     1.58002720    1.54409887    1.63027543    1.41811129    1.47330518    1.61275997    1.34909115    1.44703226    1.27239595    1.19855454    1.34383142    1.17533668    1.09327474    1.22148863    1.12362645    1.22143643    1.08171992    1.10816157    0.00000000    0.26327482    1.40365699    1.24222327    1.39234031    1.52258464    1.40603260    1.34330609    1.67654217    1.55065474    1.67775813    1.69734964    1.66696836    1.62424086    1.60355315
Q6N754_RHOPA/5-367     1.55735999    1.57259414    1.60864434    1.44290233    1.53611021    1.61824904    1.36327269    1.47274067    1.28040546    1.24272682    1.41263644    1.26286197    1.09706118    1.17406239    1.19277626    1.29731033    1.05483644    1.14285761    0.26327482    0.00000000    1.46349662    1.33346859    1.45821543    1.51947708    1.46285551    1.33137303    1.72243832    1.57290904    1.71138894    1.66651793    1.68147627    1.63856391    1.73282677
A4Z062_BRASO/36-400     1.37994979    1.57612115    1.33097780    1.33148631    1.31572491    1.21447446    1.35028930    1.57270774    1.39707105    1.22943729    1.27662818    1.24996426    1.26932429    1.33287731    1.25968986    1.42610336    1.45569341    1.64279581    1.40365699    1.46349662    0.00000000    0.88832095    1.20423910    1.18185608    1.07142344    1.02128024    1.43148524    1.46669597    1.42394680    1.47466776    1.40755615    1.43158442    1.35537822
B0C2N6_ACAM1/60-434     1.24898625    1.31674529    1.28223653    1.15569174    1.21170720    1.10538362    1.22588427    1.43418507    1.18881780    1.16961805    1.13555646    0.99973469    1.29042405    1.20335452    1.12916201    1.15683546    1.37545236    1.61527988    1.24222327    1.33346859    0.88832095    0.00000000    1.12253488    0.97847821    0.85336259    0.85826449    1.20876962    1.26010857    1.25193569    1.30063605    1.23501345    1.26587129    1.24221206
B8HW18_CYAP4/22-382     1.06169924    1.13572858    1.06864769    0.94629449    1.00545026    0.97854195    1.03576063    1.16284964    1.01152648    0.96148906    1.00238419    0.88522586    1.40200054    1.39718953    1.31838386    1.24095095    1.35180670    1.71879253    1.39234031    1.45821543    1.20423910    1.12253488    0.00000000    0.83550545    0.77905556    0.68668466    1.12885722    1.12729678    1.10955049    1.20399387    1.12051647    1.18779966    1.11326068
A5GWU8_SYNR3/40-411     1.01616878    1.22886598    1.04403152    0.97293067    1.01003547    0.86421390    1.10379276    1.29744635    0.99249328    0.86093740    1.07630380    0.85324014    1.40909886    1.38827295    1.40930251    1.38050444    1.49483714    1.85916808    1.52258464    1.51947708    1.18185608    0.97847821    0.83550545    0.00000000    0.52904621    0.40949287    1.01339901    1.02680618    0.96686171    1.05371833    1.01555767    1.05424793    1.04339640
B0BYM3_ACAM1/46-411     0.93731934    1.06016148    0.97794958    0.90217559    0.91887835    0.80956375    1.00299770    1.11179424    0.88274194    0.73178914    0.98531993    0.70717857    1.41078250    1.35497099    1.45073887    1.49592951    1.34031240    1.74459472    1.40603260    1.46285551    1.07142344    0.85336259    0.77905556    0.52904621    0.00000000    0.27000275    0.95086115    0.95832616    0.93069750    1.00415959    0.96790058    0.97711328    1.01925225
B0JPD3_MICAN/52-415     0.83687019    0.94665704    0.85666544    0.77204481    0.83396797    0.70425941    0.90557562    0.99820292    0.86278923    0.64833543    0.90601201    0.63622083    1.32961009    1.28984477    1.27657695    1.33357956    1.25265165    1.68195730    1.34330609    1.33137303    1.02128024    0.85826449    0.68668466    0.40949287    0.27000275    0.00000000    0.86804448    0.82118013    0.82530240    0.85730831    0.80290159    0.86339705    0.86272582
F2JVG2_MARM1/28-396     0.22487890    0.59246909    0.44922392    0.40977735    0.48171435    0.65653586    1.21928303    1.31853176    1.14187135    1.01589988    1.09180695    1.01277171    1.75636474    1.72340941    1.52043410    1.55614694    1.59902650    2.07411885    1.67654217    1.72243832    1.43148524    1.20876962    1.12885722    1.01339901    0.95086115    0.86804448    0.00000000    0.29878125    0.26178363    0.26876943    0.35032199    0.34780295    0.32220612
Q3J159_RHOS4/28-395     0.33851612    0.66659758    0.51468539    0.48731133    0.59729168    0.65310787    1.21263913    1.20916058    1.11528255    1.01436457    1.10933019    0.99097895    1.64438884    1.67516020    1.46206913    1.51661791    1.52562935    2.03512351    1.55065474    1.57290904    1.46669597    1.26010857    1.12729678    1.02680618    0.95832616    0.82118013    0.29878125    0.00000000    0.33656448    0.37455786    0.40631558    0.44491026    0.42119495
C4LF71_TOLAT/27-396     0.28236860    0.64342340    0.47003353    0.39533314    0.56815332    0.63973626    1.24993869    1.24307680    1.20946847    1.01292623    1.13090636    0.97857635    1.64916729    1.62578363    1.58142208    1.53833701    1.64594667    2.17771816    1.67775813    1.71138894    1.42394680    1.25193569    1.10955049    0.96686171    0.93069750    0.82530240    0.26178363    0.33656448    0.00000000    0.25737823    0.32158737    0.26945427    0.27784868
A8LII7_DINSH/54-424     0.30534856    0.62931104    0.50508883    0.45402793    0.50678985    0.64696670    1.24456461    1.32489877    1.19720672    1.03110380    1.23379181    1.04649515    1.81720137    1.69622583    1.64107086    1.62464042    1.71460538    2.24302199    1.69734964    1.66651793    1.47466776    1.30063605    1.20399387    1.05371833    1.00415959    0.85730831    0.26876943    0.37455786    0.25737823    0.00000000    0.31379628    0.26478542    0.29368981
C7JF56_ACEP3/44-416     0.35531137    0.62875183    0.42975609    0.43266526    0.54031086    0.64949117    1.30373457    1.32441667    1.17515211    1.04086550    1.15953569    1.02146487    1.57252837    1.64752869    1.64950856    1.57046257    1.57459886    2.21172670    1.66696836    1.68147627    1.40755615    1.23501345    1.12051647    1.01555767    0.96790058    0.80290159    0.35032199    0.40631558    0.32158737    0.31379628    0.00000000    0.25553054    0.30606805
B1M4H9_METRJ/33-405     0.33659506    0.63413780    0.39279957    0.35460641    0.58753640    0.59498913    1.35788667    1.39892761    1.25421331    1.05847579    1.17593620    1.05546669    1.67020624    1.62208516    1.65159388    1.65276714    1.72712258    2.28420553    1.62424086    1.63856391    1.43158442    1.26587129    1.18779966    1.05424793    0.97711328    0.86339705    0.34780295    0.44491026    0.26945427    0.26478542    0.25553054    0.00000000    0.24389472
D0KZR6_HALNC/34-404     0.38591586    0.64408101    0.46150381    0.39328642    0.60273908    0.66285866    1.27337294    1.32127960    1.18792858    1.05361421    1.13296823    1.02606813    1.61577221    1.66731710    1.46878259    1.49138992    1.68906017    2.14102067    1.60355315    1.73282677    1.35537822    1.24221206    1.11326068    1.04339640    1.01925225    0.86272582    0.32220612    0.42119495    0.27784868    0.29368981    0.30606805    0.24389472    0.00000000

