86
A6LHE6_PARD8/25-107     0.00000000    1.18313913    0.93406346    1.41215570    1.66581399    1.84611208    1.27836359    1.18405026    1.44072844    2.23924516    2.49378023    1.63300640    1.74215846    1.69297980    1.89115065    1.96613577    1.75663714    1.92036721    2.30457988    2.46314548    1.95538125    2.06958012    1.79051814    2.03943767    1.65091703    1.68271918    1.88821116    1.55502487    1.76931494    1.91791784    1.79068005    1.49676554    2.20603268    1.44658755    1.82787385    1.97282710    2.13268194    2.35421658    2.60550168    1.73636505    1.78169545    1.69375135    1.43201667    1.72334603    1.93717948    1.93959367    1.69197490    1.71344024    1.90648289    2.37009630    1.91045307    1.65772985    1.46059097    1.76405314    1.80642660    1.75077732    2.11237220    2.04752570    1.81101310    1.54485817    1.87597810    1.82435017    1.72665731    1.49273302    1.69200107    1.74744570    1.51974736    1.65049676    1.57148582    1.75285818    1.74252778    1.99444788    1.70342386    1.71028782    1.57772714    1.57731378    1.76894346    1.56428378    1.46051009    1.41870038    1.80128986    2.05214336    1.59007607    1.20734542    1.51931130    1.61595071
A6L4W2_BACV8/24-108     1.18313913    0.00000000    0.91269672    1.76695492    1.50353584    1.89190780    1.82900533    1.60690054    1.33281373    2.44045483    2.90666674    1.22146815    1.62474127    1.70559375    1.76659582    1.89877553    1.44332033    1.48422168    1.52239523    2.08169520    1.47769322    1.71997606    1.69645862    1.70442890    1.95947662    1.78682782    1.81257128    1.72114017    1.85301537    1.69868638    1.73191022    1.44532670    1.96248290    1.47892534    1.76674641    1.58134809    2.36269162    2.59547218    3.44905648    1.73851341    2.38120431    1.68636754    1.46167472    2.06600096    1.61058930    1.84333891    1.93618040    1.80797865    1.85073594    1.97016880    1.89533219    1.49385543    1.84087013    1.81017325    1.59229437    1.76114267    2.16931152    2.02074357    1.23293174    1.42585897    1.95605989    1.75205455    1.56380378    1.49032784    1.45357387    1.69694029    1.54254836    1.65287277    1.49014742    1.49441034    1.56196700    1.86441337    1.54187950    1.72041406    1.72920246    1.43622665    1.87705434    1.48686890    1.25274884    1.42886309    2.02649444    1.49966667    1.63482222    1.69324818    1.66464995    1.78348139
R5UY79_9BACT/24-108     0.93406346    0.91269672    0.00000000    1.72321781    1.50568573    1.72680151    1.88923004    1.72748146    1.99253607    2.06321027    2.53906130    1.95806994    1.93178878    1.68523261    1.94424154    1.94406686    1.65529121    1.41203101    1.85456493    2.09901140    1.92357814    1.95127199    1.72699292    1.91914985    1.89785118    1.62031204    1.80225221    1.89908789    1.75765485    1.49348455    1.99600463    1.51940806    2.33814496    1.45975088    1.96494382    1.84806316    2.72877845    2.62250523    2.70058513    1.98641429    2.19586584    1.63344034    1.92688157    2.43426926    2.00128495    2.29265418    1.93745766    2.00246789    1.96144274    1.84906567    2.16580089    1.91022419    2.18020450    2.15311085    2.02518830    2.08481128    2.50621649    2.10724867    1.92572516    1.53253987    2.04088958    1.94828342    1.73671523    1.55089863    1.65120391    2.13108279    1.59144233    1.93382249    1.78940252    1.81615210    2.04470744    2.15918801    1.89659467    1.61994476    1.80187727    1.68679806    1.82919129    1.76784939    1.50969033    1.38786965    2.21755506    1.95903966    1.79537690    1.72474895    1.49065563    1.77660017
R6C1Z8_9BACT/28-113     1.41215570    1.76695492    1.72321781    0.00000000    1.33843718    2.11450946    1.60514111    1.57448916    1.70854036    2.42297833    3.00391001    1.74631761    2.12068143    1.82117743    2.33090236    1.70162204    1.64043670    1.63142683    1.72969371    2.29242935    1.78025863    2.50718344    2.36827364    1.46238306    1.91942183    1.97739736    2.15067700    2.28847626    2.01650007    1.79345549    1.93254344    1.95610907    1.69622714    1.67203719    2.25771352    2.27356380    2.44231207    2.81323701    2.33161504    1.68549663    2.38334631    1.72495666    1.46462817    1.75494060    1.93083114    1.83442750    1.72045852    1.51306370    1.74277568    2.16971786    2.39434925    1.68204405    1.56905530    1.68956763    2.01599055    2.13498050    1.77477644    1.54260951    2.06517108    1.48565938    1.85191553    1.54470013    1.70539334    1.94779331    1.47687315    2.05347834    1.88904833    1.33592736    1.80639288    1.35595188    1.75266764    2.07245908    1.78749643    1.79041150    1.75867411    1.61370105    1.89948554    1.98835829    1.95353099    1.43759860    1.81741892    1.71832921    1.21200307    1.67736334    1.41960032    1.57313232
F4CEE7_SPHS2/125-210     1.66581399    1.50353584    1.50568573    1.33843718    0.00000000    1.65715707    1.51080265    1.24782975    1.48535429    1.66207320    3.01497194    1.33062907    1.65277380    1.46776495    1.69533304    1.77849114    1.47156551    1.67021746    1.66120448    1.81572321    1.51320885    2.14447398    1.49223548    1.71698527    2.15106768    1.67273085    2.06626986    1.69590999    1.47895179    1.56781318    1.87220118    1.36902155    1.70729300    1.37556817    2.15758061    1.80546043    1.72180423    2.86316616    2.60147209    1.50686646    2.04721700    1.76908093    1.34064349    1.62997481    2.14100336    1.85323216    1.83159742    1.61491692    2.49152152    2.20379403    1.97446293    1.60952675    1.95863418    1.83163362    2.01857211    1.88591420    2.17521335    1.89835661    1.81886223    1.34445103    2.06232436    1.65734586    2.14500833    1.95109108    1.83406142    1.78400180    1.61810874    1.74456538    1.89781951    1.29630099    2.16129387    2.02686658    1.54722966    1.48770734    1.64302526    1.61541121    2.03666677    1.89967615    1.80957977    1.22904100    2.24436758    1.92829714    1.77252830    1.76947266    1.55678390    1.55628367
L0G7A9_ECHVK/28-113     1.84611208    1.89190780    1.72680151    2.11450946    1.65715707    0.00000000    1.25864382    1.69724789    1.81513553    1.70925696    2.82460432    1.81078741    2.15765132    1.91198588    1.90600927    2.53506070    1.94281186    1.93981811    2.24865987    2.09359289    2.15787414    1.70279288    1.75630109    2.08910827    1.78008524    2.37501957    2.14223623    1.76694254    2.06335326    2.12253143    2.42614951    1.61464663    2.29815383    1.62629885    2.40633432    1.70037034    2.77242127    2.95273425    3.19638162    2.05425018    1.73368639    1.99426504    1.43537395    1.63471695    1.93083555    1.59159777    1.52739392    1.83933765    1.57795944    2.17807017    1.93861121    1.67272092    2.12872969    1.74091779    1.56160633    1.88247009    1.78954258    1.59014581    1.84197831    1.73120371    2.32142459    2.12846743    2.35669655    1.75288176    1.46411873    1.65001370    1.84666040    1.59706032    1.67116446    1.95539441    2.53146360    2.06887732    2.13499499    2.02629095    2.00155506    1.76488274    2.10630392    1.52715219    1.67573752    1.47344930    2.16217017    1.77793871    1.47071612    1.67842874    1.55877788    1.57966174
G0IVY8_CYCMS/28-113     1.27836359    1.82900533    1.88923004    1.60514111    1.51080265    1.25864382    0.00000000    0.95894588    1.45060870    1.94326678    3.04198855    1.54066989    2.10364038    1.69960303    1.94759915    1.63076679    1.76949347    1.95367179    1.87524676    2.14508021    1.81644608    2.10382498    1.82942110    1.86146299    1.83928045    1.69305859    1.78415464    1.67271336    2.20336619    1.82707923    2.06198680    1.82109313    1.81004562    1.73419210    2.02460240    2.03825695    2.65945435    2.65712706    3.11663076    1.57179307    1.96209824    1.68646721    1.53808572    1.52875841    1.75258356    1.87177448    1.32687020    1.71996189    1.62773577    2.40244354    1.52723879    1.49019273    1.70194042    1.77579226    1.62829201    1.62241182    1.90250228    1.95596819    1.88624006    1.87252686    2.22056848    1.81498980    1.84333631    1.45492420    1.55395795    1.64178314    1.95010405    1.76263511    1.44611631    1.44415509    1.99670425    1.96797318    1.93279636    1.69088010    1.45818370    1.46616552    1.35965766    1.43491508    1.81471039    1.45898580    1.64946109    1.79991620    1.54076262    1.32993407    1.72273774    1.18684617
I3Z3K6_BELBD/24-110     1.18405026    1.60690054    1.72748146    1.57448916    1.24782975    1.69724789    0.95894588    0.00000000    1.14011792    2.10295910    2.69755332    1.55728909    1.94191544    1.67547987    2.31746231    1.88579210    1.70978549    1.64612069    1.96717148    2.22951098    1.71951577    2.23271640    1.90371917    1.73350025    1.65669184    1.62450526    1.91659549    1.24025636    1.83033230    1.52985262    1.76787145    1.50414630    1.84694967    1.63380611    1.76694059    2.17762774    2.60946780    3.07147253    2.97812590    1.56155723    2.19588800    1.43947940    1.40561382    1.56667013    1.42475368    1.64448856    1.44191088    1.65442099    1.71580866    1.69456993    1.67601339    1.53265069    1.51509392    1.81967280    1.59298237    1.87758055    1.92838269    2.20255961    1.83891382    1.39535918    2.26505903    1.83666978    1.89041713    1.65663682    1.70014069    2.02921017    2.08088904    1.38276593    1.41761906    1.64545938    1.66308014    1.98363348    1.65227434    1.45203426    1.61672866    1.32027253    1.68964809    1.69390494    1.53393273    1.40238273    1.53255177    1.56520494    1.34916471    1.35067471    1.49382848    1.28913830
F9Z322_ODOSD/28-115     1.44072844    1.33281373    1.99253607    1.70854036    1.48535429    1.81513553    1.45060870    1.14011792    0.00000000    1.60096200    1.78452462    1.59588036    1.87359461    1.77236781    1.79932562    1.87797879    1.49590125    1.77664037    1.79412262    2.19027694    1.30531094    1.96851386    1.67706106    2.03207228    1.64452613    1.87337124    2.32155230    1.41212329    1.90556335    1.92554519    1.81553724    1.55846678    1.90404691    1.21029651    1.84384517    1.87700859    2.59906524    3.20031562    2.97109635    1.54312795    2.23197330    1.89016857    1.75200988    1.85668506    1.86700095    1.98196393    2.00435845    1.80193796    2.13835223    2.05323040    2.45614699    1.84812312    1.75186417    2.15964632    1.82675911    1.73005244    2.28936498    1.81036303    1.74136745    1.47776905    2.20256429    1.77742824    1.77213921    1.97779380    1.65293261    2.05269497    1.70487377    1.83075376    1.46157297    1.80606344    2.01476599    1.83570248    1.42387768    1.49727608    1.65007310    1.61316495    1.70128059    1.94213730    1.76499873    1.57747055    1.92180281    1.93353325    1.53704213    1.60345516    1.59929995    1.50926160
W0F291_9BACT/28-113     2.23924516    2.44045483    2.06321027    2.42297833    1.66207320    1.70925696    1.94326678    2.10295910    1.60096200    0.00000000    2.26914549    1.89541083    2.16941418    2.10832398    2.52635530    2.12607746    2.09148493    2.32891504    2.17330532    1.91995206    2.60347430    2.19282344    1.74679568    2.09187538    2.87806387    2.07933496    3.23014589    2.18877882    1.89548060    2.20938961    2.19131157    2.34054991    2.70081637    2.05978591    3.15917711    2.59132280    2.84887084    3.51212444    3.80420743    2.17753408    2.13981967    2.03866194    2.03898990    2.18087147    2.40202738    2.17650066    1.91681855    1.96536293    2.07161313    2.24690804    2.14044287    1.98916602    2.31989583    2.35986012    2.03318994    2.12615169    2.55014911    2.32878686    2.32759352    2.67314670    2.47311778    2.97993651    3.12427920    2.27558179    2.14954803    2.06054311    2.50801677    2.18887313    2.25262939    2.40170028    2.40979154    2.45434481    2.36701210    2.14996187    2.17788809    1.85788509    2.05333311    2.27418861    1.84858256    1.76867039    2.02245123    3.07533018    2.21976277    1.88637770    1.71065802    1.53068256
F0RFS8_CELLC/29-115     2.49378023    2.90666674    2.53906130    3.00391001    3.01497194    2.82460432    3.04198855    2.69755332    1.78452462    2.26914549    0.00000000    2.49960611    3.32622475    2.63017959    2.28066851    2.64420877    2.61559690    2.51227774    2.93601646    3.21811400    3.48937023    2.51309801    2.20246266    3.01431585    3.18331606    3.05619621    2.70087793    2.64053915    2.92939618    3.08035155    2.41422106    2.95837122    2.77953120    2.24415884    3.08808486    3.04509128    3.12080388    2.79715574    3.33619614    2.93247844    3.54449514    3.00852322    3.28860234    2.62620181    2.96410135    2.55375412    3.29539729    2.56569104    3.49637920    2.95941816    3.94979991    2.61846290    3.17127929    3.64689183    3.17719330    2.34752883    2.18797399    2.14147551    3.08076846    3.18657341    3.28929195    2.39865424    3.75230384    2.60897365    2.46779232    2.88830689    2.91640343    2.62829660    2.51583643    2.88862620    4.24117547    2.67113758    2.49239395    2.59107749    2.07070814    2.13112275    2.38149582    2.43906386    2.36009695    2.37551160    2.59348553    2.74945388    2.96700772    2.34791699    2.09311302    2.50537311
F0RAJ5_CELLC/25-110     1.63300640    1.22146815    1.95806994    1.74631761    1.33062907    1.81078741    1.54066989    1.55728909    1.59588036    1.89541083    2.49960611    0.00000000    1.10044767    1.43649433    1.41038372    1.65424731    1.57182993    1.62377699    1.44756931    2.08392284    1.29787973    1.84171404    1.47586816    1.34836210    1.48899974    1.39397054    1.68870923    1.53050900    1.34462933    1.45436217    1.73095736    1.77764945    1.65293816    1.59622132    1.89528022    1.71308637    2.29248060    2.34635858    2.12696275    1.25527183    2.47657309    1.49185508    1.66135193    1.76252232    1.48167531    1.46124449    1.60550544    1.48881017    1.89583011    1.95911620    1.81510890    1.32858122    1.92935411    1.72934968    1.69772917    1.60731866    1.67647164    1.92384676    1.45953008    1.42220011    1.54683161    1.95435463    1.57332735    2.03980693    1.78376947    1.63854964    1.91460912    1.72415791    1.58779084    1.85970122    1.45648193    1.89028902    1.45610725    1.29943123    1.34191003    1.33257710    2.26672008    1.34377931    1.53063738    1.63691070    1.67067978    1.69250893    1.51425250    1.31582596    1.44118290    1.49896227
H1XR35_9BACT/28-115     1.74215846    1.62474127    1.93178878    2.12068143    1.65277380    2.15765132    2.10364038    1.94191544    1.87359461    2.16941418    3.32622475    1.10044767    0.00000000    1.31879570    2.01005442    1.97213962    1.54934588    2.02524772    1.57763561    1.70522348    1.52564982    2.12729325    1.80135864    1.39888188    1.63864036    1.57745646    1.81852413    1.32793838    1.58766041    1.63738274    1.81037708    1.78379253    2.06809142    1.40881325    2.24629898    1.53120372    2.39447756    2.23650825    2.86771288    1.72604144    2.13959129    1.59096612    1.65854159    1.86751522    1.56256092    1.62402574    1.45700816    1.76010991    1.65377918    1.92135711    1.52177757    1.52325826    2.24311712    2.30628150    1.69804134    1.89964074    1.90994264    2.14534360    1.71269501    1.87923446    1.95669138    2.48644563    2.08967044    2.19571091    2.03552509    1.73505242    2.18549455    1.95751085    1.91414505    2.28129686    1.24851528    1.65349931    1.97722148    2.11354517    1.76118071    1.61235041    2.29895317    1.82267304    1.34475395    1.76742755    2.14310555    1.92787685    1.68960227    1.62561547    1.82243563    1.32610090
F4C1P7_SPHS2/25-110     1.69297980    1.70559375    1.68523261    1.82117743    1.46776495    1.91198588    1.69960303    1.67547987    1.77236781    2.10832398    2.63017959    1.43649433    1.31879570    0.00000000    2.13685823    1.96707621    1.50162268    1.54442388    1.71394958    2.04827919    1.69033856    1.95176819    1.99261549    1.54005567    2.38360306    1.76659027    2.12929229    1.98579206    1.87939121    1.40644432    1.96038961    2.16811548    2.28241513    1.51091304    2.36140453    2.09873996    2.78772195    2.70817694    2.90533343    2.16044434    2.64030474    1.90150592    2.07717070    1.74818006    2.43904234    2.00454631    1.60858070    2.02916946    1.92836090    2.12318970    2.33031643    1.52661773    1.90352114    2.06870522    1.86499605    2.37509369    2.45730390    1.59041909    1.88838333    1.57542236    2.25054007    2.77382775    2.01786560    1.82692904    2.38041574    2.29661799    2.13163041    2.04099545    1.77994235    2.14971170    2.30545230    2.37579199    1.73869345    1.78699408    1.84176603    1.48427675    1.56092339    1.78783995    1.58765597    1.97372248    2.07054241    1.64978246    1.92311619    1.66318798    1.89152394    1.51165830
F3ZUW6_9BACE/24-107     1.89115065    1.76659582    1.94424154    2.33090236    1.69533304    1.90600927    1.94759915    2.31746231    1.79932562    2.52635530    2.28066851    1.41038372    2.01005442    2.13685823    0.00000000    1.47275471    1.78946838    2.03195098    2.10577602    2.86740737    2.13952019    1.73017399    1.61310249    1.77530471    1.59678637    1.83773186    2.03624647    1.78626541    1.47774956    1.66068244    1.65369821    1.67826340    2.41981738    1.68233928    1.79164697    2.16249504    2.01117027    2.28454430    2.62436173    1.76252226    2.39155210    2.05449431    1.84592755    2.03831918    2.72806258    2.33489845    1.95780477    1.98746504    1.90458508    1.74719578    2.15536588    2.16896425    1.99623281    2.07325086    2.04477304    1.72592289    2.17338631    2.44168825    2.22018563    1.81115356    2.17178230    2.78022852    2.16302003    1.86565026    2.60868090    2.04605226    2.19079476    2.29920115    1.77941483    2.31490949    1.88244575    2.11720204    2.33525174    2.26711491    1.86227323    1.78641548    2.08403236    1.60223663    1.84843303    2.11436321    1.88122839    2.19273790    2.41980278    2.09372674    2.24708852    2.17702247
F4CF73_SPHS2/27-113     1.96613577    1.89877553    1.94406686    1.70162204    1.77849114    2.53506070    1.63076679    1.88579210    1.87797879    2.12607746    2.64420877    1.65424731    1.97213962    1.96707621    1.47275471    0.00000000    1.72739043    1.49802720    1.59235329    2.12226879    1.67988553    1.94048980    2.14899687    1.69842111    2.12797327    1.72543174    1.84104680    1.53040926    1.73569715    1.48498531    2.10303523    2.45412595    2.41643320    1.59237759    2.21911140    2.28883396    2.73794539    2.99220936    2.20070734    2.27922746    2.72145055    1.79839484    2.12218784    1.81543734    2.68596131    2.13176744    1.71035714    1.60999259    2.23806790    2.05486973    2.42094893    1.83531918    2.05568815    1.73072716    1.88247139    1.70262605    2.07927156    1.95303647    1.62741728    1.76242175    2.65844985    2.28365771    1.94270580    1.75720898    1.83072667    2.14924790    1.75156637    1.99627454    1.73124986    2.39008465    1.74113039    1.99745104    1.91429084    1.96367196    1.65227395    1.48794557    1.55755683    1.41719853    1.97232472    1.83402360    1.48351859    2.42458733    1.80506127    1.63916994    1.69899450    1.70891924
F9YPE5_CAPCC/23-109     1.75663714    1.44332033    1.65529121    1.64043670    1.47156551    1.94281186    1.76949347    1.70978549    1.49590125    2.09148493    2.61559690    1.57182993    1.54934588    1.50162268    1.78946838    1.72739043    0.00000000    1.43292723    1.40759001    1.64939441    1.53931363    1.77602524    1.99462823    1.65007475    2.30167792    1.77837383    2.07253007    1.64824802    1.79990409    1.56895875    1.78469825    1.83567571    2.27738013    1.36149978    1.66175703    1.69643709    2.43657445    3.06204959    3.17570479    1.52163810    1.67257340    1.69234366    1.77476237    1.82835709    2.44870682    1.31300572    1.39085258    1.73550049    2.17059465    1.98166213    1.66629174    1.60746672    1.54105492    1.60131097    1.46125398    1.49593152    2.21673576    2.11401932    1.84730276    1.74387786    2.52031720    1.92885961    1.63963630    1.81996114    1.42615625    2.11731532    1.66939057    1.58818648    1.78130875    2.03232436    1.87923759    1.94852390    1.68511365    1.95008037    1.97876637    1.98556455    1.89923237    1.79203554    1.53974627    1.41680592    1.69530663    1.67727166    1.43879105    1.54912703    1.70163795    1.94163766
I0KDA1_9BACT/29-113     1.92036721    1.48422168    1.41203101    1.63142683    1.67021746    1.93981811    1.95367179    1.64612069    1.77664037    2.32891504    2.51227774    1.62377699    2.02524772    1.54442388    2.03195098    1.49802720    1.43292723    0.00000000    1.74555624    1.89625004    1.97661826    2.07492972    1.78240653    1.87701194    2.05121155    2.03307518    1.93474115    2.05574407    1.87684157    1.77628992    1.94451073    2.06142748    1.87607448    1.62549105    1.77207338    2.10706657    2.56793547    2.81167951    2.27773986    1.89142090    2.24126443    1.86295908    2.04425536    2.03077486    2.07185463    1.40153024    1.80298294    1.71845641    2.05643401    2.07423706    1.81198667    1.60315479    1.67567802    2.09532474    1.98286695    1.92847602    2.07105300    1.62996707    1.60140085    1.51688966    2.11330579    1.91696604    1.82157444    1.68144149    2.02665831    1.96228843    1.75225773    1.62568691    2.04096000    1.87808158    1.92827321    2.23982001    1.53762433    1.63570467    1.79960173    1.74738765    1.70854363    1.76184745    1.73400580    1.43910175    1.78029887    2.16143928    1.73298076    1.55570033    1.47821543    1.54720335
R5C692_9BACE/37-122     2.30457988    1.52239523    1.85456493    1.72969371    1.66120448    2.24865987    1.87524676    1.96717148    1.79412262    2.17330532    2.93601646    1.44756931    1.57763561    1.71394958    2.10577602    1.59235329    1.40759001    1.74555624    0.00000000    1.11544371    0.99169299    1.01108149    1.22552057    1.17599603    1.63336562    1.54859084    1.51792919    1.31048036    1.87977047    1.51454884    1.49088225    1.76471671    1.84784011    1.45101561    1.96321061    1.68352987    2.15505383    2.29542234    2.29018922    1.37464048    2.18589572    1.36614621    1.34591007    1.51015149    2.00592004    1.89842547    1.34580451    1.58032945    2.03507534    1.26378448    1.53447810    1.71152380    1.69469358    1.60872459    1.76744259    1.24807802    1.63237588    1.99940205    1.44288955    1.32461687    2.19668166    2.60352261    2.01149826    1.73251896    1.64702547    1.79680793    1.71933701    1.78447553    1.64227139    1.44025641    1.67937175    1.71854552    1.78460549    1.53633869    1.64955873    1.62627995    1.34436918    1.50417687    1.42027991    1.70570822    1.81415001    1.60345830    1.41831086    1.39843127    1.47095381    1.17798982
R7JK10_9BACT/28-114     2.46314548    2.08169520    2.09901140    2.29242935    1.81572321    2.09359289    2.14508021    2.22951098    2.19027694    1.91995206    3.21811400    2.08392284    1.70522348    2.04827919    2.86740737    2.12226879    1.64939441    1.89625004    1.11544371    0.00000000    1.53154813    1.78522426    1.49637689    1.98140622    2.26027915    1.96294366    2.27994462    1.67241419    2.09033636    1.59297673    1.87453897    2.27583464    3.08154753    1.82423756    2.98839460    2.71195492    2.75232417    2.93421343    3.37301173    2.34724665    2.22326096    2.34352700    1.92329046    1.86992353    2.66764215    1.98167528    1.87916906    2.37417420    2.03576732    1.97868031    2.23307126    2.06454565    1.91092506    2.20503904    2.14707600    2.00027807    2.09688078    2.36788182    1.98779346    2.12658816    3.14690674    2.89326365    2.30868382    2.41525072    2.04982273    2.61022372    2.46950227    2.13782598    2.31132234    2.55052485    2.58100914    2.25191571    2.04504557    2.34211679    2.50720578    2.19173391    1.87193284    1.98253948    1.83059739    1.81124640    2.43382523    2.71351581    1.82916139    2.02353673    1.65737231    1.65507609
A4ANI6_MARSH/27-113     1.95538125    1.47769322    1.92357814    1.78025863    1.51320885    2.15787414    1.81644608    1.71951577    1.30531094    2.60347430    3.48937023    1.29787973    1.52564982    1.69033856    2.13952019    1.67988553    1.53931363    1.97661826    0.99169299    1.53154813    0.00000000    1.54724628    1.66788864    1.47311002    1.52500963    1.81729333    1.78887819    1.41779308    1.52017704    1.56860009    1.71646682    1.60221909    2.13053107    1.45942121    1.87670881    1.95629782    2.23010562    2.74613454    2.38810663    1.56594758    2.02203902    1.34361832    1.65549583    1.71851013    2.08120077    1.94594613    1.72348642    1.85318594    1.94162969    1.66143404    2.17872165    1.78933845    1.98532011    1.80330901    1.99272029    1.49920335    1.86051377    1.79822147    1.87458280    1.40280925    2.28062887    2.35429232    1.87564974    1.75186372    2.02395071    2.25931579    2.14405076    2.07846987    1.64223155    1.70278237    1.92752686    1.74036724    1.83523776    1.60864763    1.63825187    1.58589623    1.71872416    1.79250780    1.54902919    1.94424164    1.79061508    1.97584928    1.83704325    1.69437532    1.94833826    1.62171971
R5NEE4_9BACT/31-116     2.06958012    1.71997606    1.95127199    2.50718344    2.14447398    1.70279288    2.10382498    2.23271640    1.96851386    2.19282344    2.51309801    1.84171404    2.12729325    1.95176819    1.73017399    1.94048980    1.77602524    2.07492972    1.01108149    1.78522426    1.54724628    0.00000000    1.24666764    1.42929256    1.63821783    1.54493054    1.63459615    1.46902565    1.79992879    1.65264159    1.71992375    2.20711685    2.57127459    1.51788773    2.89692765    2.50509153    2.51991183    2.38981399    2.95855785    2.11148682    2.55039570    1.38257878    1.51893331    1.49764549    2.36546638    2.02088438    1.63132666    1.87153303    2.24568409    1.43752435    2.15642054    1.96252724    1.95293896    1.76560567    1.93924002    1.35508541    2.06921726    1.99405865    1.98049990    1.71133526    3.29708908    3.19134873    2.08277935    2.01629628    1.73651762    2.28160943    2.12898248    2.15046222    1.98127009    2.10485829    2.02127746    2.21365777    2.58722203    2.22326598    2.31410048    1.94242891    1.96461803    1.40801873    1.38087713    1.67378497    2.27645235    1.56167695    1.66369804    1.84529742    2.12426848    1.83577728
I3YUV8_AEQSU/24-108     1.79051814    1.69645862    1.72699292    2.36827364    1.49223548    1.75630109    1.82942110    1.90371917    1.67706106    1.74679568    2.20246266    1.47586816    1.80135864    1.99261549    1.61310249    2.14899687    1.99462823    1.78240653    1.22552057    1.49637689    1.66788864    1.24666764    0.00000000    1.27857097    1.71646492    1.49194014    1.77585888    1.28581921    1.71443055    1.64630193    1.65736785    1.42701254    2.25198503    1.35655523    2.27090240    2.06351429    2.40598208    2.10869452    2.61827903    1.71232694    2.87475744    1.62850276    1.44397808    1.48743322    2.36907717    1.83968207    1.51357312    1.79061005    1.83882269    1.48912846    1.86097318    1.52508834    1.74136628    2.15014361    1.61377678    1.25782728    1.38625498    2.00326722    1.53991660    2.07988126    2.06101225    2.56719124    2.13202664    1.83141888    1.61912257    1.78192758    1.82687177    2.09631222    1.70707708    1.96802144    2.00241376    2.18775413    1.79030784    1.63431883    1.95870614    1.94405774    1.58624661    1.54148688    1.76401240    1.81544799    2.10091530    2.45096639    1.68958883    1.61368577    1.65457269    1.62600395
A3HS32_9BACT/25-110     2.03943767    1.70442890    1.91914985    1.46238306    1.71698527    2.08910827    1.86146299    1.73350025    2.03207228    2.09187538    3.01431585    1.34836210    1.39888188    1.54005567    1.77530471    1.69842111    1.65007475    1.87701194    1.17599603    1.98140622    1.47311002    1.42929256    1.27857097    0.00000000    1.31538113    1.50947816    1.50498234    1.67244280    1.83236522    1.44540105    1.48338473    1.94446019    2.19887136    1.58305085    2.21680630    1.92553213    2.29908021    2.29296091    2.31509286    1.59331372    2.27359845    1.62253720    1.43225989    1.60208663    1.79316866    1.81106915    1.46187209    1.36484635    1.69604616    1.42852757    2.04708239    1.69628271    1.75949370    1.83993309    1.79685697    1.32735393    1.47511441    1.78349049    1.69732668    1.65251197    1.98173978    2.27617746    1.93603065    1.60123641    1.51195243    1.63752519    1.67467567    1.89154624    1.44950137    1.71872800    1.58743638    2.10183482    1.74393366    1.55010748    1.93681186    1.82752636    1.95943375    1.40343181    1.49906670    1.81604565    1.40687758    1.42077499    1.63867869    1.74593930    1.41750203    1.30008018
F9ZBQ4_ODOSD/50-135     1.65091703    1.95947662    1.89785118    1.91942183    2.15106768    1.78008524    1.83928045    1.65669184    1.64452613    2.87806387    3.18331606    1.48899974    1.63864036    2.38360306    1.59678637    2.12797327    2.30167792    2.05121155    1.63336562    2.26027915    1.52500963    1.63821783    1.71646492    1.31538113    0.00000000    2.10906179    2.19712952    1.66020934    1.83168445    1.71221146    1.58045364    1.67679325    2.34545716    1.40032604    2.49467771    2.38351245    2.68772343    2.19373601    2.50542065    2.24546993    2.51730961    1.81096328    1.71868689    1.94479606    2.14876736    1.98017804    1.83291358    1.69123658    1.76273070    1.92423964    2.31290933    2.18377947    1.92422236    1.97524464    2.00830334    1.88543259    1.65508873    2.34076530    1.88569853    1.84303652    2.77352988    2.89447612    1.58812922    1.95438311    1.99417389    1.97526759    2.06827888    1.79222795    1.64980763    1.76440125    1.49373267    2.12209145    1.92777161    1.79511950    1.93948718    1.64490873    1.91809236    1.38660423    1.87228494    1.79525543    1.68905289    1.80511492    1.65160921    1.59772264    1.47064814    1.93138635
I6Z509_MELRP/28-114     1.68271918    1.78682782    1.62031204    1.97739736    1.67273085    2.37501957    1.69305859    1.62450526    1.87337124    2.07933496    3.05619621    1.39397054    1.57745646    1.76659027    1.83773186    1.72543174    1.77837383    2.03307518    1.54859084    1.96294366    1.81729333    1.54493054    1.49194014    1.50947816    2.10906179    0.00000000    1.34584008    1.46364590    1.59608798    1.68575301    1.63417892    1.49964486    2.33353547    1.61843793    2.26488669    1.85879222    2.66112475    2.33369114    3.45425717    1.76878209    2.04043309    1.84396053    1.47198582    1.55449539    2.03426709    2.24180641    1.84022108    1.84694316    2.11774612    1.80211331    2.14059574    1.80169016    2.17084554    2.08701390    2.12118469    1.77216981    1.99625335    2.27161356    1.66332440    1.57223027    2.07580763    2.27981957    1.73990863    1.99733799    1.86979017    1.71181483    1.84449666    2.06229817    1.51056376    1.94714547    1.63279520    2.44047562    1.87866472    1.81335139    1.41298274    1.58757037    1.85259084    1.46317802    1.58842038    1.49913115    1.87316985    1.83981882    2.41342703    1.63625969    2.02449353    1.69353760
I3Z9U6_BELBD/35-121     1.88821116    1.81257128    1.80225221    2.15067700    2.06626986    2.14223623    1.78415464    1.91659549    2.32155230    3.23014589    2.70087793    1.68870923    1.81852413    2.12929229    2.03624647    1.84104680    2.07253007    1.93474115    1.51792919    2.27994462    1.78887819    1.63459615    1.77585888    1.50498234    2.19712952    1.34584008    0.00000000    1.78102522    1.92971154    2.10106824    2.42118251    2.09320797    2.22940769    1.87262349    2.51957151    2.21577011    2.20935564    2.71210994    2.95003594    1.45151160    2.61628993    1.69347863    1.71835979    1.55200591    2.01731007    2.26293691    2.38572995    2.20690590    2.37962818    1.75370116    2.09996838    2.28208828    2.00108463    2.30067827    2.21324850    1.64543839    2.11386490    2.25657052    1.91336296    2.13543792    3.13912206    2.20382269    2.17731678    1.57597216    1.70079121    2.01963705    2.39049919    2.03517114    1.83234539    2.29961243    2.13076260    2.75576528    2.08832906    2.04202276    1.83991938    1.69307127    1.87602621    1.43798498    1.59637530    1.60767434    2.04120212    1.80934293    1.82860749    1.87109514    1.59618595    1.58041399
F5HFX8_PORGI/29-116     1.55502487    1.72114017    1.89908789    2.28847626    1.69590999    1.76694254    1.67271336    1.24025636    1.41212329    2.18877882    2.64053915    1.53050900    1.32793838    1.98579206    1.78626541    1.53040926    1.64824802    2.05574407    1.31048036    1.67241419    1.41779308    1.46902565    1.28581921    1.67244280    1.66020934    1.46364590    1.78102522    0.00000000    1.14714235    1.20035535    1.05085713    1.40886915    1.94968057    1.42082587    1.89174169    1.61711257    1.97140021    2.69208179    2.45771961    1.58982225    2.16282729    1.30753457    1.01359468    1.14379234    1.97938224    1.36049149    1.58462496    1.48435536    1.65131085    1.64286679    1.66762042    1.69828113    1.83869776    2.03482671    1.44814116    1.30866095    1.98107196    2.49254647    1.38454013    1.60029419    2.24883926    2.32459617    2.01298497    1.62085620    1.51467237    1.68099654    1.84204020    1.98807040    1.41581070    1.90596762    1.50613118    1.53000662    1.60927299    1.86392719    1.76916292    1.53244744    1.85745754    1.32196085    1.40584210    1.44615340    1.65034869    1.57942674    1.46035807    1.19331001    1.48926713    1.36048234
R6T3L0_9BACE/34-121     1.76931494    1.85301537    1.75765485    2.01650007    1.47895179    2.06335326    2.20336619    1.83033230    1.90556335    1.89548060    2.92939618    1.34462933    1.58766041    1.87939121    1.47774956    1.73569715    1.79990409    1.87684157    1.87977047    2.09033636    1.52017704    1.79992879    1.71443055    1.83236522    1.83168445    1.59608798    1.92971154    1.14714235    0.00000000    1.00129125    1.16085913    1.50158231    2.07967290    1.65389409    1.98916579    2.04197617    2.42739693    2.34003782    2.51862848    1.99849316    2.02711068    1.68320937    1.75783044    1.65297494    1.87293397    1.60095953    1.65587589    1.63256795    1.91889603    2.10083603    2.01737471    2.00348169    1.88883247    2.21228408    1.72374354    1.64766097    2.03663101    2.34782775    1.99607242    1.64549310    2.22337562    2.18775178    1.88941788    1.57027810    1.86907333    1.87942864    2.11207418    1.94583590    1.72849040    1.51749565    1.75412221    1.87182368    2.12353005    1.85496666    1.85481009    1.37820192    1.87889477    1.52914301    1.40821914    1.60260567    1.91559064    1.51730492    1.68088152    1.56202732    1.81526100    1.71511683
F5HHM2_PORGI/36-122     1.91791784    1.69868638    1.49348455    1.79345549    1.56781318    2.12253143    1.82707923    1.52985262    1.92554519    2.20938961    3.08035155    1.45436217    1.63738274    1.40644432    1.66068244    1.48498531    1.56895875    1.77628992    1.51454884    1.59297673    1.56860009    1.65264159    1.64630193    1.44540105    1.71221146    1.68575301    2.10106824    1.20035535    1.00129125    0.00000000    0.92505042    1.46694329    1.79845168    1.41516678    2.08810270    1.83747004    2.14746150    2.46895717    3.06091126    1.70956932    1.88893212    1.32361518    1.41224110    1.23140565    1.98534593    1.35076331    1.28721946    1.34640640    1.44421274    1.62032352    1.50170984    1.49190326    1.39066794    1.60355273    1.33526720    1.66417255    2.31164618    2.14847801    1.62045267    1.43236868    1.86079323    2.76094776    1.57668101    1.72140714    2.06299162    2.19781622    1.75050676    2.38345069    1.54329829    1.72071286    1.70716623    1.61798309    1.93722516    1.71325326    1.80923666    1.55119901    1.80465516    1.31725596    1.22950484    1.52924534    1.52807308    1.36964048    1.40652325    1.41037420    1.60636386    1.46062757
D3ICS9_9BACT/36-123     1.79068005    1.73191022    1.99600463    1.93254344    1.87220118    2.42614951    2.06198680    1.76787145    1.81553724    2.19131157    2.41422106    1.73095736    1.81037708    1.96038961    1.65369821    2.10303523    1.78469825    1.94451073    1.49088225    1.87453897    1.71646682    1.71992375    1.65736785    1.48338473    1.58045364    1.63417892    2.42118251    1.05085713    1.16085913    0.92505042    0.00000000    1.35357352    2.41404386    1.56898271    1.99685808    2.11876571    2.48167910    2.42938254    2.91674474    2.08343098    2.09904059    1.55138974    1.53073521    1.51837980    2.14760547    1.72198876    1.89905444    1.56960684    1.81248571    2.01281771    2.06954982    2.07538605    1.75506852    2.00302832    1.92517795    1.84396582    2.18017973    2.65107838    1.86653760    1.52907661    2.50682798    2.58244132    1.76234348    1.73686870    2.36112775    2.30683895    1.88427483    2.17622723    1.74390962    1.94613361    1.74069060    1.73583587    2.26648471    1.89196337    1.91581067    1.41777923    1.90416554    1.57502347    1.64652678    1.69533865    1.59181874    1.63433911    1.66082449    1.83825731    1.76146198    1.49863654
R5W8L6_9BACT/29-113     1.49676554    1.44532670    1.51940806    1.95610907    1.36902155    1.61464663    1.82109313    1.50414630    1.55846678    2.34054991    2.95837122    1.77764945    1.78379253    2.16811548    1.67826340    2.45412595    1.83567571    2.06142748    1.76471671    2.27583464    1.60221909    2.20711685    1.42701254    1.94446019    1.67679325    1.49964486    2.09320797    1.40886915    1.50158231    1.46694329    1.35357352    0.00000000    2.10434458    1.29699076    1.69199323    1.71536969    2.60911125    2.08582233    2.87209174    1.74550921    2.46134865    1.50642399    1.40483562    1.86088729    1.93890629    1.94489739    2.07519630    1.76360282    1.85116133    1.94914517    2.21347073    1.93669577    2.40184496    2.55977365    1.42827745    2.12174187    2.13627404    2.32986538    1.78564171    1.49250911    2.08967326    2.10429608    1.78813516    1.53522596    1.64518406    1.92344013    1.72891980    1.89520766    1.53315909    1.39924507    2.13390391    1.57506063    1.61653548    1.62971680    1.56988916    1.62635772    2.01373592    1.79564799    1.55530851    1.29207520    1.83286834    1.77414852    1.72005545    1.53466391    1.88174466    1.74284989
