30
C4L283_EXISA/121-247     0.00000000    3.10806848    3.09241774    2.68915485    3.64455444    3.44018529    4.29169150    3.25308056    3.73639086    3.30513951    4.95519059    4.54607202    3.29074121    3.41744240    3.94755352    4.79572745    4.95671441    4.07468477    3.41515807    4.16294103    4.05386949    3.47885215    4.26651954    4.52222030    4.46164531    3.38018301    3.11606073    3.71528354    4.59967203    3.41866162
Q6D7I6_PECAS/531-652     3.10806848    0.00000000    1.95960238    1.36752160    2.71540898    2.22508024    2.45066531    4.07234754    3.78429829    3.23427015    2.77948182    3.94967138    2.71866542    3.04943439    3.99305422    3.17572802    3.36964130    3.45899509    3.95503401    3.25041231    4.35800185    3.27225274    3.43791122    3.31974582    3.39350930    3.50150479    3.25931309    3.73762807    3.40616066    4.28737640
Q2KWC3_BORA1/557-674     3.09241774    1.95960238    0.00000000    1.49528324    3.62021976    2.99886794    2.77682985    3.89872165    2.76668889    3.76877328    3.38060542    3.71849919    2.83214091    2.44203090    3.48765697    3.39328865    3.40113793    3.41571579    4.16748963    3.83381484    4.49800837    2.96868610    3.69747815    3.49417008    3.58967323    3.78602059    3.62178768    3.44414401    4.89321688    4.82611024
C6WWQ9_METML/533-664     2.68915485    1.36752160    1.49528324    0.00000000    3.45665209    2.19834564    2.55513377    3.52257367    3.74415429    3.14866213    2.65985284    3.55128519    3.12086869    2.42087629    3.34157267    3.58683188    3.24955731    4.62296406    4.37443998    3.98890745    4.05347582    3.69528849    3.93545635    3.78218519    3.64121374    3.54547505    3.00968548    3.24713420    4.81211013    4.13576472
B3QTF1_CHLT3/189-311     3.64455444    2.71540898    3.62021976    3.45665209    0.00000000    2.36915913    3.15056624    3.89035649    4.29165298    2.98802624    3.52784504    3.91560780    3.60160555    3.13394687    3.50204552    4.95406224    3.63024220    3.69405734    4.99353380    3.83983031    3.81457702    4.21838977    4.88014397    3.66305554    5.30744818    3.71858356    3.95811507    3.40342992    4.99158586    3.68951685
A7IKC2_XANP2/529-648     3.44018529    2.22508024    2.99886794    2.19834564    2.36915913    0.00000000    0.68606100    3.10229893    3.30480385    2.30194321    3.42438309    3.41816894    3.79688322    3.10900024    4.17015679    3.79640778    3.14214775    3.34293031    3.03230932    3.41941148    2.61681761    3.60214659    3.70946757    3.14008080    4.79602204    4.61313583    3.62037232    3.04069491    4.78038873    3.52967397
A9HGJ6_GLUDA/528-647     4.29169150    2.45066531    2.77682985    2.55513377    3.15056624    0.68606100    0.00000000    2.95168834    3.16808616    2.99986977    3.75815103    2.92071047    3.34544499    3.12289174    5.09083688    3.66317851    3.30153936    3.17637844    3.97257072    4.01707423    3.11334503    3.61873003    3.80888621    3.66515060    4.10019163    4.79565529    4.22391536    3.15495246    5.54321607    5.01037081
A7H8F8_ANADF/224-358     3.25308056    4.07234754    3.89872165    3.52257367    3.89035649    3.10229893    2.95168834    0.00000000    3.74783246    2.27357404    3.94092134    2.65623969    3.44311026    3.83715716    3.35569649    3.24757541    5.42102625    3.96173891    3.67790601    4.46632632    5.48440124    3.82185058    3.69111030    4.31026701    3.65932073    4.26358550    3.35713568    4.10493869    5.86306585    5.13074006
D3Q8R9_STANL/213-342     3.73639086    3.78429829    2.76668889    3.74415429    4.29165298    3.30480385    3.16808616    3.74783246    0.00000000    2.37708346    4.48539316    3.69099203    3.43063110    3.03753695    4.78587321    4.14380312    4.07437077    4.52430912    5.92110771    4.71374094    4.05955639    3.08945584    3.92668606    4.40777195    4.73493256    5.97502546    3.98286384    3.48105091    5.03619453    5.53633610
E3JB78_FRAIE/430-556     3.30513951    3.23427015    3.76877328    3.14866213    2.98802624    2.30194321    2.99986977    2.27357404    2.37708346    0.00000000    3.48922182    2.74699186    3.57024572    3.44196557    3.30446059    3.27594041    2.86162277    3.90753571    3.58909151    3.43213542    3.03665015    3.88993908    2.92622934    3.98118384    4.43452888    4.22706547    3.52657108    2.69943910    3.87686573    3.41862416
Q2W648_MAGSA/431-566     4.95519059    2.77948182    3.38060542    2.65985284    3.52784504    3.42438309    3.75815103    3.94092134    4.48539316    3.48922182    0.00000000    2.95698522    2.77857671    2.94291187    3.45568185    4.84881649    4.01926124    3.77040584    3.44758362    3.55850060    3.98979495    3.95167778    4.82578860    4.38719329    3.09303764    4.12330120    4.15754953    4.25275821    3.65276576    3.53268734
Q0W8F5_METAR/262-398     4.54607202    3.94967138    3.71849919    3.55128519    3.91560780    3.41816894    2.92071047    2.65623969    3.69099203    2.74699186    2.95698522    0.00000000    2.44690285    3.10499012    3.56894928    3.83681893    3.74800498    3.39284593    4.72151503    4.14184576    3.44888594    4.13244096    3.61224718    4.10417249    4.77690229    3.72799958    2.77474736    3.41718926    3.72370855    4.62896601
Q0W5M6_METAR/279-405     3.29074121    2.71866542    2.83214091    3.12086869    3.60160555    3.79688322    3.34544499    3.44311026    3.43063110    3.57024572    2.77857671    2.44690285    0.00000000    2.81421904    3.84639393    3.53766926    4.20613400    3.94257279    4.26871061    3.46700389    4.08322580    3.90293857    4.41782865    4.22515639    3.79392934    3.86488886    2.68138417    3.67573606    3.39659874    3.77726540
C7NWM3_HALMD/28-153     3.41744240    3.04943439    2.44203090    2.42087629    3.13394687    3.10900024    3.12289174    3.83715716    3.03753695    3.44196557    2.94291187    3.10499012    2.81421904    0.00000000    3.73764593    3.32651219    3.19941988    3.26589076    3.93111538    3.78029442    3.43966907    3.00335554    3.30637909    3.70936455    2.73112247    3.71095410    2.62595824    3.16164451    3.95119260    3.02971757
A5G3Y6_GEOUR/325-461     3.94755352    3.99305422    3.48765697    3.34157267    3.50204552    4.17015679    5.09083688    3.35569649    4.78587321    3.30446059    3.45568185    3.56894928    3.84639393    3.73764593    0.00000000    3.76860571    3.28452065    3.31379756    4.39379205    3.51391933    3.48448239    3.54439202    4.04457127    4.92237290    4.20229060    3.73960412    3.23674406    3.57087523    5.30860854    4.56954245
B2JFE2_PARP8/21-158     4.79572745    3.17572802    3.39328865    3.58683188    4.95406224    3.79640778    3.66317851    3.24757541    4.14380312    3.27594041    4.84881649    3.83681893    3.53766926    3.32651219    3.76860571    0.00000000    2.87313318    3.56202575    3.25454565    3.99256528    3.89882576    3.17123302    2.85596247    3.62214433    4.79830036    4.25771486    2.87458547    4.11403564    4.17979686    3.81729170
C6BXK6_DESAD/46-174     4.95671441    3.36964130    3.40113793    3.24955731    3.63024220    3.14214775    3.30153936    5.42102625    4.07437077    2.86162277    4.01926124    3.74800498    4.20613400    3.19941988    3.28452065    2.87313318    0.00000000    2.87578327    3.67131821    3.55403076    2.70749261    3.67736555    3.91723552    3.79400931    4.26630143    3.52792226    4.55951585    3.09568414    4.58987047    3.52088996
D1CF52_THET1/963-1092     4.07468477    3.45899509    3.41571579    4.62296406    3.69405734    3.34293031    3.17637844    3.96173891    4.52430912    3.90753571    3.77040584    3.39284593    3.94257279    3.26589076    3.31379756    3.56202575    2.87578327    0.00000000    2.34411808    4.00743870    3.00900501    3.41548848    3.34081573    3.80143532    4.70116638    3.56022469    3.68884725    3.66877410    4.35756796    4.35481574
Q8TNL9_METAC/131-270     3.41515807    3.95503401    4.16748963    4.37443998    4.99353380    3.03230932    3.97257072    3.67790601    5.92110771    3.58909151    3.44758362    4.72151503    4.26871061    3.93111538    4.39379205    3.25454565    3.67131821    2.34411808    0.00000000    3.76978342    3.19839313    3.66216244    3.14226739    4.63808352    4.05550187    3.19619216    5.18252929    4.70149851    4.82822218    3.23753434
B8I3U0_RUMCH/41-168     4.16294103    3.25041231    3.83381484    3.98890745    3.83983031    3.41941148    4.01707423    4.46632632    4.71374094    3.43213542    3.55850060    4.14184576    3.46700389    3.78029442    3.51391933    3.99256528    3.55403076    4.00743870    3.76978342    0.00000000    3.16997564    2.99991825    3.45331259    4.56222064    3.02588218    3.64527701    4.12482781    4.17924796    3.54158080    3.75616834
Q8YXA7_NOSS1/179-311     4.05386949    4.35800185    4.49800837    4.05347582    3.81457702    2.61681761    3.11334503    5.48440124    4.05955639    3.03665015    3.98979495    3.44888594    4.08322580    3.43966907    3.48448239    3.89882576    2.70749261    3.00900501    3.19839313    3.16997564    0.00000000    2.89377052    3.07087565    4.16492679    3.28880611    3.29651648    3.19970886    4.20677143    4.33990558    3.07507949
A0LBX7_MAGMM/200-330     3.47885215    3.27225274    2.96868610    3.69528849    4.21838977    3.60214659    3.61873003    3.82185058    3.08945584    3.88993908    3.95167778    4.13244096    3.90293857    3.00335554    3.54439202    3.17123302    3.67736555    3.41548848    3.66216244    2.99991825    2.89377052    0.00000000    3.03373090    4.29655572    3.85774598    3.63659604    3.02819412    3.00812496    3.73759517    3.69173686
C0ZI45_BREBN/220-350     4.26651954    3.43791122    3.69747815    3.93545635    4.88014397    3.70946757    3.80888621    3.69111030    3.92668606    2.92622934    4.82578860    3.61224718    4.41782865    3.30637909    4.04457127    2.85596247    3.91723552    3.34081573    3.14226739    3.45331259    3.07087565    3.03373090    0.00000000    3.71938585    4.18227932    3.43774100    4.34163255    3.80456676    3.26349870    4.06209712
Q67L27_SYMTH/170-304     4.52222030    3.31974582    3.49417008    3.78218519    3.66305554    3.14008080    3.66515060    4.31026701    4.40777195    3.98118384    4.38719329    4.10417249    4.22515639    3.70936455    4.92237290    3.62214433    3.79400931    3.80143532    4.63808352    4.56222064    4.16492679    4.29655572    3.71938585    0.00000000    4.13787098    3.33579328    3.86013479    3.80011176    5.17872025    3.78609957
A0L4U5_MAGMM/168-305     4.46164531    3.39350930    3.58967323    3.64121374    5.30744818    4.79602204    4.10019163    3.65932073    4.73493256    4.43452888    3.09303764    4.77690229    3.79392934    2.73112247    4.20229060    4.79830036    4.26630143    4.70116638    4.05550187    3.02588218    3.28880611    3.85774598    4.18227932    4.13787098    0.00000000    2.42514437    3.77820328    4.80287375    3.67508052    4.62962521
D5A0D5_ARTPN/506-649     3.38018301    3.50150479    3.78602059    3.54547505    3.71858356    4.61313583    4.79565529    4.26358550    5.97502546    4.22706547    4.12330120    3.72799958    3.86488886    3.71095410    3.73960412    4.25771486    3.52792226    3.56022469    3.19619216    3.64527701    3.29651648    3.63659604    3.43774100    3.33579328    2.42514437    0.00000000    4.11915298    4.93084814    3.55091993    4.15187123
A9B248_HERA2/436-568     3.11606073    3.25931309    3.62178768    3.00968548    3.95811507    3.62037232    4.22391536    3.35713568    3.98286384    3.52657108    4.15754953    2.77474736    2.68138417    2.62595824    3.23674406    2.87458547    4.55951585    3.68884725    5.18252929    4.12482781    3.19970886    3.02819412    4.34163255    3.86013479    3.77820328    4.11915298    0.00000000    2.81600828    4.81471872    3.50865267
Q8REK9_FUSNN/68-193     3.71528354    3.73762807    3.44414401    3.24713420    3.40342992    3.04069491    3.15495246    4.10493869    3.48105091    2.69943910    4.25275821    3.41718926    3.67573606    3.16164451    3.57087523    4.11403564    3.09568414    3.66877410    4.70149851    4.17924796    4.20677143    3.00812496    3.80456676    3.80011176    4.80287375    4.93084814    2.81600828    0.00000000    4.08822624    3.25244616
Q3AAP6_CARHZ/185-312     4.59967203    3.40616066    4.89321688    4.81211013    4.99158586    4.78038873    5.54321607    5.86306585    5.03619453    3.87686573    3.65276576    3.72370855    3.39659874    3.95119260    5.30860854    4.17979686    4.58987047    4.35756796    4.82822218    3.54158080    4.33990558    3.73759517    3.26349870    5.17872025    3.67508052    3.55091993    4.81471872    4.08822624    0.00000000    3.34521033
A3DEY8_HUNT2/93-220     3.41866162    4.28737640    4.82611024    4.13576472    3.68951685    3.52967397    5.01037081    5.13074006    5.53633610    3.41862416    3.53268734    4.62896601    3.77726540    3.02971757    4.56954245    3.81729170    3.52088996    4.35481574    3.23753434    3.75616834    3.07507949    3.69173686    4.06209712    3.78609957    4.62962521    4.15187123    3.50865267    3.25244616    3.34521033    0.00000000

