11
O25605_HELPY/2-72     0.00000000    0.53364744    0.69170794    0.81712006    0.69991382    4.27953215    0.74619886    0.81163303    0.75752356    0.83768801    0.77175447
Q7VGT0_HELHP/1-71     0.53364744    0.00000000    0.72308259    0.64586722    0.59643732    5.00925795    0.68704443    0.79159110    0.78342945    0.83742801    0.85262802
Q7MST1_WOLSU/1-70     0.69170794    0.72308259    0.00000000    0.63805292    0.68304128    5.19040611    0.74935947    0.82778530    0.74995459    0.70470968    0.91896249
D3UFV7_HELM1/1-71     0.81712006    0.64586722    0.63805292    0.00000000    0.68755997    3.97532269    0.68552242    0.93836372    0.80835672    0.80367447    0.87404475
A6Q4A2_NITSB/1-71     0.69991382    0.59643732    0.68304128    0.68755997    0.00000000    4.60507862    0.48127354    0.73921922    0.59982826    0.71053076    0.80094624
D3E525_GEOS4/5-81     4.27953215    5.00925795    5.19040611    3.97532269    4.60507862    0.00000000    3.34993662    4.10044631    4.64128267    4.18915305    5.34610891
D1AZU8_SULD5/1-72     0.74619886    0.68704443    0.74935947    0.68552242    0.48127354    3.34993662    0.00000000    0.68981283    0.65832098    0.63959271    0.86504550
Q30RC6_SULDN/1-72     0.81163303    0.79159110    0.82778530    0.93836372    0.73921922    4.10044631    0.68981283    0.00000000    0.84073406    0.62518835    0.75263497
A7I2R8_CAMHC/1-71     0.75752356    0.78342945    0.74995459    0.80835672    0.59982826    4.64128267    0.65832098    0.84073406    0.00000000    0.63757554    0.68013763
A8ESS6_ARCB4/1-71     0.83768801    0.83742801    0.70470968    0.80367447    0.71053076    4.18915305    0.63959271    0.62518835    0.63757554    0.00000000    0.56939708
Q0PC17_CAMJE/1-71     0.77175447    0.85262802    0.91896249    0.87404475    0.80094624    5.34610891    0.86504550    0.75263497    0.68013763    0.56939708    0.00000000

