86
F4BSE4_CARS1/527-598     0.00000000    0.76726064    0.75231526    0.77170785    0.85143946    0.89201024    2.42541129    1.54329195    1.79754972    1.81198941    1.74118010    1.92130583    2.43201436    2.25046265    2.59053235    2.20002608    2.07465775    1.71701725    2.34995556    1.92329609    1.86557928    1.90368499    1.94096064    2.48618180    1.87710833    2.02956454    1.71316077    2.79649850    2.24135843    2.08348830    1.91948546    2.10081275    2.22302491    2.56281350    3.19129132    2.46188835    2.40344275    2.81257589    2.83834497    2.77564920    1.53367026    2.24933893    1.57826284    2.87618893    2.97591696    3.39428508    2.64858596    2.67586259    2.87942670    2.91740317    3.06645267    2.85952023    2.27390362    3.69435299    2.82762635    1.98924024    1.97175127    2.28701413    2.46085175    1.76995575    2.09332220    2.77069837    2.30024702    4.47634892    4.41429126    3.78212181    2.95626285    2.60501312    2.62177429    2.06200051    2.18837590    1.95864806    2.53035699    1.67681350    2.71005353    2.34288218    1.68933442    1.77035320    2.19999260    2.30502105    2.39009821    2.82015409    2.31810844    2.00289879    1.88106887    1.91580501
F4BSE4_CARS1/849-918     0.76726064    0.00000000    0.57946876    0.62884993    0.61324549    0.79318117    2.44742746    1.49844856    1.74912251    2.07418421    1.47328678    1.73756202    2.77693135    2.00660900    2.33902281    2.20158818    2.16790763    2.06162049    2.20134675    2.07320264    1.95592330    2.42048290    2.05110910    2.89741933    2.11115990    2.16384744    2.09464323    2.04334368    2.38553047    2.21596132    2.15976322    2.27371429    2.34473400    2.30918376    3.53239697    2.62327799    2.44650087    2.06772872    3.16554022    2.71758983    1.84801574    2.16276026    1.83318017    2.42118435    2.67949377    3.26796625    2.81096563    2.09908226    2.37911905    2.77167671    2.61101121    2.19139416    1.94397834    2.98282834    2.78369992    1.69892005    1.68396778    1.85267441    2.19638659    1.82620873    1.79377300    2.50632728    2.58058272    3.37914766    3.54782750    3.18498229    2.57537297    2.80380088    2.84541360    1.70101277    1.93952117    1.71418149    2.29095577    1.93689723    2.93840720    2.72474013    1.87266244    1.99316001    2.27503294    1.87086455    2.15689856    2.43101592    2.02993285    1.76103269    1.98042182    2.01117761
F4BSE4_CARS1/928-999     0.75231526    0.57946876    0.00000000    0.70552035    0.55423625    0.75592781    2.03686902    1.87682508    1.92810597    1.94977772    1.54566335    1.41977248    2.56064758    1.87265374    2.22851370    1.92780466    1.81938303    1.88094737    1.88504833    1.86375596    1.92266876    1.86321766    1.80777606    2.91411116    1.99487610    1.87466361    2.00594178    2.37605233    2.10911135    2.05728471    1.82336900    2.18001642    2.37403498    2.31062065    3.22243450    2.31009009    2.32305316    2.69388103    2.54057455    3.14989196    1.93849993    2.26006648    1.60440377    2.61258316    2.34862348    2.57414462    2.41620370    2.56635328    2.62984558    3.29111754    2.53624976    2.14800404    2.01980229    3.18786437    2.51816724    1.81525979    1.51554212    1.84016835    1.85260807    1.49796952    1.45006244    2.23238630    2.17765248    3.80582508    3.43293682    2.86242331    2.84891558    2.64992093    2.56692817    1.96297041    1.84587095    1.75527791    1.81759457    1.57264582    2.35308175    1.90713251    1.52131215    1.50523276    2.03419497    1.86344841    2.09310996    2.38553267    1.72066893    1.74856566    1.62649266    2.21475665
F4BSE4_CARS1/608-679     0.77170785    0.62884993    0.70552035    0.00000000    0.50611326    0.66657928    2.52292678    1.69834520    2.03499994    2.05644207    1.78684035    1.73789399    2.24099570    2.06960988    2.68916337    2.58976830    2.48916080    1.99017163    2.01895657    2.17652183    1.91046483    2.29465645    1.78341876    3.25225822    2.17974184    1.86451280    1.69817022    2.55498667    2.09480703    1.96184919    1.92894466    2.18479567    2.43287744    2.32385532    3.83818834    2.35795523    2.47219462    2.67701606    2.85988207    2.48562484    1.71843022    2.05301638    1.18287906    3.56159777    2.29004427    2.94757097    2.52934788    2.22808987    2.45658164    2.32937079    2.36003025    2.14962123    2.11084811    2.85484259    2.61803816    1.81441787    1.87838625    1.88635681    1.71078016    1.77140644    1.77610870    2.67574340    1.94142641    3.89919146    4.39133862    3.90583809    3.37459213    2.90550192    3.04400280    1.98248317    2.19296599    1.84284727    2.97089040    1.66676316    2.90966942    2.10869084    2.24961484    1.80690935    2.39663428    1.98443458    2.23422725    2.70687829    1.79407474    1.83515129    1.94563202    1.70001158
F4BSE4_CARS1/770-839     0.85143946    0.61324549    0.55423625    0.50611326    0.00000000    0.76365294    2.80574766    1.46501004    1.65738083    1.90612578    1.71975190    1.52790495    2.37110344    1.89811513    2.39149091    2.13315723    2.02130462    2.05947901    1.79994992    2.01845648    1.91524526    1.94994730    1.73580721    2.95492922    1.93052967    1.98809738    1.85093453    2.53890840    2.09453407    2.10362855    1.73001771    2.54377785    2.64561642    2.26793916    3.49006262    2.61048122    2.24818393    2.30887538    3.13650208    2.90905669    1.94844355    2.23463321    1.64893451    2.90991581    2.69937759    3.06166934    2.76445372    1.98239046    2.48600901    3.04532789    2.57742558    2.18081978    2.25137669    3.03674071    3.15421697    2.01265050    1.55784627    1.76168352    1.97895083    1.65896027    1.81646959    2.39627874    2.20709611    4.24490042    4.91588310    4.33215522    3.00888085    2.88815818    2.50399138    1.84873382    2.10010032    1.96710872    2.26677412    1.85052315    2.26597015    2.04154633    1.91828289    1.88552521    2.24886298    2.04182605    2.35475476    3.20480942    1.61648044    1.53845186    1.54440053    1.87059068
F4BSE4_CARS1/689-760     0.89201024    0.79318117    0.75592781    0.66657928    0.76365294    0.00000000    2.21690465    1.46521449    1.70903517    2.00834275    1.67171742    1.80776271    2.15099066    1.48720524    2.34015973    1.97644458    1.87120718    2.04844684    2.00896984    1.56531781    1.55461923    1.68672961    1.41302173    2.30806044    1.62541712    1.88573551    1.74677531    2.07265298    1.83299303    1.83288571    1.79180743    1.93164130    2.21985293    2.32573802    2.51787986    1.96179871    1.95242941    2.51769432    2.66811298    2.42812156    1.65376220    1.99397154    1.52259801    2.82962409    2.52315418    2.89269792    3.14476734    2.25846281    2.86884172    2.77446208    2.67802933    2.05833194    2.09492076    3.64132703    2.65553505    2.14763910    2.15512912    1.89381484    2.05248865    1.86021726    1.87397107    2.47616546    2.33684886    3.85929572    4.10605116    3.79479211    2.99012755    2.71856031    2.74276313    2.35537061    2.14708930    2.32604399    2.34465926    1.91062104    2.19391842    2.12052746    2.07034117    1.81802650    2.06785414    2.19681097    2.42493660    3.29257388    1.60464095    1.93852086    1.88545494    1.87155305
G9WGW2_9LACO/421-504     2.42541129    2.44742746    2.03686902    2.52292678    2.80574766    2.21690465    0.00000000    3.02592514    1.87890780    2.36163181    2.22362460    2.22448315    1.94200078    2.12227632    3.49241792    2.49124780    3.07215675    1.82557593    2.55935481    2.85960084    1.76493501    1.72290343    1.58984084    1.72933218    1.44632428    1.36410216    1.66540482    2.38156378    2.09230368    2.66018686    2.80684117    1.89166974    2.71474036    2.47690918    3.78659608    2.59532978    2.24818798    2.88472643    2.53673299    2.38337855    1.87296523    2.87075130    2.48040186    3.49439982    3.12481494    3.87442665    2.75622886    2.39685358    2.44501760    2.82309880    2.90044985    4.02114651    2.51153708    3.19110682    3.27378450    3.16819988    3.08013029    3.17317545    2.93941379    3.40547788    2.97041838    4.23268512    2.45994082    3.64023401    3.27121723    3.15372574    2.94088399    2.82924412    3.07294317    2.54401887    3.47265745    2.57793469    3.21291902    2.97585694    2.70621094    2.52944527    3.11887581    2.83628547    2.77444144    2.72764926    3.55382185    3.81694448    3.45919707    3.09275266    3.49354754    2.71239900
Q03CH3_LACP3/321-398     1.54329195    1.49844856    1.87682508    1.69834520    1.46501004    1.46521449    3.02592514    0.00000000    1.09807575    1.18836622    1.22981453    1.45249491    1.39829484    1.33277148    1.72585521    2.09276095    1.68144842    1.64031870    1.81553469    1.55150621    1.49143514    1.63564628    1.44443753    1.98722106    1.51621124    1.70738838    1.60647728    1.73150224    1.50779880    1.75689108    1.51632045    1.45323474    1.83820779    1.90601952    3.57924281    2.07898682    1.68740816    2.06365245    2.22693192    1.95905720    1.82899092    1.67169506    1.39177183    2.56722777    2.18140142    3.15861202    1.87511245    2.46349834    2.95917431    3.22559212    2.92850129    2.46064397    2.46596884    3.15003313    3.44678046    1.68766210    1.80171255    1.59179997    1.81672142    1.71617766    1.71494654    2.66431007    2.62380734    3.28339628    2.57919271    2.87921218    2.87096870    3.35407659    2.65200429    2.04604244    2.38415464    1.59985048    1.81741159    1.35923444    2.33482775    2.25581246    2.67555156    1.70501657    2.09328985    2.65940068    2.15541768    2.95978756    2.01624212    1.68402095    1.89539000    2.45127023
Q03CH3_LACP3/581-659     1.79754972    1.74912251    1.92810597    2.03499994    1.65738083    1.70903517    1.87890780    1.09807575    0.00000000    0.51502163    0.90606629    0.96027688    0.93598019    0.80366823    1.71364290    1.57262564    1.49014848    1.31005568    1.68036456    1.57109485    1.58702956    1.49572577    1.47339365    1.88170692    1.26801525    1.55590435    1.52422464    1.69581504    1.29155901    1.22443523    1.20000357    1.16075744    1.63844614    1.49127639    2.63972903    1.99159553    1.38229903    1.69045109    2.08059894    1.84558713    1.65993087    1.50728426    1.67571218    2.60617724    3.46351560    3.14580676    2.22887656    1.91483613    1.99204736    2.56895838    2.39851653    3.04999057    2.26540960    2.87036325    3.03917463    2.28911249    2.25765942    2.39941080    2.31764716    2.47373884    2.47554381    3.48485364    2.82401515    2.55361974    2.57317894    2.94680074    3.15209470    3.00381069    2.67058662    2.27189816    2.04711599    1.64294776    1.44619454    1.69080703    2.26569267    2.59524158    1.89010284    1.95158388    2.64374229    2.77265195    2.91017068    4.05538541    2.52912063    2.02861369    2.02247804    2.01040567
Q03CH3_LACP3/754-832     1.81198941    2.07418421    1.94977772    2.05644207    1.90612578    2.00834275    2.36163181    1.18836622    0.51502163    0.00000000    1.02678244    1.03866580    1.11400490    0.83708461    2.00683849    1.90551257    1.77403501    1.32570967    1.63149703    1.81175586    1.70054712    1.91166140    1.59929727    2.04657292    1.39726086    1.62806823    1.64987290    1.86711454    1.76304428    1.46227087    1.44626983    1.34246628    1.71010792    1.88957533    4.29056079    2.37781561    1.73384843    2.17120875    2.21086548    1.95674674    1.71189445    1.61542605    1.58600761    2.61109790    4.64601519    3.85685831    2.12528126    2.37769351    2.10034866    3.14354739    2.37736107    3.21980694    1.88866090    3.95941462    3.89274382    2.83140811    2.37778617    2.71121623    2.82591245    2.64427370    2.77543687    4.60196026    2.65811160    2.61643468    2.63614440    2.75902260    3.63801055    3.29999969    2.75730425    2.56236638    2.52165398    1.96738759    2.02747320    1.70857515    2.48042828    3.06885369    1.88568512    2.02296694    3.05475819    3.25998942    3.16620137    4.22051328    3.42048233    2.73948952    2.47830111    2.67777037
Q03CH3_LACP3/668-746     1.74118010    1.47328678    1.54566335    1.78684035    1.71975190    1.67171742    2.22362460    1.22981453    0.90606629    1.02678244    0.00000000    0.58093068    0.91753365    0.79918152    1.51662193    1.31987859    1.33821467    1.62384136    1.74129128    1.35857572    1.65018454    1.50349709    1.45826192    1.74790581    1.63483411    1.78386231    1.57330823    1.27757463    1.31701814    1.26762624    1.21701829    1.26232655    1.50386643    1.38612206    2.51883954    2.04630610    1.40583341    1.65917589    1.83366351    1.60360068    1.36320177    1.41037751    1.69570369    2.15897559    2.40209923    2.86194016    2.03353594    2.39366983    2.16411941    2.48218945    2.81737680    2.96754245    2.05146896    3.21944811    2.33500064    2.14495318    2.37261364    2.14031845    2.47232674    2.33050176    2.42128724    3.78229255    3.27902535    2.84342642    2.66169790    2.54701120    3.14147042    2.97214346    3.35820304    2.18131405    1.74374277    1.60202853    1.50314780    1.72739498    2.75466915    2.84074991    2.03551845    1.90729515    3.15428556    2.91212287    2.90462083    3.13174515    2.89020239    2.29994444    2.18846684    2.64512543
Q03CH3_LACP3/841-919     1.92130583    1.73756202    1.41977248    1.73789399    1.52790495    1.80776271    2.22448315    1.45249491    0.96027688    1.03866580    0.58093068    0.00000000    1.01217948    0.95884073    1.76401862    1.34407483    1.43826105    1.79333232    2.04418449    1.64923839    1.68630584    1.74598464    1.33782956    1.90892183    1.56913790    1.90618228    1.77496335    1.61168874    1.38346884    1.23757892    1.19059359    1.29992586    1.86010419    1.42507754    2.93502376    1.84396997    1.78307537    1.97081836    2.37107168    1.60279149    1.61774292    1.64643671    1.49255544    2.27933786    3.63953720    3.38681258    1.99933205    2.80707131    2.27097239    2.99646371    3.05412672    2.62538742    2.52502464    3.13280327    2.80050369    2.40987388    1.79399668    2.49143496    2.71994078    2.25772107    2.22994595    3.83862226    3.17567279    2.66627071    2.94625544    3.13953295    3.14837550    2.93381072    2.83981186    1.91058499    1.77918584    1.61765203    1.32249006    1.60858349    2.28496722    1.92989727    1.56025904    1.95537561    2.57692969    2.78949043    2.99599830    3.21113979    2.49395424    2.25542729    1.98390155    2.13031986
Q03CH3_LACP3/407-485     2.43201436    2.77693135    2.56064758    2.24099570    2.37110344    2.15099066    1.94200078    1.39829484    0.93598019    1.11400490    0.91753365    1.01217948    0.00000000    0.90069006    1.89726776    1.83641551    1.84124141    1.69878124    1.63680298    1.45596372    1.30376518    1.29547122    1.26778261    1.71043374    1.39727187    1.72384252    1.68554138    1.60847237    1.19894863    1.34504560    1.04178229    1.27606202    1.83810703    1.69321407    3.48216501    1.74536321    1.50504905    1.76590771    1.80115167    1.50697036    1.72517516    1.51520910    1.28121700    3.00652760    2.65167130    3.59832482    2.27658508    2.83528429    2.34232601    2.67883791    3.28402839    3.23883006    2.90150506    2.74695607    3.11606402    2.52455536    2.63557277    3.04185450    2.40567221    2.55289248    2.70125589    4.31503638    3.78468689    3.13336347    3.78243389    3.84060430    3.69221880    3.45988210    3.68729342    2.32010495    2.33008251    1.80560907    1.87078021    1.98190259    2.55493632    2.54438626    2.64288959    2.31515617    2.15854254    2.62186826    2.67939950    4.71143234    3.00569099    2.19893202    2.23662551    2.36798035
Q03CH3_LACP3/494-572     2.25046265    2.00660900    1.87265374    2.06960988    1.89811513    1.48720524    2.12227632    1.33277148    0.80366823    0.83708461    0.79918152    0.95884073    0.90069006    0.00000000    1.42221886    1.57615200    1.73158376    1.56835309    1.81249394    1.39887251    1.59244128    1.31835069    1.37608679    1.90084572    1.55927444    1.71251590    1.44942572    1.50369475    1.39321411    1.30802464    1.10291519    1.14142063    1.54114625    1.45239405    2.07250791    1.49701018    1.25697018    1.78402790    1.96027711    1.20889891    1.31937459    1.43266279    1.36847809    2.57368084    3.02627947    3.32708446    2.60602677    2.70492840    2.62622642    2.70606234    2.37160108    2.65626323    2.57932316    3.00258278    3.37743777    2.48318916    2.00940017    2.28672815    2.50764236    2.22406554    2.16310209    3.50943648    3.30418891    2.79056221    2.63382229    2.97485000    3.07287961    2.78662600    2.89246811    1.89267966    1.55906723    1.66222349    1.62216794    1.67144429    2.60840296    2.38486242    2.08965209    2.01070415    2.44868568    2.82182448    2.11923838    3.62527492    2.59043420    2.18983772    2.28925461    2.50203823
G9WGW2_9LACO/510-594     2.59053235    2.33902281    2.22851370    2.68916337    2.39149091    2.34015973    3.49241792    1.72585521    1.71364290    2.00683849    1.51662193    1.76401862    1.89726776    1.42221886    0.00000000    1.06169852    1.27377689    1.29014261    1.34936690    1.41212855    1.53653881    1.58138466    1.45151953    1.73414122    1.52598890    2.33892748    2.18965385    1.23358330    1.18320726    1.43410879    1.28490205    1.34824535    1.22396793    1.07471687    2.83812749    1.61832841    1.09917979    1.73821190    1.83981591    1.55026614    2.65568112    2.01868112    2.38259527    2.35008522    3.35931488    3.90716156    4.35027966    4.00180105    3.22331145    4.72404424    3.31911598    3.63183445    2.85667278    3.60191681    3.33660235    2.75616468    2.45391837    2.72821114    3.30687975    3.06434605    2.91090940    3.62995299    3.60873283    4.25488937    3.14472797    3.15392529    3.34137285    2.85567256    3.08093891    2.54081062    2.11654643    1.95697086    1.78320764    1.71718756    3.29673703    3.25882515    2.17819867    2.54490160    3.22700808    3.94921194    3.63381493    3.57431075    2.92496713    2.20133612    2.82171774    3.43702008
G9WIB7_9LACO/153-237     2.20002608    2.20158818    1.92780466    2.58976830    2.13315723    1.97644458    2.49124780    2.09276095    1.57262564    1.90551257    1.31987859    1.34407483    1.83641551    1.57615200    1.06169852    0.00000000    0.83709671    1.06910966    1.56291761    1.33578017    1.39396312    1.18808942    1.05334571    1.31080586    1.13663304    1.74010527    1.59382818    1.19435481    1.05005250    1.03298688    1.09838142    1.26043855    1.32515057    0.95237865    2.77719664    1.46757174    1.20190081    1.42239133    1.19890706    1.33852844    1.83117079    2.08129888    2.17942148    2.07619770    3.27174743    4.28862979    3.24618807    3.24000223    2.56896182    3.50126926    3.41205221    3.40378889    2.83438623    4.32537168    2.93409731    3.13384718    2.37453999    2.46129559    3.72068545    2.92536607    2.98007130    3.67663309    2.72705925    3.94016101    2.90754257    2.60675247    2.94491436    3.03602572    3.47114473    2.51603876    1.89156199    1.74459327    1.91706830    1.64156814    2.23701624    2.30098193    2.14161316    1.83117181    2.90351631    2.70733621    3.13267108    3.18251015    2.67033700    2.22493237    2.32998694    2.80890536
G9WIB7_9LACO/424-506     2.07465775    2.16790763    1.81938303    2.48916080    2.02130462    1.87120718    3.07215675    1.68144842    1.49014848    1.77403501    1.33821467    1.43826105    1.84124141    1.73158376    1.27377689    0.83709671    0.00000000    1.39882047    1.62858555    1.40321221    1.52808641    1.29354930    1.21392439    1.46119305    1.18528302    1.99750466    1.68863792    1.11643592    1.05380788    1.05149385    1.15421261    1.24279675    1.57229837    1.26360001    3.86876227    1.95806053    1.24367262    1.79969296    1.61821711    1.62156202    1.97914718    2.22744266    2.12847513    2.36787231    3.05539067    4.20961657    2.75910396    3.25958303    2.55407683    4.20035916    3.61656354    3.71019796    2.70678981    3.76414407    3.00882997    2.71643920    2.98019050    3.01942380    3.64133462    3.12292036    2.99799943    4.26991528    3.70070194    3.93692760    3.20843506    3.03577848    3.36011585    3.74000213    3.57220960    2.17275218    2.46533937    1.82281133    1.72170262    1.73707334    2.71791958    2.61541972    2.24633553    1.97924888    3.89734497    3.70088097    5.00930022    4.20525038    2.86962338    2.54227819    2.49286038    3.17648877
G9WIB7_9LACO/246-329     1.71701725    2.06162049    1.88094737    1.99017163    2.05947901    2.04844684    1.82557593    1.64031870    1.31005568    1.32570967    1.62384136    1.79333232    1.69878124    1.56835309    1.29014261    1.06910966    1.39882047    0.00000000    1.27833846    1.20936803    0.92649388    1.06812370    0.99217271    1.27718785    0.84516666    1.39521299    1.15177752    1.33306101    1.25743682    1.09846703    1.19585915    1.05127620    1.15223111    1.11928067    4.32814549    1.50263589    1.00143716    1.71401266    1.57917601    1.47211964    1.62604095    1.87709943    1.71599642    2.17068957    3.19432663    3.87216156    2.52205344    2.27424779    2.12572212    3.01578857    2.82924003    3.01783334    2.02364762    2.44321210    2.59171095    1.91634825    1.84434143    2.03497728    2.45483791    2.19885358    2.04539624    3.34716780    2.34971660    2.69554150    2.36422904    1.94797039    2.34817741    2.70343416    2.77257326    2.21664250    1.88008294    1.85113041    1.98426675    1.71172422    2.13990293    2.48956054    2.07603633    1.76575457    2.24559666    2.23317636    2.68837075    2.70517157    1.90187065    1.75743743    1.82021528    2.45528755
G9WIM3_9LACO/821-904     2.34995556    2.20134675    1.88504833    2.01895657    1.79994992    2.00896984    2.55935481    1.81553469    1.68036456    1.63149703    1.74129128    2.04418449    1.63680298    1.81249394    1.34936690    1.56291761    1.62858555    1.27833846    0.00000000    1.23356887    1.01163239    0.95760929    1.02909940    1.65193238    0.99338333    1.42311696    1.66172982    1.55887485    1.48317781    1.64425649    1.57481601    1.11302709    1.30700860    1.08566129    3.33897610    1.59031767    1.16712301    1.79133453    1.73135333    1.35012560    2.23386419    1.56616826    1.92903002    2.64112959    2.97127692    5.19520740    3.16482271    2.52769685    2.72930443    3.88066114    4.60719304    3.88666483    2.49397556    3.38544102    2.65831700    2.66218349    2.38028745    2.30497595    2.94742162    2.39250757    2.46542523    4.19533019    2.81989617    3.61763922    3.18037087    3.02041806    2.64514687    3.24886004    2.72217190    2.31685533    2.36184619    2.30185071    2.20220298    1.83131468    2.41482599    2.87880694    3.07913899    3.01372828    2.70207704    2.02573173    2.94354523    4.63689432    2.31651436    2.53648642    2.66980361    3.17935566
G9WIM3_9LACO/1010-1094     1.92329609    2.07320264    1.86375596    2.17652183    2.01845648    1.56531781    2.85960084    1.55150621    1.57109485    1.81175586    1.35857572    1.64923839    1.45596372    1.39887251    1.41212855    1.33578017    1.40321221    1.20936803    1.23356887    0.00000000    0.92381560    0.97797484    1.09995607    1.59166872    1.29095134    1.78328409    1.48554492    1.49816053    1.10054553    1.08140604    0.96258062    1.14700779    1.51195468    1.39646610    1.96124752    1.57076244    1.47877090    1.79103598    1.56604301    1.62446585    1.80734463    1.88171382    1.65296703    2.59657838    3.00230007    4.77042848    3.57057510    2.78299039    2.24005124    3.36265726    2.66571800    3.63907103    2.38961712    2.83000103    2.69223337    1.94416313    2.38675325    2.71438345    2.19341166    2.20000115    2.14867194    2.86049731    3.40144581    3.25578417    2.90774446    2.56969949    2.80442107    3.18869585    2.70153905    1.96627459    2.20008530    1.94062235    1.89281171    1.78215374    2.54053761    2.96348599    2.34456505    2.07125886    2.88801816    2.54384163    3.05341715    3.19842677    1.98354621    2.09246603    2.70693166    3.19860778
Q04H77_OENOB/284-368     1.86557928    1.95592330    1.92266876    1.91046483    1.91524526    1.55461923    1.76493501    1.49143514    1.58702956    1.70054712    1.65018454    1.68630584    1.30376518    1.59244128    1.53653881    1.39396312    1.52808641    0.92649388    1.01163239    0.92381560    0.00000000    0.83850822    0.67933106    1.23319576    0.76451585    1.22601685    1.04992692    1.19784060    0.97746229    1.16256374    0.83993117    0.82009396    0.98570280    1.32557500    3.42958534    1.54734434    1.25366852    1.71896493    1.69108077    1.45273499    1.74568913    1.64669614    1.55010966    2.74451023    2.82093689    4.14531097    3.04688281    2.53808314    2.31975552    3.12223299    3.16627968    2.88513637    2.20821166    3.33486389    3.17520699    2.13071119    2.29941438    2.68436928    3.01224455    2.22513933    2.19979790    4.16808626    2.72902154    3.72416476    2.65752379    2.62990468    2.78634231    3.36360944    3.19508751    2.00601441    2.30186647    2.08543484    2.19307672    1.79162834    2.24155980    2.65680340    3.24382190    2.49235246    2.45174225    2.14479862    2.85628472    3.24118399    2.03193424    2.35323231    2.64541397    2.67366992
Q04DX8_OENOB/234-317     1.90368499    2.42048290    1.86321766    2.29465645    1.94994730    1.68672961    1.72290343    1.63564628    1.49572577    1.91166140    1.50349709    1.74598464    1.29547122    1.31835069    1.58138466    1.18808942    1.29354930    1.06812370    0.95760929    0.97797484    0.83850822    0.00000000    0.62955937    0.93887325    0.58915111    1.08015251    0.85672790    1.36109047    0.79902178    1.10074258    1.00116392    0.87889697    1.00831906    1.23682880    2.61437609    1.30634763    1.04203684    1.46293782    1.46883751    1.24176871    1.72253655    2.12919623    2.11023876    2.47783736    2.86392148    3.93370616    2.64972986    2.69276047    2.04230361    2.81139812    3.42462407    4.85163019    3.14438256    2.57454156    2.33006495    2.41347862    3.12561579    2.58075150    2.75489453    2.61887684    2.57512565    3.33139668    3.65954457    3.53281312    3.17708534    3.08964976    3.18348100    3.51256165    2.77454880    1.92764400    1.77582989    2.17786662    1.73369048    2.12488582    2.10807352    2.60731373    2.51168689    1.94800835    2.77109818    2.39050685    3.20614211    3.88985456    2.47385480    2.29568505    2.53339964    2.85600429
Q04DX8_OENOB/417-499     1.94096064    2.05110910    1.80777606    1.78341876    1.73580721    1.41302173    1.58984084    1.44443753    1.47339365    1.59929727    1.45826192    1.33782956    1.26778261    1.37608679    1.45151953    1.05334571    1.21392439    0.99217271    1.02909940    1.09995607    0.67933106    0.62955937    0.00000000    0.87020103    0.41821699    0.89141985    0.66203793    1.23249305    0.85098562    0.85723318    0.92728067    0.76180942    0.90480170    0.98399970    2.64540872    1.18991046    0.98557789    1.46186634    1.37408153    1.11566108    1.45396144    2.13222027    1.53388656    2.51283225    3.12622417    3.60733518    2.31870094    2.34925381    2.48240619    3.47761281    3.15103005    2.66360525    2.48757158    2.89968119    2.41439585    2.35883395    2.29090700    2.39689190    2.73968376    2.25315346    2.25316231    3.55454784    2.68030751    3.07840696    2.41478698    2.29662446    2.62494769    3.36574784    2.67395848    1.63095438    1.79572509    1.86027497    1.65812279    1.56488552    2.11185002    2.29976692    2.62657433    1.75524731    2.50736487    1.91170599    2.46314768    3.41866812    2.36671931    2.28488244    2.29939918    2.33184260
G9WGW2_9LACO/55-140     2.48618180    2.89741933    2.91411116    3.25225822    2.95492922    2.30806044    1.72933218    1.98722106    1.88170692    2.04657292    1.74790581    1.90892183    1.71043374    1.90084572    1.73414122    1.31080586    1.46119305    1.27718785    1.65193238    1.59166872    1.23319576    0.93887325    0.87020103    0.00000000    0.67793002    1.25896697    1.13853127    1.66603441    1.22237663    1.56576973    1.46224814    1.16142642    1.31016158    1.40056860    3.49174619    1.39379830    1.38908264    1.36913201    1.79414553    1.55736972    2.04770775    2.39431955    2.23432068    2.12563842    3.74062934    4.09944312    2.96529909    3.33728991    2.58102888    3.20305661    3.42187051    4.18193819    3.23412903    3.76039064    3.03444626    3.12113724    3.92542006    3.48510283    3.50533063    3.17919701    3.07851517    4.63323843    4.73069433    3.80587300    3.28089430    3.42276074    3.87712374    4.41854994    4.14408179    2.98582069    2.36508646    2.97909015    2.46549417    2.67967578    2.39970590    2.90137719    2.38649675    2.04089176    3.27158497    3.04284075    3.32378077    4.37013011    2.86710405    2.75981967    2.64288771    3.15196223
Q04DX8_OENOB/58-140     1.87710833    2.11115990    1.99487610    2.17974184    1.93052967    1.62541712    1.44632428    1.51621124    1.26801525    1.39726086    1.63483411    1.56913790    1.39727187    1.55927444    1.52598890    1.13663304    1.18528302    0.84516666    0.99338333    1.29095134    0.76451585    0.58915111    0.41821699    0.67793002    0.00000000    0.86809378    0.53391514    1.35285605    0.86222217    1.12581039    1.04413041    0.82028021    0.96908173    1.13095808    3.17050517    1.33227932    1.08548725    1.33776985    1.33713234    1.20172928    1.39950738    1.93688494    1.67412942    1.92731201    3.19911160    3.44224116    2.44419791    2.23043032    2.08781520    2.65903774    3.03978874    3.61041449    2.52291878    2.67468370    2.27157755    2.50726557    2.43599689    2.19319023    3.23668924    2.97715751    2.86783634    4.15375017    2.65604166    2.75637924    2.45767882    2.59276999    2.29821563    2.93612085    2.38147529    2.15059441    1.89212860    2.22439108    2.03465106    1.98363246    1.96543220    2.66797233    2.15769588    1.77170751    2.81917388    2.08438342    2.64230027    3.56183341    2.26314611    2.15726597    1.97478253    2.61898741
G9WGW2_9LACO/331-416     2.02956454    2.16384744    1.87466361    1.86451280    1.98809738    1.88573551    1.36410216    1.70738838    1.55590435    1.62806823    1.78386231    1.90618228    1.72384252    1.71251590    2.33892748    1.74010527    1.99750466    1.39521299    1.42311696    1.78328409    1.22601685    1.08015251    0.89141985    1.25896697    0.86809378    0.00000000    0.59783536    1.88873446    1.51944843    1.47175863    1.79720574    1.16480951    1.34818907    1.35214319    3.76640266    1.77922480    1.19546700    1.16593194    1.53594314    1.70227378    2.05239506    2.65107924    1.97478154    3.10239451    3.73636746    3.92209342    2.72213630    2.07170694    2.71060076    2.68070956    2.53647854    3.98796469    2.76450101    3.29953600    3.19128983    2.45128952    2.47826370    2.50738295    2.33027167    2.69479676    2.51304297    3.84518536    2.73573372    3.62866564    4.09439402    4.07755165    3.14485923    3.29357815    2.77806978    2.16282445    1.94604851    1.83079935    2.35855872    1.95767513    2.42484990    2.94735659    2.14619153    2.11066725    3.02392781    2.13969298    2.74820300    2.85437674    2.36104248    2.30507977    2.71397724    2.54959841
Q04DX8_OENOB/147-229     1.71316077    2.09464323    2.00594178    1.69817022    1.85093453    1.74677531    1.66540482    1.60647728    1.52422464    1.64987290    1.57330823    1.77496335    1.68554138    1.44942572    2.18965385    1.59382818    1.68863792    1.15177752    1.66172982    1.48554492    1.04992692    0.85672790    0.66203793    1.13853127    0.53391514    0.59783536    0.00000000    1.89946837    1.08749590    1.14369360    1.40371420    1.00575065    1.29440402    1.32754288    3.59182277    1.63743316    1.24017535    1.17340916    1.45373323    1.51232283    1.50030868    2.05429629    1.83535577    2.73580808    4.24972402    3.55893466    2.30236192    2.33995116    2.37306758    2.45448450    3.24775653    3.07626884    2.71522531    3.30458974    2.21767510    2.02956867    2.23660478    2.48104997    2.91372891    2.86910407    2.67287845    4.06742924    2.49183090    3.34255642    3.32208544    3.31581681    2.68712002    2.89478820    2.62646184    1.93540534    1.56321764    1.44369243    2.10990411    1.74396586    1.87153198    2.78297330    2.22197870    1.92455937    2.61495547    2.29713602    3.06936269    2.93240095    2.47609919    2.13820198    2.50579347    2.30789343
G9WIM3_9LACO/723-811     2.79649850    2.04334368    2.37605233    2.55498667    2.53890840    2.07265298    2.38156378    1.73150224    1.69581504    1.86711454    1.27757463    1.61168874    1.60847237    1.50369475    1.23358330    1.19435481    1.11643592    1.33306101    1.55887485    1.49816053    1.19784060    1.36109047    1.23249305    1.66603441    1.35285605    1.88873446    1.89946837    0.00000000    0.88531545    0.98705164    0.88266032    0.96656216    1.23640153    1.03850489    3.27052561    1.40586869    0.83525414    2.06218689    1.37024868    1.23111756    1.75283516    1.78734630    1.94502304    2.78436475    2.84153990    2.50115690    3.50445770    3.23610926    2.43722974    3.29328095    2.82924707    3.34573771    3.33129249    3.28921107    3.21567456    2.29946053    2.61610370    2.71688358    3.12018695    2.56082526    2.89390172    3.86881715    3.55645805    3.72914561    3.28530327    3.28811362    3.47464122    3.31262450    3.52015779    2.06435016    2.69907654    1.86768444    2.13864441    2.42917620    2.35282592    2.93260984    3.04883685    2.53026147    4.43150960    3.29597079    3.90933732    3.32102023    2.70094048    2.67420806    2.79495625    2.57293792
Q04DX8_OENOB/326-408     2.24135843    2.38553047    2.10911135    2.09480703    2.09453407    1.83299303    2.09230368    1.50779880    1.29155901    1.76304428    1.31701814    1.38346884    1.19894863    1.39321411    1.18320726    1.05005250    1.05380788    1.25743682    1.48317781    1.10054553    0.97746229    0.79902178    0.85098562    1.22237663    0.86222217    1.51944843    1.08749590    0.88531545    0.00000000    0.64861502    0.54136225    0.86633228    1.08119238    1.00847709    3.32738223    1.35440625    1.15231309    1.47311586    1.15587356    1.07180852    1.89429160    1.92453814    1.81824432    2.55294640    2.34657714    2.80061682    2.96085625    2.85815376    2.44616541    2.91168337    3.81979764    3.20403015    3.02761957    3.26064146    2.48247356    2.44063168    2.57442601    2.74322732    2.82831681    2.93314249    2.67806903    3.62066936    3.25873155    3.28331551    3.05013709    3.06446837    2.58496622    3.48035015    3.07165513    1.94348501    1.89750952    2.15707300    1.72304915    2.07532455    2.92465138    3.13876018    2.63751957    2.02505006    3.43357479    3.20837970    3.00448015    4.37510251    2.96816231    3.06796437    3.11211626    2.15885251
Q04H77_OENOB/109-188     2.08348830    2.21596132    2.05728471    1.96184919    2.10362855    1.83288571    2.66018686    1.75689108    1.22443523    1.46227087    1.26762624    1.23757892    1.34504560    1.30802464    1.43410879    1.03298688    1.05149385    1.09846703    1.64425649    1.08140604    1.16256374    1.10074258    0.85723318    1.56576973    1.12581039    1.47175863    1.14369360    0.98705164    0.64861502    0.00000000    0.67072939    0.65699089    0.84138535    0.93704077    2.74332975    1.50636218    1.18829377    1.38952436    1.18669069    1.39286579    2.09221272    2.13403325    1.79301531    2.98147849    3.39683579    3.28989324    2.34798834    2.58106320    2.32842008    3.47839233    2.92623537    3.17376710    2.10831173    3.15660252    3.08738371    2.61962812    2.57249780    2.77283362    2.60495603    2.39782870    2.26355854    3.59548663    3.10530659    3.23438303    3.01604849    3.06210808    2.96547770    3.50636254    3.16648753    2.01728587    1.74094321    1.39863484    1.43576066    1.88005733    2.08608131    2.76175571    2.49759007    2.07484767    2.36640567    2.63333536    3.57339934    3.88333024    2.81591383    2.47975865    2.82173309    1.92310016
Q04H77_OENOB/193-275     1.91948546    2.15976322    1.82336900    1.92894466    1.73001771    1.79180743    2.80684117    1.51632045    1.20000357    1.44626983    1.21701829    1.19059359    1.04178229    1.10291519    1.28490205    1.09838142    1.15421261    1.19585915    1.57481601    0.96258062    0.83993117    1.00116392    0.92728067    1.46224814    1.04413041    1.79720574    1.40371420    0.88266032    0.54136225    0.67072939    0.00000000    0.75402058    1.10083551    1.25848292    2.86717896    1.46867074    1.20185672    1.59974409    1.48229598    1.39610449    1.94764196    1.65381891    1.72895664    2.94291424    2.86568880    3.14068356    3.13937390    3.25282829    2.44358526    3.05810906    3.35831736    3.30578423    3.16868361    3.18471876    4.16921769    2.16499557    2.26572378    2.85205509    2.92299539    2.57926889    2.43845569    3.43348490    3.31420832    3.47492453    3.27468487    2.92495452    3.12303267    3.31787551    2.81688079    1.75827321    1.75623762    1.77030266    1.96533365    1.95279514    2.40911824    2.76705587    2.59768847    2.21456903    3.08941413    2.47336933    2.68562426    3.67529133    2.99753492    2.71946611    2.61704297    2.30326364
Q04H77_OENOB/20-104     2.10081275    2.27371429    2.18001642    2.18479567    2.54377785    1.93164130    1.89166974    1.45323474    1.16075744    1.34246628    1.26232655    1.29992586    1.27606202    1.14142063    1.34824535    1.26043855    1.24279675    1.05127620    1.11302709    1.14700779    0.82009396    0.87889697    0.76180942    1.16142642    0.82028021    1.16480951    1.00575065    0.96656216    0.86633228    0.65699089    0.75402058    0.00000000    0.75697868    0.83608335    3.42435747    1.40153299    0.77330644    1.59360614    1.52276767    1.22886745    1.71024986    1.61879546    1.65997623    2.56946930    2.90719350    5.54086640    2.48212541    2.59664807    2.69945123    2.73837834    2.91895495    3.44204599    2.76090500    3.38217101    3.37874739    2.61372066    2.35653316    2.49080930    2.84465035    2.93661356    2.82231167    3.04313399    2.82667210    3.35228603    2.63241182    2.89292677    3.31982512    3.12708872    3.58031571    2.10565987    1.91216724    1.60269781    1.55285409    1.79331681    2.36516183    2.78414059    2.51958170    2.32298585    2.25882448    2.34391065    2.73720429    2.48272596    2.06735962    2.07480408    2.18657186    2.25774717
