35
C3YAA7_BRAFL/2103-2197     0.00000000    0.90905443    0.87768489    0.87170461    0.96471067    0.69860693    2.05459062    1.11804590    0.93930398    1.34817407    0.98504168    0.93614523    0.98177065    1.41009967    1.36488186    1.15043981    1.35824038    1.17127887    1.61301595    1.42542037    1.07210177    1.21087654    1.35092192    1.31264269    1.29650082    0.98263567    1.31529542    1.81341621    1.58343547    1.43284961    1.18544377    1.51683893    2.28824022    1.95376340    2.14849228
E9HCB8_DAPPU/1149-1235     0.90905443    0.00000000    0.56042876    0.56743592    0.68892681    0.60985110    1.60765060    0.78264850    1.03888736    1.35278287    1.01764182    1.11239126    1.04835356    1.47334597    1.59791835    1.16354340    1.40074778    1.23847308    1.69977524    1.45484716    1.10068313    1.22359320    1.24152861    1.25995791    1.38380318    1.05510271    1.28521723    1.81052426    1.51362951    1.62843283    1.17151239    1.50882926    2.37122344    2.20254386    2.09470433
A0A7M7TAD1_NASVI/1147-1235     0.87768489    0.56042876    0.00000000    0.33542938    0.35467051    0.49363948    1.28954706    0.77628189    1.24512959    1.50704602    1.18547880    1.33143498    1.22464554    1.60059448    1.84877275    1.28577770    1.46806576    1.25603257    1.87382187    1.72013707    1.40356179    1.33527926    1.31547134    1.33634724    1.45042651    1.12766463    1.30906057    1.94183912    1.36806150    1.41812741    1.40191704    1.46578810    1.96480522    2.23825760    1.88758717
E0VWB3_PEDHC/1149-1233     0.87170461    0.56743592    0.33542938    0.00000000    0.32532167    0.57800567    1.48297283    0.94743079    1.20883862    1.49476734    1.10719956    1.15472943    1.16099598    1.66444143    1.82245576    1.29413485    1.56525593    1.34250807    1.94453911    1.78871089    1.40420465    1.39457089    1.33323236    1.35379863    1.55741309    1.18788715    1.31776992    1.83901813    1.58145521    1.59082474    1.24112117    1.58266200    2.01880452    2.08354368    2.12701363
E1JJF8_DROME/1155-1239     0.96471067    0.68892681    0.35467051    0.32532167    0.00000000    0.58737994    1.38319825    1.00079066    1.15873367    1.39516727    1.08886091    1.15609750    1.20248429    1.50110981    1.86653549    1.37597903    1.49880547    1.40509370    1.93201394    1.58644602    1.34007287    1.30497520    1.32117911    1.24264865    1.48529387    1.21364770    1.32281742    1.98538479    1.38147406    1.56483572    1.28641859    1.57389108    2.13163167    2.14033057    2.16447624
B7Q1Z8_IXOSC/1122-1207     0.69860693    0.60985110    0.49363948    0.57800567    0.58737994    0.00000000    1.14218948    0.51944573    0.97271644    1.28183281    1.01237844    1.12673991    1.05623381    1.37812013    1.59701619    1.20783924    1.44214683    1.24302413    1.61670009    1.37735126    1.06814608    1.17860714    1.18708003    1.14582161    1.26366212    0.88476895    1.24242835    1.75934356    1.22414707    1.27760046    1.33395804    1.51601845    2.19962134    1.99777190    2.18137733
T1FUU4_HELRO/1125-1213     2.05459062    1.60765060    1.28954706    1.48297283    1.38319825    1.14218948    0.00000000    1.29499850    2.33065997    1.81653396    2.04720523    2.36305721    2.12765766    2.55194633    2.70993895    2.67633055    2.49321963    1.90633396    2.54481600    2.07876387    1.99453005    2.10796017    2.11866111    2.22486284    2.13917878    1.55566323    1.81803597    2.68728400    2.10469871    1.88189193    1.65839137    1.83006567    3.08698650    2.58851619    3.00111917
T1KRW2_TETUR/1155-1240     1.11804590    0.78264850    0.77628189    0.94743079    1.00079066    0.51944573    1.29499850    0.00000000    1.07008168    1.36891894    1.08706224    1.28774796    1.20043243    1.59727955    1.98714389    1.37527114    1.82991848    1.37618851    1.90205201    1.79085321    1.37611820    1.50969403    1.51078511    1.60631472    1.49721661    1.27020549    1.20336670    1.84161720    1.78980851    1.58179300    1.62909947    1.46581495    2.32551071    2.44549524    2.41941628
W5MUN0_LEPOC/1300-1386     0.93930398    1.03888736    1.24512959    1.20883862    1.15873367    0.97271644    2.33065997    1.07008168    0.00000000    0.54488299    0.38906223    0.29165542    0.41760026    1.06452453    0.71542092    0.48548355    0.63403798    0.80813987    1.15482383    0.91763769    0.54727529    1.10685134    1.12838263    1.06151388    1.26323472    1.39532041    1.74911060    1.59435803    1.61881434    1.84909394    1.36662281    1.53304835    2.23852903    1.84769112    2.25943700
W5LE38_ASTMX/1049-1135     1.34817407    1.35278287    1.50704602    1.49476734    1.39516727    1.28183281    1.81653396    1.36891894    0.54488299    0.00000000    0.62916520    0.63705705    0.77439580    1.30858143    0.99969557    0.77202423    0.93299033    0.93231446    1.32750930    1.24623524    0.78831603    1.21741127    1.16722476    1.22147545    1.37697847    1.45222497    2.19053263    1.85806065    2.03913921    2.26060184    1.54820390    1.66399436    2.13153207    1.95251210    2.28057393
H3ABE0_LATCH/1180-1269     0.98504168    1.01764182    1.18547880    1.10719956    1.08886091    1.01237844    2.04720523    1.08706224    0.38906223    0.62916520    0.00000000    0.26830651    0.33717933    1.17598092    0.83282490    0.66235240    0.70125671    0.79896233    1.13348571    1.02984257    0.70846910    1.12183693    1.11607974    1.18024012    1.27727249    1.33620842    1.37764989    1.68035110    1.55787741    1.69502623    1.37660650    1.63659560    2.02556902    1.82009270    1.86380409
H0ZIE6_TAEGU/1121-1206     0.93614523    1.11239126    1.33143498    1.15472943    1.15609750    1.12673991    2.36305721    1.28774796    0.29165542    0.63705705    0.26830651    0.00000000    0.26314767    1.14331480    0.78782366    0.58658431    0.73411948    0.73751928    1.15777754    0.85503298    0.53365763    1.19632535    1.15200853    1.17937925    1.27760839    1.39390086    1.60969759    1.74206868    1.67746389    1.90830912    1.39435707    1.73719404    2.22403760    2.00273995    2.25872515
NCHL1_MOUSE/1105-1190     0.98177065    1.04835356    1.22464554    1.16099598    1.20248429    1.05623381    2.12765766    1.20043243    0.41760026    0.77439580    0.33717933    0.26314767    0.00000000    1.26092608    0.88849498    0.68870793    0.75253309    0.84643033    1.28433699    0.95418098    0.68192449    1.11111555    0.99988596    1.03190854    1.07318684    1.29872208    1.64293713    1.80751487    1.70895337    1.82994518    1.28960829    1.59440659    2.19657498    1.88712183    2.14274315
H2YDY5_CIOSA/918-1016     1.41009967    1.47334597    1.60059448    1.66444143    1.50110981    1.37812013    2.55194633    1.59727955    1.06452453    1.30858143    1.17598092    1.14331480    1.26092608    0.00000000    1.31385753    1.00741404    1.23550718    1.27065721    1.63114741    1.38296605    1.16758706    1.72437078    1.84588056    1.72945596    2.01803564    1.94552961    1.84897725    2.60817535    2.27581691    2.06930449    1.67305007    1.70764728    2.23261509    2.13956502    2.35375210
I3J1V9_ORENI/1168-1255     1.36488186    1.59791835    1.84877275    1.82245576    1.86653549    1.59701619    2.70993895    1.98714389    0.71542092    0.99969557    0.83282490    0.78782366    0.88849498    1.31385753    0.00000000    0.55464906    0.82602690    1.20384546    1.48129372    1.41280298    1.07496542    1.61503705    1.47317096    1.59586729    1.87091870    1.82036450    1.74682697    2.60307675    2.22256270    2.11152120    1.95897502    1.89107631    2.69005319    2.14802485    2.53633529
G3NVB9_GASAC/1107-1194     1.15043981    1.16354340    1.28577770    1.29413485    1.37597903    1.20783924    2.67633055    1.37527114    0.48548355    0.77202423    0.66235240    0.58658431    0.68870793    1.00741404    0.55464906    0.00000000    0.74338975    0.79738432    1.23779849    1.03920668    0.73867329    1.39358874    1.41418655    1.37800106    1.45604204    1.80806948    1.76139016    1.94482070    2.09609229    2.15798316    1.71376290    1.81466990    2.48702872    1.92958907    2.17441795
M4A9Q9_XIPMA/1068-1152     1.35824038    1.40074778    1.46806576    1.56525593    1.49880547    1.44214683    2.49321963    1.82991848    0.63403798    0.93299033    0.70125671    0.73411948    0.75253309    1.23550718    0.82602690    0.74338975    0.00000000    1.04620848    1.24507683    1.17869814    0.93227085    1.32590835    1.29276490    1.42466188    1.40419939    1.40339248    1.87599813    1.93245154    1.85946703    1.83444305    1.59748882    1.84259446    1.99704810    2.14559664    1.89027526
H2N0A1_ORYLA/1167-1254     1.17127887    1.23847308    1.25603257    1.34250807    1.40509370    1.24302413    1.90633396    1.37618851    0.80813987    0.93231446    0.79896233    0.73751928    0.84643033    1.27065721    1.20384546    0.79738432    1.04620848    0.00000000    0.58796857    0.57270867    0.32817721    1.22637363    1.20991396    1.12728470    1.29539247    1.56675853    2.01383080    2.42489508    1.78079941    1.88173152    1.82812212    2.07849476    2.58138557    1.74313172    2.29047951
L1CA2_DANRE/95-184     1.61301595    1.69977524    1.87382187    1.94453911    1.93201394    1.61670009    2.54481600    1.90205201    1.15482383    1.32750930    1.13348571    1.15777754    1.28433699    1.63114741    1.48129372    1.23779849    1.24507683    0.58796857    0.00000000    0.90280645    0.53082438    1.66166271    1.43948390    1.59445366    1.81588999    2.02047632    2.61730629    2.91352040    2.42564094    2.62769744    2.14258507    2.74039161    3.27522885    2.65909615    3.90840582
NGCA_CHICK/1154-1248     1.42542037    1.45484716    1.72013707    1.78871089    1.58644602    1.37735126    2.07876387    1.79085321    0.91763769    1.24623524    1.02984257    0.85503298    0.95418098    1.38296605    1.41280298    1.03920668    1.17869814    0.57270867    0.90280645    0.00000000    0.36491566    1.29215592    1.18886950    1.14835998    1.36212048    1.58779444    2.27211116    2.37005885    2.12596554    2.03880784    1.64660870    2.37952283    2.52216936    2.36389579    2.72780943
G1PPL6_MYOLU/1145-1233     1.07210177    1.10068313    1.40356179    1.40420465    1.34007287    1.06814608    1.99453005    1.37611820    0.54727529    0.78831603    0.70846910    0.53365763    0.68192449    1.16758706    1.07496542    0.73867329    0.93227085    0.32817721    0.53082438    0.36491566    0.00000000    0.95771352    0.92319942    0.92996533    1.23253172    1.39537415    2.03345789    2.07160839    1.70567606    1.84352641    1.56641514    1.98092307    2.35658980    2.02523640    2.41564874
H3D4T4_TETNG/1062-1145     1.21087654    1.22359320    1.33527926    1.39457089    1.30497520    1.17860714    2.10796017    1.50969403    1.10685134    1.21741127    1.12183693    1.19632535    1.11111555    1.72437078    1.61503705    1.39358874    1.32590835    1.22637363    1.66166271    1.29215592    0.95771352    0.00000000    0.20195772    0.22162623    0.50997083    1.53658814    1.59534628    2.02800912    1.82071145    2.05960398    1.49339777    2.03525341    2.15250482    2.29027727    1.89413431
G3NH13_GASAC/1122-1209     1.35092192    1.24152861    1.31547134    1.33323236    1.32117911    1.18708003    2.11866111    1.51078511    1.12838263    1.16722476    1.11607974    1.15200853    0.99988596    1.84588056    1.47317096    1.41418655    1.29276490    1.20991396    1.43948390    1.18886950    0.92319942    0.20195772    0.00000000    0.19989973    0.56069252    1.43449550    1.71026863    2.07224723    1.90479146    1.99146977    1.48324255    2.17541259    2.28217757    2.42478753    1.94640889
A0A3B5QGX5_XIPMA/1055-1154     1.31264269    1.25995791    1.33634724    1.35379863    1.24264865    1.14582161    2.22486284    1.60631472    1.06151388    1.22147545    1.18024012    1.17937925    1.03190854    1.72945596    1.59586729    1.37800106    1.42466188    1.12728470    1.59445366    1.14835998    0.92996533    0.22162623    0.19989973    0.00000000    0.53787007    1.53658844    1.72738000    2.14175223    1.89280209    2.02583917    1.63136157    2.19405859    2.40815610    2.40087140    2.24058589
W5LHK0_ASTMX/1051-1145     1.29650082    1.38380318    1.45042651    1.55741309    1.48529387    1.26366212    2.13917878    1.49721661    1.26323472    1.37697847    1.27727249    1.27760839    1.07318684    2.01803564    1.87091870    1.45604204    1.40419939    1.29539247    1.81588999    1.36212048    1.23253172    0.50997083    0.56069252    0.53787007    0.00000000    1.51934819    1.74412676    2.11651712    1.75730668    1.76589553    1.50002122    1.94985144    2.32944138    2.77398995    2.18818545
T1FBY2_HELRO/34-122     0.98263567    1.05510271    1.12766463    1.18788715    1.21364770    0.88476895    1.55566323    1.27020549    1.39532041    1.45222497    1.33620842    1.39390086    1.29872208    1.94552961    1.82036450    1.80806948    1.40339248    1.56675853    2.02047632    1.58779444    1.39537415    1.53658814    1.43449550    1.53658844    1.51934819    0.00000000    1.69652274    1.95732775    1.13069150    1.08216404    1.24042219    2.05928403    2.20397265    2.27077102    2.05461149
T1FPN8_HELRO/557-644     1.31529542    1.28521723    1.30906057    1.31776992    1.32281742    1.24242835    1.81803597    1.20336670    1.74911060    2.19053263    1.37764989    1.60969759    1.64293713    1.84897725    1.74682697    1.76139016    1.87599813    2.01383080    2.61730629    2.27211116    2.03345789    1.59534628    1.71026863    1.72738000    1.74412676    1.69652274    0.00000000    1.03636619    1.43909297    1.64828151    1.65586570    1.81838569    2.24932314    2.17747555    1.96168295
A0A068YDM3_ECHMU/696-783     1.81341621    1.81052426    1.94183912    1.83901813    1.98538479    1.75934356    2.68728400    1.84161720    1.59435803    1.85806065    1.68035110    1.74206868    1.80751487    2.60817535    2.60307675    1.94482070    1.93245154    2.42489508    2.91352040    2.37005885    2.07160839    2.02800912    2.07224723    2.14175223    2.11651712    1.95732775    1.03636619    0.00000000    1.69244328    2.27379346    2.11128033    2.29482039    2.08477195    2.37745963    2.42138147
K1PQF1_CRAGI/569-657     1.58343547    1.51362951    1.36806150    1.58145521    1.38147406    1.22414707    2.10469871    1.78980851    1.61881434    2.03913921    1.55787741    1.67746389    1.70895337    2.27581691    2.22256270    2.09609229    1.85946703    1.78079941    2.42564094    2.12596554    1.70567606    1.82071145    1.90479146    1.89280209    1.75730668    1.13069150    1.43909297    1.69244328    0.00000000    0.73088645    1.77803036    2.07011940    2.32921247    2.60943811    2.18557066
K1Q2R6_CRAGI/531-619     1.43284961    1.62843283    1.41812741    1.59082474    1.56483572    1.27760046    1.88189193    1.58179300    1.84909394    2.26060184    1.69502623    1.90830912    1.82994518    2.06930449    2.11152120    2.15798316    1.83444305    1.88173152    2.62769744    2.03880784    1.84352641    2.05960398    1.99146977    2.02583917    1.76589553    1.08216404    1.64828151    2.27379346    0.73088645    0.00000000    2.08400871    2.31374445    2.43495484    2.46870116    3.13829474
K1PWJ2_CRAGI/1175-1261     1.18544377    1.17151239    1.40191704    1.24112117    1.28641859    1.33395804    1.65839137    1.62909947    1.36662281    1.54820390    1.37660650    1.39435707    1.28960829    1.67305007    1.95897502    1.71376290    1.59748882    1.82812212    2.14258507    1.64660870    1.56641514    1.49339777    1.48324255    1.63136157    1.50002122    1.24042219    1.65586570    2.11128033    1.77803036    2.08400871    0.00000000    1.88363225    1.88117154    2.49289628    1.82167299
A7RT95_NEMVE/1250-1332     1.51683893    1.50882926    1.46578810    1.58266200    1.57389108    1.51601845    1.83006567    1.46581495    1.53304835    1.66399436    1.63659560    1.73719404    1.59440659    1.70764728    1.89107631    1.81466990    1.84259446    2.07849476    2.74039161    2.37952283    1.98092307    2.03525341    2.17541259    2.19405859    1.94985144    2.05928403    1.81838569    2.29482039    2.07011940    2.31374445    1.88363225    0.00000000    1.83589754    1.73731991    1.89175819
B3RQR5_TRIAD/389-483     2.28824022    2.37122344    1.96480522    2.01880452    2.13163167    2.19962134    3.08698650    2.32551071    2.23852903    2.13153207    2.02556902    2.22403760    2.19657498    2.23261509    2.69005319    2.48702872    1.99704810    2.58138557    3.27522885    2.52216936    2.35658980    2.15250482    2.28217757    2.40815610    2.32944138    2.20397265    2.24932314    2.08477195    2.32921247    2.43495484    1.88117154    1.83589754    0.00000000    1.60244058    1.35516811
B3SCK6_TRIAD/1167-1259     1.95376340    2.20254386    2.23825760    2.08354368    2.14033057    1.99777190    2.58851619    2.44549524    1.84769112    1.95251210    1.82009270    2.00273995    1.88712183    2.13956502    2.14802485    1.92958907    2.14559664    1.74313172    2.65909615    2.36389579    2.02523640    2.29027727    2.42478753    2.40087140    2.77398995    2.27077102    2.17747555    2.37745963    2.60943811    2.46870116    2.49289628    1.73731991    1.60244058    0.00000000    1.06106564
B3RQR2_TRIAD/1010-1093     2.14849228    2.09470433    1.88758717    2.12701363    2.16447624    2.18137733    3.00111917    2.41941628    2.25943700    2.28057393    1.86380409    2.25872515    2.14274315    2.35375210    2.53633529    2.17441795    1.89027526    2.29047951    3.90840582    2.72780943    2.41564874    1.89413431    1.94640889    2.24058589    2.18818545    2.05461149    1.96168295    2.42138147    2.18557066    3.13829474    1.82167299    1.89175819    1.35516811    1.06106564    0.00000000

