116
Q8YQD1_NOSS1/359-502     0.00000000    0.38101266    0.27824806    0.35982040    0.25844758    0.43096146    0.84741134    0.57447968    0.63514383    0.70464691    0.60089466    0.61120634    0.69400879    0.54916351    0.63988385    0.57537043    0.63941963    0.64376131    0.67573780    0.65804322    0.69443471    0.67558991    0.78004022    1.23288879    1.54490946    1.23811583    2.89629081    2.43047319    2.46176064    2.30819830    2.40716038    2.13783885    2.34099135    2.46478126    2.39000857    2.26379637    2.55250516    2.70257894    2.49154749    2.78152315    2.63945065    2.64442699    2.55412789    2.19441372    2.61983922    2.25814709    2.39306473    2.36407688    2.17543414    2.45188425    2.36255279    2.33136725    2.40354519    2.16947065    2.54398052    1.91804901    2.14180584    2.43894555    2.39848413    2.96317600    2.87031866    3.12446403    2.67925162    2.88735860    2.73236812    2.66843566    2.78968413    2.57818108    2.98619228    2.56039745    2.33599009    2.47049821    2.43587026    2.59264618    2.67813077    2.39182599    2.50419958    2.69399566    2.85817410    2.55841737    2.01671812    2.24006529    2.68034457    1.14035215    1.14374252    1.08834237    1.10085322    1.17383845    1.18017611    1.09902133    1.12113363    1.22445023    1.10663656    1.21911996    1.28596227    1.12184414    1.16740251    1.04692838    1.22406469    1.11826395    1.11093199    1.11329057    1.10488836    1.07223820    1.14895802    0.48567622    0.29566348    0.37297070    0.43831706    0.44287100    0.29186231    0.41745679    0.46121334    0.41034854    0.81849678    0.80871625
K9VVY3_9CYAN/359-502     0.38101266    0.00000000    0.37102831    0.50803847    0.48406426    0.59336536    0.85310385    0.66939484    0.70634964    0.77682138    0.56460368    0.78622813    0.66577423    0.63969065    0.73125741    0.57144984    0.62608431    0.57239969    0.78810884    0.60245141    0.70152434    0.66277147    0.91053632    1.28877164    1.65514383    1.40975765    2.90063711    2.53199046    2.43287679    2.61705696    2.32011783    2.21430516    2.38142362    2.53189010    2.46827469    2.20308704    2.64671042    2.93110963    2.44707147    2.97862261    2.70946850    2.65374903    2.65494861    2.31480430    2.73690944    2.32119228    2.33480620    2.21976775    2.30907010    2.51628011    2.40111560    2.43739200    2.35757730    2.42223032    2.56748489    2.23623264    2.24052262    2.36070437    2.61911642    2.94636394    2.84638985    3.36697588    2.86139187    3.07945087    2.87284774    2.90666027    2.88834183    2.77600665    3.25273701    2.79819057    2.52500387    2.72896576    2.59378511    2.79033662    2.75818389    2.44831904    2.78100476    2.82739826    2.98872896    2.69398205    2.13291889    2.40369707    2.42879646    1.10422033    1.11932475    1.03124836    1.11816615    1.14460599    1.12549032    1.02826833    1.19288780    1.26631099    1.15812094    1.27280698    1.29239431    1.22540382    1.20894965    1.05264948    1.29330053    1.16667774    1.07478961    1.17968204    1.11806792    1.07741726    1.16774029    0.46116937    0.49017096    0.56843463    0.66099119    0.64590626    0.48563615    0.64043981    0.65307500    0.57470689    0.84596492    0.79813960
K9R5C4_9CYAN/359-502     0.27824806    0.37102831    0.00000000    0.47562049    0.36796914    0.47208657    0.81859044    0.70267189    0.64392902    0.63004594    0.55311696    0.57893799    0.84289221    0.55012034    0.67405588    0.66601341    0.66670780    0.62707520    0.72020939    0.62812457    0.78004636    0.77201728    0.87398665    1.20403320    1.48251022    1.15903913    3.02655413    2.36530817    2.37896740    2.55435657    2.51240260    2.21584409    2.31018480    2.52136203    2.49994360    2.32848661    2.51264454    2.79896227    2.46016589    2.96149898    2.47961475    2.73049875    2.86576267    2.50126752    2.63534915    2.40478791    2.34722140    2.47878559    2.38108998    2.59686690    2.28580936    2.42663363    2.36571655    2.45274874    2.78544254    2.01490499    2.04631037    2.27437969    2.32659666    2.83631431    2.69179762    2.92374089    2.50189235    2.68551810    2.72531552    2.48002383    2.63553609    2.49247870    2.70967983    2.56537482    2.23378600    2.37666451    2.35749634    2.53485384    2.53538730    2.27954153    2.38977229    2.62058148    2.75312381    2.59028108    2.12566080    2.31251555    2.20653979    1.01382351    1.03567844    1.03786100    1.07915726    1.05958697    1.12405014    0.93149190    1.04970251    1.19099851    0.99930160    1.16334527    1.15514789    1.11520499    1.15596230    1.06684646    1.20305925    1.08309295    1.06625342    1.07806966    1.05174479    1.02421710    1.10194391    0.47602109    0.35901861    0.47703426    0.51377592    0.47424486    0.38479352    0.49505011    0.54845726    0.46896559    0.73025533    0.78111232
Q31MR8_SYNE7/360-502     0.35982040    0.50803847    0.47562049    0.00000000    0.30753175    0.46795843    0.83225206    0.58775796    0.58739439    0.62008301    0.69589126    0.55817124    0.69105753    0.59060987    0.66587004    0.64277771    0.64640638    0.58341231    0.67138864    0.60767590    0.77263513    0.74551440    0.78685693    1.33304754    1.64069388    1.24951954    2.83580969    2.51832542    2.32549731    2.37940724    2.56605912    2.03715509    2.13862647    2.20288741    2.35597752    2.23256332    2.35643330    2.62292907    2.35520880    2.61908602    2.48041050    2.77291914    2.45414292    2.21042435    2.46134623    2.00498096    2.18419543    2.41144398    2.05910153    2.42225188    2.23018210    2.22293567    2.20737585    2.13051379    2.71259845    1.99416402    2.06611990    2.30117315    2.29640513    3.18641160    3.01192824    3.30359651    2.87192424    3.16368015    3.05480424    2.87918477    2.77535527    2.81258140    3.01748111    2.72291871    2.55218824    2.59347846    2.64526246    2.49428308    2.56457946    2.53142044    2.70999436    2.73089534    2.88320180    2.79567580    2.03652507    2.09723295    2.62900689    0.90004217    1.05693569    1.02934200    1.01341636    1.04031672    1.17403226    0.97438293    1.07151605    1.23732045    1.05862014    1.11970430    1.21719896    1.11004468    1.14884610    1.05338264    1.14765503    1.12068407    1.07528502    1.08861036    1.04196512    0.97312677    1.14042427    0.58079029    0.45550244    0.55684769    0.54555693    0.50364018    0.41860333    0.53954200    0.56893871    0.52136141    0.70832804    0.68286563
K9SA82_9CYAN/360-502     0.25844758    0.48406426    0.36796914    0.30753175    0.00000000    0.33106202    0.85565835    0.58387306    0.69789993    0.66159810    0.58200022    0.62148594    0.72154387    0.53654471    0.69882405    0.59451006    0.61689941    0.59420968    0.68151511    0.61550236    0.71764342    0.68162596    0.80527390    1.25503325    1.63521594    1.29483201    3.04051101    2.51297685    2.47483942    2.20754479    2.34632059    2.09001526    2.32419915    2.32175863    2.26561903    2.19946654    2.46493299    2.59486067    2.54518236    2.79188667    2.34346544    2.54260106    2.71955627    2.23241429    2.28029787    2.10148697    2.17818393    2.39435310    2.11281221    2.37041073    2.22516512    2.26455768    2.30017943    2.11805686    2.63711328    1.99212664    2.16204883    2.42160607    2.45726527    3.06203083    2.96133172    2.98852754    2.65786739    2.91017261    2.77239301    2.53009310    2.60015973    2.44616047    2.76774660    2.47299668    2.26083190    2.41062801    2.56717019    2.59613617    2.62566209    2.31166350    2.60623278    2.59828587    2.69300122    2.69451282    1.84258600    2.16441595    2.54777024    1.05369950    1.07576805    1.18123331    1.12488455    1.12299620    1.25296625    1.01323420    1.09980010    1.39362506    1.11374335    1.16790224    1.26392826    1.10315370    1.26352866    1.13370938    1.27347091    1.15618827    1.11877122    1.08787525    1.09435461    1.05820144    1.21908152    0.46637026    0.30118241    0.43911914    0.50006031    0.37281875    0.22310574    0.41036186    0.42439692    0.41082359    0.77829250    0.79772530
B8HVM1_CYAP4/360-502     0.43096146    0.59336536    0.47208657    0.46795843    0.33106202    0.00000000    0.76286485    0.60264672    0.66612973    0.63291392    0.58441846    0.59569199    0.68081439    0.61150437    0.78864563    0.70497300    0.63217507    0.67694125    0.64811779    0.67500694    0.83960793    0.72957454    0.94705302    1.21827359    1.63898785    1.38423150    2.87538303    2.29701569    2.38892450    2.34504927    2.36673987    1.97081001    2.37058339    2.24406265    2.25693669    2.17655016    2.39738300    2.52408485    2.22440209    2.53993422    2.21287902    2.35189718    2.47074125    2.33170226    2.57435579    2.31931915    2.42755688    2.56900079    2.30578019    2.36860571    2.20568411    2.32718565    2.32509493    2.15779401    2.66467638    2.21299150    2.30478753    2.39307053    2.60151181    3.36729763    3.10714273    3.08831487    2.88205695    3.09695205    2.99894346    2.79756643    2.89373373    2.77141739    3.06403709    2.72430621    2.50774788    2.74440789    2.75036688    2.73173560    2.91836616    2.54215142    2.61308089    2.92027889    2.90731982    2.97000162    2.08314877    2.46218764    2.51430812    0.97322387    1.06424533    1.12818584    1.18245728    0.97678589    1.14117724    1.04761288    1.01473185    1.35183655    1.13883181    1.18703535    1.36118035    1.21184163    1.27505997    1.25562042    1.27375410    1.18253680    1.13201335    1.23499199    1.13380651    1.12627104    1.27855687    0.55348321    0.36702900    0.57608753    0.55431838    0.48476238    0.38429946    0.50863288    0.51397648    0.51678947    0.73469350    0.75346074
E0U786_GLOV7/360-507     0.84741134    0.85310385    0.81859044    0.83225206    0.85565835    0.76286485    0.00000000    0.81204637    0.77779120    0.86860350    0.96591141    0.90065006    0.97087192    0.88390476    1.11602257    0.96008905    1.06366461    0.96150949    0.97071878    0.84761863    0.94840302    0.99095547    1.01007245    1.43753743    1.64575919    1.50572793    2.47635316    2.17122489    2.28286294    2.68393854    2.57458878    2.16353265    2.39859805    2.40455122    2.41944546    2.32358871    2.90038222    2.93681145    2.80260460    3.03746044    2.58436706    2.65006354    2.61450469    2.23749777    2.67205679    2.72875896    2.75979070    2.71422755    2.55785336    2.77240569    2.52856062    2.94533479    2.70728502    2.51767733    2.35804035    2.35224747    2.47243261    2.44165330    2.65935542    2.77477279    2.77604443    2.66552778    2.36771396    2.74590288    2.72658443    2.35897847    2.41042123    2.44309250    2.37514263    2.39464692    2.26868522    2.45975453    2.44803921    2.42111366    2.41173067    2.36826088    2.56844463    2.57656254    2.49918816    2.60623415    2.47748920    2.33981653    2.55198181    1.18661268    1.12078874    1.39253473    1.32083923    1.18280531    1.27938347    1.12277465    1.16979631    1.34687080    1.28813676    1.34921981    1.42647963    1.39485395    1.40583263    1.34696737    1.35523673    1.27855596    1.24461940    1.27126850    1.23572003    1.15101543    1.24831145    0.75646751    0.77526481    0.97396954    0.99764968    0.81756192    0.71740280    0.77216150    0.76642525    0.73352605    1.02807867    1.01730254
K9T6F9_9CYAN/359-500     0.57447968    0.66939484    0.70267189    0.58775796    0.58387306    0.60264672    0.81204637    0.00000000    0.58584839    0.52690928    0.60635705    0.54963398    0.67970681    0.64760619    0.82569981    0.63659798    0.76284138    0.71633509    0.71777926    0.69562923    0.77497045    0.68638481    0.85709215    1.20073945    1.71516535    1.27821527    2.72086965    2.71841803    2.59633196    2.24732959    2.46237672    2.06862720    2.40439521    2.33884253    2.41969821    2.16763029    2.32315720    2.57111697    2.49346727    2.65228401    2.60215322    2.37585096    2.68835843    2.15266859    2.31873497    2.33721860    2.26700546    2.50679042    2.21857425    2.44216209    2.47236664    2.49966060    2.35556735    2.13408274    2.62350509    2.25073490    2.13320994    2.45686827    2.88714152    3.01659308    2.83337671    3.13538515    2.94826873    2.97948083    2.87663459    2.77632324    2.83158469    2.77113890    3.08891921    2.53154020    2.59657093    2.59378027    2.76776318    2.58821945    2.78896170    2.59753782    2.77162951    2.90989471    3.10002302    2.93869913    2.03288017    2.26962270    2.41725300    1.07882594    0.96961698    1.08836553    1.04922260    1.08476638    1.17879073    1.07048866    1.00204690    1.21402664    1.00394077    1.22136926    1.20507204    1.22287524    1.14704727    1.04325621    1.09130668    1.05404974    1.09174895    1.10591267    1.04744167    1.04647949    1.02769670    0.60903601    0.56185451    0.67932506    0.69334888    0.51319342    0.49765400    0.62649371    0.64208746    0.70228782    0.91362889    0.88728233
D5A406_ARTPN/361-506     0.63514383    0.70634964    0.64392902    0.58739439    0.69789993    0.66612973    0.77779120    0.58584839    0.00000000    0.65531906    0.71643716    0.61901530    0.69265433    0.70699382    0.73375468    0.69828086    0.67732092    0.63457526    0.69314777    0.76803235    0.96655389    0.93640358    1.00710606    1.27125482    1.67206266    1.38452944    2.70996878    2.48055892    2.49627874    2.61601097    2.55432649    2.11466396    2.33149877    2.36497272    2.38649496    2.13839185    2.62890818    2.89547271    2.77449170    3.01396060    2.70642794    2.51497472    2.62770361    2.43781483    2.54114952    2.62699780    2.63439992    2.45617452    2.43165311    2.67999861    2.63491973    2.49737098    2.48297165    2.43761961    2.32373333    2.17178347    2.29638333    2.57812512    2.57057646    2.97471823    2.73397226    2.93318581    2.59365417    2.74172324    2.67872280    2.58481962    2.52461905    2.40162032    2.78471935    2.53225327    2.36732073    2.24125490    2.60981829    2.57476574    2.70515607    2.64652491    2.47928897    2.52655457    2.76205027    2.66886183    2.01283850    2.26456196    2.31485264    1.01421478    1.07610115    1.07286750    1.06834282    1.09953799    1.23024610    1.09704633    1.11857209    1.28395250    1.19565704    1.29286091    1.37193015    1.29684317    1.21017560    1.12848893    1.25392693    1.17028181    1.10899456    1.18073688    1.19696140    1.07590134    1.16847460    0.69265509    0.67787540    0.71516960    0.77188877    0.71354599    0.59455877    0.63120775    0.57049779    0.73975492    0.88066299    0.81011121
K9XM80_STAC7/359-500     0.70464691    0.77682138    0.63004594    0.62008301    0.66159810    0.63291392    0.86860350    0.52690928    0.65531906    0.00000000    0.75918205    0.67131561    0.71092199    0.65891223    0.85500699    0.66721649    0.65721056    0.65363233    0.65063092    0.65918093    0.76432404    0.82364951    0.87197841    1.27847046    1.67677789    1.30834978    2.52746338    2.36859766    2.25778829    2.45086275    2.56981298    2.10197744    2.23189058    2.12291267    2.30748627    2.43314012    2.35337389    2.58318443    2.27436134    2.65163637    2.44540087    2.59151642    2.48732737    2.29930349    2.25865810    2.27080332    2.21357337    2.36081858    2.15166185    2.35526272    2.56768045    2.34989816    2.06141240    2.33176914    2.48210469    2.52942311    2.32234532    2.30413445    2.53376066    2.95995792    2.73850056    3.28487893    3.03945363    3.01657287    3.05648967    2.85721771    2.69323486    2.74924026    3.09334331    3.02472507    2.78454076    2.58442507    2.80011732    2.59363342    2.67053874    2.53226627    2.61584090    3.00080677    2.94714995    3.01701580    2.44789819    2.43534307    2.33420209    0.94523321    1.10585680    1.01492063    1.11960240    1.13824549    1.19729394    1.09214546    1.03213052    1.29705078    1.08280444    1.15279135    1.27184800    1.21410544    1.21140899    1.10971107    1.22332173    1.13903898    1.19389089    1.17484662    1.03938398    1.11694387    1.22967018    0.63528772    0.65544308    0.75703812    0.71666929    0.68409566    0.68931740    0.79061397    0.70669491    0.73850974    0.92619687    0.89683194
B0CB74_ACAM1/359-506     0.60089466    0.56460368    0.55311696    0.69589126    0.58200022    0.58441846    0.96591141    0.60635705    0.71643716    0.75918205    0.00000000    0.62739717    0.75571038    0.73136871    0.83479481    0.63946978    0.64571464    0.70167174    0.71752356    0.86423445    0.79317607    0.77360320    0.97977444    1.26324357    1.68707535    1.24012802    2.94550532    2.40686464    2.50681217    2.37754595    2.46606580    2.23514900    2.03237992    2.15447441    2.42500416    2.07540580    2.38294971    2.63297753    2.28081754    2.58083665    2.38691004    2.39214394    2.67693448    2.29215628    2.40004852    2.15562521    2.16724564    2.31593520    2.19973632    2.33742382    2.18778789    2.29998266    1.99037827    2.24107436    2.59237816    2.12174855    2.15123105    2.28881070    2.57016304    2.92682566    2.67812050    3.03352415    2.76309900    3.01398704    2.88556373    2.86790022    2.90481128    2.78768717    3.08357681    2.73690090    2.59829478    2.45099786    2.61491341    2.64715733    2.69173319    2.54527915    2.63193669    2.90473774    2.93009996    2.82926901    2.36379032    2.67704453    2.39807065    1.02243920    1.07173366    1.11084495    1.09478440    1.07401222    1.08371812    1.03403649    1.10990712    1.29251719    1.14226784    1.19705746    1.29269343    1.28863676    1.23148200    1.21947911    1.29930792    1.22294930    1.06098499    1.08040317    1.00550838    1.07113476    1.15139178    0.62914790    0.58118154    0.77963090    0.79396783    0.71770818    0.57262913    0.60459634    0.72994297    0.80598755    0.85775454    0.87722029
K8GIG2_9CYAN/360-502     0.61120634    0.78622813    0.57893799    0.55817124    0.62148594    0.59569199    0.90065006    0.54963398    0.61901530    0.67131561    0.62739717    0.00000000    0.81521555    0.64014710    0.77324118    0.61286339    0.66911850    0.70723949    0.64304719    0.68254731    0.83759096    0.75620060    0.96890387    1.18908079    1.61850576    1.33346133    3.04899258    2.70120304    2.72270694    2.48962875    2.63650443    2.09362448    2.18278546    2.19077032    2.59407219    2.41694569    2.43273716    2.78551795    2.51843161    2.75393019    2.52125805    2.72764858    2.68067402    2.37312465    2.72534118    2.36134180    2.37424171    2.58504032    2.29313724    2.55063602    2.45978944    2.47084776    2.32702110    2.22615494    2.67211724    2.18815986    2.17404654    2.22992398    2.53130779    3.09811758    2.81403986    3.01991002    2.75416203    2.92948812    2.87985342    2.72224141    2.64395029    2.65948063    2.76471626    2.67827207    2.42529425    2.29046373    2.80302210    2.33986034    2.65005685    2.59721789    2.84587773    3.06794387    2.96580822    2.95439096    2.18837665    2.66998286    2.66129211    0.97809068    1.05022957    1.04254637    0.99345000    0.94747808    1.08522885    0.91033953    1.04650261    1.21289031    1.14863459    1.17914229    1.38290159    1.22801783    1.24968148    1.18927497    1.28975483    1.23085818    1.15059806    1.25245128    1.19131686    1.06241187    1.21852883    0.66976336    0.54888832    0.63511307    0.57534991    0.60654277    0.52711240    0.54235161    0.55894857    0.65752535    0.92453836    0.91776615
K9RRX0_SYNP3/360-511     0.69400879    0.66577423    0.84289221    0.69105753    0.72154387    0.68081439    0.97087192    0.67970681    0.69265433    0.71092199    0.75571038    0.81521555    0.00000000    0.67998554    0.70197312    0.57332151    0.61806133    0.64803455    0.79751979    0.81231397    0.82472681    0.78693093    0.92081140    1.20334762    1.87610458    1.43796684    3.05151504    2.76870833    2.44753658    2.44123043    2.59476412    2.05986354    2.51527809    2.47204528    2.42295634    2.23062750    2.59390792    2.69768826    2.62159103    2.69452297    2.77948891    2.73664300    2.39995562    2.43846213    2.57516877    2.60246846    2.49039086    2.40456223    2.41548133    2.72294202    2.51862518    2.42533576    2.65084821    2.49004715    2.77568701    2.36470426    2.01855838    2.49383636    2.49644498    2.96401933    2.84132698    3.09378738    2.75545721    2.92279966    2.96335807    2.91488460    2.71506547    2.80125511    3.17166987    2.75830066    2.57251200    2.59470365    2.63746050    2.83120404    2.96706069    2.60160246    2.67425602    2.80018138    2.70495254    3.06452715    2.35387091    2.42039736    2.44326915    0.89079498    0.95557655    0.96361450    1.03838258    0.99842147    1.00315401    0.86749175    0.98711671    1.20262983    1.06873584    1.17522168    1.23095382    1.28246210    1.13421008    1.16904409    1.17610884    1.15243493    1.17074171    1.09291283    1.07717501    1.04985867    1.15796764    0.78343479    0.67785049    0.91334153    0.80809072    0.79578891    0.68470796    0.87650317    0.79430902    0.75093319    1.01924460    1.11959556
B2J2E3_NOSP7/360-506     0.54916351    0.63969065    0.55012034    0.59060987    0.53654471    0.61150437    0.88390476    0.64760619    0.70699382    0.65891223    0.73136871    0.64014710    0.67998554    0.00000000    0.36114983    0.27760925    0.29118634    0.31139950    0.64648926    0.58889431    0.75352303    0.67487634    0.84452860    1.30168627    1.59895061    1.26662439    3.14897595    2.47487422    2.37632757    2.68667876    2.59396711    2.14331569    2.33342000    2.55091677    2.38817617    2.32560996    2.43891140    2.63799612    2.58017667    2.91705468    2.68245285    2.60423905    2.80262048    2.56807461    2.59716310    2.63908157    2.49015838    2.52256871    2.65207717    2.80328088    2.59718228    2.64782095    2.40758623    2.45394596    2.82655291    2.13275123    1.97191842    2.39039187    2.35785438    2.71583090    2.57517473    2.80690013    2.76536519    2.86629023    2.84783929    2.54514237    2.31954076    2.44705847    2.70201369    2.48318206    2.17480819    2.24059648    2.33332187    2.22161042    2.52483147    2.29658227    2.49665533    2.79328188    2.84153747    2.53243280    2.09401185    2.33335585    2.33761276    1.04869622    1.16472427    1.25857536    1.22563410    1.10116513    1.21303998    1.05828644    1.18267158    1.19887999    0.99852064    1.15580572    1.33703625    1.27589933    1.14601885    1.15761783    1.28852556    1.10114615    1.20153806    1.22545099    1.08441165    1.12476532    1.20381107    0.53719307    0.53209994    0.73013909    0.73324529    0.57545226    0.53456183    0.68509430    0.63546695    0.68098734    0.88480734    0.92887527
K9UJE7_CHAP6/361-508     0.63988385    0.73125741    0.67405588    0.66587004    0.69882405    0.78864563    1.11602257    0.82569981    0.73375468    0.85500699    0.83479481    0.77324118    0.70197312    0.36114983    0.00000000    0.44418252    0.43142046    0.43529539    0.75494014    0.73959252    1.00270273    0.88494026    0.96456251    1.35625456    1.59019456    1.40802077    3.10226443    2.59434516    2.50795586    3.01183619    2.90879169    2.25637379    2.86872947    2.88935635    2.83058023    2.84821789    2.60150659    3.07415782    3.09689392    3.44675403    3.16954259    3.11546222    3.21314848    2.84432630    3.32850037    2.91618471    3.08476983    3.06819012    3.02589166    3.33328025    3.11271469    3.06612230    2.86292187    2.95024670    3.40134974    2.40195685    2.20073935    2.86370251    2.74622238    3.22626272    2.90142939    3.18080221    3.25094003    3.47556242    3.17782046    3.01496437    2.87044808    2.88361238    3.04566066    2.87775538    2.54433033    2.44759171    2.47965764    2.39165703    2.80276400    2.83932768    2.83705085    3.38289852    3.30845212    2.91717438    2.11149527    2.44902038    2.45851787    1.15289345    1.35460252    1.33651420    1.25255154    1.27432201    1.26516339    1.24019675    1.28177700    1.32420517    1.23252819    1.46982704    1.39523387    1.43031834    1.38912339    1.41975802    1.55693283    1.47320488    1.42143431    1.36375447    1.29703530    1.31064616    1.45990161    0.65472516    0.64515424    0.79091137    0.81239134    0.70964820    0.64015160    0.75164815    0.85599621    0.76996656    0.87806661    0.87361404
K8GJ09_9CYAN/360-506     0.57537043    0.57144984    0.66601341    0.64277771    0.59451006    0.70497300    0.96008905    0.63659798    0.69828086    0.66721649    0.63946978    0.61286339    0.57332151    0.27760925    0.44418252    0.00000000    0.26012288    0.33275755    0.58234211    0.64825740    0.65556369    0.66747274    0.80053458    1.22282400    1.67960891    1.27739821    2.88887424    2.56553461    2.37788795    2.33257769    2.38628800    1.95462715    2.23055542    2.25349439    2.24770846    2.17444836    2.34713677    2.47990631    2.53319353    2.76355544    2.67997763    2.55350715    2.68753179    2.33296366    2.57031441    2.48174169    2.46160005    2.36053688    2.30246002    2.75468435    2.47565641    2.44900324    2.24662782    2.36982376    2.52804147    2.21901603    1.95013974    2.34646722    2.37417231    2.63390701    2.48473077    2.69344417    2.77277559    2.79510984    2.68523712    2.49563129    2.39528267    2.42630328    2.76226613    2.40853853    2.07150265    2.13010936    2.39499826    2.35581546    2.59616162    2.37325821    2.47338636    2.58295335    2.69378344    2.44241019    2.07355820    2.40414373    2.41475658    1.03842354    1.16535315    1.22260347    1.17465165    1.16536637    1.14507830    1.06382293    1.21838236    1.21502098    1.06014275    1.15805798    1.31648884    1.28650045    1.19252779    1.08369239    1.27497194    1.08595717    1.18597647    1.24025797    1.04515535    1.10608871    1.23373383    0.58040836    0.58911775    0.71564646    0.68417343    0.65534483    0.56656085    0.72570193    0.64808570    0.65477177    0.85570383    0.84810480
K9S486_9CYAN/360-506     0.63941963    0.62608431    0.66670780    0.64640638    0.61689941    0.63217507    1.06366461    0.76284138    0.67732092    0.65721056    0.64571464    0.66911850    0.61806133    0.29118634    0.43142046    0.26012288    0.00000000    0.28695693    0.59599392    0.65363408    0.82167643    0.81834503    0.83242880    1.34207075    1.65983299    1.27069690    2.91497687    2.61039811    2.61295020    2.68465116    2.64086082    2.18376060    2.41314104    2.57495425    2.45356914    2.39029848    2.41977088    2.71186416    2.55316700    2.93959715    2.87618501    2.65380410    2.61009821    2.45265268    2.67329490    2.69889318    2.68873355    2.52421943    2.57979344    2.87064235    2.63255395    2.67515810    2.46265326    2.52735926    2.77062788    2.22492598    2.05338729    2.57135600    2.50848051    2.75359432    2.43693726    2.83335964    2.92658150    2.87752355    2.79576491    2.67810413    2.48922528    2.48339496    2.80676424    2.64469237    2.23153008    2.34057586    2.38859944    2.33192131    2.71535696    2.44449096    2.45508193    2.86044064    2.92991625    2.55193656    2.08888155    2.45735827    2.57377867    1.16149324    1.27344660    1.26576609    1.26727414    1.21426313    1.25766812    1.15689259    1.16675407    1.38653920    1.10947397    1.22290783    1.29348436    1.27340284    1.25214789    1.06395329    1.33955593    1.21240443    1.22817987    1.29355109    1.18189302    1.19657415    1.28802605    0.62245482    0.62501887    0.70830114    0.79306179    0.71275065    0.69823055    0.75578400    0.72390203    0.76446408    0.91945493    0.89993619
K9WA23_9CYAN/360-506     0.64376131    0.57239969    0.62707520    0.58341231    0.59420968    0.67694125    0.96150949    0.71633509    0.63457526    0.65363233    0.70167174    0.70723949    0.64803455    0.31139950    0.43529539    0.33275755    0.28695693    0.00000000    0.63546070    0.64864750    0.82971258    0.78112368    0.95243183    1.42237216    1.62700967    1.40865196    3.12822087    2.52855005    2.56465425    2.76012227    2.59646825    2.13347719    2.44820789    2.55662257    2.54350993    2.58068478    2.58522760    2.64307811    2.59978654    2.96060001    2.92552930    2.87314118    2.59064931    2.50362679    2.85339282    2.75665193    2.71445363    2.65600046    2.60415449    2.84363901    2.73380434    2.67942547    2.74521326    2.59351537    2.89422163    2.16269635    2.36775836    2.66590452    2.53027435    2.94770130    2.73330007    3.01312127    2.85415905    3.01152636    2.94010858    2.71683315    2.51491794    2.49324365    3.01480172    2.78444848    2.23011391    2.33450607    2.52106772    2.68513457    2.79840541    2.72530746    2.62457353    2.82134113    2.82675512    2.64575585    2.04732518    2.21970724    2.48044690    0.97518793    1.15811015    1.17112248    1.13453675    1.02700687    1.14285742    1.00514265    1.13014379    1.28775732    1.07172087    1.30019132    1.20328989    1.20193394    1.28784042    1.16806269    1.46382251    1.21779429    1.29718317    1.35760400    1.18730154    1.22680957    1.30239999    0.58224923    0.65203810    0.77524659    0.82356280    0.70851908    0.65222705    0.78421730    0.72970913    0.76308180    0.90867059    0.86030283
K9YD29_HALP7/359-501     0.67573780    0.78810884    0.72020939    0.67138864    0.68151511    0.64811779    0.97071878    0.71777926    0.69314777    0.65063092    0.71752356    0.64304719    0.79751979    0.64648926    0.75494014    0.58234211    0.59599392    0.63546070    0.00000000    0.82586884    0.83429892    0.75080317    0.84667163    1.32524782    1.66705528    1.11508392    2.58937413    2.31699050    2.10299259    1.97464200    2.18127142    2.05704588    2.19832730    2.13758484    2.48338680    2.09540072    2.30044785    2.53893744    2.46203123    2.58843650    2.41055804    2.52900509    2.29736175    2.27680735    2.49255022    2.14291662    2.20918214    2.20277106    2.10890238    2.31867739    2.07635756    2.28431560    2.29585062    2.09976259    2.41361604    2.09361346    2.20504790    2.32023006    2.54901058    2.92380347    2.67588317    2.89734487    2.79332130    2.68842511    2.59685532    2.52510241    2.45829662    2.52494549    2.64064033    2.32556655    2.05238062    2.26233224    2.42906952    2.43698444    2.59788025    2.28893932    2.64896124    2.75076917    2.73730568    2.63830477    2.20246890    2.66128710    2.74663576    0.94021212    1.05354848    0.94535795    1.12496240    1.14637829    1.25235962    1.08139306    1.05238231    1.17331569    1.01898247    1.00680236    1.13386185    1.20987630    1.01051474    1.00116397    1.13896768    0.98632986    0.93556209    1.03150600    0.98430681    0.97652271    1.03824859    0.65756568    0.66523527    0.75504437    0.76036816    0.75924803    0.60832027    0.67892215    0.70638105    0.71980064    0.95217695    0.95890864
K9U640_CHRTP/360-504     0.65804322    0.60245141    0.62812457    0.60767590    0.61550236    0.67500694    0.84761863    0.69562923    0.76803235    0.65918093    0.86423445    0.68254731    0.81231397    0.58889431    0.73959252    0.64825740    0.65363408    0.64864750    0.82586884    0.00000000    0.54395313    0.48240970    0.87251170    1.31227959    1.44445709    1.23744312    3.05615870    2.10852932    2.19442509    2.25810679    2.61375577    2.15478067    2.19257129    2.37576958    2.35581124    2.23236942    2.44498709    2.84794365    2.42840852    2.72309847    2.48870047    2.61987936    2.48201527    2.30348884    2.45992445    2.25553956    2.27803896    2.53961666    2.22289780    2.55682748    2.30055195    2.39905742    2.37925727    2.24733360    2.82054419    2.00321284    1.97370793    2.19044644    2.53075210    2.78919420    2.56539634    2.76470295    2.47904393    2.61412842    2.61852215    2.44651219    2.54116847    2.51545518    2.58514807    2.40447850    2.28251618    2.38636431    2.31851154    2.16316492    2.40784981    2.16333442    2.54566694    2.65400016    2.50265193    2.46237446    1.87714202    2.30047132    2.35781978    1.05244253    1.04303154    1.19646796    1.16239819    1.04083325    1.04671710    0.97925838    1.07437685    1.17183133    1.06476178    1.19120371    1.28389684    1.20005236    1.20612450    1.13084711    1.19058462    1.11388912    1.19696372    1.15785842    1.06811663    1.12139069    1.20855015    0.59242459    0.63665293    0.69175481    0.76642082    0.78701921    0.66979745    0.71174556    0.79608753    0.74905334    0.90931916    0.91541392
K9WE59_9CYAN/360-504     0.69443471    0.70152434    0.78004636    0.77263513    0.71764342    0.83960793    0.94840302    0.77497045    0.96655389    0.76432404    0.79317607    0.83759096    0.82472681    0.75352303    1.00270273    0.65556369    0.82167643    0.82971258    0.83429892    0.54395313    0.00000000    0.25873136    0.92441247    1.32035165    1.62053638    1.26986393    2.77030610    2.01475887    2.13198034    2.05698510    2.37956864    1.97738653    2.18019749    1.96318108    2.27523370    1.84074804    2.22152345    2.32382997    2.50002677    2.38953934    2.33748945    2.21381855    2.52903473    2.28971788    2.49600362    2.12596817    2.14058591    2.37478058    2.04472851    2.18366369    2.39558949    2.22543604    2.34254131    2.15346070    2.59269838    2.05557321    1.88658592    2.01676030    2.21791200    2.83192642    2.52086216    2.85736068    2.70554136    2.69869011    2.76147936    2.60011999    2.52157254    2.60522108    2.70287390    2.42707094    2.33192227    2.29731661    2.34080291    2.27433231    2.47529401    2.10805254    2.47564992    2.66680660    2.54311371    2.54217185    1.97780946    2.50020542    2.35460843    1.11681731    1.09087923    1.09357691    0.99419040    1.15258584    1.11973719    1.02040588    1.05561121    1.17518833    1.10156596    1.17941524    1.25756523    1.28413764    1.17614917    1.14759145    1.16781874    1.08262574    1.21007646    1.21461248    1.09472532    1.10618574    1.20211687    0.75794071    0.72377047    0.81361945    0.80087946    0.91174459    0.78013383    0.80516438    0.77959712    0.75976877    1.12226845    1.06470622
K9XMM9_9CHRO/360-504     0.67558991    0.66277147    0.77201728    0.74551440    0.68162596    0.72957454    0.99095547    0.68638481    0.93640358    0.82364951    0.77360320    0.75620060    0.78693093    0.67487634    0.88494026    0.66747274    0.81834503    0.78112368    0.75080317    0.48240970    0.25873136    0.00000000    0.93426254    1.38503080    1.55006801    1.32435919    3.09543990    2.11820291    2.16927133    2.27747115    2.53137255    2.18065095    2.36470988    2.09655353    2.60082549    2.12968762    2.21999243    2.45814425    2.37482102    2.48138382    2.34893484    2.45544083    2.61291433    2.32184017    2.66250555    2.20855443    2.18183360    2.33831171    2.05355346    2.25050518    2.34959758    2.30405989    2.64199527    2.17637486    2.85234974    1.99471964    1.98973586    2.17116040    2.38827691    3.17403229    2.80130970    3.31542422    2.89177466    3.00813897    3.10951915    2.94242052    2.92741665    2.82866958    3.08931643    2.82973321    2.62406435    2.69021649    2.54110582    2.63399143    2.82822007    2.39080944    2.74641724    2.91606998    2.67014084    2.75961642    1.94255392    2.59620066    2.40027304    1.17189194    1.16161692    1.22939289    1.13283147    1.09297762    1.05313500    1.11039918    1.07370634    1.27658652    1.10536784    1.16710324    1.29704830    1.29409836    1.25729834    1.19658198    1.19231534    1.12483038    1.21628705    1.21285484    1.15161085    1.10446713    1.21409740    0.70150097    0.65608663    0.78007206    0.80060833    0.81957243    0.66304956    0.74482224    0.83767187    0.74728614    1.01920327    0.99281780
Q7NDJ4_GLOVI/359-502     0.78004022    0.91053632    0.87398665    0.78685693    0.80527390    0.94705302    1.01007245    0.85709215    1.00710606    0.87197841    0.97977444    0.96890387    0.92081140    0.84452860    0.96456251    0.80053458    0.83242880    0.95243183    0.84667163    0.87251170    0.92441247    0.93426254    0.00000000    1.43503428    1.45402229    1.27283026    3.05258116    2.53759382    2.53758907    2.43027955    2.53715822    2.20204332    2.15740648    2.31925004    2.37209692    2.32026571    2.34004548    2.74311290    2.45347226    2.52463777    2.44225952    2.50708376    2.58466482    2.30356621    2.27223932    2.16179786    2.29300244    2.49340852    2.18221583    2.32047384    2.73989379    2.73078358    2.29184485    2.35006688    2.60182999    2.13641659    1.89870414    2.17173213    2.28557832    2.71210944    2.91543064    2.73251245    2.59750886    2.94513306    2.81402066    2.71495766    2.77497604    2.98844025    2.63205535    2.49416931    2.34927954    2.50019331    2.46094480    2.51940482    2.83241813    2.39708572    2.50459423    2.41463240    2.82100645    2.49078704    2.13300083    2.48700405    2.46864562    0.98985622    0.95517284    1.09210612    1.10291039    1.17843408    1.19621545    1.00923078    1.03889672    1.11654011    1.03192732    1.05127481    1.11541154    1.06149316    0.99754648    0.94571304    1.12904055    0.98389680    0.96377617    0.97458363    0.91997587    0.86296013    1.03056709    0.82983826    0.83407370    0.80807594    0.84538668    0.76088993    0.72242887    0.85307198    0.79411518    0.82434804    0.99595632    1.02036939
I4C131_DESTA/359-504     1.23288879    1.28877164    1.20403320    1.33304754    1.25503325    1.21827359    1.43753743    1.20073945    1.27125482    1.27847046    1.26324357    1.18908079    1.20334762    1.30168627    1.35625456    1.22282400    1.34207075    1.42237216    1.32524782    1.31227959    1.32035165    1.38503080    1.43503428    0.00000000    1.66883689    1.50547515    2.70693804    2.34169437    2.29702114    2.68542698    2.38147101    1.64202837    2.44247133    2.32424077    2.06438762    2.07916748    2.55418938    2.60969262    2.54619182    2.58518098    2.37268758    1.93145526    2.33891222    2.14320145    2.41396950    2.24772631    2.24357540    2.15892473    2.28511810    2.48811912    2.52235858    2.35337250    2.09766924    2.32745388    2.29586642    1.83127746    2.10744615    2.53839604    2.54292846    2.80663795    2.64474473    2.87370691    3.17037633    2.81620388    2.64429253    2.93318107    2.87092918    2.71717759    3.00626293    2.88424004    2.90368939    2.76611219    2.71252264    2.51083203    2.79574297    2.47335319    2.60638663    2.70603491    2.73723720    2.87061083    2.61304810    2.56550515    2.74316366    1.57996169    1.56814195    1.58560458    1.50365344    1.48945180    1.58979300    1.52062550    1.57618083    1.75940973    1.69360342    1.71645472    1.68383349    1.67178274    1.69062529    1.74446260    1.77581021    1.67235890    1.68115997    1.75668668    1.72679246    1.65740845    1.81728040    1.22832301    1.25195418    1.22639954    1.35483678    1.37325596    1.28165147    1.32507817    1.30797059    1.32750456    1.33345805    1.33453300
