39
U3JQS9_FICAL/22-278     0.00000000    0.40375770    0.76486018    0.83780721    0.77889157    0.40474788    0.43141741    0.62088534    0.60778237    0.68638249    0.62248349    0.93743446    1.90218098    2.10988243    2.29199426    2.53857932    2.87262702    2.88367602    2.90042985    2.73262939    2.38526545    2.63594505    2.20707329    2.48089768    2.07141741    2.53558590    2.35691161    2.46529054    2.49375550    2.45318867    2.20197876    2.14445402    2.24443250    2.44998694    2.55672051    2.40212676    2.41983882    2.41423585    0.42935546
H9G5H4_ANOCA/58-314     0.40375770    0.00000000    0.79175209    0.91329040    0.84450534    0.55525928    0.53278507    0.69195834    0.69075713    0.82222030    0.72716274    1.00509201    2.22773106    2.40660638    2.74331863    2.69363778    3.07781999    3.08666650    3.00331927    2.86687255    2.77216074    2.89343034    2.69249878    2.62926934    2.15886061    2.54486914    2.52141599    2.55539417    2.58953465    2.61298069    2.33800655    2.31876681    2.32599501    2.52981736    2.52148907    2.48972138    2.52499129    2.68425686    0.52963952
CCDB1_HUMAN/55-320     0.76486018    0.79175209    0.00000000    0.28975993    0.24810324    0.66005773    0.82026175    0.92830545    0.86338637    1.00319855    0.94722278    1.13650849    2.27063248    2.86787714    2.62643573    3.13598071    3.09940381    2.99479850    2.86137637    2.89847646    2.70501721    2.81182282    2.61466677    3.05647949    2.44961878    2.57218353    2.76370173    2.74430614    2.63809574    2.77795086    2.40350005    2.42404797    2.46183319    2.60802440    2.64434380    2.37980227    2.56086641    2.56810312    0.78082296
CCDB1_RAT/52-315     0.83780721    0.91329040    0.28975993    0.00000000    0.29295343    0.73673237    0.91670694    0.98056643    1.00003461    1.15449923    1.05293544    1.16931415    2.35731901    2.78470749    2.66260233    3.07475381    3.05631425    3.20472744    3.08057445    2.95300839    2.94569541    3.11487115    2.66416124    3.03163880    2.51207401    2.60524681    2.81206479    2.83350629    2.64028628    2.77341327    2.58968041    2.52267862    2.58669884    2.75180398    2.77652033    2.57406355    2.67073656    2.73625721    0.90171141
G3SUD1_LOXAF/52-324     0.77889157    0.84450534    0.24810324    0.29295343    0.00000000    0.67942374    0.87132712    1.02274591    0.98907604    1.16198285    1.02922072    1.19778862    2.24062802    2.92713624    2.79786132    3.27960765    3.16275108    3.25397045    3.01326665    3.10520378    2.71566811    2.95433993    2.71542405    3.06097984    2.46202483    2.55500534    2.76764944    2.77046003    2.65839603    2.75162748    2.41513878    2.38505629    2.37373030    2.58268797    2.67483344    2.48083347    2.64572647    2.67555500    0.84232213
F6Z7U3_MONDO/54-310     0.40474788    0.55525928    0.66005773    0.73673237    0.67942374    0.00000000    0.51611162    0.71344546    0.64764907    0.76181930    0.72795487    0.93066862    1.96213192    2.38185908    2.52826157    2.43028282    2.95675352    3.12574977    3.02218365    2.85244848    2.46031958    2.63261975    2.44211540    2.62384757    2.29170726    2.64819725    2.57697296    2.61435702    2.65329056    2.65726690    2.29835046    2.23262960    2.30106695    2.53385643    2.61375315    2.52154743    2.54395397    2.53116820    0.51301694
W5MJP6_LEPOC/48-304     0.43141741    0.53278507    0.82026175    0.91670694    0.87132712    0.51611162    0.00000000    0.46669861    0.37305172    0.47798877    0.46613411    0.85884050    2.21319066    2.17823772    2.38232296    2.33058043    2.59874575    2.71837254    2.67030657    2.58728287    2.27893300    2.49636007    2.47961269    2.63172997    2.04073480    2.61083615    2.44745577    2.56966377    2.62432958    2.62367877    2.20077327    2.14061623    2.28361499    2.53898534    2.53034923    2.50209094    2.58838498    2.58672023    0.38489281
CCDB1_DANRE/48-306     0.62088534    0.69195834    0.92830545    0.98056643    1.02274591    0.71344546    0.46669861    0.00000000    0.46168447    0.54216911    0.47407224    0.99867397    2.03647848    2.20125534    2.29234191    2.39407832    2.75753239    2.76342316    2.84603442    2.52388254    2.30094386    2.72986108    2.41702746    2.39590233    2.16478612    2.60063501    2.59402710    2.51383744    2.61610937    2.51986650    2.35178906    2.33811350    2.33631378    2.62623952    2.63738398    2.60972814    2.54401476    2.71404353    0.59220842
G3NHU1_GASAC/65-324     0.60778237    0.69075713    0.86338637    1.00003461    0.98907604    0.64764907    0.37305172    0.46168447    0.00000000    0.33996511    0.33388066    1.02666026    2.00404537    2.14709273    2.38095319    2.49465950    2.66948873    2.86860034    2.85866326    2.59776673    2.27768622    2.50550608    2.37599858    2.54490063    2.23595774    2.85884321    2.64280914    2.68987223    2.69875094    2.66309871    2.27966235    2.23503318    2.23895209    2.50357711    2.58200281    2.64857399    2.65621549    2.78083233    0.57741080
I3J9Q4_ORENI/14-273     0.68638249    0.82222030    1.00319855    1.15449923    1.16198285    0.76181930    0.47798877    0.54216911    0.33996511    0.00000000    0.37856786    1.16010937    2.02102993    2.30960868    2.54264534    2.65399404    2.78198721    2.74446058    2.92277929    2.53833214    2.65361038    2.93388381    2.41127596    2.66215463    2.25131274    3.04083227    2.79708955    2.89026093    2.71279743    2.72554501    2.45026870    2.57108987    2.47789818    2.72181575    2.80885256    2.84480303    2.77636813    2.90366692    0.61693865
M4A7P4_XIPMA/48-306     0.62248349    0.72716274    0.94722278    1.05293544    1.02922072    0.72795487    0.46613411    0.47407224    0.33388066    0.37856786    0.00000000    1.13007401    2.00228300    2.22134503    2.48182956    2.66388193    2.70844179    2.74811204    2.72144511    2.58895677    2.20692274    2.65403320    2.41265944    2.72862378    2.12066345    2.67261653    2.54570270    2.60899335    2.54723590    2.52192601    2.31546039    2.25036246    2.26427518    2.49533088    2.56211677    2.56975311    2.58902781    2.71834655    0.58686647
C3ZRU2_BRAFL/8-264     0.93743446    1.00509201    1.13650849    1.16931415    1.19778862    0.93066862    0.85884050    0.99867397    1.02666026    1.16010937    1.13007401    0.00000000    2.16170653    2.16624058    2.36986826    2.51227734    3.10131884    2.97600126    2.81712308    2.63114337    2.27657628    2.49686132    2.58876236    2.51680062    2.40470380    2.83546110    2.61287995    2.48932685    2.58968221    2.64507699    2.55514793    2.66861456    2.59184758    2.74462677    2.71424936    2.60469071    2.45183081    2.56536647    0.84930932
A0A015L6V8_RHIIW/47-319     1.90218098    2.22773106    2.27063248    2.35731901    2.24062802    1.96213192    2.21319066    2.03647848    2.00404537    2.02102993    2.00228300    2.16170653    0.00000000    2.20101683    2.14585624    2.76936607    2.87064052    2.85360719    2.85287830    2.78738960    2.34390408    2.67060918    2.43707018    3.15143416    2.43062684    2.56622260    2.40063415    2.51761529    2.39675954    2.50374343    2.34069979    2.41124556    2.25354276    2.32989109    2.42495689    2.41451541    2.28057372    2.44732153    2.08066410
M2RHM4_CERS8/42-299     2.10988243    2.40660638    2.86787714    2.78470749    2.92713624    2.38185908    2.17823772    2.20125534    2.14709273    2.30960868    2.22134503    2.16624058    2.20101683    0.00000000    0.91961149    2.96774439    2.46357854    2.56871218    2.62225894    2.56573329    2.55446806    2.63264457    2.53209142    2.43516972    2.36721311    2.20208830    2.16781191    2.40439463    2.27074223    2.50101937    2.43189720    2.48870475    2.25018691    2.22011371    2.27953820    2.54782718    2.57301886    2.32106256    2.23362726
F8QGV6_SERL3/46-316     2.29199426    2.74331863    2.62643573    2.66260233    2.79786132    2.52826157    2.38232296    2.29234191    2.38095319    2.54264534    2.48182956    2.36986826    2.14585624    0.91961149    0.00000000    3.05683638    2.93991218    2.55027321    2.81068822    2.84809360    2.79847239    2.72223277    2.70233021    2.29065361    2.55318972    2.86934162    2.63795846    3.04146688    2.71492481    3.14957162    2.88885548    2.92160853    2.69387767    2.79186664    3.04052161    3.02412725    3.04812950    2.69184259    2.39110027
M3BW79_SPHMS/46-319     2.53857932    2.69363778    3.13598071    3.07475381    3.27960765    2.43028282    2.33058043    2.39407832    2.49465950    2.65399404    2.66388193    2.51227734    2.76936607    2.96774439    3.05683638    0.00000000    2.29529414    2.52758998    2.36753564    2.27326605    2.51835869    2.89632539    2.70435406    3.05469046    2.82321485    2.97164086    2.58192776    2.44733687    2.60983982    2.90077638    2.71678718    2.52936835    2.68283235    2.78926090    2.88053043    2.82868916    3.02064330    2.73929960    2.58956723
Q6FJ24_CANGA/49-328     2.87262702    3.07781999    3.09940381    3.05631425    3.16275108    2.95675352    2.59874575    2.75753239    2.66948873    2.78198721    2.70844179    3.10131884    2.87064052    2.46357854    2.93991218    2.29529414    0.00000000    0.97950591    1.21147904    1.06153614    3.40601653    3.38775796    3.81747378    3.55857740    3.26330077    3.11428284    2.68717245    2.94984063    2.76992769    3.22330167    2.73782799    2.82069516    2.65435441    2.79924108    3.04384157    2.82950368    2.76127464    2.91623072    2.82718882
G8ZXY9_TORDC/47-318     2.88367602    3.08666650    2.99479850    3.20472744    3.25397045    3.12574977    2.71837254    2.76342316    2.86860034    2.74446058    2.74811204    2.97600126    2.85360719    2.56871218    2.55027321    2.52758998    0.97950591    0.00000000    1.02980866    0.92570618    3.60662702    3.37703141    4.00681838    3.59043263    3.16725089    3.10337113    2.64750673    2.80534178    2.91604077    3.27426109    2.63681420    2.76174052    2.89544861    2.93418846    3.12419027    2.95278137    2.92034463    2.85871205    2.84886367
J7RN71_KAZNA/51-322     2.90042985    3.00331927    2.86137637    3.08057445    3.01326665    3.02218365    2.67030657    2.84603442    2.85866326    2.92277929    2.72144511    2.81712308    2.85287830    2.62225894    2.81068822    2.36753564    1.21147904    1.02980866    0.00000000    1.16611477    3.24485728    3.15842380    3.66299248    3.67040418    3.21832435    3.44379463    3.06512874    3.13183393    3.18261345    3.56819925    2.81240767    3.04468730    2.88394014    2.91832338    3.13087581    3.01408123    2.92208997    2.95329647    2.74446344
C5DN88_LACTC/48-330     2.73262939    2.86687255    2.89847646    2.95300839    3.10520378    2.85244848    2.58728287    2.52388254    2.59776673    2.53833214    2.58895677    2.63114337    2.78738960    2.56573329    2.84809360    2.27326605    1.06153614    0.92570618    1.16611477    0.00000000    3.49896296    3.46638709    3.64902077    3.33202664    3.02228777    3.52346712    2.84706121    2.86392849    2.99664140    3.29336897    2.89743488    2.92323226    3.00525814    2.90297097    3.14283532    3.06368166    3.01078606    3.09587480    2.66229125
Q54EF9_DICDI/36-348     2.38526545    2.77216074    2.70501721    2.94569541    2.71566811    2.46031958    2.27893300    2.30094386    2.27768622    2.65361038    2.20692274    2.27657628    2.34390408    2.55446806    2.79847239    2.51835869    3.40601653    3.60662702    3.24485728    3.49896296    0.00000000    1.05495982    2.92295552    2.93565302    2.44464302    2.88489307    2.59369888    2.47611450    2.43905118    2.61481050    2.26753661    2.43904418    2.41492388    2.51384938    2.58768677    2.62821035    2.66481426    2.52938972    2.18544416
D3BGZ0_POLPP/43-375     2.63594505    2.89343034    2.81182282    3.11487115    2.95433993    2.63261975    2.49636007    2.72986108    2.50550608    2.93388381    2.65403320    2.49686132    2.67060918    2.63264457    2.72223277    2.89632539    3.38775796    3.37703141    3.15842380    3.46638709    1.05495982    0.00000000    2.78968122    2.96552099    2.76762304    2.95267108    2.75589323    2.50984168    2.54789387    2.90092069    2.42174562    2.55429535    2.61435537    2.62718375    2.72141062    2.65941637    2.75390205    2.82110641    2.62333280
B7FXC4_PHATC/70-352     2.20707329    2.69249878    2.61466677    2.66416124    2.71542405    2.44211540    2.47961269    2.41702746    2.37599858    2.41127596    2.41265944    2.58876236    2.43707018    2.53209142    2.70233021    2.70435406    3.81747378    4.00681838    3.66299248    3.64902077    2.92295552    2.78968122    0.00000000    2.52450465    2.18398118    2.49704041    2.21316894    2.16612858    2.28127260    2.35574532    2.20114529    2.22103807    2.14975841    2.11651277    2.42175906    2.26795052    2.28434776    2.30155138    2.41049573
E1ZLL5_CHLVA/41-319     2.48089768    2.62926934    3.05647949    3.03163880    3.06097984    2.62384757    2.63172997    2.39590233    2.54490063    2.66215463    2.72862378    2.51680062    3.15143416    2.43516972    2.29065361    3.05469046    3.55857740    3.59043263    3.67040418    3.33202664    2.93565302    2.96552099    2.52450465    0.00000000    1.86373447    2.03565193    2.03060648    2.15700340    2.02581076    2.08486180    1.97922820    2.01705283    1.93073195    2.00487133    1.88513976    1.90416643    1.97183350    1.91912034    2.84979070
D8S866_SELML/22-288     2.07141741    2.15886061    2.44961878    2.51207401    2.46202483    2.29170726    2.04073480    2.16478612    2.23595774    2.25131274    2.12066345    2.40470380    2.43062684    2.36721311    2.55318972    2.82321485    3.26330077    3.16725089    3.21832435    3.02228777    2.44464302    2.76762304    2.18398118    1.86373447    0.00000000    1.04547317    1.09153124    1.05152218    1.00904423    1.23326391    1.08046055    1.05903071    1.06619124    0.98538186    1.02826854    1.13393762    1.18501607    1.12857947    2.29543297
W1PD72_AMBTC/41-334     2.53558590    2.54486914    2.57218353    2.60524681    2.55500534    2.64819725    2.61083615    2.60063501    2.85884321    3.04083227    2.67261653    2.83546110    2.56622260    2.20208830    2.86934162    2.97164086    3.11428284    3.10337113    3.44379463    3.52346712    2.88489307    2.95267108    2.49704041    2.03565193    1.04547317    0.00000000    0.86711067    0.81400661    0.80953057    1.14568423    0.84539230    0.81012520    0.79193320    0.75807406    0.75732292    0.90716693    0.94234158    0.94833634    2.75963813
Q9C993_ARATH/42-303     2.35691161    2.52141599    2.76370173    2.81206479    2.76764944    2.57697296    2.44745577    2.59402710    2.64280914    2.79708955    2.54570270    2.61287995    2.40063415    2.16781191    2.63795846    2.58192776    2.68717245    2.64750673    3.06512874    2.84706121    2.59369888    2.75589323    2.21316894    2.03060648    1.09153124    0.86711067    0.00000000    0.26822076    0.28515112    0.47929640    0.59093150    0.53407711    0.56574153    0.45758437    0.78322626    0.90120711    0.88364904    0.91157789    2.60060767
M4DI30_BRARP/42-304     2.46529054    2.55539417    2.74430614    2.83350629    2.77046003    2.61435702    2.56966377    2.51383744    2.68987223    2.89026093    2.60899335    2.48932685    2.51761529    2.40439463    3.04146688    2.44733687    2.94984063    2.80534178    3.13183393    2.86392849    2.47611450    2.50984168    2.16612858    2.15700340    1.05152218    0.81400661    0.26822076    0.00000000    0.33736782    0.58304799    0.59066277    0.59254406    0.57135368    0.52496686    0.77191510    0.86832150    0.86153648    0.92569706    2.66883652
O23126_ARATH/42-308     2.49375550    2.58953465    2.63809574    2.64028628    2.65839603    2.65329056    2.62432958    2.61610937    2.69875094    2.71279743    2.54723590    2.58968221    2.39675954    2.27074223    2.71492481    2.60983982    2.76992769    2.91604077    3.18261345    2.99664140    2.43905118    2.54789387    2.28127260    2.02581076    1.00904423    0.80953057    0.28515112    0.33736782    0.00000000    0.34862506    0.57325428    0.59997978    0.58162643    0.48652694    0.77700969    0.94560843    0.91343288    0.96769011    2.73570441
Q5BPZ6_ARATH/42-294     2.45318867    2.61298069    2.77795086    2.77341327    2.75162748    2.65726690    2.62367877    2.51986650    2.66309871    2.72554501    2.52192601    2.64507699    2.50374343    2.50101937    3.14957162    2.90077638    3.22330167    3.27426109    3.56819925    3.29336897    2.61481050    2.90092069    2.35574532    2.08486180    1.23326391    1.14568423    0.47929640    0.58304799    0.34862506    0.00000000    0.86281201    0.86772447    0.83532290    0.73871123    1.00516797    1.13054174    1.06548748    1.19773569    2.66190987
B9T1W5_RICCO/42-315     2.20197876    2.33800655    2.40350005    2.58968041    2.41513878    2.29835046    2.20077327    2.35178906    2.27966235    2.45026870    2.31546039    2.55514793    2.34069979    2.43189720    2.88885548    2.71678718    2.73782799    2.63681420    2.81240767    2.89743488    2.26753661    2.42174562    2.20114529    1.97922820    1.08046055    0.84539230    0.59093150    0.59066277    0.57325428    0.86281201    0.00000000    0.27660873    0.45958343    0.41091310    0.71906818    0.97807427    0.93315726    0.97758510    2.26732657
B9HJ78_POPTR/42-314     2.14445402    2.31876681    2.42404797    2.52267862    2.38505629    2.23262960    2.14061623    2.33811350    2.23503318    2.57108987    2.25036246    2.66861456    2.41124556    2.48870475    2.92160853    2.52936835    2.82069516    2.76174052    3.04468730    2.92323226    2.43904418    2.55429535    2.22103807    2.01705283    1.05903071    0.81012520    0.53407711    0.59254406    0.59997978    0.86772447    0.27660873    0.00000000    0.43323653    0.39250513    0.75211230    0.88377078    0.91479966    0.99033993    2.17474995
M1CZZ7_SOLTU/42-312     2.24443250    2.32599501    2.46183319    2.58669884    2.37373030    2.30106695    2.28361499    2.33631378    2.23895209    2.47789818    2.26427518    2.59184758    2.25354276    2.25018691    2.69387767    2.68283235    2.65435441    2.89544861    2.88394014    3.00525814    2.41492388    2.61435537    2.14975841    1.93073195    1.06619124    0.79193320    0.56574153    0.57135368    0.58162643    0.83532290    0.45958343    0.43323653    0.00000000    0.36501182    0.68627502    0.91908711    0.87323441    0.89979194    2.28783969
D7T8X3_VITVI/42-315     2.44998694    2.52981736    2.60802440    2.75180398    2.58268797    2.53385643    2.53898534    2.62623952    2.50357711    2.72181575    2.49533088    2.74462677    2.32989109    2.22011371    2.79186664    2.78926090    2.79924108    2.93418846    2.91832338    2.90297097    2.51384938    2.62718375    2.11651277    2.00487133    0.98538186    0.75807406    0.45758437    0.52496686    0.48652694    0.73871123    0.41091310    0.39250513    0.36501182    0.00000000    0.61148144    0.90736482    0.85041755    0.92671854    2.43666671
M0S627_MUSAM/43-314     2.55672051    2.52148907    2.64434380    2.77652033    2.67483344    2.61375315    2.53034923    2.63738398    2.58200281    2.80885256    2.56211677    2.71424936    2.42495689    2.27953820    3.04052161    2.88053043    3.04384157    3.12419027    3.13087581    3.14283532    2.58768677    2.72141062    2.42175906    1.88513976    1.02826854    0.75732292    0.78322626    0.77191510    0.77700969    1.00516797    0.71906818    0.75211230    0.68627502    0.61148144    0.00000000    0.74864455    0.75767573    0.78207263    2.62863513
C5YVD1_SORBI/50-327     2.40212676    2.48972138    2.37980227    2.57406355    2.48083347    2.52154743    2.50209094    2.60972814    2.64857399    2.84480303    2.56975311    2.60469071    2.41451541    2.54782718    3.02412725    2.82868916    2.82950368    2.95278137    3.01408123    3.06368166    2.62821035    2.65941637    2.26795052    1.90416643    1.13393762    0.90716693    0.90120711    0.86832150    0.94560843    1.13054174    0.97807427    0.88377078    0.91908711    0.90736482    0.74864455    0.00000000    0.24521107    0.32131987    2.52571123
Q6I627_ORYSJ/50-325     2.41983882    2.52499129    2.56086641    2.67073656    2.64572647    2.54395397    2.58838498    2.54401476    2.65621549    2.77636813    2.58902781    2.45183081    2.28057372    2.57301886    3.04812950    3.02064330    2.76127464    2.92034463    2.92208997    3.01078606    2.66481426    2.75390205    2.28434776    1.97183350    1.18501607    0.94234158    0.88364904    0.86153648    0.91343288    1.06548748    0.93315726    0.91479966    0.87323441    0.85041755    0.75767573    0.24521107    0.00000000    0.32771707    2.64758321
I1HGN3_BRADI/52-325     2.41423585    2.68425686    2.56810312    2.73625721    2.67555500    2.53116820    2.58672023    2.71404353    2.78083233    2.90366692    2.71834655    2.56536647    2.44732153    2.32106256    2.69184259    2.73929960    2.91623072    2.85871205    2.95329647    3.09587480    2.52938972    2.82110641    2.30155138    1.91912034    1.12857947    0.94833634    0.91157789    0.92569706    0.96769011    1.19773569    0.97758510    0.99033993    0.89979194    0.92671854    0.78207263    0.32131987    0.32771707    0.00000000    2.68576847
H3AWJ8_LATCH/63-317     0.42935546    0.52963952    0.78082296    0.90171141    0.84232213    0.51301694    0.38489281    0.59220842    0.57741080    0.61693865    0.58686647    0.84930932    2.08066410    2.23362726    2.39110027    2.58956723    2.82718882    2.84886367    2.74446344    2.66229125    2.18544416    2.62333280    2.41049573    2.84979070    2.29543297    2.75963813    2.60060767    2.66883652    2.73570441    2.66190987    2.26732657    2.17474995    2.28783969    2.43666671    2.62863513    2.52571123    2.64758321    2.68576847    0.00000000

