35
C5ALX5_BURGB/139-313     0.00000000    2.67241466    2.48645040    1.56754874    1.84684746    3.03894735    1.55353762    2.06958880    2.59190887    2.29335770    2.41393385    2.07624435    2.07757157    2.29826361    2.24923293    2.49349948    2.69177271    2.53098204    2.48824620    2.74421584    2.84875975    2.34681550    2.37982145    2.52795593    3.44986659    3.06576762    3.67030478    3.55115866    1.79709150    2.06364937    1.95146643    1.84098380    1.67435308    1.65074175    1.67449667
C5BPX4_TERTT/98-270     2.67241466    0.00000000    3.00229846    2.63354321    2.21263575    4.42069944    2.49304150    3.63227375    3.40974924    3.51203929    3.36588842    3.15642448    3.07166422    2.73043932    2.22732453    2.57088043    2.84078760    2.57084113    2.83219958    2.79647613    2.74152584    2.65620179    2.81225788    3.19683189    3.82217105    3.96314331    4.56353362    4.22609199    2.48542687    2.86720798    3.16090228    3.10142879    2.75410853    2.39488758    2.30215280
B8J0L9_DESDA/101-275     2.48645040    3.00229846    0.00000000    2.32193582    2.73580271    3.65278393    2.73404651    3.16623564    3.51291906    3.16026568    3.23837702    2.85109009    2.78338733    3.25410388    2.58235031    2.89381067    3.11222358    3.36082678    3.17090367    3.47596318    3.42314382    2.85705502    3.26412002    3.34032750    4.15986998    3.93885336    4.41120872    4.32963707    2.56453338    3.58332589    3.50390227    3.82662491    2.65303159    2.99128755    2.50576309
A5FZK5_ACICJ/97-271     1.56754874    2.63354321    2.32193582    0.00000000    1.57241773    2.99002211    1.90632875    2.81297993    2.70048274    2.45235297    2.54998456    2.58962464    2.51533918    2.25549064    2.26222348    2.62376937    2.70347365    2.68640406    2.70437696    2.56768411    2.65919709    2.48722924    3.11248303    2.93149853    2.81043305    2.69120351    3.67574297    4.00336169    1.75961524    1.91978316    1.83012447    2.14595517    1.58960701    1.66778502    1.63391735
Q1ITS2_KORVE/102-277     1.84684746    2.21263575    2.73580271    1.57241773    0.00000000    2.79387815    0.90567430    2.61374367    2.57993740    2.39981678    2.48298446    2.44432048    2.60124833    2.20572060    2.24911128    2.43249788    2.53943445    2.31885971    2.64663216    2.28735152    2.39896002    2.19861530    2.27744948    2.02822187    3.07402570    2.58366417    3.74790448    3.10665369    1.76326357    1.73884977    2.14300445    1.83373469    1.25821913    1.50748255    1.27191008
A8L1G0_FRASN/211-373     3.03894735    4.42069944    3.65278393    2.99002211    2.79387815    0.00000000    2.51022672    3.25442328    3.54741710    3.54408038    3.81085034    3.49670351    4.17036453    3.31523624    2.86904918    3.43283921    4.15716475    3.64071838    3.90254923    3.65218128    3.87260802    3.59417687    3.71415534    3.52113068    4.14496739    3.83824848    5.37468900    4.52843349    3.19962386    3.84101339    3.90571295    3.69774310    3.52269980    2.98771410    3.36376815
C1F8U6_ACIC5/109-284     1.55353762    2.49304150    2.73404651    1.90632875    0.90567430    2.51022672    0.00000000    2.24171208    2.03193481    2.10098295    2.13519119    2.05738980    2.35315079    2.33637001    1.86419142    2.02007172    2.43487627    2.56337956    2.77235195    2.38958141    2.60409264    2.15890207    2.16926569    2.17072828    3.26807913    2.62866451    3.85395104    3.30662368    1.97081884    2.04754168    1.91353799    1.78505765    1.29928606    1.50141007    1.43579770
Q3J4H9_RHOS4/92-264     2.06958880    3.63227375    3.16623564    2.81297993    2.61374367    3.25442328    2.24171208    0.00000000    0.79410374    0.69243136    0.93088764    0.83604752    1.08297260    1.97117781    1.91283118    1.58559120    2.03852316    1.98518940    2.33190917    2.33662538    2.24217829    2.13789559    2.09357939    1.97633442    3.32736901    2.67392179    3.57370160    3.59416056    2.05683974    2.47960253    2.03464196    2.07302103    2.10142232    2.31773988    2.09890141
Q7CYH2_AGRFC/96-268     2.59190887    3.40974924    3.51291906    2.70048274    2.57993740    3.54741710    2.03193481    0.79410374    0.00000000    0.39819620    0.63046065    0.56516157    0.66681610    2.12225076    1.64986677    1.66501426    1.91639513    1.78389151    1.93075079    2.16056510    1.94567383    1.77576068    1.81017908    1.96742703    3.03251528    3.06601228    3.50133568    3.61127678    2.08476481    2.54132036    2.30337247    2.34282312    1.83793974    2.08814101    2.14096574
B8IMY1_METNO/96-268     2.29335770    3.51203929    3.16026568    2.45235297    2.39981678    3.54408038    2.10098295    0.69243136    0.39819620    0.00000000    0.48245849    0.43758809    0.61101418    1.75887642    1.60795684    1.52720647    1.86426841    1.88386953    1.98428358    2.33470719    2.00565797    1.74864504    2.03142269    2.01531319    3.40083939    3.00832376    3.39381325    3.31449273    1.93629831    2.42268757    2.20754000    2.06928516    1.78729363    2.17212640    1.99703868
E3I1I9_RHOVT/124-296     2.41393385    3.36588842    3.23837702    2.54998456    2.48298446    3.81085034    2.13519119    0.93088764    0.63046065    0.48245849    0.00000000    0.57872659    0.65738243    1.88628323    1.55741923    1.46827726    1.77585492    2.01196657    2.07833345    2.29525724    2.01097916    1.75501365    1.97961243    1.98241040    2.98002359    3.10382410    3.24685132    3.31808027    2.01661062    2.34237113    2.17404543    2.36132478    2.00329616    2.07680258    2.00637253
B8EMX7_METSB/98-270     2.07624435    3.15642448    2.85109009    2.58962464    2.44432048    3.49670351    2.05738980    0.83604752    0.56516157    0.43758809    0.57872659    0.00000000    0.47530256    1.81073849    1.41409049    1.45912873    1.72978274    1.85512808    1.84545199    2.18618617    2.06618906    1.78439996    1.82315000    1.74314420    3.10588096    2.51809245    3.11026302    3.06836337    1.73977069    2.41806675    2.14842392    2.09116186    1.75676864    2.15239338    1.80227360
B2IGX9_BEII9/63-235     2.07757157    3.07166422    2.78338733    2.51533918    2.60124833    4.17036453    2.35315079    1.08297260    0.66681610    0.61101418    0.65738243    0.47530256    0.00000000    2.00559665    1.75326698    1.77549168    1.77469554    1.99362226    1.82829272    2.16969662    2.14135892    1.90647821    2.07747548    1.87489966    2.98102959    2.66087197    3.08629244    2.94460235    2.20046390    2.39494720    2.47399642    2.57236807    1.94776158    2.14107825    2.12773675
B2IE80_BEII9/130-301     2.29826361    2.73043932    3.25410388    2.25549064    2.20572060    3.31523624    2.33637001    1.97117781    2.12225076    1.75887642    1.88628323    1.81073849    2.00559665    0.00000000    0.75195773    0.87609979    2.25741809    2.02910974    2.12302962    2.19062380    2.51222346    2.11439112    2.31606065    2.14176233    2.93609787    3.03478131    3.30446910    3.37382421    1.62547924    2.07633708    2.13601421    2.07218133    2.43361114    2.46902218    2.30058528
B8EKR7_METSB/101-272     2.24923293    2.22732453    2.58235031    2.26222348    2.24911128    2.86904918    1.86419142    1.91283118    1.64986677    1.60795684    1.55741923    1.41409049    1.75326698    0.75195773    0.00000000    0.41489056    1.73187231    1.85289866    1.77613342    1.80344513    2.10103736    1.66928639    1.65793288    1.77583967    2.60672741    2.54125432    3.24445694    3.13639755    1.72861439    1.97705536    1.81158204    1.90826448    2.03355772    2.09154669    2.14351926
B8EHX0_METSB/100-271     2.49349948    2.57088043    2.89381067    2.62376937    2.43249788    3.43283921    2.02007172    1.58559120    1.66501426    1.52720647    1.46827726    1.45912873    1.77549168    0.87609979    0.41489056    0.00000000    1.68341679    2.06726759    1.93996040    2.01324536    2.36074030    1.73526256    1.76593328    1.82070355    2.89193625    2.51876623    3.38068926    3.56679158    1.84547006    2.03487599    1.99705590    2.08278848    2.17187869    2.04346730    2.19496078
B3MBH6_DROAN/107-279     2.69177271    2.84078760    3.11222358    2.70347365    2.53943445    4.15716475    2.43487627    2.03852316    1.91639513    1.86426841    1.77585492    1.72978274    1.77469554    2.25741809    1.73187231    1.68341679    0.00000000    0.50865089    0.56104425    0.95630596    0.96461819    0.64057000    0.83787879    0.85479259    2.79281245    2.77328978    3.08124419    3.26802540    2.56667316    2.38495456    2.52658856    2.41261969    1.84044871    2.19672199    1.93541962
Q17NM2_AEDAE/109-281     2.53098204    2.57084113    3.36082678    2.68640406    2.31885971    3.64071838    2.56337956    1.98518940    1.78389151    1.88386953    2.01196657    1.85512808    1.99362226    2.02910974    1.85289866    2.06726759    0.50865089    0.00000000    0.60062530    1.12272716    0.88422401    0.71171618    0.82197738    1.02158818    2.85952833    2.65598127    3.10600157    3.39041137    2.14081886    2.39900121    2.37409966    2.42873935    1.96087161    1.90779824    1.77976036
B7P2M8_IXOSC/110-283     2.48824620    2.83219958    3.17090367    2.70437696    2.64663216    3.90254923    2.77235195    2.33190917    1.93075079    1.98428358    2.07833345    1.84545199    1.82829272    2.12302962    1.77613342    1.93996040    0.56104425    0.60062530    0.00000000    0.94017494    1.01050128    0.78341891    0.68859018    1.03628655    2.74033840    2.83029324    2.86608618    3.43452766    2.28569399    2.54874883    2.47720017    2.51088729    1.92405840    2.24830732    1.95411619
A8X7L9_CAEBR/151-325     2.74421584    2.79647613    3.47596318    2.56768411    2.28735152    3.65218128    2.38958141    2.33662538    2.16056510    2.33470719    2.29525724    2.18618617    2.16969662    2.19062380    1.80344513    2.01324536    0.95630596    1.12272716    0.94017494    0.00000000    0.72264513    1.04360381    1.00233944    1.26628389    2.95377001    2.49648706    3.18969050    2.95613747    2.15335920    2.17771206    2.15016635    2.08170538    2.01996802    2.09017004    2.15314801
CGT1_CAEEL/162-336     2.84875975    2.74152584    3.42314382    2.65919709    2.39896002    3.87260802    2.60409264    2.24217829    1.94567383    2.00565797    2.01097916    2.06618906    2.14135892    2.51222346    2.10103736    2.36074030    0.96461819    0.88422401    1.01050128    0.72264513    0.00000000    0.89156024    1.00711867    1.27966109    2.53347007    2.37061882    2.76501786    2.90080136    2.20086672    2.34817595    2.46008683    2.44745946    2.31976113    2.16042592    2.12960449
CEGT_XENTR/106-278     2.34681550    2.65620179    2.85705502    2.48722924    2.19861530    3.59417687    2.15890207    2.13789559    1.77576068    1.74864504    1.75501365    1.78439996    1.90647821    2.11439112    1.66928639    1.73526256    0.64057000    0.71171618    0.78341891    1.04360381    0.89156024    0.00000000    0.56104808    0.82442885    2.49067903    2.35227981    2.56904510    2.75490745    2.02922585    2.16197615    2.27613117    2.16710979    1.71254852    1.87119945    1.63115206
C3ZW06_BRAFL/105-277     2.37982145    2.81225788    3.26412002    3.11248303    2.27744948    3.71415534    2.16926569    2.09357939    1.81017908    2.03142269    1.97961243    1.82315000    2.07747548    2.31606065    1.65793288    1.76593328    0.83787879    0.82197738    0.68859018    1.00233944    1.00711867    0.56104808    0.00000000    0.95333900    2.94178621    2.73353213    2.65274264    3.12301391    2.62894903    2.51395490    2.24309110    2.38636191    2.05510445    2.27102237    1.95115198
B3S3V6_TRIAD/109-281     2.52795593    3.19683189    3.34032750    2.93149853    2.02822187    3.52113068    2.17072828    1.97633442    1.96742703    2.01531319    1.98241040    1.74314420    1.87489966    2.14176233    1.77583967    1.82070355    0.85479259    1.02158818    1.03628655    1.26628389    1.27966109    0.82442885    0.95333900    0.00000000    2.95810336    2.46893152    3.16869275    3.22217289    2.27290079    2.03697090    1.90250524    2.11724128    1.93009300    2.04195246    2.01577063
A0A5P8YG32_YERPE/96-265     3.44986659    3.82217105    4.15986998    2.81043305    3.07402570    4.14496739    3.26807913    3.32736901    3.03251528    3.40083939    2.98002359    3.10588096    2.98102959    2.93609787    2.60672741    2.89193625    2.79281245    2.85952833    2.74033840    2.95377001    2.53347007    2.49067903    2.94178621    2.95810336    0.00000000    0.87312923    1.53537067    2.00588929    3.05380485    3.03059588    2.95846303    3.11069635    3.22326678    3.49664082    3.01005886
Q8P812_XANCP/95-270     3.06576762    3.96314331    3.93885336    2.69120351    2.58366417    3.83824848    2.62866451    2.67392179    3.06601228    3.00832376    3.10382410    2.51809245    2.66087197    3.03478131    2.54125432    2.51876623    2.77328978    2.65598127    2.83029324    2.49648706    2.37061882    2.35227981    2.73353213    2.46893152    0.87312923    0.00000000    1.84348391    1.90219974    2.81061676    2.62565594    2.57624766    2.62266129    2.72916190    3.05110709    2.76731569
C7NBS8_LEPBD/97-274     3.67030478    4.56353362    4.41120872    3.67574297    3.74790448    5.37468900    3.85395104    3.57370160    3.50133568    3.39381325    3.24685132    3.11026302    3.08629244    3.30446910    3.24445694    3.38068926    3.08124419    3.10600157    2.86608618    3.18969050    2.76501786    2.56904510    2.65274264    3.16869275    1.53537067    1.84348391    0.00000000    1.49113828    3.88611975    3.65713472    3.62729923    3.75312783    3.18993563    3.43033697    3.21022938
D1APC3_SEBTE/98-273     3.55115866    4.22609199    4.32963707    4.00336169    3.10665369    4.52843349    3.30662368    3.59416056    3.61127678    3.31449273    3.31808027    3.06836337    2.94460235    3.37382421    3.13639755    3.56679158    3.26802540    3.39041137    3.43452766    2.95613747    2.90080136    2.75490745    3.12301391    3.22217289    2.00588929    1.90219974    1.49113828    0.00000000    3.35357130    3.39899277    3.30006314    3.27272998    3.50180646    3.67462862    3.32831875
A9GDX0_SORC5/104-278     1.79709150    2.48542687    2.56453338    1.75961524    1.76326357    3.19962386    1.97081884    2.05683974    2.08476481    1.93629831    2.01661062    1.73977069    2.20046390    1.62547924    1.72861439    1.84547006    2.56667316    2.14081886    2.28569399    2.15335920    2.20086672    2.02922585    2.62894903    2.27290079    3.05380485    2.81061676    3.88611975    3.35357130    0.00000000    1.41472745    1.53286956    1.27205635    1.75701361    1.91318763    1.62323721
Q08WL9_STIAD/99-273     2.06364937    2.86720798    3.58332589    1.91978316    1.73884977    3.84101339    2.04754168    2.47960253    2.54132036    2.42268757    2.34237113    2.41806675    2.39494720    2.07633708    1.97705536    2.03487599    2.38495456    2.39900121    2.54874883    2.17771206    2.34817595    2.16197615    2.51395490    2.03697090    3.03059588    2.62565594    3.65713472    3.39899277    1.41472745    0.00000000    0.75873709    0.62022003    1.75104219    1.98969080    1.60198021
A7HGG8_ANADF/97-271     1.95146643    3.16090228    3.50390227    1.83012447    2.14300445    3.90571295    1.91353799    2.03464196    2.30337247    2.20754000    2.17404543    2.14842392    2.47399642    2.13601421    1.81158204    1.99705590    2.52658856    2.37409966    2.47720017    2.15016635    2.46008683    2.27613117    2.24309110    1.90250524    2.95846303    2.57624766    3.62729923    3.30006314    1.53286956    0.75873709    0.00000000    0.48076176    1.68277383    2.03065476    1.61162838
Q2IPD9_ANADE/96-270     1.84098380    3.10142879    3.82662491    2.14595517    1.83373469    3.69774310    1.78505765    2.07302103    2.34282312    2.06928516    2.36132478    2.09116186    2.57236807    2.07218133    1.90826448    2.08278848    2.41261969    2.42873935    2.51088729    2.08170538    2.44745946    2.16710979    2.38636191    2.11724128    3.11069635    2.62266129    3.75312783    3.27272998    1.27205635    0.62022003    0.48076176    0.00000000    1.65586931    2.17088499    1.51189678
A5GB03_GEOUR/116-290     1.67435308    2.75410853    2.65303159    1.58960701    1.25821913    3.52269980    1.29928606    2.10142232    1.83793974    1.78729363    2.00329616    1.75676864    1.94776158    2.43361114    2.03355772    2.17187869    1.84044871    1.96087161    1.92405840    2.01996802    2.31976113    1.71254852    2.05510445    1.93009300    3.22326678    2.72916190    3.18993563    3.50180646    1.75701361    1.75104219    1.68277383    1.65586931    0.00000000    0.71071560    0.48457055
B3EA11_GEOLS/97-271     1.65074175    2.39488758    2.99128755    1.66778502    1.50748255    2.98771410    1.50141007    2.31773988    2.08814101    2.17212640    2.07680258    2.15239338    2.14107825    2.46902218    2.09154669    2.04346730    2.19672199    1.90779824    2.24830732    2.09017004    2.16042592    1.87119945    2.27102237    2.04195246    3.49664082    3.05110709    3.43033697    3.67462862    1.91318763    1.98969080    2.03065476    2.17088499    0.71071560    0.00000000    0.71211987
B5EAL3_GEOBB/95-269     1.67449667    2.30215280    2.50576309    1.63391735    1.27191008    3.36376815    1.43579770    2.09890141    2.14096574    1.99703868    2.00637253    1.80227360    2.12773675    2.30058528    2.14351926    2.19496078    1.93541962    1.77976036    1.95411619    2.15314801    2.12960449    1.63115206    1.95115198    2.01577063    3.01005886    2.76731569    3.21022938    3.32831875    1.62323721    1.60198021    1.61162838    1.51189678    0.48457055    0.71211987    0.00000000

