18
C7Q3N8_CATAD/73-687     0.00000000    0.97083650    1.00287784    1.17238614    1.20990440    1.78253306    2.10163731    2.01072054    1.68020398    1.40930059    1.34780403    1.63750829    1.48179524    1.45802677    1.58075473    1.34726801    1.36466986    1.53648297
R4KGF2_CLOPA/61-628     0.97083650    0.00000000    0.70438439    0.93582618    0.97120096    1.73027908    2.07761228    1.98901738    1.66031054    1.25826132    1.30142891    1.54421030    1.35725760    1.39053037    1.38524744    1.26520182    1.22247631    1.21762779
X4ZW93_9BACL/52-618     1.00287784    0.70438439    0.00000000    1.04477416    1.17730708    1.85597129    2.24793597    1.98081108    1.57137648    1.22860264    1.27461163    1.51336871    1.32676391    1.34917612    1.39807484    1.24725293    1.19133369    1.31965882
H6NL11_9BACL/45-614     1.17238614    0.93582618    1.04477416    0.00000000    0.81636195    1.68280060    2.05998584    1.99356680    1.64637942    1.34125456    1.47360091    1.58010597    1.50811274    1.46762257    1.57750765    1.30125444    1.28543618    1.45549152
R5KT62_9FIRM/45-621     1.20990440    0.97120096    1.17730708    0.81636195    0.00000000    1.72701046    2.03328600    1.83962085    1.75578859    1.41281591    1.54844191    1.56795258    1.51640003    1.50816775    1.65665175    1.40192933    1.40137257    1.41005957
DEXT_STRMU/110-731     1.78253306    1.73027908    1.85597129    1.68280060    1.72701046    0.00000000    2.21457076    2.49684117    2.35975959    1.91323572    2.02411074    2.21301388    2.10162836    2.11989961    2.27304290    2.23351360    1.93947411    2.06498593
R6LX48_9FIRM/7-531     2.10163731    2.07761228    2.24793597    2.05998584    2.03328600    2.21457076    0.00000000    1.88765000    2.01845602    2.10686794    2.35119351    2.33839938    2.29458808    2.41460890    2.38874579    2.12002100    2.00699601    2.09027880
A8F6K5_PSELT/5-528     2.01072054    1.98901738    1.98081108    1.99356680    1.83962085    2.49684117    1.88765000    0.00000000    2.41485147    2.05904410    2.15970873    2.21033171    2.21677718    2.20858600    2.27197432    2.00105266    2.01699398    2.00654657
A7HFL9_ANADF/44-733     1.68020398    1.66031054    1.57137648    1.64637942    1.75578859    2.35975959    2.01845602    2.41485147    0.00000000    1.64799273    1.81873594    1.75699309    1.71485672    1.78397466    1.96716301    1.69629413    1.59094943    1.70426976
C7M9D8_CAPOD/42-576     1.40930059    1.25826132    1.22860264    1.34125456    1.41281591    1.91323572    2.10686794    2.05904410    1.64799273    0.00000000    0.83821073    0.96671053    0.86461316    0.90751833    0.83918981    0.74412309    0.97217554    1.10869347
R6VG07_9BACT/49-589     1.34780403    1.30142891    1.27461163    1.47360091    1.54844191    2.02411074    2.35119351    2.15970873    1.81873594    0.83821073    0.00000000    0.88171642    0.59561439    0.57278716    1.00014708    0.82425220    0.99363254    1.21423870
R6PRM3_9BACT/41-604     1.63750829    1.54421030    1.51336871    1.58010597    1.56795258    2.21301388    2.33839938    2.21033171    1.75699309    0.96671053    0.88171642    0.00000000    0.72749991    0.75341618    1.08809424    0.97114865    1.09041283    1.23017933
R5KUX1_9BACT/51-590     1.48179524    1.35725760    1.32676391    1.50811274    1.51640003    2.10162836    2.29458808    2.21677718    1.71485672    0.86461316    0.59561439    0.72749991    0.00000000    0.25175914    0.92574470    0.80477983    1.03800858    1.21706183
R5CNJ1_9BACT/51-590     1.45802677    1.39053037    1.34917612    1.46762257    1.50816775    2.11989961    2.41460890    2.20858600    1.78397466    0.90751833    0.57278716    0.75341618    0.25175914    0.00000000    0.89111318    0.80717854    1.03281056    1.27323245
W0EW95_9BACT/43-587     1.58075473    1.38524744    1.39807484    1.57750765    1.65665175    2.27304290    2.38874579    2.27197432    1.96716301    0.83918981    1.00014708    1.08809424    0.92574470    0.89111318    0.00000000    0.82630535    1.16537937    1.23023954
H8KPI6_SOLCM/39-579     1.34726801    1.26520182    1.24725293    1.30125444    1.40192933    2.23351360    2.12002100    2.00105266    1.69629413    0.74412309    0.82425220    0.97114865    0.80477983    0.80717854    0.82630535    0.00000000    0.98728874    1.12507908
X5A581_9BACL/52-594     1.36466986    1.22247631    1.19133369    1.28543618    1.40137257    1.93947411    2.00699601    2.01699398    1.59094943    0.97217554    0.99363254    1.09041283    1.03800858    1.03281056    1.16537937    0.98728874    0.00000000    0.91216345
U5L5E8_9BACI/53-591     1.53648297    1.21762779    1.31965882    1.45549152    1.41005957    2.06498593    2.09027880    2.00654657    1.70426976    1.10869347    1.21423870    1.23017933    1.21706183    1.27323245    1.23023954    1.12507908    0.91216345    0.00000000

