38
B4LDP2_DROVI/508-558     0.00000000    1.02615564    0.86603267    0.97753042    1.21785352    1.19332953    1.09829587    1.10788793    0.96599976    0.82238176    0.82935335    1.08172599    1.17290438    1.34412702    2.11717234    2.15434535    2.26024089    1.94661180    2.48771910    1.13635275    1.12838154    1.10776877    0.82964942    1.63971663    2.17563175    2.10605731    1.60563333    1.63154182    1.47878470    1.33939191    1.61402480    1.64281429    1.63309821    1.07311107    1.19250820    1.64952599    0.96198672    1.06997097
B7QME9_IXOSC/429-479     1.02615564    0.00000000    0.63933855    0.73516113    0.96216181    0.87469829    0.97759042    0.86205997    0.79671270    0.70120381    0.62603989    1.00500531    0.73038864    0.99706932    1.64265705    2.00032176    1.91142164    1.66575543    1.92890009    1.00659241    0.92611733    1.07544735    0.75051332    1.52166599    2.30012927    1.60675566    1.15870576    1.27466061    1.19415903    1.05288339    1.13600314    1.30472413    1.49496255    0.91938277    0.76523872    1.41343572    0.86062984    1.03974399
H0V5U0_CAVPO/558-608     0.86603267    0.63933855    0.00000000    0.33560347    0.54959438    0.54054792    0.58456232    0.83397754    0.78043736    0.63935913    0.83177559    0.85643399    0.75756353    0.89040288    1.59563010    1.90301489    1.64625575    1.59390400    1.54401187    0.73315384    0.70219721    0.73354753    0.48190796    1.67076085    2.04753960    1.20770242    0.89356885    0.93145503    0.92700382    0.95236108    0.94621372    0.97164372    1.30508644    0.72675176    0.86490593    1.02513160    0.75240829    0.95919365
E9PWS4_MOUSE/604-654     0.97753042    0.73516113    0.33560347    0.00000000    0.38898561    0.32812673    0.34603402    0.85152961    0.71799855    0.66133944    0.88672524    0.91363441    0.80865331    1.03463308    1.58281504    1.54037772    1.43641431    1.59616346    1.62112050    0.65823206    0.62107965    0.73668301    0.46529823    1.86652603    2.05657548    1.24797870    1.06132012    1.03284961    1.02595986    1.10854452    1.29799774    1.17450016    1.22817345    0.77738532    0.70799186    1.14065146    0.71690608    0.92411859
G1MMB4_AILME/571-621     1.21785352    0.96216181    0.54959438    0.38898561    0.00000000    0.47506568    0.47034588    1.03981055    0.97151349    0.97328027    1.13474581    1.17818875    1.13378625    1.10669500    1.89378658    2.04422525    1.87443559    1.95152763    1.70797959    0.86711313    0.90859827    0.99453150    0.67762823    2.05551820    1.96033153    1.53363726    1.21349375    1.24581207    1.19389457    1.10757924    1.11821187    1.35827115    1.29279642    0.88625303    1.09995441    1.27416445    0.83731738    0.90439267
F1MWA9_BOVIN/550-600     1.19332953    0.87469829    0.54054792    0.32812673    0.47506568    0.00000000    0.34164110    1.18391159    0.71577575    0.85029527    0.87853528    1.08263107    0.95313808    1.14219765    1.86277959    1.83308961    1.50719551    1.69078653    1.86317026    0.85893999    0.82950362    1.01370727    0.58006419    1.75947578    1.86929232    1.52327520    1.42256353    1.25393385    1.36801955    1.38385356    1.28705710    1.27113994    1.40772187    1.08708870    1.01031505    1.23123479    1.04459239    1.10153417
M0QVZ8_BOVIN/550-600     1.09829587    0.97759042    0.58456232    0.34603402    0.47034588    0.34164110    0.00000000    1.15092799    0.81594894    0.87167854    1.00144678    0.92357972    0.90899458    1.19604220    1.88957109    1.86395128    1.77908045    2.10417104    1.77416929    0.71866028    0.78672524    0.69650404    0.53966926    1.76025713    1.76094668    1.51421054    1.32742654    1.47167962    1.23109945    1.28448392    1.20707654    1.38290871    1.35923249    0.81306193    0.84300968    1.08415613    0.84808482    0.97773664
B5DFJ0_RAT/540-590     1.10788793    0.86205997    0.83397754    0.85152961    1.03981055    1.18391159    1.15092799    0.00000000    0.42017590    0.29532480    0.42152129    1.02984195    0.76870369    0.75084840    1.87294161    1.75738676    1.93177139    2.13545837    2.18595150    0.73976010    0.97108449    1.15162418    0.80641023    1.61790680    2.02913259    1.38172516    1.22362745    1.23575600    1.28270741    1.15471196    1.23529169    1.26675075    1.06934178    0.72314401    0.65881426    1.13533675    0.64374785    0.90847496
H3C2Q0_TETNG/530-580     0.96599976    0.79671270    0.78043736    0.71799855    0.97151349    0.71577575    0.81594894    0.42017590    0.00000000    0.38894524    0.28632503    0.87838461    0.78028936    0.73505554    1.45567734    1.59012949    1.38729753    1.38752930    1.55483621    0.39245838    0.87552121    0.83313636    0.64176585    1.67333420    1.73072118    1.24197338    1.20302797    1.23318710    1.13861830    1.04161747    1.08617596    0.97375817    1.08748621    0.72005242    0.64118363    0.99420485    0.63349858    0.71519167
F6SWF3_XENTR/559-609     0.82238176    0.70120381    0.63935913    0.66133944    0.97328027    0.85029527    0.87167854    0.29532480    0.38894524    0.00000000    0.29604802    0.74874378    0.62815103    0.74945960    1.37270881    1.50909494    1.42926575    1.45125175    1.61522876    0.47574774    0.71822301    0.76187318    0.49872993    1.60392883    1.98447597    1.28355551    1.09765538    1.03748727    1.05853384    0.93988463    0.85565678    0.93332504    1.00821416    0.58703854    0.58672333    0.97880551    0.59159465    0.57222794
A4IG22_DANRE/575-625     0.82935335    0.62603989    0.83177559    0.88672524    1.13474581    0.87853528    1.00144678    0.42152129    0.28632503    0.29604802    0.00000000    0.80788837    0.57187070    0.60588711    1.36909035    1.47517403    1.36940446    1.49737361    1.69569315    0.55332160    0.91549466    1.07212365    0.61122206    1.29679933    2.13811615    1.53500256    1.25333647    1.23590369    1.16993528    1.03545636    1.24335514    1.10025791    1.18748181    0.65808763    0.67962083    0.97500194    0.71770469    0.71385157
B4NQ70_DROWI/627-677     1.08172599    1.00500531    0.85643399    0.91363441    1.17818875    1.08263107    0.92357972    1.02984195    0.87838461    0.74874378    0.80788837    0.00000000    0.75499726    0.83607811    1.92469582    1.86339716    1.83190564    1.75221546    1.81931263    0.87768385    1.22737965    1.12163636    0.62851569    1.62244696    2.56152412    1.55615852    1.23628527    1.42482442    1.22124973    1.04852387    1.20474827    1.18219875    1.32583838    0.95665360    0.94258625    1.35763411    0.97551154    1.20000690
D2HFL8_AILME/627-677     1.17290438    0.73038864    0.75756353    0.80865331    1.13378625    0.95313808    0.90899458    0.76870369    0.78028936    0.62815103    0.57187070    0.75499726    0.00000000    0.43780913    1.81962671    1.64944747    1.90926271    1.87948293    1.88945747    0.86854838    0.85598225    1.12728878    0.66171397    1.61752148    2.30705461    1.52345903    1.26512285    1.35971789    1.21128767    1.11407924    1.15946479    1.14832837    1.08882112    0.86327277    0.82862213    1.20227686    0.89197290    0.91651915
H3CER8_TETNG/575-625     1.34412702    0.99706932    0.89040288    1.03463308    1.10669500    1.14219765    1.19604220    0.75084840    0.73505554    0.74945960    0.60588711    0.83607811    0.43780913    0.00000000    1.81921184    1.80620510    1.85397152    1.71896839    1.60781066    0.88915616    1.09914438    1.18538329    0.84305055    1.47106021    2.18392147    1.21862158    1.09635123    1.12235210    0.86887918    0.81440373    1.15441389    1.15971859    1.17387619    0.91227068    0.99911154    1.28142381    1.00665061    0.96168873
Q9LD96_ORYSJ/520-570     2.11717234    1.64265705    1.59563010    1.58281504    1.89378658    1.86277959    1.88957109    1.87294161    1.45567734    1.37270881    1.36909035    1.92469582    1.81962671    1.81921184    0.00000000    0.42025367    0.52436573    0.55957046    0.60075415    1.27874458    1.59809888    1.14367407    1.17612755    2.37822063    3.39820673    1.82036413    1.90757249    1.77202956    1.90100070    1.74833302    1.77343176    1.77640091    2.20924573    1.26883112    1.28744753    1.92321111    1.61524663    1.40202968
A0A096TLT9_MAIZE/517-567     2.15434535    2.00032176    1.90301489    1.54037772    2.04422525    1.83308961    1.86395128    1.75738676    1.59012949    1.50909494    1.47517403    1.86339716    1.64944747    1.80620510    0.42025367    0.00000000    0.64162145    0.85916862    0.91299827    1.42597728    1.61818150    1.47090486    1.41864337    2.21254641    3.29234155    2.03274141    2.24804324    1.86591772    2.13873544    1.99895011    1.93450724    1.94365184    2.04645378    1.44832726    1.42878274    2.26473469    1.65902830    1.53065585
A2XK04_ORYSI/515-565     2.26024089    1.91142164    1.64625575    1.43641431    1.87443559    1.50719551    1.77908045    1.93177139    1.38729753    1.42926575    1.36940446    1.83190564    1.90926271    1.85397152    0.52436573    0.64162145    0.00000000    0.31247706    0.27288721    1.24062761    1.65497681    1.29269504    1.32546714    2.24651718    3.74413459    1.86956667    1.94893439    1.67046049    1.66341125    1.55234557    1.72560609    1.64024341    2.03558474    1.57432585    1.58922679    1.63365816    1.64569410    1.42720948
B9SAY1_RICCO/451-501     1.94661180    1.66575543    1.59390400    1.59616346    1.95152763    1.69078653    2.10417104    2.13545837    1.38752930    1.45125175    1.49737361    1.75221546    1.87948293    1.71896839    0.55957046    0.85916862    0.31247706    0.00000000    0.33289659    1.26040008    1.78330803    1.47139975    1.22869564    2.32685962    3.39924955    1.96761949    1.91027269    1.90514857    1.60138017    1.49705127    1.67331661    1.91676864    2.11641293    1.60229901    1.61673665    1.95887647    1.78657013    1.60485296
F6HLX0_VITVI/454-504     2.48771910    1.92890009    1.54401187    1.62112050    1.70797959    1.86317026    1.77416929    2.18595150    1.55483621    1.61522876    1.69569315    1.81931263    1.88945747    1.60781066    0.60075415    0.91299827    0.27288721    0.33289659    0.00000000    1.40056607    1.98545535    1.47975666    1.51389634    2.46140948    3.68905723    1.87649447    2.02278851    1.88294589    1.66571554    1.48213364    1.61822666    1.80487580    1.86972193    1.59274149    1.74327107    1.48272029    1.60213788    1.57537000
B4HLB6_DROSE/535-585     1.13635275    1.00659241    0.73315384    0.65823206    0.86711313    0.85893999    0.71866028    0.73976010    0.39245838    0.47574774    0.55332160    0.87768385    0.86854838    0.88915616    1.27874458    1.42597728    1.24062761    1.26040008    1.40056607    0.00000000    0.64468986    0.61462645    0.51262616    1.73299039    1.96880598    1.47354442    0.97195096    1.10738423    1.01243254    0.87074926    0.97311089    0.86428313    1.12454776    0.64504401    0.67323422    1.09160035    0.75303203    0.66330867
B4IZ20_DROGR/535-589     1.12838154    0.92611733    0.70219721    0.62107965    0.90859827    0.82950362    0.78672524    0.97108449    0.87552121    0.71822301    0.91549466    1.22737965    0.85598225    1.09914438    1.59809888    1.61818150    1.65497681    1.78330803    1.98545535    0.64468986    0.00000000    0.62299987    0.79457257    1.93002723    2.07350110    1.23858973    1.24626357    1.12645221    1.36545035    1.14795242    1.07338861    1.18096005    1.16295567    0.84579959    0.92528440    1.35475774    1.01907990    0.81694725
B0WAU2_CULQU/428-473     1.10776877    1.07544735    0.73354753    0.73668301    0.99453150    1.01370727    0.69650404    1.15162418    0.83313636    0.76187318    1.07212365    1.12163636    1.12728878    1.18538329    1.14367407    1.47090486    1.29269504    1.47139975    1.47975666    0.61462645    0.62299987    0.00000000    0.74126609    2.33281047    2.78326973    1.40061733    1.34709734    1.25813460    1.28550751    1.11580634    1.25388822    1.09291995    1.58962340    0.89602486    0.82691619    1.29699893    1.09237210    1.18502361
CTR2_CHICK/555-605     0.82964942    0.75051332    0.48190796    0.46529823    0.67762823    0.58006419    0.53966926    0.80641023    0.64176585    0.49872993    0.61122206    0.62851569    0.66171397    0.84305055    1.17612755    1.41864337    1.32546714    1.22869564    1.51389634    0.51262616    0.79457257    0.74126609    0.00000000    1.56457302    2.11471028    1.44885880    0.89843101    0.94572020    0.83917196    0.89610982    0.86056637    0.85269694    1.20142002    0.63847850    0.63783799    1.02883825    0.68733689    0.68620459
D0NG02_PHYIT/81-131     1.63971663    1.52166599    1.67076085    1.86652603    2.05551820    1.75947578    1.76025713    1.61790680    1.67333420    1.60392883    1.29679933    1.62244696    1.61752148    1.47106021    2.37822063    2.21254641    2.24651718    2.32685962    2.46140948    1.73299039    1.93002723    2.33281047    1.56457302    0.00000000    1.78797549    1.48509155    1.61814064    1.60810371    1.52778253    1.44342586    1.60793943    1.75613149    1.66118458    1.48018448    1.64776419    1.89492026    1.76016615    1.73217334
Q2FYJ4_STAA8/386-438     2.17563175    2.30012927    2.04753960    2.05657548    1.96033153    1.86929232    1.76094668    2.02913259    1.73072118    1.98447597    2.13811615    2.56152412    2.30705461    2.18392147    3.39820673    3.29234155    3.74413459    3.39924955    3.68905723    1.96880598    2.07350110    2.78326973    2.11471028    1.78797549    0.00000000    2.28645822    1.88581941    1.78820533    1.93115052    1.87179534    1.86987393    2.06588257    2.43306032    1.89380076    1.96547941    2.62943911    1.73952816    1.74292476
D7SLW7_VITVI/530-580     2.10605731    1.60675566    1.20770242    1.24797870    1.53363726    1.52327520    1.51421054    1.38172516    1.24197338    1.28355551    1.53500256    1.55615852    1.52345903    1.21862158    1.82036413    2.03274141    1.86956667    1.96761949    1.87649447    1.47354442    1.23858973    1.40061733    1.44885880    1.48509155    2.28645822    0.00000000    1.37054999    1.22591175    1.34316683    1.21669762    1.32230097    1.37757242    1.41737766    1.24098437    1.36517320    1.80476383    1.48036678    1.53041954
CAAT4_ARATH/528-578     1.60563333    1.15870576    0.89356885    1.06132012    1.21349375    1.42256353    1.32742654    1.22362745    1.20302797    1.09765538    1.25333647    1.23628527    1.26512285    1.09635123    1.90757249    2.24804324    1.94893439    1.91027269    2.02278851    0.97195096    1.24626357    1.34709734    0.89843101    1.61814064    1.88581941    1.37054999    0.00000000    0.38739087    0.35048954    0.48544099    0.53222760    0.52013742    1.54998414    1.15230578    1.10460162    1.45681503    1.10787611    0.96590474
C5WR23_SORBI/560-610     1.63154182    1.27466061    0.93145503    1.03284961    1.24581207    1.25393385    1.47167962    1.23575600    1.23318710    1.03748727    1.23590369    1.42482442    1.35971789    1.12235210    1.77202956    1.86591772    1.67046049    1.90514857    1.88294589    1.10738423    1.12645221    1.25813460    0.94572020    1.60810371    1.78820533    1.22591175    0.38739087    0.00000000    0.30661543    0.35099646    0.46257758    0.48504778    1.53986772    1.27351283    1.15332127    1.39853829    1.12819865    1.10112090
B9IPU3_POPTR/568-618     1.47878470    1.19415903    0.92700382    1.02595986    1.19389457    1.36801955    1.23109945    1.28270741    1.13861830    1.05853384    1.16993528    1.22124973    1.21128767    0.86887918    1.90100070    2.13873544    1.66341125    1.60138017    1.66571554    1.01243254    1.36545035    1.28550751    0.83917196    1.52778253    1.93115052    1.34316683    0.35048954    0.30661543    0.00000000    0.25262650    0.40378285    0.49063956    1.32240474    1.07861753    1.03246887    1.38747942    1.16492121    1.09853873
I1N8D3_SOYBN/561-611     1.33939191    1.05288339    0.95236108    1.10854452    1.10757924    1.38385356    1.28448392    1.15471196    1.04161747    0.93988463    1.03545636    1.04852387    1.11407924    0.81440373    1.74833302    1.99895011    1.55234557    1.49705127    1.48213364    0.87074926    1.14795242    1.11580634    0.89610982    1.44342586    1.87179534    1.21669762    0.48544099    0.35099646    0.25262650    0.00000000    0.44389146    0.54818186    1.21298103    1.07220562    1.05646910    1.36100891    0.94966770    1.05663409
CAAT3_ARATH/534-584     1.61402480    1.13600314    0.94621372    1.29799774    1.11821187    1.28705710    1.20707654    1.23529169    1.08617596    0.85565678    1.24335514    1.20474827    1.15946479    1.15441389    1.77343176    1.93450724    1.72560609    1.67331661    1.61822666    0.97311089    1.07338861    1.25388822    0.86056637    1.60793943    1.86987393    1.32230097    0.53222760    0.46257758    0.40378285    0.44389146    0.00000000    0.50547340    1.22312993    1.00806804    1.16735737    1.48806918    1.11685228    0.92850704
Q337V1_ORYSJ/559-609     1.64281429    1.30472413    0.97164372    1.17450016    1.35827115    1.27113994    1.38290871    1.26675075    0.97375817    0.93332504    1.10025791    1.18219875    1.14832837    1.15971859    1.77640091    1.94365184    1.64024341    1.91676864    1.80487580    0.86428313    1.18096005    1.09291995    0.85269694    1.75613149    2.06588257    1.37757242    0.52013742    0.48504778    0.49063956    0.54818186    0.50547340    0.00000000    1.33910398    1.28178632    1.23857979    1.54089106    1.23734316    1.02256035
A4FEQ4_SACEN/56-106     1.63309821    1.49496255    1.30508644    1.22817345    1.29279642    1.40772187    1.35923249    1.06934178    1.08748621    1.00821416    1.18748181    1.32583838    1.08882112    1.17387619    2.20924573    2.04645378    2.03558474    2.11641293    1.86972193    1.12454776    1.16295567    1.58962340    1.20142002    1.66118458    2.43306032    1.41737766    1.54998414    1.53986772    1.32240474    1.21298103    1.22312993    1.33910398    0.00000000    0.83899640    1.11330224    1.10231057    1.21907554    1.18849383
B4KYY5_DROMO/548-598     1.07311107    0.91938277    0.72675176    0.77738532    0.88625303    1.08708870    0.81306193    0.72314401    0.72005242    0.58703854    0.65808763    0.95665360    0.86327277    0.91227068    1.26883112    1.44832726    1.57432585    1.60229901    1.59274149    0.64504401    0.84579959    0.89602486    0.63847850    1.48018448    1.89380076    1.24098437    1.15230578    1.27351283    1.07861753    1.07220562    1.00806804    1.28178632    0.83899640    0.00000000    0.35212019    0.82409850    0.62240224    0.55786588
B0WAU5_CULQU/549-599     1.19250820    0.76523872    0.86490593    0.70799186    1.09995441    1.01031505    0.84300968    0.65881426    0.64118363    0.58672333    0.67962083    0.94258625    0.82862213    0.99911154    1.28744753    1.42878274    1.58922679    1.61673665    1.74327107    0.67323422    0.92528440    0.82691619    0.63783799    1.64776419    1.96547941    1.36517320    1.10460162    1.15332127    1.03246887    1.05646910    1.16735737    1.23857979    1.11330224    0.35212019    0.00000000    1.00415492    0.53570440    0.72266225
C3XPQ7_BRAFL/527-577     1.64952599    1.41343572    1.02513160    1.14065146    1.27416445    1.23123479    1.08415613    1.13533675    0.99420485    0.97880551    0.97500194    1.35763411    1.20227686    1.28142381    1.92321111    2.26473469    1.63365816    1.95887647    1.48272029    1.09160035    1.35475774    1.29699893    1.02883825    1.89492026    2.62943911    1.80476383    1.45681503    1.39853829    1.38747942    1.36100891    1.48806918    1.54089106    1.10231057    0.82409850    1.00415492    0.00000000    0.82868497    1.01312616
O44798_CAEEL/507-557     0.96198672    0.86062984    0.75240829    0.71690608    0.83731738    1.04459239    0.84808482    0.64374785    0.63349858    0.59159465    0.71770469    0.97551154    0.89197290    1.00665061    1.61524663    1.65902830    1.64569410    1.78657013    1.60213788    0.75303203    1.01907990    1.09237210    0.68733689    1.76016615    1.73952816    1.48036678    1.10787611    1.12819865    1.16492121    0.94966770    1.11685228    1.23734316    1.21907554    0.62240224    0.53570440    0.82868497    0.00000000    0.48309438
O17069_CAEEL/508-558     1.06997097    1.03974399    0.95919365    0.92411859    0.90439267    1.10153417    0.97773664    0.90847496    0.71519167    0.57222794    0.71385157    1.20000690    0.91651915    0.96168873    1.40202968    1.53065585    1.42720948    1.60485296    1.57537000    0.66330867    0.81694725    1.18502361    0.68620459    1.73217334    1.74292476    1.53041954    0.96590474    1.10112090    1.09853873    1.05663409    0.92850704    1.02256035    1.18849383    0.55786588    0.72266225    1.01312616    0.48309438    0.00000000

