13
A3N165_ACTP2/113-168     0.00000000    0.61633271    0.93204413    0.47444211    0.57115241    0.98645304    1.08012515    1.84225341    1.21559997    1.08138616    1.26170849    0.80211403    0.63036298
Q8RIC1_FUSNN/34-91     0.61633271    0.00000000    0.76427167    0.47720567    0.77689281    1.20258721    1.20300612    1.89771263    1.54509312    1.27620928    1.48944091    0.85062252    0.80463907
Q74J12_LACJO/14-71     0.93204413    0.76427167    0.00000000    0.61158008    1.10762659    1.29739839    1.44019797    2.09395272    2.00854267    1.39679945    1.48591260    0.94046350    0.93773967
A3CKM0_STRSV/144-201     0.47444211    0.47720567    0.61158008    0.00000000    0.61190390    1.12345869    1.20994513    1.87584011    1.27053387    1.24631772    1.16634011    0.89987657    0.82675908
Q5F880_NEIG1/215-270     0.57115241    0.77689281    1.10762659    0.61190390    0.00000000    1.24315372    1.21624100    2.10030618    1.39192495    1.45797346    1.54278163    0.93722107    0.80616612
C3AU90_9BACI/2-56     0.98645304    1.20258721    1.29739839    1.12345869    1.24315372    0.00000000    1.42453594    2.29574152    1.94537687    1.71139021    1.53098945    1.27830902    1.08643193
Q03QB7_LACBA/159-215     1.08012515    1.20300612    1.44019797    1.20994513    1.21624100    1.42453594    0.00000000    2.32559973    1.60786425    1.32577011    1.72482829    1.66598794    1.24416770
Q30PV7_SULDN/2-58     1.84225341    1.89771263    2.09395272    1.87584011    2.10030618    2.29574152    2.32559973    0.00000000    1.08010569    1.63860690    1.71101673    2.11241860    1.50683734
INSF5_ECOLI/231-287     1.21559997    1.54509312    2.00854267    1.27053387    1.39192495    1.94537687    1.60786425    1.08010569    0.00000000    1.63838335    1.70081298    1.39959636    1.33468829
B1HWH1_LYSSC/12-67     1.08138616    1.27620928    1.39679945    1.24631772    1.45797346    1.71139021    1.32577011    1.63860690    1.63838335    0.00000000    0.78314266    1.23017443    1.20739218
T0U0Y1_9ENTE/14-69     1.26170849    1.48944091    1.48591260    1.16634011    1.54278163    1.53098945    1.72482829    1.71101673    1.70081298    0.78314266    0.00000000    1.82808290    1.49011007
Q6NKJ2_CORDI/17-72     0.80211403    0.85062252    0.94046350    0.89987657    0.93722107    1.27830902    1.66598794    2.11241860    1.39959636    1.23017443    1.82808290    0.00000000    0.38363073
Q4JV59_CORJK/163-218     0.63036298    0.80463907    0.93773967    0.82675908    0.80616612    1.08643193    1.24416770    1.50683734    1.33468829    1.20739218    1.49011007    0.38363073    0.00000000

