124
G4SZ44_META2/3-103     0.00000000    0.67598322    0.68121059    0.96747530    1.04760999    1.17578205    1.27905241    1.32431236    1.12085539    1.22080786    1.29753548    1.01518417    1.11605230    1.16438565    1.09917889    1.18794419    1.14787852    1.01620345    1.12008487    1.19552517    1.24471050    1.08510557    1.01703892    1.16349349    1.21260500    1.14925444    1.11629205    1.17715507    1.15578191    1.11839302    1.12494807    1.17403154    1.09925807    1.15184300    1.14243728    1.12427503    1.06879856    0.98361491    1.01878494    1.15199541    1.09759043    1.14055725    1.02214960    1.02671569    0.99000767    1.03443331    1.00479686    1.29330717    1.04450452    1.22389483    1.35501369    0.98634980    1.12053603    1.27295824    0.98978383    1.08884896    1.15204625    1.03305265    0.92668942    0.91201694    1.18442751    1.10321874    1.12808083    1.20593779    1.09124203    1.00561421    1.18006835    1.09153294    1.05565342    1.17149929    1.13302463    1.29094921    1.09808851    1.21808878    1.05599742    1.04125016    0.95281830    0.96078422    1.04672039    1.02165712    1.19905754    1.15064957    1.00198884    0.98659243    1.15105130    1.42224215    1.24119689    1.06416961    1.32875064    1.48939980    1.32198502    1.17750904    1.41095164    1.03814997    1.19898477    1.22761638    1.16951904    1.06407811    1.19190903    1.11863782    1.52968170    1.56713536    1.98367877    2.34519678    2.42900329    2.44764210    2.61099900    2.83612411    3.06817833    1.79967888    1.96296660    1.74014992    1.79172666    1.34904383    1.07688092    1.24044309    1.32286595    1.28157144    1.15326171    1.30866525    1.23558145    1.13599066    1.40967646    0.93283852
F9ZYM1_METMM/3-103     0.67598322    0.00000000    0.62772761    1.22903719    0.89907954    1.36995512    1.25581025    1.38525340    1.32689137    1.21721248    1.37871323    1.30200336    1.28973583    1.19264674    1.25194706    1.29837321    1.40571735    1.11792568    1.20568326    1.26554130    1.31177701    1.27106655    1.25548231    1.20862870    1.49218791    1.27189630    1.23142849    1.34437173    1.27347454    1.43035084    1.38583895    1.42940572    1.41026106    1.52443708    1.34750224    1.42641783    1.18627528    1.18320381    1.10779674    1.43137884    1.49020809    1.51325783    1.16421327    1.17451837    1.08284910    1.34166958    1.25739625    1.58653338    1.25612138    1.18954752    1.50287248    1.07087965    1.07644091    1.50810972    1.13200022    1.11778300    1.15548189    1.20340259    1.15173771    0.98403533    1.34300390    1.13987939    1.21099135    1.24167920    1.17045910    1.30810550    1.30908343    1.15448493    1.00296808    1.26682148    1.46663994    1.37490763    1.20034566    1.24365322    1.37533809    1.20096762    1.12753450    1.03000597    1.16768274    1.31194395    1.40401073    1.24750801    1.21684787    1.08127805    1.30776754    1.25357726    1.39922317    1.15428994    1.53584425    1.46076060    1.35569388    1.47633292    1.63475878    1.46259426    1.39909676    1.40565777    1.13773618    1.11472283    1.20517325    1.23915482    1.73858912    1.87194189    2.19959899    2.27943644    2.34696429    2.61598849    2.75607631    2.69763071    3.08263319    1.91418723    1.82836372    1.62923458    1.57132820    1.62983118    1.24137022    1.18803787    1.27445476    1.25530165    1.05765995    1.46169947    1.30548609    1.14857665    1.38812974    1.21323152
H8GPB3_METAL/3-103     0.68121059    0.62772761    0.00000000    1.21926724    1.08535071    1.23486375    1.21277827    1.43627782    1.20978185    1.30347347    1.29349919    1.33193636    1.32796869    1.27270923    1.31732963    1.18712335    1.32922987    1.21052548    1.32656174    1.33373521    1.17137680    1.26744398    1.15058740    1.34078930    1.48815425    1.21170246    1.23965793    1.25616133    1.16253804    1.19662007    1.32164628    1.32771016    1.31203173    1.37958047    1.35104738    1.37069171    0.94398635    0.98249654    1.11932159    1.22776106    1.27330719    1.31879928    1.13388353    1.13394948    1.14775626    1.37823338    1.08376110    1.27127155    1.10131017    1.13939711    1.47282770    0.97789413    1.22737482    1.57616384    1.03575362    0.99091386    1.02757340    1.08146875    1.11582307    1.09639158    1.41316175    1.20774623    1.31639054    1.25882456    1.21125414    1.16288103    1.23816705    1.18889963    1.03758308    1.28384780    1.27126687    1.39718975    1.27850106    1.23815533    1.28611933    1.05176019    1.11670618    1.08166926    1.17683704    1.18676569    1.25011668    1.11077790    1.12128031    0.99784748    1.15763671    1.39682437    1.28375013    1.06092300    1.42523487    1.36627383    1.27558601    1.25151634    1.37381652    1.39265907    1.36226640    1.26200734    1.23692165    1.19139808    1.23639193    1.21259851    1.84395621    2.10063696    2.16786303    2.30292378    2.35761432    2.74644676    2.82739980    2.94341349    3.07453188    1.97973288    2.24650448    1.63514774    1.76039513    1.65417590    1.24393845    1.27816808    1.35655325    1.48133942    1.05146910    1.19723010    1.02138103    1.20488966    1.35512599    0.91094319
W0DR02_9GAMM/11-111     0.96747530    1.22903719    1.21926724    0.00000000    0.70064855    1.21079826    1.41446814    1.20045517    1.29586764    1.27821706    1.33023008    1.32207014    1.39042854    1.26350130    1.45225182    1.09894816    1.33452485    1.28057629    1.44804942    1.13628816    1.19086230    1.29986833    1.25185989    1.52217349    1.21231755    1.18524947    1.24273675    1.12653517    1.38591360    1.33836044    1.14821729    1.28015823    1.26357420    1.26279674    1.30157388    1.27639313    1.16035063    1.19038797    1.41400949    1.13394355    1.22468161    1.19671343    1.39524717    1.33031472    1.16350503    1.04895318    1.13240625    1.41315324    1.11615881    1.08308585    1.33339536    0.89613916    1.25032340    1.57475312    1.10554924    1.11735314    1.22567662    1.14683917    1.14391594    1.11138621    1.24721080    1.09720032    1.27336513    1.13730309    1.22115976    1.06523578    1.19878425    1.19607765    1.23748484    1.33676257    1.23374230    1.41605914    1.41378274    1.32416786    1.22756237    1.09923387    1.17977539    1.17277413    1.22246172    1.30468701    1.29941124    1.37363780    1.19299862    1.07018194    1.45776658    1.58562431    1.27576023    1.27294433    1.63282134    1.36321911    1.40869981    1.44596305    1.32538593    1.35132443    1.42461463    1.40733418    1.30488495    1.18179398    1.22301442    1.21547323    1.85499749    2.03464051    2.17610700    2.20417047    2.24688806    2.29630687    2.38167376    2.86101842    2.81236184    1.90223791    1.94249946    1.57908124    1.78245532    1.69042872    1.57589538    1.61550934    1.59790652    1.61707614    1.24613266    1.21169619    1.21779192    1.34841396    1.40038706    1.21832285
Q31FZ7_HYDCU/11-111     1.04760999    0.89907954    1.08535071    0.70064855    0.00000000    1.10485468    1.27661589    1.06113414    1.23396637    1.06940771    1.24992561    1.10676142    1.15490604    1.15798620    1.25152163    1.10539537    0.96327612    0.87404556    1.03289470    1.09475921    1.23925698    1.24381616    1.32521969    1.33495661    1.21009899    1.11062055    1.08647873    1.08357777    1.06695708    1.11109225    1.10900207    1.05845689    1.09882887    1.14284790    1.22336818    1.27205924    1.20855739    1.19914565    1.25246408    1.06171480    1.25863390    1.26366045    1.28449919    1.28835063    1.07986098    1.09094642    1.25375168    1.43856373    1.03039057    1.14467915    1.42107664    0.97177616    1.26916348    1.40052809    1.14205225    0.90882996    0.93888787    0.87913518    0.90766401    0.92860141    1.11854050    0.91592141    1.07783307    0.94202508    0.97683322    0.95614260    1.03393419    0.96971550    1.01069416    1.06771659    1.00619383    1.32371784    1.16162923    1.22697982    1.15335785    1.10241190    1.09252514    1.05184381    1.18705432    1.24961728    1.44050079    1.16988381    1.13657999    1.01392749    1.16240998    1.32950937    1.25823404    1.03388785    1.24664904    1.08847779    1.16006103    1.18390845    1.22518024    1.35282816    1.07079296    1.13465992    1.26432387    1.11444345    1.06908440    1.13335677    1.86752610    1.97544524    2.07806016    2.37298709    2.07249922    2.17590969    2.32203452    2.70025654    2.55257690    1.63727209    1.67910844    1.54925063    1.80598221    1.55153179    1.53641663    1.35795035    1.48704075    1.45745644    1.11727846    1.36520377    1.27419991    1.24872165    1.50752297    1.05567054
D5X2Z7_THIK1/1-106     1.17578205    1.36995512    1.23486375    1.21079826    1.10485468    0.00000000    1.08226724    1.11165641    0.82594717    0.86849580    0.85395774    0.80203424    0.96390584    0.77964444    0.93665543    0.79576912    0.90160581    0.86725532    0.87649341    1.02894419    0.94921202    1.12270324    1.03099853    1.08175498    0.87431862    0.89389263    0.85069842    0.78377605    0.73319243    0.81325051    0.77032022    0.85392864    0.72771973    0.76766325    0.71547231    0.75202948    0.79625273    0.86404292    0.90103451    1.00794894    0.98397054    0.95811732    1.03118060    0.96032983    0.92086489    0.91206361    0.98050032    1.06037643    0.92676038    1.11338300    1.32264693    0.91272421    1.22509658    1.28070797    1.13745449    1.25180541    1.14519554    1.09954707    1.09312661    1.12633887    1.15599692    0.83084473    0.93234594    1.04087567    0.97608591    1.07399738    1.23307299    0.99621373    1.25175657    1.12012418    1.25051664    1.45313728    1.39858973    1.46691989    1.15370089    1.10869131    1.11259572    1.10733667    1.22314953    1.10849173    1.44678576    1.21942165    1.16377117    1.07461372    1.18819714    1.32285458    1.38979887    1.00617259    1.17099651    1.29320735    1.33362965    1.10058715    1.16180939    1.18721558    1.33204842    1.05662972    1.20212187    1.29343056    1.18462947    1.28876767    1.69367552    1.71921617    2.11625537    2.35520057    2.57740465    2.81986198    2.77121842    2.57044811    2.57414994    2.30642960    1.47683651    1.80270579    1.83088966    1.57263848    1.56461176    1.70164815    1.57672727    1.62609304    1.32359762    1.31359212    1.21070512    1.20625917    1.39959180    1.09475400
Q9K0J0_NEIMB/2-104     1.27905241    1.25581025    1.21277827    1.41446814    1.27661589    1.08226724    0.00000000    0.44400704    0.56876557    0.80845106    0.65004901    0.93508141    0.94944207    1.05481674    1.06253453    0.99924208    0.96206845    0.95657674    1.13536317    0.88428914    0.77495285    0.84184219    0.82448539    0.93891023    0.83147891    0.77447971    0.79108149    0.81429818    0.93883953    0.91013759    0.87000201    0.89780891    0.90239784    0.92986467    0.91921160    1.05740289    0.93893353    0.90682560    0.75634967    0.81629461    0.88112599    0.96134091    1.06514565    1.05205214    0.86196152    1.11640895    0.97891353    1.08588716    1.17028296    1.29734037    1.32131261    1.16473466    1.31042076    1.13841460    1.15875169    0.84140438    1.05324566    0.89128618    1.09993458    0.99343912    1.10313666    0.95467049    1.20846128    1.06157494    1.06077194    1.00380110    1.04933782    0.94040034    1.08493578    1.06805428    1.17586761    1.24901896    1.12672755    1.09229238    1.21392407    1.08197589    1.04907607    1.05844805    1.10533532    1.09623724    1.06084819    1.19339721    1.11024635    0.85204300    1.05260057    1.30191930    1.29379759    1.14543216    1.09684321    1.27674690    1.24422122    1.29335869    1.16975328    1.20309970    1.29548299    1.11897181    1.24595871    1.17598858    1.12039904    1.19654841    1.85898602    2.06877735    2.29287155    2.19004482    2.05615653    2.75636144    2.15680559    2.69001840    2.71248527    1.77931861    1.83058969    1.87425229    1.89380270    1.48463112    1.22941393    1.28665849    1.19941077    1.20696917    1.26926218    1.41521659    1.13454817    1.15131919    1.34573188    1.02429902
X2HBI0_9NEIS/1-103     1.32431236    1.38525340    1.43627782    1.20045517    1.06113414    1.11165641    0.44400704    0.00000000    0.70624083    0.86185686    0.66715818    0.93183120    0.93550363    0.89568990    1.05522477    1.04045075    0.95747668    0.99414228    1.13933388    0.87319331    0.81131630    0.81804523    0.88643205    0.92719303    0.93173838    0.85758467    0.83931727    0.91834233    0.93787417    0.97825963    1.03727720    0.93447600    0.87585020    0.88699467    0.88100957    1.00172571    0.89336116    0.93492902    0.89066258    0.65335021    0.82769891    0.81569534    1.05654215    1.09532348    0.98711467    1.00638687    0.90967038    1.11360937    1.20229350    1.40175822    1.40233198    1.29912234    1.46006455    1.24152817    1.21286128    0.92378911    1.07322075    0.94900232    1.00325571    1.11311609    1.02121730    0.90356498    1.15412077    0.95523628    1.02516858    1.08403186    1.11901015    0.87871627    1.28864237    1.20971410    1.25688300    1.21446908    1.16109027    1.17959381    1.15426412    1.02280317    1.10981194    1.05623291    1.05709844    1.14655269    1.21195641    1.27240588    1.05263572    0.89897616    0.98451044    1.32410562    1.19353771    1.13882966    1.35940895    1.33403185    1.30544987    1.37774070    1.11097134    1.22544983    1.32436781    1.04615959    1.39742045    1.25148947    1.21518267    1.36435936    1.96593279    1.95241540    2.14427884    2.36135556    2.22126930    2.70811370    2.33810732    2.58689989    2.67130647    1.85298049    1.83192327    1.92581589    1.82812536    1.22330356    1.43042997    1.37701533    1.35578082    1.25426162    1.33870661    1.26923859    1.41777716    1.22210700    1.37312574    1.08502637
Q7NYC9_CHRVO/1-103     1.12085539    1.32689137    1.20978185    1.29586764    1.23396637    0.82594717    0.56876557    0.70624083    0.00000000    0.39367053    0.24778717    0.65251986    0.68763971    0.76577624    0.68351226    0.81688678    0.78183000    0.81885222    0.81162324    0.76904562    0.59846125    0.72026711    0.69096524    0.75673489    0.68127411    0.54253154    0.49578090    0.62163437    0.69313772    0.57474197    0.65920925    0.64905050    0.62422719    0.63345630    0.63811573    0.70375401    0.63581830    0.63810391    0.64122629    0.64024559    0.58268003    0.71186616    0.75815964    0.86502320    0.72190085    0.73937948    0.68033422    1.05949174    1.00095618    1.15957327    1.18199005    1.06021660    1.32792805    1.12998246    1.00101541    0.84841718    0.97896353    0.71073168    0.87119075    0.86063948    0.98724556    0.79670731    1.14913512    0.95917041    0.90646818    0.98073942    0.98154284    0.97980096    1.08303794    1.16960605    1.11304353    1.14568507    1.24387360    1.25521495    0.97361183    1.03204883    0.89936360    1.03334994    1.13821652    1.03245165    1.16969891    1.11163741    0.96310353    0.82419601    0.89687434    1.51198198    1.36594588    1.06566037    1.03087943    1.15067703    1.19191858    1.07180899    1.09986303    1.00455073    1.03340788    1.26602519    1.30534102    1.16426764    1.07172441    1.15895293    1.66320893    1.60611470    1.93337400    2.16968244    2.14723762    2.66990559    2.49204350    2.75055403    2.76823949    1.60625484    1.67451296    1.69472652    1.61705575    1.62605574    1.31546257    1.43975433    1.34033386    1.52903050    0.99479957    1.24492798    1.03672763    1.17716923    1.16626187    1.09429195
C1DDA9_LARHH/1-103     1.22080786    1.21721248    1.30347347    1.27821706    1.06940771    0.86849580    0.80845106    0.86185686    0.39367053    0.00000000    0.40905843    0.74512031    0.86664698    0.94560150    0.85636766    0.97275842    0.82995115    0.89266646    0.86603789    0.89050896    0.86340009    0.96230543    0.92904768    0.89496305    0.84054473    0.68448599    0.68675562    0.68968430    0.74274273    0.76198863    0.77803314    0.79244684    0.72110616    0.73460603    0.80427222    0.84851667    0.86639925    0.77520621    0.66685986    0.67044753    0.74954495    0.88360401    0.84160581    0.87667559    0.86512973    0.88820322    0.75220124    1.24458689    1.07390902    1.21385631    1.12967930    1.07047527    1.31448983    1.22927300    1.06980985    0.73922785    0.93826622    0.83656647    0.91208476    0.88868882    0.96906827    0.89135959    1.07546546    1.00254332    0.96753457    1.10275389    0.92558989    1.02230190    1.03932804    1.06787749    1.08949307    1.20783198    1.07195231    1.20669971    1.08947963    1.00049345    0.88482087    0.92321306    1.08154432    1.13733144    1.21817901    1.22258136    0.96495001    0.89676607    1.03003694    1.53664885    1.46594655    1.16738942    1.07904229    1.16904798    1.24608340    1.11466186    1.15318655    1.38618210    1.23850441    1.36894962    1.28562145    1.23572360    1.01940527    1.09785954    2.08967863    1.96451016    1.83636128    2.24446832    2.30280763    2.49852992    2.62827721    2.70818420    3.02712075    1.71877927    1.70171264    1.79993512    1.81674817    1.36731647    1.32240567    1.43517589    1.17524810    1.40242841    1.10361403    1.25859365    1.10964130    1.04591583    1.23348542    1.06586860
G2J1E3_PSEUL/1-103     1.29753548    1.37871323    1.29349919    1.33023008    1.24992561    0.85395774    0.65004901    0.66715818    0.24778717    0.40905843    0.00000000    0.78196986    0.84269273    0.88225391    0.81730222    0.94787356    0.88066103    0.87572370    0.94001381    0.81921481    0.63596403    0.78091536    0.82787999    0.86671393    0.76768135    0.57218988    0.60561095    0.68466594    0.64919927    0.65909530    0.59751560    0.62889216    0.66366018    0.70171047    0.64267787    0.77298800    0.81121305    0.64464712    0.63827706    0.67868408    0.69451533    0.76752313    0.87817688    0.93624441    0.74507915    0.83640079    0.74840611    1.09202713    1.06154454    1.31012871    1.18305395    1.13411619    1.35155535    1.19961209    1.19171817    0.90207020    1.11015101    0.87732678    0.96582459    0.99176652    1.09653188    0.92991853    1.26838836    1.09195971    1.00826537    1.04195164    1.09528880    1.11160546    1.23988441    1.24741476    1.29227405    1.22246264    1.34859153    1.23300508    1.14026217    1.04912656    1.08124731    1.13967241    1.27990276    1.20401296    1.27638617    1.17982329    1.06229558    0.87380118    1.01504736    1.67872678    1.46538195    1.16436739    1.16254927    1.23378628    1.26601915    1.11193000    1.20294929    1.19164307    1.13726521    1.37781613    1.35172951    1.29020276    1.09183962    1.25740734    1.91937904    1.70852146    2.08261156    2.08695479    2.16414746    2.61237168    2.48820598    2.69867781    2.87747268    1.78334410    1.75507185    1.86138493    1.66209092    1.60059049    1.35353434    1.50554766    1.27578900    1.54735270    0.99166295    1.17965141    0.97284768    0.97085623    1.12750719    1.08669117
Q0K731_CUPNH/1-112     1.01518417    1.30200336    1.33193636    1.32207014    1.10676142    0.80203424    0.93508141    0.93183120    0.65251986    0.74512031    0.78196986    0.00000000    0.63551463    0.62650841    0.59990207    0.72067843    0.59342166    0.61676113    0.62855737    0.66227431    0.63684043    0.72931796    0.68706786    0.71955156    0.96835070    0.65708883    0.65492703    0.60781011    0.67505965    0.65444482    0.59139939    0.76367521    0.59075205    0.63880131    0.57291558    0.65086953    0.75032419    0.71292645    0.83017912    0.95361880    0.82509244    0.76673900    0.70115138    0.75325380    0.64549142    0.78693996    0.56854909    1.32153688    1.02862174    1.23190988    1.33796925    1.02955868    1.27536734    1.20869224    1.13387875    1.25873574    1.20171434    1.01270751    1.00923690    1.00999223    1.19707823    0.95994197    1.18643759    1.11028959    1.09617957    1.14325755    1.33113882    1.01926325    1.09408174    1.37733099    1.18821040    1.51387600    1.41199747    1.49286576    1.36215429    1.24805835    0.99548405    0.96361488    1.16174095    1.10293435    1.42101684    1.26347656    1.16537776    1.09613116    1.23814410    1.41356316    1.35901408    1.36172089    1.33443732    1.56234625    1.38712033    1.14851998    1.08199872    1.39459825    1.29496755    1.24793337    1.29644951    1.13003098    1.23933563    1.36994299    1.78368454    1.70027149    2.04802915    2.75701832    2.72578198    3.09953904    2.58230514    3.06523084    3.06276095    1.90973409    1.93394641    1.83328264    1.96864080    1.72419140    1.55208525    1.56718723    1.65063070    1.51630506    1.43465646    1.58088022    1.44130375    1.42261000    1.49150957    1.11920883
W0PHD8_ADVMD/1-112     1.11605230    1.28973583    1.32796869    1.39042854    1.15490604    0.96390584    0.94944207    0.93550363    0.68763971    0.86664698    0.84269273    0.63551463    0.00000000    0.49383792    0.49106093    0.67024303    0.67953970    0.78646021    0.81857559    0.64325711    0.66096996    0.74991641    0.83043506    0.82057109    0.86858000    0.76733681    0.77197040    0.75327266    0.80268767    0.70329011    0.85844442    0.85182732    0.91470267    0.83778960    0.76488959    0.91341320    0.99786387    0.95856758    0.76865115    0.89026835    0.81237066    0.80554148    0.76632734    0.80551024    0.70525417    0.82367273    0.65708513    1.39454284    1.09013906    1.19128158    1.56255080    1.22476664    1.40181125    1.28404939    1.23198589    1.24898607    1.22153258    1.06738914    0.96239193    0.95969453    1.06222443    0.81026828    1.15493877    0.95991565    0.90749406    1.09911292    1.06906928    1.02070036    1.10763752    1.02866090    1.16379308    1.14859292    1.17443056    1.18536080    1.11545862    1.17047455    1.00732599    1.01387422    1.25808919    0.98258896    1.22767520    1.27371242    1.00249651    1.13155439    1.11330135    1.48588193    1.42744649    1.28564999    1.28767874    1.38660173    1.53888424    1.22734808    1.19642546    1.34977511    1.33033962    1.30804794    1.18414632    1.39330119    1.15726167    1.25623332    1.72198475    1.57599354    2.12697352    3.39395106    2.57796247    2.62280152    2.67771824    2.71832371    2.85428100    1.77445892    1.64015119    1.60127830    1.81906133    1.64406895    1.49641626    1.30818597    1.48791495    1.45630998    1.59297241    1.62010966    1.53972577    1.57591174    1.33633144    1.13184249
A9HZX7_BORPD/1-112     1.16438565    1.19264674    1.27270923    1.26350130    1.15798620    0.77964444    1.05481674    0.89568990    0.76577624    0.94560150    0.88225391    0.62650841    0.49383792    0.00000000    0.44215452    0.60411396    0.61018945    0.65156584    0.69566080    0.60429613    0.65473389    0.77672787    0.78207710    0.71072322    0.91393674    0.80500548    0.72149910    0.83209794    0.67983661    0.74022818    0.82134390    0.78168756    0.75144496    0.70571916    0.63005045    0.73901636    0.95937741    0.74178882    0.75406572    0.84705921    0.77147714    0.76764192    0.68723569    0.78785604    0.80234608    0.70961747    0.86773727    1.37116014    1.06654961    1.37184759    1.44903597    1.00352714    1.33493274    1.48586248    1.37241888    1.01484331    1.04223933    0.86314985    0.92353959    0.94096262    1.07742489    0.71723081    1.13092006    0.85524182    0.87177782    1.05212360    0.98830743    0.94957658    1.00020697    1.00830261    1.13658580    1.29541221    1.30413985    1.35962040    1.10263780    1.09580181    0.91505027    0.93732208    0.99894422    0.97793984    1.29075937    1.30942114    1.10758988    1.12367230    1.00212531    1.46994870    1.22289437    1.14702673    1.44742362    1.53984951    1.35617621    1.25213065    1.11407957    1.35977577    1.22923232    1.34852324    1.33426237    1.26274620    1.17365092    1.33187010    1.35094720    1.42097094    2.08619212    2.82552081    2.46541245    2.71044064    2.50467362    2.38878240    2.48827424    1.73997136    1.47086511    1.59598535    1.85721081    1.52925474    1.42307459    1.29753867    1.31762844    1.27159145    1.25190236    1.42663844    1.32670914    1.41038906    1.52770036    1.12018030
F4GQ99_PUSST/1-112     1.09917889    1.25194706    1.31732963    1.45225182    1.25152163    0.93665543    1.06253453    1.05522477    0.68351226    0.85636766    0.81730222    0.59990207    0.49106093    0.44215452    0.00000000    0.40749522    0.58499414    0.73068232    0.61728323    0.69717925    0.61265336    0.74240319    0.77344476    0.79443128    0.85526389    0.63192675    0.64388902    0.74897067    0.57374440    0.57995439    0.74537547    0.71584896    0.77216367    0.70472347    0.67318516    0.77035721    0.88082753    0.69370836    0.77369670    0.79375886    0.66429908    0.81337597    0.66411869    0.71275014    0.69288754    0.66663111    0.70530637    1.34586678    1.08177466    1.28236116    1.38532813    1.15811109    1.28664368    1.17503563    1.17255395    1.04311377    1.13049156    0.88945487    0.75102140    0.79921719    1.05016116    0.87828467    1.24731138    1.03647214    0.96235031    1.01999529    1.08007189    0.99889888    0.94746578    1.12953258    1.08211899    1.18240354    1.17207283    1.31382843    1.04360921    1.08387650    0.88092658    1.00058605    1.03727692    0.99946713    1.27287570    1.33010232    1.05628013    1.06148981    1.05424846    1.29510332    1.22857852    1.11833582    1.22116058    1.47341864    1.21146693    1.15369530    0.97989157    1.20022862    1.17005077    1.26657991    1.12732676    1.15130619    1.08156679    1.18254967    1.57358543    1.44459655    2.15887929    2.91992647    2.73065272    2.96199591    2.64981238    2.68166619    2.74681641    1.87197299    1.91097602    1.86372187    1.93900320    1.52345734    1.40306546    1.34682463    1.35719857    1.37321937    1.28718733    1.62929025    1.33363846    1.40401875    1.45879995    1.13058413
W8X0V6_CASDE/1-112     1.18794419    1.29837321    1.18712335    1.09894816    1.10539537    0.79576912    0.99924208    1.04045075    0.81688678    0.97275842    0.94787356    0.72067843    0.67024303    0.60411396    0.40749522    0.00000000    0.67835499    0.72165531    0.79675583    0.80129441    0.72895353    0.86679670    0.91993203    0.85330832    0.92425217    0.65368795    0.75401442    0.66925186    0.66546117    0.75049360    0.71459612    0.71225825    0.79205230    0.67678721    0.76816960    0.74092956    0.81701258    0.83795174    0.90231064    0.81304531    0.77437812    0.77940845    0.88983379    0.89955472    0.80931117    0.71911023    0.84428216    1.22489182    0.89047820    1.02624865    1.14540310    0.89999486    1.08325668    1.53346487    1.26917259    0.97075049    1.13829976    0.87695096    0.94673339    0.98320041    1.26926405    0.91333479    1.18737851    0.98591599    1.06756768    0.94511803    1.06566861    1.00145189    1.08203078    1.24461639    1.09736127    1.35164626    1.36418435    1.34369128    1.16880900    0.99226755    1.01127627    0.95108899    1.08029211    1.05961484    1.30816313    1.46538580    0.93463484    1.01790116    1.17722440    1.30009481    1.19256709    1.11536402    1.25888124    1.26325109    1.05794625    1.14688983    0.92850553    1.10989934    1.07586136    1.01469195    0.92270803    0.96378010    1.09942673    1.09005025    1.62931470    1.70725485    2.30989913    2.71988685    2.56725712    2.87888558    2.41713962    2.57195750    2.68185942    1.95082298    1.86729415    1.82568877    2.16734871    1.53217618    1.45955201    1.31087173    1.31865088    1.32116982    1.21320124    1.58522776    1.31997577    1.51930714    1.52985552    1.13040640
A4G1Z5_HERAR/1-111     1.14787852    1.40571735    1.32922987    1.33452485    0.96327612    0.90160581    0.96206845    0.95747668    0.78183000    0.82995115    0.88066103    0.59342166    0.67953970    0.61018945    0.58499414    0.67835499    0.00000000    0.41586755    0.57048751    0.65574834    0.59635150    0.73813639    0.75889198    0.72169303    0.87081604    0.62624121    0.68001384    0.64833887    0.65994405    0.63453789    0.70788535    0.78783234    0.65699284    0.61576073    0.69185109    0.74229919    0.83719129    0.81915427    0.90503795    0.78011409    0.64915625    0.65046349    0.68237533    0.62345009    0.72999459    0.73859751    0.66385479    1.41919760    1.12746726    1.21816715    1.47586399    1.13089717    1.49450649    1.25069940    1.47860469    1.12950224    1.14982225    1.11789423    1.07435139    1.03355653    1.15911011    1.00023915    1.30359974    1.13437609    1.05912845    1.08589551    1.32663136    1.24288209    1.28587175    1.43574382    1.43556901    1.73359393    1.41267749    1.50999812    1.33759453    1.27153881    1.12216503    1.10299704    1.26064976    1.15426235    1.22326464    1.37605158    1.16595776    1.08730610    1.32000486    1.49987458    1.30142532    1.29072535    1.39906694    1.56327539    1.51259396    1.26678525    1.27066997    1.29480889    1.33725870    1.30354571    1.60608257    1.37084619    1.39017678    1.55896980    1.64187660    1.62283359    1.91919808    2.87267102    2.54801803    2.97865257    2.72772791    2.78158781    2.79546388    1.91089015    1.53310224    1.75140680    2.07846618    1.63012655    1.66572488    1.46774697    1.54817765    1.54043325    1.49488804    1.49167376    1.42770137    1.51843690    1.70327115    1.19991321
G0AI17_COLFT/1-111     1.01620345    1.11792568    1.21052548    1.28057629    0.87404556    0.86725532    0.95657674    0.99414228    0.81885222    0.89266646    0.87572370    0.61676113    0.78646021    0.65156584    0.73068232    0.72165531    0.41586755    0.00000000    0.37648655    0.67509098    0.67140331    0.76271946    0.74795422    0.74302815    0.90798261    0.65139184    0.63598325    0.74532524    0.66795873    0.66308390    0.73680307    0.80192021    0.60633477    0.60226931    0.65995186    0.68687056    0.87107623    0.74695670    0.90154604    0.86330537    0.79862652    0.75439250    0.69329102    0.65885663    0.70334888    0.82173651    0.65977987    1.34594980    1.07016241    1.36525875    1.39272691    1.18313746    1.43318564    1.28980072    1.32884162    1.06338749    1.04072815    0.88947641    0.87434721    0.88316102    1.18909714    0.89402156    1.10323939    1.03216179    0.98955544    1.04410060    1.17667557    1.18873262    1.08623648    1.18040988    1.24775537    1.45685634    1.37236387    1.41774491    1.29033676    1.28947091    1.00154227    0.93010292    1.17679606    1.19326180    1.19116773    1.09746608    1.07092040    1.02030156    1.18649602    1.52083198    1.49809427    1.12098146    1.37995195    1.52985742    1.31582108    1.14830036    1.29345059    1.26320086    1.28090612    1.29206601    1.35840600    1.15023133    1.17855467    1.34610223    1.68366666    1.81759509    1.96348992    2.60601824    2.15729160    2.59412347    2.23913287    2.41245087    2.52911338    1.70702500    1.67527725    1.88676862    2.10227847    1.52337245    1.49806348    1.41467528    1.47893773    1.44513951    1.32164854    1.46523940    1.42250677    1.35839516    1.40654487    1.11195955
D8INT3_HERSS/1-111     1.12008487    1.20568326    1.32656174    1.44804942    1.03289470    0.87649341    1.13536317    1.13933388    0.81162324    0.86603789    0.94001381    0.62855737    0.81857559    0.69566080    0.61728323    0.79675583    0.57048751    0.37648655    0.00000000    0.69970601    0.81056874    0.77324001    0.80252677    0.65512456    0.87000652    0.67326348    0.69018952    0.77390305    0.59701264    0.53167842    0.76678454    0.79018960    0.64204005    0.74165277    0.69138294    0.69267474    0.83456860    0.62521678    0.86968775    0.98116917    0.82681375    0.84538897    0.75416669    0.73443303    0.71360672    0.78216001    0.65848077    1.57414684    1.16359830    1.36829621    1.34961929    1.20133031    1.41903623    1.40050741    1.40333099    1.22247848    1.18003952    1.08757988    0.98229829    1.00223514    1.15610592    0.89346337    1.11806598    1.12402776    0.99263593    1.09942834    1.29154899    1.22922045    1.17465027    1.20639414    1.22575312    1.57252064    1.55765681    1.52165285    1.40781617    1.41685370    1.07884921    1.06563073    1.31640603    1.22995899    1.40720396    1.16743388    1.02579775    1.14399144    1.17510244    1.60051265    1.57991319    1.18940251    1.47197654    1.50793726    1.51820776    1.28773494    1.35887417    1.39575264    1.37710395    1.42027289    1.35961384    1.23986458    1.09125787    1.29945267    1.75820177    1.78546619    2.04178765    2.80324456    2.43107885    2.62140632    2.36140678    2.87053226    2.71609240    1.83368583    1.75471470    1.96802031    2.21033163    1.74362829    1.76607476    1.51351487    1.49432730    1.52904712    1.63516140    1.75696674    1.50057193    1.45777216    1.47719855    1.29240511
C7RRY1_ACCPU/1-108     1.19552517    1.26554130    1.33373521    1.13628816    1.09475921    1.02894419    0.88428914    0.87319331    0.76904562    0.89050896    0.81921481    0.66227431    0.64325711    0.60429613    0.69717925    0.80129441    0.65574834    0.67509098    0.69970601    0.00000000    0.46102933    0.57944200    0.56159151    0.55319152    0.82519628    0.72274598    0.68869098    0.66202569    0.65869429    0.59894383    0.72301237    0.78686617    0.62114142    0.76993815    0.66022034    0.78480820    0.76116941    0.76175098    0.83480471    0.87558163    0.73807321    0.80232997    0.73366069    0.76307849    0.57747918    0.76449789    0.68126603    1.23192907    1.10455652    1.32862140    1.29467997    1.20258459    1.33336226    1.33067407    1.47762970    1.14287201    1.23995119    1.06589444    1.02132249    1.03276248    1.18601188    0.89909128    1.14259261    1.12036755    0.99516223    1.11305197    1.12224659    1.20447608    1.15190502    1.14141110    1.30682788    1.41126790    1.38020184    1.26866654    1.24885628    1.20697282    1.17011165    1.12541871    1.26159728    1.06501455    1.12580263    1.16378218    1.14978281    1.11826377    1.03697889    1.61278820    1.42592232    1.23648286    1.21270971    1.26772363    1.22123974    1.10726345    1.30239927    1.25581388    1.14947924    1.09369826    1.18385715    1.02285385    0.97925301    1.14478742    1.54480696    1.56609509    1.97857321    2.58289309    2.31398645    3.07795344    2.63164630    2.98136394    3.07317725    1.76405431    1.87027662    1.73110181    1.91261775    1.67884996    1.59057864    1.38584356    1.51069518    1.47305674    1.38272415    1.34266255    1.27607381    1.22082475    1.23194231    0.91332951
G8QJX6_AZOOP/1-108     1.24471050    1.31177701    1.17137680    1.19086230    1.23925698    0.94921202    0.77495285    0.81131630    0.59846125    0.86340009    0.63596403    0.63684043    0.66096996    0.65473389    0.61265336    0.72895353    0.59635150    0.67140331    0.81056874    0.46102933    0.00000000    0.63053087    0.63342810    0.58172925    0.87071417    0.59961245    0.62465831    0.69766509    0.75647494    0.61012535    0.60546670    0.71575257    0.62889873    0.62638188    0.55799066    0.75550608    0.72798266    0.64296187    0.71805739    0.76363180    0.68026544    0.63621659    0.69526279    0.67893642    0.68721617    0.82545042    0.68112530    1.11960840    1.13881104    1.25764600    1.39183838    1.21940757    1.43755065    1.23957141    1.24274840    1.16741760    1.15465474    1.01316540    0.99550208    0.98742696    1.14739772    0.89944178    1.26818780    0.98811174    1.03841459    1.04686655    1.17078031    1.08536796    1.23815013    1.26482447    1.45435962    1.50294032    1.51126063    1.30592313    1.26395278    1.12261169    1.10824957    1.02555007    1.17453056    1.13465149    1.19001627    1.30719480    1.11761624    1.06441208    1.18660324    1.56716685    1.52812733    1.24237402    1.41837866    1.35822339    1.32709858    1.21947198    1.14904017    1.20276903    1.27433421    1.33929435    1.30484335    1.18978178    1.13355946    1.37197900    1.66665416    1.70744597    1.98203691    2.90695917    2.45706164    3.09380843    2.70459125    2.77825817    2.81035994    1.98629442    2.00833108    1.71228145    1.83867518    1.72331175    1.44977840    1.50092205    1.48092815    1.47057973    1.31732619    1.51935829    1.30137559    1.48028624    1.51650048    1.05978398
H0Q4E2_9RHOO/1-109     1.08510557    1.27106655    1.26744398    1.29986833    1.24381616    1.12270324    0.84184219    0.81804523    0.72026711    0.96230543    0.78091536    0.72931796    0.74991641    0.77672787    0.74240319    0.86679670    0.73813639    0.76271946    0.77324001    0.57944200    0.63053087    0.00000000    0.39574394    0.42101894    0.85371100    0.65978562    0.59671848    0.78986486    0.73324328    0.61149670    0.75542706    0.79788112    0.62945513    0.68687709    0.56408315    0.74237665    0.80395956    0.73064296    0.79575767    0.76434768    0.81008883    0.88300686    0.76771444    0.77692333    0.77192809    0.80991562    0.79969420    1.34161180    1.27250445    1.40938849    1.57822201    1.45397088    1.60927908    1.27574686    1.45615369    1.15671206    1.17230383    1.11858604    1.03181173    1.09241990    1.28486806    0.92737611    1.21829101    1.08799158    1.04352777    1.19340850    1.27852944    1.25870065    1.44632603    1.37490949    1.29223449    1.35916738    1.34386763    1.24835991    1.26264392    1.21109876    1.09725575    1.14857002    1.24237065    1.11854627    1.23458596    1.24479977    1.13180571    0.89464017    1.20320322    1.57882732    1.49621474    1.13400537    1.28725297    1.28173607    1.18928548    1.29790699    1.21836588    1.15352141    1.32197484    1.37021675    1.34525416    1.21269834    1.07042453    1.25372640    1.74661776    1.56810746    2.04287029    2.76497338    2.56501722    3.02798046    2.81208801    3.16595022    3.19821834    2.05842876    2.02384037    2.01093882    2.17376649    1.43008334    1.33972272    1.31101665    1.25731431    1.35548203    1.53508415    1.58711759    1.38180530    1.32516441    1.33968212    1.00116616
