10
H0UXC2_CAVPO/1153-1328     0.00000000    0.38262448    0.56877603    0.62591981    0.54548609    0.40590114    1.30532049    1.27727501    0.71715406    0.72365176
A0A151MR11_ALLMI/577-752     0.38262448    0.00000000    0.37547618    0.41290957    0.38618350    0.21729024    1.26359867    1.28894852    0.66315524    0.54373961
H0Z033_TAEGU/1624-1799     0.56877603    0.37547618    0.00000000    0.31071987    0.28392727    0.37062768    1.46001852    1.31524260    0.73716727    0.70645462
G1NFF0_MELGA/816-991     0.62591981    0.41290957    0.31071987    0.00000000    0.28037243    0.39531919    1.43873747    1.36504213    0.75432035    0.72183234
A0A091IJ38_CALAN/221-396     0.54548609    0.38618350    0.28392727    0.28037243    0.00000000    0.37776443    1.44317628    1.29922360    0.66463228    0.67644335
M7BC35_CHEMY/858-1033     0.40590114    0.21729024    0.37062768    0.39531919    0.37776443    0.00000000    1.31521143    1.32850292    0.55881401    0.47913585
A0A0N4SUA6_DANRE/1139-1312     1.30532049    1.26359867    1.46001852    1.43873747    1.44317628    1.31521143    0.00000000    0.95877924    1.41195346    1.34876698
A0A096M011_POEFO/196-370     1.27727501    1.28894852    1.31524260    1.36504213    1.29922360    1.32850292    0.95877924    0.00000000    1.32687413    1.26699876
H3AH84_LATCH/195-374     0.71715406    0.66315524    0.73716727    0.75432035    0.66463228    0.55881401    1.41195346    1.32687413    0.00000000    0.62797061
G1KQG7_ANOCA/61-233     0.72365176    0.54373961    0.70645462    0.72183234    0.67644335    0.47913585    1.34876698    1.26699876    0.62797061    0.00000000

