20
B4IZ23_DROGR/32-377     0.00000000    0.24750335    0.65755777    0.97901933    2.08335347    2.16059375    2.05480624    2.15587761    0.32608176    0.47981634    0.39348571    0.39079307    0.46023661    0.46937648    0.43678476    0.48982122    0.34791703    0.31035860    0.35218724    0.31336280
B4LCT6_DROVI/32-377     0.24750335    0.00000000    0.60596516    0.92936820    1.98320470    2.08469583    1.95511586    2.03019531    0.27956800    0.45405093    0.31054246    0.33531176    0.42988582    0.43783202    0.38259821    0.40992635    0.29822295    0.28641422    0.36258735    0.26871300
B4KQH3_DROMO/32-372     0.65755777    0.60596516    0.00000000    1.03125550    2.13080994    2.31859672    2.11651824    2.20489770    0.53182135    0.61994326    0.56699351    0.56099430    0.67020866    0.68881797    0.69486273    0.67233901    0.63682152    0.61330810    0.68485875    0.57156066
T1GVM9_MEGSC/39-372     0.97901933    0.92936820    1.03125550    0.00000000    2.00261204    2.13566809    2.00822819    2.09918181    0.89646161    0.95718430    0.92335083    0.90701851    0.89144923    0.96477815    0.93822288    0.95003832    0.90873734    0.93489237    1.01892700    0.98627940
H0VJ18_CAVPO/48-398     2.08335347    1.98320470    2.13080994    2.00261204    0.00000000    0.29206047    0.23893557    0.28321533    2.02308852    2.21664930    1.97189283    2.00313854    2.06939004    2.27037927    2.15195639    2.17359207    2.09084701    2.02596589    1.99102412    1.86679719
G1TP08_RABIT/1-342     2.16059375    2.08469583    2.31859672    2.13566809    0.29206047    0.00000000    0.25728556    0.33397818    2.06227491    2.27540389    2.04221003    1.96646510    2.04773110    2.21322276    2.17142199    2.11285045    2.18176801    2.10092407    2.14411160    1.98046808
E2QX75_CANLF/46-397     2.05480624    1.95511586    2.11651824    2.00822819    0.23893557    0.25728556    0.00000000    0.23650736    1.94336086    2.14285030    1.84339030    1.85211149    1.94426692    2.17456077    2.04970724    2.07002141    2.05716402    2.02830083    2.02208216    1.86341053
G3T0P3_LOXAF/52-403     2.15587761    2.03019531    2.20489770    2.09918181    0.28321533    0.33397818    0.23650736    0.00000000    2.09041200    2.23300467    2.01829749    2.02753739    2.04077671    2.23918075    2.17259443    2.21034256    2.19021208    2.15274201    2.13632096    1.96212245
B4LZJ4_DROVI/32-377     0.32608176    0.27956800    0.53182135    0.89646161    2.02308852    2.06227491    1.94336086    2.09041200    0.00000000    0.31506407    0.25002183    0.23147176    0.36739635    0.41515804    0.37267151    0.35985485    0.32525619    0.29538858    0.37546879    0.31737041
B4LZJ3_DROVI/32-377     0.47981634    0.45405093    0.61994326    0.95718430    2.21664930    2.27540389    2.14285030    2.23300467    0.31506407    0.00000000    0.40220177    0.38376431    0.50986165    0.49325017    0.49873246    0.46286261    0.45323185    0.48368695    0.55856026    0.46589868
B3N264_DROAN/32-374     0.39348571    0.31054246    0.56699351    0.92335083    1.97189283    2.04221003    1.84339030    2.01829749    0.25002183    0.40220177    0.00000000    0.23359625    0.36666884    0.37328773    0.36145905    0.34149346    0.38029681    0.38249605    0.40989552    0.34083466
B4GLS4_DROPE/32-377     0.39079307    0.33531176    0.56099430    0.90701851    2.00313854    1.96646510    1.85211149    2.02753739    0.23147176    0.38376431    0.23359625    0.00000000    0.22980121    0.35291194    0.31662086    0.30291470    0.38086732    0.38618287    0.42399625    0.35418304
B4GLS3_DROPE/32-376     0.46023661    0.42988582    0.67020866    0.89144923    2.06939004    2.04773110    1.94426692    2.04077671    0.36739635    0.50986165    0.36666884    0.22980121    0.00000000    0.41376421    0.42486093    0.44791128    0.46901510    0.44189469    0.51711856    0.44857938
B3LW33_DROAN/32-377     0.46937648    0.43783202    0.68881797    0.96477815    2.27037927    2.21322276    2.17456077    2.23918075    0.41515804    0.49325017    0.37328773    0.35291194    0.41376421    0.00000000    0.36956940    0.32722154    0.46032059    0.50325983    0.53839291    0.46371870
B4QV64_DROSI/32-376     0.43678476    0.38259821    0.69486273    0.93822288    2.15195639    2.17142199    2.04970724    2.17259443    0.37267151    0.49873246    0.36145905    0.31662086    0.42486093    0.36956940    0.00000000    0.24312770    0.46112937    0.50111959    0.50179931    0.43156863
Q8MSL1_DROME/32-376     0.48982122    0.40992635    0.67233901    0.95003832    2.17359207    2.11285045    2.07002141    2.21034256    0.35985485    0.46286261    0.34149346    0.30291470    0.44791128    0.32722154    0.24312770    0.00000000    0.44139060    0.46341599    0.52336934    0.43498145
B4L137_DROMO/32-377     0.34791703    0.29822295    0.63682152    0.90873734    2.09084701    2.18176801    2.05716402    2.19021208    0.32525619    0.45323185    0.38029681    0.38086732    0.46901510    0.46032059    0.46112937    0.44139060    0.00000000    0.30914728    0.36483730    0.37054192
B4KUV0_DROMO/32-377     0.31035860    0.28641422    0.61330810    0.93489237    2.02596589    2.10092407    2.02830083    2.15274201    0.29538858    0.48368695    0.38249605    0.38618287    0.44189469    0.50325983    0.50111959    0.46341599    0.30914728    0.00000000    0.43596665    0.31329037
B4KQH2_DROMO/32-377     0.35218724    0.36258735    0.68485875    1.01892700    1.99102412    2.14411160    2.02208216    2.13632096    0.37546879    0.55856026    0.40989552    0.42399625    0.51711856    0.53839291    0.50179931    0.52336934    0.36483730    0.43596665    0.00000000    0.35330087
B4LPS2_DROVI/32-377     0.31336280    0.26871300    0.57156066    0.98627940    1.86679719    1.98046808    1.86341053    1.96212245    0.31737041    0.46589868    0.34083466    0.35418304    0.44857938    0.46371870    0.43156863    0.43498145    0.37054192    0.31329037    0.35330087    0.00000000

