19
G3VLA9_SARHA/23-153     0.00000000    0.26954373    0.30145654    1.43364841    1.37684345    2.34884258    2.56239078    1.65834137    2.32620980    1.04873258    1.21136761    1.34120118    1.62206649    1.69553475    1.12810106    0.87806888    0.83531618    0.56983482    0.41053800
H3ADA1_LATCH/22-152     0.26954373    0.00000000    0.23415681    1.43986086    1.39619115    2.52904506    2.84785942    1.62035419    2.47086834    1.03331785    1.30311316    1.42894568    1.65371230    1.75752847    1.14504871    0.92729521    1.00012472    0.59094574    0.38333743
W5MR62_LEPOC/26-156     0.30145654    0.23415681    0.00000000    1.50064701    1.46449866    2.42358718    2.75908119    1.64473514    2.31484975    1.11186865    1.19602031    1.21861812    1.56281298    1.69124815    1.05163464    0.83214504    0.93091190    0.43408917    0.31877926
C3ZA56_BRAFL/1-144     1.43364841    1.43986086    1.50064701    0.00000000    0.31661348    2.88199745    2.68529092    1.69808735    2.59734104    1.83606892    1.52178697    1.73401170    2.01658490    2.16035712    2.03188649    1.86927504    1.84379395    1.63415490    1.35011042
C3ZI62_BRAFL/87-231     1.37684345    1.39619115    1.46449866    0.31661348    0.00000000    2.75468349    2.59941301    1.83871937    2.58940337    1.69783785    1.54357473    1.73000683    1.94778999    2.20684649    2.09820044    1.75607466    1.82839732    1.50909122    1.35688680
E9HAE5_DAPPU/123-294     2.34884258    2.52904506    2.42358718    2.88199745    2.75468349    0.00000000    0.60104828    1.98847035    3.56241724    2.18805914    2.15738357    2.21838873    2.32576462    2.59722059    2.86122398    2.48990525    2.31834003    2.27146385    2.53265343
E9HAE7_DAPPU/109-278     2.56239078    2.84785942    2.75908119    2.68529092    2.59941301    0.60104828    0.00000000    2.36630077    3.64048545    2.47255398    2.60161572    2.48126178    2.71695531    3.19337990    3.25743566    2.82885385    2.69031040    2.67560120    2.83281206
A7SM97_NEMVE/34-168     1.65834137    1.62035419    1.64473514    1.69808735    1.83871937    1.98847035    2.36630077    0.00000000    2.14318174    1.90527486    1.90221997    1.86907094    2.31679166    2.30988904    1.88351649    1.66584191    1.72661048    1.72538604    1.75592406
A8X2T2_CAEBR/33-185     2.32620980    2.47086834    2.31484975    2.59734104    2.58940337    3.56241724    3.64048545    2.14318174    0.00000000    2.98737373    2.98326948    3.10274643    3.18707527    3.49709462    2.56705714    2.23065506    2.11605721    2.43882403    2.17628290
H3ADF2_LATCH/21-151     1.04873258    1.03331785    1.11186865    1.83606892    1.69783785    2.18805914    2.47255398    1.90527486    2.98737373    0.00000000    1.05602264    1.25681038    1.39952415    1.66060298    1.29222136    1.32669227    1.26135951    1.15313354    1.22961305
G3U1N4_LOXAF/21-154     1.21136761    1.30311316    1.19602031    1.52178697    1.54357473    2.15738357    2.60161572    1.90221997    2.98326948    1.05602264    0.00000000    0.38010553    0.57329094    0.74436210    1.52397363    1.40343855    1.43329547    1.25876192    1.29764921
G5C6M0_HETGA/18-151     1.34120118    1.42894568    1.21861812    1.73401170    1.73000683    2.21838873    2.48126178    1.86907094    3.10274643    1.25681038    0.38010553    0.00000000    0.50024057    0.78574142    1.67713451    1.63759172    1.55083488    1.38022787    1.32858712
G3I8Z8_CRIGR/39-172     1.62206649    1.65371230    1.56281298    2.01658490    1.94778999    2.32576462    2.71695531    2.31679166    3.18707527    1.39952415    0.57329094    0.50024057    0.00000000    0.26278783    1.94312478    1.73678084    1.86580464    1.62795555    1.66435585
B0K009_RAT/20-153     1.69553475    1.75752847    1.69124815    2.16035712    2.20684649    2.59722059    3.19337990    2.30988904    3.49709462    1.66060298    0.74436210    0.78574142    0.26278783    0.00000000    2.27524539    1.96947232    2.07553987    1.79372651    1.84478039
I3JLL3_ORENI/27-161     1.12810106    1.14504871    1.05163464    2.03188649    2.09820044    2.86122398    3.25743566    1.88351649    2.56705714    1.29222136    1.52397363    1.67713451    1.94312478    2.27524539    0.00000000    0.84804693    0.90837759    0.87505638    0.91826628
Q1LWG5_DANRE/20-150     0.87806888    0.92729521    0.83214504    1.86927504    1.75607466    2.48990525    2.82885385    1.66584191    2.23065506    1.32669227    1.40343855    1.63759172    1.73678084    1.96947232    0.84804693    0.00000000    0.55735442    0.82193213    0.77634969
A0A3B1IKW6_ASTMX/26-155     0.83531618    1.00012472    0.93091190    1.84379395    1.82839732    2.31834003    2.69031040    1.72661048    2.11605721    1.26135951    1.43329547    1.55083488    1.86580464    2.07553987    0.90837759    0.55735442    0.00000000    0.78325136    0.84982205
Q6P976_DANRE/26-156     0.56983482    0.59094574    0.43408917    1.63415490    1.50909122    2.27146385    2.67560120    1.72538604    2.43882403    1.15313354    1.25876192    1.38022787    1.62795555    1.79372651    0.87505638    0.82193213    0.78325136    0.00000000    0.28730203
H3CP35_TETNG/21-151     0.41053800    0.38333743    0.31877926    1.35011042    1.35688680    2.53265343    2.83281206    1.75592406    2.17628290    1.22961305    1.29764921    1.32858712    1.66435585    1.84478039    0.91826628    0.77634969    0.84982205    0.28730203    0.00000000

