11
L7N1M6_MYOLU/22-104     0.00000000    0.30458890    0.38593133    0.43685973    0.42865174    0.56582714    0.53934095    0.62926750    0.54128664    0.53849276    1.00511600
H0XUS3_OTOGA/39-121     0.30458890    0.00000000    0.23459655    0.33620906    0.36247299    0.56641006    0.44581459    0.62734843    0.52352525    0.58601552    0.87253293
E2QTE1_CANLF/32-113     0.38593133    0.23459655    0.00000000    0.27319508    0.40830931    0.43372432    0.41495598    0.72156203    0.55973334    0.63307649    1.01548226
G3UFA0_LOXAF/33-114     0.43685973    0.33620906    0.27319508    0.00000000    0.46860996    0.54855034    0.51431981    0.71102347    0.54674712    0.61475249    0.99117281
H2QGM6_PANTR/33-115     0.42865174    0.36247299    0.40830931    0.46860996    0.00000000    0.54261066    0.35328960    0.66423441    0.72322832    0.58015540    1.04403883
G3TZT6_LOXAF/27-109     0.56582714    0.56641006    0.43372432    0.54855034    0.54261066    0.00000000    0.57095101    0.78966514    0.70886921    0.73651935    1.13335477
H2RIE1_PANTR/41-123     0.53934095    0.44581459    0.41495598    0.51431981    0.35328960    0.57095101    0.00000000    0.72545199    0.55917912    0.67143627    0.93195968
M0RC02_RAT/27-107     0.62926750    0.62734843    0.72156203    0.71102347    0.66423441    0.78966514    0.72545199    0.00000000    0.87918262    0.97900007    1.21658041
G1T940_RABIT/27-109     0.54128664    0.52352525    0.55973334    0.54674712    0.72322832    0.70886921    0.55917912    0.87918262    0.00000000    0.49013346    1.17470571
G1QPS6_NOMLE/26-108     0.53849276    0.58601552    0.63307649    0.61475249    0.58015540    0.73651935    0.67143627    0.97900007    0.49013346    0.00000000    1.16635512
E1BIH0_BOVIN/24-104     1.00511600    0.87253293    1.01548226    0.99117281    1.04403883    1.13335477    0.93195968    1.21658041    1.17470571    1.16635512    0.00000000

