63
F4AZP0_DOKS4/39-195     0.00000000    0.47328845    0.40023846    0.45014225    0.55564756    0.43968030    0.36242849    0.51806777    0.74635261    0.67118015    1.09861437    0.80865350    0.78265310    0.80189853    0.93204025    0.77936262    1.39299247    1.25601406    1.25661891    1.35796804    1.49146520    1.82035797    1.89579272    1.82492793    1.77069157    1.42401855    1.48683867    1.51887806    1.33580679    1.32623541    1.45251837    1.39637757    1.48295240    1.30238088    1.40776389    1.29433866    1.47330833    1.58902660    1.50025865    1.65831755    1.60419172    1.50359230    1.53394450    1.46863239    1.54423936    1.63854933    1.66057194    1.64573750    1.27834973    1.34081824    1.40246421    1.59430711    1.64469064    1.59063057    1.53488446    1.63790843    1.46652058    1.59532376    1.64202675    1.35458515    1.43933495    0.58458161    0.40056469
T2KKJ0_FORAG/37-193     0.47328845    0.00000000    0.48951363    0.47541835    0.66254270    0.51833978    0.49132696    0.55263520    0.78526845    0.73071100    1.06680872    0.77607137    0.76601943    0.75393372    0.82173545    0.87278727    1.36826564    1.35201251    1.23747720    1.65147005    1.65920933    1.91785232    2.14016390    1.80481525    1.78184998    1.54211175    1.63242965    1.73012327    1.40769834    1.29760976    1.41792311    1.42644188    1.39828164    1.46554343    1.67417823    1.62619956    1.81055356    1.84416796    1.84326365    1.89674896    1.92299053    1.92762605    1.94210216    1.73324171    1.93976194    1.91821329    1.97458762    1.95932756    1.67657417    1.61828074    1.72123875    1.88429040    1.82003386    1.78913234    1.79198772    1.83884370    1.79059669    1.85530818    1.84908580    1.50861903    1.36777629    0.68096832    0.45669683
A4CQA6_ROBBH/43-199     0.40023846    0.48951363    0.00000000    0.28262875    0.45325200    0.32790587    0.44054825    0.51407207    0.83244683    0.70941086    1.22823783    0.85485478    0.85890592    0.91792363    0.97964347    0.86466864    1.44520130    1.38095782    1.24989858    1.62491402    1.64429668    1.88565254    1.96232664    1.60620835    1.91751931    1.63830941    1.60355697    1.53151261    1.50596739    1.40028950    1.44286704    1.43351851    1.53635117    1.36951593    1.62327585    1.41877888    1.61460440    1.65213894    1.51343712    1.67040991    1.65555706    1.57157644    1.64604804    1.51400259    1.67714723    1.83413186    1.72533310    1.75496329    1.43077115    1.59468881    1.56652972    1.71103430    1.80387019    1.63331395    1.69400615    1.65838131    1.58988107    1.64058544    1.80401285    1.42306910    1.52458339    0.57221094    0.48068498
G2PQU3_MURRD/49-205     0.45014225    0.47541835    0.28262875    0.00000000    0.36461747    0.26170389    0.53014480    0.44246488    0.86247584    0.73650981    1.07368489    0.79035494    0.80866248    0.86347233    0.95600487    0.92524837    1.39242397    1.20835465    1.15950053    1.67583482    1.58716427    1.86389636    1.92881653    1.68809489    1.87940101    1.71637591    1.54600543    1.60047051    1.37916998    1.22283055    1.36898825    1.49837548    1.51080735    1.35225783    1.50159021    1.34398757    1.51849122    1.61876540    1.53801915    1.56688361    1.60596338    1.56358393    1.46014907    1.45071093    1.61983150    1.75908888    1.70456553    1.64740756    1.47473134    1.50849370    1.47738902    1.54066352    1.68381313    1.70450570    1.63377562    1.70013488    1.49565106    1.58406898    1.71198655    1.49556946    1.41204537    0.54222891    0.48531533
F0RHM9_CELLC/40-196     0.55564756    0.66254270    0.45325200    0.36461747    0.00000000    0.32621459    0.64140504    0.53735511    0.86250890    0.87652193    0.97892989    0.87931666    0.89380756    0.95502811    0.98321611    1.00673923    1.42882415    1.17106073    1.21016612    1.57451412    1.46747822    1.72580608    1.98816817    1.66410491    1.92472696    1.59854613    1.50641684    1.58869485    1.39622702    1.27683656    1.39830590    1.39823064    1.41447578    1.31911430    1.38379251    1.41343154    1.56238638    1.55457128    1.53625513    1.62692907    1.65559868    1.57151752    1.61060035    1.35064167    1.74494134    1.86535817    1.79055995    1.64323887    1.28824092    1.49531283    1.51827403    1.52172584    1.67950633    1.55856990    1.53221746    1.55923925    1.57558944    1.56565921    1.55075219    1.49778628    1.32200857    0.56050880    0.55954908
A4AQ21_MARSH/14-170     0.43968030    0.51833978    0.32790587    0.26170389    0.32621459    0.00000000    0.52116008    0.46865252    0.81544362    0.78859486    0.98466930    0.78910294    0.85004540    0.91975814    0.95457339    0.91395774    1.39955126    1.33403522    1.23867828    1.66128981    1.62125605    1.86733824    2.00802454    1.70606424    1.76923746    1.52532283    1.42600762    1.44006181    1.38020802    1.27010056    1.41261683    1.49610091    1.53055099    1.38446278    1.42924363    1.40476020    1.42079837    1.63875050    1.54024042    1.60907613    1.60327160    1.57650144    1.59677361    1.48485230    1.82839582    1.81207481    1.91399716    1.86648110    1.48297590    1.51073091    1.55308177    1.67029950    1.76355736    1.68011174    1.60910090    1.73104108    1.59032951    1.59331510    1.76916694    1.45500073    1.24227093    0.52985001    0.48013695
A3U921_CROAH/28-184     0.36242849    0.49132696    0.44054825    0.53014480    0.64140504    0.52116008    0.00000000    0.48358471    0.89442344    0.73236443    1.00510137    0.76635718    0.78654232    0.70044907    0.87732989    0.71268405    1.22458565    1.25934513    1.22111767    1.52400042    1.52554005    1.71004559    1.82626562    1.61703299    1.80415401    1.38671168    1.43748283    1.52729551    1.27611255    1.29081360    1.33322732    1.43267429    1.47710590    1.40382321    1.42725671    1.31100792    1.64302682    1.76250179    1.67539376    1.81820047    1.73692235    1.62515094    1.72374726    1.49722841    1.66246336    1.79878532    1.79157206    1.72775760    1.41279340    1.48614270    1.66617300    1.77319433    1.70474234    1.67290101    1.58407835    1.57254730    1.67933172    1.65592743    1.81633090    1.41724216    1.45321495    0.59314758    0.41182736
I3YZ86_AEQSU/45-201     0.51806777    0.55263520    0.51407207    0.44246488    0.53735511    0.46865252    0.48358471    0.00000000    0.78702482    0.71358807    1.05786749    0.73169912    0.77206092    0.84378553    0.94260732    0.90067518    1.36914646    1.33524680    1.26481162    1.62990040    1.65719627    1.88069212    2.02959047    1.76967148    1.74670564    1.54169984    1.60705699    1.66141325    1.31751194    1.29651633    1.44128147    1.50328711    1.62874736    1.32104450    1.56793415    1.39254959    1.58647036    1.50985607    1.58000551    1.72101680    1.76503093    1.64956557    1.79395853    1.58295735    1.75070052    1.97711992    1.86335061    1.73021260    1.42296031    1.46558871    1.50524684    1.67771234    1.81409780    1.80646704    1.68080013    1.73896314    1.51515741    1.55309994    1.83043166    1.45876578    1.42074904    0.60775272    0.46654633
C7M610_CAPOD/51-202     0.74635261    0.78526845    0.83244683    0.86247584    0.86250890    0.81544362    0.89442344    0.78702482    0.00000000    0.41118076    1.12826869    0.91532344    0.87457941    0.93031838    0.97936743    1.01737642    1.55309986    1.29514935    1.20995537    1.41386767    1.53162362    1.66762656    1.76197839    1.83829247    1.82947495    1.41612118    1.31694449    1.44059123    1.38680584    1.25054318    1.48795536    1.27882388    1.22303887    1.48021442    1.36469978    1.51732983    1.62267083    1.59455966    1.57125239    1.76018475    1.58095428    1.70105652    1.56335558    1.57222056    1.64291376    1.64537024    1.89729061    1.60241137    1.55263852    1.36062603    1.75979411    1.82039827    1.77421501    1.72526264    1.91061765    1.79836603    1.74775213    1.80786667    1.62123118    1.36372984    1.34933004    0.84730521    0.72789255
F9YSR8_CAPCC/37-187     0.67118015    0.73071100    0.70941086    0.73650981    0.87652193    0.78859486    0.73236443    0.71358807    0.41118076    0.00000000    1.08515908    0.88188929    0.93881949    0.82518981    1.06223264    0.89647753    1.39619778    1.37010105    1.23140039    1.50724206    1.72382673    1.66692056    1.78050612    1.80821009    1.88572184    1.45677892    1.34579652    1.50594819    1.43963338    1.19236758    1.37469556    1.33463323    1.34098148    1.41905653    1.36104667    1.53691829    1.51478904    1.75186803    1.68122720    1.93029033    1.72680291    1.67197699    1.68730588    1.56441232    1.62930221    1.63701467    1.77464776    1.60417551    1.60180973    1.46261666    1.65779112    1.78677206    1.70539158    1.61052075    1.68486944    1.67355271    1.78660094    1.70250402    1.83669396    1.40149744    1.39412453    0.87649552    0.66381770
H1ZC89_MYROD/42-188     1.09861437    1.06680872    1.22823783    1.07368489    0.97892989    0.98466930    1.00510137    1.05786749    1.12826869    1.08515908    0.00000000    0.88414800    1.02949683    0.84552779    0.91416277    1.26733481    1.63130246    1.43730210    1.40869040    1.77609667    1.52082085    1.57341890    1.86755534    2.08547269    1.82475917    1.70536166    1.63185321    1.62225997    1.67956173    1.55679206    1.71297633    1.71233004    1.68596120    1.48151135    1.47895249    1.73969181    1.73615233    1.83686792    1.85420759    2.07799246    1.95459530    1.85526521    1.96315829    1.68329258    1.88250031    1.83974838    1.95421899    1.94830544    1.76430316    1.51054119    1.83045747    1.97248787    1.84844080    1.76247084    1.89180872    1.91875901    1.96203114    1.87460842    2.02629160    1.45803364    1.61024802    1.14401270    0.95074640
A6GYJ2_FLAPJ/37-193     0.80865350    0.77607137    0.85485478    0.79035494    0.87931666    0.78910294    0.76635718    0.73169912    0.91532344    0.88188929    0.88414800    0.00000000    0.45772964    0.57938074    0.72145595    0.92920784    1.37510862    1.34502281    1.32895921    1.51969208    1.48007028    1.77695645    1.85556672    1.85296711    1.69993793    1.48660961    1.50535512    1.62107946    1.32690066    1.21682982    1.49222784    1.40304132    1.46082207    1.38836325    1.40925414    1.64223799    1.85670528    1.73306445    1.63211977    1.71621736    1.77278160    1.70594796    1.82076038    1.79066146    1.92387106    2.15823810    1.84952925    2.14330138    1.67062717    1.63229716    1.73337309    1.77952829    1.85427390    1.84231491    1.87333525    1.65291577    1.69630014    1.77114353    1.69745741    1.54846862    1.46667861    0.83167817    0.73530261
G8X705_FLACA/38-195     0.78265310    0.76601943    0.85890592    0.80866248    0.89380756    0.85004540    0.78654232    0.77206092    0.87457941    0.93881949    1.02949683    0.45772964    0.00000000    0.63802489    0.67489946    0.93509215    1.47461367    1.42899965    1.28231341    1.42115534    1.49325591    1.66605441    2.16994906    1.84128973    1.87520695    1.65625647    1.59749947    1.82092586    1.28604997    1.34497215    1.52294387    1.53844459    1.64548703    1.38711459    1.37054405    1.64123378    1.74196787    1.77404424    1.76136472    1.93338245    1.77654610    1.90622464    1.96291932    1.71116726    1.85688381    1.96223461    1.95638451    1.93487387    1.59082955    1.46705236    1.71106839    1.93676210    1.63463058    1.91618890    1.82760537    1.74428842    1.71031028    1.87567752    1.68639128    1.60820941    1.62363551    0.98009541    0.81664863
G2Z2W3_FLABF/42-190     0.80189853    0.75393372    0.91792363    0.86347233    0.95502811    0.91975814    0.70044907    0.84378553    0.93031838    0.82518981    0.84552779    0.57938074    0.63802489    0.00000000    0.58701474    1.01715166    1.45608073    1.40819350    1.34197173    1.76148437    1.58179928    1.48419600    1.89472609    2.01701518    2.04898471    1.55441758    1.54674676    1.80453558    1.53872423    1.37238297    1.53133388    1.56104716    1.68870767    1.43353570    1.59151844    1.71850151    2.00403074    1.84701964    1.91173184    2.15085005    2.07191406    1.86800684    1.90655484    1.66175676    1.92728733    2.09545430    2.01849759    1.95263970    1.79978921    1.81993627    2.02374002    2.07318018    1.83560011    1.93815476    1.80370231    1.74587778    1.96244640    2.11243898    1.63309208    1.52537540    1.48845659    0.93328152    0.78333439
H8XTG1_FLAIG/37-191     0.93204025    0.82173545    0.97964347    0.95600487    0.98321611    0.95457339    0.87732989    0.94260732    0.97936743    1.06223264    0.91416277    0.72145595    0.67489946    0.58701474    0.00000000    1.19430093    1.58798197    1.37508053    1.38764840    1.83640402    1.33092921    1.57027433    1.91441962    1.76038804    1.78535816    1.58474029    1.48426529    1.58510720    1.43058468    1.39740142    1.50481007    1.50208353    1.74918001    1.48187827    1.36889069    1.66788587    1.86405979    1.72482224    1.80739762    1.95389192    1.87944814    1.92282738    1.86695489    1.75601555    1.92034669    1.99469027    1.90718408    1.99458514    1.65465716    1.58279585    1.89594682    1.83838606    1.62074536    1.71280482    1.71385763    1.72713859    1.79238188    1.70730998    1.68939599    1.54941537    1.54428994    1.12842905    0.91325008
G8R0A3_OWEHD/46-200     0.77936262    0.87278727    0.86466864    0.92524837    1.00673923    0.91395774    0.71268405    0.90067518    1.01737642    0.89647753    1.26733481    0.92920784    0.93509215    1.01715166    1.19430093    0.00000000    1.26221409    1.29265195    1.39641357    1.45370314    1.66566988    1.54701639    1.71626604    1.59501050    1.64521231    1.48032563    1.54468067    1.57930687    1.39668526    1.39820826    1.51389500    1.43226762    1.44849782    1.45967872    1.73751083    1.81098099    2.07761862    2.15148473    2.16539835    2.36118879    2.13833558    2.03581574    2.21689565    1.81744414    2.00707976    1.95430471    1.94181424    1.97357245    1.97280633    1.78335602    2.05670834    1.97032790    2.13833262    2.04256689    2.02781336    1.98853898    1.91534832    2.02623102    2.14065104    1.54273815    1.60450591    0.87461387    0.78211388
J9R7M2_RIEAN/65-215     1.39299247    1.36826564    1.44520130    1.39242397    1.42882415    1.39955126    1.22458565    1.36914646    1.55309986    1.39619778    1.63130246    1.37510862    1.47461367    1.45608073    1.58798197    1.26221409    0.00000000    1.06725708    1.08669854    1.72418865    1.87523680    1.73236363    2.00730974    1.89382957    1.76549729    1.98550759    1.87697671    1.91021760    1.87222934    1.68627707    1.71534519    1.74263550    1.82430485    1.91886931    1.90064423    2.02648559    2.24686846    2.15960844    2.29920400    2.39403637    2.33813703    2.35540097    2.27741090    1.88434385    2.29279848    2.43146512    2.03752147    2.21534448    2.06068344    2.00276285    2.02829824    2.00098583    1.91098699    2.10351340    1.87797140    1.88204177    2.00927289    2.07109256    2.02360255    1.79676465    1.85358189    1.36524100    1.38334036
I4A392_ORNRL/43-192     1.25601406    1.35201251    1.38095782    1.20835465    1.17106073    1.33403522    1.25934513    1.33524680    1.29514935    1.37010105    1.43730210    1.34502281    1.42899965    1.40819350    1.37508053    1.29265195    1.06725708    0.00000000    0.60562751    1.66093102    1.55913724    1.78778097    2.16525773    2.11857591    1.99237267    1.74203569    1.69094723    1.80453551    1.80694807    1.61680088    1.66011953    1.71765216    1.77443863    1.60947875    2.00959047    1.94435990    2.03493609    1.88606943    2.17231956    2.21055020    2.12969774    2.25880777    2.03255173    1.82632357    1.94326945    1.84958043    1.87557447    1.86629625    1.69640436    1.77409279    1.70975813    1.70214921    1.62801161    1.86545068    1.54315767    1.60084820    1.58115070    1.78260306    1.85515063    1.67842055    1.65334709    1.36543028    1.24646054
F0NZ15_WEEVC/43-196     1.25661891    1.23747720    1.24989858    1.15950053    1.21016612    1.23867828    1.22111767    1.26481162    1.20995537    1.23140039    1.40869040    1.32895921    1.28231341    1.34197173    1.38764840    1.39641357    1.08669854    0.60562751    0.00000000    1.60478540    1.43244755    1.79563991    1.87222299    2.19276840    1.99044359    1.68593784    1.69710965    1.66429007    1.55730161    1.47565779    1.41842145    1.51855943    1.66786680    1.76877636    1.97570861    1.93408622    1.97236001    1.78653976    1.96047001    2.12849255    1.87795739    2.00268004    1.90160542    1.81097857    1.93045091    1.98901562    1.89883919    1.84147429    1.75974599    1.83317826    1.78719073    1.79843406    1.64228540    2.13476516    1.69078668    1.65720477    1.74040523    1.84100862    2.08629180    1.71679022    1.83002121    1.24343313    1.28721762
H6L519_SAPGL/49-198     1.35796804    1.65147005    1.62491402    1.67583482    1.57451412    1.66128981    1.52400042    1.62990040    1.41386767    1.50724206    1.77609667    1.51969208    1.42115534    1.76148437    1.83640402    1.45370314    1.72418865    1.66093102    1.60478540    0.00000000    1.65459260    1.94662198    2.06328198    1.76083204    1.72327289    1.55848741    1.70304956    1.63055580    1.45175227    1.60336896    1.41902875    1.53210938    1.52395307    1.53842722    1.57980695    1.59790872    1.65501679    1.65082453    1.68874912    1.81226972    1.73677340    1.74511484    1.77537351    1.56629524    1.80414728    1.77818138    1.85113500    1.80353947    1.40356267    1.64445023    1.62492346    1.82865446    1.76831008    2.02529666    1.84082424    1.73163327    1.71896129    1.71356810    1.65576626    1.30197984    1.41033413    1.44148560    1.40073907
C7PPB4_CHIPD/44-195     1.49146520    1.65920933    1.64429668    1.58716427    1.46747822    1.62125605    1.52554005    1.65719627    1.53162362    1.72382673    1.52082085    1.48007028    1.49325591    1.58179928    1.33092921    1.66566988    1.87523680    1.55913724    1.43244755    1.65459260    0.00000000    0.57462704    0.79910204    1.62066348    1.57468257    1.36259543    1.33579932    1.22825843    1.33365495    1.18910147    1.20165123    1.23249743    1.30694903    1.35455654    1.37257407    1.43267928    1.47728527    1.51680914    1.52360418    1.61322915    1.51098349    1.60564377    1.57315065    1.43987010    1.44383728    1.53661293    1.50002203    1.74034959    1.19767055    1.40670535    1.62214421    1.46076059    1.54604810    1.69647449    1.53078389    1.63050630    1.62654339    1.63795185    1.69949714    1.36287021    1.49996590    1.48608216    1.52763485
G8TQZ2_NIAKG/60-206     1.82035797    1.91785232    1.88565254    1.86389636    1.72580608    1.86733824    1.71004559    1.88069212    1.66762656    1.66692056    1.57341890    1.77695645    1.66605441    1.48419600    1.57027433    1.54701639    1.73236363    1.78778097    1.79563991    1.94662198    0.57462704    0.00000000    0.64111187    1.41025579    1.47757530    1.23550754    1.24090672    1.32208008    1.45389314    1.33933686    1.51601898    1.31962091    1.37139446    1.55131393    1.55198208    1.61322962    1.76674313    1.72747908    1.82267837    1.97043069    1.89785549    1.65376384    1.92227079    1.62503993    1.68537808    1.71606339    1.73141112    1.81927198    1.72905515    1.60567528    1.83847370    1.77878684    1.89289075    1.91098847    1.84274114    1.93381139    1.76935316    1.90609856    1.93534750    1.39153658    1.57267251    1.88870904    1.87335622
W0F0A5_9BACT/72-223     1.89579272    2.14016390    1.96232664    1.92881653    1.98816817    2.00802454    1.82626562    2.02959047    1.76197839    1.78050612    1.86755534    1.85556672    2.16994906    1.89472609    1.91441962    1.71626604    2.00730974    2.16525773    1.87222299    2.06328198    0.79910204    0.64111187    0.00000000    1.75351955    1.77006023    1.40811323    1.22525360    1.37775178    1.37199354    1.45793777    1.57255194    1.53511150    1.61847148    1.94027994    1.82051614    1.81617206    2.04066621    1.82772873    1.61301959    1.79951073    1.85003775    1.69451204    1.59954986    1.87424604    1.76372930    1.85585019    1.99368535    2.03666789    1.96983852    1.93546024    2.15268061    2.06205031    2.60168271    2.26845389    2.34883309    2.46465416    2.21850748    2.27310248    2.47134612    1.69625979    1.84723980    1.85732472    1.94308034
R5IG28_9BACT/59-207     1.82492793    1.80481525    1.60620835    1.68809489    1.66410491    1.70606424    1.61703299    1.76967148    1.83829247    1.80821009    2.08547269    1.85296711    1.84128973    2.01701518    1.76038804    1.59501050    1.89382957    2.11857591    2.19276840    1.76083204    1.62066348    1.41025579    1.75351955    0.00000000    0.81408812    1.24504135    1.36364472    1.26980808    1.67005154    1.43873128    1.57540197    1.63027552    1.47758524    1.44392685    1.67417063    1.61554367    1.70082792    1.56130617    1.67106719    1.72291076    1.82592737    1.71413252    1.76692440    1.65414874    1.47907998    1.67757607    1.50913581    1.56544120    1.69190022    1.48159848    1.54018096    1.70432518    1.74316370    2.07810625    1.95916118    1.87783513    1.63571663    1.53238613    1.96245284    1.36411273    1.35698565    1.90443969    1.83299889
U5QAN9_9BACT/32-185     1.77069157    1.78184998    1.91751931    1.87940101    1.92472696    1.76923746    1.80415401    1.74670564    1.82947495    1.88572184    1.82475917    1.69993793    1.87520695    2.04898471    1.78535816    1.64521231    1.76549729    1.99237267    1.99044359    1.72327289    1.57468257    1.47757530    1.77006023    0.81408812    0.00000000    1.35317065    1.21757727    1.18579169    1.45245410    1.41383382    1.56957009    1.65140909    1.44583003    1.49044762    1.51613411    1.52870329    1.61052566    1.47670432    1.52043569    1.51974760    1.58152720    1.60202718    1.59764011    1.45164601    1.41617252    1.37120695    1.43161405    1.44874770    1.55611134    1.35977366    1.29836590    1.46025689    1.41951128    1.73021999    1.67298989    1.72609603    1.32710252    1.36113189    1.75753362    1.31092200    1.23698586    1.91085415    1.76165573
F9Z799_ODOSD/33-187     1.42401855    1.54211175    1.63830941    1.71637591    1.59854613    1.52532283    1.38671168    1.54169984    1.41612118    1.45677892    1.70536166    1.48660961    1.65625647    1.55441758    1.58474029    1.48032563    1.98550759    1.74203569    1.68593784    1.55848741    1.36259543    1.23550754    1.40811323    1.24504135    1.35317065    0.00000000    0.46781598    0.44811370    1.11439018    1.16615460    1.32781725    1.35205941    1.30902678    1.44160162    1.67533964    1.63475993    1.86359327    1.67675702    1.71946643    1.76506226    1.82956425    1.54633415    1.71147570    1.65967140    1.62203724    1.57588963    1.66609367    1.63230804    1.67164748    1.57879144    1.75306324    1.90043196    1.77203632    1.79296619    1.79173547    1.76693993    1.79121151    1.80915563    2.01624926    1.28491894    1.37390662    1.59932584    1.57075740
R5VDN8_9BACT/33-187     1.48683867    1.63242965    1.60355697    1.54600543    1.50641684    1.42600762    1.43748283    1.60705699    1.31694449    1.34579652    1.63185321    1.50535512    1.59749947    1.54674676    1.48426529    1.54468067    1.87697671    1.69094723    1.69710965    1.70304956    1.33579932    1.24090672    1.22525360    1.36364472    1.21757727    0.46781598    0.00000000    0.32642485    1.20025338    1.21965788    1.29853628    1.25576239    1.20884549    1.50725322    1.81819883    1.64205626    1.71170002    1.58618002    1.55807768    1.69704668    1.64298497    1.54867652    1.62285391    1.49047930    1.52149035    1.43941866    1.61377354    1.62474950    1.57939800    1.53225396    1.60720254    1.78763217    1.62755772    1.88184965    1.68800810    1.73219635    1.65815625    1.66600298    2.08771074    1.36016456    1.53379093    1.52799655    1.56235236
R5PBN7_9BACT/33-186     1.51887806    1.73012327    1.53151261    1.60047051    1.58869485    1.44006181    1.52729551    1.66141325    1.44059123    1.50594819    1.62225997    1.62107946    1.82092586    1.80453558    1.58510720    1.57930687    1.91021760    1.80453551    1.66429007    1.63055580    1.22825843    1.32208008    1.37775178    1.26980808    1.18579169    0.44811370    0.32642485    0.00000000    1.25371496    1.37538745    1.31095550    1.30534680    1.22857369    1.35309852    1.59663201    1.50252383    1.69348725    1.47718483    1.52417813    1.69377696    1.63974760    1.48436615    1.55412875    1.59734558    1.50173082    1.50594909    1.59495295    1.71335107    1.51920240    1.37608157    1.46326857    1.57026483    1.57671112    1.68748513    1.59207358    1.59604122    1.61945754    1.53859794    2.00497835    1.32916917    1.41678291    1.54068036    1.67746220
H8KRG2_SOLCM/59-210     1.33580679    1.40769834    1.50596739    1.37916998    1.39622702    1.38020802    1.27611255    1.31751194    1.38680584    1.43963338    1.67956173    1.32690066    1.28604997    1.53872423    1.43058468    1.39668526    1.87222934    1.80694807    1.55730161    1.45175227    1.33365495    1.45389314    1.37199354    1.67005154    1.45245410    1.11439018    1.20025338    1.25371496    0.00000000    0.76713071    0.85820091    0.85091123    0.79160783    1.48092938    1.55221479    1.49598922    1.68111191    1.42943851    1.55582756    1.66165405    1.54437824    1.48349719    1.48716770    1.53499191    1.50554022    1.52119825    1.44727078    1.57484116    1.52974304    1.41012098    1.61801943    1.68867654    1.92140482    1.90182329    1.78874585    1.73271854    1.63777265    1.61778164    1.77123766    1.37638612    1.27264072    1.48793281    1.40737632
F4C3T2_SPHS2/52-203     1.32623541    1.29760976    1.40028950    1.22283055    1.27683656    1.27010056    1.29081360    1.29651633    1.25054318    1.19236758    1.55679206    1.21682982    1.34497215    1.37238297    1.39740142    1.39820826    1.68627707    1.61680088    1.47565779    1.60336896    1.18910147    1.33933686    1.45793777    1.43873128    1.41383382    1.16615460    1.21965788    1.37538745    0.76713071    0.00000000    0.51952007    0.53162830    0.51521063    1.54780360    1.54131919    1.48475445    1.66000024    1.73863020    1.39404542    1.50895344    1.39114643    1.27648677    1.41310029    1.24555875    1.43205006    1.33761974    1.50293104    1.52865733    1.43255255    1.51059632    1.80428948    1.71928699    1.73989650    1.86690534    1.69704763    1.77036720    1.68826324    1.66289685    1.64647825    1.23979151    1.42111342    1.33019260    1.28672044
C6XS79_PEDHD/49-200     1.45251837    1.41792311    1.44286704    1.36898825    1.39830590    1.41261683    1.33322732    1.44128147    1.48795536    1.37469556    1.71297633    1.49222784    1.52294387    1.53133388    1.50481007    1.51389500    1.71534519    1.66011953    1.41842145    1.41902875    1.20165123    1.51601898    1.57255194    1.57540197    1.56957009    1.32781725    1.29853628    1.31095550    0.85820091    0.51952007    0.00000000    0.63974284    0.63907550    1.66179951    1.68954634    1.70411552    1.71856016    1.72737841    1.50608532    1.66230966    1.67998457    1.55100867    1.47749083    1.57970597    1.49215945    1.49589959    1.61999038    1.77540446    1.54700177    1.70706350    1.87284164    1.83838536    1.99499325    2.00937801    1.86446964    1.91864316    1.93191242    1.79933453    1.86935326    1.21222691    1.41534597    1.38222280    1.41835156
H1Y5T6_9SPHI/47-196     1.39637757    1.42644188    1.43351851    1.49837548    1.39823064    1.49610091    1.43267429    1.50328711    1.27882388    1.33463323    1.71233004    1.40304132    1.53844459    1.56104716    1.50208353    1.43226762    1.74263550    1.71765216    1.51855943    1.53210938    1.23249743    1.31962091    1.53511150    1.63027552    1.65140909    1.35205941    1.25576239    1.30534680    0.85091123    0.53162830    0.63974284    0.00000000    0.56387127    1.84158681    1.72053169    1.71351964    1.75995627    1.91416876    1.69831124    1.86514806    1.71899027    1.49621756    1.68317783    1.60099927    1.68514251    1.66512066    1.70000111    1.85999105    1.63920693    1.59487830    1.94307308    1.65646094    1.93529721    1.85452837    1.81433031    1.99557392    1.88049153    1.92541308    1.67434483    1.47997053    1.43311877    1.35757152    1.36040850
F0SA14_PSESL/45-194     1.48295240    1.39828164    1.53635117    1.51080735    1.41447578    1.53055099    1.47710590    1.62874736    1.22303887    1.34098148    1.68596120    1.46082207    1.64548703    1.68870767    1.74918001    1.44849782    1.82430485    1.77443863    1.66786680    1.52395307    1.30694903    1.37139446    1.61847148    1.47758524    1.44583003    1.30902678    1.20884549    1.22857369    0.79160783    0.51521063    0.63907550    0.56387127    0.00000000    1.52595227    1.48386595    1.61114878    1.68956962    1.55817316    1.37374903    1.45696800    1.47079880    1.34667169    1.42646638    1.48487348    1.54211503    1.56581362    1.63119037    1.57303851    1.46483913    1.55062362    1.72808649    1.62290996    1.86533132    1.79758428    1.72033928    1.62335676    1.69193857    1.56389864    1.75993259    1.29567503    1.41862980    1.42068035    1.34756067
A0A1F0FWJ8_9PORP/53-204     1.30238088    1.46554343    1.36951593    1.35225783    1.31911430    1.38446278    1.40382321    1.32104450    1.48021442    1.41905653    1.48151135    1.38836325    1.38711459    1.43353570    1.48187827    1.45967872    1.91886931    1.60947875    1.76877636    1.53842722    1.35455654    1.55131393    1.94027994    1.44392685    1.49044762    1.44160162    1.50725322    1.35309852    1.48092938    1.54780360    1.66179951    1.84158681    1.52595227    0.00000000    0.76612198    0.74619161    0.85712432    0.84135677    0.81398097    0.98393770    0.96308963    0.87623691    0.94884878    0.81787560    1.06984027    1.18956391    1.04488777    0.99094219    0.78273491    0.67578996    0.72253041    0.96395617    0.95039180    0.94420970    0.86204088    0.88014596    0.79023723    0.85089506    0.94603288    1.25701637    1.13426028    1.40020313    1.29435356
Q7MTD7_PORGI/30-187     1.40776389    1.67417823    1.62327585    1.50159021    1.38379251    1.42924363    1.42725671    1.56793415    1.36469978    1.36104667    1.47895249    1.40925414    1.37054405    1.59151844    1.36889069    1.73751083    1.90064423    2.00959047    1.97570861    1.57980695    1.37257407    1.55198208    1.82051614    1.67417063    1.51613411    1.67533964    1.81819883    1.59663201    1.55221479    1.54131919    1.68954634    1.72053169    1.48386595    0.76612198    0.00000000    0.71227275    0.71582185    0.94540714    0.94967336    0.99619462    0.97350804    0.92127471    0.93088302    0.88184966    1.00848229    1.08109607    0.96079580    1.01890981    0.70549846    0.57388178    0.69324043    0.90065857    0.88708591    1.03039299    0.88690193    0.92907815    0.78420881    0.82782761    0.92998285    1.41917154    1.31676091    1.63742120    1.42047312
R5CGU8_9BACE/49-200     1.29433866    1.62619956    1.41877888    1.34398757    1.41343154    1.40476020    1.31100792    1.39254959    1.51732983    1.53691829    1.73969181    1.64223799    1.64123378    1.71850151    1.66788587    1.81098099    2.02648559    1.94435990    1.93408622    1.59790872    1.43267928    1.61322962    1.81617206    1.61554367    1.52870329    1.63475993    1.64205626    1.50252383    1.49598922    1.48475445    1.70411552    1.71351964    1.61114878    0.74619161    0.71227275    0.00000000    0.41702991    0.59329636    0.53345461    0.72900794    0.56574801    0.53878984    0.56200080    0.56538394    0.77352800    0.80406389    0.80184470    0.65446094    0.42411421    0.58678672    0.70364982    0.91944990    1.00472049    1.02444463    0.93362753    0.87661041    0.75674156    0.79931594    0.82887834    1.14655952    1.11617779    1.67104216    1.43728759
R7CV61_9BACE/43-195     1.47330833    1.81055356    1.61460440    1.51849122    1.56238638    1.42079837    1.64302682    1.58647036    1.62267083    1.51478904    1.73615233    1.85670528    1.74196787    2.00403074    1.86405979    2.07761862    2.24686846    2.03493609    1.97236001    1.65501679    1.47728527    1.76674313    2.04066621    1.70082792    1.61052566    1.86359327    1.71170002    1.69348725    1.68111191    1.66000024    1.71856016    1.75995627    1.68956962    0.85712432    0.71582185    0.41702991    0.00000000    0.67966765    0.60842877    0.75347881    0.57289753    0.58900631    0.57498686    0.43680345    0.77068495    0.77359242    0.73299128    0.56969919    0.44836589    0.60782596    0.68706280    0.89254919    0.87289726    1.02759794    0.85784842    0.93923937    0.71932453    0.75268873    1.04003936    1.26005083    1.17190495    1.72338020    1.60831206
D5EYU0_PRER2/20-172     1.58902660    1.84416796    1.65213894    1.61876540    1.55457128    1.63875050    1.76250179    1.50985607    1.59455966    1.75186803    1.83686792    1.73306445    1.77404424    1.84701964    1.72482224    2.15148473    2.15960844    1.88606943    1.78653976    1.65082453    1.51680914    1.72747908    1.82772873    1.56130617    1.47670432    1.67675702    1.58618002    1.47718483    1.42943851    1.73863020    1.72737841    1.91416876    1.55817316    0.84135677    0.94540714    0.59329636    0.67966765    0.00000000    0.43595035    0.56841422    0.50934779    0.48974357    0.42147578    0.60609171    0.82137169    0.94299968    0.77901252    0.65266260    0.62757988    0.71403580    0.69823868    0.91102237    0.99252426    1.02713254    0.87292645    0.93935624    0.76802498    0.83764314    1.13869868    1.20371890    1.25144865    1.74241665    1.57645303
R5PAI9_9BACT/62-214     1.50025865    1.84326365    1.51343712    1.53801915    1.53625513    1.54024042    1.67539376    1.58000551    1.57125239    1.68122720    1.85420759    1.63211977    1.76136472    1.91173184    1.80739762    2.16539835    2.29920400    2.17231956    1.96047001    1.68874912    1.52360418    1.82267837    1.61301959    1.67106719    1.52043569    1.71946643    1.55807768    1.52417813    1.55582756    1.39404542    1.50608532    1.69831124    1.37374903    0.81398097    0.94967336    0.53345461    0.60842877    0.43595035    0.00000000    0.25615137    0.25309022    0.23732216    0.24492630    0.45923001    0.72302338    0.78309728    0.74929149    0.57756493    0.51234516    0.71179621    0.79448943    1.03430937    1.17765786    1.06967053    1.00709911    1.01963110    0.87662212    0.92315181    1.10179520    1.30094486    1.29302150    1.65780191    1.52454588
R6VQB6_9BACT/58-210     1.65831755    1.89674896    1.67040991    1.56688361    1.62692907    1.60907613    1.81820047    1.72101680    1.76018475    1.93029033    2.07799246    1.71621736    1.93338245    2.15085005    1.95389192    2.36118879    2.39403637    2.21055020    2.12849255    1.81226972    1.61322915    1.97043069    1.79951073    1.72291076    1.51974760    1.76506226    1.69704668    1.69377696    1.66165405    1.50895344    1.66230966    1.86514806    1.45696800    0.98393770    0.99619462    0.72900794    0.75347881    0.56841422    0.25615137    0.00000000    0.31432976    0.35244718    0.32686284    0.61245800    0.81492691    0.88842544    0.76319113    0.63331205    0.63025821    0.97597601    0.88466781    1.13332856    1.24982491    1.12870297    1.11576691    1.17677355    0.89547483    0.91071472    1.13835861    1.40319195    1.31162535    1.85096576    1.71673125
R6EXZ1_9BACT/55-207     1.60419172    1.92299053    1.65555706    1.60596338    1.65559868    1.60327160    1.73692235    1.76503093    1.58095428    1.72680291    1.95459530    1.77278160    1.77654610    2.07191406    1.87944814    2.13833558    2.33813703    2.12969774    1.87795739    1.73677340    1.51098349    1.89785549    1.85003775    1.82592737    1.58152720    1.82956425    1.64298497    1.63974760    1.54437824    1.39114643    1.67998457    1.71899027    1.47079880    0.96308963    0.97350804    0.56574801    0.57289753    0.50934779    0.25309022    0.31432976    0.00000000    0.24966467    0.30668418    0.55233069    0.73365463    0.68221709    0.66993191    0.43623862    0.58513452    0.77258660    0.89164926    1.09021868    1.07054713    1.14982150    1.08248829    1.04220450    0.86660557    0.90354142    1.04705886    1.34932232    1.24055651    1.78859638    1.64033708
R6W219_9BACT/62-213     1.50359230    1.92762605    1.57157644    1.56358393    1.57151752    1.57650144    1.62515094    1.64956557    1.70105652    1.67197699    1.85526521    1.70594796    1.90622464    1.86800684    1.92282738    2.03581574    2.35540097    2.25880777    2.00268004    1.74511484    1.60564377    1.65376384    1.69451204    1.71413252    1.60202718    1.54633415    1.54867652    1.48436615    1.48349719    1.27648677    1.55100867    1.49621756    1.34667169    0.87623691    0.92127471    0.53878984    0.58900631    0.48974357    0.23732216    0.35244718    0.24966467    0.00000000    0.25188834    0.50466490    0.66512523    0.77073220    0.66284206    0.51026632    0.52854025    0.74402845    0.86370983    1.06371268    1.08414731    1.06736930    0.95630557    1.03013766    0.87256831    0.91916280    1.02950907    1.15202571    1.31671366    1.86247604    1.65304009
R5CQ25_9BACT/56-208     1.53394450    1.94210216    1.64604804    1.46014907    1.61060035    1.59677361    1.72374726    1.79395853    1.56335558    1.68730588    1.96315829    1.82076038    1.96291932    1.90655484    1.86695489    2.21689565    2.27741090    2.03255173    1.90160542    1.77537351    1.57315065    1.92227079    1.59954986    1.76692440    1.59764011    1.71147570    1.62285391    1.55412875    1.48716770    1.41310029    1.47749083    1.68317783    1.42646638    0.94884878    0.93088302    0.56200080    0.57498686    0.42147578    0.24492630    0.32686284    0.30668418    0.25188834    0.00000000    0.54689400    0.76155797    0.77277132    0.75072491    0.55589799    0.57042792    0.79478167    0.87853986    1.02499926    1.08876142    1.10803972    1.01984325    1.09937382    0.89446055    0.93851456    1.02055496    1.31779126    1.32137599    1.80000044    1.69132071
R5NCJ1_9BACT/50-202     1.46863239    1.73324171    1.51400259    1.45071093    1.35064167    1.48485230    1.49722841    1.58295735    1.57222056    1.56441232    1.68329258    1.79066146    1.71116726    1.66175676    1.75601555    1.81744414    1.88434385    1.82632357    1.81097857    1.56629524    1.43987010    1.62503993    1.87424604    1.65414874    1.45164601    1.65967140    1.49047930    1.59734558    1.53499191    1.24555875    1.57970597    1.60099927    1.48487348    0.81787560    0.88184966    0.56538394    0.43680345    0.60609171    0.45923001    0.61245800    0.55233069    0.50466490    0.54689400    0.00000000    0.55551212    0.54954098    0.57161942    0.40030815    0.47479230    0.69559332    0.68616136    0.92788569    0.87015929    0.93689566    0.75148541    0.82984128    0.74609294    0.89672933    1.01981157    1.11354396    1.19286459    1.44439424    1.47187089
