7
YDFZ_ECOLI/2-65     0.00000000    0.59863914    0.54842945    1.10949744    1.12385886    1.03304970    1.05056671
I2B8C4_SHIBC/2-65     0.59863914    0.00000000    0.66646814    1.10396725    1.06376533    1.36522206    1.29426964
A6T8L9_KLEP7/2-65     0.54842945    0.66646814    0.00000000    1.02470520    0.86533685    1.12409846    1.12542212
E0SB73_DICD3/4-66     1.10949744    1.10396725    1.02470520    0.00000000    1.46523857    1.34951944    1.48755784
A0A0H2W5N5_YERPE/7-70     1.12385886    1.06376533    0.86533685    1.46523857    0.00000000    0.68932459    0.73329862
A0KET8_AERHH/2-65     1.03304970    1.36522206    1.12409846    1.34951944    0.68932459    0.00000000    0.45943591
C4LFP5_TOLAT/3-66     1.05056671    1.29426964    1.12542212    1.48755784    0.73329862    0.45943591    0.00000000

