16
H3BS60_HUMAN/1-53     0.00000000    0.27435217    0.29118089    0.32609264    0.28172152    0.32530880    0.72767336    0.77080545    0.66205482    0.90106272    1.18138010    1.02102240    1.12613139    1.71112144    0.93718001    1.08575962
L5L3E5_PTEAL/25-77     0.27435217    0.00000000    0.31706971    0.35751148    0.31463966    0.46238797    0.77681622    0.88658894    0.76781572    0.89894403    1.27470695    0.98113157    1.14243604    1.73167234    0.87858438    1.06756285
G1P9J1_MYOLU/1-53     0.29118089    0.31706971    0.00000000    0.28573553    0.39681127    0.51185229    0.73703178    0.93651218    0.71844134    0.98324965    1.32797084    1.14402141    1.27087017    1.64311542    1.03962326    1.15112187
D3YVC7_MOUSE/1-53     0.32609264    0.35751148    0.28573553    0.00000000    0.33796993    0.41625505    0.90320494    1.04214336    0.88555557    0.79582297    1.35496192    0.98554220    1.14301501    1.58399808    0.95352365    1.16884158
G5CA91_HETGA/1-53     0.28172152    0.31463966    0.39681127    0.33796993    0.00000000    0.36854935    0.88694038    1.00663726    0.65658003    0.82013930    1.16053078    1.02801804    1.12205117    1.65098765    0.87905758    1.08582848
A0A7N4UWZ5_SARHA/1-53     0.32530880    0.46238797    0.51185229    0.41625505    0.36854935    0.00000000    0.69943214    0.78099572    0.59361825    0.84692378    1.16861337    0.94224229    1.13315117    1.62623927    0.85350799    1.23557798
H9G4R5_ANOCA/1-53     0.72767336    0.77681622    0.73703178    0.90320494    0.88694038    0.69943214    0.00000000    0.46050148    0.58702757    0.81510750    1.40598998    1.27824755    1.38330129    1.96305095    1.17868093    1.29627214
F1P1Z1_CHICK/1-53     0.77080545    0.88658894    0.93651218    1.04214336    1.00663726    0.78099572    0.46050148    0.00000000    0.75981095    0.84736752    1.26963698    1.11388735    1.32435392    1.84668007    1.06316944    1.11675737
F6U1I1_XENTR/1-53     0.66205482    0.76781572    0.71844134    0.88555557    0.65658003    0.59361825    0.58702757    0.75981095    0.00000000    0.65360758    1.09719983    1.16432393    1.22936776    1.81834233    0.98417105    0.94444420
H3BEB6_LATCH/1-53     0.90106272    0.89894403    0.98324965    0.79582297    0.82013930    0.84692378    0.81510750    0.84736752    0.65360758    0.00000000    1.03099424    1.01471498    1.21756708    1.29571962    1.00094099    0.68909256
W5LDK4_ASTMX/4-56     1.18138010    1.27470695    1.32797084    1.35496192    1.16053078    1.16861337    1.40598998    1.26963698    1.09719983    1.03099424    0.00000000    0.68470138    0.88799575    1.38497261    0.66846006    1.05342446
M3ZFI5_XIPMA/1-52     1.02102240    0.98113157    1.14402141    0.98554220    1.02801804    0.94224229    1.27824755    1.11388735    1.16432393    1.01471498    0.68470138    0.00000000    0.42699126    0.95022767    0.35556284    1.13638649
I3KBD2_ORENI/4-56     1.12613139    1.14243604    1.27087017    1.14301501    1.12205117    1.13315117    1.38330129    1.32435392    1.22936776    1.21756708    0.88799575    0.42699126    0.00000000    0.90735177    0.42840281    1.13983150
H2RKZ1_TAKRU/4-48     1.71112144    1.73167234    1.64311542    1.58399808    1.65098765    1.62623927    1.96305095    1.84668007    1.81834233    1.29571962    1.38497261    0.95022767    0.90735177    0.00000000    0.88724669    1.57241450
G3PCN4_GASAC/1-51     0.93718001    0.87858438    1.03962326    0.95352365    0.87905758    0.85350799    1.17868093    1.06316944    0.98417105    1.00094099    0.66846006    0.35556284    0.42840281    0.88724669    0.00000000    1.11853242
W5NBC0_LEPOC/3-55     1.08575962    1.06756285    1.15112187    1.16884158    1.08582848    1.23557798    1.29627214    1.11675737    0.94444420    0.68909256    1.05342446    1.13638649    1.13983150    1.57241450    1.11853242    0.00000000

