7
YJDJ_BACSU/7-96     0.00000000    1.01591861    0.98989308    1.24850034    1.29726517    2.06512820    2.41776433
Q81KT0_BACAN/6-93     1.01591861    0.00000000    0.84865596    1.06035445    1.20972342    2.07207112    2.17033120
Q65DR4_BACLD/8-96     0.98989308    0.84865596    0.00000000    0.92599658    1.09170264    2.03333877    1.90296362
C5D3X4_GEOSW/4-91     1.24850034    1.06035445    0.92599658    0.00000000    0.86711192    2.23204038    1.89757535
F2FAE8_SOLSS/5-92     1.29726517    1.20972342    1.09170264    0.86711192    0.00000000    2.11869781    1.96206903
A0A2C4FE81_9BACI/103-184     2.06512820    2.07207112    2.03333877    2.23204038    2.11869781    0.00000000    0.97573334
A0A2C4FE81_9BACI/8-91     2.41776433    2.17033120    1.90296362    1.89757535    1.96206903    0.97573334    0.00000000

