8
E9GIB1_DAPPU/14-199     0.00000000    0.57796428    0.60759975    1.22643195    1.25607854    1.38161141    0.71655610    0.82342905
B4LZF0_DROVI/288-472     0.57796428    0.00000000    0.43062610    1.28307099    1.33529489    1.51114045    0.80066041    0.87235383
E0VC17_PEDHC/15-198     0.60759975    0.43062610    0.00000000    1.25778757    1.26820334    1.63465262    0.77506293    0.86048527
C3ZEC0_BRAFL/18-200     1.22643195    1.28307099    1.25778757    0.00000000    0.69312507    0.96327649    1.28768408    1.38820398
F1SFG1_PIG/69-256     1.25607854    1.33529489    1.26820334    0.69312507    0.00000000    0.61474330    1.38701493    1.48301802
A2AM80_MOUSE/71-265     1.38161141    1.51114045    1.63465262    0.96327649    0.61474330    0.00000000    1.52853242    1.55421529
Q20652_CAEEL/34-211     0.71655610    0.80066041    0.77506293    1.28768408    1.38701493    1.52853242    0.00000000    0.47628762
A0A1I7VJK0_LOALO/49-231     0.82342905    0.87235383    0.86048527    1.38820398    1.48301802    1.55421529    0.47628762    0.00000000

