15
E6TW48_BACCJ/3-47     0.00000000    1.29684839    0.91564507    1.52338118    1.27313608    1.06846431    1.00074907    1.06271133    1.11180753    0.78446440    0.94480471    1.71982931    1.23913259    1.03334402    0.80446137
C6CTV3_PAESJ/3-47     1.29684839    0.00000000    1.02692288    1.26664451    1.31765628    1.34461903    1.25450538    1.29585970    1.18058490    1.39147291    1.30802423    1.15457108    1.09059915    1.34052144    1.45842150
D3E524_GEOS4/3-45     0.91564507    1.02692288    0.00000000    1.28955142    1.07879165    0.97778160    1.08539775    1.16086057    1.21114870    0.93085786    0.98611368    1.43488012    1.74788307    1.31611199    1.21986723
C8WY30_ALIAD/3-46     1.52338118    1.26664451    1.28955142    0.00000000    1.30243652    1.90084399    1.85973471    1.12663965    2.00600515    1.75496725    1.74625588    1.71957725    1.41947923    1.62889517    1.32620147
C0ZB85_BREBN/4-47     1.27313608    1.31765628    1.07879165    1.30243652    0.00000000    1.79173579    1.78412484    1.73874154    2.05962187    1.78563774    1.66856803    1.43424040    1.57409875    1.69325718    1.52515662
YQZL_BACSU/3-46     1.06846431    1.34461903    0.97778160    1.90084399    1.79173579    0.00000000    0.71054677    0.69992479    0.76292384    0.49461638    0.50087826    1.80250483    0.86430425    1.00952247    1.00808759
B7GKE4_ANOFW/28-70     1.00074907    1.25450538    1.08539775    1.85973471    1.78412484    0.71054677    0.00000000    0.65981151    0.91280610    0.51931389    0.67584450    1.22341321    1.09022796    0.85444248    0.89243614
Q5KX14_GEOKA/3-46     1.06271133    1.29585970    1.16086057    1.12663965    1.73874154    0.69992479    0.65981151    0.00000000    0.91049665    0.68661225    0.67403103    1.26337075    1.04480603    1.11621982    0.94518670
A0A4Y1W9G6_BACAN/3-46     1.11180753    1.18058490    1.21114870    2.00600515    2.05962187    0.76292384    0.91280610    0.91049665    0.00000000    0.70704262    0.73542610    1.67283615    1.27682463    1.07701080    0.92581743
U5LDR5_9BACI/3-46     0.78446440    1.39147291    0.93085786    1.75496725    1.78563774    0.49461638    0.51931389    0.68661225    0.70704262    0.00000000    0.34520928    1.28897286    0.89960100    1.12330876    0.82511164
N0AWD1_9BACI/3-46     0.94480471    1.30802423    0.98611368    1.74625588    1.66856803    0.50087826    0.67584450    0.67403103    0.73542610    0.34520928    0.00000000    1.29517765    1.03060977    0.97373350    0.78000218
G2JC84_HUNT2/4-46     1.71982931    1.15457108    1.43488012    1.71957725    1.43424040    1.80250483    1.22341321    1.26337075    1.67283615    1.28897286    1.29517765    0.00000000    1.17502907    1.54811793    1.23290121
I0JP32_HALH3/4-46     1.23913259    1.09059915    1.74788307    1.41947923    1.57409875    0.86430425    1.09022796    1.04480603    1.27682463    0.89960100    1.03060977    1.17502907    0.00000000    1.15496785    0.90797450
D3FY30_ALKPO/3-47     1.03334402    1.34052144    1.31611199    1.62889517    1.69325718    1.00952247    0.85444248    1.11621982    1.07701080    1.12330876    0.97373350    1.54811793    1.15496785    0.00000000    0.66782295
Q9KD51_BACHD/3-48     0.80446137    1.45842150    1.21986723    1.32620147    1.52515662    1.00808759    0.89243614    0.94518670    0.92581743    0.82511164    0.78000218    1.23290121    0.90797450    0.66782295    0.00000000

