67
G0WAA1_NAUDC/266-375     0.00000000    0.40492525    0.25167432    0.29651365    0.89840666    0.67817756    0.64836743    0.65397352    0.67651436    0.67662518    0.64857498    0.70300015    0.48833915    0.79480607    0.44210599    0.59638423    0.48742627    0.40853931    0.49207725    0.45725219    0.60019284    0.81031844    0.60769551    0.86553354    0.84747318    0.90989471    1.06587767    1.32169323    1.50254984    1.36154663    1.51025231    1.57965992    1.49583199    1.59552862    1.72396938    1.43028730    1.53579209    1.60677350    1.53268280    1.61335416    1.63789559    1.49183718    1.64288262    1.59773330    1.55611143    1.62588783    1.83418984    1.72326574    1.66147053    1.77439761    1.54085527    1.57333112    1.71245778    1.44027515    1.39757198    1.48215007    1.41691747    1.57199435    1.51221144    1.78574131    1.36620092    1.49433043    0.83418692    0.29843145    0.35754246    0.37475862    0.29703792
G3BFR8_CANTC/286-395     0.40492525    0.00000000    0.24266751    0.27780086    0.85836585    0.71644391    0.73844774    0.75202381    0.72563364    0.82949215    0.72958637    0.76881756    0.53272114    0.80009288    0.51383006    0.60530424    0.55843364    0.48915865    0.60690526    0.60090682    0.58961377    0.82646277    0.78957248    0.82860120    0.83493852    0.88891705    0.92527633    1.23033751    1.30055154    1.35542897    1.37378640    1.36582050    1.29842852    1.47549354    1.59705203    1.26996786    1.41906203    1.39280809    1.51817000    1.51930868    1.40447672    1.29915091    1.40442161    1.54823591    1.37390324    1.57899662    1.63797350    1.62078953    1.65787795    1.72858568    1.54146725    1.48479108    1.58513848    1.38985181    1.19140945    1.44146577    1.28308566    1.44086088    1.36010441    1.62836791    1.28146064    1.44204616    0.77690155    0.32811364    0.48266725    0.44740480    0.31179861
Q6FMZ3_CANGA/320-429     0.25167432    0.24266751    0.00000000    0.20834310    0.80768624    0.63812746    0.69193387    0.65829314    0.64836118    0.75200915    0.70114675    0.73425110    0.49065553    0.77234036    0.47191031    0.56811795    0.44083027    0.38157559    0.51378595    0.45622518    0.57480074    0.77888194    0.69238172    0.76985875    0.73685455    0.79356803    0.90633641    1.16452586    1.31528486    1.25655267    1.34951582    1.38169936    1.29040709    1.45687409    1.60662060    1.32023842    1.40298822    1.44109961    1.45517899    1.54297952    1.45298684    1.33986981    1.44074062    1.50028297    1.39237446    1.50952911    1.73114451    1.62197813    1.64225964    1.75576462    1.45515868    1.47323587    1.54776981    1.42226704    1.24027711    1.48693121    1.31639401    1.46729057    1.38081249    1.69853515    1.31745932    1.47694112    0.78420411    0.26997449    0.37599583    0.32915349    0.25839376
FKS2_YEAST/319-428     0.29651365    0.27780086    0.20834310    0.00000000    0.79752845    0.69803190    0.66687931    0.65772333    0.65717748    0.67811848    0.61153329    0.63727302    0.50207971    0.70828016    0.49417763    0.56133410    0.52810474    0.45811960    0.50439078    0.50919855    0.59095079    0.74749771    0.65479048    0.85933966    0.75556654    0.84093791    0.95688174    1.14871352    1.33611928    1.31237180    1.40719278    1.40509678    1.35393373    1.49005699    1.66650312    1.40801279    1.45256322    1.51134875    1.52836471    1.46577950    1.49288135    1.40836281    1.52105825    1.52897490    1.46632825    1.55819702    1.73521246    1.64654976    1.63949772    1.80618338    1.60991560    1.53825614    1.72136435    1.36608364    1.23676104    1.49941691    1.33797979    1.54449648    1.35258744    1.69218128    1.32822657    1.51781130    0.80392717    0.24996794    0.36343444    0.34214323    0.25440162
I2H295_TETBL/212-337     0.89840666    0.85836585    0.80768624    0.79752845    0.00000000    0.57820118    0.63165791    0.66518248    0.55090296    0.58806269    0.69739500    0.74028358    0.88031845    1.17343756    0.91520780    0.84752555    0.78387619    0.76324258    0.83576106    0.67652834    0.84846061    0.97494894    0.93867910    1.03944523    0.93488245    0.97224191    1.06323588    0.95348136    1.39868051    1.40316250    1.44383153    1.36785867    1.42875446    1.35814200    1.60176005    1.53630713    1.50910844    1.63257399    1.73787899    1.80645271    1.55749205    1.48799633    1.63010300    1.64027255    1.46807290    1.83964881    1.79314985    1.77617977    1.76097545    1.70532794    1.68349062    1.73075241    1.85283814    1.62660458    1.37090314    1.52810775    1.39549911    1.57709316    1.45971426    1.85819730    1.60598556    1.51859198    0.88415578    0.75479640    0.79288462    0.79477382    0.81846596
Q751P2_ASHGO/183-294     0.67817756    0.71644391    0.63812746    0.69803190    0.57820118    0.00000000    0.57625392    0.52533233    0.53935737    0.54983869    0.54861524    0.54101991    0.80627631    0.88653763    0.69951236    0.77572050    0.68668952    0.62287542    0.69956553    0.64340487    0.85619774    0.92191254    0.84102915    1.02775304    0.89192593    0.96479103    1.08467374    1.08117169    1.39065920    1.51084571    1.55608919    1.51527098    1.46090836    1.48942224    1.62606362    1.38260825    1.47053341    1.45800810    1.60779548    1.56908101    1.63639634    1.38273993    1.61151459    1.57507878    1.53923327    1.87115703    1.87515353    1.85010696    1.74273651    1.75610502    1.73135370    1.75490703    1.82010097    1.54241706    1.23734603    1.44559271    1.46133879    1.47047214    1.39196717    1.80867487    1.54715313    1.53090442    0.89837688    0.64507207    0.61978083    0.65356875    0.66048289
Q6FIJ9_CANGA/238-349     0.64836743    0.73844774    0.69193387    0.66687931    0.63165791    0.57625392    0.00000000    0.60633942    0.55276285    0.59287592    0.66691068    0.59400928    0.69756773    1.00465582    0.67979873    0.83498271    0.63997935    0.56716846    0.78751645    0.69188087    0.72040327    0.84864957    0.74017068    1.03185854    0.82750999    0.94773945    1.07030894    0.94828798    1.31029635    1.37753663    1.40264537    1.42727980    1.45028251    1.34132603    1.59866283    1.31386550    1.40655210    1.44577971    1.58422822    1.52663669    1.52265615    1.44763031    1.42362313    1.48072932    1.42041755    1.52776676    1.63805957    1.47832560    1.51418880    1.74781862    1.49055128    1.49632330    1.62937458    1.39612483    1.18222026    1.35780353    1.24368121    1.46774667    1.37003603    1.66290647    1.37556264    1.52189438    0.91419312    0.61410525    0.68781018    0.69945432    0.70406208
H2B091_KAZAF/181-292     0.65397352    0.75202381    0.65829314    0.65772333    0.66518248    0.52533233    0.60633942    0.00000000    0.35733061    0.55603488    0.38393635    0.40792707    0.83999925    0.89860961    0.79512990    0.83714280    0.61992095    0.64695121    0.85636227    0.66024899    0.74122139    0.87378386    0.82223178    0.81152186    1.01997122    0.87724227    0.94338960    1.07608224    1.27552007    1.19053658    1.32648139    1.23495522    1.22160856    1.32131221    1.59865367    1.55343345    1.53230626    1.58780108    1.60254727    1.69291554    1.43754410    1.56303151    1.67412196    1.39539154    1.36398582    1.39607221    1.58432177    1.46443087    1.29357591    1.49060446    1.45238245    1.43878694    1.52317956    1.32875970    1.16040890    1.40484779    1.35615278    1.39457716    1.22917740    1.77583292    1.37842701    1.40133868    0.88698042    0.64347684    0.52247096    0.62401445    0.66818129
FKS3_YEAST/181-291     0.67651436    0.72563364    0.64836118    0.65717748    0.55090296    0.53935737    0.55276285    0.35733061    0.00000000    0.50758277    0.42521498    0.38278079    0.74745305    0.86568616    0.68219889    0.75333117    0.62109673    0.57965837    0.71727635    0.58837434    0.77403994    0.80348594    0.79599352    0.88257899    1.00066753    0.81101884    0.87029295    1.13232548    1.32777068    1.29886109    1.35102255    1.26688053    1.24102381    1.37900989    1.61964802    1.52325215    1.62304095    1.57673777    1.65737129    1.64255929    1.48024863    1.49653022    1.61880800    1.45413381    1.43274325    1.56105435    1.60374325    1.55073625    1.41933368    1.59989976    1.55184648    1.56091669    1.60781249    1.31431431    1.24352464    1.48930723    1.41824378    1.42669459    1.27199560    1.79642981    1.48637241    1.45563778    0.83696215    0.58862862    0.55685653    0.56815774    0.64742804
G8BP05_TETPH/186-300     0.67662518    0.82949215    0.75200915    0.67811848    0.58806269    0.54983869    0.59287592    0.55603488    0.50758277    0.00000000    0.44982739    0.52551587    0.79991730    1.12100691    0.81731543    0.81089153    0.77445327    0.71569121    0.76352382    0.65078114    0.84677135    0.83784523    0.82244296    1.08831102    1.03191604    0.90343577    0.93033061    1.17992092    1.34762097    1.24327074    1.38297978    1.41296084    1.26478481    1.38524193    1.71606048    1.39923565    1.53135982    1.52364408    1.60949160    1.63391133    1.56172371    1.47405526    1.62965794    1.49606327    1.43136045    1.67159316    1.69740929    1.72060124    1.59747838    1.73127755    1.50527186    1.52479004    1.77897967    1.35578343    1.37338292    1.45347378    1.41745108    1.61707632    1.42631027    1.73166387    1.42812752    1.50054504    0.91289852    0.68551643    0.73697958    0.72942450    0.76661901
G8ZYC9_TORDC/179-293     0.64857498    0.72958637    0.70114675    0.61153329    0.69739500    0.54861524    0.66691068    0.38393635    0.42521498    0.44982739    0.00000000    0.38275018    0.77164976    1.11109216    0.70275680    0.72783644    0.58827501    0.58353884    0.66359749    0.53863178    0.77899049    0.84847858    0.84731579    0.81185550    1.12351869    0.83302355    0.93906910    1.25924726    1.34990111    1.24365219    1.43234967    1.28592283    1.32955373    1.31228585    1.77064128    1.60136707    1.61024674    1.64185510    1.74146219    1.73702142    1.61792852    1.57156072    1.72586084    1.63968497    1.57314496    1.60759504    1.67050548    1.62409390    1.53136941    1.58755249    1.57385715    1.56501952    1.74998050    1.47520025    1.38371272    1.58462890    1.43026520    1.61554443    1.40470984    1.86073810    1.49909785    1.64936569    1.03357491    0.59129113    0.55444005    0.65756474    0.71534925
C5DVI4_ZYGRC/184-325     0.70300015    0.76881756    0.73425110    0.63727302    0.74028358    0.54101991    0.59400928    0.40792707    0.38278079    0.52551587    0.38275018    0.00000000    0.77795095    1.05407236    0.71370276    0.68232401    0.65381717    0.59725865    0.78320600    0.65188549    0.79421824    0.86459079    0.86157676    0.94281768    1.14697313    0.93222460    1.03558231    1.14453900    1.63764613    1.52010488    1.61878772    1.56296352    1.53171557    1.61289865    1.80948596    1.77463698    1.76175622    1.64956355    1.80757649    1.87169077    1.77240097    1.76158136    1.83490364    1.87356523    1.73247693    1.83480907    1.87550403    1.82521924    1.83702557    1.80210537    1.76961947    1.72621326    1.87519903    1.58272798    1.60153535    1.80448645    1.61254787    1.71708881    1.45906736    2.06059285    1.71901233    1.72936531    0.89183195    0.63824653    0.64223699    0.66387097    0.73506016
M5EBJ5_MALS4/223-332     0.48833915    0.53272114    0.49065553    0.50207971    0.88031845    0.80627631    0.69756773    0.83999925    0.74745305    0.79991730    0.77164976    0.77795095    0.00000000    0.68215025    0.24875293    0.39123513    0.54070816    0.35325823    0.46066081    0.52291621    0.51996041    0.76959265    0.65577973    0.79196836    0.81717727    1.01407122    1.04417235    1.04309838    1.48314640    1.46489334    1.44890278    1.56845872    1.33664429    1.51028390    1.74404057    1.63873384    1.67301969    1.50019626    1.65747574    1.58037974    1.59407108    1.47613713    1.71125033    1.62026460    1.40366924    1.82106062    1.88358520    1.88009910    1.83984084    1.93576182    1.64840072    1.82498984    1.71255317    1.58541591    1.44630596    1.63647643    1.48536804    1.66928118    1.62904871    1.96252392    1.70566855    1.75034153    0.92301838    0.49425091    0.49962009    0.59161589    0.52214412
I4YEK4_WALMC/248-358     0.79480607    0.80009288    0.77234036    0.70828016    1.17343756    0.88653763    1.00465582    0.89860961    0.86568616    1.12100691    1.11109216    1.05407236    0.68215025    0.00000000    0.67890582    0.80925144    0.79952253    0.76794565    0.79660532    0.84798964    0.95373491    0.93411340    0.94664781    1.06040237    0.93252885    1.05006119    1.03694710    1.17645731    1.52485984    1.43529477    1.39715799    1.50124373    1.40493264    1.53690889    1.71296721    1.63921573    1.54549141    1.47127400    1.60145633    1.57320661    1.59709559    1.47772317    1.75239052    1.58941457    1.45558409    1.74842435    1.86619590    1.77430435    1.75066462    1.73545815    1.53530148    1.73193080    1.69710610    1.35598766    1.33477825    1.49212336    1.43139673    1.50411128    1.48821182    1.79728693    1.54624325    1.55268259    0.91348725    0.71512720    0.78666764    0.78059691    0.75272805
D8Q7W6_SCHCM/100-209     0.44210599    0.51383006    0.47191031    0.49417763    0.91520780    0.69951236    0.67979873    0.79512990    0.68219889    0.81731543    0.70275680    0.71370276    0.24875293    0.67890582    0.00000000    0.25429872    0.40577284    0.28824260    0.34650918    0.41834325    0.44818388    0.75250300    0.63742308    0.82082888    0.82807240    0.95586913    1.07122905    1.15194435    1.35949033    1.28007908    1.28197271    1.43517779    1.33901649    1.45708749    1.53008337    1.59468221    1.57274428    1.35840284    1.48034986    1.55940828    1.51591823    1.35642490    1.60811369    1.35189703    1.54845866    1.67122712    1.79747963    1.70318882    1.69112397    1.78014478    1.53934308    1.68558404    1.73126700    1.30413258    1.26518569    1.50430000    1.37483833    1.40222459    1.41756931    1.62269162    1.42559164    1.46128130    0.85485366    0.46389271    0.55409953    0.63574022    0.47243067
L8WXK6_THACA/192-301     0.59638423    0.60530424    0.56811795    0.56133410    0.84752555    0.77572050    0.83498271    0.83714280    0.75333117    0.81089153    0.72783644    0.68232401    0.39123513    0.80925144    0.25429872    0.00000000    0.57007460    0.43795815    0.51627757    0.53842672    0.58847175    0.75688857    0.76912660    0.90350899    0.91296834    0.91773988    0.98086113    1.19373167    1.43076698    1.38433456    1.44584891    1.49801561    1.39448341    1.57623224    1.70036510    1.59513059    1.49483071    1.35785494    1.65324177    1.53961590    1.57450616    1.41976379    1.54289812    1.62428260    1.45330286    1.76505755    1.71027826    1.77144427    1.76734192    1.81579069    1.51124785    1.60824067    1.73953409    1.39709713    1.34494762    1.57702288    1.45733413    1.57217516    1.57664819    1.73044344    1.54875843    1.63820231    0.93776090    0.54169883    0.68023876    0.71135795    0.55149746
R1GAS8_BOTPV/289-398     0.48742627    0.55843364    0.44083027    0.52810474    0.78387619    0.68668952    0.63997935    0.61992095    0.62109673    0.77445327    0.58827501    0.65381717    0.54070816    0.79952253    0.40577284    0.57007460    0.00000000    0.25642546    0.39385969    0.30605713    0.41435310    0.70154567    0.62021246    0.85649424    0.82301528    0.80633513    0.92753417    0.97084267    1.34512487    1.22744661    1.32274749    1.26664730    1.26480972    1.31373095    1.55070807    1.39553801    1.45444233    1.38344620    1.50428491    1.61076083    1.62589382    1.32916781    1.57941162    1.37465949    1.32498390    1.45579152    1.53144699    1.41877144    1.39012127    1.59154347    1.23261507    1.37303630    1.44567229    1.30705495    1.22117811    1.39533927    1.24835459    1.43572841    1.37402470    1.62502223    1.31593152    1.47642660    0.75492771    0.54165799    0.55058716    0.64048584    0.52736909
Q0CSQ6_ASPTN/332-441     0.40853931    0.48915865    0.38157559    0.45811960    0.76324258    0.62287542    0.56716846    0.64695121    0.57965837    0.71569121    0.58353884    0.59725865    0.35325823    0.76794565    0.28824260    0.43795815    0.25642546    0.00000000    0.26873571    0.26616898    0.28153632    0.67019555    0.58020604    0.83067722    0.77675827    0.81638822    0.97652135    1.05538632    1.35105640    1.24746149    1.29348198    1.37090473    1.28950135    1.44154568    1.51212316    1.46032587    1.55945527    1.48069011    1.56030360    1.64928041    1.61234682    1.38178462    1.64952765    1.38391709    1.37972273    1.52163447    1.60431750    1.56999079    1.54209187    1.66285059    1.37541376    1.50856686    1.47306344    1.37881273    1.28668829    1.49759025    1.32278743    1.48181880    1.43675913    1.75741555    1.49699776    1.51800927    0.77133268    0.42190232    0.44934384    0.59265142    0.44075853
D5GGS2_TUBMM/368-477     0.49207725    0.60690526    0.51378595    0.50439078    0.83576106    0.69956553    0.78751645    0.85636227    0.71727635    0.76352382    0.66359749    0.78320600    0.46066081    0.79660532    0.34650918    0.51627757    0.39385969    0.26873571    0.00000000    0.26845845    0.43932512    0.86543942    0.65762520    0.95324892    0.98322144    0.99493914    1.14804902    1.12972975    1.50194812    1.26379542    1.29567459    1.32531005    1.28286467    1.37889304    1.69986226    1.78123001    1.71371091    1.61051944    1.63832432    1.66139441    1.74734792    1.54371771    1.85616109    1.44068811    1.71853606    1.76062885    1.92088780    1.80772727    1.72458293    1.78436328    1.53725497    1.77134412    1.71043885    1.39905513    1.35059914    1.50576062    1.33988119    1.50208148    1.53633025    1.82955479    1.55238578    1.50350309    0.83275455    0.53699954    0.57043685    0.70303615    0.46554889
G0RKG9_HYPJQ/343-452     0.45725219    0.60090682    0.45622518    0.50919855    0.67652834    0.64340487    0.69188087    0.66024899    0.58837434    0.65078114    0.53863178    0.65188549    0.52291621    0.84798964    0.41834325    0.53842672    0.30605713    0.26616898    0.26845845    0.00000000    0.38593010    0.89597701    0.67402994    0.91377153    0.83432377    0.83576356    0.93348100    0.94490175    1.46408389    1.23922131    1.29777091    1.43223936    1.24834549    1.43631947    1.52855834    1.57992054    1.60565247    1.52811729    1.55352447    1.70835805    1.67897573    1.45807473    1.77005771    1.52028890    1.55773684    1.61367871    1.74871437    1.68352658    1.53710904    1.78284899    1.45393966    1.63753950    1.69660549    1.39655343    1.29167209    1.50928326    1.34877618    1.56272163    1.51298217    1.80213714    1.64422234    1.55302078    0.88905792    0.52611373    0.44976767    0.62095738    0.42231039
F9XM56_ZYMTI/347-456     0.60019284    0.58961377    0.57480074    0.59095079    0.84846061    0.85619774    0.72040327    0.74122139    0.77403994    0.84677135    0.77899049    0.79421824    0.51996041    0.95373491    0.44818388    0.58847175    0.41435310    0.28153632    0.43932512    0.38593010    0.00000000    1.02948369    0.81140254    0.96106485    0.92057424    0.89648808    1.09787559    1.13896012    1.57418299    1.47088926    1.45117503    1.47277793    1.42316902    1.50630113    1.69715066    1.78638588    1.66970267    1.72798075    1.74967587    1.91456721    1.77526050    1.67354477    1.85705414    1.43816817    1.61141588    1.70421555    1.95700240    1.88453913    1.71694279    1.84044448    1.56852028    1.75804824    1.77071496    1.54421937    1.54073238    1.73797365    1.51498044    1.65930247    1.65517953    1.84034146    1.61393267    1.66511340    0.88882488    0.53351894    0.67545107    0.73122742    0.56762938
BGS1_SCHPO/185-294     0.81031844    0.82646277    0.77888194    0.74749771    0.97494894    0.92191254    0.84864957    0.87378386    0.80348594    0.83784523    0.84847858    0.86459079    0.76959265    0.93411340    0.75250300    0.75688857    0.70154567    0.67019555    0.86543942    0.89597701    1.02948369    0.00000000    0.67523634    1.32855767    0.94887027    0.98544126    0.96815148    0.95921311    1.27444879    1.09381558    1.21934420    1.28643644    1.27205356    1.37661542    1.67594799    1.17162514    1.24852367    1.26604675    1.48130142    1.34326675    1.42905781    1.28223936    1.32640307    1.24496139    1.15511006    1.36603382    1.38430018    1.31132814    1.28117497    1.42799113    1.29023923    1.27790745    1.38605047    1.22669750    1.17768265    1.27945802    1.13936028    1.40112740    1.26956160    1.36630425    1.26768471    1.35586982    0.88668108    0.75723554    0.77823874    0.85540677    0.89784442
B6K4M5_SCHJY/313-422     0.60769551    0.78957248    0.69238172    0.65479048    0.93867910    0.84102915    0.74017068    0.82223178    0.79599352    0.82244296    0.84731579    0.86157676    0.65577973    0.94664781    0.63742308    0.76912660    0.62021246    0.58020604    0.65762520    0.67402994    0.81140254    0.67523634    0.00000000    0.90696426    0.85563621    1.01239723    1.00493554    1.09057531    1.34834505    1.20348711    1.33206693    1.27868308    1.28878331    1.49118118    1.57062379    1.30485730    1.45406979    1.46256034    1.55084084    1.53226928    1.52528131    1.34489166    1.52398590    1.38510305    1.40388700    1.57927083    1.65937749    1.58730152    1.39881912    1.67808746    1.44775816    1.50489217    1.53884047    1.39403011    1.30062701    1.39885906    1.32297426    1.45421995    1.38155777    1.70078618    1.39560995    1.51961280    0.83733067    0.66825870    0.58775117    0.72272872    0.71966207
S2JMJ1_MUCC1/244-356     0.86553354    0.82860120    0.76985875    0.85933966    1.03944523    1.02775304    1.03185854    0.81152186    0.88257899    1.08831102    0.81185550    0.94281768    0.79196836    1.06040237    0.82082888    0.90350899    0.85649424    0.83067722    0.95324892    0.91377153    0.96106485    1.32855767    0.90696426    0.00000000    0.78430589    0.97138214    1.05710693    1.17031742    1.44590122    1.38525607    1.53098933    1.44506686    1.38388089    1.39413554    1.70109329    1.60903924    1.65465382    1.59986724    1.62815847    1.60004705    1.53955631    1.45078998    1.63047796    1.53676603    1.52556707    1.65742356    1.76130999    1.62891942    1.51040948    1.65750242    1.42350551    1.65872094    1.62700718    1.33788158    1.41203582    1.40731524    1.34346252    1.55586109    1.44107196    1.89923460    1.59697884    1.51518119    1.08739586    0.78860522    0.76569772    0.87660733    0.87423336
I1BU09_RHIO9/178-295     0.84747318    0.83493852    0.73685455    0.75556654    0.93488245    0.89192593    0.82750999    1.01997122    1.00066753    1.03191604    1.12351869    1.14697313    0.81717727    0.93252885    0.82807240    0.91296834    0.82301528    0.77675827    0.98322144    0.83432377    0.92057424    0.94887027    0.85563621    0.78430589    0.00000000    0.86686488    0.89508409    1.17546064    1.59823621    1.63638741    1.72974754    1.82597172    1.61456586    1.82114688    1.63697637    1.40725177    1.52686141    1.40216092    1.48351088    1.43439503    1.48286719    1.30583754    1.51834259    1.68280997    1.40175774    1.55866718    1.60616563    1.61828162    1.40073537    1.72662748    1.54065080    1.59875820    1.72655216    1.65327392    1.44443308    1.47418969    1.45233327    1.69642645    1.54423920    1.66797226    1.51253141    1.64642943    0.98716967    0.84831192    0.82339178    0.84938939    0.84992327
A3GFC1_PICST/117-226     0.90989471    0.88891705    0.79356803    0.84093791    0.97224191    0.96479103    0.94773945    0.87724227    0.81101884    0.90343577    0.83302355    0.93222460    1.01407122    1.05006119    0.95586913    0.91773988    0.80633513    0.81638822    0.99493914    0.83576356    0.89648808    0.98544126    1.01239723    0.97138214    0.86686488    0.00000000    0.71597581    0.94988197    1.21929269    1.16453844    1.28239695    1.22291330    1.22584562    1.41681547    1.47805898    1.22961483    1.39021371    1.35075333    1.41876454    1.35959445    1.29032292    1.23082059    1.46275559    1.25841768    1.39540394    1.49068924    1.58772949    1.42513359    1.38086193    1.57502726    1.47767878    1.45918060    1.58149840    1.37339070    1.31835902    1.41455361    1.32660507    1.47509018    1.31382787    1.53762422    1.23369883    1.38733191    0.86539264    0.85759433    0.91461750    0.82695366    0.84807916
G3AGW3_SPAPN/131-248     1.06587767    0.92527633    0.90633641    0.95688174    1.06323588    1.08467374    1.07030894    0.94338960    0.87029295    0.93033061    0.93906910    1.03558231    1.04417235    1.03694710    1.07122905    0.98086113    0.92753417    0.97652135    1.14804902    0.93348100    1.09787559    0.96815148    1.00493554    1.05710693    0.89508409    0.71597581    0.00000000    1.01654821    0.95324182    0.93686640    1.10286867    0.97123203    1.07660786    1.15286319    1.48752073    1.13244807    1.28154335    1.25378313    1.43298010    1.40649356    1.17117778    1.21592869    1.27531555    1.26211687    1.18253172    1.28867812    1.28739399    1.27849377    1.30077616    1.29805884    1.09476264    1.21511682    1.34092764    1.16984064    1.07572988    1.24894256    1.08735812    1.19587373    1.10941901    1.39292242    1.24391112    1.28508906    0.96558177    0.93838917    1.01486904    1.03235564    1.04812458
Q6CTZ4_KLULA/140-249     1.32169323    1.23033751    1.16452586    1.14871352    0.95348136    1.08117169    0.94828798    1.07608224    1.13232548    1.17992092    1.25924726    1.14453900    1.04309838    1.17645731    1.15194435    1.19373167    0.97084267    1.05538632    1.12972975    0.94490175    1.13896012    0.95921311    1.09057531    1.17031742    1.17546064    0.94988197    1.01654821    0.00000000    1.52697536    1.53318689    1.45633854    1.65467010    1.51521620    1.55822469    1.68574129    1.74565330    1.76980039    1.54743422    1.64576092    1.72990660    1.71924354    1.56112514    1.67797022    1.71520528    1.49695815    1.62226121    1.77244883    1.54897076    1.61820634    2.03771815    1.85702645    1.93196407    2.07454478    1.66571487    1.49162703    1.61196348    1.34694265    1.75743104    1.72934043    1.65568538    1.67090586    1.53743549    1.07521978    1.25292856    1.02790296    1.08507239    1.18047887
W1NHC8_AMBTC/329-440     1.50254984    1.30055154    1.31528486    1.33611928    1.39868051    1.39065920    1.31029635    1.27552007    1.32777068    1.34762097    1.34990111    1.63764613    1.48314640    1.52485984    1.35949033    1.43076698    1.34512487    1.35105640    1.50194812    1.46408389    1.57418299    1.27444879    1.34834505    1.44590122    1.59823621    1.21929269    0.95324182    1.52697536    0.00000000    0.43681761    0.37885795    0.36697085    0.50998703    0.41523724    0.67776544    0.72425708    0.75562419    0.68453821    0.76156002    0.88789311    0.60261038    0.66161403    0.76966873    0.63697306    0.76334712    0.86961477    0.96626150    0.89301290    0.88939301    0.86169612    0.98750321    0.93429439    1.10682226    0.62721209    0.58242416    0.61362087    0.57764723    0.57019174    0.61657262    0.65014465    0.71342930    0.59964823    1.30776456    1.56061771    1.44527569    1.50405963    1.52101219
M4CGN1_BRARP/681-793     1.36154663    1.35542897    1.25655267    1.31237180    1.40316250    1.51084571    1.37753663    1.19053658    1.29886109    1.24327074    1.24365219    1.52010488    1.46489334    1.43529477    1.28007908    1.38433456    1.22744661    1.24746149    1.26379542    1.23922131    1.47088926    1.09381558    1.20348711    1.38525607    1.63638741    1.16453844    0.93686640    1.53318689    0.43681761    0.00000000    0.28507626    0.37713267    0.37521095    0.51158898    0.86769953    0.79501898    0.85147799    0.89708040    0.84623342    0.94691784    0.78344298    0.79492090    0.80400340    0.80398639    0.91042840    0.73374674    0.84483148    0.87649968    0.80405058    0.82733392    0.85941300    0.87646522    0.94013332    0.60992007    0.62707270    0.74036449    0.60265123    0.58879316    0.61884337    0.80843956    0.86816851    0.65257812    1.29728736    1.57302408    1.31930421    1.49825346    1.48724621
B9SKY2_RICCO/334-445     1.51025231    1.37378640    1.34951582    1.40719278    1.44383153    1.55608919    1.40264537    1.32648139    1.35102255    1.38297978    1.43234967    1.61878772    1.44890278    1.39715799    1.28197271    1.44584891    1.32274749    1.29348198    1.29567459    1.29777091    1.45117503    1.21934420    1.33206693    1.53098933    1.72974754    1.28239695    1.10286867    1.45633854    0.37885795    0.28507626    0.00000000    0.25771587    0.24538167    0.47492166    0.85756331    0.78396059    0.80816140    0.79822040    0.79359361    0.92905840    0.75793414    0.79626899    0.85097834    0.73363328    0.89647511    0.75015084    0.89810024    0.86681610    0.78035214    0.81206612    0.83157853    0.89805907    0.93581966    0.48971527    0.60250640    0.71281381    0.55069592    0.46520497    0.55905263    0.67947766    0.73972034    0.57208639    1.29169314    1.65406338    1.45787004    1.54735584    1.54885563
F6H5A6_VITVI/190-301     1.57965992    1.36582050    1.38169936    1.40509678    1.36785867    1.51527098    1.42727980    1.23495522    1.26688053    1.41296084    1.28592283    1.56296352    1.56845872    1.50124373    1.43517779    1.49801561    1.26664730    1.37090473    1.32531005    1.43223936    1.47277793    1.28643644    1.27868308    1.44506686    1.82597172    1.22291330    0.97123203    1.65467010    0.36697085    0.37713267    0.25771587    0.00000000    0.32925403    0.44466042    0.75855418    0.74822878    0.67546783    0.78147026    0.86910331    0.86890250    0.62923151    0.70990447    0.70896213    0.59942998    0.85496345    0.73764711    0.79046348    0.84336749    0.77773484    0.71775473    0.71299762    0.74065491    0.81388669    0.53297194    0.59646219    0.64513006    0.59953889    0.50070133    0.56926650    0.70517882    0.75675881    0.62048398    1.29615233    1.60841563    1.49524360    1.58211969    1.50763067
CALS7_ARATH/339-450     1.49583199    1.29842852    1.29040709    1.35393373    1.42875446    1.46090836    1.45028251    1.22160856    1.24102381    1.26478481    1.32955373    1.53171557    1.33664429    1.40493264    1.33901649    1.39448341    1.26480972    1.28950135    1.28286467    1.24834549    1.42316902    1.27205356    1.28878331    1.38388089    1.61456586    1.22584562    1.07660786    1.51521620    0.50998703    0.37521095    0.24538167    0.32925403    0.00000000    0.46814312    0.77191440    0.72312495    0.74022506    0.72513086    0.82327982    0.86248792    0.69815000    0.70502454    0.86861435    0.76344429    0.89358027    0.76946590    0.86210631    0.87416225    0.78280709    0.90974295    0.85113403    0.85704888    0.94857310    0.49141709    0.58652653    0.69207386    0.57837118    0.47867285    0.52389686    0.69145178    0.84933655    0.56382438    1.26845716    1.52692527    1.34659143    1.51765541    1.46877204
M0RXB4_MUSAM/346-457     1.59552862    1.47549354    1.45687409    1.49005699    1.35814200    1.48942224    1.34132603    1.32131221    1.37900989    1.38524193    1.31228585    1.61289865    1.51028390    1.53690889    1.45708749    1.57623224    1.31373095    1.44154568    1.37889304    1.43631947    1.50630113    1.37661542    1.49118118    1.39413554    1.82114688    1.41681547    1.15286319    1.55822469    0.41523724    0.51158898    0.47492166    0.44466042    0.46814312    0.00000000    0.86795029    0.82913267    0.82264146    0.76733259    0.81355448    0.86574667    0.77028267    0.72746071    0.85143765    0.79251444    0.92981276    0.89135609    0.96839786    1.02699228    0.92180629    0.87784964    0.88436783    0.95821916    1.14554870    0.62672343    0.56533211    0.68374258    0.63994660    0.60336158    0.61190169    0.78217085    0.84000370    0.56334892    1.48415117    1.56367168    1.47740789    1.61751333    1.60216891
W1PHJ3_AMBTC/170-282     1.72396938    1.59705203    1.60662060    1.66650312    1.60176005    1.62606362    1.59866283    1.59865367    1.61964802    1.71606048    1.77064128    1.80948596    1.74404057    1.71296721    1.53008337    1.70036510    1.55070807    1.51212316    1.69986226    1.52855834    1.69715066    1.67594799    1.57062379    1.70109329    1.63697637    1.47805898    1.48752073    1.68574129    0.67776544    0.86769953    0.85756331    0.75855418    0.77191440    0.86795029    0.00000000    0.50993043    0.56084603    0.56525073    0.51684995    0.59869459    0.56345471    0.53947476    0.54720905    0.50578903    0.87259801    0.82259369    0.79839817    0.84509068    0.85681410    0.93492726    0.88093567    0.96069868    0.97028316    0.78786824    0.83307813    0.71877813    0.82083320    0.79886325    0.79686093    0.86149422    0.89553491    0.80914749    1.55953394    1.80686896    1.65689082    1.70912473    1.73841670
M1CWL0_SOLTU/162-275     1.43028730    1.26996786    1.32023842    1.40801279    1.53630713    1.38260825    1.31386550    1.55343345    1.52325215    1.39923565    1.60136707    1.77463698    1.63873384    1.63921573    1.59468221    1.59513059    1.39553801    1.46032587    1.78123001    1.57992054    1.78638588    1.17162514    1.30485730    1.60903924    1.40725177    1.22961483    1.13244807    1.74565330    0.72425708    0.79501898    0.78396059    0.74822878    0.72312495    0.82913267    0.50993043    0.00000000    0.40156648    0.47207390    0.48576807    0.41799474    0.55736948    0.46014322    0.39778225    0.66904556    0.77733488    0.79517745    0.81491832    0.92530750    0.83599158    0.93597535    0.80432277    0.86038612    0.94284254    0.76627207    0.72173361    0.69803652    0.68912454    0.68291954    0.68637668    0.72265973    0.73844107    0.70819709    1.37246342    1.63688958    1.45161735    1.46990581    1.48949571
I1MEJ0_SOYBN/183-296     1.53579209    1.41906203    1.40298822    1.45256322    1.50910844    1.47053341    1.40655210    1.53230626    1.62304095    1.53135982    1.61024674    1.76175622    1.67301969    1.54549141    1.57274428    1.49483071    1.45444233    1.55945527    1.71371091    1.60565247    1.66970267    1.24852367    1.45406979    1.65465382    1.52686141    1.39021371    1.28154335    1.76980039    0.75562419    0.85147799    0.80816140    0.67546783    0.74022506    0.82264146    0.56084603    0.40156648    0.00000000    0.42339293    0.40318922    0.39366151    0.55540771    0.43493244    0.49379974    0.58021228    0.76748946    0.78024450    0.89477833    0.94352179    0.87246266    0.85850802    0.81182107    0.90852227    0.83318780    0.85661789    0.91083916    0.87462323    0.91479612    0.80639099    0.77424878    0.86773734    0.89648047    0.83442764    1.35798348    1.64970273    1.52983590    1.54366654    1.51545979
CALSB_ARATH/157-270     1.60677350    1.39280809    1.44109961    1.51134875    1.63257399    1.45800810    1.44577971    1.58780108    1.57673777    1.52364408    1.64185510    1.64956355    1.50019626    1.47127400    1.35840284    1.35785494    1.38344620    1.48069011    1.61051944    1.52811729    1.72798075    1.26604675    1.46256034    1.59986724    1.40216092    1.35075333    1.25378313    1.54743422    0.68453821    0.89708040    0.79822040    0.78147026    0.72513086    0.76733259    0.56525073    0.47207390    0.42339293    0.00000000    0.34780629    0.30425598    0.51986817    0.48814595    0.48340275    0.62798347    0.82407832    0.87177131    0.85302698    0.89914287    0.83745793    0.94344089    0.81238007    0.96757529    0.82207747    0.77261696    0.79724928    0.76596381    0.74514729    0.72049081    0.65359494    0.70873885    0.76285984    0.72855457    1.43213358    1.75669204    1.51226063    1.57935271    1.61351585
B9RZ95_RICCO/161-274     1.53268280    1.51817000    1.45517899    1.52836471    1.73787899    1.60779548    1.58422822    1.60254727    1.65737129    1.60949160    1.74146219    1.80757649    1.65747574    1.60145633    1.48034986    1.65324177    1.50428491    1.56030360    1.63832432    1.55352447    1.74967587    1.48130142    1.55084084    1.62815847    1.48351088    1.41876454    1.43298010    1.64576092    0.76156002    0.84623342    0.79359361    0.86910331    0.82327982    0.81355448    0.51684995    0.48576807    0.40318922    0.34780629    0.00000000    0.24299809    0.59547779    0.48633111    0.51266622    0.73216254    0.87491604    0.80663518    0.92896863    0.94748719    0.86098841    0.86295402    0.80564711    0.97168028    0.97649337    0.89907105    0.87760046    0.81394225    0.84414987    0.84762448    0.75213666    0.83643265    0.86722364    0.81054782    1.44431077    1.70960870    1.57801405    1.52919907    1.62060966
B9I122_POPTR/163-276     1.61335416    1.51930868    1.54297952    1.46577950    1.80645271    1.56908101    1.52663669    1.69291554    1.64255929    1.63391133    1.73702142    1.87169077    1.58037974    1.57320661    1.55940828    1.53961590    1.61076083    1.64928041    1.66139441    1.70835805    1.91456721    1.34326675    1.53226928    1.60004705    1.43439503    1.35959445    1.40649356    1.72990660    0.88789311    0.94691784    0.92905840    0.86890250    0.86248792    0.86574667    0.59869459    0.41799474    0.39366151    0.30425598    0.24299809    0.00000000    0.50414115    0.52604089    0.46816768    0.76940166    0.93135008    0.82751308    0.88997521    1.03274092    0.92085292    0.92996434    0.80553006    0.99214407    0.93411276    0.93197278    0.90353500    0.84479814    0.88296577    0.88559506    0.80810423    0.85969569    0.86991020    0.82724931    1.51200922    1.75012165    1.57317239    1.63696483    1.62912119
M4EZH5_BRARP/156-269     1.63789559    1.40447672    1.45298684    1.49288135    1.55749205    1.63639634    1.52265615    1.43754410    1.48024863    1.56172371    1.61792852    1.77240097    1.59407108    1.59709559    1.51591823    1.57450616    1.62589382    1.61234682    1.74734792    1.67897573    1.77526050    1.42905781    1.52528131    1.53955631    1.48286719    1.29032292    1.17117778    1.71924354    0.60261038    0.78344298    0.75793414    0.62923151    0.69815000    0.77028267    0.56345471    0.55736948    0.55540771    0.51986817    0.59547779    0.50414115    0.00000000    0.61655144    0.56270165    0.58800938    0.85493160    0.81081017    0.91552029    0.97014039    0.86758735    0.85023327    0.93851865    0.81847906    0.99306474    0.83841399    0.81568549    0.80701502    0.86454440    0.73693494    0.79580602    0.92421260    0.87050123    0.83105920    1.46764191    1.68894206    1.60247095    1.71231671    1.70201539
