27
F7DGR0_MONDO/10-199     0.00000000    0.50396551    0.61329472    0.93007204    0.84908402    2.19422153    2.63138149    2.99560374    2.53760413    2.38260544    2.53436386    2.59928478    2.80530249    2.87541920    2.79379846    2.62809878    2.60927026    2.44612052    2.38163869    0.78982490    0.90839521    1.06523778    1.37973303    1.26302882    1.37014752    1.27486999    1.28125049
F1PUP8_CANLF/12-202     0.50396551    0.00000000    0.29627514    0.98818721    0.91465820    2.12695658    2.69706251    2.93478084    2.47520681    2.31809090    2.89789111    2.95508218    3.14062905    3.16366990    2.87948686    2.95298549    2.79064436    2.57504285    2.47739800    0.80803687    0.98438184    1.04721941    1.26212338    1.26599395    1.21198777    1.14475729    1.21607726
NEPRO_MOUSE/12-202     0.61329472    0.29627514    0.00000000    0.95348894    0.96113840    2.31479293    2.78562660    2.87988956    2.37885010    2.50905477    2.87653615    2.79578558    3.04482461    3.07736701    2.86154447    2.84241514    2.76913704    2.43224495    2.47103363    0.85041231    0.95882008    1.13975497    1.41501999    1.28019079    1.39748058    1.21620511    1.24878009
U3JTN3_FICAL/3-190     0.93007204    0.98818721    0.95348894    0.00000000    0.91852470    2.33651908    2.74996095    2.96997273    3.04077126    2.45592807    2.89853427    2.92726824    2.88380356    3.09640508    2.89973588    2.85277951    2.59905800    2.66878911    2.49205648    1.04004265    1.06177117    1.21722238    1.46446191    1.54219590    1.44202155    1.35900625    1.41160194
G1KXZ5_ANOCA/18-206     0.84908402    0.91465820    0.96113840    0.91852470    0.00000000    2.15261827    2.45153173    2.73346912    2.67515180    2.10454240    3.09043500    3.06385961    3.11372470    3.37055206    3.05267453    2.90713735    2.69639357    2.52665093    2.17162211    1.05325696    1.01020471    1.26318325    1.35009339    1.40290260    1.36377145    1.47459531    1.40656647
A7S7Z8_NEMVE/7-196     2.19422153    2.12695658    2.31479293    2.33651908    2.15261827    0.00000000    2.44805854    3.05148417    2.71547338    2.80565273    3.05521711    3.16270867    3.36912293    3.25813474    3.35660830    2.90368426    3.00426781    2.88663251    2.97654251    2.17526330    2.63549684    2.33245866    2.32105223    2.33923876    2.33779332    2.22094712    2.46886746
D6X0R9_TRICA/4-186     2.63138149    2.69706251    2.78562660    2.74996095    2.45153173    2.44805854    0.00000000    1.93440315    1.67431741    1.47223572    2.50913788    2.45855949    2.61315748    2.45777434    2.13048599    2.09117514    2.28084140    2.16281848    2.03264974    2.34483118    2.66699454    2.67277595    2.33445706    2.38192393    2.38784698    2.15790799    2.43504948
F4WB03_ACREC/5-190     2.99560374    2.93478084    2.87988956    2.96997273    2.73346912    3.05148417    1.93440315    0.00000000    0.97544426    0.96261523    2.24651579    2.24616031    2.32676461    2.30126767    2.29907730    1.99298606    2.20593382    1.91830556    1.93895434    3.01952948    3.04839861    2.82018262    2.74233110    2.88397933    2.76501362    2.89464496    3.15482808
E2BLC4_HARSA/5-185     2.53760413    2.47520681    2.37885010    3.04077126    2.67515180    2.71547338    1.67431741    0.97544426    0.00000000    0.70854776    2.06840454    2.01140035    2.16020138    2.18691560    2.14312695    1.70624799    1.90854385    1.79148143    1.62628948    2.66585242    2.77669504    2.70560502    2.39166677    2.77471661    2.58218349    2.48565547    2.71648144
A0A7M7GCL9_NASVI/5-185     2.38260544    2.31809090    2.50905477    2.45592807    2.10454240    2.80565273    1.47223572    0.96261523    0.70854776    0.00000000    2.06231095    2.06807886    2.04973070    2.29504386    1.99260845    1.99435907    1.97428858    1.91577784    1.62633271    2.46907625    2.54751322    2.51420713    2.36061873    2.54012392    2.36946980    2.27504452    2.54972368
B3MA77_DROAN/8-189     2.53436386    2.89789111    2.87653615    2.89853427    3.09043500    3.05521711    2.50913788    2.24651579    2.06840454    2.06231095    0.00000000    0.28191227    0.38437927    0.43392898    0.45083405    1.53571024    1.86319416    2.03226081    2.03976557    2.89884175    3.02664960    3.12137926    2.90035736    2.78800640    2.93789369    2.65222584    2.88463313
B4HL98_DROSE/7-191     2.59928478    2.95508218    2.79578558    2.92726824    3.06385961    3.16270867    2.45855949    2.24616031    2.01140035    2.06807886    0.28191227    0.00000000    0.28662587    0.35011533    0.32979777    1.69083286    1.95400908    2.01267556    2.17322938    2.92821710    3.17274500    3.15352882    2.87806666    2.76816716    2.99054929    2.71606480    2.89356586
B4N4A4_DROWI/11-195     2.80530249    3.14062905    3.04482461    2.88380356    3.11372470    3.36912293    2.61315748    2.32676461    2.16020138    2.04973070    0.38437927    0.28662587    0.00000000    0.35981698    0.33568639    1.82918240    1.96543777    2.15746496    2.16754633    2.91807966    3.29419116    3.19206908    3.01344205    3.13742004    3.24606728    2.79085904    2.98937382
B4L0K3_DROMO/7-191     2.87541920    3.16366990    3.07736701    3.09640508    3.37055206    3.25813474    2.45777434    2.30126767    2.18691560    2.29504386    0.43392898    0.35011533    0.35981698    0.00000000    0.23603673    1.92090217    2.29670621    2.32068299    2.08530769    3.11233351    3.31301406    3.24007814    2.86207964    2.88071702    3.08564128    2.86236327    2.99827141
B4J2P9_DROGR/7-191     2.79379846    2.87948686    2.86154447    2.89973588    3.05267453    3.35660830    2.13048599    2.29907730    2.14312695    1.99260845    0.45083405    0.32979777    0.33568639    0.23603673    0.00000000    1.84052082    1.98100815    2.10023852    2.14478021    3.07205613    3.10177258    2.88920104    2.70984373    2.67376148    2.96819479    2.67395564    2.83264979
B0XAB8_CULQU/4-189     2.62809878    2.95298549    2.84241514    2.85277951    2.90713735    2.90368426    2.09117514    1.99298606    1.70624799    1.99435907    1.53571024    1.69083286    1.82918240    1.92090217    1.84052082    0.00000000    0.86765910    0.92039581    1.98699041    2.81349892    2.80732613    3.00215446    3.02849263    3.18971069    3.12330530    3.01184452    3.12027521
W5J9K6_ANODA/4-189     2.60927026    2.79064436    2.76913704    2.59905800    2.69639357    3.00426781    2.28084140    2.20593382    1.90854385    1.97428858    1.86319416    1.95400908    1.96543777    2.29670621    1.98100815    0.86765910    0.00000000    0.57879623    2.21392288    2.52835243    2.70719314    2.68041887    2.80044802    2.99385871    2.81199286    2.55138193    2.94900632
Q7QBE0_ANOGA/4-189     2.44612052    2.57504285    2.43224495    2.66878911    2.52665093    2.88663251    2.16281848    1.91830556    1.79148143    1.91577784    2.03226081    2.01267556    2.15746496    2.32068299    2.10023852    0.92039581    0.57879623    0.00000000    2.06912557    2.35074817    2.38898086    2.55479068    2.84429223    3.02600757    2.78655659    2.53240733    2.81840352
A0A212F3I3_DANPL/5-185     2.38163869    2.47739800    2.47103363    2.49205648    2.17162211    2.97654251    2.03264974    1.93895434    1.62628948    1.62633271    2.03976557    2.17322938    2.16754633    2.08530769    2.14478021    1.98699041    2.21392288    2.06912557    0.00000000    2.32497993    2.18201852    2.36307784    2.60951488    2.71750433    2.57544662    2.76243007    2.41765121
F6RUJ5_XENTR/6-197     0.78982490    0.80803687    0.85041231    1.04004265    1.05325696    2.17526330    2.34483118    3.01952948    2.66585242    2.46907625    2.89884175    2.92821710    2.91807966    3.11233351    3.07205613    2.81349892    2.52835243    2.35074817    2.32497993    0.00000000    0.94436443    0.97255696    1.29713696    1.23563150    1.19473837    1.05025824    1.17782694
H3AJM9_LATCH/12-203     0.90839521    0.98438184    0.95882008    1.06177117    1.01020471    2.63549684    2.66699454    3.04839861    2.77669504    2.54751322    3.02664960    3.17274500    3.29419116    3.31301406    3.10177258    2.80732613    2.70719314    2.38898086    2.18201852    0.94436443    0.00000000    0.85711624    0.96584301    1.08694623    1.06201876    1.02832627    0.95296523
W5MQ85_LEPOC/6-197     1.06523778    1.04721941    1.13975497    1.21722238    1.26318325    2.33245866    2.67277595    2.82018262    2.70560502    2.51420713    3.12137926    3.15352882    3.19206908    3.24007814    2.88920104    3.00215446    2.68041887    2.55479068    2.36307784    0.97255696    0.85711624    0.00000000    0.91066797    0.85623229    0.88952267    0.89245724    0.68424230
G3NX61_GASAC/6-197     1.37973303    1.26212338    1.41501999    1.46446191    1.35009339    2.32105223    2.33445706    2.74233110    2.39166677    2.36061873    2.90035736    2.87806666    3.01344205    2.86207964    2.70984373    3.02849263    2.80044802    2.84429223    2.60951488    1.29713696    0.96584301    0.91066797    0.00000000    0.42201532    0.37986257    0.65337704    0.61417296
H2SXI0_TAKRU/6-193     1.26302882    1.26599395    1.28019079    1.54219590    1.40290260    2.33923876    2.38192393    2.88397933    2.77471661    2.54012392    2.78800640    2.76816716    3.13742004    2.88071702    2.67376148    3.18971069    2.99385871    3.02600757    2.71750433    1.23563150    1.08694623    0.85623229    0.42201532    0.00000000    0.38343180    0.75043140    0.62076609
I3J996_ORENI/6-197     1.37014752    1.21198777    1.39748058    1.44202155    1.36377145    2.33779332    2.38784698    2.76501362    2.58218349    2.36946980    2.93789369    2.99054929    3.24606728    3.08564128    2.96819479    3.12330530    2.81199286    2.78655659    2.57544662    1.19473837    1.06201876    0.88952267    0.37986257    0.38343180    0.00000000    0.66144055    0.61623164
W5L5J9_ASTMX/6-196     1.27486999    1.14475729    1.21620511    1.35900625    1.47459531    2.22094712    2.15790799    2.89464496    2.48565547    2.27504452    2.65222584    2.71606480    2.79085904    2.86236327    2.67395564    3.01184452    2.55138193    2.53240733    2.76243007    1.05025824    1.02832627    0.89245724    0.65337704    0.75043140    0.66144055    0.00000000    0.42973860
F1QA51_DANRE/14-205     1.28125049    1.21607726    1.24878009    1.41160194    1.40656647    2.46886746    2.43504948    3.15482808    2.71648144    2.54972368    2.88463313    2.89356586    2.98937382    2.99827141    2.83264979    3.12027521    2.94900632    2.81840352    2.41765121    1.17782694    0.95296523    0.68424230    0.61417296    0.62076609    0.61623164    0.42973860    0.00000000

