17
CAPPA_HALSA/4-492     0.00000000    0.94766671    0.93826144    1.00836008    1.01896407    1.06669648    1.28053406    1.32315180    1.25140471    1.25263172    1.26810294    1.26689904    1.54930868    2.10599741    2.16957200    2.19264267    2.14056406
CAPPA_METTH/3-483     0.94766671    0.00000000    0.70479788    0.73760373    0.86321433    0.90016864    1.20173936    1.14610170    1.06177858    1.09505300    1.10672321    1.10451656    1.58815999    1.98082241    2.29000630    2.03203505    1.89103928
CAPPA_METHJ/3-484     0.93826144    0.70479788    0.00000000    0.79509866    0.97609818    1.00820597    1.20877511    1.15054215    1.04672186    1.09236818    1.07561473    1.08761246    1.45792498    2.19215116    2.12393760    2.02776802    2.16538520
B1I2W1_DESAP/7-489     1.00836008    0.73760373    0.79509866    0.00000000    0.85242209    0.91340075    1.22948833    1.21911983    1.10911330    1.12712467    1.19066582    1.21997481    1.45389627    2.22219543    2.30193253    2.00146624    2.10134022
D3S0D1_FERPA/2-476     1.01896407    0.86321433    0.97609818    0.85242209    0.00000000    0.47209916    1.22855708    1.23075310    1.08790460    1.10156030    1.15273595    1.06139900    1.51889124    2.02990452    2.00183377    2.12412410    2.02526320
CAPPA_ARCFU/2-471     1.06669648    0.90016864    1.00820597    0.91340075    0.47209916    0.00000000    1.22564186    1.21979689    1.09000849    1.06109321    1.15967901    1.10821017    1.44230336    1.97111149    2.29140159    2.12581032    1.96239991
CAPPA_CALMQ/4-512     1.28053406    1.20173936    1.20877511    1.22948833    1.22855708    1.22564186    0.00000000    0.90743338    0.81165344    0.81587699    0.80537172    0.73180643    1.37293987    2.08098329    2.13791489    1.85289345    1.83850643
CAPPA_PICTO/6-508     1.32315180    1.14610170    1.15054215    1.21911983    1.23075310    1.21979689    0.90743338    0.00000000    0.76415791    0.76391732    0.78156090    0.71911328    1.44548143    2.07393085    2.30472178    1.97270578    1.85000949
CAPPA_SULTO/4-511     1.25140471    1.06177858    1.04672186    1.10911330    1.08790460    1.09000849    0.81165344    0.76415791    0.00000000    0.38285067    0.55984072    0.50240908    1.33171520    2.02605687    2.16349774    1.90124888    1.71111105
CAPPA_SULAC/4-511     1.25263172    1.09505300    1.09236818    1.12712467    1.10156030    1.06109321    0.81587699    0.76391732    0.38285067    0.00000000    0.60918387    0.54740910    1.39045249    1.99891515    2.20988559    1.91569830    1.71956289
CAPPA_METS5/4-509     1.26810294    1.10672321    1.07561473    1.19066582    1.15273595    1.15967901    0.80537172    0.78156090    0.55984072    0.60918387    0.00000000    0.48005688    1.35595014    2.17227004    2.30903832    1.82621742    1.74571786
CAPPA_SACS2/4-511     1.26689904    1.10451656    1.08761246    1.21997481    1.06139900    1.10821017    0.73180643    0.71911328    0.50240908    0.54740910    0.48005688    0.00000000    1.28872667    1.94124354    2.20102638    1.84003095    1.67265427
J9ZD85_LEPFM/19-520     1.54930868    1.58815999    1.45792498    1.45389627    1.51889124    1.44230336    1.37293987    1.44548143    1.33171520    1.39045249    1.35595014    1.28872667    0.00000000    2.45212294    2.42540148    1.82458936    1.83915363
A8A9C2_IGNH4/3-488     2.10599741    1.98082241    2.19215116    2.22219543    2.02990452    1.97111149    2.08098329    2.07393085    2.02605687    1.99891515    2.17227004    1.94124354    2.45212294    0.00000000    1.65013473    1.91910578    1.86008109
CAPPA_PYRAE/3-460     2.16957200    2.29000630    2.12393760    2.30193253    2.00183377    2.29140159    2.13791489    2.30472178    2.16349774    2.20988559    2.30903832    2.20102638    2.42540148    1.65013473    0.00000000    1.98132686    1.88009051
CAPPA_METKA/9-532     2.19264267    2.03203505    2.02776802    2.00146624    2.12412410    2.12581032    1.85289345    1.97270578    1.90124888    1.91569830    1.82621742    1.84003095    1.82458936    1.91910578    1.98132686    0.00000000    1.41986748
CAPPA_CLOPE/3-537     2.14056406    1.89103928    2.16538520    2.10134022    2.02526320    1.96239991    1.83850643    1.85000949    1.71111105    1.71956289    1.74571786    1.67265427    1.83915363    1.86008109    1.88009051    1.41986748    0.00000000

