35
D7GIC2_PROFC/82-270     0.00000000    0.42447978    0.52049545    0.56099038    0.61016959    0.68752488    0.71464442    0.70348617    1.06579764    1.12375011    1.86288191    1.92634391    1.91245695    2.19966641    1.85962019    2.06084791    2.04733927    1.94976176    2.03430336    3.49400313    3.23628366    2.45158778    1.66991110    2.51497321    2.32549856    1.19086758    1.29387101    1.34824156    1.31570851    1.27138379    1.26258682    1.07268022    0.44532059    0.49837636    0.48287283
F5XJB1_MICPN/72-263     0.42447978    0.00000000    0.43816665    0.55753608    0.62112600    0.67405662    0.61715421    0.66479838    1.09099198    1.20965955    2.04223720    1.80223493    1.97095256    2.36763621    2.23036502    2.53778303    2.04054949    2.01478427    2.04631836    3.56056312    3.18760457    2.68036995    1.76413043    2.87620056    2.51653500    1.28661122    1.47350928    1.46321469    1.52905257    1.36113028    1.22970459    1.12994273    0.37125512    0.43765106    0.41793020
D2NSS7_ROTMD/103-293     0.52049545    0.43816665    0.00000000    0.56783670    0.66718087    0.68802195    0.57386082    0.75508139    1.27665436    1.20959009    2.07991495    1.80781281    2.01530760    2.35277703    2.28399597    2.64346738    2.09753838    2.06291350    2.02792231    3.77866791    3.37050868    2.82554719    1.84705698    2.71301036    2.42188026    1.31801745    1.31629720    1.43856138    1.53267497    1.37855808    1.34647849    1.14933364    0.41713413    0.51383058    0.53041716
C4LLS2_CORK4/84-275     0.56099038    0.55753608    0.56783670    0.00000000    0.61510732    0.70130357    0.66568046    0.73296299    1.19749077    1.14248705    2.03770891    1.84061985    2.22540454    2.42909107    2.09528644    2.18314165    2.11544646    2.16592900    2.10822044    3.48532384    3.06190938    2.37429406    1.76153823    2.59333468    2.18989145    1.26320038    1.40505761    1.42660309    1.37578204    1.28141147    1.33930513    1.17545313    0.58215759    0.62411203    0.55483315
D7BPL1_ARCHD/89-278     0.61016959    0.62112600    0.66718087    0.61510732    0.00000000    0.58293454    0.63588776    0.71057287    1.29851506    1.16444300    2.20354468    1.95221382    2.11411396    2.08783704    2.08470187    2.27659354    1.82828847    1.94209655    2.09197318    3.72224425    3.36928142    2.70343694    1.63974189    2.25702959    2.33681401    1.22495854    1.25635920    1.31049802    1.43085066    1.30647474    1.35292508    1.07381159    0.62534405    0.57846710    0.64854055
C7MAS1_BRAFD/97-288     0.68752488    0.67405662    0.68802195    0.70130357    0.58293454    0.00000000    0.73329492    0.85129670    1.26017090    1.28314295    2.29443196    2.08343894    2.08620835    2.16977900    2.17880246    2.35219594    2.02139267    1.99126411    2.02989090    3.73986583    3.68017965    2.72721784    1.79000650    2.58437077    2.43478734    1.35946918    1.39270159    1.32775798    1.47637375    1.46119692    1.45830821    1.23539750    0.53565653    0.58395315    0.62769880
B1VHZ7_CORU7/113-302     0.71464442    0.61715421    0.57386082    0.66568046    0.63588776    0.73329492    0.00000000    0.69047524    1.16443264    1.18098640    1.81845671    2.03989419    2.09852766    2.33343916    2.27882917    2.74290627    2.00373899    2.18785195    1.95855176    3.42479490    3.42347141    2.65936126    1.90802315    2.47631741    2.21222186    1.22188457    1.32034624    1.36968049    1.29482593    1.31678480    1.32030028    1.05448303    0.56638153    0.60457972    0.68318814
K8E6H7_CARML/68-257     0.70348617    0.66479838    0.75508139    0.73296299    0.71057287    0.85129670    0.69047524    0.00000000    1.09678194    1.09905496    2.03259870    1.66658713    1.66762649    2.04399928    1.95241320    2.14077898    1.77904069    1.82932382    1.75452727    3.34372145    3.29857837    2.43063491    1.59375376    2.35736040    2.19245267    1.12577343    1.13850757    1.24543969    1.28040997    1.11671289    1.11859398    0.89349863    0.68668529    0.69803591    0.75792196
F8JGP9_HYPSM/67-266     1.06579764    1.09099198    1.27665436    1.19749077    1.29851506    1.26017090    1.16443264    1.09678194    0.00000000    0.86172107    1.62351595    1.61572119    1.70871079    2.12677914    2.10062821    2.19527848    1.81306308    1.68292465    1.68979592    3.16663900    3.09493212    3.12212853    1.76212045    2.11810808    2.25656577    1.28135855    1.39440096    1.27345741    1.40490120    1.28879295    1.27407176    1.12833386    1.09608434    1.19738765    1.14453574
Q11J52_CHESB/67-259     1.12375011    1.20965955    1.20959009    1.14248705    1.16444300    1.28314295    1.18098640    1.09905496    0.86172107    0.00000000    1.57932431    1.71824124    1.55927764    2.16649125    1.97514330    2.30917665    1.69912041    1.67672639    1.72760302    2.97019985    3.44673379    2.90184239    1.63945568    2.07714773    1.94243212    1.20057824    1.37691997    1.30209379    1.30114547    1.28308512    1.25616908    1.09965680    1.10478913    1.17968767    1.18661862
C1ACR5_GEMAT/214-390     1.86288191    2.04223720    2.07991495    2.03770891    2.20354468    2.29443196    1.81845671    2.03259870    1.62351595    1.57932431    0.00000000    1.18079575    1.55263619    2.62597949    2.48590965    2.55726521    1.71523686    2.04049249    1.93830919    3.38965294    3.63003091    2.82454298    2.01977944    2.60084559    2.60860584    1.89224870    2.04718866    1.84271432    1.76233112    1.91224500    1.79042528    1.64348848    2.02423047    1.87792750    1.98685434
Q01WP4_SOLUE/190-375     1.92634391    1.80223493    1.80781281    1.84061985    1.95221382    2.08343894    2.03989419    1.66658713    1.61572119    1.71824124    1.18079575    0.00000000    0.99710212    2.51305088    2.32938462    2.31760448    1.87994376    2.03398867    1.90118398    3.30003041    3.00092515    2.52203225    1.69052574    2.20982177    2.27817255    1.74336345    1.66568504    1.64745239    1.95010482    1.76360567    1.65519511    1.57464507    1.96153246    1.78496580    1.91272282
I3ZB29_TERRK/224-406     1.91245695    1.97095256    2.01530760    2.22540454    2.11411396    2.08620835    2.09852766    1.66762649    1.70871079    1.55927764    1.55263619    0.99710212    0.00000000    2.61488090    2.44839679    2.57689092    2.03468579    2.11247222    1.84163965    3.96772451    3.27019900    3.18428748    2.14181374    2.31515092    2.22242908    1.75289090    1.98623658    1.83616995    1.92936007    1.87383342    2.14012997    1.70839924    2.13124491    1.90875996    2.04979962
Q6LHL6_PHOPR/258-430     2.19966641    2.36763621    2.35277703    2.42909107    2.08783704    2.16977900    2.33343916    2.04399928    2.12677914    2.16649125    2.62597949    2.51305088    2.61488090    0.00000000    0.87180195    0.91069168    1.99079457    2.03019492    1.82974716    2.83127645    3.47834949    3.86108069    2.22199792    2.66463910    2.73635498    2.29082434    2.03435161    1.95201240    2.07219761    2.18407537    1.94417093    2.14100979    2.21871988    2.48773562    2.11395294
Q5E503_ALIF1/238-411     1.85962019    2.23036502    2.28399597    2.09528644    2.08470187    2.17880246    2.27882917    1.95241320    2.10062821    1.97514330    2.48590965    2.32938462    2.44839679    0.87180195    0.00000000    0.67112999    2.09178688    1.94937484    2.04657591    3.04033763    3.67692296    3.28769982    2.22368531    2.88375351    2.92879317    2.32751170    2.09061122    1.97677982    2.10558449    2.17895487    2.03422918    2.05733101    2.04936746    2.36218872    2.28905430
B7VPU2_VIBA3/239-413     2.06084791    2.53778303    2.64346738    2.18314165    2.27659354    2.35219594    2.74290627    2.14077898    2.19527848    2.30917665    2.55726521    2.31760448    2.57689092    0.91069168    0.67112999    0.00000000    2.00756575    1.94849308    2.49549143    3.21173159    3.00060436    3.17032882    2.36961514    3.19290293    2.94043595    2.27014735    2.22376550    2.05416943    2.09896469    2.22466081    2.16480254    2.10803111    2.37780823    2.50438482    2.49386558
Q1LCQ0_CUPMC/204-393     2.04733927    2.04054949    2.09753838    2.11544646    1.82828847    2.02139267    2.00373899    1.77904069    1.81306308    1.69912041    1.71523686    1.87994376    2.03468579    1.99079457    2.09178688    2.00756575    0.00000000    0.69488369    0.91441934    3.15259651    3.30549779    3.71342755    1.92451868    2.30227520    2.35318206    1.63992485    1.71276950    1.77093511    1.72996681    1.82804642    2.18543108    1.71320407    2.21249356    2.03256716    2.11248728
G8AXG9_9PROT/156-345     1.94976176    2.01478427    2.06291350    2.16592900    1.94209655    1.99126411    2.18785195    1.82932382    1.68292465    1.67672639    2.04049249    2.03398867    2.11247222    2.03019492    1.94937484    1.94849308    0.69488369    0.00000000    0.81217294    3.29529833    3.10407451    3.82466247    1.90746575    2.22617770    2.30412455    1.67706850    1.72029830    1.77750409    1.75526195    2.01372627    2.00584511    1.84144761    2.00634387    1.95435232    2.23840763
D5EI26_CORAD/202-387     2.03430336    2.04631836    2.02792231    2.10822044    2.09197318    2.02989090    1.95855176    1.75452727    1.68979592    1.72760302    1.93830919    1.90118398    1.84163965    1.82974716    2.04657591    2.49549143    0.91441934    0.81217294    0.00000000    3.36843802    3.54395552    3.74879605    1.97677029    2.19364242    2.35244448    1.92231747    1.75404321    1.76978564    1.68006458    1.89854714    2.34194791    1.79989022    2.00918089    2.00938352    2.22007815
D3PC77_DEFDS/525-703     3.49400313    3.56056312    3.77866791    3.48532384    3.72224425    3.73986583    3.42479490    3.34372145    3.16663900    2.97019985    3.38965294    3.30003041    3.96772451    2.83127645    3.04033763    3.21173159    3.15259651    3.29529833    3.36843802    0.00000000    3.08641427    3.52121158    2.54714694    2.29101664    2.64924820    3.48059461    3.27507954    3.26823207    3.07613710    3.36944485    3.37860026    2.91040075    3.74553785    3.64076434    3.52695711
Q83C62_COXBU/499-672     3.23628366    3.18760457    3.37050868    3.06190938    3.36928142    3.68017965    3.42347141    3.29857837    3.09493212    3.44673379    3.63003091    3.00092515    3.27019900    3.47834949    3.67692296    3.00060436    3.30549779    3.10407451    3.54395552    3.08641427    0.00000000    3.05230419    3.14808654    3.01694804    3.38160554    3.19728092    2.88887184    3.16567826    3.34457504    3.27031240    3.27554133    3.34524682    3.39418927    3.63404392    3.32510716
A5FT02_ACICJ/499-677     2.45158778    2.68036995    2.82554719    2.37429406    2.70343694    2.72721784    2.65936126    2.43063491    3.12212853    2.90184239    2.82454298    2.52203225    3.18428748    3.86108069    3.28769982    3.17032882    3.71342755    3.82466247    3.74879605    3.52121158    3.05230419    0.00000000    2.87051126    3.61403247    3.31233658    2.15589954    2.23580333    2.21786481    2.32923585    2.71363051    2.86285466    2.59392424    2.59647809    2.91460282    2.73622312
D5EDH2_AMICL/516-697     1.66991110    1.76413043    1.84705698    1.76153823    1.63974189    1.79000650    1.90802315    1.59375376    1.76212045    1.63945568    2.01977944    1.69052574    2.14181374    2.22199792    2.22368531    2.36961514    1.92451868    1.90746575    1.97677029    2.54714694    3.14808654    2.87051126    0.00000000    1.47128140    1.52086946    1.60917231    1.51406245    1.57887154    1.58351899    1.62810016    1.97590463    1.64954035    1.89088228    1.78254665    1.75814839
C4LCR4_TOLAT/347-527     2.51497321    2.87620056    2.71301036    2.59333468    2.25702959    2.58437077    2.47631741    2.35736040    2.11810808    2.07714773    2.60084559    2.20982177    2.31515092    2.66463910    2.88375351    3.19290293    2.30227520    2.22617770    2.19364242    2.29101664    3.01694804    3.61403247    1.47128140    0.00000000    0.95375938    2.00145195    2.05512001    2.07544885    1.91748424    2.08070168    2.18943256    2.23035230    2.76871449    2.80127453    2.68831462
A1SVZ4_PSYIN/516-695     2.32549856    2.51653500    2.42188026    2.18989145    2.33681401    2.43478734    2.21222186    2.19245267    2.25656577    1.94243212    2.60860584    2.27817255    2.22242908    2.73635498    2.92879317    2.94043595    2.35318206    2.30412455    2.35244448    2.64924820    3.38160554    3.31233658    1.52086946    0.95375938    0.00000000    1.93327439    2.00581666    2.06182643    2.17212977    2.20601324    2.38117945    2.11553436    2.25627092    2.55372128    2.32516960
L0DB97_SINAD/82-266     1.19086758    1.28661122    1.31801745    1.26320038    1.22495854    1.35946918    1.22188457    1.12577343    1.28135855    1.20057824    1.89224870    1.74336345    1.75289090    2.29082434    2.32751170    2.27014735    1.63992485    1.67706850    1.92231747    3.48059461    3.19728092    2.15589954    1.60917231    2.00145195    1.93327439    0.00000000    0.64072793    0.71832890    0.60293930    0.90667815    0.95605377    0.79142843    1.21177369    1.20397348    1.28487993
D7A2F1_STAND/43-227     1.29387101    1.47350928    1.31629720    1.40505761    1.25635920    1.39270159    1.32034624    1.13850757    1.39440096    1.37691997    2.04718866    1.66568504    1.98623658    2.03435161    2.09061122    2.22376550    1.71276950    1.72029830    1.75404321    3.27507954    2.88887184    2.23580333    1.51406245    2.05512001    2.00581666    0.64072793    0.00000000    0.48011518    0.47819930    0.97201384    1.13609384    0.89986197    1.34429021    1.36165298    1.43313496
F7QJ09_9BRAD/36-220     1.34824156    1.46321469    1.43856138    1.42660309    1.31049802    1.32775798    1.36968049    1.24543969    1.27345741    1.30209379    1.84271432    1.64745239    1.83616995    1.95201240    1.97677982    2.05416943    1.77093511    1.77750409    1.76978564    3.26823207    3.16567826    2.21786481    1.57887154    2.07544885    2.06182643    0.71832890    0.48011518    0.00000000    0.40851115    1.02664644    1.07991124    1.01849463    1.38705245    1.48402711    1.51025649
Q6NBN8_RHOPA/54-238     1.31570851    1.52905257    1.53267497    1.37578204    1.43085066    1.47637375    1.29482593    1.28040997    1.40490120    1.30114547    1.76233112    1.95010482    1.92936007    2.07219761    2.10558449    2.09896469    1.72996681    1.75526195    1.68006458    3.07613710    3.34457504    2.32923585    1.58351899    1.91748424    2.17212977    0.60293930    0.47819930    0.40851115    0.00000000    1.00147174    1.14837366    0.96796358    1.48836169    1.40528841    1.49792219
D5SQH2_PLAL2/62-245     1.27138379    1.36113028    1.37855808    1.28141147    1.30647474    1.46119692    1.31678480    1.11671289    1.28879295    1.28308512    1.91224500    1.76360567    1.87383342    2.18407537    2.17895487    2.22466081    1.82804642    2.01372627    1.89854714    3.36944485    3.27031240    2.71363051    1.62810016    2.08070168    2.20601324    0.90667815    0.97201384    1.02664644    1.00147174    0.00000000    0.94754240    0.85743669    1.30249164    1.26120994    1.31825492
Q7UW88_RHOBA/74-258     1.26258682    1.22970459    1.34647849    1.33930513    1.35292508    1.45830821    1.32030028    1.11859398    1.27407176    1.25616908    1.79042528    1.65519511    2.14012997    1.94417093    2.03422918    2.16480254    2.18543108    2.00584511    2.34194791    3.37860026    3.27554133    2.86285466    1.97590463    2.18943256    2.38117945    0.95605377    1.13609384    1.07991124    1.14837366    0.94754240    0.00000000    0.67830417    1.22327891    1.19591184    1.19549264
D2QYI8_PIRSD/52-236     1.07268022    1.12994273    1.14933364    1.17545313    1.07381159    1.23539750    1.05448303    0.89349863    1.12833386    1.09965680    1.64348848    1.57464507    1.70839924    2.14100979    2.05733101    2.10803111    1.71320407    1.84144761    1.79989022    2.91040075    3.34524682    2.59392424    1.64954035    2.23035230    2.11553436    0.79142843    0.89986197    1.01849463    0.96796358    0.85743669    0.67830417    0.00000000    1.03336791    1.03022326    1.20108884
A0K0Q0_ARTS2/79-268     0.44532059    0.37125512    0.41713413    0.58215759    0.62534405    0.53565653    0.56638153    0.68668529    1.09608434    1.10478913    2.02423047    1.96153246    2.13124491    2.21871988    2.04936746    2.37780823    2.21249356    2.00634387    2.00918089    3.74553785    3.39418927    2.59647809    1.89088228    2.76871449    2.25627092    1.21177369    1.34429021    1.38705245    1.48836169    1.30249164    1.22327891    1.03336791    0.00000000    0.36860780    0.41617719
A9WQY3_RENSM/69-260     0.49837636    0.43765106    0.51383058    0.62411203    0.57846710    0.58395315    0.60457972    0.69803591    1.19738765    1.17968767    1.87792750    1.78496580    1.90875996    2.48773562    2.36218872    2.50438482    2.03256716    1.95435232    2.00938352    3.64076434    3.63404392    2.91460282    1.78254665    2.80127453    2.55372128    1.20397348    1.36165298    1.48402711    1.40528841    1.26120994    1.19591184    1.03022326    0.36860780    0.00000000    0.49538215
F5XQV7_MICPN/59-249     0.48287283    0.41793020    0.53041716    0.55483315    0.64854055    0.62769880    0.68318814    0.75792196    1.14453574    1.18661862    1.98685434    1.91272282    2.04979962    2.11395294    2.28905430    2.49386558    2.11248728    2.23840763    2.22007815    3.52695711    3.32510716    2.73622312    1.75814839    2.68831462    2.32516960    1.28487993    1.43313496    1.51025649    1.49792219    1.31825492    1.19549264    1.20108884    0.41617719    0.49538215    0.00000000

