32
Q2SA89_HAHCH/28-159     0.00000000    0.76910311    0.74705133    0.90449290    1.11980421    1.06432223    0.91198142    1.06315420    1.02659538    1.29063721    1.32281308    1.05338675    1.19958763    1.40428794    1.23139190    1.24334558    1.16745867    1.18337859    1.11964847    1.22790602    1.09380615    1.11258444    1.07263963    1.08440227    1.11792630    1.30680031    1.97760488    2.22228592    3.00072826    3.90103155    1.24609489    1.96736728
Q8P4I0_XANCP/20-153     0.76910311    0.00000000    0.72108876    0.95075857    0.99399348    0.88498746    0.87103153    0.83207745    0.90754009    1.04896278    1.17560660    0.98667746    1.09013850    1.27941669    1.10924888    1.13478472    1.01833417    1.06469233    1.04291637    1.14746171    1.06201963    1.14742078    1.17694652    1.07418437    1.08826853    1.20929613    2.11601805    2.63396129    3.43192246    4.09831709    1.45262865    2.06822077
E6WQD4_PSEUU/19-152     0.74705133    0.72108876    0.00000000    0.88790084    0.84019905    0.79911387    0.87739937    0.91740158    0.84968812    1.06147126    1.14116131    1.03409917    1.25575432    1.23493235    1.03176131    1.19483549    1.10084421    1.15011682    1.07214344    1.21023983    1.14374882    1.16308143    0.97576514    1.06421142    1.10810989    1.13580386    1.96730569    2.75153920    3.65267930    3.26380791    1.29662464    2.04581371
Q3IET0_PSET1/20-153     0.90449290    0.95075857    0.88790084    0.00000000    0.85049460    0.93395517    0.70497971    0.82103529    0.78992313    1.20363458    1.22450347    0.99086642    1.14410983    1.39083797    1.07048604    1.06577466    1.00523837    1.31734271    1.08532358    1.30972479    1.10731698    1.05145359    1.19080951    0.92082936    1.13250590    1.28066116    2.13446912    2.82857789    3.08732002    3.50311183    1.85113222    1.96116951
Q63M60_BURPS/12-142     1.11980421    0.99399348    0.84019905    0.85049460    0.00000000    0.57038226    0.84729668    0.79844288    0.75781824    1.44148887    1.29665067    1.04157500    1.14610453    1.39427255    1.29041482    1.23030967    1.13696925    1.19170359    1.17201935    1.26566272    0.97999554    1.13996097    1.15411566    0.94614585    1.07361289    1.47492602    1.86425800    2.36192510    4.36588680    3.35145366    1.58886274    2.03113421
Q9I2R0_PSEAE/13-142     1.06432223    0.88498746    0.79911387    0.93395517    0.57038226    0.00000000    0.84119917    0.90837138    1.07745842    1.20981530    1.19832046    0.90788974    1.01133631    1.35323665    1.13666211    1.13081637    1.04912303    0.94018732    0.96289632    1.00473022    0.88313047    0.98517895    1.02532274    0.94815232    0.86239649    1.50463046    1.83919125    2.25620029    4.24699942    3.76550284    1.56174148    2.03538198
A4FK79_SACEN/20-153     0.91198142    0.87103153    0.87739937    0.70497971    0.84729668    0.84119917    0.00000000    0.57766257    0.64144959    0.93547020    0.98268458    0.75797188    0.93316943    1.10784331    0.76864044    0.76828340    0.65186113    0.98307848    1.07541519    0.98002461    1.03270512    0.93483681    1.04995399    0.88814184    0.91941831    1.14945762    1.72907311    2.23199587    3.46183167    3.52717202    1.40357909    2.03024144
A1THE7_MYCVP/23-156     1.06315420    0.83207745    0.91740158    0.82103529    0.79844288    0.90837138    0.57766257    0.00000000    0.34581150    1.01086419    1.02712754    0.86262439    0.99592217    1.16522240    0.90698286    0.93384061    0.66176644    1.15579170    1.25103582    1.30745526    1.17777689    0.93245202    1.13749058    1.11411007    1.04971124    1.22886670    1.97914436    2.35531313    3.69509659    3.58388467    1.45422025    2.02804180
Q742A6_MYCPA/26-159     1.02659538    0.90754009    0.84968812    0.78992313    0.75781824    1.07745842    0.64144959    0.34581150    0.00000000    0.96972596    0.98248771    0.85036163    1.09364384    1.23007762    0.93547296    0.89587551    0.75839539    1.21175484    1.32210250    1.24051613    1.14530084    1.01430949    1.17982353    1.16478437    1.01803318    1.04428218    2.16020176    2.55394408    3.72314408    3.46380978    1.49946564    1.98563538
B1VIY9_CORU7/45-182     1.29063721    1.04896278    1.06147126    1.20363458    1.44148887    1.20981530    0.93547020    1.01086419    0.96972596    0.00000000    0.34917549    0.78324405    0.76483417    0.86188702    0.72482094    0.83023853    0.72457563    0.97308854    1.19313916    1.07763899    1.04847497    1.16133288    1.31497511    1.22888752    1.11308196    1.03393041    2.11293964    2.97345146    4.16159240    3.67753703    1.77265417    2.56093708
Q4JSG9_CORJK/71-208     1.32281308    1.17560660    1.14116131    1.22450347    1.29665067    1.19832046    0.98268458    1.02712754    0.98248771    0.34917549    0.00000000    0.90919941    0.80728979    1.01815796    0.87612005    0.97083985    0.83583364    1.13044079    1.35988863    1.21697735    1.04081015    1.17443684    1.30098346    1.41363248    1.09981138    1.10872108    2.21764869    3.00469753    3.88390375    3.45449818    1.77468451    2.37475450
A0QSC9_MYCS2/114-248     1.05338675    0.98667746    1.03409917    0.99086642    1.04157500    0.90788974    0.75797188    0.86262439    0.85036163    0.78324405    0.90919941    0.00000000    0.63870358    0.71289992    0.55033918    0.46940533    0.62002110    0.86267957    0.96252956    0.87370395    1.16167270    1.10995531    1.07421856    1.11339370    1.01296513    0.96629014    1.80304320    2.45732315    3.07492996    3.80933617    1.72319127    1.96795835
D5UX04_TSUPD/20-155     1.19958763    1.09013850    1.25575432    1.14410983    1.14610453    1.01133631    0.93316943    0.99592217    1.09364384    0.76483417    0.80728979    0.63870358    0.00000000    0.73810107    0.65903880    0.73792137    0.76126335    0.84659326    1.32592697    0.97247281    1.09085113    1.03828788    1.22315669    1.10616471    1.13364910    1.05768679    1.81905837    2.17200132    3.73578587    3.53030368    1.81143615    2.12203477
D6ZA94_SEGRD/35-170     1.40428794    1.27941669    1.23493235    1.39083797    1.39427255    1.35323665    1.10784331    1.16522240    1.23007762    0.86188702    1.01815796    0.71289992    0.73810107    0.00000000    0.84374720    0.81091177    0.88312236    1.15360392    1.25775274    1.26689759    1.13177725    1.46231219    1.39122447    1.41347475    1.42456840    1.08291915    2.06059246    2.42299944    3.92310120    3.41832037    1.89464426    2.15855034
E9T2L7_RHOHA/21-156     1.23139190    1.10924888    1.03176131    1.07048604    1.29041482    1.13666211    0.76864044    0.90698286    0.93547296    0.72482094    0.87612005    0.55033918    0.65903880    0.84374720    0.00000000    0.29943110    0.52187885    0.95529333    1.14441587    1.04232159    1.08433840    1.18266795    1.14672356    1.23657945    1.07180588    0.91759457    1.90108351    2.48468815    3.22385130    3.32055800    1.83321991    2.04520254
Q5Z1W6_NOCFA/22-157     1.24334558    1.13478472    1.19483549    1.06577466    1.23030967    1.13081637    0.76828340    0.93384061    0.89587551    0.83023853    0.97083985    0.46940533    0.73792137    0.81091177    0.29943110    0.00000000    0.51311578    1.20933471    1.29316672    1.22878512    1.23875712    1.39628059    1.11106216    1.26024039    1.23971710    1.00740972    2.07101924    2.71564583    3.36742032    4.45096030    2.05245982    2.20098152
G0FKI6_AMYMS/19-152     1.16745867    1.01833417    1.10084421    1.00523837    1.13696925    1.04912303    0.65186113    0.66176644    0.75839539    0.72457563    0.83583364    0.62002110    0.76126335    0.88312236    0.52187885    0.51311578    0.00000000    0.93416147    1.15367047    1.06677017    0.97611960    0.95758559    1.06537123    1.03437835    0.96577774    1.13073093    1.97731951    2.56455835    2.90308294    3.81223666    2.01113951    2.21761047
E2SEI1_9ACTN/17-148     1.18337859    1.06469233    1.15011682    1.31734271    1.19170359    0.94018732    0.98307848    1.15579170    1.21175484    0.97308854    1.13044079    0.86267957    0.84659326    1.15360392    0.95529333    1.20933471    0.93416147    0.00000000    0.55806229    0.32640276    0.65599831    0.72971631    0.99805787    0.80154621    0.60438272    1.21380412    1.86189837    2.56138305    3.29044124    3.86294060    1.62535496    2.35934357
A1SNG3_NOCSJ/18-150     1.11964847    1.04291637    1.07214344    1.08532358    1.17201935    0.96289632    1.07541519    1.25103582    1.32210250    1.19313916    1.35988863    0.96252956    1.32592697    1.25775274    1.14441587    1.29316672    1.15367047    0.55806229    0.00000000    0.48251536    0.81423761    0.84004489    0.77980381    0.72259551    0.70340037    1.19425748    1.67362813    2.61520936    3.86045347    4.21830991    1.76845449    2.08562387
D2PWH1_KRIFD/18-149     1.22790602    1.14746171    1.21023983    1.30972479    1.26566272    1.00473022    0.98002461    1.30745526    1.24051613    1.07763899    1.21697735    0.87370395    0.97247281    1.26689759    1.04232159    1.22878512    1.06677017    0.32640276    0.48251536    0.00000000    0.70210476    0.76347034    0.97114228    0.87434153    0.64156035    1.22824598    1.69507684    2.21780285    3.64873536    4.03188750    1.60397666    2.29792441
Q5QZT8_IDILO/20-150     1.09380615    1.06201963    1.14374882    1.10731698    0.97999554    0.88313047    1.03270512    1.17777689    1.14530084    1.04847497    1.04081015    1.16167270    1.09085113    1.13177725    1.08433840    1.23875712    0.97611960    0.65599831    0.81423761    0.70210476    0.00000000    0.75252940    0.80496615    0.68415423    0.52304789    1.46525215    2.07259726    2.31839843    3.80109428    3.68073137    1.65490070    2.24646135
E1VIX2_9GAMM/20-150     1.11258444    1.14742078    1.16308143    1.05145359    1.13996097    0.98517895    0.93483681    0.93245202    1.01430949    1.16133288    1.17443684    1.10995531    1.03828788    1.46231219    1.18266795    1.39628059    0.95758559    0.72971631    0.84004489    0.76347034    0.75252940    0.00000000    0.48174694    0.50298831    0.47786291    1.14090214    1.67704725    2.79595966    3.28377666    3.45186932    1.46618468    2.19390233
E1SNG7_FERBD/25-155     1.07263963    1.17694652    0.97576514    1.19080951    1.15411566    1.02532274    1.04995399    1.13749058    1.17982353    1.31497511    1.30098346    1.07421856    1.22315669    1.39122447    1.14672356    1.11106216    1.06537123    0.99805787    0.77980381    0.97114228    0.80496615    0.48174694    0.00000000    0.47762701    0.65779145    1.23700174    2.15306587    2.80474155    3.12311519    3.84129838    1.64025682    2.27519610
Q07YN5_SHEFN/22-152     1.08440227    1.07418437    1.06421142    0.92082936    0.94614585    0.94815232    0.88814184    1.11411007    1.16478437    1.22888752    1.41363248    1.11339370    1.10616471    1.41347475    1.23657945    1.26024039    1.03437835    0.80154621    0.72259551    0.87434153    0.68415423    0.50298831    0.47762701    0.00000000    0.56143854    1.38013852    1.75699445    3.15106791    3.14472654    3.91403923    1.52522957    1.84882583
Q0VP60_ALCBS/19-149     1.11792630    1.08826853    1.10810989    1.13250590    1.07361289    0.86239649    0.91941831    1.04971124    1.01803318    1.11308196    1.09981138    1.01296513    1.13364910    1.42456840    1.07180588    1.23971710    0.96577774    0.60438272    0.70340037    0.64156035    0.52304789    0.47786291    0.65779145    0.56143854    0.00000000    1.25734231    2.05167237    2.67993761    3.43378892    4.11574223    1.70091250    2.04288894
D3FBF6_CONWI/19-151     1.30680031    1.20929613    1.13580386    1.28066116    1.47492602    1.50463046    1.14945762    1.22886670    1.04428218    1.03393041    1.10872108    0.96629014    1.05768679    1.08291915    0.91759457    1.00740972    1.13073093    1.21380412    1.19425748    1.22824598    1.46525215    1.14090214    1.23700174    1.38013852    1.25734231    0.00000000    1.75237968    2.59869554    3.33644167    3.60140695    1.53546313    2.15670349
A9GRY4_SORC5/22-159     1.97760488    2.11601805    1.96730569    2.13446912    1.86425800    1.83919125    1.72907311    1.97914436    2.16020176    2.11293964    2.21764869    1.80304320    1.81905837    2.06059246    1.90108351    2.07101924    1.97731951    1.86189837    1.67362813    1.69507684    2.07259726    1.67704725    2.15306587    1.75699445    2.05167237    1.75237968    0.00000000    1.80003507    3.14846202    2.93822752    1.83773764    2.32336034
D7B916_NOCDD/8-150     2.22228592    2.63396129    2.75153920    2.82857789    2.36192510    2.25620029    2.23199587    2.35531313    2.55394408    2.97345146    3.00469753    2.45732315    2.17200132    2.42299944    2.48468815    2.71564583    2.56455835    2.56138305    2.61520936    2.21780285    2.31839843    2.79595966    2.80474155    3.15106791    2.67993761    2.59869554    1.80003507    0.00000000    2.63028091    3.15761227    2.25834618    2.89689056
Q5E6P0_ALIF1/8-147     3.00072826    3.43192246    3.65267930    3.08732002    4.36588680    4.24699942    3.46183167    3.69509659    3.72314408    4.16159240    3.88390375    3.07492996    3.73578587    3.92310120    3.22385130    3.36742032    2.90308294    3.29044124    3.86045347    3.64873536    3.80109428    3.28377666    3.12311519    3.14472654    3.43378892    3.33644167    3.14846202    2.63028091    0.00000000    1.09254995    3.68448985    2.94362919
Q9HTW8_PSEAE/9-150     3.90103155    4.09831709    3.26380791    3.50311183    3.35145366    3.76550284    3.52717202    3.58388467    3.46380978    3.67753703    3.45449818    3.80933617    3.53030368    3.41832037    3.32055800    4.45096030    3.81223666    3.86294060    4.21830991    4.03188750    3.68073137    3.45186932    3.84129838    3.91403923    4.11574223    3.60140695    2.93822752    3.15761227    1.09254995    0.00000000    3.61350687    3.85441125
C1A859_GEMAT/25-157     1.24609489    1.45262865    1.29662464    1.85113222    1.58886274    1.56174148    1.40357909    1.45422025    1.49946564    1.77265417    1.77468451    1.72319127    1.81143615    1.89464426    1.83321991    2.05245982    2.01113951    1.62535496    1.76845449    1.60397666    1.65490070    1.46618468    1.64025682    1.52522957    1.70091250    1.53546313    1.83773764    2.25834618    3.68448985    3.61350687    0.00000000    1.55689358
A0A0D2VI79_CAPO3/62-208     1.96736728    2.06822077    2.04581371    1.96116951    2.03113421    2.03538198    2.03024144    2.02804180    1.98563538    2.56093708    2.37475450    1.96795835    2.12203477    2.15855034    2.04520254    2.20098152    2.21761047    2.35934357    2.08562387    2.29792441    2.24646135    2.19390233    2.27519610    1.84882583    2.04288894    2.15670349    2.32336034    2.89689056    2.94362919    3.85441125    1.55689358    0.00000000

