60
D2W0Y7_NAEGR/58-152     0.00000000    2.67293978    2.31376075    2.69911645    2.27028937    2.23826777    2.31377679    2.50689932    2.29089317    2.44545198    2.52594351    2.43213847    2.08584555    2.22350031    2.46493092    2.12497451    2.48209524    2.38331583    2.06742940    2.52995798    2.04434823    1.76713077    2.23492926    2.51324819    2.52245883    2.19169341    1.95052861    2.84122758    2.70835688    2.09346498    3.92703292    2.43635601    2.58315406    2.80283403    2.61179594    2.45875831    2.90375901    2.51456569    2.75947599    2.54853331    3.01912469    3.41393833    3.15171222    2.77087578    2.50966998    2.44785391    2.43523927    2.39672268    2.70075474    2.42802033    2.82452033    3.04176747    2.67300579    2.86749111    2.85411951    2.75103553    2.99093831    3.15494918    2.22531741    2.59720979
Q6MRK0_BDEBA/171-268     2.67293978    0.00000000    2.60710730    2.75140529    2.30358758    2.62002296    2.51175586    2.19675909    2.27579036    2.00928672    2.27207755    2.22670976    2.08596400    2.09877788    2.27521096    1.90892967    2.23836866    2.42707616    2.39087452    2.50925738    2.10950145    2.64193968    2.45336801    2.31157372    2.48084643    2.75784197    2.39519184    2.40401591    2.36284659    2.42492212    3.62372370    2.98603073    2.37318737    3.20655424    2.74788985    2.61028548    3.07495638    2.60123961    2.11923210    2.55753449    2.62679884    2.92712918    2.84625531    2.32405235    1.87698951    2.21203294    2.16288968    2.56138695    3.06817446    2.56149319    3.71985524    3.76117465    2.86662581    2.15259248    2.13853765    1.92545241    2.10655211    2.42548197    2.40338331    2.78561581
F2UK58_SALR5/34-122     2.31376075    2.60710730    0.00000000    2.22568108    2.15853178    1.83761496    2.09841375    1.90698896    2.04838916    1.82586318    1.77437979    1.80105930    1.98366324    1.87510612    1.92662105    1.80595451    2.11995255    1.80418164    1.90915179    2.10226790    1.66998873    1.69117253    1.90990661    2.14150861    1.76890597    1.79061478    1.71778938    1.79477229    1.64681432    1.62045045    3.49183795    2.75552292    2.36306609    1.86374229    1.85726342    1.76875831    2.00152678    1.81129300    2.34058468    1.63601262    2.20175243    2.56994626    2.74835494    2.04321964    2.26540821    2.13549355    2.83361896    2.47323667    2.00562919    2.22065865    1.95240434    2.41277579    2.02827607    1.89911005    2.62874939    2.78832731    2.01802114    2.93512038    1.68449465    2.54228490
R6MKA2_9BACE/123-213     2.69911645    2.75140529    2.22568108    0.00000000    0.70312281    1.31637774    1.33887288    1.40223306    1.30573279    1.57722659    1.71390884    1.59317943    1.24840051    1.45228041    1.31316477    1.36294024    1.33715335    1.53609811    1.72083356    1.68216707    1.53257021    1.47932720    1.53351885    2.87662972    2.28595634    1.96866022    1.72631607    1.82029074    2.19568490    1.88797760    3.41175244    2.69439367    2.85079613    2.12315135    2.27236869    2.20280967    2.46442346    1.93790712    2.37380442    2.39149457    2.47210763    2.96447088    2.35294236    2.14826622    2.03240292    2.18678823    2.27532187    2.36866703    2.58749990    1.91397414    2.54473070    2.87087937    2.26751746    2.37156067    2.38071798    2.24065953    2.45323791    2.36908680    2.13679603    2.91640927
R6ZT77_9BACE/120-210     2.27028937    2.30358758    2.15853178    0.70312281    0.00000000    1.20194178    1.44529491    1.47408575    1.50012947    1.46267197    1.64364533    1.56230805    1.29147795    1.50581152    1.52337821    1.59636022    1.41144449    1.37892802    1.61422694    1.64295257    1.69977595    1.75909652    1.61712515    2.52720311    1.95231643    2.19332926    1.46350704    2.03924452    2.42709015    1.78887056    3.60527670    2.92709578    3.52176078    2.16551525    2.21529126    2.49420470    2.52599217    1.99519435    2.39052427    2.49055348    2.35455484    2.82175326    2.24258298    1.96941191    1.75427581    1.94175758    2.10223233    2.06304149    2.16298244    1.78185909    2.74479837    2.88030424    1.92252258    2.09826345    2.41433122    2.41076235    2.26937113    2.33780058    2.22726848    2.61402027
A6L2T1_BACV8/113-200     2.23826777    2.62002296    1.83761496    1.31637774    1.20194178    0.00000000    1.11506480    1.13653976    1.10839734    1.81208374    1.51046196    1.49738807    1.23048182    1.61996120    1.24313091    1.24743876    1.14506777    1.19393625    1.26108866    1.34654144    1.55701083    1.32937502    1.27248244    1.93778574    1.53442594    1.62987947    1.31742915    2.03789785    2.25640336    1.62767281    2.80334880    2.59199683    2.93515087    1.94792412    2.10969201    2.22114201    2.25514333    2.18765318    2.42747810    2.16704198    2.56259984    2.62992998    2.50827411    2.25496990    2.07762765    2.25247598    2.36992390    2.41032257    2.26032967    1.97970926    3.09092645    2.14582933    1.71050833    2.14751649    2.03681302    2.01530172    2.41031015    2.20381199    2.02367258    2.18782147
R6GAB8_9BACE/130-219     2.31377679    2.51175586    2.09841375    1.33887288    1.44529491    1.11506480    0.00000000    0.85162487    0.80666609    1.36128348    1.46397625    1.33690262    1.24301945    1.52639255    1.18350080    1.23946220    1.30184413    1.27746059    1.39460051    1.76444363    1.47053564    1.37408059    1.33239814    1.75544560    1.76244373    1.85159770    1.55817170    2.07524538    2.28788326    1.60607329    2.58530813    2.55872219    2.61361177    2.08190906    1.70252432    2.27328159    2.43839467    2.01999124    2.06108695    2.13797756    1.88114091    2.97486239    2.35396907    1.77590388    2.04098754    2.04266891    2.19845359    2.40513731    2.17337295    1.60726872    2.56898191    3.43832409    2.06622108    2.76022255    2.40232537    2.31252899    2.07106672    2.62314421    1.87698491    2.69529477
R7EKQ5_9BACE/121-211     2.50689932    2.19675909    1.90698896    1.40223306    1.47408575    1.13653976    0.85162487    0.00000000    0.72576409    1.80171670    1.65988099    1.72665661    1.44988087    1.77949151    1.47693308    1.49505958    1.34663386    1.51136607    1.47311320    1.91607921    1.42888980    1.49055866    1.17165120    1.87209067    1.70251206    1.94134920    1.78636778    2.05761885    2.49543999    1.71736210    3.00556787    2.73832391    2.92534768    2.18234518    2.10796999    2.20804861    2.26427111    1.92666136    2.43504684    2.10628525    2.07045159    2.95425959    2.49056025    2.17256420    2.17261813    2.07144081    2.28890167    2.44199698    2.45115335    1.90075946    2.68734770    3.30503622    2.07842757    2.52659093    2.09901288    2.11525756    1.76290202    2.48194256    2.18223197    2.84715848
A6L2T2_BACV8/127-217     2.29089317    2.27579036    2.04838916    1.30573279    1.50012947    1.10839734    0.80666609    0.72576409    0.00000000    1.55160272    1.36564675    1.36448976    1.15714041    1.47202421    1.11513891    1.25126384    1.05422226    1.56168867    1.40819032    1.51342296    1.63102466    1.39379465    1.38180802    1.91302203    1.84606108    1.84720078    1.50701927    2.07807258    2.48868402    1.67990583    2.90584728    2.82294322    2.76094248    2.33949912    1.94270120    2.40816514    2.13876586    2.15609717    2.32551718    2.40830733    2.61769816    2.56897390    2.11639677    1.76106320    2.02569232    1.92794766    2.15133409    2.11207546    2.38095310    1.65259980    2.69562700    3.09052595    2.15335253    2.61087338    2.55158687    2.51635433    2.03407703    2.60446714    2.23524359    2.43959428
R6XNI1_9BACT/125-215     2.44545198    2.00928672    1.82586318    1.57722659    1.46267197    1.81208374    1.36128348    1.80171670    1.55160272    0.00000000    0.44547710    0.42328043    0.61639646    0.74850638    0.69079322    0.64100928    0.86166535    1.58674212    1.49863669    1.43649356    1.49296508    1.43839011    1.51090626    2.43279956    1.61740209    1.53725187    1.26600035    1.75354117    2.19333828    1.46569774    3.32645579    2.16626554    2.94742936    2.40970868    1.71222363    1.71250375    2.23587994    1.71268763    1.84278146    2.37788898    1.92833599    2.73517672    2.44100697    2.07031000    2.07036449    2.03645426    2.17276266    2.19104235    2.36173737    2.11044743    2.69362085    3.44375706    1.97971780    1.83187081    2.45788750    2.20119603    1.88613602    2.18644795    1.78588281    2.49125548
R6EHE8_9BACE/126-216     2.52594351    2.27207755    1.77437979    1.71390884    1.64364533    1.51046196    1.46397625    1.65988099    1.36564675    0.44547710    0.00000000    0.32262445    0.71450643    0.88994188    0.75910431    0.57174476    0.71829289    1.55396167    1.55694794    1.59513000    1.49675679    1.52825117    1.67306989    2.52233616    1.87534435    1.96935426    1.48006463    1.63186224    2.15298167    1.52558479    3.05702536    2.07561620    2.62043214    2.25978451    1.64306057    1.73641994    2.01222436    1.55800240    2.35005117    2.27068188    1.70877377    2.84991372    2.49151417    2.43419941    2.15615026    2.39146357    2.60761514    2.69315921    2.60362928    2.30101988    2.74180272    3.39354579    1.82761491    1.98665880    2.66352081    2.26457908    2.41004015    2.28522275    1.68582845    2.33988486
R6T4V0_9BACE/126-216     2.43213847    2.22670976    1.80105930    1.59317943    1.56230805    1.49738807    1.33690262    1.72665661    1.36448976    0.42328043    0.32262445    0.00000000    0.59835837    0.74305821    0.62279795    0.52265747    0.67182421    1.65702116    1.69553392    1.74528428    1.57129247    1.59902310    1.68548889    2.56175001    1.90518711    2.14044927    1.58780035    1.71131979    2.42028229    1.70938987    3.12039041    2.24556548    2.69597026    2.54014480    1.95731568    2.05573046    2.16658257    1.76161922    2.16164461    2.46071791    2.04010400    2.62038985    2.52982764    1.98267367    2.05969673    2.09291692    2.31879546    2.25361831    2.70841650    2.09633386    2.67408298    2.91323193    1.82950629    2.05354953    2.49441650    2.17350139    2.55865661    2.58130618    1.61381923    2.59467445
R6Q0N0_9BACT/76-166     2.08584555    2.08596400    1.98366324    1.24840051    1.29147795    1.23048182    1.24301945    1.44988087    1.15714041    0.61639646    0.71450643    0.59835837    0.00000000    0.53615416    0.27001198    0.36606878    0.39474600    1.39926211    1.52772820    1.23632782    1.58010269    1.35457852    1.48491474    2.17859538    1.85697663    1.86761439    1.57479191    1.66036531    2.25701990    1.54547952    2.79338094    2.39483502    2.79666991    2.06858463    1.71770429    1.86922394    2.14849083    1.80495281    1.93524426    2.42984861    2.29340601    2.28243453    2.34753544    1.67097882    2.01668890    1.84451133    2.03942877    2.06409830    2.41154307    1.94470391    2.45192429    2.81575773    1.95193356    2.13725241    2.19498583    1.99641699    2.16721456    1.90742517    1.77635256    2.81560677
R6X3Q3_9BACT/123-213     2.22350031    2.09877788    1.87510612    1.45228041    1.50581152    1.61996120    1.52639255    1.77949151    1.47202421    0.74850638    0.88994188    0.74305821    0.53615416    0.00000000    0.54253178    0.67704545    0.70266899    1.83311306    1.67692627    1.81658410    1.42490840    1.44462822    1.60351501    2.17012992    1.99980342    1.72179274    1.47937822    1.77870838    2.56857101    1.70343189    2.80359884    2.31228019    2.63946760    2.15000096    1.81141086    2.00300732    2.19969446    1.95015866    2.14862385    2.49053513    2.44145537    2.50084511    2.67319256    1.74706361    2.14465342    2.12854206    2.37923135    2.29297490    2.52761842    2.31381446    2.49510294    2.73603965    1.88941489    1.81662469    2.50672406    2.35856392    2.44364014    2.55953224    1.87750491    2.81123174
R6DED6_9BACE/122-212     2.46493092    2.27521096    1.92662105    1.31316477    1.52337821    1.24313091    1.18350080    1.47693308    1.11513891    0.69079322    0.75910431    0.62279795    0.27001198    0.54253178    0.00000000    0.27928540    0.32960328    1.71992370    1.54858186    1.34359328    1.49276567    1.45633604    1.57795851    2.02765264    1.74945768    1.87724879    1.60388898    1.70254986    2.57125509    1.52796119    2.94882205    2.29767489    2.63467884    2.01973835    1.73904468    2.02013098    2.19481248    1.79281489    1.95097649    2.49510437    2.39842526    2.45928046    2.48795640    1.64129029    2.24060130    2.06302888    2.29870473    2.30565016    2.59739652    2.21559799    2.42073432    3.08747723    1.87913237    2.24253738    2.18176295    2.17764524    2.24591541    2.11142071    1.70570386    2.94819799
R6CP55_9BACT/127-217     2.12497451    1.90892967    1.80595451    1.36294024    1.59636022    1.24743876    1.23946220    1.49505958    1.25126384    0.64100928    0.57174476    0.52265747    0.36606878    0.67704545    0.27928540    0.00000000    0.39467228    1.69850256    1.41509308    1.58534852    1.42301336    1.52919175    1.71094578    2.12953245    1.76781522    1.90371879    1.51775481    1.70585610    2.23107821    1.53851553    2.96484107    2.49913144    2.50313257    2.12228580    1.71447919    1.81785737    2.23437572    1.80212753    1.71622906    2.01438207    1.90764861    2.21729954    2.32268814    1.76513950    2.32766448    2.08408970    2.10252122    2.50034658    2.51880791    2.09852816    2.46121183    3.03283044    1.96519738    1.68085868    2.04571181    1.88305947    2.15219847    2.23309799    1.66353526    2.41346208
R5P868_9BACT/119-209     2.48209524    2.23836866    2.11995255    1.33715335    1.41144449    1.14506777    1.30184413    1.34663386    1.05422226    0.86166535    0.71829289    0.67182421    0.39474600    0.70266899    0.32960328    0.39467228    0.00000000    1.68425727    1.60387029    1.50151436    1.60731268    1.41202997    1.69737195    2.21151763    1.96476518    1.98027574    1.53566463    1.69915671    2.00154939    1.48953177    2.97140211    2.10529702    2.68475236    1.97217528    1.58558749    1.93565475    2.11027449    1.75417991    1.95785186    2.45598572    2.31320682    2.65754195    2.47419683    1.98381205    2.19277687    2.11563970    2.28735456    2.39606768    2.79569291    2.10997691    2.71377022    2.87064771    1.87750931    2.10175785    2.34144935    2.10744571    2.37053552    2.41312611    2.06172999    2.64438777
R6ZT77_9BACE/219-309     2.38331583    2.42707616    1.80418164    1.53609811    1.37892802    1.19393625    1.27746059    1.51136607    1.56168867    1.58674212    1.55396167    1.65702116    1.39926211    1.83311306    1.71992370    1.69850256    1.68425727    0.00000000    0.69716633    1.54234604    1.46111126    1.85593604    1.93203695    2.98784111    1.94242206    1.89910716    1.99223205    2.35186463    2.15817164    1.75912730    2.83266802    2.42147852    2.82244836    2.29424079    2.10569605    2.30944042    3.26753050    2.47385730    2.29358305    2.27069777    2.24391407    2.84120880    2.51298396    2.02617023    2.18620976    2.36479168    2.59918178    2.24681558    2.59930764    1.74311944    2.88423035    2.46616807    1.65430080    2.15508948    2.06506731    2.07264798    2.45858680    2.60065201    2.20685981    2.56098050
R6MKA2_9BACE/222-312     2.06742940    2.39087452    1.90915179    1.72083356    1.61422694    1.26108866    1.39460051    1.47311320    1.40819032    1.49863669    1.55694794    1.69553392    1.52772820    1.67692627    1.54858186    1.41509308    1.60387029    0.69716633    0.00000000    1.65717592    1.70625051    1.61628643    1.66977507    2.16892761    1.83423454    1.61452616    1.38855605    2.53857116    2.21329381    2.25415558    2.91751682    2.38531211    2.84182525    2.31083992    2.16749763    2.32597614    2.72478125    2.39020117    2.33902513    1.90060191    1.65345489    2.82754111    2.50055082    1.86406469    2.38289879    2.20474430    2.22878243    2.00445797    2.40953674    1.72279064    2.27596886    2.10617159    1.75936209    2.02957162    2.05215590    1.99092270    2.50500544    2.40936091    2.50367654    2.68981613
R7CXE8_9BACE/48-139     2.52995798    2.50925738    2.10226790    1.68216707    1.64295257    1.34654144    1.76444363    1.91607921    1.51342296    1.43649356    1.59513000    1.74528428    1.23632782    1.81658410    1.34359328    1.58534852    1.50151436    1.54234604    1.65717592    0.00000000    1.84044558    1.45534478    1.52007149    2.08234512    1.89742543    1.39375233    1.56890501    2.35975226    2.42568242    1.86898490    2.57983408    2.37432132    2.73871352    1.90691244    1.85248875    1.98369564    2.20961468    1.90322287    2.85499290    2.31076227    2.39438666    2.65941066    2.65944758    2.23999813    2.48196497    2.50788477    2.76178189    2.44982905    2.80695480    2.02744331    2.36806518    2.34258153    2.10459448    2.30339350    2.15182704    2.19653797    2.12638491    2.10413507    2.04811028    2.36926514
I0AMX3_IGNAJ/90-180     2.04434823    2.10950145    1.66998873    1.53257021    1.69977595    1.55701083    1.47053564    1.42888980    1.63102466    1.49296508    1.49675679    1.57129247    1.58010269    1.42490840    1.49276567    1.42301336    1.60731268    1.46111126    1.70625051    1.84044558    0.00000000    1.32698550    1.27852780    1.92741193    1.59563041    1.37032975    1.33132326    1.89235898    1.87580593    1.57584758    2.37990540    2.01272739    2.10615294    1.81335128    1.77654776    1.67644967    1.99145299    1.58883551    1.73770230    1.65702542    1.62369272    2.60087868    2.50971890    1.74741350    2.09649921    2.05136821    2.32401554    1.95720928    2.00883657    1.65763189    1.95825017    2.73224693    1.69204223    2.11332722    1.92012270    1.83954740    2.61988201    2.39813437    1.41038334    2.32736638
Q8A4U3_BACTN/130-220     1.76713077    2.64193968    1.69117253    1.47932720    1.75909652    1.32937502    1.37408059    1.49055866    1.39379465    1.43839011    1.52825117    1.59902310    1.35457852    1.44462822    1.45633604    1.52919175    1.41202997    1.85593604    1.61628643    1.45534478    1.32698550    0.00000000    0.96985865    1.46319435    1.31676580    0.98458953    0.68301597    1.49191126    1.39181783    1.24464319    2.52665599    2.01004241    2.31024815    1.82718944    1.38484443    1.35473383    1.77878336    1.32998328    1.91095492    1.91400591    1.64581164    3.18475082    2.63521642    2.13724926    2.28099599    2.22412721    2.34234970    2.34233460    2.15988746    2.09711648    2.34236680    2.23425605    2.38496136    2.75729973    2.52907187    2.56164954    2.46130373    2.90375363    1.76709251    2.39400849
A0A371ACX3_BACFN/125-215     2.23492926    2.45336801    1.90990661    1.53351885    1.61712515    1.27248244    1.33239814    1.17165120    1.38180802    1.51090626    1.67306989    1.68548889    1.48491474    1.60351501    1.57795851    1.71094578    1.69737195    1.93203695    1.66977507    1.52007149    1.27852780    0.96985865    0.00000000    1.34860167    1.17606870    1.07286837    0.84320588    1.58731804    1.80586577    1.44876715    2.43796937    2.31670914    2.50609536    1.76953296    1.89908203    1.50383619    1.75664822    1.69172128    1.86483616    1.92240860    1.79283653    3.37777626    3.23182555    2.45903757    2.29332717    2.29356513    2.73292373    2.33636954    2.11781687    2.39914969    2.35994923    3.57112291    2.44826578    2.76877310    2.90986483    2.98204964    2.14377460    2.63617566    2.46561363    2.39603256
Q8A4U4_BACTN/131-221     2.51324819    2.31157372    2.14150861    2.87662972    2.52720311    1.93778574    1.75544560    1.87209067    1.91302203    2.43279956    2.52233616    2.56175001    2.17859538    2.17012992    2.02765264    2.12953245    2.21151763    2.98784111    2.16892761    2.08234512    1.92741193    1.46319435    1.34860167    0.00000000    1.41132921    1.41041070    1.24041401    2.38412029    2.67169977    1.91448881    2.92776885    2.37659752    2.56256025    2.86292041    2.30237286    2.63272689    1.99777911    1.92688463    2.02042685    2.27553715    2.07259556    3.32327498    3.53163848    2.63317241    3.25912914    3.08368593    3.50545957    2.82127235    2.88455632    2.63881553    2.63533369    2.35602845    3.10948756    3.01031754    2.92524726    3.00589883    2.99686229    3.87904172    2.67079031    2.61318631
Q8A4U4_BACTN/240-330     2.52245883    2.48084643    1.76890597    2.28595634    1.95231643    1.53442594    1.76244373    1.70251206    1.84606108    1.61740209    1.87534435    1.90518711    1.85697663    1.99980342    1.74945768    1.76781522    1.96476518    1.94242206    1.83423454    1.89742543    1.59563041    1.31676580    1.17606870    1.41132921    0.00000000    1.13218351    1.02891720    1.50311421    1.67503210    1.51531700    2.00694041    2.55553810    2.41686943    1.73289320    1.57390574    1.81445157    1.73567180    1.65512958    1.76786722    1.79388513    1.84840117    3.54880381    2.55957865    2.25715227    2.66462789    2.75651474    3.32295365    2.83406129    2.31949475    2.61734424    2.59422998    3.69898763    2.48398878    2.34326045    2.62298554    2.63151612    2.57352851    2.78309782    2.09023971    2.32842209
E6STT9_BACT6/113-203     2.19169341    2.75784197    1.79061478    1.96866022    2.19332926    1.62987947    1.85159770    1.94134920    1.84720078    1.53725187    1.96935426    2.14044927    1.86761439    1.72179274    1.87724879    1.90371879    1.98027574    1.89910716    1.61452616    1.39375233    1.37032975    0.98458953    1.07286837    1.41041070    1.13218351    0.00000000    0.81755233    1.75011098    1.81364445    1.51881619    2.44341507    1.96568459    1.98938814    1.51357038    1.43905086    1.28209948    1.77097295    1.54429161    2.12252573    1.97769934    1.89240752    3.42343465    2.79411362    2.46555091    2.47181158    2.54699695    3.31895899    2.52856783    2.34408705    2.57057906    2.05884981    2.71579392    2.36809170    2.12278386    2.31441079    2.24960437    2.51949785    2.90670408    1.84993950    2.56400499
A0A371ACY1_BACFN/119-209     1.95052861    2.39519184    1.71778938    1.72631607    1.46350704    1.31742915    1.55817170    1.78636778    1.50701927    1.26600035    1.48006463    1.58780035    1.57479191    1.47937822    1.60388898    1.51775481    1.53566463    1.99223205    1.38855605    1.56890501    1.33132326    0.68301597    0.84320588    1.24041401    1.02891720    0.81755233    0.00000000    1.62812935    1.41771897    1.31100092    2.41848923    2.03036541    2.20990968    1.54005918    1.50717006    1.22980495    1.64315822    1.39276416    1.93790581    1.86969734    1.72659907    2.67016824    2.81274863    2.47600617    2.52225750    2.48794914    2.98369922    2.22303711    2.03020848    2.15379132    2.34933143    2.81166438    2.10848609    2.21884906    2.63682843    2.43273506    2.55590263    2.63678615    2.16993674    2.16574156
I4A215_ORNRL/87-177     2.84122758    2.40401591    1.79477229    1.82029074    2.03924452    2.03789785    2.07524538    2.05761885    2.07807258    1.75354117    1.63186224    1.71131979    1.66036531    1.77870838    1.70254986    1.70585610    1.69915671    2.35186463    2.53857116    2.35975226    1.89235898    1.49191126    1.58731804    2.38412029    1.50311421    1.75011098    1.62812935    0.00000000    1.35704246    1.12736705    1.94070365    2.33059141    2.31831636    1.45556784    1.29359309    1.30528028    1.37091905    1.63381215    1.45457701    2.02183801    1.79703457    2.81942966    2.63421102    2.44760812    2.20988688    2.09831045    2.56644524    2.26494117    2.61284532    2.94678402    3.03101211    3.70532968    1.81449391    2.05506562    2.23702528    2.20824395    2.00549328    2.05628811    1.75665210    2.27416379
F2ICZ8_FLUTR/141-231     2.70835688    2.36284659    1.64681432    2.19568490    2.42709015    2.25640336    2.28788326    2.49543999    2.48868402    2.19333828    2.15298167    2.42028229    2.25701990    2.56857101    2.57125509    2.23107821    2.00154939    2.15817164    2.21329381    2.42568242    1.87580593    1.39181783    1.80586577    2.67169977    1.67503210    1.81364445    1.41771897    1.35704246    0.00000000    1.17159475    2.03094347    1.91308350    2.13936571    1.18543179    1.28792462    1.32277749    1.72257547    1.34683417    1.99425536    2.17557775    2.37759265    2.99431813    3.33613137    2.01047133    2.33948625    2.28855086    2.60826123    2.19861492    2.18210975    2.26949521    3.23631138    5.11529500    2.78589634    1.58871251    2.47709707    2.55286715    2.41127241    2.57592153    1.83292291    1.97305707
H8KXB4_SOLCM/147-237     2.09346498    2.42492212    1.62045045    1.88797760    1.78887056    1.62767281    1.60607329    1.71736210    1.67990583    1.46569774    1.52558479    1.70938987    1.54547952    1.70343189    1.52796119    1.53851553    1.48953177    1.75912730    2.25415558    1.86898490    1.57584758    1.24464319    1.44876715    1.91448881    1.51531700    1.51881619    1.31100092    1.12736705    1.17159475    0.00000000    1.79599465    1.57763163    2.08159287    1.00355557    1.19259548    1.22097962    1.74431611    1.31954256    1.50078245    2.10764101    1.88320400    2.45295973    3.07749556    2.21056039    2.24035521    2.21204224    2.28019618    2.44652664    2.32379935    2.47035992    2.99966548    4.22393202    2.47593907    1.84359882    2.25727642    2.27599475    1.74388390    2.42602448    1.75988077    2.33089992
H6L8T8_SAPGL/149-240     3.92703292    3.62372370    3.49183795    3.41175244    3.60527670    2.80334880    2.58530813    3.00556787    2.90584728    3.32645579    3.05702536    3.12039041    2.79338094    2.80359884    2.94882205    2.96484107    2.97140211    2.83266802    2.91751682    2.57983408    2.37990540    2.52665599    2.43796937    2.92776885    2.00694041    2.44341507    2.41848923    1.94070365    2.03094347    1.79599465    0.00000000    2.28018605    2.10115422    1.63161475    1.75313607    2.53033770    3.09392670    2.55574905    3.06105483    2.74498196    3.08255228    3.22313086    4.31251292    3.08855181    4.61370566    3.93688310    4.34165782    4.19105833    3.40674436    3.88133805    3.67615897    3.60356855    2.96488367    4.19137996    2.96873280    3.40214047    3.77049839    3.63490238    2.37775696    2.84989111
I4APL2_BERLS/222-312     2.43635601    2.98603073    2.75552292    2.69439367    2.92709578    2.59199683    2.55872219    2.73832391    2.82294322    2.16626554    2.07561620    2.24556548    2.39483502    2.31228019    2.29767489    2.49913144    2.10529702    2.42147852    2.38531211    2.37432132    2.01272739    2.01004241    2.31670914    2.37659752    2.55553810    1.96568459    2.03036541    2.33059141    1.91308350    1.57763163    2.28018605    0.00000000    1.40207992    1.87648354    2.06779950    2.14277198    2.83404687    2.03915341    2.33608781    2.26279755    2.74757193    3.71906354    3.91073291    2.97436278    3.47251859    3.22254781    3.84750515    3.29663672    3.48501908    2.93924923    3.33948423    3.23065611    3.68353389    2.98833251    2.68733679    2.51142148    2.83813477    3.21117303    2.79221021    2.81768399
I4APL2_BERLS/77-168     2.58315406    2.37318737    2.36306609    2.85079613    3.52176078    2.93515087    2.61361177    2.92534768    2.76094248    2.94742936    2.62043214    2.69597026    2.79666991    2.63946760    2.63467884    2.50313257    2.68475236    2.82244836    2.84182525    2.73871352    2.10615294    2.31024815    2.50609536    2.56256025    2.41686943    1.98938814    2.20990968    2.31831636    2.13936571    2.08159287    2.10115422    1.40207992    0.00000000    1.89052982    2.36679364    2.07376599    2.78754303    2.19930692    2.43371743    2.10342950    2.28960039    3.43028257    3.42671918    3.51348029    3.05985021    3.47761323    3.39537600    3.42648670    3.47211718    3.36055226    3.34992954    3.33537516    2.86493458    3.41116904    2.78800917    2.77727086    2.98559689    3.14783233    2.69111060    2.76852169
F2IJH9_FLUTR/224-314     2.80283403    3.20655424    1.86374229    2.12315135    2.16551525    1.94792412    2.08190906    2.18234518    2.33949912    2.40970868    2.25978451    2.54014480    2.06858463    2.15000096    2.01973835    2.12228580    1.97217528    2.29424079    2.31083992    1.90691244    1.81335128    1.82718944    1.76953296    2.86292041    1.73289320    1.51357038    1.54005918    1.45556784    1.18543179    1.00355557    1.63161475    1.87648354    1.89052982    0.00000000    0.95043587    1.46286169    1.57201299    1.46192861    1.99203673    2.26050540    2.30458565    2.60331950    3.90677309    2.73360017    2.69516598    2.76480396    2.84336984    2.46574734    2.44870956    2.90291017    3.24174514    4.50205365    2.58150418    2.37673916    2.85461010    3.08487709    2.44486798    2.63673869    1.99826141    2.38550894
G8TKA4_NIAKG/207-297     2.61179594    2.74788985    1.85726342    2.27236869    2.21529126    2.10969201    1.70252432    2.10796999    1.94270120    1.71222363    1.64306057    1.95731568    1.71770429    1.81141086    1.73904468    1.71447919    1.58558749    2.10569605    2.16749763    1.85248875    1.77654776    1.38484443    1.89908203    2.30237286    1.57390574    1.43905086    1.50717006    1.29359309    1.28792462    1.19259548    1.75313607    2.06779950    2.36679364    0.95043587    0.00000000    1.35719047    1.60059413    1.38306202    1.80951934    2.06023408    1.98848159    2.41379795    3.18125617    2.69487253    2.98698349    2.74350326    3.82409360    2.89321937    2.66497120    2.64077333    2.97130475    3.75866614    2.75501850    2.25182463    2.69885760    2.66301768    2.30889224    2.83051316    1.75724750    2.24752250
J9R7Q8_RIEAN/156-246     2.45875831    2.61028548    1.76875831    2.20280967    2.49420470    2.22114201    2.27328159    2.20804861    2.40816514    1.71250375    1.73641994    2.05573046    1.86922394    2.00300732    2.02013098    1.81785737    1.93565475    2.30944042    2.32597614    1.98369564    1.67644967    1.35473383    1.50383619    2.63272689    1.81445157    1.28209948    1.22980495    1.30528028    1.32277749    1.22097962    2.53033770    2.14277198    2.07376599    1.46286169    1.35719047    0.00000000    1.28713967    1.13686743    1.94429254    2.05574460    1.94478673    3.00895023    3.77265848    2.53070593    2.67874822    2.67207258    2.88363487    2.77557821    2.67080440    2.73007648    2.97640276    2.68469137    2.69585162    2.51372606    2.71291217    2.68226684    2.47385233    2.29193670    2.18052639    2.12688251
F9YR37_CAPCC/185-275     2.90375901    3.07495638    2.00152678    2.46442346    2.52599217    2.25514333    2.43839467    2.26427111    2.13876586    2.23587994    2.01222436    2.16658257    2.14849083    2.19969446    2.19481248    2.23437572    2.11027449    3.26753050    2.72478125    2.20961468    1.99145299    1.77878336    1.75664822    1.99777911    1.73567180    1.77097295    1.64315822    1.37091905    1.72257547    1.74431611    3.09392670    2.83404687    2.78754303    1.57201299    1.60059413    1.28713967    0.00000000    0.96441989    2.49860543    2.71856119    2.50222175    2.78148291    3.04461475    2.87200654    3.43165036    3.34323281    3.57375686    3.00900356    2.65752100    3.62140962    3.56220857    3.72762645    2.64750610    2.38527383    3.07632319    2.85266102    3.14397904    2.75385680    2.16258352    2.08992041
C7M5Q3_CAPOD/171-261     2.51456569    2.60123961    1.81129300    1.93790712    1.99519435    2.18765318    2.01999124    1.92666136    2.15609717    1.71268763    1.55800240    1.76161922    1.80495281    1.95015866    1.79281489    1.80212753    1.75417991    2.47385730    2.39020117    1.90322287    1.58883551    1.32998328    1.69172128    1.92688463    1.65512958    1.54429161    1.39276416    1.63381215    1.34683417    1.31954256    2.55574905    2.03915341    2.19930692    1.46192861    1.38306202    1.13686743    0.96441989    0.00000000    2.21184286    2.02866764    1.70565688    3.57634656    3.10724579    2.29517655    2.67458713    3.00902315    3.43300925    2.88584798    2.42047734    3.05687290    3.51725327    3.44762662    1.99524552    2.42761303    2.81588841    2.55253020    2.87779542    3.15641514    1.80772527    2.37156936
K7WZA0_9NOST/80-168     2.75947599    2.11923210    2.34058468    2.37380442    2.39052427    2.42747810    2.06108695    2.43504684    2.32551718    1.84278146    2.35005117    2.16164461    1.93524426    2.14862385    1.95097649    1.71622906    1.95785186    2.29358305    2.33902513    2.85499290    1.73770230    1.91095492    1.86483616    2.02042685    1.76786722    2.12252573    1.93790581    1.45457701    1.99425536    1.50078245    3.06105483    2.33608781    2.43371743    1.99203673    1.80951934    1.94429254    2.49860543    2.21184286    0.00000000    1.61496941    1.80608791    2.78602262    2.65415554    2.43711031    2.80638943    2.82340458    3.66065697    2.76948375    3.29558361    2.95150827    3.16570214    4.30258221    2.84177321    3.12106543    3.00934865    2.94717668    2.10176175    3.23601292    1.95027279    3.34988719
A0A0D2VX37_CAPO3/6-97     2.54853331    2.55753449    1.63601262    2.39149457    2.49055348    2.16704198    2.13797756    2.10628525    2.40830733    2.37788898    2.27068188    2.46071791    2.42984861    2.49053513    2.49510437    2.01438207    2.45598572    2.27069777    1.90060191    2.31076227    1.65702542    1.91400591    1.92240860    2.27553715    1.79388513    1.97769934    1.86969734    2.02183801    2.17557775    2.10764101    2.74498196    2.26279755    2.10342950    2.26050540    2.06023408    2.05574460    2.71856119    2.02866764    1.61496941    0.00000000    1.25472325    2.55519232    2.29519789    2.71106369    2.49487679    2.62105675    3.56437833    2.24568911    2.58746916    2.24097275    2.63561475    3.43758833    2.26855619    2.41780443    2.70816733    2.60037659    2.47382373    2.47074050    2.27332366    2.89083106
D3BK93_POLPP/4-93     3.01912469    2.62679884    2.20175243    2.47210763    2.35455484    2.56259984    1.88114091    2.07045159    2.61769816    1.92833599    1.70877377    2.04010400    2.29340601    2.44145537    2.39842526    1.90764861    2.31320682    2.24391407    1.65345489    2.39438666    1.62369272    1.64581164    1.79283653    2.07259556    1.84840117    1.89240752    1.72659907    1.79703457    2.37759265    1.88320400    3.08255228    2.74757193    2.28960039    2.30458565    1.98848159    1.94478673    2.50222175    1.70565688    1.80608791    1.25472325    0.00000000    3.21623848    2.85102608    2.79060072    2.87101819    2.99025926    3.33464283    2.61139667    3.23269101    2.78971585    2.14809305    3.19839228    2.50419715    2.62269590    2.87565485    2.69009526    2.88534939    2.51485035    2.23749931    2.52890273
A2F6J4_TRIVA/54-144     3.41393833    2.92712918    2.56994626    2.96447088    2.82175326    2.62992998    2.97486239    2.95425959    2.56897390    2.73517672    2.84991372    2.62038985    2.28243453    2.50084511    2.45928046    2.21729954    2.65754195    2.84120880    2.82754111    2.65941066    2.60087868    3.18475082    3.37777626    3.32327498    3.54880381    3.42343465    2.67016824    2.81942966    2.99431813    2.45295973    3.22313086    3.71906354    3.43028257    2.60331950    2.41379795    3.00895023    2.78148291    3.57634656    2.78602262    2.55519232    3.21623848    0.00000000    3.12826398    3.12720118    2.82504774    3.53250792    4.47848309    3.21576693    3.73834530    3.03449465    3.93318757    2.84347149    2.65288566    2.29847650    3.44222010    3.23215616    3.42894317    3.19446704    2.33314733    2.85613280
D2W198_NAEGR/419-510     3.15171222    2.84625531    2.74835494    2.35294236    2.24258298    2.50827411    2.35396907    2.49056025    2.11639677    2.44100697    2.49151417    2.52982764    2.34753544    2.67319256    2.48795640    2.32268814    2.47419683    2.51298396    2.50055082    2.65944758    2.50971890    2.63521642    3.23182555    3.53163848    2.55957865    2.79411362    2.81274863    2.63421102    3.33613137    3.07749556    4.31251292    3.91073291    3.42671918    3.90677309    3.18125617    3.77265848    3.04461475    3.10724579    2.65415554    2.29519789    2.85102608    3.12826398    0.00000000    2.11479767    2.30808697    2.34890681    2.66235492    2.21650112    2.49968301    2.20415244    2.78244721    3.15099334    2.12966140    3.21782311    2.77598709    2.57992491    3.04421517    2.78104915    2.48651584    3.95091146
D2VN90_NAEGR/215-309     2.77087578    2.32405235    2.04321964    2.14826622    1.96941191    2.25496990    1.77590388    2.17256420    1.76106320    2.07031000    2.43419941    1.98267367    1.67097882    1.74706361    1.64129029    1.76513950    1.98381205    2.02617023    1.86406469    2.23999813    1.74741350    2.13724926    2.45903757    2.63317241    2.25715227    2.46555091    2.47600617    2.44760812    2.01047133    2.21056039    3.08855181    2.97436278    3.51348029    2.73360017    2.69487253    2.53070593    2.87200654    2.29517655    2.43711031    2.71106369    2.79060072    3.12720118    2.11479767    0.00000000    0.87739161    0.78865081    1.14967368    0.98653406    1.25319176    0.88131808    2.06097412    2.29927893    1.33519123    1.88795645    1.90648142    1.95957334    1.84908924    2.29915050    2.24486891    2.77627368
D2W3H0_NAEGR/70-164     2.50966998    1.87698951    2.26540821    2.03240292    1.75427581    2.07762765    2.04098754    2.17261813    2.02569232    2.07036449    2.15615026    2.05969673    2.01668890    2.14465342    2.24060130    2.32766448    2.19277687    2.18620976    2.38289879    2.48196497    2.09649921    2.28099599    2.29332717    3.25912914    2.66462789    2.47181158    2.52225750    2.20988688    2.33948625    2.24035521    4.61370566    3.47251859    3.05985021    2.69516598    2.98698349    2.67874822    3.43165036    2.67458713    2.80638943    2.49487679    2.87101819    2.82504774    2.30808697    0.87739161    0.00000000    0.38204057    0.74634337    0.73450986    1.07042222    0.61978518    2.38908209    2.76895072    1.38301151    2.15458333    2.17840563    2.10562205    1.74343133    2.39528034    2.13407635    3.00267398
D2VX04_NAEGR/155-249     2.44785391    2.21203294    2.13549355    2.18678823    1.94175758    2.25247598    2.04266891    2.07144081    1.92794766    2.03645426    2.39146357    2.09291692    1.84451133    2.12854206    2.06302888    2.08408970    2.11563970    2.36479168    2.20474430    2.50788477    2.05136821    2.22412721    2.29356513    3.08368593    2.75651474    2.54699695    2.48794914    2.09831045    2.28855086    2.21204224    3.93688310    3.22254781    3.47761323    2.76480396    2.74350326    2.67207258    3.34323281    3.00902315    2.82340458    2.62105675    2.99025926    3.53250792    2.34890681    0.78865081    0.38204057    0.00000000    0.59021054    0.48264517    0.90772189    0.52371048    1.95840733    2.20824054    1.42822193    1.79185395    2.03619496    1.98165564    1.66696627    2.16496235    2.11428742    3.08750933
