19
E4NLC7_HALBP/335-403     0.00000000    0.94220382    1.08631157    1.09737764    1.41554434    1.83564270    2.12805310    1.59231821    1.65049648    1.84869375    2.39294183    2.33542152    2.45838969    3.28838359    2.12201974    2.13653204    2.58031024    3.03242082    2.70959463
E4NNI9_HALBP/324-399     0.94220382    0.00000000    0.89337293    0.88955343    1.10493477    1.46904919    1.93128740    1.18726715    1.35944984    1.89435628    2.70588568    3.14701389    3.32600664    4.63240566    1.62492494    2.10045414    2.55626796    2.03988701    2.28519066
L0I5A3_HALRX/310-385     1.08631157    0.89337293    0.00000000    1.11957582    1.37598672    1.46141071    1.68269479    1.21918950    1.40274983    1.90486595    2.71901922    2.61034322    3.55020944    2.97966382    1.90909382    2.41122317    2.10916059    2.82643920    2.99747755
E4NKW7_HALBP/191-266     1.09737764    0.88955343    1.11957582    0.00000000    0.53418834    1.11500837    1.15303648    1.01104562    1.15047730    1.97231070    1.93238356    2.17015118    2.78204277    3.33966661    2.14445329    2.71866090    1.64073564    2.08902842    2.10670748
Q97IK0_CLOAB/302-377     1.41554434    1.10493477    1.37598672    0.53418834    0.00000000    1.00440294    1.00370615    1.12248784    1.14660325    1.49668393    1.88669172    2.14104230    2.57764978    2.90967394    1.92721090    2.10766198    1.72539552    1.70227892    2.11926799
C5BZG6_BEUC1/291-366     1.83564270    1.46904919    1.46141071    1.11500837    1.00440294    0.00000000    1.48006033    1.34283203    1.24910467    1.45624358    2.19996609    2.39151339    3.09284231    3.51628994    1.99528468    2.48865888    1.76308803    2.48432389    2.71607887
I6XSL9_PSEPQ/816-892     2.12805310    1.93128740    1.68269479    1.15303648    1.00370615    1.48006033    0.00000000    1.59023561    1.54295807    2.21048612    2.94811203    2.71759267    3.56525614    3.34922827    2.50163755    2.02423345    2.17100347    2.06419820    2.28144468
YQCG_BACSU/453-522     1.59231821    1.18726715    1.21918950    1.01104562    1.12248784    1.34283203    1.59023561    0.00000000    0.36223097    1.79717278    1.84325437    1.59437965    2.39166237    3.09731751    1.87845482    1.67301197    1.40109954    2.12640931    2.26956238
A9I1F1_BORPD/292-361     1.65049648    1.35944984    1.40274983    1.15047730    1.14660325    1.24910467    1.54295807    0.36223097    0.00000000    1.84264710    1.71017626    1.58419412    2.96905352    3.44531887    1.76825467    1.72226366    1.65023760    2.37966746    2.54106849
B9M483_GEODF/91-140     1.84869375    1.89435628    1.90486595    1.97231070    1.49668393    1.45624358    2.21048612    1.79717278    1.84264710    0.00000000    1.51733179    1.73577486    2.73296215    2.83044371    1.45860307    2.23852035    1.92810568    1.90512708    2.06478076
B2JXD4_PARP8/2950-3016     2.39294183    2.70588568    2.71901922    1.93238356    1.88669172    2.19996609    2.94811203    1.84325437    1.71017626    1.51733179    0.00000000    0.42246814    1.92720327    2.68997195    2.27703715    2.74098072    4.01353566    3.95537266    3.21530662
H8GNL3_METAL/1383-1446     2.33542152    3.14701389    2.61034322    2.17015118    2.14104230    2.39151339    2.71759267    1.59437965    1.58419412    1.73577486    0.42246814    0.00000000    2.69055949    3.49205190    2.60802348    2.72227962    3.97399371    3.86934326    3.15230645
G0G8R6_AMYMS/1449-1502     2.45838969    3.32600664    3.55020944    2.78204277    2.57764978    3.09284231    3.56525614    2.39166237    2.96905352    2.73296215    1.92720327    2.69055949    0.00000000    2.22464387    2.21660552    2.36173586    2.41845003    3.35772164    2.89621586
F4GWN0_PUSST/211-279     3.28838359    4.63240566    2.97966382    3.33966661    2.90967394    3.51628994    3.34922827    3.09731751    3.44531887    2.83044371    2.68997195    3.49205190    2.22464387    0.00000000    3.26695020    3.91634746    3.52980361    3.80424465    3.57554693
R7FFL2_9FIRM/206-276     2.12201974    1.62492494    1.90909382    2.14445329    1.92721090    1.99528468    2.50163755    1.87845482    1.76825467    1.45860307    2.27703715    2.60802348    2.21660552    3.26695020    0.00000000    2.22583555    1.45669121    1.92503118    2.35938195
F8JZP7_STREN/375-447     2.13653204    2.10045414    2.41122317    2.71866090    2.10766198    2.48865888    2.02423345    1.67301197    1.72226366    2.23852035    2.74098072    2.72227962    2.36173586    3.91634746    2.22583555    0.00000000    1.87964627    1.94198196    1.78492081
B8I219_RUMCH/1272-1339     2.58031024    2.55626796    2.10916059    1.64073564    1.72539552    1.76308803    2.17100347    1.40109954    1.65023760    1.92810568    4.01353566    3.97399371    2.41845003    3.52980361    1.45669121    1.87964627    0.00000000    0.99166273    1.24879954
D6ZB38_SEGRD/430-491     3.03242082    2.03988701    2.82643920    2.08902842    1.70227892    2.48432389    2.06419820    2.12640931    2.37966746    1.90512708    3.95537266    3.86934326    3.35772164    3.80424465    1.92503118    1.94198196    0.99166273    0.00000000    1.13979404
D6ZD49_SEGRD/425-489     2.70959463    2.28519066    2.99747755    2.10670748    2.11926799    2.71607887    2.28144468    2.26956238    2.54106849    2.06478076    3.21530662    3.15230645    2.89621586    3.57554693    2.35938195    1.78492081    1.24879954    1.13979404    0.00000000

