8
H3BEL4_LATCH/1-244     0.00000000    0.38741139    0.35003254    0.35069702    0.70260491    0.58000611    0.59758582    0.85783588
W5MU18_LEPOC/1-256     0.38741139    0.00000000    0.27822953    0.33776610    0.62573356    0.49835647    0.54426902    0.82472887
H3DNQ9_TETNG/6-201     0.35003254    0.27822953    0.00000000    0.32706728    0.61572710    0.61406435    0.62533909    0.60991672
G1MQR4_MELGA/1-240     0.35069702    0.33776610    0.32706728    0.00000000    0.60664644    0.49675613    0.53125494    0.77575700
B5FX98_TAEGU/1-235     0.70260491    0.62573356    0.61572710    0.60664644    0.00000000    0.19429880    0.20688740    0.34821145
M4AUG9_XIPMA/29-226     0.58000611    0.49835647    0.61406435    0.49675613    0.19429880    0.00000000    0.05598493    0.05648730
H2M3K5_ORYLA/151-348     0.59758582    0.54426902    0.62533909    0.53125494    0.20688740    0.05598493    0.00000000    0.05588039
G3NZR4_GASAC/1-248     0.85783588    0.82472887    0.60991672    0.77575700    0.34821145    0.05648730    0.05588039    0.00000000

