100
J3NQL4_GAET3/132-226     0.00000000    0.61702929    0.61517588    0.66584441    1.18067757    0.87786788    0.87474528    0.98527928    0.89009303    1.00180147    1.30324070    1.44890047    1.27836423    1.17775973    1.03430091    0.95103390    1.41964792    1.14946495    1.02866137    1.17720680    1.14377808    1.05266446    0.98813154    1.11214538    1.10775100    1.03393675    1.09376014    1.13366259    1.01909351    1.13775337    0.88104899    1.02674215    0.85016626    1.20732669    1.46281330    1.43647845    1.49019323    1.24498282    0.97910315    1.13271210    1.00142461    0.98009500    1.63947563    1.29712859    1.79513635    1.13701369    1.23036700    1.29345333    1.49286594    1.46030309    1.58930844    1.45981818    1.90368988    1.55491546    1.16084676    1.65385717    1.55750762    1.74508870    1.72399888    1.13041175    1.89417572    1.94658314    1.76481529    1.52500781    2.32192478    1.67744731    1.68598914    1.88694439    2.00689293    2.19997841    1.78023029    1.98768163    1.74992199    1.90016844    1.56095369    1.61736051    1.54480019    1.85078066    1.39512449    1.48234840    1.65531338    1.41470840    1.66079246    1.36252462    1.48862808    1.37166623    1.27761867    1.37707858    1.51315906    1.71781169    1.41532847    1.30048488    1.51308648    1.52254274    1.88793474    1.42082347    1.25366053    1.75705454    0.99096299    1.30293293
A0A0C4DN65_MAGP6/132-227     0.61702929    0.00000000    0.74036805    0.81306515    1.27576584    0.97340714    0.95228067    1.11088424    1.09417478    1.02129087    1.53021303    1.56072979    1.24680677    1.09846570    0.84141177    1.23021932    1.39388170    1.18090498    1.08037760    1.34538242    1.36373291    1.14919519    1.08405300    1.27392904    1.22503135    1.27773830    1.13033481    1.11581123    1.11643738    1.09760493    1.17235180    0.96391053    0.80181421    1.28143897    1.32558640    1.32875769    1.13709888    1.21887817    0.89070650    1.07279283    1.13798229    0.90562602    1.56618202    1.16347479    1.58676505    1.13016409    1.17436523    1.17378533    1.37400998    1.25330925    1.36393798    1.27722145    1.64304399    1.51121932    1.23739665    1.70057993    1.34745064    1.72634035    1.58830640    1.21860316    1.71073934    2.04998681    1.69726968    1.42134310    2.17517248    1.66627741    1.71505296    1.61756600    1.75788446    2.03206708    1.56307679    1.44368725    1.59631539    1.57987501    1.37240722    1.22830931    1.29159035    1.44538999    1.00904826    1.46726046    1.44307863    1.31701300    1.37397955    1.48511975    1.57419421    1.37527097    1.50733087    1.46257217    1.42090819    1.61191188    1.47050677    1.35964365    1.36358557    1.27349954    1.75494933    1.14735433    1.17888833    1.49382222    0.96119693    1.38835431
Q7S936_NEUCR/141-232     0.61517588    0.74036805    0.00000000    0.55698210    0.75047509    0.56278768    0.56349864    0.64413841    0.69006697    0.82068491    0.97033326    1.20751303    0.84271163    0.81005865    0.71831776    0.79973436    1.29527016    0.87749245    0.82289962    1.10878786    0.62630291    0.55772240    0.59271484    0.72796095    0.75306200    0.75499919    1.01821961    0.91252043    0.76590960    0.79510828    0.78024093    0.78675671    0.68771403    1.03342625    1.02233753    0.82078902    1.01455832    0.88721585    0.81909884    0.91175377    0.99192636    0.90975768    1.26386034    1.34258298    1.61989967    1.26346943    1.33279725    1.12228690    1.09972797    1.27283655    1.34141280    1.14286202    1.60719216    1.17547877    1.17778343    1.44072212    1.44152922    1.61058049    1.57526556    0.99614007    1.70763796    2.01505732    1.63351056    1.28701269    2.28377079    1.69158373    1.65082127    1.53401070    2.05313868    2.12975187    1.63733838    1.86060219    1.65283057    1.76692607    1.25990746    1.45762084    1.41705410    1.66319540    1.27474421    1.27537058    1.46181375    1.33132514    1.39649184    1.41926837    1.23895702    1.37285923    1.22905215    1.10475599    1.23269074    1.53433328    1.34088469    1.06482006    1.39353924    1.30165178    2.00116248    1.11458466    1.16819154    1.51624863    0.78287722    1.26885945
F0XIU2_GROCL/134-229     0.66584441    0.81306515    0.55698210    0.00000000    0.82491215    0.62826560    0.60407524    0.60486126    0.57845113    0.96002208    1.14797824    0.97365877    1.13951441    1.00796774    0.73626867    0.93752733    1.48444835    1.03978227    1.18742020    1.27773409    0.81638480    0.80388181    0.71626739    0.89512014    0.85151374    0.93123980    1.21137481    1.15737489    0.94919192    1.03606187    0.78485126    0.97462935    0.77767758    0.96619384    1.16194373    1.20997315    1.23810458    1.00956072    0.92349310    0.83719104    1.00335601    0.87304328    1.35134678    1.23367834    1.50014071    1.12694772    1.18342312    1.02959123    1.09976038    1.21568435    1.11858089    1.30764769    1.47807911    1.14829277    1.39002128    1.68252408    1.51286442    1.73978046    1.62689708    1.07213343    1.99800257    1.84873004    1.62365432    1.22818456    2.62537969    1.45971017    1.48390552    1.64307117    2.20712834    2.38190031    1.76611555    2.12535376    1.75151685    1.85873642    1.55006688    1.71330972    1.57700257    1.75032575    1.50724047    1.54804792    1.63426300    1.47237328    1.52937544    1.53646762    1.65240256    1.70993783    1.55763470    1.50965785    1.57329994    1.92902190    1.71588162    1.42722785    1.58440208    1.49662853    2.16445255    1.34125991    1.12353462    1.55335741    0.92990427    1.40894400
E3KJW7_PUCGT/134-233     1.18067757    1.27576584    0.75047509    0.82491215    0.00000000    0.91379264    0.92714299    0.88112482    0.82555284    1.29810195    1.29291998    1.33116417    1.24164150    1.19968761    0.94894131    1.28013528    1.56897933    1.28952921    1.02317923    1.26019456    0.91117734    0.71800404    0.86548381    0.82581113    0.90438479    1.00250209    1.13483878    1.11796140    0.99223282    1.02537852    0.86238164    0.98014469    0.75881832    1.16689084    1.26896364    1.05300005    1.23453361    1.06433518    1.12152334    0.97171811    1.12573660    1.10305618    1.85889085    1.50918708    1.67120757    1.53413439    1.52920732    1.09837167    1.06666456    1.27055209    1.45013694    1.20814895    1.81364948    1.15550344    1.49240017    1.66058352    1.71366382    1.90761540    1.94682129    1.35825957    2.13466589    2.56007422    1.67517180    1.57300528    2.44550199    2.09274789    1.94662181    1.51192242    1.95841248    1.97886201    1.72335084    1.79657616    1.67889425    2.11876966    1.37233973    1.68906852    1.48226005    1.54916718    1.44624252    1.31090096    1.67002991    1.40245169    1.50766790    1.47643730    1.83904909    1.77874016    1.65318842    1.62446826    1.63235711    1.69709288    1.85301724    1.42703252    2.10553997    1.80155675    2.75912216    1.60906345    1.63104359    1.71510915    1.15860746    1.53275553
F9FD93_FUSOF/114-210     0.87786788    0.97340714    0.56278768    0.62826560    0.91379264    0.00000000    0.25992564    0.41468739    0.40327621    1.01566068    1.28097219    1.30907501    0.96305034    0.86542983    0.71394838    1.18750256    1.38356922    1.12149597    1.04060837    1.01556752    0.81432002    0.79953758    0.81925275    0.86329023    0.87902313    0.97130038    1.12721216    1.05525323    0.92977918    1.13333105    0.79737244    0.76173515    0.85214848    0.99801978    1.31476357    1.08430149    1.17042277    1.01773963    0.87010529    0.70996285    0.89402615    0.81477855    1.41635917    1.26420519    1.67252773    1.35478881    1.47942585    1.32494212    1.21862419    1.30312781    1.39369499    1.45922082    1.81821372    1.23241916    1.23799636    1.47420084    1.47463484    1.65551030    1.71368176    1.08035308    1.63369258    1.93806834    1.80876469    1.76757267    1.92412324    1.75742110    1.68335085    1.52062154    2.13880039    2.23615738    1.53389745    1.96732901    1.70520489    1.85015395    1.41516300    1.69095482    1.36216231    1.53850894    1.33507818    1.37146668    1.77763882    1.51164880    1.60699173    1.52090891    1.36462194    1.48789539    1.46426087    1.30368111    1.52264106    1.73559014    1.52018902    1.39850662    1.63196535    1.46188424    2.08367226    1.39127292    1.22837426    1.80393904    0.96827791    1.47574006
C7ZL97_FUSV7/115-212     0.87474528    0.95228067    0.56349864    0.60407524    0.92714299    0.25992564    0.00000000    0.44849124    0.38801412    0.99426641    1.25493255    1.31796316    1.01133582    0.85184610    0.87186926    1.19854681    1.29463828    1.18399331    0.98335378    1.10639872    0.91237261    0.86769892    0.82448498    0.90011038    0.89552893    0.96953959    1.08723546    1.10665995    0.87840551    1.12676703    0.87211198    0.77430229    0.87541774    1.00437891    1.27875173    1.17533972    1.23189408    1.08446531    0.83569780    0.81753239    0.93776053    0.97489310    1.57152432    1.39483786    1.70121344    1.49644571    1.48294481    1.37683477    1.26625554    1.41041629    1.33011076    1.28972434    1.65959933    1.22555695    1.24727739    1.62502603    1.45676541    1.60733608    1.73816706    1.17606153    1.51497409    1.92977337    1.69911833    1.84171856    1.95560382    1.80756914    1.76890945    1.61844486    2.06333590    2.29230257    1.60095653    1.92765865    1.82254068    1.84905326    1.52788002    1.61801549    1.40011182    1.53136973    1.33372692    1.30620906    1.68828448    1.46135164    1.44886818    1.45299808    1.31577982    1.38650171    1.42475844    1.23391770    1.39493545    1.77026798    1.41665999    1.33829139    1.51796293    1.41987275    2.16063877    1.24723246    1.25971872    1.79245887    0.98404141    1.49159744
J4WB32_BEAB2/128-224     0.98527928    1.11088424    0.64413841    0.60486126    0.88112482    0.41468739    0.44849124    0.00000000    0.44408613    1.13825393    1.34509128    1.37262835    1.18105447    1.19022885    0.91184109    1.32489317    1.45689300    1.29375222    1.26749842    1.28887515    0.91283551    0.85476811    0.86569561    0.92058066    0.87050637    0.94986933    1.18573828    1.11723333    1.03582932    1.03920735    0.79239232    0.94530241    0.89259311    0.99233218    1.14979883    0.93729596    1.39415127    1.16196261    0.91368098    0.96908229    0.98329915    1.00553968    1.58743990    1.24300950    1.80709013    1.32490288    1.48339052    1.30846976    1.22840863    1.30585849    1.41185915    1.44889512    1.68154631    1.18447264    1.31697743    1.44492212    1.58523297    1.67698187    1.81970808    1.12768417    1.94079847    1.86129070    1.68334336    1.65301003    2.41534179    1.68698298    1.60909519    1.62694175    2.00193905    2.10346475    1.47845050    1.89315749    1.53438147    1.73671449    1.52647119    1.60033229    1.59533124    1.61000075    1.45756318    1.33774265    1.71462113    1.50807514    1.60702958    1.40190501    1.40664477    1.47285380    1.25844970    1.26512244    1.39472844    1.55231125    1.43953694    1.29335322    1.55515340    1.37318816    2.22754103    1.39571625    1.36105979    1.80698350    1.13724430    1.54189105
E9EGC9_METAQ/109-205     0.89009303    1.09417478    0.69006697    0.57845113    0.82555284    0.40327621    0.38801412    0.44408613    0.00000000    1.00813056    1.31125916    1.23060262    1.16357756    1.03703972    0.86558600    1.22538143    1.41707102    1.03562222    1.17683697    1.15749283    1.02406010    0.89626017    0.87711310    0.86235094    0.94968145    1.08551828    1.18452827    1.10200895    0.97917822    1.07459616    0.90935470    0.88881620    0.87508924    0.98305163    1.16524156    1.02023668    1.43757588    1.19667760    0.76668798    0.95715380    1.05574805    0.99647382    1.84959768    1.45716289    1.56864673    1.45766269    1.43905237    1.43614035    1.20760887    1.26006994    1.59647945    1.26718018    1.66593615    1.13335337    1.23348396    1.37490152    1.60151415    1.63206927    1.65175295    1.09532811    1.78349495    1.85195347    1.70221108    1.59686052    2.15397447    1.73695292    1.59530970    1.56636954    1.91053002    2.21376497    1.51871995    1.86296011    1.57074233    1.72648298    1.43767280    1.67460167    1.54843706    1.56927946    1.33685618    1.42237204    1.65282321    1.49563268    1.56356263    1.53484117    1.37481284    1.41279632    1.29750104    1.27765414    1.32692614    1.58416510    1.40228194    1.19419383    1.52216250    1.40555249    2.26230346    1.45600702    1.21163881    1.73034676    1.11968814    1.56201144
Q0RN38_FRAAA/86-188     1.00180147    1.02129087    0.82068491    0.96002208    1.29810195    1.01566068    0.99426641    1.13825393    1.00813056    0.00000000    0.98671338    0.97252118    0.98337397    1.01511580    0.83217204    1.32331667    1.11692042    1.14809101    1.18161747    1.38040745    0.95449662    1.08897223    1.06938109    1.16319711    1.11151057    1.10602338    1.27366541    1.36351266    0.88035673    0.98031883    1.11267755    1.10251058    0.88377261    1.12607163    1.30553555    1.21427358    1.28807653    0.91574582    1.11580196    1.27286371    1.16434250    1.06151332    1.30765725    1.47978237    1.62376558    1.52839083    1.41082796    1.36981675    1.36386045    1.17604551    1.29087586    1.23230614    1.45411763    1.33299305    1.33714778    1.58054369    1.70366762    1.89153118    1.92927982    0.95367072    1.94651899    2.32132980    1.55241990    1.75326546    1.85656636    1.62509172    1.56935603    1.66454995    2.03549438    2.13220267    1.78411176    2.00860924    1.56535358    1.90415225    1.46590673    1.40362824    1.54615605    1.61632795    1.37879084    1.38193808    1.50388574    1.44126721    1.45724224    1.62425134    1.40618411    1.36555650    1.29460814    1.16594179    1.20069167    1.51417744    1.39003836    1.22138884    1.36396905    1.20245048    1.89567528    1.34062176    1.28326716    1.68693342    1.17229989    1.22662189
A8LBF2_FRASN/122-234     1.30324070    1.53021303    0.97033326    1.14797824    1.29291998    1.28097219    1.25493255    1.34509128    1.31125916    0.98671338    0.00000000    0.74408713    1.28255988    1.08475162    1.13967482    1.43353933    1.35077141    1.14997907    1.22243963    1.12441301    1.06576870    1.08855712    1.07978408    1.15423755    1.26934244    1.25848960    1.21543801    1.27093662    0.98976946    1.10583630    1.13054676    1.23184473    1.21840465    1.14775952    1.24448761    1.29435077    1.28043249    1.30961836    1.40225703    1.35948287    1.13828385    1.25745543    1.72836427    1.63828154    1.73164235    1.54660587    1.46585845    1.64998504    1.44374197    1.42004577    1.55309145    1.38627975    1.79482884    1.28006283    1.53031025    1.87341621    1.49291733    1.89985824    2.19775750    1.11786159    1.82190125    2.27006902    2.15399279    1.95836008    2.40643443    2.16029245    2.28264330    1.82625882    2.54724459    2.37246789    2.28457469    2.40857468    1.77656997    1.98436240    1.63758998    1.54715253    1.46831916    1.74918829    1.48275346    1.35805204    1.67781653    1.52023577    1.59860716    1.52070374    1.55637750    1.53678680    1.36832732    1.46299449    1.46805893    1.73468485    1.64938949    1.44464732    1.64790381    1.42737406    1.90656271    1.62329378    1.43942238    1.48620557    1.02907456    1.29026843
F8AUV8_9ACTN/143-249     1.44890047    1.56072979    1.20751303    0.97365877    1.33116417    1.30907501    1.31796316    1.37262835    1.23060262    0.97252118    0.74408713    0.00000000    1.27219964    1.17216743    1.02319768    1.41118780    1.60779935    1.10265977    1.45868859    1.24708229    1.18726202    1.25884318    1.25528097    1.12332768    1.20161703    1.36297748    1.47727883    1.49300112    0.84831330    1.08821977    1.23296027    1.22978759    1.23891287    1.09110238    1.20724721    1.59230378    1.33610496    1.34830921    1.38445616    1.28009433    1.20648791    1.27638089    1.71434664    1.66289621    1.70681855    1.78365139    1.98521368    1.63832257    1.65530687    1.59496250    1.52120698    1.61685259    1.44981574    1.16639224    1.88648690    1.85996394    1.59707867    2.10675526    2.32547037    1.17915517    1.99544070    2.20178563    1.93012275    2.07578801    2.52011724    2.00462607    2.15072678    2.04511479    2.53224611    2.23930555    2.16596190    2.31430819    1.86355372    1.92771126    1.57433728    1.70020991    1.48282362    1.92095039    1.48186667    1.51396778    1.69252935    1.53287842    1.67533061    1.64560120    1.97874531    1.71803452    1.71508600    1.70370707    1.67672888    2.10573689    1.93852220    1.54514596    1.51344567    1.38394198    2.01600468    1.83387604    1.66109356    1.81425693    1.39219761    1.59878452
H6MSE7_GORPV/53-160     1.27836423    1.24680677    0.84271163    1.13951441    1.24164150    0.96305034    1.01133582    1.18105447    1.16357756    0.98337397    1.28255988    1.27219964    0.00000000    0.97288147    0.92194124    1.60887459    1.54496052    1.20759196    1.13753646    1.40750310    0.98030770    0.95010137    0.91840974    1.09785354    0.95305609    1.02782109    1.43967195    1.33970209    1.04520077    1.07114811    1.01848747    1.12012821    0.97741465    1.33725872    1.12177260    1.45257949    1.44256616    1.27411257    1.29868262    1.36478680    1.52980632    1.31764802    1.54278449    1.24465625    1.85460446    1.60780784    1.59787547    1.44640067    1.65284813    1.39626298    1.25290243    1.30928516    1.61094805    1.36440037    1.38310993    1.42478188    1.56826871    2.04597849    2.00212381    1.10397966    1.89103678    2.38237900    2.17895969    2.05254428    2.43655132    1.93581311    2.08375573    1.80006436    2.50071031    2.33085243    2.19140412    2.36108472    1.73446022    2.43220621    1.64129944    1.76950668    1.79031986    1.88202917    1.73605546    1.74109720    1.88243558    1.89994745    2.01513997    1.77297156    1.88249887    1.58795967    1.64981767    1.43983855    1.52017240    1.71590816    1.78926948    1.42107458    1.68238578    1.41130755    2.01959653    1.26498555    1.56956231    2.00145867    1.15493017    1.24763139
M1VZ50_CLAP2/116-212     1.17775973    1.09846570    0.81005865    1.00796774    1.19968761    0.86542983    0.85184610    1.19022885    1.03703972    1.01511580    1.08475162    1.17216743    0.97288147    0.00000000    0.81955209    1.08863039    1.36475144    1.23831799    1.00245249    1.23219265    1.00917953    1.02976561    1.00868930    1.01264062    1.04946755    1.07091468    1.16617479    1.09203229    1.11549054    1.12606930    1.06474578    0.97737336    0.96206872    1.36851688    1.10106726    1.30162866    1.12393881    1.22618474    1.06414704    1.07438499    1.31437751    1.15294404    1.48442064    1.39990455    1.52698792    1.63265637    1.63444033    1.49684789    1.19117197    1.27525267    1.32177221    1.41544860    1.72317214    1.48195283    1.36572735    1.57623521    1.47813662    1.72544039    1.57581126    1.28245330    2.03294998    1.94900432    2.01565994    1.63254424    2.20729798    1.89761761    1.90485977    1.67272551    1.95277110    2.13087565    1.72006513    1.94413866    1.70932741    2.12819352    1.53825016    1.49492704    1.29613014    1.70562501    1.38148959    1.52445172    1.73428223    1.54079077    1.58152592    1.95207022    1.66145410    1.57264250    1.69874751    1.57144616    1.66125194    2.07511150    1.69773311    1.58696880    1.76270624    1.46684683    1.99048260    1.38283903    1.19810119    1.65571741    0.86080603    1.10132509
G2Q667_MYCTT/138-230     1.03430091    0.84141177    0.71831776    0.73626867    0.94894131    0.71394838    0.87186926    0.91184109    0.86558600    0.83217204    1.13967482    1.02319768    0.92194124    0.81955209    0.00000000    1.10672704    1.35245902    1.10903666    1.13594902    1.17682110    0.92739747    0.89071970    0.79175191    0.89372159    0.81959257    0.99542685    1.22367929    1.12475277    0.89664847    0.98332747    0.84931611    0.90382577    0.76236047    1.13653748    1.11701744    1.08048474    1.29380680    1.19279219    0.99301863    0.96815662    1.01008394    0.89979593    1.44150486    1.18974089    1.26016940    1.22101026    1.30927292    1.04224880    1.10314493    1.16543903    1.30591677    1.09689331    1.42090431    1.06948521    1.14505931    1.35800828    1.35166142    1.85049011    1.47133922    1.09426883    1.85605302    2.11432754    1.55331475    1.28232287    2.25203564    1.67020867    1.56468997    1.59936518    1.84189452    1.85974824    1.66825641    1.68495782    1.49543632    1.64517313    1.37835503    1.35635605    1.24174190    1.52177138    1.15817889    1.07826225    1.59373170    1.32612292    1.15911658    1.88830800    1.72604398    1.63892914    1.56962794    1.48252959    1.45583341    1.81011677    1.69727086    1.37873285    1.30500124    1.33155919    1.71500461    1.32505904    1.04622186    1.57646162    0.84259497    1.25114549
A4FDW1_SACEN/116-220     0.95103390    1.23021932    0.79973436    0.93752733    1.28013528    1.18750256    1.19854681    1.32489317    1.22538143    1.32331667    1.43353933    1.41118780    1.60887459    1.08863039    1.10672704    0.00000000    1.12145343    1.14734513    1.00421340    1.02796265    0.91108403    1.02669081    1.08227225    1.04905941    1.00103056    1.01114046    1.22125079    1.28922444    1.09495744    0.96626620    1.06311396    1.06287699    1.02639646    1.13185326    1.39436831    1.22698671    1.28464593    1.22688163    1.16826886    1.04724186    1.20661007    1.16655336    1.63414264    1.46418080    1.82306713    1.31767118    1.48819743    1.52090392    1.35591231    1.47551580    1.43100228    1.24493778    1.71143626    1.29765765    1.58394733    1.76161467    1.62917948    1.74693046    1.90256048    1.18298721    2.08187906    1.94835329    1.46349209    1.40737084    1.92137554    1.79467173    1.83933015    1.61998630    2.62667996    2.31972020    1.89195463    2.15052842    2.06155975    2.03228229    1.44831798    1.66733710    1.54444836    2.01199400    1.10205379    1.33294271    1.50940293    1.33759677    1.41692427    1.41572173    1.49106770    1.53903918    1.52629045    1.44777423    1.56044622    1.62744028    1.45705525    1.43881945    1.59795765    1.46232831    1.98101273    1.48119798    1.47010783    1.68295143    1.12216235    1.49466188
W5W8Z6_9PSEU/88-175     1.41964792    1.39388170    1.29527016    1.48444835    1.56897933    1.38356922    1.29463828    1.45689300    1.41707102    1.11692042    1.35077141    1.60779935    1.54496052    1.36475144    1.35245902    1.12145343    0.00000000    1.28134355    1.33647735    1.27302644    1.39224462    1.61837675    1.46488964    1.25279406    1.40563108    1.45102943    1.40049219    1.40808731    1.48045434    1.56193511    1.40170633    1.24231805    1.30683170    2.08201619    2.09319313    1.91615479    1.62104478    1.21474854    1.34244140    1.27696986    1.23913462    1.26405088    1.77139347    1.57024938    1.43608540    1.58827165    1.34316976    1.63425945    1.36521900    1.62794934    1.64924387    1.35352304    1.88672917    1.45678564    1.52688319    1.80314347    1.51088484    1.66672934    1.81727019    1.21480294    1.93273028    1.65308503    1.90184339    1.97269669    2.04008446    1.83465595    1.54413587    1.56914618    2.37100253    2.51067242    2.28686308    2.18634195    2.16355773    2.00991344    1.46749524    1.73666890    1.54794329    1.70188474    1.27536945    1.48387836    1.37988730    1.40325764    1.37586627    1.44549915    1.34435262    1.40319962    1.32292935    1.51079900    1.44679049    1.69621737    1.59152114    1.41458001    1.52698592    1.34201056    1.68064785    1.61402246    1.56891530    1.72949798    1.07770032    1.52635965
D2AWZ7_STRRD/200-307     1.14946495    1.18090498    0.87749245    1.03978227    1.28952921    1.12149597    1.18399331    1.29375222    1.03562222    1.14809101    1.14997907    1.10265977    1.20759196    1.23831799    1.10903666    1.14734513    1.28134355    0.00000000    1.18787111    1.08539620    0.91595004    0.90201674    0.90028020    0.90913577    1.06836024    1.02762356    1.30953352    1.19711930    1.33290037    1.30732655    0.97035710    1.22895970    1.15768354    1.24218206    1.25729539    1.30481754    1.41537875    1.16665538    1.19030433    1.32594351    1.43543982    1.37773257    1.63697236    1.45273910    1.52758484    1.43843049    1.54484355    1.38661345    1.35488059    1.45744310    1.50647960    1.39818259    1.57013159    1.02493436    1.56114502    1.73821021    1.51346846    1.78979446    2.06231145    1.05040191    1.51030529    1.98980392    1.71217386    2.00527120    2.24432349    1.84136502    1.75980779    1.80781685    2.65773767    2.21017334    1.86004433    2.03254472    1.84740948    1.84354870    1.50551856    1.74376341    1.62489734    1.64804738    1.35539762    1.48757720    1.56958542    1.59299447    1.74042278    1.79087446    1.73383148    1.46119730    1.33853129    1.62298938    1.64222437    1.89289129    1.88296109    1.36087126    1.60030468    1.38754500    1.70762469    1.35676218    1.49474095    1.93926400    1.30689305    1.51787545
C5G042_ARTOC/132-226     1.02866137    1.08037760    0.82289962    1.18742020    1.02317923    1.04060837    0.98335378    1.26749842    1.17683697    1.18161747    1.22243963    1.45868859    1.13753646    1.00245249    1.13594902    1.00421340    1.33647735    1.18787111    0.00000000    0.52834473    0.87332140    0.77266201    0.86635204    0.81356751    0.87348510    0.67557205    1.06894313    1.07879541    1.08709786    1.09953247    1.05058077    0.92090429    0.98471260    1.23865118    1.30819457    1.33747089    1.31376629    1.06220609    1.01521920    1.06230750    1.17156119    1.13381221    1.51757671    1.51942677    1.61192449    1.47251778    1.40248754    1.43257343    1.31481291    1.27337009    1.54493130    1.31476892    1.64824949    1.42488523    1.35467960    1.53770224    1.31947348    1.49279456    1.48414217    1.21625724    1.80131683    2.38637818    1.79882629    1.65974447    2.05723486    2.00144531    1.96121037    1.83413657    2.70457594    2.58108186    2.10898971    2.16383295    2.25279593    2.08054991    1.37381524    1.70084704    1.52255777    1.73583085    1.39471712    1.33716979    1.82409357    1.56791109    1.51138485    1.63234394    1.47559757    1.32339441    1.38030626    1.40496696    1.40904265    1.63869366    1.49513429    1.30064743    1.71812173    1.43728885    2.31884309    1.42375429    1.54399561    1.69747059    0.96484049    1.19506462
E4UXI8_ARTGP/111-205     1.17720680    1.34538242    1.10878786    1.27773409    1.26019456    1.01556752    1.10639872    1.28887515    1.15749283    1.38040745    1.12441301    1.24708229    1.40750310    1.23219265    1.17682110    1.02796265    1.27302644    1.08539620    0.52834473    0.00000000    0.95228373    0.84032683    0.81216252    0.79554026    1.03603801    0.80212046    1.12140586    1.06265028    1.21248930    1.19732258    1.14263497    1.07687220    1.21501977    1.33487393    1.64909514    1.50639857    1.32718473    1.23812112    1.22009698    1.22823134    1.26633455    1.10027297    1.70069828    1.78908605    1.74219455    1.42597037    1.45393712    1.73330370    1.57986029    1.56270495    1.66141569    1.81760625    2.14973807    1.38193610    1.50052403    1.79326825    1.39568125    1.59116431    1.77590237    1.26316200    1.72685222    1.89064906    1.80100802    2.23292031    2.19635227    2.42220906    1.86815828    2.18921477    2.89508434    2.95396156    2.11546869    2.34400632    2.24067589    2.39164363    1.78512398    1.78970901    1.77693166    1.89176974    1.63272244    1.65624609    1.94275729    1.83455996    1.75873108    1.53389593    1.71502988    1.36007532    1.27463251    1.59427422    1.73250918    1.86725473    1.75914832    1.74066534    1.86085883    1.44961058    2.01219775    1.79576331    1.83983709    1.90456474    1.15781313    1.44511242
S7ZBF9_PENO1/123-216     1.14377808    1.36373291    0.62630291    0.81638480    0.91117734    0.81432002    0.91237261    0.91283551    1.02406010    0.95449662    1.06576870    1.18726202    0.98030770    1.00917953    0.92739747    0.91108403    1.39224462    0.91595004    0.87332140    0.95228373    0.00000000    0.27116737    0.35302066    0.43547233    0.49290960    0.47396675    0.86164320    0.75950159    0.96859556    0.77036568    0.82929477    0.95502662    0.93800990    1.04397177    1.10494333    1.10009079    0.91377096    0.75326761    1.10605754    1.29588871    1.23867080    1.06451277    1.10439590    1.29215175    1.85727171    1.40539737    1.59356612    1.16149297    1.12931357    1.04808377    1.11103415    1.30518183    1.63819189    1.16680822    1.20497546    1.39410320    1.36054082    1.59042344    1.69775803    0.96923942    1.49729651    1.92861405    1.38113628    1.81837442    2.03400703    1.85100094    1.72817881    1.60046670    2.46342438    2.25200867    1.80876323    2.10143095    1.79112604    1.84534555    1.42395096    1.63777433    1.81375335    1.71263260    1.49328168    1.39374694    1.45281117    1.31406676    1.68388325    1.49485493    1.53771783    1.66660305    1.35804456    1.38369354    1.49156298    1.59621941    1.83887391    1.41867190    1.69691377    1.38269473    2.08327469    1.36448638    1.39982675    1.68604736    0.89940968    1.23829844
Q4WL81_ASPFU/120-213     1.05266446    1.14919519    0.55772240    0.80388181    0.71800404    0.79953758    0.86769892    0.85476811    0.89626017    1.08897223    1.08855712    1.25884318    0.95010137    1.02976561    0.89071970    1.02669081    1.61837675    0.90201674    0.77266201    0.84032683    0.27116737    0.00000000    0.26555837    0.34120575    0.46340492    0.52333629    0.92713033    0.80590881    1.02924452    0.94525224    0.72530929    0.91970060    0.88800041    0.99384430    1.20682416    0.96807366    0.97847446    0.82287924    0.91869318    1.17997897    1.24806139    1.07329507    1.35824246    1.54265998    1.93275446    1.63355195    1.62827005    1.20751277    1.16087642    1.10880774    1.37677262    1.40394498    1.72856260    1.24839147    1.31029151    1.56428505    1.33014404    1.58385884    1.76366713    1.11616894    1.51399340    2.12162964    1.53586527    1.95633051    2.26866185    1.92827758    1.74843620    2.05754923    2.41436949    2.45457933    1.91928107    2.25953423    1.98406611    1.98187689    1.38783244    1.64656747    1.87242836    1.65774212    1.46324086    1.45315583    1.54062351    1.30635455    1.73188800    1.46207768    1.56976142    1.65907642    1.31320488    1.40198007    1.46249433    1.67275910    1.81546056    1.44238626    1.86657989    1.36630594    2.30364122    1.36363655    1.42438068    1.65402433    0.87736855    1.16073247
V5G698_BYSSN/48-142     0.98813154    1.08405300    0.59271484    0.71626739    0.86548381    0.81925275    0.82448498    0.86569561    0.87711310    1.06938109    1.07978408    1.25528097    0.91840974    1.00868930    0.79175191    1.08227225    1.46488964    0.90028020    0.86635204    0.81216252    0.35302066    0.26555837    0.00000000    0.50616125    0.49190391    0.50998947    0.97685047    0.85364631    0.93212025    0.94675376    0.74898102    0.93525600    0.80172915    1.18682496    1.17858259    1.04901556    0.91654783    0.90124284    0.97700849    1.20278319    1.18622891    1.04489713    1.25236656    1.41769876    1.78538107    1.52075909    1.49972519    1.11683732    1.05205751    1.04479248    1.17899989    1.29999226    1.68368899    1.18211797    1.21237891    1.48558486    1.42988321    1.44125255    1.54158943    1.06826511    1.51217080    1.96257896    1.52874294    1.81610741    2.22868938    1.97263719    1.84328662    1.89865907    2.33903967    2.43032198    1.83771727    2.05256218    1.87890666    1.70381090    1.34893784    1.57230294    1.66614186    1.56614553    1.43399091    1.42866278    1.46267043    1.31008088    1.57837463    1.37792393    1.34082954    1.51405601    1.27007077    1.28758765    1.33833772    1.62287167    1.72611885    1.31320352    1.72519749    1.39301074    1.97083083    1.34033019    1.44982890    1.78459880    0.80667889    1.17323321
Q0C8G6_ASPTN/178-271     1.11214538    1.27392904    0.72796095    0.89512014    0.82581113    0.86329023    0.90011038    0.92058066    0.86235094    1.16319711    1.15423755    1.12332768    1.09785354    1.01264062    0.89372159    1.04905941    1.25279406    0.90913577    0.81356751    0.79554026    0.43547233    0.34120575    0.50616125    0.00000000    0.55305829    0.53682307    1.02289079    0.88549301    1.11580928    0.98098861    0.92428002    0.88152300    0.97007130    1.22274760    1.37064724    1.20435928    1.24911159    1.02674040    0.88623443    1.21676095    1.21991230    1.20830887    1.55042092    1.36942175    1.62808869    1.41777624    1.69701638    1.45437870    1.20639930    1.14497732    1.48419585    1.39904142    1.60266085    1.26487210    1.23337858    1.48016186    1.31588224    1.40676926    1.70073982    1.09187040    1.43398882    1.97632772    1.31007565    1.90345722    2.13399595    1.76205917    1.79946966    1.85623113    2.26602089    2.20744886    1.72829294    2.13901066    1.83648984    1.89745689    1.33521457    1.54926365    1.78167618    1.62873169    1.49345827    1.37827325    1.50654112    1.29771155    1.62699040    1.61647542    1.51662838    1.71041776    1.32328132    1.57348713    1.52417511    1.66351076    1.77026636    1.47014941    1.90290557    1.35578214    2.20244897    1.40029338    1.50011262    1.73178230    1.01068906    1.31532876
G7Y183_ASPKW/118-211     1.10775100    1.22503135    0.75306200    0.85151374    0.90438479    0.87902313    0.89552893    0.87050637    0.94968145    1.11151057    1.26934244    1.20161703    0.95305609    1.04946755    0.81959257    1.00103056    1.40563108    1.06836024    0.87348510    1.03603801    0.49290960    0.46340492    0.49190391    0.55305829    0.00000000    0.62957272    0.98833021    0.94705284    1.03540246    0.97929911    0.97568123    0.92710540    0.95318572    1.28435127    1.35446304    1.29950538    1.19805127    1.11049673    1.00046332    1.11319830    1.26453735    1.24549176    1.46929794    1.37120149    2.16598227    1.58521309    1.69271651    1.14541860    1.12413430    1.23794136    1.36860303    1.20312749    1.79065966    1.11267397    1.29033828    1.58753583    1.44850141    1.63989139    1.56530315    1.21782102    1.98747325    2.33829594    1.45188612    2.06910328    2.30251641    1.74122875    1.75211508    2.07990276    2.70835395    2.71367168    2.00534230    2.38663002    2.22824342    2.21479160    1.67509417    1.74825077    1.91175402    1.79771176    1.61750567    1.52441423    1.77733562    1.57203983    1.77170607    1.62910824    1.63707070    1.63720252    1.62167672    1.62546421    1.63976719    1.83162915    1.98816266    1.53793285    1.93189205    1.59219204    2.17874968    1.55125069    1.67688601    1.94396940    0.99214273    1.20631397
B6GXS5_PENRW/126-220     1.03393675    1.27773830    0.75499919    0.93123980    1.00250209    0.97130038    0.96953959    0.94986933    1.08551828    1.10602338    1.25848960    1.36297748    1.02782109    1.07091468    0.99542685    1.01114046    1.45102943    1.02762356    0.67557205    0.80212046    0.47396675    0.52333629    0.50998947    0.53682307    0.62957272    0.00000000    0.88892835    0.83419190    1.09627369    0.92345527    0.73172367    0.95280691    0.82432948    1.20429147    1.37252686    1.21136002    1.21399760    0.89108769    1.04390684    1.34308751    1.22306867    1.13712320    1.43330477    1.58933612    1.92682515    1.46557728    1.65777736    1.40561601    1.32459331    1.25090564    1.44273563    1.42482992    2.00819579    1.48828087    1.32415788    1.64984720    1.41043463    1.53432477    1.82312184    1.18741841    1.87734836    2.25407560    1.63052349    2.00114951    2.02497811    2.01334887    1.96808620    1.99992519    2.41851366    2.16035401    1.95324010    2.13284792    1.76810958    1.86305639    1.49839122    1.66892756    1.75852994    1.58441770    1.50133389    1.44713858    1.47971433    1.36457501    1.77557716    1.63949187    1.96235567    1.69790470    1.56464487    1.72891349    1.81014362    1.82972479    1.83646115    1.55205010    1.95020573    1.52578207    2.20109079    1.60371809    1.68903749    1.97282994    0.96982327    1.23311340
J7LFQ7_NOCAA/126-230     1.09376014    1.13033481    1.01821961    1.21137481    1.13483878    1.12721216    1.08723546    1.18573828    1.18452827    1.27366541    1.21543801    1.47727883    1.43967195    1.16617479    1.22367929    1.22125079    1.40049219    1.30953352    1.06894313    1.12140586    0.86164320    0.92713033    0.97685047    1.02289079    0.98833021    0.88892835    0.00000000    0.30242911    1.16094558    1.00458002    1.04808426    1.11695690    1.03301292    1.28489079    1.30865272    1.46349107    1.33503589    1.13136677    1.33881473    1.33789686    1.32571613    1.24402390    1.76335185    1.36609915    1.85965914    1.51792683    1.82502003    1.39131697    1.33425680    1.31530318    1.44382388    1.41294407    1.91726782    1.33531181    1.56001129    1.53602761    1.37611025    1.62982310    1.93039488    1.19203073    1.71025281    2.23253773    2.11875211    2.01744783    2.21424294    2.25505601    2.11072840    1.54641041    2.38707722    2.22205942    2.06825702    2.10996598    1.83628048    2.07220254    1.51265136    1.65402019    1.64410644    1.73325985    1.39405718    1.32828930    1.58869529    1.34598257    1.52318575    1.47340285    1.76777159    1.45819034    1.65848901    1.63929687    1.76007634    1.63037945    1.73170625    1.64329641    1.84887208    1.48751288    2.06920890    1.30582174    1.76465210    1.97270744    1.34763804    1.52356006
D7B6J0_NOCDD/122-226     1.13366259    1.11581123    0.91252043    1.15737489    1.11796140    1.05525323    1.10665995    1.11723333    1.10200895    1.36351266    1.27093662    1.49300112    1.33970209    1.09203229    1.12475277    1.28922444    1.40808731    1.19711930    1.07879541    1.06265028    0.75950159    0.80590881    0.85364631    0.88549301    0.94705284    0.83419190    0.30242911    0.00000000    1.08108084    0.88215487    1.05336356    1.00909885    1.08518746    1.23719962    1.28076985    1.12406084    1.31612698    1.17711263    1.22547644    1.17884543    1.22640395    1.16007826    1.60178305    1.40599451    1.70420387    1.54527746    1.73441287    1.47639753    1.47978568    1.47801893    1.55537329    1.47860288    1.66099860    1.35658653    1.69119231    1.59063279    1.34400405    1.41826029    1.63250371    1.08828460    1.56013794    1.84838003    1.80559186    1.75367311    2.21942990    2.11047480    2.00143470    1.55670993    2.48435907    2.27520286    2.05895156    2.11957448    2.05895289    1.90506124    1.48291209    1.74928750    1.57609068    1.79022908    1.41088202    1.28766205    1.63816738    1.54657424    1.53525943    1.70006735    1.80483803    1.57401485    1.47098178    1.57829701    1.72068381    1.89564309    1.94677841    1.57312006    1.81762194    1.38877123    1.94335753    1.43757151    1.65770147    1.77195021    1.18241769    1.31749590
