37
H2ZKX7_CIOSA/11-129     0.00000000    0.32522338    0.54195639    0.67228124    0.78972661    0.58529320    1.09096811    1.05537580    0.34066423    0.35246006    0.46398896    1.40107912    1.10508702    0.96099824    1.21911515    1.35730560    1.59159938    1.36871182    1.16013013    1.25932101    1.09868175    1.44435183    1.44298855    1.25629842    1.18665719    0.85415400    0.60748942    0.65431815    0.61779446    0.81634931    0.62548624    0.66362557    0.79498143    1.20149286    1.09255064    0.94369816    0.95184102
H3BF04_LATCH/10-128     0.32522338    0.00000000    0.26945502    0.50352620    0.71736538    0.50832672    0.97178011    1.00998324    0.24782264    0.23741342    0.40741042    1.20709418    1.13262410    1.00648179    1.12660340    1.50706597    1.37597955    1.23834634    1.13108551    1.16594723    1.05475082    1.61057235    1.29602919    1.35948600    1.22122235    0.99901928    0.60387682    0.75946409    0.59718949    0.71614828    0.55375026    0.68200477    0.71559224    1.24430688    1.19372647    1.01006438    0.95846333
H0XK73_OTOGA/10-120     0.54195639    0.26945502    0.00000000    0.75147766    0.73445004    0.68303125    1.16799262    1.28354391    0.45020363    0.36491200    0.66189076    1.49672905    1.28536091    1.35947939    1.53892163    1.71752673    1.63880235    1.54204440    1.41820213    1.41389910    1.36500821    1.85286150    1.44295743    1.74596231    1.48822790    1.30275363    0.81029886    0.93167764    0.79667529    0.91970998    0.77972565    0.87777015    0.98993554    1.61136770    1.48941240    1.24528955    1.21217942
H3DIH6_TETNG/10-128     0.67228124    0.50352620    0.75147766    0.00000000    1.02632785    0.84719477    1.29179322    1.55490744    0.65600171    0.67814958    0.77520405    1.47381955    1.38057903    1.31137347    1.51136651    2.04619775    1.76063159    1.60663390    1.59392747    1.66936682    1.39814569    2.02074633    1.67502854    1.56500907    1.65818119    1.27481215    0.79868306    1.04320362    0.94586260    1.02149014    0.89432265    0.98210706    1.08966887    1.41133195    1.43915153    1.19391164    1.20134575
F2UCM0_SALR5/12-129     0.78972661    0.71736538    0.73445004    1.02632785    0.00000000    0.79945761    1.38180168    1.49161491    0.73303931    0.77443588    0.87115968    1.43815516    1.30457973    1.29514304    1.37825460    1.55570289    1.39355616    1.28525117    1.49560776    1.20743499    1.26249989    1.61561543    1.22429663    1.29134936    1.30485618    1.39135101    0.91992616    1.18095503    0.97089072    0.93319447    0.94954852    1.10359992    1.12247930    1.59779155    1.47767486    1.37900563    1.28342062
A0A1X7UI96_AMPQE/10-128     0.58529320    0.50832672    0.68303125    0.84719477    0.79945761    0.00000000    1.17909874    1.14542989    0.43863690    0.49168850    0.61159860    1.42162609    1.23147696    1.10192123    1.16765157    1.48871090    1.66595098    1.58028037    1.30790416    1.32483138    1.22218776    1.76499175    1.36930374    1.30786292    1.22254202    1.14656007    0.85802264    0.79337528    0.85242740    0.78970413    0.61906947    0.84532602    0.90801037    1.40701796    1.30237204    1.14475830    1.09541881
A0A212FNP4_DANPL/9-125     1.09096811    0.97178011    1.16799262    1.29179322    1.38180168    1.17909874    0.00000000    0.39593232    0.90034887    0.94450459    1.05760009    1.63538236    1.73000492    1.53351107    1.69448701    1.76462802    2.13762419    2.09629141    1.71386097    1.73285896    1.50572971    2.03764994    1.96302420    1.88619387    1.66296473    1.65123123    1.02603226    1.21699692    1.27893182    1.26856790    1.16663063    1.31729700    1.26234343    1.77230132    1.76665003    1.46557546    1.36760894
H9JAL5_BOMMO/9-126     1.05537580    1.00998324    1.28354391    1.55490744    1.49161491    1.14542989    0.39593232    0.00000000    1.02569099    1.07850086    1.03499215    1.68929473    1.87221683    1.58689240    1.67743383    1.86294453    2.21707038    2.07600496    1.76570082    1.73602673    1.39382801    2.03973110    2.15248475    2.06797023    1.84668253    1.69547765    1.19300706    1.21817450    1.36487834    1.22844964    1.23081610    1.28762786    1.19881811    1.78400155    1.58899604    1.32473825    1.28906024
A7SER9_NEMVE/7-125     0.34066423    0.24782264    0.45020363    0.65600171    0.73303931    0.43863690    0.90034887    1.02569099    0.00000000    0.23006179    0.36509544    1.31591879    1.03729504    0.95308895    1.13578077    1.44547515    1.53661771    1.33303686    1.18904662    1.18959462    1.03616853    1.53835424    1.27989507    1.31911254    1.19333055    0.93687812    0.55166876    0.62711786    0.56597609    0.74257223    0.51792934    0.66707907    0.77294359    1.18423396    1.16237184    1.01996130    0.96646841
C3ZHU7_BRAFL/10-128     0.35246006    0.23741342    0.36491200    0.67814958    0.77443588    0.49168850    0.94450459    1.07850086    0.23006179    0.00000000    0.43960094    1.36184102    1.07126798    0.99964619    1.23736786    1.51739270    1.40346076    1.29385204    1.20313055    1.18176915    1.11142351    1.70227888    1.24371700    1.39227027    1.11385757    0.87491750    0.65208669    0.65175888    0.57245510    0.72980013    0.54879776    0.68332229    0.79262167    1.20275051    1.25746947    0.99351215    0.96967587
B3RYV5_TRIAD/11-129     0.46398896    0.40741042    0.66189076    0.77520405    0.87115968    0.61159860    1.05760009    1.03499215    0.36509544    0.43960094    0.00000000    1.29638194    1.22425828    1.11502486    1.30216743    1.63184042    1.58098655    1.46781739    1.24460720    1.41124166    1.26205175    1.54356889    1.42340914    1.37556011    1.21290528    0.96248586    0.78890591    0.75506746    0.83624869    0.72063561    0.67395499    0.80813642    0.76439701    1.36661559    1.40940539    1.07642750    1.02422526
IFT20_CAEEL/10-126     1.40107912    1.20709418    1.49672905    1.47381955    1.43815516    1.42162609    1.63538236    1.68929473    1.31591879    1.36184102    1.29638194    0.00000000    1.32635132    1.28564131    1.51003140    2.12757906    2.13641661    1.94195826    1.94877820    1.81377845    1.74745861    2.03640505    2.11286364    1.83454139    1.98184747    2.17597993    1.37938408    1.40471813    1.44061653    1.39535896    1.41719013    1.45853848    1.35556966    1.83448363    1.83672588    1.58418956    1.49545957
A0A0R3QTW6_9BILA/10-128     1.10508702    1.13262410    1.28536091    1.38057903    1.30457973    1.23147696    1.73000492    1.87221683    1.03729504    1.07126798    1.22425828    1.32635132    0.00000000    1.19222285    1.72301558    2.06311708    1.79902292    1.71211421    1.93837532    1.81299818    1.50869673    2.35213497    1.82245273    1.84475334    1.69131590    1.33406363    1.24194505    1.31218127    1.10031555    1.15453870    1.14492764    1.17682753    1.27862919    1.60287847    1.55030888    1.41634417    1.19845650
A0A068Y4T7_ECHMU/9-127     0.96099824    1.00648179    1.35947939    1.31137347    1.29514304    1.10192123    1.53351107    1.58689240    0.95308895    0.99964619    1.11502486    1.28564131    1.19222285    0.00000000    1.52764910    1.74562814    1.91926215    1.87818715    1.79677758    1.56033724    1.49119899    2.05165423    1.90066567    1.69162913    1.49592699    1.19922049    1.02580078    1.22462733    1.13728039    1.21710764    1.08197124    0.91775184    1.16937206    1.38144078    1.23077120    1.22218139    1.18552125
J9K009_ACYPI/11-128     1.21911515    1.12660340    1.53892163    1.51136651    1.37825460    1.16765157    1.69448701    1.67743383    1.13578077    1.23736786    1.30216743    1.51003140    1.72301558    1.52764910    0.00000000    1.93930650    2.09959868    1.90849508    1.95887364    1.58150243    1.40404207    1.94129018    1.75183273    1.70426867    1.60637740    1.78654190    1.29879768    1.21208822    1.13690090    1.18359598    1.16972151    1.36960793    1.24242518    1.56126523    1.62179307    1.30323576    1.23993320
A2ERX2_TRIVA/9-119     1.35730560    1.50706597    1.71752673    2.04619775    1.55570289    1.48871090    1.76462802    1.86294453    1.44547515    1.51739270    1.63184042    2.12757906    2.06311708    1.74562814    1.93930650    0.00000000    1.74493785    1.52879436    1.36276927    1.30644553    1.10517585    1.70286645    1.50965321    1.56410729    1.30100639    2.01759502    1.37238571    1.65199203    1.60105892    1.42959860    1.41630184    1.64028087    1.58902557    2.21626157    2.38396123    2.00286578    1.86860311
A4I5M7_LEIIN/7-124     1.59159938    1.37597955    1.63880235    1.76063159    1.39355616    1.66595098    2.13762419    2.21707038    1.53661771    1.40346076    1.58098655    2.13641661    1.79902292    1.91926215    2.09959868    1.74493785    0.00000000    0.31334609    1.30219633    1.44091426    1.52937756    1.92573011    1.39078545    1.44569260    1.32122450    1.75643299    1.49480343    1.80315677    1.68698220    1.36131342    1.54352551    1.82752745    1.58592995    2.27178385    2.32341799    1.84329367    1.76635731
Q584X2_TRYB2/7-124     1.36871182    1.23834634    1.54204440    1.60663390    1.28525117    1.58028037    2.09629141    2.07600496    1.33303686    1.29385204    1.46781739    1.94195826    1.71211421    1.87818715    1.90849508    1.52879436    0.31334609    0.00000000    1.15817875    1.33536623    1.36129258    1.74482860    1.22866983    1.38666795    1.39518497    1.60092718    1.25924225    1.53083373    1.43245228    1.30749996    1.28425771    1.64697135    1.50893247    2.04699180    2.07015827    1.77091295    1.70075637
D2V2E9_NAEGR/5-123     1.16013013    1.13108551    1.41820213    1.59392747    1.49560776    1.30790416    1.71386097    1.76570082    1.18904662    1.20313055    1.24460720    1.94877820    1.93837532    1.79677758    1.95887364    1.36276927    1.30219633    1.15817875    0.00000000    1.08860448    0.95796004    1.50336667    1.39207872    1.31511558    1.22234528    1.49792333    1.48076739    1.29623061    1.49697799    1.28561497    1.28882121    1.51306127    1.57755118    1.78752515    1.90260943    1.68395530    1.40001370
A0BL10_PARTE/6-124     1.25932101    1.16594723    1.41389910    1.66936682    1.20743499    1.32483138    1.73285896    1.73602673    1.18959462    1.18176915    1.41124166    1.81377845    1.81299818    1.56033724    1.58150243    1.30644553    1.44091426    1.33536623    1.08860448    0.00000000    0.34405310    1.46284256    1.01131281    1.29074399    0.99340141    1.66010923    1.32751787    1.52385247    1.42642502    1.45755677    1.38617429    1.28822867    1.56329623    1.75620804    2.05943899    1.76320453    1.62847675
I7M1P1_TETTS/6-124     1.09868175    1.05475082    1.36500821    1.39814569    1.26249989    1.22218776    1.50572971    1.39382801    1.03616853    1.11142351    1.26205175    1.74745861    1.50869673    1.49119899    1.40404207    1.10517585    1.52937756    1.36129258    0.95796004    0.34405310    0.00000000    1.42032157    0.93396831    1.17860351    0.98114905    1.41881707    1.26805182    1.25680025    1.25060827    1.31522381    1.28034507    1.29317243    1.42550906    1.68919852    1.90279153    1.64580244    1.44080430
D8RFJ4_SELML/4-121     1.44435183    1.61057235    1.85286150    2.02074633    1.61561543    1.76499175    2.03764994    2.03973110    1.53835424    1.70227888    1.54356889    2.03640505    2.35213497    2.05165423    1.94129018    1.70286645    1.92573011    1.74482860    1.50336667    1.46284256    1.42032157    0.00000000    1.22035573    1.43442939    1.47698784    2.13402444    1.74958175    1.60458631    1.75475557    1.60832436    1.61577482    1.76858152    1.73833305    2.16372776    2.48740848    1.98272896    1.93983193
C1E8U9_MICCC/5-123     1.44298855    1.29602919    1.44295743    1.67502854    1.22429663    1.36930374    1.96302420    2.15248475    1.27989507    1.24371700    1.42340914    2.11286364    1.82245273    1.90066567    1.75183273    1.50965321    1.39078545    1.22866983    1.39207872    1.01131281    0.93396831    1.22035573    0.00000000    0.88153008    1.06033068    1.71882133    1.56811393    1.31959893    1.41294159    1.41747422    1.47725387    1.56359463    1.54821866    1.97995889    2.11888374    1.68951379    1.59057689
Q8LLV9_CHLRE/7-125     1.25629842    1.35948600    1.74596231    1.56500907    1.29134936    1.30786292    1.88619387    2.06797023    1.31911254    1.39227027    1.37556011    1.83454139    1.84475334    1.69162913    1.70426867    1.56410729    1.44569260    1.38666795    1.31511558    1.29074399    1.17860351    1.43442939    0.88153008    0.00000000    1.24123699    1.45816373    1.38192254    1.43428505    1.32289187    1.40313175    1.46118124    1.53052569    1.51668532    1.94992450    2.24157555    1.78055334    1.61857883
D7FRA8_ECTSI/8-126     1.18665719    1.22122235    1.48822790    1.65818119    1.30485618    1.22254202    1.66296473    1.84668253    1.19333055    1.11385757    1.21290528    1.98184747    1.69131590    1.49592699    1.60637740    1.30100639    1.32122450    1.39518497    1.22234528    0.99340141    0.98114905    1.47698784    1.06033068    1.24123699    0.00000000    1.53186357    1.45337913    1.38716495    1.24030932    1.20075635    1.12240889    1.24991737    1.39358023    1.75073536    1.98282728    1.69352359    1.62030884
T1JZV6_TETUR/10-127     0.85415400    0.99901928    1.30275363    1.27481215    1.39135101    1.14656007    1.65123123    1.69547765    0.93687812    0.87491750    0.96248586    2.17597993    1.33406363    1.19922049    1.78654190    2.01759502    1.75643299    1.60092718    1.49792333    1.66010923    1.41881707    2.13402444    1.71882133    1.45816373    1.53186357    0.00000000    1.07797093    1.02056356    0.97591500    1.27337705    1.10520405    1.19460658    1.37570223    1.69815546    1.75748073    1.46771585    1.36076741
D6X253_TRICA/9-127     0.60748942    0.60387682    0.81029886    0.79868306    0.91992616    0.85802264    1.02603226    1.19300706    0.55166876    0.65208669    0.78890591    1.37938408    1.24194505    1.02580078    1.29879768    1.37238571    1.49480343    1.25924225    1.48076739    1.32751787    1.26805182    1.74958175    1.56811393    1.38192254    1.45337913    1.07797093    0.00000000    0.78003896    0.64879837    0.85329692    0.62560550    0.88865048    0.91346478    1.17198092    1.36590407    1.12668186    1.01671430
E0V9Y8_PEDHC/10-127     0.65431815    0.75946409    0.93167764    1.04320362    1.18095503    0.79337528    1.21699692    1.21817450    0.62711786    0.65175888    0.75506746    1.40471813    1.31218127    1.22462733    1.21208822    1.65199203    1.80315677    1.53083373    1.29623061    1.52385247    1.25680025    1.60458631    1.31959893    1.43428505    1.38716495    1.02056356    0.78003896    0.00000000    0.58774785    0.83544102    0.66402837    0.83666154    0.83031791    1.29655129    1.19595558    1.06311987    0.80876930
R4G819_RHOPR/9-127     0.61779446    0.59718949    0.79667529    0.94586260    0.97089072    0.85242740    1.27893182    1.36487834    0.56597609    0.57245510    0.83624869    1.44061653    1.10031555    1.13728039    1.13690090    1.60105892    1.68698220    1.43245228    1.49697799    1.42642502    1.25060827    1.75475557    1.41294159    1.32289187    1.24030932    0.97591500    0.64879837    0.58774785    0.00000000    0.76273793    0.54967832    0.72736914    0.80935662    1.24619186    1.09600224    1.03988159    0.95155240
A0A232F1W5_9HYME/9-127     0.81634931    0.71614828    0.91970998    1.02149014    0.93319447    0.78970413    1.26856790    1.22844964    0.74257223    0.72980013    0.72063561    1.39535896    1.15453870    1.21710764    1.18359598    1.42959860    1.36131342    1.30749996    1.28561497    1.45755677    1.31522381    1.60832436    1.41747422    1.40313175    1.20075635    1.27337705    0.85329692    0.83544102    0.76273793    0.00000000    0.42085938    0.81901093    0.82783383    1.39630668    1.31391936    1.11281173    0.99343482
E2B9K6_HARSA/9-127     0.62548624    0.55375026    0.77972565    0.89432265    0.94954852    0.61906947    1.16663063    1.23081610    0.51792934    0.54879776    0.67395499    1.41719013    1.14492764    1.08197124    1.16972151    1.41630184    1.54352551    1.28425771    1.28882121    1.38617429    1.28034507    1.61577482    1.47725387    1.46118124    1.12240889    1.10520405    0.62560550    0.66402837    0.54967832    0.42085938    0.00000000    0.70698469    0.73242412    1.16771308    1.22148868    1.01592632    0.93569067
T1FXJ2_HELRO/10-128     0.66362557    0.68200477    0.87777015    0.98210706    1.10359992    0.84532602    1.31729700    1.28762786    0.66707907    0.68332229    0.80813642    1.45853848    1.17682753    0.91775184    1.36960793    1.64028087    1.82752745    1.64697135    1.51306127    1.28822867    1.29317243    1.76858152    1.56359463    1.53052569    1.24991737    1.19460658    0.88865048    0.83666154    0.72736914    0.81901093    0.70698469    0.00000000    0.88335546    1.22757273    1.20397588    1.06051304    1.13198305
Q17L50_AEDAE/9-127     0.79498143    0.71559224    0.98993554    1.08966887    1.12247930    0.90801037    1.26234343    1.19881811    0.77294359    0.79262167    0.76439701    1.35556966    1.27862919    1.16937206    1.24242518    1.58902557    1.58592995    1.50893247    1.57755118    1.56329623    1.42550906    1.73833305    1.54821866    1.51668532    1.39358023    1.37570223    0.91346478    0.83031791    0.80935662    0.82783383    0.73242412    0.88335546    0.00000000    0.87428555    0.96737375    0.66310054    0.56126458
B4ILK8_DROSE/8-126     1.20149286    1.24430688    1.61136770    1.41133195    1.59779155    1.40701796    1.77230132    1.78400155    1.18423396    1.20275051    1.36661559    1.83448363    1.60287847    1.38144078    1.56126523    2.21626157    2.27178385    2.04699180    1.78752515    1.75620804    1.68919852    2.16372776    1.97995889    1.94992450    1.75073536    1.69815546    1.17198092    1.29655129    1.24619186    1.39630668    1.16771308    1.22757273    0.87428555    0.00000000    0.81182016    0.56894911    0.60074881
B3M2Q0_DROAN/8-126     1.09255064    1.19372647    1.48941240    1.43915153    1.47767486    1.30237204    1.76665003    1.58899604    1.16237184    1.25746947    1.40940539    1.83672588    1.55030888    1.23077120    1.62179307    2.38396123    2.32341799    2.07015827    1.90260943    2.05943899    1.90279153    2.48740848    2.11888374    2.24157555    1.98282728    1.75748073    1.36590407    1.19595558    1.09600224    1.31391936    1.22148868    1.20397588    0.96737375    0.81182016    0.00000000    0.64289969    0.63827609
B4GBH9_DROPE/8-126     0.94369816    1.01006438    1.24528955    1.19391164    1.37900563    1.14475830    1.46557546    1.32473825    1.01996130    0.99351215    1.07642750    1.58418956    1.41634417    1.22218139    1.30323576    2.00286578    1.84329367    1.77091295    1.68395530    1.76320453    1.64580244    1.98272896    1.68951379    1.78055334    1.69352359    1.46771585    1.12668186    1.06311987    1.03988159    1.11281173    1.01592632    1.06051304    0.66310054    0.56894911    0.64289969    0.00000000    0.27274226
B4KLS9_DROMO/8-126     0.95184102    0.95846333    1.21217942    1.20134575    1.28342062    1.09541881    1.36760894    1.28906024    0.96646841    0.96967587    1.02422526    1.49545957    1.19845650    1.18552125    1.23993320    1.86860311    1.76635731    1.70075637    1.40001370    1.62847675    1.44080430    1.93983193    1.59057689    1.61857883    1.62030884    1.36076741    1.01671430    0.80876930    0.95155240    0.99343482    0.93569067    1.13198305    0.56126458    0.60074881    0.63827609    0.27274226    0.00000000

