22
A8LB81_FRASN/29-118     0.00000000    3.11177285    2.60636987    2.74314789    2.87669353    2.73148244    3.40854972    3.01912601    3.53723550    2.95749851    3.82082580    2.22550601    2.30188128    2.45557406    2.44736778    2.52489601    3.44160920    3.27534953    2.51435143    3.13881159    2.49050101    2.67186750
Q81IW4_BACCR/13-104     3.11177285    0.00000000    2.19001953    2.32292127    2.56410829    2.90524643    3.13942253    2.82741301    2.68848335    2.50963582    3.34077926    2.57800399    2.36675811    2.82363395    2.52675535    3.12103029    4.34529330    3.50637297    3.04148432    3.27503415    2.90924529    3.33343636
R5XNA3_9CLOT/8-107     2.60636987    2.19001953    0.00000000    1.83236446    2.17878836    2.66705959    3.58443515    3.02179978    2.86261935    2.94205926    3.55261867    3.07996782    3.59486188    4.10219432    4.17681733    3.49727253    2.96918255    4.19570965    2.97510565    2.88712548    3.83422761    2.65941304
Q81GV4_BACCR/12-108     2.74314789    2.32292127    1.83236446    0.00000000    1.43337713    2.25470112    2.53168634    2.33563008    2.39272128    2.96729399    3.31242498    2.90749039    2.73299151    2.91908541    3.12056656    4.65041365    3.21076480    3.81149421    2.95008353    2.98648138    3.97280693    2.75445526
A0A6L8P0E6_BACAN/12-115     2.87669353    2.56410829    2.17878836    1.43337713    0.00000000    2.86295794    2.99009433    3.00611788    2.68211952    2.40982137    3.07300652    2.57511314    2.10373687    2.17021985    2.66725091    3.08296840    3.88086694    3.45229802    3.42505138    3.27368543    3.71014761    3.47315872
Y689_ARCFU/15-109     2.73148244    2.90524643    2.66705959    2.25470112    2.86295794    0.00000000    0.91051317    0.79209230    2.81453252    1.96369674    2.32655596    3.05634693    2.37646206    2.64342120    2.54745728    2.98622248    3.29852056    2.87661197    2.88850472    3.41744129    2.83063544    3.12335810
A2BKM8_HYPBU/14-108     3.40854972    3.13942253    3.58443515    2.53168634    2.99009433    0.91051317    0.00000000    0.78782093    2.87054123    2.40719119    2.10416540    3.40639953    2.91148913    2.78679907    2.96612674    2.53013094    3.08603968    2.54989583    3.06165230    3.31104548    2.44990604    3.54439107
Q5JHI4_THEKO/17-110     3.01912601    2.82741301    3.02179978    2.33563008    3.00611788    0.79209230    0.78782093    0.00000000    3.16191265    2.18273508    2.07984464    2.94856845    2.82277973    3.03969738    2.75677357    2.44086225    2.97079340    2.87570383    3.02599103    2.93951090    2.35549287    2.85800056
A0RV76_CENSY/18-109     3.53723550    2.68848335    2.86261935    2.39272128    2.68211952    2.81453252    2.87054123    3.16191265    0.00000000    2.12689085    2.07788042    2.69082668    2.64026261    3.15903537    3.56393297    2.25236317    4.36419164    3.19904286    3.56129141    3.38845409    2.80684567    2.60083561
C6XZU2_PEDHD/28-124     2.95749851    2.50963582    2.94205926    2.96729399    2.40982137    1.96369674    2.40719119    2.18273508    2.12689085    0.00000000    1.12529780    3.36012565    2.64659098    3.17495789    3.35805420    3.73190381    3.44926556    3.87222405    3.00236638    3.76639476    2.93673682    3.37193520
H8XRC1_FLAIG/29-124     3.82082580    3.34077926    3.55261867    3.31242498    3.07300652    2.32655596    2.10416540    2.07984464    2.07788042    1.12529780    0.00000000    3.49578777    3.50812530    3.22373356    3.57977894    2.85936077    3.92464738    3.42577224    3.97708494    3.27919503    2.64965910    2.67975408
Q9CGT3_LACLA/43-133     2.22550601    2.57800399    3.07996782    2.90749039    2.57511314    3.05634693    3.40639953    2.94856845    2.69082668    3.36012565    3.49578777    0.00000000    1.11768490    1.19134025    1.30895707    2.22262938    3.53677197    2.52747007    3.04626494    2.25037745    3.64627953    2.95232209
Q73PJ3_TREDE/33-124     2.30188128    2.36675811    3.59486188    2.73299151    2.10373687    2.37646206    2.91148913    2.82277973    2.64026261    2.64659098    3.50812530    1.11768490    0.00000000    0.73520412    0.72662159    2.24079140    2.61117446    2.46548330    2.71817227    2.98623981    2.83901731    2.58515805
Q8XP28_CLOPE/122-213     2.45557406    2.82363395    4.10219432    2.91908541    2.17021985    2.64342120    2.78679907    3.03969738    3.15903537    3.17495789    3.22373356    1.19134025    0.73520412    0.00000000    0.82368589    1.80887409    3.22619463    2.64380661    2.70088678    2.88297350    2.64742756    3.06721762
C7N8P3_LEPBD/33-124     2.44736778    2.52675535    4.17681733    3.12056656    2.66725091    2.54745728    2.96612674    2.75677357    3.56393297    3.35805420    3.57977894    1.30895707    0.72662159    0.82368589    0.00000000    2.29445157    3.69244212    2.62154839    3.09703148    3.16789961    3.50433073    3.13600804
D9STE0_CLOC7/154-250     2.52489601    3.12103029    3.49727253    4.65041365    3.08296840    2.98622248    2.53013094    2.44086225    2.25236317    3.73190381    2.85936077    2.22262938    2.24079140    1.80887409    2.29445157    0.00000000    3.20504935    2.65302700    3.39869555    3.39219401    2.12877910    2.38193505
Q97GB3_CLOAB/16-129     3.44160920    4.34529330    2.96918255    3.21076480    3.88086694    3.29852056    3.08603968    2.97079340    4.36419164    3.44926556    3.92464738    3.53677197    2.61117446    3.22619463    3.69244212    3.20504935    0.00000000    2.38568039    4.00425908    3.21528261    3.74287399    2.81155192
R5LZ88_9FIRM/210-299     3.27534953    3.50637297    4.19570965    3.81149421    3.45229802    2.87661197    2.54989583    2.87570383    3.19904286    3.87222405    3.42577224    2.52747007    2.46548330    2.64380661    2.62154839    2.65302700    2.38568039    0.00000000    3.43841855    3.90922062    2.70788299    2.70978257
YOKE_BACSU/50-157     2.51435143    3.04148432    2.97510565    2.95008353    3.42505138    2.88850472    3.06165230    3.02599103    3.56129141    3.00236638    3.97708494    3.04626494    2.71817227    2.70088678    3.09703148    3.39869555    4.00425908    3.43841855    0.00000000    2.40765682    2.70051735    3.07012780
B9E7P9_MACCJ/52-151     3.13881159    3.27503415    2.88712548    2.98648138    3.27368543    3.41744129    3.31104548    2.93951090    3.38845409    3.76639476    3.27919503    2.25037745    2.98623981    2.88297350    3.16789961    3.39219401    3.21528261    3.90922062    2.40765682    0.00000000    2.42994411    2.77244514
D4GR98_HALVD/217-331     2.49050101    2.90924529    3.83422761    3.97280693    3.71014761    2.83063544    2.44990604    2.35549287    2.80684567    2.93673682    2.64965910    3.64627953    2.83901731    2.64742756    3.50433073    2.12877910    3.74287399    2.70788299    2.70051735    2.42994411    0.00000000    2.38746878
D4GR98_HALVD/55-160     2.67186750    3.33343636    2.65941304    2.75445526    3.47315872    3.12335810    3.54439107    2.85800056    2.60083561    3.37193520    2.67975408    2.95232209    2.58515805    3.06721762    3.13600804    2.38193505    2.81155192    2.70978257    3.07012780    2.77244514    2.38746878    0.00000000

