70
E3DPX3_HALPG/401-475     0.00000000    0.36187252    0.62961531    0.87606759    0.99799295    0.79709431    0.87085080    0.93643212    1.33797026    1.23389028    0.91831033    1.02081436    1.09125907    0.92225713    0.98594512    0.93622331    0.58876642    0.60851206    0.69883067    0.71008323    1.11117241    0.93345923    0.92583125    0.71089068    0.64029651    0.60291261    0.82501512    0.86478168    0.96274958    1.16434850    1.19350490    1.04079423    0.94174039    1.51696544    1.09620447    1.03573714    1.11881745    1.08839521    1.23642766    1.13893586    1.11781796    0.96168480    1.13375870    0.95380240    0.90397924    1.16003270    1.00465204    0.91818238    1.15739466    1.21701339    1.09860711    0.74713561    0.96102591    0.79109369    0.97858818    0.84403872    1.03186277    0.93701558    0.84300047    0.94317711    0.62123076    0.77807311    0.67033426    0.50303036    0.58229884    0.47014085    0.57960555    1.16525826    1.34984007    0.87147780
EFG2_SYNWW/402-476     0.36187252    0.00000000    0.60543043    0.87924978    0.97423531    0.96652225    0.89936926    0.89886877    1.52674098    1.33606410    0.96166813    1.16141491    1.09836020    0.98883010    0.97843012    1.26278905    0.71871717    0.67996641    0.83013126    1.04121333    1.18622447    1.06915546    1.16877600    0.74003633    0.92989641    0.95865056    0.99710601    0.98017924    1.05597483    1.34174669    1.23589613    1.11856759    1.03762338    1.64688596    0.99496044    1.06355163    1.36562787    1.18249574    1.23808743    1.29421177    1.18478068    1.14852490    1.15265772    0.92478801    1.15033475    1.34642599    1.08680501    1.00599756    1.34384851    1.36121910    1.27190501    0.92420579    1.18668339    1.01813865    1.14132239    1.11038851    1.31536768    1.23897293    1.08621722    1.18300070    0.78207959    1.07340924    0.65812890    0.54925123    0.54570485    0.68081696    0.67344617    1.18023442    1.36283767    0.96631492
E0TJ49_ZINIC/408-482     0.62961531    0.60543043    0.00000000    0.84095537    1.04497639    0.90275774    0.80017682    1.15081171    1.56505659    1.64134260    0.98772136    1.05202371    1.09576007    0.79088999    0.86794363    0.86472344    0.67557840    0.78403153    0.90929029    0.98899671    0.91909150    0.77373114    0.96882217    0.86638490    0.96006547    0.81417932    0.88004169    0.82401610    0.86686221    1.20578329    1.22066136    1.01796126    1.04075682    1.65058653    1.30589856    0.92045111    1.22766902    1.08952651    1.47254276    1.16895156    1.58263029    1.25627783    1.11658809    1.11199729    1.17559086    1.44597893    1.33091954    1.19702249    1.42740311    1.39427975    1.29418323    1.16044180    1.17412023    1.06710989    1.15716027    1.13987599    1.24743969    1.17567866    0.97829422    1.10219320    0.76467174    0.88863374    0.80200750    0.59309424    0.81025868    0.70987533    0.96229120    1.40168277    1.32540897    1.01112398
D2VIA4_NAEGR/392-466     0.87606759    0.87924978    0.84095537    0.00000000    0.78388573    0.74563135    0.76592250    0.86441216    1.48662462    1.28239971    0.84592721    0.92504870    1.05800421    0.76527723    0.73524921    1.02250085    0.81416873    1.07536517    0.99738020    1.04272341    1.18502478    0.90213215    1.05557466    1.01900221    0.95831023    1.03985660    1.15242176    1.17112274    1.13186124    1.18987206    1.39514556    1.17125075    1.16311790    1.65601282    1.47921851    1.05100382    1.38621310    1.35146589    1.54015110    1.34626167    1.37896870    1.22454748    1.45701089    1.50403102    1.20632692    1.52953282    1.42301715    1.32133111    1.62826425    1.43644458    1.64112953    1.04206226    1.12874774    1.01238928    1.36067443    1.07916920    1.50065976    1.17868694    1.12145398    1.05160924    0.90770026    1.50300584    1.03250156    1.06247252    0.98751162    0.93577374    1.01047213    1.65953444    1.40831260    0.95219555
F2UT40_SALR5/495-568     0.99799295    0.97423531    1.04497639    0.78388573    0.00000000    0.70606769    0.76915277    0.85157325    1.20423861    1.19928503    0.73844219    0.86823502    0.96301012    0.75522704    0.92847674    1.12166310    1.28650325    1.11927000    0.86758806    1.16143333    1.33467196    1.01254152    1.45985899    1.04953713    1.13444302    0.97755537    1.22503924    1.12741030    1.37581391    1.41359005    1.38280593    1.34728402    1.45797126    1.78631358    1.45539925    1.36189911    1.68641276    1.37257255    1.75310977    1.58375306    1.48289379    1.36103419    1.46148506    1.45002782    1.10829362    1.60004756    1.33744376    1.52341178    1.61437011    1.22155827    1.59671280    1.35468289    1.17606537    1.27532896    1.60829623    1.54182840    1.99303860    1.43766245    1.44276563    1.28531628    0.97728864    1.26234905    0.98585045    1.00942894    1.14736097    1.07173357    0.94897478    1.37398664    1.36363002    1.15525634
A9V2W3_MONBE/968-1042     0.79709431    0.96652225    0.90275774    0.74563135    0.70606769    0.00000000    0.70895543    0.72288483    1.23804016    1.18498711    0.72846490    0.84169471    0.81918813    0.73091535    0.69997337    1.08107919    1.05856196    1.01986238    0.78509414    0.96503379    1.21211467    1.07879363    1.22599202    1.13542715    1.15522687    1.02402045    1.19613795    1.37123581    1.27634401    1.37945594    1.33009482    1.31435514    1.40382797    2.17220532    1.37577046    1.39828860    1.67725010    1.31187498    1.58524077    1.61652781    1.35353044    1.38145111    1.52004639    1.39111565    1.26572009    1.62930513    1.48431165    1.43114272    1.84646094    1.64413915    1.69756441    1.17615680    1.20492950    1.23242757    1.51136974    1.30914027    1.55715787    1.42707171    1.43009189    1.37986315    0.84665166    1.14256120    0.78670748    0.95467323    0.85363446    0.83962336    1.17018999    1.16351421    1.47267527    1.32718536
W1Q7T9_OGAPD/489-563     0.87085080    0.89936926    0.80017682    0.76592250    0.76915277    0.70895543    0.00000000    0.74472224    1.01493026    1.15078040    0.57265928    0.60302124    0.64942301    0.90499943    0.99307844    1.12551763    0.90994777    0.95027752    1.00966113    1.25247606    1.31637101    1.00670545    1.21694351    1.30562804    1.12043296    0.97487355    1.18169223    1.31218827    1.41537283    1.33742895    1.47978294    1.26575099    1.36475985    1.89038333    1.64883575    1.38414971    1.76074792    1.33527789    1.41458600    1.43312914    1.52271854    1.36458886    1.40585397    1.38095569    1.23682383    1.97720618    1.50115915    1.22770513    1.48264384    1.45902044    1.68524392    1.42282601    1.28580704    1.16671191    1.49395109    1.21512380    1.56431233    1.42255350    1.52852663    1.33557403    0.90197325    1.35645047    0.96702191    0.86037517    1.04535731    0.97963714    1.06530157    1.21721483    1.52464519    1.33318858
RRF2M_KLULA/449-523     0.93643212    0.89886877    1.15081171    0.86441216    0.85157325    0.72288483    0.74472224    0.00000000    1.13438808    1.07603610    0.54018231    0.75627139    0.77368103    0.98587383    0.93340203    1.33586910    1.03509734    0.98706665    1.04972028    1.11317026    1.16379996    1.28739029    1.35678355    1.14093294    1.19505083    1.21456420    1.20352429    1.21292838    1.47996431    1.36397175    1.49454579    1.43706382    1.51271673    2.01875366    1.51538649    1.46246616    1.70186400    1.34424051    1.34052678    1.61612512    1.37893074    1.38098540    1.26882571    1.26705735    1.38722885    1.80274574    1.41683153    1.20101312    1.58066109    1.99901275    1.46606326    1.29611453    1.16186346    1.13409202    1.32246100    1.19139885    1.42913271    1.37190963    1.36794258    1.23813039    1.02062896    1.21908962    0.88226753    1.02163220    0.96839683    1.06087183    1.05157314    1.27063734    1.33060504    1.19232537
E3QA26_COLGM/478-552     1.33797026    1.52674098    1.56505659    1.48662462    1.20423861    1.23804016    1.01493026    1.13438808    0.00000000    1.28076894    1.12467558    1.24129931    1.45514900    1.31573256    1.47368686    1.65115425    1.76575753    1.51293623    1.38022635    1.37781988    1.83912034    1.53381486    1.84683396    1.63372501    1.48841876    1.37392588    1.84035669    1.66898617    1.87827259    1.69162947    1.73434762    1.62838388    1.86481272    2.51675719    1.85034547    1.88571484    1.93821011    1.50672730    1.70322382    2.02951386    1.74633537    1.72041209    1.58329743    1.54578456    1.52889470    1.87974214    1.87309438    1.54933438    1.74029346    1.94753483    2.08372859    1.92741511    1.71901502    1.82543966    1.70397666    1.97930353    1.93055988    1.82731215    1.80481400    1.71639664    1.44274677    1.44097449    1.49718195    1.27277963    1.28232902    1.34965698    1.46061614    1.47256017    1.95848473    1.74074368
B6K7Y9_SCHJY/436-510     1.23389028    1.33606410    1.64134260    1.28239971    1.19928503    1.18498711    1.15078040    1.07603610    1.28076894    0.00000000    1.00987175    1.22326297    1.29881315    1.44996502    1.45160504    1.67488722    1.47955118    1.30649699    1.28224219    1.53970345    1.55874976    1.44644304    1.67994553    1.72117719    1.61017002    1.67880798    1.61926108    1.79296257    1.76099088    1.46660092    1.97146617    2.13172594    2.16426923    2.15889888    1.88251259    1.81907810    1.62505918    1.54909702    1.49481182    2.01014163    1.58142472    1.69346969    1.84299445    1.54370638    1.23724804    1.85424761    1.54893250    1.50354737    1.99997655    1.70239719    1.96355225    1.16429178    1.17096040    1.34231662    1.83243330    1.65114119    1.87073530    1.68656949    1.75580006    1.58530041    1.25164507    1.72295483    1.17316822    1.48604424    1.39016425    1.40419112    1.59279485    2.07992218    1.80400528    1.63720168
RRF2M_TALMQ/545-619     0.91831033    0.96166813    0.98772136    0.84592721    0.73844219    0.72846490    0.57265928    0.54018231    1.12467558    1.00987175    0.00000000    0.54112258    0.70735306    0.76604978    0.95988316    1.09066805    1.03644245    1.02491321    1.13756759    1.08720489    1.07977353    1.31771926    1.50503069    1.08283628    1.34809561    1.06724147    0.93243146    1.43145857    1.54342226    1.51597196    1.78975638    1.54424388    1.66386518    2.08218304    1.55541486    1.61286001    1.65605432    1.46378716    1.38259532    1.69328629    1.70921211    1.61883020    1.59682223    1.41083539    1.39429349    2.03430353    1.51188832    1.40353533    1.56910339    1.65211951    1.63982508    1.24174704    1.35067983    1.16432383    1.50834544    1.36836535    1.61986850    1.50287437    1.57234992    1.27609479    1.01575985    1.31722781    0.90082563    1.00872417    1.04146159    1.03030328    1.14586317    1.26924965    1.49914698    1.32084105
RRF2M_YARLI/441-515     1.02081436    1.16141491    1.05202371    0.92504870    0.86823502    0.84169471    0.60302124    0.75627139    1.24129931    1.22326297    0.54112258    0.00000000    0.79874863    0.99433777    0.97736615    1.04924326    1.21561344    1.17229775    1.26303521    1.32542689    1.27797164    1.28678802    1.48162988    1.31032408    1.18687428    1.14821427    1.23804832    1.54308955    1.45276901    1.70850599    1.60992868    1.42756295    1.45949476    2.16938868    1.60001228    1.63307072    1.93733407    1.58905977    1.51272356    1.68768112    1.80803457    1.63799554    1.49813002    1.52831723    1.42172454    2.12946845    1.57179239    1.54667590    1.82168975    1.72107038    1.63132309    1.34915985    1.59027271    1.28820462    1.67104510    1.40911648    1.62768941    1.47574399    1.48365625    1.46899976    1.31483218    1.43817701    1.05947964    1.27274649    1.15209557    1.10869168    1.21722744    1.33283575    1.74879623    1.44700314
C4R6N4_KOMPG/452-526     1.09125907    1.09836020    1.09576007    1.05800421    0.96301012    0.81918813    0.64942301    0.77368103    1.45514900    1.29881315    0.70735306    0.79874863    0.00000000    1.02778068    1.09632201    1.49956877    1.18108560    1.06059455    0.98065057    1.14415858    1.30720145    1.05278033    1.32822820    1.27073188    1.29931213    1.28061567    1.19540414    1.35111621    1.43844491    1.42371808    1.73468419    1.71341548    1.84166200    2.30991714    1.71619439    1.57204359    1.97090511    1.52931106    1.41135222    1.56488093    1.40827335    1.40302433    1.62463247    1.42240576    1.38073457    2.11381659    1.45467671    1.46586954    1.91366577    2.02629986    1.67556148    1.51726940    1.30919082    1.19987476    1.36162222    1.24920996    1.44826919    1.39158654    1.62729478    1.50083115    1.12637356    1.28964234    1.04657776    1.08479870    1.32614661    1.23286143    1.45328903    1.35660346    1.40273483    1.54055906
RRF2M_DANRE/469-543     0.92225713    0.98883010    0.79088999    0.76527723    0.75522704    0.73091535    0.90499943    0.98587383    1.31573256    1.44996502    0.76604978    0.99433777    1.02778068    0.00000000    0.60140405    0.81368211    1.22409452    1.10032253    1.01969018    1.05993530    1.17644746    1.03799600    1.36076597    1.14742273    1.13017589    0.96375834    1.27819184    1.25962646    1.47610590    1.59829926    1.71827146    1.39747359    1.39267459    2.07191204    1.51578918    1.66045506    1.72316985    1.67841441    1.75036631    1.62646276    1.48432902    1.35781493    1.68813172    1.35249524    1.38573423    1.63964944    1.47924289    1.42374448    1.55772045    1.72239215    1.78707308    1.39043699    1.14440497    1.18854963    1.48289517    1.48415292    1.63342833    1.41808007    1.41554859    1.41588788    1.02090985    1.33162586    1.00006777    0.91504964    1.00865714    0.85208027    1.11368759    1.33095972    1.58145835    1.37619537
A0A0D2WYT9_CAPO3/563-637     0.98594512    0.97843012    0.86794363    0.73524921    0.92847674    0.69997337    0.99307844    0.93340203    1.47368686    1.45160504    0.95988316    0.97736615    1.09632201    0.60140405    0.00000000    0.98661379    0.96089712    1.08946249    1.08169729    1.10875497    1.03830783    1.15888325    1.54917110    1.21088614    1.02336340    1.17081238    1.24171537    1.23403012    1.16573389    1.40634114    1.70303652    1.43834735    1.62445661    1.82352148    1.61086777    1.81749198    1.97377440    1.74657569    1.68058921    1.73674064    1.39146803    1.50790956    1.60083621    1.61186498    1.70893134    1.82592957    1.52094834    1.58435262    1.78366957    1.73809315    2.20630545    1.36164379    1.21932856    1.39499858    1.75293637    1.53815287    1.38940078    1.57116022    1.48107752    1.49645553    1.17878691    1.40256589    1.00199997    0.96351922    0.96139951    1.02154510    1.31331287    1.74294990    1.59819224    1.37482475
E3NGB7_CAERE/427-501     0.93622331    1.26278905    0.86472344    1.02250085    1.12166310    1.08107919    1.12551763    1.33586910    1.65115425    1.67488722    1.09066805    1.04924326    1.49956877    0.81368211    0.98661379    0.00000000    1.12308498    1.20653569    1.29402317    1.27427851    1.31626369    1.45128067    1.57699144    1.27384698    1.47797598    1.15135220    1.56732821    1.51800931    1.61604238    1.56706074    1.75022330    1.63521519    1.69731119    2.09883593    1.68847611    1.79213711    1.83060819    1.92493782    2.09723141    1.58720107    1.94487632    1.68432704    1.80304967    1.82558204    1.67949043    1.98307946    1.73746830    1.53263890    1.94358432    2.01598517    1.80182004    1.56388947    1.64462577    1.51286703    1.59257929    1.80970673    1.81886938    1.77748614    1.50078231    1.56561042    1.22806067    1.52254087    1.17098495    1.27174314    1.30005313    1.06815699    1.30793575    1.75574703    1.97620518    1.55463768
F0ST56_RUBBR/409-483     0.58876642    0.71871717    0.67557840    0.81416873    1.28650325    1.05856196    0.90994777    1.03509734    1.76575753    1.47955118    1.03644245    1.21561344    1.18108560    1.22409452    0.96089712    1.12308498    0.00000000    0.80507662    0.97592268    1.09450949    1.12264864    0.95720797    0.97676072    1.05645472    0.96520269    0.97475384    1.11839442    1.02711230    0.95425706    1.28641960    1.39188608    1.23971759    1.19627310    1.53249677    1.16455638    1.11423185    1.53099915    1.33025862    1.48826369    1.49143780    1.73658860    1.37934979    1.15584736    1.29323345    1.41097900    1.74659110    1.38346235    1.08238618    1.58557354    1.66332748    1.70538954    1.14513812    1.29674629    1.20949671    1.19182383    1.27257631    1.41503139    1.36900732    0.99592276    1.23583452    1.00644821    1.11726235    0.86119585    0.79997817    0.91044129    0.86611827    0.90195424    1.56988918    1.11781403    0.78482342
E1R4A6_SEDSS/399-473     0.60851206    0.67996641    0.78403153    1.07536517    1.11927000    1.01986238    0.95027752    0.98706665    1.51293623    1.30649699    1.02491321    1.17229775    1.06059455    1.10032253    1.08946249    1.20653569    0.80507662    0.00000000    0.97182295    0.99746674    1.15454812    1.14351161    1.21815097    1.03915333    0.98869809    0.95536625    1.18194569    0.87334265    1.07463986    1.36535390    1.58594021    1.48923265    1.26208353    1.59818531    1.29870005    1.20502806    1.50248628    1.29337291    1.46971109    1.39215475    1.54688359    1.25215160    1.23218051    1.24722144    1.21378370    1.38689710    1.37564021    1.27806934    1.41832795    1.61710943    1.47379992    1.02768566    1.26100488    1.14435286    1.16990775    1.17548093    1.37641542    1.17722383    1.18851593    1.14190592    0.90530727    1.09249295    0.83343356    0.64897946    0.87645394    0.72723037    0.89822873    1.37696350    1.17319228    0.94905752
E1P6D8_GEOBB/413-487     0.69883067    0.83013126    0.90929029    0.99738020    0.86758806    0.78509414    1.00966113    1.04972028    1.38022635    1.28224219    1.13756759    1.26303521    0.98065057    1.01969018    1.08169729    1.29402317    0.97592268    0.97182295    0.00000000    0.85013828    1.20378890    0.80717686    1.08166785    0.79268975    0.98873371    0.83281511    0.97523247    1.00504932    0.92302265    1.08686009    1.43904460    1.42000026    1.50909566    1.76448618    1.20577768    1.16494221    1.60376490    1.44801785    1.58507809    1.33889237    1.20951551    1.12490188    1.41092978    1.29710351    1.26578229    1.69186888    1.21945223    1.11319572    1.97238087    1.74829241    1.51404447    1.08886359    1.33931012    1.28096298    1.18309061    1.26440857    1.58087413    1.27136984    1.21365300    1.26604174    0.82194747    1.00269624    0.72678082    0.90841918    1.06233085    0.87375471    1.01268964    1.27000314    1.21481276    0.93348408
D7FYU3_ECTSI/447-527     0.71008323    1.04121333    0.98899671    1.04272341    1.16143333    0.96503379    1.25247606    1.11317026    1.37781988    1.53970345    1.08720489    1.32542689    1.14415858    1.05993530    1.10875497    1.27427851    1.09450949    0.99746674    0.85013828    0.00000000    0.71554622    0.71417726    0.93298860    0.63149560    0.70718016    0.55014171    0.68126420    1.09993811    0.96444016    1.16792033    1.36028274    1.34559962    1.47734734    1.63834977    1.32825089    1.13065376    1.19380684    1.42258649    1.58403381    1.61362323    1.32129572    1.24160835    1.27053505    1.05063306    1.15776481    1.35443146    1.22585980    1.13483546    1.49623650    1.62425022    1.49641202    0.94300401    1.26633228    1.09260385    1.24674291    1.24541551    1.16402417    1.23580686    0.98000757    1.09531693    0.92431849    0.68412204    0.83049635    0.81343504    0.99374530    0.82620021    0.99546164    1.45802793    1.43218684    1.02046654
E0VF81_PEDHC/435-509     1.11117241    1.18622447    0.91909150    1.18502478    1.33467196    1.21211467    1.31637101    1.16379996    1.83912034    1.55874976    1.07977353    1.27797164    1.30720145    1.17644746    1.03830783    1.31626369    1.12264864    1.15454812    1.20378890    0.71554622    0.00000000    0.74579246    1.19844420    0.87613372    0.86540980    0.88651904    0.89067950    1.13556306    0.98368673    1.09591528    1.74265041    1.53407551    1.42059148    1.82677310    1.57522404    1.22286716    1.51421776    1.56989154    1.64681847    2.04675211    1.83268793    1.68593270    1.25574647    1.32787711    1.44445449    1.35276026    1.66778117    1.45409551    1.56925526    1.62413071    1.82228599    1.15332209    1.27527494    1.16698005    1.36833392    1.52210197    1.24895280    1.46056252    1.20062607    1.32195103    1.21565357    1.01266978    1.09908418    1.08051196    1.27870221    0.98841122    1.15789784    1.83031990    1.50905914    1.29682122
Q4UAY6_THEAN/488-562     0.93345923    1.06915546    0.77373114    0.90213215    1.01254152    1.07879363    1.00670545    1.28739029    1.53381486    1.44644304    1.31771926    1.28678802    1.05278033    1.03799600    1.15888325    1.45128067    0.95720797    1.14351161    0.80717686    0.71417726    0.74579246    0.00000000    0.68782272    0.71296007    0.62755608    0.82133649    0.78400012    0.98983352    0.91009233    1.03362721    1.05825768    1.17068556    1.12482949    1.56073199    1.39500265    0.97723160    1.35488215    1.43242689    1.51127745    1.18961230    1.51933605    1.09036956    1.13291670    1.06064572    1.14573517    1.63635277    1.46383747    1.22711000    1.57309297    1.30691739    1.46140025    1.14069494    1.16195442    1.09310667    1.18475259    1.14146380    1.29202474    1.03094037    1.08224547    1.08547675    1.02325036    0.89489715    0.81474096    0.80243260    1.14379138    0.81533335    0.97914390    1.41456478    1.39861514    1.00161224
A0A384L433_PLAKH/489-563     0.92583125    1.16877600    0.96882217    1.05557466    1.45985899    1.22599202    1.21694351    1.35678355    1.84683396    1.67994553    1.50503069    1.48162988    1.32822820    1.36076597    1.54917110    1.57699144    0.97676072    1.21815097    1.08166785    0.93298860    1.19844420    0.68782272    0.00000000    0.92780328    0.76580441    0.91068283    0.87637241    1.32876159    1.22664779    1.13863082    1.39601261    1.50262097    1.48222103    1.70277656    1.19906960    0.93318360    1.22437562    1.24014228    1.65348427    1.54735691    1.82202594    1.39518065    1.32713779    1.19355079    1.17134159    1.47974179    1.40508272    1.20604148    1.70114273    1.68998514    1.45489464    1.30661844    1.30307152    1.24993541    1.46639179    1.19670734    1.29118259    1.16448554    1.11177934    1.27470494    1.07490923    1.01986448    1.07401118    0.96851860    1.23135830    0.99304192    1.15501060    1.36596462    1.56158045    1.14092834
C9RLE0_FIBSS/410-484     0.71089068    0.74003633    0.86638490    1.01900221    1.04953713    1.13542715    1.30562804    1.14093294    1.63372501    1.72117719    1.08283628    1.31032408    1.27073188    1.14742273    1.21088614    1.27384698    1.05645472    1.03915333    0.79268975    0.63149560    0.87613372    0.71296007    0.92780328    0.00000000    0.63637318    0.54559000    0.61537673    1.07487868    0.88662422    1.15239448    1.34399292    1.17044378    1.31375387    1.61577689    1.18276680    1.15829693    1.37502395    1.61931726    1.59237892    1.33637038    1.47750707    1.15392989    1.14728046    1.26644248    1.26445173    1.58023983    1.33114224    1.34876984    1.56791506    1.43948885    1.35596439    1.03025957    1.30017378    1.08916980    1.35098261    1.26877914    1.43485121    1.19340936    1.04871882    1.17920568    0.88439525    0.94185005    0.92297368    0.72590002    0.83368153    0.77645780    0.71879926    1.36563757    1.30223953    0.85882460
D2QZV7_PIRSD/398-472     0.64029651    0.92989641    0.96006547    0.95831023    1.13444302    1.15522687    1.12043296    1.19505083    1.48841876    1.61017002    1.34809561    1.18687428    1.29931213    1.13017589    1.02336340    1.47797598    0.96520269    0.98869809    0.98873371    0.70718016    0.86540980    0.62755608    0.76580441    0.63637318    0.00000000    0.51516344    0.63372646    0.89633158    1.00780901    1.04681885    1.33819217    1.08685885    1.27830430    1.40641283    1.21443350    1.05856855    1.39996247    1.28554452    1.38735187    1.36947804    1.39691419    1.27600486    1.26442934    1.08866996    1.17376787    1.19862149    1.31658789    1.27302190    1.44678368    1.36406566    1.11716855    0.99083249    1.13429320    0.96219853    1.10749026    1.19837702    1.14801191    1.14144291    1.09768789    1.16203090    1.17306590    0.79231802    1.02648581    0.79314064    0.87513094    0.71147003    0.81295016    1.27784032    1.46942759    0.98958728
F0SRV0_RUBBR/433-507     0.60291261    0.95865056    0.81417932    1.03985660    0.97755537    1.02402045    0.97487355    1.21456420    1.37392588    1.67880798    1.06724147    1.14821427    1.28061567    0.96375834    1.17081238    1.15135220    0.97475384    0.95536625    0.83281511    0.55014171    0.88651904    0.82133649    0.91068283    0.54559000    0.51516344    0.00000000    0.66652144    0.96767419    1.14173411    1.20740988    1.48463867    1.21416946    1.45061816    1.68495105    1.25413733    1.22161072    1.32491385    1.43196690    1.61737954    1.51202665    1.66122452    1.41231776    1.35434362    1.25022347    1.17318552    1.39500821    1.22572052    1.38546409    1.61135347    1.33472488    1.48681851    1.17930423    1.36299510    1.07612562    1.26876862    1.31122547    1.59095629    1.24918650    1.17371392    1.37120394    0.89263433    0.88665137    0.91297173    0.77973726    0.97087660    0.76965718    0.88500386    1.32583910    1.35646579    1.00420896
E1X373_HALMS/418-492     0.82501512    0.99710601    0.88004169    1.15242176    1.22503924    1.19613795    1.18169223    1.20352429    1.84035669    1.61926108    0.93243146    1.23804832    1.19540414    1.27819184    1.24171537    1.56732821    1.11839442    1.18194569    0.97523247    0.68126420    0.89067950    0.78400012    0.87637241    0.61537673    0.63372646    0.66652144    0.00000000    1.07625690    1.00405686    0.95025934    1.33945642    1.38488657    1.50356343    1.92076320    1.32558776    1.03670675    1.20471820    1.32770069    1.49206856    1.45058504    1.70808848    1.45229503    1.19386146    1.02966588    1.12342994    1.41712354    1.17412044    1.25664802    1.62620993    1.77755499    1.39937480    1.07429395    1.30495998    0.92997913    1.33706095    1.34415832    1.60621382    1.23028918    1.10973038    1.09817413    0.96678415    0.80942339    0.98143861    0.81945816    0.97295265    0.87216745    1.04764362    1.47096748    1.40477663    0.97761714
Q4N936_THEPA/512-586     0.86478168    0.98017924    0.82401610    1.17112274    1.12741030    1.37123581    1.31218827    1.21292838    1.66898617    1.79296257    1.43145857    1.54308955    1.35111621    1.25962646    1.23403012    1.51800931    1.02711230    0.87334265    1.00504932    1.09993811    1.13556306    0.98983352    1.32876159    1.07487868    0.89633158    0.96767419    1.07625690    0.00000000    0.78097668    1.14569444    1.26733911    1.07590232    1.22050582    1.55927760    1.28518051    1.14223473    1.36351507    1.37128116    1.56132989    1.30883674    1.52484552    1.43281164    1.32041976    1.36629056    1.26863342    1.61022190    1.54437535    1.28416033    1.68116192    1.60145351    1.84278786    1.11578913    1.40397827    1.19801096    1.24336231    1.46874711    1.35769816    1.34599340    1.16277074    1.31243974    1.14650501    1.14441993    0.97299280    0.95249880    1.10082418    0.95613205    0.98114985    1.58723547    1.37819449    0.85523972
A7AQL3_BABBO/524-598     0.96274958    1.05597483    0.86686221    1.13186124    1.37581391    1.27634401    1.41537283    1.47996431    1.87827259    1.76099088    1.54342226    1.45276901    1.43844491    1.47610590    1.16573389    1.61604238    0.95425706    1.07463986    0.92302265    0.96444016    0.98368673    0.91009233    1.22664779    0.88662422    1.00780901    1.14173411    1.00405686    0.78097668    0.00000000    0.91435228    1.25202006    1.29135527    1.24742816    1.58926948    1.33475624    0.98583623    1.51138887    1.52763758    1.49803644    1.27484158    1.65250086    1.38496601    1.16843655    1.31759204    1.36229957    1.42444284    1.53122358    1.22265200    1.63172319    1.65874355    1.48610456    1.08877147    1.25450835    1.13885642    1.36170731    1.37751536    1.29004964    1.14746362    1.15267353    1.12339095    0.95115261    0.98482301    0.88907395    0.90009226    1.02202716    0.84064931    1.07257632    1.65018274    1.09369443    0.85467687
Q4CXN3_TRYCC/185-259     1.16434850    1.34174669    1.20578329    1.18987206    1.41359005    1.37945594    1.33742895    1.36397175    1.69162947    1.46660092    1.51597196    1.70850599    1.42371808    1.59829926    1.40634114    1.56706074    1.28641960    1.36535390    1.08686009    1.16792033    1.09591528    1.03362721    1.13863082    1.15239448    1.04681885    1.20740988    0.95025934    1.14569444    0.91435228    0.00000000    1.71020225    1.55617689    1.74339294    2.27498433    1.51340893    1.23093424    1.68197929    1.32027640    1.57068409    1.77791944    1.63562549    1.48040370    1.43002327    1.42707666    1.35963597    1.64529031    1.57795840    1.27109694    1.99377575    1.62720063    1.78137698    1.35223580    1.28524677    1.21336707    1.32404889    1.34555299    1.43271113    1.42305699    1.29953851    1.19001897    1.31874963    1.38311071    1.27180934    1.20365325    1.30065392    1.03440586    1.27971170    1.83002563    1.42148450    1.08165966
F0RYS7_SPHGB/397-471     1.19350490    1.23589613    1.22066136    1.39514556    1.38280593    1.33009482    1.47978294    1.49454579    1.73434762    1.97146617    1.78975638    1.60992868    1.73468419    1.71827146    1.70303652    1.75022330    1.39188608    1.58594021    1.43904460    1.36028274    1.74265041    1.05825768    1.39601261    1.34399292    1.33819217    1.48463867    1.33945642    1.26733911    1.25202006    1.71020225    0.00000000    0.60726877    0.56205543    1.32270574    1.27586231    1.04832718    1.71298709    1.45940521    1.66181942    1.43212609    1.74035826    1.22461173    1.36720910    1.30937394    1.20769364    1.57688559    1.62071717    1.09195712    1.25810017    1.35950906    1.40851533    1.44858101    1.48108170    1.33084070    1.41865597    1.45005853    1.57799387    1.22678781    1.15988107    1.27594234    1.49644566    1.22148628    1.33508341    1.38321810    1.36441058    1.19568439    1.21663694    1.89945722    1.84230419    1.22127044
E1R4A8_SEDSS/397-471     1.04079423    1.11856759    1.01796126    1.17125075    1.34728402    1.31435514    1.26575099    1.43706382    1.62838388    2.13172594    1.54424388    1.42756295    1.71341548    1.39747359    1.43834735    1.63521519    1.23971759    1.48923265    1.42000026    1.34559962    1.53407551    1.17068556    1.50262097    1.17044378    1.08685885    1.21416946    1.38488657    1.07590232    1.29135527    1.55617689    0.60726877    0.00000000    0.49340755    1.27900684    1.24211092    1.05008548    1.47690300    1.32904236    1.37342234    1.48767336    1.58613551    1.09401304    1.28326769    1.29212956    1.09903714    1.55532428    1.32955633    1.14708863    1.42081430    1.11755524    1.57811867    1.35965089    1.22237997    1.19822249    1.19242791    1.20655941    1.38899393    1.16096058    1.16552190    1.09669990    1.41551756    1.51838088    1.37903768    1.16634147    1.29082233    1.00724397    1.09686643    1.93019698    1.50341030    1.11608318
G0GEQ9_SPITZ/394-467     0.94174039    1.03762338    1.04075682    1.16311790    1.45797126    1.40382797    1.36475985    1.51271673    1.86481272    2.16426923    1.66386518    1.45949476    1.84166200    1.39267459    1.62445661    1.69731119    1.19627310    1.26208353    1.50909566    1.47734734    1.42059148    1.12482949    1.48222103    1.31375387    1.27830430    1.45061816    1.50356343    1.22050582    1.24742816    1.74339294    0.56205543    0.49340755    0.00000000    1.39990653    1.28555006    1.05367228    1.33935177    1.29912260    1.37090880    1.29181073    1.59550509    1.22132018    1.18421952    1.20780327    1.16418581    1.46790616    1.37082855    0.94459049    1.27663458    1.25584204    1.46577135    1.37011213    1.37005884    1.14360101    1.19305961    1.25358604    1.39705961    1.06278395    1.09584877    1.11075116    1.34926244    1.65317429    1.32741576    1.12215500    1.14510872    1.00565409    1.13402193    1.87955324    1.60085428    1.19728952
E4RLV1_HALHG/394-468     1.51696544    1.64688596    1.65058653    1.65601282    1.78631358    2.17220532    1.89038333    2.01875366    2.51675719    2.15889888    2.08218304    2.16938868    2.30991714    2.07191204    1.82352148    2.09883593    1.53249677    1.59818531    1.76448618    1.63834977    1.82677310    1.56073199    1.70277656    1.61577689    1.40641283    1.68495105    1.92076320    1.55927760    1.58926948    2.27498433    1.32270574    1.27900684    1.39990653    0.00000000    1.34329986    1.34860772    1.47390881    1.53016511    1.62888775    1.55192065    2.01978649    1.54673240    1.66565850    1.50258134    1.63982839    1.84315407    1.88080850    1.27477228    1.45649360    1.53929963    1.49945621    1.46020898    1.60514162    1.30964869    1.68719977    1.63358856    1.67602772    1.37763003    1.45728831    1.12443598    1.86638069    1.43979567    1.50649242    1.39728917    1.63637921    1.62875407    1.31797564    1.88305429    2.18736225    1.57130468
E8R235_ISOPI/389-463     1.09620447    0.99496044    1.30589856    1.47921851    1.45539925    1.37577046    1.64883575    1.51538649    1.85034547    1.88251259    1.55541486    1.60001228    1.71619439    1.51578918    1.61086777    1.68847611    1.16455638    1.29870005    1.20577768    1.32825089    1.57522404    1.39500265    1.19906960    1.18276680    1.21443350    1.25413733    1.32558776    1.28518051    1.33475624    1.51340893    1.27586231    1.24211092    1.28555006    1.34329986    0.00000000    1.31278648    1.09048858    1.25567498    1.52754665    1.60389619    1.20394526    1.01449718    1.19039394    1.12945162    1.20136539    1.11465430    1.31726053    1.13393147    1.45872146    1.30985266    1.30369656    1.19302494    1.28103317    1.15532659    1.26984910    1.37727427    1.42323679    1.34003225    1.03972866    1.19388912    1.26494917    1.29749705    1.14181134    1.11923961    0.96641623    0.99087328    1.15504052    1.52548441    1.64345385    1.06561103
B2A2Z5_NATTJ/399-473     1.03573714    1.06355163    0.92045111    1.05100382    1.36189911    1.39828860    1.38414971    1.46246616    1.88571484    1.81907810    1.61286001    1.63307072    1.57204359    1.66045506    1.81749198    1.79213711    1.11423185    1.20502806    1.16494221    1.13065376    1.22286716    0.97723160    0.93318360    1.15829693    1.05856855    1.22161072    1.03670675    1.14223473    0.98583623    1.23093424    1.04832718    1.05008548    1.05367228    1.34860772    1.31278648    0.00000000    0.89085305    0.77900586    1.20537829    1.26847624    1.51030897    1.20711449    0.95523453    0.78662493    0.81248837    1.07642603    1.04291808    0.71996850    1.05822057    1.10464420    1.03989239    0.79740130    1.08297458    0.93156238    1.03219376    0.88319414    0.99507286    0.71753038    0.78055969    0.74192390    0.97437393    1.03254759    1.07108549    1.00550879    1.02334994    1.03905400    1.29588873    1.71197306    1.64229739    1.10025585
C9LTI7_SELS3/398-472     1.11881745    1.36562787    1.22766902    1.38621310    1.68641276    1.67725010    1.76074792    1.70186400    1.93821011    1.62505918    1.65605432    1.93733407    1.97090511    1.72316985    1.97377440    1.83060819    1.53099915    1.50248628    1.60376490    1.19380684    1.51421776    1.35488215    1.22437562    1.37502395    1.39996247    1.32491385    1.20471820    1.36351507    1.51138887    1.68197929    1.71298709    1.47690300    1.33935177    1.47390881    1.09048858    0.89085305    0.00000000    1.12416765    1.66128675    1.49262277    1.41614606    1.21711050    1.25216262    0.90294685    1.37637413    1.36242487    1.19227255    0.94654003    1.12431983    1.34317778    1.18980680    0.90056229    1.05945659    1.01196716    1.20678020    1.12828376    1.27828030    0.88744924    0.90078035    0.88592737    0.95244807    1.19262681    1.29800984    1.14293953    0.97355573    1.26171923    1.34171679    1.85017486    2.01298896    1.28835900
F2LWG4_HIPMA/375-449     1.08839521    1.18249574    1.08952651    1.35146589    1.37257255    1.31187498    1.33527789    1.34424051    1.50672730    1.54909702    1.46378716    1.58905977    1.52931106    1.67841441    1.74657569    1.92493782    1.33025862    1.29337291    1.44801785    1.42258649    1.56989154    1.43242689    1.24014228    1.61931726    1.28554452    1.43196690    1.32770069    1.37128116    1.52763758    1.32027640    1.45940521    1.32904236    1.29912260    1.53016511    1.25567498    0.77900586    1.12416765    0.00000000    1.34269776    1.26371143    1.34607878    1.10073646    1.05014411    0.88119134    1.01432687    1.06387577    1.15501151    0.82531982    1.11841219    1.14584953    1.18096994    1.09381298    1.13206240    1.09921651    1.28590710    1.10404466    1.16948930    0.93237147    1.03317701    0.87939557    0.97377843    1.23418659    1.11508563    1.05024955    1.03431081    1.27450389    1.35720952    1.71319752    1.74036728    1.32812058
C1D0A1_DEIDV/376-449     1.23642766    1.23808743    1.47254276    1.54015110    1.75310977    1.58524077    1.41458600    1.34052678    1.70322382    1.49481182    1.38259532    1.51272356    1.41135222    1.75036631    1.68058921    2.09723141    1.48826369    1.46971109    1.58507809    1.58403381    1.64681847    1.51127745    1.65348427    1.59237892    1.38735187    1.61737954    1.49206856    1.56132989    1.49803644    1.57068409    1.66181942    1.37342234    1.37090880    1.62888775    1.52754665    1.20537829    1.66128675    1.34269776    0.00000000    1.20148512    1.24424031    1.18093127    1.31185974    0.97802135    1.04023768    1.23793352    1.13163787    1.09718009    1.53465543    1.73411050    1.70509705    1.07519369    1.12094523    0.92164180    1.33280665    1.29914562    1.16057520    1.13322747    1.46593007    1.05733854    1.30117772    1.56142011    1.13817921    1.13216490    1.35482144    1.28316868    1.29589401    1.46054714    1.58388225    1.23831433
