63
M7TF38_EUTLA/19-66     0.00000000    0.70288277    0.66609635    0.57737887    0.70045526    0.56613894    0.65801407    0.66627646    0.63727616    0.62533934    0.55451532    1.16553805    1.27767136    1.71300724    1.29478671    1.23203964    1.21099489    1.38618499    1.60656164    1.47828214    1.59480372    1.78764666    1.66765981    1.38947360    1.26457559    1.35872504    0.91265391    1.05930997    1.05054160    1.03982370    1.10487578    1.17897044    1.24561244    1.15920292    1.33474112    1.25188927    1.31003417    1.52496532    1.51876788    1.28782152    1.64536662    1.56988817    1.41112835    1.54929296    1.40567734    1.56704484    1.44925659    1.33511308    1.43018434    1.79132825    1.38056408    1.56091124    1.11656521    0.34808231    0.50572030    0.54576641    0.39300843    0.27598295    0.27466879    0.41906865    0.34061424    0.37078029    0.47803242
Q0TXP4_PHANO/150-195     0.70288277    0.00000000    0.26617449    0.39825840    0.85428224    0.93205255    0.70671778    0.79040361    0.71818305    0.78480287    0.93132467    1.31981760    1.68964442    1.54483756    1.53880626    1.65213613    1.39433418    1.62519783    1.67347115    1.56602418    1.64528909    1.89867428    1.74747524    1.26205635    1.60464015    1.53402303    1.18385419    1.00382943    1.29065408    1.32796349    1.34967168    1.35863391    1.49389539    1.22284769    1.54115467    1.53017167    1.14345444    1.44411326    1.32632411    1.15450198    1.46245075    1.43288197    1.34382157    1.47911761    1.28099910    1.25714991    1.35183891    1.06457266    1.34620487    1.91091260    1.38715757    1.32080048    1.16489684    0.62602485    0.53952698    0.79738997    0.69227412    0.83413167    0.85053275    0.73418978    0.64501521    0.86097944    0.78920105
M2SMU0_COCSN/2-47     0.66609635    0.26617449    0.00000000    0.40778903    0.76113489    0.84090223    0.78027861    0.70123576    0.64664842    0.65360853    0.76321984    1.16698099    1.36297397    1.41770399    1.52016278    1.43717787    1.23614558    1.58712926    1.55301550    1.47362007    1.38323852    1.60041712    1.62055090    1.03456944    1.33544946    1.63347438    1.08477145    0.95372271    1.25617710    1.16469139    1.21582059    1.25158247    1.22428747    1.21109666    1.26445338    1.28816714    1.18836150    1.38491198    1.23560631    1.27083180    1.48749354    1.43141056    1.35739170    1.54133827    1.40046015    1.38079089    1.40914458    1.18446583    1.47267607    1.93578521    1.27505824    1.30029874    1.25946889    0.61513361    0.50152088    0.62154879    0.52852788    0.73620917    0.69747272    0.74054620    0.55081164    0.71340316    0.71522365
R7Z4C5_CONA1/127-173     0.57737887    0.39825840    0.40778903    0.00000000    0.51931689    0.75718065    0.74287134    0.70386478    0.59194923    0.59147976    0.74725831    1.31985961    1.44290649    1.54759855    1.36366988    1.41724262    1.09126354    1.32915199    1.41751883    1.27862999    1.45389491    1.53581077    1.54669364    1.11291829    1.51322895    1.79928256    0.95902806    0.96386496    1.20584312    1.33447311    1.31438587    1.52486993    1.59518760    1.34055154    1.53833097    1.49033271    1.58019134    1.64774882    1.65506062    1.57573796    1.82302368    1.81482643    1.58359856    1.90642413    1.60985141    1.57618815    1.65268422    1.38465479    1.52007488    2.07471633    1.40317676    1.47270694    1.17180396    0.54802358    0.58444522    0.63921507    0.48609775    0.57950246    0.60445936    0.61941864    0.63806032    0.67831348    0.74035738
R1GQM2_BOTPV/101-145     0.70045526    0.85428224    0.76113489    0.51931689    0.00000000    1.08336675    0.94954815    1.06828471    0.86420173    0.92895593    0.99259008    1.27114291    1.58723435    2.14703104    1.67618279    1.58455457    1.29989238    1.63425857    1.52812787    1.44995825    1.53004032    1.69849303    1.72369005    1.19201113    1.79253041    1.72825724    0.92742865    1.18079820    1.40962539    1.34224299    1.41280129    1.50393519    1.64345637    1.44560262    1.61227135    1.37859204    1.88661490    1.88584195    1.77701471    1.75651381    1.73931345    1.75290341    1.51502611    1.88277404    1.57854689    1.67658606    1.50833808    1.46331254    1.36653542    2.40182448    1.83155731    1.47543502    1.17633773    0.61091757    0.72348239    0.83593000    0.72774906    0.59765621    0.67082778    0.69673136    0.75282623    0.80646773    0.80209082
K1X010_MARBU/94-139     0.56613894    0.93205255    0.84090223    0.75718065    1.08336675    0.00000000    0.67858254    0.78550117    0.71350138    0.94418993    0.83754489    0.88279279    1.43791380    1.12157018    1.26141003    1.36973640    1.13879452    1.39826003    1.17714913    1.15234069    1.23375435    1.28877826    1.64299311    1.35764566    1.24508060    1.44801012    0.79626622    1.00704934    1.18391087    1.01046666    1.16942438    1.33851053    1.38757163    1.21164579    1.33171381    1.32244039    1.50790411    1.49890737    1.69270811    1.49407805    1.73730586    1.76102012    1.71498263    1.81913657    1.83379140    1.72341339    1.53537763    1.49459275    1.41695831    1.82929256    1.75946687    1.71526457    1.08672094    0.57986804    0.77184583    0.73276116    0.57301250    0.56905355    0.62451699    0.79318353    0.72015692    0.62214048    0.98776257
N1J4N7_BLUG1/64-109     0.65801407    0.70671778    0.78027861    0.74287134    0.94954815    0.67858254    0.00000000    1.00011488    0.86860459    0.92417545    0.92610064    1.12463086    1.71555159    1.65347875    1.64339359    1.52865115    1.09496930    1.25271101    1.04695138    1.11110229    1.17530055    1.10069233    1.44164305    1.34152970    1.62360332    1.52776872    1.06145091    1.21177053    1.20297916    1.08069308    1.15937696    1.13449300    1.03753781    1.03020969    1.12219357    1.19370959    1.28685246    1.46134430    1.59157374    1.60296298    1.62410728    1.82877455    1.57348718    1.41696205    1.48085385    1.54569458    1.55333307    1.26164315    1.41438107    2.01500900    1.57066986    1.29806245    1.04889755    0.68699719    0.74688636    0.78786747    0.68644544    0.56256797    0.61846904    0.92370871    0.79926395    0.71646047    0.81102503
M2N7Y6_BAUPA/88-133     0.66627646    0.79040361    0.70123576    0.70386478    1.06828471    0.78550117    1.00011488    0.00000000    0.35144005    0.40355710    0.37209385    1.18344072    1.37731555    1.64880517    1.79417422    1.68399992    1.27671625    1.50656332    1.46693196    1.44837573    1.55677803    1.65687861    1.61512161    1.62361720    1.34513492    1.40690511    0.97016411    0.99930657    1.02727083    1.30748814    1.26345860    1.71303908    1.29444496    1.24847115    1.39422502    1.47832842    1.42177332    1.20737855    1.40348853    1.46349256    1.61223735    1.54455974    1.37833916    1.49725506    1.43109262    1.55646202    1.33705445    1.37919743    1.11302171    1.71805477    1.85882575    1.52820978    0.82468515    0.81002988    0.85603684    0.69045185    0.79390005    0.74175536    0.66860891    0.67697237    0.56684371    0.69066044    0.90513673
M3AKY3_PSEFD/1-47     0.63727616    0.71818305    0.64664842    0.59194923    0.86420173    0.71350138    0.86860459    0.35144005    0.00000000    0.29044498    0.35672028    0.99119800    1.33469264    1.41605412    1.53929132    1.48404395    1.36752059    1.59034292    1.55767919    1.41637655    1.68499068    1.75833207    1.66874231    1.42177420    1.59674944    1.39679813    0.78160055    1.01065697    1.18472178    1.27335650    1.32861353    1.75625215    1.21256990    1.24898328    1.35225871    1.46734533    1.37291727    1.12757059    1.48867244    1.64874471    1.60039074    1.60891056    1.56323332    1.58345716    1.51922106    1.59748295    1.36279903    1.33131715    1.43254056    1.49054408    1.67226399    1.44307084    0.86604190    0.77141658    0.75321488    0.71555102    0.66436186    0.66572352    0.62104972    0.60351448    0.55450771    0.61688356    0.87165757
F9XN40_ZYMTI/8-53     0.62533934    0.78480287    0.65360853    0.59147976    0.92895593    0.94418993    0.92417545    0.40355710    0.29044498    0.00000000    0.31043531    1.33720148    1.32060650    1.80726325    1.68193883    1.49021527    1.49848303    1.56756520    1.74657381    1.54273646    1.78920420    1.82999215    1.70273652    1.47178591    1.43524910    1.22688595    0.85878895    0.98303931    1.09453870    1.20684725    1.18895175    1.65954731    1.10479523    1.15862006    1.42804662    1.48961896    1.56188069    1.23085719    1.62610982    1.61667232    1.81405784    1.87133126    1.62870234    1.66739332    1.56460228    1.81093072    1.58169216    1.49765629    1.56649351    1.74526994    1.73597834    1.44725002    1.04187517    0.83651107    0.78570979    0.68034192    0.66339154    0.82662453    0.72772202    0.64448276    0.61360754    0.76821071    0.86160380
N1PCI5_DOTSN/83-128     0.55451532    0.93132467    0.76321984    0.74725831    0.99259008    0.83754489    0.92610064    0.37209385    0.35672028    0.31043531    0.00000000    1.16322847    1.23538368    1.50588535    1.41768148    1.09359204    1.27129920    1.43986338    1.36183307    1.39020204    1.48766173    1.55036471    1.65450176    1.57844367    1.31409913    1.11146882    0.73776092    0.81026504    1.12170801    1.18943961    1.32285999    1.48395623    1.11800182    1.23429553    1.24281446    1.37174317    1.52900050    1.26764014    1.45437388    1.59746316    1.58828096    1.76453156    1.57171820    1.82736066    1.59270459    1.72215061    1.59061577    1.37931852    1.39663457    1.74340114    1.72175130    1.37109868    0.93605461    0.83667330    0.79220983    0.72468277    0.76664954    0.65976369    0.66812574    0.58381326    0.52620740    0.70590294    0.86492218
M7PDL7_PNEMU/63-108     1.16553805    1.31981760    1.16698099    1.31985961    1.27114291    0.88279279    1.12463086    1.18344072    0.99119800    1.33720148    1.16322847    0.00000000    1.59784974    1.05133859    1.32521797    1.36380251    1.14836373    1.29181334    1.27248974    1.33856356    1.26960615    1.28703083    1.47326931    1.16388670    1.54771878    1.53692433    0.92549576    1.22599966    1.25587399    1.36031432    1.25771811    1.37388543    1.31422501    1.29467996    1.19555231    1.36152851    1.35837692    1.50455991    1.55653529    1.78000630    1.71118140    1.51107949    1.52867709    1.63932003    1.71115710    1.61859418    1.54635526    1.46670626    1.54101033    1.75543419    1.86624322    1.29276051    0.93542953    1.29846589    1.44907143    1.38356074    1.44148340    1.23035673    1.27166483    1.24060400    1.15245271    1.29315724    1.22100311
A0A0D2VHT4_CAPO3/220-265     1.27767136    1.68964442    1.36297397    1.44290649    1.58723435    1.43791380    1.71555159    1.37731555    1.33469264    1.32060650    1.23538368    1.59784974    0.00000000    1.44710601    1.13705536    1.38127431    1.12574916    1.08959942    1.19774945    1.31360461    1.02839278    1.10541746    1.29021179    1.33316644    1.55413564    1.43488135    1.48221135    1.67132748    1.54366488    1.51535672    1.56789139    1.78983160    1.61511688    1.53881414    1.64276244    1.40874516    2.37465775    1.57824318    1.98369954    1.86733599    1.94604016    1.66199184    1.70415035    2.03121615    1.90292583    1.79886855    1.93116681    1.69342028    1.82921179    2.05253745    1.93199848    1.98916792    1.40393071    1.24255264    1.39923186    1.15487436    1.31394281    1.36763238    1.14137075    1.27853926    1.23075693    1.42987562    1.14926732
D0MQR6_PHYIT/180-225     1.71300724    1.54483756    1.41770399    1.54759855    2.14703104    1.12157018    1.65347875    1.64880517    1.41605412    1.80726325    1.50588535    1.05133859    1.44710601    0.00000000    1.09057806    1.20251958    1.00353039    1.20331340    1.52881948    1.51724207    1.30463465    1.49904857    1.78073979    1.57278950    1.46348154    1.82189613    1.44642885    1.66290976    1.63218370    1.84453637    1.61610701    1.84243369    1.63802535    1.75262000    1.39043917    1.68449403    1.78312589    1.57270073    1.87443694    2.15714560    2.14113131    2.11164503    1.69311941    2.15965508    2.17119632    1.97296633    1.92832328    1.81587976    1.99098744    2.07774096    1.77629822    1.89864221    1.54802794    1.47642185    1.48493274    1.58384504    1.59108566    1.65644167    1.65653467    1.79636121    1.54322959    1.63521076    1.63709497
RSA3_SCHPO/37-79     1.29478671    1.53880626    1.52016278    1.36366988    1.67618279    1.26141003    1.64339359    1.79417422    1.53929132    1.68193883    1.41768148    1.32521797    1.13705536    1.09057806    0.00000000    0.36801133    1.14516461    1.18139036    1.58557590    1.66243161    1.66908313    1.87238232    1.52776200    1.34129794    1.42112787    1.46896141    1.45135069    1.40518209    1.27908949    1.57762122    1.27362063    1.49344391    1.44587448    1.33536370    1.59318410    1.29969610    1.80099039    1.93757913    1.60138694    1.73207834    1.69749948    1.91411165    1.71392897    2.06615051    1.86458122    1.83505969    1.82823966    1.69714909    1.80879531    2.02307737    1.40052356    1.83108984    1.15562557    1.49163139    1.56369741    1.43730724    1.42010247    1.31369729    1.29667262    1.69794754    1.38984923    1.48031127    1.01991234
B6K8B5_SCHJY/50-93     1.23203964    1.65213613    1.43717787    1.41724262    1.58455457    1.36973640    1.52865115    1.68399992    1.48404395    1.49021527    1.09359204    1.36380251    1.38127431    1.20251958    0.36801133    0.00000000    1.30917411    1.33690481    1.66153186    1.76887362    1.77043182    1.99137143    1.69300720    1.70781001    1.54713388    2.01963859    1.18852966    1.35853079    1.30187584    1.39634006    1.41341771    1.60367389    1.37751374    1.39699996    1.52301357    1.36448309    1.70755922    1.87853871    1.62183509    1.74554939    1.76417121    1.84483526    1.62546581    1.99845207    1.72295364    1.80182620    1.75984340    1.78732999    1.71776342    2.01150971    1.27070654    1.56348976    1.32007011    1.64805066    1.52275170    1.63356974    1.57229536    1.35450690    1.40040407    1.46985531    1.27396738    1.56547599    1.23737321
S2JLL7_MUCC1/126-171     1.21099489    1.39433418    1.23614558    1.09126354    1.29989238    1.13879452    1.09496930    1.27671625    1.36752059    1.49848303    1.27129920    1.14836373    1.12574916    1.00353039    1.14516461    1.30917411    0.00000000    0.21156587    0.84936544    0.91701938    0.73198836    0.81551456    1.07377701    0.88511644    0.99865179    1.17841888    1.06915997    1.25386036    1.23178056    1.45433957    1.29381465    1.43958470    1.50687012    1.46977769    1.58857071    1.59828465    1.63571395    1.58105935    1.61351276    1.92675140    1.92771349    1.83733484    1.53479582    1.68235960    1.73468263    1.75473153    1.70935136    1.49728071    1.29782225    2.21897227    1.80305999    1.59102713    1.16800838    1.25972647    1.32086030    1.32068486    1.22057557    1.18327872    1.25820916    1.66797716    1.35965491    1.21863166    1.14212490
I1BS19_RHIO9/78-123     1.38618499    1.62519783    1.58712926    1.32915199    1.63425857    1.39826003    1.25271101    1.50656332    1.59034292    1.56756520    1.43986338    1.29181334    1.08959942    1.20331340    1.18139036    1.33690481    0.21156587    0.00000000    0.87471647    1.07920861    0.86004549    0.87131343    1.18354651    0.96351373    1.15295043    1.23279250    1.27307682    1.38331532    1.24068140    1.51127141    1.44776130    1.50624270    1.56359358    1.70664364    1.89899958    1.87459169    1.61194452    1.56861903    1.95782173    2.14067111    2.26691108    2.10302035    1.79819123    1.80993912    2.04516582    1.82760408    2.01876171    1.69942429    1.56872737    2.39589386    1.84099702    1.72844857    1.19672293    1.43793911    1.52677591    1.50232461    1.39498255    1.37323874    1.42409594    1.97569149    1.59765478    1.41127083    1.20188791
K5XNA4_AGABU/131-176     1.60656164    1.67347115    1.55301550    1.41751883    1.52812787    1.17714913    1.04695138    1.46693196    1.55767919    1.74657381    1.36183307    1.27248974    1.19774945    1.52881948    1.58557590    1.66153186    0.84936544    0.87471647    0.00000000    0.53635611    0.28244141    0.42670638    0.76965354    0.73284139    1.51933097    1.40632630    1.19799398    1.85581956    1.80076508    1.59280226    1.64486887    1.40989529    1.45438816    1.66763246    1.72826108    1.51302926    1.71691281    1.92007287    1.91243154    2.04661540    2.02719236    2.11616164    1.86655480    1.91024296    2.14397889    1.93620660    1.95014297    1.58903755    1.87205027    2.79990523    2.31651615    1.77809467    1.31274957    1.57739946    1.77886267    1.63222748    1.61196284    1.58068219    1.58970306    1.88876411    1.56553905    1.67760828    1.67802652
B0D6J1_LACBS/133-178     1.47828214    1.56602418    1.47362007    1.27862999    1.44995825    1.15234069    1.11110229    1.44837573    1.41637655    1.54273646    1.39020204    1.33856356    1.31360461    1.51724207    1.66243161    1.76887362    0.91701938    1.07920861    0.53635611    0.00000000    0.44024598    0.56749423    0.88028885    0.75581749    1.66122523    1.62594578    1.30292713    1.53221628    1.84318647    1.80503676    1.78221669    1.66497030    1.63459229    1.78211797    1.69081509    1.78124232    2.00797723    1.87491223    1.94129193    2.12299396    2.12201416    2.27386808    2.06255881    1.77611664    2.08828974    1.90588879    2.05584050    1.67227466    1.93008351    2.92206614    2.42136212    1.70890003    1.27788750    1.54613718    1.66351452    1.66052506    1.27902121    1.45355341    1.45345387    1.83374732    1.63708384    1.58482541    1.24607868
B8PAN3_POSPM/136-181     1.59480372    1.64528909    1.38323852    1.45389491    1.53004032    1.23375435    1.17530055    1.55677803    1.68499068    1.78920420    1.48766173    1.26960615    1.02839278    1.30463465    1.66908313    1.77043182    0.73198836    0.86004549    0.28244141    0.44024598    0.00000000    0.23824778    0.82519602    0.73630477    1.17785588    1.40672089    1.07662431    1.69490055    1.82678132    1.39942047    1.44026467    1.39759964    1.46759974    1.43283257    1.47082796    1.33141320    1.84073768    2.13801895    1.91604143    1.90429436    1.97752230    1.95764870    1.71045121    1.78218699    1.99089744    1.81299959    1.73650898    1.68620730    1.75770754    2.96773579    2.30398183    1.61234510    1.28402129    1.54878052    1.82239804    1.72642934    1.61968997    1.63663644    1.61636868    1.90424383    1.58738845    1.62935765    1.58333967
K5X801_PHACS/130-175     1.78764666    1.89867428    1.60041712    1.53581077    1.69849303    1.28877826    1.10069233    1.65687861    1.75833207    1.82999215    1.55036471    1.28703083    1.10541746    1.49904857    1.87238232    1.99137143    0.81551456    0.87131343    0.42670638    0.56749423    0.23824778    0.00000000    0.74544289    0.86900815    1.45144257    1.57062492    1.25416370    1.75968017    1.65972145    1.28361349    1.47527523    1.48173333    1.33522214    1.35651856    1.47864619    1.47543819    1.85135197    2.46041946    2.17261646    2.17467691    2.14392800    2.19924033    1.85671785    1.86351859    2.14221658    1.95982593    2.13234232    1.90173312    1.97455156    3.14993162    2.49119659    1.71120850    1.39552022    1.72071427    1.97949331    1.88713304    1.76907701    1.67450208    1.83597954    2.12967765    1.71630253    1.82719072    1.77282037
G4T5F2_SERID/25-69     1.66765981    1.74747524    1.62055090    1.54669364    1.72369005    1.64299311    1.44164305    1.61512161    1.66874231    1.70273652    1.65450176    1.47326931    1.29021179    1.78073979    1.52776200    1.69300720    1.07377701    1.18354651    0.76965354    0.88028885    0.82519602    0.74544289    0.00000000    1.08498570    1.46625698    1.48334814    1.54566660    1.58013950    1.59574210    1.75644438    1.46308813    1.60972595    1.57442927    1.36199274    1.39661982    1.42274306    2.27839864    1.62899448    1.78805049    1.68321563    1.71599250    1.81870462    1.39654468    1.45218969    1.30227416    1.84762771    1.69243614    1.69243636    1.44059445    2.53031402    2.37288725    1.65208064    1.70706914    1.89966052    1.99860320    1.74197360    1.44495565    1.54850343    1.64079952    1.97511753    1.59419554    1.67963208    1.74402893
M9LS79_PSEA3/226-275     1.38947360    1.26205635    1.03456944    1.11291829    1.19201113    1.35764566    1.34152970    1.62361720    1.42177420    1.47178591    1.57844367    1.16388670    1.33316644    1.57278950    1.34129794    1.70781001    0.88511644    0.96351373    0.73284139    0.75581749    0.73630477    0.86900815    1.08498570    0.00000000    1.46320390    1.58216088    1.49915539    1.60095249    1.49132619    1.69319518    1.63362358    1.73702372    1.81941397    1.54080199    1.65834743    1.65456594    1.85189317    1.89532982    1.92719710    2.08170781    2.02114183    1.98202059    1.97385018    1.98097838    2.09550988    1.96268869    1.88484442    1.69600398    1.92976131    2.68285203    2.34018238    1.99396722    1.36421671    1.33397658    1.43242794    1.65867121    1.45046472    1.30075489    1.36450480    1.60577800    1.39124880    1.57482230    1.36319919
Q86A18_DICDI/391-436     1.26457559    1.60464015    1.33544946    1.51322895    1.79253041    1.24508060    1.62360332    1.34513492    1.59674944    1.43524910    1.31409913    1.54771878    1.55413564    1.46348154    1.42112787    1.54713388    0.99865179    1.15295043    1.51933097    1.66122523    1.17785588    1.45144257    1.46625698    1.46320390    0.00000000    0.77951424    1.33678333    1.59127284    1.48300100    1.40408821    1.34706828    1.71213263    1.66374784    1.45858131    1.67326008    1.57499500    1.91097405    1.86579442    1.90216472    1.58669719    1.92988098    1.84122282    1.66154930    2.00126160    1.75161714    2.05969106    1.99164901    1.59897359    1.59158749    2.10197229    2.18961269    1.80809086    1.34608488    1.43960245    1.70552757    1.44467989    1.27030019    1.40942632    1.39586735    1.72612756    1.41247415    1.29041758    1.45086967
F4QF47_CAVFA/331-377     1.35872504    1.53402303    1.63347438    1.79928256    1.72825724    1.44801012    1.52776872    1.40690511    1.39679813    1.22688595    1.11146882    1.53692433    1.43488135    1.82189613    1.46896141    2.01963859    1.17841888    1.23279250    1.40632630    1.62594578    1.40672089    1.57062492    1.48334814    1.58216088    0.77951424    0.00000000    1.40979272    1.29835032    1.53745014    1.51459528    1.37408603    1.81849862    1.52150956    1.49627106    1.73170819    1.78581248    1.68945450    1.69424457    1.59590359    1.50743682    1.65080818    1.72845542    1.72929729    1.68457840    1.73338040    1.52758947    1.70857032    1.59488839    1.44897400    2.25697560    2.06804661    1.75205756    1.32120350    1.58495408    1.58654923    1.56407855    1.50213429    1.39113564    1.41530861    1.71027326    1.36129237    1.45329934    1.57091675
D5GDP0_TUBMM/104-149     0.91265391    1.18385419    1.08477145    0.95902806    0.92742865    0.79626622    1.06145091    0.97016411    0.78160055    0.85878895    0.73776092    0.92549576    1.48221135    1.44642885    1.45135069    1.18852966    1.06915997    1.27307682    1.19799398    1.30292713    1.07662431    1.25416370    1.54566660    1.49915539    1.33678333    1.40979272    0.00000000    0.75331764    1.12547981    1.22206948    1.03066688    1.52274046    1.28956818    1.10848774    1.15820006    1.12906971    1.64721338    1.47520325    1.35561523    1.36958636    1.39066348    1.30842866    1.31075074    1.44290259    1.33586034    1.45367341    1.28645162    1.33290720    1.14229096    1.69466077    1.47643079    1.29578598    1.02159863    1.01367969    1.21418576    1.22329112    1.05979288    1.00500305    1.08249194    1.02529379    1.06458101    1.09213941    1.10571094
S8BUY6_DACHA/195-239     1.05930997    1.00382943    0.95372271    0.96386496    1.18079820    1.00704934    1.21177053    0.99930657    1.01065697    0.98303931    0.81026504    1.22599966    1.67132748    1.66290976    1.40518209    1.35853079    1.25386036    1.38331532    1.85581956    1.53221628    1.69490055    1.75968017    1.58013950    1.60095249    1.59127284    1.29835032    0.75331764    0.00000000    1.01736591    1.21505830    0.97805995    1.45048963    1.44392826    1.05252709    1.24582879    1.25617729    1.54462666    1.22975517    1.07705338    1.18629408    1.15505666    1.23822806    1.18013681    1.29162580    1.15552422    1.00253263    1.30556182    1.28904286    1.06268932    1.77558369    1.24167164    1.15319105    0.97518885    1.04037663    0.96378808    1.15653163    1.06907613    0.94326024    1.11215261    1.01767391    0.98418148    0.96760732    1.03802342
A5DWR7_LODEL/139-184     1.05054160    1.29065408    1.25617710    1.20584312    1.40962539    1.18391087    1.20297916    1.02727083    1.18472178    1.09453870    1.12170801    1.25587399    1.54366488    1.63218370    1.27908949    1.30187584    1.23178056    1.24068140    1.80076508    1.84318647    1.82678132    1.65972145    1.59574210    1.49132619    1.48300100    1.53745014    1.12547981    1.01736591    0.00000000    0.31415774    0.27789920    0.56001536    0.48657587    0.29977265    0.62794332    0.62199428    1.08592453    1.05192666    0.86849291    1.01702372    0.91641869    0.91078184    0.87618173    0.80947730    0.83434147    0.96529734    0.96952713    0.86897264    0.92008536    1.19968213    0.96614675    0.83736029    0.98693457    1.22249580    1.17771374    1.26047272    1.25050100    1.06244658    1.21473187    1.62047769    1.25948370    1.38062110    1.11826005
G8B7S4_CANPC/138-182     1.03982370    1.32796349    1.16469139    1.33447311    1.34224299    1.01046666    1.08069308    1.30748814    1.27335650    1.20684725    1.18943961    1.36031432    1.51535672    1.84453637    1.57762122    1.39634006    1.45433957    1.51127141    1.59280226    1.80503676    1.39942047    1.28361349    1.75644438    1.69319518    1.40408821    1.51459528    1.22206948    1.21505830    0.31415774    0.00000000    0.31917156    0.59449946    0.47386255    0.39719920    0.67476301    0.63245111    1.06693603    1.36890196    1.07714209    1.12950279    1.11321937    1.05945436    1.09460759    0.97843437    1.05461820    1.14506990    1.03125613    0.99093022    1.11347017    1.38186225    1.08323529    0.78405280    1.18365639    1.17964812    1.18758120    1.16592649    1.26323358    1.07924085    1.21480730    1.58099953    1.25350554    1.25735227    1.38046985
RSA3_CANAL/133-178     1.10487578    1.34967168    1.21582059    1.31438587    1.41280129    1.16942438    1.15937696    1.26345860    1.32861353    1.18895175    1.32285999    1.25771811    1.56789139    1.61610701    1.27362063    1.41341771    1.29381465    1.44776130    1.64486887    1.78221669    1.44026467    1.47527523    1.46308813    1.63362358    1.34706828    1.37408603    1.03066688    0.97805995    0.27789920    0.31917156    0.00000000    0.48558002    0.28812387    0.25226841    0.54443510    0.35992685    1.20350130    1.12130237    0.73787283    0.95012034    0.87679391    0.84170918    0.73774805    0.76137315    0.83859264    0.84418145    0.82295134    0.98554640    0.84786388    1.32762280    0.88947128    0.71203350    1.07214835    1.30008425    1.33843377    1.32696419    1.22263772    1.14915999    1.35171822    1.75319562    1.40837828    1.37772966    1.21416512
G3BEY3_CANTC/118-163     1.17897044    1.35863391    1.25158247    1.52486993    1.50393519    1.33851053    1.13449300    1.71303908    1.75625215    1.65954731    1.48395623    1.37388543    1.78983160    1.84243369    1.49344391    1.60367389    1.43958470    1.50624270    1.40989529    1.66497030    1.39759964    1.48173333    1.60972595    1.73702372    1.71213263    1.81849862    1.52274046    1.45048963    0.56001536    0.59449946    0.48558002    0.00000000    0.44363040    0.51643407    0.73406170    0.60055806    1.35809110    1.16112946    1.11834878    0.94363703    1.04559003    1.13466374    1.08975313    0.90941868    1.10089416    1.03357240    1.04368860    1.09797439    1.21299993    1.47711507    1.19224877    0.63480587    1.29758099    1.13163514    1.30516211    1.12402025    1.16947755    1.34555510    1.38060070    1.64017520    1.44077058    1.22154242    1.28542381
C4XXN1_CLAL4/112-157     1.24561244    1.49389539    1.22428747    1.59518760    1.64345637    1.38757163    1.03753781    1.29444496    1.21256990    1.10479523    1.11800182    1.31422501    1.61511688    1.63802535    1.44587448    1.37751374    1.50687012    1.56359358    1.45438816    1.63459229    1.46759974    1.33522214    1.57442927    1.81941397    1.66374784    1.52150956    1.28956818    1.44392826    0.48657587    0.47386255    0.28812387    0.44363040    0.00000000    0.33909471    0.55817890    0.37496493    1.45012390    1.10318048    0.86202886    1.04198692    0.96432116    1.05047442    0.90447389    0.91009439    0.96604761    0.90688232    0.88326554    0.97798965    1.12715201    1.38712399    0.96617264    0.61279243    1.35294573    1.41616001    1.53033810    1.43917557    1.38075277    1.29772444    1.39995648    1.71295512    1.34691801    1.55314071    1.34498497
A3GG36_PICST/125-170     1.15920292    1.22284769    1.21109666    1.34055154    1.44560262    1.21164579    1.03020969    1.24847115    1.24898328    1.15862006    1.23429553    1.29467996    1.53881414    1.75262000    1.33536370    1.39699996    1.46977769    1.70664364    1.66763246    1.78211797    1.43283257    1.35651856    1.36199274    1.54080199    1.45858131    1.49627106    1.10848774    1.05252709    0.29977265    0.39719920    0.25226841    0.51643407    0.33909471    0.00000000    0.34213955    0.31305489    1.18374551    1.10675165    0.81991564    0.80923537    0.74273565    0.81538764    0.66628142    0.81330971    0.74463550    0.71374639    0.73153233    0.84248303    0.83465704    1.19294415    0.84954713    0.68068967    1.05350508    1.34502103    1.28851296    1.38905839    1.25100949    1.16089360    1.32670484    1.74201444    1.34325507    1.38954809    1.35496557
G8YGY7_PICSO/143-188     1.33474112    1.54115467    1.26445338    1.53833097    1.61227135    1.33171381    1.12219357    1.39422502    1.35225871    1.42804662    1.24281446    1.19555231    1.64276244    1.39043917    1.59318410    1.52301357    1.58857071    1.89899958    1.72826108    1.69081509    1.47082796    1.47864619    1.39661982    1.65834743    1.67326008    1.73170819    1.15820006    1.24582879    0.62794332    0.67476301    0.54443510    0.73406170    0.55817890    0.34213955    0.00000000    0.32055506    1.75889674    1.09974975    1.12364740    1.10879355    1.03871130    1.13624871    0.94974092    1.00803098    0.96973444    1.02632840    1.07181764    1.16443488    1.12567982    1.38942097    0.86046895    0.89545689    1.12459074    1.37995384    1.31975219    1.54550594    1.42126134    1.38958861    1.44075938    1.81529581    1.54593133    1.43817755    1.34428701
A5DFU2_PICGU/122-167     1.25188927    1.53017167    1.28816714    1.49033271    1.37859204    1.32244039    1.19370959    1.47832842    1.46734533    1.48961896    1.37174317    1.36152851    1.40874516    1.68449403    1.29969610    1.36448309    1.59828465    1.87459169    1.51302926    1.78124232    1.33141320    1.47543819    1.42274306    1.65456594    1.57499500    1.78581248    1.12906971    1.25617729    0.62199428    0.63245111    0.35992685    0.60055806    0.37496493    0.31305489    0.32055506    0.00000000    1.86858058    1.12276196    0.94788295    0.93508247    0.86942552    0.84497108    0.66826968    1.01999412    0.82948938    0.82644474    0.83188286    0.95915808    1.02114162    1.24810314    0.78998430    0.76242239    1.20871303    1.32967501    1.47637843    1.39859888    1.26968215    1.39188732    1.31090560    1.67661121    1.40345977    1.44451081    1.38627122
B1N365_ENTHI/228-274     1.31003417    1.14345444    1.18836150    1.58019134    1.88661490    1.50790411    1.28685246    1.42177332    1.37291727    1.56188069    1.52900050    1.35837692    2.37465775    1.78312589    1.80099039    1.70755922    1.63571395    1.61194452    1.71691281    2.00797723    1.84073768    1.85135197    2.27839864    1.85189317    1.91097405    1.68945450    1.64721338    1.54462666    1.08592453    1.06693603    1.20350130    1.35809110    1.45012390    1.18374551    1.75889674    1.86858058    0.00000000    1.49058034    1.27198579    1.37610904    1.42992938    1.22084017    1.26359665    1.10158617    1.38668245    1.37799186    1.33130175    1.17368560    1.23241484    1.76381022    1.54235315    1.45132944    1.33391832    1.35653848    1.22562626    1.37970394    1.50877104    1.33945222    1.38032267    1.82087274    1.32095431    1.38965634    1.64735330
RSA3_CANGA/134-178     1.52496532    1.44411326    1.38491198    1.64774882    1.88584195    1.49890737    1.46134430    1.20737855    1.12757059    1.23085719    1.26764014    1.50455991    1.57824318    1.57270073    1.93757913    1.87853871    1.58105935    1.56861903    1.92007287    1.87491223    2.13801895    2.46041946    1.62899448    1.89532982    1.86579442    1.69424457    1.47520325    1.22975517    1.05192666    1.36890196    1.12130237    1.16112946    1.10318048    1.10675165    1.09974975    1.12276196    1.49058034    0.00000000    0.53989736    0.69969621    0.71578422    0.73438336    0.71418133    0.67804297    0.58326654    0.70094716    0.59221252    0.58446394    0.69053841    1.15106020    1.24105543    0.64884950    1.11863757    1.58013346    1.58022962    1.36673547    1.34266833    1.37343171    1.11260613    1.66402108    1.35603258    1.24024478    1.30609107
G8BRI7_TETPH/117-162     1.51876788    1.32632411    1.23560631    1.65506062    1.77701471    1.69270811    1.59157374    1.40348853    1.48867244    1.62610982    1.45437388    1.55653529    1.98369954    1.87443694    1.60138694    1.62183509    1.61351276    1.95782173    1.91243154    1.94129193    1.91604143    2.17261646    1.78805049    1.92719710    1.90216472    1.59590359    1.35561523    1.07705338    0.86849291    1.07714209    0.73787283    1.11834878    0.86202886    0.81991564    1.12364740    0.94788295    1.27198579    0.53989736    0.00000000    0.40211265    0.33704109    0.30777570    0.40119142    0.42146034    0.30425938    0.44125521    0.28045058    0.36917028    0.39022467    0.99597613    0.97606024    0.50160042    1.28668823    1.72531243    1.60766920    1.85011802    1.39609394    1.26948551    1.51808756    2.00675448    1.51048269    1.42559171    1.18194547
C5DQ93_ZYGRC/139-184     1.28782152    1.15450198    1.27083180    1.57573796    1.75651381    1.49407805    1.60296298    1.46349256    1.64874471    1.61667232    1.59746316    1.78000630    1.86733599    2.15714560    1.73207834    1.74554939    1.92675140    2.14067111    2.04661540    2.12299396    1.90429436    2.17467691    1.68321563    2.08170781    1.58669719    1.50743682    1.36958636    1.18629408    1.01702372    1.12950279    0.95012034    0.94363703    1.04198692    0.80923537    1.10879355    0.93508247    1.37610904    0.69969621    0.40211265    0.00000000    0.25145671    0.36399489    0.43053100    0.46102739    0.27811436    0.41508828    0.35099583    0.47082677    0.59090425    1.04387927    1.00616262    0.56437920    1.48727275    1.50308832    1.60964516    1.67002090    1.41588705    1.48957539    1.54627477    1.69554697    1.29248997    1.34555446    1.38815685
J7S223_KAZNA/149-194     1.64536662    1.46245075    1.48749354    1.82302368    1.73931345    1.73730586    1.62410728    1.61223735    1.60039074    1.81405784    1.58828096    1.71118140    1.94604016    2.14113131    1.69749948    1.76417121    1.92771349    2.26691108    2.02719236    2.12201416    1.97752230    2.14392800    1.71599250    2.02114183    1.92988098    1.65080818    1.39066348    1.15505666    0.91641869    1.11321937    0.87679391    1.04559003    0.96432116    0.74273565    1.03871130    0.86942552    1.42992938    0.71578422    0.33704109    0.25145671    0.00000000    0.36865617    0.35580416    0.37394925    0.25415209    0.28834358    0.26725464    0.30465069    0.50011385    0.90585600    1.14665229    0.53174948    1.50445496    1.67755310    1.56696154    1.94525890    1.53762872    1.28865743    1.49338311    2.08806458    1.44651499    1.49602512    1.48194997
C5DI69_LACTC/134-179     1.56988817    1.43288197    1.43141056    1.81482643    1.75290341    1.76102012    1.82877455    1.54455974    1.60891056    1.87133126    1.76453156    1.51107949    1.66199184    2.11164503    1.91411165    1.84483526    1.83733484    2.10302035    2.11616164    2.27386808    1.95764870    2.19924033    1.81870462    1.98202059    1.84122282    1.72845542    1.30842866    1.23822806    0.91078184    1.05945436    0.84170918    1.13466374    1.05047442    0.81538764    1.13624871    0.84497108    1.22084017    0.73438336    0.30777570    0.36399489    0.36865617    0.00000000    0.29837931    0.41206160    0.32780030    0.41428417    0.38034745    0.51691768    0.62443997    0.83211294    1.07085030    0.66356526    1.30532843    1.60122051    1.61373078    1.84869423    1.45081554    1.40344066    1.56591316    1.73999483    1.38669710    1.52284967    1.50436095
G8JT59_ERECY/147-192     1.41112835    1.34382157    1.35739170    1.58359856    1.51502611    1.71498263    1.57348718    1.37833916    1.56323332    1.62870234    1.57171820    1.52867709    1.70415035    1.69311941    1.71392897    1.62546581    1.53479582    1.79819123    1.86655480    2.06255881    1.71045121    1.85671785    1.39654468    1.97385018    1.66154930    1.72929729    1.31075074    1.18013681    0.87618173    1.09460759    0.73774805    1.08975313    0.90447389    0.66628142    0.94974092    0.66826968    1.26359665    0.71418133    0.40119142    0.43053100    0.35580416    0.29837931    0.00000000    0.36926492    0.32996957    0.42966039    0.39483529    0.44617507    0.53698956    0.92432766    0.94216118    0.63098925    1.26305942    1.35814925    1.43519977    1.74619672    1.50455057    1.20985183    1.40747625    1.82592799    1.22617932    1.40293195    1.41730334
I2H962_TETBL/164-208     1.54929296    1.47911761    1.54133827    1.90642413    1.88277404    1.81913657    1.41696205    1.49725506    1.58345716    1.66739332    1.82736066    1.63932003    2.03121615    2.15965508    2.06615051    1.99845207    1.68235960    1.80993912    1.91024296    1.77611664    1.78218699    1.86351859    1.45218969    1.98097838    2.00126160    1.68457840    1.44290259    1.29162580    0.80947730    0.97843437    0.76137315    0.90941868    0.91009439    0.81330971    1.00803098    1.01999412    1.10158617    0.67804297    0.42146034    0.46102739    0.37394925    0.41206160    0.36926492    0.00000000    0.37104517    0.52703407    0.40968838    0.52605208    0.56080766    1.05988295    1.31022722    0.62432049    1.42430300    1.62659233    1.61320026    1.99103943    1.51292438    1.46578978    1.71541192    2.25064719    1.78549860    1.60986490    1.57435998
