6
A0A158NN78_ATTCE/1-175     0.00000000    0.41565816    0.41874133    0.88726840    0.44944311    0.78157859
B4MNZ4_DROWI/1-175     0.41565816    0.00000000    0.57603067    1.00313885    0.52508736    0.78151526
H3BFR2_LATCH/1-175     0.41874133    0.57603067    0.00000000    0.44865212    0.39669102    0.68352383
H0XNI6_OTOGA/1-170     0.88726840    1.00313885    0.44865212    0.00000000    0.86224111    1.12190469
E9HAB1_DAPPU/1-175     0.44944311    0.52508736    0.39669102    0.86224111    0.00000000    0.63613688
A0A3B6I0E4_WHEAT/1-175     0.78157859    0.78151526    0.68352383    1.12190469    0.63613688    0.00000000

