14
D0N3A7_PHYIT/1708-1850     0.00000000    2.60204399    2.47136723    2.59550411    2.41232397    2.36307386    2.65958051    2.61654596    2.33542514    2.51743141    2.83306949    2.88795634    2.46722482    2.55154994
C1EII8_MICCC/192-342     2.60204399    0.00000000    1.44930858    1.21024159    1.33960044    1.25596624    1.21411546    1.23605113    1.31004267    1.55105874    1.93086934    2.00159032    1.91409798    1.87987458
D0NFF2_PHYIT/124-270     2.47136723    1.44930858    0.00000000    1.20347128    1.36625513    1.15849670    0.91714385    0.96137795    1.24570389    1.25882850    2.01557922    2.10534005    1.59457981    1.58798807
F2UQ98_SALR5/150-292     2.59550411    1.21024159    1.20347128    0.00000000    0.36851596    0.89987648    0.79565503    0.76883954    1.06699863    1.13509482    1.84526105    2.16083759    1.75875228    1.76463354
A9UZW7_MONBE/162-308     2.41232397    1.33960044    1.36625513    0.36851596    0.00000000    1.02395902    0.79170463    0.81110169    1.00083310    1.13300209    1.81195144    2.30480413    1.96631621    1.95319134
A7RJ72_NEMVE/141-286     2.36307386    1.25596624    1.15849670    0.89987648    1.02395902    0.00000000    0.54875711    0.54148982    0.75545889    1.07117084    1.80492739    1.97727458    1.68098047    1.52326880
F7BHT1_HORSE/156-301     2.65958051    1.21411546    0.91714385    0.79565503    0.79170463    0.54875711    0.00000000    0.28729242    0.60357526    0.81772349    1.93712274    2.01420687    1.73713073    1.63097758
C3XRJ3_BRAFL/162-307     2.61654596    1.23605113    0.96137795    0.76883954    0.81110169    0.54148982    0.28729242    0.00000000    0.67850141    0.84035776    1.95686142    2.01155708    1.82258533    1.58523476
F6WQ64_CIOIN/41-186     2.33542514    1.31004267    1.24570389    1.06699863    1.00083310    0.75545889    0.60357526    0.67850141    0.00000000    0.86738559    1.99894907    2.19523632    1.82822242    1.57510721
B3S0C8_TRIAD/11-149     2.51743141    1.55105874    1.25882850    1.13509482    1.13300209    1.07117084    0.81772349    0.84035776    0.86738559    0.00000000    2.10932313    1.80591560    1.54019137    1.58063961
E1ZHP3_CHLVA/796-946     2.83306949    1.93086934    2.01557922    1.84526105    1.81195144    1.80492739    1.93712274    1.95686142    1.99894907    2.10932313    0.00000000    2.26114369    1.96617579    2.01215686
C1EA04_MICCC/1792-1941     2.88795634    2.00159032    2.10534005    2.16083759    2.30480413    1.97727458    2.01420687    2.01155708    2.19523632    1.80591560    2.26114369    0.00000000    1.14714393    1.10109862
A4S3W2_OSTLU/1325-1472     2.46722482    1.91409798    1.59457981    1.75875228    1.96631621    1.68098047    1.73713073    1.82258533    1.82822242    1.54019137    1.96617579    1.14714393    0.00000000    0.39248664
Q00ZT9_OSTTA/1284-1431     2.55154994    1.87987458    1.58798807    1.76463354    1.95319134    1.52326880    1.63097758    1.58523476    1.57510721    1.58063961    2.01215686    1.10109862    0.39248664    0.00000000

