14
R7ISI0_9FIRM/153-312     0.00000000    0.83140011    0.88006161    0.79389260    0.61637926    0.68189410    0.60240221    0.97304651    0.95267322    0.69681774    0.77656636    0.66038853    0.77955761    0.81188210
D4MVX7_ANAHA/43-213     0.83140011    0.00000000    0.72456607    0.81229911    0.72139894    0.70863343    0.90934937    0.97807290    0.99347453    0.73077621    0.84038565    0.70369742    0.83449844    0.85787000
R7NKY5_9FIRM/39-208     0.88006161    0.72456607    0.00000000    0.82118083    0.84765127    0.75830310    0.93916379    1.14945137    1.02675630    0.80140094    0.71294736    0.78725663    0.85609344    0.87747812
R7C694_9CLOT/40-207     0.79389260    0.81229911    0.82118083    0.00000000    0.71807642    0.87367542    0.94727737    1.23055877    1.27516216    0.73317183    0.77601532    0.75119127    0.73937181    0.81416761
C4Z2X1_LACE2/34-195     0.61637926    0.72139894    0.84765127    0.71807642    0.00000000    0.71998933    0.69617228    1.12709830    1.03152746    0.74808183    0.77754990    0.69952631    0.66967505    0.59595998
R7JW13_9FIRM/675-825     0.68189410    0.70863343    0.75830310    0.87367542    0.71998933    0.00000000    0.65648939    0.99897260    0.96856070    0.70407253    0.65262032    0.53951618    0.61691233    0.65188606
R5U519_9FIRM/580-743     0.60240221    0.90934937    0.93916379    0.94727737    0.69617228    0.65648939    0.00000000    0.99589125    0.82676995    0.80753274    0.70229081    0.72585179    0.65886847    0.68879533
R5UYY2_9FIRM/33-192     0.97304651    0.97807290    1.14945137    1.23055877    1.12709830    0.99897260    0.99589125    0.00000000    0.37296093    0.98424462    0.96859896    0.90332333    1.09047139    1.21663192
R7FCJ1_9FIRM/35-194     0.95267322    0.99347453    1.02675630    1.27516216    1.03152746    0.96856070    0.82676995    0.37296093    0.00000000    1.03629921    0.93302846    0.96362177    1.11359371    1.04502941
R7I128_9CLOT/42-207     0.69681774    0.73077621    0.80140094    0.73317183    0.74808183    0.70407253    0.80753274    0.98424462    1.03629921    0.00000000    0.64656354    0.46917156    0.68240298    0.77144174
R6BNT1_9FIRM/35-217     0.77656636    0.84038565    0.71294736    0.77601532    0.77754990    0.65262032    0.70229081    0.96859896    0.93302846    0.64656354    0.00000000    0.40575607    0.69223494    0.74638391
R6V2K1_9FIRM/654-820     0.66038853    0.70369742    0.78725663    0.75119127    0.69952631    0.53951618    0.72585179    0.90332333    0.96362177    0.46917156    0.40575607    0.00000000    0.55577617    0.63934495
D4M2N0_9FIRM/649-809     0.77955761    0.83449844    0.85609344    0.73937181    0.66967505    0.61691233    0.65886847    1.09047139    1.11359371    0.68240298    0.69223494    0.55577617    0.00000000    0.59973366
R6LRK9_9FIRM/665-830     0.81188210    0.85787000    0.87747812    0.81416761    0.59595998    0.65188606    0.68879533    1.21663192    1.04502941    0.77144174    0.74638391    0.63934495    0.59973366    0.00000000

