22
A0JUT6_ARTS2/252-380     0.00000000    2.27162143    2.64428955    2.17776042    2.18676320    2.19928732    2.38673627    2.23878457    2.48563865    2.23637888    2.56139757    2.26685934    2.42369175    2.51594790    2.44028716    2.24520109    2.64128589    2.56023238    2.83542122    2.09143381    2.67562486    2.37994750
D1BJ70_SANKS/255-391     2.27162143    0.00000000    2.29280825    1.88516551    1.86775323    2.07048985    1.90478380    2.11013674    1.83152782    2.10262365    1.85127638    2.14427053    2.37367486    2.53928622    1.97414004    2.08534147    2.44272099    2.58886283    2.43499833    1.88769167    1.99694462    2.26122698
D7B4K2_NOCDD/18-148     2.64428955    2.29280825    0.00000000    1.47083718    1.55039497    1.47352524    1.48052957    1.45002432    1.90689166    2.29068242    2.12846922    1.71011483    1.83367141    2.03580542    2.05231695    1.70316814    1.70323095    1.74482310    1.86785074    1.39110798    1.41269637    1.63186287
A6W7Y8_KINRD/216-343     2.17776042    1.88516551    1.47083718    0.00000000    1.23236308    1.22233563    1.20697295    1.20215350    1.33501453    1.58293817    1.77074859    1.61752769    1.64454038    1.83914553    1.45168699    1.51210332    1.64682378    1.46299322    1.53983447    1.12804502    1.31221895    1.31440217
E4NHU9_KITSK/186-315     2.18676320    1.86775323    1.55039497    1.23236308    0.00000000    0.80754597    0.85307555    0.81725441    1.06300905    1.35817062    1.31579341    1.36915814    1.31956342    1.43613655    1.27835016    1.34273073    1.37515691    1.37667447    1.52434918    0.96387999    1.23674224    1.04642684
C9Z255_STRSW/8-138     2.19928732    2.07048985    1.47352524    1.22233563    0.80754597    0.00000000    0.37493232    0.37861740    0.69567270    1.02431412    1.07295552    1.32600585    1.25866501    1.49271551    1.53821356    1.42862558    1.52834902    1.46481394    1.60268179    0.83155089    1.15961119    1.01875103
D7CAH0_STRBB/5-135     2.38673627    1.90478380    1.48052957    1.20697295    0.85307555    0.37493232    0.00000000    0.31922834    0.81101355    1.03729676    1.21968659    1.32891136    1.20014185    1.45008472    1.47033311    1.37274118    1.63875274    1.54546904    1.59462576    0.92705121    1.16407185    1.02266261
E2Q955_STRCL/34-164     2.23878457    2.11013674    1.45002432    1.20215350    0.81725441    0.37861740    0.31922834    0.00000000    0.89821170    1.20973058    1.20526747    1.38578248    1.32420757    1.69652618    1.65542481    1.27564167    1.40719246    1.49727550    1.54539950    0.91933958    1.10455747    1.00140745
C7QDY8_CATAD/3-133     2.48563865    1.83152782    1.90689166    1.33501453    1.06300905    0.69567270    0.81101355    0.89821170    0.00000000    1.15815287    1.05038462    1.48349228    1.33715421    1.71631713    1.54639950    1.29884811    1.51697016    1.43096066    1.53094183    1.01170361    1.25813742    1.11353418
A4X4N2_SALTO/13-149     2.23637888    2.10262365    2.29068242    1.58293817    1.35817062    1.02431412    1.03729676    1.20973058    1.15815287    0.00000000    0.46703651    1.43366398    1.36476127    1.49050479    1.37670772    1.42344277    1.46805975    1.47959233    1.50177882    1.46397980    1.45869987    1.40413714
D9SXT1_MICAI/11-147     2.56139757    1.85127638    2.12846922    1.77074859    1.31579341    1.07295552    1.21968659    1.20526747    1.05038462    0.46703651    0.00000000    1.41232543    1.21382977    1.46618478    1.38917569    1.16591408    1.12818939    1.32127514    1.47034604    1.41676734    1.49503926    1.46394092
D0LBI3_GORB4/7-144     2.26685934    2.14427053    1.71011483    1.61752769    1.36915814    1.32600585    1.32891136    1.38578248    1.48349228    1.43366398    1.41232543    0.00000000    1.07774462    1.41275232    1.38392065    1.28988133    1.26553201    1.29985534    1.42916083    1.56152498    1.53484991    1.65205942
C6WDL2_ACTMD/9-146     2.42369175    2.37367486    1.83367141    1.64454038    1.31956342    1.25866501    1.20014185    1.32420757    1.33715421    1.36476127    1.21382977    1.07774462    0.00000000    0.92718296    0.95941372    1.33003111    1.39241494    1.38382996    1.61396820    1.37854422    1.61674013    1.71534876
C7MQU7_SACVD/183-320     2.51594790    2.53928622    2.03580542    1.83914553    1.43613655    1.49271551    1.45008472    1.69652618    1.71631713    1.49050479    1.46618478    1.41275232    0.92718296    0.00000000    0.87999007    1.62965272    1.57577586    1.60925165    1.80993219    1.71199732    2.02464606    1.71981225
G0FK16_AMYMS/175-310     2.44028716    1.97414004    2.05231695    1.45168699    1.27835016    1.53821356    1.47033311    1.65542481    1.54639950    1.37670772    1.38917569    1.38392065    0.95941372    0.87999007    0.00000000    1.58663358    1.69635901    1.51179884    1.68261983    1.29379210    1.53941883    1.50802901
A1T7H3_MYCVP/19-156     2.24520109    2.08534147    1.70316814    1.51210332    1.34273073    1.42862558    1.37274118    1.27564167    1.29884811    1.42344277    1.16591408    1.28988133    1.33003111    1.62965272    1.58663358    0.00000000    0.47704423    0.65984775    0.85264805    1.62536419    1.35024206    1.50481715
A0QVM1_MYCS2/20-157     2.64128589    2.44272099    1.70323095    1.64682378    1.37515691    1.52834902    1.63875274    1.40719246    1.51697016    1.46805975    1.12818939    1.26553201    1.39241494    1.57577586    1.69635901    0.47704423    0.00000000    0.57265318    0.65948296    1.75960011    1.62545330    1.74541926
B2HKR7_MYCMM/25-161     2.56023238    2.58886283    1.74482310    1.46299322    1.37667447    1.46481394    1.54546904    1.49727550    1.43096066    1.47959233    1.32127514    1.29985534    1.38382996    1.60925165    1.51179884    0.65984775    0.57265318    0.00000000    0.28413467    1.56934084    1.44732956    1.48417023
Q7AQ41_MYCLE/29-165     2.83542122    2.43499833    1.86785074    1.53983447    1.52434918    1.60268179    1.59462576    1.54539950    1.53094183    1.50177882    1.47034604    1.42916083    1.61396820    1.80993219    1.68261983    0.85264805    0.65948296    0.28413467    0.00000000    1.62551650    1.48059953    1.58449731
D1AAG0_THECD/12-148     2.09143381    1.88769167    1.39110798    1.12804502    0.96387999    0.83155089    0.92705121    0.91933958    1.01170361    1.46397980    1.41676734    1.56152498    1.37854422    1.71199732    1.29379210    1.62536419    1.75960011    1.56934084    1.62551650    0.00000000    0.92653256    0.87432629
D2AXS6_STRRD/6-136     2.67562486    1.99694462    1.41269637    1.31221895    1.23674224    1.15961119    1.16407185    1.10455747    1.25813742    1.45869987    1.49503926    1.53484991    1.61674013    2.02464606    1.53941883    1.35024206    1.62545330    1.44732956    1.48059953    0.92653256    0.00000000    0.57290374
D6Y7V9_THEBD/21-152     2.37994750    2.26122698    1.63186287    1.31440217    1.04642684    1.01875103    1.02266261    1.00140745    1.11353418    1.40413714    1.46394092    1.65205942    1.71534876    1.71981225    1.50802901    1.50481715    1.74541926    1.48417023    1.58449731    0.87432629    0.57290374    0.00000000

