68
D1BYT1_XYLCX/121-162     0.00000000    0.20460408    0.30337185    0.32325371    0.29323444    0.29649856    0.48684565    0.36362843    0.35024600    0.27560707    0.35724098    0.34119195    0.28158467    0.51043302    1.04502355    0.57668282    1.28741750    1.07717917    1.34041513    1.24011906    1.07045213    0.62544474    1.20883341    0.78361055    0.98380239    0.81531844    0.99409016    1.00517428    1.27568813    1.43597541    0.83912643    0.89661519    1.23750236    1.26068481    2.01744059    2.25909191    1.97071645    1.45914859    1.63917413    1.83238054    1.89309119    1.79516183    1.69670136    1.61112328    1.24958251    1.41044119    1.20807381    1.18510067    1.18330904    1.36412069    0.40807740    0.49672041    0.37425794    0.37933283    0.51298494    0.51288121    0.52537930    0.44923246    0.66103545    0.49564830    1.08423459    0.41787820    0.45215500    0.51575315    0.75580992    0.86034441    0.96393391    0.62367374
X5E8J8_9CORY/98-137     0.20460408    0.00000000    0.20941808    0.43815644    0.30574982    0.37809267    0.49056496    0.41496729    0.40184688    0.29364381    0.34922070    0.36739140    0.24335410    0.49903708    0.96846187    0.48076334    1.13304177    0.84913345    1.02025501    1.12189967    1.03867135    0.74138319    1.05873037    0.76540241    0.98400571    0.99695724    1.11648388    1.05675330    1.13866658    1.26434123    1.04585107    1.04874024    1.31578895    1.50406274    1.80587831    2.06905645    1.96600541    1.28564648    1.46289443    1.85162181    1.66518143    1.56830389    1.49846568    1.47598746    1.30058053    1.37346740    1.26640801    1.43360802    1.33061626    1.57466525    0.20784867    0.41929794    0.31585775    0.31397484    0.41303077    0.52747602    0.51410736    0.41431826    0.71679045    0.49987642    1.02067044    0.41033024    0.27225456    0.45583062    0.77370083    0.96495686    1.02733963    0.45942705
A1SFX4_NOCSJ/109-149     0.30337185    0.20941808    0.00000000    0.42504540    0.34438914    0.43231203    0.42462810    0.35775633    0.40917964    0.37164175    0.41934806    0.33471355    0.32620099    0.43074914    1.02399365    0.52249847    0.89925289    1.00300452    0.99069086    0.98260252    0.82355608    0.54224568    1.10595796    0.68426543    0.83108860    0.72113856    0.89400709    1.07289971    1.26415084    0.95456457    0.72811648    1.03084444    1.11818705    1.34917420    1.89563926    2.11552584    1.98808426    1.37609319    1.50279032    1.81876464    1.67773264    1.71096822    1.60136882    1.52846669    1.33249460    1.33261336    1.28893837    1.36873892    1.33239285    1.44389598    0.36494876    0.63627492    0.40168001    0.39915402    0.46213112    0.53196350    0.52159111    0.53385124    0.64232390    0.33875624    1.06847606    0.52705273    0.35015739    0.55852801    0.84524418    0.96893844    1.02545028    0.55547827
F7ZYX3_CELGA/100-141     0.32325371    0.43815644    0.42504540    0.00000000    0.31225993    0.36427497    0.51663180    0.39694625    0.42309715    0.46194704    0.33634291    0.40972361    0.30311866    0.55305575    0.99558565    0.73335569    1.13011314    1.28127073    1.19058461    1.06942986    0.97132359    0.93144347    1.29019272    0.87739304    0.95515481    0.79828723    1.02139198    1.10094752    1.42907532    1.57004246    1.06182691    1.11322789    1.28660610    1.33856599    2.00865513    2.28574965    1.60225626    1.62638267    1.83448636    2.00739928    1.87138766    1.80669206    1.60947316    1.57720069    1.39352671    1.54890536    1.26902786    1.67213416    1.46566002    1.47627064    0.43971941    0.58795114    0.40219592    0.42475962    0.56732302    0.59039032    0.57202268    0.64349554    0.62460009    0.55136591    1.12461547    0.58135328    0.54284228    0.61730024    0.77015469    0.80006926    0.97946470    0.58698531
F4H8K4_CELFA/102-143     0.29323444    0.30574982    0.34438914    0.31225993    0.00000000    0.30657648    0.46313395    0.41495700    0.34248952    0.29222130    0.36815223    0.40711095    0.30772126    0.47355904    0.77324290    0.73799047    1.02170946    1.12068589    0.97328844    0.82213204    0.91487557    0.82828274    1.19857173    0.59132785    0.95587794    0.89453124    1.08389751    1.03180124    1.22096635    1.69856644    1.09651541    1.10764943    1.33269701    1.51316778    2.20588459    2.16931265    1.96939037    1.58851699    1.72194894    2.28185669    1.74185046    1.82552137    1.76078144    1.75202599    1.46669301    1.47651671    1.31918543    1.53817750    1.41114194    1.47907642    0.36045264    0.52546114    0.37175189    0.35640686    0.41256457    0.47803011    0.46052810    0.51586046    0.73995631    0.55786177    1.03585136    0.44220174    0.41660633    0.42435440    0.78807021    0.90001616    0.97754531    0.44120374
W5W0F7_9PSEU/91-130     0.29649856    0.37809267    0.43231203    0.36427497    0.30657648    0.00000000    0.39742635    0.33251502    0.24490431    0.25395634    0.33576380    0.34295013    0.36768399    0.53411751    0.77811083    0.69759457    0.92857897    1.00814942    0.98455811    0.76687993    0.67931825    0.69431950    0.81828770    0.53224741    0.70995736    0.66323578    0.66671637    0.96237052    1.33426561    1.41543217    0.84969916    0.91179167    1.17653823    1.15558564    1.69875425    2.21350856    1.80929507    1.53348648    1.89715008    2.08178007    1.41814425    1.63590069    1.30705709    1.58559604    1.21670423    1.13805937    1.01077519    1.25552165    1.26207789    1.19183741    0.38073702    0.44224757    0.24673518    0.33957446    0.28195343    0.35195695    0.33991924    0.44390196    0.78569856    0.44956563    0.94473517    0.34431255    0.38888836    0.29166361    0.69201616    0.65470441    0.77241139    0.47495502
C7MBK7_BRAFD/111-151     0.48684565    0.49056496    0.42462810    0.51663180    0.46313395    0.39742635    0.00000000    0.40551641    0.57540214    0.38062367    0.55927688    0.53909797    0.60466847    0.54465884    1.09958195    0.73498323    1.10815467    1.25903574    1.29074265    1.03002514    0.97063261    0.81578321    1.14363996    0.75286780    0.80583481    0.79902152    0.81062076    1.11288097    1.54245523    1.36254766    0.68210572    0.91499062    1.27508160    1.18668839    1.59795030    2.22483286    1.79699757    1.55839088    1.74935409    2.09217580    1.75567966    1.99155003    1.36799226    1.38046069    1.32084536    1.22099924    1.28398234    1.04826801    1.65656829    1.32292744    0.71128701    0.74909177    0.59656180    0.67266253    0.71195872    0.81346937    0.81962536    0.63947293    0.72869656    0.47247563    1.01378967    0.67719886    0.73972776    0.53968537    1.11168941    1.07754575    1.02868054    0.75850427
F5XSR7_MICPN/114-154     0.36362843    0.41496729    0.35775633    0.39694625    0.41495700    0.33251502    0.40551641    0.00000000    0.39500269    0.41595563    0.45614218    0.34660705    0.33389989    0.55340275    1.01228136    0.48424900    0.89302154    1.00509830    0.96758929    0.78312762    0.75862304    0.73293153    0.92276256    0.68485973    0.76979814    0.57922782    0.60241352    0.93286920    1.28132652    1.25399669    0.77350428    0.85858365    1.02783884    1.22210639    1.66945858    2.09988774    1.81619128    1.82022591    1.74484656    2.09568903    1.80564072    1.88379071    1.56110928    1.59425346    1.32085641    1.09120808    1.03895068    1.15978084    1.17225208    1.24644315    0.47009558    0.38995593    0.35284418    0.49504350    0.58628262    0.65988418    0.62189003    0.55992276    0.59976979    0.54584721    1.03836979    0.52204638    0.58083120    0.56223866    0.74006939    0.74212018    0.82057178    0.62828512
H5X9C0_9PSEU/121-160     0.35024600    0.40184688    0.40917964    0.42309715    0.34248952    0.24490431    0.57540214    0.39500269    0.00000000    0.24485732    0.32701622    0.35182863    0.24311792    0.60365655    0.94033986    0.72366990    0.94997431    0.95980878    1.06104551    0.85626841    0.77587773    0.79538371    0.96165256    0.62188199    0.78740992    0.71064843    0.76907328    1.05746973    1.48223421    1.49570272    0.85690707    1.09319095    1.14666333    1.26432349    1.74961089    2.09995943    1.79102825    1.18424694    1.61494468    1.78078315    1.52669094    1.44649124    1.34401889    1.57037808    1.22160205    1.24598960    1.02406745    1.24556414    1.14308823    1.30849000    0.41831915    0.49710212    0.23689661    0.28012736    0.35128207    0.40737680    0.41315176    0.53999384    0.84932544    0.60618355    1.02282750    0.33868631    0.38327928    0.30851841    0.62735329    0.70106573    0.73400034    0.50083178
F6FPT9_ISOV2/107-148     0.27560707    0.29364381    0.37164175    0.46194704    0.29222130    0.25395634    0.38062367    0.41595563    0.24485732    0.00000000    0.34245661    0.42816644    0.36652488    0.52531556    0.79528679    0.75165597    0.98554016    0.97643349    1.14559592    0.71900650    0.82784712    0.78587426    0.90855741    0.58345353    0.81007941    0.68085686    0.72387085    1.02338062    1.29028645    1.53645204    0.77443789    0.95785546    1.14347069    1.24217049    2.03204027    2.05587788    1.96818291    1.27857068    1.47839753    1.82048651    1.61446750    1.61339957    1.55552883    1.51918261    1.25694065    1.39267393    1.22796523    1.14034453    1.15629931    1.38468493    0.47359636    0.54966233    0.42293868    0.40344868    0.40469499    0.59330560    0.51935327    0.59224427    0.73232567    0.57112219    1.09760532    0.47527814    0.51555270    0.46058904    0.85760017    0.81701990    0.90519334    0.56633648
DAPD_MYCS2/108-147     0.35724098    0.34922070    0.41934806    0.33634291    0.36815223    0.33576380    0.55927688    0.45614218    0.32701622    0.34245661    0.00000000    0.24281125    0.28185956    0.37869174    0.91841850    0.84813760    1.05568938    0.94354762    1.11078173    1.10258780    1.06847823    0.91597302    0.93820820    0.82619632    1.02291340    0.79638037    0.80910461    0.85576566    1.31777693    1.34010067    1.02426401    1.15389140    1.44509035    1.41317760    1.89783556    2.29087703    2.00940957    1.51440371    1.80054359    2.16945392    1.71471143    1.40783622    1.40624932    1.67503480    1.36108564    1.47731014    1.33646034    1.53727166    1.30406346    1.56059977    0.28291487    0.33661045    0.31802373    0.27689730    0.38174661    0.51950929    0.48554701    0.49372587    0.80826762    0.62559415    1.11595499    0.38187379    0.40123307    0.46873975    0.65697787    0.68187094    0.73149582    0.42223445
A1TDP4_MYCVP/108-147     0.34119195    0.36739140    0.33471355    0.40972361    0.40711095    0.34295013    0.53909797    0.34660705    0.35182863    0.42816644    0.24281125    0.00000000    0.24301130    0.30352768    1.03285968    0.79702853    0.96863372    0.91190541    0.98089417    0.98907000    0.67050978    0.69567728    0.91742378    0.79726390    0.78487401    0.54949481    0.82606279    0.85796738    1.24449585    1.07272429    0.76287309    1.00928812    1.25331884    1.27157341    1.74455960    2.28239612    1.80877679    1.56868968    1.77881576    1.89398480    1.65658461    1.54952684    1.30974793    1.54548870    1.53189182    1.30478807    1.29626183    1.65910404    1.49953905    1.32039254    0.36246907    0.43926404    0.27698078    0.43992008    0.44982219    0.51244074    0.46363907    0.42117058    0.76341301    0.62653698    1.12617496    0.39192818    0.45171614    0.52065134    0.58697248    0.64152258    0.77810498    0.54124055
B2HS66_MYCMM/108-147     0.28158467    0.24335410    0.32620099    0.30311866    0.30772126    0.36768399    0.60466847    0.33389989    0.24311792    0.36652488    0.28185956    0.24301130    0.00000000    0.52173752    1.03155852    0.67375484    1.03353618    0.86716693    1.00675750    1.01675001    0.99459399    0.73963437    1.06437411    0.72420225    1.06202581    0.83468614    0.97986459    0.93977983    1.23775488    1.39423267    1.06223914    1.14478170    1.28940041    1.39313338    1.90609689    2.23502505    1.81564983    1.44164677    1.71040284    1.98474763    1.70442803    1.64701377    1.54782152    1.66237950    1.21780270    1.40902038    1.12547471    1.38938253    1.14463748    1.40404523    0.33177766    0.40783143    0.30623421    0.40089433    0.43749230    0.46262600    0.49392930    0.47233873    0.76639378    0.57405790    0.94523740    0.35749147    0.38720422    0.51575778    0.61803883    0.70565514    0.77424160    0.55258370
E2SBF8_9ACTN/105-145     0.51043302    0.49903708    0.43074914    0.55305575    0.47355904    0.53411751    0.54465884    0.55340275    0.60365655    0.52531556    0.37869174    0.30352768    0.52173752    0.00000000    0.74218245    0.71791660    0.88944971    0.94734230    1.14608698    0.91637337    0.58741708    0.81157133    1.04617188    0.82994696    0.50645802    0.55556325    0.77247230    0.90825506    1.18478915    0.87207574    0.75054544    0.81273012    1.15423308    1.14445263    1.83565745    1.91553715    1.81766519    1.54922745    1.56892055    1.98530064    1.63333432    1.73599842    1.52493033    1.33234202    1.34384796    1.30946361    1.21949626    1.29748912    1.28956667    1.18499626    0.48747900    0.58641087    0.45771018    0.48840341    0.47146752    0.59252465    0.64183967    0.56551860    0.61800142    0.67228754    1.26153278    0.73557749    0.53621060    0.58750569    0.83148534    0.95314036    1.06416157    0.62869814
A1A0K9_BIFAA/105-155     1.04502355    0.96846187    1.02399365    0.99558565    0.77324290    0.77811083    1.09958195    1.01228136    0.94033986    0.79528679    0.91841850    1.03285968    1.03155852    0.74218245    0.00000000    0.96109489    1.44748645    1.28487079    1.41412022    0.91584911    1.17960321    1.48835567    1.30057081    1.14578032    1.02075757    1.26469509    1.31918541    1.29416512    1.51660506    1.55256789    1.49923883    0.90362349    1.07775525    1.25696237    2.05964425    2.24975020    1.71483547    1.67117778    1.67224621    2.02124777    1.65906825    1.86442961    2.15323729    1.49092701    1.40205642    1.26914838    1.38632654    1.32894197    1.19804296    1.36318697    0.84043094    0.97533734    0.83569766    0.82085410    0.69091409    0.81083950    0.94100478    1.17595016    0.93322121    1.27480670    1.55690022    1.05522039    0.88069363    0.79184357    1.23281355    1.29757228    1.45377812    0.95626603
H6RUD4_BLASD/121-159     0.57668282    0.48076334    0.52249847    0.73335569    0.73799047    0.69759457    0.73498323    0.48424900    0.72366990    0.75165597    0.84813760    0.79702853    0.67375484    0.71791660    0.96109489    0.00000000    0.79608309    0.78816409    1.01621873    1.15030463    0.79123169    0.54151287    1.01998242    0.62261822    0.82503441    0.86180777    0.96278691    1.20677690    1.32393319    0.92432941    0.91943646    0.71781393    0.85062409    0.99961250    1.30508030    1.59877050    1.73706551    1.39218824    1.39126620    1.71728584    1.80987478    1.83156642    1.43232227    1.38982551    0.96958334    0.77502519    0.85088357    0.87923637    0.95505779    1.04917875    0.62749269    0.79549471    0.67681901    0.73239109    0.69137745    1.01902015    0.90542597    0.73814087    0.74543207    0.84066989    1.22229867    0.79680700    0.66312482    0.69418383    1.37587373    1.39991465    1.58324509    0.86118666
C8XJN1_NAKMY/120-160     1.28741750    1.13304177    0.89925289    1.13011314    1.02170946    0.92857897    1.10815467    0.89302154    0.94997431    0.98554016    1.05568938    0.96863372    1.03353618    0.88944971    1.44748645    0.79608309    0.00000000    0.66018378    0.69727400    0.87573787    0.35958242    0.71745602    1.13240192    0.75394115    0.60160746    0.46873852    0.82326218    0.98849871    1.07554915    1.20980884    0.75818475    1.06296037    1.16261954    1.13068231    2.91711552    2.25478914    2.27771969    2.14760592    2.23286283    2.75587540    2.11798409    2.79132653    2.56122319    2.09963601    1.31587849    1.10896538    1.09920221    1.25447898    1.29137894    1.26668769    1.15021363    1.14851323    1.09998828    1.15161509    1.19144955    1.31440692    1.37074952    1.17322410    1.18840029    0.89337626    1.35184504    0.94350531    1.04142080    1.03815096    1.28585289    1.13229443    1.47970672    0.90646294
D3PW11_STANL/100-140     1.07717917    0.84913345    1.00300452    1.28127073    1.12068589    1.00814942    1.25903574    1.00509830    0.95980878    0.97643349    0.94354762    0.91190541    0.86716693    0.94734230    1.28487079    0.78816409    0.66018378    0.00000000    0.79114406    0.93617942    0.66186255    0.80935782    1.11377224    1.08676925    0.63600533    0.74226466    0.98204206    1.27272924    0.93790623    1.20066906    0.96205659    0.97805467    0.95939296    1.09515199    1.78372815    1.90167204    1.75616401    1.30897167    1.54857816    1.83721516    1.57146147    1.63738714    1.96930190    1.53556773    1.01856645    1.03960951    0.95053647    1.10034766    1.00537240    1.23853956    0.86854185    0.95354716    0.93260869    0.97631304    0.94829958    1.31580214    1.13355168    0.92718534    1.13583809    1.30613712    1.63396718    1.01683947    0.99569519    0.89508696    1.04393547    1.19795204    1.26437346    1.01431155
I6XZL4_PSEPQ/143-183     1.34041513    1.02025501    0.99069086    1.19058461    0.97328844    0.98455811    1.29074265    0.96758929    1.06104551    1.14559592    1.11078173    0.98089417    1.00675750    1.14608698    1.41412022    1.01621873    0.69727400    0.79114406    0.00000000    0.82250546    0.63371156    1.00119759    1.10764732    0.74173170    0.88404530    0.82036211    0.95648629    1.11478095    0.94903294    1.32912188    1.19249423    1.05026435    0.88396998    1.21405442    1.83849831    2.03266946    1.70672826    1.88349721    1.65534903    2.10007870    1.61787931    1.82431888    1.93181401    1.78449395    1.11493711    0.84153365    1.10902137    1.28257477    1.31635254    1.18648849    1.08427208    1.11278338    1.00866361    1.00270683    0.98062257    1.18930753    1.17692387    1.14764984    0.87708877    1.32361586    1.80591710    1.01934022    1.02092323    0.91529568    0.98343964    0.87653514    1.08625446    0.89851812
K7RVI6_ACIA4/111-151     1.24011906    1.12189967    0.98260252    1.06942986    0.82213204    0.76687993    1.03002514    0.78312762    0.85626841    0.71900650    1.10258780    0.98907000    1.01675001    0.91637337    0.91584911    1.15030463    0.87573787    0.93617942    0.82250546    0.00000000    0.71271831    1.17558901    1.04113284    0.96090292    1.01579949    0.96724527    1.06167155    1.30618416    1.46910445    1.81596010    1.19699523    1.05985968    1.13175850    1.22687762    2.11156252    1.85330858    1.72139219    1.87770788    1.61908618    2.08559672    1.44643960    1.80781415    1.90673283    1.80657775    1.22592189    1.08136602    1.09175619    1.23951867    1.28626990    1.15494666    1.17065913    1.06870557    0.92782243    0.97221422    0.87736795    0.93119745    0.92055624    1.17087914    0.85340721    1.13702151    1.55193181    1.00301384    1.08344329    0.94236293    1.16946460    1.25056546    1.38181706    1.10588636
D2PN46_KRIFD/113-153     1.07045213    1.03867135    0.82355608    0.97132359    0.91487557    0.67931825    0.97063261    0.75862304    0.77587773    0.82784712    1.06847823    0.67050978    0.99459399    0.58741708    1.17960321    0.79123169    0.35958242    0.66186255    0.63371156    0.71271831    0.00000000    0.69645925    0.81126629    0.79023625    0.29433755    0.37500471    0.71771092    1.27692138    1.01136580    0.90305715    0.64384819    0.64995411    0.79187245    0.81858423    1.93730996    1.81015412    1.69765279    1.66360789    1.63529588    1.68668102    1.59665557    1.91784968    1.72355801    1.46893241    0.92792024    0.90119074    0.75135438    1.01846928    1.06238327    0.85955333    1.02733143    1.13901806    0.76340889    0.97913375    0.91728682    1.01600768    1.11902560    1.04111085    0.84292489    0.95699488    1.32569604    1.01595126    1.02089387    0.84062226    1.22353200    1.14678444    1.56258170    1.00842525
I4ET83_9ACTN/120-161     0.62544474    0.74138319    0.54224568    0.93144347    0.82828274    0.69431950    0.81578321    0.73293153    0.79538371    0.78587426    0.91597302    0.69567728    0.73963437    0.81157133    1.48835567    0.54151287    0.71745602    0.80935782    1.00119759    1.17558901    0.69645925    0.00000000    0.75851896    0.47213894    0.63911531    0.60847100    0.79246563    1.00670517    0.98940936    0.84653364    0.60131049    1.00240297    1.04892564    1.04857011    1.82414337    1.99649398    1.80009994    1.56008358    1.63670947    1.98534117    1.82717129    2.24022606    1.80665895    1.71468466    1.22022253    0.97425067    1.01359318    0.91346483    1.17957580    1.05802775    0.87740490    0.87790931    0.82239515    0.91158371    1.04340046    0.97178924    0.95555082    0.78831151    0.83811799    0.61554074    1.83463002    0.68547947    0.84724241    0.88398204    1.05472761    1.01442725    1.32695334    0.98010865
DAPD_ROTMD/111-150     1.20883341    1.05873037    1.10595796    1.29019272    1.19857173    0.81828770    1.14363996    0.92276256    0.96165256    0.90855741    0.93820820    0.91742378    1.06437411    1.04617188    1.30057081    1.01998242    1.13240192    1.11377224    1.10764732    1.04113284    0.81126629    0.75851896    0.00000000    0.70026886    0.84666063    0.85982430    0.94053348    1.04195026    0.95631500    0.96430783    1.03570042    1.00135534    1.35058750    1.19524550    1.53173111    1.62603004    1.44334117    1.52382598    1.50063829    1.76452501    1.41669387    1.47638025    1.24018355    1.59580404    1.20320864    1.09817927    0.89779200    1.00159399    1.21729954    1.17728926    1.15025603    0.82213623    0.98810144    1.15548538    1.01935154    1.10676450    1.13767073    1.08806167    0.91934948    1.15728757    1.65771992    1.02407403    1.11711679    0.90776400    1.14090464    0.95364932    1.33202477    1.18843785
B2GKP6_KOCRD/113-152     0.78361055    0.76540241    0.68426543    0.87739304    0.59132785    0.53224741    0.75286780    0.68485973    0.62188199    0.58345353    0.82619632    0.79726390    0.72420225    0.82994696    1.14578032    0.62261822    0.75394115    1.08676925    0.74173170    0.96090292    0.79023625    0.47213894    0.70026886    0.00000000    0.69831117    0.66187061    0.85632937    1.14533577    1.06192632    1.35606588    0.88076237    0.76249119    0.83387998    1.01633268    1.76896041    1.69762799    1.70173900    1.23037432    1.44072047    1.83681817    1.34018225    1.73161963    1.49066966    1.26523680    1.03189963    0.89933178    0.93698968    1.12026994    1.03439629    0.96422687    0.86727091    1.02199393    0.81395109    0.80917343    0.72715567    0.91861440    0.89580159    0.87495242    1.02964311    0.77459155    1.20630872    0.70205451    0.76534498    0.76972535    1.05768603    0.96029612    1.32599124    0.82179617
V4HZG0_9ACTN/121-161     0.98380239    0.98400571    0.83108860    0.95515481    0.95587794    0.70995736    0.80583481    0.76979814    0.78740992    0.81007941    1.02291340    0.78487401    1.06202581    0.50645802    1.02075757    0.82503441    0.60160746    0.63600533    0.88404530    1.01579949    0.29433755    0.63911531    0.84666063    0.69831117    0.00000000    0.29253240    0.56113395    1.21088869    0.95670659    0.92319781    0.51360412    0.67951097    0.77421750    0.94654185    1.50331764    1.58291323    1.29210869    1.34640912    1.31341529    1.71414516    1.39942536    1.84810820    1.64930302    1.18325229    0.92687697    0.84628699    0.79574710    0.90539224    1.10907372    0.80995753    1.00611801    1.00778455    0.89106898    0.86899235    0.96779201    1.00155361    1.10459548    0.92457788    0.79530669    0.86399952    1.28932709    1.00938596    1.02000108    0.82910315    1.07458320    1.05459655    1.38130202    0.89682488
F8JYX4_STREN/123-163     0.81531844    0.99695724    0.72113856    0.79828723    0.89453124    0.66323578    0.79902152    0.57922782    0.71064843    0.68085686    0.79638037    0.54949481    0.83468614    0.55556325    1.26469509    0.86180777    0.46873852    0.74226466    0.82036211    0.96724527    0.37500471    0.60847100    0.85982430    0.66187061    0.29253240    0.00000000    0.43838945    0.91123702    0.95762530    0.92176556    0.47849373    0.75488251    0.86366919    0.99917655    1.92575732    1.93019938    1.81586659    1.78534436    1.72213387    1.98433860    1.64422154    1.91947832    1.85517665    1.44491667    1.10453255    0.94073244    1.00467490    1.01257131    1.14373458    0.99715530    0.97758832    0.82407231    0.80991345    0.85404839    1.00750770    1.03841457    1.07230512    1.07198055    1.00320887    0.79281472    1.52359242    0.90056836    1.10064643    1.04509850    0.91515930    0.91170754    1.12150910    1.01339496
E4NB82_KITSK/121-161     0.99409016    1.11648388    0.89400709    1.02139198    1.08389751    0.66671637    0.81062076    0.60241352    0.76907328    0.72387085    0.80910461    0.82606279    0.97986459    0.77247230    1.31918541    0.96278691    0.82326218    0.98204206    0.95648629    1.06167155    0.71771092    0.79246563    0.94053348    0.85632937    0.56113395    0.43838945    0.00000000    1.11221014    1.30977914    0.93486528    0.65058772    0.98872664    1.10453158    1.29735355    1.81551494    2.30894880    2.09231613    1.99087586    1.98684531    2.36790407    1.61067057    1.88436941    1.64238953    1.68318696    1.34679922    1.07187051    1.03540850    1.14684849    1.31728080    1.21620660    1.03612688    0.77674997    0.96657510    0.98288755    0.93439230    1.11115179    1.06589581    1.02888005    1.01523405    0.90014418    1.53611505    0.94776224    1.09436721    1.00504753    1.05467465    1.00557391    1.07498565    1.03889568
B0RE56_CLAMS/86-124     1.00517428    1.05675330    1.07289971    1.10094752    1.03180124    0.96237052    1.11288097    0.93286920    1.05746973    1.02338062    0.85576566    0.85796738    0.93977983    0.90825506    1.29416512    1.20677690    0.98849871    1.27272924    1.11478095    1.30618416    1.27692138    1.00670517    1.04195026    1.14533577    1.21088869    0.91123702    1.11221014    0.00000000    0.40233196    1.15943496    0.79862727    1.24205432    1.56869974    1.58605309    2.55607558    2.45742712    1.77549021    2.26459968    2.30217766    2.59141058    2.03747844    2.45012922    2.51172218    1.87873011    1.39146106    1.59937247    1.39932999    1.32031430    1.34623576    1.54577774    0.94199152    0.90293729    0.99442672    0.99050144    0.92416407    0.86355965    1.02688293    0.90041729    0.70674749    0.93308462    1.60623994    0.99117736    1.06581463    0.99476210    0.87447464    0.72699790    0.89410579    0.94420474
Q6AFQ1_LEIXX/120-158     1.27568813    1.13866658    1.26415084    1.42907532    1.22096635    1.33426561    1.54245523    1.28132652    1.48223421    1.29028645    1.31777693    1.24449585    1.23775488    1.18478915    1.51660506    1.32393319    1.07554915    0.93790623    0.94903294    1.46910445    1.01136580    0.98940936    0.95631500    1.06192632    0.95670659    0.95762530    1.30977914    0.40233196    0.00000000    0.93426073    1.08405084    1.20878379    1.30555459    1.48031831    2.16176184    2.14130909    1.45391370    1.87525012    1.86354093    2.15768745    1.55444608    2.19292604    2.44114771    1.84481533    1.24890285    1.48274048    1.27594230    1.29979176    1.40027396    1.37230072    1.23174396    1.16630022    1.27375074    1.30957199    1.18935301    1.23266879    1.34129682    1.19304177    0.70680777    1.18474095    1.58818695    1.39266301    1.38396430    1.19973105    0.93721139    0.74888094    1.12496370    1.10319259
K7AT76_9ALTE/89-129     1.43597541    1.26434123    0.95456457    1.57004246    1.69856644    1.41543217    1.36254766    1.25399669    1.49570272    1.53645204    1.34010067    1.07272429    1.39423267    0.87207574    1.55256789    0.92432941    1.20980884    1.20066906    1.32912188    1.81596010    0.90305715    0.84653364    0.96430783    1.35606588    0.92319781    0.92176556    0.93486528    1.15943496    0.93426073    0.00000000    0.69124221    1.24016328    1.62889314    1.30647738    1.89737518    2.56940128    1.95547378    1.91539759    1.78736938    2.20027618    2.34005499    2.08123475    1.90794698    1.62681699    1.41313480    1.40908679    1.31789645    1.44350432    1.75243367    1.39133002    1.40190272    1.21566072    1.26909456    1.36441328    1.26464324    1.37820027    1.50957655    1.08763366    0.85907052    0.87579444    1.82939885    1.47258141    1.09515466    1.22333464    1.29604811    1.32609608    1.57741356    1.34881269
R4LN28_9ACTN/106-146     0.83912643    1.04585107    0.72811648    1.06182691    1.09651541    0.84969916    0.68210572    0.77350428    0.85690707    0.77443789    1.02426401    0.76287309    1.06223914    0.75054544    1.49923883    0.91943646    0.75818475    0.96205659    1.19249423    1.19699523    0.64384819    0.60131049    1.03570042    0.88076237    0.51360412    0.47849373    0.65058772    0.79862727    1.08405084    0.69124221    0.00000000    0.88674861    1.10843598    1.09801209    1.75407972    1.97918567    1.54038400    1.78334341    1.79214656    1.84546241    1.70919662    1.99671457    1.64757542    1.37534591    1.04742565    1.15477564    1.11975616    1.06523591    1.32124820    1.11511613    1.15712015    1.05167232    1.08893061    1.08777660    1.12890091    1.13163148    1.18179862    0.86912705    0.70384716    0.53397025    1.46149211    1.01740114    1.21362082    1.01811998    1.08334592    1.06704946    1.27433280    1.06071877
H2FY24_OCESG/131-171     0.89661519    1.04874024    1.03084444    1.11322789    1.10764943    0.91179167    0.91499062    0.85858365    1.09319095    0.95785546    1.15389140    1.00928812    1.14478170    0.81273012    0.90362349    0.71781393    1.06296037    0.97805467    1.05026435    1.05985968    0.64995411    1.00240297    1.00135534    0.76249119    0.67951097    0.75488251    0.98872664    1.24205432    1.20878379    1.24016328    0.88674861    0.00000000    0.37977802    0.36657837    1.54240328    1.62665904    1.55697059    1.43964870    1.63868419    1.67013632    1.53058840    1.68492969    1.58866063    1.18263141    0.44649192    0.54428305    0.52523099    0.43105554    0.42340833    0.45466424    1.14309256    1.34981926    1.03171223    1.12810995    1.00071116    1.16481242    1.25541601    1.15345804    0.84561645    1.15844969    1.55945398    1.32167082    1.25119651    1.13506274    1.38709731    1.29044905    1.69243666    1.26326258
Q2SBP1_HAHCH/129-169     1.23750236    1.31578895    1.11818705    1.28660610    1.33269701    1.17653823    1.27508160    1.02783884    1.14666333    1.14347069    1.44509035    1.25331884    1.28940041    1.15423308    1.07775525    0.85062409    1.16261954    0.95939296    0.88396998    1.13175850    0.79187245    1.04892564    1.35058750    0.83387998    0.77421750    0.86366919    1.10453158    1.56869974    1.30555459    1.62889314    1.10843598    0.37977802    0.00000000    0.44700301    1.47608009    1.57290032    1.47680474    1.38476633    1.42669091    1.58221340    1.46726456    1.94476407    1.65336987    1.20079806    0.51013742    0.39310182    0.45157846    0.51813769    0.46911902    0.37933167    1.51481846    1.67845004    1.20436415    1.34693808    1.26054869    1.39507181    1.41204462    1.41905020    0.94155806    1.33520353    1.52399430    1.37492016    1.26457113    1.17500033    1.52437092    1.41055501    1.79514654    1.32668267
C5BQF0_TERTT/131-171     1.26068481    1.50406274    1.34917420    1.33856599    1.51316778    1.15558564    1.18668839    1.22210639    1.26432349    1.24217049    1.41317760    1.27157341    1.39313338    1.14445263    1.25696237    0.99961250    1.13068231    1.09515199    1.21405442    1.22687762    0.81858423    1.04857011    1.19524550    1.01633268    0.94654185    0.99917655    1.29735355    1.58605309    1.48031831    1.30647738    1.09801209    0.36657837    0.44700301    0.00000000    1.35152872    1.69528217    1.35034782    1.04053969    1.43911279    1.48270015    1.37868133    1.40987208    1.10959547    1.01356702    0.41060390    0.38146384    0.44563046    0.34425076    0.31676403    0.33214488    1.56581619    1.71708323    1.39070486    1.53244525    1.47935870    1.29668651    1.47155638    1.20398767    1.09925620    1.15538766    1.32868396    1.29998067    1.42634447    1.32515876    1.59252155    1.58094996    1.89165765    1.44172864
D1B3Q0_SULD5/177-217     2.01744059    1.80587831    1.89563926    2.00865513    2.20588459    1.69875425    1.59795030    1.66945858    1.74961089    2.03204027    1.89783556    1.74455960    1.90609689    1.83565745    2.05964425    1.30508030    2.91711552    1.78372815    1.83849831    2.11156252    1.93730996    1.82414337    1.53173111    1.76896041    1.50331764    1.92575732    1.81551494    2.55607558    2.16176184    1.89737518    1.75407972    1.54240328    1.47608009    1.35152872    0.00000000    0.99332378    0.40224683    0.75807241    0.64659507    0.77879318    0.64680166    0.81335527    0.41179708    0.50951153    1.33575377    1.02028197    1.06521468    1.47674995    1.25619455    1.30768900    1.77751751    1.78604780    1.75005711    1.69698545    1.86807075    1.89636045    1.91521916    1.53448013    1.64311859    1.80806050    2.33592108    1.86723975    1.96029600    1.65580077    2.36720290    2.37503555    2.57478783    2.08233568
A7I2J5_CAMHC/178-221     2.25909191    2.06905645    2.11552584    2.28574965    2.16931265    2.21350856    2.22483286    2.09988774    2.09995943    2.05587788    2.29087703    2.28239612    2.23502505    1.91553715    2.24975020    1.59877050    2.25478914    1.90167204    2.03266946    1.85330858    1.81015412    1.99649398    1.62603004    1.69762799    1.58291323    1.93019938    2.30894880    2.45742712    2.14130909    2.56940128    1.97918567    1.62665904    1.57290032    1.69528217    0.99332378    0.00000000    0.95028404    0.92688175    0.83705179    0.86649422    1.02539930    1.18217320    1.07015413    1.19627053    1.45170184    1.71569470    1.59924261    1.44279648    1.54381486    1.56783730    2.36338039    2.59777329    2.50446058    2.20273547    2.33893020    2.27125656    2.20939514    2.20689805    2.10515733    2.55419649    2.41402356    2.13154926    2.32552750    2.36482785    2.66667027    2.75928120    3.10793925    1.92341343
DAPD_SULDN/177-217     1.97071645    1.96600541    1.98808426    1.60225626    1.96939037    1.80929507    1.79699757    1.81619128    1.79102825    1.96818291    2.00940957    1.80877679    1.81564983    1.81766519    1.71483547    1.73706551    2.27771969    1.75616401    1.70672826    1.72139219    1.69765279    1.80009994    1.44334117    1.70173900    1.29210869    1.81586659    2.09231613    1.77549021    1.45391370    1.95547378    1.54038400    1.55697059    1.47680474    1.35034782    0.40224683    0.95028404    0.00000000    0.47271277    0.68939035    0.68960571    0.50291021    0.74015415    0.54770385    0.56297606    1.33550030    1.30192098    1.13613888    1.37766269    1.15418575    1.22667897    2.09045815    2.19310077    1.93957030    1.87188665    1.93928977    1.70028705    1.77596860    1.75553167    1.57395796    1.94539740    2.06031138    1.75176324    2.03730197    1.92286366    1.77528910    1.88298245    2.18955499    1.83935067
DAPD_CAMJE/166-206     1.45914859    1.28564648    1.37609319    1.62638267    1.58851699    1.53348648    1.55839088    1.82022591    1.18424694    1.27857068    1.51440371    1.56868968    1.44164677    1.54922745    1.67117778    1.39218824    2.14760592    1.30897167    1.88349721    1.87770788    1.66360789    1.56008358    1.52382598    1.23037432    1.34640912    1.78534436    1.99087586    2.26459968    1.87525012    1.91539759    1.78334341    1.43964870    1.38476633    1.04053969    0.75807241    0.92688175    0.47271277    0.00000000    0.45551262    0.55286895    0.40712926    0.45305647    0.42305317    0.39678325    1.21348482    1.53451582    1.21409919    1.20644067    1.13358061    1.31192547    1.69949266    2.12838165    1.53352977    1.48004404    1.41271089    1.50116770    1.45444998    1.48465270    1.98864330    1.70821946    1.87585750    1.47659376    1.48575709    1.40284884    1.98517076    2.28243197    2.37093455    1.64391285
D5V5C0_ARCNC/174-214     1.63917413    1.46289443    1.50279032    1.83448636    1.72194894    1.89715008    1.74935409    1.74484656    1.61494468    1.47839753    1.80054359    1.77881576    1.71040284    1.56892055    1.67224621    1.39126620    2.23286283    1.54857816    1.65534903    1.61908618    1.63529588    1.63670947    1.50063829    1.44072047    1.31341529    1.72213387    1.98684531    2.30217766    1.86354093    1.78736938    1.79214656    1.63868419    1.42669091    1.43911279    0.64659507    0.83705179    0.68939035    0.45551262    0.00000000    0.43528118    0.65830572    0.64282706    0.58399142    0.53233642    1.33195595    1.44039181    1.38104459    1.14951275    1.32551383    1.32200686    1.83238873    2.12450089    1.93666232    1.72437691    1.88125704    1.78119898    1.75642411    1.74014798    1.80096189    1.92904703    2.16414225    1.69848461    1.84853375    1.78044063    2.30014937    2.29386407    2.64918164    1.89132034
A8EUM3_ARCB4/174-214     1.83238054    1.85162181    1.81876464    2.00739928    2.28185669    2.08178007    2.09217580    2.09568903    1.78078315    1.82048651    2.16945392    1.89398480    1.98474763    1.98530064    2.02124777    1.71728584    2.75587540    1.83721516    2.10007870    2.08559672    1.68668102    1.98534117    1.76452501    1.83681817    1.71414516    1.98433860    2.36790407    2.59141058    2.15768745    2.20027618    1.84546241    1.67013632    1.58221340    1.48270015    0.77879318    0.86649422    0.68960571    0.55286895    0.43528118    0.00000000    0.56730292    0.59880669    0.55495777    0.48472610    1.49225503    1.86871144    1.51262088    1.41748487    1.37941279    1.64473281    2.14057266    2.47287889    2.06065741    1.99363959    2.08242361    1.86069162    1.93987878    2.05488224    2.31470466    2.24275000    2.36703370    2.04589034    2.16430667    2.12248097    2.27933754    2.50945421    2.75686276    2.44477226
D3UHQ9_HELM1/165-205     1.89309119    1.66518143    1.67773264    1.87138766    1.74185046    1.41814425    1.75567966    1.80564072    1.52669094    1.61446750    1.71471143    1.65658461    1.70442803    1.63333432    1.65906825    1.80987478    2.11798409    1.57146147    1.61787931    1.44643960    1.59665557    1.82717129    1.41669387    1.34018225    1.39942536    1.64422154    1.61067057    2.03747844    1.55444608    2.34005499    1.70919662    1.53058840    1.46726456    1.37868133    0.64680166    1.02539930    0.50291021    0.40712926    0.65830572    0.56730292    0.00000000    0.38306602    0.37496817    0.51509352    1.23679997    1.44495760    1.24064305    1.34216059    1.22008084    1.31716628    1.84532772    1.91251069    1.74802832    1.65082062    1.58159650    1.46224911    1.54689259    1.54874404    1.71963285    1.92527128    1.82428259    1.64927549    1.73500037    1.53771884    1.59090799    1.75232170    1.89428491    1.77914071
