12
R6NFD7_9CLOT/4-330     0.00000000    0.53826096    0.42393877    0.30969748    0.31676490    0.30456998    0.31180010    0.25677449    0.38879026    0.47258183    0.30108227    0.37676808
B0TB35_HELMI/4-330     0.53826096    0.00000000    0.40413442    0.45166392    0.45954310    0.47763939    0.50454415    0.47549450    0.54110415    0.55775653    0.53931804    0.58513029
D5XBQ9_THEPJ/4-329     0.42393877    0.40413442    0.00000000    0.37037490    0.42997434    0.41805943    0.40191030    0.41026161    0.45348108    0.52315632    0.42841096    0.50899066
B8I5P3_RUMCH/4-330     0.30969748    0.45166392    0.37037490    0.00000000    0.25701334    0.30842543    0.29172487    0.27116802    0.37248340    0.48062928    0.37128693    0.36369334
R6N2E2_9CLOT/7-332     0.31676490    0.45954310    0.42997434    0.25701334    0.00000000    0.34583146    0.34829153    0.26049438    0.40408408    0.45404986    0.40472634    0.36333022
M1P8V1_DESSD/4-330     0.30456998    0.47763939    0.41805943    0.30842543    0.34583146    0.00000000    0.24171374    0.24893061    0.34292585    0.45110762    0.30614126    0.40915410
F8F3U5_TRECH/4-330     0.31180010    0.50454415    0.40191030    0.29172487    0.34829153    0.24171374    0.00000000    0.24151090    0.36437066    0.43118216    0.24508233    0.34245319
W6RXW5_9CLOT/4-330     0.25677449    0.47549450    0.41026161    0.27116802    0.26049438    0.24893061    0.24151090    0.00000000    0.27530658    0.40262484    0.25053388    0.23874847
Q6LS01_PHOPR/58-384     0.38879026    0.54110415    0.45348108    0.37248340    0.40408408    0.34292585    0.36437066    0.27530658    0.00000000    0.34011172    0.29974428    0.37151090
B7VJY6_VIBA3/8-325     0.47258183    0.55775653    0.52315632    0.48062928    0.45404986    0.45110762    0.43118216    0.40262484    0.34011172    0.00000000    0.44053004    0.45460400
R6SSD6_9BACE/4-330     0.30108227    0.53931804    0.42841096    0.37128693    0.40472634    0.30614126    0.24508233    0.25053388    0.29974428    0.44053004    0.00000000    0.26989993
F2NS81_TRES6/5-344     0.37676808    0.58513029    0.50899066    0.36369334    0.36333022    0.40915410    0.34245319    0.23874847    0.37151090    0.45460400    0.26989993    0.00000000

