42
M3K819_CANMX/171-279     0.00000000    0.36311778    0.40293535    0.40707839    0.44499771    0.39815898    0.63601686    0.43019800    1.36563063    2.40754481    2.14707049    2.16542790    1.69231938    1.43797901    1.96799496    2.41585766    2.16396401    2.42804695    2.34497651    2.25918116    2.18762721    2.16380430    2.16583066    2.20816242    2.14036714    2.17539193    2.46010213    2.25318720    2.19993020    1.01887701    0.88485018    0.77907793    0.76761982    0.78302812    0.70955243    0.85074533    0.85554727    0.77866479    0.80185518    0.74354295    0.33676641    0.32643229
A5DV77_LODEL/166-274     0.36311778    0.00000000    0.46512684    0.49497362    0.55779579    0.46501854    0.68275571    0.49792639    1.20795520    2.52732744    1.93090494    2.02486812    1.65793726    1.47512145    1.94065014    2.36590626    2.15055859    2.38537536    2.40522816    2.18467409    2.11069560    2.05962980    2.34891033    2.35440715    2.20291680    2.38576233    2.57627171    2.45594719    2.25043445    1.11524788    0.88293760    0.89155649    0.82215452    0.86212300    0.79504377    0.83092976    0.90240621    0.81847541    0.78410137    0.80690365    0.39422889    0.36596046
G8BDY4_CANPC/178-286     0.40293535    0.46512684    0.00000000    0.51508960    0.53956546    0.49236749    0.72623346    0.45974398    1.22872464    2.51339999    2.29008135    2.14937856    1.65671151    1.63487718    1.85555817    2.33983894    2.29318691    2.41394297    2.32307014    2.27912514    2.17826102    2.03918304    2.15572393    2.24698303    2.17131295    2.26158230    2.25070162    2.33962400    2.15116416    1.10913823    0.85257340    0.77884967    0.82635070    0.87686405    0.76185540    0.81797541    0.88609091    0.78068631    0.81126826    0.78960876    0.37210521    0.43654965
Q6BX89_DEBHA/150-251     0.40707839    0.49497362    0.51508960    0.00000000    0.32070342    0.39472989    0.67139728    0.39363936    1.17843092    2.44573674    2.09436412    2.11750429    1.41573865    1.56104205    1.86185204    2.28019126    2.13852591    2.38685338    2.28084263    1.97334433    2.01218882    2.08252399    2.13399402    2.07095770    1.97724368    2.11558844    2.23164203    2.18509113    1.99074705    0.99766909    0.82719036    0.65836645    0.71826614    0.84339257    0.71339623    0.69878965    0.80587890    0.75413599    0.72026408    0.70992303    0.29107201    0.40963570
A3LRR0_PICST/165-286     0.44499771    0.55779579    0.53956546    0.32070342    0.00000000    0.41534190    0.66924840    0.44971458    1.11868905    2.42295348    2.02099290    2.13448256    1.55483778    1.48126444    1.88103576    2.44922140    2.22110265    2.46343821    2.34546338    1.96581109    2.05232356    2.12821388    2.28729844    2.15673687    2.05904890    2.16571592    2.36851192    2.31103628    2.09541854    0.94052193    0.83403110    0.69939914    0.84458618    0.90547373    0.82528511    0.83524374    0.87258222    0.85530653    0.82788443    0.90120052    0.35149487    0.41774249
G3B1K7_CANTC/122-220     0.39815898    0.46501854    0.49236749    0.39472989    0.41534190    0.00000000    0.63912878    0.46009807    1.09415923    2.30287861    2.05742104    2.22445300    1.54225463    1.59928442    1.61476157    2.10969441    2.06010077    2.26690089    2.22197665    1.87647716    1.85606038    1.83302429    1.89062156    2.03536103    2.01942282    1.99365871    2.19958444    2.08571632    1.90584880    1.18632536    0.96040257    0.89457206    0.82818188    0.85007118    0.84754823    0.79923573    0.93900253    0.86454891    0.79920792    0.81365064    0.37833665    0.42561433
C4Y2B8_CLAL4/115-213     0.63601686    0.68275571    0.72623346    0.67139728    0.66924840    0.63912878    0.00000000    0.65074712    1.28216681    2.47774539    2.39365754    2.12063321    1.82603282    1.68045627    2.00843125    2.09768323    2.31324987    2.36861869    2.11012832    2.17244242    2.17588255    1.94165710    2.11971228    2.02020210    1.87364138    2.01164377    2.23318195    2.07088034    1.94761308    1.18510319    1.16923031    1.04361054    1.02164201    1.07657518    1.13108713    1.10555032    1.14271566    1.05794871    0.95338134    1.08702463    0.61422369    0.69281862
A5DK85_PICGU/161-259     0.43019800    0.49792639    0.45974398    0.39363936    0.44971458    0.46009807    0.65074712    0.00000000    1.10096343    2.26538515    2.01247705    2.10631130    1.48288303    1.46786743    1.72114394    1.93938777    2.04390102    2.11249420    1.98242784    1.89698044    1.92791241    1.79027215    1.83035670    1.94702617    1.85668451    1.94722132    2.04496716    1.98014834    1.73609697    0.97399561    0.75150071    0.76895321    0.70534042    0.78241677    0.69114657    0.64881401    0.75063977    0.66968216    0.60263934    0.63249477    0.44773934    0.53749666
F2Z643_YARLI/352-450     1.36563063    1.20795520    1.22872464    1.17843092    1.11868905    1.09415923    1.28216681    1.10096343    0.00000000    2.11088598    1.92465892    2.13809938    1.37850235    1.09288992    1.42158909    1.56377212    1.91425512    1.68332411    1.73292959    1.75882440    1.57429268    1.63634020    1.61078025    1.48023281    1.15904879    1.44691059    1.45826598    1.41836240    1.36805479    1.41652021    1.34948992    1.52091701    1.38257498    1.29202030    1.31328388    1.27098964    1.45426739    1.29765792    1.23590294    1.29286660    1.41296048    1.30709660
Q5KHP6_CRYNJ/473-586     2.40754481    2.52732744    2.51339999    2.44573674    2.42295348    2.30287861    2.47774539    2.26538515    2.11088598    0.00000000    1.93210616    1.84327517    2.08450974    1.86540338    2.64447249    2.66594861    2.79405805    2.86234587    2.47633562    2.84872250    2.91818898    2.66247824    3.05786347    3.02973040    2.58374788    2.65555152    2.63850555    2.49531772    2.81563640    2.57334606    2.83325502    3.10744007    2.86155895    2.93933186    2.79913538    2.48089610    2.82596774    2.94748348    2.58677097    2.66210531    2.44682950    2.46738612
D8PT48_SCHCM/422-535     2.14707049    1.93090494    2.29008135    2.09436412    2.02099290    2.05742104    2.39365754    2.01247705    1.92465892    1.93210616    0.00000000    0.84587395    2.18714870    1.97782448    2.19026770    2.60518052    2.50921309    2.57560726    2.39365311    2.04745571    2.00865277    1.82633987    2.22894612    2.15794254    2.39418154    2.33713032    2.24592376    2.24603509    2.43396294    2.00335317    1.80950026    2.26795660    2.20694727    2.21355909    2.27255859    2.26040731    2.16281097    2.33775911    2.02848763    2.79927126    2.35639106    2.36421733
K5W752_AGABU/448-565     2.16542790    2.02486812    2.14937856    2.11750429    2.13448256    2.22445300    2.12063321    2.10631130    2.13809938    1.84327517    0.84587395    0.00000000    1.93494858    2.12672443    2.48679001    2.99480831    2.50735423    2.73171298    2.57604894    2.57276208    2.41843917    2.40030711    2.75333882    2.70516564    2.51730046    2.55324626    2.57359160    2.46896975    2.50703108    2.25834855    2.64556232    2.33315575    2.52225735    2.40966914    2.55521887    2.64693768    2.64661219    2.65336063    2.32368730    2.85140574    2.24356173    2.38151294
S2JNI8_MUCC1/248-344     1.69231938    1.65793726    1.65671151    1.41573865    1.55483778    1.54225463    1.82603282    1.48288303    1.37850235    2.08450974    2.18714870    1.93494858    0.00000000    1.08282052    1.29404247    1.51757472    1.54752969    1.60756110    1.53090563    1.33053647    1.43897223    1.55863266    1.52647417    1.58698305    1.41497135    1.49238683    1.47570669    1.30612485    1.35563109    1.71151070    1.78306714    2.08749832    1.75716542    1.79798628    1.81922460    1.74820541    1.73477060    1.83964993    1.70795335    1.80167704    1.83686766    1.86388967
G1XUM9_ARTOA/274-374     1.43797901    1.47512145    1.63487718    1.56104205    1.48126444    1.59928442    1.68045627    1.46786743    1.09288992    1.86540338    1.97782448    2.12672443    1.08282052    0.00000000    1.04173098    1.28590181    1.29602937    1.36814508    1.31482940    1.47840260    1.48017938    1.48604844    1.42561272    1.47846808    1.32988591    1.58071981    1.34288232    1.38351539    1.54178445    1.73627669    1.60290789    1.85473207    1.53055055    1.51163300    1.66199102    1.50026728    1.66147936    1.77972655    1.63505659    1.58558728    1.67482634    1.52216060
D5GAF3_TUBMM/216-317     1.96799496    1.94065014    1.85555817    1.86185204    1.88103576    1.61476157    2.00843125    1.72114394    1.42158909    2.64447249    2.19026770    2.48679001    1.29404247    1.04173098    0.00000000    1.30778089    1.35331702    1.44963968    1.46288950    1.38226078    1.33298888    1.65125797    1.42856649    1.52778983    1.37528837    1.47657243    1.42223041    1.42286651    1.47703261    1.68197817    1.86572752    2.03732343    1.96734267    1.79876691    1.91235477    1.71509752    2.02455581    1.92283597    2.05976015    1.87550570    1.85054617    2.12135535
G2QC44_MYCTT/265-367     2.41585766    2.36590626    2.33983894    2.28019126    2.44922140    2.10969441    2.09768323    1.93938777    1.56377212    2.66594861    2.60518052    2.99480831    1.51757472    1.28590181    1.30778089    0.00000000    0.42076985    0.42539271    0.33753622    0.70280341    0.80919770    0.83119147    0.77800963    0.86916697    0.71929022    0.76867586    0.71624822    0.65530045    0.83087297    2.08388752    2.17811297    2.79929336    2.28192232    2.26396753    2.49530124    2.26643118    2.38695875    2.50441904    2.31674604    2.00203214    2.39182420    2.66196098
L8GC22_PSED2/285-387     2.16396401    2.15055859    2.29318691    2.13852591    2.22110265    2.06010077    2.31324987    2.04390102    1.91425512    2.79405805    2.50921309    2.50735423    1.54752969    1.29602937    1.35331702    0.42076985    0.00000000    0.46376041    0.31821829    0.87765753    0.86994459    0.88339056    0.91724211    0.94999881    0.84348704    0.77034954    0.78677035    0.69329387    0.89834071    2.04710832    2.45992050    2.87490050    2.15043934    2.12442941    2.26880295    2.29953090    2.41492364    2.35939846    2.23481771    1.99696433    2.15061127    2.46747857
N1JCR8_BLUG1/286-388     2.42804695    2.38537536    2.41394297    2.38685338    2.46343821    2.26690089    2.36861869    2.11249420    1.68332411    2.86234587    2.57560726    2.73171298    1.60756110    1.36814508    1.44963968    0.42539271    0.46376041    0.00000000    0.28396207    0.94175933    0.82575875    0.88228013    0.90527853    0.94743295    0.75028240    0.81186062    0.81097398    0.75333938    0.95296201    2.26255146    2.29046277    2.85421851    2.25766431    2.24214371    2.37767692    2.26354470    2.47931279    2.57321345    2.35474161    2.15187935    2.34818371    2.67905798
M7TTL7_BOTF1/295-397     2.34497651    2.40522816    2.32307014    2.28084263    2.34546338    2.22197665    2.11012832    1.98242784    1.73292959    2.47633562    2.39365311    2.57604894    1.53090563    1.31482940    1.46288950    0.33753622    0.31821829    0.28396207    0.00000000    0.83070480    0.80186442    0.80345079    0.84013965    0.90542047    0.83022932    0.77719656    0.76777064    0.70623749    0.87536965    2.15924880    2.38760927    2.85259112    2.24603233    2.31947211    2.36838428    2.24117920    2.41518528    2.57103074    2.33321357    2.12749046    2.29070865    2.53024415
Q0UKQ0_PHANO/223-325     2.25918116    2.18467409    2.27912514    1.97334433    1.96581109    1.87647716    2.17244242    1.89698044    1.75882440    2.84872250    2.04745571    2.57276208    1.33053647    1.47840260    1.38226078    0.70280341    0.87765753    0.94175933    0.83070480    0.00000000    0.44361573    0.55440686    0.58491454    0.71367702    0.83706649    0.78077534    0.73964962    0.73397544    0.82946888    2.01224173    2.06339756    2.27765806    1.89569580    2.05889680    2.07869780    1.94590230    2.00587053    2.13099411    2.03619807    1.89163184    2.01494083    2.30446296
R1GKA3_BOTPV/69-171     2.18762721    2.11069560    2.17826102    2.01218882    2.05232356    1.85606038    2.17588255    1.92791241    1.57429268    2.91818898    2.00865277    2.41843917    1.43897223    1.48017938    1.33298888    0.80919770    0.86994459    0.82575875    0.80186442    0.44361573    0.00000000    0.40419730    0.51726214    0.57895371    0.77408798    0.75570363    0.75821193    0.70296874    0.72043224    1.88782341    2.02949964    2.10960426    1.82104657    1.94413575    1.96168352    1.93117674    2.09973685    2.12775457    1.89018298    1.84004390    2.10092669    2.28039094
R7Z1R1_CONA1/301-403     2.16380430    2.05962980    2.03918304    2.08252399    2.12821388    1.83302429    1.94165710    1.79027215    1.63634020    2.66247824    1.82633987    2.40030711    1.55863266    1.48604844    1.65125797    0.83119147    0.88339056    0.88228013    0.80345079    0.55440686    0.40419730    0.00000000    0.45707764    0.56170259    0.92250571    0.82918809    0.79125264    0.71868383    0.87891112    1.73559711    1.94203926    2.01698971    1.81254444    2.07425665    1.99555474    2.02296207    2.05482603    2.10883593    1.91358776    1.82385168    2.05012842    2.15401521
N1QC72_PSEFD/275-377     2.16583066    2.34891033    2.15572393    2.13399402    2.28729844    1.89062156    2.11971228    1.83035670    1.61078025    3.05786347    2.22894612    2.75333882    1.52647417    1.42561272    1.42856649    0.77800963    0.91724211    0.90527853    0.84013965    0.58491454    0.51726214    0.45707764    0.00000000    0.23418944    0.87459687    0.79284726    0.76161706    0.71392511    0.83541386    1.86272938    2.15054238    2.28630003    1.88347318    2.02179685    2.13535840    2.05410748    2.11875351    2.09419294    1.97161996    1.80315748    2.20932981    2.27979686
M2LQE5_BAUPA/287-389     2.20816242    2.35440715    2.24698303    2.07095770    2.15673687    2.03536103    2.02020210    1.94702617    1.48023281    3.02973040    2.15794254    2.70516564    1.58698305    1.47846808    1.52778983    0.86916697    0.94999881    0.94743295    0.90542047    0.71367702    0.57895371    0.56170259    0.23418944    0.00000000    0.77041267    0.87905021    0.81025285    0.69777698    0.83713561    1.93649941    2.15865684    2.31895075    1.95284297    2.16284862    2.12843573    2.10013375    2.21057281    2.17897619    2.03250385    1.86803420    2.19379816    2.27734068
H6BXQ7_EXODN/280-382     2.14036714    2.20291680    2.17131295    1.97724368    2.05904890    2.01942282    1.87364138    1.85668451    1.15904879    2.58374788    2.39418154    2.51730046    1.41497135    1.32988591    1.37528837    0.71929022    0.84348704    0.75028240    0.83022932    0.83706649    0.77408798    0.92250571    0.87459687    0.77041267    0.00000000    0.47815911    0.48083406    0.44783536    0.49536791    2.00127317    1.95899438    2.15620048    1.92032606    1.97786126    1.89622162    1.90863303    1.96986678    1.97027975    1.99035141    1.90150701    2.08329953    2.31370418
B6Q1Q5_TALMQ/258-360     2.17539193    2.38576233    2.26158230    2.11558844    2.16571592    1.99365871    2.01164377    1.94722132    1.44691059    2.65555152    2.33713032    2.55324626    1.49238683    1.58071981    1.47657243    0.76867586    0.77034954    0.81186062    0.77719656    0.78077534    0.75570363    0.82918809    0.79284726    0.87905021    0.47815911    0.00000000    0.27524837    0.30249185    0.41832871    2.09317307    2.20027951    2.10045562    2.19004119    2.19412749    2.08056775    2.13643155    2.24018456    2.17892795    2.21822663    1.96568862    2.18102488    2.43111459
Q4WTX3_ASPFU/277-379     2.46010213    2.57627171    2.25070162    2.23164203    2.36851192    2.19958444    2.23318195    2.04496716    1.45826598    2.63850555    2.24592376    2.57359160    1.47570669    1.34288232    1.42223041    0.71624822    0.78677035    0.81097398    0.76777064    0.73964962    0.75821193    0.79125264    0.76161706    0.81025285    0.48083406    0.27524837    0.00000000    0.29175255    0.35820248    2.27130923    2.21432422    2.25676530    2.20360442    2.21427012    2.13445328    2.09114526    2.32676997    2.20474308    2.32856311    2.11846518    2.31208328    2.59327826
J3K787_COCIM/253-355     2.25318720    2.45594719    2.33962400    2.18509113    2.31103628    2.08571632    2.07088034    1.98014834    1.41836240    2.49531772    2.24603509    2.46896975    1.30612485    1.38351539    1.42286651    0.65530045    0.69329387    0.75333938    0.70623749    0.73397544    0.70296874    0.71868383    0.71392511    0.69777698    0.44783536    0.30249185    0.29175255    0.00000000    0.28697401    2.03194228    2.27705117    2.25863230    2.17898393    2.22080753    2.21566392    2.23943909    2.29717087    2.32335730    2.31131032    2.13283132    2.24950809    2.55757850
E4UTJ7_ARTGP/289-390     2.19993020    2.25043445    2.15116416    1.99074705    2.09541854    1.90584880    1.94761308    1.73609697    1.36805479    2.81563640    2.43396294    2.50703108    1.35563109    1.54178445    1.47703261    0.83087297    0.89834071    0.95296201    0.87536965    0.82946888    0.72043224    0.87891112    0.83541386    0.83713561    0.49536791    0.41832871    0.35820248    0.28697401    0.00000000    2.00042221    2.03453778    2.04370286    2.01284212    1.95006586    1.90093798    1.99569042    2.17982831    2.11642994    2.12710021    2.07768435    2.10466043    2.42510682
W1QDG0_OGAPD/127-224     1.01887701    1.11524788    1.10913823    0.99766909    0.94052193    1.18632536    1.18510319    0.97399561    1.41652021    2.57334606    2.00335317    2.25834855    1.71151070    1.73627669    1.68197817    2.08388752    2.04710832    2.26255146    2.15924880    2.01224173    1.88782341    1.73559711    1.86272938    1.93649941    2.00127317    2.09317307    2.27130923    2.03194228    2.00042221    0.00000000    0.87029775    1.14412547    1.12966622    1.11921100    1.14739900    1.23565213    1.14611380    1.09373314    1.20320536    1.05542593    0.94214095    1.12668118
C4R4N2_KOMPG/137-232     0.88485018    0.88293760    0.85257340    0.82719036    0.83403110    0.96040257    1.16923031    0.75150071    1.34948992    2.83325502    1.80950026    2.64556232    1.78306714    1.60290789    1.86572752    2.17811297    2.45992050    2.29046277    2.38760927    2.06339756    2.02949964    1.94203926    2.15054238    2.15865684    1.95899438    2.20027951    2.21432422    2.27705117    2.03453778    0.87029775    0.00000000    0.87680956    1.03376428    1.03824067    1.01307567    0.94637516    0.97703049    0.97314148    1.04751249    1.00574576    0.88521301    1.02896126
K0KA50_WICCF/115-210     0.77907793    0.89155649    0.77884967    0.65836645    0.69939914    0.89457206    1.04361054    0.76895321    1.52091701    3.10744007    2.26795660    2.33315575    2.08749832    1.85473207    2.03732343    2.79929336    2.87490050    2.85421851    2.85259112    2.27765806    2.10960426    2.01698971    2.28630003    2.31895075    2.15620048    2.10045562    2.25676530    2.25863230    2.04370286    1.14412547    0.87680956    0.00000000    0.68654076    0.76727034    0.72346846    0.69413104    0.75897337    0.69473394    0.66688949    0.78042881    0.70835959    0.74827363
G0WH13_NAUDC/132-239     0.76761982    0.82215452    0.82635070    0.71826614    0.84458618    0.82818188    1.02164201    0.70534042    1.38257498    2.86155895    2.20694727    2.52225735    1.75716542    1.53055055    1.96734267    2.28192232    2.15043934    2.25766431    2.24603233    1.89569580    1.82104657    1.81254444    1.88347318    1.95284297    1.92032606    2.19004119    2.20360442    2.17898393    2.01284212    1.12966622    1.03376428    0.68654076    0.00000000    0.32518993    0.38508105    0.37503799    0.36540774    0.34480023    0.31138728    0.40804837    0.69398122    0.77761942
G0VKN8_NAUCC/126-229     0.78302812    0.86212300    0.87686405    0.84339257    0.90547373    0.85007118    1.07657518    0.78241677    1.29202030    2.93933186    2.21355909    2.40966914    1.79798628    1.51163300    1.79876691    2.26396753    2.12442941    2.24214371    2.31947211    2.05889680    1.94413575    2.07425665    2.02179685    2.16284862    1.97786126    2.19412749    2.21427012    2.22080753    1.95006586    1.11921100    1.03824067    0.76727034    0.32518993    0.00000000    0.31372484    0.38228073    0.31897137    0.29758120    0.31771755    0.35021332    0.78180615    0.90475545
I2GWW6_TETBL/102-209     0.70955243    0.79504377    0.76185540    0.71339623    0.82528511    0.84754823    1.13108713    0.69114657    1.31328388    2.79913538    2.27255859    2.55521887    1.81922460    1.66199102    1.91235477    2.49530124    2.26880295    2.37767692    2.36838428    2.07869780    1.96168352    1.99555474    2.13535840    2.12843573    1.89622162    2.08056775    2.13445328    2.21566392    1.90093798    1.14739900    1.01307567    0.72346846    0.38508105    0.31372484    0.00000000    0.28912216    0.35150474    0.26198082    0.31105917    0.38640664    0.79593253    0.82360306
Q6FXI1_CANGA/99-207     0.85074533    0.83092976    0.81797541    0.69878965    0.83524374    0.79923573    1.10555032    0.64881401    1.27098964    2.48089610    2.26040731    2.64693768    1.74820541    1.50026728    1.71509752    2.26643118    2.29953090    2.26354470    2.24117920    1.94590230    1.93117674    2.02296207    2.05410748    2.10013375    1.90863303    2.13643155    2.09114526    2.23943909    1.99569042    1.23565213    0.94637516    0.69413104    0.37503799    0.38228073    0.28912216    0.00000000    0.35601094    0.33964253    0.31203627    0.36838554    0.74034817    0.82265812
G8BQH6_TETPH/102-210     0.85554727    0.90240621    0.88609091    0.80587890    0.87258222    0.93900253    1.14271566    0.75063977    1.45426739    2.82596774    2.16281097    2.64661219    1.73477060    1.66147936    2.02455581    2.38695875    2.41492364    2.47931279    2.41518528    2.00587053    2.09973685    2.05482603    2.11875351    2.21057281    1.96986678    2.24018456    2.32676997    2.29717087    2.17982831    1.14611380    0.97703049    0.75897337    0.36540774    0.31897137    0.35150474    0.35601094    0.00000000    0.24071375    0.31592155    0.42925843    0.77117397    0.91171186
Q6CVC4_KLULA/111-220     0.77866479    0.81847541    0.78068631    0.75413599    0.85530653    0.86454891    1.05794871    0.66968216    1.29765792    2.94748348    2.33775911    2.65336063    1.83964993    1.77972655    1.92283597    2.50441904    2.35939846    2.57321345    2.57103074    2.13099411    2.12775457    2.10883593    2.09419294    2.17897619    1.97027975    2.17892795    2.20474308    2.32335730    2.11642994    1.09373314    0.97314148    0.69473394    0.34480023    0.29758120    0.26198082    0.33964253    0.24071375    0.00000000    0.24684398    0.34905796    0.75424837    0.81498346
H2ANV4_KAZAF/134-238     0.80185518    0.78410137    0.81126826    0.72026408    0.82788443    0.79920792    0.95338134    0.60263934    1.23590294    2.58677097    2.02848763    2.32368730    1.70795335    1.63505659    2.05976015    2.31674604    2.23481771    2.35474161    2.33321357    2.03619807    1.89018298    1.91358776    1.97161996    2.03250385    1.99035141    2.21822663    2.32856311    2.31131032    2.12710021    1.20320536    1.04751249    0.66688949    0.31138728    0.31771755    0.31105917    0.31203627    0.31592155    0.24684398    0.00000000    0.31092928    0.73187270    0.84292635
J7S422_KAZNA/144-264     0.74354295    0.80690365    0.78960876    0.70992303    0.90120052    0.81365064    1.08702463    0.63249477    1.29286660    2.66210531    2.79927126    2.85140574    1.80167704    1.58558728    1.87550570    2.00203214    1.99696433    2.15187935    2.12749046    1.89163184    1.84004390    1.82385168    1.80315748    1.86803420    1.90150701    1.96568862    2.11846518    2.13283132    2.07768435    1.05542593    1.00574576    0.78042881    0.40804837    0.35021332    0.38640664    0.36838554    0.42925843    0.34905796    0.31092928    0.00000000    0.72459591    0.80243793
G8YTP8_PICSO/145-244     0.33676641    0.39422889    0.37210521    0.29107201    0.35149487    0.37833665    0.61422369    0.44773934    1.41296048    2.44682950    2.35639106    2.24356173    1.83686766    1.67482634    1.85054617    2.39182420    2.15061127    2.34818371    2.29070865    2.01494083    2.10092669    2.05012842    2.20932981    2.19379816    2.08329953    2.18102488    2.31208328    2.24950809    2.10466043    0.94214095    0.88521301    0.70835959    0.69398122    0.78180615    0.79593253    0.74034817    0.77117397    0.75424837    0.73187270    0.72459591    0.00000000    0.38706334
G3ALG9_SPAPN/136-236     0.32643229    0.36596046    0.43654965    0.40963570    0.41774249    0.42561433    0.69281862    0.53749666    1.30709660    2.46738612    2.36421733    2.38151294    1.86388967    1.52216060    2.12135535    2.66196098    2.46747857    2.67905798    2.53024415    2.30446296    2.28039094    2.15401521    2.27979686    2.27734068    2.31370418    2.43111459    2.59327826    2.55757850    2.42510682    1.12668118    1.02896126    0.74827363    0.77761942    0.90475545    0.82360306    0.82265812    0.91171186    0.81498346    0.84292635    0.80243793    0.38706334    0.00000000

