27
A6LGM9_PARD8/135-233     0.00000000    0.88438292    1.61550985    1.69701766    1.51666495    1.52090539    1.65573556    1.57114012    1.67486854    1.39270626    1.31879037    1.43275109    2.24294938    2.04179657    2.39134886    1.87964007    1.77751628    1.49482955    2.31435224    2.03230410    2.02750639    2.04471682    2.14695012    2.42895341    2.23745963    1.95893206    2.49547330
A6LEA4_PARD8/135-232     0.88438292    0.00000000    1.41978001    1.53937043    1.33995683    1.17992688    1.24052547    1.32590662    1.15548972    1.27547545    1.23866217    1.32375877    1.72918793    1.76697021    1.85114538    1.54150875    1.44595801    1.11720391    1.81738013    1.52047427    1.57745104    1.60698182    1.82548277    2.04320943    2.28449412    1.72162828    2.16230162
F0SCQ0_PSESL/137-235     1.61550985    1.41978001    0.00000000    0.85989479    1.01036671    1.41472354    1.25739484    1.18858693    1.04429114    1.19283241    1.35534399    1.11197561    2.04505714    2.01094765    2.03902321    1.43086325    1.60381515    1.12527184    2.06212138    1.43030607    1.42926139    1.49982287    1.58155364    2.13544999    1.82169009    1.76940480    2.06559559
J9QY98_RIEAN/132-230     1.69701766    1.53937043    0.85989479    0.00000000    0.30615318    1.42785009    1.09927336    1.23274438    1.08215397    1.10470066    1.20984154    1.09300797    1.70159224    1.50096951    1.79145854    1.52968302    1.66151680    1.13447069    1.76747603    1.47626707    1.66461315    1.50894469    1.83049367    1.75422149    2.36574454    1.86468881    1.92238968
I4A0F4_ORNRL/133-230     1.51666495    1.33995683    1.01036671    0.30615318    0.00000000    1.29017020    1.02087341    1.26506130    0.97002033    1.04497932    1.04857647    1.02109686    1.61156105    1.56227389    2.02131379    1.30971280    1.40110647    1.11377199    1.46121122    1.37854979    1.61010707    1.52550043    1.68331877    1.66094331    2.23637863    1.66261486    2.07272876
R7JQP7_9BACT/133-230     1.52090539    1.17992688    1.41472354    1.42785009    1.29017020    0.00000000    1.02716146    1.35973024    1.14977538    1.16024960    1.20718806    0.79203145    1.72653924    1.79044012    2.13661448    1.46444979    1.31281245    1.60186241    1.88680862    2.21272663    2.06336383    2.05931784    1.93135771    2.15221208    1.79706230    2.09927009    2.35350943
Q8ABV7_BACTN/133-231     1.65573556    1.24052547    1.25739484    1.09927336    1.02087341    1.02716146    0.00000000    0.88605603    0.56615312    0.58948669    0.49457900    0.59602989    2.00787335    1.73501398    2.26013392    1.41447533    1.45495615    1.25290859    2.21421887    1.96197594    2.32580183    1.92995805    1.98178582    2.33698173    2.30353762    2.39310363    2.56554338
R6FS28_9BACE/138-235     1.57114012    1.32590662    1.18858693    1.23274438    1.26506130    1.35973024    0.88605603    0.00000000    0.69395314    0.81912487    0.80300184    0.97621110    1.96220978    1.70396958    1.92407666    1.45639550    1.34053853    1.49943580    1.96631631    1.70470048    1.84779258    1.58921165    1.68677740    2.06874841    2.29816008    2.03070768    1.98065248
Q5L7Z0_BACFN/136-229     1.67486854    1.15548972    1.04429114    1.08215397    0.97002033    1.14977538    0.56615312    0.69395314    0.00000000    0.75460713    0.66650157    0.82839022    1.61410373    2.02212021    2.31040920    1.32942505    1.47022369    1.39271639    2.14376487    1.79771823    1.84805906    1.56039593    1.69795846    1.93205048    1.93195307    2.25638361    2.41914909
R5C4M7_9BACE/140-235     1.39270626    1.27547545    1.19283241    1.10470066    1.04497932    1.16024960    0.58948669    0.81912487    0.75460713    0.00000000    0.51660812    0.60940830    1.79791382    1.66262371    1.88816542    1.26807232    1.39233873    1.32126979    1.95821163    1.66563828    1.74733576    1.63301676    1.70451567    1.71583744    2.03663877    1.77060007    2.61794832
A6L2B2_BACV8/133-234     1.31879037    1.23866217    1.35534399    1.20984154    1.04857647    1.20718806    0.49457900    0.80300184    0.66650157    0.51660812    0.00000000    0.73217596    2.12456141    2.08222546    2.12611866    1.57280771    1.62595321    1.32328364    1.81117648    1.85693339    1.96055589    1.87646738    1.75956158    2.00825300    2.19756354    1.96373226    2.60608590
A6LBP9_PARD8/132-230     1.43275109    1.32375877    1.11197561    1.09300797    1.02109686    0.79203145    0.59602989    0.97621110    0.82839022    0.60940830    0.73217596    0.00000000    1.55800492    1.79882688    1.92124542    1.34536263    1.44173373    1.21642858    1.93006176    2.00816306    2.24588923    1.81762563    1.70732303    2.01079668    2.04553940    2.32779174    2.47179061
Q73P55_TREDE/129-227     2.24294938    1.72918793    2.04505714    1.70159224    1.61156105    1.72653924    2.00787335    1.96220978    1.61410373    1.79791382    2.12456141    1.55800492    0.00000000    0.88890402    2.03862702    1.83229001    1.60867690    2.05880566    1.62154336    1.54777745    1.60916536    1.47948729    2.00312664    2.16966678    2.99455508    2.07463637    1.96882075
F2NW27_TRES6/137-237     2.04179657    1.76697021    2.01094765    1.50096951    1.56227389    1.79044012    1.73501398    1.70396958    2.02212021    1.66262371    2.08222546    1.79882688    0.88890402    0.00000000    2.05060912    1.87803634    1.61270505    1.55729671    1.28728809    1.76561179    1.70863283    1.45316849    1.83759981    2.33518273    2.69461767    2.08638209    1.76666577
Q5LBU2_BACFN/10-111     2.39134886    1.85114538    2.03902321    1.79145854    2.02131379    2.13661448    2.26013392    1.92407666    2.31040920    1.88816542    2.12611866    1.92124542    2.03862702    2.05060912    0.00000000    1.70930205    1.56667525    1.84123684    2.41775878    2.20335570    2.28624792    2.16693125    2.44090627    2.45460807    3.02304034    2.62216661    2.29798615
R7JIE5_9BACT/136-235     1.87964007    1.54150875    1.43086325    1.52968302    1.30971280    1.46444979    1.41447533    1.45639550    1.32942505    1.26807232    1.57280771    1.34536263    1.83229001    1.87803634    1.70930205    0.00000000    1.06688957    1.31435727    1.81813680    1.51856956    1.55746394    1.51680444    1.90443518    2.27805855    2.57680229    2.20557073    1.98612384
F5YFL1_TREAZ/143-237     1.77751628    1.44595801    1.60381515    1.66151680    1.40110647    1.31281245    1.45495615    1.34053853    1.47022369    1.39233873    1.62595321    1.44173373    1.60867690    1.61270505    1.56667525    1.06688957    0.00000000    1.46366560    2.21456576    1.58766029    1.44141255    1.56068490    1.65592753    1.75784613    1.98231206    2.29238862    1.83631792
B3QWM9_CHLT3/130-225     1.49482955    1.11720391    1.12527184    1.13447069    1.11377199    1.60186241    1.25290859    1.49943580    1.39271639    1.32126979    1.32328364    1.21642858    2.05880566    1.55729671    1.84123684    1.31435727    1.46366560    0.00000000    1.21257673    1.00577927    1.05829415    1.14529819    1.57726619    2.16871076    1.94352170    2.23568999    2.26023171
S5ZUB4_9SPIO/30-125     2.31435224    1.81738013    2.06212138    1.76747603    1.46121122    1.88680862    2.21421887    1.96631631    2.14376487    1.95821163    1.81117648    1.93006176    1.62154336    1.28728809    2.41775878    1.81813680    2.21456576    1.21257673    0.00000000    0.87620519    0.90097667    0.90197272    1.80506435    1.95620793    2.42104084    1.87673497    1.83165062
Q73NA8_TREDE/130-231     2.03230410    1.52047427    1.43030607    1.47626707    1.37854979    2.21272663    1.96197594    1.70470048    1.79771823    1.66563828    1.85693339    2.00816306    1.54777745    1.76561179    2.20335570    1.51856956    1.58766029    1.00577927    0.87620519    0.00000000    0.23489757    0.26643165    1.70083031    1.95302246    2.00395357    1.79539830    1.90623061
Q73J42_TREDE/130-227     2.02750639    1.57745104    1.42926139    1.66461315    1.61010707    2.06336383    2.32580183    1.84779258    1.84805906    1.74733576    1.96055589    2.24588923    1.60916536    1.70863283    2.28624792    1.55746394    1.44141255    1.05829415    0.90097667    0.23489757    0.00000000    0.24013906    1.75356454    1.83849757    1.84037672    1.95168509    1.89865238
Q73KF9_TREDE/130-227     2.04471682    1.60698182    1.49982287    1.50894469    1.52550043    2.05931784    1.92995805    1.58921165    1.56039593    1.63301676    1.87646738    1.81762563    1.47948729    1.45316849    2.16693125    1.51680444    1.56068490    1.14529819    0.90197272    0.26643165    0.24013906    0.00000000    1.61160710    1.83801653    1.98327692    1.75599233    1.91469387
F2NTP9_TRES6/138-246     2.14695012    1.82548277    1.58155364    1.83049367    1.68331877    1.93135771    1.98178582    1.68677740    1.69795846    1.70451567    1.75956158    1.70732303    2.00312664    1.83759981    2.44090627    1.90443518    1.65592753    1.57726619    1.80506435    1.70083031    1.75356454    1.61160710    0.00000000    1.46923237    1.89917119    1.83344173    2.33863145
F2NUG6_TRES6/141-248     2.42895341    2.04320943    2.13544999    1.75422149    1.66094331    2.15221208    2.33698173    2.06874841    1.93205048    1.71583744    2.00825300    2.01079668    2.16966678    2.33518273    2.45460807    2.27805855    1.75784613    2.16871076    1.95620793    1.95302246    1.83849757    1.83801653    1.46923237    0.00000000    1.32455732    1.33657788    1.82227329
F2NS65_TRES6/137-243     2.23745963    2.28449412    1.82169009    2.36574454    2.23637863    1.79706230    2.30353762    2.29816008    1.93195307    2.03663877    2.19756354    2.04553940    2.99455508    2.69461767    3.02304034    2.57680229    1.98231206    1.94352170    2.42104084    2.00395357    1.84037672    1.98327692    1.89917119    1.32455732    0.00000000    1.88725708    1.88973565
F2NRN6_TRES6/139-244     1.95893206    1.72162828    1.76940480    1.86468881    1.66261486    2.09927009    2.39310363    2.03070768    2.25638361    1.77060007    1.96373226    2.32779174    2.07463637    2.08638209    2.62216661    2.20557073    2.29238862    2.23568999    1.87673497    1.79539830    1.95168509    1.75599233    1.83344173    1.33657788    1.88725708    0.00000000    1.55008641
F2NUL9_TRES6/142-249     2.49547330    2.16230162    2.06559559    1.92238968    2.07272876    2.35350943    2.56554338    1.98065248    2.41914909    2.61794832    2.60608590    2.47179061    1.96882075    1.76666577    2.29798615    1.98612384    1.83631792    2.26023171    1.83165062    1.90623061    1.89865238    1.91469387    2.33863145    1.82227329    1.88973565    1.55008641    0.00000000

