15
A8FBK0_BACP2/1-62     0.00000000    0.78241747    0.73398527    1.14400984    0.94909603    0.85968726    1.46095619    1.28246867    1.08247870    1.15790797    1.03583354    0.89583525    0.66863202    0.83379934    1.25498050
YHZD_BACSU/1-61     0.78241747    0.00000000    0.67453672    1.14954383    0.98581046    0.94029176    1.50078725    0.71897637    1.09390566    0.62137666    0.79018919    0.84633948    0.72755514    0.93783314    1.07765026
Q65LU1_BACLD/1-60     0.73398527    0.67453672    0.00000000    1.01042095    1.04741815    0.94570356    1.08712728    0.80889458    1.01703420    0.94018791    0.78848044    0.70665428    0.71789114    0.95233168    0.88392878
Q5WHU9_BACSK/1-59     1.14400984    1.14954383    1.01042095    0.00000000    1.07782554    1.40758152    1.33463597    1.10776909    1.02764812    1.15363152    0.93006477    0.73455145    0.94333969    1.00198419    1.61102673
I0JK78_HALH3/1-61     0.94909603    0.98581046    1.04741815    1.07782554    0.00000000    0.57190900    1.17617506    0.75317606    0.65428426    1.03883290    0.73034262    0.69415385    0.87071796    0.97060538    1.45141980
Q8CUH0_OCEIH/1-61     0.85968726    0.94029176    0.94570356    1.40758152    0.57190900    0.00000000    1.53979222    0.61401165    0.73873760    0.91232855    0.69188128    0.58500443    0.64579542    0.98698177    1.23354071
C4L3M3_EXISA/1-60     1.46095619    1.50078725    1.08712728    1.33463597    1.17617506    1.53979222    0.00000000    1.20574126    1.23653349    1.55853276    1.10629614    1.16857946    1.40299176    1.59752030    1.29327888
G2TPZ9_BACCO/1-61     1.28246867    0.71897637    0.80889458    1.10776909    0.75317606    0.61401165    1.20574126    0.00000000    0.52981436    0.56749452    0.52921328    0.57834698    0.65660345    1.08909543    1.43108164
U5L9J6_9BACI/1-60     1.08247870    1.09390566    1.01703420    1.02764812    0.65428426    0.73873760    1.23653349    0.52981436    0.00000000    0.61365765    0.60214375    0.52719657    0.87272629    0.90732975    1.41440084
N0AML0_9BACI/1-60     1.15790797    0.62137666    0.94018791    1.15363152    1.03883290    0.91232855    1.55853276    0.56749452    0.61365765    0.00000000    0.55539096    0.53163278    0.89199047    1.10294649    1.38265824
Q5L2A2_GEOKA/1-61     1.03583354    0.79018919    0.78848044    0.93006477    0.73034262    0.69188128    1.10629614    0.52921328    0.60214375    0.55539096    0.00000000    0.33866078    0.60974122    0.91487446    1.19046559
B7GF11_ANOFW/1-61     0.89583525    0.84633948    0.70665428    0.73455145    0.69415385    0.58500443    1.16857946    0.57834698    0.52719657    0.53163278    0.33866078    0.00000000    0.59281117    0.82903021    1.28876472
Q9KDP9_BACHD/1-59     0.66863202    0.72755514    0.71789114    0.94333969    0.87071796    0.64579542    1.40299176    0.65660345    0.87272629    0.89199047    0.60974122    0.59281117    0.00000000    0.66203461    1.08771067
D3FVC7_ALKPO/1-60     0.83379934    0.93783314    0.95233168    1.00198419    0.97060538    0.98698177    1.59752030    1.08909543    0.90732975    1.10294649    0.91487446    0.82903021    0.66203461    0.00000000    0.95128745
D6XX21_BACIE/1-60     1.25498050    1.07765026    0.88392878    1.61102673    1.45141980    1.23354071    1.29327888    1.43108164    1.41440084    1.38265824    1.19046559    1.28876472    1.08771067    0.95128745    0.00000000

