21
C3YJ93_BRAFL/546-776     0.00000000    2.27881313    2.58402953    2.78473773    2.57557016    2.90986314    2.72009797    2.80671229    3.00464106    2.45741471    1.13533729    1.21767335    1.05705184    1.11290581    1.19288355    1.08982705    1.09752029    1.14824426    1.08958219    1.26909835    1.12424003
D6WCF1_TRICA/805-1020     2.27881313    0.00000000    1.86410032    2.15709298    2.34722400    2.13537781    2.12210309    2.30069170    2.41953560    2.05682576    2.20341339    2.20758794    2.02663873    2.03221479    2.17561550    2.23755019    2.33271202    2.23940903    2.16951213    2.18312397    2.25526387
T1HAE3_RHOPR/767-983     2.58402953    1.86410032    0.00000000    2.58450020    2.87037812    2.78878559    2.74082028    2.87486392    3.06703173    2.17959495    3.11051272    2.65861760    2.55608032    2.63048367    2.87736424    2.83170786    2.81600816    2.74096642    2.76069822    2.90636668    2.67260322
A0A7M7G5Y1_NASVI/815-1031     2.78473773    2.15709298    2.58450020    0.00000000    2.44551603    2.28600988    2.24520177    2.51366729    2.47356807    1.94623252    3.34017244    3.12956562    2.89091806    2.97365140    3.11457036    2.75564726    2.81982463    2.60585725    2.68401243    2.92836110    2.93366029
W5J4J4_ANODA/816-1029     2.57557016    2.34722400    2.87037812    2.44551603    0.00000000    1.46326414    1.51349233    1.60596474    1.53644626    2.47774305    2.62212691    2.78868227    2.49263043    2.79028398    2.64329686    2.77801487    2.80923787    2.70088920    2.52532206    2.60534623    2.50107100
B3MIA2_DROAN/817-1034     2.90986314    2.13537781    2.78878559    2.28600988    1.46326414    0.00000000    0.29796299    0.51385314    0.46999459    2.50264048    2.61530482    2.77248931    2.68137018    2.74011568    2.75100026    2.69273090    2.59588403    2.83346762    2.59449113    2.72067419    2.65262460
A1Z7L1_DROME/811-1030     2.72009797    2.12210309    2.74082028    2.24520177    1.51349233    0.29796299    0.00000000    0.51762517    0.48193739    2.30555473    2.46895882    2.69015921    2.51459835    2.68064832    2.56153028    2.69518928    2.63204315    2.67407237    2.50234219    2.60609660    2.52393352
B4KT67_DROMO/813-1025     2.80671229    2.30069170    2.87486392    2.51366729    1.60596474    0.51385314    0.51762517    0.00000000    0.50342886    2.44723582    2.57834950    2.72119094    2.59953328    2.58376925    2.48129649    2.67117118    2.66673777    2.53558624    2.62553606    2.70237589    2.58482715
B4MPL1_DROWI/764-978     3.00464106    2.41953560    3.06703173    2.47356807    1.53644626    0.46999459    0.48193739    0.50342886    0.00000000    2.76781546    2.91154881    3.05413789    2.96392125    2.97476483    2.75931380    3.03912610    3.01094041    3.00174815    2.88930117    2.89175166    2.84282436
E0VMQ8_PEDHC/789-1006     2.45741471    2.05682576    2.17959495    1.94623252    2.47774305    2.50264048    2.30555473    2.44723582    2.76781546    0.00000000    3.03308714    2.69475594    2.55984959    2.52814732    2.59518991    2.61907901    2.77678406    2.68145826    2.48670607    2.47659664    2.40166630
I3KBD2_ORENI/807-1029     1.13533729    2.20341339    3.11051272    3.34017244    2.62212691    2.61530482    2.46895882    2.57834950    2.91154881    3.03308714    0.00000000    0.42125760    0.33884196    0.46609503    0.51712226    0.53959565    0.59055992    0.52355190    0.57283396    0.60959717    0.56815524
W5LDK4_ASTMX/807-1033     1.21767335    2.20758794    2.65861760    3.12956562    2.78868227    2.77248931    2.69015921    2.72119094    3.05413789    2.69475594    0.42125760    0.00000000    0.23050294    0.36536275    0.41228679    0.43644276    0.48517880    0.42029771    0.47559798    0.45477076    0.43264150
F1R3B9_DANRE/808-1032     1.05705184    2.02663873    2.55608032    2.89091806    2.49263043    2.68137018    2.51459835    2.59953328    2.96392125    2.55984959    0.33884196    0.23050294    0.00000000    0.34926618    0.42901281    0.42508493    0.54295169    0.45661555    0.52553177    0.50304919    0.51056860
W5NBC0_LEPOC/804-1030     1.11290581    2.03221479    2.63048367    2.97365140    2.79028398    2.74011568    2.68064832    2.58376925    2.97476483    2.52814732    0.46609503    0.36536275    0.34926618    0.00000000    0.35094588    0.42278122    0.43857241    0.37542260    0.38770884    0.45061455    0.42498585
H3BEB6_LATCH/813-1041     1.19288355    2.17561550    2.87736424    3.11457036    2.64329686    2.75100026    2.56153028    2.48129649    2.75931380    2.59518991    0.51712226    0.41228679    0.42901281    0.35094588    0.00000000    0.40186428    0.41750635    0.33748810    0.37821410    0.43338014    0.40970049
F6U1I1_XENTR/809-1036     1.08982705    2.23755019    2.83170786    2.75564726    2.77801487    2.69273090    2.69518928    2.67117118    3.03912610    2.61907901    0.53959565    0.43644276    0.42508493    0.42278122    0.40186428    0.00000000    0.38558449    0.36018324    0.35907184    0.42622105    0.38754556
H9G4R5_ANOCA/810-1035     1.09752029    2.33271202    2.81600816    2.81982463    2.80923787    2.59588403    2.63204315    2.66673777    3.01094041    2.77678406    0.59055992    0.48517880    0.54295169    0.43857241    0.41750635    0.38558449    0.00000000    0.24919056    0.32473750    0.41133785    0.38973124
F1P1Z1_CHICK/808-1032     1.14824426    2.23940903    2.74096642    2.60585725    2.70088920    2.83346762    2.67407237    2.53558624    3.00174815    2.68145826    0.52355190    0.42029771    0.45661555    0.37542260    0.33748810    0.36018324    0.24919056    0.00000000    0.26611516    0.32000588    0.31201403
F6R898_MONDO/804-1029     1.08958219    2.16951213    2.76069822    2.68401243    2.52532206    2.59449113    2.50234219    2.62553606    2.88930117    2.48670607    0.57283396    0.47559798    0.52553177    0.38770884    0.37821410    0.35907184    0.32473750    0.26611516    0.00000000    0.25600818    0.26523868
G1M2X5_AILME/800-1025     1.26909835    2.18312397    2.90636668    2.92836110    2.60534623    2.72067419    2.60609660    2.70237589    2.89175166    2.47659664    0.60959717    0.45477076    0.50304919    0.45061455    0.43338014    0.42622105    0.41133785    0.32000588    0.25600818    0.00000000    0.28528539
F7F784_ORNAN/801-1026     1.12424003    2.25526387    2.67260322    2.93366029    2.50107100    2.65262460    2.52393352    2.58482715    2.84282436    2.40166630    0.56815524    0.43264150    0.51056860    0.42498585    0.40970049    0.38754556    0.38973124    0.31201403    0.26523868    0.28528539    0.00000000

