54
D9QVG2_ACEAZ/47-122     0.00000000    1.12140144    1.34890120    1.23291662    1.31062737    1.13976246    1.21837419    1.34370731    1.14525754    1.10322390    1.26870603    1.11607132    1.55948405    1.53272789    1.91651590    1.75210816    1.21200153    1.16451044    0.97872638    1.23316919    1.13878110    1.21070113    1.23324708    0.87990168    1.72841120    1.58689524    1.31496815    1.60166289    1.47525013    1.64329990    1.54336328    1.44641388    1.59123555    1.05306426    1.00116082    1.03180037    1.22335166    0.95700504    1.43954884    1.33818331    2.08523247    1.94044626    2.04467059    3.04769268    2.16618551    2.22476193    0.80614827    2.03304583    1.40174544    1.49525730    1.51313339    1.57014049    1.50274277    1.16924904
E6SK86_THEM7/45-122     1.12140144    0.00000000    0.84188246    0.77564991    1.16266320    0.85059051    0.77088053    0.88779667    0.79948357    0.91937495    0.87827238    0.82637413    0.84284158    1.34664979    1.45888035    1.33189117    1.02236573    1.08307673    0.96308161    1.07243823    0.81893073    1.14448584    0.92137592    1.02117030    1.68120209    1.67516746    1.56206667    1.62225456    1.29050700    1.54049360    1.40428812    1.30968131    1.80824129    0.85555757    1.08068459    0.99953346    1.06824522    1.03642255    1.25615410    1.53102884    2.42127318    1.66984465    1.68691640    2.50571542    2.10301936    2.13209804    0.89256662    2.41056851    1.44127337    1.53212316    1.31376640    1.27150856    1.55144116    1.19173069
U5QDT0_9CYAN/4-85     1.34890120    0.84188246    0.00000000    0.97737419    1.18550358    0.92499054    1.04725258    1.08157003    1.04689634    1.10803305    1.01420199    1.18906024    0.97437845    1.54697983    1.66757900    1.64294712    1.05680143    0.99800247    0.91107951    1.00244368    1.01559437    0.98021976    0.88930092    1.43326112    1.82017356    1.75972467    1.59172675    1.83608889    1.60474456    1.63314173    1.56824124    1.52884908    2.05433017    1.24716390    1.23342327    1.48895989    1.49266365    1.26424696    1.28317497    1.59887718    2.63198285    1.91799127    2.05851384    2.79969637    2.41550539    1.97281559    1.02465045    2.13008274    1.72387191    1.87450989    1.48405794    1.87347268    1.99785252    1.34736476
C5C6H7_BEUC1/8-89     1.23291662    0.77564991    0.97737419    0.00000000    1.07692300    0.62375473    0.89703510    0.85168640    0.75038360    0.79549406    0.74059088    0.92430568    0.89272305    1.14343384    1.41738251    1.40778605    0.92471628    0.87912949    0.81822309    1.01483691    0.84823038    0.98701483    1.04289689    0.94558176    1.47400529    1.61171176    1.46784526    1.48719459    1.18573352    1.35065720    1.38907510    1.27507035    1.53095559    0.99769923    1.20651577    1.32962850    1.24308358    1.20037150    1.39295733    1.61751709    2.69359534    1.81651156    1.75932388    2.17737750    1.85811256    2.04252398    0.87118468    1.68428281    1.77665265    1.76532596    1.72101365    1.37958834    1.61987377    1.34627764
B0C276_ACAM1/17-98     1.31062737    1.16266320    1.18550358    1.07692300    0.00000000    0.68744437    0.84250779    0.97608884    0.88033637    1.00835817    1.14130118    1.09007911    1.23677271    1.52060100    1.55829721    1.49388468    1.04393866    0.98011263    1.17129124    1.27495853    1.43173744    1.45644817    1.31232832    1.06964964    1.51286256    1.53744753    1.86353538    1.66870077    1.76570379    1.62963136    1.66392616    1.82950857    2.06761833    1.16445649    1.39026217    1.38919685    1.42400467    1.40415299    1.45883580    1.57986059    2.69838219    2.40648989    2.09604734    2.72875293    2.22924282    2.34286808    1.21282851    2.64243702    1.76858563    2.40876782    1.75006427    1.91716470    1.88754948    1.68729352
K9SIB9_9CYAN/40-121     1.13976246    0.85059051    0.92499054    0.62375473    0.68744437    0.00000000    0.51052989    0.47554300    0.50620535    0.57491826    1.03302073    0.87004411    0.88854759    1.15365035    1.41024525    1.40400216    0.89705708    0.89612926    0.87062965    1.09393762    0.93047319    1.03106605    0.98162971    1.13449718    1.33662825    1.53826459    1.61611680    1.40908001    1.58174310    1.65776091    1.46081440    1.47246860    1.64079924    1.01859775    1.31926526    1.26454212    1.27053388    1.19870721    1.45715666    1.58421274    2.53642662    2.17464188    2.02427183    2.86163777    2.39014849    2.31714390    1.04621491    2.06850264    1.70795151    1.78899837    1.57464419    1.48514620    1.50575167    1.38744942
K9TSB6_9CYAN/30-111     1.21837419    0.77088053    1.04725258    0.89703510    0.84250779    0.51052989    0.00000000    0.34870349    0.38517888    0.43434691    1.19950069    1.22258236    1.35890340    1.40413581    1.72655601    1.61071762    1.35792013    1.30422074    1.11263591    1.31138897    1.12225312    1.26669126    1.14402091    1.30595303    1.53010706    1.48978824    1.63761834    1.77684577    1.75916822    1.82989623    1.70886380    1.62231234    1.63294044    1.05465676    1.31381558    1.37248617    1.31351407    1.28825726    1.27509690    1.37004750    2.47902784    1.97807061    1.98580823    2.70226838    2.14878529    2.04558708    1.03027371    2.18748659    1.55798336    1.70538899    1.43461079    1.55206372    1.53634943    1.16583656
K9WHA7_9CYAN/124-205     1.34370731    0.88779667    1.08157003    0.85168640    0.97608884    0.47554300    0.34870349    0.00000000    0.31044633    0.30875030    1.19120718    1.22598316    1.19044355    1.22456227    1.84432527    1.48831666    1.13686965    1.12255802    0.98940962    1.00542534    1.14089782    1.30514459    1.18828046    1.18652598    1.28529637    1.24918011    1.37083801    1.58778636    1.46380738    1.51911250    1.39398386    1.35493306    1.34207374    0.90987772    1.53390524    1.54603588    1.38292155    1.38722928    1.40243310    1.51313275    2.47922542    1.86567193    1.81596237    2.24533616    2.03112616    1.86261254    0.96815555    2.27417052    1.49108124    1.68101397    1.57715298    1.57888480    1.70539354    1.30445813
B8HNY3_CYAP4/26-107     1.14525754    0.79948357    1.04689634    0.75038360    0.88033637    0.50620535    0.38517888    0.31044633    0.00000000    0.24398745    1.04674985    1.05393784    1.24805463    1.44967320    1.64347436    1.57719061    1.18026371    1.05878249    1.14708425    1.06446228    1.07725527    1.29894555    1.19810846    1.28335346    1.40191240    1.16641530    1.53050638    1.62564476    1.49595863    1.50113534    1.39362687    1.47239082    1.47708677    0.90891955    1.31836722    1.33530765    1.40178048    1.46410104    1.30342429    1.27552017    2.45959375    1.97630264    1.98572201    2.29645861    2.14592065    2.19441957    0.92215550    2.05738166    1.31701086    1.69985880    1.57105434    1.45505160    1.59832642    1.24221684
K9ULP8_CHAP6/29-110     1.10322390    0.91937495    1.10803305    0.79549406    1.00835817    0.57491826    0.43434691    0.30875030    0.24398745    0.00000000    1.19269965    1.02026761    1.28938802    1.34773770    1.84480927    1.57396835    1.06743241    0.95497870    1.02220886    1.13997043    1.14551604    1.36908794    1.13631819    1.12028789    1.54582037    1.42609378    1.41157919    1.48722328    1.45384333    1.54348108    1.50396747    1.42515308    1.47180521    0.86548515    1.34721988    1.40446822    1.29418949    1.27449897    1.44043630    1.44982521    2.38171616    2.01118582    2.16587844    2.67278808    2.37487596    2.25596927    1.02480978    2.06679851    1.58028170    1.89865961    1.64667499    1.56565515    1.72989711    1.18069359
K7RQD4_ACIA4/14-94     1.26870603    0.87827238    1.01420199    0.74059088    1.14130118    1.03302073    1.19950069    1.19120718    1.04674985    1.19269965    0.00000000    0.80671692    0.91252384    1.21368895    1.46084921    1.25893202    0.97273640    0.95683400    0.93271348    0.83139690    0.84875971    0.98277283    0.83792752    1.11396727    1.42765496    1.36662475    1.62796188    1.41962834    1.21291785    1.23609266    1.26486264    1.27108347    1.60465568    1.07552279    1.15510009    1.33971586    1.17595975    1.08435786    1.43221831    1.84927220    2.42936099    1.86924523    1.77042176    2.64468635    1.68619343    2.05066256    0.91637186    2.12332053    1.74146477    1.95296819    1.59055933    1.51936201    1.85352821    1.42295713
H9UM44_SPIAZ/2-82     1.11607132    0.82637413    1.18906024    0.92430568    1.09007911    0.87004411    1.22258236    1.22598316    1.05393784    1.02026761    0.80671692    0.00000000    0.84124474    1.23628215    1.10346555    1.00835255    0.83351713    0.91112526    0.92179071    1.02849785    1.15112617    1.14399431    1.00224192    0.82177703    1.50808428    1.52052457    1.74863610    1.42824398    1.38192675    1.53086732    1.56130378    1.51523719    1.84569906    1.35044941    1.26585703    1.32486346    1.18435614    1.14808083    1.55316277    1.53025915    2.33029025    2.38305485    2.30180393    3.25103812    1.98446105    2.42202166    0.89192150    2.44698302    1.68346321    1.73678195    1.50711508    1.58484272    1.53223096    1.22222054
V4LDD3_9GAMM/8-88     1.55948405    0.84284158    0.97437845    0.89272305    1.23677271    0.88854759    1.35890340    1.19044355    1.24805463    1.28938802    0.91252384    0.84124474    0.00000000    1.27641125    1.13292610    0.95377928    0.75760882    0.74650504    0.86180852    0.81296957    0.91415543    0.99386182    0.85144886    1.26162531    1.56906569    1.62033710    1.78429883    1.58006707    1.59765293    1.59874058    1.42268374    1.43498860    1.91388544    1.23359778    1.34718100    1.37796724    1.22363311    1.07273468    1.38408997    1.84828989    2.82724648    2.07377875    1.96112051    2.79674389    2.21910205    2.22364103    1.23418015    2.70495303    1.94255602    2.15940082    1.67188722    1.89164303    2.04029808    1.66151245
D3RTT4_ALLVD/7-87     1.53272789    1.34664979    1.54697983    1.14343384    1.52060100    1.15365035    1.40413581    1.22456227    1.44967320    1.34773770    1.21368895    1.23628215    1.27641125    0.00000000    1.12812164    0.94055409    0.72465133    0.86009952    1.16743837    1.30579217    1.28901474    1.35497893    1.36824858    1.43461089    1.53536626    1.49752071    1.65709463    1.38675347    1.42258595    1.60002612    1.71892698    1.61458707    1.75729236    1.36713722    1.55789545    1.61845633    1.53131682    1.33195229    1.56060597    1.94510144    2.32428121    2.06062260    1.86340370    2.41528741    1.97814909    1.94502017    1.19026354    2.55420276    1.85367096    1.99673162    2.29551529    1.75691868    2.09765371    1.48402720
Q3JBF2_NITOC/15-91     1.91651590    1.45888035    1.66757900    1.41738251    1.55829721    1.41024525    1.72655601    1.84432527    1.64347436    1.84480927    1.46084921    1.10346555    1.13292610    1.12812164    0.00000000    0.24955787    1.09009275    1.29581163    1.34639196    1.38493265    1.50531800    1.42186283    1.42334803    1.64325855    1.32421575    1.49905594    1.95502124    1.48369041    1.52778040    1.57167645    1.38976394    1.48906583    1.61038786    1.62298636    1.56075740    1.62837396    1.71204401    1.54593974    1.66245402    1.91010147    2.61402538    2.49192570    2.29497171    3.06737060    2.14171913    2.01675652    1.33417853    2.68463842    2.21571858    2.18166681    1.72981115    1.74298184    1.96400359    1.57400282
D5BZ90_NITHN/14-91     1.75210816    1.33189117    1.64294712    1.40778605    1.49388468    1.40400216    1.61071762    1.48831666    1.57719061    1.57396835    1.25893202    1.00835255    0.95377928    0.94055409    0.24955787    0.00000000    0.99122784    1.10224504    1.09481561    1.11820186    1.33334334    1.26129901    1.16831423    1.41875698    1.39956404    1.51306444    1.93269426    1.44374592    1.45500865    1.48109114    1.28676457    1.44423697    1.68656360    1.46800848    1.57838473    1.53972016    1.41708509    1.27931034    1.54836420    1.88923867    2.53569900    2.51561300    2.08405145    3.07559696    2.05180561    1.92471674    1.25217446    2.85924248    1.95575086    1.95470848    1.71013188    1.65575192    1.86501104    1.51197899
I3Y9V4_THIV6/7-87     1.21200153    1.02236573    1.05680143    0.92471628    1.04393866    0.89705708    1.35792013    1.13686965    1.18026371    1.06743241    0.97273640    0.83351713    0.75760882    0.72465133    1.09009275    0.99122784    0.00000000    0.36069778    0.75968438    0.97120040    0.91364696    0.99705789    0.94568883    0.91994825    1.57672455    1.64338988    1.54342152    1.28894277    1.48064981    1.46256853    1.46408778    1.37791836    1.77125992    1.17029936    1.45517704    1.38993492    1.32261794    1.14193952    1.39914096    1.63543830    2.27978844    1.78608415    2.04458567    2.27255239    1.72348380    2.10362587    1.08990675    2.19991428    1.79394810    2.08409389    2.10875826    1.73912697    1.99645153    1.30678349
W0E245_MARPU/8-87     1.16451044    1.08307673    0.99800247    0.87912949    0.98011263    0.89612926    1.30422074    1.12255802    1.05878249    0.95497870    0.95683400    0.91112526    0.74650504    0.86009952    1.29581163    1.10224504    0.36069778    0.00000000    0.79979117    1.02338260    1.15944605    1.13346774    1.01618749    1.05562156    1.49989524    1.65313321    1.39276890    1.38859733    1.46556734    1.35069410    1.42842824    1.33028646    2.03605308    1.14920720    1.39021421    1.56926988    1.39562092    1.27613666    1.49273240    1.63494199    2.34255000    2.25495226    2.28033590    2.64140867    2.02813030    2.29151324    1.14338258    2.36064650    2.16891511    2.13672327    2.18437944    1.86761846    2.17468283    1.53910678
V5WJZ4_9SPIO/5-85     0.97872638    0.96308161    0.91107951    0.81822309    1.17129124    0.87062965    1.11263591    0.98940962    1.14708425    1.02220886    0.93271348    0.92179071    0.86180852    1.16743837    1.34639196    1.09481561    0.75968438    0.79979117    0.00000000    0.75323159    0.80792401    0.95853263    0.96921498    0.88803405    1.46850222    1.73177402    1.30398971    1.25740927    1.39865344    1.63436907    1.37936731    1.36442101    1.76811076    1.13914916    1.25923186    1.14870534    1.22291728    1.04035805    1.41963658    1.83362753    2.64690197    1.95147736    2.11180194    2.81236904    2.29402644    2.59575674    0.86060748    1.81760258    1.84925156    1.87212082    1.61031625    1.59158124    1.57298745    1.26246812
G4R8S5_PELHB/9-90     1.23316919    1.07243823    1.00244368    1.01483691    1.27495853    1.09393762    1.31138897    1.00542534    1.06446228    1.13997043    0.83139690    1.02849785    0.81296957    1.30579217    1.38493265    1.11820186    0.97120040    1.02338260    0.75323159    0.00000000    0.72096997    0.74696413    0.75037629    1.08505121    1.53360831    1.54071526    1.74745717    1.72800225    1.37372219    1.54755844    1.21856749    1.53114810    1.73212032    0.85150336    1.16452556    1.20502271    1.18210693    1.07527562    1.46989637    1.88317852    2.67507689    2.43428231    2.06747725    2.92617729    2.32864642    2.83153709    0.89055980    2.53553437    1.68892761    1.68472542    1.61780488    1.56842465    1.77397820    1.70164242
D7BHR3_MEISD/19-100     1.13878110    0.81893073    1.01559437    0.84823038    1.43173744    0.93047319    1.12225312    1.14089782    1.07725527    1.14551604    0.84875971    1.15112617    0.91415543    1.28901474    1.50531800    1.33334334    0.91364696    1.15944605    0.80792401    0.72096997    0.00000000    0.49060706    0.53350110    1.26508819    1.77518894    1.71069494    2.07074832    1.80828500    1.65456315    1.78767200    1.55850566    1.58908432    1.79624522    1.14966073    1.25521042    1.09841737    1.15492861    1.22273397    1.54031248    1.70013095    2.97207184    1.89472524    2.08551373    3.03568170    2.12908344    2.59889648    1.15490457    2.29924663    1.55029049    1.59880102    1.77026592    1.67381151    1.86019187    1.56861775
D7CQC6_TRURR/51-131     1.21070113    1.14448584    0.98021976    0.98701483    1.45644817    1.03106605    1.26669126    1.30514459    1.29894555    1.36908794    0.98277283    1.14399431    0.99386182    1.35497893    1.42186283    1.26129901    0.99705789    1.13346774    0.95853263    0.74696413    0.49060706    0.00000000    0.33086926    1.34012584    1.95555333    1.78370141    2.12674188    1.90023035    1.73292378    1.93779103    1.47055719    1.63693462    2.12793977    1.35094507    1.43376807    1.45254197    1.23968421    1.26511226    1.55355661    1.58875730    2.51742134    2.25202747    2.26484728    3.12194494    2.33848016    2.65254284    1.23454387    1.96154605    1.68461877    1.86310839    1.57591272    1.55203969    1.62652072    1.63392593
D7CXJ8_TRURR/39-120     1.23324708    0.92137592    0.88930092    1.04289689    1.31232832    0.98162971    1.14402091    1.18828046    1.19810846    1.13631819    0.83792752    1.00224192    0.85144886    1.36824858    1.42334803    1.16831423    0.94568883    1.01618749    0.96921498    0.75037629    0.53350110    0.33086926    0.00000000    1.29345241    1.86219640    1.52282692    2.02764891    1.72374663    1.58845410    1.74622886    1.51878834    1.58032041    2.14785423    1.35232540    1.32011689    1.41558198    1.18462237    1.22436989    1.35850599    1.51335465    2.62597661    2.16591563    2.14409891    3.02627484    2.33834170    2.48557680    1.15794602    2.16356432    1.71505280    1.67707046    1.67513434    1.76507032    1.95932503    1.60541173
Q8RB47_CALS4/45-121     0.87990168    1.02117030    1.43326112    0.94558176    1.06964964    1.13449718    1.30595303    1.18652598    1.28335346    1.12028789    1.11396727    0.82177703    1.26162531    1.43461089    1.64325855    1.41875698    0.91994825    1.05562156    0.88803405    1.08505121    1.26508819    1.34012584    1.29345241    0.00000000    1.21637257    1.18236082    1.10965334    1.25881539    1.00379305    1.14220829    1.20766264    1.16059892    1.25296744    0.92320530    1.10832012    0.92272983    0.94399888    0.87736803    1.19559698    1.40495044    2.10701388    1.76368045    1.69392858    2.28119132    1.79334776    1.82109625    0.85048449    1.86442482    1.32746686    1.30815506    1.21457447    1.51490592    1.34917714    1.05129228
Q8XIV0_CLOPE/53-132     1.72841120    1.68120209    1.82017356    1.47400529    1.51286256    1.33662825    1.53010706    1.28529637    1.40191240    1.54582037    1.42765496    1.50808428    1.56906569    1.53536626    1.32421575    1.39956404    1.57672455    1.49989524    1.46850222    1.53360831    1.77518894    1.95555333    1.86219640    1.21637257    0.00000000    0.65366115    0.78356684    1.09609555    0.95223952    1.04896773    0.91612526    0.93114102    1.03671194    1.33273898    1.53038454    1.26955962    1.19958343    1.47356445    1.61286756    1.68159509    2.41747880    2.46215440    2.34095487    3.05381711    2.72697551    2.59330720    1.22215743    2.78392793    1.56537488    2.02766574    1.61252390    1.89953939    1.61105113    1.64767246
U5MMS8_CLOSA/56-134     1.58689524    1.67516746    1.75972467    1.61171176    1.53744753    1.53826459    1.48978824    1.24918011    1.16641530    1.42609378    1.36662475    1.52052457    1.62033710    1.49752071    1.49905594    1.51306444    1.64338988    1.65313321    1.73177402    1.54071526    1.71069494    1.78370141    1.52282692    1.18236082    0.65366115    0.00000000    0.77965628    1.11323309    0.95714299    1.03513939    1.00763862    0.93238727    0.98660916    1.38421594    1.50031228    1.61242561    1.48617620    1.50191807    1.66819661    1.78317939    2.22295824    2.47888374    2.62113959    3.20244708    2.20859746    2.37575387    1.11215525    2.97007245    1.65816618    1.96026136    1.68217280    2.05436768    2.04391398    1.47844881
A5I624_CLOBH/44-124     1.31496815    1.56206667    1.59172675    1.46784526    1.86353538    1.61611680    1.63761834    1.37083801    1.53050638    1.41157919    1.62796188    1.74863610    1.78429883    1.65709463    1.95502124    1.93269426    1.54342152    1.39276890    1.30398971    1.74745717    2.07074832    2.12674188    2.02764891    1.10965334    0.78356684    0.77965628    0.00000000    0.74877382    0.60457066    0.70370091    0.72829649    0.67847652    0.76520085    1.27523611    1.21630692    1.40770141    1.18624934    1.26169346    1.37549625    1.82332521    2.12779535    1.74269597    1.96383544    2.29117711    2.26251069    2.04887233    1.27589714    2.56691071    2.00281090    1.96114973    1.61494170    1.97303845    1.64709343    1.38811970
Q892S4_CLOTE/45-124     1.60166289    1.62225456    1.83608889    1.48719459    1.66870077    1.40908001    1.77684577    1.58778636    1.62564476    1.48722328    1.41962834    1.42824398    1.58006707    1.38675347    1.48369041    1.44374592    1.28894277    1.38859733    1.25740927    1.72800225    1.80828500    1.90023035    1.72374663    1.25881539    1.09609555    1.11323309    0.74877382    0.00000000    0.66114506    0.74805080    0.85255227    0.79930832    0.86499714    1.44839940    1.33949138    1.50330740    1.51005228    1.44235584    1.70042915    2.27041806    2.58090205    1.77905916    2.22594297    2.79812462    2.54552296    2.09856768    1.38914720    2.70628958    2.46821882    2.22240983    2.28162547    2.27231597    2.30303401    1.55509718
A5N6N8_CLOK5/45-124     1.47525013    1.29050700    1.60474456    1.18573352    1.76570379    1.58174310    1.75916822    1.46380738    1.49595863    1.45384333    1.21291785    1.38192675    1.59765293    1.42258595    1.52778040    1.45500865    1.48064981    1.46556734    1.39865344    1.37372219    1.65456315    1.73292378    1.58845410    1.00379305    0.95223952    0.95714299    0.60457066    0.66114506    0.00000000    0.26310304    0.49501426    0.65010326    0.45672889    1.12693144    1.00853329    1.31193667    1.28636048    1.25399802    1.41228132    1.80774306    2.30440893    2.10664876    2.05323172    2.59714287    2.21160051    2.20727382    1.03324865    2.64681497    1.72890886    1.74884381    1.76221827    1.67434337    1.71669211    1.57783454
U5RX02_9CLOT/45-124     1.64329990    1.54049360    1.63314173    1.35065720    1.62963136    1.65776091    1.82989623    1.51911250    1.50113534    1.54348108    1.23609266    1.53086732    1.59874058    1.60002612    1.57167645    1.48109114    1.46256853    1.35069410    1.63436907    1.54755844    1.78767200    1.93779103    1.74622886    1.14220829    1.04896773    1.03513939    0.70370091    0.74805080    0.26310304    0.00000000    0.65996999    0.72555435    0.67127174    1.15020948    1.20712232    1.33358795    1.22108270    1.24622890    1.31713124    1.77133155    2.38924175    2.16800816    2.08205999    2.45765921    2.14321488    1.89603039    1.09379274    2.38369378    1.75291422    1.88852581    1.78460499    1.79894963    1.77477060    1.62902014
A0Q1P8_CLONN/49-128     1.54336328    1.40428812    1.56824124    1.38907510    1.66392616    1.46081440    1.70886380    1.39398386    1.39362687    1.50396747    1.26486264    1.56130378    1.42268374    1.71892698    1.38976394    1.28676457    1.46408778    1.42842824    1.37936731    1.21856749    1.55850566    1.47055719    1.51878834    1.20766264    0.91612526    1.00763862    0.72829649    0.85255227    0.49501426    0.65996999    0.00000000    0.56060193    0.59073956    1.19799951    0.95360680    1.17500095    1.20813149    1.14820955    1.69551569    1.74144653    1.97535851    2.42192636    2.37811991    2.98751281    2.48550906    2.53817422    1.19883730    2.53660605    1.53246028    1.92746793    1.58418620    1.57277208    1.75198375    1.62668172
R4K1W8_CLOPA/45-125     1.44641388    1.30968131    1.52884908    1.27507035    1.82950857    1.47246860    1.62231234    1.35493306    1.47239082    1.42515308    1.27108347    1.51523719    1.43498860    1.61458707    1.48906583    1.44423697    1.37791836    1.33028646    1.36442101    1.53114810    1.58908432    1.63693462    1.58032041    1.16059892    0.93114102    0.93238727    0.67847652    0.79930832    0.65010326    0.72555435    0.56060193    0.00000000    0.65862152    1.36545302    1.07661413    1.37863144    1.25029687    1.20502979    1.52589131    1.57150937    1.68916619    1.88209120    2.00501820    2.54574527    2.34811456    2.06740729    1.28187581    2.43557414    1.65417517    2.06974687    1.70772472    1.79301397    1.77404141    1.29815864
Q97JI3_CLOAB/45-125     1.59123555    1.80824129    2.05433017    1.53095559    2.06761833    1.64079924    1.63294044    1.34207374    1.47708677    1.47180521    1.60465568    1.84569906    1.91388544    1.75729236    1.61038786    1.68656360    1.77125992    2.03605308    1.76811076    1.73212032    1.79624522    2.12793977    2.14785423    1.25296744    1.03671194    0.98660916    0.76520085    0.86499714    0.45672889    0.67127174    0.59073956    0.65862152    0.00000000    1.44009285    1.34570839    1.54256010    1.40305815    1.35901660    1.76997322    1.96908132    2.33144078    2.26777485    2.40020286    2.58383098    2.10375460    2.19912120    1.37308220    2.73163304    1.68961601    1.92227708    1.53949969    1.64338595    1.74487762    1.68738380
D9RZ25_THEOJ/46-122     1.05306426    0.85555757    1.24716390    0.99769923    1.16445649    1.01859775    1.05465676    0.90987772    0.90891955    0.86548515    1.07552279    1.35044941    1.23359778    1.36713722    1.62298636    1.46800848    1.17029936    1.14920720    1.13914916    0.85150336    1.14966073    1.35094507    1.35232540    0.92320530    1.33273898    1.38421594    1.27523611    1.44839940    1.12693144    1.15020948    1.19799951    1.36545302    1.44009285    0.00000000    1.03186752    0.89865253    1.03109632    0.90150298    1.32152102    1.59295609    2.13059150    1.43791502    1.56558812    1.92300112    1.98846623    1.41108914    0.84451020    2.35769993    1.54202060    1.54659585    1.24099706    1.27600799    1.38534385    1.35586786
K0B1I1_GOTA9/48-124     1.00116082    1.08068459    1.23342327    1.20651577    1.39026217    1.31926526    1.31381558    1.53390524    1.31836722    1.34721988    1.15510009    1.26585703    1.34718100    1.55789545    1.56075740    1.57838473    1.45517704    1.39021421    1.25923186    1.16452556    1.25521042    1.43376807    1.32011689    1.10832012    1.53038454    1.50031228    1.21630692    1.33949138    1.00853329    1.20712232    0.95360680    1.07661413    1.34570839    1.03186752    0.00000000    0.86991511    0.83239437    0.74036458    0.94060229    1.21528032    1.91951477    1.90498329    1.83901337    2.73532974    2.21986271    1.84596882    1.02315845    1.97358792    1.55011183    1.67860513    1.55064255    1.68053632    1.72584823    1.13354483
E3PSN8_ACESD/43-119     1.03180037    0.99953346    1.48895989    1.32962850    1.38919685    1.26454212    1.37248617    1.54603588    1.33530765    1.40446822    1.33971586    1.32486346    1.37796724    1.61845633    1.62837396    1.53972016    1.38993492    1.56926988    1.14870534    1.20502271    1.09841737    1.45254197    1.41558198    0.92272983    1.26955962    1.61242561    1.40770141    1.50330740    1.31193667    1.33358795    1.17500095    1.37863144    1.54256010    0.89865253    0.86991511    0.00000000    0.73257438    0.82448595    1.00796778    1.10102682    2.03904749    1.67643341    1.84919063    3.29414177    2.39752547    2.07763020    0.88130370    2.57219360    1.63647953    1.46519144    1.51737893    1.68062138    1.51431084    1.49304519
A8MG72_ALKOO/45-121     1.22335166    1.06824522    1.49266365    1.24308358    1.42400467    1.27053388    1.31351407    1.38292155    1.40178048    1.29418949    1.17595975    1.18435614    1.22363311    1.53131682    1.71204401    1.41708509    1.32261794    1.39562092    1.22291728    1.18210693    1.15492861    1.23968421    1.18462237    0.94399888    1.19958343    1.48617620    1.18624934    1.51005228    1.28636048    1.22108270    1.20813149    1.25029687    1.40305815    1.03109632    0.83239437    0.73257438    0.00000000    0.55650922    1.23367870    1.32612504    2.62075764    1.84659335    1.91203789    2.94354919    2.65665193    2.34594883    0.97328322    2.22022920    1.69503032    1.67144546    1.43400398    1.62239524    1.59788555    1.37215971
A6TSJ5_ALKMQ/49-125     0.95700504    1.03642255    1.26424696    1.20037150    1.40415299    1.19870721    1.28825726    1.38722928    1.46410104    1.27449897    1.08435786    1.14808083    1.07273468    1.33195229    1.54593974    1.27931034    1.14193952    1.27613666    1.04035805    1.07527562    1.22273397    1.26511226    1.22436989    0.87736803    1.47356445    1.50191807    1.26169346    1.44235584    1.25399802    1.24622890    1.14820955    1.20502979    1.35901660    0.90150298    0.74036458    0.82448595    0.55650922    0.00000000    0.92889572    1.26162681    1.95828724    1.89137175    1.75013808    2.82408860    2.34196202    2.00722435    0.94804228    2.04563970    1.57963411    1.58124650    1.20085998    1.65552799    1.38506282    1.27694245
R5XEZ4_9CLOT/53-127     1.43954884    1.25615410    1.28317497    1.39295733    1.45883580    1.45715666    1.27509690    1.40243310    1.30342429    1.44043630    1.43221831    1.55316277    1.38408997    1.56060597    1.66245402    1.54836420    1.39914096    1.49273240    1.41963658    1.46989637    1.54031248    1.55355661    1.35850599    1.19559698    1.61286756    1.66819661    1.37549625    1.70042915    1.41228132    1.31713124    1.69551569    1.52589131    1.76997322    1.32152102    0.94060229    1.00796778    1.23367870    0.92889572    0.00000000    0.61945073    2.14997055    1.80636559    1.54576937    2.17723399    1.74507588    1.64112460    0.95514669    2.10582867    2.01203620    2.11506923    1.94622092    2.22392207    2.09329020    1.72073636
Q182C1_CLOD6/59-134     1.33818331    1.53102884    1.59887718    1.61751709    1.57986059    1.58421274    1.37004750    1.51313275    1.27552017    1.44982521    1.84927220    1.53025915    1.84828989    1.94510144    1.91010147    1.88923867    1.63543830    1.63494199    1.83362753    1.88317852    1.70013095    1.58875730    1.51335465    1.40495044    1.68159509    1.78317939    1.82332521    2.27041806    1.80774306    1.77133155    1.74144653    1.57150937    1.96908132    1.59295609    1.21528032    1.10102682    1.32612504    1.26162681    0.61945073    0.00000000    2.06033718    1.97658604    1.93716975    2.62194198    1.62779728    1.90312046    1.09399166    2.54811267    1.64178347    1.99025528    1.81430309    2.02834372    1.98885505    1.71992239
K4L5J1_9FIRM/50-129     2.08523247    2.42127318    2.63198285    2.69359534    2.69838219    2.53642662    2.47902784    2.47922542    2.45959375    2.38171616    2.42936099    2.33029025    2.82724648    2.32428121    2.61402538    2.53569900    2.27978844    2.34255000    2.64690197    2.67507689    2.97207184    2.51742134    2.62597661    2.10701388    2.41747880    2.22295824    2.12779535    2.58090205    2.30440893    2.38924175    1.97535851    1.68916619    2.33144078    2.13059150    1.91951477    2.03904749    2.62075764    1.95828724    2.14997055    2.06033718    0.00000000    1.73534163    1.68105341    1.81315971    1.81397663    1.65774190    1.95448181    3.17554456    2.40530439    2.04557526    2.83095955    2.72708233    2.54242360    2.44683401
U5S2L9_9CLOT/44-120     1.94044626    1.66984465    1.91799127    1.81651156    2.40648989    2.17464188    1.97807061    1.86567193    1.97630264    2.01118582    1.86924523    2.38305485    2.07377875    2.06062260    2.49192570    2.51561300    1.78608415    2.25495226    1.95147736    2.43428231    1.89472524    2.25202747    2.16591563    1.76368045    2.46215440    2.47888374    1.74269597    1.77905916    2.10664876    2.16800816    2.42192636    1.88209120    2.26777485    1.43791502    1.90498329    1.67643341    1.84659335    1.89137175    1.80636559    1.97658604    1.73534163    0.00000000    0.54340899    0.83328995    1.25641853    0.96817350    1.63467836    2.58709057    2.18497272    1.87489140    2.11423797    2.58107592    2.80250524    2.04520946
A5MZ63_CLOK5/44-120     2.04467059    1.68691640    2.05851384    1.75932388    2.09604734    2.02427183    1.98580823    1.81596237    1.98572201    2.16587844    1.77042176    2.30180393    1.96112051    1.86340370    2.29497171    2.08405145    2.04458567    2.28033590    2.11180194    2.06747725    2.08551373    2.26484728    2.14409891    1.69392858    2.34095487    2.62113959    1.96383544    2.22594297    2.05323172    2.08205999    2.37811991    2.00501820    2.40020286    1.56558812    1.83901337    1.84919063    1.91203789    1.75013808    1.54576937    1.93716975    1.68105341    0.54340899    0.00000000    0.64961238    1.33897608    1.12592916    1.59416677    3.01004854    1.95550533    1.73060709    2.25666978    2.38970717    2.48910402    2.26738977
C8W3M2_DESAS/44-120     3.04769268    2.50571542    2.79969637    2.17737750    2.72875293    2.86163777    2.70226838    2.24533616    2.29645861    2.67278808    2.64468635    3.25103812    2.79674389    2.41528741    3.06737060    3.07559696    2.27255239    2.64140867    2.81236904    2.92617729    3.03568170    3.12194494    3.02627484    2.28119132    3.05381711    3.20244708    2.29117711    2.79812462    2.59714287    2.45765921    2.98751281    2.54574527    2.58383098    1.92300112    2.73532974    3.29414177    2.94354919    2.82408860    2.17723399    2.62194198    1.81315971    0.83328995    0.64961238    0.00000000    1.37099611    1.35462188    2.49794966    3.62486510    2.81966874    2.63249345    3.48044575    3.47818594    3.88750883    2.40615412
A8MF10_ALKOO/44-119     2.16618551    2.10301936    2.41550539    1.85811256    2.22924282    2.39014849    2.14878529    2.03112616    2.14592065    2.37487596    1.68619343    1.98446105    2.21910205    1.97814909    2.14171913    2.05180561    1.72348380    2.02813030    2.29402644    2.32864642    2.12908344    2.33848016    2.33834170    1.79334776    2.72697551    2.20859746    2.26251069    2.54552296    2.21160051    2.14321488    2.48550906    2.34811456    2.10375460    1.98846623    2.21986271    2.39752547    2.65665193    2.34196202    1.74507588    1.62779728    1.81397663    1.25641853    1.33897608    1.37099611    0.00000000    0.75472129    1.47115035    2.58402949    2.63298731    2.36257841    2.44052982    2.67047385    2.75320487    1.77323874
A6TND1_ALKMQ/45-120     2.22476193    2.13209804    1.97281559    2.04252398    2.34286808    2.31714390    2.04558708    1.86261254    2.19441957    2.25596927    2.05066256    2.42202166    2.22364103    1.94502017    2.01675652    1.92471674    2.10362587    2.29151324    2.59575674    2.83153709    2.59889648    2.65254284    2.48557680    1.82109625    2.59330720    2.37575387    2.04887233    2.09856768    2.20727382    1.89603039    2.53817422    2.06740729    2.19912120    1.41108914    1.84596882    2.07763020    2.34594883    2.00722435    1.64112460    1.90312046    1.65774190    0.96817350    1.12592916    1.35462188    0.75472129    0.00000000    1.58973048    2.73655689    2.48679685    2.15733416    1.99178967    2.77690002    2.55006388    1.81493759
L0KBQ9_HALHC/63-139     0.80614827    0.89256662    1.02465045    0.87118468    1.21282851    1.04621491    1.03027371    0.96815555    0.92215550    1.02480978    0.91637186    0.89192150    1.23418015    1.19026354    1.33417853    1.25217446    1.08990675    1.14338258    0.86060748    0.89055980    1.15490457    1.23454387    1.15794602    0.85048449    1.22215743    1.11215525    1.27589714    1.38914720    1.03324865    1.09379274    1.19883730    1.28187581    1.37308220    0.84451020    1.02315845    0.88130370    0.97328322    0.94804228    0.95514669    1.09399166    1.95448181    1.63467836    1.59416677    2.49794966    1.47115035    1.58973048    0.00000000    1.67980928    1.16687568    1.42387733    1.21235881    1.23765889    1.24975555    1.01383447
I4DAN6_DESAJ/68-148     2.03304583    2.41056851    2.13008274    1.68428281    2.64243702    2.06850264    2.18748659    2.27417052    2.05738166    2.06679851    2.12332053    2.44698302    2.70495303    2.55420276    2.68463842    2.85924248    2.19991428    2.36064650    1.81760258    2.53553437    2.29924663    1.96154605    2.16356432    1.86442482    2.78392793    2.97007245    2.56691071    2.70628958    2.64681497    2.38369378    2.53660605    2.43557414    2.73163304    2.35769993    1.97358792    2.57219360    2.22022920    2.04563970    2.10582867    2.54811267    3.17554456    2.58709057    3.01004854    3.62486510    2.58402949    2.73655689    1.67980928    0.00000000    1.83743533    1.89212845    1.98001622    1.93219941    1.65963589    2.20157860
C8W3L5_DESAS/44-125     1.40174544    1.44127337    1.72387191    1.77665265    1.76858563    1.70795151    1.55798336    1.49108124    1.31701086    1.58028170    1.74146477    1.68346321    1.94255602    1.85367096    2.21571858    1.95575086    1.79394810    2.16891511    1.84925156    1.68892761    1.55029049    1.68461877    1.71505280    1.32746686    1.56537488    1.65816618    2.00281090    2.46821882    1.72890886    1.75291422    1.53246028    1.65417517    1.68961601    1.54202060    1.55011183    1.63647953    1.69503032    1.57963411    2.01203620    1.64178347    2.40530439    2.18497272    1.95550533    2.81966874    2.63298731    2.48679685    1.16687568    1.83743533    0.00000000    1.03828072    0.98320182    0.80461386    0.87668888    1.60846847
A4J7D1_DESRM/44-124     1.49525730    1.53212316    1.87450989    1.76532596    2.40876782    1.78899837    1.70538899    1.68101397    1.69985880    1.89865961    1.95296819    1.73678195    2.15940082    1.99673162    2.18166681    1.95470848    2.08409389    2.13672327    1.87212082    1.68472542    1.59880102    1.86310839    1.67707046    1.30815506    2.02766574    1.96026136    1.96114973    2.22240983    1.74884381    1.88852581    1.92746793    2.06974687    1.92227708    1.54659585    1.67860513    1.46519144    1.67144546    1.58124650    2.11506923    1.99025528    2.04557526    1.87489140    1.73060709    2.63249345    2.36257841    2.15733416    1.42387733    1.89212845    1.03828072    0.00000000    0.89729711    0.82585045    0.96845911    1.65188121
D5XAP0_THEPJ/47-129     1.51313339    1.31376640    1.48405794    1.72101365    1.75006427    1.57464419    1.43461079    1.57715298    1.57105434    1.64667499    1.59055933    1.50711508    1.67188722    2.29551529    1.72981115    1.71013188    2.10875826    2.18437944    1.61031625    1.61780488    1.77026592    1.57591272    1.67513434    1.21457447    1.61252390    1.68217280    1.61494170    2.28162547    1.76221827    1.78460499    1.58418620    1.70772472    1.53949969    1.24099706    1.55064255    1.51737893    1.43400398    1.20085998    1.94622092    1.81430309    2.83095955    2.11423797    2.25666978    3.48044575    2.44052982    1.99178967    1.21235881    1.98001622    0.98320182    0.89729711    0.00000000    0.75882480    0.76124796    1.19336616
