16
I3NA89_ICTTR/1-92     0.00000000    0.41356807    0.36307151    0.41575939    0.52998474    0.79619989    0.64928076    0.65976915    0.58495344    0.59599575    0.50968266    0.35081518    0.36679252    0.44481678    0.34938653    0.39425126
L5JU68_PTEAL/1-95     0.41356807    0.00000000    0.30018954    0.35027736    0.42047993    0.64861922    0.48653166    0.57398625    0.46877637    0.49574491    0.51051389    0.32324921    0.27133783    0.32825428    0.29022779    0.32956228
E9Q8V1_MOUSE/1-98     0.36307151    0.30018954    0.00000000    0.24249379    0.32092458    0.66238924    0.43788996    0.54787973    0.49014974    0.46114868    0.41666819    0.28129881    0.23077464    0.30848172    0.24777799    0.27900899
G3T5E3_LOXAF/1-98     0.41575939    0.35027736    0.24249379    0.00000000    0.37841752    0.73443637    0.46768544    0.54480091    0.58567119    0.53361026    0.42631546    0.33525900    0.29629647    0.27187093    0.35295160    0.36889975
F6VH04_MACMU/1-118     0.52998474    0.42047993    0.32092458    0.37841752    0.00000000    0.42754883    0.24726579    0.36138887    0.38131990    0.29282926    0.18794221    0.43589659    0.39353202    0.49414429    0.41545007    0.44960180
H0XF26_OTOGA/1-107     0.79619989    0.64861922    0.66238924    0.73443637    0.42754883    0.00000000    0.36585234    0.62394090    0.50321669    0.40760462    0.54292059    0.74211907    0.64351373    0.75287959    0.69883503    0.71301350
H2N5R7_PONAB/1-92     0.64928076    0.48653166    0.43788996    0.46768544    0.24726579    0.36585234    0.00000000    0.54714492    0.48695719    0.36937064    0.38002968    0.48695094    0.43881401    0.58818244    0.49868918    0.57562264
H2Q014_PANTR/1-89     0.65976915    0.57398625    0.54787973    0.54480091    0.36138887    0.62394090    0.54714492    0.00000000    0.29822603    0.28237478    0.41286282    0.60639301    0.59536088    0.68100241    0.64004257    0.61082699
W5NQ66_SHEEP/133-239     0.58495344    0.46877637    0.49014974    0.58567119    0.38131990    0.50321669    0.48695719    0.29822603    0.00000000    0.21052177    0.35041697    0.57644761    0.55940033    0.60650307    0.49279385    0.58070589
F6VNG0_MACMU/1-118     0.59599575    0.49574491    0.46114868    0.53361026    0.29282926    0.40760462    0.36937064    0.28237478    0.21052177    0.00000000    0.29474920    0.56904916    0.52789832    0.64430412    0.54939009    0.58757807
W5NQ20_SHEEP/1-102     0.50968266    0.51051389    0.41666819    0.42631546    0.18794221    0.54292059    0.38002968    0.41286282    0.35041697    0.29474920    0.00000000    0.52681808    0.47046446    0.60674748    0.52251553    0.53468553
G3QIF5_GORGO/1-95     0.35081518    0.32324921    0.28129881    0.33525900    0.43589659    0.74211907    0.48695094    0.60639301    0.57644761    0.56904916    0.52681808    0.00000000    0.17640256    0.28709215    0.23345122    0.25678547
H2Q011_PANTR/1-89     0.36679252    0.27133783    0.23077464    0.29629647    0.39353202    0.64351373    0.43881401    0.59536088    0.55940033    0.52789832    0.47046446    0.17640256    0.00000000    0.23311823    0.21339599    0.22625097
H2N5S2_PONAB/1-89     0.44481678    0.32825428    0.30848172    0.27187093    0.49414429    0.75287959    0.58818244    0.68100241    0.60650307    0.64430412    0.60674748    0.28709215    0.23311823    0.00000000    0.21592257    0.37942756
A0A2I3S398_PANTR/1-92     0.34938653    0.29022779    0.24777799    0.35295160    0.41545007    0.69883503    0.49868918    0.64004257    0.49279385    0.54939009    0.52251553    0.23345122    0.21339599    0.21592257    0.00000000    0.27194011
G1TMR5_RABIT/1-94     0.39425126    0.32956228    0.27900899    0.36889975    0.44960180    0.71301350    0.57562264    0.61082699    0.58070589    0.58757807    0.53468553    0.25678547    0.22625097    0.37942756    0.27194011    0.00000000

