85
W0BCU7_9GAMM/48-197     0.00000000    1.74647995    1.75773010    2.03823953    2.06998719    2.65986139    2.42803225    2.11382169    2.29310831    1.77164927    1.83381755    2.37767735    2.82744522    2.76080855    2.64068239    2.62226123    3.19428665    2.08937926    2.35397345    1.93307329    2.09007423    1.69601091    1.61620682    2.04009166    1.72267832    2.15578913    2.23385812    1.93349100    2.32740395    2.27417109    2.17768801    1.87197508    2.12070239    1.92925604    1.89768134    1.81508362    1.80755990    1.85853849    1.89808636    2.17948165    2.19303092    2.15201598    2.56783156    2.61762462    2.32754268    2.27500737    2.11540830    1.63885538    1.87964389    1.70072917    2.05899057    2.16337914    1.98028589    1.78632050    1.98672195    2.33284034    1.67714099    1.92673660    1.89590141    1.89188369    2.00780604    1.68627727    1.63104599    1.68445050    1.61759881    1.66711616    1.64673889    2.13811932    2.06264782    1.91534586    1.91712921    1.96693040    1.55521237    1.86196095    1.60444270    1.91758596    1.58904284    1.74326172    1.57356238    2.81516518    2.75919058    3.45202635    1.73039108    1.97940243    1.68167306
Q21JX4_SACD2/42-208     1.74647995    0.00000000    2.10240322    2.29794497    2.24807363    2.47333193    2.57959928    2.93245591    2.85020405    2.28512299    2.61331290    2.68432660    2.97397343    2.79667453    2.95255186    3.08551831    2.92093365    2.61144435    2.65573762    2.10236016    2.18872423    2.12146454    2.10901854    2.09097455    2.28171589    2.35309329    2.82352902    2.48116345    3.04041214    2.68905410    2.20372685    2.44688397    2.56378785    2.54434613    2.51644728    2.37085816    2.46349812    1.93076086    2.46885951    2.14150395    2.46017813    2.24200932    2.35221456    2.44193256    2.09024537    2.15989612    2.35969519    1.89302315    2.37435072    2.20124259    2.52187276    2.32101739    2.02159682    2.34911039    2.54458538    2.46858340    1.83243409    2.32379985    2.23971595    2.23402084    2.82575486    2.21942543    2.20816881    1.89963752    2.24026254    2.37048696    2.35284530    2.47947616    2.87579060    2.55731505    2.46162300    2.33372756    2.03480138    2.04910373    2.01842874    2.10625310    1.88345867    1.92930105    2.45236794    3.49860758    4.33757330    3.48378517    2.00524111    2.65102683    2.20324479
Q31JK2_HYDCU/10-156     1.75773010    2.10240322    0.00000000    1.10024006    2.05437201    1.96112055    2.29788852    2.14821730    2.39798936    1.82777907    2.22143917    2.42727933    3.05832590    2.55608491    2.91691397    2.73541060    2.56395700    2.23086885    2.57465541    2.06643819    2.59459149    2.25334249    2.43459470    2.57419878    2.38826928    2.59171287    2.14151461    1.98825175    2.55894389    2.55978573    1.94121759    2.14498212    2.51625137    2.42265545    2.50488840    2.70299480    1.92891197    1.80181262    2.48962928    2.35504449    2.39289231    2.49030457    2.50046729    2.47818616    2.39539482    2.34759866    2.67163111    2.33480091    2.36851071    2.68093702    2.44257076    2.08519643    2.23815665    2.14675605    2.53596467    2.19737965    2.38744172    2.38103463    2.14557855    2.52068812    2.56681046    2.13945321    2.11387948    2.39397060    2.27966145    1.90444811    2.16001776    2.55944927    2.55769865    2.25166608    2.13379298    2.25966749    1.81478922    2.15271686    2.27960657    2.28407783    2.25630975    2.51374026    2.57885603    2.88532949    3.23275972    3.73757107    2.56723466    2.56871499    2.89132496
W0DU91_9GAMM/16-160     2.03823953    2.29794497    1.10024006    0.00000000    1.87496618    2.22821533    2.01712316    2.27452445    2.28167858    1.69544380    2.22671608    2.63929452    2.75177658    2.71807228    2.91331064    2.34782156    2.49200105    2.01226031    2.29570656    1.76808400    1.87628291    2.13867644    2.08429681    2.02262021    1.79752485    2.60613551    2.21309176    2.26056281    2.21565050    2.41876809    2.01397910    1.94311776    2.28961128    2.31288169    2.35744894    2.46813425    1.82446886    1.84988198    2.49087210    2.17475462    2.25529826    2.27848591    2.44398287    2.54327690    2.20315422    2.18454281    2.62157885    2.15190342    2.28109310    2.39643384    1.87121935    2.14226785    1.87644247    2.48492436    2.49302135    2.23797712    2.17420244    1.87686353    2.25497068    2.21862968    2.95726171    2.26351997    2.06852664    2.34081932    2.26258173    1.84652171    2.00440187    2.79248746    2.24216560    2.25076599    2.12901527    2.52197522    1.82343962    2.07965787    2.32460617    2.20977106    2.01790278    2.76996731    2.21699324    3.90031862    4.18001351    4.36372215    2.25608146    3.31881848    3.18279916
C5BKZ7_TERTT/24-175     2.06998719    2.24807363    2.05437201    1.87496618    0.00000000    1.80743121    2.35543849    2.11576704    1.95087432    1.71512470    2.46255120    2.66060205    2.62962013    2.59370100    2.92376614    2.85843833    2.80657171    1.75943639    2.60502188    2.15203814    2.07489421    2.34187029    2.01137867    2.22618084    2.10225421    2.37743074    2.16530666    2.15720345    2.63461171    1.97208857    2.27642417    2.06825572    2.34482998    1.95072282    2.51707239    2.28939231    1.79585301    2.22658474    2.66246936    2.02741415    2.14411658    2.01557784    2.20898820    2.18709651    1.85866782    1.83163552    2.33641008    2.03767468    1.95965562    1.71411710    1.85365297    2.42315762    2.50962980    2.13284309    2.46589190    2.09790776    1.88143802    2.26341234    2.50525610    2.53537395    2.70387188    2.20010863    2.17400215    2.23911448    2.24036091    1.95720571    2.19161086    2.87478388    2.97067873    2.95242614    2.51294672    2.60694803    1.71260778    1.99720013    2.17778958    2.30243524    2.16284285    1.99211204    1.85493187    2.29596591    2.65585917    2.87256954    2.03832031    2.58783261    2.70855873
H8KU23_SOLCM/15-152     2.65986139    2.47333193    1.96112055    2.22821533    1.80743121    0.00000000    1.72844736    1.95483725    2.02120614    2.08787440    2.25125279    2.56979483    3.13108776    2.81592562    3.19923650    3.21714856    3.31480935    2.00103985    3.05456931    2.52710113    2.85394101    2.38755288    2.47995004    2.41587536    2.35195751    2.61231610    2.35052221    2.46935045    2.29624994    2.42981476    2.71002062    1.93394350    2.16753765    2.19190300    2.57141031    2.39467383    2.41148539    2.80285881    3.20737301    2.43838778    2.67668277    2.57914007    2.43969938    2.34177020    2.61937135    2.45380777    2.42594486    2.17037145    1.94249620    1.93206340    2.30687376    2.79355139    2.85392660    2.00626384    2.99174292    2.65535927    2.12914177    2.21823032    3.00576167    2.71564785    3.17029961    2.44686753    2.38693675    2.84424374    2.48954600    2.41609692    2.37070251    2.70903299    2.80054233    2.97734432    2.67875431    2.79266675    2.06880976    2.43058705    2.42790816    2.28210609    2.19839059    2.56569239    2.47964090    2.93145805    3.43422242    3.31175712    3.05651171    2.62799010    3.23948911
T2KHR4_FORAG/20-166     2.42803225    2.57959928    2.29788852    2.01712316    2.35543849    1.72844736    0.00000000    1.54458800    1.62424846    2.45673447    2.92592382    2.56407098    2.73089787    2.50299458    2.92608235    2.25264478    2.71044274    2.34565096    2.59048854    2.34423804    2.67395146    1.98380492    2.53140288    2.59912570    2.32085937    2.77700369    2.75276470    2.37812820    2.52410983    2.14752456    2.78687423    2.06504550    2.25876353    2.57625878    2.42269305    2.65982720    2.50441351    2.86523697    3.38021408    2.65291818    2.82293062    2.86006164    2.94738701    2.95007304    2.79001007    2.53457362    2.84117301    2.57392098    2.17847282    1.86035839    2.24361106    3.27150419    2.63821655    2.56537596    2.63653800    2.44115672    2.32689346    2.84764680    2.39518385    2.98695158    2.98461026    2.19934551    2.46704683    2.55357794    2.48572166    2.12609398    2.50329065    3.29375114    2.60631666    2.61148564    2.81223684    3.05410846    2.11964231    2.20538974    2.30932906    2.10476335    2.26079684    2.68126005    2.45989983    2.95918475    3.68829759    4.13053628    2.35903825    3.19599005    3.08386350
G8R559_OWEHD/21-161     2.11382169    2.93245591    2.14821730    2.27452445    2.11576704    1.95483725    1.54458800    0.00000000    0.83030986    2.42546184    3.23137817    2.54345272    2.72071453    2.51722429    2.95038293    2.47534028    2.65569772    2.30911514    3.12001669    2.32381428    2.59125653    2.59425337    3.02060047    2.81105246    2.60510378    2.40788355    2.68686398    2.47252830    2.49003372    2.19533969    2.99893623    1.94725872    2.12496254    2.20161569    2.28243372    2.28359094    2.25312652    2.67450458    2.66553248    2.55534008    2.63073056    2.65040170    2.62628917    3.06451702    2.52470267    2.27992463    2.57598563    2.40584717    1.93928888    1.74079899    2.15840497    2.68746446    2.05197620    2.09258802    2.86067841    2.18234609    2.18423619    2.29953990    2.49469699    2.71369302    3.09009736    2.80774300    2.56625860    2.59545646    2.48936104    2.22403234    2.34211708    3.34267951    3.05641563    2.82639606    2.69813780    2.66506723    1.94913378    2.55899997    2.51695404    2.30402888    2.41991533    3.22280412    2.39814876    2.49039984    3.45870727    3.46631612    3.08364673    2.92166215    3.15571336
L0G3E1_ECHVK/23-163     2.29310831    2.85020405    2.39798936    2.28167858    1.95087432    2.02120614    1.62424846    0.83030986    0.00000000    2.94944391    3.76804077    2.53692196    2.96681063    2.63903500    3.11365624    2.36734955    2.54544801    2.48764476    2.66325134    2.62022229    2.50739821    2.34531442    3.17502264    2.87342007    2.76703227    2.68272535    2.28989729    2.37598384    2.46143721    2.03850379    3.05387009    2.29730972    2.41363776    2.08626867    2.23524135    2.41226590    2.09989309    2.99693897    2.85646812    2.31473273    2.38553772    2.51803867    2.35306216    2.91183692    2.27304340    2.17798868    2.57854010    2.62838770    2.12826901    1.77417711    2.33550424    2.56662107    2.09304433    2.51194608    2.68227109    2.05606050    2.15187698    2.36749568    2.61217927    2.53605899    2.51957608    2.49882320    2.59910692    3.00126826    2.54818965    2.21874744    2.55500262    3.02439524    3.30205994    3.17614247    3.15247146    2.82783981    2.33951093    2.66501695    2.69271337    2.50613883    2.63462747    3.18051405    2.39709591    2.64586637    3.35706949    3.38479306    3.19533977    3.38283206    3.26433007
B3PJ54_CELJU/9-156     1.77164927    2.28512299    1.82777907    1.69544380    1.71512470    2.08787440    2.45673447    2.42546184    2.94944391    0.00000000    1.87877425    2.53478090    3.59922313    2.94671229    3.72893890    3.56388458    3.28762711    1.83883427    2.35835546    2.06665971    2.41008134    2.14642307    2.20250171    2.09580773    2.01697152    2.65937672    2.64536560    2.83263992    2.53405498    2.73818873    2.18457727    2.25076334    2.26292688    2.37761681    2.44616887    2.21885898    2.22752916    2.17514750    2.31494809    2.26734673    2.44080513    2.36444315    2.34231070    2.58423975    2.43367277    2.25945121    2.38408448    1.62926096    1.86252512    1.96516611    2.10221242    2.31626608    2.17961677    2.25019181    2.32892990    2.36980516    2.04198069    2.39588580    2.21150409    2.05386344    2.44699255    2.26482335    2.01000919    2.20657172    2.11305707    2.23133369    2.25781018    2.21660821    2.22109407    2.05835157    2.05438057    2.43280157    1.94331412    2.05332580    2.33599126    1.91187902    2.01780302    2.12123429    2.26369278    3.52059078    3.57339748    3.67359701    1.96037317    2.32362527    2.17366516
M5DR57_9GAMM/12-155     1.83381755    2.61331290    2.22143917    2.22671608    2.46255120    2.25125279    2.92592382    3.23137817    3.76804077    1.87877425    0.00000000    2.59179445    3.84683769    3.42321428    2.95776337    3.55100342    2.72281955    2.32779653    2.50844749    2.24541582    2.56128677    2.54991801    2.07537999    2.82814442    2.49225413    3.63258084    2.48266121    2.61563937    2.71688294    3.53546137    2.66071974    2.41875471    2.46965257    2.62852528    2.78774120    2.74158162    2.08978455    2.27547521    2.50569204    2.41130488    2.22448065    2.34041112    2.73236759    2.54098732    2.36679036    2.14951315    3.03936955    2.35835608    2.52436567    2.42000462    3.21086458    3.03185706    2.52529137    2.63584015    3.94811598    3.57670392    2.39774408    2.74548115    2.20469121    2.25609225    2.56243986    2.17602279    2.18670254    2.15459501    2.20206106    2.00915235    2.56014109    2.37956247    2.54922694    2.46442031    2.52812007    2.81104900    1.74596227    2.08182320    2.27455322    1.90987799    1.98832197    2.73749377    2.22870994    2.93205052    3.11893933    2.81818749    2.21107611    2.55544971    2.54761092
F2JWN6_MARM1/11-149     2.37767735    2.68432660    2.42727933    2.63929452    2.66060205    2.56979483    2.56407098    2.54345272    2.53692196    2.53478090    2.59179445    0.00000000    2.98711902    2.33093938    3.50257227    3.76163777    3.95374289    2.96143103    2.79771375    2.67808262    2.71209810    2.28821481    2.73283351    2.66091577    2.90725684    3.53887794    2.82759440    2.93070398    2.82552584    2.87200895    2.45891096    2.81494938    2.79176888    2.86695676    2.75520830    2.57241191    2.95938680    3.56567092    3.74628436    3.12281012    2.77582918    3.25403603    3.27807220    3.40350827    3.17099828    2.97251294    2.88233578    2.52454708    2.78642809    2.48449685    2.42996822    2.30836111    2.53666692    2.62608784    3.76173458    3.71257099    2.35972568    3.34371871    2.45097865    2.63103835    3.22464965    2.89975638    2.94110668    2.87299049    2.44881340    2.51914816    2.71534982    2.97016015    2.79756700    2.90059161    2.66085777    2.91085565    2.15538886    2.15766641    2.57482770    2.67855431    2.47765886    2.92246675    2.58252951    4.01835023    3.73528205    3.45776236    3.28785622    2.74204844    2.75677746
Q5DZ23_ALIF1/12-159     2.82744522    2.97397343    3.05832590    2.75177658    2.62962013    3.13108776    2.73089787    2.72071453    2.96681063    3.59922313    3.84683769    2.98711902    0.00000000    1.03438221    1.70414592    2.12226857    1.84968524    2.49747498    3.57251274    3.11640787    3.06094188    2.84990728    3.34168458    3.07659303    3.05562434    2.55498948    3.56795615    2.88193422    3.03629138    2.78910371    3.15847970    2.51981648    3.30784941    3.12133893    3.06613354    2.92757872    2.57405622    2.95125678    2.78101397    3.20220261    2.92694668    3.39486446    3.39129471    3.78048431    3.44347404    3.20715324    3.00532824    2.68172898    3.15915970    2.39679906    2.49298015    3.00431222    2.76920819    2.83889713    2.89062252    3.50236729    3.02502666    2.78811993    3.13972483    3.06976463    3.67143082    3.29038246    2.84774609    2.93266240    2.93364783    2.60492228    2.80394151    3.31741998    3.33783689    3.22872468    3.04247701    2.84779876    2.02461713    2.68445728    3.09316450    2.24517774    2.57601989    3.40068009    2.61858575    3.23371100    3.58134093    3.70031926    2.60290309    2.97573644    2.49631297
M4U4N9_9GAMM/12-159     2.76080855    2.79667453    2.55608491    2.71807228    2.59370100    2.81592562    2.50299458    2.51722429    2.63903500    2.94671229    3.42321428    2.33093938    1.03438221    0.00000000    2.03628707    1.99744378    2.30978490    2.58294863    3.39057706    3.01419860    2.87864464    2.38073818    3.22601177    3.42749914    3.35755727    2.97578605    2.82163031    2.95471478    3.05246402    2.90313552    3.04902527    2.66767390    2.84579566    2.94688167    2.97328540    2.76283522    2.47413587    3.03016516    2.82696531    2.81724520    2.46148156    2.57557559    2.87851260    2.84348048    2.79660245    2.55299519    2.36151301    2.31375414    2.68364830    2.38050034    2.31153008    2.79594480    2.56087781    2.31747561    2.88102081    2.68326357    2.72771830    3.29336846    2.86268099    2.90019774    3.74360974    2.65375452    2.67811298    2.92121706    2.14339226    2.20295436    2.76013930    2.84509136    2.90576904    2.87016043    2.99515002    2.95088232    1.89411537    2.39364804    2.67638871    2.18628865    2.23299041    3.21347974    2.63224878    3.45915690    3.24675561    3.25374771    3.02503095    2.68829377    2.66030730
Q5E4X8_ALIF1/13-160     2.64068239    2.95255186    2.91691397    2.91331064    2.92376614    3.19923650    2.92608235    2.95038293    3.11365624    3.72893890    2.95776337    3.50257227    1.70414592    2.03628707    0.00000000    1.32706919    1.38018562    3.05740000    4.04181826    2.62273479    3.34961074    2.91280032    2.76808936    2.90537275    2.73225857    3.29973857    3.54226419    3.00781260    3.88830783    3.91639433    2.94120983    2.82260753    3.57353449    2.92959257    3.04355560    2.94505075    2.99297674    3.23772356    3.39551611    3.19259204    2.99188063    3.21564677    3.28485761    3.58917786    3.29564621    3.04067117    2.85165616    3.12039647    2.78278485    3.20822910    2.74690318    3.23281076    2.97692349    3.00889452    2.86592375    3.13754851    2.85758672    3.26509917    3.22874628    3.52656025    4.15974219    3.02594599    3.27020575    2.86401499    3.06011873    3.06964851    3.54313203    4.03457473    3.57751113    3.20309808    3.34217889    2.97133110    2.01770086    2.57412225    2.80103626    2.73987191    2.59665861    3.67423360    2.51823742    3.38796207    3.58750539    4.81771179    3.12607543    3.51924165    3.00162064
Q87IB9_VIBPA/14-165     2.62226123    3.08551831    2.73541060    2.34782156    2.85843833    3.21714856    2.25264478    2.47534028    2.36734955    3.56388458    3.55100342    3.76163777    2.12226857    1.99744378    1.32706919    0.00000000    0.87585863    3.03013911    3.60565098    2.90688081    2.48829085    2.44848954    2.54882439    2.90420738    2.49753843    3.15501641    3.49781620    3.17426865    3.16286715    3.22525808    3.18291101    2.36599144    2.69201651    2.68083131    3.17072729    3.32081048    2.26703071    3.01022930    3.12354130    3.18389209    2.84822301    3.21579960    3.23219213    3.13220354    3.14911285    2.87172132    2.74168533    2.69298602    2.81918683    2.45061332    2.46214876    3.17894572    2.79060454    2.73550882    3.44527286    3.08732954    3.03524444    3.08118059    2.88948958    3.22302247    3.08418614    3.37772132    3.59073068    2.73811690    3.54640713    3.04238608    2.62469862    3.60224376    3.11786370    2.97180539    3.08950254    2.51313428    1.92396430    2.97953326    2.89515582    2.60673535    2.57428318    3.72528484    2.65824124    2.85232766    3.51433664    4.55144794    2.71275912    3.21325162    2.88905103
B7VSQ8_VIBA3/14-165     3.19428665    2.92093365    2.56395700    2.49200105    2.80657171    3.31480935    2.71044274    2.65569772    2.54544801    3.28762711    2.72281955    3.95374289    1.84968524    2.30978490    1.38018562    0.87585863    0.00000000    3.15860747    3.56793700    2.98950395    3.09122849    2.71834540    2.42988991    2.69038591    2.43835195    3.01873961    3.45270707    3.17786681    2.94841158    3.40501523    3.18482178    2.42057984    3.27894752    2.62639917    3.04428016    3.00462222    2.93849351    3.01785559    3.58582263    3.15063667    2.84133949    3.51392600    3.35451019    3.21260968    3.10282906    2.82352397    3.22285662    2.81664811    3.38421172    3.04953311    2.75290720    3.64392466    3.14717202    2.78773436    2.85136901    3.06686548    2.60116227    3.28672041    3.45416630    3.77762072    3.48391247    3.41150105    3.43082499    3.32936730    3.54216482    3.33269851    3.11241894    3.68744806    4.04553736    3.27085234    2.92514811    2.82420983    2.51386260    2.76115439    2.84334243    2.75244188    2.88073423    3.38213883    2.81762450    3.16342714    4.02894637    5.00346683    3.00532609    3.51143436    3.37629898
G4QKC9_GLANF/28-173     2.08937926    2.61144435    2.23086885    2.01226031    1.75943639    2.00103985    2.34565096    2.30911514    2.48764476    1.83883427    2.32779653    2.96143103    2.49747498    2.58294863    3.05740000    3.03013911    3.15860747    0.00000000    1.97948930    1.80112971    2.77519194    1.53385188    2.58425959    2.53034324    2.46895632    2.34467731    2.32080362    2.14201455    2.62147764    2.21334543    1.92933638    1.49423214    1.80662484    1.64278324    2.20938214    1.93933529    1.61683435    2.21468554    1.98985029    2.45901172    2.58170790    2.52652912    2.58916787    2.73808417    2.45610515    2.38264192    2.50105050    2.05743425    2.29628295    2.01316954    2.57186390    2.22665019    2.25420764    2.67365693    2.37247457    2.30770025    2.28388756    2.34691464    2.71451244    2.58804570    2.60989161    2.73095557    2.35815121    2.46366566    2.75803314    2.53946811    2.26383773    2.63055623    2.58668950    2.47201227    2.69847422    2.95722138    2.24828280    2.64876209    2.75124646    2.36745007    2.57396625    2.98171140    2.09831927    2.97296203    3.19641860    3.26891633    1.96324902    2.51012440    2.55961649
Q2SCZ8_HAHCH/8-151     2.35397345    2.65573762    2.57465541    2.29570656    2.60502188    3.05456931    2.59048854    3.12001669    2.66325134    2.35835546    2.50844749    2.79771375    3.57251274    3.39057706    4.04181826    3.60565098    3.56793700    1.97948930    0.00000000    2.18588344    2.25849576    2.53049188    2.17642965    2.53673640    2.24694298    2.59025670    2.66912174    2.39792583    3.03472369    2.52107347    2.02642762    2.49571356    2.36905233    2.66641076    2.89669077    3.07217630    2.12299382    2.53926054    2.35367642    2.25475768    1.95718396    1.96443168    2.11443766    2.00349279    2.21703462    2.07515643    2.91473907    2.42954440    2.03643791    2.33209917    2.76849560    2.49826379    2.86609197    2.91942735    2.74746052    2.88649678    2.88264920    2.75863471    2.64110085    2.60145708    2.85420600    2.37479430    2.46264443    2.56119844    2.33494115    2.13395408    2.71736568    2.66145034    2.66090928    2.59729581    3.01595086    2.96039959    2.62687295    2.74319242    2.67670676    2.53359931    2.28465363    2.91815914    2.45669661    3.23903160    3.84793157    3.62643718    2.49761461    3.55358696    3.30454244
Q5NI00_FRATT/8-156     1.93307329    2.10236016    2.06643819    1.76808400    2.15203814    2.52710113    2.34423804    2.32381428    2.62022229    2.06665971    2.24541582    2.67808262    3.11640787    3.01419860    2.62273479    2.90688081    2.98950395    1.80112971    2.18588344    0.00000000    2.09711243    2.01536687    1.88970005    2.01716242    1.86978021    2.08946380    2.23197282    2.40963835    2.56694210    2.40304496    2.16773158    2.01670356    2.37017676    2.41201378    2.56470878    2.43477219    2.00474535    2.01315552    2.56971203    2.10391384    2.29758478    2.17030147    2.23022818    2.18421204    1.88414953    2.02734810    2.43414090    2.13464046    2.31069124    2.03296513    2.53056223    2.41988799    2.29083390    2.13412621    2.56579307    2.88422886    2.03124220    2.59589681    1.89594830    2.39776256    3.00525144    2.36084159    2.00315164    2.20441880    2.31227226    2.35373365    2.50903742    2.49168321    2.47003343    1.97251923    2.09224555    2.18487862    1.93902463    1.96773326    2.10715489    1.77775067    1.67101529    2.14373441    2.29529936    3.31707682    3.50248284    3.48171181    2.18174759    2.47886308    2.05621242
E1SQ65_FERBD/5-139     2.09007423    2.18872423    2.59459149    1.87628291    2.07489421    2.85394101    2.67395146    2.59125653    2.50739821    2.41008134    2.56128677    2.71209810    3.06094188    2.87864464    3.34961074    2.48829085    3.09122849    2.77519194    2.25849576    2.09711243    0.00000000    1.70160116    1.32740443    1.79531293    1.75500806    2.08907858    2.22376877    2.15285463    2.42255063    1.92133388    2.08941974    1.96985928    2.25552142    2.07445194    2.31279080    2.27212032    1.68312527    1.99041148    2.06848193    2.33115546    2.00192844    2.10970499    2.38038413    2.17368842    2.19494675    1.89061441    2.35059376    2.17519457    2.43853906    1.70860225    2.17986333    2.28709069    2.45955057    1.90227450    2.46935301    2.18755976    2.32504387    2.38202979    2.24535149    1.98854694    2.44260161    2.11294148    2.28121940    1.98586835    2.02714474    1.64481055    2.08490124    2.35478226    2.09436633    2.13474131    1.94809403    1.98431738    2.19196747    1.83788614    1.80243711    1.82426533    1.80720441    2.43335024    1.87516173    3.12588250    3.54254447    3.71236136    2.10648857    2.98009936    2.20612086
D4ZMI2_SHEVD/10-154     1.69601091    2.12146454    2.25334249    2.13867644    2.34187029    2.38755288    1.98380492    2.59425337    2.34531442    2.14642307    2.54991801    2.28821481    2.84990728    2.38073818    2.91280032    2.44848954    2.71834540    1.53385188    2.53049188    2.01536687    1.70160116    0.00000000    1.18402123    1.29993284    1.40633568    2.69462324    2.24716932    2.41497356    2.64022453    2.02405868    1.69362101    1.83037582    1.89504825    2.24914349    2.47073303    2.11772174    1.72819724    2.31194690    2.12692418    2.61519138    2.54575399    2.66971992    2.89068858    2.92432655    2.55467498    2.53205594    2.11488628    1.95697096    2.43989718    1.86404952    1.92811392    2.12451302    2.19045421    2.09593459    2.55522615    2.19495145    2.24898057    2.36005765    1.95610103    2.29575568    3.09132612    2.09900741    2.06231089    2.13942209    2.22612191    2.01765902    2.29510296    2.16964120    2.20499678    2.14758615    2.12626439    2.42767879    2.01519835    1.92402226    2.06634127    1.94799486    1.92142633    2.02027443    2.00508349    2.71630659    3.22563516    3.00413030    1.79173248    2.37487141    2.13846482
Q8ECP3_SHEON/21-161     1.61620682    2.10901854    2.43459470    2.08429681    2.01137867    2.47995004    2.53140288    3.02060047    3.17502264    2.20250171    2.07537999    2.73283351    3.34168458    3.22601177    2.76808936    2.54882439    2.42988991    2.58425959    2.17642965    1.88970005    1.32740443    1.18402123    0.00000000    1.07553272    0.95387522    2.11533963    2.12086536    2.22177803    2.07569895    2.17749506    1.84522722    1.92526416    1.87445201    1.76698723    1.81818147    1.85805760    1.70570202    1.80873103    2.63655648    2.30531787    2.19338304    2.14716386    2.65032007    2.59305646    2.17322120    2.23239967    2.28052234    1.93134705    2.63664917    2.15400440    2.09407417    2.40613247    2.45917437    1.97453393    2.23194842    2.07386967    1.90302046    2.20306757    2.25190888    2.46175851    2.98475517    2.12467718    1.80439476    2.23722659    2.07635458    2.23458661    2.21093365    2.35519780    2.36704277    2.06781374    2.42818097    2.39966260    2.04461122    1.85285090    1.76683916    2.24809599    1.84911371    2.20282052    2.03043976    3.30504768    3.20313892    3.69362796    2.18834700    2.54288837    2.10172917
Q12P15_SHEDO/12-153     2.04009166    2.09097455    2.57419878    2.02262021    2.22618084    2.41587536    2.59912570    2.81105246    2.87342007    2.09580773    2.82814442    2.66091577    3.07659303    3.42749914    2.90537275    2.90420738    2.69038591    2.53034324    2.53673640    2.01716242    1.79531293    1.29993284    1.07553272    0.00000000    0.64743880    2.07944397    2.46516411    2.31192326    2.19411665    2.44263496    1.76272123    2.26795252    2.23428320    2.17991280    2.03228053    2.06367117    1.64668036    2.16504107    2.64352528    2.01685768    2.23421715    2.20498293    2.09711045    2.38465996    2.03624753    2.13934467    2.60247889    1.87657183    1.99537752    2.11886626    2.26125734    2.38428547    2.61775319    1.95352029    2.81239839    2.57652799    2.15948632    2.23268114    2.22367631    2.49902018    3.53268811    2.19221934    2.16257663    2.25782256    2.33504576    2.26768167    2.16725509    2.59253491    2.41688776    2.11886636    2.17128243    2.72468784    1.81438272    2.38819308    2.12223052    2.40627880    2.28632072    2.12921621    2.72103864    2.90281173    4.16365463    4.06417177    2.20616424    2.76522774    2.38326929
Q07ZP4_SHEFN/21-162     1.72267832    2.28171589    2.38826928    1.79752485    2.10225421    2.35195751    2.32085937    2.60510378    2.76703227    2.01697152    2.49225413    2.90725684    3.05562434    3.35755727    2.73225857    2.49753843    2.43835195    2.46895632    2.24694298    1.86978021    1.75500806    1.40633568    0.95387522    0.64743880    0.00000000    2.09411113    2.36027701    2.10439803    2.13384580    2.22195000    1.76331932    1.93469075    2.12038158    2.06798041    2.23480636    2.47303509    1.66501012    2.16948157    2.66030868    2.18890490    2.26872270    2.27240747    2.33936903    2.66025912    2.13887000    2.21579151    2.76443413    1.89711097    2.08431891    2.16519438    2.06155972    2.57181099    2.24145407    2.16324769    2.43992019    2.40481475    1.97041192    2.08644045    2.37190177    2.26739977    2.79871515    2.07502866    2.09633972    2.42797802    2.37523484    2.26170425    2.23701091    2.54347608    2.30832078    2.25616231    2.25682983    2.71264632    2.02110578    2.02966127    2.16563377    2.26467525    1.90050774    2.18310989    2.25168962    3.42605976    3.75231326    4.48806294    2.26262340    2.68851164    2.73109558
Q5QXN2_IDILO/7-147     2.15578913    2.35309329    2.59171287    2.60613551    2.37743074    2.61231610    2.77700369    2.40788355    2.68272535    2.65937672    3.63258084    3.53887794    2.55498948    2.97578605    3.29973857    3.15501641    3.01873961    2.34467731    2.59025670    2.08946380    2.08907858    2.69462324    2.11533963    2.07944397    2.09411113    0.00000000    2.17876772    2.06228574    2.38508235    2.39796167    2.34865601    2.27623173    1.99098850    2.26284249    2.46724954    2.57107834    2.14040157    2.21053767    2.63263726    2.38361612    2.33081293    2.81879987    2.23141225    2.57999050    2.40224947    2.46634677    3.18198541    2.06816012    2.16946554    2.24808566    3.04980702    2.88202344    3.18813142    2.40933311    3.07935381    2.73901249    2.43786319    2.22331239    2.90930173    3.82247157    3.70054185    2.82376336    2.60358392    2.47334357    2.79265349    2.56972906    2.35458738    2.69790190    3.14156385    2.85693059    2.87551304    2.59316118    2.53300495    2.53739798    2.38031161    2.40197450    2.57899925    2.71443895    2.82210036    3.59383320    3.82345882    4.26908750    2.93382669    2.46278447    2.69850598
M4U7Y9_9GAMM/11-148     2.23385812    2.82352902    2.14151461    2.21309176    2.16530666    2.35052221    2.75276470    2.68686398    2.28989729    2.64536560    2.48266121    2.82759440    3.56795615    2.82163031    3.54226419    3.49781620    3.45270707    2.32080362    2.66912174    2.23197282    2.22376877    2.24716932    2.12086536    2.46516411    2.36027701    2.17876772    0.00000000    0.91821478    2.81156981    2.12641888    2.15243481    2.02326235    1.90651801    2.18175011    2.40110228    2.50560697    1.80429659    2.24546761    2.52782589    2.49170619    2.25933825    2.52697857    2.42963814    2.36092575    2.32863438    2.14117945    3.53764693    2.60363774    2.75632259    2.46895356    3.09297110    2.71077004    2.71093465    2.63471092    2.47711191    2.35306654    2.26521999    2.49395067    2.18424724    3.28628660    3.75910054    2.67076855    2.54520818    2.74071859    2.51152667    2.38711086    2.38763801    2.39516619    3.02411768    2.92516361    2.64745646    2.44402068    2.47963181    1.94277876    2.56059134    2.35436986    2.85157831    3.19310303    2.39428569    3.70186720    3.75115445    4.25860791    2.96923973    2.89996106    2.48584566
A1SYF5_PSYIN/11-148     1.93349100    2.48116345    1.98825175    2.26056281    2.15720345    2.46935045    2.37812820    2.47252830    2.37598384    2.83263992    2.61563937    2.93070398    2.88193422    2.95471478    3.00781260    3.17426865    3.17786681    2.14201455    2.39792583    2.40963835    2.15285463    2.41497356    2.22177803    2.31192326    2.10439803    2.06228574    0.91821478    0.00000000    2.38140397    2.21208657    2.26148232    1.76149511    2.20414057    1.95331784    2.19824794    2.30410393    1.65330079    1.99370106    2.94149661    2.44872247    2.33993549    2.78497168    2.48417033    3.01434437    2.47368358    2.27973674    3.13529262    2.60727654    2.27043978    2.20104579    2.56206025    2.67474075    2.74335716    2.58150516    2.37391950    2.46894948    2.28220377    2.10306591    2.52266970    2.67349591    2.63048202    2.39056851    2.39837905    2.32933554    2.68950581    1.97155008    2.33932235    2.94654095    2.63353677    2.50667397    2.59621072    2.42724467    2.42659973    2.15846416    2.10710119    2.30067952    2.44044119    2.89849852    2.58326601    3.09096532    3.48943652    4.04511809    2.54983210    3.14678319    2.63326273
C4LFG3_TOLAT/6-147     2.32740395    3.04041214    2.55894389    2.21565050    2.63461171    2.29624994    2.52410983    2.49003372    2.46143721    2.53405498    2.71688294    2.82552584    3.03629138    3.05246402    3.88830783    3.16286715    2.94841158    2.62147764    3.03472369    2.56694210    2.42255063    2.64022453    2.07569895    2.19411665    2.13384580    2.38508235    2.81156981    2.38140397    0.00000000    2.51783739    2.45093663    2.53887329    2.81965703    2.46835412    2.27181344    2.10352788    2.54787256    2.60992052    3.02424844    3.14336119    3.16890576    3.22630896    3.41784921    3.46958623    2.88366773    2.78551138    3.49582616    2.96382985    2.62698131    2.47414557    2.75525214    2.68543986    3.20063065    2.58679142    2.91548798    2.96899998    2.89047564    3.08421321    2.96879592    2.91766549    3.36650024    3.00532407    2.56580061    3.79627047    2.87763341    3.24432707    2.30422638    3.66130445    3.45737843    3.49490079    3.38869967    3.10810220    2.52159806    2.43476753    2.49171910    2.37893545    2.55870500    2.85331185    2.74198657    3.43158864    4.03449723    4.29186443    3.37135377    3.13347002    3.14372349
Q5DZP6_ALIF1/18-161     2.27417109    2.68905410    2.55978573    2.41876809    1.97208857    2.42981476    2.14752456    2.19533969    2.03850379    2.73818873    3.53546137    2.87200895    2.78910371    2.90313552    3.91639433    3.22525808    3.40501523    2.21334543    2.52107347    2.40304496    1.92133388    2.02405868    2.17749506    2.44263496    2.22195000    2.39796167    2.12641888    2.21208657    2.51783739    0.00000000    1.58995273    1.91684442    2.23857755    1.88592266    2.47705655    2.38553808    1.88198480    2.86821698    2.87832883    2.60479890    2.33481145    2.82339351    2.82540991    2.92169681    2.65923488    2.52909730    1.97676728    2.54929025    2.27668080    2.02146335    2.12840599    2.63606751    2.37645586    2.26599277    2.11761671    2.11926409    2.42998958    2.30270855    2.06882245    2.38548509    2.91884878    2.69189229    2.24671223    2.44121434    2.55448470    2.07400062    2.34401545    2.98500888    3.07598984    2.59502806    2.45722866    2.53373733    2.41631053    2.41185885    1.92054806    2.29155584    2.03734030    2.63111067    2.34461424    2.54843001    3.04560066    2.73839752    2.47227584    2.48508934    2.04878973
Q6LG86_PHOPR/16-159     2.17768801    2.20372685    1.94121759    2.01397910    2.27642417    2.71002062    2.78687423    2.99893623    3.05387009    2.18457727    2.66071974    2.45891096    3.15847970    3.04902527    2.94120983    3.18291101    3.18482178    1.92933638    2.02642762    2.16773158    2.08941974    1.69362101    1.84522722    1.76272123    1.76331932    2.34865601    2.15243481    2.26148232    2.45093663    1.58995273    0.00000000    1.34509571    1.73494960    2.03429137    1.86277797    1.84456340    2.04237981    2.21986391    2.41936853    2.69789117    2.62081067    2.68732272    2.65808012    2.88700627    2.25056611    2.43304097    2.84320201    1.85108685    2.39797499    2.25185908    2.14812228    2.38891305    2.65873287    2.15786185    2.63108456    2.29986034    2.39345582    2.30294105    2.17135747    2.21349436    3.29800113    1.97948522    2.01162424    2.31685611    2.35491632    2.63367140    2.25840954    2.31118658    2.33874847    2.12556387    2.16601281    2.37457250    2.15700978    1.85278991    2.01297823    2.07053354    2.00137057    2.42354062    2.07684443    3.24966319    3.98837087    3.62915791    1.77977698    2.18166809    2.13840690
U4KE31_9VIBR/9-141     1.87197508    2.44688397    2.14498212    1.94311776    2.06825572    1.93394350    2.06504550    1.94725872    2.29730972    2.25076334    2.41875471    2.81494938    2.51981648    2.66767390    2.82260753    2.36599144    2.42057984    1.49423214    2.49571356    2.01670356    1.96985928    1.83037582    1.92526416    2.26795252    1.93469075    2.27623173    2.02326235    1.76149511    2.53887329    1.91684442    1.34509571    0.00000000    0.98590382    0.99756139    1.23729651    1.32026162    1.65695944    2.40356212    2.51134753    2.68980561    2.54216490    2.73295860    2.68358405    3.02674401    2.25601912    2.52242428    2.61493563    1.78472172    1.91112471    1.71061151    2.16550177    2.53207880    2.19985126    1.76503705    2.42172137    2.21011689    1.86418271    2.18215294    2.22660558    2.12856896    2.01253898    2.00530553    1.82731871    2.14027078    2.19228357    2.29011969    1.49700498    2.34822381    2.38713311    1.89367881    2.02121870    2.32933665    1.85755096    1.92869330    1.94548017    1.96395604    1.90210339    2.36818151    1.88868349    2.33432823    3.31698966    3.58231318    2.27291679    2.36517736    2.37515057
B7VQI2_VIBA3/19-167     2.12070239    2.56378785    2.51625137    2.28961128    2.34482998    2.16753765    2.25876353    2.12496254    2.41363776    2.26292688    2.46965257    2.79176888    3.30784941    2.84579566    3.57353449    2.69201651    3.27894752    1.80662484    2.36905233    2.37017676    2.25552142    1.89504825    1.87445201    2.23428320    2.12038158    1.99098850    1.90651801    2.20414057    2.81965703    2.23857755    1.73494960    0.98590382    0.00000000    1.14611865    1.16180450    1.24939449    2.16330076    2.57406299    2.36105542    2.32398569    2.34548714    2.37999442    2.50902115    2.78315322    2.30834833    2.24897773    2.96886053    1.88119497    1.99217904    1.82316827    2.60083742    2.69510119    2.48334491    2.30355360    2.57262091    2.19863836    2.05493245    2.10925658    2.40488060    2.58991705    2.55831745    2.44955366    2.12190734    2.30255364    2.17078675    2.14209552    1.95560414    2.62646726    2.50139487    2.22303948    2.29387631    2.24613994    2.04034844    2.42128438    2.48336103    2.09539796    2.38765137    2.44131378    2.47685377    2.73898248    3.32418757    2.65640183    2.32426224    2.24994234    2.63467099
