18
E7GQ72_CLOSY/5-60     0.00000000    0.50917050    0.47850456    0.50936332    1.26011065    1.42504329    1.39329273    1.33967120    1.42579883    1.22178205    0.65969679    0.69743645    0.99561043    0.89289160    0.61155729    0.89653139    0.71989866    0.54592843
D4M3P2_9FIRM/14-67     0.50917050    0.00000000    0.28078968    0.70107688    1.24754745    1.51011273    1.39498679    1.29945169    1.58684511    1.33005041    0.51313729    0.55168224    0.81196709    0.68694965    0.71743263    0.80524068    0.67265326    0.56154618
F2NSM6_TRES6/10-63     0.47850456    0.28078968    0.00000000    0.68239463    1.19452196    1.15695533    1.21364960    1.07244125    1.22870849    1.18981462    0.51095891    0.54334519    0.78488096    0.71589939    0.61226536    0.77897274    0.71161569    0.49122968
G4KT11_OSCVS/10-64     0.50936332    0.70107688    0.68239463    0.00000000    1.02202896    1.36945151    1.28139710    1.24862363    1.60251319    1.21482673    0.68907170    0.66795335    0.85620647    0.71503030    0.56814182    0.74789019    0.73482397    0.40106724
D4JZW3_9FIRM/9-64     1.26011065    1.24754745    1.19452196    1.02202896    0.00000000    0.55465591    0.58542794    0.61435930    0.50657721    0.49513749    1.46658836    1.42142363    1.55940170    1.28503891    1.42903006    1.52469037    1.30091793    0.94540438
A5N4V3_CLOK5/41-96     1.42504329    1.51011273    1.15695533    1.36945151    0.55465591    0.00000000    0.33778505    0.43071969    0.40282802    0.35468255    1.48138580    1.48025957    1.63537063    1.44618993    1.35348319    1.34372494    1.22111472    1.23814832
D7GUX8_9FIRM/7-61     1.39329273    1.39498679    1.21364960    1.28139710    0.58542794    0.33778505    0.00000000    0.29733586    0.31625406    0.33952290    1.19840190    1.39077780    1.41561931    1.19965398    1.19799185    1.45899591    1.19797756    1.16807235
G2T380_ROSHA/6-60     1.33967120    1.29945169    1.07244125    1.24862363    0.61435930    0.43071969    0.29733586    0.00000000    0.26158193    0.32862848    1.36349436    1.36121124    1.48923476    1.30177996    1.27521706    1.37861540    1.16966182    1.07705506
G2T5I4_ROSHA/6-60     1.42579883    1.58684511    1.22870849    1.60251319    0.50657721    0.40282802    0.31625406    0.26158193    0.00000000    0.29305176    1.57017673    1.60436589    1.64656953    1.49484344    1.43827700    1.64571834    1.29853956    1.36030819
A0A1Y4ERX2_9FIRM/6-60     1.22178205    1.33005041    1.18981462    1.21482673    0.49513749    0.35468255    0.33952290    0.32862848    0.29305176    0.00000000    1.50374980    1.38136865    1.66876312    1.39117912    1.25031693    1.33525956    1.15161031    1.15601874
A5N179_CLOK5/20-74     0.65969679    0.51313729    0.51095891    0.68907170    1.46658836    1.48138580    1.19840190    1.36349436    1.57017673    1.50374980    0.00000000    0.28253423    0.48724886    0.42828673    0.39929467    0.63053252    0.72505242    0.44620464
R6JS86_9CLOT/20-75     0.69743645    0.55168224    0.54334519    0.66795335    1.42142363    1.48025957    1.39077780    1.36121124    1.60436589    1.38136865    0.28253423    0.00000000    0.40196561    0.35974606    0.53685305    0.72607319    0.82394793    0.44115412
B7XR29_ENTBH/24-79     0.99561043    0.81196709    0.78488096    0.85620647    1.55940170    1.63537063    1.41561931    1.48923476    1.64656953    1.66876312    0.48724886    0.40196561    0.00000000    0.25414646    0.88570468    0.83106702    0.92500327    0.68739023
A0A1Y3XYD3_9FIRM/24-79     0.89289160    0.68694965    0.71589939    0.71503030    1.28503891    1.44618993    1.19965398    1.30177996    1.49484344    1.39117912    0.42828673    0.35974606    0.25414646    0.00000000    0.77890731    0.87479209    0.83077368    0.60245584
R6AWD0_9CLOT/6-62     0.61155729    0.71743263    0.61226536    0.56814182    1.42903006    1.35348319    1.19799185    1.27521706    1.43827700    1.25031693    0.39929467    0.53685305    0.88570468    0.77890731    0.00000000    0.58111364    0.43398216    0.40918354
R5DFL5_9FIRM/7-62     0.89653139    0.80524068    0.77897274    0.74789019    1.52469037    1.34372494    1.45899591    1.37861540    1.64571834    1.33525956    0.63053252    0.72607319    0.83106702    0.87479209    0.58111364    0.00000000    0.46208517    0.58186659
R6MXW3_9CLOT/5-62     0.71989866    0.67265326    0.71161569    0.73482397    1.30091793    1.22111472    1.19797756    1.16966182    1.29853956    1.15161031    0.72505242    0.82394793    0.92500327    0.83077368    0.43398216    0.46208517    0.00000000    0.61213334
R6N0Q9_9CLOT/8-63     0.54592843    0.56154618    0.49122968    0.40106724    0.94540438    1.23814832    1.16807235    1.07705506    1.36030819    1.15601874    0.44620464    0.44115412    0.68739023    0.60245584    0.40918354    0.58186659    0.61213334    0.00000000

