36
B2A4N3_NATTJ/11-293     0.00000000    0.92775322    0.92544939    0.77299775    0.90989150    0.88065504    0.91567201    0.89014313    1.20363676    1.07181824    0.94259900    0.94923828    1.01886255    0.94910735    0.99291003    0.93663017    0.93106754    0.85339304    0.90200726    0.96008542    1.03343978    0.75267057    1.22103720    1.28194065    1.38875605    1.39803116    1.34975594    1.30930475    1.57891653    1.52347213    0.97600934    1.06672250    1.09495957    1.08620053    0.96117737    0.98058342
Q0AXA8_SYNWW/7-287     0.92775322    0.00000000    0.78247982    0.71076965    0.81102093    0.80799535    0.81766206    0.82701665    1.21864367    1.05565736    1.10033232    1.09656441    1.08357780    1.02491079    0.99545177    1.04696112    1.06926304    1.07150579    0.95920425    1.02027562    1.00579867    0.87239438    1.37208102    1.31618186    1.51552473    1.55970942    1.39232965    1.43676465    1.46041906    1.55411828    0.94187518    1.00869249    1.16435377    1.00894709    0.95481200    1.03895490
K4LUT7_THEPS/6-287     0.92544939    0.78247982    0.00000000    0.61268537    0.69800021    0.68396544    0.68636985    0.68030534    1.08616929    0.85129581    0.89995697    1.00338789    0.95027647    0.87628172    0.85400602    0.86257945    0.83141095    0.87482725    0.86336870    0.82587762    0.91512430    0.73818054    1.22724509    1.13548006    1.30808485    1.36075443    1.25988605    1.23592735    1.27606943    1.30105009    0.90439188    0.86607105    1.12914713    0.94389532    0.83571998    0.98278594
D5XFL8_THEPJ/9-289     0.77299775    0.71076965    0.61268537    0.00000000    0.55940731    0.58647695    0.55803689    0.58127153    0.94281555    0.98857263    1.04681769    1.07242658    0.97030194    0.87166420    0.83719452    0.88407660    0.87762813    0.92007010    0.89429285    0.98367878    0.92219217    0.70961197    1.22045940    1.21095018    1.29745767    1.35102029    1.33184235    1.36872576    1.37153592    1.45558916    0.85558957    0.92630874    1.01354210    0.91429675    0.88106236    0.94736306
F6B978_DESCC/5-283     0.90989150    0.81102093    0.69800021    0.55940731    0.00000000    0.29645020    0.49232332    0.51951832    1.01712811    1.10789107    1.12694815    1.16913969    1.03051696    0.99804238    0.93722641    1.06273374    1.04128119    1.01477449    0.96859128    0.99465933    1.01877214    0.75879852    1.24864098    1.24631734    1.36424120    1.42757863    1.24333421    1.19364767    1.34351305    1.51205364    0.91828477    0.95387266    1.05501196    1.01129661    0.87365932    0.93464758
A4J3N8_DESRM/7-288     0.88065504    0.80799535    0.68396544    0.58647695    0.29645020    0.00000000    0.51546246    0.51011181    1.06692665    1.04757925    1.12765756    1.12675006    1.04766167    1.00018597    0.89769554    1.02064668    0.99843878    1.01399824    1.03625896    0.97451189    1.06254583    0.70128145    1.24407426    1.25527544    1.34987094    1.35787996    1.22464453    1.22065691    1.38602154    1.55895649    0.93725040    0.86602305    0.98935333    1.00667991    0.87334864    0.93632555
R4KN04_9FIRM/3-284     0.91567201    0.81766206    0.68636985    0.55803689    0.49232332    0.51546246    0.00000000    0.42884622    0.99178229    1.10767102    1.15064392    1.26711748    1.06092274    1.05385743    1.00842126    1.10996174    1.12847639    1.06156392    1.04350287    1.01776047    1.08897951    0.74062921    1.20327722    1.19867331    1.28826915    1.25485540    1.24318851    1.26557233    1.33768628    1.30785854    0.94493051    0.96994680    1.11315068    0.97204530    0.93285425    1.00505605
A5D1V1_PELTS/11-292     0.89014313    0.82701665    0.68030534    0.58127153    0.51951832    0.51011181    0.42884622    0.00000000    0.98288913    0.99717344    1.04035376    1.14201090    0.94206068    0.99722042    0.95944448    0.99607759    1.01326807    0.95297961    0.98824090    1.03439752    1.02531394    0.78170206    1.21150722    1.14405085    1.35583650    1.26405318    1.19479597    1.23821042    1.20758600    1.29313562    0.89781561    0.91007797    1.06667605    1.09713561    0.89985649    1.02179702
G8TWK6_SULAD/12-290     1.20363676    1.21864367    1.08616929    0.94281555    1.01712811    1.06692665    0.99178229    0.98288913    0.00000000    1.10631140    1.07439989    1.12544080    1.05315986    1.14036733    1.09875394    1.14319061    1.18850211    1.10482558    1.03440092    1.20845166    1.18292408    1.04682427    1.50123882    1.47296654    1.53165266    1.56011764    1.46855360    1.54797868    1.50741622    1.69725392    1.11162766    1.13397826    1.28753070    1.42009405    1.17204635    1.32214549
Q65I13_BACLD/7-289     1.07181824    1.05565736    0.85129581    0.98857263    1.10789107    1.04757925    1.10767102    0.99717344    1.10631140    0.00000000    0.27077795    0.39800941    0.46847169    0.44746037    0.46817009    0.41474358    0.50911671    0.47159542    0.68999698    0.71179542    0.65295327    1.03503204    1.28008202    1.24634955    1.32887470    1.37944158    1.41823888    1.42408270    1.52797878    1.56919350    1.13461603    1.09655416    1.17527856    1.26172874    1.02480501    1.20585798
YPHB_BACSU/7-288     0.94259900    1.10033232    0.89995697    1.04681769    1.12694815    1.12765756    1.15064392    1.04035376    1.07439989    0.27077795    0.00000000    0.29572114    0.46774357    0.41976123    0.41273324    0.40575735    0.46827952    0.49620441    0.67355173    0.69368152    0.63746612    1.08642103    1.33601325    1.30758751    1.38188539    1.47846135    1.40314364    1.36524939    1.47951073    1.46907990    1.00960291    1.03500427    1.19715848    1.21726046    0.99972044    1.24051557
A8FEM0_BACP2/7-288     0.94923828    1.09656441    1.00338789    1.07242658    1.16913969    1.12675006    1.26711748    1.14201090    1.12544080    0.39800941    0.29572114    0.00000000    0.55847329    0.50205606    0.56519368    0.49605145    0.55497038    0.51315207    0.66692165    0.72424985    0.63543170    1.04483339    1.30927424    1.32547166    1.27259126    1.38894477    1.35070568    1.29416483    1.51072102    1.49234874    1.05561715    1.06353514    1.21867594    1.15284855    0.98748677    1.20221875
Q81FR7_BACCR/7-288     1.01886255    1.08357780    0.95027647    0.97030194    1.03051696    1.04766167    1.06092274    0.94206068    1.05315986    0.46847169    0.46774357    0.55847329    0.00000000    0.37260182    0.41017526    0.43143180    0.47746672    0.44135397    0.65915061    0.72678226    0.69527279    1.05872012    1.24696535    1.25105030    1.43014814    1.41283060    1.28215452    1.33206831    1.39902127    1.35613674    1.10862140    1.04278018    1.13923539    1.15999463    1.04010156    1.21610700
U5LF53_9BACI/7-287     0.94910735    1.02491079    0.87628172    0.87166420    0.99804238    1.00018597    1.05385743    0.99722042    1.14036733    0.44746037    0.41976123    0.50205606    0.37260182    0.00000000    0.29249408    0.24072734    0.32023816    0.42447089    0.62406401    0.67020365    0.66388460    1.00331910    1.35073945    1.31316525    1.44164979    1.50751426    1.39921550    1.33931810    1.48792527    1.47807831    1.14170745    1.00397131    1.15662557    1.09238319    1.02212053    1.14934044
B7GHN7_ANOFW/7-288     0.99291003    0.99545177    0.85400602    0.83719452    0.93722641    0.89769554    1.00842126    0.95944448    1.09875394    0.46817009    0.41273324    0.56519368    0.41017526    0.29249408    0.00000000    0.31220563    0.37748181    0.46734121    0.65577940    0.68176946    0.65698836    0.99180228    1.29226936    1.35401793    1.39920280    1.36494495    1.39824171    1.37355749    1.41253727    1.42204918    1.05991565    1.05773167    1.09260674    1.09390564    0.96173380    1.04097564
N0AVK7_9BACI/2-277     0.93663017    1.04696112    0.86257945    0.88407660    1.06273374    1.02064668    1.10996174    0.99607759    1.14319061    0.41474358    0.40575735    0.49605145    0.43143180    0.24072734    0.31220563    0.00000000    0.38552894    0.45653605    0.62637504    0.63910880    0.58220040    0.99937686    1.34723094    1.22538340    1.39884572    1.40679976    1.36378522    1.32324933    1.51291264    1.52909166    1.03533921    1.05136412    1.12976590    1.14920529    0.99443821    1.17628702
I0JNC1_HALH3/7-287     0.93106754    1.06926304    0.83141095    0.87762813    1.04128119    0.99843878    1.12847639    1.01326807    1.18850211    0.50911671    0.46827952    0.55497038    0.47746672    0.32023816    0.37748181    0.38552894    0.00000000    0.37603518    0.67582327    0.68390911    0.73177309    1.02722517    1.35958901    1.24997045    1.43062386    1.44634990    1.47730252    1.47891327    1.58709994    1.54930370    1.16791826    1.17367932    1.14012919    1.13439603    1.04307258    1.18676165
Q8EQA6_OCEIH/9-290     0.85339304    1.07150579    0.87482725    0.92007010    1.01477449    1.01399824    1.06156392    0.95297961    1.10482558    0.47159542    0.49620441    0.51315207    0.44135397    0.42447089    0.46734121    0.45653605    0.37603518    0.00000000    0.65772260    0.70292182    0.66158546    1.06917482    1.27428423    1.27379139    1.37050354    1.37057962    1.42375110    1.36517820    1.51698345    1.43238102    1.12161489    1.10385130    1.10530590    1.16712097    0.99476475    1.06150721
C0ZCB4_BREBN/13-294     0.90200726    0.95920425    0.86336870    0.89429285    0.96859128    1.03625896    1.04350287    0.98824090    1.03440092    0.68999698    0.67355173    0.66692165    0.65915061    0.62406401    0.65577940    0.62637504    0.67582327    0.65772260    0.00000000    0.50141173    0.55872736    0.96477343    1.25557021    1.32618541    1.35376940    1.44266577    1.37454548    1.44507438    1.46491722    1.50504130    1.02311059    1.03538750    1.16472973    1.08657786    1.01948589    1.13936463
H6NMK9_9BACL/13-294     0.96008542    1.02027562    0.82587762    0.98367878    0.99465933    0.97451189    1.01776047    1.03439752    1.20845166    0.71179542    0.69368152    0.72424985    0.72678226    0.67020365    0.68176946    0.63910880    0.68390911    0.70292182    0.50141173    0.00000000    0.41323567    0.97858223    1.24902964    1.26932098    1.33145994    1.43831942    1.36527136    1.47540185    1.45440833    1.40881717    1.11725610    1.08505520    1.19258282    1.07023128    0.98366278    1.08238484
C6CUA4_PAESJ/14-294     1.03343978    1.00579867    0.91512430    0.92219217    1.01877214    1.06254583    1.08897951    1.02531394    1.18292408    0.65295327    0.63746612    0.63543170    0.69527279    0.66388460    0.65698836    0.58220040    0.73177309    0.66158546    0.55872736    0.41323567    0.00000000    0.98597599    1.27524235    1.18505954    1.43630768    1.43659782    1.32888556    1.40180238    1.51548424    1.48118364    1.08496938    1.09981489    1.13826081    1.06429388    1.08787292    1.21313185
D9S2V8_THEOJ/7-289     0.75267057    0.87239438    0.73818054    0.70961197    0.75879852    0.70128145    0.74062921    0.78170206    1.04682427    1.03503204    1.08642103    1.04483339    1.05872012    1.00331910    0.99180228    0.99937686    1.02722517    1.06917482    0.96477343    0.97858223    0.98597599    0.00000000    1.03176850    1.03048388    1.09379243    1.19563815    1.21939666    1.29541760    1.13685049    1.34529265    0.66070206    0.76239839    0.91553006    0.85653197    0.73935780    0.80059756
M1MI36_9CLOT/13-292     1.22103720    1.37208102    1.22724509    1.22045940    1.24864098    1.24407426    1.20327722    1.21150722    1.50123882    1.28008202    1.33601325    1.30927424    1.24696535    1.35073945    1.29226936    1.34723094    1.35958901    1.27428423    1.25557021    1.24902964    1.27524235    1.03176850    0.00000000    0.91047019    0.93836798    0.93743577    1.41640256    1.36423427    1.39743660    1.48847033    1.16765679    1.17696079    1.09415008    1.18714766    1.25985553    1.19312078
D9R392_CLOSW/12-292     1.28194065    1.31618186    1.13548006    1.21095018    1.24631734    1.25527544    1.19867331    1.14405085    1.47296654    1.24634955    1.30758751    1.32547166    1.25105030    1.31316525    1.35401793    1.22538340    1.24997045    1.27379139    1.32618541    1.26932098    1.18505954    1.03048388    0.91047019    0.00000000    0.99799433    0.92988808    1.35967271    1.36297481    1.43740706    1.53035543    1.15471951    1.15580871    1.20125419    1.26281977    1.28795112    1.32099086
A6TTF3_ALKMQ/15-297     1.38875605    1.51552473    1.30808485    1.29745767    1.36424120    1.34987094    1.28826915    1.35583650    1.53165266    1.32887470    1.38188539    1.27259126    1.43014814    1.44164979    1.39920280    1.39884572    1.43062386    1.37050354    1.35376940    1.33145994    1.43630768    1.09379243    0.93836798    0.99799433    0.00000000    0.29574591    1.51774806    1.54758008    1.55081131    1.56353920    1.21356688    1.18439519    1.13802133    1.31071545    1.26078406    1.40334508
Q9KBF2_BACHD/15-298     1.39803116    1.55970942    1.36075443    1.35102029    1.42757863    1.35787996    1.25485540    1.26405318    1.56011764    1.37944158    1.47846135    1.38894477    1.41283060    1.50751426    1.36494495    1.40679976    1.44634990    1.37057962    1.44266577    1.43831942    1.43659782    1.19563815    0.93743577    0.92988808    0.29574591    0.00000000    1.55573433    1.55512932    1.65715101    1.61422922    1.16388282    1.19094007    1.17784656    1.27806558    1.18683392    1.27494450
Q182W8_CLOD6/4-299     1.34975594    1.39232965    1.25988605    1.33184235    1.24333421    1.22464453    1.24318851    1.19479597    1.46855360    1.41823888    1.40314364    1.35070568    1.28215452    1.39921550    1.39824171    1.36378522    1.47730252    1.42375110    1.37454548    1.36527136    1.32888556    1.21939666    1.41640256    1.35967271    1.51774806    1.55573433    0.00000000    0.39125095    1.19773680    1.31714126    1.18932124    1.16285664    1.50647686    1.39516926    1.31690842    1.39330701
R5X5E6_9CLOT/4-299     1.30930475    1.43676465    1.23592735    1.36872576    1.19364767    1.22065691    1.26557233    1.23821042    1.54797868    1.42408270    1.36524939    1.29416483    1.33206831    1.33931810    1.37355749    1.32324933    1.47891327    1.36517820    1.44507438    1.47540185    1.40180238    1.29541760    1.36423427    1.36297481    1.54758008    1.55512932    0.39125095    0.00000000    1.23112812    1.30833014    1.14483923    1.15737930    1.49655699    1.28186197    1.28837957    1.33533354
Q182X1_CLOD6/14-305     1.57891653    1.46041906    1.27606943    1.37153592    1.34351305    1.38602154    1.33768628    1.20758600    1.50741622    1.52797878    1.47951073    1.51072102    1.39902127    1.48792527    1.41253727    1.51291264    1.58709994    1.51698345    1.46491722    1.45440833    1.51548424    1.13685049    1.39743660    1.43740706    1.55081131    1.65715101    1.19773680    1.23112812    0.00000000    0.50770813    1.11227981    1.18208505    1.30714687    1.26590917    1.37284911    1.44692478
R5Y2K0_9CLOT/14-305     1.52347213    1.55411828    1.30105009    1.45558916    1.51205364    1.55895649    1.30785854    1.29313562    1.69725392    1.56919350    1.46907990    1.49234874    1.35613674    1.47807831    1.42204918    1.52909166    1.54930370    1.43238102    1.50504130    1.40881717    1.48118364    1.34529265    1.48847033    1.53035543    1.56353920    1.61422922    1.31714126    1.30833014    0.50770813    0.00000000    1.21535912    1.22304565    1.44563741    1.43444472    1.28202122    1.40135490
A6TS44_ALKMQ/7-297     0.97600934    0.94187518    0.90439188    0.85558957    0.91828477    0.93725040    0.94493051    0.89781561    1.11162766    1.13461603    1.00960291    1.05561715    1.10862140    1.14170745    1.05991565    1.03533921    1.16791826    1.12161489    1.02311059    1.11725610    1.08496938    0.66070206    1.16765679    1.15471951    1.21356688    1.16388282    1.18932124    1.14483923    1.11227981    1.21535912    0.00000000    0.57400077    0.89368583    0.90577253    0.86190830    0.95727005
K0B188_GOTA9/7-297     1.06672250    1.00869249    0.86607105    0.92630874    0.95387266    0.86602305    0.96994680    0.91007797    1.13397826    1.09655416    1.03500427    1.06353514    1.04278018    1.00397131    1.05773167    1.05136412    1.17367932    1.10385130    1.03538750    1.08505520    1.09981489    0.76239839    1.17696079    1.15580871    1.18439519    1.19094007    1.16285664    1.15737930    1.18208505    1.22304565    0.57400077    0.00000000    0.96035290    0.97704901    0.89489941    1.01191092
Q8R9I6_CALS4/11-293     1.09495957    1.16435377    1.12914713    1.01354210    1.05501196    0.98935333    1.11315068    1.06667605    1.28753070    1.17527856    1.19715848    1.21867594    1.13923539    1.15662557    1.09260674    1.12976590    1.14012919    1.10530590    1.16472973    1.19258282    1.13826081    0.91553006    1.09415008    1.20125419    1.13802133    1.17784656    1.50647686    1.49655699    1.30714687    1.44563741    0.89368583    0.96035290    0.00000000    1.12591682    1.11426346    1.05366689
B8CWY5_HALOH/7-288     1.08620053    1.00894709    0.94389532    0.91429675    1.01129661    1.00667991    0.97204530    1.09713561    1.42009405    1.26172874    1.21726046    1.15284855    1.15999463    1.09238319    1.09390564    1.14920529    1.13439603    1.16712097    1.08657786    1.07023128    1.06429388    0.85653197    1.18714766    1.26281977    1.31071545    1.27806558    1.39516926    1.28186197    1.26590917    1.43444472    0.90577253    0.97704901    1.12591682    0.00000000    0.70992805    0.71454494
D9QPX5_ACEAZ/6-289     0.96117737    0.95481200    0.83571998    0.88106236    0.87365932    0.87334864    0.93285425    0.89985649    1.17204635    1.02480501    0.99972044    0.98748677    1.04010156    1.02212053    0.96173380    0.99443821    1.04307258    0.99476475    1.01948589    0.98366278    1.08787292    0.73935780    1.25985553    1.28795112    1.26078406    1.18683392    1.31690842    1.28837957    1.37284911    1.28202122    0.86190830    0.89489941    1.11426346    0.70992805    0.00000000    0.44726654
L0KAG3_HALHC/6-299     0.98058342    1.03895490    0.98278594    0.94736306    0.93464758    0.93632555    1.00505605    1.02179702    1.32214549    1.20585798    1.24051557    1.20221875    1.21610700    1.14934044    1.04097564    1.17628702    1.18676165    1.06150721    1.13936463    1.08238484    1.21313185    0.80059756    1.19312078    1.32099086    1.40334508    1.27494450    1.39330701    1.33533354    1.44692478    1.40135490    0.95727005    1.01191092    1.05366689    0.71454494    0.44726654    0.00000000

