174
C5CFS6_KOSOT/17-130     0.00000000    0.72348010    0.55442595    0.48931652    0.54262503    0.71422213    0.66517323    0.76023373    0.82523493    0.71710048    0.66550156    0.75137409    0.97702408    0.70686313    0.66128355    0.84833957    1.08259379    0.97913084    0.82262821    0.84558986    0.71956866    0.67748570    0.73186005    0.74214695    0.76566939    0.84923090    0.77863134    0.70564842    0.80579204    0.69516915    0.73592574    0.94789406    1.02144345    1.00167844    1.30172371    1.38910377    1.14014018    1.42038074    1.49415867    1.32958439    1.51100974    1.45548350    1.51813685    1.52855900    1.56627316    1.53759609    1.44175872    1.50078045    1.46405028    1.67295355    1.45310025    1.65717914    1.53595772    1.58008856    1.62679448    1.33678238    1.48032221    1.39995071    1.58533762    1.47927657    1.47215863    1.51722712    1.40544186    1.31237670    1.46871292    1.53024456    1.49639196    1.14082371    1.94316833    1.47035285    1.39100406    1.57041315    1.11679471    1.26835662    1.30981170    1.32897782    1.31124757    1.27275164    1.29427291    1.55076975    1.41585035    1.64878270    1.48517352    1.39057398    1.32742363    1.41917724    1.44508662    1.38739527    1.71068387    1.44754486    1.38324735    1.35323504    1.53117611    1.64387172    1.71056682    1.77876431    2.00926474    2.18319745    1.69027372    1.83244235    1.77391936    1.32346535    1.38841272    1.66127251    1.60926163    1.65739701    1.36261333    1.13767012    0.82383470    0.76697980    0.83028187    0.53092106    0.77758505    0.79096719    0.79636837    0.80800223    0.78892597    0.79749598    0.64202151    0.56762986    0.72072552    0.73704305    0.75821223    0.80486747    0.78983552    0.81175236    0.76751183    0.75527758    0.84594904    0.72433175    0.64291185    0.85256734    0.65171583    0.68651676    0.70844778    0.75809496    0.69504061    0.74743837    0.78266865    0.74616349    0.79104972    0.66579475    0.78302954    0.67487813    0.68665279    0.80651281    0.68672473    0.51337263    0.55518990    0.51012882    0.62958194    0.68786985    0.75416507    0.68422549    0.67591910    0.73980132    0.65215206    0.60350867    0.86151709    0.96563884    0.77510949    0.87022213    0.67753499    0.74552578    0.74650650    0.72756447    0.80107718    0.56593435    0.71210458    0.66193482    0.66547246    0.56325373    0.54111272    0.61258835
Q0W0S6_METAR/23-134     0.72348010    0.00000000    0.52618568    0.65436419    0.62282485    0.76400495    0.75431985    0.62667600    0.67826251    0.77711994    0.74056698    0.84566160    0.69129785    0.67515870    0.82185952    0.87478929    1.02321945    0.92081149    0.90070640    0.91813777    0.83770890    0.68080679    0.66505802    0.69084238    0.82444825    0.72437207    0.86487763    0.67422514    0.90595451    0.81080343    0.79179677    1.09856021    1.07383860    1.08350135    1.29014732    1.46886161    1.29684350    1.55595572    1.58666148    1.47056290    1.64638046    1.55859132    1.55280708    1.52676034    1.53816899    1.50728228    1.50043636    1.66196665    1.64757769    1.67939787    1.58002298    1.66543101    1.51183730    1.63601964    1.62672497    1.47785937    1.59269316    1.49593392    1.51718919    1.50026537    1.72002641    1.67079897    1.71172848    1.63827838    1.63354303    1.83047668    1.33207215    1.03414552    1.45148620    1.33156583    1.38051354    1.57209171    1.29727103    1.26448590    1.04329552    1.10446454    1.03081557    1.23710823    1.04857406    1.27366509    1.34714751    1.33434599    1.29987734    1.17676832    1.31663538    1.20114086    1.28539350    1.20049085    1.48098921    1.21491153    1.18331540    1.26500989    1.38019644    1.54135933    1.50972996    1.56849787    1.81582762    2.05327992    1.36298830    1.41998691    1.44376544    1.28551256    1.49068155    1.51705632    1.51286535    1.54592125    1.42976211    0.95800670    0.75870224    0.96062868    1.01983186    0.72729624    0.88641188    0.96868721    0.81824922    0.85322207    0.82298504    0.82710744    0.68363660    0.69498065    0.80625562    0.65675499    0.72692685    0.76412212    0.72849288    0.68352365    0.82140398    0.66631997    0.83006986    0.62759342    0.71137098    0.85629436    0.62487291    0.70660701    0.71816750    0.84161260    0.90584795    0.87100000    0.88332416    0.77151662    0.78538759    0.64178362    0.70432195    0.78447408    0.79733933    0.74458086    0.75411188    0.61664079    0.55606207    0.67372283    0.62122938    0.69288311    0.52637789    0.68877748    0.68620937    0.68279291    0.62578954    0.65953901    0.79004333    0.86415548    0.78564607    0.70243033    0.72836987    0.71269787    0.77677734    0.74342660    0.67234911    0.74472001    0.65624087    0.68207086    0.91262457    0.65686611    0.67576722    0.60460673
D1YX89_METPS/25-135     0.55442595    0.52618568    0.00000000    0.57281563    0.61695631    0.66819684    0.65445829    0.66259567    0.71251178    0.77227704    0.83625252    0.91901451    0.81388627    0.73577585    0.87863045    0.89346305    1.01980931    0.94640965    0.81790605    0.86453597    0.74621632    0.65104146    0.72801679    0.78524926    0.84036589    0.73242286    0.81005734    0.62729618    0.89935514    0.76757032    0.72489535    1.12621450    1.02953713    1.09919648    1.23551654    1.17795958    1.14759574    1.29940674    1.36468241    1.29288213    1.32768472    1.36890238    1.20523747    1.32496556    1.38543969    1.39718981    1.45967898    1.49370496    1.45730747    1.45196379    1.39402460    1.65308637    1.39796381    1.43591676    1.46524015    1.30067712    1.43529965    1.42928176    1.33906052    1.39142894    1.54352150    1.47495892    1.55706454    1.48295235    1.43246990    1.59985580    1.51851030    1.24137719    1.67766315    1.48448929    1.45995275    1.70399523    1.13983380    1.36039463    1.21241260    1.27817968    1.32322364    1.32464425    1.27565482    1.60617577    1.49633583    1.44661909    1.40246079    1.30174306    1.40201607    1.20729394    1.35532674    1.46678598    1.55895224    1.47169632    1.45493364    1.41469453    1.40284450    1.58908953    1.85141236    1.63278057    1.86958102    2.08692149    1.67343416    1.81454244    1.73676339    1.42297344    1.57029204    1.77293647    1.64251782    1.45696925    1.44444630    1.03023172    0.75220165    0.85699629    0.85805978    0.67164160    0.80879959    0.85708720    0.87255101    0.81111423    0.83112315    0.86171806    0.63836408    0.62274766    0.76636489    0.67376473    0.70490654    0.74739294    0.76479329    0.72786911    0.78973616    0.68222528    0.93360621    0.72985679    0.75144551    0.99448225    0.74396765    0.68669269    0.76862244    0.81419589    0.94480089    0.82542359    0.84390435    0.88897748    0.79982926    0.63310424    0.72279318    0.77203672    0.83601789    0.76966024    0.73856612    0.63096876    0.64359939    0.65716397    0.66598303    0.82114415    0.67709688    0.76181405    0.71941297    0.75969527    0.70092533    0.64716830    0.77487353    0.95742214    0.84752558    0.80128076    0.75661305    0.78895366    0.68595367    0.81871407    0.71272884    0.68747680    0.70506847    0.74433377    0.82165496    0.66696860    0.73025507    0.72801364
D2RKT6_ACIFV/13-124     0.48931652    0.65436419    0.57281563    0.00000000    0.45144771    0.68242346    0.68617223    0.64304800    0.67307241    0.73072103    0.72759340    0.69801644    0.90700580    0.72531035    0.68087940    0.86368850    0.96668371    0.89630918    0.84297343    0.71842735    0.75560240    0.58803819    0.60848722    0.60333952    0.83074079    0.80549547    0.69531173    0.65653103    0.62967710    0.71931032    0.77889011    0.77773795    0.84831662    0.82985003    1.08772072    1.31755418    1.32742989    1.50716310    1.55883203    1.41601950    1.54856553    1.54062983    1.46762236    1.45456429    1.60325707    1.29807453    1.26046379    1.29998730    1.23420123    1.47162711    1.33562800    1.46524571    1.37157445    1.40566318    1.35550161    1.29340382    1.43432552    1.32983458    1.43408883    1.34900086    1.49770387    1.56737382    1.42449354    1.47640585    1.39625729    1.69334722    1.25231173    1.11821522    1.46035018    1.45417597    1.42507303    1.46603629    1.17474645    1.15052091    1.26327538    1.26939429    1.18990717    1.28376449    1.24199007    1.48178973    1.44606397    1.51720402    1.44423507    1.35228265    1.49008326    1.32238436    1.44693514    1.35726216    1.45952379    1.37288360    1.52416462    1.40830827    1.41020088    1.43704247    1.64926097    1.46847660    1.75340983    1.77510439    1.49976964    1.57525323    1.41380779    1.28163833    1.38853481    1.49595829    1.48757979    1.54783314    1.23045692    0.76878886    0.67009838    0.71669887    0.83405315    0.48961280    0.72241794    0.71568546    0.67066050    0.66295221    0.69080867    0.66622665    0.53104561    0.49497701    0.59607076    0.62813253    0.52333797    0.54584175    0.56772336    0.62419059    0.54790953    0.64775890    0.62161242    0.65506795    0.49062094    0.69288414    0.61868450    0.64532044    0.71743620    0.60949850    0.71360450    0.67852229    0.72128108    0.62844612    0.64850264    0.57051197    0.54474165    0.58620281    0.61833337    0.57399168    0.50048467    0.42012929    0.51011487    0.49974595    0.57583180    0.47102384    0.54376631    0.69727054    0.55718102    0.63739029    0.64207093    0.56680508    0.75956483    0.88378559    0.75624073    0.73939115    0.62352219    0.64031226    0.56651772    0.63868621    0.67966572    0.63644647    0.74241868    0.60070435    0.49048780    0.52181810    0.65347947    0.79381077
Q24UZ2_DESHY/26-135     0.54262503    0.62282485    0.61695631    0.45144771    0.00000000    0.67179170    0.59705493    0.57384680    0.58351397    0.62805589    0.60032199    0.69954310    0.66092757    0.65486434    0.59548383    0.75999165    0.88934272    0.87597571    0.81796419    0.59394071    0.62964821    0.55517745    0.58376886    0.58533818    0.74544592    0.71284336    0.55085645    0.57226137    0.58661812    0.68856056    0.73848541    0.83020224    0.90878000    0.83739327    1.00768533    1.19382423    1.14894286    1.30799653    1.36107675    1.29829874    1.35008944    1.35044119    1.38911490    1.42819104    1.36485257    1.28868477    1.27555212    1.28471529    1.25729671    1.39031339    1.36155179    1.52361977    1.45220195    1.48740977    1.35178476    1.12489032    1.22113722    1.32370570    1.37055638    1.21225210    1.46584921    1.34072135    1.47516748    1.37291943    1.29683210    1.57994099    1.14633782    0.99094476    1.48895595    1.24702051    1.58424885    1.39825164    1.17633270    1.07491174    1.10042081    1.06114081    1.03381411    1.21830658    1.28394543    1.45456649    1.46798497    1.45648319    1.50409969    1.32281463    1.26724842    1.26691740    1.26687968    1.15660186    1.28153566    1.31049661    1.37546687    1.14901674    1.36373910    1.31153502    1.67299373    1.59615007    1.86967825    2.12208957    1.50061163    1.72106534    1.63348209    1.19896444    1.32745133    1.38740233    1.53315604    1.52613556    1.11843503    0.72519438    0.56774401    0.63321820    0.78030010    0.50971395    0.64037637    0.61168444    0.70384461    0.63931569    0.57283090    0.64997486    0.54539007    0.46458857    0.55088877    0.51571924    0.53065153    0.52935333    0.61679287    0.56635153    0.49465132    0.44247550    0.55417019    0.40148624    0.48786081    0.61528779    0.46389456    0.52411517    0.57383153    0.56542785    0.68837593    0.68008140    0.74874546    0.52991339    0.56760726    0.59462799    0.55227949    0.44381502    0.44677725    0.54542085    0.43793015    0.40665293    0.51581057    0.60275683    0.44526135    0.48526166    0.51798563    0.55237272    0.63907657    0.62593955    0.57215506    0.53173086    0.68499465    0.75855255    0.67270496    0.63144578    0.54234999    0.58042340    0.54878034    0.66991395    0.55350533    0.55020430    0.66508938    0.59775377    0.58610727    0.48242059    0.54296178    0.68902538
Q9X1X5_THEMA/16-129     0.71422213    0.76400495    0.66819684    0.68242346    0.67179170    0.00000000    0.39435240    0.61912129    0.71889996    0.69739625    0.78728285    0.91456615    0.94043872    0.85827512    0.92426148    0.94200863    0.91889772    1.00624881    0.93663567    0.74569175    0.79709980    0.70745079    0.62685114    0.65981182    0.84964033    0.70314241    0.73329625    0.62334609    0.77721909    0.52732014    0.56791674    0.96577337    0.98032483    1.06129817    1.22942779    1.21492082    1.18837018    1.40391798    1.37077654    1.23997439    1.42052146    1.47123587    1.27172118    1.35635762    1.49711764    1.40955900    1.60025487    1.48676397    1.42014992    1.52387976    1.53290219    1.72570781    1.46809584    1.54016775    1.59681675    1.45878809    1.42312534    1.42146783    1.44994156    1.37499316    1.69202366    1.58743065    1.79039508    1.68902021    1.69608427    1.68704403    1.24600063    1.31697718    1.59978362    1.47204691    1.44827840    1.62939925    1.10900191    1.13255026    0.95476224    1.07733735    1.06143616    1.24995436    1.14942664    1.48618801    1.41679913    1.42541784    1.34365192    1.35774381    1.29334594    1.22831117    1.36570137    1.15822350    1.58160975    1.20358440    1.19764479    1.39601718    1.38630666    1.34079507    1.83644960    1.76805697    2.08078733    2.36337530    1.76390933    1.81374114    1.79156967    1.40669100    1.58466176    1.66059203    1.58968505    1.74573874    1.18825274    1.12893289    0.69316174    0.79447902    0.75368212    0.60197903    0.74165864    0.58959175    0.68027266    0.57574107    0.60379965    0.73213550    0.56068470    0.56566245    0.75359515    0.72540089    0.60438144    0.74194323    0.72030467    0.62523472    0.79493540    0.59250438    0.75974993    0.68947684    0.66011183    0.93673739    0.72098358    0.70412257    0.76208271    0.60217938    0.68424806    0.63693475    0.56085139    0.82148865    0.68312131    0.63549688    0.64914469    0.72351315    0.60407030    0.76995954    0.73120470    0.62888067    0.65310273    0.75530623    0.64431262    0.77805288    0.67376516    0.78982273    0.60425608    0.57950100    0.57651003    0.72419468    0.86435668    0.74950976    0.88898445    0.83442658    0.68504847    0.76884136    0.77840029    0.72339679    0.77293012    0.66910052    0.73822533    0.75822955    0.71752209    0.59046701    0.60765194    0.69441586
A8F4A4_PSELT/20-137     0.66517323    0.75431985    0.65445829    0.68617223    0.59705493    0.39435240    0.00000000    0.65188368    0.86084308    0.75091237    0.78009163    0.75152984    0.81316852    0.73984938    0.90333897    1.02176133    1.00572866    1.09077665    0.91570587    0.84087604    0.79047802    0.78768257    0.85434886    0.83071279    0.94543300    0.85895603    0.81580849    0.74060176    0.81056106    0.63241510    0.67789034    1.00350770    0.99434622    0.98582564    1.11876732    1.42159632    1.34749941    1.52420823    1.59679162    1.38827186    1.50859206    1.61627636    1.43892070    1.76639906    1.56532988    1.47949648    1.50727427    1.54013469    1.38914818    1.50728759    1.48829156    1.75658657    1.49187665    1.45314665    1.59007661    1.33488114    1.47307157    1.48063572    1.45940586    1.45409255    1.68990265    1.70410922    1.82300403    1.65657067    1.65186838    1.83257991    1.44169002    1.41225447    1.70103904    1.42395377    1.67759683    1.52964785    1.08374224    1.17686170    1.11339864    1.10574521    1.05984782    1.16931212    1.19760541    1.37181800    1.40994425    1.44342029    1.41860271    1.32290406    1.30496501    1.44156782    1.36766832    1.14108311    1.45614777    1.35065702    1.40504396    1.34472140    1.43096573    1.43340649    1.72393319    1.73658972    1.98509094    2.22229044    1.61793965    1.59306240    1.56293158    1.43447992    1.50072570    1.66239593    1.58678216    1.76304407    1.33315713    1.12994369    0.77899954    0.75727365    0.84365192    0.57329529    0.75934756    0.74799388    0.78491059    0.72170007    0.77944070    0.83171402    0.61394174    0.64333587    0.73641307    0.72969591    0.63624076    0.75758798    0.71509236    0.67696505    0.86865765    0.62159058    0.75695311    0.63439564    0.62401057    0.86271286    0.61828869    0.70446919    0.78917516    0.53117882    0.70735699    0.64555614    0.67221932    0.86459823    0.76503391    0.58108391    0.67187802    0.63424471    0.64095182    0.70639864    0.82296918    0.55278366    0.59064945    0.66571898    0.68386684    0.73224367    0.70480986    0.75798096    0.59307679    0.68142416    0.63750941    0.76030737    0.78034450    0.70764106    0.85129475    0.84642279    0.74163580    0.75413948    0.88392557    0.79219590    0.64757432    0.65001251    0.79645625    0.65592085    0.69533274    0.55971002    0.56685732    0.71725313
Q3ZAF6_DEHM1/19-128     0.76023373    0.62667600    0.66259567    0.64304800    0.57384680    0.61912129    0.65188368    0.00000000    0.41391239    0.51028677    0.71136711    0.75746795    0.68230817    0.61392602    0.86385962    0.87173709    0.89330057    0.97205873    0.99911620    0.84732538    0.87194821    0.58967981    0.53340111    0.61998687    0.66347290    0.76649892    0.62864968    0.55042481    0.80313852    0.79513442    0.75384407    0.96319519    0.92286791    0.98467748    1.10851672    1.37545142    1.24837032    1.35266569    1.37369893    1.38731233    1.34968197    1.50756693    1.35061230    1.36837786    1.42262396    1.22408175    1.21389378    1.35610021    1.31085013    1.30131998    1.31317486    1.43238370    1.33149118    1.39828014    1.32062674    1.30627508    1.25661898    1.34478512    1.25248783    1.29001474    1.50844765    1.61996571    1.59197098    1.41127109    1.53815959    1.65471264    1.24852531    1.07149272    1.50883196    1.25270809    1.44612309    1.41877810    1.07867727    1.11919432    1.17941014    1.06439251    1.14541986    1.03018607    1.04928114    1.41992944    1.36099917    1.40416479    1.22359810    1.23501597    1.20465313    1.02984442    1.15584838    1.18972238    1.49164585    1.31422547    1.28729156    1.31782615    1.40938450    1.49251286    1.68628799    1.84437820    1.90450576    2.05687615    1.64069987    1.55935951    1.46181578    1.26623811    1.33676361    1.35773139    1.29038799    1.73617273    1.42343972    0.86180669    0.63484327    0.74689212    0.92979666    0.70364146    0.87058985    0.67008245    0.60116108    0.60420930    0.71152875    0.65947210    0.74715833    0.60711540    0.81416054    0.73604581    0.64776474    0.67790690    0.67120749    0.71035498    0.81068243    0.57292216    0.75677061    0.68480194    0.66849972    0.71508067    0.63292028    0.69920576    0.71040784    0.72756332    0.81959296    0.70899771    0.62117392    0.73164569    0.77935433    0.71784289    0.70513600    0.78774396    0.74428717    0.66859856    0.68638054    0.62456796    0.58694892    0.63375399    0.63121202    0.81924714    0.65106608    0.69255948    0.66189093    0.67196535    0.64535314    0.76358270    0.84149980    0.83161628    0.79770373    0.72474799    0.70274880    0.77142067    0.70494105    0.73310614    0.68051577    0.71854819    0.70225762    0.78600804    0.80193933    0.69384332    0.67152612    0.73460423
A0LK80_SYNFM/37-148     0.82523493    0.67826251    0.71251178    0.67307241    0.58351397    0.71889996    0.86084308    0.41391239    0.00000000    0.54872955    0.84964017    0.89730285    0.80214267    0.79463531    0.95011222    0.88817044    0.93947979    0.98959618    0.84031865    0.87319793    0.91662962    0.63783216    0.60313565    0.59254342    0.77147755    0.73396639    0.75911297    0.64839601    0.82822382    0.67070236    0.72439429    0.93055379    0.87574757    0.89765206    1.08598599    1.18849173    1.14329119    1.38799923    1.25489716    1.20464245    1.30321997    1.30791300    1.26827602    1.29133519    1.28049322    1.21086178    1.26659726    1.23177522    1.33543432    1.29963954    1.34728872    1.43822835    1.29128582    1.43446197    1.31418456    1.16625113    1.05667299    1.26458249    1.24274572    1.25383796    1.55815244    1.37077676    1.58594994    1.37457580    1.39449944    1.56798366    1.18100063    1.09031945    1.46395300    1.43198849    1.54585432    1.47551825    1.12735349    1.25569657    1.18844952    1.23077964    1.28273063    1.27059056    1.18829132    1.49385600    1.36996247    1.51399907    1.25331711    1.28437689    1.29415366    1.19282393    1.24477279    1.32682865    1.52972126    1.47262605    1.49042276    1.38175441    1.44794249    1.51812643    1.63593326    1.71357902    2.12057020    2.08889221    1.60507413    1.71204491    1.53107859    1.20301092    1.28591824    1.35808631    1.19916247    1.63651516    1.27021234    0.85787046    0.74634396    0.71944877    0.91623572    0.81701066    0.94577595    0.87384462    0.79447172    0.80461066    0.77779639    0.80304256    0.73851292    0.67270693    0.79216381    0.75005162    0.75234681    0.80617921    0.78876570    0.73467140    0.84255237    0.64942362    0.84434648    0.74752235    0.77005261    0.81603280    0.77452755    0.79486951    0.80231610    0.65585230    0.85214233    0.77370934    0.80695597    0.74378533    0.72993124    0.68524738    0.71331936    0.86062193    0.71671461    0.76663675    0.69764758    0.59158418    0.70786973    0.71233440    0.58442651    0.83837854    0.75664368    0.78268786    0.73783304    0.71616013    0.71175202    0.57040921    0.83619381    0.87447798    0.77572143    0.68085460    0.76938613    0.75873787    0.61127884    0.62449354    0.66926572    0.64666339    0.67757588    0.79093848    0.61762353    0.62084174    0.66362296    0.74454428
D8K1M2_DEHLB/20-131     0.71710048    0.77711994    0.77227704    0.73072103    0.62805589    0.69739625    0.75091237    0.51028677    0.54872955    0.00000000    0.74427874    0.80742457    0.97992370    0.77169507    0.82814720    0.94367084    1.03472230    1.12186552    0.98583562    0.86572977    0.79577845    0.63645939    0.67611090    0.68368211    0.75114457    0.89064312    0.74626334    0.67288357    0.94299595    0.77936622    0.81386526    1.07819987    1.07187537    1.13151426    1.30880232    1.22801525    1.36254043    1.46222712    1.36531682    1.34754670    1.46076141    1.44463060    1.43778209    1.41586582    1.47356941    1.36153703    1.25282000    1.28708386    1.28101195    1.28034141    1.25482253    1.53884312    1.41716894    1.45334951    1.41425642    1.26315160    1.17189344    1.13489642    1.39316248    1.36957186    1.46057555    1.61882951    1.69361761    1.56815012    1.59233758    1.76609413    1.25121368    1.18008490    1.65637439    1.37628207    1.45714392    1.19877984    1.06611482    1.30973556    1.15359239    1.22161052    1.12024486    1.22843564    1.21374339    1.40934397    1.47496820    1.39009464    1.48412265    1.20986617    1.40016530    1.32502624    1.46570985    1.22676505    1.53294438    1.34270252    1.39409076    1.25708457    1.59567409    1.51768215    1.87613771    1.97266987    1.91663649    2.20854708    1.89538913    1.87582977    1.84434675    1.28398050    1.38199622    1.47253031    1.45606908    1.73576073    1.36825336    0.96370652    0.80572678    0.86073115    1.11453093    0.74496330    0.82047529    0.71801568    0.63630334    0.62686451    0.63461533    0.56498810    0.81377330    0.75306913    0.75339481    0.71953192    0.73715593    0.71988334    0.73854954    0.73173000    0.78145548    0.70629031    0.86780313    0.64517503    0.73355784    0.93857141    0.75150599    0.68730313    0.80134669    0.62419472    0.76727047    0.71458036    0.71708444    0.82638802    0.86522732    0.85860001    0.74660203    0.82714253    0.80146456    0.78221783    0.78735717    0.70326015    0.69639770    0.65341298    0.70113702    0.68420840    0.73096205    0.72457614    0.75131425    0.69218179    0.74234100    0.57324512    0.77019518    1.07390592    0.86345518    0.84429685    0.86153107    0.71151769    0.74841161    0.70418864    0.85759439    0.70036307    0.71188621    0.82657145    0.78529846    0.62251554    0.66943511    0.81648712
A2SSH5_METLZ/8-119     0.66550156    0.74056698    0.83625252    0.72759340    0.60032199    0.78728285    0.78009163    0.71136711    0.84964017    0.74427874    0.00000000    0.59292166    0.58985714    0.56091995    0.58710984    0.93650913    0.87318486    0.94325653    0.86124381    0.81912342    0.84191069    0.73223150    0.82813155    0.75511566    0.83529090    0.91314326    0.66176734    0.75234831    0.87536129    0.71816777    0.79287907    1.03787971    0.90109660    1.04707624    1.28695366    1.26925897    1.23769017    1.29637138    1.29345464    1.23122685    1.49655541    1.34255824    1.44536808    1.48603126    1.51581621    1.43499638    1.35711171    1.43623129    1.35308151    1.50576968    1.37486557    1.47801723    1.44694641    1.49233826    1.41346936    1.14803895    1.30595951    1.44885477    1.46677398    1.39369377    1.45222326    1.31374533    1.57433792    1.48373991    1.60662636    1.48190060    1.37981116    1.13198012    1.69338281    1.25551285    1.34032206    1.39011440    1.25860087    1.12286774    1.09314773    1.15781002    1.06466042    1.23052594    1.06677207    1.34085778    1.43031187    1.44024759    1.35751044    1.29500477    1.24779144    1.18356842    1.28042116    1.17663900    1.51902984    1.28207229    1.32187308    1.19615354    1.26027555    1.36683351    1.51025597    1.80283546    1.96924928    2.05603348    1.54623551    1.57872457    1.50834317    1.29883561    1.38650156    1.47332906    1.55872673    1.57705060    1.33055768    0.88851786    0.78240023    0.91296691    0.85813175    0.64404012    0.87411620    0.75778042    0.70010048    0.64054380    0.67838753    0.67981978    0.72351155    0.71453218    0.74219381    0.65895688    0.69706542    0.71124408    0.71692247    0.72805209    0.68657036    0.71100539    0.83967463    0.62841595    0.72015744    0.84701792    0.60615960    0.70890170    0.80795533    0.82851508    0.75576138    0.75405854    0.80461419    0.75574996    0.98993037    0.73733692    0.84846837    0.67773716    0.85128042    0.73079360    0.69676824    0.69614971    0.54896986    0.69693521    0.60052901    0.76000328    0.74332699    0.77296951    0.76607515    0.73940240    0.71474421    0.74435753    0.86086145    0.86910789    0.63259744    0.68942793    0.65236555    0.71065162    0.72123126    0.73895283    0.71675224    0.66808151    0.71510931    0.85756277    0.81219434    0.71401256    0.69511199    0.75498340
E1RJV8_METP4/9-120     0.75137409    0.84566160    0.91901451    0.69801644    0.69954310    0.91456615    0.75152984    0.75746795    0.89730285    0.80742457    0.59292166    0.00000000    0.65809021    0.48122558    0.63486072    0.96792723    0.94647345    0.91821331    0.78878627    0.90952465    0.95544382    0.75922275    0.92238828    0.84003753    0.92177384    1.07822439    0.85993342    0.83178032    0.90282474    0.66161893    0.74763180    0.88758260    0.83198853    0.91341202    1.19038653    1.42309651    1.30850242    1.45944482    1.42890744    1.45446692    1.50794565    1.41328310    1.51265503    1.54580163    1.55969315    1.44249999    1.38943666    1.37882938    1.42978841    1.53738423    1.43121915    1.66363206    1.53608093    1.59442846    1.42746573    1.37865081    1.39020095    1.60925967    1.72058653    1.37072150    1.56736150    1.39716459    1.53492263    1.45782539    1.38662628    1.63461536    1.32608926    1.19433489    1.72345240    1.28749898    1.44701151    1.51291175    1.34216244    1.14305922    1.15304810    1.14702520    1.17864278    1.16334986    1.22302258    1.30774424    1.56107479    1.52067993    1.39832834    1.43588104    1.34695876    1.19417521    1.39225027    1.34425204    1.46099243    1.56356095    1.62646166    1.31197855    1.39872006    1.35358484    1.39774227    1.58842676    1.81730302    1.96591433    1.30545748    1.43491582    1.43570744    1.35044172    1.40727288    1.63347025    1.57108673    1.58096788    1.26576748    0.84309212    0.72587107    0.87430475    0.86386018    0.79116106    0.85527784    0.79784023    0.72805672    0.72565985    0.77849218    0.77886904    0.73651535    0.83956214    0.76024871    0.81908550    0.74778003    0.71745351    0.69734218    0.73299208    0.87164270    0.78318921    0.83488527    0.71786981    0.68327488    0.78345808    0.69159461    0.79456984    0.83937717    0.82156770    0.68912848    0.82322064    0.84721318    0.97826627    0.96037679    0.79846664    0.84678619    0.78051222    0.90681942    0.77035891    0.72227632    0.72660701    0.65585605    0.61259492    0.60683201    0.81062707    0.88324438    0.78169406    0.70312022    0.76843337    0.86791279    0.78161600    0.67275523    0.89378151    0.76471911    0.79421736    0.94300589    0.84371715    0.81139801    0.90538813    0.79209684    0.72371525    0.87804883    0.86605314    0.83540347    0.79280098    0.87230177    0.91153101
Q2FPP3_METHJ/9-120     0.97702408    0.69129785    0.81388627    0.90700580    0.66092757    0.94043872    0.81316852    0.68230817    0.80214267    0.97992370    0.58985714    0.65809021    0.00000000    0.46703741    0.72155066    0.77054656    0.90306841    1.08057259    0.88580963    0.88219857    0.78127655    0.74620798    0.85497604    0.92149522    0.99309750    0.94942587    0.75394901    0.81235666    0.96007100    0.91287991    0.81845577    1.10865265    0.90445264    0.97497166    1.22809662    1.31126138    1.34863906    1.33484349    1.43187422    1.41618654    1.44518678    1.51220964    1.37550936    1.43471367    1.40135646    1.29352396    1.34687768    1.26250075    1.32895634    1.28683858    1.29113233    1.45361581    1.40475557    1.36985321    1.41298101    1.17030273    1.13818012    1.37588231    1.41379908    1.30359879    1.75621686    1.44749779    1.73958100    1.51141551    1.56561999    1.66054506    1.35835229    1.20449213    1.55853043    1.34415316    1.39396356    1.54784461    1.45001306    1.17194853    1.10590885    1.06153063    1.13118411    1.13322048    1.10841887    1.19171223    1.29119084    1.25629485    1.21625856    1.24085732    1.24061571    1.13885787    1.27985071    1.22142483    1.54850288    1.32980313    1.43275650    1.21821669    1.36587251    1.34025577    1.42343264    1.76714647    1.91645128    1.91650441    1.48091721    1.44001215    1.36260147    1.27933264    1.35830122    1.55591093    1.41935287    1.62108825    1.28874372    0.91038274    0.81057197    0.97448497    0.91549150    0.81778730    0.95460852    0.86169234    0.85626895    0.82785723    0.88517630    0.75861961    0.74364526    0.81252391    0.75707957    0.77641014    0.78733266    0.79744168    0.72540523    0.79890442    0.90032942    0.78671927    0.87390916    0.83026641    0.79188717    0.94599778    0.74435278    0.77465306    0.86217328    0.91695331    0.95328039    1.00132906    0.96381615    0.80411913    0.79330621    0.68629008    0.76001348    0.80082887    0.86432363    0.79723559    0.79010814    0.62264828    0.66447839    0.74781139    0.60573605    0.90526735    0.81246020    0.76194642    0.87025818    0.88590646    0.87905887    0.73676404    0.75724652    0.78327425    0.74887976    0.68812548    0.71878679    0.65492087    0.58034219    0.76248717    0.58286583    0.66900540    0.67527703    0.78070300    0.83196697    0.71574408    0.73090927    0.73060740
B8GK63_METPE/9-120     0.70686313    0.67515870    0.73577585    0.72531035    0.65486434    0.85827512    0.73984938    0.61392602    0.79463531    0.77169507    0.56091995    0.48122558    0.46703741    0.00000000    0.70837707    0.82409926    0.95571427    0.95194307    0.81405315    0.79709022    0.71685524    0.62205744    0.69200562    0.76100158    0.78528818    0.93494283    0.73569685    0.67776940    0.85981012    0.63967970    0.68338572    0.84357243    0.78852815    0.78451218    1.24305103    1.32249040    1.20312363    1.34006272    1.38973841    1.38206795    1.39004568    1.40780525    1.29897724    1.29236846    1.39679082    1.36334064    1.35203824    1.41240389    1.44063296    1.43797979    1.43820122    1.63922842    1.47398151    1.45157536    1.47052623    1.35862572    1.38512137    1.25790015    1.58934667    1.26636974    1.24593360    1.25114811    1.48842951    1.27067549    1.35040221    1.43697038    1.30919368    1.05286692    1.65052314    1.27321833    1.36993879    1.80208423    1.45203041    1.01957840    1.03818430    0.96777432    0.93316892    0.99447399    1.00706976    1.13794378    1.27363212    1.12559259    1.03176375    1.05114843    1.02083666    0.99096646    1.10173945    1.07126767    1.38892009    1.24893906    1.36622251    1.08038378    1.21604445    1.27043025    1.28822264    1.71946742    1.80417284    1.82771205    1.33965991    1.41705599    1.38179867    1.13591931    1.23740561    1.56644789    1.38578541    1.54870447    1.13333962    0.84278387    0.68280312    0.80513182    0.84299966    0.56720664    0.84939112    0.77984070    0.75776568    0.80903585    0.83691911    0.73427731    0.68248538    0.72426161    0.73737686    0.71397457    0.73238018    0.64636703    0.71495734    0.71821936    0.74218904    0.73589235    0.69127900    0.69318033    0.67112287    0.81836059    0.66364796    0.71631952    0.84988910    0.82238141    0.78307297    0.84573607    0.88112542    0.79903363    0.91243757    0.72252823    0.76552569    0.80875406    0.84019886    0.71805706    0.77161814    0.54724051    0.57019370    0.67728499    0.66876312    0.75817313    0.83727344    0.71576146    0.74076866    0.72875652    0.77033072    0.60890363    0.76712709    0.77514312    0.76452156    0.82123094    0.67295531    0.73142448    0.64506072    0.71465423    0.64380136    0.59308280    0.63695540    0.68166363    0.69704080    0.59608261    0.69203152    0.72172648
C8W9I0_ATOPD/29-134     0.66128355    0.82185952    0.87863045    0.68087940    0.59548383    0.92426148    0.90333897    0.86385962    0.95011222    0.82814720    0.58710984    0.63486072    0.72155066    0.70837707    0.00000000    0.71266556    0.89498068    0.91726317    0.90766864    0.81129414    0.74756772    0.75882088    0.83667385    0.86425645    0.94284803    0.92776930    0.72862406    0.73277364    0.84399874    0.94781607    0.94568605    1.02204877    1.03532855    0.93531325    1.21370251    1.48678269    1.33910758    1.50213451    1.32856394    1.45852645    1.56727865    1.52239989    1.51833021    1.53286530    1.64159628    1.46775831    1.34741085    1.42641187    1.52893463    1.52490359    1.46805245    1.49201196    1.41491220    1.38092818    1.48678890    1.30526049    1.44782598    1.34688888    1.55090208    1.39886829    1.53605957    1.48941809    1.51326375    1.41432137    1.49075808    1.57792412    1.28226054    1.00132418    1.60891648    1.38079228    1.14863796    1.21552895    1.27228030    1.06378431    1.26051450    1.19390255    1.29270830    1.29994640    1.31848437    1.49650701    1.60148289    1.55880411    1.52732410    1.37954538    1.43200965    1.30567595    1.49063988    1.39553550    1.36128996    1.41568540    1.45808096    1.23210056    1.18989779    1.24292817    1.68781411    1.89945379    2.14578439    2.12407000    1.70848817    1.83107801    1.73620198    1.31914719    1.23328549    1.51888741    1.47203398    1.38922414    1.47706447    0.72241590    0.82458246    0.91860573    0.94416356    0.69835360    0.86791742    0.87055586    0.81028383    0.85326723    0.77589204    0.78722248    0.77064551    0.72268866    0.67876462    0.65992425    0.70207492    0.64842772    0.66748831    0.73640271    0.69222203    0.70570648    0.74647304    0.64289958    0.65147497    0.87608244    0.68396570    0.67875133    0.69615667    0.66928573    0.72034893    0.81290677    0.87007392    0.76453576    0.74072024    0.70301073    0.76546098    0.62087511    0.65068863    0.62061620    0.64484766    0.76527081    0.65816524    0.70929409    0.67409663    0.65003031    0.67907871    0.76524959    0.69747290    0.81158362    0.82469599    0.70938628    0.75397844    0.87930284    0.73872548    0.82547732    0.59191768    0.72823718    0.76576480    0.80838624    0.85256947    0.65983372    0.75787735    0.77448365    0.83921398    0.65412566    0.79647792    0.83209328
Q24RZ9_DESHY/6-108     0.84833957    0.87478929    0.89346305    0.86368850    0.75999165    0.94200863    1.02176133    0.87173709    0.88817044    0.94367084    0.93650913    0.96792723    0.77054656    0.82409926    0.71266556    0.00000000    0.66654985    0.80995539    0.80133738    0.85660715    0.86623008    0.80152805    0.89489538    1.01119939    0.91695529    0.95108433    0.89317543    0.76983398    0.82566252    0.95241018    0.92198020    1.10772716    1.20414905    1.06138673    1.24338561    1.26546107    1.11578852    1.22920287    1.17317913    1.10421807    1.29705507    1.28017917    1.31905454    1.32658132    1.50737703    1.16083604    1.24559637    1.27386507    1.26061512    1.29823472    1.21339668    1.34355050    1.11989140    1.15334958    1.24958989    1.05785306    1.15106886    1.30789631    1.31004646    1.30766456    1.38704775    1.38134433    1.40343218    1.35872121    1.16495721    1.48502040    1.11010262    1.18341106    1.45139818    1.27020212    1.40124944    1.42688271    1.25221217    1.53188737    1.38478461    1.50283876    1.35858561    1.47288899    1.46387100    1.60524449    1.50727230    1.68643668    1.64657791    1.48970538    1.75112785    1.43834933    1.73746132    1.71491085    1.53548433    1.60017618    1.58520499    1.43413327    1.56726045    1.58181614    1.64818285    1.84752223    1.96233340    1.96958252    1.56790325    1.73909690    1.59373736    1.35388637    1.41946216    1.53472098    1.41836421    1.59835541    1.43468514    1.07630053    0.85297128    0.96067793    1.03752740    0.88911078    1.08719891    0.95885298    1.00378683    0.93383302    0.94158507    0.90011215    0.85295611    0.94117204    0.84125947    0.79661479    0.78554224    0.84953134    0.76341060    0.87028447    0.79904760    0.78620313    0.83250466    0.79717423    0.76719608    0.77431223    0.79801318    0.86125743    0.89822358    0.93863674    0.83188535    0.98126021    0.96834173    1.04695600    0.95562240    1.05599479    0.97442041    0.94898671    0.87395200    0.86863257    0.89715129    0.87171859    0.89156690    1.01678290    0.85455876    0.88039170    0.83796657    0.98238258    0.93627429    0.92739967    0.81213603    0.89935836    0.96023141    1.08302816    1.04322754    1.04571757    0.72817998    0.84938449    0.78898732    0.87478142    0.87904022    0.78592815    0.98195594    0.83760068    0.98967588    0.91680026    0.84627985    0.77705933
