25
A7SP14_NEMVE/28-205     0.00000000    1.09855507    1.46335435    1.37430058    1.34344692    1.40462659    1.44594656    1.51994190    1.59077093    1.06146119    1.23377975    1.26621107    1.23195027    1.97574569    2.52938218    2.66200818    2.45811617    2.48341253    2.72233854    2.51123401    2.47112028    2.67665816    2.92398210    2.42397090    3.11582560
K1QAE8_CRAGI/1419-1624     1.09855507    0.00000000    1.20942842    1.07959443    1.30554241    1.22267310    1.31161794    1.26297885    1.32608544    0.89662477    1.07833522    1.16707216    1.33909880    2.23161255    2.35714120    2.29855895    2.61911453    2.53328028    2.66880753    2.57759173    2.73124062    2.73797544    2.58157111    2.84026341    3.44574542
F1Q6A6_DANRE/774-977     1.46335435    1.20942842    0.00000000    0.82858322    1.15845910    1.21278442    1.10030982    1.17662179    1.23471839    1.21681557    1.26203948    1.30912534    1.76173539    2.38742420    2.22889932    2.00805479    2.56138789    2.72204982    2.82416737    2.45132476    2.56670568    2.91531336    2.81563394    2.32470216    3.02499157
W5MAG3_LEPOC/1230-1435     1.37430058    1.07959443    0.82858322    0.00000000    0.96288542    0.94105788    1.02000093    1.00866140    1.11150465    1.08010292    1.24856137    1.27656632    1.57438265    2.38431186    2.49086656    2.21267445    2.32844560    2.88312254    2.57440498    2.40705111    2.61953062    2.71655378    2.83704602    2.38203239    2.93745009
U3IAY3_ANAPP/1256-1460     1.34344692    1.30554241    1.15845910    0.96288542    0.00000000    0.28259797    0.93381497    1.03735914    1.12110159    1.28682690    1.34238871    1.35013509    1.50913311    2.54929061    2.80492928    2.43951383    2.49786448    3.14691880    2.73459201    2.56525175    2.31653613    3.03534468    2.68443531    2.71636993    3.46598294
G1N3P6_MELGA/1026-1230     1.40462659    1.22267310    1.21278442    0.94105788    0.28259797    0.00000000    1.00101303    1.09932734    1.10295141    1.27591670    1.35617040    1.43781624    1.54028136    2.60409382    2.82217097    2.55740852    2.66785779    3.01605035    2.65874923    2.65877759    2.60089739    3.30983120    2.85380625    2.83870753    3.62677503
G5C1D0_HETGA/1834-2038     1.44594656    1.31161794    1.10030982    1.02000093    0.93381497    1.00101303    0.00000000    0.39737660    0.43374967    1.33616468    1.42484209    1.55496689    1.49635036    2.40559501    2.35534636    2.42721927    2.43745338    2.71217680    2.22168907    2.19100012    2.57392963    2.80975754    2.69116618    2.59762966    3.12776488
G1LEA4_AILME/1299-1503     1.51994190    1.26297885    1.17662179    1.00866140    1.03735914    1.09932734    0.39737660    0.00000000    0.42712212    1.33082011    1.55214627    1.56921969    1.57733635    2.42519716    2.52980938    2.53278333    2.61619088    2.89701540    2.35878663    2.52411015    3.01082619    2.96652751    2.91045389    2.80509675    3.23163279
F1LXD9_RAT/1326-1530     1.59077093    1.32608544    1.23471839    1.11150465    1.12110159    1.10295141    0.43374967    0.42712212    0.00000000    1.36166571    1.54979241    1.66869174    1.55585409    2.56435210    2.57071784    2.53580948    2.52528082    2.87589322    2.33166983    2.25698095    3.01040549    3.05931371    2.76119241    2.75434297    3.17593244
C3Y321_BRAFL/1175-1380     1.06146119    0.89662477    1.21681557    1.08010292    1.28682690    1.27591670    1.33616468    1.33082011    1.36166571    0.00000000    0.94564440    1.01159396    1.50910288    2.29297179    2.48167864    2.72734784    2.64088191    2.81590564    2.42534425    2.37229936    2.43291785    2.65615183    2.41515055    2.21643050    2.85915405
H2Z2Z0_CIOSA/1120-1325     1.23377975    1.07833522    1.26203948    1.24856137    1.34238871    1.35617040    1.42484209    1.55214627    1.54979241    0.94564440    0.00000000    0.27711602    1.55659025    2.21369911    2.39321615    2.62426286    2.75097860    2.40223562    2.65018963    2.56983949    2.61087198    2.77780137    2.64130116    2.68528855    3.11169819
F6XA93_CIOIN/1341-1546     1.26621107    1.16707216    1.30912534    1.27656632    1.35013509    1.43781624    1.55496689    1.56921969    1.66869174    1.01159396    0.27711602    0.00000000    1.57534538    2.39439984    2.75444353    2.91805133    2.69215504    2.65760689    2.97608736    2.55391504    2.50465374    2.75796809    2.64020681    2.74544266    3.20038550
B3RNU0_TRIAD/832-1038     1.23195027    1.33909880    1.76173539    1.57438265    1.50913311    1.54028136    1.49635036    1.57733635    1.55585409    1.50910288    1.55659025    1.57534538    0.00000000    2.17592490    2.64126451    2.79885427    2.72645293    2.49018993    2.15993652    2.12321828    3.08877075    2.76855307    2.51098864    2.44634689    3.45679435
A0DIZ4_PARTE/1141-1342     1.97574569    2.23161255    2.38742420    2.38431186    2.54929061    2.60409382    2.40559501    2.42519716    2.56435210    2.29297179    2.21369911    2.39439984    2.17592490    0.00000000    0.82780940    1.05699424    3.12256222    2.62009833    2.88070746    2.51303592    2.86263142    2.92819416    3.12785652    3.43524583    3.52536105
Q23WL9_TETTS/1175-1377     2.52938218    2.35714120    2.22889932    2.49086656    2.80492928    2.82217097    2.35534636    2.52980938    2.57071784    2.48167864    2.39321615    2.75444353    2.64126451    0.82780940    0.00000000    0.59431933    3.29363490    2.58659590    2.93012055    2.65065718    2.73864452    3.31795374    3.03904810    3.19996937    3.87007605
G0R535_ICHMG/1076-1278     2.66200818    2.29855895    2.00805479    2.21267445    2.43951383    2.55740852    2.42721927    2.53278333    2.53580948    2.72734784    2.62426286    2.91805133    2.79885427    1.05699424    0.59431933    0.00000000    3.28218735    2.86382313    3.18273705    2.48993184    2.69662224    3.35141189    3.28193567    3.49276829    4.28067884
F2TZ68_SALR5/1216-1428     2.45811617    2.61911453    2.56138789    2.32844560    2.49786448    2.66785779    2.43745338    2.61619088    2.52528082    2.64088191    2.75097860    2.69215504    2.72645293    3.12256222    3.29363490    3.28218735    0.00000000    1.53964466    3.00997491    2.90594311    2.70173532    2.85414495    2.87808223    2.71919124    3.26814408
A9V0P6_MONBE/926-1137     2.48341253    2.53328028    2.72204982    2.88312254    3.14691880    3.01605035    2.71217680    2.89701540    2.87589322    2.81590564    2.40223562    2.65760689    2.49018993    2.62009833    2.58659590    2.86382313    1.53964466    0.00000000    2.79899504    2.80697139    3.82552956    3.01228578    2.65453808    3.22686890    3.84729485
A2G3S0_TRIVA/1004-1212     2.72233854    2.66880753    2.82416737    2.57440498    2.73459201    2.65874923    2.22168907    2.35878663    2.33166983    2.42534425    2.65018963    2.97608736    2.15993652    2.88070746    2.93012055    3.18273705    3.00997491    2.79899504    0.00000000    1.29777701    2.66458973    2.96640201    3.14337965    2.85227095    3.19197791
A2E8C5_TRIVA/1028-1236     2.51123401    2.57759173    2.45132476    2.40705111    2.56525175    2.65877759    2.19100012    2.52411015    2.25698095    2.37229936    2.56983949    2.55391504    2.12321828    2.51303592    2.65065718    2.48993184    2.90594311    2.80697139    1.29777701    0.00000000    2.33371214    2.55624703    2.30943375    2.46410678    3.20763491
H3H2T6_PHYRM/1586-1789     2.47112028    2.73124062    2.56670568    2.61953062    2.31653613    2.60089739    2.57392963    3.01082619    3.01040549    2.43291785    2.61087198    2.50465374    3.08877075    2.86263142    2.73864452    2.69662224    2.70173532    3.82552956    2.66458973    2.33371214    0.00000000    2.27863069    2.51174951    2.37934584    2.51524076
D8UAK9_VOLCA/1217-1429     2.67665816    2.73797544    2.91531336    2.71655378    3.03534468    3.30983120    2.80975754    2.96652751    3.05931371    2.65615183    2.77780137    2.75796809    2.76855307    2.92819416    3.31795374    3.35141189    2.85414495    3.01228578    2.96640201    2.55624703    2.27863069    0.00000000    2.10821885    2.02073311    2.56289777
C1MP20_MICPC/1168-1379     2.92398210    2.58157111    2.81563394    2.83704602    2.68443531    2.85380625    2.69116618    2.91045389    2.76119241    2.41515055    2.64130116    2.64020681    2.51098864    3.12785652    3.03904810    3.28193567    2.87808223    2.65453808    3.14337965    2.30943375    2.51174951    2.10821885    0.00000000    1.03124396    2.77774214
C1EGX9_MICCC/1210-1421     2.42397090    2.84026341    2.32470216    2.38203239    2.71636993    2.83870753    2.59762966    2.80509675    2.75434297    2.21643050    2.68528855    2.74544266    2.44634689    3.43524583    3.19996937    3.49276829    2.71919124    3.22686890    2.85227095    2.46410678    2.37934584    2.02073311    1.03124396    0.00000000    2.62195294
Q4GYP8_TRYB2/1362-1568     3.11582560    3.44574542    3.02499157    2.93745009    3.46598294    3.62677503    3.12776488    3.23163279    3.17593244    2.85915405    3.11169819    3.20038550    3.45679435    3.52536105    3.87007605    4.28067884    3.26814408    3.84729485    3.19197791    3.20763491    2.51524076    2.56289777    2.77774214    2.62195294    0.00000000

