156
F4RDQ3_MELLP/527-544     0.00000000    0.25097798    0.55362358    0.71883231    1.02622525    0.91385855    0.73646202    0.81380986    0.67453245    1.42282721    0.82152627    2.03829912    1.15168449    1.83116683    1.50139087    1.97865081    1.80568901    1.86020825    1.59803607    1.30430053    1.59363099    1.67051327    1.61619888    1.62853808    1.59320784    1.38258074    1.83847410    1.74169130    1.91277044    1.91469286    1.29040639    1.12036170    1.17407779    1.09032597    1.13959554    1.27747287    1.28801188    1.40858164    1.40858164    1.56794549    1.33863374    1.83981945    1.79908644    2.18050807    1.94805676    1.87694581    2.04823687    2.14619767    1.39469205    1.54906823    1.71789500    1.75285139    1.74582263    1.72097295    1.77920418    1.77920418    1.62159634    1.48480000    1.53532713    1.82555902    1.62194502    1.58673901    1.55003210    1.36662000    1.09376553    1.08657557    1.22256221    1.27953759    1.55430253    1.34345610    1.51159111    1.14625431    0.79747399    0.99361367    1.20665487    1.17760392    1.14647039    1.26650706    1.11337899    1.15973252    1.12872967    1.14877827    1.35204093    1.67284526    1.50316322    1.20896319    1.28469745    1.19559193    1.43368349    1.48680356    1.12421782    0.76950317    1.08532615    1.16899408    1.55606164    1.11684135    1.26022807    1.81598527    1.62883769    1.35575368    1.69021024    1.46665647    1.35484080    1.37284433    1.32955036    1.82148890    1.03861843    0.79530535    0.88640308    0.75926318    0.76163288    0.73561716    0.67980526    0.92914545    0.67501902    0.88642391    0.58751071    0.68819120    0.78437486    1.06830246    0.90263782    0.80347660    1.07906083    1.01717852    0.69755384    0.82343158    0.84526616    1.02304824    1.14975416    1.18551083    0.88019980    1.03049479    1.11752814    1.14664352    1.17110248    0.75332846    0.70167669    0.65762809    0.55253442    0.88857975    1.08123472    0.97209629    0.65445440    1.13071854    1.68245249    1.74906260    1.88746656    1.88746656    0.93823338    1.50577699    0.66863699    0.81515368    1.01618061    0.70043963    0.50994206    0.62349373
A0A2N1JH86_9BASI/472-489     0.25097798    0.00000000    0.36072622    0.65826505    1.02495296    1.17037557    0.74789114    1.04510594    0.91324910    1.24298138    1.11136313    2.01849908    1.49522213    1.94408431    1.98444417    2.21516445    1.71078096    1.78785269    1.79370336    1.58298253    1.90135403    1.97464101    1.87743966    1.97922020    1.94164540    1.69460621    2.14435524    2.03001334    1.73044468    1.71628342    1.30300495    1.28397962    1.33763492    1.25755489    1.27642698    1.39696515    1.56605503    1.50738848    1.43431176    1.65805591    1.41433159    1.97549263    1.52877005    1.75407424    1.50943649    1.65074202    1.65633553    1.64797607    1.12768674    1.42619854    1.59568342    1.71719163    1.71043692    1.48060869    1.73891579    1.73891579    1.59159173    1.46130155    1.37760752    1.65892179    1.45196641    1.44531800    1.31653972    1.16012433    1.34107317    1.42915854    1.26204277    1.38527002    1.74896258    1.44150635    1.45629076    1.51614872    1.05272861    1.02191180    1.18083078    1.21062381    1.10873492    1.36665236    1.42157108    1.65105131    1.33805872    1.41834081    1.56504681    1.67980410    1.36517489    1.35509926    1.41755568    1.39783498    1.37392866    1.69788327    1.35668428    1.05556735    1.13538083    1.40578029    1.43900989    1.12984560    1.34860336    1.81388325    1.59596226    1.53992558    1.42490319    1.29685278    1.47275225    1.45959197    1.27457878    1.83291246    1.23199502    0.94950275    1.09301526    1.15221541    1.17879757    1.12902859    1.08862351    1.18525093    0.76076499    0.99875162    0.61900220    1.25476012    1.28192676    1.18382186    1.16365783    1.30187856    1.45860099    1.49837408    1.08294774    0.76094379    1.28421708    0.85704978    1.09557685    0.75343467    1.06959707    1.28236217    1.57168654    1.56748193    1.25553965    1.19289203    0.70865088    0.90179335    0.95942322    1.24490169    1.41625988    1.00966371    0.84766921    1.57864024    1.38646591    1.44626791    1.61673037    1.57151035    1.19152941    1.32838411    0.62871327    0.92421372    0.68382859    0.75680760    0.69295624    0.65697587
W5MWI0_LEPOC/707-724     0.55362358    0.36072622    0.00000000    1.07547465    0.93695239    1.33918984    0.82077774    1.15062074    1.06332120    1.64219390    1.39888326    2.24862750    1.83534973    2.01275983    1.86475216    2.01621292    1.74816008    2.05730845    1.81811981    1.72415108    1.90627399    1.88677773    1.95204621    1.96141547    1.92387890    1.76541944    2.05150035    1.66146721    1.49936209    1.48247760    1.52205989    1.37845399    1.32762337    1.15122203    1.21828641    1.53406076    1.20770227    1.16345276    1.11077678    1.37138361    0.93548270    2.06444933    1.53413499    2.02645008    1.58853175    1.87711925    1.87459494    1.64581697    1.42733929    1.66841107    1.84388784    1.95717005    1.95056719    1.71730293    1.99648518    1.99648518    1.67327608    1.77994578    1.62551718    1.92147546    1.91313123    1.81888706    1.62968696    1.44907429    1.48097533    1.40704420    1.45220448    1.96268082    2.11178675    1.75683929    1.64625391    1.82308198    1.37355288    1.37301744    1.26993512    1.28911567    0.83734509    0.97186678    1.26848437    1.43409012    1.08656447    1.40080982    1.35003550    1.70173652    1.29254419    1.39624461    0.93489843    1.26093466    1.97184601    1.58425189    1.63694624    0.91356434    1.02458001    1.24794746    1.44014127    1.04541910    1.18613725    2.18870277    1.59411591    1.54609986    1.27510555    1.14349279    1.16331917    1.37103651    1.59375509    2.05449423    1.23293731    0.98824947    1.27182949    1.23985911    1.35881087    1.00159647    1.07437487    1.13612079    1.12302970    1.27070514    0.75931571    1.43666641    1.32498637    1.17303103    1.30854030    0.99742712    1.48833184    1.39959926    1.53089746    1.21511026    1.43730700    1.16703936    1.49148838    1.17511047    1.21424956    1.69753889    1.68360577    1.99759316    1.24048032    1.32869155    0.84530355    1.05500976    1.10797009    1.09517022    1.30931258    0.88576336    1.09799608    1.39876650    1.67748190    1.62719591    1.69299705    1.64689903    1.58003024    1.76148708    0.79007987    0.82649856    0.85247089    0.83403311    0.87311960    0.92631510
I2FVU5_USTH4/481-498     0.71883231    0.65826505    1.07547465    0.00000000    0.71127912    1.01153122    0.54680726    0.87733319    0.79023808    1.29928719    1.02644210    1.76715400    1.40851802    1.96130196    2.17316956    2.04807615    1.59194824    1.63971558    2.07804704    1.59991763    1.91204660    1.94058305    1.90417754    1.95707210    1.93146722    2.04745304    1.60329120    2.13675807    1.78389543    1.78867726    1.29218213    1.44777544    1.48905135    1.49256329    1.41069474    1.19932506    1.62577128    1.68102408    1.73433411    0.95671902    1.28749316    1.55228106    1.45385963    1.75778631    1.34578992    1.10711298    1.27918129    1.63738543    1.17635498    1.70638679    1.56556769    1.68586272    1.68586272    1.57449719    1.42896333    1.40224808    1.66165096    1.52386083    1.44171096    1.67801027    1.77569599    1.54516719    1.43398797    1.45159534    1.37816749    1.67606627    1.54008890    1.67051337    2.09385423    1.70001129    1.99617168    1.82517076    1.24419627    1.35084163    1.34023068    1.21374497    1.34952773    1.20995673    1.44835916    1.63204967    1.18642291    1.52134873    1.86324100    1.56826382    2.00038335    1.38024023    1.71438698    1.60128369    1.17703652    1.40849796    1.57295469    1.22769651    1.17157202    1.50485958    1.61733374    1.22826144    1.56717887    1.74366474    2.09655608    1.79856439    1.39167679    1.42419517    1.91701660    1.36748640    1.07078824    1.58857124    1.44930924    1.21841598    1.30795064    1.22540463    1.05758546    1.17309604    1.18488220    1.39974647    1.01011204    0.78707550    0.82407931    1.09570172    1.22647502    1.08543721    1.14193200    1.28685513    1.11067179    1.25519911    1.03686607    1.05206496    1.05219623    1.28594807    1.10676236    1.05909068    0.96951566    0.90439413    1.14394857    1.15844779    1.11016610    1.02205864    0.71721936    0.84407009    0.83969534    0.83185220    0.95616015    0.91818406    0.85076066    1.38988853    1.15547803    1.19266835    1.38447527    1.31716389    0.93036679    1.33703547    0.76652010    1.19916801    0.73093110    1.00875708    0.70204810    0.76896203
C7YLG2_FUSV7/237-254     1.02622525    1.02495296    0.93695239    0.71127912    0.00000000    0.82918904    0.77512245    0.99197162    0.98351553    1.77770621    1.25385737    2.23585613    1.74788296    2.18292718    1.80800771    1.76398890    1.92059259    1.86079571    1.77894892    2.27486119    2.38561202    2.37036649    2.19024595    2.34147565    2.07609373    2.25835267    1.94163669    2.18569161    2.06984398    2.06820872    1.05589893    1.29448905    1.17933199    1.41099445    1.13673374    1.67897193    1.21445429    1.30090881    1.23134357    1.36997930    1.29346242    1.92728927    1.78151842    2.37374210    1.91753637    1.99979839    2.09062759    2.15971563    1.47794320    1.94326329    1.94636429    2.07134786    2.01435087    1.94462724    1.74732119    1.74732119    2.05389308    2.10701206    1.84549177    1.50563808    1.93213710    2.05902614    2.00861350    1.91593178    1.33724494    1.70164840    1.68490039    2.11000755    2.20930811    2.00488162    1.79868718    1.96509300    1.31991326    1.62493016    1.26994478    1.47184049    0.87404674    1.41422638    1.54701703    1.82480194    1.59129498    1.38271146    1.19759460    1.64678992    1.62507646    1.26321509    1.45904096    1.68300996    1.89147748    1.39496126    1.61729574    1.26522420    1.12637948    1.04801401    1.78024211    1.15074686    1.40137482    1.90719255    1.56240267    1.55792468    1.40693490    1.21736865    1.29192976    1.68650524    1.74590161    2.33205657    0.97722369    1.10183309    1.70148807    0.97635865    0.87752319    1.40184488    0.81509650    0.60861422    1.06607316    0.81948792    0.69350746    1.20514917    1.17223990    1.34929929    0.93356614    1.06384813    1.15300127    1.41509286    1.22308805    1.76628811    0.93279047    1.35070369    1.18075439    1.08933364    1.28859238    1.24236014    1.38030234    1.56010473    0.78147652    0.84174314    0.80731594    1.13605298    1.00721285    0.76080488    0.99241829    0.82056733    1.36692723    1.31010068    1.93312510    1.82433424    1.86501141    1.81054696    1.54583271    1.48187285    0.99969492    1.07731690    0.56017207    1.18542055    1.00511083    1.05288977
A0A367J572_RHIST/379-397     0.91385855    1.17037557    1.33918984    1.01153122    0.82918904    0.00000000    0.86135222    1.11250824    0.84893014    1.47158138    1.56495198    1.41661411    1.23193185    2.79442273    1.73920161    1.56271998    1.37397352    1.69949304    1.54323549    1.45162871    2.01520035    1.90445981    2.04790928    2.18813405    2.05625216    2.07677952    1.75229084    2.07098134    2.03214831    2.03131029    1.67169177    1.77447476    1.75821510    1.91219786    1.32980099    2.16146646    1.98062658    2.01329565    2.00263027    1.88977494    1.52815129    2.12185854    2.67420275   20.00000000    2.45469543    2.22541547    2.42953481   20.00000000    1.45479191    1.65669609    1.63788208    1.54099163    1.47744275    1.64300802    1.35934387    1.35934387    1.60019285    1.67962006    1.85897486    1.29042735    1.80075161    2.02003883    1.80169371    1.80323776    1.48019462    1.92926785    1.45223533    1.87671278    2.32330085    1.96496465    2.28012378    1.72697371    1.58788982    1.65995256    1.54901073    1.41982566    1.38767458    1.52778902    1.62911116    1.43098664    1.80588924    1.35666684    1.52574510    1.57202149    1.56624921    1.13362446    1.26524877    1.05813623    1.23852656    1.17323332    0.99497275    0.86470032    1.39894627    1.14992664    1.92403678    1.21442519    1.11746363    1.89789910    1.33500388    1.53442069    1.27868950    1.30638846    1.41390271    1.50224816    1.54020443    1.54382247    1.32146269    0.90046474    1.27048470    1.30286680    0.65034610    1.30589139    0.91721983    1.00809608    1.35869097    1.03542331    0.95555525    0.91086256    0.81920053    1.54720560    1.19364417    1.35539185    1.55258003    1.45712962    1.38891202    1.44114649    0.91404585    1.32628644    1.30136599    1.57456694    1.24370087    1.43108206    1.54299819    1.37266771    1.23145385    0.99260234    1.12275079    0.96790601    0.86868918    1.15976883    1.13128759    1.26611921    0.98694522    1.09830361    1.41700377    1.40040303    1.41206554    1.51884334    1.73752601    2.25767857    0.94413322    1.12634036    1.51620633    0.94067128    0.89487613    0.99948613
Q5KPH9_CRYNJ/454-471     0.73646202    0.74789114    0.82077774    0.54680726    0.77512245    0.86135222    0.00000000    1.05343437    0.74215658    1.65987240    0.98041637    1.94927043    1.46904175    1.64001213    1.45744268    2.26518003    1.81225061    2.54794702    2.33717150    1.46724039    1.94891404    1.83228166    1.92057641    1.84021605    1.64098062    1.93585553    1.45509670    2.12917530    1.19166282    1.20711914    1.75347792    1.39620070    1.28108601    1.48916796    1.38018505    0.88562543    1.25481945    1.14910847    1.09286803    1.56257337    1.10984692    1.98757854    1.60743580    2.06203695    1.87425760    1.77548874    2.04886968    2.05239386    1.52894237    1.61787456    1.67055098    1.42012052    1.53035196    1.19163772    1.57442195    1.57442195    1.67397043    1.58024200    1.70002304    1.86401888    1.56480178    1.85905098    1.40925643    1.57920712    1.33439090    1.31732618    1.24812668    1.63690219    2.16875972    1.69674507    2.17323209    1.49009293    1.32853242    1.44498599    1.31889985    1.16606092    1.13249614    1.23480862    1.35226553    1.59317204    1.03635879    1.56109941    1.36148496    1.54426642    1.44070632    1.51163225    1.48428005    1.43802671    1.33899156    1.45973804    1.43797847    1.20476412    1.10041681    1.50576866    1.84149901    1.43986141    1.15818713    1.93975016    1.47248504    1.77425668    1.21772828    1.48114823    1.43448745    1.56123651    1.29027559    1.75943271    1.42124782    1.03022438    1.23139543    1.31684253    0.89009195    1.09413668    1.00964352    1.29848956    1.02532744    0.88392450    0.56766159    1.16125556    1.29611590    1.34727681    1.22426148    1.08007415    1.62551814    1.63692668    1.04102437    1.37252277    1.03865613    1.52216065    1.51680827    1.12039917    0.88530533    1.00263536    1.30702609    1.39064602    1.26896276    1.08601031    0.95181850    0.92944984    0.90240579    0.82975261    1.08838281    1.01294904    1.14966300    1.14057027    1.20762893    1.09870668    1.25032013    1.21383900    0.91925589    1.35352397    0.73321794    0.94142084    1.00935909    0.81115134    0.54415971    1.04795953
C7YLG2_FUSV7/153-170     0.81380986    1.04510594    1.15062074    0.87733319    0.99197162    1.11250824    1.05343437    0.00000000    0.63242753    1.28025501    0.98557274    2.02279223    1.37514642    1.74350118    2.26602734    1.89566040    2.10497100    2.21453559    2.16830198    1.42016930    1.73391603    1.75717237    1.56195017    1.72253372    1.70661766    1.78456722    1.65635619    1.56567863    2.14261067    2.13936169    1.19187045    1.35656926    1.32513236    1.30309907    1.41203656    1.30666613    1.37107747    1.31561729    1.32014678    1.46715377    1.65661021    1.39009525    1.11250534    1.39551137    1.19830956    1.68880590    1.34316868    1.45054011    1.28371318    1.45082266    1.74638426    1.98182035    1.93053973    1.84006430    2.07824994    2.07824994    1.74961039    1.80532362    1.52958501    1.53309429    1.87133704    1.73442866    1.76756002    1.53023316    1.24122025    1.55395993    1.40802961    1.51645709    1.86631887    1.46624895    1.58738146    1.38771029    1.10618622    1.33524025    1.15817720    1.50262414    1.38811611    1.82618962    1.56657670    1.52453664    1.48920837    1.32248782    1.51757353    1.92941150    1.38786019    1.50236378    1.48090644    1.87710580    1.74935338    1.84281143    1.45613516    1.19887177    1.37323275    1.29499986    1.69237782    1.27341399    1.54915935    2.05994563    1.97913175    1.93474315    1.62063270    1.63668789    1.82273878    1.82543532    1.91974764    2.10279399    1.21374079    0.82509511    1.20386611    1.01100203    0.87932790    1.20754621    0.95386214    0.95489230    0.89759226    0.82626912    0.84748594    1.12255058    1.17829086    1.28445142    1.25295180    1.09559479    1.24573222    1.21493969    1.09657952    1.18761898    0.86824927    1.35762778    1.15057284    1.50748667    1.06345211    1.39701170    1.70136768    1.42353734    0.80822541    0.80979243    0.71133732    1.05247458    0.65336109    0.94707669    0.78053039    1.12453698    0.94111045    1.30157078    1.78781872    1.75124466    1.88026402    1.89651422    1.68625652    1.61689224    0.55763150    0.84940389    0.91845590    0.72820068    0.90173346    0.87586352
K1XJA7_MARBU/545-562     0.67453245    0.91324910    1.06332120    0.79023808    0.98351553    0.84893014    0.74215658    0.63242753    0.00000000    1.62151815    0.90833422    1.93024393    0.99598809    1.69896704    1.62168110    1.61366299    1.61720241    1.83209766    1.77955880    1.52200239    2.06727671    2.04758987    2.07948180    2.16436921    1.92871954    1.87999907    1.45112010    1.79105458    1.94907476    1.95009254    1.58154416    1.64960069    1.61768928    1.58972627    1.17321699    1.32352921    1.68909566    1.62199128    1.44476533    1.57332349    1.56890445    1.91936106    1.47650724    1.66201386    1.64983929    1.91967178    1.91523041    1.88119825    1.40324300    1.78298562    1.76637620    1.81055173    1.76223492    1.54577921    1.85137952    1.85137952    1.83435448    1.85676131    1.72813148    1.62875571    1.94582577    1.97423871    1.50236358    1.42616087    1.00910837    1.39789012    1.42501394    1.48045801    1.85287880    1.49220254    1.62113567    1.34452080    1.17535245    1.14299420    1.19192187    1.31432340    1.16541272    1.45128010    1.15891812    0.93844534    1.22240223    0.90546771    1.08954407    1.39211462    0.94738329    1.02042457    1.24843848    1.35001039    1.06110217    0.99541368    1.18261775    0.79893345    1.28972813    1.41462184    1.85338981    1.06388028    1.25469681    1.68778887    1.20298207    1.75221922    1.41690877    1.31955269    1.62297486    1.45028950    1.51851240    1.88688654    1.04232055    0.62802395    0.81099822    0.88677214    0.62249114    0.90373638    0.92470258    0.75936023    0.96083429    0.86256581    1.04168561    0.85832349    0.70471995    0.89371626    1.11725650    1.02899983    1.12109093    1.25506835    1.05887636    0.93861416    1.18711348    1.23157258    1.08404951    1.22000496    0.77078994    0.91015347    1.13924932    0.95431221    0.89814908    0.98407402    0.86151579    1.00249016    0.50660238    0.79238776    0.82538212    0.94649937    0.85374530    1.07354935    1.75779122    1.72356197    1.91160414    1.85941156    1.32055600    1.69114749    0.81546255    0.90562368    1.03386328    0.49939683    0.78851316    0.84316600
F0ZTC9_DICPU/19-39     1.42282721    1.24298138    1.64219390    1.29928719    1.77770621    1.47158138    1.65987240    1.28025501    1.62151815    0.00000000    0.83978996    1.43429196    1.72839116    1.37996783    1.49667194    1.68093854    1.61074082    1.67665349    1.85526765    1.55375852    1.57649319    1.59587426    1.58171650    1.49928348    1.64270460    1.77957381    1.67463187    1.34187013    1.31980825    1.31439189    1.61745326    1.55414118    1.53904169    1.46149160    1.17136043    1.54523666    2.14040645    2.07856722    2.03414430    1.52736779    1.47132987    1.66431776    1.72593187    1.82755379    1.93755030    1.82333771    2.04563031    1.63060685    0.78363440    1.34892292    1.44792289    1.61469152    1.59265042    1.63489534    1.59809809    1.40643694    1.55193551    1.69613220    1.44786753    1.58358418    1.95919891    1.26878767    1.46390657    1.53513236    1.84088713    1.98557630    2.28560636    2.36334184    2.53779212    2.38396425    2.45628430    2.51241899    1.60692841    2.05702536    1.19474900    1.67800335    1.55975920    1.56551772    1.78261583    1.93524590    1.77607765    1.68690536    2.14307305    1.16820042    1.86137998    1.59938930    1.52773564    1.75786173    1.81097322    1.76507913    1.98009415    1.47394194    1.70648979    1.69171179    1.92278018    1.14807983    1.04176384    1.82437808    2.10789242    1.92311824    1.82706921    2.12498276    1.85206152    1.21979708    1.73548241    1.74021630    2.06926790    1.82455647    1.38427129    1.26797429    1.54147860    1.52308673    1.58552362    1.86683042    1.73047492    1.35512587    1.36684505    1.80291913    1.69781238    1.83313349    1.93088272    2.04790407    1.95730928    1.95799282    1.62075406    0.99927459    1.58899195    1.18897017    1.33123231    1.55193963    1.84375622    2.17217230    2.09310855    2.03070980    1.09079684    1.51002891    1.62916096    1.73031340    1.60728288    1.13920172    1.12964910    1.65880143    1.56513012    1.12034028    1.57306651    1.55420079    1.56639915    1.58504343    1.94351661    1.19127120    1.24801999    1.81151200    1.58140274    1.47998529    1.55878007    1.21571102
A0A0H2S0U7_9AGAM/454-473     0.82152627    1.11136313    1.39888326    1.02644210    1.25385737    1.56495198    0.98041637    0.98557274    0.90833422    0.83978996    0.00000000    1.52765596    1.24958201    1.30924888    1.67629052    1.88618788    1.76565003    1.96655162    2.09020804    1.74847869    1.71708704    1.79344635    1.50870951    1.51404029    1.50491959    1.40842572    1.72836646    1.61869114    1.33028259    1.34321565    1.77130737    1.60445634    1.60165216    1.59817233    1.50854932    1.09680866    1.61987176    1.33301606    1.33817324    1.35391349    1.62245548    1.77699572    1.24493640    1.49333672    1.81191197    1.35386278    1.70822515    1.83156373    1.49396890    1.53238266    1.44901787    1.69268101    1.72429779    1.58346560    1.82782644    1.69456150    1.73986184    1.65000822    1.47990554    1.71848017    1.83103419    1.63283099    1.25071866    1.25431967    1.04535465    1.44368304    1.49883770    1.85199944    2.03843511    2.14010893    1.99718598    1.70414636    1.07287068    1.41758004    0.86326824    1.06468000    1.39047447    1.00177893    0.95728898    1.55634751    1.23584919    1.09599237    1.27820597    1.68632330    2.17897913    1.71662655    1.64172312    1.78016903    2.19705859    1.77216466    1.62337898    1.44292096    1.36427724    1.82005130    2.11064800    1.47660050    1.24606384    1.96704239    1.71999723    1.83053864    1.77786530    2.00175668    1.94766173    1.39745387    1.89365343    2.14296738    1.29197644    1.43865888    1.05428287    0.95041556    0.97600023    0.98077087    1.03110615    1.32175980    1.38489348    1.15524803    1.17147129    1.01007840    1.02637031    1.34821172    1.20689096    1.18053343    1.62891932    1.53471331    1.10823515    1.02418526    1.18664883    1.21235525    1.11134545    1.08299669    1.35946843    1.38360789    1.29555827    1.53837557    1.16229281    1.20135474    1.11459580    1.37644768    1.06143880    0.78909083    0.61496820    1.12036421    1.18453665    1.21387354    1.74867739    1.74541461    1.76258311    1.77867806    1.77734061    1.62623467    1.01450516    1.20193252    1.23793284    1.04415031    0.86117264    1.03296267
U3J5B8_ANAPP/169-189     2.03829912    2.01849908    2.24862750    1.76715400    2.23585613    1.41661411    1.94927043    2.02279223    1.93024393    1.43429196    1.52765596    0.00000000    1.14194473    1.47394983    1.25868037    1.15766626    1.15735920    1.21933207    1.51857333    1.24081139    1.37136553    1.30183822    1.52312823    1.57188137    1.56978423    1.56085507    1.24183957    1.40955959    2.04206497    2.04770422    1.50409973    1.66043201    1.68781087    1.61102858    1.55188651    1.66202132    1.33691534    1.42490799    1.29697221    1.26982726    1.76113804    1.90003904    2.30440900    2.21108115    2.46027095    2.30133000    2.34550446    2.57462853    1.64306394    1.14652554    1.07179985    0.98868454    1.00344665    1.19327705    1.09983178    1.00877550    1.05449320    1.18206815    1.04465176    1.52050789    1.68085310    1.41608718    1.34003891    1.36093411    2.25536705    1.81938064    2.32974972    2.46125223    2.63268826    2.44813146    2.37466852    2.61758891    2.12065846    2.09007092    2.38745848    1.81595216    2.44605398    1.93310269    1.92702973    2.28806400    2.47475744    2.19884845    2.17137653    2.16149742    1.95835054    1.93830080    1.90772028    1.50806147    1.33639970    1.35139718    1.40114250    1.40605704    1.58771125    1.44492386    1.74506524    1.35651233    1.32060810    1.54149524    1.74783853    1.87797221    1.86575394    2.02317237    1.81790788    1.20232409    1.69393485    1.60791146    2.07816153    2.19930217    1.99814572    1.76040383    1.83412435    1.79611181    1.49751140    1.91402582    2.22017012    1.66274523    2.24632705    2.05315004    2.12939533    2.08826873    1.90613307    1.81442039    2.12470684    1.67655736    2.18364583    1.73734471    2.11225168    1.82914006    2.00156477    1.81969328    1.80829651    2.12424006    1.73474108    1.77290065    1.84942968    1.94769076    1.88132362    2.45687789    2.20609250    1.59377319    1.72780752    2.26359195    2.19657163    1.78561583    1.91174289    1.94160522    1.80364157    1.91209051    2.88613998    2.41693256    1.78158804    2.09548881    2.07917742    2.03658480    1.74757193    1.83031460
A0A016VJG4_9BILA/129-148     1.15168449    1.49522213    1.83534973    1.40851802    1.74788296    1.23193185    1.46904175    1.37514642    0.99598809    1.72839116    1.24958201    1.14194473    0.00000000    0.62953320    1.26212329    1.22221075    1.18335587    1.20044301    1.08339627    0.97048762    1.19575234    1.21160637    1.25817968    1.38541113    1.32281184    0.91033632    1.10082899    1.14166877    1.32944101    1.44461742    1.19466016    1.22531045    1.22046371    1.33600788    1.36974203    1.32042131    1.26348294    1.29311710    1.23530168    1.28115353    1.31868720    1.32379732    1.75337552    1.92665243    2.36629859    2.29741204    2.29127406    2.22193642    1.34612494    1.30273073    1.14425586    1.26632441    1.25146196    1.32621328    1.54886283    1.52949302    1.13885828    1.35144365    1.41898776    1.44702988    1.50378835    1.66904208    1.50897105    1.51272961    1.46456436    1.85474338    1.59544930    1.84017980    2.27727848    1.99033268    2.27905884    1.69160753    1.98625847    1.38300432    1.83328956    1.10481230    1.28212981    1.18785584    0.93080910    1.69062470    1.86883843    1.79859674    1.37015287    1.42727805    1.68930564    1.38260558    1.63654701    1.18038245    1.28254618    1.26690752    1.23084622    1.44506802    1.59223434    1.44952173    1.71357752    1.07064978    1.40364925    1.58703302    1.50493533    1.91945490    1.81490071    1.84928245    1.78633887    1.69001416    1.41239593    2.11427397    1.25692194    1.31410314    0.95987158    1.55796313    1.33681665    1.49055531    1.24212239    1.83016041    1.80967355    1.66284630    1.73163598    1.45841502    1.44689640    1.63566986    1.87889277    1.76366384    1.90320622    1.84692661    1.33030415    1.26331144    1.43384219    1.55113074    1.45936554    1.61141624    1.17627096    1.50211904    1.94167135    1.54927563    1.37536972    1.12039707    1.32618649    1.61003938    1.33398094    1.41723215    1.50272080    2.10472265    1.79883862    1.75789877    1.42237468    1.41683955    1.53209931    1.52640974    1.69378159    1.60664770    1.29202718    1.76894719    2.09480577    1.70855951    1.55416455    1.55840848
A0A0N4VB19_ENTVE/109-129     1.83116683    1.94408431    2.01275983    1.96130196    2.18292718    2.79442273    1.64001213    1.74350118    1.69896704    1.37996783    1.30924888    1.47394983    0.62953320    0.00000000    1.36073312    1.41840342    1.71095251    1.74936827    1.67677957    1.12218639    1.15438300    1.17020510    1.25858747    1.27135139    1.27838519    1.09687626    1.18318134    1.23624530    1.16327655    1.05981224    1.58866072    1.43404669    1.42860236    1.49841094    1.48374078    1.09997547    1.50111251    1.40382728    1.36368411    1.19754384    1.77441471    1.02505768    1.04776483    1.49192198    1.69478129    1.77410298    1.83188240    1.32779547    1.56838491    1.78258579    1.48518313    1.53766260    1.54916267    1.41300804    1.85526361    1.77789398    1.50820184    1.62620046    1.40862340    2.01628116    1.50981445    1.38046198    1.61708244    1.55001994    1.61120374    1.34492648    1.86864710    1.79107939    2.00031991    1.90139211    2.18357768    1.64373976    2.28502154    1.70812979    1.47980676    1.67892254    1.68180607    1.54531778    1.33221822    1.99123313    1.67279685    1.96893024    1.60030877    1.56829948    1.57557220    1.66901533    1.73510703    1.77610492    1.99323441    1.77420120    1.78139809    1.62855874    1.80887734    1.96943692    2.11079883    1.56110616    1.42482895    1.56350328    1.67505378    1.96006706    1.73768666    2.28442805    1.89657149    1.83456912    1.73355738    2.41788207    1.91951479    1.89029974    1.57781728    1.99220128    1.93868718    1.66090343    1.84390923    2.42633667    2.39939884    2.01834298    1.83551194    2.25229303    2.41840512    2.19231984    2.15647116    2.04473944    2.52587138    2.42509561    1.85651010    1.84419645    2.33308069    2.19806737    2.29445369    1.84286347    1.49470967    2.46339993    2.48135770    2.48403156    1.92909244    1.70193097    1.90322451    2.15667765    1.85231089    1.57960892    1.39481676    2.24490528    2.39105642    2.32158678    1.91099296    1.90414157    1.88498675    1.89933627    2.18806015    2.02402884    1.10294734    2.05152369    2.22797111    2.22260704    1.84800659    2.18053450
A0A165MG30_9APHY/14-35     1.50139087    1.98444417    1.86475216    2.17316956    1.80800771    1.73920161    1.45744268    2.26602734    1.62168110    1.49667194    1.67629052    1.25868037    1.26212329    1.36073312    0.00000000    0.98321538    1.23849192    1.12930796    0.72460795    1.26009329    1.42493401    1.32978117    1.50721230    1.64499006    1.49611654    1.53331058    1.21055539    1.25673453    1.23028415    1.12612618    1.57304533    1.11312740    1.03374878    1.04476708    1.17802445    1.70856777    1.48371457    1.54409280    1.45537214    1.32585053    1.48196929    1.51021226    1.75349589    1.87486876    2.21706521    1.98504552    2.23136843    2.01343985    1.77117350    1.67637263    1.56076456    1.31309873    1.32324721    1.52244138    1.24528778    1.33635308    1.57102380    1.47982816    1.91410636    1.96009395    1.97684486    1.51350085    1.60496494    1.67072224    1.59020825    1.48306059    2.17817307    1.99046255    2.12909404    1.95738310    2.01750579    1.85648096    2.10236213    1.69602837    1.62339092    1.19982220    1.28373687    1.27812510    1.14715015    1.56119965    1.67477010    1.70049133    1.58549330    1.09435603    1.28587908    1.44898468    1.43897850    1.17591923    1.34870406    1.18298718    1.40135093    1.19668989    1.08934209    1.28098143    1.93202186    1.14176816    1.08239613    1.19758094    0.82559547    2.04867265    2.00732586    1.93189791    1.58773313    1.11030792    1.56327330    1.84351931    1.51579596    1.28925133    0.89256497    1.66056452    1.76785142    1.77097547    1.89209230    2.05788715    2.36657707    1.72732256    2.19604833    1.63484383    1.76383757    2.19147902    1.95213056    2.07288330    2.27111401    2.23473632    1.90551674    1.77903952    1.80761222    1.86596132    1.78301661    1.84525685    1.46372366    1.94548106    1.75886971    1.86952016    1.44244921    1.66752070    1.84380350    1.79321029    1.92195921    1.48921725    1.90923480    2.17572131    2.22578339    1.13352096    1.47899514    1.35974399    1.44802305    1.32908337    1.81803575    1.88639664    1.80966979    2.35137928    2.19920113    1.92757803    1.71280329    1.68462301
A0A024TMN3_9STRA/432-450     1.97865081    2.21516445    2.01621292    2.04807615    1.76398890    1.56271998    2.26518003    1.89566040    1.61366299    1.68093854    1.88618788    1.15766626    1.22221075    1.41840342    0.98321538    0.00000000    0.84737652    0.53365694    0.52313131    1.26916570    1.29212994    1.32018159    1.47566331    1.68443105    1.70721886    1.56311899    1.21864851    1.17915220    1.70635972    1.58060722    1.29874788    1.34628867    1.31643561    1.18076949    1.26192207    1.57686567    1.44930986    1.39442510    1.39788964    0.80112200    1.49219496    1.38052810    1.60488777    1.73346475    1.88440361    1.92835209    1.95719832    1.90834676    1.64083289    1.53213451    1.45097050    1.50527448    1.47498426    1.65489087    1.54492542    1.54492542    1.49913939    1.49242490    1.31645794    1.83477472    1.74443677    1.26489151    1.64029454    1.65179836    1.77771606    1.73172703    1.61242759    1.88698643    2.01283013    1.65037112    1.57709502    1.75565307    1.81414940    1.87233302    1.64015942    1.42056566    1.64174313    1.48161809    1.22234019    1.59729424    2.05441755    1.95328940    1.65398490    1.50958697    1.60162938    1.09419352    1.23079674    1.18012338    1.33621462    0.72153420    1.06894574    0.70830445    1.28661719    0.93048667    1.27152309    0.96257397    1.15108215    1.06827765    1.06353264    1.55755399    1.66217099    1.63469951    1.20726723    1.28189297    1.33430364    1.35421430    1.51666920    1.28078267    1.40128031    1.65122654    2.19798281    1.88249738    1.66126885    2.05444613    2.33207161    1.40108291    2.11411653    2.18267555    2.03281105    1.78375244    1.97428468    1.81315578    1.78454210    1.94888197    1.85353305    1.73937111    1.61374136    1.91663950    1.89311658    2.04584698    1.72042219    2.00941814    1.78973315    2.05271763    1.59046699    1.72586281    1.70406360    1.68508187    1.45971703    1.69560185    1.11567607    1.62544838    1.88701855    1.63760996    1.65678259    1.62463635    1.49599627    1.61049221    1.84286421    1.88811331    1.79963835    2.11498161    1.73151300    1.80280095    2.03832385    2.04068376
A0A7M7IYV6_NASVI/973-991     1.80568901    1.71078096    1.74816008    1.59194824    1.92059259    1.37397352    1.81225061    2.10497100    1.61720241    1.61074082    1.76565003    1.15735920    1.18335587    1.71095251    1.23849192    0.84737652    0.00000000    0.77225721    0.76292679    1.24627769    1.24799937    1.50266023    1.64449043    1.75501608    1.75818812    1.70229663    1.41451729    1.55118484    1.92521407    2.06157777    1.31665193    1.78325070    1.77364418    1.88093181    1.27516040    1.69598207    1.35010895    1.38321143    1.33075809    1.22618877    0.95621083    1.60650643    1.59537113    1.51248696    1.81365989    1.80425518    1.80081414    1.83326819    1.68811690    1.43653611    1.17728460    1.12968537    1.12213876    1.23127826    1.22708606    1.22708606    1.17568408    0.96580387    1.20441117    1.56328027    1.44361061    1.60265669    1.32724351    1.34496431    1.60628442    1.92015329    1.46812301    1.46663138    1.58021167    1.31408714    1.33890687    1.58992179    1.60121167    1.23188534    1.74697123    0.84270099    1.37968682    0.82841988    1.24752348    1.56846117    1.76904545    1.67490271    1.24468664    1.32371185    1.47836127    1.08820455    0.99567596    0.66120778    0.90668667    0.69102583    0.95484606    1.01509327    0.91388399    0.94584130    0.95293091    0.89416914    1.01494993    1.09279003    1.41642231    1.48453539    0.95186028    1.05168578    1.22663948    0.89974862    0.81647781    1.07981428    1.31736231    1.53467012    0.87850265    1.87412113    1.91181203    1.74405491    1.59032184    1.96795393    1.83940141    1.39620442    2.06681146    1.86044621    1.62735087    1.43288473    1.33114946    1.41791951    1.40967508    0.98380714    1.78250937    1.45157176    1.50419028    1.59129719    1.61298698    2.01605935    1.85936859    1.79187594    1.68621673    1.95404411    1.80482917    1.71829312    1.76098893    1.56688574    1.79168880    1.45019280    1.45194006    1.64845579    1.87761523    1.51012494    1.10064351    1.09326928    1.22491180    1.11357301    1.65056628    1.63483214    1.66287783    1.51435831    1.54014290    1.57207195    1.42112463    1.56234829
A0A0A0M2L9_CUCSA/104-125     1.86020825    1.78785269    2.05730845    1.63971558    1.86079571    1.69949304    2.54794702    2.21453559    1.83209766    1.67665349    1.96655162    1.21933207    1.20044301    1.74936827    1.12930796    0.53365694    0.77225721    0.00000000    0.32578950    1.59631835    1.61470240    1.65401681    1.75523754    2.04807881    1.93435480    1.66571252    1.54536017    1.46553383    1.64893057    1.76234003    1.33138055    1.52097328    1.55425816    1.39845577    1.21582309    1.55069927    1.55219798    1.54838706    1.45482719    1.12837390    1.59211059    1.72626771    2.03222382    1.78777590    2.13628773    2.07139845    2.10389300    1.91647041    1.50599047    1.26135255    1.13717345    1.12957735    1.09463471    1.18698408    0.97620816    0.94389548    1.16670518    1.01912053    1.38303253    1.17666660    1.31612708    1.00766219    1.20525990    1.20426740    2.28108722    2.27672837    2.29537736    2.05498012    2.19371591    2.05178440    1.87914531    2.18481318    2.40406555    1.96581228    2.27622265    1.57486715    1.73711001    1.68458679    1.71230761    1.94364310    2.45662240    2.22632059    1.93048001    1.73156251    2.16084106    1.54806641    1.49436664    1.18572950    1.21962312    0.90824600    1.34386511    1.18834753    1.45722764    1.29373218    1.55798798    1.17197963    1.46494018    0.97177319    0.95836046    1.95901859    1.60712559    1.68183040    1.58425588    1.51052111    1.53881408    1.10537684    1.86667934    2.19218002    1.55995931    1.79497852    2.28160098    1.81283410    1.47494707    1.97919874    2.33572384    1.87932063    2.28674448    2.46742871    1.86455265    1.72636660    1.82591334    2.14825102    2.00268199    1.86758851    1.91287829    1.69669618    2.32730982    1.51414924    1.56062053    1.78875591    1.92824239    2.24190184    1.89826095    1.98299430    1.72058168    2.02533093    1.75565679    2.30390093    1.80732785    1.69935477    1.44120001    1.62147726    1.71203017    1.61059206    1.69646223    1.73861001    1.82729272    1.72562322    2.12916045    1.64051134    1.73280909    2.36935870    1.77564374    2.06025622    2.30690640    1.52777048
