133
Q8TMV4_METAC/9-62     0.00000000    1.39492208    1.03367804    1.69842932    1.72268471    1.70573285    1.87091010    1.66103376    1.51866663    2.32176720    1.98116854    1.78747965    1.75728803    1.53789488    1.61702828    1.79496057    1.73769611    2.39719992    1.62488162    2.07817954    1.32681984    1.57574268    2.09108540    2.65620834    2.19107083    2.04084907    2.65937931    2.24529181    2.13468883    2.28851679    2.35641443    2.04012809    2.17855304    2.12145916    1.75780749    1.54662151    1.88114617    1.93069092    1.79075692    1.75917843    2.10375720    1.71347804    1.97973942    1.96088831    2.17285108    1.67931288    1.76353936    1.94965840    1.87037418    2.25896600    2.40052719    2.41057297    1.85433453    1.74827893    2.31118853    2.14792619    1.95966536    2.33656117    2.21600822    2.59431595    2.59773409    2.89352252    2.45796010    2.55569676    2.71291931    1.63793801    1.46467572    1.83614435    1.89680399    2.23869978    1.88427704    2.12651977    1.74458985    1.94313107    2.48992409    1.89386890    1.66347870    2.85387326    2.11107974    1.96243681    1.30064008    1.72452104    1.72592498    1.41031960    1.59162393    1.60913576    2.14372767    1.55128464    1.53147392    1.67780097    2.32155496    2.35947541    1.76036561    2.01131193    1.92563589    2.23323790    2.10659454    2.35493233    2.16367671    1.73231550    1.69677310    1.93185445    1.78670822    2.08136542    1.78887131    2.17283227    1.76248159    2.03401170    2.14832200    1.90304689    1.92587582    2.11387882    3.50851005    2.40466038    2.45740912    2.02992098    2.39079265    2.22999286    2.37997796    1.93410650    2.11587290    2.31380007    1.87877205    2.49232783    2.73409003    2.76270262    2.28040221    2.10582576    2.08124853    1.77475242    2.60004104    2.71384340    3.09849242
L0KZY5_METHD/9-75     1.39492208    0.00000000    0.72326592    1.78865038    1.91568081    1.65675419    1.84609099    1.89512643    2.01512581    2.15263023    2.01982586    2.17984131    1.94742620    2.25459927    1.97509966    1.60670016    2.59711812    2.11898280    1.35063169    2.43775558    2.09052548    2.20067430    2.06693884    2.18124766    2.42561614    2.14557085    2.10660525    2.06293596    2.05933718    2.14330290    2.13951361    2.14173446    2.12762052    2.57420712    2.21300945    2.08325443    2.27232846    2.03598507    2.54303957    2.23012838    2.22480319    2.39704133    2.37741622    2.55956694    2.44492596    2.56296940    2.38548882    2.53729771    2.31793497    2.09150981    2.09986175    2.21363258    2.33852573    2.14474747    2.02692611    2.80693909    2.98477275    2.75147400    2.64661886    2.43827493    3.66015935    3.56463737    2.92201561    3.10119848    2.85761030    1.68860381    1.85997905    1.90980036    2.08737623    2.51922662    2.32461464    2.47500646    1.89657732    2.12470468    2.29000815    1.57127390    2.56637562    2.94291763    2.20802412    2.28368391    1.93918768    2.13351856    1.54787447    1.79500278    2.16933056    2.37216928    1.95990827    2.53457976    1.99599239    2.19919667    2.31385175    2.11779349    2.02288432    2.30178617    2.45354618    2.09108251    1.71024818    1.84931114    1.87575378    1.57958564    1.19484262    1.60351253    1.64435336    1.85380753    1.95936329    2.53623873    2.20905533    2.50078667    2.32497840    2.54028200    2.12171119    1.91660885    3.63599263    2.47757912    3.05487384    2.41711046    2.56659693    2.58119238    2.76737625    2.27586157    2.41593090    2.30081735    1.77844614    2.71046350    3.11642994    3.43241504    2.24607970    2.15574416    2.35483709    2.01756391    3.71043260    2.20455520    3.04185231
Q8TUQ6_METAC/9-75     1.03367804    0.72326592    0.00000000    2.38977616    2.37451467    1.66307414    1.73864044    2.15484258    2.11017755    2.81755406    1.69004668    1.77455014    1.58499389    1.99850279    1.59310238    1.81179483    2.30524614    2.19155293    1.72510735    2.28748369    1.44880199    2.03321145    2.46839397    3.38797812    2.49856176    2.26410474    2.26897776    2.19224959    2.26536069    2.27872385    2.36358229    2.32979931    2.50430061    2.66741061    2.35887483    2.20366944    2.38599226    2.00926352    2.09873774    2.10978728    2.45396404    2.41973930    2.45383008    2.50379189    2.50429843    2.37086094    2.22620573    2.44240946    2.39283896    2.65860324    2.38465325    2.25001682    2.29549009    2.10014946    1.97677173    2.75529058    3.06396380    2.69267838    4.19595820    3.97189153    4.31719778    6.68305841    3.74707635    2.80258953    3.06480603    1.82426277    1.85247998    2.10918122    2.07871880    2.26872355    2.64265894    2.71395778    2.04676961    2.40666886    3.11911123    1.97088774    2.57622065    3.73549537    2.14269315    2.12772261    1.72848088    2.32712425    1.63681909    2.13796847    2.17088886    1.97579431    2.36710669    2.88261169    2.51755298    2.21544949    1.91470065    2.03511765    2.53007878    2.49376886    2.21001037    2.11437672    2.17609431    2.01720642    2.40495453    2.07454135    2.01416722    2.30187882    1.87066063    2.28999048    2.11703829    3.09122622    2.23896732    2.47943554    2.33084053    2.53972631    2.41256403    2.32110105    3.55435116    2.77071349    3.09903711    2.68183571    2.71720311    2.77157425    3.14493068    2.58316250    2.45305646    2.62214562    2.45874894    2.91596114    2.52958423    6.03609484    2.40836860    2.23896682    2.24943056    1.78481773    3.15646372    2.69910951    3.12371488
H1YWY9_9EURY/9-71     1.69842932    1.78865038    2.38977616    0.00000000    1.49714056    2.16615277    2.00028062    2.39248486    2.50149927    2.75550697    3.18135766    3.93324975    3.27094333    2.73505232    2.27713107    2.46399014    2.31145393    3.63106919    1.94692059    1.96075148    2.80162613    3.69117941    3.58587958    4.34693837    3.46716136    3.29140631    3.11825595    2.78204671    2.92234172    3.83405328    3.22175889    2.59107447    2.43925360    2.48170294    2.64934056    2.50987055    2.73333366    2.56839721    2.69973779    2.66075346    2.64181953    2.85865602    3.45891557    2.55507331    2.64358945    2.75435968    2.75455854    3.17169153    3.05640462    3.17242259    3.23662838    2.86975068    2.52882979    2.57762419    2.79212910    2.48030677    3.60619734    4.11063329    2.85444150    2.77877661    2.83009546    3.69788347    3.14013660    3.10928624    3.11887630    1.91166736    2.28486356    1.51234610    1.42923418    2.01858474    2.02792306    2.45886728    1.95287393    2.24843535    1.95484353    1.77884471    2.12448742    3.35491043    1.81661897    2.48929697    2.30291749    3.59081243    2.73794637    2.53479662    2.45352607    2.06609332    1.39097330    3.17547771    2.94103801    2.64560899    2.39746576    2.03296854    2.54102605    2.29563813    2.28178144    2.90289868    2.87054047    2.21183421    2.43638766    2.19760857    2.00939526    2.33212867    2.24958292    1.98992967    2.15757152    3.54758172    2.64835580    2.33464706    2.38835689    2.50981976    2.12570111    2.41723411    3.30643452    2.26477112    2.92691010    2.97284616    2.69559575    2.57645630    3.00262852    2.18979070    2.47268782    2.52554811    2.59661137    3.11786781    3.37829496    4.05493123    3.62008156    2.17123639    2.34284731    2.12015867    3.50313564    2.97451301    2.23710846
A7I9H3_METB6/10-72     1.72268471    1.91568081    2.37451467    1.49714056    0.00000000    2.58611692    2.26841391    2.86820339    2.68186754    3.56061969    2.69655530    3.06869238    2.32627400    2.49078196    2.77054838    2.89011663    3.27716356    3.09764300    1.80869816    2.42656410    2.51243539    2.79270690    3.15679340    3.23598747    3.62353451    3.13972277    2.91645368    3.24623122    2.76762069    3.38185096    3.17093139    2.84998262    2.10119848    2.73702137    3.34627165    2.54519126    2.50145773    3.02027945    3.51549049    2.69363839    2.73942410    2.62608709    3.29624508    2.80933946    3.12589445    3.45340585    3.19931573    2.87500951    3.77784550    2.23392263    2.43715886    3.12619572    2.49476958    2.51083581    2.86263144    2.39243225    3.31053204    3.78685165    3.47960195    3.15760549    3.96273874    4.62216949    3.81058555    4.12659111    3.66674777    2.03269951    2.23221142    2.25098494    2.48556847    2.68681657    1.87099503    1.83402577    1.99467944    1.86824838    1.92849896    1.27349988    1.74605376    2.18619843    1.92403599    2.05858190    2.35036704    3.32069576    2.16150212    3.56130194    3.97149311    3.35369999    1.71804963    2.82883302    2.16125918    2.01559329    1.82172636    1.95467726    2.58961885    2.03508623    2.05007521    2.43579526    2.30413551    1.89823795    2.44115812    2.20128672    2.31208615    2.61683042    1.90763281    2.33293073    2.23013682    2.91930762    2.64316922    2.40925139    2.52630711    2.89590068    2.20019678    2.56630822    3.04492901    2.19905899    3.54673710    2.47547285    2.69216673    2.38887249    3.13472727    2.85897127    2.40923660    2.54711267    2.15175872    2.66185869    3.52873361    3.64167865    2.99956208    2.39285537    2.38368343    2.09647822    2.34893847    2.23461508    3.02747012
E1RE56_METP4/9-80     1.70573285    1.65675419    1.66307414    2.16615277    2.58611692    0.00000000    1.23268646    1.95529668    1.98257164    2.12411815    2.19830534    2.05635793    1.82441288    1.77809431    2.19662455    1.89286470    2.12963395    3.01492524    1.84038679    2.23400285    2.15609727    2.91613952    2.67059634    2.70913610    2.20708316    2.16666331    2.29563596    2.20936625    2.52708852    2.23212143    2.31743728    2.11857333    2.25781689    2.29651547    2.06875371    1.58222329    1.79253994    1.72066775    1.97429152    1.90448641    1.91305131    1.95040520    2.20531418    2.43226631    2.08388979    2.47786342    2.00766460    2.26072653    2.04963721    2.07443391    2.28969789    1.95995729    2.06024019    2.06025635    2.72269113    2.25543021    2.87945823    2.65000279    2.90891724    3.08345108    3.48861538    4.95258668    2.39130467    3.29946241    2.87420152    2.34017650    2.70740411    1.72296099    1.64877203    2.24730771    1.93252269    2.33085895    2.27026919    2.09583955    2.14887250    2.02429658    2.22035886    2.16135380    2.26399991    2.60532126    2.00899175    2.29560818    1.74451852    2.16231538    2.09735507    2.36794577    1.85605623    3.27346103    3.68371392    2.46183173    2.68780959    2.75271118    1.80816052    1.87654725    2.01547136    1.72013252    2.04750145    1.63339238    3.15427172    1.79821670    1.58247512    1.97246884    1.46871067    1.97924924    2.01588493    1.76079005    1.88080958    2.20832952    1.89344917    2.20142371    1.66855044    1.75755433    2.05835624    1.81103667    2.48277681    2.35536617    1.84946739    2.08686165    2.49100955    2.01400749    2.86420702    2.58881330    2.66869985    2.13925750    2.68903000    2.74151923    2.08528020    2.15086524    1.81589719    1.86293125    2.73354809    2.33363070    2.95411261
A2SSD8_METLZ/31-96     1.87091010    1.84609099    1.73864044    2.00028062    2.26841391    1.23268646    0.00000000    1.77145278    1.92122178    1.94861574    1.97877833    2.32005827    1.74180752    1.76580379    1.64080935    1.77642987    1.54275927    2.22553024    1.46492944    1.83076106    2.22153117    2.52335460    2.67460074    3.19086481    2.10818682    2.18379538    2.30364663    2.36247729    2.28673217    2.47412312    2.18228768    2.37579433    2.32794339    2.67100057    2.38626371    2.56429016    2.30309627    2.50249543    2.25204849    1.97713825    1.85006242    2.10277524    2.24280736    2.65428600    2.58889520    2.70074194    2.24197079    2.44491740    2.18529595    2.10168048    2.37228752    2.30725288    2.23839160    2.27616887    2.72997166    2.62810835    4.06325468    2.40952979    2.26672122    2.23946762    3.27995524    3.25079665    3.19065160    3.27969342    3.13061830    2.94054986    2.98279474    2.43442544    2.24713954    2.35998618    2.36035255    2.79346460    2.20309630    2.92460893    2.37895395    2.16726067    2.99470169    2.44350122    2.21087218    2.29479956    2.27205500    2.80005717    2.21653231    2.38787573    2.97555746    2.68649921    1.73911925    3.27561570    3.57855299    2.69610929    2.74791554    2.58541145    2.04237501    1.89451261    2.02020338    1.89390126    1.90646081    1.95334783    2.94188457    2.01090290    1.71310585    1.93736624    1.76127272    2.12235653    2.02455415    1.88231418    2.09187789    1.70926775    1.94488911    1.99854086    1.54210449    1.71632188    2.02459989    1.85501478    2.31024700    2.41010468    1.96354668    2.00688788    2.19004706    1.91284871    1.94123843    2.20202189    2.39756348    1.55903037    2.24539764    2.95517718    2.08605607    1.98239862    2.10599675    1.78386135    3.34010332    2.75465077    3.43625139
A6LIR5_PARD8/13-85     1.66103376    1.89512643    2.15484258    2.39248486    2.86820339    1.95529668    1.77145278    0.00000000    0.24937420    1.50716045    1.39975937    1.54934053    1.52584927    1.39873134    1.84441368    1.95294525    2.31092236    2.48596458    1.58579209    1.85923336    2.33623431    1.75822318    2.47626798    2.85159979    1.76394509    1.89458122    2.06299903    2.14747610    1.83156997    2.14062440    2.08723424    1.97342164    2.21098272    1.77463755    2.02453153    1.91665751    2.24000833    2.03318520    2.00733500    1.64350677    1.68289839    1.75248263    1.88482714    1.95495285    1.89630981    1.73171173    1.78712286    1.86797442    1.88164806    1.93892752    2.09564399    1.78309877    2.05162932    2.05731190    2.94289605    2.71399956    4.43645625    3.34417714    2.73292264    3.12070091    2.78261900    3.52723394    2.64100760    3.47775735    2.75819376    2.54979191    2.83839557    2.40835761    2.56264480    2.50955409    2.66121298    2.33756231    2.44808766    3.27548741    2.78645377    2.47528161    2.49939210    3.03808160    2.15922791    1.97227510    2.22246951    2.43942568    1.50072942    1.72439614    2.24536103    1.98000003    2.02296222    2.71423361    2.79517366    2.32609366    2.91261938    2.32105769    2.32863789    1.67343959    2.05312880    1.65613374    1.97530750    2.11893979    2.71712344    2.03071433    1.60302030    1.76577343    1.45884223    1.64121337    1.58529810    1.71796609    1.77134315    1.80652802    1.63606426    2.04794457    1.73580177    1.66383529    2.51468633    2.30692890    2.44581247    2.61877439    2.34930650    2.09019935    1.98848536    1.75105257    2.65002984    2.43746349    2.54205092    1.93412297    2.28238910    3.31511310    2.01999085    2.01326346    1.73572459    2.10563953    2.81778579    2.10274305    2.49481961
R5I3L3_9BACT/6-78     1.51866663    2.01512581    2.11017755    2.50149927    2.68186754    1.98257164    1.92122178    0.24937420    0.00000000    1.98147331    1.40921197    1.43259242    1.44068877    1.50563947    1.96526160    2.11119848    2.53599050    2.34606205    1.72689897    2.10660960    2.23876223    1.86115287    2.65662294    3.34010957    2.02603956    1.96890777    2.20578471    2.40754679    2.36454732    2.40068353    2.53049816    2.13840558    2.40881821    2.02784663    2.38956485    2.08579804    2.22459042    2.29574147    2.01137532    1.76347226    1.68794996    1.93395169    1.90703912    2.10828052    2.33646078    1.93778723    1.92951057    2.12195358    2.25018532    2.08356014    2.16332607    1.97091482    2.12932645    2.05328948    2.65274182    3.06537464    3.66257958    3.35996517    2.87040946    3.64868714    2.87811139    4.35935916    3.26415156    4.43724098    3.52482149    2.44417135    2.63295352    2.47596078    2.66032611    2.60596304    3.10188464    2.50225847    2.53158180    3.33464372    2.92297324    2.57052188    2.24744108    2.92417395    2.40998115    1.88939668    2.23335506    2.68618433    1.69743732    1.83489097    2.30553536    2.25701797    2.30590085    3.06034816    3.16832956    2.42456716    2.99475328    2.27185703    2.22850742    1.64603980    2.06836968    1.93548737    2.12795620    2.35494938    2.56607354    2.21575357    1.88821971    2.02219177    1.55352195    1.77245065    1.63150267    1.52052902    1.74263663    1.82807866    1.66293132    2.34709954    2.02901280    1.77067695    2.90232687    2.36221452    2.75093702    2.56015112    2.70586487    2.43676078    2.31761805    1.91114524    3.12639357    2.51447707    2.83044721    2.15328733    2.35038098    2.96318948    2.34090322    2.39770384    1.88425464    2.09983647    2.95873551    2.21676337    2.77553241
R4JZ25_CLOPA/71-128     2.32176720    2.15263023    2.81755406    2.75550697    3.56061969    2.12411815    1.94861574    1.50716045    1.98147331    0.00000000    1.91280420    2.35513085    2.41538105    1.80410712    1.60225931    2.36664840    1.72973418    2.47218554    2.21067795    2.22135965    2.65906280    2.40593060    1.58461318    2.71202084    2.37642299    2.04018385    2.27866833    2.56330228    2.32221159    2.32289753    2.25446248    2.40553687    2.05078001    2.10604466    1.67765126    2.48996621    2.16355628    2.30088671    2.32442123    2.02023820    1.68711160    1.71823594    2.24784431    2.10029716    2.16512000    2.32393337    2.25137904    2.17035829    2.07366664    1.99456608    1.82023062    2.15824708    2.04341302    2.01790627    2.22533211    2.75549850    2.36400636    2.64730712    2.81971608    2.52086896    2.55034556    2.15792747    1.78756618    2.66927117    2.07528822    2.32507749    2.36606328    2.52116534    2.47516392    2.37327866    1.91463050    2.40013781    2.54681425    2.23315758    2.78326490    2.79261798    2.75668521    2.24844277    2.48760093    1.89189579    2.03243669    2.59861512    2.65072560    1.79893542    2.59042098    2.87752481    2.19780671    2.38558483    2.80810762    3.00934446    3.53809617    3.59918589    1.89642253    2.45405459    2.64905250    2.78088934    2.55322186    2.89609236    2.42364632    2.77054404    1.87275138    2.14094643    2.47368709    2.72449329    2.38776869    1.85926165    2.03679593    2.22890923    2.04003782    2.26674021    1.68744653    1.91827885    2.59269587    2.87740244    2.23113989    2.64078400    2.52921546    2.75404263    2.80016567    2.86487712    2.53611292    3.13611101    3.28723848    2.52224828    3.27422057    2.32663783    2.31873675    2.33156103    2.63820240    2.40550251    4.12165384    2.91699834    3.30364071
F2NIT4_DESAR/9-81     1.98116854    2.01982586    1.69004668    3.18135766    2.69655530    2.19830534    1.97877833    1.39975937    1.40921197    1.91280420    0.00000000    1.00218830    1.44198608    1.33042791    1.96969613    1.66778259    1.79416674    2.35504201    2.13802148    2.85383942    2.46051836    2.66390442    3.12535074    2.99543349    2.67333655    2.36108906    2.93843007    3.12370592    2.70185402    2.83347788    2.80287451    2.80231146    3.34376309    2.81011475    2.41762053    2.22328219    2.55531396    2.55868814    2.48532496    2.36124684    2.33220196    2.67097916    2.45114858    2.33811709    2.38724359    2.57317964    2.19214549    2.21259582    2.82053635    2.70002876    2.60285602    2.44811304    2.33656724    2.13226074    3.23214789    3.25135257    3.25789207    3.31873471    3.29792885    4.16427130    2.89911269    4.06538362    3.67482665    3.25239324    2.56650931    2.39748475    2.47965407    2.98743612    3.01991012    3.18396231    2.81109490    2.81277971    2.79051740    2.77779039    3.09890672    2.63326789    2.75928114    3.60681350    2.44520009    1.74246247    2.47669009    2.64874453    1.91174731    2.62074424    3.27985464    2.46300577    2.05625492    3.02019665    5.09173981    2.36300313    2.50357709    2.56937465    2.02842440    1.53346875    1.51023668    2.26056434    2.04450871    2.01502924    2.54709056    2.34831943    2.25444682    2.24930828    1.46953107    2.12857359    1.97008068    2.43841914    2.04264416    1.69225523    1.78456707    2.60372619    2.43160755    2.74162785    2.07390993    2.54095142    2.56699963    2.54318299    2.46680270    2.19842639    2.54003473    2.43133972    3.10442807    2.78133879    3.20795806    2.62427048    2.82663344    3.60406026    2.79752412    2.32910800    1.94179311    2.08632678    2.43826601    2.20751756    2.84139999
A0LPC1_SYNFM/9-75     1.78747965    2.17984131    1.77455014    3.93324975    3.06869238    2.05635793    2.32005827    1.54934053    1.43259242    2.35513085    1.00218830    0.00000000    1.63525648    1.54326185    1.69514650    1.76521932    2.19843317    2.49570851    1.68065601    2.74666063    2.44875109    2.58405325    2.19559975    2.21035185    1.85558229    1.97195600    2.09862297    2.30310597    1.90163190    2.03178411    2.02634307    1.90250716    2.69979637    2.15016376    1.93290296    1.74653462    1.77761024    2.03092310    1.82417359    1.68364016    1.66591208    1.81336820    1.58529692    1.70539017    1.93732225    1.94188517    1.65393339    1.78562855    2.10868440    1.88757068    1.93985551    1.89329112    1.72683266    1.74924839    3.47626722    2.91227441    2.66790350    3.23077424    3.58882445    3.98628869    2.82039801    4.47984664    3.22934580    3.25722984    2.80995989    2.58156558    2.46005009    2.64370278    3.26986441    3.49409816    3.07665687    2.56402532    3.16871806    2.83600082    3.15593444    2.52425267    2.30740990    2.63609445    2.33245323    1.76115583    2.09131044    1.79507883    1.44039267    2.34358454    3.15511143    2.69138470    1.98912677    2.40971622    3.65575541    2.11682613    2.27683063    2.29490457    2.15842368    1.42200695    1.71594930    1.89396584    1.91250379    1.68291093    2.56264828    2.12007138    2.12583193    2.27037113    1.41306663    1.88324628    1.70493165    2.34986076    1.77031612    1.76123090    1.88139756    2.17768001    2.35350823    2.61514914    2.36745530    2.37450432    2.54441228    2.48026717    2.77361867    2.17859307    2.98042958    2.41504933    3.11524409    2.68399216    3.08174720    2.31689949    2.84868880    3.93139977    2.37343044    2.21932358    1.93184108    1.93952356    2.88435916    2.23846004    2.75712496
G0A5D7_METMM/11-75     1.75728803    1.94742620    1.58499389    3.27094333    2.32627400    1.82441288    1.74180752    1.52584927    1.44068877    2.41538105    1.44198608    1.63525648    0.00000000    0.87618659    1.77496301    1.56348623    1.74499608    1.99357152    1.89170462    3.56232229    2.09853419    1.70146485    2.61672567    3.23798374    2.67182017    2.30888297    2.14089699    1.80767549    2.26977973    2.06887852    2.26386030    2.03517173    2.55795520    1.71835253    2.08997696    2.03371020    2.09389019    2.24130268    1.64704493    1.49369732    1.73954263    1.94198080    2.31016271    2.07933510    2.41379577    1.92874970    1.77460965    1.64774744    1.79495626    1.71093836    1.98388656    2.04888795    2.06611158    2.46882416    2.93709756    3.06913692    3.98481811    2.68478021    2.55258791    3.59961509    3.72683588    3.66794579    3.35663436    2.99183455    2.95433856    2.36631558    2.39267780    2.80859711    2.51623844    2.51392039    2.56748660    1.88720613    2.19723881    2.38815444    3.19119650    2.15935210    2.30268122    2.41055004    2.33756638    2.50184403    2.51054214    2.78142634    1.82333815    1.99665713    2.24704780    1.99908703    2.24916472    2.76550547    2.58726857    2.38377378    2.24866358    2.07997744    2.62496037    2.27816970    2.22129190    2.30438030    2.35372598    2.35254689    2.58609713    2.15476276    2.44016188    2.22776634    2.21444072    2.35810511    1.97948238    1.97287137    2.49089723    2.13033485    2.23587965    2.83269706    2.42899993    2.99253029    2.75715438    2.21736650    2.87674804    2.25765398    2.77297454    2.23051580    2.82743697    2.96551423    2.20428121    2.38149309    2.19834625    2.29319998    2.27401205    3.62556655    2.86926343    2.73646563    2.38591629    1.97997869    2.51370028    2.04328483    2.57888146
G4STW3_META2/9-73     1.53789488    2.25459927    1.99850279    2.73505232    2.49078196    1.77809431    1.76580379    1.39873134    1.50563947    1.80410712    1.33042791    1.54326185    0.87618659    0.00000000    2.17212840    2.14417320    1.75640810    2.22802820    1.96485315    2.30789078    1.87120873    1.78697778    2.69850160    3.33513576    2.00558322    2.21942148    2.23164988    2.44236154    2.43645651    2.12930138    2.41423330    2.52399351    2.15686384    2.13906542    1.52576393    1.96490774    2.11122623    2.38377892    1.74494182    1.70382713    1.60354014    1.85778180    2.22226193    1.85163312    2.34528947    1.99029117    1.70347938    1.81532502    1.97215885    1.93890166    2.29927215    1.69378959    2.10244815    2.24469140    2.82858687    2.78958989    2.66408937    3.36112587    2.88072159    3.54565507    2.80325567    2.58058541    3.47014518    4.12477514    3.68672129    2.62216312    2.71830355    2.47392541    2.11450006    2.19298926    1.72760591    2.15465250    2.25260041    2.20210114    2.29749488    2.29096882    2.20183046    2.02113102    1.79204761    2.01919784    2.33206608    2.57412228    1.80150573    1.93367492    2.47206963    2.07994910    1.90187078    3.00737592    3.26569554    2.31196288    2.63072212    1.98494061    2.01599248    1.90942637    2.24664541    1.79311752    2.19762304    1.94701433    2.65040235    2.07992040    1.92931453    1.89949205    1.80324526    2.34272274    1.86939507    1.75134186    1.98086558    1.88182568    1.93850881    2.25726208    2.06671987    2.23453240    2.61316773    2.18673753    2.74249010    2.34848629    2.83170432    1.95694647    2.10976225    2.00513171    2.67211048    2.76710036    2.69186409    2.59804513    2.06226589    2.63303210    2.39722744    2.44551121    2.30658226    2.12439168    2.75518910    1.98874855    2.59223235
Q2RIJ9_MOOTA/9-76     1.61702828    1.97509966    1.59310238    2.27713107    2.77054838    2.19662455    1.64080935    1.84441368    1.96526160    1.60225931    1.96969613    1.69514650    1.77496301    2.17212840    0.00000000    1.08179163    1.17294571    1.97030257    1.42352364    2.18512901    2.04799585    2.11978174    2.08811123    2.76418179    1.81728081    1.64404824    1.78082411    1.67920104    1.93814294    2.05320297    2.15075124    1.94569083    3.50270404    2.14645913    2.06688385    2.12053955    2.13335231    1.86285342    1.95556536    2.16506387    2.05834322    2.02106309    2.16947797    2.09920075    2.08200511    2.21165365    2.19112522    2.02558341    2.09108734    2.22551665    2.16165010    2.35619072    1.90327689    2.10177187    2.44008879    2.99235499    3.35401275    2.92571746    2.56929491    3.12254560    2.79959631    4.06940205    2.78956107    2.44024802    2.01265155    2.46549262    2.68164807    2.58717061    2.52170777    2.94435601    3.05221893    2.32074103    2.50305556    2.78957942    3.83465361    2.66138603    2.56136627    3.76903305    2.47034156    2.16766909    1.63504602    2.20435242    1.82477264    2.62432845    3.31129027    2.48895135    2.22040047    2.52249225    3.08993417    2.57571134    2.15495167    2.36766899    2.18386213    1.72701929    1.66052703    1.99512110    1.99312915    2.69209721    2.28319093    2.12704648    1.97471053    1.93735932    1.87631725    2.29798912    1.97401668    2.68336101    2.04814669    1.63478537    2.31057833    2.55298616    3.01541806    2.96099410    2.70700345    2.64280828    2.91495021    2.70760156    2.36785798    2.51861369    3.37239978    3.19701736    2.71987179    2.85328794    2.82425182    2.51709607    2.86013042    4.64682564    2.99486904    2.52178472    2.30318320    1.89106045    3.90125744    2.74729651    3.34159074
C9R964_AMMDK/9-90     1.79496057    1.60670016    1.81179483    2.46399014    2.89011663    1.89286470    1.77642987    1.95294525    2.11119848    2.36664840    1.66778259    1.76521932    1.56348623    2.14417320    1.08179163    0.00000000    1.16095761    2.30242505    1.69957877    2.91313606    1.90305574    1.94203877    2.20096401    2.59630371    2.12378785    2.30324615    2.55264429    2.18054086    2.02299853    2.38109961    2.12474098    2.01900051    3.55109496    2.29577728    2.06868579    2.02894976    2.31669693    2.19583031    2.03521541    2.24413752    2.16949517    2.23025415    2.07136200    2.27763766    2.34158813    2.29404958    2.24032268    2.18387147    2.22103127    2.40266235    2.31433163    2.29237560    2.21142097    2.32068608    2.80372078    2.77886504    3.39709624    3.14896669    2.60295411    4.64243241    3.35970264    3.51868629    2.31239951    2.34226575    2.13030465    2.12168270    2.30257686    2.27505092    2.06050100    2.46657773    3.03948148    2.20716331    2.37799102    2.62151286    3.39063396    2.76572624    2.52912910    3.36867342    2.54220437    2.43074824    2.17892890    2.64230715    1.75372191    2.53992068    2.80228794    2.48132285    2.13252004    3.33611636    3.77916123    2.47351308    2.57519946    2.77023879    2.95572065    1.76947755    1.96938453    2.24210027    2.12150653    2.65055871    2.81677432    1.91586241    1.72634085    2.27210543    2.13803101    2.28581527    2.20936173    2.67776684    2.38355911    2.14193938    2.33156767    2.71281189    3.12925305    3.10179269    3.22159468    3.11423374    3.29992153    2.81079294    2.88994375    2.70482930    3.39855183    3.64050395    2.53310389    2.74936141    2.78773532    2.86250275    2.62327415    3.88686226    2.85652214    2.58587329    2.60664733    2.18769195    3.77731335    2.57507073    3.08318917
K4LFC8_THEPS/9-79     1.73769611    2.59711812    2.30524614    2.31145393    3.27716356    2.12963395    1.54275927    2.31092236    2.53599050    1.72973418    1.79416674    2.19843317    1.74499608    1.75640810    1.17294571    1.16095761    0.00000000    2.32006834    1.91660976    2.12910479    2.22924532    2.66494432    3.11081881    3.45977501    2.17256858    1.92191527    2.72225084    2.29879470    2.30610666    2.30057680    2.55910562    2.18090469    3.06207144    2.70186923    1.94802200    2.41531967    2.78260644    2.52431617    2.20743787    2.37432768    2.22675676    2.40263039    2.19835808    2.25272801    2.49272083    2.72937515    2.56205677    2.46434527    2.41787820    2.84457621    2.49084931    2.51793018    2.28876037    2.00904044    2.45909616    2.29968170    3.80506652    3.62292736    2.26188580    4.29606518    3.49644139    3.82490903    3.46397004    2.63921516    2.44767514    2.20741230    2.38452817    1.95179898    1.73104850    1.89734104    2.31373285    2.35984257    2.22372536    1.88614125    2.27655646    2.22264235    2.22732630    3.38056841    2.18190680    2.23011396    1.89863266    2.61606646    2.43207224    2.22889140    3.26111749    2.43630074    2.31171726    4.20229541    5.63787499    2.39638990    2.06454795    2.35598945    2.45576359    1.63223345    1.56954008    1.76608498    1.62423559    2.35133547    2.79518161    1.80475461    1.76436588    1.65582335    1.84649774    2.22247073    2.21805270    2.58931430    1.86413271    1.75998459    2.12202096    1.97019597    2.52710153    2.37697530    2.32963817    2.84289197    2.83104298    2.37312989    2.53438764    1.98465597    2.23822223    1.94757883    2.63218253    3.02322287    3.08559562    2.14832400    2.39253195    3.78740129    2.72406240    1.89521321    2.59251467    2.06452479    3.63711817    2.34595801    2.54070402
D2QYK9_PIRSD/9-74     2.39719992    2.11898280    2.19155293    3.63106919    3.09764300    3.01492524    2.22553024    2.48596458    2.34606205    2.47218554    2.35504201    2.49570851    1.99357152    2.22802820    1.97030257    2.30242505    2.32006834    0.00000000    1.52598005    2.40713703    3.08401834    3.13175543    2.57398230    3.78440744    3.95978311    2.60513961    2.79528589    3.06814751    2.27298921    2.22187596    2.43563548    2.31587215    3.64287955    2.79022998    2.81554249    2.60903304    2.37047136    2.60527873    2.35986202    2.36858181    2.48105215    1.97999679    2.49749809    2.38983670    2.76258918    2.18403448    2.75496842    2.40456299    2.71213088    2.60206711    2.32473525    2.95535609    2.48755978    2.41179722    2.74336750    3.61250871    2.94924588    3.75541149    4.46317325    3.99942741    3.21826535    2.89843706    3.32278922    2.89708004    2.69697850    3.04722404    3.15355797    3.66951677    3.83896314    3.14257699    3.09107891    4.87066413    3.47923688    2.78384600    3.49749380    2.36980264    2.71076283    3.34952452    2.90449309    3.05727098    2.47476474    3.05424124    3.33289071    2.50302129    3.08248495    3.10871365    2.53485826    2.13956062    3.01601413    2.23970162    2.44133343    2.19850615    3.59400206    2.31416070    2.36052507    2.04401092    2.53322773    2.73728510    2.33650668    2.19710192    2.67409467    2.65186340    2.20104281    2.83977697    2.13014824    2.69200153    2.22277803    2.18327680    2.85686024    2.90210168    2.57268362    3.11951275    4.19879767    3.35426624    3.61583089    3.51213524    2.35678525    2.72978454    3.86015371    3.36489882    2.94573853    3.06779641    3.05989189    2.64074320    2.52769572    4.30220625    3.02947484    2.60827915    2.78412257    2.07076177    4.11308221    2.58354493    2.91987064
M1XST7_NATM8/13-77     1.62488162    1.35063169    1.72510735    1.94692059    1.80869816    1.84038679    1.46492944    1.58579209    1.72689897    2.21067795    2.13802148    1.68065601    1.89170462    1.96485315    1.42352364    1.69957877    1.91660976    1.52598005    0.00000000    1.39353390    2.03255521    2.22468316    2.15859060    2.53361958    1.77891089    1.89796905    1.98957551    2.25709659    1.73203210    1.71489773    1.81206134    1.77130417    2.19223707    2.08228049    2.01049661    1.67565102    2.02435690    2.59932942    2.05728893    1.66418564    1.61188065    1.88986317    1.55000241    2.11424943    1.95739082    1.96388440    1.99845596    2.03655231    1.84179815    1.84893267    2.04623192    2.02643799    1.60177134    1.51654727    3.11488517    2.72433922    3.12311653    3.70077796    3.20900423    3.04120294    3.82496407    2.96465334    2.70413242    3.34772102    2.52790780    2.48068706    2.59775569    2.08820929    2.28617346    2.43118975    2.49817518    2.87290860    2.31176257    2.55141318    2.59457315    2.04271858    2.26768631    2.58982419    2.79514821    2.18808909    1.51622203    1.92284242    1.55702251    2.03748847    2.97302986    2.29295669    2.09638285    2.04344898    2.28535178    1.69210263    2.70057334    1.85742618    1.56347662    1.52990385    1.83107515    1.98053937    1.88412017    1.91505866    2.23017503    1.75520435    1.48553702    1.75912899    1.70131829    1.88293688    1.78417124    2.01612760    1.80335895    1.89412364    1.91796052    1.91654150    1.77476027    1.83653317    3.11933429    1.87899612    2.15473828    2.33693279    2.28469179    2.21683421    2.15285818    1.79827585    2.48966677    2.25072589    1.87548889    1.87104520    2.33553280    2.89067206    2.19678298    2.26508348    1.93518784    1.64185058    2.78363307    2.18428940    2.78539305
Q7UGQ3_RHOBA/4-55     2.07817954    2.43775558    2.28748369    1.96075148    2.42656410    2.23400285    1.83076106    1.85923336    2.10660960    2.22135965    2.85383942    2.74666063    3.56232229    2.30789078    2.18512901    2.91313606    2.12910479    2.40713703    1.39353390    0.00000000    2.43308827    3.11358313    3.33145569    3.16453419    1.50548875    1.90689924    2.26521132    2.24742202    2.00960758    2.05781053    2.11881661    1.97365819    1.90896393    2.11504208    1.90501924    2.09535330    1.96754196    2.30645986    2.37611660    2.24658344    1.84764493    2.10493078    2.36168282    2.39117189    2.48359176    1.82898871    2.38298309    2.05812494    2.08414581    2.16265577    1.91680826    2.09588064    1.75922140    1.85052645    2.96034236    3.22456333    2.59503250    3.26323962    3.70757865    3.34355894    3.13621146    2.56884952    2.03021929    2.23383621    2.27308468    2.52052506    2.80779471    1.98235448    2.04025828    2.56827762    2.35233905    2.57322736    2.67564957    1.94115389    1.71677703    2.37440642    2.71255013    3.83442312    2.41477055    2.34510566    2.23545058    2.39044660    2.74331269    2.19292775    2.78398523    1.85920412    1.90431785    2.06644282    2.70055505    2.62845826    2.13532846    1.99858077    1.82275469    1.83442997    1.78297797    2.09838340    2.32274131    2.12670818    2.86751305    2.30417046    2.16487097    2.11035859    2.11752542    2.05950847    1.79583990    2.79916418    1.96417200    2.25074473    2.07213589    1.89222660    1.88248820    1.75002189    2.54927713    2.13497213    2.61245953    2.47533253    2.03654224    2.17846686    2.14441129    1.80454918    2.15699978    2.28683436    2.68573980    1.72875258    2.53723590    3.37141926    2.42550216    1.86269619    1.87811022    1.61041191    2.59352741    2.15438167    2.21402473
F2KT13_ARCVS/8-72     1.32681984    2.09052548    1.44880199    2.80162613    2.51243539    2.15609727    2.22153117    2.33623431    2.23876223    2.65906280    2.46051836    2.44875109    2.09853419    1.87120873    2.04799585    1.90305574    2.22924532    3.08401834    2.03255521    2.43308827    0.00000000    0.90091753    1.51582669    2.03658522    1.68762787    1.63488265    1.76129590    1.91869870    1.80208025    1.79194819    1.91064513    1.55354211    2.31486659    2.16908531    1.63123080    1.73132162    1.70328510    1.66305122    1.82818580    1.96168049    1.88764007    2.09058625    1.85616573    2.02647003    1.95249469    2.01245218    2.06898693    2.23002613    2.05794921    2.02040052    1.94383004    2.30077333    1.96383036    1.70199074    2.37653276    1.83621778    2.35878131    2.27349900    2.88003187    3.11001249    2.92838207    3.42963192    3.50295693    3.28482898    3.41016815    1.87638290    1.86869332    1.21815370    1.30855845    1.38640401    1.42545292    1.88621832    1.57750962    1.39496737    1.59944193    1.66872132    1.45421684    2.95830831    1.73163198    1.81301101    1.81207672    2.06059145    1.42116681    2.07735786    2.25754080    1.87829990    2.10661546    2.73004083    2.19054929    2.92321253    3.40642404    2.66240733    2.87617902    1.98717395    2.35036284    1.86738516    2.07419773    2.35516938    3.01082619    2.50438183    2.25311206    2.18360012    1.62219341    2.45141243    2.01503133    2.20769923    2.02413918    2.49209332    2.10289934    2.14408040    2.79869687    2.53558075    3.69453216    3.07775525    2.92296101    2.90588436    3.24831703    2.79384205    2.49919181    1.92338859    3.00348219    2.81295110    2.84762050    3.33042605    2.15014745    3.70626141    2.89720085    2.94812396    2.80701730    1.82565948    2.71733501    2.08081733    2.38697873
