85
D1C823_SPHTD/29-232     0.00000000    2.20482455    2.63193369    2.38971807    2.43130319    2.12671008    2.54127481    2.43143835    2.31900646    2.90407313    2.63902292    1.90102140    2.05911534    1.51068307    1.58950846    1.58746582    2.02888591    2.35829681    2.05799307    2.00331647    2.04085809    2.12392727    2.05631013    1.80291860    1.79766194    1.95389381    1.83742652    1.86724954    1.75892208    1.88693193    1.96098582    2.02306222    1.92195862    1.84973023    1.81067538    1.73144247    2.23498060    1.88021952    1.47717226    1.41738031    1.62955731    1.64403933    1.37708702    1.50578647    1.52938592    1.54436563    1.42052385    1.42678155    1.37551980    1.40284496    1.38737243    1.43904673    1.46231909    1.44306985    1.27797131    1.35470431    1.51658158    1.48198395    1.44966463    1.80364313    1.47134637    1.61892146    1.42295248    1.61929641    1.48615527    1.15491610    1.63870314    1.55425808    1.57963805    1.53556298    1.47902027    1.55698251    1.53316559    1.57502446    1.77179384    1.42894796    1.38846056    1.55075894    1.46105155    1.64917015    1.71154177    1.44773602    1.52810830    1.23897927    1.44513036
Q5AWP2_EMENI/470-667     2.20482455    0.00000000    0.82134625    0.74994480    0.80682372    0.88517392    0.90594697    0.80187124    0.96282015    0.95131351    0.86592708    2.57612532    2.71997707    2.30312070    2.78009754    2.80789329    3.07340997    2.96609892    2.93130762    2.87618747    2.86263867    3.02122847    2.94215461    3.04237137    2.93930048    2.88025229    2.78539098    2.76692536    2.66978150    2.65053913    2.66645606    2.55900765    2.86748295    2.79161317    2.81469599    2.84860229    2.88084701    2.86342777    2.64865570    2.64865273    2.70585242    2.62610070    2.36397217    2.52043854    2.81902885    2.96198525    2.50176993    2.77506037    2.74017041    2.51638314    2.41685883    2.54060437    2.59737340    2.46652781    2.43942674    2.32825495    2.66685756    2.43835727    2.45239472    2.19050923    2.25359672    2.18952843    2.30595088    2.58233181    2.50331333    2.56338792    2.70630038    2.63757423    2.67576370    2.37435866    2.40938006    2.67558594    2.67439319    2.62182045    2.69168594    2.32191290    2.45899561    2.26575030    2.34015591    2.51364028    2.58311647    2.70647239    2.83212805    2.57426470    2.53856226
B6GYG1_PENRW/502-699     2.63193369    0.82134625    0.00000000    0.47103827    0.44069304    0.66976958    0.63021574    0.64964782    0.67165802    0.64382200    0.63394677    2.75048759    2.76263993    2.51203976    2.66061011    2.85785165    2.91730972    2.93491058    3.15690463    3.31603932    3.27692897    3.19014582    3.09300550    3.34765448    3.01129389    3.18482931    2.79970041    3.01257658    2.91052051    2.71310992    2.92423447    2.76561023    3.03101424    3.15327012    3.18847650    2.89366596    2.89573192    2.66500573    2.55789793    2.48175804    2.46044514    2.31535726    2.75763200    2.74374903    2.68195234    2.78332044    2.51304161    2.76585909    2.64141056    2.54006244    2.38543522    2.64387200    2.60178651    2.46555139    2.75157204    2.50324550    2.61866908    2.64279852    2.60605822    2.40942458    2.55766608    2.51323894    2.53911310    2.54625959    2.62784472    2.72714600    2.52715062    2.76364069    2.78954545    2.61428229    2.71389651    2.64857213    2.47391771    2.48551802    2.64951934    2.47889280    2.61022328    2.56370826    2.30482882    2.55781117    2.57636008    2.51041781    2.68766822    2.51272722    2.59314659
Q0TVS3_PHANO/438-633     2.38971807    0.74994480    0.47103827    0.00000000    0.45188891    0.63679641    0.56720516    0.59469425    0.57000485    0.66238425    0.59658894    2.47205483    2.65010714    2.28016074    2.44821490    2.60513159    2.75940437    2.72338071    2.81989071    2.86429970    2.76758948    2.86694163    2.66790217    2.98567791    2.81218705    2.67712742    2.52463002    2.54225362    2.53718041    2.32572282    2.47078590    2.36408427    2.59649880    2.69061642    2.65012173    2.72004995    2.61285629    2.46217736    2.32728572    2.39402891    2.40394539    2.37297699    2.66734480    2.57051171    2.73924453    2.89383820    2.29309607    2.56664054    2.70432984    2.43118532    2.42156450    2.57364322    2.58654284    2.44541436    2.62780717    2.24092379    2.68057748    2.56171203    2.50374508    2.30786094    2.31325163    2.45547460    2.37773530    2.33880649    2.53195626    2.65971302    2.64748539    2.57396836    2.69737964    2.65954229    2.70908163    2.89243674    2.59063863    2.74432896    2.51348059    2.38479413    2.49529864    2.47593055    2.29365138    2.52493217    2.59650035    2.46952878    2.70941399    2.58410213    2.65862318
D5GK17_TUBMM/495-691     2.43130319    0.80682372    0.44069304    0.45188891    0.00000000    0.59211663    0.50670382    0.58778965    0.59669084    0.61314517    0.49873295    2.50312127    2.65010651    2.38668691    2.57447077    2.78878721    3.21264790    2.87402428    3.02480235    3.13779549    2.96009393    2.86993972    2.89311695    3.07478865    3.06771156    2.88903133    2.60314494    2.91505367    2.80747890    2.61055096    2.58269389    2.52761730    2.77183667    2.86385149    3.06999795    2.54303572    2.81638353    2.36838813    2.41132606    2.47477252    2.28239158    2.23970572    2.41186166    2.60234591    2.67162909    2.63778214    2.23395615    2.68243327    2.64755285    2.45829856    2.35293637    2.51308991    2.38760225    2.30032652    2.51286706    2.20518885    2.63937295    2.44212357    2.29525818    2.15215935    2.25091506    2.30743853    2.18597509    2.31683925    2.47618691    2.64639990    2.54591549    2.51165275    2.43234061    2.43386004    2.48386209    2.67253095    2.52457710    2.56990680    2.67653769    2.56766926    2.60846889    2.32346712    2.29044672    2.49366753    2.53460087    2.58288753    2.78718822    2.45993926    2.51281878
B2AP82_PODAN/589-789     2.12671008    0.88517392    0.66976958    0.63679641    0.59211663    0.00000000    0.65302700    0.70391546    0.68811140    0.78502801    0.66644918    2.67886180    2.87567888    2.21249945    2.57921233    2.79702988    2.91326915    2.94997234    3.02962710    2.94334575    2.81704084    2.82819617    2.82606701    3.45849151    3.26828802    2.97929106    2.77006591    2.78206361    2.62255985    2.44623400    2.74962732    2.41245399    2.52464593    2.80324597    2.72693638    2.62936197    3.30687634    2.58392261    2.68310841    2.25694295    2.57279091    2.50978250    2.41128235    2.56203562    2.54176346    2.51729378    2.24603511    2.43537677    2.48104554    2.28913088    2.30180918    2.36962949    2.29339062    2.42582932    2.33155299    2.15162072    2.47786611    2.40432491    2.32393465    2.21226536    2.15704904    2.23532813    2.10745326    2.21474060    2.46844314    2.18720253    2.75054951    2.56795485    2.56133878    2.36404307    2.48480800    2.39976644    2.39514785    2.78717342    2.84667385    2.83222355    2.97735446    2.67536675    2.47177957    2.59989043    2.69509522    2.72589634    2.85447126    2.56541869    2.38908345
Q2GUM1_CHAGB/474-672     2.54127481    0.90594697    0.63021574    0.56720516    0.50670382    0.65302700    0.00000000    0.61138142    0.74193168    0.73064219    0.69655103    3.18423433    2.74460303    2.67228868    2.83365880    3.07031287    3.46033722    3.16916090    3.35313334    3.14246424    3.19272396    3.27935067    3.12417238    3.74124956    3.32781691    3.29369349    2.96866252    3.25089471    3.03598302    2.99291142    2.90623716    2.81690538    3.08213299    3.36823726    3.40671109    3.01144222    3.22946953    3.10630433    2.86051047    2.63701126    2.55979865    2.49847404    2.94712856    2.94593578    3.13115913    3.27769279    2.70361420    2.99009806    3.00236076    2.74343347    2.83969141    2.86871785    2.78178704    2.70251830    2.84430578    2.47696609    3.05341039    2.86990948    2.82833617    2.50606361    2.47886996    2.69430751    2.40719459    2.64764021    3.00309572    2.83333219    2.81673376    2.72821568    2.86287553    2.86368122    2.99409509    2.93818375    2.98116157    3.00389261    2.99521869    2.79078178    2.96269692    2.81172911    2.77483495    3.00497429    2.91141689    3.00856998    3.33086899    2.86684300    2.86502678
E3QN18_COLGM/468-663     2.43143835    0.80187124    0.64964782    0.59469425    0.58778965    0.70391546    0.61138142    0.00000000    0.54584416    0.54717598    0.58027812    2.77939570    2.96081709    2.52218331    2.52810079    2.85761653    2.86811949    2.95491181    2.95478983    3.00439096    2.88584226    3.29657843    2.97701154    3.18891662    3.14505747    2.97934999    2.74581575    2.88245740    2.82287117    2.72067330    2.83804676    2.76020378    2.97943021    3.12764726    3.05311728    2.67302432    2.92887571    2.50972271    2.63998360    2.52989425    2.39398092    2.44838547    2.57966145    2.55397587    2.61389373    2.80017903    2.37756142    2.59024174    2.73209836    2.55638414    2.54678731    2.58917144    2.49429804    2.27182679    2.39622017    2.45178554    2.61992713    2.42952796    2.45956902    2.37281693    2.27304007    2.52052905    2.46474235    2.41530501    2.22477509    2.65126172    2.46788509    2.38853260    2.59925713    2.55066065    2.53796514    2.44579009    2.22439908    2.41979226    2.44316533    2.20128852    2.57178520    2.12748735    2.36486870    2.25709335    2.36006386    2.35202108    2.46715525    2.43364034    2.52367629
C4JD99_UNCRE/393-591     2.31900646    0.96282015    0.67165802    0.57000485    0.59669084    0.68811140    0.74193168    0.54584416    0.00000000    0.66366488    0.60512149    2.33083610    3.06481471    2.26090124    2.66212553    3.02576376    2.80761573    2.86486732    3.03195787    2.93480019    2.92151844    2.87388366    2.67083657    3.29367657    3.20134623    2.91064888    2.77820028    3.14756743    2.92343312    2.88381059    2.93721642    2.82267681    3.00949183    2.82773299    2.82183543    2.59348254    2.82386367    2.61367912    2.68187338    2.71485237    2.52391972    2.47463319    2.59501403    2.38055977    2.50377824    2.73541486    2.35381534    2.51490662    2.46468998    2.46113400    2.40491600    2.56885589    2.32827635    2.52523670    2.35147264    2.25384403    2.58812433    2.60123881    2.22350848    2.31769954    2.20120761    2.59956186    2.42598332    2.20987170    2.65915082    2.66598508    2.52661543    2.31140967    2.78265613    2.67941815    2.76127952    2.64208811    2.47343550    2.57086138    2.62421343    2.40626724    2.55480247    2.43289779    2.40163571    2.43107694    2.62200215    2.53366050    2.67553517    2.52454498    2.45315875
C7ZP62_FUSV7/505-702     2.90407313    0.95131351    0.64382200    0.66238425    0.61314517    0.78502801    0.73064219    0.54717598    0.66366488    0.00000000    0.63817136    2.89857760    2.91425969    2.72839313    2.73794866    3.20536145    3.17045736    3.02284843    3.19615874    3.38660204    3.20596680    3.00703410    2.98501711    3.35537546    3.12813139    3.04793485    3.06607466    3.36103501    3.24747684    2.98680134    3.11746813    2.93285431    3.32605674    3.42416146    3.40861985    2.97061668    2.99197601    2.67143192    2.80165295    2.69846136    2.81049535    2.47714640    2.64491658    2.85346487    2.73344758    3.01441172    2.63615274    2.86605498    2.82432396    2.77211134    2.53885867    2.76600118    2.66352659    2.53994742    2.68507269    2.44649475    2.67643578    2.45721822    2.44575887    2.41222116    2.26860106    2.40397620    2.36874331    2.41005639    2.75453674    3.18962963    3.10241339    3.01087437    2.96400241    2.83199781    2.93224420    2.70898594    2.47082030    2.75889714    3.04953082    2.84959644    2.99220431    2.72500693    2.56039860    2.60214931    2.80628847    3.00072437    3.14893887    2.85472147    2.85313723
Q0CK66_ASPTN/515-712     2.63902292    0.86592708    0.63394677    0.59658894    0.49873295    0.66644918    0.69655103    0.58027812    0.60512149    0.63817136    0.00000000    2.84183785    2.69997881    2.41565881    2.69020834    2.89897854    3.21131329    3.07655533    3.36253600    3.41586953    3.11887281    3.09034509    3.17047641    3.47317024    3.35319087    3.10724761    2.50976049    2.93632921    2.78501322    2.69010377    2.78851111    2.62047141    2.74868528    3.12404589    3.14966037    3.01041947    3.01155399    2.61281756    2.64411147    2.54560693    2.74680438    2.42909340    2.61701879    2.54660650    2.73493234    2.86355854    2.43158551    2.65969358    2.63500824    2.46772601    2.40016614    2.66811930    2.44720358    2.37977245    2.60503623    2.42672758    2.74693310    2.72506155    2.57084971    2.25818125    2.34261183    2.35540652    2.27097692    2.48659948    2.66966362    2.76041164    2.75678222    2.57923248    2.78965092    2.53710214    2.78741686    2.64399808    2.56074297    2.91057425    2.77977508    2.81875546    2.77503760    2.52880693    2.41473537    2.75048098    2.63389839    2.80444674    3.07517286    2.57533378    2.68742085
A0CZ39_PARTE/55-262     1.90102140    2.57612532    2.75048759    2.47205483    2.50312127    2.67886180    3.18423433    2.77939570    2.33083610    2.89857760    2.84183785    0.00000000    0.93394505    1.41182851    1.24242427    1.41470298    1.48036205    1.58450372    1.30904172    1.36251280    1.31245616    1.37331404    1.33016442    1.32692817    1.47272455    1.42079689    1.52824655    1.34257967    1.39017513    1.33376289    1.41036560    1.49563497    1.34321049    1.32391183    1.36925249    1.11248797    1.45305829    1.27303692    1.33859377    1.18382251    1.30667769    1.33922412    1.62063017    1.76148021    1.90381795    1.84083377    1.62425655    1.76354338    1.62470290    1.66881797    1.61118819    1.67803995    1.85666875    1.53232848    1.65015997    1.49991820    1.61718936    1.53833096    1.67198496    1.84919888    1.37173796    1.54205193    1.58461376    1.60713184    1.44136664    1.69076032    1.97782065    1.89162356    1.82756658    1.78751313    1.80716776    1.96594838    2.10495280    2.01641873    2.11114147    1.91807884    2.13704391    2.04289725    1.98191547    2.10531513    2.15499959    2.07288809    2.17806995    1.71263148    1.57990572
A0CTP7_PARTE/56-263     2.05911534    2.71997707    2.76263993    2.65010714    2.65010651    2.87567888    2.74460303    2.96081709    3.06481471    2.91425969    2.69997881    0.93394505    0.00000000    1.43075418    1.36133855    1.43958339    1.61766539    1.65947945    1.43724441    1.46590153    1.44633772    1.56071307    1.47568114    1.57467596    1.54575593    1.63992376    1.67651858    1.37025893    1.39811772    1.43150068    1.44086250    1.53079157    1.29174060    1.44042988    1.37937146    1.24263619    1.73746603    1.48721538    1.49884450    1.52143054    1.48941607    1.67349193    1.97516523    2.19194552    2.05285852    2.22758184    1.89163581    2.18271084    1.99925551    2.03040214    1.93704101    1.76473888    2.16480670    1.82711785    1.78233835    1.63985726    1.88366019    1.91682645    2.10299901    2.00056324    1.79289187    1.82549580    1.82537552    1.80500823    2.09616995    2.06416784    2.27405562    2.24351381    2.28617104    2.33348874    2.17812701    2.33026681    2.34282066    2.36170641    2.31151389    2.32951235    2.51390932    2.21127609    2.13821878    2.49196807    2.53114799    2.45760152    2.60292019    1.99066303    1.82321894
B8BYV0_THAPS/18-231     1.51068307    2.30312070    2.51203976    2.28016074    2.38668691    2.21249945    2.67228868    2.52218331    2.26090124    2.72839313    2.41565881    1.41182851    1.43075418    0.00000000    0.97872823    0.97408498    0.97973894    1.60035886    1.27566704    1.36845315    1.31506706    1.24090778    1.32616236    1.20434060    1.15676447    1.38382052    1.34779656    1.25348472    1.21846742    1.29438721    1.18360847    1.40950121    1.19653666    0.97195711    1.12452961    1.05753605    1.40908669    1.22437835    1.17788129    1.12574938    1.15460620    1.31642104    1.79677894    1.62150369    1.81014325    1.87232863    1.69012231    1.74952534    1.65325150    1.74246476    1.70119795    1.68565681    1.69832905    1.39881917    1.53817982    1.59334945    1.63887394    1.54442707    1.52790256    1.63815703    1.49637037    1.57519982    1.49197924    1.51045869    1.68757821    1.63243815    1.78281993    1.97463939    1.91989144    1.93235924    1.96232985    1.86711998    1.87095399    1.83241016    2.02938182    1.75413880    1.86693841    1.90785300    1.67111860    1.75448765    1.92681191    1.96476562    1.92404735    1.59988336    1.61613048
UPP1_SCHPO/12-217     1.58950846    2.78009754    2.66061011    2.44821490    2.57447077    2.57921233    2.83365880    2.52810079    2.66212553    2.73794866    2.69020834    1.24242427    1.36133855    0.97872823    0.00000000    0.63184074    0.65264689    1.16235965    0.75300660    0.82380707    0.80065767    0.83460877    0.87998285    1.00726024    1.01196304    1.11689132    1.33055812    0.93205729    0.89659322    0.88070297    0.98712414    1.12733757    0.89414997    0.95648931    0.90645815    0.66732141    1.07491079    0.82210734    0.91624577    0.91006771    1.02338106    0.95309714    1.81518913    1.82312735    1.85799030    1.89575958    1.62119887    1.76425860    1.69489362    1.70538794    1.67010221    1.74121448    1.67285516    1.35190820    1.49818150    1.51861743    1.52976062    1.45222128    1.51625141    1.68809850    1.44927794    1.54587749    1.54351207    1.56363736    1.60007175    1.71517278    1.74562830    1.79899179    1.92840959    1.93147896    1.94057033    2.06984234    2.07917118    1.94099978    2.07194269    2.10550313    2.09034804    1.93087218    1.72697129    2.06680811    1.85568603    2.01942659    1.88111119    1.75903760    1.72509914
A4HAL7_LEIBR/9-219     1.58746582    2.80789329    2.85785165    2.60513159    2.78878721    2.79702988    3.07031287    2.85761653    3.02576376    3.20536145    2.89897854    1.41470298    1.43958339    0.97408498    0.63184074    0.00000000    0.77999972    1.34852332    0.87708248    0.90485040    0.86086286    1.03474819    1.06660059    1.06990342    1.15679145    1.11549180    1.11714713    0.93756028    0.95064387    0.93554681    0.94110636    1.24008223    0.94199970    0.98028179    0.88530269    0.77604657    1.12461772    0.90477463    0.98890282    0.88551389    1.02662407    0.92844692    1.90377936    1.87377060    1.88978732    2.04280771    1.90931500    2.03189879    1.91746776    1.91520698    1.85674115    1.78000850    1.86504912    1.58998012    1.82435237    1.72630000    1.75315271    1.68579089    1.84671000    1.90880577    1.69068405    1.71718620    1.75369800    1.73967810    1.69860179    1.90936682    2.06396750    2.01154171    2.16129358    2.11001909    2.23363707    2.21809667    2.12068939    2.15365086    2.34655506    2.17282857    2.14030892    2.11591156    1.98350113    2.10944957    2.16176023    2.11127142    2.22679807    1.94396724    1.73771428
A8P7X1_COPC7/39-231     2.02888591    3.07340997    2.91730972    2.75940437    3.21264790    2.91326915    3.46033722    2.86811949    2.80761573    3.17045736    3.21131329    1.48036205    1.61766539    0.97973894    0.65264689    0.77999972    0.00000000    1.26198402    0.75780633    0.99257582    0.92163553    0.92191986    0.98664927    1.01111121    1.06018306    1.20462973    1.33989545    1.00264291    0.96991494    0.91738167    0.92739132    1.13858649    0.99842675    0.98571514    0.94987275    0.78717148    1.18816633    0.99009234    1.10779929    0.95325676    1.08159182    0.98500621    2.16933577    1.80415199    1.99450343    2.01412787    1.80663960    1.92905497    1.88065533    1.96086345    1.83249520    1.76210820    1.94951809    1.64888843    1.63557364    1.82161528    1.63596775    1.62011591    1.62120120    1.87568167    1.81351306    1.76719010    1.81966827    1.84221179    1.91190105    1.83957907    1.94286416    2.37505366    2.36044392    2.35994875    2.43115153    2.32492245    2.23144535    2.05292738    2.36216050    2.16389858    2.30987460    2.37060186    2.12526584    2.14843032    2.03948395    2.16510341    2.13742618    2.09797412    2.00736746
B6ABC4_CRYMR/233-447     2.35829681    2.96609892    2.93491058    2.72338071    2.87402428    2.94997234    3.16916090    2.95491181    2.86486732    3.02284843    3.07655533    1.58450372    1.65947945    1.60035886    1.16235965    1.34852332    1.26198402    0.00000000    0.79487436    0.82356436    0.90322559    0.91123675    0.91967761    1.16896231    1.11483748    1.40840657    1.57164524    1.10279729    0.97078579    1.18589080    1.01647514    1.41618697    1.06905756    1.17093191    1.03895524    0.97518101    1.42508297    1.33410171    1.34266324    1.36147520    1.41012258    1.47607319    2.11653626    2.20496838    2.20544368    2.18463952    1.97369860    2.13715781    2.02405346    2.03938889    2.19653718    1.98367858    2.17008347    1.99400349    1.76826967    1.78700536    2.01794105    1.99117013    2.18428430    1.95650711    1.88795970    1.97215650    1.98939055    1.91299961    2.13647576    2.16406391    2.47957672    2.40476631    2.34058085    2.34074166    2.33406894    2.85527999    2.41231866    2.07721132    2.41251245    2.15968712    2.32860716    2.31211105    2.01114944    2.13175022    2.34208398    2.56633022    2.48928490    2.30551965    2.22006167
B9GJS2_POPTR/275-479     2.05799307    2.93130762    3.15690463    2.81989071    3.02480235    3.02962710    3.35313334    2.95478983    3.03195787    3.19615874    3.36253600    1.30904172    1.43724441    1.27566704    0.75300660    0.87708248    0.75780633    0.79487436    0.00000000    0.24493212    0.23971930    0.51435412    0.53881369    0.90145005    0.87776787    1.11970881    1.23946869    0.82353571    0.79579023    0.85976649    0.85184749    1.24216964    0.82867665    0.96445448    0.79419106    0.69247076    1.12770898    0.96104051    0.98949939    0.96257983    1.12706086    1.21237388    2.08720100    2.23188308    2.34864797    2.11624532    2.09829126    2.27877710    2.20756419    2.20040560    2.16357386    2.00932198    1.94979189    1.71484681    1.83556710    1.71017955    1.68533922    1.69012346    1.71647884    1.84554510    1.78800978    1.71817814    1.86406580    1.81832084    1.81665093    1.86956454    2.23480725    2.31440370    2.33946364    2.34616922    2.30604811    2.59745539    2.42037305    2.13184967    2.41800667    2.13591167    2.42475238    2.12755826    1.91498528    2.29707307    2.30583770    2.27980980    2.41638176    2.05774790    1.97510746
B9S674_RICCO/251-459     2.00331647    2.87618747    3.31603932    2.86429970    3.13779549    2.94334575    3.14246424    3.00439096    2.93480019    3.38660204    3.41586953    1.36251280    1.46590153    1.36845315    0.82380707    0.90485040    0.99257582    0.82356436    0.24493212    0.00000000    0.27127316    0.56846247    0.60617991    1.01687079    0.97199146    1.12704008    1.27021527    0.84265211    0.85894051    0.89000822    0.92337275    1.25694793    0.87684629    1.01360386    0.84696430    0.75156377    1.12640311    1.05528191    1.14243320    0.97374358    1.19668646    1.26069506    2.14130537    2.42880124    2.30596475    2.40372890    2.30081491    2.28938207    2.28048385    2.29478733    2.30281894    2.11426269    1.96094367    1.89726729    1.89760772    1.79614786    1.83190154    1.79666296    1.75067206    1.91915876    1.79201845    1.99116857    1.81959258    1.88524222    1.98532525    1.79195352    2.23057000    2.29996123    2.19475818    2.16227805    2.10878705    2.60402791    2.47915133    2.16454094    2.49259819    2.19426036    2.39580069    2.28593533    2.02605714    2.12525621    2.38092134    2.42885914    2.47318933    2.14793628    2.09325051
Q53LT4_ORYSJ/267-471     2.04085809    2.86263867    3.27692897    2.76758948    2.96009393    2.81704084    3.19272396    2.88584226    2.92151844    3.20596680    3.11887281    1.31245616    1.44633772    1.31506706    0.80065767    0.86086286    0.92163553    0.90322559    0.23971930    0.27127316    0.00000000    0.53421661    0.58818718    0.93410596    0.94849275    1.16890709    1.23466961    0.80425406    0.80209450    0.88951754    0.89242685    1.21536017    0.79548274    0.95300301    0.83180469    0.78694587    1.13687176    1.01170525    1.08726803    0.99691365    1.16477151    1.27643724    2.00438383    2.36220554    2.36342710    2.33236960    2.26771332    2.26910238    2.22884448    2.22936380    2.15733662    2.14964844    1.92825557    1.76073971    1.92861854    1.74300992    1.79679622    1.83977219    1.76480682    1.91965549    1.74362160    1.87771403    1.77583585    1.87433207    1.80446721    1.84970992    2.34813129    2.36762940    2.42658356    2.34808477    2.29968669    2.44053304    2.34691506    2.12758626    2.39458611    2.07209020    2.36153078    2.10833426    1.93579581    2.19705739    2.24086652    2.19217906    2.49828705    2.15794855    2.07699932
A4S9H3_OSTLU/196-418     2.12392727    3.02122847    3.19014582    2.86694163    2.86993972    2.82819617    3.27935067    3.29657843    2.87388366    3.00703410    3.09034509    1.37331404    1.56071307    1.24090778    0.83460877    1.03474819    0.92191986    0.91123675    0.51435412    0.56846247    0.53421661    0.00000000    0.38025634    0.91368962    0.94324145    1.25111195    1.35913414    0.96957938    0.96313667    0.96364685    0.95107605    1.28461062    0.87340965    0.98289776    0.90520038    0.87360252    1.09000627    1.13690641    1.10480559    1.17620033    1.19298079    1.22903066    2.13063775    2.20445539    2.24843392    2.32736872    2.08370522    2.19817591    2.13408864    2.18969310    2.08065268    2.04713046    1.99370935    2.04218614    2.04259606    1.94179809    1.96423887    1.95528651    1.85408335    1.92911553    1.98442048    1.91771165    2.14314663    2.11134441    1.96233334    2.09615754    2.28593812    2.30006634    2.37445686    2.31056320    2.35537515    2.34313750    2.25749628    2.06656786    2.14877745    2.19255132    2.30798638    2.06873080    1.96430295    2.08473358    2.24949838    2.25150011    2.24980509    2.26513309    2.06643857
C1E7B8_MICCC/254-468     2.05631013    2.94215461    3.09300550    2.66790217    2.89311695    2.82606701    3.12417238    2.97701154    2.67083657    2.98501711    3.17047641    1.33016442    1.47568114    1.32616236    0.87998285    1.06660059    0.98664927    0.91967761    0.53881369    0.60617991    0.58818718    0.38025634    0.00000000    1.01015685    1.01438128    1.23944277    1.40081761    1.00737727    0.96460853    0.92660796    0.97157580    1.34241954    0.90607055    1.01281411    0.92836844    0.80111813    1.10678707    1.12027192    1.13270371    1.08381737    1.20951688    1.27799136    2.08991878    2.02194462    2.08591173    2.05771983    2.01732130    1.97579724    1.92438051    2.04180072    1.94211286    1.96528348    2.00406104    2.07607013    1.85820948    1.99373040    2.03920325    1.88616815    1.83955604    1.89103343    1.70777973    1.77020175    1.88780065    2.11609263    1.84923661    1.88668909    2.15504675    2.20418440    2.41628757    2.32100693    2.49505867    2.15215541    2.28607934    2.02165633    2.20270597    2.06142014    2.29451492    2.13309352    1.94869557    1.93482348    2.22349105    2.20463593    2.29809526    2.30627995    2.06393625
D3BNE7_POLPP/239-442     1.80291860    3.04237137    3.34765448    2.98567791    3.07478865    3.45849151    3.74124956    3.18891662    3.29367657    3.35537546    3.47317024    1.32692817    1.57467596    1.20434060    1.00726024    1.06990342    1.01111121    1.16896231    0.90145005    1.01687079    0.93410596    0.91368962    1.01015685    0.00000000    0.33118797    1.14570335    1.16512183    0.95460421    0.95153981    0.97383803    0.89538383    1.01290809    0.85840360    0.94813961    0.88381614    1.02360671    1.29782115    1.22053129    1.28815430    1.04485385    1.15522748    1.22887430    1.97962600    1.85116101    2.08884275    2.01708842    1.78363772    2.00236264    2.03370845    2.08421611    1.87172960    1.88992917    1.82924963    1.72933692    1.75785319    1.73519669    1.80629576    1.72579012    1.90191897    2.05442260    1.82121585    2.01212171    1.97689200    2.04228284    1.71464936    1.99476194    2.22225309    2.13469514    2.14607628    2.24651758    2.26968580    2.40672151    2.11751509    1.89944708    2.19954337    1.99663071    2.14422462    1.96918524    1.92684353    2.02579492    1.92501679    1.95234089    1.95279842    1.96350203    1.90930950
F0ZZY8_DICPU/270-473     1.79766194    2.93930048    3.01129389    2.81218705    3.06771156    3.26828802    3.32781691    3.14505747    3.20134623    3.12813139    3.35319087    1.47272455    1.54575593    1.15676447    1.01196304    1.15679145    1.06018306    1.11483748    0.87776787    0.97199146    0.94849275    0.94324145    1.01438128    0.33118797    0.00000000    1.17041355    1.21961680    0.91012638    0.88829735    0.98889049    0.87191294    1.06911329    0.87404961    0.93508260    0.79473832    0.96459968    1.25294098    1.28334394    1.14928703    1.08324683    1.20166349    1.30422889    1.97457671    2.08152883    2.15019337    2.09359836    1.97063520    2.19157261    2.04836557    2.07472190    1.94028486    1.91713505    2.07773859    1.86544546    1.75285320    1.70952003    1.83471775    1.71548460    1.91133234    2.12541539    1.87195989    1.98530927    1.95026254    2.01349594    1.75051763    2.01420177    2.18311432    2.21508782    2.09130994    2.12110809    2.16677022    2.30183703    2.14983134    1.89744695    2.15011204    1.93246679    2.06444294    1.92999787    1.84155644    2.07638370    2.02025658    2.07984522    1.95610263    1.86272987    1.78179344
A9URE0_MONBE/281-484     1.95389381    2.88025229    3.18482931    2.67712742    2.88903133    2.97929106    3.29369349    2.97934999    2.91064888    3.04793485    3.10724761    1.42079689    1.63992376    1.38382052    1.11689132    1.11549180    1.20462973    1.40840657    1.11970881    1.12704008    1.16890709    1.25111195    1.23944277    1.14570335    1.17041355    0.00000000    0.67447679    0.80182200    0.74550607    0.75822520    0.73758931    0.91186643    0.80951475    0.78786297    0.79790637    1.04359270    1.23307560    1.32484187    1.32890488    1.19279607    1.33788864    1.26555608    2.31136492    1.99388845    2.31938874    2.47417813    1.99800801    2.23413876    2.29057270    2.27491988    2.31431420    1.94710853    2.14032016    1.78288478    1.86145001    1.77636648    2.12048829    1.80534506    2.01945987    2.12871590    2.01868894    2.03331506    1.95133509    1.99493198    2.06488427    1.99205994    2.34274568    2.01156874    2.09629693    2.11109495    2.20681233    2.47698668    2.19640577    2.13674960    2.38991182    2.14747652    2.22080220    2.23921877    2.15765345    2.12105770    2.14820545    2.20980337    2.33125848    1.94921430    1.81626084
F2UFG2_SALR5/279-483     1.83742652    2.78539098    2.79970041    2.52463002    2.60314494    2.77006591    2.96866252    2.74581575    2.77820028    3.06607466    2.50976049    1.52824655    1.67651858    1.34779656    1.33055812    1.11714713    1.33989545    1.57164524    1.23946869    1.27021527    1.23466961    1.35913414    1.40081761    1.16512183    1.21961680    0.67447679    0.00000000    0.81676727    0.86285232    0.84535418    0.81728765    0.96954682    0.84971629    0.84732324    0.86173361    1.20648604    1.49038423    1.22704435    1.34629959    1.23183451    1.29864090    1.35390131    2.30884374    1.91804839    2.38752270    2.50026223    2.25920726    2.50402071    2.44650893    2.59141925    2.40239792    2.21185114    2.09167717    1.86405097    1.98883290    1.93864990    2.09083267    1.93548004    2.06185634    2.26523147    2.20673431    2.28249194    2.14398615    2.21160086    2.00893803    2.06820069    1.95651396    2.08047209    2.32600689    2.33636301    2.40358479    2.23818212    2.16125267    2.13847400    2.37531292    2.21505797    2.43442399    2.26084073    2.20389976    2.52279014    2.26454928    2.26788280    2.39526451    2.13107860    1.92033056
C3ZI77_BRAFL/271-477     1.86724954    2.76692536    3.01257658    2.54225362    2.91505367    2.78206361    3.25089471    2.88245740    3.14756743    3.36103501    2.93632921    1.34257967    1.37025893    1.25348472    0.93205729    0.93756028    1.00264291    1.10279729    0.82353571    0.84265211    0.80425406    0.96957938    1.00737727    0.95460421    0.91012638    0.80182200    0.81676727    0.00000000    0.22593772    0.33516977    0.39868080    0.64844718    0.30841559    0.36422708    0.41882021    0.85545674    1.14019696    1.07342032    1.17965864    1.18353327    1.30265602    1.39866509    1.93768340    1.95009982    2.13632776    2.22369041    2.20915953    2.51955147    2.39417624    2.41575457    2.20332666    2.09879740    1.95526867    1.75470708    1.76710560    1.80006954    1.87148317    1.68628456    1.87379778    2.10741847    1.93017309    1.96582635    1.98376940    1.90433532    1.94094561    1.81231582    2.02054792    1.97872486    2.03676095    2.15488672    2.19053082    2.43473299    2.10634671    2.23586225    2.29618939    2.04915024    2.20082665    2.22288953    2.01234616    2.24169817    2.01936070    2.10560048    2.07904057    1.87173157    1.81225128
E9QGS0_DANRE/320-526     1.75892208    2.66978150    2.91052051    2.53718041    2.80747890    2.62255985    3.03598302    2.82287117    2.92343312    3.24747684    2.78501322    1.39017513    1.39811772    1.21846742    0.89659322    0.95064387    0.96991494    0.97078579    0.79579023    0.85894051    0.80209450    0.96313667    0.96460853    0.95153981    0.88829735    0.74550607    0.86285232    0.22593772    0.00000000    0.24336279    0.37565203    0.64733384    0.32856611    0.37359552    0.44916583    0.85909878    1.18986404    1.18156521    1.17722163    1.21501013    1.33112710    1.29509826    2.05233101    1.92676634    2.18081432    2.20412519    2.09340148    2.32792643    2.32716741    2.30678498    2.18477812    2.13687277    2.01338754    1.79927811    1.72011123    1.78054644    1.78213306    1.68234796    1.85614215    1.89874968    1.82585418    1.87056108    1.90338819    1.89824595    1.83966809    1.73807308    2.15238861    2.01097544    2.19112692    2.16323689    2.29875281    2.31614594    2.02619107    2.10385597    2.30771350    2.10447717    2.19216577    2.32495385    2.04320134    2.26911690    1.97289458    2.07009893    2.17225716    1.84672860    1.74714338
H3D4M3_TETNG/291-494     1.88693193    2.65053913    2.71310992    2.32572282    2.61055096    2.44623400    2.99291142    2.72067330    2.88381059    2.98680134    2.69010377    1.33376289    1.43150068    1.29438721    0.88070297    0.93554681    0.91738167    1.18589080    0.85976649    0.89000822    0.88951754    0.96364685    0.92660796    0.97383803    0.98889049    0.75822520    0.84535418    0.33516977    0.24336279    0.00000000    0.45395905    0.68502728    0.38909479    0.46092770    0.53146087    0.83598321    1.16042608    1.13767045    1.18550244    1.20451667    1.29751719    1.27140393    2.07677903    1.96178278    2.10233868    2.11469414    2.06450097    2.13352499    2.20329209    2.21459431    2.08568239    2.03170553    2.05381498    1.88608075    1.88069495    2.00445934    2.01431772    1.81692005    1.88155740    2.02316060    1.98168363    1.97072213    1.94589702    2.05632845    1.95831570    1.88174548    2.18345991    2.13988522    2.29415016    2.27018006    2.41664958    2.43285472    2.07738728    2.13758845    2.33087964    2.23816945    2.20998223    2.39726720    2.14824561    2.27081420    2.03108043    2.18365571    2.15746909    2.08645511    1.77284228
E2B6P7_HARSA/345-550     1.96098582    2.66645606    2.92423447    2.47078590    2.58269389    2.74962732    2.90623716    2.83804676    2.93721642    3.11746813    2.78851111    1.41036560    1.44086250    1.18360847    0.98712414    0.94110636    0.92739132    1.01647514    0.85184749    0.92337275    0.89242685    0.95107605    0.97157580    0.89538383    0.87191294    0.73758931    0.81728765    0.39868080    0.37565203    0.45395905    0.00000000    0.60688359    0.42392795    0.43765232    0.51435535    0.83807913    1.11788747    1.10757290    1.19240045    1.13952195    1.24601406    1.29005959    1.93631117    1.82867959    2.12667027    2.18620894    2.05838137    2.29152599    2.17424102    2.19615157    2.13029060    2.08505272    1.95685752    1.72120278    1.72845459    1.65437391    1.82319613    1.67460157    1.79643175    1.82746072    1.81999369    1.95856366    1.81030844    1.78447175    1.89121163    1.93820233    2.20780852    2.10218332    2.29310776    2.36592784    2.53772156    2.45214886    2.22022468    2.13173317    2.27617838    2.20780900    2.29156860    2.25131321    2.10971968    2.26202003    2.13028259    2.21226971    2.21760167    1.87574825    1.72480188
Q19583_CAEEL/298-503     2.02306222    2.55900765    2.76561023    2.36408427    2.52761730    2.41245399    2.81690538    2.76020378    2.82267681    2.93285431    2.62047141    1.49563497    1.53079157    1.40950121    1.12733757    1.24008223    1.13858649    1.41618697    1.24216964    1.25694793    1.21536017    1.28461062    1.34241954    1.01290809    1.06911329    0.91186643    0.96954682    0.64844718    0.64733384    0.68502728    0.60688359    0.00000000    0.68824096    0.68682811    0.81185733    1.10476140    1.32140531    1.29768200    1.45212234    1.28763085    1.51698765    1.42409395    2.06672948    2.03615670    2.35743787    2.35789660    2.10409174    2.34625088    2.20865848    2.31318105    2.28990298    2.07353315    2.12419000    1.89888734    1.95743648    1.89716482    2.00170693    1.88924764    2.03347586    2.04846229    1.99237216    2.00864617    2.03894748    2.03754656    1.86286960    2.05659208    2.35011728    2.20781765    2.33356745    2.29974508    2.43739838    2.35406842    2.24292325    2.39104038    2.63807970    2.28552767    2.39092397    2.29907060    2.12513637    2.42599485    2.38575449    2.41318121    2.56351204    2.27540486    1.94059860
A7S545_NEMVE/352-557     1.92195862    2.86748295    3.03101424    2.59649880    2.77183667    2.52464593    3.08213299    2.97943021    3.00949183    3.32605674    2.74868528    1.34321049    1.29174060    1.19653666    0.89414997    0.94199970    0.99842675    1.06905756    0.82867665    0.87684629    0.79548274    0.87340965    0.90607055    0.85840360    0.87404961    0.80951475    0.84971629    0.30841559    0.32856611    0.38909479    0.42392795    0.68824096    0.00000000    0.32036375    0.45943039    0.81437360    1.11317530    1.05283167    1.14982732    1.12090775    1.27042499    1.39615806    1.99393163    2.00865931    2.16422353    2.13931264    2.06568874    2.33819917    2.19499978    2.18922067    2.20949906    2.20106455    2.01704697    1.76813592    1.91336739    1.86163361    1.87778663    1.72173525    1.83482791    1.99400177    1.82875280    1.95192645    1.85194212    1.99932954    1.89261711    1.82290422    2.21018843    2.10821602    2.14940743    2.32414563    2.37857821    2.31241517    2.18794534    2.05621062    2.28932964    2.08994485    2.22763759    2.22766072    1.90339412    2.27032966    2.09878397    2.31073421    2.27387482    1.91021332    1.89138214
