51
Q92KN5_RHIME/26-103     0.00000000    1.19224732    1.73510854    0.79353987    1.04418846    1.65759196    1.55506910    1.37061717    1.12805348    1.36877461    1.34918086    1.45015719    1.31104626    1.68920500    1.11198911    1.64605418    1.26483485    0.99250966    1.17010318    1.04397688    1.27206019    1.36839071    1.41682963    1.34736557    1.73396308    1.69115887    1.21082277    1.31283800    1.46306081    1.26373799    1.43589263    1.78875419    1.37484016    1.12590777    1.33660609    1.19103331    1.48777174    1.33256412    1.07155922    1.29323296    2.05631413    1.27322999    1.26696606    2.37810871    1.33820706    0.92412352    0.73179444    1.08908593    1.05468773    0.83646050    1.24569851
Q73LQ6_TREDE/25-85     1.19224732    0.00000000    1.24385797    1.21152051    1.37313580    1.65090263    1.84478919    1.63471524    1.11837234    1.33164043    1.62661900    1.45767160    1.51949327    1.56235008    1.07582308    1.54003959    1.65273358    1.42903301    1.49527586    1.65740125    1.92273313    1.60027320    1.91462840    1.58085434    2.09314461    1.63700092    1.15203839    1.21321759    1.23987221    1.29166765    1.21880943    1.76966055    1.51255909    1.15693478    1.47676281    1.70913180    1.65365958    1.61469223    1.41657016    1.71543314    2.26416074    1.75013299    1.87195518    2.35436937    1.59712128    1.58742642    1.25904694    1.25278715    1.32711890    1.24678838    1.95365112
Q73L16_TREDE/8-67     1.73510854    1.24385797    0.00000000    1.42681516    2.20785919    2.40804819    2.27128952    2.44275768    1.74516239    1.98538496    2.32710057    2.53307364    2.25865147    2.77892707    2.04537245    2.10296730    2.93443186    2.05017687    2.17473514    2.16219547    2.01106406    2.13684942    2.52548574    1.74988884    2.60510656    1.62595705    1.69306092    1.81181124    1.74088418    2.31588885    2.17766698    2.58431702    1.85918517    1.79064218    2.05364223    2.14241979    2.33367056    2.13113172    2.09895660    2.49234804    3.27450916    3.19205566    3.67337469    2.42915577    3.12980908    2.17667656    1.69496698    1.93500371    2.14802857    1.88741340    1.55363934
A5GE33_GEOUR/45-107     0.79353987    1.21152051    1.42681516    0.00000000    1.32986874    1.14432636    1.37848910    1.63322554    1.44485890    0.92552368    1.47329515    1.20585345    1.30752067    1.49455892    0.96075619    1.41427052    1.32903257    1.29737913    1.34042694    1.06092937    1.11806510    1.74040566    1.60779264    1.06841444    1.83283225    1.14710838    1.02058445    1.53229194    1.35768342    1.18956990    0.80083978    1.83706821    1.31942910    1.16824416    0.95673666    1.22637570    1.48250123    1.48930182    1.03180107    1.31963150    2.03525790    1.83191916    1.92330740    2.04768254    1.53086166    1.25413977    0.93427717    1.15554966    1.08376192    0.91374157    1.22439599
A5V5L4_SPHWW/13-90     1.04418846    1.37313580    2.20785919    1.32986874    0.00000000    1.19324767    1.46201219    1.31155238    1.44674504    1.53166178    2.26332248    2.21188440    2.16173532    2.12977279    1.25813854    2.06563565    1.19329002    0.98667502    1.70961973    1.39498633    1.74243313    1.57865381    1.35323031    1.72575585    2.18298296    1.67318385    1.21911315    1.19425008    1.31055244    1.37304080    1.46198557    1.63632785    1.31407225    1.23329882    1.54668273    1.55266056    1.74742322    1.80553105    1.48387372    1.84133400    1.92843599    1.46322091    1.48984962    2.56718575    1.34245493    1.32283245    1.10418524    1.35040222    1.28074796    1.11691206    1.48561125
Q215B0_RHOPB/13-90     1.65759196    1.65090263    2.40804819    1.14432636    1.19324767    0.00000000    1.33169557    1.82647815    1.75106956    0.92957918    1.63860790    1.14094164    1.29388738    1.50021767    1.27748331    1.81557800    1.65387625    1.47618117    1.81263152    1.32433610    1.39752453    2.04638343    1.72254526    1.23197500    2.11208293    1.23095721    1.63915244    1.81765801    1.91696213    1.55623809    1.37842283    1.85083184    1.82950683    1.60859333    1.33538661    1.54308518    1.58775642    1.95707988    1.35470133    1.54340269    2.08358077    2.06049264    2.31674917    2.50312520    1.86952651    1.19452050    1.42438316    1.37528392    1.14122229    1.38922570    1.80936675
B1M0P6_METRJ/36-100     1.55506910    1.84478919    2.27128952    1.37848910    1.46201219    1.33169557    0.00000000    1.82112044    2.12053545    1.38512394    2.06421063    1.66674954    1.75952605    1.82051010    1.61953641    1.84447601    1.55071760    1.48123957    1.92231236    1.69206126    1.56002476    1.82868610    2.37918102    1.41740443    2.27878693    1.48403503    1.57222310    2.00102026    2.05231342    1.44340881    1.52342883    2.11512439    1.93215799    1.68219285    1.29246474    1.59374245    1.62316916    1.97503850    1.34702909    1.43206984    3.01554631    2.39977944    2.78105595    3.23550420    2.45733340    1.52368265    1.35923161    2.00776852    1.66036120    1.17605429    1.96112184
A0A2U2GZ27_YERPE/12-90     1.37061717    1.63471524    2.44275768    1.63322554    1.31155238    1.82647815    1.82112044    0.00000000    0.91103852    1.23267972    1.79320800    1.78421240    1.61635107    2.06051828    1.51768750    1.52050660    1.33397463    1.18519728    1.79770536    1.49874885    1.34113380    1.68472382    1.27470373    1.38149541    1.50491189    1.36089932    1.83763808    1.46554676    1.67121632    1.17732785    1.48234391    1.45108453    1.32494156    1.20596749    1.86142465    1.85993756    1.89491386    1.54632184    1.58088511    1.49928837    2.45665105    1.55912849    1.84379431    2.83618535    1.49080328    1.32665189    1.23581383    1.30046425    1.25056800    1.33182406    1.85236125
V6F518_MAGGM/28-104     1.12805348    1.11837234    1.74516239    1.44485890    1.44674504    1.75106956    2.12053545    0.91103852    0.00000000    1.35664286    1.66561884    1.83115504    1.51272941    1.52003363    1.22963189    1.29309780    1.47229681    1.09732869    1.80083833    1.35137745    1.56337498    1.23264228    1.35262818    1.39925141    1.83738661    1.23036959    1.20774153    1.24094571    1.18149759    1.31215699    1.36516561    1.76776673    1.36829948    1.11028395    1.94882458    1.40483886    1.82708526    1.40878743    1.33394820    1.81413135    2.65942085    2.55993849    2.58326234    3.13494714    1.59916409    1.05251319    1.14837287    1.12733598    1.34972940    1.30544351    1.78063210
Q2KVN5_BORA1/5-79     1.36877461    1.33164043    1.98538496    0.92552368    1.53166178    0.92957918    1.38512394    1.23267972    1.35664286    0.00000000    1.10321167    0.55922448    0.64182974    1.53842130    0.91440581    1.37546913    1.32319874    1.20625279    1.18324201    0.87453916    0.87529725    1.60458119    1.52016220    0.78758494    1.48692520    1.41427880    1.66046775    1.58992038    1.65960115    1.09924164    1.17890464    1.52145193    1.50601321    1.46727940    1.38194913    1.78168432    1.57949896    1.73852293    1.17140143    1.22843624    2.18084535    1.88369668    1.98664512    2.83674989    1.67810853    1.23707266    1.28085242    1.23405943    1.32134712    1.25367672    1.22787446
B8F509_HAEPS/13-99     1.34918086    1.62661900    2.32710057    1.47329515    2.26332248    1.63860790    2.06421063    1.79320800    1.66561884    1.10321167    0.00000000    0.86522318    0.92272759    1.77414648    1.58299782    1.44999838    2.15003810    2.02827721    1.56033361    1.25232222    1.60819870    1.68680556    1.60091014    1.24941129    1.34355745    1.36876374    1.55101999    2.07989793    2.04610227    1.62769607    1.39637343    1.79734043    1.47825083    1.53871607    1.73202891    1.77945050    2.00713870    2.08363590    1.67776485    1.89854406    1.98640194    1.95819942    2.14437415    3.72362280    1.81231263    1.20235923    1.41043455    1.59006770    1.59585545    1.93171479    1.53200298
A1WLU7_VEREI/13-87     1.45015719    1.45767160    2.53307364    1.20585345    2.21188440    1.14094164    1.66674954    1.78421240    1.83115504    0.55922448    0.86522318    0.00000000    0.28017377    1.52930258    1.18478841    1.27430395    1.80794044    1.58528107    1.43072278    1.07554556    0.95050254    1.40277190    1.32197682    0.83650568    1.33423434    1.37883979    1.39500901    1.91057023    1.98796410    1.38567174    1.45149418    1.78285169    1.76669245    1.69917944    1.57303548    1.92348596    1.88883405    1.89879514    1.11460308    1.41744387    2.54375393    1.84188034    1.91558461    2.95608247    1.93233334    1.33640584    1.48398252    1.53713963    1.60901828    1.64315440    1.55097396
A1VRX0_POLNA/13-87     1.31104626    1.51949327    2.25865147    1.30752067    2.16173532    1.29388738    1.75952605    1.61635107    1.51272941    0.64182974    0.92272759    0.28017377    0.00000000    1.77830989    1.16825062    1.27962210    1.84204104    1.20487351    1.34076510    1.13615380    0.95217852    1.27830376    1.23751150    0.92658229    1.37765590    1.70954082    1.30797060    1.87806947    2.07696100    1.45318801    1.75115094    2.06960781    1.92629070    1.70392017    1.74365035    1.73751034    1.87892274    1.62495950    1.54204533    1.59835399    2.88689855    2.28210403    2.40063835    2.95449563    2.01908668    1.17225099    1.50500524    1.65163323    1.52415704    1.59132188    1.67013350
A9BQV6_DELAS/27-103     1.68920500    1.56235008    2.77892707    1.49455892    2.12977279    1.50021767    1.82051010    2.06051828    1.52003363    1.53842130    1.77414648    1.52930258    1.77830989    0.00000000    1.22041728    1.73507578    1.33263847    1.39768075    1.57435312    1.20044217    1.87662148    1.55249360    1.72074346    1.52361335    2.60518255    1.75759614    1.48018037    1.76968023    1.69152093    1.46070442    1.47436022    2.45442997    1.83765849    1.41008082    1.48439257    1.57307062    2.12888790    2.25339815    1.12586656    1.54701424    2.88473330    2.18289620    2.65630271    3.17248506    2.15478948    1.50167459    1.30081505    1.64195098    1.51197884    1.67913436    1.99544028
D5X2J5_THIK1/28-104     1.11198911    1.07582308    2.04537245    0.96075619    1.25813854    1.27748331    1.61953641    1.51768750    1.22963189    0.91440581    1.58299782    1.18478841    1.16825062    1.22041728    0.00000000    0.72200871    1.30675468    1.04357066    1.07331918    1.09735103    1.12687135    1.42343182    1.30042395    0.94841476    2.06098092    1.48373070    1.16690156    1.59258987    1.49112072    1.11665923    1.09336937    1.46726203    1.23308014    1.08409414    1.15018715    1.48518972    1.88753139    1.54495469    0.95199275    1.33233076    2.13081457    1.85476160    1.89770723    2.68154990    1.68859257    1.43134847    0.91000132    1.25081433    0.85658623    1.14517658    1.50270844
Q9PD17_XYLFA/28-105     1.64605418    1.54003959    2.10296730    1.41427052    2.06563565    1.81557800    1.84447601    1.52050660    1.29309780    1.37546913    1.44999838    1.27430395    1.27962210    1.73507578    0.72200871    0.00000000    1.38087786    1.40057237    1.35714878    1.34816300    1.48774676    1.34590746    1.26985763    1.07257500    1.81827465    1.19908464    1.23993789    1.53135110    1.37319503    1.14028561    1.14225023    1.37428304    1.29138897    1.35946567    1.88792110    2.14211334    1.69584148    1.37650904    1.04205482    1.54699309    3.01985105    2.48287632    2.11040123    3.43594788    1.52844558    1.30870667    1.46959200    1.43675812    1.67072030    1.80778085    2.16040449
C4KAB9_THASP/30-98     1.26483485    1.65273358    2.93443186    1.32903257    1.19329002    1.65387625    1.55071760    1.33397463    1.47229681    1.32319874    2.15003810    1.80794044    1.84204104    1.33263847    1.30675468    1.38087786    0.00000000    0.67105630    1.16598193    0.91092979    1.15405487    1.85340567    1.28979971    1.23443296    1.82587647    1.67898839    1.96129491    1.63603965    1.52300581    1.46196293    1.37301233    1.67613814    1.75044261    1.41573459    1.63000483    1.75445248    1.62542919    1.96185170    0.98546818    1.26332671    2.57840716    1.71977069    1.42689188    2.34620324    1.78257202    1.50250833    1.38198934    1.53333059    1.43771894    1.31472000    1.90557473
Q8KUW1_SYNE7/45-104     0.99250966    1.42903301    2.05017687    1.29737913    0.98667502    1.47618117    1.48123957    1.18519728    1.09732869    1.20625279    2.02827721    1.58528107    1.20487351    1.39768075    1.04357066    1.40057237    0.67105630    0.00000000    1.08012249    1.13071668    0.88470637    1.41075043    1.00670400    1.08891571    1.40355562    1.64025233    1.55581145    1.59271646    1.37528194    1.24663783    1.37293827    1.64456128    1.47634211    1.27964286    1.40096648    1.30226881    1.49418183    1.44163770    0.95173458    1.16273193    2.07400872    1.89167484    1.63133055    2.08528248    1.40718309    1.08547642    0.88358320    1.61655096    1.17154338    0.84548917    1.48352525
Q0KBY4_CUPNH/27-90     1.17010318    1.49527586    2.17473514    1.34042694    1.70961973    1.81263152    1.92231236    1.79770536    1.80083833    1.18324201    1.56033361    1.43072278    1.34076510    1.57435312    1.07331918    1.35714878    1.16598193    1.08012249    0.00000000    1.06665153    1.08529099    1.47166576    1.00657567    0.96582284    1.94216092    1.74355955    1.83413018    1.68248961    1.98593804    1.46099830    1.64904177    2.15788925    1.74161775    1.61054858    1.55878273    1.68379038    2.07563804    1.67425825    1.23212308    1.24891159    2.77986422    1.83880793    1.58377065    2.96136634    1.70765905    1.67452773    1.14943877    1.62020512    1.33819753    1.34387968    1.47690002
A1WB35_ACISJ/28-89     1.04397688    1.65740125    2.16219547    1.06092937    1.39498633    1.32433610    1.69206126    1.49874885    1.35137745    0.87453916    1.25232222    1.07554556    1.13615380    1.20044217    1.09735103    1.34816300    0.91092979    1.13071668    1.06665153    0.00000000    0.67805203    1.73136547    1.37247414    1.27255601    1.75668619    1.42258479    1.74718470    1.63186712    1.67380001    1.48840974    1.19321898    1.48629646    1.38181504    1.23946078    1.28164767    1.36158647    1.51217019    1.60168618    0.81015156    1.12060603    2.16613075    1.69108185    1.85943188    2.03567202    1.81683740    1.15392136    0.95743020    1.25825418    0.99690614    0.99350981    1.13984057
C4KAB3_THASP/28-89     1.27206019    1.92273313    2.01106406    1.11806510    1.74243313    1.39752453    1.56002476    1.34113380    1.56337498    0.87529725    1.60819870    0.95050254    0.95217852    1.87662148    1.12687135    1.48774676    1.15405487    0.88470637    1.08529099    0.67805203    0.00000000    1.72141276    1.35719029    0.71687012    1.24748433    1.39730703    1.79385321    1.87003025    1.88014433    1.59167582    1.30008463    1.53115972    1.86003278    1.83607057    1.64629254    1.78845210    1.65370494    1.88051677    0.96909457    1.13605448    2.43697650    1.80689691    1.81688520    1.83471439    1.86762915    1.53475429    1.04039335    1.47432701    1.22936455    1.07812272    1.29661979
B6IVZ4_RHOCS/9-71     1.36839071    1.60027320    2.13684942    1.74040566    1.57865381    2.04638343    1.82868610    1.68472382    1.23264228    1.60458119    1.68680556    1.40277190    1.27830376    1.55249360    1.42343182    1.34590746    1.85340567    1.41075043    1.47166576    1.73136547    1.72141276    0.00000000    1.40539155    1.24058475    2.08227298    1.92337480    1.25210380    1.33184639    1.31985741    1.49062740    1.49666012    2.08282835    1.80084751    1.42953636    1.76849096    1.33486919    1.52459038    1.45011793    1.64111954    1.67867108    3.49886742    2.83216038    2.45336950    2.07402093    2.06095635    1.29968449    1.41543355    1.79123352    1.50012415    1.35423454    1.83803158
Q63NA3_BURPS/28-88     1.41682963    1.91462840    2.52548574    1.60779264    1.35323031    1.72254526    2.37918102    1.27470373    1.35262818    1.52016220    1.60091014    1.32197682    1.23751150    1.72074346    1.30042395    1.26985763    1.28979971    1.00670400    1.00657567    1.37247414    1.35719029    1.40539155    0.00000000    0.94708953    1.20379253    1.58056649    1.50483250    1.32080880    1.45300743    1.34078576    1.69773910    1.23349295    1.83135221    1.52377473    1.59250526    1.83831429    1.81859848    1.36189204    1.03068575    1.04457968    2.46505622    2.11088364    1.74596349    2.17114767    1.06154705    1.38203162    1.16269509    1.60638702    1.27780970    1.37764754    1.79987968
Q2L2E1_BORA1/28-86     1.34736557    1.58085434    1.74988884    1.06841444    1.72575585    1.23197500    1.41740443    1.38149541    1.39925141    0.78758494    1.24941129    0.83650568    0.92658229    1.52361335    0.94841476    1.07257500    1.23443296    1.08891571    0.96582284    1.27255601    0.71687012    1.24058475    0.94708953    0.00000000    0.96854021    1.19204328    1.60380422    1.70970485    1.83541233    1.22800497    1.33691569    1.67766554    1.76493070    1.51853205    1.32004184    1.58647507    1.37488998    1.59423958    1.05409542    1.32712710    2.63547466    2.16368774    1.82042802    1.94104276    1.87271392    1.22320393    1.39572616    1.35243904    1.34253233    1.28631385    1.73131932
C3M8F8_HAMD5/13-85     1.73396308    2.09314461    2.60510656    1.83283225    2.18298296    2.11208293    2.27878693    1.50491189    1.83738661    1.48692520    1.34355745    1.33423434    1.37765590    2.60518255    2.06098092    1.81827465    1.82587647    1.40355562    1.94216092    1.75668619    1.24748433    2.08227298    1.20379253    0.96854021    0.00000000    1.26957283    2.11139272    1.94407102    2.45599476    1.89927038    1.66601404    2.33540102    1.74989769    2.00247242    1.70698957    2.18829948    2.18086361    1.86889533    1.56558806    1.61244135    2.98347949    2.23905816    2.21777482    2.84044313    2.22222540    1.72204966    1.74961971    2.68557143    2.20028424    2.16887575    1.95737706
C7RRD3_ACCPU/30-92     1.69115887    1.63700092    1.62595705    1.14710838    1.67318385    1.23095721    1.48403503    1.36089932    1.23036959    1.41427880    1.36876374    1.37883979    1.70954082    1.75759614    1.48373070    1.19908464    1.67898839    1.64025233    1.74355955    1.42258479    1.39730703    1.92337480    1.58056649    1.19204328    1.26957283    0.00000000    1.50787012    1.73512090    1.71687777    1.75288573    1.20034768    1.74095167    1.37386328    1.38181078    1.44488792    1.90646642    1.83842563    2.09240068    1.15811278    1.73638989    2.41802045    2.09651231    2.05244440    2.80096688    1.64719368    1.64238737    1.36548402    1.73257671    1.90733350    1.24584379    1.75936047
A9IES8_BORPD/41-97     1.21082277    1.15203839    1.69306092    1.02058445    1.21911315    1.63915244    1.57222310    1.83763808    1.20774153    1.66046775    1.55101999    1.39500901    1.30797060    1.48018037    1.16690156    1.23993789    1.96129491    1.55581145    1.83413018    1.74718470    1.79385321    1.25210380    1.50483250    1.60380422    2.11139272    1.50787012    0.00000000    0.70140234    0.70350965    0.89601131    1.02174893    1.38023784    0.99226996    0.86598792    1.29741566    1.44429246    1.24118335    1.04996429    1.17447069    1.89222473    2.27418052    2.24375640    2.26882424    1.69302896    1.48090740    1.49055569    1.16464041    1.49304075    1.48847854    1.54919604    2.23579630
C4K882_HAMD5/42-98     1.31283800    1.21321759    1.81181124    1.53229194    1.19425008    1.81765801    2.00102026    1.46554676    1.24094571    1.58992038    2.07989793    1.91057023    1.87806947    1.76968023    1.59258987    1.53135110    1.63603965    1.59271646    1.68248961    1.63186712    1.87003025    1.33184639    1.32080880    1.70970485    1.94407102    1.73512090    0.70140234    0.00000000    0.63537765    0.86272854    1.24114757    1.04806014    1.11166049    1.00998862    1.16493128    1.66263695    1.69497778    1.67202881    1.33643986    1.54318616    2.70205508    2.24711696    2.22044218    1.47069383    0.98248626    1.52795346    1.33164472    1.43404305    1.77926165    1.40877138    2.38262744
Q7CP71_SALTY/37-93     1.46306081    1.23987221    1.74088418    1.35768342    1.31055244    1.91696213    2.05231342    1.67121632    1.18149759    1.65960115    2.04610227    1.98796410    2.07696100    1.69152093    1.49112072    1.37319503    1.52300581    1.37528194    1.98593804    1.67380001    1.88014433    1.31985741    1.45300743    1.83541233    2.45599476    1.71687777    0.70350965    0.63537765    0.00000000    0.87719874    1.05266503    1.07971923    1.24020818    1.02078675    1.53410382    1.55125612    1.60279997    1.64615939    1.29085110    1.86463156    2.52766986    2.30937081    2.41197858    1.96352430    1.39483610    1.68548581    1.23158812    1.59406384    1.78315844    1.40204989    2.33177901
B6IW20_RHOCS/40-99     1.26373799    1.29166765    2.31588885    1.18956990    1.37304080    1.55623809    1.44340881    1.17732785    1.31215699    1.09924164    1.62769607    1.38567174    1.45318801    1.46070442    1.11665923    1.14028561    1.46196293    1.24663783    1.46099830    1.48840974    1.59167582    1.49062740    1.34078576    1.22800497    1.89927038    1.75288573    0.89601131    0.86272854    0.87719874    0.00000000    0.78358473    0.92740083    1.11674045    0.88596790    1.12753540    1.31376132    1.28184113    1.30367310    1.23472316    1.36673685    2.33150623    2.00848016    2.01960638    1.61178402    1.04048975    1.39460892    1.17748418    1.30044010    1.50302808    1.36597541    1.93493300
Q2RSU6_RHORT/41-96     1.43589263    1.21880943    2.17766698    0.80083978    1.46198557    1.37842283    1.52342883    1.48234391    1.36516561    1.17890464    1.39637343    1.45149418    1.75115094    1.47436022    1.09336937    1.14225023    1.37301233    1.37293827    1.64904177    1.19321898    1.30008463    1.49666012    1.69773910    1.33691569    1.66601404    1.20034768    1.02174893    1.24114757    1.05266503    0.78358473    0.00000000    1.16119763    1.08515113    0.98695094    1.02905923    1.49707875    1.00568038    1.17170253    0.95410914    1.28325818    1.45403384    1.65644375    1.73470376    1.69861504    1.37192454    1.24609189    1.12239758    1.20319168    1.18093068    1.14872443    1.83330485
B0JRR8_MICAN/35-94     1.78875419    1.76966055    2.58431702    1.83706821    1.63632785    1.85083184    2.11512439    1.45108453    1.76776673    1.52145193    1.79734043    1.78285169    2.06960781    2.45442997    1.46726203    1.37428304    1.67613814    1.64456128    2.15788925    1.48629646    1.53115972    2.08282835    1.23349295    1.67766554    2.33540102    1.74095167    1.38023784    1.04806014    1.07971923    0.92740083    1.16119763    0.00000000    1.27882352    1.29964878    1.69173599    2.27495089    1.96469081    1.81627415    1.72290678    1.53657276    1.66852489    1.89603507    2.04429281    1.68778831    1.65847810    1.94899964    1.62725436    1.84240642    1.86126917    1.54089713    1.98496552
D4ZU97_ARTPN/29-87     1.37484016    1.51255909    1.85918517    1.31942910    1.31407225    1.82950683    1.93215799    1.32494156    1.36829948    1.50601321    1.47825083    1.76669245    1.92629070    1.83765849    1.23308014    1.29138897    1.75044261    1.47634211    1.74161775    1.38181504    1.86003278    1.80084751    1.83135221    1.76493070    1.74989769    1.37386328    0.99226996    1.11166049    1.24020818    1.11674045    1.08515113    1.27882352    0.00000000    0.33398557    1.20058409    1.37836114    1.59375799    1.21042166    1.21868506    1.68734721    2.29219186    1.90307442    1.96661321    1.99731937    1.55695245    1.37256950    1.39168247    1.91264722    1.47863777    1.57707549    2.85490192
K9XMQ0_9CHRO/29-86     1.12590777    1.15693478    1.79064218    1.16824416    1.23329882    1.60859333    1.68219285    1.20596749    1.11028395    1.46727940    1.53871607    1.69917944    1.70392017    1.41008082    1.08409414    1.35946567    1.41573459    1.27964286    1.61054858    1.23946078    1.83607057    1.42953636    1.52377473    1.51853205    2.00247242    1.38181078    0.86598792    1.00998862    1.02078675    0.88596790    0.98695094    1.29964878    0.33398557    0.00000000    1.02664231    1.16895233    1.18021204    0.95444322    1.01661997    1.22378701    2.24730003    1.45067792    1.52058237    1.82839987    1.44438150    1.28459266    1.08739830    1.56384377    1.37729240    1.26621941    2.27729070
Q20YH7_RHOPB/27-93     1.33660609    1.47676281    2.05364223    0.95673666    1.54668273    1.33538661    1.29246474    1.86142465    1.94882458    1.38194913    1.73202891    1.57303548    1.74365035    1.48439257    1.15018715    1.88792110    1.63000483    1.40096648    1.55878273    1.28164767    1.64629254    1.76849096    1.59250526    1.32004184    1.70698957    1.44488792    1.29741566    1.16493128    1.53410382    1.12753540    1.02905923    1.69173599    1.20058409    1.02664231    0.00000000    0.85727502    1.34205444    1.40265950    0.83939577    0.80237641    2.60296618    1.81031935    2.17146190    2.08395426    1.52483848    1.54856278    1.09957284    1.87012751    1.05148844    1.13887339    1.60167551
Q31JV0_SYNE7/18-82     1.19103331    1.70913180    2.14241979    1.22637570    1.55266056    1.54308518    1.59374245    1.85993756    1.40483886    1.78168432    1.77945050    1.92348596    1.73751034    1.57307062    1.48518972    2.14211334    1.75445248    1.30226881    1.68379038    1.36158647    1.78845210    1.33486919    1.83831429    1.58647507    2.18829948    1.90646642    1.44429246    1.66263695    1.55125612    1.31376132    1.49707875    2.27495089    1.37836114    1.16895233    0.85727502    0.00000000    1.38402757    1.37517151    1.20319357    1.37854586    3.08665305    2.30839440    2.47767282    2.41388701    2.18904516    1.37537384    1.07875090    1.71793450    1.24432115    1.30709387    1.32779995
B6JFY4_OLICO/17-84     1.48777174    1.65365958    2.33367056    1.48250123    1.74742322    1.58775642    1.62316916    1.89491386    1.82708526    1.57949896    2.00713870    1.88883405    1.87892274    2.12888790    1.88753139    1.69584148    1.62542919    1.49418183    2.07563804    1.51217019    1.65370494    1.52459038    1.81859848    1.37488998    2.18086361    1.83842563    1.24118335    1.69497778    1.60279997    1.28184113    1.00568038    1.96469081    1.59375799    1.18021204    1.34205444    1.38402757    0.00000000    0.72997896    1.01413999    1.14985874    2.74365402    2.23341578    2.22246182    2.77807263    2.21803790    1.28255031    1.55554763    2.09861705    1.54632236    1.49158798    2.59437388
Q6N573_RHOPA/22-88     1.33256412    1.61469223    2.13113172    1.48930182    1.80553105    1.95707988    1.97503850    1.54632184    1.40878743    1.73852293    2.08363590    1.89879514    1.62495950    2.25339815    1.54495469    1.37650904    1.96185170    1.44163770    1.67425825    1.60168618    1.88051677    1.45011793    1.36189204    1.59423958    1.86889533    2.09240068    1.04996429    1.67202881    1.64615939    1.30367310    1.17170253    1.81627415    1.21042166    0.95444322    1.40265950    1.37517151    0.72997896    0.00000000    1.20615377    1.25936565    3.53965345    2.58124126    2.51622733    3.23288725    2.26825466    1.22873378    1.30186407    2.02162399    1.37367818    1.50845938    2.02397199
A1AQ37_PELPD/17-82     1.07155922    1.41657016    2.09895660    1.03180107    1.48387372    1.35470133    1.34702909    1.58088511    1.33394820    1.17140143    1.67776485    1.11460308    1.54204533    1.12586656    0.95199275    1.04205482    0.98546818    0.95173458    1.23212308    0.81015156    0.96909457    1.64111954    1.03068575    1.05409542    1.56558806    1.15811278    1.17447069    1.33643986    1.29085110    1.23472316    0.95410914    1.72290678    1.21868506    1.01661997    0.83939577    1.20319357    1.01413999    1.20615377    0.00000000    0.61613648    2.14695818    1.78821779    1.78027924    3.24815044    1.67285717    1.36370719    0.90267959    1.69032029    1.36325610    1.06039716    1.74268015
A1WJ32_VEREI/17-83     1.29323296    1.71543314    2.49234804    1.31963150    1.84133400    1.54340269    1.43206984    1.49928837    1.81413135    1.22843624    1.89854406    1.41744387    1.59835399    1.54701424    1.33233076    1.54699309    1.26332671    1.16273193    1.24891159    1.12060603    1.13605448    1.67867108    1.04457968    1.32712710    1.61244135    1.73638989    1.89222473    1.54318616    1.86463156    1.36673685    1.28325818    1.53657276    1.68734721    1.22378701    0.80237641    1.37854586    1.14985874    1.25936565    0.61613648    0.00000000    2.69561501    1.93878663    1.94675919    3.68005559    1.60280861    1.50623948    1.02981150    1.73984424    1.41938079    1.25563998    1.75040317
Q73R28_TREDE/11-81     2.05631413    2.26416074    3.27450916    2.03525790    1.92843599    2.08358077    3.01554631    2.45665105    2.65942085    2.18084535    1.98640194    2.54375393    2.88689855    2.88473330    2.13081457    3.01985105    2.57840716    2.07400872    2.77986422    2.16613075    2.43697650    3.49886742    2.46505622    2.63547466    2.98347949    2.41802045    2.27418052    2.70205508    2.52766986    2.33150623    1.45403384    1.66852489    2.29219186    2.24730003    2.60296618    3.08665305    2.74365402    3.53965345    2.14695818    2.69561501    0.00000000    1.57810899    2.08126070    2.31847988    1.98665853    2.52324462    2.12307232    2.64822628    2.35028395    2.44903837    2.07042131
D5CSA1_SIDLE/6-67     1.27322999    1.75013299    3.19205566    1.83191916    1.46322091    2.06049264    2.39977944    1.55912849    2.55993849    1.88369668    1.95819942    1.84188034    2.28210403    2.18289620    1.85476160    2.48287632    1.71977069    1.89167484    1.83880793    1.69108185    1.80689691    2.83216038    2.11088364    2.16368774    2.23905816    2.09651231    2.24375640    2.24711696    2.30937081    2.00848016    1.65644375    1.89603507    1.90307442    1.45067792    1.81031935    2.30839440    2.23341578    2.58124126    1.78821779    1.93878663    1.57810899    0.00000000    0.50428380    1.88774234    1.97916060    2.14606953    1.59266145    1.97675439    2.00629148    1.38879502    2.15529011
Q39RZ9_GEOMG/16-77     1.26696606    1.87195518    3.67337469    1.92330740    1.48984962    2.31674917    2.78105595    1.84379431    2.58326234    1.98664512    2.14437415    1.91558461    2.40063835    2.65630271    1.89770723    2.11040123    1.42689188    1.63133055    1.58377065    1.85943188    1.81688520    2.45336950    1.74596349    1.82042802    2.21777482    2.05244440    2.26882424    2.22044218    2.41197858    2.01960638    1.73470376    2.04429281    1.96661321    1.52058237    2.17146190    2.47767282    2.22246182    2.51622733    1.78027924    1.94675919    2.08126070    0.50428380    0.00000000    2.26868195    1.75102854    2.07101908    1.57653373    1.88537747    2.06399188    1.47364196    2.23226866
A8LQR3_DINSH/3-99     2.37810871    2.35436937    2.42915577    2.04768254    2.56718575    2.50312520    3.23550420    2.83618535    3.13494714    2.83674989    3.72362280    2.95608247    2.95449563    3.17248506    2.68154990    3.43594788    2.34620324    2.08528248    2.96136634    2.03567202    1.83471439    2.07402093    2.17114767    1.94104276    2.84044313    2.80096688    1.69302896    1.47069383    1.96352430    1.61178402    1.69861504    1.68778831    1.99731937    1.82839987    2.08395426    2.41388701    2.77807263    3.23288725    3.24815044    3.68005559    2.31847988    1.88774234    2.26868195    0.00000000    1.55306269    2.02534426    2.55408630    2.63839909    2.48343838    2.36736921    3.62069888
Q28LR0_JANSC/24-89     1.33820706    1.59712128    3.12980908    1.53086166    1.34245493    1.86952651    2.45733340    1.49080328    1.59916409    1.67810853    1.81231263    1.93233334    2.01908668    2.15478948    1.68859257    1.52844558    1.78257202    1.40718309    1.70765905    1.81683740    1.86762915    2.06095635    1.06154705    1.87271392    2.22222540    1.64719368    1.48090740    0.98248626    1.39483610    1.04048975    1.37192454    1.65847810    1.55695245    1.44438150    1.52483848    2.18904516    2.21803790    2.26825466    1.67285717    1.60280861    1.98665853    1.97916060    1.75102854    1.55306269    0.00000000    1.44955622    1.15630886    1.44799442    1.34654259    1.22939759    1.90155644
A6WZ44_OCHA4/29-94     0.92412352    1.58742642    2.17667656    1.25413977    1.32283245    1.19452050    1.52368265    1.32665189    1.05251319    1.23707266    1.20235923    1.33640584    1.17225099    1.50167459    1.43134847    1.30870667    1.50250833    1.08547642    1.67452773    1.15392136    1.53475429    1.29968449    1.38203162    1.22320393    1.72204966    1.64238737    1.49055569    1.52795346    1.68548581    1.39460892    1.24609189    1.94899964    1.37256950    1.28459266    1.54856278    1.37537384    1.28255031    1.22873378    1.36370719    1.50623948    2.52324462    2.14606953    2.07101908    2.02534426    1.44955622    0.00000000    0.81025545    1.31336012    1.04272443    0.81785955    1.37027965
A6WWJ1_OCHA4/29-103     0.73179444    1.25904694    1.69496698    0.93427717    1.10418524    1.42438316    1.35923161    1.23581383    1.14837287    1.28085242    1.41043455    1.48398252    1.50500524    1.30081505    0.91000132    1.46959200    1.38198934    0.88358320    1.14943877    0.95743020    1.04039335    1.41543355    1.16269509    1.39572616    1.74961971    1.36548402    1.16464041    1.33164472    1.23158812    1.17748418    1.12239758    1.62725436    1.39168247    1.08739830    1.09957284    1.07875090    1.55554763    1.30186407    0.90267959    1.02981150    2.12307232    1.59266145    1.57653373    2.55408630    1.15630886    0.81025545    0.00000000    0.91379909    0.64285995    0.50584616    0.85386329
B2ICD8_BEII9/27-96     1.08908593    1.25278715    1.93500371    1.15554966    1.35040222    1.37528392    2.00776852    1.30046425    1.12733598    1.23405943    1.59006770    1.53713963    1.65163323    1.64195098    1.25081433    1.43675812    1.53333059    1.61655096    1.62020512    1.25825418    1.47432701    1.79123352    1.60638702    1.35243904    2.68557143    1.73257671    1.49304075    1.43404305    1.59406384    1.30044010    1.20319168    1.84240642    1.91264722    1.56384377    1.87012751    1.71793450    2.09861705    2.02162399    1.69032029    1.73984424    2.64822628    1.97675439    1.88537747    2.63839909    1.44799442    1.31336012    0.91379909    0.00000000    0.80456949    1.01546862    1.42952029
E3I091_RHOVT/23-97     1.05468773    1.32711890    2.14802857    1.08376192    1.28074796    1.14122229    1.66036120    1.25056800    1.34972940    1.32134712    1.59585545    1.60901828    1.52415704    1.51197884    0.85658623    1.67072030    1.43771894    1.17154338    1.33819753    0.99690614    1.22936455    1.50012415    1.27780970    1.34253233    2.20028424    1.90733350    1.48847854    1.77926165    1.78315844    1.50302808    1.18093068    1.86126917    1.47863777    1.37729240    1.05148844    1.24432115    1.54632236    1.37367818    1.36325610    1.41938079    2.35028395    2.00629148    2.06399188    2.48343838    1.34654259    1.04272443    0.64285995    0.80456949    0.00000000    0.56564243    1.08020942
Q3J2R4_RHOS4/23-97     0.83646050    1.24678838    1.88741340    0.91374157    1.11691206    1.38922570    1.17605429    1.33182406    1.30544351    1.25367672    1.93171479    1.64315440    1.59132188    1.67913436    1.14517658    1.80778085    1.31472000    0.84548917    1.34387968    0.99350981    1.07812272    1.35423454    1.37764754    1.28631385    2.16887575    1.24584379    1.54919604    1.40877138    1.40204989    1.36597541    1.14872443    1.54089713    1.57707549    1.26621941    1.13887339    1.30709387    1.49158798    1.50845938    1.06039716    1.25563998    2.44903837    1.38879502    1.47364196    2.36736921    1.22939759    0.81785955    0.50584616    1.01546862    0.56564243    0.00000000    1.07877025
A8HS57_AZOC5/58-131     1.24569851    1.95365112    1.55363934    1.22439599    1.48561125    1.80936675    1.96112184    1.85236125    1.78063210    1.22787446    1.53200298    1.55097396    1.67013350    1.99544028    1.50270844    2.16040449    1.90557473    1.48352525    1.47690002    1.13984057    1.29661979    1.83803158    1.79987968    1.73131932    1.95737706    1.75936047    2.23579630    2.38262744    2.33177901    1.93493300    1.83330485    1.98496552    2.85490192    2.27729070    1.60167551    1.32779995    2.59437388    2.02397199    1.74268015    1.75040317    2.07042131    2.15529011    2.23226866    3.62069888    1.90155644    1.37027965    0.85386329    1.42952029    1.08020942    1.07877025    0.00000000

