22
B9IAY9_POPTR/69-165     0.00000000    0.90966759    1.77072599    0.99814634    1.68963047    0.98964394    1.10451028    1.02621092    2.88482348    3.18937723    3.88180084    4.02267965    4.53624858    3.80255741    3.33927843    3.32449472    3.48434393    2.79934769    0.43697071    0.58343041    0.62707629    0.66161355
D7T2N0_VITVI/61-152     0.90966759    0.00000000    1.88950117    1.09001895    1.57317234    1.29913069    1.48219922    1.35889747    3.24519656    2.93306410    3.10040749    3.40988792    3.80352545    2.90465062    3.24310704    3.34666856    3.59852216    3.17500501    0.93158552    1.18687169    1.20316882    1.38187445
D8SZQ7_SELML/48-137     1.77072599    1.88950117    0.00000000    1.99036887    1.71077630    1.42968369    1.90012605    1.50118747    3.09369527    2.46598639    2.65089829    2.28645681    2.19338972    2.60654810    2.28434817    2.31556020    3.34090225    3.37936116    1.88104616    1.94204048    1.84043032    2.01755537
M0RTL4_MUSAM/468-554     0.99814634    1.09001895    1.99036887    0.00000000    1.36254656    0.86241205    0.78096561    0.83919400    2.44176246    2.95332931    2.69004389    2.65982733    2.63659045    2.67025058    2.50842334    2.72182839    2.57334328    2.04594808    0.94139223    1.14827130    0.88587290    1.25228051
U5DD89_AMBTC/45-137     1.68963047    1.57317234    1.71077630    1.36254656    0.00000000    1.46114586    1.40958968    1.40403560    3.50141008    2.87769385    2.60982388    3.18795254    3.16906610    3.00855852    2.91002601    3.02314965    3.94421544    2.80383908    1.69249707    1.41352688    1.50760625    1.59225066
A0A0D3G7P4_9ORYZ/58-140     0.98964394    1.29913069    1.42968369    0.86241205    1.46114586    0.00000000    0.45135980    0.33326657    2.18949132    2.88676916    2.79607292    2.70594306    3.00793239    3.08063799    2.56679272    2.92265502    2.69508079    2.28997996    0.98540965    1.04902606    1.00439745    1.20949019
B4FC79_MAIZE/56-138     1.10451028    1.48219922    1.90012605    0.78096561    1.40958968    0.45135980    0.00000000    0.18072316    2.08594313    2.64346246    2.64591819    2.71865295    2.82706206    2.82360676    2.33433065    2.65070126    2.49769412    2.13519045    0.97126192    1.25010672    1.12008633    1.36933292
C5YXW3_SORBI/57-139     1.02621092    1.35889747    1.50118747    0.83919400    1.40403560    0.33326657    0.18072316    0.00000000    2.17998610    2.53220247    2.63806779    2.59580795    2.88007293    2.92825311    2.39453994    2.75487249    2.73526143    2.14841025    0.85464824    1.13107989    0.97742887    1.18840569
B7QF47_IXOSC/62-143     2.88482348    3.24519656    3.09369527    2.44176246    3.50141008    2.18949132    2.08594313    2.17998610    0.00000000    2.93210797    2.54999191    2.67305279    2.82031608    2.83418293    2.89574696    2.63729250    2.53524650    1.88469257    2.98280090    3.58703839    2.80576531    2.96068661
W5L9Q9_ASTMX/58-136     3.18937723    2.93306410    2.46598639    2.95332931    2.87769385    2.88676916    2.64346246    2.53220247    2.93210797    0.00000000    0.53756657    0.58329938    0.63630140    0.64998121    0.88530435    0.51296498    1.52967624    1.61047663    3.30471697    3.12664036    3.45519395    3.38046023
F1R0U0_DANRE/32-109     3.88180084    3.10040749    2.65089829    2.69004389    2.60982388    2.79607292    2.64591819    2.63806779    2.54999191    0.53756657    0.00000000    0.73187819    0.80654598    0.74799449    1.07798166    0.62522563    1.54211338    1.61817311    3.84020953    3.40096173    3.81626926    4.09468606
A0A674MMQ5_TAKRU/58-135     4.02267965    3.40988792    2.28645681    2.65982733    3.18795254    2.70594306    2.71865295    2.59580795    2.67305279    0.58329938    0.73187819    0.00000000    0.30543895    0.62295451    0.80870930    0.57179446    1.38542862    1.55132550    3.59898794    3.37531910    3.41096768    3.43137681
M4A8N7_XIPMA/55-132     4.53624858    3.80352545    2.19338972    2.63659045    3.16906610    3.00793239    2.82706206    2.88007293    2.82031608    0.63630140    0.80654598    0.30543895    0.00000000    0.71577240    0.76805048    0.51851712    1.62280135    1.53037677    3.87104991    3.65502011    3.35545456    3.52357028
H3BFS6_LATCH/56-134     3.80255741    2.90465062    2.60654810    2.67025058    3.00855852    3.08063799    2.82360676    2.92825311    2.83418293    0.64998121    0.74799449    0.62295451    0.71577240    0.00000000    0.68041543    0.58346463    1.67726744    1.59365287    3.60936208    3.79160744    3.30608726    3.11490046
H0XKU2_OTOGA/60-141     3.33927843    3.24310704    2.28434817    2.50842334    2.91002601    2.56679272    2.33433065    2.39453994    2.89574696    0.88530435    1.07798166    0.80870930    0.76805048    0.68041543    0.00000000    0.70661645    1.84629394    1.50422095    3.50374265    3.34132018    2.98621679    3.98127692
W5M4K0_LEPOC/57-134     3.32449472    3.34666856    2.31556020    2.72182839    3.02314965    2.92265502    2.65070126    2.75487249    2.63729250    0.51296498    0.62522563    0.57179446    0.51851712    0.58346463    0.70661645    0.00000000    1.53246705    1.26287191    3.36091376    3.46134027    3.19551908    3.32139911
A7SU16_NEMVE/65-151     3.48434393    3.59852216    3.34090225    2.57334328    3.94421544    2.69508079    2.49769412    2.73526143    2.53524650    1.52967624    1.54211338    1.38542862    1.62280135    1.67726744    1.84629394    1.53246705    0.00000000    1.02474925    3.25443573    3.58064522    2.80530591    3.46323884
C3YXN5_BRAFL/59-133     2.79934769    3.17500501    3.37936116    2.04594808    2.80383908    2.28997996    2.13519045    2.14841025    1.88469257    1.61047663    1.61817311    1.55132550    1.53037677    1.59365287    1.50422095    1.26287191    1.02474925    0.00000000    3.18722947    3.31644672    2.82210637    3.07938690
B9SF04_RICCO/71-163     0.43697071    0.93158552    1.88104616    0.94139223    1.69249707    0.98540965    0.97126192    0.85464824    2.98280090    3.30471697    3.84020953    3.59898794    3.87104991    3.60936208    3.50374265    3.36091376    3.25443573    3.18722947    0.00000000    0.49791015    0.62783738    0.64941455
K7KHE0_SOYBN/69-146     0.58343041    1.18687169    1.94204048    1.14827130    1.41352688    1.04902606    1.25010672    1.13107989    3.58703839    3.12664036    3.40096173    3.37531910    3.65502011    3.79160744    3.34132018    3.46134027    3.58064522    3.31644672    0.49791015    0.00000000    0.72053145    0.62277621
M4F1G6_BRARP/68-142     0.62707629    1.20316882    1.84043032    0.88587290    1.50760625    1.00439745    1.12008633    0.97742887    2.80576531    3.45519395    3.81626926    3.41096768    3.35545456    3.30608726    2.98621679    3.19551908    2.80530591    2.82210637    0.62783738    0.72053145    0.00000000    0.33497345
D7MVK9_ARALL/68-152     0.66161355    1.38187445    2.01755537    1.25228051    1.59225066    1.20949019    1.36933292    1.18840569    2.96068661    3.38046023    4.09468606    3.43137681    3.52357028    3.11490046    3.98127692    3.32139911    3.46323884    3.07938690    0.64941455    0.62277621    0.33497345    0.00000000

