11
K9YDK1_HALP7/18-821     0.00000000    0.40146639    0.60437996    0.60404306    0.49992330    0.67487657    0.68404400    0.59318725    0.55887715    0.44675582    0.43231175
K9S9R2_9CYAN/17-818     0.40146639    0.00000000    0.61442358    0.61611768    0.49297543    0.63221586    0.66786399    0.55204073    0.52958447    0.46998186    0.49096092
K9YNU8_CYASC/18-831     0.60437996    0.61442358    0.00000000    0.47086344    0.67154765    0.75124578    0.78054981    0.69693834    0.73513347    0.65508863    0.62142486
K9ZA78_CYAAP/22-826     0.60404306    0.61611768    0.47086344    0.00000000    0.65305326    0.73661816    0.77216463    0.65863066    0.70078870    0.64644847    0.57905644
K9SG61_9CYAN/21-853     0.49992330    0.49297543    0.67154765    0.65305326    0.00000000    0.58967592    0.69369086    0.65092186    0.62391102    0.50690274    0.53388861
K9SJL9_9CYAN/21-811     0.67487657    0.63221586    0.75124578    0.73661816    0.58967592    0.00000000    0.78553664    0.72373592    0.74320816    0.63833800    0.65753585
B1WXP3_CROS5/17-840     0.68404400    0.66786399    0.78054981    0.77216463    0.69369086    0.78553664    0.00000000    0.71297704    0.68632642    0.66140183    0.68954847
P74259_SYNY3/16-876     0.59318725    0.55204073    0.69693834    0.65863066    0.65092186    0.72373592    0.71297704    0.00000000    0.58155625    0.61287219    0.55897861
B0CB69_ACAM1/18-835     0.55887715    0.52958447    0.73513347    0.70078870    0.62391102    0.74320816    0.68632642    0.58155625    0.00000000    0.62877922    0.58657920
D5A215_ARTPN/18-828     0.44675582    0.46998186    0.65508863    0.64644847    0.50690274    0.63833800    0.66140183    0.61287219    0.62877922    0.00000000    0.46566190
K9XSH1_STAC7/18-810     0.43231175    0.49096092    0.62142486    0.57905644    0.53388861    0.65753585    0.68954847    0.55897861    0.58657920    0.46566190    0.00000000

