68
Q9K9L1_BACHD/166-285     0.00000000    1.38149812    1.84822845    1.43460658    1.19836713    1.69240411    1.96905901    1.80006133    1.70916693    2.22214520    2.22131607    2.09462230    1.84343319    2.14695557    1.92189378    1.84443743    2.16322052    1.42459775    1.62070946    1.37914183    1.40054575    1.47405343    1.63663320    1.62514069    1.72457366    1.52271359    1.59070153    1.52017261    1.67861678    1.54802224    1.58022068    1.87897004    1.74385977    1.67528631    1.61565549    1.98817207    1.57092017    1.71192653    1.78662588    1.97394944    1.88582574    1.93705229    2.31424834    1.88240238    1.92833078    2.04583430    1.72232805    1.78631572    1.72935521    1.79172997    1.66520695    1.83617968    1.80399963    2.59921209    2.23024931    1.84620080    1.59431938    2.07926656    1.88684190    1.85242947    1.92461549    1.88370752    1.82433603    1.53960394    1.46924292    1.85240901    2.84714745    2.10871727
D1CAB2_SPHTD/164-284     1.38149812    0.00000000    1.32062798    1.14471469    0.95315961    1.78200081    2.15407393    1.74831039    1.59189746    1.58796401    1.90484532    1.96057318    2.05783210    2.04008209    1.89764219    1.99659759    1.95301289    1.45754480    1.34591882    1.38046180    1.23709182    1.38697936    1.55080726    1.49427587    1.62697989    1.48304760    1.41028674    1.38784537    1.48433634    1.31845799    1.58713248    2.06293164    1.94913920    1.60826281    1.47898166    1.61243738    1.78091246    1.72924238    1.73823753    1.97035005    1.86476028    1.86268548    2.05437662    2.07927820    2.08347071    2.20415381    1.85505686    1.91495440    1.87972692    1.92510347    1.89142099    1.78181456    2.17274657    1.78815636    2.25344749    1.44977487    1.51582965    1.44876842    1.56223641    1.79700376    1.80125609    1.65430326    1.58203511    1.49824562    1.38430891    1.83937984    2.31752010    1.79722370
Q5KZS2_GEOKA/165-286     1.84822845    1.32062798    0.00000000    1.52857193    1.33278495    1.97981735    2.09357021    2.27339646    2.13566893    2.09362976    2.41192315    2.42851414    2.54963344    2.41129913    2.31991811    2.42432102    2.37181431    1.90341623    1.78734486    1.87447039    1.78346375    1.74611929    1.88267193    1.88373220    2.33894778    1.89822734    2.05606199    2.14872784    2.51462532    1.85653294    1.97302523    2.30869794    1.92351083    1.66982819    2.14743322    2.26457969    2.06438461    2.10277463    2.09206446    1.97916655    1.97837866    2.05777851    2.16376780    1.87815099    2.03721467    2.04869032    2.19429862    2.39871698    2.19607048    2.22041435    2.27098716    2.30509583    1.84213175    1.99117923    2.64409491    1.71129847    1.82294951    2.24926337    1.73390341    2.40109391    1.98949787    1.85156386    1.95886426    1.76537176    1.50846238    2.62652952    3.14482640    2.13584704
D5WW47_KYRT2/167-288     1.43460658    1.14471469    1.52857193    0.00000000    0.96479858    2.19885078    2.03600246    2.02964767    1.77877472    1.88422804    2.11883925    1.83295498    1.90059029    1.93864959    2.19092657    2.21780520    2.18652520    1.91356758    1.62731055    1.72644045    1.69285177    1.64872201    1.65526916    1.81426085    1.89379594    1.86162147    2.03158246    1.62630699    1.72936775    1.54167518    1.75011188    2.10281972    2.18397197    1.83744597    1.78129057    1.89139451    2.12588673    1.96192688    1.93563886    1.63306040    1.69885711    1.89402990    1.92938500    1.79143044    1.98146383    1.98429295    2.05984376    1.99613474    2.11931285    2.10523657    1.93043203    2.24217599    2.18450566    2.44369822    2.40700783    1.48949648    1.43693354    1.63774959    1.95432206    1.62741793    1.70796638    1.65963084    1.46811563    1.55632470    1.39354368    1.87507240    2.44774775    2.09519445
Q67QX0_SYMTH/163-284     1.19836713    0.95315961    1.33278495    0.96479858    0.00000000    1.85691039    1.85134267    1.61143620    1.53788304    1.97755654    1.95126922    1.88165970    2.25052690    2.13471828    1.82012760    1.93848063    1.83842260    1.85001360    1.72580597    1.75387745    1.61226824    1.56420059    1.83437497    1.57286176    1.62442781    1.55079305    1.62483337    1.23874547    1.60814759    1.29449570    1.56069991    1.97920222    1.48068754    1.44944891    1.61537010    1.46825677    1.55581442    1.43510078    1.45109743    1.81692550    1.41885068    1.63211397    1.92615420    1.58985042    1.83047086    1.75288780    1.97100696    1.63200115    1.71209339    1.72363547    1.74391944    1.83969562    1.87500461    2.10686092    2.09755213    1.65907477    1.56366512    1.64253895    1.52115056    1.64833676    1.55963730    1.62994392    1.48370024    1.11279592    1.12899481    1.66048924    2.17338825    1.69718346
C6CW69_PAESJ/165-285     1.69240411    1.78200081    1.97981735    2.19885078    1.85691039    0.00000000    1.69966244    1.66117768    2.08100955    1.96025819    2.78420206    2.23015794    1.92122665    2.36689075    1.94861621    1.83010127    2.00413234    1.68695631    2.01039665    1.86827077    1.83047651    1.75059811    1.90155363    1.86003135    1.84091204    1.89714375    1.94899230    1.95342584    1.89280170    1.86187040    2.08475024    2.02987057    2.08483465    2.01938187    1.80876969    2.27240255    2.11097596    1.71156222    1.78793521    2.09441624    2.44907180    2.45609583    2.29677754    2.12609364    2.46095801    2.41277625    1.90200237    1.89171871    1.73895894    1.72943535    1.85343482    1.68065861    1.77800271    2.26746685    2.37506657    1.99704967    1.90842649    2.24811427    1.45949156    1.58529023    1.71987160    1.69208958    1.57331580    1.71751761    1.49593556    2.40751813    2.58813087    1.96725654
E6SIS2_THEM7/169-289     1.96905901    2.15407393    2.09357021    2.03600246    1.85134267    1.69966244    0.00000000    1.69039991    1.88556561    1.53180015    2.23903753    1.97576942    1.90239464    1.84240534    1.49267107    1.67211725    1.69374966    1.47261861    1.43978234    1.59609131    1.50429841    1.40993738    1.56975641    1.63182061    1.63811533    1.67184192    1.78444186    1.90394572    1.76033452    1.18393011    1.20664708    1.10680689    1.94253706    1.93521123    1.87759755    2.07666102    1.88774586    1.88485813    1.73506709    2.41475420    1.62946047    1.80049261    2.10099536    1.69403703    1.74459760    1.93933419    1.88120896    2.10692446    1.81458172    1.52267182    1.66971740    1.96860320    2.07986162    2.40949415    2.06577617    1.92101975    2.04546451    1.95863106    1.70930835    1.81994948    1.54091919    1.50503042    1.26076772    1.62767007    1.68773765    1.91442603    2.49111998    2.01241301
D3FEZ8_CONWI/166-286     1.80006133    1.74831039    2.27339646    2.02964767    1.61143620    1.66117768    1.69039991    0.00000000    1.54384340    1.87577030    1.80203842    1.78463524    2.01540073    1.79881170    1.87640321    1.81745204    1.74166242    1.76826219    1.65561962    1.71476333    1.73216207    1.80370716    1.73176282    1.64422904    1.78118100    1.81011836    1.85894734    1.68417917    1.62715918    1.48788031    1.92303728    1.61987928    1.76239968    1.72982312    1.53558835    1.76088231    1.55666757    1.56093863    1.54562548    2.02384148    1.37453602    1.41106128    2.51359190    1.63802997    1.74185994    1.92000370    1.80797511    1.75514298    1.61707199    1.70752913    1.52885953    1.54241707    1.92478288    2.64464089    2.35004996    1.79881448    1.96252891    1.50373446    1.82317783    1.86097436    1.87854741    1.81001930    1.79157344    2.07512320    1.93956591    2.19293188    1.85171342    2.28524939
A5V0D4_ROSS1/168-288     1.70916693    1.59189746    2.13566893    1.77877472    1.53788304    2.08100955    1.88556561    1.54384340    0.00000000    0.45914868    1.01135747    0.92527528    1.32572783    1.41749005    1.11666009    1.37557065    1.25470827    1.16280922    1.12754581    1.17934791    1.11833778    1.08781183    1.09455638    1.17015956    1.24501483    1.28936232    1.39118359    1.23271652    1.41417003    1.20694013    1.39872853    1.39713753    1.69866090    1.76486676    1.49022638    2.10977971    1.73159117    1.70316933    1.72340266    2.09455253    1.85936490    1.88273274    2.76956653    2.19658639    2.12899657    2.12192646    1.79296062    1.96340194    1.97475041    1.91200453    1.81164827    1.90067969    1.78337330    1.87448240    1.85245387    1.47770811    1.28878604    1.33566663    1.83930758    1.76626794    2.00744999    1.82254751    1.80079512    1.72199715    1.92567521    2.06359480    2.09456132    2.10453653
A9WJR5_CHLAA/166-285     2.22214520    1.58796401    2.09362976    1.88422804    1.97755654    1.96025819    1.53180015    1.87577030    0.45914868    0.00000000    1.39613028    1.20574473    1.35648009    1.46876960    1.06079839    1.39096510    1.18168969    1.20355136    1.21249814    1.30328918    1.14781990    1.22061102    1.31068418    1.11335527    1.13490484    1.18346869    1.11017069    1.25422807    1.24331498    1.05075740    1.24258468    1.13307439    1.78932637    1.68911366    1.64839894    2.07033499    1.90006452    1.92727928    1.83475290    2.37928575    2.16189812    2.03645610    2.59313800    1.92467166    2.23137636    2.22139562    2.08062175    2.65012346    1.90860933    2.01659543    1.71283548    1.81831045    1.62227719    1.96654665    1.57164063    1.66950983    1.63235432    1.63553715    1.71682948    1.64044897    1.75468596    1.63927320    1.55114633    1.46463726    1.42245032    2.18470650    2.37102502    1.78874851
D0LV30_HALO1/172-293     2.22131607    1.90484532    2.41192315    2.11883925    1.95126922    2.78420206    2.23903753    1.80203842    1.01135747    1.39613028    0.00000000    0.48466048    0.97057285    0.87718439    1.55689144    1.56710540    1.55859924    1.42103365    1.18291628    1.34410844    1.32837159    1.24201630    1.34702225    1.36051649    1.80928134    1.61929516    1.59615301    1.53712335    1.65739009    1.58789032    1.73095576    1.73207865    2.13528645    1.86850237    2.05426931    1.82018921    2.00505724    2.07257533    2.15105928    2.18017676    1.98865791    2.15187609    3.09403396    2.23360096    2.46722440    2.29735024    1.94662937    2.06543177    1.89293727    1.84719912    1.80311362    2.12857982    2.28820133    1.84665159    2.33698520    1.68571870    1.47075240    1.57726914    1.90966358    1.80161917    1.57100532    1.79101697    1.59945040    1.69702939    1.84819924    2.28571443    2.27741469    1.87793535
E8QYX7_ISOPI/178-298     2.09462230    1.96057318    2.42851414    1.83295498    1.88165970    2.23015794    1.97576942    1.78463524    0.92527528    1.20574473    0.48466048    0.00000000    0.79880508    0.69091665    1.34582061    1.36693719    1.41064431    1.25868949    1.21424171    1.22900174    1.30660121    1.24560694    1.21385531    1.34659218    1.48792907    1.53729839    1.56049088    1.47105218    1.60124128    1.45792112    1.55434742    1.54287341    2.05988793    1.67331029    1.85523517    1.95998311    1.96238238    1.93395229    2.01828109    2.09971124    1.94730742    2.19009590    2.65317644    2.33563926    2.20914616    2.48479973    1.87261350    1.85455457    1.74840238    1.82134441    1.62795978    1.85393847    2.04958100    1.99785214    2.07081597    1.52636185    1.38117936    1.57162407    1.83517693    1.79697277    1.80361334    1.98129651    1.69277699    1.57025391    1.82239558    2.16623068    2.31340803    1.86825721
3HID1_ARATH/201-321     1.84343319    2.05783210    2.54963344    1.90059029    2.25052690    1.92122665    1.90239464    2.01540073    1.32572783    1.35648009    0.97057285    0.79880508    0.00000000    0.75990434    1.32327053    1.41729933    1.37867598    1.25760123    1.36022555    1.25938814    1.29676687    0.96325199    1.08587364    1.31305382    1.81035360    1.62958120    1.65519421    1.80069827    1.74774355    1.38793425    1.52135945    1.48525882    2.32761404    1.91478860    2.00519406    1.93428231    2.07889706    2.07290723    2.17088330    2.50603744    2.14017873    2.21441150    2.92024891    2.73012365    2.75863081    2.53677027    2.22295970    2.19967007    2.34969095    2.17598595    2.24330443    2.18826121    2.27102016    2.70864330    2.52811466    2.10136752    2.00151783    2.05337406    2.31121551    1.99293785    1.90619988    1.84751144    1.67605305    1.75069690    2.02113029    2.60366738    2.95836627    2.02736691
Q22GZ6_TETTS/169-289     2.14695557    2.04008209    2.41129913    1.93864959    2.13471828    2.36689075    1.84240534    1.79881170    1.41749005    1.46876960    0.87718439    0.69091665    0.75990434    0.00000000    1.45046189    1.48841845    1.47826417    1.39709302    1.18894196    1.16879871    1.30458928    1.13496098    1.16235868    1.32113113    1.62574510    1.77014168    1.68663113    1.69273460    1.58395060    1.56804704    1.66012335    1.55266602    2.26634167    1.64624312    1.97193836    2.09379541    1.93713676    2.33119740    2.20559490    2.37705393    1.96028857    2.01736488    2.39273169    2.38056075    2.18053187    2.32602727    1.91741831    1.90781162    1.84493475    1.90201955    1.70287353    1.86426640    1.97154536    2.44710847    2.28480719    1.94625727    1.88532150    2.12426658    2.02300237    1.85446351    1.86842170    1.75215744    1.64368518    1.73459024    1.72804417    2.22889212    2.60461292    1.89971881
Q585Q3_TRYB2/167-287     1.92189378    1.89764219    2.31991811    2.19092657    1.82012760    1.94861621    1.49267107    1.87640321    1.11666009    1.06079839    1.55689144    1.34582061    1.32327053    1.45046189    0.00000000    0.30998064    0.28313036    1.09570243    1.12808402    1.07775320    1.05821595    0.98705584    1.05318403    1.07193753    1.21375797    1.18218407    1.25558913    1.22750851    1.39598952    1.14251995    1.29796209    1.29018888    2.08912988    1.77446598    1.78560088    2.05584440    2.04028438    1.96502727    1.89356822    2.54736599    2.10909042    2.15553105    2.13018871    1.85847112    2.27521323    2.16091327    1.93130767    1.93689961    2.02027798    1.78456892    1.94883921    2.09987586    2.00420626    2.09075671    1.87321956    1.86204987    1.78477482    1.89602614    1.80317097    1.62793007    1.55714950    1.40391823    1.22935010    1.52711411    1.59610374    2.02246320    2.07962173    1.51126879
Q4Q7T9_LEIMA/165-285     1.84443743    1.99659759    2.42432102    2.21780520    1.93848063    1.83010127    1.67211725    1.81745204    1.37557065    1.39096510    1.56710540    1.36693719    1.41729933    1.48841845    0.30998064    0.00000000    0.24856817    1.14580231    1.29289074    1.19492384    1.18996176    1.10847193    1.16261633    1.19607192    1.43885213    1.42739653    1.43636095    1.49292976    1.47568600    1.19287468    1.28763273    1.21921989    2.14446904    1.81096114    1.74202813    1.91605791    1.94560205    1.82319213    1.87448147    2.34765801    2.19104102    2.28851526    2.41342182    1.97084672    2.08993598    2.22697218    1.76345688    1.70377119    1.88243787    1.75962013    1.85007878    2.06331138    1.93284346    2.10379497    2.07240478    1.84573067    1.83704711    1.90955253    2.10859033    1.98912518    1.93019149    1.63706298    1.48944613    1.64900926    1.67952148    2.07842957    2.11769424    1.62275896
Q4DQH3_TRYCC/167-287     2.16322052    1.95301289    2.37181431    2.18652520    1.83842260    2.00413234    1.69374966    1.74166242    1.25470827    1.18168969    1.55859924    1.41064431    1.37867598    1.47826417    0.28313036    0.24856817    0.00000000    1.14851698    1.23014460    1.16346757    1.12745630    1.05801434    1.08405350    1.09509185    1.33683639    1.31537830    1.36225034    1.30595630    1.35972060    1.20579313    1.36114119    1.21463775    1.86009999    1.79833665    1.77360335    1.89403527    1.97144947    2.02905309    2.05376233    2.23323145    2.06233836    2.15656371    2.07134240    1.95362362    2.22111027    2.15768293    1.88838370    1.75510117    1.84401960    1.71567374    1.78623511    1.94841667    1.94851952    2.03400676    1.82690337    1.80502147    1.72346775    1.72372495    2.07899978    1.79610148    1.78693127    1.56663031    1.50407274    1.65696306    1.57421558    2.11547369    2.14156947    1.64026366
A1VMN6_POLNA/164-284     1.42459775    1.45754480    1.90341623    1.91356758    1.85001360    1.68695631    1.47261861    1.76826219    1.16280922    1.20355136    1.42103365    1.25868949    1.25760123    1.39709302    1.09570243    1.14580231    1.14851698    0.00000000    0.39160695    0.31376641    0.37625234    0.35477059    0.40133057    0.85815856    1.07960932    0.83570621    0.88764261    0.88954627    1.01444128    1.01523218    1.02007180    1.03941850    1.88817257    1.65631273    1.63046151    2.06566712    1.75807116    1.70388734    1.87952808    2.21134999    1.86436292    1.92579759    2.09742426    1.81142344    2.03600182    2.16562331    2.15365664    2.13221940    1.73849233    1.92501833    1.82048529    2.03111765    2.15356298    2.13161327    1.85467035    1.67969509    1.68722553    1.64205665    1.73503695    2.05965760    2.08847009    1.74905310    1.73269273    1.66793816    1.67039194    2.11975110    2.57270406    1.60722751
Q63UZ4_BURPS/163-283     1.62070946    1.34591882    1.78734486    1.62731055    1.72580597    2.01039665    1.43978234    1.65561962    1.12754581    1.21249814    1.18291628    1.21424171    1.36022555    1.18894196    1.12808402    1.29289074    1.23014460    0.39160695    0.00000000    0.37316191    0.36200274    0.42454453    0.46354314    0.92440339    1.17533820    1.03004493    0.94884010    1.01827410    1.02351699    1.00394133    1.00508363    1.06956140    1.68833191    1.88312835    1.81429747    2.01852189    1.85334073    1.98253659    1.98961951    2.05794818    1.78683525    1.85359623    2.47878816    1.86346693    1.97253296    1.94747355    2.22097840    2.09056377    1.96048855    1.97316513    1.90341043    2.07868931    2.15295679    1.72079859    1.96019388    1.55005780    1.46160495    1.54814465    1.64857860    2.01803216    1.78283216    1.74088264    1.60907535    1.57097446    1.43930471    1.94133952    2.78448932    1.74567063
C4ZM01_THASP/164-284     1.37914183    1.38046180    1.87447039    1.72644045    1.75387745    1.86827077    1.59609131    1.71476333    1.17934791    1.30328918    1.34410844    1.22900174    1.25938814    1.16879871    1.07775320    1.19492384    1.16346757    0.31376641    0.37316191    0.00000000    0.30663694    0.35523258    0.41866893    0.87063087    1.01450440    0.93109850    0.82950973    0.90799165    1.04101519    1.11221257    1.06374761    1.14670355    1.72557343    1.66557222    1.75625799    1.94623895    1.69520195    1.79158759    1.78309868    2.03533902    1.71126354    1.78375170    2.13115419    1.74526132    1.96578546    1.88778537    2.01320966    2.02747586    1.72221886    1.82506078    1.82306455    2.02213313    2.11969063    2.15073836    2.08400073    1.72320802    1.74425626    1.78160119    1.74293430    1.95029697    1.90002473    1.66887040    1.77241542    1.56800865    1.51757098    1.91168511    2.51036781    1.56695066
A5FXN9_ACICJ/163-283     1.40054575    1.23709182    1.78346375    1.69285177    1.61226824    1.83047651    1.50429841    1.73216207    1.11833778    1.14781990    1.32837159    1.30660121    1.29676687    1.30458928    1.05821595    1.18996176    1.12745630    0.37625234    0.36200274    0.30663694    0.00000000    0.33241295    0.40950098    0.91745029    1.23835792    0.89861207    0.97073090    0.93287359    1.05569215    0.98130800    1.01567141    1.03388769    1.73837181    1.38986818    1.50511633    2.05481996    1.65630221    1.66786273    1.76888069    1.91391861    1.68976590    1.79352689    2.00415970    1.72207103    1.92291624    1.93942433    2.02534772    1.97705155    1.62038890    1.82804417    1.73854600    1.86158009    2.13822588    1.97756607    2.17477001    1.65076059    1.54539334    1.68343234    1.58493818    1.74397101    1.79597067    1.58526380    1.72843784    1.60905688    1.57495445    1.98942116    2.27388713    1.67469735
B8IJ39_METNO/163-283     1.47405343    1.38697936    1.74611929    1.64872201    1.56420059    1.75059811    1.40993738    1.80370716    1.08781183    1.22061102    1.24201630    1.24560694    0.96325199    1.13496098    0.98705584    1.10847193    1.05801434    0.35477059    0.42454453    0.35523258    0.33241295    0.00000000    0.33294172    0.86624938    1.25705186    0.97657600    0.85752774    0.95860447    1.02441007    1.02079312    1.00428120    1.04265661    1.84104823    1.55194207    1.69968419    2.03296755    1.65552411    1.72690674    1.81471316    1.95572347    1.65942302    1.71137424    2.15887808    1.81811545    2.03837893    2.05162459    1.80125544    1.73636031    1.73025316    1.71458005    1.73047979    1.85441609    1.86284442    1.86939009    1.97473540    1.62465722    1.65667473    1.67475256    1.70381672    1.91390973    1.71473567    1.63725328    1.54634398    1.56194109    1.59761969    1.85429168    2.50151033    1.59564282
E1V7D7_HALED/164-284     1.63663320    1.55080726    1.88267193    1.65526916    1.83437497    1.90155363    1.56975641    1.73176282    1.09455638    1.31068418    1.34702225    1.21385531    1.08587364    1.16235868    1.05318403    1.16261633    1.08405350    0.40133057    0.46354314    0.41866893    0.40950098    0.33294172    0.00000000    1.02046161    1.30904914    1.01918016    1.05467407    1.09459253    1.17583013    1.10573724    1.14513793    1.16208655    1.87817389    1.61815441    1.73367432    2.16742095    1.83288618    1.77244882    1.87929308    1.95214025    1.90448490    2.01064023    2.35973527    1.93990300    1.92211428    2.10011743    1.88150353    2.04882651    1.74083295    2.00654432    1.84035090    1.92262664    2.09174014    1.98043999    1.92002351    1.58181867    1.61020138    1.64635684    1.86480383    1.81432642    1.83158790    1.63728024    1.73340608    1.75620417    1.82038614    2.14145548    2.80213415    2.03089238
Q01ZG6_SOLUE/165-285     1.62514069    1.49427587    1.88373220    1.81426085    1.57286176    1.86003135    1.63182061    1.64422904    1.17015956    1.11335527    1.36051649    1.34659218    1.31305382    1.32113113    1.07193753    1.19607192    1.09509185    0.85815856    0.92440339    0.87063087    0.91745029    0.86624938    1.02046161    0.00000000    0.75269969    0.65297176    0.68709649    0.60762903    0.68205457    0.99212800    1.01696216    1.06397859    1.95082485    1.56323999    1.75222163    1.93224641    1.62417692    1.67237245    1.64011962    2.28703280    1.87481396    1.91327861    2.28873365    1.94136154    1.95532554    2.22520772    1.84738274    1.95490935    1.70775593    1.97647283    1.80085559    1.89952054    2.03658821    1.83008163    1.73745361    1.64788438    1.78938052    1.90920579    1.64646682    1.75451114    1.76550774    1.61377044    1.65077302    1.25682679    1.34912803    2.26411865    2.07560963    1.77743111
A6TSE1_ALKMQ/165-285     1.72457366    1.62697989    2.33894778    1.89379594    1.62442781    1.84091204    1.63811533    1.78118100    1.24501483    1.13490484    1.80928134    1.48792907    1.81035360    1.62574510    1.21375797    1.43885213    1.33683639    1.07960932    1.17533820    1.01450440    1.23835792    1.25705186    1.30904914    0.75269969    0.00000000    0.53668903    0.60408584    0.60362893    0.66125916    1.21815854    1.36912739    1.52454151    1.72453481    1.69152744    1.55471483    1.92192410    1.55685380    1.61214446    1.59911234    2.36235727    2.02410846    1.89333429    2.43844490    1.98251035    1.86256776    1.96151425    1.77445239    1.98398125    1.79157942    1.95511766    1.89374945    2.15594961    2.10522001    2.25535748    1.71637530    1.77678575    1.78862028    2.04269790    1.93258731    1.90221785    1.88355099    1.83611514    1.85465304    1.30643912    1.21879969    2.00283103    2.63678865    1.73480853
D5V3A7_ARCNC/164-284     1.52271359    1.48304760    1.89822734    1.86162147    1.55079305    1.89714375    1.67184192    1.81011836    1.28936232    1.18346869    1.61929516    1.53729839    1.62958120    1.77014168    1.18218407    1.42739653    1.31537830    0.83570621    1.03004493    0.93109850    0.89861207    0.97657600    1.01918016    0.65297176    0.53668903    0.00000000    0.38825735    0.34511689    0.50410823    1.04216761    1.02283016    1.36948679    1.79618257    1.53240812    1.54333299    2.01790952    1.52087262    1.62505820    1.65083620    2.42692414    1.96237682    1.88927663    2.30935443    1.92836827    2.19260477    2.02228849    1.93439795    1.99178792    1.90785043    2.01346122    2.03341260    2.26171216    1.88619988    2.10206103    1.84845262    1.70143982    1.74093783    1.96992484    1.89769235    2.00705211    2.18937040    1.93543670    1.73575230    1.14644522    1.12445176    1.89956337    2.31037946    1.63802738
Q24PT4_DESHY/164-284     1.59070153    1.41028674    2.05606199    2.03158246    1.62483337    1.94899230    1.78444186    1.85894734    1.39118359    1.11017069    1.59615301    1.56049088    1.65519421    1.68663113    1.25558913    1.43636095    1.36225034    0.88764261    0.94884010    0.82950973    0.97073090    0.85752774    1.05467407    0.68709649    0.60408584    0.38825735    0.00000000    0.40182327    0.47364252    1.07487308    1.18459127    1.38158514    1.82312326    1.62063697    1.68938129    1.97243864    1.63730327    1.71308302    1.67708934    2.53112031    1.85587542    1.97969730    2.48566503    1.85583462    2.13480672    2.14818534    2.14425655    2.32752810    1.98997990    2.10476289    2.05478140    2.40493245    1.93199850    1.87924373    1.86634354    1.71676240    1.81884307    1.70325986    2.08557068    1.97648652    2.13227518    2.04407373    1.87819486    1.34762217    1.30528213    2.05835747    2.66131622    1.65750101
A6VQG2_ACTSZ/164-284     1.52017261    1.38784537    2.14872784    1.62630699    1.23874547    1.95342584    1.90394572    1.68417917    1.23271652    1.25422807    1.53712335    1.47105218    1.80069827    1.69273460    1.22750851    1.49292976    1.30595630    0.88954627    1.01827410    0.90799165    0.93287359    0.95860447    1.09459253    0.60762903    0.60362893    0.34511689    0.40182327    0.00000000    0.38868421    0.88624991    1.04094142    1.27096282    1.85659771    1.55675505    1.68895685    1.80210051    1.63731070    1.60450563    1.68245868    2.14469278    1.60923372    1.57105341    2.12912641    1.80657776    2.09625444    2.06513668    1.83125653    1.87696275    1.63719414    1.81963716    1.84092154    2.05899569    1.98660442    1.70346627    1.86677004    1.47333783    1.43525610    1.61116335    1.70298948    1.69113118    1.88543867    1.71295865    1.79179738    1.37686859    1.31255774    1.91391469    2.29391854    1.58413916
F0RXH1_SPHGB/164-284     1.67861678    1.48433634    2.51462532    1.72936775    1.60814759    1.89280170    1.76033452    1.62715918    1.41417003    1.24331498    1.65739009    1.60124128    1.74774355    1.58395060    1.39598952    1.47568600    1.35972060    1.01444128    1.02351699    1.04101519    1.05569215    1.02441007    1.17583013    0.68205457    0.66125916    0.50410823    0.47364252    0.38868421    0.00000000    1.01211836    1.09953699    1.31172781    1.94919960    1.74014983    1.81512051    1.94251842    2.02176855    1.69258613    1.74456001    2.13510888    1.67392564    1.65100000    2.12337937    1.75134023    2.01502988    2.04520698    2.14045213    2.13010953    2.06584752    2.14057291    2.16694426    2.17052244    2.09677173    1.95720753    1.69553583    1.67408287    1.58050469    1.56427722    1.84164748    1.71166144    1.69316930    1.78346221    1.62573969    1.32601559    1.19031562    1.97281783    2.62037247    1.81089735
D7C440_STRBB/169-287     1.54802224    1.31845799    1.85653294    1.54167518    1.29449570    1.86187040    1.18393011    1.48788031    1.20694013    1.05075740    1.58789032    1.45792112    1.38793425    1.56804704    1.14251995    1.19287468    1.20579313    1.01523218    1.00394133    1.11221257    0.98130800    1.02079312    1.10573724    0.99212800    1.21815854    1.04216761    1.07487308    0.88624991    1.01211836    0.00000000    0.60510201    0.58854491    1.82977794    1.69253446    1.57557378    1.94168494    1.77986637    1.63044038    1.61957964    2.20364910    1.59497400    1.53469009    2.28342606    1.72208582    1.91219307    1.99491810    1.76376791    1.70744736    1.56342434    1.51619319    1.38924614    1.46503445    1.57111521    1.75488578    1.68780027    1.49426144    1.50552856    1.47825452    1.52408059    1.87885523    1.82924852    1.77613569    1.41015922    1.48128604    1.40333443    1.98746260    2.50487708    2.05545115
D3Q653_STANL/165-285     1.58022068    1.58713248    1.97302523    1.75011188    1.56069991    2.08475024    1.20664708    1.92303728    1.39872853    1.24258468    1.73095576    1.55434742    1.52135945    1.66012335    1.29796209    1.28763273    1.36114119    1.02007180    1.00508363    1.06374761    1.01567141    1.00428120    1.14513793    1.01696216    1.36912739    1.02283016    1.18459127    1.04094142    1.09953699    0.60510201    0.00000000    0.54613047    1.92592612    1.77220852    1.75368274    1.95804570    1.87771856    1.76433972    1.76273029    2.12869372    1.60266195    1.43289658    2.02152958    1.87339163    2.14249837    2.01175345    1.73815436    1.67464790    1.68834156    1.71140699    1.71002593    1.77652393    1.99787617    2.57420639    2.10109945    1.71518080    1.73669418    1.60082937    1.48115050    1.89004178    1.78497415    1.89709955    1.49043570    1.43739205    1.53342065    2.18209744    2.76857984    1.84050371
D2PS94_KRIFD/165-285     1.87897004    2.06293164    2.30869794    2.10281972    1.97920222    2.02987057    1.10680689    1.61987928    1.39713753    1.13307439    1.73207865    1.54287341    1.48525882    1.55266602    1.29018888    1.21921989    1.21463775    1.03941850    1.06956140    1.14670355    1.03388769    1.04265661    1.16208655    1.06397859    1.52454151    1.36948679    1.38158514    1.27096282    1.31172781    0.58854491    0.54613047    0.00000000    1.98622990    1.76719517    1.78517609    2.01300164    1.93134064    1.89649219    1.80432679    2.30664702    1.64711204    1.46195104    2.91653050    1.89099828    2.19212707    2.41073368    1.79001358    1.75076788    1.71338007    1.66644878    1.61646409    1.65115675    1.95173763    2.58726703    2.11500093    2.08571616    1.97218788    1.67240291    1.64814951    2.00827085    1.99483854    1.88049974    1.66851411    1.65106001    1.80758197    2.47813794    2.68364084    1.95299282
C5AJZ3_BURGB/166-287     1.74385977    1.94913920    1.92351083    2.18397197    1.48068754    2.08483465    1.94253706    1.76239968    1.69866090    1.78932637    2.13528645    2.05988793    2.32761404    2.26634167    2.08912988    2.14446904    1.86009999    1.88817257    1.68833191    1.72557343    1.73837181    1.84104823    1.87817389    1.95082485    1.72453481    1.79618257    1.82312326    1.85659771    1.94919960    1.82977794    1.92592612    1.98622990    0.00000000    1.25260305    1.24394350    1.51383588    1.56137154    1.29617799    1.32557943    1.68801699    1.48287183    1.46713872    1.61561353    1.50030790    1.43332733    1.55391462    1.59528394    1.70130667    1.52138499    1.55678591    1.52192497    1.35939114    1.72540464    2.46662623    2.32487201    2.01112118    1.82481674    2.17334678    1.77932882    1.85366844    1.63444009    1.66950190    1.71784525    1.61688780    1.61321332    2.33324903    2.15593920    1.83914162
Q89UN2_BRADU/217-338     1.67528631    1.60826281    1.66982819    1.83744597    1.44944891    2.01938187    1.93521123    1.72982312    1.76486676    1.68911366    1.86850237    1.67331029    1.91478860    1.64624312    1.77446598    1.81096114    1.79833665    1.65631273    1.88312835    1.66557222    1.38986818    1.55194207    1.61815441    1.56323999    1.69152744    1.53240812    1.62063697    1.55675505    1.74014983    1.69253446    1.77220852    1.76719517    1.25260305    0.00000000    0.38904031    0.82593169    0.74018242    0.68266992    0.65157890    1.57410797    1.20397454    1.28093027    1.38920674    1.39107754    1.67603527    1.65160330    1.53747376    1.63309814    1.34386153    1.50260689    1.47274170    1.52286879    1.75935109    2.27503604    2.02117699    1.86133896    1.94378895    1.81257665    1.51454463    1.53661185    1.62329961    1.48137229    1.55683612    1.38806503    1.48122718    1.91468953    1.56256773    1.74429861
Q742U1_MYCPA/163-284     1.61565549    1.47898166    2.14743322    1.78129057    1.61537010    1.80876969    1.87759755    1.53558835    1.49022638    1.64839894    2.05426931    1.85523517    2.00519406    1.97193836    1.78560088    1.74202813    1.77360335    1.63046151    1.81429747    1.75625799    1.50511633    1.69968419    1.73367432    1.75222163    1.55471483    1.54333299    1.68938129    1.68895685    1.81512051    1.57557378    1.75368274    1.78517609    1.24394350    0.38904031    0.00000000    0.93173293    0.84341539    0.74818824    0.69450899    1.81750846    1.45272208    1.37412405    1.65312443    1.30916255    1.60208830    1.58418905    1.63171322    1.56464628    1.63157327    1.56180272    1.46629758    1.65681789    1.71812273    2.47020215    2.07871299    1.78488641    1.92854640    1.79445912    1.45975409    1.60559450    1.73763288    1.73892767    1.68509288    1.56339787    1.55530602    1.85177914    1.69949433    1.78099678
B2JV82_PARP8/175-295     1.98817207    1.61243738    2.26457969    1.89139451    1.46825677    2.27240255    2.07666102    1.76088231    2.10977971    2.07033499    1.82018921    1.95998311    1.93428231    2.09379541    2.05584440    1.91605791    1.89403527    2.06566712    2.01852189    1.94623895    2.05481996    2.03296755    2.16742095    1.93224641    1.92192410    2.01790952    1.97243864    1.80210051    1.94251842    1.94168494    1.95804570    2.01300164    1.51383588    0.82593169    0.93173293    0.00000000    0.79370142    0.78096779    0.70048864    1.87303910    1.33605003    1.34847204    1.72614793    1.28121603    1.51641785    1.55931997    1.72711949    1.80368994    1.80070235    1.64173825    1.69999268    1.92983803    1.99158600    2.68655207    2.11373540    1.92481127    2.13428193    2.07261741    1.70850983    1.83912556    1.89690055    1.71156308    1.82120009    1.36307509    1.48922067    1.89830210    1.93370586    1.62008199
A9IGS2_BORPD/169-290     1.57092017    1.78091246    2.06438461    2.12588673    1.55581442    2.11097596    1.88774586    1.55666757    1.73159117    1.90006452    2.00505724    1.96238238    2.07889706    1.93713676    2.04028438    1.94560205    1.97144947    1.75807116    1.85334073    1.69520195    1.65630221    1.65552411    1.83288618    1.62417692    1.55685380    1.52087262    1.63730327    1.63731070    2.02176855    1.77986637    1.87771856    1.93134064    1.56137154    0.74018242    0.84341539    0.79370142    0.00000000    0.67944265    0.68981398    1.70281928    1.23785125    1.29580560    1.57311194    1.25662077    1.36428294    1.38535703    1.41233966    1.59160196    1.37584946    1.44649049    1.37796314    1.56980925    1.83884320    2.50762848    2.00357345    1.91496029    1.94986948    2.22031553    1.86106998    1.97071179    2.01364729    1.73197970    1.79083816    1.31826582    1.62133238    1.87897494    1.48030232    1.70508519
A1WM48_VEREI/167-288     1.71192653    1.72924238    2.10277463    1.96192688    1.43510078    1.71156222    1.88485813    1.56093863    1.70316933    1.92727928    2.07257533    1.93395229    2.07290723    2.33119740    1.96502727    1.82319213    2.02905309    1.70388734    1.98253659    1.79158759    1.66786273    1.72690674    1.77244882    1.67237245    1.61214446    1.62505820    1.71308302    1.60450563    1.69258613    1.63044038    1.76433972    1.89649219    1.29617799    0.68266992    0.74818824    0.78096779    0.67944265    0.00000000    0.25426650    1.65337969    1.13537294    1.21541125    1.72036760    1.27466998    1.51130990    1.60857806    1.60535418    1.62653077    1.61921647    1.68408609    1.52435409    1.78837798    1.88168373    2.30479597    2.02110134    1.51208519    1.75711234    1.66741628    1.46532842    1.72788165    1.66604583    1.64919582    1.57980334    1.28851191    1.51110155    1.82927545    1.52218947    1.93396875
A9ILM3_BORPD/166-287     1.78662588    1.73823753    2.09206446    1.93563886    1.45109743    1.78793521    1.73506709    1.54562548    1.72340266    1.83475290    2.15105928    2.01828109    2.17088330    2.20559490    1.89356822    1.87448147    2.05376233    1.87952808    1.98961951    1.78309868    1.76888069    1.81471316    1.87929308    1.64011962    1.59911234    1.65083620    1.67708934    1.68245868    1.74456001    1.61957964    1.76273029    1.80432679    1.32557943    0.65157890    0.69450899    0.70048864    0.68981398    0.25426650    0.00000000    1.79087440    1.29887603    1.25202246    1.70261051    1.27538566    1.50073504    1.61756988    1.75604043    1.61698937    1.76602283    1.60589654    1.59836573    1.83535215    1.80981667    2.46500392    2.12441728    1.61948124    1.88754669    1.89294902    1.46839588    1.77283641    1.60512581    1.67647194    1.60709866    1.24960207    1.45479446    1.67337713    1.49231930    1.78486795
F2J3M0_POLGS/156-277     1.97394944    1.97035005    1.97916655    1.63306040    1.81692550    2.09441624    2.41475420    2.02384148    2.09455253    2.37928575    2.18017676    2.09971124    2.50603744    2.37705393    2.54736599    2.34765801    2.23323145    2.21134999    2.05794818    2.03533902    1.91391861    1.95572347    1.95214025    2.28703280    2.36235727    2.42692414    2.53112031    2.14469278    2.13510888    2.20364910    2.12869372    2.30664702    1.68801699    1.57410797    1.81750846    1.87303910    1.70281928    1.65337969    1.79087440    0.00000000    1.06175220    1.23914535    1.32072557    1.29242969    1.31510545    1.44121851    1.76139766    1.31846318    1.69566386    1.76140241    2.02627538    1.70464523    1.61830852    2.04495488    2.76250038    2.31443812    2.19295750    2.29668032    1.99475486    1.81886155    1.77745590    1.91174691    1.69548571    1.90846044    2.01912698    2.22073664    1.74212375    2.11835631
A5FTT0_ACICJ/164-285     1.88582574    1.86476028    1.97837866    1.69885711    1.41885068    2.44907180    1.62946047    1.37453602    1.85936490    2.16189812    1.98865791    1.94730742    2.14017873    1.96028857    2.10909042    2.19104102    2.06233836    1.86436292    1.78683525    1.71126354    1.68976590    1.65942302    1.90448490    1.87481396    2.02410846    1.96237682    1.85587542    1.60923372    1.67392564    1.59497400    1.60266195    1.64711204    1.48287183    1.20397454    1.45272208    1.33605003    1.23785125    1.13537294    1.29887603    1.06175220    0.00000000    0.28146401    1.06773512    0.92809019    0.90677505    1.07350040    1.65663433    1.54002894    1.43826623    1.58584883    1.40263996    1.39886699    1.93442972    2.20200150    2.59649313    1.67142626    1.73553922    1.82934196    1.64916605    1.58669406    1.86750141    1.66268541    1.67282897    1.53124398    1.83019334    1.96785243    1.62212839    2.02094344
