81
G8AKP9_9PROT/11-49     0.00000000    2.10842401    1.80228896    1.73931341    2.37187804    2.34705691    2.03831254    1.92155571    2.08743412    2.16952565    2.09863771    1.82889609    2.01471417    1.77880519    1.67901305    1.74466554    2.36812164    2.47874071    1.51480989    1.62462686    1.90705064    1.86190720    1.04962318    1.80479033    1.64375794    1.49587733    1.61189938    1.61085541    2.27421282    1.47631466    2.20875462    2.06477804    2.35406988    2.08246589    2.49439056    1.65264341    2.23447290    1.84701531    1.54672227    1.98588083    2.12864602    1.94425706    1.41658613    1.57026695    1.30886992    1.28759155    1.45137644    1.68812001    1.40951938    1.92169682    1.34428697    1.50399460    1.56890762    1.25228827    1.44486040    1.54825705    1.86602147    1.82695780    2.23035682    1.82635166    1.72349804    2.42401318    2.35757657    2.24940764    1.55306383    2.03436700    1.88908220    1.38140523    1.42520074    1.61774761    1.87251459    2.01707183    1.72400936    1.24631897    1.27972943    1.20721110    1.49401277    1.41382134    1.44379852    1.33515854    1.24111249
Q1H3Z9_METFK/5-47     2.10842401    0.00000000    1.51885528    2.37726831    1.56936250    1.36566602    1.18510836    1.29007440    1.49681068    1.78025654    1.40070290    1.53568932    1.12958070    1.37271802    1.67004102    1.79821656    1.88783867    2.19889820    1.84905375    1.33942333    1.47247415    1.35318461    1.28936541    1.55394663    1.73483883    1.44899499    1.49890851    1.35053202    1.87762582    1.55984064    1.99451978    2.15943472    2.28089621    2.92034582    3.15058593    3.40178358    2.55818810    3.43402580    2.09230761    2.73119115    2.29924457    2.24134398    2.26282553    2.35099308    2.20434923    1.80574368    1.17922720    1.21633219    1.78690179    1.47522998    1.76288512    1.61972168    1.74329036    1.72161745    1.49270212    1.75304059    1.80147653    1.60607783    1.47142140    1.72307627    2.04059258    1.50189966    1.14370843    1.67263296    1.47518601    1.52439654    1.37116032    1.40556923    1.74181234    1.76715238    1.49703415    1.74242364    1.91222191    1.89534011    1.75343964    1.69912683    1.67582662    1.31918131    1.90046598    1.41690958    1.48609342
D8PJJ4_9BACT/4-47     1.80228896    1.51885528    0.00000000    0.86746113    1.14955196    0.97674992    0.94577074    0.88993152    1.34710119    1.16297315    1.07900113    0.84346686    1.34831075    0.99516213    1.11823414    1.24236295    1.34498350    1.82930298    1.33046887    1.11707945    1.59110217    1.67211074    1.11709918    1.32678996    1.51983141    1.29127788    1.74917393    1.19534226    1.88743816    1.45584055    2.44856042    1.97666617    1.92824688    2.22932410    2.21066827    2.00566011    1.83944917    1.60315615    1.94042124    2.40741193    2.63905143    2.35649116    2.33855681    1.93536751    1.80392390    1.88588878    1.89345745    1.80898974    1.56071166    1.71188178    1.62062054    2.11779711    1.92386829    1.47009686    1.64664987    1.59414854    2.08237773    1.88857687    1.86302561    1.76275679    1.34512293    1.78680275    2.10170768    1.83215091    1.92958063    1.74901265    1.92516865    2.02424970    2.16379719    1.50800516    1.43917483    2.14727230    1.79038185    1.25838261    1.49530506    1.62904701    1.72981252    1.32975353    1.77932213    1.43577065    1.54431223
F0SHY7_RUBBR/5-48     1.73931341    2.37726831    0.86746113    0.00000000    1.26549483    1.20123329    1.44406053    1.45702885    1.54238569    1.38636850    1.61313467    1.88438212    1.33124099    1.49625915    1.38746206    1.45443285    2.39835519    1.43371539    1.69390564    1.49485584    2.02883598    1.49744521    1.23384275    1.56765275    2.07207019    1.60012215    1.94620030    1.63324886    1.71329702    1.48106976    2.57053688    1.81703303    1.49652673    1.88990883    1.92245603    1.88376184    1.66791746    1.42912436    1.39477368    2.02117100    2.28745300    2.17072009    2.13657177    2.54756939    2.14442767    2.02474390    1.55937266    2.05733697    1.59371447    1.77172479    1.46348637    1.57791737    1.23724582    1.39934655    1.28048357    1.40039126    2.06091928    1.70710859    1.63156633    1.62522894    1.47626030    1.90670579    2.24099097    2.05822013    1.69076642    1.65328258    1.50044823    1.20730019    1.13934506    1.36292094    1.41802214    1.75793935    1.83741465    0.90117382    1.52107373    1.73895626    1.35002303    0.96141582    1.54581638    1.35540036    1.48817461
Q2LTP9_SYNAS/4-42     2.37187804    1.56936250    1.14955196    1.26549483    0.00000000    1.00921122    0.77944012    0.86230515    0.91827061    0.90232265    1.01572685    1.17350496    0.86599717    0.90753081    1.04945508    1.13866961    1.34976257    1.88236903    1.62396682    1.53974087    1.43965834    1.51493537    1.26294890    1.09447471    1.46747398    1.37522924    1.40791901    1.10001258    1.60087428    1.12565767    2.58787534    1.69674427    1.91185579    2.25808515    2.15353610    2.06144228    1.48859650    2.19571447    1.53334021    1.68560149    1.66434244    1.53990928    1.82972032    2.34956895    2.03347514    2.01955523    1.35054117    1.04706798    1.14421873    1.31975629    1.35977034    2.07638829    1.64095026    1.35661908    1.21192264    1.37081567    1.90653191    1.45761010    1.67298403    1.70313567    1.34731177    1.35751091    1.40302954    1.96325927    1.20554053    1.66702830    1.27982996    1.18849886    1.57774862    1.22810254    1.04442672    1.91986896    1.68280493    1.53193214    1.27106339    1.38200507    1.66027861    1.34219168    1.41360152    1.26156304    1.31311820
Q74EX3_GEOSL/4-44     2.34705691    1.36566602    0.97674992    1.20123329    1.00921122    0.00000000    0.56266198    0.60023681    1.01421377    1.47607436    1.66101072    1.34710724    0.97220962    1.15444146    0.92596344    1.79918595    1.36876128    2.28626799    1.41240772    1.66644236    1.43407350    1.31782800    1.20387787    1.65069612    1.96012970    1.39339310    1.63525941    1.26537778    1.80606124    1.72156970    2.14892939    2.36884598    2.42428424    3.88771723    3.15541731    2.42625671    2.53683656    2.47100444    2.44106838    1.63344862    1.68855611    1.89858655    2.85312801    3.20449169    2.56891579    2.56320575    1.92333852    1.44540241    1.58244795    1.37668419    1.51291445    2.23828340    2.19437655    1.57716523    1.37631361    1.43938869    1.80743279    1.66825840    2.04335349    1.77682267    1.97461517    1.86324063    1.60690679    1.75315354    2.02851913    1.52499595    1.83277161    1.63842417    2.31868012    1.66673984    1.51585635    2.59591849    1.56394742    1.59757077    2.40317787    2.37281626    1.87254986    1.24721710    2.02525481    1.57248351    2.02498359
Q39SE9_GEOMG/8-51     2.03831254    1.18510836    0.94577074    1.44406053    0.77944012    0.56266198    0.00000000    0.22315318    0.73094149    1.23797762    1.25410078    0.99391389    0.63978241    0.67698748    0.71402184    1.19469838    1.24974459    1.87145028    1.23320649    1.17551308    1.20109647    1.46596299    1.07326817    1.48309045    2.21908834    1.37816406    1.20025463    1.23857953    1.81903542    1.33443903    2.13161014    2.07024179    1.75119105    3.01152164    2.43446911    2.22696641    1.90166769    2.48696971    2.03191725    2.04447249    2.20696188    2.17444176    2.44471073    2.42748869    2.16506539    2.42492202    1.45899614    0.84042309    1.03449757    0.93000785    1.19336243    1.44024687    1.53274081    1.07682384    1.32070431    1.65081524    1.66425010    1.45929617    1.46632095    1.55940832    1.46956071    1.56501498    1.53389681    1.64215032    1.42949304    1.39456749    1.44644210    1.53724716    2.11129139    1.47931361    1.20413103    1.69260599    1.66804678    1.66061159    1.72564535    1.55230329    1.78464972    1.53186258    1.67133684    1.32716166    1.54588500
Q74F77_GEOSL/8-51     1.92155571    1.29007440    0.88993152    1.45702885    0.86230515    0.60023681    0.22315318    0.00000000    0.75136642    1.37995574    1.31873437    1.08802808    0.68504516    0.68825323    0.62503167    1.18183120    1.25644827    1.65036491    1.46123820    1.22379383    1.05985656    1.31140448    1.04304955    1.63417996    1.82742619    1.27752770    1.27170334    1.15910567    1.65833896    1.43076897    2.16424255    2.06587920    1.82769937    3.33029156    2.78789791    2.32780416    1.82316549    2.66375234    2.39041561    1.92937489    1.90465167    2.10595309    2.32254216    2.34580321    2.27115574    2.21977102    1.72718178    0.99087606    1.25461362    1.05097671    1.13671960    1.39932943    1.41906409    0.98255398    1.33621522    1.53435448    1.56354298    1.40454112    1.43062762    1.48727568    1.55421151    1.68205216    1.58357762    1.68664256    1.36895574    1.37827079    1.42834940    1.41805457    2.11429360    1.35342037    1.19430528    1.66159568    1.53378325    1.46761047    1.42697669    1.30612061    1.69709724    1.35666481    1.96540824    1.34270969    1.65695957
A0LL17_SYNFM/5-50     2.08743412    1.49681068    1.34710119    1.54238569    0.91827061    1.01421377    0.73094149    0.75136642    0.00000000    0.86151650    1.10430441    0.97350768    0.88744116    0.80680758    0.82149899    1.33612742    1.50984252    1.64458265    1.58030938    1.45058405    1.52077948    1.38708826    1.22822721    1.32729018    2.00787366    1.67209056    1.29173354    1.21675000    1.45870264    1.27977036    2.38888268    2.39714279    1.90021475    3.63421170    2.62757833    1.82688828    1.81415015    2.45850139    1.90267383    1.76558435    2.15693937    1.98635754    2.46302337    2.48710880    2.20211329    2.19760935    1.71523117    1.35938757    1.40588560    1.26763855    1.31982782    1.48228652    1.30293110    1.27094095    1.46603742    1.63324879    1.73721310    1.80894230    1.87055670    1.65384164    1.77225901    1.75752371    1.42097055    1.57648297    1.39598896    1.30024880    1.20139235    1.61336773    1.51735070    1.26263950    0.91248668    1.51128868    1.58544308    1.45964607    1.56569948    1.55390748    1.75609719    1.39318511    2.06369444    1.33627783    1.84830678
A4J4P6_DESRM/3-46     2.16952565    1.78025654    1.16297315    1.38636850    0.90232265    1.47607436    1.23797762    1.37995574    0.86151650    0.00000000    0.52694287    0.58239500    1.21287933    1.34987582    1.38799212    1.40646355    1.07599642    1.47310338    1.81003724    1.92316597    1.69979094    1.61736055    1.37728928    1.65622990    2.14530935    1.79737765    1.54432328    1.37344206    2.05145836    1.55531002    2.87050272    2.53544670    2.34143832    2.03601722    2.69813095    2.32932152    1.95779624    2.72468181    1.73643469    2.57404644    2.57486811    2.23837579    2.83368514    2.82469598    2.40143425    2.73469237    2.03493209    1.68310024    1.63778965    1.95765067    1.42794276    1.79778225    1.77519071    1.61100230    1.47771468    2.32647110    1.89679690    1.96880475    2.30380889    1.60478565    1.48755341    1.83504519    1.95950006    1.72768410    1.47383345    1.44689760    1.49190853    1.87968107    1.72520562    1.76550679    1.64452420    1.52264253    2.01102951    1.60687337    1.50996119    1.55328586    2.04052890    1.90536459    1.93597018    1.63428779    1.82862253
L0FD41_DESDL/3-47     2.09863771    1.40070290    1.07900113    1.61313467    1.01572685    1.66101072    1.25410078    1.31873437    1.10430441    0.52694287    0.00000000    0.52967210    1.17265478    1.15959271    1.33342820    1.69158400    1.23753947    1.62154437    1.67024189    1.59189889    1.63321107    1.43492832    1.28970094    1.54573919    1.81543330    1.56292336    1.38051560    1.26354130    1.94069357    1.53833678    2.42557126    2.30762650    1.84463401    2.23624858    2.44246676    2.36668587    1.58313927    2.27063909    1.75962950    2.63337122    2.65269675    2.29420616    2.15901394    1.80738353    1.86276304    1.93674018    1.63042242    1.64897907    1.77872832    1.85294805    1.56710845    1.91011628    1.81833403    1.46951666    1.56856295    2.39456006    2.02376315    1.82283730    1.86867163    1.66273625    1.46554987    1.75347665    1.58367577    1.24836590    1.67590382    1.51283771    1.71317419    2.17247766    2.08310388    1.57656900    1.51850385    1.59006747    1.77564182    1.65659645    1.51832340    1.43854402    2.10219721    2.13957354    2.09347162    1.42166761    1.36678761
F6DPS6_DESRL/3-46     1.82889609    1.53568932    0.84346686    1.88438212    1.17350496    1.34710724    0.99391389    1.08802808    0.97350768    0.58239500    0.52967210    0.00000000    1.17648036    1.10460650    1.23923650    1.38741247    1.07351312    1.85264718    1.26987264    1.32785193    1.41256871    1.66209829    1.37181180    1.27170481    1.48103938    1.45729926    1.50890706    1.35810342    1.50450724    1.50924302    2.14857207    2.03048237    1.75586309    2.38917566    2.37098781    2.11074244    1.67651596    2.15198220    1.87634213    2.81477436    2.85950401    2.45326534    2.74648467    2.50947469    2.03484156    2.31776451    1.76139451    1.81035053    1.91512959    1.63308953    1.34744266    1.52504095    1.42276681    1.36322711    1.59862930    2.29853194    1.94317474    1.84555204    1.88703239    1.51606554    1.76094312    1.82214605    1.79056786    1.50090639    1.90716407    1.55782706    1.89501053    2.45347144    2.39182459    1.76464882    1.63843284    1.60833860    1.95916316    1.99193885    1.84879950    1.87610692    2.01484822    1.66848560    1.66922224    1.63019911    1.54016501
B5EI69_GEOBB/9-52     2.01471417    1.12958070    1.34831075    1.33124099    0.86599717    0.97220962    0.63978241    0.68504516    0.88744116    1.21287933    1.17265478    1.17648036    0.00000000    0.61645163    0.75090326    1.37659912    1.49575263    1.68773619    1.56364795    1.08262458    1.35997568    1.15802611    1.22947958    1.24583986    1.78172889    1.23490792    1.35316810    1.24231309    1.59511059    1.33063801    2.03968438    1.45276008    1.87901651    2.18064352    1.93353307    1.90702814    1.24294996    2.07893117    1.56443813    1.49912895    1.56798537    1.67842714    2.03883308    2.17181387    2.04455918    1.95706747    1.52017366    1.28998291    1.38128778    1.52043501    1.43503594    1.58970575    1.47394221    1.34779858    1.50574265    1.68497715    1.74393258    1.47167333    1.45462720    1.45885780    1.46359909    1.48610730    1.31024096    1.70601877    1.36069784    1.21408155    1.21122655    1.39676169    1.70230498    1.41019310    1.09377274    1.44805319    1.43672733    1.22687759    1.32225256    1.52159732    1.57003667    1.40726073    1.57192140    1.11941951    1.40281247
A1ASX2_PELPD/8-51     1.77880519    1.37271802    0.99516213    1.49625915    0.90753081    1.15444146    0.67698748    0.68825323    0.80680758    1.34987582    1.15959271    1.10460650    0.61645163    0.00000000    0.44055284    1.59561711    1.48453818    1.53904553    1.28465616    0.95251206    1.21907375    1.40462471    1.20324978    1.52959155    1.68295842    1.31430514    1.46734235    1.11131288    1.29860827    1.27061288    2.51423081    1.66592899    2.20861693    2.57264440    2.09223521    1.84874505    1.71717584    2.37971940    2.06352974    1.66580937    1.99287258    1.87023152    2.07270682    1.98599270    2.19847401    2.02330654    1.56744753    1.21366237    1.68942114    1.59641759    1.28180941    1.56387394    1.56401429    1.26936005    1.67847285    1.74740687    1.67333856    1.62313332    1.50400901    1.44663614    1.34408174    1.34901271    1.17030429    1.30865238    1.41582840    1.38530683    1.20063010    1.33581068    1.81736096    1.15773594    0.93718936    1.55398471    1.82633702    1.19121417    1.26900237    1.46491845    1.58429154    1.42895416    1.94526882    1.30730319    1.50581623
B3EA66_GEOLS/8-51     1.67901305    1.67004102    1.11823414    1.38746206    1.04945508    0.92596344    0.71402184    0.62503167    0.82149899    1.38799212    1.33342820    1.23923650    0.75090326    0.44055284    0.00000000    1.54845826    1.42047927    1.61902370    1.46725488    1.30027516    1.72315050    1.49463354    1.51199614    1.56632718    2.04139470    1.27366258    1.12675488    1.05936118    1.15545996    1.34691743    2.21759171    2.21303066    2.21545015    3.24285164    2.35855059    1.99208545    1.62249292    2.57052312    2.38922958    1.83729901    1.86050154    1.89245006    2.29427539    2.44694858    2.22230692    1.85109689    1.83039802    1.42487135    1.57229470    1.64479517    1.15769039    1.45515481    1.30389512    1.09699270    1.26388306    2.02028180    1.56540917    1.65516382    1.55140487    1.46390082    1.68486684    1.53041649    1.22232813    1.39635173    1.27344283    1.10839931    1.16526071    1.34675274    2.05877934    1.30478151    1.24526708    1.62689472    1.59688696    1.41890575    1.45134939    1.62533871    1.75429760    1.27686552    1.76439527    1.38790228    1.69159248
L0D9Z9_SINAD/5-45     1.74466554    1.79821656    1.24236295    1.45443285    1.13866961    1.79918595    1.19469838    1.18183120    1.33612742    1.40646355    1.69158400    1.38741247    1.37659912    1.59561711    1.54845826    0.00000000    1.47126021    1.44081390    1.40423432    1.13183722    1.35805716    1.69365066    1.61899108    1.50047632    2.29355495    1.77986897    1.67581722    1.50676982    1.76751255    1.52722566    2.43526486    1.87043547    1.87089137    2.57118523    2.08645270    2.26634640    1.79145515    2.08156570    1.76411840    1.88340206    1.76284261    1.77124520    2.08552738    2.27571536    2.90069080    2.30274475    1.47548684    1.70802080    1.50316024    1.50370749    1.11818080    1.80464102    1.44422341    1.06794063    1.27136488    1.34013265    1.84827528    1.34020109    1.62173699    1.68174672    1.64428944    1.67278592    1.63315232    1.68392486    1.18767334    1.66880899    1.28313274    1.62541662    1.21373485    1.28933165    1.12076772    1.70453624    1.78333758    1.10537970    1.62413850    1.33325766    2.23336569    1.74856000    1.32859463    1.68768974    1.42250079
C8W4J3_DESAS/4-46     2.36812164    1.88783867    1.34498350    2.39835519    1.34976257    1.36876128    1.24974459    1.25644827    1.50984252    1.07599642    1.23753947    1.07351312    1.49575263    1.48453818    1.42047927    1.47126021    0.00000000    1.44267187    1.51673057    1.80012004    1.12203480    1.32293396    1.10793577    1.33721589    1.73030147    1.42679038    1.63175370    1.20001887    1.73701022    1.92449432    1.83470819    1.91460446    2.01574351    2.42387939    2.65893525    2.59199884    1.69479766    2.56906560    2.27270719    2.80303209    2.13457471    2.51910585    2.31333160    2.13668282    2.42346138    2.03180246    1.62895246    1.51381987    1.69545897    1.28686634    1.25163714    1.59748859    1.74211380    1.31187458    1.28234496    2.03815358    1.59204182    1.65742711    1.57542840    1.34148124    1.34369840    1.44116790    1.46260396    1.23719189    1.44895165    1.22136079    1.66251312    1.75243534    2.06946559    1.57723863    1.59838940    1.80860446    1.79210943    2.05212798    1.45769830    1.47283073    1.93221217    1.78492751    1.95801785    1.74582272    2.00391811
B0SN96_LEPBP/5-45     2.47874071    2.19889820    1.82930298    1.43371539    1.88236903    2.28626799    1.87145028    1.65036491    1.64458265    1.47310338    1.62154437    1.85264718    1.68773619    1.53904553    1.61902370    1.44081390    1.44267187    0.00000000    1.49063450    1.91417340    1.69159731    2.21205113    1.65948205    1.85419316    1.94630343    1.99665757    2.96653842    1.88239303    1.79956159    1.92980523    1.86120858    2.66126544    1.70068318    2.07975631    1.86790341    1.64604062    1.69596060    1.78367877    1.84297158    2.19245420    2.37060957    2.30908337    2.01664981    2.42387850    2.20638776    1.82747490    1.87001669    2.38527596    2.32188859    2.22975510    1.77649253    1.80739243    1.49314954    1.76172524    2.26788973    1.83234051    2.00239674    1.46288864    2.11788741    2.09696706    1.58432137    1.86877397    1.61469691    1.60245294    1.76374345    1.73246761    1.70073501    1.86558638    1.85369142    2.01662106    1.71934834    2.03170857    2.17906896    1.82375534    2.25400426    1.97123472    2.26082861    1.96431476    2.21120585    2.27121661    2.36929168
A1TIV2_ACIAC/177-214     1.51480989    1.84905375    1.33046887    1.69390564    1.62396682    1.41240772    1.23320649    1.46123820    1.58030938    1.81003724    1.67024189    1.26987264    1.56364795    1.28465616    1.46725488    1.40423432    1.51673057    1.49063450    0.00000000    1.40144222    1.35025521    1.35074908    1.17432790    1.05429729    1.19888764    1.30764727    2.14320063    1.42106711    1.53376756    1.53660898    2.74695495    1.71380653    1.74350153    2.42258110    1.91730359    1.47239083    1.48396362    1.79746664    1.42481776    2.37238720    3.00337794    2.91979503    1.72657500    1.57796957    1.30325679    1.52126401    1.28759539    1.67067345    1.48279986    1.30133017    1.51187316    1.66599683    1.76212944    1.33752527    1.18790595    1.41150966    1.83568751    1.76464936    1.58902394    1.55891582    1.40063913    1.52428745    1.35180364    0.96865790    1.62738525    1.56691049    1.46234308    1.68980464    1.63416847    1.41654358    1.53840336    1.51427559    1.76151820    1.77008163    2.00658162    1.92193495    2.06720338    1.62172132    1.38831181    1.95100901    1.67794745
A9GAI2_SORC5/6-49     1.62462686    1.33942333    1.11707945    1.49485584    1.53974087    1.66644236    1.17551308    1.22379383    1.45058405    1.92316597    1.59189889    1.32785193    1.08262458    0.95251206    1.30027516    1.13183722    1.80012004    1.91417340    1.40144222    0.00000000    1.40353659    1.27693736    1.27710004    1.30232254    1.85373029    1.35835435    1.32809079    1.29163500    0.97803037    1.34895380    1.77801281    1.34103439    1.59625168    2.23099816    1.93885666    1.51882328    2.01310756    2.32771230    2.14936688    2.55249316    2.55095689    1.97952873    1.78814766    1.46652915    1.55259779    1.69184239    1.17156187    1.38033220    1.78097556    1.66557473    1.09872636    1.52176290    1.57493320    1.23677425    1.15870948    1.40593764    1.55235882    1.14281639    1.11975648    1.18685891    1.36563762    1.38287561    1.71011867    1.48686091    1.32354790    1.15289933    1.08173260    1.05572507    1.30702680    0.85821312    0.78927873    1.46368994    1.20659659    1.27750066    1.25231932    1.41059104    2.12959124    1.75369780    1.54240502    1.32765347    1.54343002
Q87HH7_VIBPA/5-44     1.90705064    1.47247415    1.59110217    2.02883598    1.43965834    1.43407350    1.20109647    1.05985656    1.52077948    1.69979094    1.63321107    1.41256871    1.35997568    1.21907375    1.72315050    1.35805716    1.12203480    1.69159731    1.35025521    1.40353659    0.00000000    0.63537740    0.94240242    1.29813959    1.36089177    1.29444706    2.05732894    1.68251986    1.56273104    1.42511107    1.72831956    1.32677206    1.58937294    2.22907599    2.03954241    1.80324200    1.63077854    1.59943802    2.19174004    2.25021563    2.39668710    2.38786425    2.15653567    2.71104637    2.27358995    1.60778452    1.15779046    1.24653349    1.46403536    1.11150077    1.10347644    1.64348797    1.48218430    0.96637971    1.25942981    1.78589494    1.13198007    0.89791749    1.12951265    1.17083785    1.03546165    0.98342012    1.20459495    1.07211111    1.13544770    1.35601729    1.13507462    1.15295428    1.33715643    1.16258687    0.99611185    1.45624069    1.54877017    1.22682088    0.88834363    0.87307549    1.25383784    1.46895400    1.62366602    1.67475247    1.42864501
Q9KLY4_VIBCH/6-44     1.86190720    1.35318461    1.67211074    1.49744521    1.51493537    1.31782800    1.46596299    1.31140448    1.38708826    1.61736055    1.43492832    1.66209829    1.15802611    1.40462471    1.49463354    1.69365066    1.32293396    2.21205113    1.35074908    1.27693736    0.63537740    0.00000000    1.15364985    1.42744716    1.61647134    1.30316220    1.43686464    1.50867361    1.20452558    1.10764372    1.24026149    1.34995788    1.67950960    2.09105038    1.96548182    1.54544254    1.30617056    1.67676283    1.93945891    1.71350229    1.75403590    1.69130420    1.28867993    1.89241341    1.34061591    1.05800494    1.10624355    1.33149090    1.29356891    1.09030769    1.20450678    1.56597725    1.67565652    1.04875725    1.02969589    1.25048548    1.08110492    1.15249297    1.04871178    1.15501619    1.12162735    1.07014356    1.21612209    1.03980105    1.25067536    0.98799143    1.15423400    1.22680766    0.98430548    1.15566822    1.19911793    1.46365105    1.13747999    1.07564355    1.06845322    1.05581311    1.09840027    1.24949112    1.37383854    1.47728654    1.50066506
H2FYA1_OCESG/5-43     1.04962318    1.28936541    1.11709918    1.23384275    1.26294890    1.20387787    1.07326817    1.04304955    1.22822721    1.37728928    1.28970094    1.37181180    1.22947958    1.20324978    1.51199614    1.61899108    1.10793577    1.65948205    1.17432790    1.27710004    0.94240242    1.15364985    0.00000000    0.95350825    1.03504211    1.09236799    1.10494580    1.10966812    1.38623738    1.21541639    1.37385966    1.24285317    1.37726538    1.52180229    1.65184946    1.60957843    1.47602408    1.30905361    1.16320094    1.27237022    1.46298147    1.43010167    1.24739969    1.59943186    1.58585302    1.46138675    0.75585311    0.59410599    0.79473982    0.66003124    0.73481803    1.08598191    1.10846490    0.75933933    1.06786825    0.92675211    0.87965787    0.79582716    1.15074602    0.89678172    0.63997517    1.05647243    0.93443842    0.79479904    0.98539533    1.13386499    1.05115596    1.05962267    1.20259944    0.80708996    0.93211389    1.20419802    1.23958489    1.06277347    0.67648779    0.82579377    0.96196724    0.77056839    1.17066762    0.80988296    1.03709464
Q2INA5_ANADE/4-43     1.80479033    1.55394663    1.32678996    1.56765275    1.09447471    1.65069612    1.48309045    1.63417996    1.32729018    1.65622990    1.54573919    1.27170481    1.24583986    1.52959155    1.56632718    1.50047632    1.33721589    1.85419316    1.05429729    1.30232254    1.29813959    1.42744716    0.95350825    0.00000000    0.73306172    0.45290885    0.78182233    0.94758416    0.92671152    0.95574284    1.36962296    1.06059312    1.09344639    1.36433375    1.30606061    1.65654687    0.97617025    1.38383345    1.07755231    1.34929361    1.55884634    1.68721283    1.50532280    1.74827090    1.38673514    1.23473691    0.92869977    1.35473030    1.54162477    1.98456551    1.25010032    1.75334910    1.38292902    1.31128051    1.58184328    1.40715310    2.21355150    1.78019228    1.44509048    1.50037076    1.42639654    1.32367652    1.69569883    1.35563521    1.38049629    1.46754549    1.41253934    1.43873120    1.30121663    1.14138540    1.05064152    1.62855930    1.16200511    1.54388119    1.18838408    1.46592645    1.85859877    1.31622770    1.00217522    0.93153296    1.08865958
E3FU82_STIAD/11-52     1.64375794    1.73483883    1.51983141    2.07207019    1.46747398    1.96012970    2.21908834    1.82742619    2.00787366    2.14530935    1.81543330    1.48103938    1.78172889    1.68295842    2.04139470    2.29355495    1.73030147    1.94630343    1.19888764    1.85373029    1.36089177    1.61647134    1.03504211    0.73306172    0.00000000    0.74076806    1.46802430    1.02847054    1.23592252    1.24718558    1.85253599    1.49904832    1.58717692    1.57290316    1.42488659    1.52215003    1.48768754    0.99925869    1.37862350    1.31857681    1.52420762    1.62527427    1.78078102    1.86533753    1.35940578    1.30673220    1.41038379    1.25775264    1.78860002    2.22174301    1.24757719    1.64919467    1.46268935    1.31414106    1.40879699    1.66296617    1.86076669    1.67539025    1.69956153    1.36762129    1.58990636    1.56282543    1.59358523    1.60561421    1.65996427    1.60622082    1.71875953    1.46449218    1.73270054    1.75451396    1.58340757    1.69564002    1.63268827    2.01064872    1.48073559    1.62902470    1.22589873    1.15223652    1.54035190    1.45657826    1.70386209
A7HAZ2_ANADF/5-43     1.49587733    1.44899499    1.29127788    1.60012215    1.37522924    1.39339310    1.37816406    1.27752770    1.67209056    1.79737765    1.56292336    1.45729926    1.23490792    1.31430514    1.27366258    1.77986897    1.42679038    1.99665757    1.30764727    1.35835435    1.29444706    1.30316220    1.09236799    0.45290885    0.74076806    0.00000000    0.78612541    0.95877944    1.12779570    0.99662194    1.41472632    1.04247053    1.50285815    1.19038149    1.43641367    1.61321474    1.50942749    1.63205300    1.80977911    1.94831397    1.95931097    1.37028274    1.55594862    1.54738394    1.45055721    1.32020583    1.22447120    1.29127402    1.62845654    1.94665541    1.22311301    1.87763836    1.44924288    1.24131184    1.61263724    1.70662119    1.97572509    1.61567329    1.34166533    1.55166196    1.74356546    1.42909914    1.96253886    1.76231147    1.83492062    1.67376532    1.78141730    1.22421504    1.74530209    1.46072428    1.54491770    1.80254627    1.35698142    1.49777075    1.25088272    1.40357479    1.66737777    1.42616652    1.35829734    1.26204415    1.33923892
H8MKM8_CORCM/5-46     1.61189938    1.49890851    1.74917393    1.94620030    1.40791901    1.63525941    1.20025463    1.27170334    1.29173354    1.54432328    1.38051560    1.50890706    1.35316810    1.46734235    1.12675488    1.67581722    1.63175370    2.96653842    2.14320063    1.32809079    2.05732894    1.43686464    1.10494580    0.78182233    1.46802430    0.78612541    0.00000000    1.00659990    1.29903684    0.92312594    1.50643052    1.56083686    1.28479908    1.75875329    2.52383530    2.13542416    1.70177633    2.56393963    2.03744442    1.32088477    1.30463060    1.25034655    1.62967140    1.85846193    1.39000973    1.36224352    1.22623275    0.95518715    1.30876289    1.59530750    1.06609215    1.65111978    1.45576150    1.20610710    1.53305759    1.69245878    1.77590328    1.53991997    1.20741653    1.59754969    1.81051615    1.50655579    1.79955642    1.95526030    1.21621183    1.11999300    1.33090915    1.16465262    1.60150384    1.18161972    1.06184900    1.32236601    1.04266243    1.58599702    1.24044488    1.47023036    1.66300741    1.32431559    1.47810801    1.26494165    1.60768572
H8MK19_CORCM/6-45     1.61085541    1.35053202    1.19534226    1.63324886    1.10001258    1.26537778    1.23857953    1.15910567    1.21675000    1.37344206    1.26354130    1.35810342    1.24231309    1.11131288    1.05936118    1.50676982    1.20001887    1.88239303    1.42106711    1.29163500    1.68251986    1.50867361    1.10966812    0.94758416    1.02847054    0.95877944    1.00659990    0.00000000    1.12704105    0.95470547    1.34259717    1.68248382    1.36565728    1.79701055    1.69238156    1.49381235    1.38783667    1.76216828    2.09852528    1.39757193    1.54852704    1.10886736    1.42951918    1.72252949    1.70011295    1.66155105    1.35655514    1.07779816    1.41090250    1.32828285    0.98002717    1.27262523    1.31057812    1.12727016    1.51008103    1.67602270    1.65388037    1.64391022    1.97622511    1.78098892    1.61270538    1.65400657    1.43300121    1.46741245    1.44884498    1.31050800    1.30111540    1.44214573    1.84453422    1.33106804    1.21616017    1.30447791    1.15074182    1.63678261    1.36895852    1.50599203    1.63379147    1.27963460    1.35227710    1.19191464    1.41550104
B3PF63_CELJU/59-96     2.27421282    1.87762582    1.88743816    1.71329702    1.60087428    1.80606124    1.81903542    1.65833896    1.45870264    2.05145836    1.94069357    1.50450724    1.59511059    1.29860827    1.15545996    1.76751255    1.73701022    1.79956159    1.53376756    0.97803037    1.56273104    1.20452558    1.38623738    0.92671152    1.23592252    1.12779570    1.29903684    1.12704105    0.00000000    1.27205097    1.28990116    1.19332226    1.45658777    2.02424871    1.34417064    1.38805022    1.48646627    1.51867001    2.06491396    1.73335467    1.86205340    1.95918994    1.44683888    2.03894990    1.50567343    1.26866344    1.17311533    1.11126090    1.44128524    1.75650883    1.21267662    1.45589048    1.43533454    1.00426615    1.52875812    1.59313127    1.65923722    1.95330692    1.61616885    1.55096012    1.83973054    1.24959665    1.45599722    1.13512074    1.60947332    1.22273099    1.38603712    1.64443986    1.49132936    1.40631651    1.32008478    1.86477813    1.58797747    1.96687429    1.60965757    1.62360624    1.35567012    1.03664406    1.22740490    1.19786525    1.44012077
Q6MQZ8_BDEBA/9-45     1.47631466    1.55984064    1.45584055    1.48106976    1.12565767    1.72156970    1.33443903    1.43076897    1.27977036    1.55531002    1.53833678    1.50924302    1.33063801    1.27061288    1.34691743    1.52722566    1.92449432    1.92980523    1.53660898    1.34895380    1.42511107    1.10764372    1.21541639    0.95574284    1.24718558    0.99662194    0.92312594    0.95470547    1.27205097    0.00000000    1.32801653    1.12138726    1.30404418    1.75519642    1.53722147    1.09079193    1.06206272    1.12387209    1.00610924    1.36177270    1.60756517    1.65724145    1.33138225    2.14754167    1.65368907    1.48443414    0.94373842    1.07087859    0.86549122    1.59647464    1.01210775    1.53845484    1.39720589    1.16808394    1.27252393    1.19704562    1.46187996    1.71030486    1.59727915    1.26115580    1.48723944    1.43115851    1.46949123    1.62607020    1.36435978    1.34446886    1.31117186    1.20322664    1.06523379    1.22454925    1.16889535    1.54788219    1.30858921    1.35179795    1.13919248    1.36115557    1.26739514    1.02336947    1.18940605    1.09348852    1.16398633
M5DSB1_9GAMM/5-43     2.20875462    1.99451978    2.44856042    2.57053688    2.58787534    2.14892939    2.13161014    2.16424255    2.38888268    2.87050272    2.42557126    2.14857207    2.03968438    2.51423081    2.21759171    2.43526486    1.83470819    1.86120858    2.74695495    1.77801281    1.72831956    1.24026149    1.37385966    1.36962296    1.85253599    1.41472632    1.50643052    1.34259717    1.28990116    1.32801653    0.00000000    1.21980922    1.56194680    1.61147871    1.41464922    1.55075206    1.50794444    1.44074565    1.63790304    1.78257256    1.71121755    1.77809318    1.46463667    1.85767296    2.05894645    1.59977207    1.53206247    2.00649084    2.06353685    1.97788346    1.67287955    1.36138617    1.26737538    1.47263896    1.84186236    1.59498589    1.59009655    1.52793417    1.82321339    1.67063186    1.73579089    1.77750988    1.85655978    1.34686292    2.14290575    1.66324083    1.78389718    1.61651302    1.72804780    1.83030362    1.84229659    1.87918465    1.40431900    2.12723459    1.67597612    1.70309228    1.96835927    1.84997079    1.32182118    1.65109528    1.85857700
I3TL25_TISMK/18-58     2.06477804    2.15943472    1.97666617    1.81703303    1.69674427    2.36884598    2.07024179    2.06587920    2.39714279    2.53544670    2.30762650    2.03048237    1.45276008    1.66592899    2.21303066    1.87043547    1.91460446    2.66126544    1.71380653    1.34103439    1.32677206    1.34995788    1.24285317    1.06059312    1.49904832    1.04247053    1.56083686    1.68248382    1.19332226    1.12138726    1.21980922    0.00000000    1.30168566    1.07013504    1.12354779    1.32972858    1.18610250    1.04744732    1.02834817    1.38905902    1.30175807    1.19879551    1.26818544    1.39647187    1.40209004    1.24871558    1.25711748    1.66637884    1.63736736    1.58247501    1.36692025    1.38519624    1.31282374    1.36390316    1.63242715    1.59983887    1.73965217    1.42049177    1.21865982    1.61903877    1.67808470    1.25936138    1.97236795    1.53129252    1.93289313    1.80480255    1.75141183    1.16602410    1.12527979    1.14788508    1.24484128    1.58591039    1.28299533    1.47266230    0.98141353    1.28113033    1.27366242    1.34063920    1.12167339    1.05931404    1.09184994
Q11G81_CHESB/7-47     2.35406988    2.28089621    1.92824688    1.49652673    1.91185579    2.42428424    1.75119105    1.82769937    1.90021475    2.34143832    1.84463401    1.75586309    1.87901651    2.20861693    2.21545015    1.87089137    2.01574351    1.70068318    1.74350153    1.59625168    1.58937294    1.67950960    1.37726538    1.09344639    1.58717692    1.50285815    1.28479908    1.36565728    1.45658777    1.30404418    1.56194680    1.30168566    0.00000000    1.14323484    0.80306209    1.11410562    0.90230176    0.85393123    1.07847915    1.14823569    1.01424978    0.97595740    1.37918231    1.52973038    1.39387852    1.22028969    1.09720042    1.21409556    1.29891485    1.60524901    1.20449266    1.69583090    1.44431300    1.07824452    1.51576835    1.46043680    1.50914479    1.26382723    1.50988625    1.62512302    1.39552820    1.67160109    1.60840649    1.39487501    1.90216983    1.74212847    1.82381646    1.70422334    1.62820094    1.85530639    1.52488357    1.69893122    1.68320277    1.46701180    1.81274867    1.53388699    1.92637530    1.43143497    1.74497999    1.54400965    1.56463090
Q2RVV2_RHORT/12-52     2.08246589    2.92034582    2.22932410    1.88990883    2.25808515    3.88771723    3.01152164    3.33029156    3.63421170    2.03601722    2.23624858    2.38917566    2.18064352    2.57264440    3.24285164    2.57118523    2.42387939    2.07975631    2.42258110    2.23099816    2.22907599    2.09105038    1.52180229    1.36433375    1.57290316    1.19038149    1.75875329    1.79701055    2.02424871    1.75519642    1.61147871    1.07013504    1.14323484    0.00000000    0.74961762    1.08174278    1.02050842    0.81426286    1.20827076    1.12280312    1.08726745    0.79644449    1.43948838    1.77133309    1.44334621    1.54743819    1.48194356    2.14712911    1.99353241    2.52368635    1.89495135    2.24138144    1.81352828    1.92277127    2.26828642    2.01829370    2.29683060    1.85834145    1.80933998    2.05162714    2.00358722    2.05205503    3.01462478    2.77841673    2.26563956    2.16317304    1.99331331    1.68503351    1.71718218    1.68062289    1.96157953    1.55500374    1.77816933    1.56310208    1.55704737    1.75695680    1.84355692    1.85972238    1.58148849    1.85854117    1.58886954
