10
I3JJ02_ORENI/1-249     0.00000000    0.94024834    2.54373335    0.98162938    1.15553550    1.15125148    1.25195143    1.21863757    1.27093447    1.37090724
E7F5B9_DANRE/1-247     0.94024834    0.00000000    2.05175715    1.07262930    1.16768352    1.08874060    1.17163337    1.16696595    1.13226430    1.25838622
A7RRK3_NEMVE/1-260     2.54373335    2.05175715    0.00000000    2.08767178    2.29313883    2.31282999    2.37755707    2.40944452    2.35723546    2.91147108
MTBP_XENTR/1-250     0.98162938    1.07262930    2.08767178    0.00000000    0.85272685    0.73412187    0.87813165    0.87547783    0.76457979    1.46427217
H9GT11_ANOCA/50-305     1.15553550    1.16768352    2.29313883    0.85272685    0.00000000    0.62606739    0.74859499    0.69690412    0.66659481    1.45048701
F7CC12_MONDO/1-271     1.15125148    1.08874060    2.31282999    0.73412187    0.62606739    0.00000000    0.51849795    0.52856981    0.38941178    1.59033843
D4AB60_RAT/1-270     1.25195143    1.17163337    2.37755707    0.87813165    0.74859499    0.51849795    0.00000000    0.36506239    0.27356606    1.69748307
M3XPT8_MUSPF/1-272     1.21863757    1.16696595    2.40944452    0.87547783    0.69690412    0.52856981    0.36506239    0.00000000    0.25973967    1.77063410
F7H9E9_MACMU/1-270     1.27093447    1.13226430    2.35723546    0.76457979    0.66659481    0.38941178    0.27356606    0.25973967    0.00000000    1.69803310
W5MS83_LEPOC/1-251     1.37090724    1.25838622    2.91147108    1.46427217    1.45048701    1.59033843    1.69748307    1.77063410    1.69803310    0.00000000

