40
W8F2K0_9BACT/35-580     0.00000000    0.49280463    0.51088233    0.52948597    0.50613033    1.36196971    1.58986622    2.14326193    1.79314956    1.90696081    2.19581858    2.34125526    1.97016371    2.23302853    1.30193836    1.28958617    1.27177752    1.40258758    1.38305029    1.44366718    1.57861275    1.60095619    1.51472594    1.49764027    1.43477404    1.36289572    1.46893761    1.44064993    1.13226570    1.14652246    1.16098348    1.26996251    1.26597400    1.25944158    1.21475696    1.19560499    1.26992943    1.18496380    1.64018142    1.85569069
F2IET0_FLUTR/20-559     0.49280463    0.00000000    0.44629501    0.45864021    0.37639879    1.38538393    1.59299621    2.38751327    1.84115348    1.92312542    2.12346733    2.28393206    1.86179867    2.33603852    1.23046120    1.21629393    1.30806211    1.38381287    1.47590894    1.49940979    1.59474130    1.66736309    1.63886856    1.53636476    1.44114989    1.37915360    1.46551571    1.50084622    1.07257609    1.12783409    1.10770467    1.19512295    1.23225325    1.18170826    1.15053409    1.19734496    1.20458837    1.22525879    1.50515034    1.78861091
F4KSD3_HALH1/21-562     0.51088233    0.44629501    0.00000000    0.30157749    0.37190310    1.47047891    1.68016140    2.37724864    1.89850222    2.00809596    2.18103581    2.49741654    2.01072768    2.19095409    1.32675712    1.24210423    1.29869476    1.36640075    1.48061253    1.54758479    1.63649207    1.66995274    1.67157038    1.64805549    1.57237312    1.36752411    1.57494331    1.55044421    1.15815037    1.22878683    1.18579989    1.25939189    1.21464804    1.23869990    1.23052130    1.24277834    1.29905578    1.22630171    1.59868768    1.90438419
F4KSD2_HALH1/69-606     0.52948597    0.45864021    0.30157749    0.00000000    0.44986852    1.51864356    1.66957667    2.51073505    1.85407386    1.96238585    2.08752220    2.38766139    1.94665252    2.18573629    1.30383758    1.16679651    1.27837255    1.37283591    1.54258157    1.62775463    1.67681707    1.68871588    1.65713441    1.67721954    1.47597004    1.39158322    1.44796105    1.52255536    1.14234123    1.13493872    1.08646403    1.25696168    1.25674982    1.24968950    1.17874776    1.20385210    1.27828847    1.22293571    1.56558521    1.93027560
F2IET1_FLUTR/21-567     0.50613033    0.37639879    0.37190310    0.44986852    0.00000000    1.33755477    1.58520375    2.40637385    1.85230967    1.92568504    2.23383268    2.35696985    2.06213278    2.32233601    1.25280451    1.28718155    1.31961195    1.43935602    1.37276870    1.49492055    1.56053619    1.59912436    1.57969417    1.50702180    1.41330522    1.37623515    1.44196802    1.39146483    1.09593395    1.09814699    1.18528673    1.27116956    1.25021619    1.23335404    1.22056470    1.14124812    1.26238782    1.18557448    1.65631511    1.85605989
A9ET61_SORC5/33-465     1.36196971    1.38538393    1.47047891    1.51864356    1.33755477    0.00000000    1.55930727    2.22709943    1.77050031    1.78575453    2.02539825    1.95390426    1.91937945    1.93858546    1.33575721    1.29946250    1.29657147    1.32416146    1.48066404    1.45921673    1.42118833    1.44098253    1.43442764    1.36161722    1.51938606    1.56868725    1.49434006    1.37497984    1.27449290    1.32810754    1.34636583    1.40268794    1.35988425    1.22386682    1.32479029    1.34912219    1.34167220    1.39690332    1.72319389    1.77389991
Q01WG1_SOLUE/18-452     1.58986622    1.59299621    1.68016140    1.66957667    1.58520375    1.55930727    0.00000000    2.37845662    2.06087588    2.14052964    2.30336353    1.99077073    1.96181624    1.98298359    1.34714999    1.59954850    1.52215159    1.61409408    1.61351612    1.81885751    1.72883132    1.70322795    1.82078354    1.79625632    1.51150433    1.64055169    1.64621654    1.55242734    1.43105977    1.36347578    1.34395836    1.47107023    1.55253438    1.49008777    1.40345346    1.47564722    1.62474153    1.59871548    1.86088436    2.13819597
A9G1N8_SORC5/24-384     2.14326193    2.38751327    2.37724864    2.51073505    2.40637385    2.22709943    2.37845662    0.00000000    2.50781904    2.68836957    2.35445674    2.51664491    2.32098911    2.40112135    2.26594780    2.30093896    2.35038351    2.35137469    2.43280572    2.47204262    2.55082443    2.46238219    2.31574821    2.48725847    2.44971382    2.63686300    2.60034872    2.47834024    2.31644289    2.24503245    2.15036048    2.25740872    2.17665340    2.33341375    2.35881314    2.23599007    2.25659875    2.37422471    2.69106969    2.46578173
K9WQZ2_9NOST/43-396     1.79314956    1.84115348    1.89850222    1.85407386    1.85230967    1.77050031    2.06087588    2.50781904    0.00000000    0.23794507    1.52440954    1.71851082    1.50479685    1.60039296    1.69868656    1.70286642    1.66733073    1.65840567    1.72263588    1.84903651    1.85189143    1.89143073    1.85506580    1.82179705    1.70637468    1.74583613    1.71669630    1.64250197    1.75583961    1.71931580    1.68235522    1.85340849    1.85688953    1.79132911    1.69862198    1.71296978    1.77344333    1.80555821    1.97356201    2.28842551
B2JAZ8_NOSP7/69-423     1.90696081    1.92312542    2.00809596    1.96238585    1.92568504    1.78575453    2.14052964    2.68836957    0.23794507    0.00000000    1.49270634    1.70338655    1.47119246    1.56776073    1.76068947    1.69858318    1.73762571    1.67355798    1.71099654    1.82563120    1.85067185    1.86963842    1.87909523    1.77660997    1.64203054    1.69519952    1.60091598    1.64374095    1.84796255    1.76293405    1.67313739    1.90212161    1.86103731    1.81867543    1.75351868    1.87447451    1.85509453    1.95220445    1.98106889    2.29383720
B8HRN7_CYAP4/37-407     2.19581858    2.12346733    2.18103581    2.08752220    2.23383268    2.02539825    2.30336353    2.35445674    1.52440954    1.49270634    0.00000000    0.67295960    0.59178520    0.67580742    2.11704235    1.92355309    2.02895515    1.86586262    2.03072377    2.16455863    2.08087482    2.12922282    2.13550569    2.04218490    2.00593268    2.05910486    1.80592144    1.87655152    1.92714561    1.92077877    1.75408410    2.10815162    1.91118493    1.90371356    1.98396898    1.92239421    1.80513920    1.86779055    1.90817849    2.35555435
K9W4K9_9CYAN/63-512     2.34125526    2.28393206    2.49741654    2.38766139    2.35696985    1.95390426    1.99077073    2.51664491    1.71851082    1.70338655    0.67295960    0.00000000    0.49835191    0.64399270    1.98523727    2.04315488    2.09187619    1.86381502    1.97955110    2.09707553    2.09613485    2.11714588    2.13370985    1.97994638    1.88439966    2.02665444    1.96470867    2.02944240    1.86746363    2.00618764    1.85395949    2.09860585    1.91544512    1.88828656    1.98883161    1.98768701    2.04782615    1.99108649    1.93964329    2.29711134
B0C6N1_ACAM1/43-415     1.97016371    1.86179867    2.01072768    1.94665252    2.06213278    1.91937945    1.96181624    2.32098911    1.50479685    1.47119246    0.59178520    0.49835191    0.00000000    0.55600368    1.85405866    1.79817989    1.79209241    1.76141043    1.82522383    1.99393931    1.93190141    1.90245665    2.00158887    1.82742870    1.71959849    1.76091297    1.77842884    1.79501344    1.73324265    1.79649807    1.62602836    1.93437441    1.79372985    1.73736366    1.87686783    1.89292362    1.76085330    1.79132742    1.69117786    2.13296527
D7BB15_MEISD/26-404     2.23302853    2.33603852    2.19095409    2.18573629    2.32233601    1.93858546    1.98298359    2.40112135    1.60039296    1.56776073    0.67580742    0.64399270    0.55600368    0.00000000    1.94527014    2.12498818    2.01816320    2.06226082    2.28587681    2.27803402    2.27267049    2.17862820    2.21287355    2.20078488    2.24211503    2.18415685    2.07875609    2.02622403    1.84910955    1.97543364    1.71718087    1.93727724    1.85444600    1.85918965    1.94892645    2.00827618    1.89606365    1.89171091    2.00444657    2.24444743
W5W4X0_9PSEU/2-456     1.30193836    1.23046120    1.32675712    1.30383758    1.25280451    1.33575721    1.34714999    2.26594780    1.69868656    1.76068947    2.11704235    1.98523727    1.85405866    1.94527014    0.00000000    0.48828800    0.51398485    1.25266242    1.26223630    1.36884409    1.31354737    1.35429407    1.38957018    1.36851008    1.29044821    1.27871398    1.33703275    1.24388490    1.07537345    0.93648733    1.09191026    1.05324910    1.08181542    1.04639993    1.10743984    1.14794871    1.20917644    1.15305492    1.23570050    1.58511057
F4F5I3_MICM1/2-453     1.28958617    1.21629393    1.24210423    1.16679651    1.28718155    1.29946250    1.59954850    2.30093896    1.70286642    1.69858318    1.92355309    2.04315488    1.79817989    2.12498818    0.48828800    0.00000000    0.38650296    1.32216454    1.37628843    1.56594226    1.40859757    1.47933999    1.43839698    1.47131363    1.31625445    1.37557494    1.35242154    1.34526543    1.09069550    1.00287720    1.06364232    1.10325303    1.06467674    1.04353703    1.08738288    1.14738965    1.13265957    1.13061506    1.20056945    1.69976413
R4LQQ0_9ACTN/2-456     1.27177752    1.30806211    1.29869476    1.27837255    1.31961195    1.29657147    1.52215159    2.35038351    1.66733073    1.73762571    2.02895515    2.09187619    1.79209241    2.01816320    0.51398485    0.38650296    0.00000000    1.36340229    1.45986373    1.41824729    1.44055028    1.43846013    1.44351952    1.39351290    1.41722560    1.37604658    1.44956133    1.37374217    1.17545115    1.02178272    1.09919477    1.09538163    1.07432247    1.05724326    1.11805103    1.13766488    1.18525284    1.19111038    1.29812205    1.60752536
F5Y3N3_RAMTT/24-488     1.40258758    1.38381287    1.36640075    1.37283591    1.43935602    1.32416146    1.61409408    2.35137469    1.65840567    1.67355798    1.86586262    1.86381502    1.76141043    2.06226082    1.25266242    1.32216454    1.36340229    0.00000000    0.67222682    0.72486452    0.79294197    0.79597546    0.82926132    0.77250284    0.68549938    0.74671303    0.65676699    0.60841068    1.08053970    1.12202469    1.06430014    1.08700784    1.01703253    0.96588515    1.20674542    1.18702036    1.38999939    1.27227969    1.48969608    1.62330378
H8N1W2_CORCM/24-497     1.38305029    1.47590894    1.48061253    1.54258157    1.37276870    1.48066404    1.61351612    2.43280572    1.72263588    1.71099654    2.03072377    1.97955110    1.82522383    2.28587681    1.26223630    1.37628843    1.45986373    0.67222682    0.00000000    0.70492221    0.73918768    0.77296385    0.77004717    0.73294643    0.57688013    0.64343115    0.62569065    0.65043610    1.09337232    1.15406679    1.08721696    1.07336481    1.16687546    1.12068345    1.24154360    1.25918839    1.37074921    1.27362976    1.55349636    1.67292411
M5E8P4_9GAMM/26-502     1.44366718    1.49940979    1.54758479    1.62775463    1.49492055    1.45921673    1.81885751    2.47204262    1.84903651    1.82563120    2.16455863    2.09707553    1.99393931    2.27803402    1.36884409    1.56594226    1.41824729    0.72486452    0.70492221    0.00000000    0.45425919    0.47141187    0.47680470    0.44893305    0.72272804    0.67444468    0.72809121    0.74240508    1.27079522    1.27113371    1.21939784    1.16475222    1.24546853    1.20228975    1.29666083    1.38039173    1.50369106    1.45154755    1.69777647    1.85921085
Q085B6_SHEFN/25-523     1.57861275    1.59474130    1.63649207    1.67681707    1.56053619    1.42118833    1.72883132    2.55082443    1.85189143    1.85067185    2.08087482    2.09613485    1.93190141    2.27267049    1.31354737    1.40859757    1.44055028    0.79294197    0.73918768    0.45425919    0.00000000    0.25303614    0.29593266    0.28632531    0.64479064    0.70249423    0.77509168    0.76119032    1.25739240    1.24071932    1.16297735    1.15078484    1.24211767    1.17782054    1.39851601    1.34294867    1.53368120    1.36582845    1.66996819    2.02496323
K6YYD8_9ALTE/25-525     1.60095619    1.66736309    1.66995274    1.68871588    1.59912436    1.44098253    1.70322795    2.46238219    1.89143073    1.86963842    2.12922282    2.11714588    1.90245665    2.17862820    1.35429407    1.47933999    1.43846013    0.79597546    0.77296385    0.47141187    0.25303614    0.00000000    0.28639966    0.26389257    0.71728508    0.73939273    0.78673851    0.76594297    1.28717510    1.26831088    1.19446392    1.26200519    1.27256424    1.29143401    1.40443053    1.40610130    1.56639043    1.43540194    1.71143804    1.92810909
Q3IBY4_PSET1/25-525     1.51472594    1.63886856    1.67157038    1.65713441    1.57969417    1.43442764    1.82078354    2.31574821    1.85506580    1.87909523    2.13550569    2.13370985    2.00158887    2.21287355    1.38957018    1.43839698    1.44351952    0.82926132    0.77004717    0.47680470    0.29593266    0.28639966    0.00000000    0.28371092    0.65631194    0.72482079    0.79423828    0.75856139    1.21394521    1.18043411    1.09985856    1.12478451    1.15434979    1.14470107    1.33437486    1.33050120    1.46456885    1.45471300    1.70859988    1.93606112
G4QDQ0_GLANF/25-523     1.49764027    1.53636476    1.64805549    1.67721954    1.50702180    1.36161722    1.79625632    2.48725847    1.82179705    1.77660997    2.04218490    1.97994638    1.82742870    2.20078488    1.36851008    1.47131363    1.39351290    0.77250284    0.73294643    0.44893305    0.28632531    0.26389257    0.28371092    0.00000000    0.63943140    0.68667122    0.75809884    0.74196916    1.22857721    1.24921937    1.16770099    1.17148283    1.22377729    1.20865717    1.36721758    1.37970179    1.56113226    1.44984406    1.69960940    2.04525291
U5QDC1_9CYAN/32-457     1.43477404    1.44114989    1.57237312    1.47597004    1.41330522    1.51938606    1.51150433    2.44971382    1.70637468    1.64203054    2.00593268    1.88439966    1.71959849    2.24211503    1.29044821    1.31625445    1.41722560    0.68549938    0.57688013    0.72272804    0.64479064    0.71728508    0.65631194    0.63943140    0.00000000    0.37920933    0.66406056    0.64054028    1.09999307    1.02696718    1.04322060    1.11375435    1.15943175    1.09711801    1.22967881    1.24977556    1.34436119    1.28537398    1.37910022    1.66593013
Q7NCJ9_GLOVI/116-558     1.36289572    1.37915360    1.36752411    1.39158322    1.37623515    1.56868725    1.64055169    2.63686300    1.74583613    1.69519952    2.05910486    2.02665444    1.76091297    2.18415685    1.27871398    1.37557494    1.37604658    0.74671303    0.64343115    0.67444468    0.70249423    0.73939273    0.72482079    0.68667122    0.37920933    0.00000000    0.70621796    0.66656129    1.18626604    1.14953649    1.07430085    1.14966017    1.21265113    1.15220818    1.23019919    1.28511833    1.41996832    1.37130805    1.58231677    1.83827573
H5WTX2_9BURK/27-510     1.46893761    1.46551571    1.57494331    1.44796105    1.44196802    1.49434006    1.64621654    2.60034872    1.71669630    1.60091598    1.80592144    1.96470867    1.77842884    2.07875609    1.33703275    1.35242154    1.44956133    0.65676699    0.62569065    0.72809121    0.77509168    0.78673851    0.79423828    0.75809884    0.66406056    0.70621796    0.00000000    0.38647262    1.23619068    1.15688340    1.10878604    1.12162341    1.12118850    1.07884270    1.30266957    1.24565407    1.41440817    1.35034091    1.57399153    1.81995255
A2SFS0_METPP/32-529     1.44064993    1.50084622    1.55044421    1.52255536    1.39146483    1.37497984    1.55242734    2.47834024    1.64250197    1.64374095    1.87655152    2.02944240    1.79501344    2.02622403    1.24388490    1.34526543    1.37374217    0.60841068    0.65043610    0.74240508    0.76119032    0.76594297    0.75856139    0.74196916    0.64054028    0.66656129    0.38647262    0.00000000    1.14041795    1.15795683    1.05487846    1.07878724    1.16120078    1.09865319    1.18736416    1.19210039    1.36133581    1.25189267    1.45338944    1.76869135
U5WAG8_9ACTN/36-455     1.13226570    1.07257609    1.15815037    1.14234123    1.09593395    1.27449290    1.43105977    2.31644289    1.75583961    1.84796255    1.92714561    1.86746363    1.73324265    1.84910955    1.07537345    1.09069550    1.17545115    1.08053970    1.09337232    1.27079522    1.25739240    1.28717510    1.21394521    1.22857721    1.09999307    1.18626604    1.23619068    1.14041795    0.00000000    0.46801302    0.57657892    0.67713378    0.61100382    0.62011329    0.56475916    0.66678579    0.71274783    0.68239357    1.22256598    1.17227603
A8L122_FRASN/51-479     1.14652246    1.12783409    1.22878683    1.13493872    1.09814699    1.32810754    1.36347578    2.24503245    1.71931580    1.76293405    1.92077877    2.00618764    1.79649807    1.97543364    0.93648733    1.00287720    1.02178272    1.12202469    1.15406679    1.27113371    1.24071932    1.26831088    1.18043411    1.24921937    1.02696718    1.14953649    1.15688340    1.15795683    0.46801302    0.00000000    0.50590617    0.55918207    0.53337528    0.54645469    0.52766150    0.54996790    0.63447326    0.63602045    1.13851652    1.02367508
R7XZD6_9ACTN/18-415     1.16098348    1.10770467    1.18579989    1.08646403    1.18528673    1.34636583    1.34395836    2.15036048    1.68235522    1.67313739    1.75408410    1.85395949    1.62602836    1.71718087    1.09191026    1.06364232    1.09919477    1.06430014    1.08721696    1.21939784    1.16297735    1.19446392    1.09985856    1.16770099    1.04322060    1.07430085    1.10878604    1.05487846    0.57657892    0.50590617    0.00000000    0.56281817    0.57577138    0.58200990    0.56949615    0.62935644    0.65971823    0.65544836    1.06310745    1.13707313
D7BSH8_STRBB/38-437     1.26996251    1.19512295    1.25939189    1.25696168    1.27116956    1.40268794    1.47107023    2.25740872    1.85340849    1.90212161    2.10815162    2.09860585    1.93437441    1.93727724    1.05324910    1.10325303    1.09538163    1.08700784    1.07336481    1.16475222    1.15078484    1.26200519    1.12478451    1.17148283    1.11375435    1.14966017    1.12162341    1.07878724    0.67713378    0.55918207    0.56281817    0.00000000    0.39271191    0.38648954    0.69235683    0.74949638    0.82545729    0.83909781    1.25588461    1.16698025
C9Z1G8_STRSW/44-442     1.26597400    1.23225325    1.21464804    1.25674982    1.25021619    1.35988425    1.55253438    2.17665340    1.85688953    1.86103731    1.91118493    1.91544512    1.79372985    1.85444600    1.08181542    1.06467674    1.07432247    1.01703253    1.16687546    1.24546853    1.24211767    1.27256424    1.15434979    1.22377729    1.15943175    1.21265113    1.12118850    1.16120078    0.61100382    0.53337528    0.57577138    0.39271191    0.00000000    0.30088191    0.65499810    0.70369154    0.79477276    0.76178683    1.35835285    1.20450513
V6JPN4_STRRC/49-447     1.25944158    1.18170826    1.23869990    1.24968950    1.23335404    1.22386682    1.49008777    2.33341375    1.79132911    1.81867543    1.90371356    1.88828656    1.73736366    1.85918965    1.04639993    1.04353703    1.05724326    0.96588515    1.12068345    1.20228975    1.17782054    1.29143401    1.14470107    1.20865717    1.09711801    1.15220818    1.07884270    1.09865319    0.62011329    0.54645469    0.58200990    0.38648954    0.30088191    0.00000000    0.67192914    0.68940996    0.79891249    0.74574471    1.32766129    1.24851462
K0JXQ7_SACES/39-469     1.21475696    1.15053409    1.23052130    1.17874776    1.22056470    1.32479029    1.40345346    2.35881314    1.69862198    1.75351868    1.98396898    1.98883161    1.87686783    1.94892645    1.10743984    1.08738288    1.11805103    1.20674542    1.24154360    1.29666083    1.39851601    1.40443053    1.33437486    1.36721758    1.22967881    1.23019919    1.30266957    1.18736416    0.56475916    0.52766150    0.56949615    0.69235683    0.65499810    0.67192914    0.00000000    0.28972810    0.47355089    0.44807171    1.03348924    1.08508306
R4TFJ5_9PSEU/18-450     1.19560499    1.19734496    1.24277834    1.20385210    1.14124812    1.34912219    1.47564722    2.23599007    1.71296978    1.87447451    1.92239421    1.98768701    1.89292362    2.00827618    1.14794871    1.14738965    1.13766488    1.18702036    1.25918839    1.38039173    1.34294867    1.40610130    1.33050120    1.37970179    1.24977556    1.28511833    1.24565407    1.19210039    0.66678579    0.54996790    0.62935644    0.74949638    0.70369154    0.68940996    0.28972810    0.00000000    0.49143881    0.48736695    1.10117045    1.11970306
E4MZR8_KITSK/43-473     1.26992943    1.20458837    1.29905578    1.27828847    1.26238782    1.34167220    1.62474153    2.25659875    1.77344333    1.85509453    1.80513920    2.04782615    1.76085330    1.89606365    1.20917644    1.13265957    1.18525284    1.38999939    1.37074921    1.50369106    1.53368120    1.56639043    1.46456885    1.56113226    1.34436119    1.41996832    1.41440817    1.36133581    0.71274783    0.63447326    0.65971823    0.82545729    0.79477276    0.79891249    0.47355089    0.49143881    0.00000000    0.46256380    0.98393361    1.00605521
C7QEU2_CATAD/37-467     1.18496380    1.22525879    1.22630171    1.22293571    1.18557448    1.39690332    1.59871548    2.37422471    1.80555821    1.95220445    1.86779055    1.99108649    1.79132742    1.89171091    1.15305492    1.13061506    1.19111038    1.27227969    1.27362976    1.45154755    1.36582845    1.43540194    1.45471300    1.44984406    1.28537398    1.37130805    1.35034091    1.25189267    0.68239357    0.63602045    0.65544836    0.83909781    0.76178683    0.74574471    0.44807171    0.48736695    0.46256380    0.00000000    0.99563113    1.10184924
D2B579_STRRD/38-454     1.64018142    1.50515034    1.59868768    1.56558521    1.65631511    1.72319389    1.86088436    2.69106969    1.97356201    1.98106889    1.90817849    1.93964329    1.69117786    2.00444657    1.23570050    1.20056945    1.29812205    1.48969608    1.55349636    1.69777647    1.66996819    1.71143804    1.70859988    1.69960940    1.37910022    1.58231677    1.57399153    1.45338944    1.22256598    1.13851652    1.06310745    1.25588461    1.35835285    1.32766129    1.03348924    1.10117045    0.98393361    0.99563113    0.00000000    1.17442036
V6K9T0_STRNV/39-484     1.85569069    1.78861091    1.90438419    1.93027560    1.85605989    1.77389991    2.13819597    2.46578173    2.28842551    2.29383720    2.35555435    2.29711134    2.13296527    2.24444743    1.58511057    1.69976413    1.60752536    1.62330378    1.67292411    1.85921085    2.02496323    1.92810909    1.93606112    2.04525291    1.66593013    1.83827573    1.81995255    1.76869135    1.17227603    1.02367508    1.13707313    1.16698025    1.20450513    1.24851462    1.08508306    1.11970306    1.00605521    1.10184924    1.17442036    0.00000000

