8
R5UXC8_9BACT/254-443     0.00000000    1.42338138    1.54513490    2.11504559    2.57871462    2.38679162    2.77480525    2.45326369
F9ZBC9_ODOSD/106-282     1.42338138    0.00000000    1.34560548    2.32906707    2.41271360    2.29187331    2.74228204    2.79349253
S5ZUH3_9SPIO/8-182     1.54513490    1.34560548    0.00000000    2.18247102    2.40251726    2.39809903    2.85575799    2.36119542
F9ZBC9_ODOSD/310-483     2.11504559    2.32906707    2.18247102    0.00000000    2.15545833    2.17358481    2.39607395    2.26718837
G8M2X9_HUNCD/11-202     2.57871462    2.41271360    2.40251726    2.15545833    0.00000000    0.77196143    1.88152463    1.87259762
G8LSF8_HUNCD/15-201     2.38679162    2.29187331    2.39809903    2.17358481    0.77196143    0.00000000    1.94790113    1.86187943
A5FY10_ACICJ/18-204     2.77480525    2.74228204    2.85575799    2.39607395    1.88152463    1.94790113    0.00000000    1.56396947
H8MQE1_CORCM/15-197     2.45326369    2.79349253    2.36119542    2.26718837    1.87259762    1.86187943    1.56396947    0.00000000

