48
B0BZW8_ACAM1/1274-1406     0.00000000    3.33176947    3.23714246    2.28032632    2.45161318    3.01402129    3.00614650    2.56544950    2.34892678    2.53840059    2.08205606    2.47534220    2.02610304    1.94575609    1.92792511    2.72190993    3.00840480    2.18345490    2.54816818    2.72761102    2.95999085    3.66226286    3.17809247    3.00941351    3.41327289    3.02657768    3.32920560    3.60187877    3.45619464    3.28855978    2.77368182    3.12002852    2.60265642    3.14610504    3.35795306    3.43905557    3.64013201    2.87486759    3.31490837    3.21132125    3.42642223    3.33558519    2.99301394    2.68994420    3.23992054    2.81696044    3.52246037    5.02170949
D2QY13_PIRSD/9-171     3.33176947    0.00000000    1.20044485    2.56202858    3.25195242    3.53334500    3.56173070    3.21246435    2.92351179    2.93589318    3.24053423    3.01055584    3.23504186    3.32403898    3.18032297    3.44686152    3.90552489    3.05918249    2.87711908    2.53108918    3.42719294    3.74346478    3.65729868    3.77139618    3.55328426    3.50721916    3.48063990    4.01640880    3.72806804    3.28601478    3.47846893    3.76122848    3.87768979    3.90483733    3.78392763    4.02568724    3.61220661    4.19036476    3.26382430    2.94655189    4.01152493    4.02549362    4.13886968    3.18348177    4.17609289    3.26084558    3.45950433    3.94226161
Q3IVS4_RHOS4/8-154     3.23714246    1.20044485    0.00000000    2.43673068    3.04047031    3.24972748    3.11622283    2.77035338    2.67547378    3.02331820    3.02458434    2.80154016    3.04610565    3.19650185    2.84644410    2.76543428    3.06475922    2.81789421    2.91131886    2.76914558    3.03752180    3.25020054    3.22008804    3.39361782    2.93555100    3.23143522    3.12629121    4.21184852    3.44771427    3.21777547    3.16573760    3.40128731    3.66102736    3.29375086    3.76874397    4.05108864    4.22969750    3.12763680    3.82517783    3.44310075    3.59831789    3.87031302    3.87623932    3.81818369    4.84792333    3.27019926    3.53662771    4.40426418
W0JD21_9BACT/12-146     2.28032632    2.56202858    2.43673068    0.00000000    1.62641514    1.90576357    1.94033734    1.29549998    1.41471013    1.94535923    1.94873391    1.93302531    1.59748132    2.32431841    1.75430087    2.24481505    2.42947744    2.07445862    1.88145559    1.82963088    2.32340231    2.66841646    2.87718623    2.72287656    2.77602949    3.05887623    3.17766564    3.50302754    3.53932629    2.67962465    2.67363323    2.98045642    2.81135130    3.36249923    3.15944957    3.78158458    3.87867649    3.14177806    2.92661445    3.62686781    3.54393377    3.37282922    3.15352038    2.86153982    2.71694757    2.39887532    2.78435600    3.97942379
A7ICE8_XANP2/12-143     2.45161318    3.25195242    3.04047031    1.62641514    0.00000000    0.89188698    0.77766021    1.65713133    1.50795069    2.19480779    2.03209927    1.96617815    1.86931786    2.53150800    1.94503329    2.31249262    2.75478598    2.40802413    2.33507237    2.48360307    3.18998515    3.08478884    3.15653147    3.15820811    3.04642835    3.65157757    3.18202032    3.40048748    4.31040006    2.86619657    2.82857568    3.26700627    2.95183873    3.41113749    3.13436347    3.08569544    3.71403591    3.49203184    2.99794306    2.82201358    2.98634989    2.52448406    2.95584558    3.08244773    3.29657403    2.62566865    2.14718522    3.12643158
I4EAZ8_METSZ/12-143     3.01402129    3.53334500    3.24972748    1.90576357    0.89188698    0.00000000    0.46640114    1.55130273    1.72366613    2.05467736    1.94681273    2.04166763    2.05898359    3.09173727    1.98083211    2.05688535    2.86469250    2.40587955    2.47313905    2.63103413    3.50204202    3.53200962    3.97951910    3.42379266    3.21247460    3.36221408    3.10050007    4.22202803    4.46476975    3.15508638    2.88793730    3.32356738    3.03938809    3.32916194    3.11758187    3.08221829    3.78970426    3.25446805    3.25923213    2.57741142    2.97954670    2.75130618    3.03146416    2.23283154    3.03173182    3.08506688    2.65691995    3.42438275
B2ILA9_BEII9/12-145     3.00614650    3.56173070    3.11622283    1.94033734    0.77766021    0.46640114    0.00000000    1.63721522    1.48551968    1.90115275    1.96528675    1.93476117    1.82064391    2.72210820    1.98898440    2.25408031    2.85874392    2.28542437    2.43128416    2.26963743    3.65652238    3.60161673    4.26873644    3.74513517    3.49564199    3.79032158    3.18968173    3.91400467    4.42406544    3.28765341    3.13921318    3.10869674    3.00074993    3.15773008    3.28495244    2.84689589    3.08806205    3.41300180    3.17004404    2.90760364    2.98876748    3.05450782    3.39283184    2.45609555    3.11693833    2.73193766    2.55236094    3.26660459
Q1LLD5_CUPMC/15-146     2.56544950    3.21246435    2.77035338    1.29549998    1.65713133    1.55130273    1.63721522    0.00000000    1.17826755    2.10369103    1.86432847    1.89729576    1.56793002    2.26337028    2.00456764    1.80068103    2.26906396    1.95650408    1.98171184    2.01071606    2.65207507    2.69654761    3.28483141    3.45484339    2.77992657    3.35038725    3.16746995    3.41741552    4.30664102    2.68520086    2.63262313    2.31402354    2.56313824    2.84780534    2.82997468    3.05921284    2.88325102    2.97936912    2.93972775    2.66553959    2.76941101    2.70531819    2.65901306    2.38999522    2.89458128    2.46286800    2.57816351    5.16233693
I4EUS8_9ACTN/48-185     2.34892678    2.92351179    2.67547378    1.41471013    1.50795069    1.72366613    1.48551968    1.17826755    0.00000000    2.79013489    2.31333682    2.18504661    2.40870391    2.92032128    2.20734609    2.32098907    2.86597065    2.11224896    2.42332547    2.39596391    3.32401445    3.09308406    3.63616027    3.70914025    2.89482680    3.52794411    3.44824696    3.12635881    4.26772746    3.33268925    2.61345964    3.06381747    2.59876699    3.15082244    3.27396992    2.80051198    3.00095718    3.34554998    3.11358204    3.13871121    3.56526692    3.43561754    3.49330970    2.51118988    2.59225086    3.40857558    3.78925106    4.44372393
I4AJW1_BERLS/7-141     2.53840059    2.93589318    3.02331820    1.94535923    2.19480779    2.05467736    1.90115275    2.10369103    2.79013489    0.00000000    1.18141513    1.31429775    1.16865090    1.61422970    1.19694720    1.59995310    2.75601958    2.25413843    1.77809001    1.94865055    2.66109616    3.42323689    3.35430825    3.62397386    3.11151705    3.67645842    3.00041363    3.31248407    3.73583315    2.71280990    3.48180915    3.53921094    3.55642282    3.67620917    3.24993796    3.98527585    3.39804432    3.62766452    3.30358964    3.34851086    2.66077559    2.86421340    2.78689380    2.68372090    2.99070040    2.72438608    2.59926111    3.18724782
A4YLF2_BRASO/5-139     2.08205606    3.24053423    3.02458434    1.94873391    2.03209927    1.94681273    1.96528675    1.86432847    2.31333682    1.18141513    0.00000000    1.00146851    1.25234833    1.42729038    1.11916552    1.31000732    2.42502088    1.98959828    1.64571330    1.59457389    2.70996785    3.39707229    3.64285623    3.99160475    3.57016377    3.95127700    3.96245885    3.94979634    4.30218574    3.05679955    3.42111714    3.48387814    3.33321893    4.00476571    3.23205610    3.46319470    2.81215553    2.72278840    3.21796714    3.28072920    3.24324237    2.30285901    3.17602300    2.72801474    3.26243667    2.58416459    3.05505820    3.59897095
D8IVT6_HERSS/8-141     2.47534220    3.01055584    2.80154016    1.93302531    1.96617815    2.04166763    1.93476117    1.89729576    2.18504661    1.31429775    1.00146851    0.00000000    1.21343811    1.51040923    1.00508034    1.24100867    2.10114149    1.54306192    1.59790684    1.88754406    2.66231051    3.51303795    3.92755541    3.76454442    2.69964024    3.54898972    3.43475255    2.86516399    3.20051139    2.49929954    2.89323808    2.96048921    2.74870959    2.62970656    3.55848098    3.37575117    3.09177210    2.90492112    2.80074349    3.48899096    2.69639341    2.55548945    3.00620856    2.52874011    3.42234809    2.92387920    3.14126695    2.99923534
H8GP28_METAL/9-142     2.02610304    3.23504186    3.04610565    1.59748132    1.86931786    2.05898359    1.82064391    1.56793002    2.40870391    1.16865090    1.25234833    1.21343811    0.00000000    1.14293832    0.93004922    1.26450746    1.88651424    1.37409072    1.86934951    1.76796427    2.59258955    2.53987190    3.39655423    3.10583991    2.64465827    3.20592902    3.09543136    3.19332536    3.31247580    2.66993431    2.89907329    2.74147915    2.71445291    2.85355695    3.18838568    3.30423373    3.18191246    2.56444118    2.77069698    3.01177148    2.79972392    2.48586531    2.79362258    2.59922517    2.88878508    2.32694669    2.86643879    3.30596800
R5KIC6_9CLOT/6-140     1.94575609    3.32403898    3.19650185    2.32431841    2.53150800    3.09173727    2.72210820    2.26337028    2.92032128    1.61422970    1.42729038    1.51040923    1.14293832    0.00000000    1.22548411    1.40441261    2.43001287    2.13672476    1.99177505    1.68854078    1.91786974    2.37043194    2.79049675    3.11727302    2.56594386    3.14071395    2.90731373    2.61150492    3.09083047    2.27482463    2.72025554    2.77356262    2.62603353    2.73169988    2.85312999    3.57912155    3.61533268    3.63652664    3.67650622    3.37594960    3.62341804    2.43034181    3.63737776    3.43016663    3.36799265    2.46744264    3.53438662    3.52023903
K9TQB0_9CYAN/10-142     1.92792511    3.18032297    2.84644410    1.75430087    1.94503329    1.98083211    1.98898440    2.00456764    2.20734609    1.19694720    1.11916552    1.00508034    0.93004922    1.22548411    0.00000000    0.92993331    1.90592669    1.59690763    1.40475612    2.04982403    2.44813490    2.98556627    3.96825433    3.03498192    3.02595399    2.95354786    2.95100114    3.52104982    3.83162019    2.47591541    2.61974348    2.69796312    2.72998901    2.96015645    3.03398532    3.77939529    3.61859886    2.87675803    2.95585763    2.65349125    2.85200669    2.74759928    3.05879356    2.24816500    3.22290793    2.64595833    2.85048593    3.22790075
Q82GA3_STRAW/12-146     2.72190993    3.44686152    2.76543428    2.24481505    2.31249262    2.05688535    2.25408031    1.80068103    2.32098907    1.59995310    1.31000732    1.24100867    1.26450746    1.40441261    0.92993331    0.00000000    1.73328144    2.03275808    1.69833198    1.86464873    2.69123990    3.40071628    3.26814803    4.03004026    3.20163560    3.72584190    3.75274271    3.78093077    4.83802941    3.04900948    3.32668047    2.95184065    3.20054988    3.08158039    3.56942152    3.95878328    3.88443264    2.92475342    3.14609845    3.31457073    3.33403209    2.93760600    3.59872674    3.14928322    3.68106110    2.91355660    3.00175897    3.97463387
C5C813_MICLC/11-152     3.00840480    3.90552489    3.06475922    2.42947744    2.75478598    2.86469250    2.85874392    2.26906396    2.86597065    2.75601958    2.42502088    2.10114149    1.88651424    2.43001287    1.90592669    1.73328144    0.00000000    2.51743389    2.39169217    2.72334169    3.03861078    2.88253426    3.74544119    3.45646555    3.78142860    4.49462842    4.04005330    4.49787155    4.21331629    4.00718474    2.55875144    2.76475731    2.93088666    3.32315129    3.36540980    4.19786012    5.47992664    3.97352078    3.99116477    3.69624797    3.16385967    3.20201379    4.17555059    3.52404793    5.01539415    2.70513925    3.67481375    4.43725155
Q9KMH9_VIBCH/27-162     2.18345490    3.05918249    2.81789421    2.07445862    2.40802413    2.40587955    2.28542437    1.95650408    2.11224896    2.25413843    1.98959828    1.54306192    1.37409072    2.13672476    1.59690763    2.03275808    2.51743389    0.00000000    1.23976836    1.61330313    3.18070632    2.77773689    3.82630759    2.86830492    2.78729388    2.95794269    2.78171030    2.68928416    3.22907009    2.92676783    2.57640785    2.39609733    2.27091656    2.73312707    2.89226895    3.44538482    2.67162004    3.07156990    2.87529428    2.97215335    3.19108653    2.94784331    3.29982628    2.76813094    3.04713245    2.98794628    2.83420656    3.86086379
W0F4K7_9BACT/17-153     2.54816818    2.87711908    2.91131886    1.88145559    2.33507237    2.47313905    2.43128416    1.98171184    2.42332547    1.77809001    1.64571330    1.59790684    1.86934951    1.99177505    1.40475612    1.69833198    2.39169217    1.23976836    0.00000000    1.83621268    2.86694694    3.27397962    3.37865201    3.06546643    2.73205630    2.89952528    2.95744521    2.68072674    3.62525118    2.61965565    2.35024582    2.53071488    2.61082426    3.09851962    2.84749969    2.87514350    2.72489124    3.18673054    3.71333475    2.97788331    2.97191021    2.50987894    3.12871348    2.74419397    2.87995507    2.81438710    2.82526105    3.79406904
G8QJ60_AZOOP/13-148     2.72761102    2.53108918    2.76914558    1.82963088    2.48360307    2.63103413    2.26963743    2.01071606    2.39596391    1.94865055    1.59457389    1.88754406    1.76796427    1.68854078    2.04982403    1.86464873    2.72334169    1.61330313    1.83621268    0.00000000    3.17699059    3.47318723    3.12977055    2.81488226    2.91486771    3.07957856    3.00762882    3.35471750    3.16241850    3.11919099    3.02910135    2.89031889    2.64740020    3.27910294    3.09203557    3.81245168    3.77953774    3.80926404    3.45717995    2.84335264    3.57127084    3.08275482    3.54474079    2.71436891    2.60478012    2.43203859    3.05736955    3.13969908
I3Y8V8_THIV6/20-174     2.95999085    3.42719294    3.03752180    2.32340231    3.18998515    3.50204202    3.65652238    2.65207507    3.32401445    2.66109616    2.70996785    2.66231051    2.59258955    1.91786974    2.44813490    2.69123990    3.03861078    3.18070632    2.86694694    3.17699059    0.00000000    1.42449151    1.62746853    2.49445243    1.69558959    1.96950862    1.86233139    1.82701294    1.90764943    1.88109041    1.80045237    1.88767459    2.00297671    1.91476367    2.11767479    2.94782492    3.04649523    3.34608264    3.57549354    3.49529125    3.09131090    2.92499997    2.79573546    3.89181688    3.88402081    2.73647530    3.22505484    2.97017363
K9UDN4_CHAP6/13-168     3.66226286    3.74346478    3.25020054    2.66841646    3.08478884    3.53200962    3.60161673    2.69654761    3.09308406    3.42323689    3.39707229    3.51303795    2.53987190    2.37043194    2.98556627    3.40071628    2.88253426    2.77773689    3.27397962    3.47318723    1.42449151    0.00000000    1.87131573    2.25093202    1.27758667    1.83120667    1.39889560    1.45958003    1.51613971    1.77180487    1.38017448    1.46588022    1.81062259    1.62073851    1.89698136    3.38206915    3.28906893    3.65324226    3.33239909    3.83361414    2.60327513    3.41192499    3.09654442    3.79840252    3.62724042    2.60100408    3.20199673    3.70242597
A0JTK0_ARTS2/32-180     3.17809247    3.65729868    3.22008804    2.87718623    3.15653147    3.97951910    4.26873644    3.28483141    3.63616027    3.35430825    3.64285623    3.92755541    3.39655423    2.79049675    3.96825433    3.26814803    3.74544119    3.82630759    3.37865201    3.12977055    1.62746853    1.87131573    0.00000000    1.54548089    1.63200510    1.98089365    1.59589742    1.57392319    1.82067751    1.61867119    1.63552302    1.65759732    1.80381415    1.82221884    1.67311863    3.87999933    3.31351813    3.98144415    3.95946539    3.81501698    3.80843789    2.99443018    2.90872801    3.96106640    4.08404522    2.89033881    3.67065110    4.12789467
B2HP14_MYCMM/68-214     3.00941351    3.77139618    3.39361782    2.72287656    3.15820811    3.42379266    3.74513517    3.45484339    3.70914025    3.62397386    3.99160475    3.76454442    3.10583991    3.11727302    3.03498192    4.03004026    3.45646555    2.86830492    3.06546643    2.81488226    2.49445243    2.25093202    1.54548089    0.00000000    1.93176331    1.88291909    1.66011581    1.98110113    1.73016524    2.09451068    1.82604789    1.77536689    1.80563190    1.89031794    1.98993214    3.94671561    3.93107069    4.39399776    4.68175651    4.29092166    3.66189495    3.21431879    2.95549940    3.49452269    3.67100567    4.05863233    3.42927639    3.92133036
B6IWA0_RHOCS/11-156     3.41327289    3.55328426    2.93555100    2.77602949    3.04642835    3.21247460    3.49564199    2.77992657    2.89482680    3.11151705    3.57016377    2.69964024    2.64465827    2.56594386    3.02595399    3.20163560    3.78142860    2.78729388    2.73205630    2.91486771    1.69558959    1.27758667    1.63200510    1.93176331    0.00000000    0.97934067    0.86798988    0.95231831    0.94866931    1.26846706    1.03326485    1.10265282    1.33004170    1.25822162    1.27555185    3.72022563    3.65229452    3.73119609    3.93889864    3.73295974    3.18282444    2.75001984    2.87445785    3.86209161    2.94861051    3.18466403    3.22142346    3.73255506
A5US28_ROSS1/8-160     3.02657768    3.50721916    3.23143522    3.05887623    3.65157757    3.36221408    3.79032158    3.35038725    3.52794411    3.67645842    3.95127700    3.54898972    3.20592902    3.14071395    2.95354786    3.72584190    4.49462842    2.95794269    2.89952528    3.07957856    1.96950862    1.83120667    1.98089365    1.88291909    0.97934067    0.00000000    0.69663498    0.83688846    1.12432219    1.28263156    1.20966109    1.27392057    1.39134396    1.62951078    1.76540561    3.36225912    3.35110999    3.33056383    3.42739340    3.80410532    3.15991063    2.87122827    2.70120149    3.06774113    2.80566268    3.69637488    3.17212711    3.39145811
H1YZH8_9EURY/9-160     3.32920560    3.48063990    3.12629121    3.17766564    3.18202032    3.10050007    3.18968173    3.16746995    3.44824696    3.00041363    3.96245885    3.43475255    3.09543136    2.90731373    2.95100114    3.75274271    4.04005330    2.78171030    2.95744521    3.00762882    1.86233139    1.39889560    1.59589742    1.66011581    0.86798988    0.69663498    0.00000000    0.68691906    0.87705796    1.20769861    1.20822494    1.26445564    1.27712916    1.28058745    1.67103349    3.35511424    3.20340010    3.75140955    3.45435805    3.54314050    3.14029741    2.75600964    2.84052083    3.00961270    2.88729800    3.46311702    2.88828006    3.04054570
B2JBX0_NOSP7/8-158     3.60187877    4.01640880    4.21184852    3.50302754    3.40048748    4.22202803    3.91400467    3.41741552    3.12635881    3.31248407    3.94979634    2.86516399    3.19332536    2.61150492    3.52104982    3.78093077    4.49787155    2.68928416    2.68072674    3.35471750    1.82701294    1.45958003    1.57392319    1.98110113    0.95231831    0.83688846    0.68691906    0.00000000    0.86805704    1.22969594    1.35135349    1.28818491    1.31981566    1.32982881    1.68506625    3.35812962    3.52950974    4.90163893    3.91890780    4.30693601    3.57439267    2.87400674    2.70463990    4.19865759    3.02759221    3.59619157    3.97253982    3.66351918
D5BYD7_NITHN/8-159     3.45619464    3.72806804    3.44771427    3.53932629    4.31040006    4.46476975    4.42406544    4.30664102    4.26772746    3.73583315    4.30218574    3.20051139    3.31247580    3.09083047    3.83162019    4.83802941    4.21331629    3.22907009    3.62525118    3.16241850    1.90764943    1.51613971    1.82067751    1.73016524    0.94866931    1.12432219    0.87705796    0.86805704    0.00000000    1.66669846    1.32497756    1.38734785    1.51587503    1.38696424    1.96266249    4.01676848    3.83361199    4.36230355    4.64951861    4.94250538    3.37212818    3.04762903    3.12734971    3.01473747    3.81374717    3.24880317    4.19932031    3.04542680
Q7NGZ8_GLOVI/45-201     3.28855978    3.28601478    3.21777547    2.67962465    2.86619657    3.15508638    3.28765341    2.68520086    3.33268925    2.71280990    3.05679955    2.49929954    2.66993431    2.27482463    2.47591541    3.04900948    4.00718474    2.92676783    2.61965565    3.11919099    1.88109041    1.77180487    1.61867119    2.09451068    1.26846706    1.28263156    1.20769861    1.22969594    1.66669846    0.00000000    1.39002142    1.27642613    1.29590752    1.62714978    1.68095276    3.61633427    3.39621960    3.23582451    3.75350008    3.91628065    2.87319870    2.88642621    2.87875926    3.09716410    3.17995077    3.29738997    3.48857761    3.46970888
D3RPW2_ALLVD/14-160     2.77368182    3.47846893    3.16573760    2.67363323    2.82857568    2.88793730    3.13921318    2.63262313    2.61345964    3.48180915    3.42111714    2.89323808    2.89907329    2.72025554    2.61974348    3.32668047    2.55875144    2.57640785    2.35024582    3.02910135    1.80045237    1.38017448    1.63552302    1.82604789    1.03326485    1.20966109    1.20822494    1.35135349    1.32497756    1.39002142    0.00000000    0.54862453    0.74726815    0.85523402    1.15811838    3.01902756    3.17478484    3.23617669    3.14863028    2.87368774    2.71546360    2.86935622    2.40363970    2.86911135    3.42913302    2.91079457    2.90122611    3.23741722
I3TVT3_TISMK/13-160     3.12002852    3.76122848    3.40128731    2.98045642    3.26700627    3.32356738    3.10869674    2.31402354    3.06381747    3.53921094    3.48387814    2.96048921    2.74147915    2.77356262    2.69796312    2.95184065    2.76475731    2.39609733    2.53071488    2.89031889    1.88767459    1.46588022    1.65759732    1.77536689    1.10265282    1.27392057    1.26445564    1.28818491    1.38734785    1.27642613    0.54862453    0.00000000    0.81590679    0.89375984    1.30490602    3.49298129    3.20389968    3.34363341    3.80984706    3.31386234    2.87042423    2.97845881    2.39392202    2.77647952    3.45616437    3.42569468    3.01603418    4.00836804
Q92SB2_RHIME/12-155     2.60265642    3.87768979    3.66102736    2.81135130    2.95183873    3.03938809    3.00074993    2.56313824    2.59876699    3.55642282    3.33321893    2.74870959    2.71445291    2.62603353    2.72998901    3.20054988    2.93088666    2.27091656    2.61082426    2.64740020    2.00297671    1.81062259    1.80381415    1.80563190    1.33004170    1.39134396    1.27712916    1.31981566    1.51587503    1.29590752    0.74726815    0.81590679    0.00000000    0.60659693    1.40366292    3.04821989    3.08610650    3.33491722    3.36384348    3.23823703    2.66595136    2.92755612    2.65784811    2.52460788    2.83195003    2.97078410    3.54735279    3.64832714
B9JYF9_AGRVS/15-158     3.14610504    3.90483733    3.29375086    3.36249923    3.41113749    3.32916194    3.15773008    2.84780534    3.15082244    3.67620917    4.00476571    2.62970656    2.85355695    2.73169988    2.96015645    3.08158039    3.32315129    2.73312707    3.09851962    3.27910294    1.91476367    1.62073851    1.82221884    1.89031794    1.25822162    1.62951078    1.28058745    1.32982881    1.38696424    1.62714978    0.85523402    0.89375984    0.60659693    0.00000000    1.52327966    2.99585813    3.04595568    3.52221211    3.03783953    2.79768888    2.57275549    2.72808488    2.44619663    3.20102586    2.96495451    2.95522661    3.37023694    3.93641625
G7ZFH2_AZOL4/37-183     3.35795306    3.78392763    3.76874397    3.15944957    3.13436347    3.11758187    3.28495244    2.82997468    3.27396992    3.24993796    3.23205610    3.55848098    3.18838568    2.85312999    3.03398532    3.56942152    3.36540980    2.89226895    2.84749969    3.09203557    2.11767479    1.89698136    1.67311863    1.98993214    1.27555185    1.76540561    1.67103349    1.68506625    1.96266249    1.68095276    1.15811838    1.30490602    1.40366292    1.52327966    0.00000000    3.45568620    3.22365562    2.95879174    3.75755411    3.33861476    3.02170587    2.88931129    3.43424417    2.88951744    3.26150074    2.87996755    2.48537277    3.48760801
A1KBY2_AZOSB/6-178     3.43905557    4.02568724    4.05108864    3.78158458    3.08569544    3.08221829    2.84689589    3.05921284    2.80051198    3.98527585    3.46319470    3.37575117    3.30423373    3.57912155    3.77939529    3.95878328    4.19786012    3.44538482    2.87514350    3.81245168    2.94782492    3.38206915    3.87999933    3.94671561    3.72022563    3.36225912    3.35511424    3.35812962    4.01676848    3.61633427    3.01902756    3.49298129    3.04821989    2.99585813    3.45568620    0.00000000    1.16757621    3.08557797    2.51413184    2.35734618    3.14520725    2.71074072    4.16243988    2.95790784    3.21899099    3.73923611    3.59246633    3.72985268
G8XA82_FLACA/14-179     3.64013201    3.61220661    4.22969750    3.87867649    3.71403591    3.78970426    3.08806205    2.88325102    3.00095718    3.39804432    2.81215553    3.09177210    3.18191246    3.61533268    3.61859886    3.88443264    5.47992664    2.67162004    2.72489124    3.77953774    3.04649523    3.28906893    3.31351813    3.93107069    3.65229452    3.35110999    3.20340010    3.52950974    3.83361199    3.39621960    3.17478484    3.20389968    3.08610650    3.04595568    3.22365562    1.16757621    0.00000000    2.76039518    2.58628181    3.05512908    2.51988351    2.72227011    3.12233602    2.87740617    2.34386255    3.24021880    3.63502351    4.17377605
B9M4B8_GEODF/13-150     2.87486759    4.19036476    3.12763680    3.14177806    3.49203184    3.25446805    3.41300180    2.97936912    3.34554998    3.62766452    2.72278840    2.90492112    2.56444118    3.63652664    2.87675803    2.92475342    3.97352078    3.07156990    3.18673054    3.80926404    3.34608264    3.65324226    3.98144415    4.39399776    3.73119609    3.33056383    3.75140955    4.90163893    4.36230355    3.23582451    3.23617669    3.34363341    3.33491722    3.52221211    2.95879174    3.08557797    2.76039518    0.00000000    2.44054135    2.13572110    2.60579520    3.40288471    3.88957537    2.18337732    3.62675461    2.99420925    3.36940687    3.42244003
C6W398_DYAFD/11-142     3.31490837    3.26382430    3.82517783    2.92661445    2.99794306    3.25923213    3.17004404    2.93972775    3.11358204    3.30358964    3.21796714    2.80074349    2.77069698    3.67650622    2.95585763    3.14609845    3.99116477    2.87529428    3.71333475    3.45717995    3.57549354    3.33239909    3.95946539    4.68175651    3.93889864    3.42739340    3.45435805    3.91890780    4.64951861    3.75350008    3.14863028    3.80984706    3.36384348    3.03783953    3.75755411    2.51413184    2.58628181    2.44054135    0.00000000    1.98315700    3.64047821    2.54367307    2.67439611    2.17777445    2.56271144    3.21592684    2.98948346    5.07617556
B0RIT5_CLAMS/12-139     3.21132125    2.94655189    3.44310075    3.62686781    2.82201358    2.57741142    2.90760364    2.66553959    3.13871121    3.34851086    3.28072920    3.48899096    3.01177148    3.37594960    2.65349125    3.31457073    3.69624797    2.97215335    2.97788331    2.84335264    3.49529125    3.83361414    3.81501698    4.29092166    3.73295974    3.80410532    3.54314050    4.30693601    4.94250538    3.91628065    2.87368774    3.31386234    3.23823703    2.79768888    3.33861476    2.35734618    3.05512908    2.13572110    1.98315700    0.00000000    3.04267597    2.50926846    3.40628424    2.34593652    3.01094370    2.89450419    3.80993519    4.29742947
B8HQB9_CYAP4/16-151     3.42642223    4.01152493    3.59831789    3.54393377    2.98634989    2.97954670    2.98876748    2.76941101    3.56526692    2.66077559    3.24324237    2.69639341    2.79972392    3.62341804    2.85200669    3.33403209    3.16385967    3.19108653    2.97191021    3.57127084    3.09131090    2.60327513    3.80843789    3.66189495    3.18282444    3.15991063    3.14029741    3.57439267    3.37212818    2.87319870    2.71546360    2.87042423    2.66595136    2.57275549    3.02170587    3.14520725    2.51988351    2.60579520    3.64047821    3.04267597    0.00000000    2.51889879    2.83843875    2.56146828    2.83971154    3.04886343    2.90269487    3.99281784
H1Y3F1_9SPHI/17-162     3.33558519    4.02549362    3.87031302    3.37282922    2.52448406    2.75130618    3.05450782    2.70531819    3.43561754    2.86421340    2.30285901    2.55548945    2.48586531    2.43034181    2.74759928    2.93760600    3.20201379    2.94784331    2.50987894    3.08275482    2.92499997    3.41192499    2.99443018    3.21431879    2.75001984    2.87122827    2.75600964    2.87400674    3.04762903    2.88642621    2.86935622    2.97845881    2.92755612    2.72808488    2.88931129    2.71074072    2.72227011    3.40288471    2.54367307    2.50926846    2.51889879    0.00000000    2.26499618    2.19197420    2.75037279    3.13140757    2.72286664    3.24406551
H1Z673_MYROD/20-157     2.99301394    4.13886968    3.87623932    3.15352038    2.95584558    3.03146416    3.39283184    2.65901306    3.49330970    2.78689380    3.17602300    3.00620856    2.79362258    3.63737776    3.05879356    3.59872674    4.17555059    3.29982628    3.12871348    3.54474079    2.79573546    3.09654442    2.90872801    2.95549940    2.87445785    2.70120149    2.84052083    2.70463990    3.12734971    2.87875926    2.40363970    2.39392202    2.65784811    2.44619663    3.43424417    4.16243988    3.12233602    3.88957537    2.67439611    3.40628424    2.83843875    2.26499618    0.00000000    2.25328797    2.05592938    3.16961796    2.64728545    4.20437510
C5AC24_BURGB/17-155     2.68994420    3.18348177    3.81818369    2.86153982    3.08244773    2.23283154    2.45609555    2.38999522    2.51118988    2.68372090    2.72801474    2.52874011    2.59922517    3.43016663    2.24816500    3.14928322    3.52404793    2.76813094    2.74419397    2.71436891    3.89181688    3.79840252    3.96106640    3.49452269    3.86209161    3.06774113    3.00961270    4.19865759    3.01473747    3.09716410    2.86911135    2.77647952    2.52460788    3.20102586    2.88951744    2.95790784    2.87740617    2.18337732    2.17777445    2.34593652    2.56146828    2.19197420    2.25328797    0.00000000    1.65657033    2.72600684    2.96574295    3.30923611
E3FGF0_STIAD/20-158     3.23992054    4.17609289    4.84792333    2.71694757    3.29657403    3.03173182    3.11693833    2.89458128    2.59225086    2.99070040    3.26243667    3.42234809    2.88878508    3.36799265    3.22290793    3.68106110    5.01539415    3.04713245    2.87995507    2.60478012    3.88402081    3.62724042    4.08404522    3.67100567    2.94861051    2.80566268    2.88729800    3.02759221    3.81374717    3.17995077    3.42913302    3.45616437    2.83195003    2.96495451    3.26150074    3.21899099    2.34386255    3.62675461    2.56271144    3.01094370    2.83971154    2.75037279    2.05592938    1.65657033    0.00000000    3.44566519    4.03111605    4.44907942
H6RLC9_BLASD/20-154     2.81696044    3.26084558    3.27019926    2.39887532    2.62566865    3.08506688    2.73193766    2.46286800    3.40857558    2.72438608    2.58416459    2.92387920    2.32694669    2.46744264    2.64595833    2.91355660    2.70513925    2.98794628    2.81438710    2.43203859    2.73647530    2.60100408    2.89033881    4.05863233    3.18466403    3.69637488    3.46311702    3.59619157    3.24880317    3.29738997    2.91079457    3.42569468    2.97078410    2.95522661    2.87996755    3.73923611    3.24021880    2.99420925    3.21592684    2.89450419    3.04886343    3.13140757    3.16961796    2.72600684    3.44566519    0.00000000    2.80731922    3.98325120
K9X1P3_9NOST/13-145     3.52246037    3.45950433    3.53662771    2.78435600    2.14718522    2.65691995    2.55236094    2.57816351    3.78925106    2.59926111    3.05505820    3.14126695    2.86643879    3.53438662    2.85048593    3.00175897    3.67481375    2.83420656    2.82526105    3.05736955    3.22505484    3.20199673    3.67065110    3.42927639    3.22142346    3.17212711    2.88828006    3.97253982    4.19932031    3.48857761    2.90122611    3.01603418    3.54735279    3.37023694    2.48537277    3.59246633    3.63502351    3.36940687    2.98948346    3.80993519    2.90269487    2.72286664    2.64728545    2.96574295    4.03111605    2.80731922    0.00000000    3.43538665
Q8Y9Q7_LISMO/10-159     5.02170949    3.94226161    4.40426418    3.97942379    3.12643158    3.42438275    3.26660459    5.16233693    4.44372393    3.18724782    3.59897095    2.99923534    3.30596800    3.52023903    3.22790075    3.97463387    4.43725155    3.86086379    3.79406904    3.13969908    2.97017363    3.70242597    4.12789467    3.92133036    3.73255506    3.39145811    3.04054570    3.66351918    3.04542680    3.46970888    3.23741722    4.00836804    3.64832714    3.93641625    3.48760801    3.72985268    4.17377605    3.42244003    5.07617556    4.29742947    3.99281784    3.24406551    4.20437510    3.30923611    4.44907942    3.98325120    3.43538665    0.00000000

