25
H9G4R5_ANOCA/62-282     0.00000000    0.28303464    0.36242836    0.49274878    0.49190105    0.45134771    1.33382666    0.96040421    1.90001835    2.74097472    2.39489010    2.40504068    2.43605578    2.59648332    2.25421078    2.04488791    2.76919572    2.68853466    2.18994867    2.07861719    2.05385991    2.00344233    0.34722369    0.39636676    0.56236478
F1P1Z1_CHICK/62-282     0.28303464    0.00000000    0.30748564    0.50235378    0.48807050    0.44362456    1.40342594    0.95024462    2.07945130    2.83910349    2.35061343    2.36820535    2.40738218    2.41653604    2.23405901    1.98368833    2.50308220    2.55746863    2.13629489    2.04528255    2.03595911    2.10113174    0.36201738    0.42458955    0.62379807
H3BEB6_LATCH/62-281     0.36242836    0.30748564    0.00000000    0.40187784    0.42202581    0.37748564    1.34074448    0.94645627    1.94191234    2.72629617    2.29123155    2.42836729    2.39108767    2.41444808    2.09000525    1.93011507    2.37469695    2.38158989    2.06987989    1.96316293    1.97146557    2.11333799    0.34726774    0.40255925    0.58962459
W5NBC0_LEPOC/64-278     0.49274878    0.50235378    0.40187784    0.00000000    0.50486702    0.48379517    1.58408813    1.11197172    2.24676088    2.88152978    2.61408269    2.73370657    2.65636859    2.64971998    2.27293032    2.11139297    2.80103047    2.65060161    2.07712461    2.02783451    2.00146741    2.38716932    0.50036570    0.60476959    0.78833433
H2RKZ1_TAKRU/57-276     0.49190105    0.48807050    0.42202581    0.50486702    0.00000000    0.25059123    1.32703559    0.97198979    1.76171696    2.64188212    2.29417585    2.45086543    2.34039077    2.37990391    2.11875912    1.86167744    2.55244337    2.47943233    2.25028571    2.15041676    2.05464864    2.30968482    0.46664256    0.60762071    0.77927809
M3ZFI5_XIPMA/61-280     0.45134771    0.44362456    0.37748564    0.48379517    0.25059123    0.00000000    1.31537421    1.00902722    1.85401120    2.64901168    2.21117474    2.47272317    2.31004557    2.30506713    2.08624377    1.94211094    2.35260112    2.37403699    2.20473224    2.12359701    2.01878997    2.24881580    0.45168234    0.55061842    0.70611351
F2UC89_SALR5/158-396     1.33382666    1.40342594    1.34074448    1.58408813    1.32703559    1.31537421    0.00000000    1.46745630    2.44253346    2.55988187    2.53602850    2.41811675    2.35330555    2.38870468    2.55971488    2.29526353    2.86146039    2.73466746    2.42948380    2.31364729    2.22055495    2.27693513    1.37066475    1.36971521    1.46431608
K1RGE4_CRAGI/61-281     0.96040421    0.95024462    0.94645627    1.11197172    0.97198979    1.00902722    1.46745630    0.00000000    2.07993021    2.20018619    1.99386045    2.17034016    1.95147395    2.11875123    1.96520872    1.91017919    2.45586563    2.08047291    2.11371792    2.02118575    2.01487453    2.04687709    0.99066515    1.07548028    1.24477454
E9FS18_DAPPU/70-296     1.90001835    2.07945130    1.94191234    2.24676088    1.76171696    1.85401120    2.44253346    2.07993021    0.00000000    2.31971351    2.35229432    2.20667517    2.28688754    2.08405274    1.76758145    1.73936381    1.94426106    2.35058538    2.01423183    1.92445667    2.78566976    3.39870392    2.05567486    2.12412924    2.15766390
B4LNT0_DROVI/65-286     2.74097472    2.83910349    2.72629617    2.88152978    2.64188212    2.64901168    2.55988187    2.20018619    2.31971351    0.00000000    0.35239130    0.35456427    0.36170790    1.05979604    1.03568201    1.57676050    1.99446534    1.97652292    2.01584518    1.92158385    2.63506239    3.44773547    2.67491430    2.76240254    2.79394146
B4MPL1_DROWI/57-278     2.39489010    2.35061343    2.29123155    2.61408269    2.29417585    2.21117474    2.53602850    1.99386045    2.35229432    0.35239130    0.00000000    0.29506223    0.28288125    0.92033317    0.98939739    1.46985296    2.01125403    2.03770105    2.10524822    1.91288405    2.56237628    3.35994843    2.27605465    2.44603890    2.46966556
B4HSC1_DROSE/66-287     2.40504068    2.36820535    2.42836729    2.73370657    2.45086543    2.47272317    2.41811675    2.17034016    2.20667517    0.35456427    0.29506223    0.00000000    0.23826489    0.90394479    0.99329617    1.52092671    2.01170900    1.87945987    1.94072869    1.81873878    2.58239404    3.24259681    2.37320673    2.50963112    2.52537927
B4GI47_DROPE/66-287     2.43605578    2.40738218    2.39108767    2.65636859    2.34039077    2.31004557    2.35330555    1.95147395    2.28688754    0.36170790    0.28288125    0.23826489    0.00000000    0.88664280    0.91786095    1.50078267    2.01191307    1.91960106    2.00182807    1.87916490    2.63598533    3.13172598    2.41600677    2.43028051    2.42900707
W5J4J4_ANODA/64-287     2.59648332    2.41653604    2.41444808    2.64971998    2.37990391    2.30506713    2.38870468    2.11875123    2.08405274    1.05979604    0.92033317    0.90394479    0.88664280    0.00000000    0.58207168    1.47145428    1.84539974    1.75142352    1.78783327    1.71319217    2.59178808    3.16491757    2.38648028    2.54560013    2.57250628
B0W1E3_CULQU/64-287     2.25421078    2.23405901    2.09000525    2.27293032    2.11875912    2.08624377    2.55971488    1.96520872    1.76758145    1.03568201    0.98939739    0.99329617    0.91786095    0.58207168    0.00000000    1.42360787    1.65741546    1.78837784    1.74530205    1.67980790    2.43139766    3.38434613    2.08068092    2.09773074    2.12923843
D6WCF1_TRICA/63-285     2.04488791    1.98368833    1.93011507    2.11139297    1.86167744    1.94211094    2.29526353    1.91017919    1.73936381    1.57676050    1.46985296    1.52092671    1.50078267    1.47145428    1.42360787    0.00000000    1.53689917    1.51501370    1.33528364    1.24133408    2.42220823    2.86721536    1.87559400    1.95935992    2.02560232
J9JMK7_ACYPI/70-287     2.76919572    2.50308220    2.37469695    2.80103047    2.55244337    2.35260112    2.86146039    2.45586563    1.94426106    1.99446534    2.01125403    2.01170900    2.01191307    1.84539974    1.65741546    1.53689917    0.00000000    1.90187348    1.89500991    1.77857835    2.78694547    3.31704033    2.57370559    2.51921157    2.57522659
A0A7M7G5Y1_NASVI/62-286     2.68853466    2.55746863    2.38158989    2.65060161    2.47943233    2.37403699    2.73466746    2.08047291    2.35058538    1.97652292    2.03770105    1.87945987    1.91960106    1.75142352    1.78837784    1.51501370    1.90187348    0.00000000    0.99861262    1.00689726    2.78627086    2.89108127    2.32728168    2.39358934    2.53553196
E2AAC5_CAMFO/60-281     2.18994867    2.13629489    2.06987989    2.07712461    2.25028571    2.20473224    2.42948380    2.11371792    2.01423183    2.01584518    2.10524822    1.94072869    2.00182807    1.78783327    1.74530205    1.33528364    1.89500991    0.99861262    0.00000000    0.23397137    2.66369544    2.84523955    2.22928334    2.01803545    2.18240589
E2BQZ8_HARSA/60-276     2.07861719    2.04528255    1.96316293    2.02783451    2.15041676    2.12359701    2.31364729    2.02118575    1.92445667    1.92158385    1.91288405    1.81873878    1.87916490    1.71319217    1.67980790    1.24133408    1.77857835    1.00689726    0.23397137    0.00000000    2.44683198    2.74708194    2.10800060    1.91010002    2.10859507
D7FNN8_ECTSI/97-372     2.05385991    2.03595911    1.97146557    2.00146741    2.05464864    2.01878997    2.22055495    2.01487453    2.78566976    2.63506239    2.56237628    2.58239404    2.63598533    2.59178808    2.43139766    2.42220823    2.78694547    2.78627086    2.66369544    2.44683198    0.00000000    2.36567059    1.86658899    1.78406542    1.98344642
F0ZVY5_DICPU/226-451     2.00344233    2.10113174    2.11333799    2.38716932    2.30968482    2.24881580    2.27693513    2.04687709    3.39870392    3.44773547    3.35994843    3.24259681    3.13172598    3.16491757    3.38434613    2.86721536    3.31704033    2.89108127    2.84523955    2.74708194    2.36567059    0.00000000    1.97124522    2.15412582    2.11096524
F6U1I1_XENTR/62-281     0.34722369    0.36201738    0.34726774    0.50036570    0.46664256    0.45168234    1.37066475    0.99066515    2.05567486    2.67491430    2.27605465    2.37320673    2.41600677    2.38648028    2.08068092    1.87559400    2.57370559    2.32728168    2.22928334    2.10800060    1.86658899    1.97124522    0.00000000    0.43863986    0.60201850
F6ZAA0_HORSE/151-369     0.39636676    0.42458955    0.40255925    0.60476959    0.60762071    0.55061842    1.36971521    1.07548028    2.12412924    2.76240254    2.44603890    2.50963112    2.43028051    2.54560013    2.09773074    1.95935992    2.51921157    2.39358934    2.01803545    1.91010002    1.78406542    2.15412582    0.43863986    0.00000000    0.28273010
F2Z414_MOUSE/62-280     0.56236478    0.62379807    0.58962459    0.78833433    0.77927809    0.70611351    1.46431608    1.24477454    2.15766390    2.79394146    2.46966556    2.52537927    2.42900707    2.57250628    2.12923843    2.02560232    2.57522659    2.53553196    2.18240589    2.10859507    1.98344642    2.11096524    0.60201850    0.28273010    0.00000000

