7
H0XWW1_OTOGA/276-909     0.00000000    0.32779956    0.60500170    0.39447509    0.40740744    0.36891106    0.94018081
MAP10_HUMAN/273-904     0.32779956    0.00000000    0.58609040    0.37559038    0.41518602    0.35229542    0.88920307
G3GWZ7_CRIGR/243-870     0.60500170    0.58609040    0.00000000    0.61222582    0.63372717    0.61301770    1.13908675
MAP10_BOVIN/279-911     0.39447509    0.37559038    0.61222582    0.00000000    0.35296289    0.35202660    0.86453149
L5K062_PTEAL/197-833     0.40740744    0.41518602    0.63372717    0.35296289    0.00000000    0.34854866    0.88686869
G3TWR1_LOXAF/249-883     0.36891106    0.35229542    0.61301770    0.35202660    0.34854866    0.00000000    0.80874849
F6PHC7_MONDO/239-864     0.94018081    0.88920307    1.13908675    0.86453149    0.88686869    0.80874849    0.00000000

