24
R7IR17_9FIRM/270-740     0.00000000    0.61053339    0.50242366    0.58369563    0.55394648    0.75051544    0.62249085    0.89937083    2.12250752    2.48268805    2.31549866    2.25561785    2.19641467    2.18484376    2.05454040    2.41651235    2.52227088    2.33885016    2.26120651    1.94965414    1.77564467    2.05217283    2.09892361    1.75063809
R6VL43_9FIRM/269-739     0.61053339    0.00000000    0.52228946    0.63852936    0.53059796    0.84408240    0.63969595    0.90184115    2.07076505    2.33583862    2.15571704    2.13082539    2.05195489    2.15221726    2.05968723    2.44962756    2.37331383    2.24301218    2.22181175    1.94798746    1.78069153    2.07127810    1.99460878    1.88183261
R6BMY3_9FIRM/270-740     0.50242366    0.52228946    0.00000000    0.58978471    0.49738566    0.75966220    0.61493473    0.89118755    2.07402857    2.28483129    2.14243671    2.25879850    2.04131473    2.14442630    2.04047335    2.31045637    2.39954680    2.21040147    2.31523706    1.91446609    1.79228784    1.95589716    2.03569997    1.78315512
I5AXH8_EUBCE/270-741     0.58369563    0.63852936    0.58978471    0.00000000    0.53735251    0.74066222    0.64230279    0.92161077    2.16922888    2.51522726    2.32057513    2.30522514    2.25058614    2.19471049    2.04735503    2.53850542    2.50099073    2.31051944    2.34869714    1.92563734    1.77988575    1.98285008    2.07808501    1.90599227
R5YBW9_9FIRM/269-739     0.55394648    0.53059796    0.49738566    0.53735251    0.00000000    0.64182855    0.54820732    0.77876498    2.03821818    2.39228263    2.34504083    2.39861941    2.23433598    2.24648199    2.12092224    2.35772968    2.45860356    2.24982640    2.29248411    1.90473687    1.80056647    1.97250966    1.99584944    1.90562743
R7MLI4_9FIRM/279-748     0.75051544    0.84408240    0.75966220    0.74066222    0.64182855    0.00000000    0.69478374    0.94886700    2.17817047    2.57734120    2.45961838    2.41529103    2.38454510    2.25670930    2.21538011    2.51553861    2.56583600    2.33931512    2.27426567    2.08397313    2.01583323    2.05126525    1.95634038    1.88724406
R5C7W6_9FIRM/269-739     0.62249085    0.63969595    0.61493473    0.64230279    0.54820732    0.69478374    0.00000000    0.83572878    1.98338354    2.23042552    2.21969605    2.20199400    2.18221630    2.08938691    2.07699912    2.32898107    2.41156879    2.33914352    2.26315447    1.93923429    1.88315752    1.99879874    2.02661345    1.85801625
R7IEX5_9FIRM/29-498     0.89937083    0.90184115    0.89118755    0.92161077    0.77876498    0.94886700    0.83572878    0.00000000    2.21377347    2.70647220    2.50265676    2.53580114    2.37188278    2.43326892    2.31489357    2.57436236    2.56896962    2.48086165    2.47971406    1.95870905    1.97495691    2.08535706    1.98541188    2.18048212
A0A6L8PU14_BACAN/39-526     2.12250752    2.07076505    2.07402857    2.16922888    2.03821818    2.17817047    1.98338354    2.21377347    0.00000000    1.07904004    0.98380794    1.01033717    0.93253579    0.91562812    0.92010840    2.46479189    2.28764067    2.36955542    2.33066093    1.72848373    1.61217968    1.66021103    1.70420958    1.76068444
K8E7N7_CARML/38-523     2.48268805    2.33583862    2.28483129    2.51522726    2.39228263    2.57734120    2.23042552    2.70647220    1.07904004    0.00000000    1.07133418    1.10557833    1.05484976    1.09499423    1.06071612    2.62962374    2.51751648    2.61514701    2.65862641    2.10602524    1.87342067    1.99639613    2.02784650    2.19492958
YCEG_BACSU/39-525     2.31549866    2.15571704    2.14243671    2.32057513    2.34504083    2.45961838    2.21969605    2.50265676    0.98380794    1.07133418    0.00000000    0.53229142    0.46341755    0.91269544    0.77369406    2.50143120    2.43427700    2.41406261    2.71474473    1.88039389    1.66966056    1.72077006    1.85717265    1.91440136
A8F9P9_BACP2/40-526     2.25561785    2.13082539    2.25879850    2.30522514    2.39861941    2.41529103    2.20199400    2.53580114    1.01033717    1.10557833    0.53229142    0.00000000    0.45989807    0.93396789    0.87089694    2.45642219    2.45283786    2.41950293    2.58634440    1.92108383    1.69228248    1.80667661    1.80937671    1.77421884
Q65NP6_BACLD/38-524     2.19641467    2.05195489    2.04131473    2.25058614    2.23433598    2.38454510    2.18221630    2.37188278    0.93253579    1.05484976    0.46341755    0.45989807    0.00000000    0.88991178    0.79244767    2.35128074    2.40046464    2.23429385    2.52776840    1.82555741    1.65941000    1.79633850    1.84739394    1.78689112
N0B1T9_9BACI/42-530     2.18484376    2.15221726    2.14442630    2.19471049    2.24648199    2.25670930    2.08938691    2.43326892    0.91562812    1.09499423    0.91269544    0.93396789    0.88991178    0.00000000    0.51872716    2.51793172    2.40490807    2.27848085    2.62289589    1.88516708    1.65008454    1.82806372    1.83298518    1.90915628
U5LCI0_9BACI/42-530     2.05454040    2.05968723    2.04047335    2.04735503    2.12092224    2.21538011    2.07699912    2.31489357    0.92010840    1.06071612    0.77369406    0.87089694    0.79244767    0.51872716    0.00000000    2.47145626    2.44916527    2.29219059    2.60080768    1.83856444    1.57271628    1.80695474    1.74496718    1.74925457
Q186J4_CLOD6/26-505     2.41651235    2.44962756    2.31045637    2.53850542    2.35772968    2.51553861    2.32898107    2.57436236    2.46479189    2.62962374    2.50143120    2.45642219    2.35128074    2.51793172    2.47145626    0.00000000    0.70802208    1.56847095    1.92754605    1.98728773    1.84525495    1.73932725    2.06670145    1.92226960
R5X1M8_9CLOT/29-508     2.52227088    2.37331383    2.39954680    2.50099073    2.45860356    2.56583600    2.41156879    2.56896962    2.28764067    2.51751648    2.43427700    2.45283786    2.40046464    2.40490807    2.44916527    0.70802208    0.00000000    1.69363498    1.78495289    2.05451157    1.88673644    1.69437330    2.05636884    1.92682910
F2JGL9_CELLD/5-505     2.33885016    2.24301218    2.21040147    2.31051944    2.24982640    2.33931512    2.33914352    2.48086165    2.36955542    2.61514701    2.41406261    2.41950293    2.23429385    2.27848085    2.29219059    1.56847095    1.69363498    0.00000000    1.62461025    1.80896699    1.68513307    1.75124374    1.75599794    1.73084184
D1AI74_SEBTE/32-511     2.26120651    2.22181175    2.31523706    2.34869714    2.29248411    2.27426567    2.26315447    2.47971406    2.33066093    2.65862641    2.71474473    2.58634440    2.52776840    2.62289589    2.60080768    1.92754605    1.78495289    1.62461025    0.00000000    2.04853851    1.93521893    1.96525538    2.05818932    1.71465140
A8MM89_ALKOO/43-525     1.94965414    1.94798746    1.91446609    1.92563734    1.90473687    2.08397313    1.93923429    1.95870905    1.72848373    2.10602524    1.88039389    1.92108383    1.82555741    1.88516708    1.83856444    1.98728773    2.05451157    1.80896699    2.04853851    0.00000000    1.17459627    1.12608891    1.43466512    1.35458226
A0Q3D9_CLONN/322-819     1.77564467    1.78069153    1.79228784    1.77988575    1.80056647    2.01583323    1.88315752    1.97495691    1.61217968    1.87342067    1.66966056    1.69228248    1.65941000    1.65008454    1.57271628    1.84525495    1.88673644    1.68513307    1.93521893    1.17459627    0.00000000    0.72608683    1.13602715    1.08731293
Q891Y3_CLOTE/41-534     2.05217283    2.07127810    1.95589716    1.98285008    1.97250966    2.05126525    1.99879874    2.08535706    1.66021103    1.99639613    1.72077006    1.80667661    1.79633850    1.82806372    1.80695474    1.73932725    1.69437330    1.75124374    1.96525538    1.12608891    0.72608683    0.00000000    1.05065594    1.02401249
I4D680_DESAJ/304-803     2.09892361    1.99460878    2.03569997    2.07808501    1.99584944    1.95634038    2.02661345    1.98541188    1.70420958    2.02784650    1.85717265    1.80937671    1.84739394    1.83298518    1.74496718    2.06670145    2.05636884    1.75599794    2.05818932    1.43466512    1.13602715    1.05065594    0.00000000    1.23813176
Q97J76_CLOAB/315-811     1.75063809    1.88183261    1.78315512    1.90599227    1.90562743    1.88724406    1.85801625    2.18048212    1.76068444    2.19492958    1.91440136    1.77421884    1.78689112    1.90915628    1.74925457    1.92226960    1.92682910    1.73084184    1.71465140    1.35458226    1.08731293    1.02401249    1.23813176    0.00000000

