25
F8E5V0_FLESM/2-58     0.00000000    1.14613670    0.99187717    1.11154882    1.21709619    1.08312729    1.44620055    1.41663217    1.26777883    1.23534225    1.08904830    0.92606067    1.29901486    1.25427124    1.21709036    1.13553011    1.84874810    1.25781451    1.33781895    1.85300659    1.56034139    1.37612134    1.64991252    1.65199501    1.25305418
Q3A6Y7_PELCD/1-57     1.14613670    0.00000000    1.06626287    1.09229663    1.03404996    1.16020600    1.12822910    1.19943080    1.01013181    1.11353297    1.35441024    1.28116610    1.43533016    1.03895182    1.35781868    1.12409398    1.49081499    1.50498900    1.80142322    1.91414020    2.28215039    2.31802879    1.93855883    2.00833151    1.29656335
W6SIN0_9CLOT/1-57     0.99187717    1.06626287    0.00000000    0.59375465    0.86555344    0.97151398    0.89860178    1.06246562    1.02582271    1.00924993    0.82063942    1.12441687    1.11043295    1.30030966    1.47275755    1.19428153    1.60100792    1.10674257    1.79937875    1.48478783    1.30052637    1.58380446    1.75856341    1.67354133    1.43452845
Q8XK01_CLOPE/1-57     1.11154882    1.09229663    0.59375465    0.00000000    1.10275822    1.20595504    0.84356769    1.32256541    1.10629109    0.92386013    1.04768589    1.24929749    1.41852808    1.42575142    1.54946966    1.36409570    1.55107368    1.13373256    1.78291559    2.10156547    1.97943903    1.92749257    1.71183176    1.77304214    1.19493382
D3P9R0_DEFDS/2-58     1.21709619    1.03404996    0.86555344    1.10275822    0.00000000    1.02314405    1.19784492    1.31240202    0.76093508    0.74086669    0.78755646    1.22099134    1.00989671    1.57447367    1.45087274    1.05717015    1.70685170    0.93488677    1.83176682    2.50751398    1.89356475    2.06237667    2.10750867    2.20276205    1.80021111
A6TVU8_ALKMQ/1-57     1.08312729    1.16020600    0.97151398    1.20595504    1.02314405    0.00000000    0.80902282    0.94321069    0.89424721    0.79956732    0.70601406    1.62124687    1.18650659    1.45694118    1.62402488    1.19071691    1.31827447    1.57962587    1.84504976    1.97235663    1.67637595    1.89154868    2.36731011    2.21076210    1.65189607
R5XCB2_9CLOT/1-57     1.44620055    1.12822910    0.89860178    0.84356769    1.19784492    0.80902282    0.00000000    0.64958769    0.81745511    0.98874311    1.15058248    1.50346339    1.77791583    1.54189020    1.72254157    1.14716837    1.51258110    1.24777430    2.03019416    1.99850285    1.75524796    1.69852974    2.10653463    2.21575960    1.49342534
Q186R2_CLOD6/4-60     1.41663217    1.19943080    1.06246562    1.32256541    1.31240202    0.94321069    0.64958769    0.00000000    1.20967156    1.03595770    1.24186892    1.69104559    1.75287477    1.75789089    1.80138988    1.37284999    1.89030926    1.59894630    2.18447733    1.81050446    1.70765322    1.63713120    1.84958450    1.88343909    2.35547377
Q893R1_CLOTE/1-57     1.26777883    1.01013181    1.02582271    1.10629109    0.76093508    0.89424721    0.81745511    1.20967156    0.00000000    0.69460529    0.79775813    1.62295394    1.81923367    1.72034777    2.14174581    1.41534824    2.05997353    1.47234012    2.01571387    2.54979639    1.99873408    2.65703008    2.67390083    2.60217792    2.00856981
A5N8P9_CLOK5/1-57     1.23534225    1.11353297    1.00924993    0.92386013    0.74086669    0.79956732    0.98874311    1.03595770    0.69460529    0.00000000    0.55365263    1.58108636    1.10127263    1.59541729    1.65092328    1.34398535    1.95384350    1.40311496    1.76093790    1.98323480    1.73737549    1.98962711    1.63904834    1.72508581    1.87602630
Q97F32_CLOAB/1-57     1.08904830    1.35441024    0.82063942    1.04768589    0.78755646    0.70601406    1.15058248    1.24186892    0.79775813    0.55365263    0.00000000    1.31589083    1.30104298    1.49024747    1.83080423    1.23026177    1.70528193    1.12993295    1.59599423    1.67553214    1.43591603    1.75382368    1.77080417    1.96573373    1.73031651
A1AQ25_PELPD/2-58     0.92606067    1.28116610    1.12441687    1.24929749    1.22099134    1.62124687    1.50346339    1.69104559    1.62295394    1.58108636    1.31589083    0.00000000    1.33084374    0.76860750    1.03303947    0.93009325    1.75789464    1.17897683    1.75412640    1.72442940    1.64670586    1.88645724    1.85022948    1.96145092    1.23713480
D4H1A3_DENA2/1-57     1.29901486    1.43533016    1.11043295    1.41852808    1.00989671    1.18650659    1.77791583    1.75287477    1.81923367    1.10127263    1.30104298    1.33084374    0.00000000    1.22296154    1.28642298    1.40080043    2.57356892    1.60767460    1.89059463    1.97781447    2.17312561    2.20726067    2.08944208    2.34784867    1.77026190
B3E965_GEOLS/1-57     1.25427124    1.03895182    1.30030966    1.42575142    1.57447367    1.45694118    1.54189020    1.75789089    1.72034777    1.59541729    1.49024747    0.76860750    1.22296154    0.00000000    1.04031132    1.07354699    1.79913221    1.44895385    1.89341927    1.24240478    1.79066015    2.55402003    1.77354282    2.05975232    1.31752774
M1P9Z0_DESSD/2-56     1.21709036    1.35781868    1.47275755    1.54946966    1.45087274    1.62402488    1.72254157    1.80138988    2.14174581    1.65092328    1.83080423    1.03303947    1.28642298    1.04031132    0.00000000    1.35817320    2.32049320    1.35257321    1.81638036    2.04003835    2.05352991    2.07446616    2.38112190    2.53716469    1.25086958
E4TIG1_CALNY/2-57     1.13553011    1.12409398    1.19428153    1.36409570    1.05717015    1.19071691    1.14716837    1.37284999    1.41534824    1.34398535    1.23026177    0.93009325    1.40080043    1.07354699    1.35817320    0.00000000    1.43224961    1.19684709    1.78677559    2.12777893    1.82989517    2.18426682    2.28934237    2.35303231    1.62869938
M4YP45_THEXX/1-54     1.84874810    1.49081499    1.60100792    1.55107368    1.70685170    1.31827447    1.51258110    1.89030926    2.05997353    1.95384350    1.70528193    1.75789464    2.57356892    1.79913221    2.32049320    1.43224961    0.00000000    1.57644012    1.67531695    2.01675152    1.62849792    1.86647544    2.30916095    2.45117413    1.38079293
A7I2J2_CAMHC/1-56     1.25781451    1.50498900    1.10674257    1.13373256    0.93488677    1.57962587    1.24777430    1.59894630    1.47234012    1.40311496    1.12993295    1.17897683    1.60767460    1.44895385    1.35257321    1.19684709    1.57644012    0.00000000    1.05637819    1.26977209    1.24931704    1.28109102    1.31649990    1.49569542    1.18342404
G0VMM4_MEGEL/1-55     1.33781895    1.80142322    1.79937875    1.78291559    1.83176682    1.84504976    2.03019416    2.18447733    2.01571387    1.76093790    1.59599423    1.75412640    1.89059463    1.89341927    1.81638036    1.78677559    1.67531695    1.05637819    0.00000000    1.35211271    1.21861280    1.61872596    1.24790656    1.12736214    1.50860437
D3UJA0_HELM1/1-57     1.85300659    1.91414020    1.48478783    2.10156547    2.50751398    1.97235663    1.99850285    1.81050446    2.54979639    1.98323480    1.67553214    1.72442940    1.97781447    1.24240478    2.04003835    2.12777893    2.01675152    1.26977209    1.35211271    0.00000000    0.53698389    1.34645336    1.16696544    1.38126792    1.36682694
Q0P9K6_CAMJE/2-58     1.56034139    2.28215039    1.30052637    1.97943903    1.89356475    1.67637595    1.75524796    1.70765322    1.99873408    1.73737549    1.43591603    1.64670586    2.17312561    1.79066015    2.05352991    1.82989517    1.62849792    1.24931704    1.21861280    0.53698389    0.00000000    1.25102940    1.25971971    1.24935399    1.65612960
R6PJT0_9FIRM/1-56     1.37612134    2.31802879    1.58380446    1.92749257    2.06237667    1.89154868    1.69852974    1.63713120    2.65703008    1.98962711    1.75382368    1.88645724    2.20726067    2.55402003    2.07446616    2.18426682    1.86647544    1.28109102    1.61872596    1.34645336    1.25102940    0.00000000    1.17101697    1.01287058    1.30128667
U5MSK2_CLOSA/1-58     1.64991252    1.93855883    1.75856341    1.71183176    2.10750867    2.36731011    2.10653463    1.84958450    2.67390083    1.63904834    1.77080417    1.85022948    2.08944208    1.77354282    2.38112190    2.28934237    2.30916095    1.31649990    1.24790656    1.16696544    1.25971971    1.17101697    0.00000000    0.23398614    1.59965662
M1LZE0_9CLOT/1-58     1.65199501    2.00833151    1.67354133    1.77304214    2.20276205    2.21076210    2.21575960    1.88343909    2.60217792    1.72508581    1.96573373    1.96145092    2.34784867    2.05975232    2.53716469    2.35303231    2.45117413    1.49569542    1.12736214    1.38126792    1.24935399    1.01287058    0.23398614    0.00000000    1.76644257
R6U3J4_9CLOT/1-57     1.25305418    1.29656335    1.43452845    1.19493382    1.80021111    1.65189607    1.49342534    2.35547377    2.00856981    1.87602630    1.73031651    1.23713480    1.77026190    1.31752774    1.25086958    1.62869938    1.38079293    1.18342404    1.50860437    1.36682694    1.65612960    1.30128667    1.59965662    1.76644257    0.00000000

