67
Q2SED4_HAHCH/115-253     0.00000000    3.76310100    3.38010341    2.93360022    2.78797265    3.11013765    3.24143138    2.86844507    2.87711597    3.12051687    3.22538822    3.08408941    2.91097851    3.20492883    3.39859634    4.37662479    3.87754479    3.87754479    2.71773688    2.77324553    3.40823030    2.39116830    2.39116830    2.47493251    3.02107672    2.68799393    2.87609047    3.93868387    3.04722491    4.83800323    4.30907974    3.86017343    3.99498597    4.08522602    2.85249710    2.79764852    2.79271266    2.48822986    3.56199751    3.20936865    4.17896910    2.67646246    4.05360896    3.39128964    3.21687547    2.44212463    2.96787262    3.17204947    3.21062492    3.97795759    2.80547720    2.55958329    4.16948802    4.07224510    3.22027501    3.22027501    3.29433469    2.73443686    2.98265786    3.33705932    2.92530017    3.09742156    3.07663044    3.20213451    3.63041142    3.66786813    3.16863094
Q2SPA9_HAHCH/25-133     3.76310100    0.00000000    2.66386693    2.98742540    2.53710020    3.06677585    3.10281857    2.94458080    2.78279580    3.10785053    3.32416086    2.98444213    2.99799197    2.95921442    2.85187928    4.29860252    3.59345456    3.59345456    2.61529398    2.90926496    3.44829320    2.09473574    2.09473574    2.19757797    2.84913718    2.56610777    3.26951022    3.16725097    2.87958767    3.26055442    3.16544882    3.03861928    3.52323382    3.42664382    4.59162320    2.50885276    3.39912795    3.13001432    2.86318448    4.20713463    4.15153693    3.11532726    2.86311840    3.37207005    3.04315089    2.80738487    2.82116327    3.17082248    2.47883543    2.93827627    2.92733072    3.35727459    3.84916968    3.66093943    3.68616218    3.68616218    3.77949664    3.51068296    3.28853582    3.07419401    3.51237684    2.94752705    4.10862106    3.93540167    3.29062894    4.41986298    3.79312714
F9YPK9_CAPCC/1533-1646     3.38010341    2.66386693    0.00000000    1.11348750    2.28851843    2.82294682    2.83412453    3.17441711    2.84477333    3.16419053    3.06316477    2.89953270    3.05944962    3.05946400    3.72833434    4.11883986    3.72972322    3.72972322    3.15113798    3.11409255    4.95642259    3.10075454    3.10075454    3.19614226    3.46269322    3.29439729    3.46264515    4.05366762    3.71270269    2.72112730    3.07285368    3.51051212    5.02962875    4.68087125    2.69997763    2.50607955    4.10710762    3.65203759    3.77453183   20.00000000    6.24593406    3.47442077    3.13731540    2.72857321    4.05493783    3.54288517    3.09164446    3.21586901    3.94601111    5.22692086    3.28388156    3.69979474    4.11782256    3.68935103    3.02415041    3.02415041    3.77893924    3.30146628    3.54891650    3.64662536    3.73097231    3.33573540    3.76364528    3.72648128    4.55549913    3.62770988    3.82348332
F9YW06_CAPCC/8-123     2.93360022    2.98742540    1.11348750    0.00000000    2.63619375    2.77314242    2.85777756    3.09660953    2.60772345    3.10143142    2.92988573    2.69366215    2.78873784    2.87304832    4.78845104    3.54441305    2.99693758    2.99693758    2.44963160    2.80369133    3.52958205    2.22341778    2.22341778    2.30613671    2.23065758    2.28850020    2.45816957    3.49169934    3.60244091    3.14832252    2.98482543    2.55482527    3.73610878    4.00065283    2.35334601    2.33950031    3.37995086    2.97861110    3.84971805    5.81612619    4.51330587    2.77094353    2.84748309    2.67121147    3.07404905    2.62979464    2.23829677    2.87939951    2.98789907    4.48738301    3.12827802    3.00251194    4.12377560    4.45169100    3.37422160    3.37422160    3.92845633    3.24774459    2.97274111    3.16302469    3.30987136    3.42518162    3.89180070    3.71391531    3.75185755    3.37032629    3.80840734
F9YVS2_CAPCC/180-281     2.78797265    2.53710020    2.28851843    2.63619375    0.00000000    2.77098637    3.30930016    3.76774490    3.97784596    5.07802147    4.50712323    4.29696840    4.59134835    4.01364756    2.86298591    4.17687458    3.90354104    3.90354104    2.13550287    2.19049249    2.96199980    3.43176693    3.43176693    3.08669312    2.79176892    2.70744968    4.00908862    3.60822016    3.23849866    3.02136896    3.44892250    3.73710693    3.93387692    3.69223120    2.43126375    2.62747002    3.20052660    3.04414009    3.82843668    4.09593137    4.32494433    3.04105940    3.30673171    3.00969589    2.77397318    3.49848993    3.85416573    3.54343515    3.64202121    3.28066220    3.86930495    4.13724627    3.37616088    3.77830978    3.14331524    3.14331524    3.70409130    2.73660985    3.21741430    3.06418705    2.80962656    2.87323381    3.05663971    2.87902395    3.44159789    2.99903420    3.74154164
Q2G616_NOVAD/3-122     3.11013765    3.06677585    2.82294682    2.77314242    2.77098637    0.00000000    2.54409366    2.88413382    2.45597158    2.58950148    2.91736915    2.61282178    2.57902318    2.34668052    3.32278519    3.84622216    3.74779767    3.74779767    2.68454764    3.18884389    3.32701149    2.77192019    2.77192019    2.75542103    3.01149179    2.61421848    2.40198172    3.35651952    3.74994594    2.65428890    2.73845491    3.58723594    3.56759907    4.38882516    3.25733599    2.62607225    3.35535153    2.78384622    3.23430441    3.19449070    3.93986144    2.66992305    3.02648575    2.13712288    3.09842399    3.03490233    2.94482657    2.81807554    2.45242529    3.51477975    2.65344092    3.01820753    2.67167764    3.05835275    2.84000308    2.84000308    3.08835654    2.41652334    2.23691570    2.02220532    2.50054930    2.66888903    2.75754365    2.55904114    2.44913304    2.75236277    2.51212301
D0LTA7_HALO1/750-875     3.24143138    3.10281857    2.83412453    2.85777756    3.30930016    2.54409366    0.00000000    1.21812180    1.27129326    1.16822357    1.24711488    1.08355190    1.14586226    1.08392605    2.62085507    3.97607951    4.09055652    4.09055652    3.28834703    3.10480977    3.34335557    2.05664986    2.05664986    2.50088567    2.93135394    2.74269463    2.65852875    4.23929997    3.78542538    3.46777877    5.64505575    5.76132783    5.25521726    4.44394083    3.15275937    3.11213179    3.95760286    4.11015151    4.09145401    5.15394598    3.58049823    3.68237098    3.55033692    2.93912451    3.59272323    5.05427128    4.27956348    3.34012314    2.96822427    4.43993676    3.43538245    4.17113614    3.08385743    3.37165562    3.04444761    3.04444761    3.04531369    2.88367613    2.35132916    2.56236879    2.68702580    2.99505753    3.73329448    3.36835529    2.80733568    2.70816116    2.81242419
D0LKQ6_HALO1/813-930     2.86844507    2.94458080    3.17441711    3.09660953    3.76774490    2.88413382    1.21812180    0.00000000    1.39214505    1.16220261    1.25985451    1.13737562    1.15679020    1.20926051    2.35142648    3.73443322    2.96622186    2.96622186    3.04429092    3.43010331    3.46884124    2.37968431    2.37968431    2.62528783    3.43556825    2.93563789    3.04850426    4.54517773    4.50971012    3.00941163    3.26763904    3.27485921    4.23649315    3.10353294    3.58764002    3.64050503    4.25253922    4.12252655    6.34377623    5.76817500    4.25839565    4.16658528    3.64965802    3.04351462    3.27782043    3.53967464    4.66007761    3.62575930    3.23116418    3.73004128    3.49058175    4.03337014    3.03030544    3.24242230    2.91827797    2.91827797    2.91891012    2.43996166    2.34568739    2.44865082    2.64210721    3.23502549    3.09271776    2.99640298    2.76842893    3.00577588    3.10442065
D0LHG4_HALO1/677-803     2.87711597    2.78279580    2.84477333    2.60772345    3.97784596    2.45597158    1.27129326    1.39214505    0.00000000    0.58499355    0.66264622    0.71869733    0.57173473    0.58188379    3.21386740    2.92727173    3.55201137    3.55201137    3.14301867    2.87678995    3.59238800    2.12361367    2.12361367    2.61299427    3.07955715    2.48879486    2.33203790    4.75489133    5.22671202    3.50491286    4.24489132    3.08461830    4.04094774    3.74179132    3.12508181    3.83312064    3.86812457    3.21777532    5.26027234    6.48889900    4.99257439    3.18216529    3.68119143    2.70393819    3.99918604    3.54578692    3.55886853    3.75282627    3.20253975    3.96960104    2.46137239    3.17857731    2.91479514    3.48800322    3.22376215    3.22376215    3.71649998    3.07203209    2.82930102    2.91599143    3.18872043    3.37043501    4.72290672    3.14538422    3.02621069    3.24009445    3.14132585
D0LLJ7_HALO1/619-744     3.12051687    3.10785053    3.16419053    3.10143142    5.07802147    2.58950148    1.16822357    1.16220261    0.58499355    0.00000000    0.40047163    0.43349667    0.39293458    0.44018651    2.97730327    4.29234946    4.98942696    4.98942696    3.23455579    2.92346522    3.82179640    2.14756722    2.14756722    2.75301958    3.54612280    3.05562359    2.93343045    4.38117727    4.78502639    3.21655388    3.79168126    2.63716583    3.67918376    3.26958121    2.81374985    3.51846786    3.43993998    3.24293842    7.86467627    4.29427963    4.18012187    4.83993864    3.60949151    3.12913611    4.09882629    2.94669365    3.98537415    4.27424819    4.07367198    3.83855092    2.77564010    3.09453902    3.20392316    3.60585804    2.93499441    2.93499441    3.09977336    2.67003155    2.69528980    2.28725119    2.54124153    2.83483091    3.22443104    2.72714820    2.50931166    3.06660692    2.47098166
D0LIF3_HALO1/558-683     3.22538822    3.32416086    3.06316477    2.92988573    4.50712323    2.91736915    1.24711488    1.25985451    0.66264622    0.40047163    0.00000000    0.48854938    0.36062560    0.44022938    2.71294152    3.44480292    3.63421017    3.63421017    2.85643481    3.06503341    3.82779161    2.08356165    2.08356165    2.72417324    3.77317955    2.91468436    2.84147098    4.58662732    7.85871343    3.30157615    3.83474009    2.86070449    3.66552101    3.34413244    2.95281134    3.82294168    3.37284090    3.61505328    7.37324426    6.45157558    4.04864954    4.42125068    3.77642139    2.92883960    3.70054500    3.17362858    3.63329976    3.83270830    4.98858900    2.90788210    2.58427104    3.01285424    3.75411787    3.42489429    3.03069174    3.03069174    3.64395021    2.78136367    2.62374641    2.86626365    3.15389529    2.73143558    3.47985423    3.86059627    2.72719924    3.55980642    3.26267463
D0LJ11_HALO1/688-813     3.08408941    2.98444213    2.89953270    2.69366215    4.29696840    2.61282178    1.08355190    1.13737562    0.71869733    0.43349667    0.48854938    0.00000000    0.30605605    0.37597351    2.36097844    3.34575791    3.16482796    3.16482796    3.07635855    2.41412172    3.73480902    2.21093526    2.21093526    2.60389269    2.95371535    2.68922467    2.72159467    3.40432628    4.43169466    3.31078723    3.75784211    2.55623096    3.08751330    2.76999326    2.95100238    2.82625803    2.96492923    2.82833159    5.99103622    3.26925001    3.45076412    5.10936308    3.80234707    2.94743263    3.75503783    2.59088510    3.37669336    3.74129676    3.56279868    3.43329122    3.06146915    3.21174942    2.81618736    3.12132168    3.11934413    3.11934413    3.24855749    2.59941117    2.34205092    2.49639419    2.26601274    2.92176488    3.02651669    3.44569198    2.42584167    3.10507589    2.81843256
D0LNH0_HALO1/697-822     2.91097851    2.99799197    3.05944962    2.78873784    4.59134835    2.57902318    1.14586226    1.15679020    0.57173473    0.39293458    0.36062560    0.30605605    0.00000000    0.20896195    2.54792230    3.47664978    3.24760785    3.24760785    3.03627563    2.61414119    3.72780215    2.24361478    2.24361478    2.86365927    3.26818430    2.88459395    2.75258038    3.88322841    5.17442383    3.54523382    3.90277548    2.70440094    3.67460553    3.18139215    2.96226414    2.78736442    2.86064805    3.17244395    5.64599900    3.38983352    3.85206932    4.53524838    3.54491834    2.81007626    3.94497115    3.25712361    3.48136994    3.61356027    4.42886949    3.03925047    2.71677064    2.95677230    3.36399747    3.69739311    3.03548929    3.03548929    3.43834967    2.47701010    2.33108257    2.65137396    2.62289469    2.52574147    3.11045328    3.35965248    2.50824605    3.00716451    2.84216058
D0LZ57_HALO1/238-363     3.20492883    2.95921442    3.05946400    2.87304832    4.01364756    2.34668052    1.08392605    1.20926051    0.58188379    0.44018651    0.44022938    0.37597351    0.20896195    0.00000000    2.53033953    3.55653863    2.86729439    2.86729439    2.98538065    2.48215429    3.20726205    2.24419285    2.24419285    2.79512989    3.06002906    2.57177236    3.02618919    3.68377553    3.96410316    3.28347500    3.56083915    2.75051641    3.31540482    2.92731759    2.92458225    3.12556639    3.55714562    3.13143635    5.85180016    3.63185141    4.74469099    4.13295666    3.77007275    2.75919193    3.91483620    3.33042253    3.87881868    3.68510459    3.98640040    2.90770363    2.53239247    2.85172411    3.23581298    3.52004493    2.95903723    2.95903723    3.17456262    2.64180533    2.49544041    2.46126046    2.51516525    2.44040682    2.77489945    3.08715815    2.37848539    2.88383728    2.80478007
E3FLQ2_STIAD/25-135     3.39859634    2.85187928    3.72833434    4.78845104    2.86298591    3.32278519    2.62085507    2.35142648    3.21386740    2.97730327    2.71294152    2.36097844    2.54792230    2.53033953    0.00000000    2.77909758    4.86805243    4.86805243    2.70999555    2.92853098    4.63998424    2.86642113    2.86642113    3.11422942    4.15353474    3.34837304    2.52225035    4.21712554    3.14916360    2.75230751    3.94488282    3.64717381    3.92686767    3.74133268    3.17743763    3.31278938    2.80381693    2.94730231    3.15334943    4.67866312    3.55967095    3.37079429    3.96963638    3.41407138    2.72911689    2.95492835    3.42721763    3.15114165    4.03394001    3.15498418    2.71356126    3.54321651    3.21481567    3.01833965    2.82175362    2.82175362    3.31554592    2.86637998    2.75407262    2.86284018    2.48567257    2.91198671    3.20986845    3.01602394    2.90953996    2.77594760    2.48867645
H8GU39_DEIGI/821-948     4.37662479    4.29860252    4.11883986    3.54441305    4.17687458    3.84622216    3.97607951    3.73443322    2.92727173    4.29234946    3.44480292    3.34575791    3.47664978    3.55653863    2.77909758    0.00000000    4.93845970    4.93845970    3.58770558    3.38715405    3.61602493    3.22016924    3.22016924    3.05519466    4.35152593    3.36482724    3.91597418    3.22375982    3.74695314    2.82014075    2.88682057    4.46520674    5.01452882    5.64024507    3.98216692    5.50891421    3.94747689    3.56659586    4.27075566    6.67941405    4.07008894    3.76491989    3.88499006    4.10680792    3.97862700    4.20651026    6.11128586    3.76373059    4.13496384    3.19648128    3.01046186    3.36451090    3.17553428    3.34320439    3.61814824    3.61814824    3.84161706    4.03114382    4.04751456    3.63169024    3.44160838    3.34758869    5.07274924    3.99196198    3.22890071    4.63122034    3.95724215
F2NX75_TRES6/163-275     3.87754479    3.59345456    3.72972322    2.99693758    3.90354104    3.74779767    4.09055652    2.96622186    3.55201137    4.98942696    3.63421017    3.16482796    3.24760785    2.86729439    4.86805243    4.93845970    0.00000000    0.00000000    2.67652653    3.10068053    2.84547077    2.81547025    2.81547025    2.86841396    3.21007919    2.79103390    3.53080181    3.42772641    3.67982742    3.19372758    3.51080207    3.02554730    3.51009438    3.04612099    3.28291556    4.31454053    4.17677874    3.17243958    4.28900657    4.60678600    4.39702343    2.83468194    3.95441737    2.90812851    4.31613822    3.21142862    3.09745677    3.86164342    3.51729542    3.12002869    3.56729220    3.37479493    3.41394872    3.49207994    2.98579717    2.98579717    3.76096845    2.69584521    2.81923073    2.96300973    3.33141593    3.03337077    2.88944759    3.14532791    3.16785194    3.53479112    3.33327857
F2NX86_TRES6/285-397     3.87754479    3.59345456    3.72972322    2.99693758    3.90354104    3.74779767    4.09055652    2.96622186    3.55201137    4.98942696    3.63421017    3.16482796    3.24760785    2.86729439    4.86805243    4.93845970    0.00000000    0.00000000    2.67652653    3.10068053    2.84547077    2.81547025    2.81547025    2.86841396    3.21007919    2.79103390    3.53080181    3.42772641    3.67982742    3.19372758    3.51080207    3.02554730    3.51009438    3.04612099    3.28291556    4.31454053    4.17677874    3.17243958    4.28900657    4.60678600    4.39702343    2.83468194    3.95441737    2.90812851    4.31613822    3.21142862    3.09745677    3.86164342    3.51729542    3.12002869    3.56729220    3.37479493    3.41394872    3.49207994    2.98579717    2.98579717    3.76096845    2.69584521    2.81923073    2.96300973    3.33141593    3.03337077    2.88944759    3.14532791    3.16785194    3.53479112    3.33327857
R7RAP8_9FIRM/92-203     2.71773688    2.61529398    3.15113798    2.44963160    2.13550287    2.68454764    3.28834703    3.04429092    3.14301867    3.23455579    2.85643481    3.07635855    3.03627563    2.98538065    2.70999555    3.58770558    2.67652653    2.67652653    0.00000000    1.67909390    2.41075140    2.58575823    2.58575823    2.10481701    2.23920493    2.13506991    2.78206558    2.75585561    2.40734990    2.90802728    3.45726389    2.85977019    3.45363038    3.87392682    2.35684640    2.72490568    3.03901275    2.68360782    3.75589845    4.95114462    3.04193079    2.92579162    3.70943428    3.32567256    3.30241667    2.99359454    4.45470800    3.21531491    2.90180498    2.72496357    2.19336464    2.56584868    2.77090821    2.90570089    2.74947064    2.74947064    2.81606424    2.19073568    2.22030659    2.23826176    2.43435619    2.30851257    2.60648691    3.25526195    2.44961505    2.73195335    2.40528769
G8ULB1_TANFA/485-592     2.77324553    2.90926496    3.11409255    2.80369133    2.19049249    3.18884389    3.10480977    3.43010331    2.87678995    2.92346522    3.06503341    2.41412172    2.61414119    2.48215429    2.92853098    3.38715405    3.10068053    3.10068053    1.67909390    0.00000000    1.95992390    1.65231743    1.65231743    1.76322584    2.05842114    1.70420496    2.19877637    3.06130034    2.82219596    3.10537307    2.89449541    3.32119474    3.80180823    3.55300853    2.38057799    2.47704187    2.37312148    2.20142631    3.10012667    3.70184726    2.95050551    2.84867694    3.75173214    2.95967188    2.50071637    2.59447873    2.51377787    2.65041160    3.09267980    2.36357060    2.58638080    2.74450737    2.77503083    2.86320278    2.81201419    2.81201419    3.01074329    2.70859843    2.36730066    2.37437101    2.23395177    2.60882062    2.93962263    3.02222965    2.58995616    2.66478873    3.26971978
B0X8Y0_CULQU/1641-1747     3.40823030    3.44829320    4.95642259    3.52958205    2.96199980    3.32701149    3.34335557    3.46884124    3.59238800    3.82179640    3.82779161    3.73480902    3.72780215    3.20726205    4.63998424    3.61602493    2.84547077    2.84547077    2.41075140    1.95992390    0.00000000    1.82257826    1.82257826    1.54815351    2.38687874    2.22235009    2.60591642    2.73516901    3.02888783    3.10744446    2.80283530    3.28294784    2.97660823    2.87110256    3.02057221    2.41269114    3.24049018    3.05043759    4.28249607    2.96099958    4.20164615    2.45785280    2.90123434    2.29214916    3.59325761    2.32933001    2.23198627    3.08087418    3.16214845    2.42744294    2.47291011    2.92610554    3.39250698    3.13432644    2.72806359    2.72806359    2.66917947    2.18469884    1.97493366    2.28962225    2.41252284    2.67288413    2.83177507    2.78875517    2.21143295    3.13808124    2.45142523
D3VA39_XENNA/1335-1434     2.39116830    2.09473574    3.10075454    2.22341778    3.43176693    2.77192019    2.05664986    2.37968431    2.12361367    2.14756722    2.08356165    2.21093526    2.24361478    2.24419285    2.86642113    3.22016924    2.81547025    2.81547025    2.58575823    1.65231743    1.82257826    0.00000000    0.00000000    0.30449090    0.88138783    0.68129132    0.89981014    2.45454868    2.36640277    3.19513808    2.97355335    3.95761155    3.50269610    3.68153101    2.51901486    2.04355659    2.53883472    2.13084297    3.10023827    2.98909724    2.71993880    2.48527488    2.89866595    2.67043440    1.99678542    2.22445851    2.29233828    2.85211058    3.67492477    2.44680554    2.14735891    2.29073765    3.44233666    2.48184661    2.42710968    2.42710968    2.88519482    2.69833151    2.53803491    2.86735978    3.12161154    2.88369300    3.53852028    3.33977327    2.74530191    3.26809009    2.55538831
D3VAU8_XENNA/42-141     2.39116830    2.09473574    3.10075454    2.22341778    3.43176693    2.77192019    2.05664986    2.37968431    2.12361367    2.14756722    2.08356165    2.21093526    2.24361478    2.24419285    2.86642113    3.22016924    2.81547025    2.81547025    2.58575823    1.65231743    1.82257826    0.00000000    0.00000000    0.30449090    0.88138783    0.68129132    0.89981014    2.45454868    2.36640277    3.19513808    2.97355335    3.95761155    3.50269610    3.68153101    2.51901486    2.04355659    2.53883472    2.13084297    3.10023827    2.98909724    2.71993880    2.48527488    2.89866595    2.67043440    1.99678542    2.22445851    2.29233828    2.85211058    3.67492477    2.44680554    2.14735891    2.29073765    3.44233666    2.48184661    2.42710968    2.42710968    2.88519482    2.69833151    2.53803491    2.86735978    3.12161154    2.88369300    3.53852028    3.33977327    2.74530191    3.26809009    2.55538831
Q6CZ60_PECAS/11-110     2.47493251    2.19757797    3.19614226    2.30613671    3.08669312    2.75542103    2.50088567    2.62528783    2.61299427    2.75301958    2.72417324    2.60389269    2.86365927    2.79512989    3.11422942    3.05519466    2.86841396    2.86841396    2.10481701    1.76322584    1.54815351    0.30449090    0.30449090    0.00000000    0.80516216    0.62436326    0.91778534    2.36954877    2.10482045    3.12632006    3.04158572    3.54828937    3.40020454    3.37503104    2.33056131    2.11348852    2.57882157    1.95346714    2.96195468    3.10446620    3.21214075    2.53899494    2.87329592    2.58705512    2.39832729    2.54789904    2.53146318    2.63992629    2.96921432    2.91962363    2.15821004    2.44429166    3.51192959    2.41618684    2.74730137    2.74730137    3.01166132    2.73698240    2.48052985    2.73440161    2.85624039    2.94656474    3.37708235    3.15883488    2.62041531    3.04627086    2.44025428
Q97M65_CLOAB/622-721     3.02107672    2.84913718    3.46269322    2.23065758    2.79176892    3.01149179    2.93135394    3.43556825    3.07955715    3.54612280    3.77317955    2.95371535    3.26818430    3.06002906    4.15353474    4.35152593    3.21007919    3.21007919    2.23920493    2.05842114    2.38687874    0.88138783    0.88138783    0.80516216    0.00000000    0.44473869    1.20516335    2.77697834    2.51567901    2.96234524    2.93934608    3.26901307    3.71023513    3.89786435    2.41423145    2.30189398    2.66732007    2.25115624    2.87585579    3.55592745    2.82491945    2.86162436    3.32457258    3.21057241    2.76640682    2.89838282    3.09596887    2.88949874    4.02399263    3.23408065    2.48611767    2.18851986    3.70451392    2.85884880    3.12471513    3.12471513    2.67384330    3.22126487    3.09272955    3.06665177    2.98576649    2.65890120    3.27994774    3.10083090    2.38493422    3.19912997    2.70375195
Q9KAE6_BACHD/142-241     2.68799393    2.56610777    3.29439729    2.28850020    2.70744968    2.61421848    2.74269463    2.93563789    2.48879486    3.05562359    2.91468436    2.68922467    2.88459395    2.57177236    3.34837304    3.36482724    2.79103390    2.79103390    2.13506991    1.70420496    2.22235009    0.68129132    0.68129132    0.62436326    0.44473869    0.00000000    0.96567580    2.22532413    2.16503348    2.71550902    2.80716982    3.37419110    3.51675030    3.12354294    2.00243194    2.09351858    2.62686808    1.82485025    2.97571580    3.32863117    2.81441832    2.58470660    2.79482442    2.53412494    3.11637934    2.62314269    2.63137173    2.91934516    3.78041813    2.68446680    2.26683968    2.23908759    3.00538288    2.29087812    2.48941806    2.48941806    2.67205147    2.35756472    2.38365744    2.41322072    2.37919743    2.42840610    2.80915777    2.65774208    2.27052114    3.12821892    2.16231481
S5YEV2_PARAH/1461-1567     2.87609047    3.26951022    3.46264515    2.45816957    4.00908862    2.40198172    2.65852875    3.04850426    2.33203790    2.93343045    2.84147098    2.72159467    2.75258038    3.02618919    2.52225035    3.91597418    3.53080181    3.53080181    2.78206558    2.19877637    2.60591642    0.89981014    0.89981014    0.91778534    1.20516335    0.96567580    0.00000000    2.59694961    2.37594489    3.12885052    3.34701238    3.88221775    3.96044264    4.04487739    2.68215187    1.94196151    3.17006091    2.48526384    3.20777145    3.85113474    3.87792885    3.08155437    4.06214181    3.43263730    2.95622090    2.84849296    2.63512319    2.79739123    3.85899619    3.47773173    2.40997437    2.50228890    3.09890854    2.64043049    3.22713386    3.22713386    3.15806327    2.87991221    2.64884597    3.01851946    3.47504689    2.62307318    3.26327051    3.38876411    2.81872508    2.86518148    2.29242867
F8K562_STREN/1169-1281     3.93868387    3.16725097    4.05366762    3.49169934    3.60822016    3.35651952    4.23929997    4.54517773    4.75489133    4.38117727    4.58662732    3.40432628    3.88322841    3.68377553    4.21712554    3.22375982    3.42772641    3.42772641    2.75585561    3.06130034    2.73516901    2.45454868    2.45454868    2.36954877    2.77697834    2.22532413    2.59694961    0.00000000    0.90510212    2.24804274    1.86487996    2.56296936    2.59608803    2.62246976    2.25971007    1.83363180    2.67760912    2.44726473    3.42204722    3.39938003    4.84435180    3.40398925    3.46876559    3.23576821    2.94923045    2.48022103    2.34073396    3.96399818    3.72086900    3.55822518    3.38690330    3.25387622    2.89558474    3.01086490    3.03341817    3.03341817    3.15375674    2.53545874    2.66501860    2.63277568    2.65714195    2.64919773    3.30073785    3.25451981    2.79257560    2.73082183    2.70901208
U5MQZ0_CLOSA/41-152     3.04722491    2.87958767    3.71270269    3.60244091    3.23849866    3.74994594    3.78542538    4.50971012    5.22671202    4.78502639    7.85871343    4.43169466    5.17442383    3.96410316    3.14916360    3.74695314    3.67982742    3.67982742    2.40734990    2.82219596    3.02888783    2.36640277    2.36640277    2.10482045    2.51567901    2.16503348    2.37594489    0.90510212    0.00000000    2.77326468    2.44744648    3.08302452    2.53913922    2.59944047    2.05551176    1.69392586    2.83075645    2.03794768    2.33511289    3.14834650    5.47623389    3.20873838    3.80370550    3.67047785    2.46754397    2.74638265    3.00460307    3.64413408    2.97395520    3.26314920    3.42148303    3.23118377    2.49250750    2.35436624    2.55721973    2.55721973    2.35836915    2.20162313    2.22767659    2.03904448    2.26137481    2.22573296    2.32294400    2.43060939    2.10499432    2.35317540    2.25782335
C5BUJ2_TERTT/115-225     4.83800323    3.26055442    2.72112730    3.14832252    3.02136896    2.65428890    3.46777877    3.00941163    3.50491286    3.21655388    3.30157615    3.31078723    3.54523382    3.28347500    2.75230751    2.82014075    3.19372758    3.19372758    2.90802728    3.10537307    3.10744446    3.19513808    3.19513808    3.12632006    2.96234524    2.71550902    3.12885052    2.24804274    2.77326468    0.00000000    0.66823670    2.33389737    2.16578779    2.35861582    2.42516832    2.25210397    2.12805356    2.24307498    3.29203620    4.22255345    3.47980500    3.33665790    3.06564852    3.25057823    4.37463050    3.04409900    2.73197868    3.11808709    3.50085038    3.40269737    3.20973017    3.26931752    2.66763161    2.98148234    2.78019665    2.78019665    2.78858354    3.34319533    3.46798144    2.98977995    3.12656050    2.83398997    2.95099827    2.91061247    2.81257240    3.18910099    3.41858135
M5DVU1_9GAMM/114-223     4.30907974    3.16544882    3.07285368    2.98482543    3.44892250    2.73845491    5.64505575    3.26763904    4.24489132    3.79168126    3.83474009    3.75784211    3.90277548    3.56083915    3.94488282    2.88682057    3.51080207    3.51080207    3.45726389    2.89449541    2.80283530    2.97355335    2.97355335    3.04158572    2.93934608    2.80716982    3.34701238    1.86487996    2.44744648    0.66823670    0.00000000    2.10063972    1.92974902    2.22347445    2.08305286    1.92255128    2.26687421    2.13930330    3.13585077    4.14802470    4.70726169    2.63624130    3.45416793    3.27480615    3.27385325    2.57404397    2.96347243    3.78018261    3.92130279    3.30396719    2.94610392    3.16499881    2.12054955    2.61535549    2.50508632    2.50508632    2.17334879    2.36542423    2.52970838    2.24432238    2.27079479    2.66203444    2.34740965    2.54119360    2.38602858    2.65501022    2.91543731
M5DSZ4_9GAMM/72-180     3.86017343    3.03861928    3.51051212    2.55482527    3.73710693    3.58723594    5.76132783    3.27485921    3.08461830    2.63716583    2.86070449    2.55623096    2.70440094    2.75051641    3.64717381    4.46520674    3.02554730    3.02554730    2.85977019    3.32119474    3.28294784    3.95761155    3.95761155    3.54828937    3.26901307    3.37419110    3.88221775    2.56296936    3.08302452    2.33389737    2.10063972    0.00000000    1.76866437    1.58530244    2.02336410    1.74577475    2.44962145    2.05821351    2.99012851    4.08191641    4.81551680    3.72327898    4.59025598    3.99253904    5.61980329    2.34674516    2.69107669    4.48239322    4.01445483    4.86879220    2.92382878    3.48413867    3.36633756    4.25213252    2.98460789    2.98460789    3.10688017    2.90260480    3.02022573    3.15616571    3.11105595    2.78485812    2.82407990    3.00750914    2.78266303    3.60471598    3.05343259
K4KH34_SIMAS/76-181     3.99498597    3.52323382    5.02962875    3.73610878    3.93387692    3.56759907    5.25521726    4.23649315    4.04094774    3.67918376    3.66552101    3.08751330    3.67460553    3.31540482    3.92686767    5.01452882    3.51009438    3.51009438    3.45363038    3.80180823    2.97660823    3.50269610    3.50269610    3.40020454    3.71023513    3.51675030    3.96044264    2.59608803    2.53913922    2.16578779    1.92974902    1.76866437    0.00000000    0.49686555    2.08624713    1.90679701    2.34906025    2.19992588    3.26990290    3.60024496    4.27804221    3.83706473    4.53204547    3.54073791    3.74439977    2.93306480    3.19875240    4.97678805    4.71065753    3.34835005    3.20712019    3.61237903    2.95591507    2.43993744    2.37469632    2.37469632    2.49759118    2.43622427    2.55430655    2.78775266    2.90210459    2.50228077    2.74993332    3.16858463    2.61131989    3.04976026    2.78958223
M5E2E1_9GAMM/81-186     4.08522602    3.42664382    4.68087125    4.00065283    3.69223120    4.38882516    4.44394083    3.10353294    3.74179132    3.26958121    3.34413244    2.76999326    3.18139215    2.92731759    3.74133268    5.64024507    3.04612099    3.04612099    3.87392682    3.55300853    2.87110256    3.68153101    3.68153101    3.37503104    3.89786435    3.12354294    4.04487739    2.62246976    2.59944047    2.35861582    2.22347445    1.58530244    0.49686555    0.00000000    2.12319772    2.12361631    2.49149720    2.11041042    3.53703970    4.73944619    5.65333695    3.66394756    4.69730919    3.39804989    4.10273183    2.90045043    2.67549882    4.68277541    6.13499791    3.22696498    3.25356947    3.64096359    2.55789292    2.53312784    2.10920863    2.10920863    2.28077083    2.04884946    2.29243900    2.52286856    2.59425000    2.25919746    2.40174311    2.76063057    2.13501549    2.66392162    2.30184683
H8GI20_METAL/714-807     2.85249710    4.59162320    2.69997763    2.35334601    2.43126375    3.25733599    3.15275937    3.58764002    3.12508181    2.81374985    2.95281134    2.95100238    2.96226414    2.92458225    3.17743763    3.98216692    3.28291556    3.28291556    2.35684640    2.38057799    3.02057221    2.51901486    2.51901486    2.33056131    2.41423145    2.00243194    2.68215187    2.25971007    2.05551176    2.42516832    2.08305286    2.02336410    2.08624713    2.12319772    0.00000000    1.16035699    1.93721565    1.59002853    2.18173756    2.94754021    2.78602101    2.91936966    3.04641320    2.79997933    3.05744099    2.34097216    2.31661266    2.56904175    3.22366635    3.11827284    2.42775800    2.87495165    2.44388727    2.44363777    2.05319946    2.05319946    2.26898030    2.28360384    2.40139899    2.19427523    2.08320818    2.34664471    2.49903686    2.78686829    2.14296497    2.07462112    2.24635711
Q82R58_STRAW/2255-2358     2.79764852    2.50885276    2.50607955    2.33950031    2.62747002    2.62607225    3.11213179    3.64050503    3.83312064    3.51846786    3.82294168    2.82625803    2.78736442    3.12556639    3.31278938    5.50891421    4.31454053    4.31454053    2.72490568    2.47704187    2.41269114    2.04355659    2.04355659    2.11348852    2.30189398    2.09351858    1.94196151    1.83363180    1.69392586    2.25210397    1.92255128    1.74577475    1.90679701    2.12361631    1.16035699    0.00000000    2.04504537    1.53759155    2.18101267    3.05843493    2.82255274    2.72988878    2.85355024    2.95070485    2.95801642    2.32107338    2.36990610    2.53175509    2.99850846    2.62851985    2.54785615    2.31307878    2.44559055    2.62894452    2.22141641    2.22141641    2.39270909    2.49694924    2.39810949    2.33349114    2.75299856    2.54486254    2.39042531    2.61567045    2.52246924    2.69514046    2.30056067
Q81H88_BACCR/21-127     2.79271266    3.39912795    4.10710762    3.37995086    3.20052660    3.35535153    3.95760286    4.25253922    3.86812457    3.43993998    3.37284090    2.96492923    2.86064805    3.55714562    2.80381693    3.94747689    4.17677874    4.17677874    3.03901275    2.37312148    3.24049018    2.53883472    2.53883472    2.57882157    2.66732007    2.62686808    3.17006091    2.67760912    2.83075645    2.12805356    2.26687421    2.44962145    2.34906025    2.49149720    1.93721565    2.04504537    0.00000000    1.21063804    2.35363167    2.75094884    2.54624498    3.61244594    5.28525580    3.87603340    3.42160016    3.26372391    2.91027613    3.77451180    4.51752218    2.91138679    2.73568891    2.61888058    2.71811412    3.06103013    2.86112922    2.86112922    3.00828339    3.01103551    3.03104715    2.91237753    2.49157868    2.79473254    2.97683898    2.66556769    2.95470064    2.78427714    2.54663668
U5MMI8_CLOSA/91-206     2.48822986    3.13001432    3.65203759    2.97861110    3.04414009    2.78384622    4.11015151    4.12252655    3.21777532    3.24293842    3.61505328    2.82833159    3.17244395    3.13143635    2.94730231    3.56659586    3.17243958    3.17243958    2.68360782    2.20142631    3.05043759    2.13084297    2.13084297    1.95346714    2.25115624    1.82485025    2.48526384    2.44726473    2.03794768    2.24307498    2.13930330    2.05821351    2.19992588    2.11041042    1.59002853    1.53759155    1.21063804    0.00000000    2.18789587    2.55619855    2.91497407    2.52116519    2.84732594    2.50255957    3.08720003    2.06482639    2.36355475    3.02554775    3.78491904    2.74235839    2.34861961    2.37111897    2.73783870    2.76855598    2.33675861    2.33675861    2.70128857    2.70733822    2.64074100    2.51093569    2.39883149    2.72400816    2.61291475    3.00116063    2.35496153    3.03781318    2.75464585
D3F4T5_CONWI/1777-1905     3.56199751    2.86318448    3.77453183    3.84971805    3.82843668    3.23430441    4.09145401    6.34377623    5.26027234    7.86467627    7.37324426    5.99103622    5.64599900    5.85180016    3.15334943    4.27075566    4.28900657    4.28900657    3.75589845    3.10012667    4.28249607    3.10023827    3.10023827    2.96195468    2.87585579    2.97571580    3.20777145    3.42204722    2.33511289    3.29203620    3.13585077    2.99012851    3.26990290    3.53703970    2.18173756    2.18101267    2.35363167    2.18789587    0.00000000    3.40583841    3.18144853    3.17751847    4.03175991    3.98133524    3.43306634    3.22492254    3.44336500    3.60570369    3.58546644    3.85015362    3.27114059    3.06611394    2.53931190    2.59528658    2.45338169    2.45338169    2.38834105    2.60369059    2.81047093    3.14484308    2.79886928    3.09627193    2.53330664    3.45475694    3.05010609    3.55151122    2.90119475
Q8XQT2_RALSO/1407-1507     3.20936865    4.20713463   20.00000000    5.81612619    4.09593137    3.19449070    5.15394598    5.76817500    6.48889900    4.29427963    6.45157558    3.26925001    3.38983352    3.63185141    4.67866312    6.67941405    4.60678600    4.60678600    4.95114462    3.70184726    2.96099958    2.98909724    2.98909724    3.10446620    3.55592745    3.32863117    3.85113474    3.39938003    3.14834650    4.22255345    4.14802470    4.08191641    3.60024496    4.73944619    2.94754021    3.05843493    2.75094884    2.55619855    3.40583841    0.00000000    1.71330193    3.35192760    3.76914053    3.46709779    4.39199782    3.04775705    2.85474103    4.00977348    4.25740794    4.83096549    4.12662138    3.89143087    4.75553911    4.90663093    3.47471681    3.47471681    3.45097567    2.92710443    3.23034630    3.18503068    3.47200156    5.36187129    4.03458495    4.41611352    4.10035842    4.39975066    3.71238015
Q97IJ7_CLOAB/201-304     4.17896910    4.15153693    6.24593406    4.51330587    4.32494433    3.93986144    3.58049823    4.25839565    4.99257439    4.18012187    4.04864954    3.45076412    3.85206932    4.74469099    3.55967095    4.07008894    4.39702343    4.39702343    3.04193079    2.95050551    4.20164615    2.71993880    2.71993880    3.21214075    2.82491945    2.81441832    3.87792885    4.84435180    5.47623389    3.47980500    4.70726169    4.81551680    4.27804221    5.65333695    2.78602101    2.82255274    2.54624498    2.91497407    3.18144853    1.71330193    0.00000000    3.39337833    3.89724561    3.49538256    3.57194293    3.00160009    3.69826772    3.00331564    3.36975524    3.14965261    3.03182672    3.46522928    3.62377701    3.45308452    2.69142414    2.69142414    3.32012641    2.76498063    2.80258184    2.99818967    2.62963568    3.41890150    3.10376664    3.40217278    3.58479554    3.79116576    3.30836614
