8
H2PFE1_PONAB/1066-1170     0.00000000    0.19654818    0.45138326    0.41445888    0.56234264    0.59814120    0.86652915    0.85144016
A0A6I8MZH2_ORNAN/1033-1136     0.19654818    0.00000000    0.37976635    0.40279259    0.45668522    0.48607667    0.74827214    0.85246388
F1NMJ6_CHICK/1085-1192     0.45138326    0.37976635    0.00000000    0.37317917    0.52031676    0.59240659    0.82806951    0.88932437
H9GFZ2_ANOCA/1102-1211     0.41445888    0.40279259    0.37317917    0.00000000    0.44142644    0.54231550    0.83731614    0.87312099
H3A9R2_LATCH/1032-1143     0.56234264    0.45668522    0.52031676    0.44142644    0.00000000    0.28015820    0.59107737    0.69777159
W5N4G7_LEPOC/1078-1184     0.59814120    0.48607667    0.59240659    0.54231550    0.28015820    0.00000000    0.40573462    0.48452846
W5K417_ASTMX/929-1046     0.86652915    0.74827214    0.82806951    0.83731614    0.59107737    0.40573462    0.00000000    0.26358204
F1Q9T1_DANRE/1057-1170     0.85144016    0.85246388    0.88932437    0.87312099    0.69777159    0.48452846    0.26358204    0.00000000

