17
Q87XT3_PSESM/1352-1571     0.00000000    1.80911925    1.50822717    2.44599800    2.65054368    3.04597732    2.40183944    2.30468871    2.07576895    2.06813300    2.37460257    2.20921129    1.62904487    1.76137836    1.72984783    1.68940515    1.71595029
Q88NY1_PSEPK/1155-1375     1.80911925    0.00000000    1.30993841    2.73798500    2.76597659    3.18178340    2.36538398    2.16786040    2.04405683    2.12642218    2.13995299    2.18661181    1.90329479    1.77025144    2.09343160    1.93572241    1.92393697
Q88KC1_PSEPK/1121-1336     1.50822717    1.30993841    0.00000000    2.86285413    2.65489045    2.68399297    2.00338217    2.14992779    2.28789431    2.23377401    2.40079369    2.24624810    1.53347533    1.51935574    2.34342171    1.79861130    1.85818451
Q8XQI9_RALSO/243-450     2.44599800    2.73798500    2.86285413    0.00000000    0.53382732    3.00959872    2.96516795    2.30399659    2.28914213    2.52948748    2.51915550    2.31178273    2.13230058    2.49201458    2.22071743    2.90672991    2.34626333
Q8XQ11_RALSO/97-306     2.65054368    2.76597659    2.65489045    0.53382732    0.00000000    3.01632836    2.68065458    2.37687368    2.43424853    2.54892684    2.52625763    2.33258237    2.36309582    2.41781071    2.46760458    3.36565307    2.65086624
Q8XZP6_RALSO/374-605     3.04597732    3.18178340    2.68399297    3.00959872    3.01632836    0.00000000    2.75271910    2.50487449    2.40198372    2.58185792    2.64818441    2.79863034    2.74358854    2.57957253    3.16185309    2.59321552    2.83284977
Q89TU9_BRADU/327-548     2.40183944    2.36538398    2.00338217    2.96516795    2.68065458    2.75271910    0.00000000    0.66624202    1.11003789    1.08753396    1.19785184    1.24471843    2.34691561    2.32519770    3.08321883    2.38415953    2.46858751
Q89TL5_BRADU/309-518     2.30468871    2.16786040    2.14992779    2.30399659    2.37687368    2.50487449    0.66624202    0.00000000    1.08121199    1.06854339    1.10237314    1.22448698    2.20106998    2.13227493    2.91316222    2.10490179    2.24394639
Q32HH8_SHIDS/145-355     2.07576895    2.04405683    2.28789431    2.28914213    2.43424853    2.40198372    1.11003789    1.08121199    0.00000000    0.86630434    0.85198963    0.92565601    1.83820685    1.87366716    2.32285113    1.90798054    2.22078961
A0A380PKG6_YERPE/331-546     2.06813300    2.12642218    2.23377401    2.52948748    2.54892684    2.58185792    1.08753396    1.06854339    0.86630434    0.00000000    0.83921809    0.82378165    1.94408819    2.01433750    2.51655325    2.13924495    2.20910485
SSPH2_SALTY/502-714     2.37460257    2.13995299    2.40079369    2.51915550    2.52625763    2.64818441    1.19785184    1.10237314    0.85198963    0.83921809    0.00000000    0.74531540    2.08851240    2.06397400    2.57722962    2.45761442    2.25401290
SLRP_SALTY/472-680     2.20921129    2.18661181    2.24624810    2.31178273    2.33258237    2.79863034    1.24471843    1.22448698    0.92565601    0.82378165    0.74531540    0.00000000    2.36147064    2.15044677    2.33324339    2.13310089    2.14526363
Q88K97_PSEPK/1202-1416     1.62904487    1.90329479    1.53347533    2.13230058    2.36309582    2.74358854    2.34691561    2.20106998    1.83820685    1.94408819    2.08851240    2.36147064    0.00000000    1.29138199    2.20353751    1.95776878    1.84636960
Q88K96_PSEPK/1217-1432     1.76137836    1.77025144    1.51935574    2.49201458    2.41781071    2.57957253    2.32519770    2.13227493    1.87366716    2.01433750    2.06397400    2.15044677    1.29138199    0.00000000    2.22860703    1.97930147    2.25462419
Q88JT1_PSEPK/1290-1536     1.72984783    2.09343160    2.34342171    2.22071743    2.46760458    3.16185309    3.08321883    2.91316222    2.32285113    2.51655325    2.57722962    2.33324339    2.20353751    2.22860703    0.00000000    1.86169000    1.93922889
Q886T4_PSESM/1702-1922     1.68940515    1.93572241    1.79861130    2.90672991    3.36565307    2.59321552    2.38415953    2.10490179    1.90798054    2.13924495    2.45761442    2.13310089    1.95776878    1.97930147    1.86169000    0.00000000    1.72005452
Q88KS7_PSEPK/1197-1419     1.71595029    1.92393697    1.85818451    2.34626333    2.65086624    2.83284977    2.46858751    2.24394639    2.22078961    2.20910485    2.25401290    2.14526363    1.84636960    2.25462419    1.93922889    1.72005452    0.00000000

