18
G1QV94_NOMLE/220-286     0.00000000    0.42795624    0.34538296    0.27703490    0.29777768    0.29169819    1.57862638    1.64292853    0.73703600    0.60709273    0.63478212    0.53903037    0.37976583    0.99253776    0.41485341    0.26890910    0.26208716    0.30785083
H0XVS9_OTOGA/210-275     0.42795624    0.00000000    0.59328969    0.44437994    0.55140090    0.65174366    2.05607126    2.26071562    1.23167776    1.06458503    1.12629164    0.97507374    0.72939644    1.53033119    0.89981212    0.67835370    0.56842427    0.63237723
H0XNQ6_OTOGA/142-208     0.34538296    0.59328969    0.00000000    0.32886769    0.33580127    0.41693394    1.72113076    1.98058477    0.92165434    0.75462787    0.93024164    0.67508040    0.51699706    1.30834461    0.56176747    0.46871971    0.47516496    0.59551844
H0XSP5_OTOGA/220-290     0.27703490    0.44437994    0.32886769    0.00000000    0.21110199    0.44328442    1.82669648    1.90622103    0.80655286    0.78007197    0.83660989    0.71821184    0.55518293    0.98222405    0.65085658    0.44732354    0.47066953    0.59639962
H0Y133_OTOGA/219-285     0.29777768    0.55140090    0.33580127    0.21110199    0.00000000    0.44356902    1.56797633    1.84851384    0.77195382    0.75684890    0.93210892    0.66771109    0.52017767    1.03914819    0.54044046    0.45262961    0.40939697    0.54731523
G3UMW0_LOXAF/209-271     0.29169819    0.65174366    0.41693394    0.44328442    0.44356902    0.00000000    1.72207963    1.97263312    0.73728285    0.54744884    0.65002915    0.46360897    0.39530833    1.03429218    0.34269157    0.35288124    0.34775625    0.45213129
A9UQZ6_MONBE/136-196     1.57862638    2.05607126    1.72113076    1.82669648    1.56797633    1.72207963    0.00000000    2.17616110    1.78417279    1.51647669    1.76382901    1.66635663    1.56157327    2.32641314    1.57927395    1.66777479    1.59383058    1.60092205
A7T0M3_NEMVE/136-202     1.64292853    2.26071562    1.98058477    1.90622103    1.84851384    1.97263312    2.17616110    0.00000000    1.96258200    1.61229705    1.90511926    1.71955319    1.79635760    2.39502968    1.71359373    1.67137086    1.74125582    1.43231145
F7FTI4_MONDO/254-319     0.73703600    1.23167776    0.92165434    0.80655286    0.77195382    0.73728285    1.78417279    1.96258200    0.00000000    0.73940258    0.73854757    0.63092521    0.56509553    0.99708880    0.75341202    0.69021786    0.68699289    0.72625932
H0V5N2_CAVPO/183-249     0.60709273    1.06458503    0.75462787    0.78007197    0.75684890    0.54744884    1.51647669    1.61229705    0.73940258    0.00000000    0.47425037    0.35671517    0.31071187    0.71066140    0.65613972    0.64554097    0.63722219    0.83518766
G3H7D3_CRIGR/203-268     0.63478212    1.12629164    0.93024164    0.83660989    0.93210892    0.65002915    1.76382901    1.90511926    0.73854757    0.47425037    0.00000000    0.32991092    0.39046562    0.78795712    0.73048164    0.62444766    0.72135887    0.68614280
DPPA4_RAT/222-288     0.53903037    0.97507374    0.67508040    0.71821184    0.66771109    0.46360897    1.66635663    1.71955319    0.63092521    0.35671517    0.32991092    0.00000000    0.27622142    0.71744802    0.60779083    0.47296980    0.54063289    0.60261133
M3X5S2_FELCA/232-298     0.37976583    0.72939644    0.51699706    0.55518293    0.52017767    0.39530833    1.56157327    1.79635760    0.56509553    0.31071187    0.39046562    0.27622142    0.00000000    0.51335947    0.55677533    0.46392477    0.45428397    0.53311361
G3U585_LOXAF/227-294     0.99253776    1.53033119    1.30834461    0.98222405    1.03914819    1.03429218    2.32641314    2.39502968    0.99708880    0.71066140    0.78795712    0.71744802    0.51335947    0.00000000    1.10651314    0.97486272    1.02596038    0.97962146
DPPA2_MOUSE/211-277     0.41485341    0.89981212    0.56176747    0.65085658    0.54044046    0.34269157    1.57927395    1.71359373    0.75341202    0.65613972    0.73048164    0.60779083    0.55677533    1.10651314    0.00000000    0.36093465    0.40677804    0.45092757
G1Q1K1_MYOLU/209-275     0.26890910    0.67835370    0.46871971    0.44732354    0.45262961    0.35288124    1.66777479    1.67137086    0.69021786    0.64554097    0.62444766    0.47296980    0.46392477    0.97486272    0.36093465    0.00000000    0.26289385    0.37795191
G1TPP0_RABIT/223-289     0.26208716    0.56842427    0.47516496    0.47066953    0.40939697    0.34775625    1.59383058    1.74125582    0.68699289    0.63722219    0.72135887    0.54063289    0.45428397    1.02596038    0.40677804    0.26289385    0.00000000    0.25831186
H0W6V5_CAVPO/170-236     0.30785083    0.63237723    0.59551844    0.59639962    0.54731523    0.45213129    1.60092205    1.43231145    0.72625932    0.83518766    0.68614280    0.60261133    0.53311361    0.97962146    0.45092757    0.37795191    0.25831186    0.00000000

