41
Q82HW5_STRAW/175-338     0.00000000    1.10015560    1.17491134    1.89321659    1.35598252    2.15110034    1.50804843    2.16235382    1.72090628    1.68870830    2.08009890    2.88955286    2.14986385    2.18656522    2.38996206    2.37034300    1.95088919    2.44798085    3.52993980    2.74526255    2.31494440    3.18562215    3.07576590    3.22313309    2.74954423    3.09509820    2.96203693    2.98611936    2.30841538    3.00566102    3.15609579    3.32314032    3.12089297    3.46996094    3.67921375    3.04018197    2.88254904    3.18969183    3.18003707    2.94583073    2.07033624
G2NIQ1_STREK/90-249     1.10015560    0.00000000    1.70630019    2.08854288    1.80162205    2.23523742    1.74929177    1.74542033    1.84146445    2.17760091    2.34436289    2.47343900    2.11893306    2.38908361    2.28779349    2.67449690    2.24530982    2.28400476    3.36709999    2.88292048    2.33241075    3.48837184    3.08975554    3.83671428    3.58201754    3.43420843    2.92750000    3.18069068    2.76553172    3.01140492    3.13698788    3.42435185    3.14923609    3.35984654    3.92316091    4.12495924    4.00308205    4.16191579    3.93419685    4.06812853    2.27486586
D6Y8U1_THEBD/28-193     1.17491134    1.70630019    0.00000000    1.85290794    1.41316121    1.72705826    1.34958050    1.95917449    1.89587572    1.57038688    2.12383659    2.44522885    2.13491941    2.29064525    2.15989539    2.62496127    2.37890271    2.30768013    4.17300621    2.95280145    2.77358498    3.00099606    2.32899050    3.08916173    2.68123660    2.71260225    2.93518191    2.90186326    2.48555501    2.63637370    2.37833403    2.75737718    2.66943879    3.61901870    3.83745089    3.85565349    3.47017832    3.25331492    3.47805080    3.15970267    2.40419738
D1A9I5_THECD/63-218     1.89321659    2.08854288    1.85290794    0.00000000    2.20875341    2.45838054    2.08335063    2.73872335    2.31888696    2.48053184    2.31783520    3.00463272    2.77216033    2.82707644    3.36320003    2.90183474    2.94164060    3.56011666    3.67814063    3.18317244    3.01356678    2.82827218    3.08621193    3.72336680    3.29832264    3.13014624    3.14564054    3.10706250    2.78504760    3.08980916    3.01302896    2.92023113    3.85860917    4.19790524    3.89323822    3.62328088    4.14633929    2.85594951    3.35951954    3.82432104    3.14896028
H5X367_9PSEU/58-214     1.35598252    1.80162205    1.41316121    2.20875341    0.00000000    1.42992808    1.41113859    1.76136299    2.23086750    1.59420873    2.16634418    2.89073040    2.03371539    1.95139876    1.88330500    2.42760387    2.20274706    2.05275216    3.14671239    2.49233345    2.29159523    2.93878238    3.24530010    3.52653577    2.64655378    3.01550254    2.78614726    2.78148673    2.76713530    2.85791710    2.67081987    3.05224317    2.74065929    3.16461958    3.62038087    3.89024655    3.43739565    3.21485622    3.58552951    3.39690925    2.20488261
D2PQH7_KRIFD/67-233     2.15110034    2.23523742    1.72705826    2.45838054    1.42992808    0.00000000    1.10930742    1.95026940    2.06336554    2.01657208    3.02382660    2.78676531    2.60248701    2.58310714    2.22206731    2.99319512    3.09975391    2.39817763    3.49954708    2.95293416    2.33759641    3.17810228    2.97722792    3.16719767    3.04640169    3.00948067    2.77738525    3.05378757    2.77938588    2.84946945    3.21601885    3.08519104    2.86044564    4.04502968    4.01877024    3.45024489    3.09527351    3.16930406    3.28668356    3.04875488    2.19545303
D2PQH8_KRIFD/119-282     1.50804843    1.74929177    1.34958050    2.08335063    1.41113859    1.10930742    0.00000000    1.58203141    1.98160747    1.96169674    2.74295243    2.67487253    2.14830830    2.48498173    2.20399943    2.67205344    2.20080267    2.44519402    3.80081893    3.10507636    2.50893265    3.01538639    3.04343536    3.07767432    2.83813332    2.88305270    2.54591217    2.63630228    2.90607512    2.60951762    2.60869345    2.68150679    2.82574253    3.46907809    3.78617881    3.46780138    3.31390495    3.14119898    3.74712452    3.30142004    1.79712780
D2PQG6_KRIFD/75-280     2.16235382    1.74542033    1.95917449    2.73872335    1.76136299    1.95026940    1.58203141    0.00000000    2.46179117    2.48390883    3.15933825    2.88915783    2.43347825    2.55194871    2.22554003    3.20774646    2.66380118    2.89323463    4.05800141    3.28623857    3.11958225    3.41297279    3.74623264    3.19737615    3.50478510    3.39365443    3.57215521    3.56655561    3.19231687    3.37640657    3.50711252    3.42522604    3.49968187    3.38337254    3.78370164    3.88136310    3.74059756    4.01291997    3.45948874    3.56706617    2.44193257
C7QE01_CATAD/67-234     1.72090628    1.84146445    1.89587572    2.31888696    2.23086750    2.06336554    1.98160747    2.46179117    0.00000000    1.73235849    2.70749981    2.69616350    2.52989247    2.95020537    2.75961877    2.48369262    2.39743571    2.47514945    3.36196594    2.96257191    2.61022287    2.78206534    2.90065797    3.23151848    2.59201233    2.72559068    3.07160741    3.01573052    2.93175053    2.80498205    2.63717177    3.01562784    2.83796035    2.69455157    3.42543668    2.73954725    3.06100644    3.64999906    3.44439736    3.42255678    2.23260845
C8XBM1_NAKMY/148-306     1.68870830    2.17760091    1.57038688    2.48053184    1.59420873    2.01657208    1.96169674    2.48390883    1.73235849    0.00000000    2.57280282    2.80139288    2.45217871    2.58506748    2.66438184    2.57028849    2.73738778    2.49483026    3.37135951    3.04256782    2.73349408    3.07926396    3.09425219    3.62279031    3.42587177    3.52910589    3.42084459    3.37783420    2.78501873    2.24974997    2.52998512    2.86026474    2.56788637    3.37361436    3.36456100    3.44971521    3.15074261    3.12453437    3.91361470    3.37456815    2.22067118
A9G930_SORC5/65-245     2.08009890    2.34436289    2.12383659    2.31783520    2.16634418    3.02382660    2.74295243    3.15933825    2.70749981    2.57280282    0.00000000    2.31630295    1.93779859    2.24282954    2.29101901    2.44487160    2.52637672    2.68794376    4.41148183    2.64398548    2.68036522    2.52471909    2.25735206    3.26267950    2.81233956    2.63404539    3.01576210    2.88548998    2.77147854    2.63372523    2.42869032    2.75160549    2.86278491    3.80519285    3.20795683    3.70842134    3.45074983    3.33052220    3.56221944    3.29386681    2.68573660
E8R5F9_ISOPI/110-272     2.88955286    2.47343900    2.44522885    3.00463272    2.89073040    2.78676531    2.67487253    2.88915783    2.69616350    2.80139288    2.31630295    0.00000000    1.91995478    2.27754011    1.87574836    2.93692450    2.30786766    2.27726690    3.72224994    3.03260723    2.89753527    3.11985515    3.10285744    3.50616298    3.48843895    2.99258014    3.32846920    3.84603267    2.82547118    3.07006464    3.12398730    3.46503921    3.10429703    3.63607867    3.54728693    3.81638894    3.51634883    3.46816907    3.91130391    3.83954103    2.47232923
A0LKC4_SYNFM/180-341     2.14986385    2.11893306    2.13491941    2.77216033    2.03371539    2.60248701    2.14830830    2.43347825    2.52989247    2.45217871    1.93779859    1.91995478    0.00000000    1.25409849    1.11114785    1.90474299    1.97005712    1.58709445    3.61431937    2.57128081    2.50265608    3.05613615    3.00477423    4.57470803    2.94136492    3.34382450    2.92003644    3.31412725    3.33471302    3.54286569    3.23978062    3.53923439    3.36665669    3.92206179    4.13340178    3.89140577    4.30414210    3.74968705    4.83978206    4.49651404    2.47928967
A1STJ5_PSYIN/52-212     2.18656522    2.38908361    2.29064525    2.82707644    1.95139876    2.58310714    2.48498173    2.55194871    2.95020537    2.58506748    2.24282954    2.27754011    1.25409849    0.00000000    1.33047687    2.06666632    1.82702941    1.88475533    3.92968556    3.41143329    2.91482388    3.49742260    2.96821895    3.91833522    3.40384273    3.61918686    3.16048994    3.57419626    3.29031609    3.17669294    3.09720223    3.54416115    3.20715754    3.88636783    3.67899656    4.10172092    3.77304295    3.61625444    4.35787996    3.60845988    2.86902659
K0CE92_ALCDB/71-231     2.38996206    2.28779349    2.15989539    3.36320003    1.88330500    2.22206731    2.20399943    2.22554003    2.75961877    2.66438184    2.29101901    1.87574836    1.11114785    1.33047687    0.00000000    2.52378596    2.02693309    1.75665336    3.67517931    3.02456322    2.68356961    3.19516629    3.25806024    3.57428480    3.23725464    3.69059454    2.82351964    3.08264774    2.89202134    3.12725445    3.16719397    3.30682789    3.19051182    3.65398848    3.57096579    3.80044819    4.06819899    3.88154252    4.78391458    3.97771281    2.27438524
C7M557_CAPOD/47-208     2.37034300    2.67449690    2.62496127    2.90183474    2.42760387    2.99319512    2.67205344    3.20774646    2.48369262    2.57028849    2.44487160    2.93692450    1.90474299    2.06666632    2.52378596    0.00000000    1.73935981    1.41524200    4.21297877    3.44574329    3.26811113    3.49483266    3.21777925    4.29618790    3.87489762    3.95925491    3.50963183    3.72564917    4.06019534    3.72971760    3.18134835    3.68081367    3.43144831    4.43851288    3.20558333    3.79655107    4.16214081    4.14999371    4.47333647    4.16591131    2.95132087
L0FW26_ECHVK/43-208     1.95088919    2.24530982    2.37890271    2.94164060    2.20274706    3.09975391    2.20080267    2.66380118    2.39743571    2.73738778    2.52637672    2.30786766    1.97005712    1.82702941    2.02693309    1.73935981    0.00000000    1.14545419    3.99356815    3.23525914    3.23456025    3.57271885    3.47524919    3.82636033    3.43393263    3.30209302    3.19604203    3.54115875    3.30235672    3.44459275    3.24633248    3.38453219    3.01645369    4.09152252    3.66918455    3.61134183    3.92315627    3.81250729    4.16961474    3.60003777    2.72225641
F4B1Q0_DOKS4/65-227     2.44798085    2.28400476    2.30768013    3.56011666    2.05275216    2.39817763    2.44519402    2.89323463    2.47514945    2.49483026    2.68794376    2.27726690    1.58709445    1.88475533    1.75665336    1.41524200    1.14545419    0.00000000    3.89008431    2.91337458    2.70139718    3.01192171    2.88487946    3.58579928    3.09371727    3.24318409    2.91694657    3.62925327    3.29331337    3.03381241    2.80338616    2.97255175    2.88974109    3.25639448    2.95881906    3.25960258    3.22047809    3.32969665    3.78888365    3.39707612    2.48197126
Q3Z9J1_DEHM1/72-235     3.52993980    3.36709999    4.17300621    3.67814063    3.14671239    3.49954708    3.80081893    4.05800141    3.36196594    3.37135951    4.41148183    3.72224994    3.61431937    3.92968556    3.67517931    4.21297877    3.99356815    3.89008431    0.00000000    2.76213439    3.02862680    3.74112214    3.91039987    3.49607282    3.31832522    3.60500171    3.22690954    3.95841206    3.34783643    3.42008443    3.23498873    3.09906562    2.99627761    4.67360556    4.40162755    3.92898517    3.88101254    3.46109463    3.72958351    3.41886399    4.23637451
C6WDQ4_ACTMD/107-266     2.74526255    2.88292048    2.95280145    3.18317244    2.49233345    2.95293416    3.10507636    3.28623857    2.96257191    3.04256782    2.64398548    3.03260723    2.57128081    3.41143329    3.02456322    3.44574329    3.23525914    2.91337458    2.76213439    0.00000000    0.42078776    0.88208024    0.93109040    1.65112553    0.74779185    0.85504763    1.00757130    1.08611945    0.96379097    1.64638830    1.59390351    1.52047233    1.63425520    2.05718271    2.31596440    1.79704627    2.47593210    2.00801572    2.34016584    2.17594287    2.99077343
K0JRJ9_SACES/107-264     2.31494440    2.33241075    2.77358498    3.01356678    2.29159523    2.33759641    2.50893265    3.11958225    2.61022287    2.73349408    2.68036522    2.89753527    2.50265608    2.91482388    2.68356961    3.26811113    3.23456025    2.70139718    3.02862680    0.42078776    0.00000000    0.98019882    1.04792010    1.58667167    0.75257302    0.92482956    1.00070514    1.05954879    0.90599786    1.48331579    1.70223087    1.62063675    1.63059234    1.77923281    2.61312448    2.10733861    2.50256679    2.20767326    2.38321378    2.34312856    2.77196218
F4CIN7_PSEUX/174-333     3.18562215    3.48837184    3.00099606    2.82827218    2.93878238    3.17810228    3.01538639    3.41297279    2.78206534    3.07926396    2.52471909    3.11985515    3.05613615    3.49742260    3.19516629    3.49483266    3.57271885    3.01192171    3.74112214    0.88208024    0.98019882    0.00000000    0.98103528    1.55058222    0.91983534    1.13244412    0.95135352    1.12987999    0.99672641    1.54131502    1.44222687    1.44827485    1.80833097    2.26487904    2.57775745    2.20622249    2.28545227    2.03977849    2.31931218    2.27760326    2.91783091
A4F603_SACEN/93-256     3.07576590    3.08975554    2.32899050    3.08621193    3.24530010    2.97722792    3.04343536    3.74623264    2.90065797    3.09425219    2.25735206    3.10285744    3.00477423    2.96821895    3.25806024    3.21777925    3.47524919    2.88487946    3.91039987    0.93109040    1.04792010    0.98103528    0.00000000    1.63587132    0.88042154    1.05092927    1.10456494    1.19299261    1.13256472    1.61805395    1.67030619    1.57966027    1.71560387    2.30627043    2.56390750    2.22246432    2.42551169    2.28297911    2.53160696    2.47465278    2.66737865
C8XJW4_NAKMY/137-295     3.22313309    3.83671428    3.08916173    3.72336680    3.52653577    3.16719767    3.07767432    3.19737615    3.23151848    3.62279031    3.26267950    3.50616298    4.57470803    3.91833522    3.57428480    4.29618790    3.82636033    3.58579928    3.49607282    1.65112553    1.58667167    1.55058222    1.63587132    0.00000000    1.63640033    1.75406934    1.99497253    2.04118052    1.53755576    1.81068911    2.02229186    2.35153732    2.25245739    3.09732900    3.04720010    2.57420283    2.52439411    2.21995948    2.36512254    2.59208745    4.12159026
H5X0D4_9PSEU/105-264     2.74954423    3.58201754    2.68123660    3.29832264    2.64655378    3.04640169    2.83813332    3.50478510    2.59201233    3.42587177    2.81233956    3.48843895    2.94136492    3.40384273    3.23725464    3.87489762    3.43393263    3.09371727    3.31832522    0.74779185    0.75257302    0.91983534    0.88042154    1.63640033    0.00000000    0.41409494    0.68822344    0.71500443    0.92409901    1.30580076    1.39763233    1.34902195    1.53606432    1.63956023    2.47775106    2.01261468    2.38003396    2.10722892    2.42587335    2.05207629    2.97748059
C7MS66_SACVD/120-279     3.09509820    3.43420843    2.71260225    3.13014624    3.01550254    3.00948067    2.88305270    3.39365443    2.72559068    3.52910589    2.63404539    2.99258014    3.34382450    3.61918686    3.69059454    3.95925491    3.30209302    3.24318409    3.60500171    0.85504763    0.92482956    1.13244412    1.05092927    1.75406934    0.41409494    0.00000000    0.84218159    0.79479081    0.93554683    1.34451951    1.59609547    1.59218118    1.70505746    1.80602163    2.20393917    2.03596807    2.45810367    2.18154645    2.65496999    2.32593345    3.47308936
R4SVF3_9PSEU/114-272     2.96203693    2.92750000    2.93518191    3.14564054    2.78614726    2.77738525    2.54591217    3.57215521    3.07160741    3.42084459    3.01576210    3.32846920    2.92003644    3.16048994    2.82351964    3.50963183    3.19604203    2.91694657    3.22690954    1.00757130    1.00070514    0.95135352    1.10456494    1.99497253    0.68822344    0.84218159    0.00000000    0.44378156    1.01737581    1.46809626    1.63969800    1.56210558    1.76185143    2.13914979    2.31832695    2.51266322    2.67126456    2.21627154    2.54302708    2.16915289    2.96857331
G0G6W5_AMYMS/153-309     2.98611936    3.18069068    2.90186326    3.10706250    2.78148673    3.05378757    2.63630228    3.56655561    3.01573052    3.37783420    2.88548998    3.84603267    3.31412725    3.57419626    3.08264774    3.72564917    3.54115875    3.62925327    3.95841206    1.08611945    1.05954879    1.12987999    1.19299261    2.04118052    0.71500443    0.79479081    0.44378156    0.00000000    0.96324694    1.42398353    1.72016929    1.61590583    1.72402350    2.17490305    2.17614830    2.26683166    2.24656714    2.29779425    2.50194986    2.14396547    3.15943303
W5VYF8_9PSEU/108-268     2.30841538    2.76553172    2.48555501    2.78504760    2.76713530    2.77938588    2.90607512    3.19231687    2.93175053    2.78501873    2.77147854    2.82547118    3.33471302    3.29031609    2.89202134    4.06019534    3.30235672    3.29331337    3.34783643    0.96379097    0.90599786    0.99672641    1.13256472    1.53755576    0.92409901    0.93554683    1.01737581    0.96324694    0.00000000    1.61161089    1.78214817    1.81475903    1.75757701    2.52092216    2.85958647    2.50197058    2.29700112    2.11765403    2.31916964    2.16625992    2.74396687
Q5Z3M5_NOCFA/134-287     3.00566102    3.01140492    2.63637370    3.08980916    2.85791710    2.84946945    2.60951762    3.37640657    2.80498205    2.24974997    2.63372523    3.07006464    3.54286569    3.17669294    3.12725445    3.72971760    3.44459275    3.03381241    3.42008443    1.64638830    1.48331579    1.54131502    1.61805395    1.81068911    1.30580076    1.34451951    1.46809626    1.42398353    1.61161089    0.00000000    0.68696092    0.64946157    0.64156818    1.44331972    1.78958964    1.57250049    1.64667251    1.80740585    1.91274050    1.67984538    3.37085258
K0ELY7_9NOCA/103-256     3.15609579    3.13698788    2.37833403    3.01302896    2.67081987    3.21601885    2.60869345    3.50711252    2.63717177    2.52998512    2.42869032    3.12398730    3.23978062    3.09720223    3.16719397    3.18134835    3.24633248    2.80338616    3.23498873    1.59390351    1.70223087    1.44222687    1.67030619    2.02229186    1.39763233    1.59609547    1.63969800    1.72016929    1.78214817    0.68696092    0.00000000    0.57441469    0.75714115    1.65343430    1.67301320    1.75800682    1.85782113    1.88047549    1.84026550    1.94273439    3.31348062
H6R6D9_NOCCG/104-257     3.32314032    3.42435185    2.75737718    2.92023113    3.05224317    3.08519104    2.68150679    3.42522604    3.01562784    2.86026474    2.75160549    3.46503921    3.53923439    3.54416115    3.30682789    3.68081367    3.38453219    2.97255175    3.09906562    1.52047233    1.62063675    1.44827485    1.57966027    2.35153732    1.34902195    1.59218118    1.56210558    1.61590583    1.81475903    0.64946157    0.57441469    0.00000000    0.71606606    1.71152269    1.87560327    1.82306037    1.83024596    1.92066723    1.89653850    1.92714211    3.67068033
W5T7J6_9NOCA/140-294     3.12089297    3.14923609    2.66943879    3.85860917    2.74065929    2.86044564    2.82574253    3.49968187    2.83796035    2.56788637    2.86278491    3.10429703    3.36665669    3.20715754    3.19051182    3.43144831    3.01645369    2.88974109    2.99627761    1.63425520    1.63059234    1.80833097    1.71560387    2.25245739    1.53606432    1.70505746    1.76185143    1.72402350    1.75757701    0.64156818    0.75714115    0.71606606    0.00000000    1.62572301    1.79247222    1.67974385    1.83332371    1.81040467    1.91424650    1.76161631    3.12859989
D5UQ18_TSUPD/103-262     3.46996094    3.35984654    3.61901870    4.19790524    3.16461958    4.04502968    3.46907809    3.38337254    2.69455157    3.37361436    3.80519285    3.63607867    3.92206179    3.88636783    3.65398848    4.43851288    4.09152252    3.25639448    4.67360556    2.05718271    1.77923281    2.26487904    2.30627043    3.09732900    1.63956023    1.80602163    2.13914979    2.17490305    2.52092216    1.44331972    1.65343430    1.71152269    1.62572301    0.00000000    1.95809504    1.82001079    1.68884326    2.31094515    1.90552494    1.99901718    3.73309387
A0R649_MYCS2/146-305     3.67921375    3.92316091    3.83745089    3.89323822    3.62038087    4.01877024    3.78617881    3.78370164    3.42543668    3.36456100    3.20795683    3.54728693    4.13340178    3.67899656    3.57096579    3.20558333    3.66918455    2.95881906    4.40162755    2.31596440    2.61312448    2.57775745    2.56390750    3.04720010    2.47775106    2.20393917    2.31832695    2.17614830    2.85958647    1.78958964    1.67301320    1.87560327    1.79247222    1.95809504    0.00000000    0.93395373    1.06641838    0.98538224    1.19061524    1.11735114    3.52371066
A1TGY3_MYCVP/147-301     3.04018197    4.12495924    3.85565349    3.62328088    3.89024655    3.45024489    3.46780138    3.88136310    2.73954725    3.44971521    3.70842134    3.81638894    3.89140577    4.10172092    3.80044819    3.79655107    3.61134183    3.25960258    3.92898517    1.79704627    2.10733861    2.20622249    2.22246432    2.57420283    2.01261468    2.03596807    2.51266322    2.26683166    2.50197058    1.57250049    1.75800682    1.82306037    1.67974385    1.82001079    0.93395373    0.00000000    0.82267335    0.69370966    0.78100817    0.78320406    3.92026432
F5YUD3_MYCSD/143-297     2.88254904    4.00308205    3.47017832    4.14633929    3.43739565    3.09527351    3.31390495    3.74059756    3.06100644    3.15074261    3.45074983    3.51634883    4.30414210    3.77304295    4.06819899    4.16214081    3.92315627    3.22047809    3.88101254    2.47593210    2.50256679    2.28545227    2.42551169    2.52439411    2.38003396    2.45810367    2.67126456    2.24656714    2.29700112    1.64667251    1.85782113    1.83024596    1.83332371    1.68884326    1.06641838    0.82267335    0.00000000    0.64001313    0.87607366    0.71295584    3.35821811
P96235_MYCTU/152-306     3.18969183    4.16191579    3.25331492    2.85594951    3.21485622    3.16930406    3.14119898    4.01291997    3.64999906    3.12453437    3.33052220    3.46816907    3.74968705    3.61625444    3.88154252    4.14999371    3.81250729    3.32969665    3.46109463    2.00801572    2.20767326    2.03977849    2.28297911    2.21995948    2.10722892    2.18154645    2.21627154    2.29779425    2.11765403    1.80740585    1.88047549    1.92066723    1.81040467    2.31094515    0.98538224    0.69370966    0.64001313    0.00000000    0.56017408    0.44637553    3.31511830
Q745H5_MYCPA/144-298     3.18003707    3.93419685    3.47805080    3.35951954    3.58552951    3.28668356    3.74712452    3.45948874    3.44439736    3.91361470    3.56221944    3.91130391    4.83978206    4.35787996    4.78391458    4.47333647    4.16961474    3.78888365    3.72958351    2.34016584    2.38321378    2.31931218    2.53160696    2.36512254    2.42587335    2.65496999    2.54302708    2.50194986    2.31916964    1.91274050    1.84026550    1.89653850    1.91424650    1.90552494    1.19061524    0.78100817    0.87607366    0.56017408    0.00000000    0.53460161    3.60752468
Q9CDC6_MYCLE/154-307     2.94583073    4.06812853    3.15970267    3.82432104    3.39690925    3.04875488    3.30142004    3.56706617    3.42255678    3.37456815    3.29386681    3.83954103    4.49651404    3.60845988    3.97771281    4.16591131    3.60003777    3.39707612    3.41886399    2.17594287    2.34312856    2.27760326    2.47465278    2.59208745    2.05207629    2.32593345    2.16915289    2.14396547    2.16625992    1.67984538    1.94273439    1.92714211    1.76161631    1.99901718    1.11735114    0.78320406    0.71295584    0.44637553    0.53460161    0.00000000    3.84807813
D9TB37_MICAI/76-243     2.07033624    2.27486586    2.40419738    3.14896028    2.20488261    2.19545303    1.79712780    2.44193257    2.23260845    2.22067118    2.68573660    2.47232923    2.47928967    2.86902659    2.27438524    2.95132087    2.72225641    2.48197126    4.23637451    2.99077343    2.77196218    2.91783091    2.66737865    4.12159026    2.97748059    3.47308936    2.96857331    3.15943303    2.74396687    3.37085258    3.31348062    3.67068033    3.12859989    3.73309387    3.52371066    3.92026432    3.35821811    3.31511830    3.60752468    3.84807813    0.00000000

