6
H0XLT0_OTOGA/15-74     0.00000000    0.24844676    0.43206217    0.39672352    0.39493172    0.38708060
TM273_HUMAN/15-74     0.24844676    0.00000000    0.31098466    0.34438669    0.26617218    0.27058861
W5NV13_SHEEP/16-75     0.43206217    0.31098466    0.00000000    0.45422899    0.37955385    0.50885099
F1PSG9_CANLF/16-75     0.39672352    0.34438669    0.45422899    0.00000000    0.39804600    0.42939003
G1SJ24_RABIT/16-75     0.39493172    0.26617218    0.37955385    0.39804600    0.00000000    0.35392255
D3ZKQ7_RAT/17-76     0.38708060    0.27058861    0.50885099    0.42939003    0.35392255    0.00000000

