52
B9TBA8_RICCO/85-202     0.00000000    0.62032148    0.56158121    0.50301372    0.48854438    0.49952457    0.52775888    0.63548030    0.44229862    0.49491113    1.49609070    1.30029818    1.00451767    1.15765860    2.05706666    1.68508345    1.70512959    2.17632562    2.22006848    1.87573700    1.78751860    1.56406537    1.63058733    2.02118082    1.87055723    2.31203475    2.12286406    2.25865977    2.51058210    2.41611316    2.19149321    2.35398358    2.22567804    1.66095293    1.99016047    2.03617285    2.12826425    2.03177679    1.85947034    1.52643336    1.79547989    1.90817020    0.90902648    0.77706506    0.59288797    0.60320616    0.82199352    0.71846328    1.00706984    0.46069688    0.65500954    0.57584191
G8APD6_9PROT/5-124     0.62032148    0.00000000    0.46848005    0.51473757    0.45133565    0.51189777    0.58752476    0.77260772    0.59845642    0.58846487    1.30857522    1.38350536    1.16730499    1.20757127    2.25549223    1.90074256    1.86679252    2.50403033    2.31307743    2.08354009    2.24156145    1.63423663    1.92224572    2.06730563    2.10131124    2.33820570    2.20107789    2.24567140    2.51438164    2.25398910    2.26792688    2.51506921    2.27660935    1.61783667    1.75627896    1.83721232    1.84392466    1.85708674    1.82171192    1.37227507    1.81483893    1.84831349    0.93587507    1.02654201    0.90731190    0.75303653    1.00238243    0.91644480    1.27870004    0.61285613    0.86507776    0.83869215
Q09CF6_STIAD/5-122     0.56158121    0.46848005    0.00000000    0.35424942    0.26925040    0.39259278    0.49974007    0.51775695    0.43745615    0.36754521    1.17801060    1.36203863    1.04115128    1.06307276    2.29848868    1.74596661    1.69399105    1.94306825    2.19637152    1.85171049    1.75444035    1.68111571    1.82369311    1.92293586    2.17350146    2.10601313    2.29102484    2.80391493    2.61376321    2.00968013    2.31883111    2.34689368    2.57276242    1.70313511    1.93581283    2.11037261    2.06006053    1.92300902    1.64479084    1.33400145    1.68661767    1.59569154    0.73297888    0.72128476    0.58097071    0.55491857    0.82455980    0.72166960    1.04690139    0.46407769    0.59169717    0.58748982
C0ZHS7_BREBN/5-122     0.50301372    0.51473757    0.35424942    0.00000000    0.34724361    0.35275830    0.57134029    0.68986716    0.52016535    0.44694102    1.34968208    1.30864892    1.05817576    0.99319589    1.99267263    1.58405234    1.43904096    2.08794619    2.13799816    1.76244507    1.75425229    1.43057935    1.52938181    1.87059724    1.73576050    2.32438011    2.04242971    2.28509049    2.46647457    1.79632589    1.93175722    2.01829551    2.12827894    1.69243747    1.90500047    2.15770643    2.07458147    2.07966541    1.48080208    1.31650375    1.59435715    1.57369817    0.86889158    0.83077583    0.53734061    0.42890662    0.94080369    0.76776929    1.12440972    0.53743232    0.67091880    0.71652691
I3YB74_THIV6/5-123     0.48854438    0.45133565    0.26925040    0.34724361    0.00000000    0.32755058    0.50048804    0.63327911    0.45012919    0.35802417    1.07148162    1.45895207    1.01763000    1.07857618    2.09576722    1.71927465    1.92116038    2.17231201    2.32677974    2.05925959    2.11460179    1.72848378    1.80997783    2.04442854    2.00888771    2.36116471    2.40596442    2.35063566    2.40748752    2.03816086    2.43158142    2.38834322    2.61158133    1.88061956    1.96211902    2.17637928    2.23100068    2.16410622    1.61560051    1.45352675    1.86351979    1.63751262    0.77526835    0.82835418    0.62200308    0.53127653    0.84364885    0.76382729    1.13692565    0.41968075    0.57507438    0.64696030
G8R6X6_OWEHD/5-123     0.49952457    0.51189777    0.39259278    0.35275830    0.32755058    0.00000000    0.53719947    0.67491580    0.54859993    0.45141088    1.20755608    1.23531978    1.07501223    1.07861369    2.11827228    1.69078349    1.69894931    2.47130999    2.65836520    2.38371402    2.42084307    1.87008426    1.88404681    2.03818775    2.00585963    2.62800022    2.01515222    2.41177414    2.48321926    2.14795607    2.12650990    2.43728076    2.51763653    1.84872074    1.78937147    2.08553426    2.03703334    2.01522310    1.70128446    1.50096092    1.62954965    1.50487203    0.89341097    0.88504624    0.64130270    0.57390781    0.91027187    0.71969221    1.08995108    0.52089427    0.62922055    0.64882000
Q9I1A4_PSEAE/6-125     0.52775888    0.58752476    0.49974007    0.57134029    0.50048804    0.53719947    0.00000000    0.68960182    0.57566391    0.51995884    1.42889562    1.37360527    1.10173421    1.23039723    2.55614653    1.88415398    1.74199248    2.47861972    2.55583922    2.42599337    2.23345428    1.84508212    2.19169719    2.47628465    2.24138112    2.64608255    2.30439516    2.74944914    2.79388087    1.99243107    2.47253616    2.27600099    2.52330663    1.75709349    1.91896915    2.07741842    2.02536793    1.92306209    1.61866371    1.39385136    1.84557360    2.06893629    0.73467517    0.87413898    0.58112674    0.62111034    0.68361416    0.87637174    1.00102582    0.58806333    0.67123091    0.66687686
D0LR39_HALO1/5-122     0.63548030    0.77260772    0.51775695    0.68986716    0.63327911    0.67491580    0.68960182    0.00000000    0.66040180    0.63552783    1.74787467    1.46715011    1.22718902    1.43688452    2.43206848    2.24895922    2.14078913    2.44672652    2.20777774    2.09539113    1.71490022    1.83632737    1.71520219    1.87242127    1.96157241    2.43395640    2.36960454    3.04852915    2.65724830    1.89599724    2.56887337    2.43093700    2.54415223    1.93345799    1.98351791    2.23741766    2.19150934    2.17000273    1.91190979    1.59671427    1.79506016    1.77482301    0.92254528    0.75240546    0.76594289    0.81199563    0.95240656    1.04808222    1.17944279    0.66086702    0.81112868    0.76838743
Q0JYG7_CUPNH/5-122     0.44229862    0.59845642    0.43745615    0.52016535    0.45012919    0.54859993    0.57566391    0.66040180    0.00000000    0.37371166    1.49699385    1.40757226    1.05068049    1.08527684    2.40410964    1.90997037    2.05450483    2.44881759    2.52007099    2.16841065    1.91598717    1.79001149    2.02066773    2.17599580    2.18939184    2.46168395    2.16592685    2.88063142    3.10229578    2.52566420    2.27005834    2.13116543    1.96870673    1.69612233    2.01517437    2.02136541    2.07037076    2.00858502    1.78213522    1.41018788    1.84106383    1.88642930    0.80493256    0.71659429    0.65147080    0.64718660    0.63724867    0.77334422    1.06320937    0.46930912    0.61726481    0.56472429
B2JVS3_PARP8/5-122     0.49491113    0.58846487    0.36754521    0.44694102    0.35802417    0.45141088    0.51995884    0.63552783    0.37371166    0.00000000    1.44981853    1.34637391    0.96586318    1.06243114    2.24730234    1.84803192    1.85002909    2.34863874    2.13673042    1.95222477    1.89193984    1.72008341    1.81015820    2.14458030    2.23687203    2.48106382    2.36973388    2.93194346    2.78868529    2.05778194    2.18971483    2.23976793    2.28784304    1.71078803    2.06121650    2.12127350    2.17744200    2.03238082    1.63280122    1.40333911    1.79763509    1.73191083    0.81776538    0.75358999    0.45975767    0.50129158    0.67913339    0.63149467    0.94469838    0.44650862    0.60686693    0.58465171
Q5NED3_FRATT/58-167     1.49609070    1.30857522    1.17801060    1.34968208    1.07148162    1.20755608    1.42889562    1.74787467    1.49699385    1.44981853    0.00000000    2.02938474    2.06652746    1.92329775    2.90515238    1.90230965    2.00278484    2.58115604    2.43583437    2.30744473    2.21348956    2.02407213    2.27626634    2.10813175    2.68586607    2.54751908    2.45917798    2.93635180    2.86494097    2.38440497    2.47050181    2.66699172    2.65774156    1.94887781    1.57754109    1.96647554    1.88599922    1.81491557    2.14844890    2.02932593    2.13304488    2.05201191    1.44866066    1.71992720    1.41354635    1.42208215    1.68330623    1.65725535    1.87653360    1.34719603    1.54176457    1.81904604
E3EGF8_PAEPS/17-135     1.30029818    1.38350536    1.36203863    1.30864892    1.45895207    1.23531978    1.37360527    1.46715011    1.40757226    1.34637391    2.02938474    0.00000000    0.59175193    0.59240121    1.86172270    1.69956793    1.93685483    2.56943745    2.27660477    2.00587171    1.93201061    1.91799235    1.89488869    1.97793378    2.25981588    2.38587071    2.56223994    2.69776755    2.86028479    2.11125953    2.02663898    2.40833655    1.78270269    1.39565565    1.28430344    1.44460786    1.45921909    1.54337461    1.78758288    1.12157762    1.20991705    1.36900217    1.63206908    1.48344861    1.25116230    1.35921104    1.51138795    1.47799343    1.55517201    1.40057070    1.40942832    1.59602347
C0ZGS0_BREBN/20-138     1.00451767    1.16730499    1.04115128    1.05817576    1.01763000    1.07501223    1.10173421    1.22718902    1.05068049    0.96586318    2.06652746    0.59175193    0.00000000    0.39651284    2.05234584    1.83707872    1.93105328    3.15714039    2.55437261    2.12117800    1.87564204    2.07180889    2.11012943    2.40616293    2.33884138    2.60163043    2.81125979    2.83520721    3.04719106    2.53450533    2.14613767    2.37636369    1.83561879    1.47423798    1.53653513    1.63483976    1.57745075    1.53240744    1.37019124    1.18467895    1.62238987    1.67606857    1.21518732    1.18036337    1.01219516    1.14095031    1.34121523    1.48800855    1.46925611    0.98748844    0.99236554    1.18558182
C0ZJ69_BREBN/20-138     1.15765860    1.20757127    1.06307276    0.99319589    1.07857618    1.07861369    1.23039723    1.43688452    1.08527684    1.06243114    1.92329775    0.59240121    0.39651284    0.00000000    1.59579200    1.71061289    1.79077083    2.44803131    2.08323322    2.19561851    1.89782445    2.05500228    1.98332660    2.13595083    2.14403801    2.16731443    2.35844234    2.43022819    3.30926803    2.19571010    2.24243186    2.35005564    2.01433094    1.32898145    1.46017557    1.62976827    1.44163825    1.43102068    1.60921396    1.14034292    1.39461737    1.53350806    1.41411004    1.33439151    1.17194116    1.06515064    1.37884413    1.37387577    1.63402470    1.01810480    1.08172886    1.30709847
F6GGR1_LACS5/7-111     2.05706666    2.25549223    2.29848868    1.99267263    2.09576722    2.11827228    2.55614653    2.43206848    2.40410964    2.24730234    2.90515238    1.86172270    2.05234584    1.59579200    0.00000000    0.99781738    1.04240320    2.37368429    2.15678800    2.15668303    2.25641869    2.14334226    1.90610800    2.22126516    1.78270917    2.14564931    2.51732436    2.55736296    2.38382896    1.86672190    2.28313715    2.60674982    1.92288855    2.06103867    2.05700135    2.10091216    2.28467366    2.22441353    2.68277133    1.72781005    1.93027627    2.09468783    2.66825044    2.14689690    2.22879598    2.09505444    2.36795081    2.01471531    2.25883910    2.22401797    1.93084441    2.43431382
A0A6N4SNV2_CYTH3/67-171     1.68508345    1.90074256    1.74596661    1.58405234    1.71927465    1.69078349    1.88415398    2.24895922    1.90997037    1.84803192    1.90230965    1.69956793    1.83707872    1.71061289    0.99781738    0.00000000    0.46048194    2.40486893    2.24687213    2.42639218    2.09118216    2.24585366    1.97259569    1.91227880    2.04985360    1.81113936    2.26727416    2.43688075    2.27656982    2.27426547    2.28381732    2.61411766    2.41906734    1.72854677    1.70529476    1.87160717    2.03282183    1.89179739    2.39310552    2.03078207    1.84331864    1.50815624    2.20531392    1.90611951    1.84448263    1.82461850    2.26171328    1.91278412    2.06438526    1.62094660    1.60515684    1.72315479
A0A6N4SNT3_CYTH3/64-168     1.70512959    1.86679252    1.69399105    1.43904096    1.92116038    1.69894931    1.74199248    2.14078913    2.05450483    1.85002909    2.00278484    1.93685483    1.93105328    1.79077083    1.04240320    0.46048194    0.00000000    2.11364249    1.86054163    2.26037589    2.09264014    2.19510724    1.98128874    1.86908796    2.08335921    1.73577731    2.24279844    2.79756209    2.38807099    2.39527399    2.57548471    2.53687490    2.35688161    1.85149152    1.80616116    1.97228537    2.04611632    1.95733142    2.32511949    1.96846106    1.89796107    1.86119594    2.01569020    1.68119270    1.65268563    1.52327589    2.08220834    1.91132232    1.69424569    1.77405504    1.65337812    1.69654790
G8X7F0_FLACA/108-220     2.17632562    2.50403033    1.94306825    2.08794619    2.17231201    2.47130999    2.47861972    2.44672652    2.44881759    2.34863874    2.58115604    2.56943745    3.15714039    2.44803131    2.37368429    2.40486893    2.11364249    0.00000000    1.62498102    1.88591592    1.73424689    1.41934227    1.53484043    1.36597244    1.93236222    2.22541900    1.86241462    2.24008776    3.00553754    2.00507634    2.24091668    2.07405243    2.11491528    1.67683511    1.99266197    1.94695872    1.91430380    1.97455486    2.55000698    1.88149855    2.43272790    2.59189548    2.82845671    2.40504352    2.54354972    2.29486894    2.62730657    2.13493288    2.20302575    2.49423208    2.36303114    2.62401644
G2Z542_FLABF/7-124     2.22006848    2.31307743    2.19637152    2.13799816    2.32677974    2.65836520    2.55583922    2.20777774    2.52007099    2.13673042    2.43583437    2.27660477    2.55437261    2.08323322    2.15678800    2.24687213    1.86054163    1.62498102    0.00000000    0.84397690    0.68951260    0.79508323    0.69326863    0.76008593    1.55984734    2.01527760    2.47909472    2.58474995    3.57106601    2.19900597    2.24352901    2.52762406    2.19567345    2.17428047    1.93469595    2.13653593    2.10885464    2.04170172    2.71114689    1.83155395    2.76792957    2.51231681    2.29803839    2.28793916    2.41417252    2.15664409    2.75873224    2.64840174    2.52681342    2.08605874    1.86246716    1.96635649
W0F1B7_9BACT/7-116     1.87573700    2.08354009    1.85171049    1.76244507    2.05925959    2.38371402    2.42599337    2.09539113    2.16841065    1.95222477    2.30744473    2.00587171    2.12117800    2.19561851    2.15668303    2.42639218    2.26037589    1.88591592    0.84397690    0.00000000    0.65885050    0.82262312    0.78679096    0.86844444    1.35167632    2.01185768    2.08342882    2.29019357    2.85992366    2.29838971    1.70004776    2.36504466    2.46741458    2.05895516    1.91082726    2.11101411    1.96681105    1.95910444    2.32303529    1.90267377    2.40121540    2.49836424    2.00001800    2.07370872    2.05745277    1.79339651    2.41284509    2.01298059    2.17447426    2.07286653    1.87344973    2.11039278
G8XBG8_FLACA/7-119     1.78751860    2.24156145    1.75444035    1.75425229    2.11460179    2.42084307    2.23345428    1.71490022    1.91598717    1.89193984    2.21348956    1.93201061    1.87564204    1.89782445    2.25641869    2.09118216    2.09264014    1.73424689    0.68951260    0.65885050    0.00000000    0.84014065    0.67449054    0.82832927    1.26728242    1.99792548    2.22537123    2.50123816    3.15655889    2.41444907    1.81852649    2.44490302    2.20425211    1.90464020    1.77155540    2.03345671    2.05333018    1.88793258    2.63830847    1.90127576    2.48842127    2.29840042    1.96899389    2.04852515    2.00572399    1.62520832    2.31678914    1.98910091    2.33072168    1.93702929    1.52437821    1.90118903
C7PEA7_CHIPD/7-115     1.56406537    1.63423663    1.68111571    1.43057935    1.72848378    1.87008426    1.84508212    1.83632737    1.79001149    1.72008341    2.02407213    1.91799235    2.07180889    2.05500228    2.14334226    2.24585366    2.19510724    1.41934227    0.79508323    0.82262312    0.84014065    0.00000000    0.76076797    0.87871397    1.29191760    2.18245953    1.91246332    2.20561246    2.64424936    2.38162401    1.67374443    2.02897564    2.14123408    1.74227866    1.54706141    1.54383857    1.63602859    1.55058355    2.05897164    1.76034294    2.66116239    2.40131575    1.83635176    1.93722173    1.90770210    1.61339076    2.26898255    1.95851946    2.06888916    1.67145406    1.77130262    1.94011850
G8XBI4_FLACA/7-117     1.63058733    1.92224572    1.82369311    1.52938181    1.80997783    1.88404681    2.19169719    1.71520219    2.02066773    1.81015820    2.27626634    1.89488869    2.11012943    1.98332660    1.90610800    1.97259569    1.98128874    1.53484043    0.69326863    0.78679096    0.67449054    0.76076797    0.00000000    0.39824248    1.09430188    2.09231082    1.97050607    2.19761144    2.70160474    1.81796242    1.66005854    1.93287510    2.02817487    1.84980267    1.75159776    1.93077708    1.71976507    1.79312041    2.48840918    1.71474305    2.43574936    2.19838015    2.24066393    2.22738209    1.80815154    1.52498076    2.27054868    2.01652589    2.18228851    1.82219821    1.56253766    1.96016192
G8X907_FLACA/7-117     2.02118082    2.06730563    1.92293586    1.87059724    2.04442854    2.03818775    2.47628465    1.87242127    2.17599580    2.14458030    2.10813175    1.97793378    2.40616293    2.13595083    2.22126516    1.91227880    1.86908796    1.36597244    0.76008593    0.86844444    0.82832927    0.87871397    0.39824248    0.00000000    1.45531016    1.76644311    2.11495906    2.44996479    2.77547010    1.94763929    1.90446142    2.09316341    2.16161132    2.03594343    1.95401381    2.05606787    1.85098487    1.92573956    2.58717467    1.75805313    2.30396730    2.22775828    2.24596345    2.25326587    2.22712109    1.76410273    2.42434074    2.13560875    2.12636636    2.14014216    1.73476259    2.14082680
G0L9C5_ZOBGA/11-120     1.87055723    2.10131124    2.17350146    1.73576050    2.00888771    2.00585963    2.24138112    1.96157241    2.18939184    2.23687203    2.68586607    2.25981588    2.33884138    2.14403801    1.78270917    2.04985360    2.08335921    1.93236222    1.55984734    1.35167632    1.26728242    1.29191760    1.09430188    1.45531016    0.00000000    1.98267528    1.58036927    1.65983870    2.65758074    2.01747692    2.04244821    2.26173207    2.60554511    2.03656071    1.89011630    2.03731069    2.04762480    1.90618448    2.65247862    2.02651372    2.40919242    2.43784616    2.29358711    1.93924773    2.30064442    1.71028169    2.33045958    2.08018301    1.97443122    2.07943290    1.87869172    2.27642162
C7N9I1_LEPBD/31-134     2.31203475    2.33820570    2.10601313    2.32438011    2.36116471    2.62800022    2.64608255    2.43395640    2.46168395    2.48106382    2.54751908    2.38587071    2.60163043    2.16731443    2.14564931    1.81113936    1.73577731    2.22541900    2.01527760    2.01185768    1.99792548    2.18245953    2.09231082    1.76644311    1.98267528    0.00000000    1.56888397    1.95046326    2.23461566    1.78208364    2.08356113    2.05137379    2.26969023    2.22779699    2.00809407    2.14823892    2.11847160    2.00582933    2.72411480    3.05757168    1.97198128    1.66209489    2.47706444    1.92853012    2.44662722    2.16386752    2.39041034    2.52255670    1.94478334    2.25541164    2.13188037    2.17953819
H1ZEB5_MYROD/33-144     2.12286406    2.20107789    2.29102484    2.04242971    2.40596442    2.01515222    2.30439516    2.36960454    2.16592685    2.36973388    2.45917798    2.56223994    2.81125979    2.35844234    2.51732436    2.26727416    2.24279844    1.86241462    2.47909472    2.08342882    2.22537123    1.91246332    1.97050607    2.11495906    1.58036927    1.56888397    0.00000000    0.82664195    2.49646607    2.16572177    2.16355750    2.75290540    2.29589817    1.99413375    2.04398540    2.21212448    2.27315081    2.11216725    2.68748983    2.46727917    2.28140750    2.19721143    2.49500718    2.63748602    2.36168310    2.27397026    2.30487658    2.00510875    1.78866857    2.32096806    2.18776665    2.36598271
H1ZAT0_MYROD/17-126     2.25865977    2.24567140    2.80391493    2.28509049    2.35063566    2.41177414    2.74944914    3.04852915    2.88063142    2.93194346    2.93635180    2.69776755    2.83520721    2.43022819    2.55736296    2.43688075    2.79756209    2.24008776    2.58474995    2.29019357    2.50123816    2.20561246    2.19761144    2.44996479    1.65983870    1.95046326    0.82664195    0.00000000    2.41547947    2.27510782    2.66229690    3.65114304    2.49981191    2.33323239    2.67985040    2.66091018    2.78526231    2.50189676    2.90601129    2.68605319    2.75602738    2.48924560    2.84656637    2.68715289    2.87660853    2.34271782    3.14432845    2.30283171    2.08003194    2.75417786    2.28930796    2.27618582
D1AH52_SEBTE/48-176     2.51058210    2.51438164    2.61376321    2.46647457    2.40748752    2.48321926    2.79388087    2.65724830    3.10229578    2.78868529    2.86494097    2.86028479    3.04719106    3.30926803    2.38382896    2.27656982    2.38807099    3.00553754    3.57106601    2.85992366    3.15655889    2.64424936    2.70160474    2.77547010    2.65758074    2.23461566    2.49646607    2.41547947    0.00000000    2.11789330    2.82012432    2.48703262    3.10212741    2.63658028    2.22623155    2.17292137    2.30029176    2.23992929    3.56737106    3.16430982    3.10025628    2.31035960    2.74821665    2.79651039    2.93813060    2.49187615    3.25779910    2.98418224    2.65710717    2.95122723    2.95940859    3.23604634
C7N9J7_LEPBD/59-183     2.41611316    2.25398910    2.00968013    1.79632589    2.03816086    2.14795607    1.99243107    1.89599724    2.52566420    2.05778194    2.38440497    2.11125953    2.53450533    2.19571010    1.86672190    2.27426547    2.39527399    2.00507634    2.19900597    2.29838971    2.41444907    2.38162401    1.81796242    1.94763929    2.01747692    1.78208364    2.16572177    2.27510782    2.11789330    0.00000000    1.49845127    2.24691182    2.73876119    1.64334546    1.82740743    1.98661545    1.66514488    1.89688415    2.40375942    2.01038478    2.02460681    2.05565634    2.55153754    2.57972054    2.32859345    2.44357356    2.49688384    2.82653201    2.54218491    2.28256326    2.09597250    2.67182791
C7N9G6_LEPBD/70-204     2.19149321    2.26792688    2.31883111    1.93175722    2.43158142    2.12650990    2.47253616    2.56887337    2.27005834    2.18971483    2.47050181    2.02663898    2.14613767    2.24243186    2.28313715    2.28381732    2.57548471    2.24091668    2.24352901    1.70004776    1.81852649    1.67374443    1.66005854    1.90446142    2.04244821    2.08356113    2.16355750    2.66229690    2.82012432    1.49845127    0.00000000    2.08547864    2.16217676    1.67240616    1.66031426    1.73836443    1.61525244    1.71114902    2.14028754    1.63966850    2.07956476    2.13582283    2.21367767    2.85202340    2.30824593    2.28650967    2.45657103    2.70419909    2.24195149    2.44132406    2.36802096    3.10830764
D1ART6_SEBTE/22-123     2.35398358    2.51506921    2.34689368    2.01829551    2.38834322    2.43728076    2.27600099    2.43093700    2.13116543    2.23976793    2.66699172    2.40833655    2.37636369    2.35005564    2.60674982    2.61411766    2.53687490    2.07405243    2.52762406    2.36504466    2.44490302    2.02897564    1.93287510    2.09316341    2.26173207    2.05137379    2.75290540    3.65114304    2.48703262    2.24691182    2.08547864    0.00000000    1.71126969    2.14458284    2.01808934    2.07431628    2.10633717    2.06407349    2.66164184    2.38450866    2.35578284    2.37683943    2.27187585    2.29461266    2.18040973    1.96179980    2.30707640    2.53150886    2.33679556    2.24630260    2.27483348    2.63220562
D1AMU3_SEBTE/11-113     2.22567804    2.27660935    2.57276242    2.12827894    2.61158133    2.51763653    2.52330663    2.54415223    1.96870673    2.28784304    2.65774156    1.78270269    1.83561879    2.01433094    1.92288855    2.41906734    2.35688161    2.11491528    2.19567345    2.46741458    2.20425211    2.14123408    2.02817487    2.16161132    2.60554511    2.26969023    2.29589817    2.49981191    3.10212741    2.73876119    2.16217676    1.71126969    0.00000000    1.72848007    1.90872762    1.86299705    1.74271845    1.79600388    2.12092295    2.25492184    1.58913482    1.88338574    2.12314107    2.41354934    2.24470196    2.25746644    2.34561340    2.30416159    2.35184766    2.35313073    2.15090469    2.42266582
U5MQ85_CLOSA/8-108     1.66095293    1.61783667    1.70313511    1.69243747    1.88061956    1.84872074    1.75709349    1.93345799    1.69612233    1.71078803    1.94887781    1.39565565    1.47423798    1.32898145    2.06103867    1.72854677    1.85149152    1.67683511    2.17428047    2.05895516    1.90464020    1.74227866    1.84980267    2.03594343    2.03656071    2.22779699    1.99413375    2.33323239    2.63658028    1.64334546    1.67240616    2.14458284    1.72848007    0.00000000    0.64418369    0.68462141    0.62443713    0.52800557    1.36746214    1.07677505    1.54759041    1.49235665    1.97466765    1.80731931    1.79225445    1.90482336    2.03106535    2.50689274    1.99819443    1.63285301    1.76071383    1.75169972
U5MML0_CLOSA/8-118     1.99016047    1.75627896    1.93581283    1.90500047    1.96211902    1.78937147    1.91896915    1.98351791    2.01517437    2.06121650    1.57754109    1.28430344    1.53653513    1.46017557    2.05700135    1.70529476    1.80616116    1.99266197    1.93469595    1.91082726    1.77155540    1.54706141    1.75159776    1.95401381    1.89011630    2.00809407    2.04398540    2.67985040    2.22623155    1.82740743    1.66031426    2.01808934    1.90872762    0.64418369    0.00000000    0.34173849    0.23448825    0.27563055    1.35820205    1.06394632    1.47587819    1.37463390    2.28024713    1.94526936    1.84415701    2.08937421    2.06431562    2.50549158    2.29033318    2.15809857    2.07204251    2.18348447
M1M8D0_9CLOT/8-118     2.03617285    1.83721232    2.11037261    2.15770643    2.17637928    2.08553426    2.07741842    2.23741766    2.02136541    2.12127350    1.96647554    1.44460786    1.63483976    1.62976827    2.10091216    1.87160717    1.97228537    1.94695872    2.13653593    2.11101411    2.03345671    1.54383857    1.93077708    2.05606787    2.03731069    2.14823892    2.21212448    2.66091018    2.17292137    1.98661545    1.73836443    2.07431628    1.86299705    0.68462141    0.34173849    0.00000000    0.43525371    0.42002855    1.45944592    1.18497842    1.63039931    1.62345826    2.35400310    1.99736874    2.10537667    2.16094605    1.99257367    2.70385651    2.43647309    2.14357303    2.13385484    2.21114011
U5MTM3_CLOSA/6-125     2.12826425    1.84392466    2.06006053    2.07458147    2.23100068    2.03703334    2.02536793    2.19150934    2.07037076    2.17744200    1.88599922    1.45921909    1.57745075    1.44163825    2.28467366    2.03282183    2.04611632    1.91430380    2.10885464    1.96681105    2.05333018    1.63602859    1.71976507    1.85098487    2.04762480    2.11847160    2.27315081    2.78526231    2.30029176    1.66514488    1.61525244    2.10633717    1.74271845    0.62443713    0.23448825    0.43525371    0.00000000    0.22763306    1.46110890    1.12769564    1.78217223    1.68405612    2.38594476    2.10594854    2.07466486    2.26583984    2.19689840    2.86199323    2.50857837    2.29778697    2.23641406    2.25999226
M1MRL3_9CLOT/6-125     2.03177679    1.85708674    1.92300902    2.07966541    2.16410622    2.01522310    1.92306209    2.17000273    2.00858502    2.03238082    1.81491557    1.54337461    1.53240744    1.43102068    2.22441353    1.89179739    1.95733142    1.97455486    2.04170172    1.95910444    1.88793258    1.55058355    1.79312041    1.92573956    1.90618448    2.00582933    2.11216725    2.50189676    2.23992929    1.89688415    1.71114902    2.06407349    1.79600388    0.52800557    0.27563055    0.42002855    0.22763306    0.00000000    1.39381587    1.10469099    1.67500693    1.67182433    2.21465361    2.08140336    1.97373362    2.13071490    2.09839397    2.77917009    2.25782298    2.20661833    2.22923001    2.25354319
R5YSG7_9FIRM/14-138     1.85947034    1.82171192    1.64479084    1.48080208    1.61560051    1.70128446    1.61866371    1.91190979    1.78213522    1.63280122    2.14844890    1.78758288    1.37019124    1.60921396    2.68277133    2.39310552    2.32511949    2.55000698    2.71114689    2.32303529    2.63830847    2.05897164    2.48840918    2.58717467    2.65247862    2.72411480    2.68748983    2.90601129    3.56737106    2.40375942    2.14028754    2.66164184    2.12092295    1.36746214    1.35820205    1.45944592    1.46110890    1.39381587    0.00000000    1.57960047    1.81008036    1.92454957    1.83365873    1.87647958    1.64255926    1.71009050    1.86742483    2.04063896    1.97256922    1.80826594    2.01964785    2.23969550
C0Z7K9_BREBN/21-123     1.52643336    1.37227507    1.33400145    1.31650375    1.45352675    1.50096092    1.39385136    1.59671427    1.41018788    1.40333911    2.02932593    1.12157762    1.18467895    1.14034292    1.72781005    2.03078207    1.96846106    1.88149855    1.83155395    1.90267377    1.90127576    1.76034294    1.71474305    1.75805313    2.02651372    3.05757168    2.46727917    2.68605319    3.16430982    2.01038478    1.63966850    2.38450866    2.25492184    1.07677505    1.06394632    1.18497842    1.12769564    1.10469099    1.57960047    0.00000000    1.53424288    1.60527570    1.80917369    1.88451530    1.57402649    1.64879303    1.53783821    2.24866324    2.05614000    1.52179571    1.38969458    1.88226184
M1N1R2_9CLOT/6-118     1.79547989    1.81483893    1.68661767    1.59435715    1.86351979    1.62954965    1.84557360    1.79506016    1.84106383    1.79763509    2.13304488    1.20991705    1.62238987    1.39461737    1.93027627    1.84331864    1.89796107    2.43272790    2.76792957    2.40121540    2.48842127    2.66116239    2.43574936    2.30396730    2.40919242    1.97198128    2.28140750    2.75602738    3.10025628    2.02460681    2.07956476    2.35578284    1.58913482    1.54759041    1.47587819    1.63039931    1.78217223    1.67500693    1.81008036    1.53424288    0.00000000    0.45219410    1.94387240    2.06683783    1.60223717    1.60577594    1.64434535    1.86013882    1.82400272    1.96976037    1.86980640    1.96357367
U5MYA6_CLOSA/6-118     1.90817020    1.84831349    1.59569154    1.57369817    1.63751262    1.50487203    2.06893629    1.77482301    1.88642930    1.73191083    2.05201191    1.36900217    1.67606857    1.53350806    2.09468783    1.50815624    1.86119594    2.59189548    2.51231681    2.49836424    2.29840042    2.40131575    2.19838015    2.22775828    2.43784616    1.66209489    2.19721143    2.48924560    2.31035960    2.05565634    2.13582283    2.37683943    1.88338574    1.49235665    1.37463390    1.62345826    1.68405612    1.67182433    1.92454957    1.60527570    0.45219410    0.00000000    2.21620080    2.05191643    1.58446965    1.61594793    1.71157034    1.77962444    1.82581519    1.79470129    1.87175878    1.79169913
C8XBK6_NAKMY/7-122     0.90902648    0.93587507    0.73297888    0.86889158    0.77526835    0.89341097    0.73467517    0.92254528    0.80493256    0.81776538    1.44866066    1.63206908    1.21518732    1.41411004    2.66825044    2.20531392    2.01569020    2.82845671    2.29803839    2.00001800    1.96899389    1.83635176    2.24066393    2.24596345    2.29358711    2.47706444    2.49500718    2.84656637    2.74821665    2.55153754    2.21367767    2.27187585    2.12314107    1.97466765    2.28024713    2.35400310    2.38594476    2.21465361    1.83365873    1.80917369    1.94387240    2.21620080    0.00000000    0.75044828    0.84421056    0.64063787    0.99924290    1.03513218    0.96411210    0.72310141    0.85032502    0.79763275
D1BKU5_SANKS/6-123     0.77706506    1.02654201    0.72128476    0.83077583    0.82835418    0.88504624    0.87413898    0.75240546    0.71659429    0.75358999    1.71992720    1.48344861    1.18036337    1.33439151    2.14689690    1.90611951    1.68119270    2.40504352    2.28793916    2.07370872    2.04852515    1.93722173    2.22738209    2.25326587    1.93924773    1.92853012    2.63748602    2.68715289    2.79651039    2.57972054    2.85202340    2.29461266    2.41354934    1.80731931    1.94526936    1.99736874    2.10594854    2.08140336    1.87647958    1.88451530    2.06683783    2.05191643    0.75044828    0.00000000    0.82831233    0.71501217    1.11582667    0.96881402    1.08303021    0.76004534    0.85531600    0.79918267
R6PLS9_9FIRM/7-122     0.59288797    0.90731190    0.58097071    0.53734061    0.62200308    0.64130270    0.58112674    0.76594289    0.65147080    0.45975767    1.41354635    1.25116230    1.01219516    1.17194116    2.22879598    1.84448263    1.65268563    2.54354972    2.41417252    2.05745277    2.00572399    1.90770210    1.80815154    2.22712109    2.30064442    2.44662722    2.36168310    2.87660853    2.93813060    2.32859345    2.30824593    2.18040973    2.24470196    1.79225445    1.84415701    2.10537667    2.07466486    1.97373362    1.64255926    1.57402649    1.60223717    1.58446965    0.84421056    0.82831233    0.00000000    0.42955901    0.85835991    0.68953988    0.82785573    0.60905358    0.76510046    0.74448240
D7GQR9_9FIRM/6-122     0.60320616    0.75303653    0.55491857    0.42890662    0.53127653    0.57390781    0.62111034    0.81199563    0.64718660    0.50129158    1.42208215    1.35921104    1.14095031    1.06515064    2.09505444    1.82461850    1.52327589    2.29486894    2.15664409    1.79339651    1.62520832    1.61339076    1.52498076    1.76410273    1.71028169    2.16386752    2.27397026    2.34271782    2.49187615    2.44357356    2.28650967    1.96179980    2.25746644    1.90482336    2.08937421    2.16094605    2.26583984    2.13071490    1.71009050    1.64879303    1.60577594    1.61594793    0.64063787    0.71501217    0.42955901    0.00000000    0.88121509    0.63820876    0.98502454    0.49907836    0.70335132    0.68830978
Q2L038_BORA1/5-122     0.82199352    1.00238243    0.82455980    0.94080369    0.84364885    0.91027187    0.68361416    0.95240656    0.63724867    0.67913339    1.68330623    1.51138795    1.34121523    1.37884413    2.36795081    2.26171328    2.08220834    2.62730657    2.75873224    2.41284509    2.31678914    2.26898255    2.27054868    2.42434074    2.33045958    2.39041034    2.30487658    3.14432845    3.25779910    2.49688384    2.45657103    2.30707640    2.34561340    2.03106535    2.06431562    1.99257367    2.19689840    2.09839397    1.86742483    1.53783821    1.64434535    1.71157034    0.99924290    1.11582667    0.85835991    0.88121509    0.00000000    0.87844577    0.94716580    0.81992480    0.91702463    0.89550307
G4KQY7_OSCVS/5-116     0.71846328    0.91644480    0.72166960    0.76776929    0.76382729    0.71969221    0.87637174    1.04808222    0.77334422    0.63149467    1.65725535    1.47799343    1.48800855    1.37387577    2.01471531    1.91278412    1.91132232    2.13493288    2.64840174    2.01298059    1.98910091    1.95851946    2.01652589    2.13560875    2.08018301    2.52255670    2.00510875    2.30283171    2.98418224    2.82653201    2.70419909    2.53150886    2.30416159    2.50689274    2.50549158    2.70385651    2.86199323    2.77917009    2.04063896    2.24866324    1.86013882    1.77962444    1.03513218    0.96881402    0.68953988    0.63820876    0.87844577    0.00000000    0.91100620    0.73409456    1.02488674    1.03326820
R5KDN0_9CLOT/5-123     1.00706984    1.27870004    1.04690139    1.12440972    1.13692565    1.08995108    1.00102582    1.17944279    1.06320937    0.94469838    1.87653360    1.55517201    1.46925611    1.63402470    2.25883910    2.06438526    1.69424569    2.20302575    2.52681342    2.17447426    2.33072168    2.06888916    2.18228851    2.12636636    1.97443122    1.94478334    1.78866857    2.08003194    2.65710717    2.54218491    2.24195149    2.33679556    2.35184766    1.99819443    2.29033318    2.43647309    2.50857837    2.25782298    1.97256922    2.05614000    1.82400272    1.82581519    0.96411210    1.08303021    0.82785573    0.98502454    0.94716580    0.91100620    0.00000000    1.10604694    1.06946962    1.04580059
B0C1L7_ACAM1/5-124     0.46069688    0.61285613    0.46407769    0.53743232    0.41968075    0.52089427    0.58806333    0.66086702    0.46930912    0.44650862    1.34719603    1.40057070    0.98748844    1.01810480    2.22401797    1.62094660    1.77405504    2.49423208    2.08605874    2.07286653    1.93702929    1.67145406    1.82219821    2.14014216    2.07943290    2.25541164    2.32096806    2.75417786    2.95122723    2.28256326    2.44132406    2.24630260    2.35313073    1.63285301    2.15809857    2.14357303    2.29778697    2.20661833    1.80826594    1.52179571    1.96976037    1.79470129    0.72310141    0.76004534    0.60905358    0.49907836    0.81992480    0.73409456    1.10604694    0.00000000    0.37153539    0.34663321
B7KC72_GLOC7/5-125     0.65500954    0.86507776    0.59169717    0.67091880    0.57507438    0.62922055    0.67123091    0.81112868    0.61726481    0.60686693    1.54176457    1.40942832    0.99236554    1.08172886    1.93084441    1.60515684    1.65337812    2.36303114    1.86246716    1.87344973    1.52437821    1.77130262    1.56253766    1.73476259    1.87869172    2.13188037    2.18776665    2.28930796    2.95940859    2.09597250    2.36802096    2.27483348    2.15090469    1.76071383    2.07204251    2.13385484    2.23641406    2.22923001    2.01964785    1.38969458    1.86980640    1.87175878    0.85032502    0.85531600    0.76510046    0.70335132    0.91702463    1.02488674    1.06946962    0.37153539    0.00000000    0.33047144
K9V108_9CYAN/5-125     0.57584191    0.83869215    0.58748982    0.71652691    0.64696030    0.64882000    0.66687686    0.76838743    0.56472429    0.58465171    1.81904604    1.59602347    1.18558182    1.30709847    2.43431382    1.72315479    1.69654790    2.62401644    1.96635649    2.11039278    1.90118903    1.94011850    1.96016192    2.14082680    2.27642162    2.17953819    2.36598271    2.27618582    3.23604634    2.67182791    3.10830764    2.63220562    2.42266582    1.75169972    2.18348447    2.21114011    2.25999226    2.25354319    2.23969550    1.88226184    1.96357367    1.79169913    0.79763275    0.79918267    0.74448240    0.68830978    0.89550307    1.03326820    1.04580059    0.34663321    0.33047144    0.00000000

