19
B4ND15_DROWI/234-560     0.00000000    0.36494239    0.45730593    0.47783222    0.72998967    0.74958507    0.76806372    0.82896894    0.87734037    0.90128506    0.92210774    1.02942906    1.38877840    1.40789901    1.48981696    2.47815068    2.71710202    2.96566205    2.78432161
B3N0Q9_DROAN/234-557     0.36494239    0.00000000    0.25891002    0.50131912    0.69965431    0.71945602    0.68835608    0.71609010    0.82588856    0.87577276    0.89718519    0.95921918    1.34641691    1.47466990    1.42337742    2.36100038    2.61488332    2.95802054    2.57164981
Q9VYR5_DROME/234-560     0.45730593    0.25891002    0.00000000    0.49775622    0.71922124    0.65847904    0.69143557    0.76338339    0.82848950    0.91163523    0.91099901    0.98802859    1.34672880    1.43613666    1.40576808    2.34117669    2.56527261    2.86015891    2.52573679
B5DNI0_DROPS/234-555     0.47783222    0.50131912    0.49775622    0.00000000    0.75087915    0.76343264    0.80781914    0.89595497    0.97033742    0.95886064    1.00743289    1.08134451    1.29084904    1.37561223    1.40203871    2.45516463    2.63568537    2.99970376    2.59756468
B4JIQ9_DROGR/233-552     0.72998967    0.69965431    0.71922124    0.75087915    0.00000000    0.42128655    0.91653202    1.03262854    1.07044017    1.06085696    1.08524711    1.09973570    1.59083547    1.70938525    1.68895435    2.35451260    2.70863934    2.81066786    2.56169609
B4L4Y5_DROMO/233-554     0.74958507    0.71945602    0.65847904    0.76343264    0.42128655    0.00000000    0.93098465    0.99077407    1.02396257    1.01538777    1.02498726    1.04550871    1.51277707    1.59988308    1.56195861    2.37279323    2.74070936    2.89085161    2.64269889
B4MAD0_DROVI/165-409     0.76806372    0.68835608    0.69143557    0.80781914    0.91653202    0.93098465    0.00000000    0.20553964    0.35976803    0.35854514    0.38561187    0.96438830    1.30682184    1.43213961    1.39360104    2.16202456    2.47004105    2.77679255    2.39910871
B4JK05_DROGR/233-485     0.82896894    0.71609010    0.76338339    0.89595497    1.03262854    0.99077407    0.20553964    0.00000000    0.44405987    0.40514300    0.40443199    0.99165003    1.30978219    1.38718790    1.36191230    2.31078777    2.62032659    2.78575531    2.49749712
B4NDU9_DROWI/235-514     0.87734037    0.82588856    0.82848950    0.97033742    1.07044017    1.02396257    0.35976803    0.44405987    0.00000000    0.38976218    0.43187693    1.18021722    1.32163002    1.40347344    1.41721083    2.45495491    2.56325750    2.74581902    2.67630783
B3MQB0_DROAN/233-512     0.90128506    0.87577276    0.91163523    0.95886064    1.06085696    1.01538777    0.35854514    0.40514300    0.38976218    0.00000000    0.29499526    1.08312272    1.32941292    1.41081147    1.43176546    2.39470292    2.51269467    2.71424487    2.54961178
Q9VWF6_DROME/189-465     0.92210774    0.89718519    0.91099901    1.00743289    1.08524711    1.02498726    0.38561187    0.40443199    0.43187693    0.29499526    0.00000000    1.13239492    1.31999237    1.39985043    1.41149857    2.38717698    2.31160387    2.51621801    2.30869462
T1GUM7_MEGSC/207-497     1.02942906    0.95921918    0.98802859    1.08134451    1.09973570    1.04550871    0.96438830    0.99165003    1.18021722    1.08312272    1.13239492    0.00000000    1.29590785    1.42470927    1.46252717    2.15619312    2.78109216    2.78953443    2.81340624
W5JN69_ANODA/261-522     1.38877840    1.34641691    1.34672880    1.29084904    1.59083547    1.51277707    1.30682184    1.30978219    1.32163002    1.32941292    1.31999237    1.29590785    0.00000000    0.40719585    0.36088865    2.07008697    2.73877314    2.96881363    3.09713310
Q172W6_AEDAE/237-494     1.40789901    1.47466990    1.43613666    1.37561223    1.70938525    1.59988308    1.43213961    1.38718790    1.40347344    1.41081147    1.39985043    1.42470927    0.40719585    0.00000000    0.24405425    2.11732171    2.89004938    3.13375283    3.18403013
B0WTM5_CULQU/237-504     1.48981696    1.42337742    1.40576808    1.40203871    1.68895435    1.56195861    1.39360104    1.36191230    1.41721083    1.43176546    1.41149857    1.46252717    0.36088865    0.24405425    0.00000000    2.02677725    2.60376341    2.88478958    2.95068058
A0A212F1G5_DANPL/260-606     2.47815068    2.36100038    2.34117669    2.45516463    2.35451260    2.37279323    2.16202456    2.31078777    2.45495491    2.39470292    2.38717698    2.15619312    2.07008697    2.11732171    2.02677725    0.00000000    2.67512678    2.69895961    2.64229885
E2A4V8_CAMFO/244-504     2.71710202    2.61488332    2.56527261    2.63568537    2.70863934    2.74070936    2.47004105    2.62032659    2.56325750    2.51269467    2.31160387    2.78109216    2.73877314    2.89004938    2.60376341    2.67512678    0.00000000    0.36485893    0.38626773
F4WED2_ACREC/244-489     2.96566205    2.95802054    2.86015891    2.99970376    2.81066786    2.89085161    2.77679255    2.78575531    2.74581902    2.71424487    2.51621801    2.78953443    2.96881363    3.13375283    2.88478958    2.69895961    0.36485893    0.00000000    0.43986366
E2B7A0_HARSA/248-507     2.78432161    2.57164981    2.52573679    2.59756468    2.56169609    2.64269889    2.39910871    2.49749712    2.67630783    2.54961178    2.30869462    2.81340624    3.09713310    3.18403013    2.95068058    2.64229885    0.38626773    0.43986366    0.00000000

