20
G3VIE0_SARHA/60-618     0.00000000    0.75948804    1.01867934    1.03191969    0.93308287    0.90424495    1.05207302    2.71236897    1.87843067    2.41992883    2.09021784    1.23208615    1.32799416    0.61081115    0.64165473    0.71706550    0.78678836    0.62147911    0.75838288    0.64161834
F6PQT6_ORNAN/9-549     0.75948804    0.00000000    1.01699327    1.03043063    0.92401078    0.90260338    1.14819312    2.89359445    1.90995505    2.39491821    2.02848481    1.23688681    1.23068405    0.75296204    0.72911777    0.77885046    0.89087907    0.75058889    0.90502455    0.79003404
H9G899_ANOCA/9-553     1.01867934    1.01699327    0.00000000    0.84033365    0.75150808    0.71833461    1.14112036    2.63205760    1.86950691    2.37010213    2.19740808    1.33977901    1.41694070    0.96532748    0.97435775    1.07874056    1.16829005    1.02911385    1.12733111    1.04559540
H0Z8M0_TAEGU/9-550     1.03191969    1.03043063    0.84033365    0.00000000    0.40474768    0.34119508    1.14647393    2.81867198    2.05349443    2.47621697    2.16000130    1.37073131    1.37106168    0.91614336    0.97010105    1.01958578    1.05618819    0.96041048    1.08591992    0.94780272
F1NH60_CHICK/9-561     0.93308287    0.92401078    0.75150808    0.40474768    0.00000000    0.17723905    1.09832715    2.59644388    1.95143032    2.59316008    2.11550851    1.21644053    1.33625141    0.86066292    0.88329103    0.95251780    0.95445031    0.89716673    0.96127396    0.90502489
U3IYN5_ANAPP/48-600     0.90424495    0.90260338    0.71833461    0.34119508    0.17723905    0.00000000    1.11079743    2.49228800    1.89758109    2.42786817    2.06526029    1.20912507    1.41320970    0.83387416    0.85270047    0.92678367    0.91191887    0.86121321    0.92185129    0.87949072
F7BNF8_XENTR/9-554     1.05207302    1.14819312    1.14112036    1.14647393    1.09832715    1.11079743    0.00000000    3.18217587    1.80597596    2.33663838    2.15670111    1.27664378    1.33422522    1.18264760    1.18552982    1.29914992    1.40450287    1.27028450    1.43055040    1.27148110
B4I4Y2_DROSE/22-568     2.71236897    2.89359445    2.63205760    2.81867198    2.59644388    2.49228800    3.18217587    0.00000000    3.18324920    3.94988700    3.66128631    2.88327433    3.24207766    2.77991157    2.63387597    2.49761154    2.63715949    2.67097918    2.74997467    2.60746211
C3YPJ1_BRAFL/604-1169     1.87843067    1.90995505    1.86950691    2.05349443    1.95143032    1.89758109    1.80597596    3.18324920    0.00000000    2.08887516    1.97631019    1.92347789    1.77841736    2.02686568    2.01266970    1.86154763    1.92915684    1.97052408    2.14511572    2.02271078
A7SBD8_NEMVE/9-461     2.41992883    2.39491821    2.37010213    2.47621697    2.59316008    2.42786817    2.33663838    3.94988700    2.08887516    0.00000000    2.30449118    2.37451208    2.43733489    2.52080902    2.36570430    2.51242471    2.64860569    2.39818168    2.73996922    2.38315710
K1QZU5_CRAGI/177-751     2.09021784    2.02848481    2.19740808    2.16000130    2.11550851    2.06526029    2.15670111    3.66128631    1.97631019    2.30449118    0.00000000    1.96233417    2.33596336    1.92305962    1.92535081    2.05802517    2.04627376    2.07837859    2.33824565    1.97929974
W5NH31_LEPOC/9-538     1.23208615    1.23688681    1.33977901    1.37073131    1.21644053    1.20912507    1.27664378    2.88327433    1.92347789    2.37451208    1.96233417    0.00000000    1.19820334    1.17526737    1.15019454    1.21434285    1.37023163    1.14293976    1.40799370    1.17749697
Z4YIK0_DANRE/9-534     1.32799416    1.23068405    1.41694070    1.37106168    1.33625141    1.41320970    1.33422522    3.24207766    1.77841736    2.43733489    2.33596336    1.19820334    0.00000000    1.36260438    1.35342657    1.36621517    1.58099704    1.35896005    1.62377944    1.35502751
G3TY57_LOXAF/9-549     0.61081115    0.75296204    0.96532748    0.91614336    0.86066292    0.83387416    1.18264760    2.77991157    2.02686568    2.52080902    1.92305962    1.17526737    1.36260438    0.00000000    0.24689119    0.34623036    0.43230746    0.23866984    0.35128769    0.24766528
F7D2B6_HORSE/9-542     0.64165473    0.72911777    0.97435775    0.97010105    0.88329103    0.85270047    1.18552982    2.63387597    2.01266970    2.36570430    1.92535081    1.15019454    1.35342657    0.24689119    0.00000000    0.34444940    0.39019961    0.25802065    0.36179935    0.27654946
G3GY21_CRIGR/9-544     0.71706550    0.77885046    1.07874056    1.01958578    0.95251780    0.92678367    1.29914992    2.49761154    1.86154763    2.51242471    2.05802517    1.21434285    1.36621517    0.34623036    0.34444940    0.00000000    0.27285464    0.32351871    0.44649026    0.33149454
E9Q0B1_MOUSE/9-509     0.78678836    0.89087907    1.16829005    1.05618819    0.95445031    0.91191887    1.40450287    2.63715949    1.92915684    2.64860569    2.04627376    1.37023163    1.58099704    0.43230746    0.39019961    0.27285464    0.00000000    0.39865166    0.45603501    0.41539034
G1SFV6_RABIT/9-568     0.62147911    0.75058889    1.02911385    0.96041048    0.89716673    0.86121321    1.27028450    2.67097918    1.97052408    2.39818168    2.07837859    1.14293976    1.35896005    0.23866984    0.25802065    0.32351871    0.39865166    0.00000000    0.36785408    0.24103519
H0VVF4_CAVPO/9-490     0.75838288    0.90502455    1.12733111    1.08591992    0.96127396    0.92185129    1.43055040    2.74997467    2.14511572    2.73996922    2.33824565    1.40799370    1.62377944    0.35128769    0.36179935    0.44649026    0.45603501    0.36785408    0.00000000    0.32750086
I3N485_ICTTR/9-556     0.64161834    0.79003404    1.04559540    0.94780272    0.90502489    0.87949072    1.27148110    2.60746211    2.02271078    2.38315710    1.97929974    1.17749697    1.35502751    0.24766528    0.27654946    0.33149454    0.41539034    0.24103519    0.32750086    0.00000000

