7
F1RTJ1_PIG/1-294     0.00000000    0.32392900    0.36841058    0.89654040    0.49416312    0.60831597    0.81005230
PRR32_BOVIN/1-291     0.32392900    0.00000000    0.30132003    0.85577342    0.46357239    0.57928801    0.81445549
E2QWP9_CANLF/1-296     0.36841058    0.30132003    0.00000000    0.83477489    0.40643509    0.53827912    0.72376097
G1QDY0_MYOLU/1-292     0.89654040    0.85577342    0.83477489    0.00000000    0.88093995    0.99413167    1.08912685
G1T8M4_RABIT/1-294     0.49416312    0.46357239    0.40643509    0.88093995    0.00000000    0.51686893    0.71100763
I3N5U8_ICTTR/1-291     0.60831597    0.57928801    0.53827912    0.99413167    0.51686893    0.00000000    0.70245280
PRR32_MOUSE/1-284     0.81005230    0.81445549    0.72376097    1.08912685    0.71100763    0.70245280    0.00000000

