6
F2F0G8_SOLSS/51-198     0.00000000    1.61336371    1.39926182    1.37746057    1.50741692    1.47135865
Q883B1_PSESM/348-500     1.61336371    0.00000000    1.60572237    1.47497802    1.89562700    1.98407363
I6X795_PSEPQ/120-266     1.39926182    1.60572237    0.00000000    0.25158489    2.15837230    2.35798496
I6XLP5_PSEPQ/115-261     1.37746057    1.47497802    0.25158489    0.00000000    1.97690921    2.06430368
A9CGH1_AGRFC/99-247     1.50741692    1.89562700    2.15837230    1.97690921    0.00000000    1.80969848
A9CFH2_AGRFC/351-512     1.47135865    1.98407363    2.35798496    2.06430368    1.80969848    0.00000000

