7
B1ARY8_MOUSE/144-358     0.00000000    0.37265762    1.25854289    1.27572856    0.46874018    0.36826471    0.44842237
G1SWR4_RABIT/125-339     0.37265762    0.00000000    1.15921426    1.23874765    0.39490534    0.26632234    0.38933969
W5L141_ASTMX/101-312     1.25854289    1.15921426    0.00000000    0.32547498    1.29584705    1.21831207    1.33572616
X1WBN4_DANRE/112-326     1.27572856    1.23874765    0.32547498    0.00000000    1.33784081    1.25625600    1.29073785
G3TJM8_LOXAF/2-198     0.46874018    0.39490534    1.29584705    1.33784081    0.00000000    0.31665940    0.34355175
H0YBK5_HUMAN/129-343     0.36826471    0.26632234    1.21831207    1.25625600    0.31665940    0.00000000    0.24850327
H0X241_OTOGA/2-191     0.44842237    0.38933969    1.33572616    1.29073785    0.34355175    0.24850327    0.00000000

