26
G5AZ76_HETGA/44-337     0.00000000    0.31908456    0.30434981    0.47455042    0.47653933    1.07041880    0.98980038    1.03854690    1.00337454    1.30381337    1.29547544    1.23954934    1.27970144    1.72874011    2.62565733    2.59192151    2.95024933    2.82644709    2.55086003    2.78923633    2.46785116    2.33589719    1.04856109    0.35197318    0.31450214    0.29867281
STING_MOUSE/44-336     0.31908456    0.00000000    0.33362805    0.48569294    0.48814323    1.10622098    0.99099916    1.10840356    1.02906545    1.16924482    1.22004906    1.16493595    1.20467270    1.73065276    2.72364781    2.52175868    2.73966202    2.56289268    2.42611222    2.52112270    2.28497924    2.26117472    1.00863148    0.36266899    0.36679070    0.32567351
H0X198_OTOGA/44-337     0.30434981    0.33362805    0.00000000    0.48337052    0.50983744    1.12367347    0.89649609    1.04727553    1.00331409    1.23797241    1.24966623    1.33380827    1.35285153    1.75970513    2.80195656    2.56719391    2.79212903    2.73287707    2.65109377    2.64191920    2.35552286    2.34047235    1.08287420    0.30516118    0.34544687    0.27469235
F7CBV5_MONDO/44-339     0.47455042    0.48569294    0.48337052    0.00000000    0.21188992    1.06074982    0.99617413    1.04765957    0.97753506    1.21995153    1.34838568    1.33726750    1.34078266    1.69373311    2.86505232    2.49291591    2.81967818    2.92214934    2.58833268    2.76764707    2.32775399    2.28160319    1.06346974    0.43906740    0.48865723    0.42520888
G3WCT2_SARHA/44-339     0.47653933    0.48814323    0.50983744    0.21188992    0.00000000    1.05298346    0.92553264    0.98916189    0.87020394    1.24226706    1.29938990    1.30709604    1.22960186    1.71487220    2.75698185    2.42386062    2.66243625    2.72361488    2.47806767    2.62784636    2.34929126    2.25151744    1.01229725    0.50289402    0.49611577    0.44033558
STING_XENTR/27-322     1.07041880    1.10622098    1.12367347    1.06074982    1.05298346    0.00000000    1.10646295    1.20643141    1.06934035    1.28449811    1.21477250    1.31645967    1.29887738    1.87703596    3.26193166    2.82983713    2.80699060    2.77759128    2.65098145    2.83580970    2.43702688    2.37533934    0.96895970    1.06173610    1.10582931    1.00568863
G1KAA9_ANOCA/46-344     0.98980038    0.99099916    0.89649609    0.99617413    0.92553264    1.10646295    0.00000000    0.88872938    0.73170548    1.20391879    1.23914054    1.20547132    1.33330498    1.63700118    3.02963028    2.54191170    2.68490839    2.70295151    2.51671975    2.74361175    2.35484589    2.30865671    0.94194453    0.96360271    0.95073790    0.90912715
STING_CHICK/50-342     1.03854690    1.10840356    1.04727553    1.04765957    0.98916189    1.20643141    0.88872938    0.00000000    0.42779279    1.26131060    1.19836494    1.17835932    1.21623899    1.60534017    2.81202227    2.63729869    2.73946423    2.73602502    2.92855775    2.84708590    2.52189829    2.49098299    1.03530050    1.04389405    1.03211683    1.00454123
U3K4D1_FICAL/46-337     1.00337454    1.02906545    1.00331409    0.97753506    0.87020394    1.06934035    0.73170548    0.42779279    0.00000000    1.26160183    1.22858943    1.20680378    1.28662605    1.49613289    2.96580791    2.55872576    2.69665183    2.76826596    2.82186256    2.72323867    2.36545211    2.37150997    1.01677978    0.97465051    0.95646331    0.94176919
STING_DANRE/42-328     1.30381337    1.16924482    1.23797241    1.21995153    1.24226706    1.28449811    1.20391879    1.26131060    1.26160183    0.00000000    0.94431831    0.89534620    0.95677546    1.62909629    2.89624576    2.53769560    2.55386041    2.69428585    2.63615077    2.58766413    2.57678015    2.33036187    1.14516280    1.25475448    1.21531432    1.16663485
H2M1F9_ORYLA/43-333     1.29547544    1.22004906    1.24966623    1.34838568    1.29938990    1.21477250    1.23914054    1.19836494    1.22858943    0.94431831    0.00000000    0.51479083    0.50729415    1.54032458    2.88681292    2.61869424    2.65744847    2.56873313    2.56815152    2.50049709    2.35854828    2.04183079    1.06546062    1.32767591    1.24920823    1.27626517
G3Q464_GASAC/43-347     1.23954934    1.16493595    1.33380827    1.33726750    1.30709604    1.31645967    1.20547132    1.17835932    1.20680378    0.89534620    0.51479083    0.00000000    0.40208968    1.65333581    2.92359600    2.63642961    2.74798031    2.67123918    2.49606606    2.48686233    2.70516369    2.25906251    1.23957065    1.30269443    1.29118766    1.21309560
M4AWL1_XIPMA/43-340     1.27970144    1.20467270    1.35285153    1.34078266    1.22960186    1.29887738    1.33330498    1.21623899    1.28662605    0.95677546    0.50729415    0.40208968    0.00000000    1.72949880    2.81752249    2.33306662    2.47031828    2.47950642    2.26600839    2.33371651    2.54265178    2.24516651    1.20940460    1.29234295    1.26764419    1.24883470
STING_NEMVE/57-372     1.72874011    1.73065276    1.75970513    1.69373311    1.71487220    1.87703596    1.63700118    1.60534017    1.49613289    1.62909629    1.54032458    1.65333581    1.72949880    0.00000000    3.10491488    2.72230625    2.68175537    2.74228697    2.35743253    2.78984587    2.59615500    2.43517320    1.52663117    1.75192164    1.64571862    1.76170641
A9UUE7_MONBE/42-333     2.62565733    2.72364781    2.80195656    2.86505232    2.75698185    3.26193166    3.02963028    2.81202227    2.96580791    2.89624576    2.88681292    2.92359600    2.81752249    3.10491488    0.00000000    3.47723821    3.63609612    3.21961084    3.56065138    3.19142898    3.46357293    3.35806625    2.81969346    2.72238170    2.73000732    2.68935811
B4MKB3_DROWI/31-332     2.59192151    2.52175868    2.56719391    2.49291591    2.42386062    2.82983713    2.54191170    2.63729869    2.55872576    2.53769560    2.61869424    2.63642961    2.33306662    2.72230625    3.47723821    0.00000000    0.60429151    0.57187402    0.65148567    0.64380317    1.78281471    1.96761387    2.42009613    2.56255207    2.43014978    2.45246253
B3MGP8_DROAN/37-339     2.95024933    2.73966202    2.79212903    2.81967818    2.66243625    2.80699060    2.68490839    2.73946423    2.69665183    2.55386041    2.65744847    2.74798031    2.47031828    2.68175537    3.63609612    0.60429151    0.00000000    0.39394642    0.60394586    0.62530582    1.87853404    2.07423306    2.63418375    2.85810223    2.72782834    2.78090691
B4HT52_DROSE/6-308     2.82644709    2.56289268    2.73287707    2.92214934    2.72361488    2.77759128    2.70295151    2.73602502    2.76826596    2.69428585    2.56873313    2.67123918    2.47950642    2.74228697    3.21961084    0.57187402    0.39394642    0.00000000    0.51362269    0.60979362    1.57954632    1.74047994    2.48378053    2.83784567    2.75545693    2.72191282
B4KMG8_DROMO/24-326     2.55086003    2.42611222    2.65109377    2.58833268    2.47806767    2.65098145    2.51671975    2.92855775    2.82186256    2.63615077    2.56815152    2.49606606    2.26600839    2.35743253    3.56065138    0.65148567    0.60394586    0.51362269    0.00000000    0.43318634    1.88800826    1.94961612    2.79961925    2.53722721    2.60161754    2.52069198
B4J8A5_DROGR/6-308     2.78923633    2.52112270    2.64191920    2.76764707    2.62784636    2.83580970    2.74361175    2.84708590    2.72323867    2.58766413    2.50049709    2.48686233    2.33371651    2.78984587    3.19142898    0.64380317    0.62530582    0.60979362    0.43318634    0.00000000    1.70224579    1.83373860    2.62438510    2.73313911    2.61199677    2.59571938
F4X6W4_ACREC/47-362     2.46785116    2.28497924    2.35552286    2.32775399    2.34929126    2.43702688    2.35484589    2.52189829    2.36545211    2.57678015    2.35854828    2.70516369    2.54265178    2.59615500    3.46357293    1.78281471    1.87853404    1.57954632    1.88800826    1.70224579    0.00000000    0.52859971    2.22128623    2.41701866    2.31782708    2.27290955
E2ARP8_CAMFO/23-339     2.33589719    2.26117472    2.34047235    2.28160319    2.25151744    2.37533934    2.30865671    2.49098299    2.37150997    2.33036187    2.04183079    2.25906251    2.24516651    2.43517320    3.35806625    1.96761387    2.07423306    1.74047994    1.94961612    1.83373860    0.52859971    0.00000000    2.18980202    2.39939746    2.33762577    2.31308312
H3A3G4_LATCH/44-338     1.04856109    1.00863148    1.08287420    1.06346974    1.01229725    0.96895970    0.94194453    1.03530050    1.01677978    1.14516280    1.06546062    1.23957065    1.20940460    1.52663117    2.81969346    2.42009613    2.63418375    2.48378053    2.79961925    2.62438510    2.22128623    2.18980202    0.00000000    1.09732140    1.02708588    1.02275979
L5JUR0_PTEAL/25-318     0.35197318    0.36266899    0.30516118    0.43906740    0.50289402    1.06173610    0.96360271    1.04389405    0.97465051    1.25475448    1.32767591    1.30269443    1.29234295    1.75192164    2.72238170    2.56255207    2.85810223    2.83784567    2.53722721    2.73313911    2.41701866    2.39939746    1.09732140    0.00000000    0.29923495    0.25375790
H9YZQ6_MACMU/44-337     0.31450214    0.36679070    0.34544687    0.48865723    0.49611577    1.10582931    0.95073790    1.03211683    0.95646331    1.21531432    1.24920823    1.29118766    1.26764419    1.64571862    2.73000732    2.43014978    2.72782834    2.75545693    2.60161754    2.61199677    2.31782708    2.33762577    1.02708588    0.29923495    0.00000000    0.24486725
STING_BOVIN/44-337     0.29867281    0.32567351    0.27469235    0.42520888    0.44033558    1.00568863    0.90912715    1.00454123    0.94176919    1.16663485    1.27626517    1.21309560    1.24883470    1.76170641    2.68935811    2.45246253    2.78090691    2.72191282    2.52069198    2.59571938    2.27290955    2.31308312    1.02275979    0.25375790    0.24486725    0.00000000

