13
F7D342_HORSE/21-524     0.00000000    0.48748747    0.45555897    0.61525835    0.46615531    0.50331074    0.52663056    0.55455984    0.72558700    0.40532898    0.42664533    0.40746383    0.48179925
E1BFT7_BOVIN/14-477     0.48748747    0.00000000    0.59220647    0.79873452    0.67819567    0.76065103    0.68377294    0.70748841    0.84338679    0.56038735    0.62891103    0.59877399    0.69191043
G1PQK9_MYOLU/21-486     0.45555897    0.59220647    0.00000000    0.74442441    0.61048937    0.67415766    0.71055304    0.69129548    0.79354095    0.57177574    0.59983207    0.54213998    0.59259634
H0XSS5_OTOGA/21-517     0.61525835    0.79873452    0.74442441    0.00000000    0.48186902    0.54846156    0.61617447    0.65132178    0.81070136    0.62977932    0.67715262    0.65107574    0.78515930
H2QAI3_PANTR/21-520     0.46615531    0.67819567    0.61048937    0.48186902    0.00000000    0.24762096    0.51446908    0.56115032    0.75785364    0.57359810    0.59312388    0.56534871    0.64182289
F6QHY9_CALJA/21-513     0.50331074    0.76065103    0.67415766    0.54846156    0.24762096    0.00000000    0.58489681    0.56106096    0.72924797    0.62871475    0.65525796    0.63624525    0.67127744
G1U6C2_RABIT/14-514     0.52663056    0.68377294    0.71055304    0.61617447    0.51446908    0.58489681    0.00000000    0.57695244    0.68924627    0.61628836    0.66059243    0.63956226    0.69124136
I3M2G7_ICTTR/19-500     0.55455984    0.70748841    0.69129548    0.65132178    0.56115032    0.56106096    0.57695244    0.00000000    0.66516242    0.61728310    0.65399111    0.63429413    0.67978109
G3HS55_CRIGR/14-481     0.72558700    0.84338679    0.79354095    0.81070136    0.75785364    0.72924797    0.68924627    0.66516242    0.00000000    0.80087271    0.79262697    0.76508796    0.87789741
M3W2F4_FELCA/19-511     0.40532898    0.56038735    0.57177574    0.62977932    0.57359810    0.62871475    0.61628836    0.61728310    0.80087271    0.00000000    0.35107895    0.32680147    0.41065740
J9NT52_CANLF/30-524     0.42664533    0.62891103    0.59983207    0.67715262    0.59312388    0.65525796    0.66059243    0.65399111    0.79262697    0.35107895    0.00000000    0.31834857    0.37555290
G1L4D1_AILME/19-508     0.40746383    0.59877399    0.54213998    0.65107574    0.56534871    0.63624525    0.63956226    0.63429413    0.76508796    0.32680147    0.31834857    0.00000000    0.28617550
M3YU43_MUSPF/19-501     0.48179925    0.69191043    0.59259634    0.78515930    0.64182289    0.67127744    0.69124136    0.67978109    0.87789741    0.41065740    0.37555290    0.28617550    0.00000000

