11
H0ZP16_TAEGU/6-468     0.00000000    0.78168205    0.63435648    0.88938242    0.86418353    1.49117494    1.47177394    1.32525598    1.41092657    1.47489339    1.54141728
F6PXD9_MONDO/9-445     0.78168205    0.00000000    0.39549909    0.92621938    0.91616174    1.31209157    1.55400799    1.20801181    1.31769611    1.32999304    1.34144047
LYRIC_RAT/6-422     0.63435648    0.39549909    0.00000000    0.72697737    0.73359920    1.18613059    1.44280531    1.26552870    1.31120758    1.37321828    1.28235829
G1KRW1_ANOCA/7-429     0.88938242    0.92621938    0.72697737    0.00000000    0.92520390    1.72099626    1.92643242    1.51211673    1.66579855    1.68229356    1.72074854
H3A138_LATCH/5-420     0.86418353    0.91616174    0.73359920    0.92520390    0.00000000    1.47166025    1.45931692    1.29540522    1.17515126    1.21273809    1.26843262
G3NHA0_GASAC/5-421     1.49117494    1.31209157    1.18613059    1.72099626    1.47166025    0.00000000    0.89223150    1.14569408    1.18823529    1.30282130    1.30985533
H3C621_TETNG/5-451     1.47177394    1.55400799    1.44280531    1.92643242    1.45931692    0.89223150    0.00000000    1.38182382    1.42675270    1.50286630    1.55797428
F1QAS0_DANRE/5-404     1.32525598    1.20801181    1.26552870    1.51211673    1.29540522    1.14569408    1.38182382    0.00000000    0.95147432    1.01323570    1.03099655
G3NLM1_GASAC/4-416     1.41092657    1.31769611    1.31120758    1.66579855    1.17515126    1.18823529    1.42675270    0.95147432    0.00000000    0.43814822    0.48563274
I3KHV4_ORENI/4-389     1.47489339    1.32999304    1.37321828    1.68229356    1.21273809    1.30282130    1.50286630    1.01323570    0.43814822    0.00000000    0.45742196
H3D6Z2_TETNG/5-397     1.54141728    1.34144047    1.28235829    1.72074854    1.26843262    1.30985533    1.55797428    1.03099655    0.48563274    0.45742196    0.00000000

