8
E9Q0E2_MOUSE/117-1348     0.00000000    0.30954286    0.38953119    0.63868735    0.85764135    1.08371231    1.31678563    1.34684450
TALD3_HUMAN/101-1342     0.30954286    0.00000000    0.27605461    0.52462976    0.78280955    1.03931301    1.26635983    1.29498388
H0UVS3_CAVPO/115-1353     0.38953119    0.27605461    0.00000000    0.61980050    0.81652227    1.06020062    1.29861245    1.31931636
A0A7N4PJI9_SARHA/132-1385     0.63868735    0.52462976    0.61980050    0.00000000    0.83179254    1.10452611    1.42525634    1.42778408
H9GLI0_ANOCA/127-1404     0.85764135    0.78280955    0.81652227    0.83179254    0.00000000    0.90598548    1.25161558    1.25340496
W5MSL4_LEPOC/119-1387     1.08371231    1.03931301    1.06020062    1.10452611    0.90598548    0.00000000    0.93803187    0.96275327
W5JYF5_ASTMX/138-1453     1.31678563    1.26635983    1.29861245    1.42525634    1.25161558    0.93803187    0.00000000    0.63274821
TALD3_DANRE/126-1388     1.34684450    1.29498388    1.31931636    1.42778408    1.25340496    0.96275327    0.63274821    0.00000000

