15
G1QEE4_MYOLU/2-108     0.00000000    0.47428962    0.45007700    0.49890621    0.46415017    0.51599272    0.46963461    0.80484974    0.97579588    1.09292624    1.15280388    1.35973564    1.26540499    1.24902744    1.05614093
F1MI94_BOVIN/8-114     0.47428962    0.00000000    0.41760237    0.40969144    0.46716358    0.41922441    0.39415173    0.72911129    0.96978243    1.15885996    1.15073026    1.41694342    1.27365941    1.23022186    1.08351129
G3TJN1_LOXAF/8-114     0.45007700    0.41760237    0.00000000    0.37661738    0.55568824    0.40595763    0.43515849    0.75587443    0.98961876    0.87741174    0.98749946    1.19946937    1.20858016    1.12524232    0.96759454
H0XJZ4_OTOGA/8-113     0.49890621    0.40969144    0.37661738    0.00000000    0.49996893    0.37157196    0.39101095    0.84671896    0.98369125    1.07746564    1.11668232    1.36378466    1.26218348    1.14136508    1.09639838
F1M4Q1_RAT/2-107     0.46415017    0.46716358    0.55568824    0.49996893    0.00000000    0.37253886    0.38603057    0.86476510    1.14177016    1.06250958    1.11396371    1.28585239    1.10398161    1.26985775    1.15066824
F6V6J0_CALJA/8-113     0.51599272    0.41922441    0.40595763    0.37157196    0.37253886    0.00000000    0.30081914    0.78895600    0.95486310    1.03342733    1.07216971    1.16523066    1.16868809    1.07423908    1.06514421
G1SWL8_RABIT/8-113     0.46963461    0.39415173    0.43515849    0.39101095    0.38603057    0.30081914    0.00000000    0.72840186    0.93362419    1.07284229    1.24147324    1.42017529    1.20948135    1.12056918    1.15264726
G3WJ98_SARHA/8-112     0.80484974    0.72911129    0.75587443    0.84671896    0.86476510    0.78895600    0.72840186    0.00000000    0.43586865    1.36288625    1.43706159    1.64528539    1.49153320    1.52098065    1.31534078
F6X0P6_MONDO/34-137     0.97579588    0.96978243    0.98961876    0.98369125    1.14177016    0.95486310    0.93362419    0.43586865    0.00000000    1.36401496    1.53813612    1.65762969    1.64880601    1.62702852    1.32059348
F6Z7R2_HORSE/8-114     1.09292624    1.15885996    0.87741174    1.07746564    1.06250958    1.03342733    1.07284229    1.36288625    1.36401496    0.00000000    0.35720410    0.45819598    0.39245639    0.53268403    0.46941997
F1S1R1_PIG/8-114     1.15280388    1.15073026    0.98749946    1.11668232    1.11396371    1.07216971    1.24147324    1.43706159    1.53813612    0.35720410    0.00000000    0.36532372    0.43018412    0.54740597    0.55725135
G3MY76_BOVIN/14-120     1.35973564    1.41694342    1.19946937    1.36378466    1.28585239    1.16523066    1.42017529    1.64528539    1.65762969    0.45819598    0.36532372    0.00000000    0.56514181    0.62801645    0.68037183
G1PIM3_MYOLU/8-114     1.26540499    1.27365941    1.20858016    1.26218348    1.10398161    1.16868809    1.20948135    1.49153320    1.64880601    0.39245639    0.43018412    0.56514181    0.00000000    0.65829187    0.59658748
H0XTN6_OTOGA/3-113     1.24902744    1.23022186    1.12524232    1.14136508    1.26985775    1.07423908    1.12056918    1.52098065    1.62702852    0.53268403    0.54740597    0.62801645    0.65829187    0.00000000    0.54062797
G3U276_LOXAF/8-114     1.05614093    1.08351129    0.96759454    1.09639838    1.15066824    1.06514421    1.15264726    1.31534078    1.32059348    0.46941997    0.55725135    0.68037183    0.59658748    0.54062797    0.00000000

