18
F6QMZ8_ORNAN/250-539     0.00000000    0.59442370    0.81463175    0.84162199    0.81632470    0.80636850    0.96882966    0.78486351    0.85350127    0.81557723    0.78022796    0.83245896    0.59865576    0.50782856    0.38691300    0.43010076    0.43074019    0.48988318
H2ZZ63_LATCH/205-507     0.59442370    0.00000000    0.58619616    0.64230344    0.61493837    0.68521923    0.81788836    0.61954172    0.70514463    0.63844586    0.67498286    0.69414462    0.59393583    0.51596348    0.46712258    0.48283228    0.56622494    0.47180841
L5JXJ0_PTEAL/62-373     0.81463175    0.58619616    0.00000000    0.24369276    0.23279086    0.33628507    0.54232201    0.78924702    0.84294013    0.85553378    0.82650144    0.91128740    0.76390938    0.62941647    0.68593988    0.73601763    0.75117219    0.76003506
H0Z955_TAEGU/14-308     0.84162199    0.64230344    0.24369276    0.00000000    0.21138861    0.36526781    0.60234276    0.87210832    0.90939643    0.93921763    0.91435590    0.96402256    0.79918571    0.71591421    0.71435109    0.74856019    0.74825234    0.81873067
H9GDU2_ANOCA/16-329     0.81632470    0.61493837    0.23279086    0.21138861    0.00000000    0.33741977    0.55003876    0.83356531    0.87351091    0.90843793    0.90398622    0.95691323    0.77618918    0.65558243    0.69725885    0.72268499    0.78750128    0.78533097
W5MFQ7_LEPOC/80-397     0.80636850    0.68521923    0.33628507    0.36526781    0.33741977    0.00000000    0.46831937    0.86233750    0.89997559    0.92139265    0.86168329    0.89428323    0.82187115    0.73508096    0.69653531    0.72786448    0.82588231    0.73425887
G3NKH6_GASAC/3-311     0.96882966    0.81788836    0.54232201    0.60234276    0.55003876    0.46831937    0.00000000    0.99778964    0.98376451    0.99337834    0.89050653    0.95108791    0.92609632    0.85376824    0.84652417    0.91438389    0.89644184    0.92151223
D3KVM2_DANRE/58-356     0.78486351    0.61954172    0.78924702    0.87210832    0.83356531    0.86233750    0.99778964    0.00000000    0.42401710    0.42463138    0.40114512    0.43158113    0.73950454    0.74180376    0.63829581    0.71887916    0.68068678    0.65878104
H3CN48_TETNG/195-506     0.85350127    0.70514463    0.84294013    0.90939643    0.87351091    0.89997559    0.98376451    0.42401710    0.00000000    0.32091764    0.29142265    0.32868067    0.88279751    0.85772116    0.75019675    0.74081332    0.72848261    0.72687692
I3ITX7_ORENI/184-501     0.81557723    0.63844586    0.85553378    0.93921763    0.90843793    0.92139265    0.99337834    0.42463138    0.32091764    0.00000000    0.24150863    0.28364776    0.83246673    0.76128428    0.74171249    0.78246180    0.73742794    0.70380399
G3NNR6_GASAC/47-350     0.78022796    0.67498286    0.82650144    0.91435590    0.90398622    0.86168329    0.89050653    0.40114512    0.29142265    0.24150863    0.00000000    0.25808215    0.79557349    0.76700566    0.72958291    0.75183273    0.79674660    0.71634780
H2N2E3_ORYLA/58-372     0.83245896    0.69414462    0.91128740    0.96402256    0.95691323    0.89428323    0.95108791    0.43158113    0.32868067    0.28364776    0.25808215    0.00000000    0.81874278    0.76896440    0.69263243    0.75059765    0.74521849    0.70188329
H0ZPU5_TAEGU/207-501     0.59865576    0.59393583    0.76390938    0.79918571    0.77618918    0.82187115    0.92609632    0.73950454    0.88279751    0.83246673    0.79557349    0.81874278    0.00000000    0.47407383    0.45421328    0.46044769    0.53444498    0.50475813
G1KAV0_ANOCA/147-444     0.50782856    0.51596348    0.62941647    0.71591421    0.65558243    0.73508096    0.85376824    0.74180376    0.85772116    0.76128428    0.76700566    0.76896440    0.47407383    0.00000000    0.40043384    0.45922151    0.53493303    0.47408887
F6XJ69_MONDO/33-328     0.38691300    0.46712258    0.68593988    0.71435109    0.69725885    0.69653531    0.84652417    0.63829581    0.75019675    0.74171249    0.72958291    0.69263243    0.45421328    0.40043384    0.00000000    0.20906226    0.36258525    0.32507224
F6QD63_HORSE/323-615     0.43010076    0.48283228    0.73601763    0.74856019    0.72268499    0.72786448    0.91438389    0.71887916    0.74081332    0.78246180    0.75183273    0.75059765    0.46044769    0.45922151    0.20906226    0.00000000    0.24747955    0.15751418
F1MFI7_BOVIN/78-365     0.43074019    0.56622494    0.75117219    0.74825234    0.78750128    0.82588231    0.89644184    0.68068678    0.72848261    0.73742794    0.79674660    0.74521849    0.53444498    0.53493303    0.36258525    0.24747955    0.00000000    0.24554257
G5AVI9_HETGA/208-491     0.48988318    0.47180841    0.76003506    0.81873067    0.78533097    0.73425887    0.92151223    0.65878104    0.72687692    0.70380399    0.71634780    0.70188329    0.50475813    0.47408887    0.32507224    0.15751418    0.24554257    0.00000000

