8
M4AID3_XIPMA/220-349     0.00000000    0.11899451    0.28748067    0.19490019    1.40326202    0.68516288    0.80976986    0.77791911
H2L8U9_ORYLA/219-348     0.11899451    0.00000000    0.32407330    0.21336764    1.31076137    0.65994666    0.81113422    0.79752593
G3PJK3_GASAC/156-279     0.28748067    0.32407330    0.00000000    0.30848132    1.32630013    0.82565073    0.81226523    0.76431684
E7EY34_DANRE/225-352     0.19490019    0.21336764    0.30848132    0.00000000    1.33220420    0.70838890    0.80714947    0.80956974
K1RRN7_CRAGI/248-363     1.40326202    1.31076137    1.32630013    1.33220420    0.00000000    1.08323161    1.19367372    1.27647217
H3BEY7_LATCH/159-280     0.68516288    0.65994666    0.82565073    0.70838890    1.08323161    0.00000000    0.43243690    0.42600329
F7EKG9_XENTR/159-274     0.80976986    0.81113422    0.81226523    0.80714947    1.19367372    0.43243690    0.00000000    0.38703758
H9G9P9_ANOCA/140-257     0.77791911    0.79752593    0.76431684    0.80956974    1.27647217    0.42600329    0.38703758    0.00000000

