7
E0VMI2_PEDHC/216-467     0.00000000    1.52277334    1.51078027    1.50363506    1.35792662    2.00200084    1.48544143
W5J7Z9_ANODA/47-301     1.52277334    0.00000000    0.45189441    0.57235716    1.15260797    1.55324763    1.06996283
B0WZT3_CULQU/19-268     1.51078027    0.45189441    0.00000000    0.28375598    1.03808328    1.36213846    1.01623696
Q170U5_AEDAE/25-286     1.50363506    0.57235716    0.28375598    0.00000000    1.16337738    1.57496188    1.09307945
E2BBG2_HARSA/7-262     1.35792662    1.15260797    1.03808328    1.16337738    0.00000000    1.16358289    0.94867388
W5M4E5_LEPOC/222-482     2.00200084    1.55324763    1.36213846    1.57496188    1.16358289    0.00000000    0.99447817
K1RCB3_CRAGI/186-419     1.48544143    1.06996283    1.01623696    1.09307945    0.94867388    0.99447817    0.00000000

