7
W5N5Z5_LEPOC/152-598     0.00000000    0.29147135    0.21622903    0.39456869    0.40730787    0.56577171    0.52708152
E1BJZ9_BOVIN/139-579     0.29147135    0.00000000    0.35775217    0.53001550    0.53372216    0.76545384    0.66019062
H2RZ12_TAKRU/178-609     0.21622903    0.35775217    0.00000000    0.20981284    0.47216397    0.66899040    0.55020204
H3CI98_TETNG/139-573     0.39456869    0.53001550    0.20981284    0.00000000    0.64948685    0.87629845    0.70747119
G3N6I4_GASAC/146-581     0.40730787    0.53372216    0.47216397    0.64948685    0.00000000    0.53360471    0.44145771
H2SCI6_TAKRU/140-568     0.56577171    0.76545384    0.66899040    0.87629845    0.53360471    0.00000000    0.54922143
I3IVV3_ORENI/149-559     0.52708152    0.66019062    0.55020204    0.70747119    0.44145771    0.54922143    0.00000000

