20
G3VHW8_SARHA/97-354     0.00000000    0.37712528    1.25606890    1.49485034    1.94931344    1.92299189    1.78006210    2.24382500    1.35963302    0.81960752    0.79881776    0.86545861    0.93589529    0.96562031    0.90790815    0.91917999    0.80677770    0.87593740    1.04933892    0.76763317
F6VU14_MONDO/104-361     0.37712528    0.00000000    1.23795410    1.58076674    2.10039635    1.89977673    1.70749913    2.19995159    1.38116110    0.83331736    0.81708069    0.94122727    0.99181901    0.96492429    0.99493675    0.98546951    0.83407758    0.95486907    1.07004040    0.79297094
H9GDI1_ANOCA/111-368     1.25606890    1.23795410    0.00000000    1.30769268    1.83031141    1.76485919    1.75216899    2.16639989    0.91933441    1.18750829    1.19635431    1.35952038    1.24859115    1.27296625    1.41447368    1.45010909    1.20440702    1.33431032    1.45629801    1.19305544
W5MHV6_LEPOC/132-389     1.49485034    1.58076674    1.30769268    0.00000000    1.93906849    1.82350511    1.47859894    1.82680561    1.34739651    1.66587248    1.74084796    1.69517383    1.67480690    1.70670180    1.74405000    1.85113237    1.65654765    1.78605225    1.94844289    1.62032479
H2ZPF5_CIOSA/124-384     1.94931344    2.10039635    1.83031141    1.93906849    0.00000000    0.47860283    1.41421361    2.14119854    1.69740701    2.22805122    2.24703630    2.29561230    2.37057527    2.28279783    2.30348379    2.16901869    2.27065292    2.29283776    2.49821387    2.22728357
H2XPF2_CIOIN/60-320     1.92299189    1.89977673    1.76485919    1.82350511    0.47860283    0.00000000    1.54717575    2.13564731    1.81875543    2.08143999    2.14474945    2.18060623    2.30129249    2.06586856    2.10898688    2.08105005    2.03552545    2.10015706    2.23180958    2.11994460
C3YGH2_BRAFL/110-368     1.78006210    1.70749913    1.75216899    1.47859894    1.41421361    1.54717575    0.00000000    1.65394890    1.66777576    1.99156704    2.01805134    2.06127399    2.14090937    1.95231707    1.95811466    2.06053965    1.86482178    2.25892761    2.27699736    2.02475026
A0A1X7VM17_AMPQE/108-363     2.24382500    2.19995159    2.16639989    1.82680561    2.14119854    2.13564731    1.65394890    0.00000000    2.04807980    2.39306656    2.32963911    2.30248489    2.47645766    2.44357318    2.28497569    2.46446410    2.25745094    2.61168040    2.39245541    2.45924283
G1N5D1_MELGA/4-260     1.35963302    1.38116110    0.91933441    1.34739651    1.69740701    1.81875543    1.66777576    2.04807980    0.00000000    1.38033458    1.33314187    1.40783901    1.42003095    1.45856676    1.39242612    1.43614442    1.31918117    1.45019873    1.60861638    1.36842814
G3TIX1_LOXAF/2-259     0.81960752    0.83331736    1.18750829    1.66587248    2.22805122    2.08143999    1.99156704    2.39306656    1.38033458    0.00000000    0.37460763    0.39545722    0.46145251    0.49800128    0.42900450    0.43880793    0.41614970    0.53093349    0.56362752    0.38554582
F6WR35_HORSE/96-353     0.79881776    0.81708069    1.19635431    1.74084796    2.24703630    2.14474945    2.01805134    2.32963911    1.33314187    0.37460763    0.00000000    0.25823048    0.28033030    0.41718991    0.39147691    0.37154224    0.34789149    0.45940551    0.53794995    0.30252290
G1M5Y0_AILME/103-360     0.86545861    0.94122727    1.35952038    1.69517383    2.29561230    2.18060623    2.06127399    2.30248489    1.40783901    0.39545722    0.25823048    0.00000000    0.26808191    0.42677426    0.39470750    0.40511299    0.36122822    0.49943513    0.54692041    0.35008641
M3W892_FELCA/103-360     0.93589529    0.99181901    1.24859115    1.67480690    2.37057527    2.30129249    2.14090937    2.47645766    1.42003095    0.46145251    0.28033030    0.26808191    0.00000000    0.44023275    0.41848529    0.44996797    0.39325894    0.49285010    0.58734454    0.38201818
G1NSQ0_MYOLU/4-261     0.96562031    0.96492429    1.27296625    1.70670180    2.28279783    2.06586856    1.95231707    2.44357318    1.45856676    0.49800128    0.41718991    0.42677426    0.44023275    0.00000000    0.45264161    0.48855380    0.51050880    0.64232885    0.66810989    0.47762870
F1S7I7_PIG/69-326     0.90790815    0.99493675    1.41447368    1.74405000    2.30348379    2.10898688    1.95811466    2.28497569    1.39242612    0.42900450    0.39147691    0.39470750    0.41848529    0.45264161    0.00000000    0.26714856    0.43630485    0.56553822    0.61513859    0.45981527
W5QCZ5_SHEEP/103-360     0.91917999    0.98546951    1.45010909    1.85113237    2.16901869    2.08105005    2.06053965    2.46446410    1.43614442    0.43880793    0.37154224    0.40511299    0.44996797    0.48855380    0.26714856    0.00000000    0.42513024    0.61476687    0.60516873    0.45963293
H0XM83_OTOGA/103-360     0.80677770    0.83407758    1.20440702    1.65654765    2.27065292    2.03552545    1.86482178    2.25745094    1.31918117    0.41614970    0.34789149    0.36122822    0.39325894    0.51050880    0.43630485    0.42513024    0.00000000    0.52297496    0.60287957    0.35655579
I3M1D4_ICTTR/92-349     0.87593740    0.95486907    1.33431032    1.78605225    2.29283776    2.10015706    2.25892761    2.61168040    1.45019873    0.53093349    0.45940551    0.49943513    0.49285010    0.64232885    0.56553822    0.61476687    0.52297496    0.00000000    0.57544348    0.44659635
Q8BJX2_MOUSE/96-353     1.04933892    1.07004040    1.45629801    1.94844289    2.49821387    2.23180958    2.27699736    2.39245541    1.60861638    0.56362752    0.53794995    0.54692041    0.58734454    0.66810989    0.61513859    0.60516873    0.60287957    0.57544348    0.00000000    0.53051978
G1REG6_NOMLE/105-362     0.76763317    0.79297094    1.19305544    1.62032479    2.22728357    2.11994460    2.02475026    2.45924283    1.36842814    0.38554582    0.30252290    0.35008641    0.38201818    0.47762870    0.45981527    0.45963293    0.35655579    0.44659635    0.53051978    0.00000000

