37
F6ZNE4_XENTR/113-195     0.00000000    0.54203821    0.77093403    0.66800215    0.70567430    0.97483050    0.83296464    0.92976980    0.87119252    0.94482785    0.93491684    0.84991903    1.72327471    1.76382186    2.15144565    2.03853250    1.99216440    1.94691191    1.96347466    2.44343445    2.15840118    1.85301958    1.94092009    1.28170281    1.33185960    1.19518346    0.80326355    1.55538234    1.91564722    1.68476565    1.80429587    1.97766682    1.89735839    1.55244724    1.45676900    1.93488813    2.24730043
F6T6Q6_MONDO/85-163     0.54203821    0.00000000    0.38930296    0.49074172    0.58106931    0.93838911    0.89845675    0.92218746    0.82651914    0.95834717    0.96500053    0.97136694    1.36318166    1.73076971    2.05961017    1.89091337    1.78671482    1.68697617    1.55213257    1.93832493    1.93732007    1.95576156    1.78344258    1.21412488    1.19702869    0.97426499    0.71427397    1.40554515    1.59585038    1.48583308    1.67717202    1.73921129    1.66319322    1.60501928    1.40287654    1.83431593    1.79116921
D3Z8F3_RAT/85-161     0.77093403    0.38930296    0.00000000    0.67890901    0.67341112    0.89738502    0.87773930    0.93752558    0.98048951    1.01579809    1.06343096    1.02428342    1.68468627    2.10349075    2.12235594    1.89618493    2.13872620    2.10687213    1.98972857    2.34513384    2.18119954    2.08753090    1.98447406    1.36040372    1.26205721    1.19171561    0.80207860    1.52075111    1.65843942    1.52301484    1.68744912    1.76607774    1.69496934    1.68218910    1.37996777    1.71458211    1.82926360
H9GMA4_ANOCA/85-166     0.66800215    0.49074172    0.67890901    0.00000000    0.64648664    0.96252575    0.81619327    0.90415383    0.76075125    0.84879534    0.78894384    0.82414003    1.81567165    2.10847178    2.52003731    2.07459322    2.06232654    2.26862924    2.08248957    2.49266769    2.31496059    2.23270739    2.16551513    1.28583922    1.24692692    1.26316423    0.72307249    1.54341684    1.82988718    1.48019926    1.55251823    1.71547224    1.65262686    1.58368278    1.49529048    1.70903404    1.89809335
H3B7P1_LATCH/89-172     0.70567430    0.58106931    0.67341112    0.64648664    0.00000000    0.63990870    0.67072299    0.75619870    0.60011140    0.70055584    0.66228413    0.68350669    1.72402600    1.93822558    1.95082480    2.03117214    1.82863968    1.95119331    1.84827435    2.17480917    2.19191648    1.85290393    1.91400348    0.94851281    1.40570176    1.11549527    0.60759464    1.43139137    1.54977444    1.41277026    1.56994718    1.69749654    1.69131793    1.48870211    1.41882460    1.77534782    2.18083412
I3JYL9_ORENI/78-157     0.97483050    0.93838911    0.89738502    0.96252575    0.63990870    0.00000000    0.15027192    0.26629433    0.17103305    0.36394073    0.40252433    0.36268519    1.62263490    1.58068341    1.89615451    1.73664519    1.59122294    1.51069065    1.61681882    1.86166802    1.62680145    1.83100634    1.69719897    0.89072947    1.37439994    0.96942277    0.62643487    1.42018608    1.70187340    1.36196429    1.54945576    1.52033562    1.55679789    1.57027232    1.40900540    1.52862716    1.86049506
G3P9J4_GASAC/49-128     0.83296464    0.89845675    0.87773930    0.81619327    0.67072299    0.15027192    0.00000000    0.00000000    0.20759410    0.46204302    0.45554472    0.27325931    1.32276414    1.39890205    1.74040291    1.54976456    1.37900647    1.25953145    1.35880063    1.60878788    1.37153408    1.60147173    1.43445920    0.99484737    1.36901135    0.87115845    0.61373361    1.46733178    1.51039949    1.19593107    1.47521134    1.44474491    1.36201154    1.51680852    1.34378252    1.23404006    1.91550104
G3P9K0_GASAC/78-164     0.92976980    0.92218746    0.93752558    0.90415383    0.75619870    0.26629433    0.00000000    0.00000000    0.20759410    0.46204302    0.45554472    0.36716986    1.51349829    1.61314404    1.96872937    1.77494867    1.61261848    1.47114673    1.56410263    1.84718162    1.59803310    1.81647043    1.65418647    1.17655846    1.47222573    0.97182475    0.63626302    1.46733178    1.66539232    1.37296781    1.65545376    1.62488336    1.50728291    1.63243017    1.52746037    1.39431671    1.98342604
A0A3B5PXY3_XIPMA/78-157     0.87119252    0.82651914    0.98048951    0.76075125    0.60011140    0.17103305    0.20759410    0.20759410    0.00000000    0.53357877    0.48738709    0.29892151    1.41326748    1.29088043    1.60566785    1.45588731    1.40049929    1.25502111    1.32655676    1.63345790    1.31795335    1.65859227    1.58777746    1.02641487    1.22298190    0.87674554    0.69074672    1.38068942    1.60551871    1.32808140    1.61611271    1.57201117    1.48688471    1.59370106    1.30213701    1.45845604    2.11396814
A0A3B1K6F4_ASTMX/87-162     0.94482785    0.95834717    1.01579809    0.84879534    0.70055584    0.36394073    0.46204302    0.46204302    0.53357877    0.00000000    0.35636710    0.38737798    1.40050694    1.54338904    2.04655590    1.44882322    1.63768858    1.46236523    1.66220193    2.11950490    1.48930997    1.57571585    1.56066552    0.86107083    1.23447507    0.86925404    0.72833330    1.32858647    1.83376714    1.34961615    1.44545220    1.52331117    1.49209578    1.48702643    1.36589965    1.40031822    1.81639314
E9QGJ9_DANRE/79-155     0.93491684    0.96500053    1.06343096    0.78894384    0.66228413    0.40252433    0.45554472    0.45554472    0.48738709    0.35636710    0.00000000    0.35415016    1.61149475    1.71867473    2.15827490    1.74379906    1.98978043    1.66848408    1.74199676    2.39763459    1.67908477    1.75155732    1.81717993    0.86830713    1.25795722    0.85439124    0.73683636    1.27552058    1.81799554    1.56941513    1.65254067    1.83739310    1.73707382    1.69345111    1.44197849    1.37569390    2.16477024
H2LK29_ORYLA/78-151     0.84991903    0.97136694    1.02428342    0.82414003    0.68350669    0.36268519    0.27325931    0.36716986    0.29892151    0.38737798    0.35415016    0.00000000    1.31803285    1.26926944    2.25234477    1.67161294    1.45050695    1.59694024    1.56998186    1.81760772    1.53954414    1.48939098    1.40895631    1.14057258    1.39628010    1.05618797    0.55704973    1.33079664    1.88101832    1.60251984    1.82560035    1.79180825    1.76430007    1.64961135    1.27213931    1.47991639    1.79940825
I3J2U7_ORENI/136-212     1.72327471    1.36318166    1.68468627    1.81567165    1.72402600    1.62263490    1.32276414    1.51349829    1.41326748    1.40050694    1.61149475    1.31803285    0.00000000    0.49577807    0.94010837    0.75261691    0.56052421    0.64501010    0.76752609    0.91732703    0.64029974    0.42073246    0.33459167    2.29429874    2.01467606    1.98173147    1.37006998    2.84233449    3.45177406    2.63426074    3.14494210    2.91700406    2.93687850    3.57787981    2.61387781    2.41650599    2.83439047
H0ZQS6_TAEGU/72-176     1.76382186    1.73076971    2.10349075    2.10847178    1.93822558    1.58068341    1.39890205    1.61314404    1.29088043    1.54338904    1.71867473    1.26926944    0.49577807    0.00000000    0.59156989    0.41590761    0.41464383    0.29443333    0.39633220    0.74207846    0.31169860    0.22758771    0.28717996    2.48352579    2.50535880    2.13311266    1.64731143    2.77713199    3.78477291    3.11329093    3.85474760    3.50271695    3.54249219    3.68056540    2.75456469    2.93648724    3.17222505
G3W554_SARHA/357-431     2.15144565    2.05961017    2.12235594    2.52003731    1.95082480    1.89615451    1.74040291    1.96872937    1.60566785    2.04655590    2.15827490    2.25234477    0.94010837    0.59156989    0.00000000    0.39186059    0.55799067    0.49019058    0.62041592    0.92633386    0.57624473    0.63625979    0.71513662    2.44987290    2.25738686    2.14375463    1.49755941    2.43896063    2.76404462    3.07536851    3.48134541    3.48734979    3.53652777    2.96359083    2.24243526    2.94440416    2.44152425
G5E5D9_BOVIN/120-195     2.03853250    1.89091337    1.89618493    2.07459322    2.03117214    1.73664519    1.54976456    1.77494867    1.45588731    1.44882322    1.74379906    1.67161294    0.75261691    0.41590761    0.39186059    0.00000000    0.41954833    0.37093607    0.44867345    0.73754270    0.33859559    0.48764459    0.51363710    2.20555704    1.94655515    1.82600503    1.47634946    2.40172307    3.33500907    3.05657969    3.09683271    3.17187293    3.20833294    2.89483102    2.15984742    2.45623779    2.18836109
G3UI48_LOXAF/110-185     1.99216440    1.78671482    2.13872620    2.06232654    1.82863968    1.59122294    1.37900647    1.61261848    1.40049929    1.63768858    1.98978043    1.45050695    0.56052421    0.41464383    0.55799067    0.41954833    0.00000000    0.39852804    0.47061826    0.71005884    0.31218859    0.43458524    0.47430449    2.27394902    2.00786833    1.99434188    1.55350794    2.79802201    3.25326248    2.90498419    3.36181506    3.15957994    3.18826436    2.74890350    2.07626214    2.53488314    2.65474601
F1S1S0_PIG/112-187     1.94691191    1.68697617    2.10687213    2.26862924    1.95119331    1.51069065    1.25953145    1.47114673    1.25502111    1.46236523    1.66848408    1.59694024    0.64501010    0.29443333    0.49019058    0.37093607    0.39852804    0.00000000    0.24146094    0.50090962    0.17405292    0.39993463    0.47820716    2.32525276    2.25448127    1.74392210    1.58544687    2.70071102    3.25751571    2.92464694    3.51726083    3.35225743    3.38738198    3.28290063    2.37080210    2.64326047    2.76973424
NKAPL_MOUSE/112-186     1.96347466    1.55213257    1.98972857    2.08248957    1.84827435    1.61681882    1.35880063    1.56410263    1.32655676    1.66220193    1.74199676    1.56998186    0.76752609    0.39633220    0.62041592    0.44867345    0.47061826    0.24146094    0.00000000    0.49484725    0.22963210    0.53118800    0.62976362    2.35991419    2.39864075    1.88083333    1.58320010    3.01732245    3.38537768    2.94591210    3.71551802    3.42531184    3.46644705    3.28458784    2.40705951    2.78222283    3.16151322
L5JTI5_PTEAL/96-173     2.44343445    1.93832493    2.34513384    2.49266769    2.17480917    1.86166802    1.60878788    1.84718162    1.63345790    2.11950490    2.39763459    1.81760772    0.91732703    0.74207846    0.92633386    0.73754270    0.71005884    0.50090962    0.49484725    0.00000000    0.60356488    0.84264078    0.72766190    2.83510366    3.14180656    2.21702809    1.88402275    3.61041140    3.79753508    3.43679781    3.74184228    3.84203014    3.89486584    3.51783135    2.95807083    3.66181845    3.42453359
H0XYL3_OTOGA/110-184     2.15840118    1.93732007    2.18119954    2.31496059    2.19191648    1.62680145    1.37153408    1.59803310    1.31795335    1.48930997    1.67908477    1.53954414    0.64029974    0.31169860    0.57624473    0.33859559    0.31218859    0.17405292    0.22963210    0.60356488    0.00000000    0.41944324    0.49664061    2.19160129    2.10938147    1.95757398    1.55381195    3.02826832    3.50418291    3.08293745    3.70346699    3.51358575    3.55386850    3.29338581    2.54180713    2.57360255    3.18899077
Q6GL16_XENTR/70-152     1.85301958    1.95576156    2.08753090    2.23270739    1.85290393    1.83100634    1.60147173    1.81647043    1.65859227    1.57571585    1.75155732    1.48939098    0.42073246    0.22758771    0.63625979    0.48764459    0.43458524    0.39993463    0.53118800    0.84264078    0.41944324    0.00000000    0.22011862    2.34087300    2.30201256    1.99597849    1.73143741    2.52915328    3.27094440    3.37906295    3.92210682    3.77150724    3.82604932    4.22876189    3.35567188    2.86629098    3.41139508
W5NDP5_LEPOC/101-181     1.94092009    1.78344258    1.98447406    2.16551513    1.91400348    1.69719897    1.43445920    1.65418647    1.58777746    1.56066552    1.81717993    1.40895631    0.33459167    0.28717996    0.71513662    0.51363710    0.47430449    0.47820716    0.62976362    0.72766190    0.49664061    0.22011862    0.00000000    2.37709189    2.29093382    1.97608578    1.65196723    3.06849814    3.35287051    3.28850252    3.64090570    3.57166666    3.61002224    3.89547674    3.02001628    2.70844689    3.06986895
A0A1X7U4W1_AMPQE/78-143     1.28170281    1.21412488    1.36040372    1.28583922    0.94851281    0.89072947    0.99484737    1.17655846    1.02641487    0.86107083    0.86830713    1.14057258    2.29429874    2.48352579    2.44987290    2.20555704    2.27394902    2.32525276    2.35991419    2.83510366    2.19160129    2.34087300    2.37709189    0.00000000    1.47538169    1.28839678    1.14283982    1.47674965    1.86898113    1.36815751    1.60556895    1.73058031    1.77031247    1.72482118    1.61132380    1.70749272    1.99219304
T1FJP4_HELRO/48-141     1.33185960    1.19702869    1.26205721    1.24692692    1.40570176    1.37439994    1.36901135    1.47222573    1.22298190    1.23447507    1.25795722    1.39628010    2.01467606    2.50535880    2.25738686    1.94655515    2.00786833    2.25448127    2.39864075    3.14180656    2.10938147    2.30201256    2.29093382    1.47538169    0.00000000    1.23654066    1.36380782    1.87053190    2.60074981    2.22858701    2.42665020    2.47623509    2.51300262    2.29010217    2.02484407    2.03616380    2.45931919
A7SR36_NEMVE/68-139     1.19518346    0.97426499    1.19171561    1.26316423    1.11549527    0.96942277    0.87115845    0.97182475    0.87674554    0.86925404    0.85439124    1.05618797    1.98173147    2.13311266    2.14375463    1.82600503    1.99434188    1.74392210    1.88083333    2.21702809    1.95757398    1.99597849    1.97608578    1.28839678    1.23654066    0.00000000    1.06957379    1.81156283    2.09297404    1.94705325    1.97864017    2.28674657    2.14155461    2.10819773    2.03817255    1.87871065    2.13379914
W5M058_LEPOC/88-168     0.80326355    0.71427397    0.80207860    0.72307249    0.60759464    0.62643487    0.61373361    0.63626302    0.69074672    0.72833330    0.73683636    0.55704973    1.37006998    1.64731143    1.49755941    1.47634946    1.55350794    1.58544687    1.58320010    1.88402275    1.55381195    1.73143741    1.65196723    1.14283982    1.36380782    1.06957379    0.00000000    1.22091342    1.56811394    1.38368322    1.52847763    1.64202600    1.60635596    1.39216903    1.15109505    1.62348062    1.75009933
E9GMB4_DAPPU/71-143     1.55538234    1.40554515    1.52075111    1.54341684    1.43139137    1.42018608    1.46733178    1.46733178    1.38068942    1.32858647    1.27552058    1.33079664    2.84233449    2.77713199    2.43896063    2.40172307    2.79802201    2.70071102    3.01732245    3.61041140    3.02826832    2.52915328    3.06849814    1.47674965    1.87053190    1.81156283    1.22091342    0.00000000    1.51618659    1.17511777    1.33361600    1.26315813    1.31014147    1.30023628    1.21671587    1.54143311    1.46947798
D6WC74_TRICA/48-136     1.91564722    1.59585038    1.65843942    1.82988718    1.54977444    1.70187340    1.51039949    1.66539232    1.60551871    1.83376714    1.81799554    1.88101832    3.45177406    3.78477291    2.76404462    3.33500907    3.25326248    3.25751571    3.38537768    3.79753508    3.50418291    3.27094440    3.35287051    1.86898113    2.60074981    2.09297404    1.56811394    1.51618659    0.00000000    0.69954386    0.78549458    0.76456326    0.76335089    0.74058440    0.62750194    0.88812931    0.91836536
F4WNI2_ACREC/23-105     1.68476565    1.48583308    1.52301484    1.48019926    1.41277026    1.36196429    1.19593107    1.37296781    1.32808140    1.34961615    1.56941513    1.60251984    2.63426074    3.11329093    3.07536851    3.05657969    2.90498419    2.92464694    2.94591210    3.43679781    3.08293745    3.37906295    3.28850252    1.36815751    2.22858701    1.94705325    1.38368322    1.17511777    0.69954386    0.00000000    0.16627773    0.09045002    0.13351212    0.75065431    0.60650411    0.97973663    0.84407385
A0A7M7MPC1_APIME/45-129     1.80429587    1.67717202    1.68744912    1.55251823    1.56994718    1.54945576    1.47521134    1.65545376    1.61611271    1.44545220    1.65254067    1.82560035    3.14494210    3.85474760    3.48134541    3.09683271    3.36181506    3.51726083    3.71551802    3.74184228    3.70346699    3.92210682    3.64090570    1.60556895    2.42665020    1.97864017    1.52847763    1.33361600    0.78549458    0.16627773    0.00000000    0.14353949    0.20034019    0.83694637    0.80437170    1.08627912    0.93948951
E2A1M3_CAMFO/45-130     1.97766682    1.73921129    1.76607774    1.71547224    1.69749654    1.52033562    1.44474491    1.62488336    1.57201117    1.52331117    1.83739310    1.79180825    2.91700406    3.50271695    3.48734979    3.17187293    3.15957994    3.35225743    3.42531184    3.84203014    3.51358575    3.77150724    3.57166666    1.73058031    2.47623509    2.28674657    1.64202600    1.26315813    0.76456326    0.09045002    0.14353949    0.00000000    0.07722492    0.90245209    0.72670373    1.07481733    0.85683078
E2B892_HARSA/46-130     1.89735839    1.66319322    1.69496934    1.65262686    1.69131793    1.55679789    1.36201154    1.50728291    1.48688471    1.49209578    1.73707382    1.76430007    2.93687850    3.54249219    3.53652777    3.20833294    3.18826436    3.38738198    3.46644705    3.89486584    3.55386850    3.82604932    3.61002224    1.77031247    2.51300262    2.14155461    1.60635596    1.31014147    0.76335089    0.13351212    0.20034019    0.07722492    0.00000000    0.89921273    0.71999223    0.96755340    0.87875012
Q7Q996_ANOGA/53-129     1.55244724    1.60501928    1.68218910    1.58368278    1.48870211    1.57027232    1.51680852    1.63243017    1.59370106    1.48702643    1.69345111    1.64961135    3.57787981    3.68056540    2.96359083    2.89483102    2.74890350    3.28290063    3.28458784    3.51783135    3.29338581    4.22876189    3.89547674    1.72482118    2.29010217    2.10819773    1.39216903    1.30023628    0.74058440    0.75065431    0.83694637    0.90245209    0.89921273    0.00000000    0.26210260    0.72234813    0.79276307
W5J4F1_ANODA/56-127     1.45676900    1.40287654    1.37996777    1.49529048    1.41882460    1.40900540    1.34378252    1.52746037    1.30213701    1.36589965    1.44197849    1.27213931    2.61387781    2.75456469    2.24243526    2.15984742    2.07626214    2.37080210    2.40705951    2.95807083    2.54180713    3.35567188    3.02001628    1.61132380    2.02484407    2.03817255    1.15109505    1.21671587    0.62750194    0.60650411    0.80437170    0.72670373    0.71999223    0.26210260    0.00000000    0.69054253    0.62132744
T1GLF6_MEGSC/37-116     1.93488813    1.83431593    1.71458211    1.70903404    1.77534782    1.52862716    1.23404006    1.39431671    1.45845604    1.40031822    1.37569390    1.47991639    2.41650599    2.93648724    2.94440416    2.45623779    2.53488314    2.64326047    2.78222283    3.66181845    2.57360255    2.86629098    2.70844689    1.70749272    2.03616380    1.87871065    1.62348062    1.54143311    0.88812931    0.97973663    1.08627912    1.07481733    0.96755340    0.72234813    0.69054253    0.00000000    0.74623065
B4KPH6_DROMO/39-131     2.24730043    1.79116921    1.82926360    1.89809335    2.18083412    1.86049506    1.91550104    1.98342604    2.11396814    1.81639314    2.16477024    1.79940825    2.83439047    3.17222505    2.44152425    2.18836109    2.65474601    2.76973424    3.16151322    3.42453359    3.18899077    3.41139508    3.06986895    1.99219304    2.45931919    2.13379914    1.75009933    1.46947798    0.91836536    0.84407385    0.93948951    0.85683078    0.87875012    0.79276307    0.62132744    0.74623065    0.00000000

