12
F7BUS7_HORSE/327-512     0.00000000    0.32353374    0.38446415    0.36948117    0.35431800    0.51481425    0.77618239    0.76344884    0.47391196    0.41985789    0.53012916    0.44729229
L5K6G9_PTEAL/19-203     0.32353374    0.00000000    0.28700169    0.28688346    0.27018861    0.44630130    0.72242135    0.68908141    0.41334113    0.32931610    0.42704167    0.38361945
M3WDY8_FELCA/19-203     0.38446415    0.28700169    0.00000000    0.25146230    0.32142063    0.47892580    0.70742586    0.70234717    0.45930863    0.34343776    0.44794335    0.40717269
E2RKK8_CANLF/327-511     0.36948117    0.28688346    0.25146230    0.00000000    0.32002003    0.43262577    0.75306084    0.70516149    0.44323504    0.32767876    0.44025905    0.41266039
F1MPF5_BOVIN/15-200     0.35431800    0.27018861    0.32142063    0.32002003    0.00000000    0.45695525    0.69228285    0.71351960    0.41679710    0.36228908    0.49388065    0.39401363
I3MA12_ICTTR/22-210     0.51481425    0.44630130    0.47892580    0.43262577    0.45695525    0.00000000    0.76285460    0.67340364    0.45939533    0.41414030    0.43024235    0.48632690
D3Z6V5_MOUSE/21-210     0.77618239    0.72242135    0.70742586    0.75306084    0.69228285    0.76285460    0.00000000    0.22909410    0.75171593    0.73332791    0.78700820    0.77775073
CG061_RAT/18-200     0.76344884    0.68908141    0.70234717    0.70516149    0.71351960    0.67340364    0.22909410    0.00000000    0.67566504    0.70813380    0.70577496    0.76605473
G1TX76_RABIT/22-207     0.47391196    0.41334113    0.45930863    0.44323504    0.41679710    0.45939533    0.75171593    0.67566504    0.00000000    0.39971185    0.45590765    0.45738378
L9K1F3_TUPCH/20-205     0.41985789    0.32931610    0.34343776    0.32767876    0.36228908    0.41414030    0.73332791    0.70813380    0.39971185    0.00000000    0.26068592    0.35763786
H0X3X0_OTOGA/22-207     0.53012916    0.42704167    0.44794335    0.44025905    0.49388065    0.43024235    0.78700820    0.70577496    0.45590765    0.26068592    0.00000000    0.37150716
A0A2K5U877_MACFA/22-206     0.44729229    0.38361945    0.40717269    0.41266039    0.39401363    0.48632690    0.77775073    0.76605473    0.45738378    0.35763786    0.37150716    0.00000000

