35
T1FFB1_HELRO/19-308     0.00000000    2.16364715    2.04684851    1.84108833    2.07459272    1.70039156    1.71856631    1.84783578    1.86632258    2.04664018    1.89979896    1.80701233    1.82117721    1.80525778    1.71281318    1.65003434    2.02893000    1.88072744    1.79670398    2.40592194    2.60476384    2.93126953    3.09399050    3.23521854    3.26508668    3.13467834    2.98030293    2.88907132    3.22686718    3.27878030    3.18177806    2.88491159    2.25754167    1.94582618    1.99576914
A0A068Y687_ECHMU/9-315     2.16364715    0.00000000    1.69897623    1.94513075    1.63559401    1.78402491    1.59472733    1.70872363    1.80421751    2.37496738    1.82097622    1.85781743    1.87449572    1.91103681    1.90835051    1.96106080    1.73888221    1.74498496    1.72448461    2.22964080    2.37894109    2.88481651    2.71594014    3.14864910    3.15985266    2.99514034    2.73821705    2.71836423    3.24220429    3.02012191    3.31831122    3.17809463    1.96862491    1.97983178    1.68396365
B3RVQ9_TRIAD/10-303     2.04684851    1.69897623    0.00000000    1.13221560    0.91116964    1.14473143    1.09853283    1.05029848    1.26810795    1.61646167    1.20221694    1.10673229    1.23075858    1.13646447    1.15649736    1.24829322    1.11266751    1.17905079    1.05287050    1.93584808    1.81451953    2.59968034    2.56544033    2.63289120    2.64213028    2.35630370    2.12247007    2.30752954    2.86933433    2.26918165    2.20716246    2.42617772    1.75675291    1.39671046    1.30406863
A0A1X7USP0_AMPQE/5-295     1.84108833    1.94513075    1.13221560    0.00000000    0.83984340    0.86906578    0.92158209    1.09904863    0.95155800    1.33262967    1.10457225    0.95884080    0.95743956    0.96024556    1.05113063    1.06988791    0.84798825    0.91689750    0.84465788    1.72528498    1.78373937    2.43062088    2.43567316    2.55078945    2.46616992    2.80495104    2.49845797    2.23692682    2.54890196    2.41151319    2.19663179    2.55801534    1.67406321    1.38249806    1.38568467
A7SQL2_NEMVE/10-294     2.07459272    1.63559401    0.91116964    0.83984340    0.00000000    0.71931846    0.79503354    0.78507052    0.88123813    1.24524962    0.85803589    0.89488588    0.90342788    0.90180098    0.91231954    0.99424204    0.68510195    0.61498822    0.57863029    1.59635955    1.65674746    2.50507724    2.47073511    2.61042962    2.36391093    2.36726343    2.24422630    2.09889355    2.56402007    2.35346583    2.24637785    2.33597775    1.49214212    1.31606004    1.42498854
W5N8Q6_LEPOC/7-294     1.70039156    1.78402491    1.14473143    0.86906578    0.71931846    0.00000000    0.44809614    0.55320774    0.59565208    0.82433758    0.58458709    0.60820362    0.60108854    0.64927867    0.62647931    0.68287877    0.59552053    0.56175274    0.56050783    1.67938198    1.44125468    2.85689747    2.69731049    3.01671580    2.83629670    2.31230887    2.41048173    2.11476192    2.57417552    2.17399013    2.20494132    2.40125801    1.51625937    1.36978622    1.26139812
F1QA34_DANRE/7-294     1.71856631    1.59472733    1.09853283    0.92158209    0.79503354    0.44809614    0.00000000    0.70078748    0.72195828    1.00424977    0.76680867    0.70012038    0.69112263    0.72470316    0.73131478    0.73099100    0.71509678    0.73813989    0.67332318    1.80847521    1.53845952    2.79402474    2.77839268    3.01652979    2.86065179    2.42154662    2.38148708    2.04521832    2.51224371    2.26667228    2.37257548    2.41423168    1.62008884    1.25602711    1.20768357
H2ZYJ8_LATCH/5-292     1.84783578    1.70872363    1.05029848    1.09904863    0.78507052    0.55320774    0.70078748    0.00000000    0.60382705    0.90663727    0.63106752    0.66090561    0.69514429    0.69248876    0.73076430    0.74570842    0.70526632    0.72058048    0.61789514    1.65672266    1.79156583    2.81081647    2.64799283    2.69017469    2.60424244    2.24621557    2.27955306    2.11382373    2.70072484    2.22960299    2.37729917    2.33819034    1.37647439    1.39227535    1.32257280
E1BXI5_CHICK/7-294     1.86632258    1.80421751    1.26810795    0.95155800    0.88123813    0.59565208    0.72195828    0.60382705    0.00000000    0.33038294    0.48988806    0.46088665    0.47138556    0.48910346    0.54388145    0.59780563    0.70617877    0.75079653    0.71258860    1.71094925    1.68196463    2.72222851    2.67712624    2.66583981    2.67778722    2.18416556    2.05235479    1.98524070    2.86318204    2.31070241    2.15993311    2.38754701    1.49899487    1.27430064    1.27342892
G1NFV6_MELGA/7-291     2.04664018    2.37496738    1.61646167    1.33262967    1.24524962    0.82433758    1.00424977    0.90663727    0.33038294    0.00000000    0.79820342    0.73272492    0.75360006    0.81082427    0.81344683    0.87016742    1.05901994    1.07697395    1.01455047    2.11217383    2.11443840    3.12359960    3.03850436    3.17833908    3.19917290    2.63851142    2.41169262    2.36323598    2.94682632    2.63830740    2.28978065    2.50749128    1.88051645    1.61698468    1.59566245
G1KA78_ANOCA/8-297     1.89979896    1.82097622    1.20221694    1.10457225    0.85803589    0.58458709    0.76680867    0.63106752    0.48988806    0.79820342    0.00000000    0.43699430    0.45862917    0.47754111    0.54366337    0.54017312    0.68363792    0.75223539    0.69790316    1.77314945    1.92091803    2.83623965    2.67698559    2.85671273    2.72587918    2.54105061    2.22129461    2.10146895    2.99886538    2.34792628    2.22968332    2.64760644    1.52366585    1.36432014    1.36622734
H2PEW5_PONAB/8-293     1.80701233    1.85781743    1.10673229    0.95884080    0.89488588    0.60820362    0.70012038    0.66090561    0.46088665    0.73272492    0.43699430    0.00000000    0.26578018    0.23254249    0.35336338    0.38831589    0.70168327    0.74217111    0.73416814    1.66679108    1.57972604    2.50906769    2.46596861    2.48813376    2.45625563    2.28976294    2.12860837    2.06447809    2.58205634    2.16961920    2.15108210    2.40851154    1.50105234    1.28082229    1.21054124
H0VG78_CAVPO/8-294     1.82117721    1.87449572    1.23075858    0.95743956    0.90342788    0.60108854    0.69112263    0.69514429    0.47138556    0.75360006    0.45862917    0.26578018    0.00000000    0.24399848    0.42465697    0.46584784    0.69729439    0.75218276    0.72595045    1.76592429    1.68676002    2.67146217    2.64954233    2.78051245    2.56888920    2.29572339    2.10718620    2.11653449    2.57935769    2.18807054    2.10542785    2.35083489    1.73068268    1.39604888    1.26221380
D3ZVL4_RAT/8-294     1.80525778    1.91103681    1.13646447    0.96024556    0.90180098    0.64927867    0.72470316    0.69248876    0.48910346    0.81082427    0.47754111    0.23254249    0.24399848    0.00000000    0.37104683    0.43987014    0.76588777    0.79398428    0.76040134    1.79793372    1.59725847    2.58837809    2.57061170    2.78946279    2.62105010    2.28051970    2.00643968    2.08972581    2.64570341    2.25132298    2.16825397    2.37446877    1.59994920    1.35534714    1.28776935
F6UC24_ORNAN/7-293     1.71281318    1.90835051    1.15649736    1.05113063    0.91231954    0.62647931    0.73131478    0.73076430    0.54388145    0.81344683    0.54366337    0.35336338    0.42465697    0.37104683    0.00000000    0.40272023    0.82427700    0.74175120    0.71263325    1.87919135    1.71081158    2.67358655    2.52527654    2.81665913    2.66622048    2.46485477    2.31390685    1.96946109    2.70663918    2.34186955    2.17831820    2.43637505    1.55642100    1.27820714    1.19498197
G3WHR0_SARHA/8-294     1.65003434    1.96106080    1.24829322    1.06988791    0.99424204    0.68287877    0.73099100    0.74570842    0.59780563    0.87016742    0.54017312    0.38831589    0.46584784    0.43987014    0.40272023    0.00000000    0.81582784    0.83153028    0.81948348    1.69864058    1.74303174    2.58432420    2.52283687    2.67525313    2.47292150    2.48673424    2.30497618    2.07511914    2.78056940    2.24930021    2.24120389    2.53073067    1.57266082    1.29650867    1.30224682
F6PR08_CIOIN/6-293     2.02893000    1.73888221    1.11266751    0.84798825    0.68510195    0.59552053    0.71509678    0.70526632    0.70617877    1.05901994    0.68363792    0.70168327    0.69729439    0.76588777    0.82427700    0.81582784    0.00000000    0.64981797    0.49183454    1.59575067    1.56336457    2.61103238    2.54099531    2.69929298    2.57794197    2.50305028    2.25880058    2.16697367    2.51797790    2.18729252    2.28094979    2.35649213    1.75843098    1.33505838    1.36541969
A0A7M7TH36_STRPU/5-293     1.88072744    1.74498496    1.17905079    0.91689750    0.61498822    0.56175274    0.73813989    0.72058048    0.75079653    1.07697395    0.75223539    0.74217111    0.75218276    0.79398428    0.74175120    0.83153028    0.64981797    0.00000000    0.58261569    1.59775267    1.57071455    2.29870286    2.37709360    2.53600224    2.27230891    2.35498131    2.17801675    1.96399620    2.54536332    2.39478421    2.27164198    2.37241596    1.67148237    1.40015944    1.24602441
C3YP39_BRAFL/7-293     1.79670398    1.72448461    1.05287050    0.84465788    0.57863029    0.56050783    0.67332318    0.61789514    0.71258860    1.01455047    0.69790316    0.73416814    0.72595045    0.76040134    0.71263325    0.81948348    0.49183454    0.58261569    0.00000000    1.68564322    1.59279894    2.55096964    2.40618410    2.62974680    2.54629236    2.32481669    2.26856627    2.10202239    2.65520135    2.15722800    2.46838023    2.35871141    1.55229137    1.30025371    1.26975422
E0VER8_PEDHC/15-312     2.40592194    2.22964080    1.93584808    1.72528498    1.59635955    1.67938198    1.80847521    1.65672266    1.71094925    2.11217383    1.77314945    1.66679108    1.76592429    1.79793372    1.87919135    1.69864058    1.59575067    1.59775267    1.68564322    0.00000000    1.89020073    2.43610499    2.46756996    2.70160983    2.62678486    2.85259045    2.89322027    2.20953231    3.25934552    2.71544898    2.84576494    2.44243033    2.09255471    2.19647165    2.07623982
J9K6I1_ACYPI/17-296     2.60476384    2.37894109    1.81451953    1.78373937    1.65674746    1.44125468    1.53845952    1.79156583    1.68196463    2.11443840    1.92091803    1.57972604    1.68676002    1.59725847    1.71081158    1.74303174    1.56336457    1.57071455    1.59279894    1.89020073    0.00000000    3.38357919    3.22186276    3.38352982    3.44590231    2.82405834    2.67613669    2.69897743    2.51358794    2.76029756    2.61953104    2.80289779    2.17321117    1.86173266    1.99955728
A4HHQ4_LEIBR/3-335     2.93126953    2.88481651    2.59968034    2.43062088    2.50507724    2.85689747    2.79402474    2.81081647    2.72222851    3.12359960    2.83623965    2.50906769    2.67146217    2.58837809    2.67358655    2.58432420    2.61103238    2.29870286    2.55096964    2.43610499    3.38357919    0.00000000    0.21183840    0.85436741    0.94614923    3.06959420    2.63510127    2.48072585    3.56436952    3.83851317    3.41409684    3.29202023    2.35151335    2.50158809    3.19192435
E9AEB8_LEIMA/75-410     3.09399050    2.71594014    2.56544033    2.43567316    2.47073511    2.69731049    2.77839268    2.64799283    2.67712624    3.03850436    2.67698559    2.46596861    2.64954233    2.57061170    2.52527654    2.52283687    2.54099531    2.37709360    2.40618410    2.46756996    3.22186276    0.21183840    0.00000000    0.91876083    0.97565228    2.91785064    2.66190155    2.68678300    3.35434748    3.74473326    3.28084561    3.19579987    2.32444757    2.45251868    2.90875745
Q57V66_TRYB2/3-347     3.23521854    3.14864910    2.63289120    2.55078945    2.61042962    3.01671580    3.01652979    2.69017469    2.66583981    3.17833908    2.85671273    2.48813376    2.78051245    2.78946279    2.81665913    2.67525313    2.69929298    2.53600224    2.62974680    2.70160983    3.38352982    0.85436741    0.91876083    0.00000000    0.50870130    2.99282626    2.68803012    3.08662086    3.26005726    3.60236801    3.13218991    3.08454406    2.27987758    2.63554010    2.98726537
Q4E651_TRYCC/3-341     3.26508668    3.15985266    2.64213028    2.46616992    2.36391093    2.83629670    2.86065179    2.60424244    2.67778722    3.19917290    2.72587918    2.45625563    2.56888920    2.62105010    2.66622048    2.47292150    2.57794197    2.27230891    2.54629236    2.62678486    3.44590231    0.94614923    0.97565228    0.50870130    0.00000000    3.30342328    2.92806128    3.26354349    3.56290374    3.50943908    2.91162451    3.08542152    2.49571565    2.63381950    3.23452725
C1FIC1_MICCC/24-347     3.13467834    2.99514034    2.35630370    2.80495104    2.36726343    2.31230887    2.42154662    2.24621557    2.18416556    2.63851142    2.54105061    2.28976294    2.29572339    2.28051970    2.46485477    2.48673424    2.50305028    2.35498131    2.32481669    2.85259045    2.82405834    3.06959420    2.91785064    2.99282626    3.30342328    0.00000000    1.06131292    2.54142714    3.01703694    2.55171796    2.63041315    2.82684944    2.26899158    3.00610602    2.61362474
C1N4H7_MICPC/1-319     2.98030293    2.73821705    2.12247007    2.49845797    2.24422630    2.41048173    2.38148708    2.27955306    2.05235479    2.41169262    2.22129461    2.12860837    2.10718620    2.00643968    2.31390685    2.30497618    2.25880058    2.17801675    2.26856627    2.89322027    2.67613669    2.63510127    2.66190155    2.68803012    2.92806128    1.06131292    0.00000000    2.57667960    3.04303997    2.60649993    2.52101211    2.50794011    2.23399582    2.70617743    2.39086082
D0NXP1_PHYIT/2-330     2.88907132    2.71836423    2.30752954    2.23692682    2.09889355    2.11476192    2.04521832    2.11382373    1.98524070    2.36323598    2.10146895    2.06447809    2.11653449    2.08972581    1.96946109    2.07511914    2.16697367    1.96399620    2.10202239    2.20953231    2.69897743    2.48072585    2.68678300    3.08662086    3.26354349    2.54142714    2.57667960    0.00000000    2.97532650    2.57951410    2.87328482    2.60206158    2.44719457    2.52242457    2.14438348
A0CLN6_PARTE/21-302     3.22686718    3.24220429    2.86933433    2.54890196    2.56402007    2.57417552    2.51224371    2.70072484    2.86318204    2.94682632    2.99886538    2.58205634    2.57935769    2.64570341    2.70663918    2.78056940    2.51797790    2.54536332    2.65520135    3.25934552    2.51358794    3.56436952    3.35434748    3.26005726    3.56290374    3.01703694    3.04303997    2.97532650    0.00000000    1.64259180    2.09045383    1.87032372    2.45841652    2.65458831    2.72783803
G0QIS2_ICHMG/31-329     3.27878030    3.02012191    2.26918165    2.41151319    2.35346583    2.17399013    2.26667228    2.22960299    2.31070241    2.63830740    2.34792628    2.16961920    2.18807054    2.25132298    2.34186955    2.24930021    2.18729252    2.39478421    2.15722800    2.71544898    2.76029756    3.83851317    3.74473326    3.60236801    3.50943908    2.55171796    2.60649993    2.57951410    1.64259180    0.00000000    1.07823981    1.15984812    2.27773105    2.21646448    2.61294051
A0CX61_PARTE/23-310     3.18177806    3.31831122    2.20716246    2.19663179    2.24637785    2.20494132    2.37257548    2.37729917    2.15993311    2.28978065    2.22968332    2.15108210    2.10542785    2.16825397    2.17831820    2.24120389    2.28094979    2.27164198    2.46838023    2.84576494    2.61953104    3.41409684    3.28084561    3.13218991    2.91162451    2.63041315    2.52101211    2.87328482    2.09045383    1.07823981    0.00000000    0.97442212    2.57755160    2.00207898    2.46125080
A0E6W5_PARTE/26-309     2.88491159    3.17809463    2.42617772    2.55801534    2.33597775    2.40125801    2.41423168    2.33819034    2.38754701    2.50749128    2.64760644    2.40851154    2.35083489    2.37446877    2.43637505    2.53073067    2.35649213    2.37241596    2.35871141    2.44243033    2.80289779    3.29202023    3.19579987    3.08454406    3.08542152    2.82684944    2.50794011    2.60206158    1.87032372    1.15984812    0.97442212    0.00000000    2.37284183    2.11771150    2.52630399
F4P6W9_BATDJ/19-321     2.25754167    1.96862491    1.75675291    1.67406321    1.49214212    1.51625937    1.62008884    1.37647439    1.49899487    1.88051645    1.52366585    1.50105234    1.73068268    1.59994920    1.55642100    1.57266082    1.75843098    1.67148237    1.55229137    2.09255471    2.17321117    2.35151335    2.32444757    2.27987758    2.49571565    2.26899158    2.23399582    2.44719457    2.45841652    2.27773105    2.57755160    2.37284183    0.00000000    1.84814793    1.79158400
G4LUX8_SCHMA/6-283     1.94582618    1.97983178    1.39671046    1.38249806    1.31606004    1.36978622    1.25602711    1.39227535    1.27430064    1.61698468    1.36432014    1.28082229    1.39604888    1.35534714    1.27820714    1.29650867    1.33505838    1.40015944    1.30025371    2.19647165    1.86173266    2.50158809    2.45251868    2.63554010    2.63381950    3.00610602    2.70617743    2.52242457    2.65458831    2.21646448    2.00207898    2.11771150    1.84814793    0.00000000    1.30054715
G4VBF9_SCHMA/7-293     1.99576914    1.68396365    1.30406863    1.38568467    1.42498854    1.26139812    1.20768357    1.32257280    1.27342892    1.59566245    1.36622734    1.21054124    1.26221380    1.28776935    1.19498197    1.30224682    1.36541969    1.24602441    1.26975422    2.07623982    1.99955728    3.19192435    2.90875745    2.98726537    3.23452725    2.61362474    2.39086082    2.14438348    2.72783803    2.61294051    2.46125080    2.52630399    1.79158400    1.30054715    0.00000000

