18
B7PN23_IXOSC/186-673     0.00000000    0.24975119    0.37976040    0.55510155    0.51283286    0.48555865    1.46397604    2.31621924    2.49627279    2.22592487    2.12514865    2.32955228    2.06697604    2.18818325    3.14000660    0.75627497    0.94236934    0.89289119
B4GTF6_DROPE/22-506     0.24975119    0.00000000    0.31159200    0.56105752    0.54231758    0.49259505    1.45724917    2.28134933    2.34924492    2.14620834    2.08424552    2.31437865    1.97769289    2.24050137    3.24398019    0.75149312    0.91221684    0.84551235
E9GKY9_DAPPU/425-921     0.37976040    0.31159200    0.00000000    0.61263176    0.56651963    0.58243099    1.46031934    2.27404770    2.43616400    2.19231768    2.22779166    2.39713821    2.03440947    2.28272251    3.34033549    0.77623074    0.94103840    0.87633697
T1FVV0_HELRO/202-666     0.55510155    0.56105752    0.61263176    0.00000000    0.46609153    0.62302629    1.44616175    2.46960718    2.40730145    2.24236787    2.22864477    2.50771775    1.94000579    2.32133543    3.30085322    0.83560940    0.97354044    0.90379975
K1QET6_CRAGI/450-934     0.51283286    0.54231758    0.56651963    0.46609153    0.00000000    0.56382721    1.50412437    2.45169789    2.32429321    2.18320871    2.31752884    2.37996987    2.11984857    2.38587784    3.37256851    0.80521954    0.93133111    0.91209746
C3Y388_BRAFL/360-839     0.48555865    0.49259505    0.58243099    0.62302629    0.56382721    0.00000000    1.28328129    2.14272329    2.20965203    2.00523125    2.00236142    2.22636340    1.98910602    2.10617455    3.07434671    0.59364547    1.00603727    0.88126125
A0A0D2X4J9_CAPO3/507-1127     1.46397604    1.45724917    1.46031934    1.44616175    1.50412437    1.28328129    0.00000000    2.30290987    2.46056796    2.30449907    2.21506022    2.48709551    1.93755242    2.05710955    3.32221544    1.47735862    1.68670686    1.65171219
D8S2U0_SELML/568-1086     2.31621924    2.28134933    2.27404770    2.46960718    2.45169789    2.14272329    2.30290987    0.00000000    1.44183014    1.29079384    1.30124506    1.34608226    2.35732395    2.20389969    3.52245017    2.24537735    2.50729476    2.48077518
J3MGV4_ORYBR/1301-1823     2.49627279    2.34924492    2.43616400    2.40730145    2.32429321    2.20965203    2.46056796    1.44183014    0.00000000    0.77286550    0.70297990    0.81795778    2.32907287    2.19209948    3.59410306    2.40619784    2.40743572    2.35441435
U5CYZ8_AMBTC/1301-1831     2.22592487    2.14620834    2.19231768    2.24236787    2.18320871    2.00523125    2.30449907    1.29079384    0.77286550    0.00000000    0.43744178    0.59136911    1.96532497    2.18664017    3.26832231    2.12891652    2.24448842    2.27221114
F6H145_VITVI/1253-1776     2.12514865    2.08424552    2.22779166    2.22864477    2.31752884    2.00236142    2.21506022    1.30124506    0.70297990    0.43744178    0.00000000    0.36410174    2.07889579    2.15329617    3.30348185    2.13906109    2.38584023    2.28922463
D7KY99_ARALL/692-1208     2.32955228    2.31437865    2.39713821    2.50771775    2.37996987    2.22636340    2.48709551    1.34608226    0.81795778    0.59136911    0.36410174    0.00000000    2.38700030    2.21432502    3.46548208    2.43382653    2.54659319    2.43189076
D2UYK5_NAEGR/1373-1896     2.06697604    1.97769289    2.03440947    1.94000579    2.11984857    1.98910602    1.93755242    2.35732395    2.32907287    1.96532497    2.07889579    2.38700030    0.00000000    1.91633364    3.24894932    2.23565304    2.19131494    2.08240945
D3BT75_POLPP/1545-2027     2.18818325    2.24050137    2.28272251    2.32133543    2.38587784    2.10617455    2.05710955    2.20389969    2.19209948    2.18664017    2.15329617    2.21432502    1.91633364    0.00000000    3.05456493    2.38845843    2.66417137    2.44974387
U5DAC6_AMBTC/636-1119     3.14000660    3.24398019    3.34033549    3.30085322    3.37256851    3.07434671    3.32221544    3.52245017    3.59410306    3.26832231    3.30348185    3.46548208    3.24894932    3.05456493    0.00000000    3.30649773    3.29704255    3.09963584
F6X056_CIOIN/405-883     0.75627497    0.75149312    0.77623074    0.83560940    0.80521954    0.59364547    1.47735862    2.24537735    2.40619784    2.12891652    2.13906109    2.43382653    2.23565304    2.38845843    3.30649773    0.00000000    1.17545523    1.03466927
H3DTI7_PRIPA/585-1074     0.94236934    0.91221684    0.94103840    0.97354044    0.93133111    1.00603727    1.68670686    2.50729476    2.40743572    2.24448842    2.38584023    2.54659319    2.19131494    2.66417137    3.29704255    1.17545523    0.00000000    0.69218066
NBEA_CAEBR/546-1031     0.89289119    0.84551235    0.87633697    0.90379975    0.91209746    0.88126125    1.65171219    2.48077518    2.35441435    2.27221114    2.28922463    2.43189076    2.08240945    2.44974387    3.09963584    1.03466927    0.69218066    0.00000000

