10
F1QJJ2_DANRE/410-678     0.00000000    0.72617944    0.80789054    0.65010329    0.83052042    1.03711546    1.06808999    1.04063350    1.14984008    0.96821673
M3ZUL7_XIPMA/397-640     0.72617944    0.00000000    0.40725677    1.00941494    1.01133674    1.28077359    1.33774828    1.31304586    1.45915520    1.32188947
I3JY86_ORENI/428-743     0.80789054    0.40725677    0.00000000    0.83710876    0.91768851    1.29169696    1.34195366    1.30662512    1.45905725    1.35683069
W5MJZ5_LEPOC/506-777     0.65010329    1.00941494    0.83710876    0.00000000    0.79262337    1.12871450    1.19101051    1.23435474    1.31951150    1.23465925
H3B376_LATCH/1-267     0.83052042    1.01133674    0.91768851    0.79262337    0.00000000    1.06634319    0.94598514    0.90077181    1.06095474    0.93861984
L7N2I3_XENTR/403-673     1.03711546    1.28077359    1.29169696    1.12871450    1.06634319    0.00000000    1.07288938    1.06846318    1.12831384    1.09146459
G3W6X1_SARHA/399-673     1.06808999    1.33774828    1.34195366    1.19101051    0.94598514    1.07288938    0.00000000    0.43618204    0.50304960    0.42830816
W5PLP4_SHEEP/395-667     1.04063350    1.31304586    1.30662512    1.23435474    0.90077181    1.06846318    0.43618204    0.00000000    0.38560852    0.24006479
D4A2R8_RAT/23-292     1.14984008    1.45915520    1.45905725    1.31951150    1.06095474    1.12831384    0.50304960    0.38560852    0.00000000    0.25834813
CA226_HUMAN/1-272     0.96821673    1.32188947    1.35683069    1.23465925    0.93861984    1.09146459    0.42830816    0.24006479    0.25834813    0.00000000

