8
B1X3B6_CROS5/83-227     0.00000000    2.48815124    2.23562245    2.24457674    2.89732651    2.15194246    2.34507847    2.74426274
A0LCW4_MAGMM/34-173     2.48815124    0.00000000    1.39226431    1.38273298    2.91850688    1.97468845    1.82272379    2.13073766
D3VKN0_XENNA/23-164     2.23562245    1.39226431    0.00000000    0.39836889    2.97178319    1.87770293    1.77393085    2.22447763
H2ITY3_RAHAC/23-164     2.24457674    1.38273298    0.39836889    0.00000000    2.63449171    2.11868124    1.91164041    1.99910768
Q5F7S5_NEIG1/17-153     2.89732651    2.91850688    2.97178319    2.63449171    0.00000000    2.21466552    2.48566377    2.62815233
Q5F976_NEIG1/21-157     2.15194246    1.97468845    1.87770293    2.11868124    2.21466552    0.00000000    1.66078116    1.99183267
Q9JZS6_NEIMB/15-159     2.34507847    1.82272379    1.77393085    1.91164041    2.48566377    1.66078116    0.00000000    2.15726425
Q28UT1_JANSC/44-178     2.74426274    2.13073766    2.22447763    1.99910768    2.62815233    1.99183267    2.15726425    0.00000000

