8
G5BCA3_HETGA/1-128     0.00000000    0.26811874    0.22839088    0.33163734    0.48888348    0.42970660    0.24230247    0.44532314
LSME1_MOUSE/1-128     0.26811874    0.00000000    0.31118984    0.43185329    0.62630576    0.56276584    0.31785129    0.37629514
G1SEA4_RABIT/1-128     0.22839088    0.31118984    0.00000000    0.36149439    0.56981692    0.51943767    0.25099215    0.42069712
G3TIG4_LOXAF/1-125     0.33163734    0.43185329    0.36149439    0.00000000    0.46543842    0.50442365    0.27990559    0.44253643
G3WNZ1_SARHA/1-130     0.48888348    0.62630576    0.56981692    0.46543842    0.00000000    0.14189447    0.46393636    0.57767488
F6ZRB2_MONDO/1-130     0.42970660    0.56276584    0.51943767    0.50442365    0.14189447    0.00000000    0.43711873    0.56150107
D2H0S3_AILME/1-127     0.24230247    0.31785129    0.25099215    0.27990559    0.46393636    0.43711873    0.00000000    0.24375156
E2R3F7_CANLF/1-127     0.44532314    0.37629514    0.42069712    0.44253643    0.57767488    0.56150107    0.24375156    0.00000000

