31
W5N3E1_LEPOC/7-74     0.00000000    0.28999037    0.33140699    0.36615788    0.53032038    0.36876949    0.35185109    0.75796811    0.79461829    1.02198488    0.94462193    1.26350158    1.11837770    1.12719143    1.14352257    1.00570771    1.04230900    0.93676206    0.93934940    1.23466929    2.08604049    2.11108527    0.83326792    0.85379396    1.00218917    0.61570671    0.36920892    0.54590954    0.42271704    0.51027664    0.66301785
CC103_DANRE/7-74     0.28999037    0.00000000    0.39934004    0.60554466    0.74648459    0.44675772    0.43095261    0.71295188    0.85654641    1.06653600    1.04937446    1.38913400    1.26430639    1.29278300    1.21769038    1.15089560    1.16465494    1.04252375    1.04279546    1.34883390    2.16679857    2.26326888    0.77884844    0.72502615    0.87763780    0.59107242    0.53183370    0.62063818    0.52183134    0.58388823    0.65051457
CC103_XENTR/7-74     0.33140699    0.39934004    0.00000000    0.47098886    0.75172821    0.43298854    0.38583495    0.88265192    0.92089206    1.05351064    1.07422850    1.34064254    1.20708536    1.18916691    1.26546829    1.16343779    1.19922518    1.07904825    1.08799364    1.39050606    2.01293890    1.96802096    1.05297578    0.90920298    0.97181678    0.60822700    0.37853596    0.51732200    0.51175479    0.57188906    0.60946834
U3ITM6_ANAPP/7-74     0.36615788    0.60554466    0.47098886    0.00000000    0.35788517    0.34968447    0.31834320    0.83436062    1.06951334    1.13449698    1.18502656    1.32680092    1.34225049    1.09159753    1.31854285    1.12779845    1.21766183    1.10658073    1.21199181    1.44207479    1.99644768    1.86162511    1.04432309    1.14360661    1.11055601    0.62048954    0.53702477    0.61174655    0.53292460    0.69259597    0.76247585
U3JYL6_FICAL/17-80     0.53032038    0.74648459    0.75172821    0.35788517    0.00000000    0.50166395    0.54308815    0.79909131    1.05719103    1.32246046    1.29774809    1.61287524    1.55675533    1.37475648    1.72747612    1.27818748    1.42610915    1.39959007    1.52888508    1.64684486    2.12340276    2.39491125    1.16236680    1.36098979    1.49082175    0.76992471    0.76826292    0.83796963    0.79636369    1.02076833    0.95645215
G3HLL5_CRIGR/7-74     0.36876949    0.44675772    0.43298854    0.34968447    0.50166395    0.00000000    0.24397030    0.52613187    0.80746949    0.99621507    1.02370031    1.23074293    1.10236876    1.06383475    1.28825199    1.13353625    1.17957906    1.02731843    1.22748787    1.40142366    2.07613432    1.76268115    0.98170587    0.89920012    0.96515652    0.50675907    0.58235709    0.62054735    0.50922034    0.56643253    0.72355412
F6WJE3_MONDO/7-74     0.35185109    0.43095261    0.38583495    0.31834320    0.54308815    0.24397030    0.00000000    0.60647374    0.79883765    1.05130955    1.05265044    1.22595756    1.08452301    0.95810601    1.13920367    1.00892180    1.02892931    0.98444976    1.14156274    1.37238199    1.95329154    1.90036285    0.92655501    0.83604493    0.91379643    0.39214773    0.49319782    0.53972584    0.38443075    0.58008775    0.73026165
E2BT67_HARSA/8-74     0.75796811    0.71295188    0.88265192    0.83436062    0.79909131    0.52613187    0.60647374    0.00000000    0.79046266    1.23245095    0.93568196    1.20312554    1.05641869    1.02136535    1.28308534    1.08248422    1.10279341    1.21515451    1.20922972    1.21620363    2.08770847    1.96004051    1.09047809    1.22260254    1.24572787    0.80909834    0.96140553    0.91011990    0.87271903    0.88922219    1.05360197
T1I5G3_RHOPR/6-74     0.79461829    0.85654641    0.92089206    1.06951334    1.05719103    0.80746949    0.79883765    0.79046266    0.00000000    1.26068871    0.89795618    1.07665347    0.97389081    1.07712339    1.07398181    1.02754578    1.09579120    1.12591010    1.01942435    1.67885491    2.02287573    2.01615830    1.19174535    0.84177402    1.01484761    0.67994798    0.91397384    0.94126211    0.73941344    0.88853784    0.80533825
A0A068YF06_ECHMU/31-99     1.02198488    1.06653600    1.05351064    1.13449698    1.32246046    0.99621507    1.05130955    1.23245095    1.26068871    0.00000000    1.03853412    1.53218941    1.50113968    1.28110209    1.50301777    1.42470910    1.40509346    1.18329856    1.32543128    1.64489478    2.04692856    1.97965938    1.43217669    0.84348726    1.06585974    0.95922025    1.20092382    0.98776819    1.30163652    1.13601030    1.04593770
J9K1E9_ACYPI/5-72     0.94462193    1.04937446    1.07422850    1.18502656    1.29774809    1.02370031    1.05265044    0.93568196    0.89795618    1.03853412    0.00000000    1.24286203    1.12114976    1.04425280    1.09906942    1.13785624    1.20187671    1.07237838    0.99930492    1.66261036    2.20492480    1.85242865    1.13006125    0.92194482    0.98943296    0.93212175    0.97956805    1.00220225    1.07275824    0.93347013    1.05980474
A0NBP9_ANOGA/17-79     1.26350158    1.38913400    1.34064254    1.32680092    1.61287524    1.23074293    1.22595756    1.20312554    1.07665347    1.53218941    1.24286203    0.00000000    0.29717850    0.60937305    0.66669482    0.51246123    0.53606612    1.27076552    1.29852345    1.26327833    1.92287141    2.05140504    1.25533934    1.53978678    1.50976194    1.01476396    1.41646422    1.45007454    1.29098619    1.47659314    1.54215217
B0W1Z8_CULQU/6-72     1.11837770    1.26430639    1.20708536    1.34225049    1.55675533    1.10236876    1.08452301    1.05641869    0.97389081    1.50113968    1.12114976    0.29717850    0.00000000    0.52044380    0.65923089    0.45673843    0.49684159    1.02308380    1.20914531    1.36341278    2.42262318    1.99938057    1.35685210    1.22102640    1.26279191    1.12479275    1.19326946    1.21137370    1.11472197    1.35688937    1.57139047
B4KTW7_DROMO/15-77     1.12719143    1.29278300    1.18916691    1.09159753    1.37475648    1.06383475    0.95810601    1.02136535    1.07712339    1.28110209    1.04425280    0.60937305    0.52044380    0.00000000    0.45276330    0.31354268    0.47106278    1.32845195    1.43739783    1.48975719    1.98199949    1.92983741    1.14567821    1.23797000    1.29575082    1.01611347    1.36842442    1.33335754    1.23401118    1.29319886    1.28773985
T1GN05_MEGSC/10-76     1.14352257    1.21769038    1.26546829    1.31854285    1.72747612    1.28825199    1.13920367    1.28308534    1.07398181    1.50301777    1.09906942    0.66669482    0.65923089    0.45276330    0.00000000    0.55521708    0.60461733    1.17495388    1.25118911    1.40325862    2.45809795    2.01728066    1.25734395    1.17071775    1.29402084    1.16792338    1.25767855    1.13716115    1.20134287    1.27477424    1.30976366
B4JVW0_DROGR/13-75     1.00570771    1.15089560    1.16343779    1.12779845    1.27818748    1.13353625    1.00892180    1.08248422    1.02754578    1.42470910    1.13785624    0.51246123    0.45673843    0.31354268    0.55521708    0.00000000    0.30001245    1.28905065    1.40471858    1.16049281    1.85615348    1.88298386    1.03932225    1.36317111    1.45411110    0.88098804    1.24829243    1.32188272    1.19924956    1.41025180    1.38451002
B3MFA4_DROAN/14-76     1.04230900    1.16465494    1.19922518    1.21766183    1.42610915    1.17957906    1.02892931    1.10279341    1.09579120    1.40509346    1.20187671    0.53606612    0.49684159    0.47106278    0.60461733    0.30001245    0.00000000    1.28387693    1.23411555    1.35159172    1.90434386    1.88671775    1.12011958    1.21747178    1.41114956    0.96080831    1.31719049    1.32831793    1.23167833    1.40176203    1.53244824
A0A212EPM0_DANPL/9-73     0.93676206    1.04252375    1.07904825    1.10658073    1.39959007    1.02731843    0.98444976    1.21515451    1.12591010    1.18329856    1.07237838    1.27076552    1.02308380    1.32845195    1.17495388    1.28905065    1.28387693    0.00000000    0.38231060    1.15217660    2.49452328    1.65236223    1.52354315    1.07333322    1.14814752    1.28010883    1.10752022    1.13539120    1.06505648    0.96866250    1.30338575
H9J472_BOMMO/24-88     0.93934940    1.04279546    1.08799364    1.21199181    1.52888508    1.22748787    1.14156274    1.20922972    1.01942435    1.32543128    0.99930492    1.29852345    1.20914531    1.43739783    1.25118911    1.40471858    1.23411555    0.38231060    0.00000000    1.21996911    2.65813635    1.68908438    1.42800729    1.20075535    1.25606509    1.23423567    0.97433486    1.17170700    0.98844658    0.88697003    1.32424794
D0N280_PHYIT/17-84     1.23466929    1.34883390    1.39050606    1.44207479    1.64684486    1.40142366    1.37238199    1.21620363    1.67885491    1.64489478    1.66261036    1.26327833    1.36341278    1.48975719    1.40325862    1.16049281    1.35159172    1.15217660    1.21996911    0.00000000    1.78203188    1.84788375    1.42565944    1.80928265    1.80060894    1.47714060    1.49842822    1.57222501    1.53397848    1.29949314    1.81415363
A0CMR4_PARTE/17-88     2.08604049    2.16679857    2.01293890    1.99644768    2.12340276    2.07613432    1.95329154    2.08770847    2.02287573    2.04692856    2.20492480    1.92287141    2.42262318    1.98199949    2.45809795    1.85615348    1.90434386    2.49452328    2.65813635    1.78203188    0.00000000    2.21744384    1.95893417    2.73903180    2.63320849    2.14294522    2.06294394    2.31800535    2.15428994    2.38146237    2.78772755
A5K761_PLAVS/10-71     2.11108527    2.26326888    1.96802096    1.86162511    2.39491125    1.76268115    1.90036285    1.96004051    2.01615830    1.97965938    1.85242865    2.05140504    1.99938057    1.92983741    2.01728066    1.88298386    1.88671775    1.65236223    1.68908438    1.84788375    2.21744384    0.00000000    1.89985405    1.88196178    2.00116877    1.74372344    2.05122636    1.82927630    1.79602329    2.02565366    2.18098300
E9GCU5_DAPPU/2-69     0.83326792    0.77884844    1.05297578    1.04432309    1.16236680    0.98170587    0.92655501    1.09047809    1.19174535    1.43217669    1.13006125    1.25533934    1.35685210    1.14567821    1.25734395    1.03932225    1.12011958    1.52354315    1.42800729    1.42565944    1.95893417    1.89985405    0.00000000    1.19230447    1.30375282    0.93533083    1.02398016    1.07192395    0.93733614    1.05605504    1.14841213
A9UNS4_MONBE/15-82     0.85379396    0.72502615    0.90920298    1.14360661    1.36098979    0.89920012    0.83604493    1.22260254    0.84177402    0.84348726    0.92194482    1.53978678    1.22102640    1.23797000    1.17071775    1.36317111    1.21747178    1.07333322    1.20075535    1.80928265    2.73903180    1.88196178    1.19230447    0.00000000    0.32297221    0.63885871    0.93102481    0.79761237    0.84408268    0.94295480    0.82016392
F2U1F4_SALR5/13-80     1.00218917    0.87763780    0.97181678    1.11055601    1.49082175    0.96515652    0.91379643    1.24572787    1.01484761    1.06585974    0.98943296    1.50976194    1.26279191    1.29575082    1.29402084    1.45411110    1.41114956    1.14814752    1.25606509    1.80060894    2.63320849    2.00116877    1.30375282    0.32297221    0.00000000    0.75976974    0.93256496    0.83986580    0.88468079    0.92103026    0.85233157
E0VTX9_PEDHC/2-73     0.61570671    0.59107242    0.60822700    0.62048954    0.76992471    0.50675907    0.39214773    0.80909834    0.67994798    0.95922025    0.93212175    1.01476396    1.12479275    1.01611347    1.16792338    0.88098804    0.96080831    1.28010883    1.23423567    1.47714060    2.14294522    1.74372344    0.93533083    0.63885871    0.75976974    0.00000000    0.64498006    0.69261452    0.58137107    0.75538251    0.69681209
C3YYK5_BRAFL/12-80     0.36920892    0.53183370    0.37853596    0.53702477    0.76826292    0.58235709    0.49319782    0.96140553    0.91397384    1.20092382    0.97956805    1.41646422    1.19326946    1.36842442    1.25767855    1.24829243    1.31719049    1.10752022    0.97433486    1.49842822    2.06294394    2.05122636    1.02398016    0.93102481    0.93256496    0.64498006    0.00000000    0.43779604    0.40974800    0.52861611    0.63083213
K1PMB0_CRAGI/245-313     0.54590954    0.62063818    0.51732200    0.61174655    0.83796963    0.62054735    0.53972584    0.91011990    0.94126211    0.98776819    1.00220225    1.45007454    1.21137370    1.33335754    1.13716115    1.32188272    1.32831793    1.13539120    1.17170700    1.57222501    2.31800535    1.82927630    1.07192395    0.79761237    0.83986580    0.69261452    0.43779604    0.00000000    0.57808606    0.68482642    0.56010825
A7RY70_NEMVE/7-75     0.42271704    0.52183134    0.51175479    0.53292460    0.79636369    0.50922034    0.38443075    0.87271903    0.73941344    1.30163652    1.07275824    1.29098619    1.11472197    1.23401118    1.20134287    1.19924956    1.23167833    1.06505648    0.98844658    1.53397848    2.15428994    1.79602329    0.93733614    0.84408268    0.88468079    0.58137107    0.40974800    0.57808606    0.00000000    0.52425959    0.68944650
B3RRA3_TRIAD/9-78     0.51027664    0.58388823    0.57188906    0.69259597    1.02076833    0.56643253    0.58008775    0.88922219    0.88853784    1.13601030    0.93347013    1.47659314    1.35688937    1.29319886    1.27477424    1.41025180    1.40176203    0.96866250    0.88697003    1.29949314    2.38146237    2.02565366    1.05605504    0.94295480    0.92103026    0.75538251    0.52861611    0.68482642    0.52425959    0.00000000    0.63616515
T1FYZ2_HELRO/6-73     0.66301785    0.65051457    0.60946834    0.76247585    0.95645215    0.72355412    0.73026165    1.05360197    0.80533825    1.04593770    1.05980474    1.54215217    1.57139047    1.28773985    1.30976366    1.38451002    1.53244824    1.30338575    1.32424794    1.81415363    2.78772755    2.18098300    1.14841213    0.82016392    0.85233157    0.69681209    0.63083213    0.56010825    0.68944650    0.63616515    0.00000000

