9
H3A864_LATCH/26-331     0.00000000    0.76451627    1.10703120    0.98344621    0.95144145    0.45283595    0.51452035    0.58924557    0.54901483
W5LXZ7_LEPOC/27-327     0.76451627    0.00000000    0.59607566    0.51006541    0.54263791    0.83691097    0.86876720    0.84765849    0.80828780
F1QMY9_DANRE/27-322     1.10703120    0.59607566    0.00000000    0.63976547    0.63124249    1.12737194    1.08037577    1.10742207    1.08631282
W5LTI0_ASTMX/27-312     0.98344621    0.51006541    0.63976547    0.00000000    0.35938550    1.01427844    1.07384267    1.05106036    1.00238027
F1QVR4_DANRE/27-315     0.95144145    0.54263791    0.63124249    0.35938550    0.00000000    1.05878603    1.05562660    1.02974857    0.98110796
NRIP1_HUMAN/27-330     0.45283595    0.83691097    1.12737194    1.01427844    1.05878603    0.00000000    0.24089866    0.48392926    0.40383227
H9G4R0_ANOCA/27-330     0.51452035    0.86876720    1.08037577    1.07384267    1.05562660    0.24089866    0.00000000    0.45556352    0.43301745
F7A804_XENTR/27-326     0.58924557    0.84765849    1.10742207    1.05106036    1.02974857    0.48392926    0.45556352    0.00000000    0.50724439
F6SP99_MONDO/27-306     0.54901483    0.80828780    1.08631282    1.00238027    0.98110796    0.40383227    0.43301745    0.50724439    0.00000000

