15
D6WMS3_TRICA/435-489     0.00000000    0.40527759    0.43939756    2.62879728    2.11328309    2.20770165    1.96771851    2.08298638    1.84313512    3.69467464    1.53449566    1.89022894    1.46320981    0.76539618    0.45226017
B4QNC8_DROSI/546-600     0.40527759    0.00000000    0.40538113    2.63660245    2.19202307    2.18791224    2.18348238    1.96768419    1.86518615    3.52057135    1.54242099    1.82652937    1.55488053    0.70452408    0.46077730
D2KMR5_BOMMO/333-388     0.43939756    0.40538113    0.00000000    2.84819308    2.14624454    1.83304865    2.34801239    2.00593362    1.97817934    3.51439378    1.49978520    1.83051358    1.56312519    0.83219260    0.39622419
D2KMR5_BOMMO/447-503     2.62879728    2.63660245    2.84819308    0.00000000    1.05258622    1.77801013    1.54233827    1.32029313    1.04625887    3.95194108    1.88872065    2.11954928    2.26520139    2.48746762    2.20901245
D6WMS3_TRICA/632-689     2.11328309    2.19202307    2.14624454    1.05258622    0.00000000    0.85522343    0.81310310    0.71637545    0.62699600    4.65694809    1.99863407    2.33306443    1.77537735    2.08496546    2.01172360
E0W369_PEDHC/224-281     2.20770165    2.18791224    1.83304865    1.77801013    0.85522343    0.00000000    0.83641268    0.80652004    0.98351428    3.12670672    2.20146227    2.52360662    1.81412027    1.87670016    2.11244623
B4QNC8_DROSI/876-933     1.96771851    2.18348238    2.34801239    1.54233827    0.81310310    0.83641268    0.00000000    0.50985759    0.81056393    5.47900365    2.24088810    2.84328509    2.16215583    2.08574557    2.17718548
A7UUB8_ANOGA/651-708     2.08298638    1.96768419    2.00593362    1.32029313    0.71637545    0.80652004    0.50985759    0.00000000    0.94758781    4.22153227    1.99786109    2.44061840    1.76054814    1.77832655    2.03197768
T1IA73_RHOPR/268-325     1.84313512    1.86518615    1.97817934    1.04625887    0.62699600    0.98351428    0.81056393    0.94758781    0.00000000   20.00000000    1.87503710    2.26069594    2.05762987    1.99205198    1.82559561
B4QNC8_DROSI/661-720     3.69467464    3.52057135    3.51439378    3.95194108    4.65694809    3.12670672    5.47900365    4.22153227   20.00000000    0.00000000    2.73648241    2.83816631    3.13774512    3.46249000    3.17939632
B4QNC8_DROSI/1161-1215     1.53449566    1.54242099    1.49978520    1.88872065    1.99863407    2.20146227    2.24088810    1.99786109    1.87503710    2.73648241    0.00000000    0.93146550    0.91259206    1.60892439    1.53623145
D2KMR5_BOMMO/663-718     1.89022894    1.82652937    1.83051358    2.11954928    2.33306443    2.52360662    2.84328509    2.44061840    2.26069594    2.83816631    0.93146550    0.00000000    1.03307754    1.93169391    1.87063855
B0WKY9_CULQU/308-362     1.46320981    1.55488053    1.56312519    2.26520139    1.77537735    1.81412027    2.16215583    1.76054814    2.05762987    3.13774512    0.91259206    1.03307754    0.00000000    1.62852196    1.57449281
E0W369_PEDHC/56-111     0.76539618    0.70452408    0.83219260    2.48746762    2.08496546    1.87670016    2.08574557    1.77832655    1.99205198    3.46249000    1.60892439    1.93169391    1.62852196    0.00000000    0.60371940
T1IA72_RHOPR/362-415     0.45226017    0.46077730    0.39622419    2.20901245    2.01172360    2.11244623    2.17718548    2.03197768    1.82559561    3.17939632    1.53623145    1.87063855    1.57449281    0.60371940    0.00000000

