16
F7E615_XENTR/26-155     0.00000000    0.92455407    0.87614253    0.91122529    0.81118722    1.16385352    1.13320542    1.10469236    1.10614857    0.96441431    1.03854893    2.05176134    1.92679563    1.46482867    1.00199438    1.14471154
H2ZTS3_LATCH/14-147     0.92455407    0.00000000    0.69528749    0.76036784    0.66117490    1.03303880    0.89877297    0.91194734    0.91964083    0.96094704    0.86432818    2.34173891    1.90501285    1.84619812    1.05744517    1.05273398
H0VYX9_CAVPO/11-144     0.87614253    0.69528749    0.00000000    0.40988365    0.27395981    1.19315931    0.85669293    1.11004051    1.10012535    0.92090877    0.93969908    2.13138377    2.16074108    1.88343303    1.08032979    1.18943915
G1Q5H1_MYOLU/12-145     0.91122529    0.76036784    0.40988365    0.00000000    0.24489959    1.06522952    0.92299227    1.06627835    1.14704105    0.84567796    0.87977367    2.15949297    2.28248591    1.79161559    1.09416969    1.12216067
A0A3Q2I0Y2_HORSE/12-145     0.81118722    0.66117490    0.27395981    0.24489959    0.00000000    1.05293084    0.82290153    1.06342599    1.07943153    0.90495565    0.92787469    2.15216578    2.06588831    1.71973221    0.99292747    1.07618560
F6YTH3_CIOIN/232-366     1.16385352    1.03303880    1.19315931    1.06522952    1.05293084    0.00000000    0.68501770    0.77474372    0.79856475    1.08889861    0.98199748    2.38763986    1.71424233    1.46249507    0.95364735    1.19786514
C3Y128_BRAFL/21-154     1.13320542    0.89877297    0.85669293    0.92299227    0.82290153    0.68501770    0.00000000    0.56652067    0.55322276    0.88586114    0.82580409    1.96552232    2.17093816    1.44619361    0.84939754    0.96799656
K1QVW1_CRAGI/31-164     1.10469236    0.91194734    1.11004051    1.06627835    1.06342599    0.77474372    0.56652067    0.00000000    0.53656865    0.78342450    0.82644513    2.62124109    1.95591557    1.70747351    0.93681340    0.84913502
C3Z8E3_BRAFL/2-136     1.10614857    0.91964083    1.10012535    1.14704105    1.07943153    0.79856475    0.55322276    0.53656865    0.00000000    0.92881711    0.82402346    2.32996113    2.19151682    1.70454146    0.90634990    1.03254398
H3B268_LATCH/1-134     0.96441431    0.96094704    0.92090877    0.84567796    0.90495565    1.08889861    0.88586114    0.78342450    0.92881711    0.00000000    0.47313143    2.57282566    2.24285778    1.70997121    0.95808751    0.87930518
W5N1S9_LEPOC/24-158     1.03854893    0.86432818    0.93969908    0.87977367    0.92787469    0.98199748    0.82580409    0.82644513    0.82402346    0.47313143    0.00000000    2.26329819    2.07282127    1.52389291    0.87316231    0.87374140
C3Y127_BRAFL/36-168     2.05176134    2.34173891    2.13138377    2.15949297    2.15216578    2.38763986    1.96552232    2.62124109    2.32996113    2.57282566    2.26329819    0.00000000    2.02247014    2.64034998    2.52219080    2.34987203
C3YV40_BRAFL/59-202     1.92679563    1.90501285    2.16074108    2.28248591    2.06588831    1.71424233    2.17093816    1.95591557    2.19151682    2.24285778    2.07282127    2.02247014    0.00000000    2.72611988    1.59297354    2.22873598
A0A1X7TSE1_AMPQE/67-194     1.46482867    1.84619812    1.88343303    1.79161559    1.71973221    1.46249507    1.44619361    1.70747351    1.70454146    1.70997121    1.52389291    2.64034998    2.72611988    0.00000000    1.17319468    1.45878920
A7SFG2_NEMVE/29-162     1.00199438    1.05744517    1.08032979    1.09416969    0.99292747    0.95364735    0.84939754    0.93681340    0.90634990    0.95808751    0.87316231    2.52219080    1.59297354    1.17319468    0.00000000    0.93034210
B3RPI0_TRIAD/23-156     1.14471154    1.05273398    1.18943915    1.12216067    1.07618560    1.19786514    0.96799656    0.84913502    1.03254398    0.87930518    0.87374140    2.34987203    2.22873598    1.45878920    0.93034210    0.00000000

