14
H9GHT3_ANOCA/6-249     0.00000000    0.57475601    0.54720722    0.58495701    0.53854848    0.77712496    0.98097777    1.20564727    1.25487543    1.28705191    1.19796368    1.04181347    1.14158016    1.21770602
H0YWB2_TAEGU/6-240     0.57475601    0.00000000    0.32835012    0.58935353    0.54092300    0.75778372    0.90182321    1.15680425    1.22396188    1.20698625    1.19707181    1.17835398    1.25532966    1.30587997
G1N2B9_MELGA/11-242     0.54720722    0.32835012    0.00000000    0.49114777    0.42661111    0.73068292    0.92880887    1.12480240    1.16857713    1.18247668    1.11742438    1.07417133    1.21301611    1.21641899
G3S7V4_GORGO/7-240     0.58495701    0.58935353    0.49114777    0.00000000    0.22826083    0.67673725    0.91883164    1.11901772    1.12231933    1.19526761    1.17784132    1.06750735    1.14818891    1.21442176
F7E2D2_MONDO/7-234     0.53854848    0.54092300    0.42661111    0.22826083    0.00000000    0.58818242    0.86983786    1.10626871    1.11217272    1.11998265    1.06514450    1.06442084    1.08258121    1.11960452
Q28DG0_XENTR/6-226     0.77712496    0.75778372    0.73068292    0.67673725    0.58818242    0.00000000    0.86521850    1.00653456    1.06852885    1.14659340    1.07978239    1.01063700    1.05446020    1.14517723
H2ZWK7_LATCH/6-244     0.98097777    0.90182321    0.92880887    0.91883164    0.86983786    0.86521850    0.00000000    1.10456090    1.05630395    0.99880222    0.95436864    0.88494293    0.99907715    1.05521641
F1QL65_DANRE/21-255     1.20564727    1.15680425    1.12480240    1.11901772    1.10626871    1.00653456    1.10456090    0.00000000    0.70205861    0.67292577    0.78729906    0.60512975    0.86639424    0.83060276
H3DBC3_TETNG/18-256     1.25487543    1.22396188    1.16857713    1.12231933    1.11217272    1.06852885    1.05630395    0.70205861    0.00000000    0.47375598    0.93925836    0.82952881    0.95604531    0.96956078
G3N8E7_GASAC/21-251     1.28705191    1.20698625    1.18247668    1.19526761    1.11998265    1.14659340    0.99880222    0.67292577    0.47375598    0.00000000    0.88877397    0.87975745    1.00887966    1.03439417
A9C3W4_DANRE/24-241     1.19796368    1.19707181    1.11742438    1.17784132    1.06514450    1.07978239    0.95436864    0.78729906    0.93925836    0.88877397    0.00000000    0.71157230    0.74612149    0.85849037
G3NU94_GASAC/7-219     1.04181347    1.17835398    1.07417133    1.06750735    1.06442084    1.01063700    0.88494293    0.60512975    0.82952881    0.87975745    0.71157230    0.00000000    0.27489714    0.31290103
I3J1E5_ORENI/36-266     1.14158016    1.25532966    1.21301611    1.14818891    1.08258121    1.05446020    0.99907715    0.86639424    0.95604531    1.00887966    0.74612149    0.27489714    0.00000000    0.38326666
M4AQD5_XIPMA/39-271     1.21770602    1.30587997    1.21641899    1.21442176    1.11960452    1.14517723    1.05521641    0.83060276    0.96956078    1.03439417    0.85849037    0.31290103    0.38326666    0.00000000

