15
H2MLG9_ORYLA/80-166     0.00000000    0.57907633    0.68182270    0.52435908    0.92324401    1.08294756    0.84171871    0.86105088    0.93495686    0.91281135    0.97052987    0.88568652    0.86182063    0.86679090    0.81654618
R4G9I0_ANOCA/28-120     0.57907633    0.00000000    0.40612345    0.40700718    1.02002652    1.19804094    1.01597317    1.03371611    1.05349788    1.17632708    1.00434386    1.03973709    0.70986746    0.84333594    0.85077354
U3JSC2_FICAL/16-103     0.68182270    0.40612345    0.00000000    0.63750885    0.89967317    0.99008925    0.91253266    0.80973051    0.99001896    1.05803048    0.99918388    0.99772759    0.94152293    1.01709606    0.86527833
H3BGR9_LATCH/21-106     0.52435908    0.40700718    0.63750885    0.00000000    0.91486727    1.06716781    0.83407224    0.83180255    0.92414741    0.93003704    0.84706082    0.77076723    0.61322222    0.61439830    0.75754263
W5M4X5_LEPOC/33-120     0.92324401    1.02002652    0.89967317    0.91486727    0.00000000    0.86796615    0.81860585    0.72366217    0.94432971    0.79917996    1.19830466    1.18765010    1.10582854    1.04610388    0.94162006
B3DFT1_DANRE/26-110     1.08294756    1.19804094    0.99008925    1.06716781    0.86796615    0.00000000    0.64058390    0.65451188    0.79750439    0.67695678    1.26184594    1.32467187    1.09673904    1.19445450    1.07758943
H9GU19_ANOCA/43-135     0.84171871    1.01597317    0.91253266    0.83407224    0.81860585    0.64058390    0.00000000    0.41386553    0.60236390    0.47934245    1.12571584    1.07876058    0.90682140    0.94636738    0.96369115
W5MI83_LEPOC/29-116     0.86105088    1.03371611    0.80973051    0.83180255    0.72366217    0.65451188    0.41386553    0.00000000    0.32800697    0.32404820    1.04426355    1.13919314    0.94025024    0.93681084    0.90497414
A0A3B5R617_XIPMA/34-120     0.93495686    1.05349788    0.99001896    0.92414741    0.94432971    0.79750439    0.60236390    0.32800697    0.00000000    0.25118597    1.19768119    1.24537212    1.04667796    1.08104597    1.13971204
F1RB04_DANRE/23-109     0.91281135    1.17632708    1.05803048    0.93003704    0.79917996    0.67695678    0.47934245    0.32404820    0.25118597    0.00000000    1.09301868    1.07770810    0.97828425    1.00638343    1.03287042
H9GLR7_ANOCA/31-118     0.97052987    1.00434386    0.99918388    0.84706082    1.19830466    1.26184594    1.12571584    1.04426355    1.19768119    1.09301868    0.00000000    0.72198746    0.57504613    0.61171268    0.44870921
I3MW25_ICTTR/31-119     0.88568652    1.03973709    0.99772759    0.77076723    1.18765010    1.32467187    1.07876058    1.13919314    1.24537212    1.07770810    0.72198746    0.00000000    0.45737490    0.60070214    0.39739556
F1QRK6_DANRE/31-117     0.86182063    0.70986746    0.94152293    0.61322222    1.10582854    1.09673904    0.90682140    0.94025024    1.04667796    0.97828425    0.57504613    0.45737490    0.00000000    0.22777592    0.26343420
B8JLP9_DANRE/31-117     0.86679090    0.84333594    1.01709606    0.61439830    1.04610388    1.19445450    0.94636738    0.93681084    1.08104597    1.00638343    0.61171268    0.60070214    0.22777592    0.00000000    0.37972349
A0A218UY76_9PASE/31-117     0.81654618    0.85077354    0.86527833    0.75754263    0.94162006    1.07758943    0.96369115    0.90497414    1.13971204    1.03287042    0.44870921    0.39739556    0.26343420    0.37972349    0.00000000

