13
I3KRQ4_ORENI/15-316     0.00000000    0.40797361    0.93323527    0.84173288    0.90942250    0.76278476    0.85660380    1.18002488    1.19221235    1.08154247    1.18195163    1.26096413    1.30224204
G3N881_GASAC/4-316     0.40797361    0.00000000    0.85277354    0.79592853    0.84292148    0.77281926    0.84996502    1.16660085    1.13492237    0.99329053    1.11953097    1.26684337    1.27377009
G3NP12_GASAC/14-319     0.93323527    0.85277354    0.00000000    0.24093668    0.32237479    0.52558134    0.59738993    0.86976402    1.02050415    0.87064940    0.87580257    0.85042169    1.11914159
I3JHG4_ORENI/14-314     0.84173288    0.79592853    0.24093668    0.00000000    0.21153512    0.49370447    0.58304625    0.92052264    1.00460597    0.86914863    0.91128468    0.88531250    1.12542161
M4A0T1_XIPMA/14-322     0.90942250    0.84292148    0.32237479    0.21153512    0.00000000    0.57108965    0.69571748    0.92464860    1.04172967    0.86652302    0.90118226    0.89528100    1.11555767
A0A3B1JN67_ASTMX/8-314     0.76278476    0.77281926    0.52558134    0.49370447    0.57108965    0.00000000    0.36482752    0.87758426    0.93100952    0.80813943    0.80217395    0.86550199    1.09156593
X1WDB7_DANRE/8-313     0.85660380    0.84996502    0.59738993    0.58304625    0.69571748    0.36482752    0.00000000    0.93587299    0.98367206    0.90307367    0.96113421    0.96981399    1.19670774
TMM82_HUMAN/10-315     1.18002488    1.16660085    0.86976402    0.92052264    0.92464860    0.87758426    0.93587299    0.00000000    0.34791462    0.47335043    0.60154881    0.72189764    0.78015196
F7GCD0_MONDO/7-311     1.19221235    1.13492237    1.02050415    1.00460597    1.04172967    0.93100952    0.98367206    0.34791462    0.00000000    0.53161822    0.55182500    0.67052152    0.78216035
U3JLR3_FICAL/52-353     1.08154247    0.99329053    0.87064940    0.86914863    0.86652302    0.80813943    0.90307367    0.47335043    0.53161822    0.00000000    0.54012278    0.63830423    0.63008632
TMM82_XENTR/10-309     1.18195163    1.11953097    0.87580257    0.91128468    0.90118226    0.80217395    0.96113421    0.60154881    0.55182500    0.54012278    0.00000000    0.54481068    0.62569270
H2ZSS7_LATCH/8-312     1.26096413    1.26684337    0.85042169    0.88531250    0.89528100    0.86550199    0.96981399    0.72189764    0.67052152    0.63830423    0.54481068    0.00000000    0.88345640
H9GK71_ANOCA/12-322     1.30224204    1.27377009    1.11914159    1.12542161    1.11555767    1.09156593    1.19670774    0.78015196    0.78216035    0.63008632    0.62569270    0.88345640    0.00000000

