7
W5NAW4_LEPOC/11-103     0.00000000    0.48248163    0.75767318    0.88654025    0.23933767    0.37905399    0.37718993
H3BBW6_LATCH/11-102     0.48248163    0.00000000    0.63767628    0.67374837    0.52261582    0.56087574    0.56895479
TCTA_XENTR/11-102     0.75767318    0.63767628    0.00000000    0.81613291    0.77760837    0.88432658    0.80830104
A0A096N2N4_PAPAN/15-106     0.88654025    0.67374837    0.81613291    0.00000000    0.77077590    0.85466402    0.87547141
TCTA_DANRE/11-100     0.23933767    0.52261582    0.77760837    0.77077590    0.00000000    0.27984171    0.23069498
H2LFV1_ORYLA/11-101     0.37905399    0.56087574    0.88432658    0.85466402    0.27984171    0.00000000    0.22843981
G3N8I4_GASAC/11-101     0.37718993    0.56895479    0.80830104    0.87547141    0.23069498    0.22843981    0.00000000

