10
H2M4T4_ORYLA/25-1333     0.00000000    0.21603752    0.26180770    0.41135674    0.43183148    0.39791233    0.58894534    0.79457094    0.57917895    0.75096234
G3Q9E3_GASAC/25-1327     0.21603752    0.00000000    0.22313934    0.37867362    0.38750078    0.35366073    0.52080811    0.74749880    0.52549531    0.69649473
H2TEV1_TAKRU/25-1319     0.26180770    0.22313934    0.00000000    0.41795390    0.42078732    0.38558598    0.55189513    0.73460503    0.56886901    0.72580933
W5KLF6_ASTMX/25-1334     0.41135674    0.37867362    0.41795390    0.00000000    0.26570376    0.37416281    0.57520995    0.74834197    0.56469152    0.70223355
F1QJT2_DANRE/24-1319     0.43183148    0.38750078    0.42078732    0.26570376    0.00000000    0.37651592    0.54475881    0.72582228    0.56658385    0.69808486
W5MVM2_LEPOC/28-1310     0.39791233    0.35366073    0.38558598    0.37416281    0.37651592    0.00000000    0.37985427    0.63043196    0.41168197    0.58733725
H3A2J6_LATCH/23-1311     0.58894534    0.52080811    0.55189513    0.57520995    0.54475881    0.37985427    0.00000000    0.53541286    0.29584949    0.47381236
F7DTJ5_XENTR/22-1279     0.79457094    0.74749880    0.73460503    0.74834197    0.72582228    0.63043196    0.53541286    0.00000000    0.42514298    0.63298241
R0LQ30_ANAPL/30-1314     0.57917895    0.52549531    0.56886901    0.56469152    0.56658385    0.41168197    0.29584949    0.42514298    0.00000000    0.31578631
G3T0K2_LOXAF/23-1300     0.75096234    0.69649473    0.72580933    0.70223355    0.69808486    0.58733725    0.47381236    0.63298241    0.31578631    0.00000000

