30
T1FM81_HELRO/60-343     0.00000000    2.01417999    1.42985712    2.40602295    1.90850168    1.73283468    1.89314720    2.06200042    1.74190320    1.74484115    1.70967681    1.78487684    1.88107629    2.17012539    1.74648375    2.42442081    2.30335959    2.83766456    2.46008049    2.55150666    1.89712082    2.19827120    1.79877704    2.07904442    1.78325813    1.80316933    2.41330667    2.27758502    2.47459368    2.47732302
A0A068Y4S4_ECHMU/58-349     2.01417999    0.00000000    1.48763660    2.51661096    2.27452354    2.15788929    2.21364396    2.33412810    2.10614640    2.39866109    2.19305217    2.17573709    2.11231626    2.57855499    2.18529298    2.78060970    2.43077235    2.75761009    2.69920057    3.18604889    2.29250811    2.66699782    1.87586171    2.48018384    2.17379774    1.90667518    2.15431920    2.30361459    2.15050900    2.27559285
K1QJ81_CRAGI/57-346     1.42985712    1.48763660    0.00000000    2.40322725    1.68534668    1.67324654    1.72845451    1.85967852    1.73328581    1.70904877    1.71036860    1.66510828    1.74064205    1.99395909    1.61007675    2.19187084    2.21514362    2.56621198    2.38155644    2.41739894    1.68843436    1.98388858    1.53803173    1.62178287    1.71117316    1.50643557    2.09753887    2.15481624    2.41464541    2.37349656
B3S6D6_TRIAD/83-362     2.40602295    2.51661096    2.40322725    0.00000000    2.44365461    2.48441035    2.67944728    2.90082722    2.26660753    2.49394258    2.53128792    2.40660800    2.29675597    2.70399495    2.38418807    2.69776020    2.52062441    2.63711294    2.50057733    2.60816413    2.53325791    2.78852515    2.36575456    2.35666753    2.35497980    2.25384481    2.76601400    2.54206367    3.05371267    3.22276694
W5MIN6_LEPOC/50-341     1.90850168    2.27452354    1.68534668    2.44365461    0.00000000    0.56662911    0.59305014    0.78588649    1.04117988    1.16443260    1.13008258    1.10643932    1.17126141    1.33463863    1.08193284    2.59889226    2.25063024    2.34322438    2.37882346    2.34999486    1.74987940    1.86096782    1.84968222    1.95304372    2.16959855    2.01762681    2.42082958    2.13375862    2.39054158    2.44768888
CP089_DANRE/52-339     1.73283468    2.15788929    1.67324654    2.48441035    0.56662911    0.00000000    0.47015344    0.63592856    1.05785979    1.24139856    1.19014427    1.16741265    1.23884170    1.29683434    1.09121765    2.52443793    2.08872805    2.33871116    2.19834036    2.33670697    1.85628357    2.12646029    1.76648925    1.92650056    2.19939910    1.98801356    2.25841748    1.96888354    2.34127189    2.27311603
A0A3B5PWC3_XIPMA/51-342     1.89314720    2.21364396    1.72845451    2.67944728    0.59305014    0.47015344    0.00000000    0.47162578    1.13326617    1.25766429    1.15199376    1.13794168    1.27424134    1.34448896    1.11507863    2.61254213    2.32300202    2.45184452    2.34115039    2.61159049    1.77052420    2.14697803    1.83869198    1.90004280    2.21736532    2.06775276    2.43183717    2.15700468    2.50557738    2.63658568
Q4SAS9_TETNG/50-338     2.06200042    2.33412810    1.85967852    2.90082722    0.78588649    0.63592856    0.47162578    0.00000000    1.16801718    1.36458825    1.34832397    1.26765181    1.32156019    1.39005336    1.23831607    2.88209581    2.34248954    2.46400069    2.43327574    2.67428832    2.03578195    2.19572832    1.93217551    2.00638546    2.19622909    2.15503519    2.40586801    2.11275814    2.69106745    2.79917460
F7CBD8_ORNAN/50-329     1.74190320    2.10614640    1.73328581    2.26660753    1.04117988    1.05785979    1.13326617    1.16801718    0.00000000    0.84811331    0.77391554    0.74250662    0.76283724    0.95542284    0.77872945    2.53941231    2.19598155    2.46582404    2.44299231    2.32080612    1.82134345    1.97817592    1.47724885    1.95872829    1.94642863    1.87609853    2.21516684    2.11963867    2.22676232    2.53345461
G1T0A6_RABIT/61-341     1.74484115    2.39866109    1.70904877    2.49394258    1.16443260    1.24139856    1.25766429    1.36458825    0.84811331    0.00000000    0.42840466    0.44877313    0.42211616    0.58297954    0.43412091    2.67929446    2.23638925    2.45367019    2.43191097    2.62423734    1.77152045    2.13831713    1.64924213    2.32080423    2.11663568    1.95704300    2.31180210    2.08193479    2.30195965    2.40545652
F1N2J8_BOVIN/60-340     1.70967681    2.19305217    1.71036860    2.53128792    1.13008258    1.19014427    1.15199376    1.34832397    0.77391554    0.42840466    0.00000000    0.25740013    0.38722808    0.50132692    0.33419501    2.63247398    2.35531639    2.50251103    2.51255414    2.51430666    1.86872302    2.07234768    1.61911362    2.20105706    2.01463148    2.01731751    2.18642705    2.17473844    2.24276580    2.34780878
F6XS73_HORSE/60-340     1.78487684    2.17573709    1.66510828    2.40660800    1.10643932    1.16741265    1.13794168    1.26765181    0.74250662    0.44877313    0.25740013    0.00000000    0.34321847    0.48692928    0.35599782    2.61454579    2.20100118    2.58220537    2.41253815    2.53207962    1.69358692    2.06761773    1.50084313    2.04365249    2.03704035    1.93831128    2.17404717    2.08281776    2.18165472    2.34516414
I3MQT4_ICTTR/60-338     1.88107629    2.11231626    1.74064205    2.29675597    1.17126141    1.23884170    1.27424134    1.32156019    0.76283724    0.42211616    0.38722808    0.34321847    0.00000000    0.46168394    0.32729780    2.56492293    2.19069406    2.50024256    2.39694013    2.44328659    1.76800066    2.11478405    1.61701256    2.16776746    1.95439505    2.01871803    2.26052163    2.07570377    1.97370906    2.10840266
H0V6W1_CAVPO/57-316     2.17012539    2.57855499    1.99395909    2.70399495    1.33463863    1.29683434    1.34448896    1.39005336    0.95542284    0.58297954    0.50132692    0.48692928    0.46168394    0.00000000    0.43277265    2.77847121    2.53082669    2.68971539    2.76453544    2.72020088    2.11376698    2.49372945    1.81116841    2.56859335    2.45815962    2.34190223    2.54137632    2.57711839    2.38887973    2.54122753
CP089_MOUSE/56-334     1.74648375    2.18529298    1.61007675    2.38418807    1.08193284    1.09121765    1.11507863    1.23831607    0.77872945    0.43412091    0.33419501    0.35599782    0.32729780    0.43277265    0.00000000    2.50188373    2.30342507    2.45070594    2.39230390    2.46462331    1.72742025    2.13362071    1.65758251    2.30308535    2.12318007    1.96842363    2.21980389    1.99382621    2.13896099    2.21908411
B3SDE4_TRIAD/63-355     2.42442081    2.78060970    2.19187084    2.69776020    2.59889226    2.52443793    2.61254213    2.88209581    2.53941231    2.67929446    2.63247398    2.61454579    2.56492293    2.77847121    2.50188373    0.00000000    2.07859817    2.31741525    2.07055603    2.38418536    2.09625600    2.49257035    2.51281584    2.37826363    2.45792644    2.26800997    3.19517832    2.50238067    2.66216216    3.06241356
B3SDE0_TRIAD/53-341     2.30335959    2.43077235    2.21514362    2.52062441    2.25063024    2.08872805    2.32300202    2.34248954    2.19598155    2.23638925    2.35531639    2.20100118    2.19069406    2.53082669    2.30342507    2.07859817    0.00000000    1.67123650    1.72308877    1.74641334    2.14756493    2.31421969    2.19884004    2.48486745    2.37211081    2.06059307    2.71567529    2.24113404    2.37859242    2.55301973
B3S9H5_TRIAD/73-365     2.83766456    2.75761009    2.56621198    2.63711294    2.34322438    2.33871116    2.45184452    2.46400069    2.46582404    2.45367019    2.50251103    2.58220537    2.50024256    2.68971539    2.45070594    2.31741525    1.67123650    0.00000000    1.04442809    1.26533793    2.11457785    2.42176695    2.10259042    2.19342848    2.18740918    2.05173175    2.61666271    2.19657432    2.57139668    2.66900404
B3SDD8_TRIAD/67-365     2.46008049    2.69920057    2.38155644    2.50057733    2.37882346    2.19834036    2.34115039    2.43327574    2.44299231    2.43191097    2.51255414    2.41253815    2.39694013    2.76453544    2.39230390    2.07055603    1.72308877    1.04442809    0.00000000    0.78648325    1.97442259    2.04858016    2.01044950    2.16613316    2.20924248    2.07100959    2.34665076    2.18299817    2.43874513    2.55833792
B3SDD7_TRIAD/68-362     2.55150666    3.18604889    2.41739894    2.60816413    2.34999486    2.33670697    2.61159049    2.67428832    2.32080612    2.62423734    2.51430666    2.53207962    2.44328659    2.72020088    2.46462331    2.38418536    1.74641334    1.26533793    0.78648325    0.00000000    2.03686744    2.26424307    2.05575625    2.14157559    2.19071582    2.00571793    2.71422020    2.12778108    2.50145790    2.43668476
A7RZR8_NEMVE/57-374     1.89712082    2.29250811    1.68843436    2.53325791    1.74987940    1.85628357    1.77052420    2.03578195    1.82134345    1.77152045    1.86872302    1.69358692    1.76800066    2.11376698    1.72742025    2.09625600    2.14756493    2.11457785    1.97442259    2.03686744    0.00000000    1.29313527    1.29176237    1.79409792    1.61792912    1.36007921    2.21660267    2.07212497    2.22010597    2.35291015
A7RZR7_NEMVE/95-380     2.19827120    2.66699782    1.98388858    2.78852515    1.86096782    2.12646029    2.14697803    2.19572832    1.97817592    2.13831713    2.07234768    2.06761773    2.11478405    2.49372945    2.13362071    2.49257035    2.31421969    2.42176695    2.04858016    2.26424307    1.29313527    0.00000000    1.79381939    1.91246631    1.86081598    1.84381093    2.33296169    2.15954680    2.59138643    2.75905050
C3Y0J1_BRAFL/55-363     1.79877704    1.87586171    1.53803173    2.36575456    1.84968222    1.76648925    1.83869198    1.93217551    1.47724885    1.64924213    1.61911362    1.50084313    1.61701256    1.81116841    1.65758251    2.51281584    2.19884004    2.10259042    2.01044950    2.05575625    1.29176237    1.79381939    0.00000000    1.53092452    1.29234317    1.12537325    1.94324697    1.88995671    2.28908413    2.20630864
K1QNT0_CRAGI/50-377     2.07904442    2.48018384    1.62178287    2.35666753    1.95304372    1.92650056    1.90004280    2.00638546    1.95872829    2.32080423    2.20105706    2.04365249    2.16776746    2.56859335    2.30308535    2.37826363    2.48486745    2.19342848    2.16613316    2.14157559    1.79409792    1.91246631    1.53092452    0.00000000    1.55238083    1.46960919    2.35073807    2.23551674    2.31128408    2.48377953
C3YTN6_BRAFL/62-379     1.78325813    2.17379774    1.71117316    2.35497980    2.16959855    2.19939910    2.21736532    2.19622909    1.94642863    2.11663568    2.01463148    2.03704035    1.95439505    2.45815962    2.12318007    2.45792644    2.37211081    2.18740918    2.20924248    2.19071582    1.61792912    1.86081598    1.29234317    1.55238083    0.00000000    0.76172343    2.20130479    2.14579737    2.23977231    2.38166115
C3YTN3_BRAFL/86-376     1.80316933    1.90667518    1.50643557    2.25384481    2.01762681    1.98801356    2.06775276    2.15503519    1.87609853    1.95704300    2.01731751    1.93831128    2.01871803    2.34190223    1.96842363    2.26800997    2.06059307    2.05173175    2.07100959    2.00571793    1.36007921    1.84381093    1.12537325    1.46960919    0.76172343    0.00000000    2.14665081    2.10070270    2.19037710    2.30346018
H3FHS3_PRIPA/37-337     2.41330667    2.15431920    2.09753887    2.76601400    2.42082958    2.25841748    2.43183717    2.40586801    2.21516684    2.31180210    2.18642705    2.17404717    2.26052163    2.54137632    2.21980389    3.19517832    2.71567529    2.61666271    2.34665076    2.71422020    2.21660267    2.33296169    1.94324697    2.35073807    2.20130479    2.14665081    0.00000000    2.27166201    2.41053623    2.59940558
G4V6I2_SCHMA/52-339     2.27758502    2.30361459    2.15481624    2.54206367    2.13375862    1.96888354    2.15700468    2.11275814    2.11963867    2.08193479    2.17473844    2.08281776    2.07570377    2.57711839    1.99382621    2.50238067    2.24113404    2.19657432    2.18299817    2.12778108    2.07212497    2.15954680    1.88995671    2.23551674    2.14579737    2.10070270    2.27166201    0.00000000    2.05581330    2.27093452
F4WTY7_ACREC/11-288     2.47459368    2.15050900    2.41464541    3.05371267    2.39054158    2.34127189    2.50557738    2.69106745    2.22676232    2.30195965    2.24276580    2.18165472    1.97370906    2.38887973    2.13896099    2.66216216    2.37859242    2.57139668    2.43874513    2.50145790    2.22010597    2.59138643    2.28908413    2.31128408    2.23977231    2.19037710    2.41053623    2.05581330    0.00000000    0.53857376
E2AXM3_CAMFO/57-333     2.47732302    2.27559285    2.37349656    3.22276694    2.44768888    2.27311603    2.63658568    2.79917460    2.53345461    2.40545652    2.34780878    2.34516414    2.10840266    2.54122753    2.21908411    3.06241356    2.55301973    2.66900404    2.55833792    2.43668476    2.35291015    2.75905050    2.20630864    2.48377953    2.38166115    2.30346018    2.59940558    2.27093452    0.53857376    0.00000000

