30
Q7QDG9_ANOGA/112-363     0.00000000    0.77580310    0.74424607    0.84256928    0.80705645    0.73525188    0.70148975    0.83120404    0.74382605    1.67581702    2.09732286    3.14029341    2.06396693    1.78260321    1.41419525    1.53763433    1.53370619    1.21953277    1.12499846    1.24125218    1.03905101    1.05202640    1.05695072    1.16129399    1.58330804    1.53542850    1.49975692    1.32196070    1.57019059    1.03936725
B4HGH9_DROSE/108-328     0.77580310    0.00000000    0.75512338    0.87038714    0.88302886    0.72224375    0.74797554    0.93816862    0.79948359    1.61404062    2.09210373    3.31277844    2.07249510    1.86361206    1.36505885    1.43476983    1.58040147    1.24084206    1.11778098    1.19011953    1.07849239    1.06483295    1.13182400    1.19850743    1.61033148    1.46128578    1.49598700    1.32321252    1.53119194    1.11792871
H9J9Z2_BOMMO/31-225     0.74424607    0.75512338    0.00000000    0.70955698    0.67551446    0.52999887    0.40892880    0.74612521    0.58713463    1.41524677    1.93575161    3.82939975    1.86877552    1.48850381    1.11100148    1.39616099    1.28052862    1.20869045    1.15100014    1.18904447    0.96456209    0.88952631    0.90960869    1.01095393    1.32687059    1.34106669    1.31910550    1.02590815    1.33189631    1.00744795
E0VQE7_PEDHC/19-208     0.84256928    0.87038714    0.70955698    0.00000000    0.76311470    0.66423841    0.54280930    0.82873939    0.73281590    1.40334286    2.10291097    3.45826648    1.96585720    1.60651599    1.41590067    1.63142488    1.44591067    1.26071443    1.26299349    1.37097226    1.10908888    1.03770676    0.93395869    1.03435660    1.46351447    1.41002806    1.45360884    1.25310713    1.36867752    1.12946477
A0A7M7HA84_NASVI/70-265     0.80705645    0.88302886    0.67551446    0.76311470    0.00000000    0.37711609    0.48997726    0.76156710    0.62455236    1.38124022    1.93065223    3.20552239    1.79816297    1.48192273    1.22705947    1.49087834    1.39529312    1.27885849    1.23627868    1.26112982    0.96036439    0.93167507    0.92267069    1.01234625    1.27251567    1.27549031    1.29775354    1.16476459    1.36964499    1.03317242
E2B1W1_CAMFO/43-240     0.73525188    0.72224375    0.52999887    0.66423841    0.37711609    0.00000000    0.45523676    0.65288567    0.47488879    1.30816884    1.92333079    3.26658954    1.77906835    1.52178942    1.11605001    1.35425754    1.31784981    1.14680404    1.06260128    1.11061968    0.91872059    0.89302715    0.85815292    0.99021687    1.28098487    1.26701790    1.29254537    1.09062412    1.29128487    0.94963952
D6WAQ4_TRICA/137-326     0.70148975    0.74797554    0.40892880    0.54280930    0.48997726    0.45523676    0.00000000    0.65128540    0.38297288    1.27715023    1.76818395    3.36414175    1.75466046    1.64731583    1.10150205    1.41649627    1.23289479    1.22869741    1.12427370    1.19708226    0.88718615    0.85020994    0.87968720    0.99174382    1.22645001    1.31959198    1.20065562    1.05825271    1.25223379    0.96031766
J9K2K6_ACYPI/141-321     0.83120404    0.93816862    0.74612521    0.82873939    0.76156710    0.65288567    0.65128540    0.00000000    0.63869633    1.51171952    1.85570303    3.28181872    1.78895217    1.72741222    1.04592395    1.39497138    1.28126815    1.22523986    1.13507649    1.23511313    0.96923799    0.93061254    0.89079138    0.99269955    1.38112993    1.45638669    1.40887893    1.16651172    1.45998929    1.05455147
T1IC61_RHOPR/68-249     0.74382605    0.79948359    0.58713463    0.73281590    0.62455236    0.47488879    0.38297288    0.63869633    0.00000000    1.39658561    1.85391608    3.39486185    1.75661663    1.54218162    0.95484753    1.19573588    1.03856907    1.13838350    0.96850313    1.06964323    0.85797149    0.85391102    0.86293683    0.91211109    1.21775714    1.22768468    1.16955569    0.95428211    1.27362865    0.93798914
A0A068Y3Y2_ECHMU/110-308     1.67581702    1.61404062    1.41524677    1.40334286    1.38124022    1.30816884    1.27715023    1.51171952    1.39658561    0.00000000    1.79230058    2.63904254    2.26669063    1.81531888    1.51832830    1.61036957    1.59903293    1.39445016    1.43113348    1.27012509    0.98915965    1.02989985    1.04897889    1.08193178    1.46153525    1.47113784    1.64316426    1.18332204    1.39419175    1.10242273
E3N191_CAERE/96-278     2.09732286    2.09210373    1.93575161    2.10291097    1.93065223    1.92333079    1.76818395    1.85570303    1.85391608    1.79230058    0.00000000    3.92398687    1.78634973    2.06770832    1.94626131    2.04091749    1.96677328    2.02573244    1.95276535    2.09072791    1.77468920    1.83513065    1.82754980    1.89657699    2.04008222    2.44859241    2.31598099    1.79637497    2.12712423    1.83025726
F7EZK8_MONDO/10-181     3.14029341    3.31277844    3.82939975    3.45826648    3.20552239    3.26658954    3.36414175    3.28181872    3.39486185    2.63904254    3.92398687    0.00000000    3.03788315    3.07133206    3.25547817    3.38582376    3.36562121    3.23796899    3.54692754    3.68168526    2.69255406    2.89435416    2.73734352    2.83630776    3.01232215    3.13941541    2.80440272    2.55391164    2.35051121    3.21403680
A0A2H2IIG4_CAEJA/384-632     2.06396693    2.07249510    1.86877552    1.96585720    1.79816297    1.77906835    1.75466046    1.78895217    1.75661663    2.26669063    1.78634973    3.03788315    0.00000000    0.96439975    1.95040803    2.12916205    1.98870723    2.09739160    1.82110399    2.17503562    1.79845152    1.88109960    1.87983352    2.04841386    2.33379170    2.16247843    2.39341863    1.80793170    2.23154588    1.81404852
A0A1I7VEY5_LOALO/75-253     1.78260321    1.86361206    1.48850381    1.60651599    1.48192273    1.52178942    1.64731583    1.72741222    1.54218162    1.81531888    2.06770832    3.07133206    0.96439975    0.00000000    1.91150954    2.08945666    1.86963433    2.11758834    1.76101898    1.86364629    1.64933072    1.68857847    1.70382290    1.87167971    1.80288162    2.14821324    2.10678197    1.74895229    1.95657129    1.75001038
W5MVK1_LEPOC/72-249     1.41419525    1.36505885    1.11100148    1.41590067    1.22705947    1.11605001    1.10150205    1.04592395    0.95484753    1.51832830    1.94626131    3.25547817    1.95040803    1.91150954    0.00000000    0.62247564    0.42789105    0.71572352    0.73530874    0.75800336    0.70999747    0.74997915    0.79600573    0.80177507    1.09181398    1.28237722    1.04986787    0.84122068    1.10412581    0.96333730
I3KLJ5_ORENI/70-243     1.53763433    1.43476983    1.39616099    1.63142488    1.49087834    1.35425754    1.41649627    1.39497138    1.19573588    1.61036957    2.04091749    3.38582376    2.12916205    2.08945666    0.62247564    0.00000000    0.66630393    1.01108448    1.04717905    1.08095585    0.95724812    1.00525304    0.98354017    0.99478264    1.14385244    1.34594563    1.15526980    1.00884576    1.26693252    1.07857876
F1R371_DANRE/70-247     1.53370619    1.58040147    1.28052862    1.44591067    1.39529312    1.31784981    1.23289479    1.28126815    1.03856907    1.59903293    1.96677328    3.36562121    1.98870723    1.86963433    0.42789105    0.66630393    0.00000000    0.88264523    0.89085663    0.93161962    0.84484408    0.91406626    0.91291240    0.94863619    1.18409306    1.48129508    1.21233240    0.94401259    1.27524057    1.01219017
G1KEL1_ANOCA/37-211     1.21953277    1.24084206    1.20869045    1.26071443    1.27885849    1.14680404    1.22869741    1.22523986    1.13838350    1.39445016    2.02573244    3.23796899    2.09739160    2.11758834    0.71572352    1.01108448    0.88264523    0.00000000    0.53601313    0.60100558    0.67918584    0.76603019    0.78597769    0.81858512    1.09766153    1.17418213    1.05241390    0.86744549    1.11282722    0.96564439
A6PVI9_HUMAN/39-213     1.12499846    1.11778098    1.15100014    1.26299349    1.23627868    1.06260128    1.12427370    1.13507649    0.96850313    1.43113348    1.95276535    3.54692754    1.82110399    1.76101898    0.73530874    1.04717905    0.89085663    0.53601313    0.00000000    0.25203079    0.64564363    0.72603833    0.78218297    0.86148593    1.14147031    1.17021699    1.14119019    0.88597985    1.18532249    0.94856734
F6WIS8_MONDO/38-212     1.24125218    1.19011953    1.18904447    1.37097226    1.26112982    1.11061968    1.19708226    1.23511313    1.06964323    1.27012509    2.09072791    3.68168526    2.17503562    1.86364629    0.75800336    1.08095585    0.93161962    0.60100558    0.25203079    0.00000000    0.69094575    0.72918739    0.85187450    0.89392472    1.22429812    1.24595699    1.23834321    0.93313965    1.24587572    1.04642275
M4AQI1_XIPMA/86-272     1.03905101    1.07849239    0.96456209    1.10908888    0.96036439    0.91872059    0.88718615    0.96923799    0.85797149    0.98915965    1.77468920    2.69255406    1.79845152    1.64933072    0.70999747    0.95724812    0.84484408    0.67918584    0.64564363    0.69094575    0.00000000    0.37502935    0.41496465    0.47157753    0.71465862    0.82443240    0.79451414    0.61907391    0.78417509    0.60723695
U3JL52_FICAL/82-261     1.05202640    1.06483295    0.88952631    1.03770676    0.93167507    0.89302715    0.85020994    0.93061254    0.85391102    1.02989985    1.83513065    2.89435416    1.88109960    1.68857847    0.74997915    1.00525304    0.91406626    0.76603019    0.72603833    0.72918739    0.37502935    0.00000000    0.35057625    0.37922701    0.71395272    0.82651364    0.72470800    0.46080247    0.71160712    0.52682733
J9P8I1_CANLF/157-333     1.05695072    1.13182400    0.90960869    0.93395869    0.92267069    0.85815292    0.87968720    0.89079138    0.86293683    1.04897889    1.82754980    2.73734352    1.87983352    1.70382290    0.79600573    0.98354017    0.91291240    0.78597769    0.78218297    0.85187450    0.41496465    0.35057625    0.00000000    0.19686298    0.66989842    0.82593956    0.75728633    0.58301311    0.71714763    0.59627701
E1BBS9_BOVIN/141-317     1.16129399    1.19850743    1.01095393    1.03435660    1.01234625    0.99021687    0.99174382    0.99269955    0.91211109    1.08193178    1.89657699    2.83630776    2.04841386    1.87167971    0.80177507    0.99478264    0.94863619    0.81858512    0.86148593    0.89392472    0.47157753    0.37922701    0.19686298    0.00000000    0.72843530    0.94816996    0.79986182    0.61148528    0.74156166    0.64176425
W5ME21_LEPOC/140-324     1.58330804    1.61033148    1.32687059    1.46351447    1.27251567    1.28098487    1.22645001    1.38112993    1.21775714    1.46153525    2.04008222    3.01232215    2.33379170    1.80288162    1.09181398    1.14385244    1.18409306    1.09766153    1.14147031    1.22429812    0.71465862    0.71395272    0.66989842    0.72843530    0.00000000    0.57029781    0.44854516    0.49243341    0.70645531    0.83901998
G3NHN2_GASAC/10-188     1.53542850    1.46128578    1.34106669    1.41002806    1.27549031    1.26701790    1.31959198    1.45638669    1.22768468    1.47113784    2.44859241    3.13941541    2.16247843    2.14821324    1.28237722    1.34594563    1.48129508    1.17418213    1.17021699    1.24595699    0.82443240    0.82651364    0.82593956    0.94816996    0.57029781    0.00000000    0.54113540    0.77370303    0.97457935    1.08380449
E7F2T0_DANRE/132-316     1.49975692    1.49598700    1.31910550    1.45360884    1.29775354    1.29254537    1.20065562    1.40887893    1.16955569    1.64316426    2.31598099    2.80440272    2.39341863    2.10678197    1.04986787    1.15526980    1.21233240    1.05241390    1.14119019    1.23834321    0.79451414    0.72470800    0.75728633    0.79986182    0.44854516    0.54113540    0.00000000    0.66059098    0.85547437    1.03122179
H3ARD8_LATCH/135-313     1.32196070    1.32321252    1.02590815    1.25310713    1.16476459    1.09062412    1.05825271    1.16651172    0.95428211    1.18332204    1.79637497    2.55391164    1.80793170    1.74895229    0.84122068    1.00884576    0.94401259    0.86744549    0.88597985    0.93313965    0.61907391    0.46080247    0.58301311    0.61148528    0.49243341    0.77370303    0.66059098    0.00000000    0.50001077    0.64222962
G1KAF1_ANOCA/154-344     1.57019059    1.53119194    1.33189631    1.36867752    1.36964499    1.29128487    1.25223379    1.45998929    1.27362865    1.39419175    2.12712423    2.35051121    2.23154588    1.95657129    1.10412581    1.26693252    1.27524057    1.11282722    1.18532249    1.24587572    0.78417509    0.71160712    0.71714763    0.74156166    0.70645531    0.97457935    0.85547437    0.50001077    0.00000000    0.83699954
H2Z8C7_CIOSA/80-257     1.03936725    1.11792871    1.00744795    1.12946477    1.03317242    0.94963952    0.96031766    1.05455147    0.93798914    1.10242273    1.83025726    3.21403680    1.81404852    1.75001038    0.96333730    1.07857876    1.01219017    0.96564439    0.94856734    1.04642275    0.60723695    0.52682733    0.59627701    0.64176425    0.83901998    1.08380449    1.03122179    0.64222962    0.83699954    0.00000000

