18
D5EQD0_CORAD/3-93     0.00000000    1.54899953    0.85819064    1.30171206    1.10553995    1.07802773    2.12481388    1.19342824    1.83824677    1.67686741    1.70161694    2.19176106    1.76080599    1.29639841    0.99954955    1.15689653    1.17554155    1.21393463
A1TTQ2_ACIAC/7-93     1.54899953    0.00000000    1.31526199    2.02347626    1.82419397    2.00635442    2.50219074    1.94414635    2.25928934    2.07223626    2.27270864    2.59930848    2.32989287    2.12849969    1.73180316    1.66097647    1.74682147    1.67386406
H8GJR7_METAL/8-99     0.85819064    1.31526199    0.00000000    1.19894413    0.90124827    1.14996552    1.92446702    1.34262101    1.60578412    1.58637892    1.61281869    1.96583695    1.59247200    1.42441214    1.15070417    1.20765521    1.11401831    1.32728889
K9SQ24_9CYAN/7-101     1.30171206    2.02347626    1.19894413    0.00000000    1.12978100    1.50970739    1.88805009    1.54332917    1.59975507    1.67644830    1.88363581    2.42679747    1.77636165    1.39087139    1.23056626    1.66528923    1.14370678    1.53321198
A4Z149_BRASO/26-116     1.10553995    1.82419397    0.90124827    1.12978100    0.00000000    1.02757513    1.56052939    1.59328142    1.60428400    1.72366343    1.57597751    2.12109293    1.64647604    1.48122917    1.20895333    1.44832966    1.02894267    1.03221467
I6XNZ8_PSEPQ/4-101     1.07802773    2.00635442    1.14996552    1.50970739    1.02757513    0.00000000    1.81003717    1.64444535    1.80305302    1.60516972    1.72920125    1.96559532    1.81388620    1.43867497    1.33033272    1.41047626    1.09309856    1.39633393
Q73Q82_TREDE/5-99     2.12481388    2.50219074    1.92446702    1.88805009    1.56052939    1.81003717    0.00000000    2.01717033    1.61171658    1.52855283    1.56370241    2.44845144    1.76735835    1.96892062    1.74185141    2.07133922    1.51691846    1.41993982
H8XNR2_FLAIG/2-91     1.19342824    1.94414635    1.34262101    1.54332917    1.59328142    1.64444535    2.01717033    0.00000000    1.33904902    1.17251683    1.46539225    1.95930403    1.73913954    1.67463892    1.35510409    1.46924025    1.52415080    1.37793615
F4AYP7_DOKS4/4-94     1.83824677    2.25928934    1.60578412    1.59975507    1.60428400    1.80305302    1.61171658    1.33904902    0.00000000    0.25843313    1.20992383    1.34184948    1.44622020    1.48596017    1.59283794    1.38650038    1.68459037    1.66816314
I3YVC7_AEQSU/4-94     1.67686741    2.07223626    1.58637892    1.67644830    1.72366343    1.60516972    1.52855283    1.17251683    0.25843313    0.00000000    1.08384935    1.47936220    1.30742504    1.45490459    1.50699289    1.30453364    1.62232302    1.44123405
H6L8H1_SAPGL/125-215     1.70161694    2.27270864    1.61281869    1.88363581    1.57597751    1.72920125    1.56370241    1.46539225    1.20992383    1.08384935    0.00000000    1.19824375    1.53210450    1.78945094    1.52236145    1.62933731    1.37806431    1.34602348
H6L8H1_SAPGL/4-99     2.19176106    2.59930848    1.96583695    2.42679747    2.12109293    1.96559532    2.44845144    1.95930403    1.34184948    1.47936220    1.19824375    0.00000000    2.65240599    2.16307573    2.14483051    2.16318028    1.93378253    2.09683549
A7HH54_ANADF/13-112     1.76080599    2.32989287    1.59247200    1.77636165    1.64647604    1.81388620    1.76735835    1.73913954    1.44622020    1.30742504    1.53210450    2.65240599    0.00000000    1.41991961    1.37419829    1.68416212    1.20968067    1.35855017
C1F7L6_ACIC5/9-99     1.29639841    2.12849969    1.42441214    1.39087139    1.48122917    1.43867497    1.96892062    1.67463892    1.48596017    1.45490459    1.78945094    2.16307573    1.41991961    0.00000000    1.18217177    1.62422150    1.34485550    1.34757369
F8KZ23_PARAV/6-95     0.99954955    1.73180316    1.15070417    1.23056626    1.20895333    1.33033272    1.74185141    1.35510409    1.59283794    1.50699289    1.52236145    2.14483051    1.37419829    1.18217177    0.00000000    1.09220207    0.97467574    1.15345690
D6YW69_WADCW/34-124     1.15689653    1.66097647    1.20765521    1.66528923    1.44832966    1.41047626    2.07133922    1.46924025    1.38650038    1.30453364    1.62933731    2.16318028    1.68416212    1.62422150    1.09220207    0.00000000    1.31946686    1.32899046
I0H5P2_ACTM4/28-118     1.17554155    1.74682147    1.11401831    1.14370678    1.02894267    1.09309856    1.51691846    1.52415080    1.68459037    1.62232302    1.37806431    1.93378253    1.20968067    1.34485550    0.97467574    1.31946686    0.00000000    0.74696186
H6RVF9_BLASD/21-111     1.21393463    1.67386406    1.32728889    1.53321198    1.03221467    1.39633393    1.41993982    1.37793615    1.66816314    1.44123405    1.34602348    2.09683549    1.35855017    1.34757369    1.15345690    1.32899046    0.74696186    0.00000000

