7
F7EAB4_MACMU/63-342     0.00000000    0.16491536    0.28298017    0.76512326    0.89364683    1.99659996    1.34821597
F1PKW9_CANLF/45-324     0.16491536    0.00000000    0.27060338    0.74264760    0.84491824    1.80497468    1.35034291
G3HU80_CRIGR/1-282     0.28298017    0.27060338    0.00000000    0.83647244    0.86849786    1.99071567    1.31264342
H2ZZY0_LATCH/1-282     0.76512326    0.74264760    0.83647244    0.00000000    0.88547030    2.05627035    1.52872646
G1KYC8_ANOCA/1-303     0.89364683    0.84491824    0.86849786    0.88547030    0.00000000    1.84573954    1.39619710
C3YZL2_BRAFL/49-344     1.99659996    1.80497468    1.99071567    2.05627035    1.84573954    0.00000000    1.99879120
C3YGX4_BRAFL/78-405     1.34821597    1.35034291    1.31264342    1.52872646    1.39619710    1.99879120    0.00000000

