23
B7QIX1_IXOSC/11-103     0.00000000    0.76152317    0.87064693    0.77233581    0.79922634    0.86653179    0.73620588    0.82588536    0.83565290    0.90533694    0.96214217    0.77207001    0.82068260    0.78572410    1.07106956    0.81929606    0.89656596    0.76920083    0.97144551    0.97069597    1.08870602    1.20449160    0.86697177
E9HAM6_DAPPU/10-103     0.76152317    0.00000000    0.94325434    0.96189089    0.91763273    0.88598433    0.86895327    0.82386331    0.92507529    0.97410187    0.95989489    0.94543127    0.81670035    0.79236608    1.04123441    0.96464730    0.88643024    0.99615677    1.10752808    1.01284590    1.29257025    1.14424729    0.82445874
M3X5C4_FELCA/7-99     0.87064693    0.94325434    0.00000000    0.37059427    0.45675620    0.30275886    0.64632901    0.63787067    0.69347883    0.71673218    0.80892855    0.58735091    0.59141438    0.52841429    0.55519026    0.55289632    0.52277288    0.71791683    0.98574936    1.10311017    1.11701589    1.07415449    0.97392856
H3D3Y5_TETNG/8-100     0.77233581    0.96189089    0.37059427    0.00000000    0.31787495    0.44335307    0.67826271    0.67320199    0.78333786    0.79937630    0.85295769    0.68476800    0.74560111    0.70977477    0.72807643    0.71780743    0.72937275    0.75857354    1.11203553    1.00425476    1.12242129    0.97739298    1.11475924
I3K6V1_ORENI/5-97     0.79922634    0.91763273    0.45675620    0.31787495    0.00000000    0.42088686    0.66310952    0.67100948    0.72767415    0.78037409    0.82353230    0.66452741    0.70881092    0.66766598    0.78165146    0.72548863    0.74145593    0.87111142    1.09776535    0.92160467    1.03687333    1.05854763    1.07676663
F1QPK7_DANRE/5-97     0.86653179    0.88598433    0.30275886    0.44335307    0.42088686    0.00000000    0.65452973    0.69797355    0.70987526    0.81447751    0.78853517    0.63813536    0.61164454    0.60494518    0.60801682    0.56689255    0.57751844    0.74884286    0.88157241    1.05238857    1.11195827    0.91225269    0.96495968
M3ZZZ2_XIPMA/36-128     0.73620588    0.86895327    0.64632901    0.67826271    0.66310952    0.65452973    0.00000000    0.54193353    0.56590508    0.66007348    0.68081367    0.50359965    0.41117121    0.46929389    0.58558541    0.45745855    0.52834357    0.85395893    1.15274298    1.10485965    0.94350395    1.14148476    1.00419213
W5KE54_ASTMX/10-102     0.82588536    0.82386331    0.63787067    0.67320199    0.67100948    0.69797355    0.54193353    0.00000000    0.44648189    0.50963527    0.51955847    0.39465811    0.48567497    0.35855288    0.48773951    0.42964943    0.43935861    0.80230407    0.97700835    0.98255152    0.99186808    1.01766676    0.95794522
G3PEZ9_GASAC/7-99     0.83565290    0.92507529    0.69347883    0.78333786    0.72767415    0.70987526    0.56590508    0.44648189    0.00000000    0.35143839    0.36306964    0.43270260    0.48374618    0.44541834    0.64450391    0.45514065    0.49696069    0.81536361    0.90221670    1.09033103    1.04955557    1.04082957    1.05976826
H2LB95_ORYLA/6-98     0.90533694    0.97410187    0.71673218    0.79937630    0.78037409    0.81447751    0.66007348    0.50963527    0.35143839    0.00000000    0.31548045    0.45220029    0.62024658    0.55151794    0.66025741    0.51406794    0.60713810    0.83635176    0.93545533    0.98195736    0.99091527    0.96885233    1.06594055
H3DNZ1_TETNG/7-99     0.96214217    0.95989489    0.80892855    0.85295769    0.82353230    0.78853517    0.68081367    0.51955847    0.36306964    0.31548045    0.00000000    0.59573042    0.66875097    0.57395325    0.69106193    0.63005120    0.66485005    0.81069191    0.94201491    1.08200980    0.97584302    1.00405988    1.02677326
W5MDX5_LEPOC/13-105     0.77207001    0.94543127    0.58735091    0.68476800    0.66452741    0.63813536    0.50359965    0.39465811    0.43270260    0.45220029    0.59573042    0.00000000    0.29929187    0.24028265    0.41153589    0.25336678    0.44210114    0.83696020    0.92244619    1.05438422    1.13213149    0.95519184    0.94067680
F1Q6V8_DANRE/12-104     0.82068260    0.81670035    0.59141438    0.74560111    0.70881092    0.61164454    0.41117121    0.48567497    0.48374618    0.62024658    0.66875097    0.29929187    0.00000000    0.25958929    0.47644090    0.38377918    0.47168199    0.83216996    1.00909772    1.15534703    1.18198142    1.03289291    0.96237515
I3ISU9_DANRE/12-104     0.78572410    0.79236608    0.52841429    0.70977477    0.66766598    0.60494518    0.46929389    0.35855288    0.44541834    0.55151794    0.57395325    0.24028265    0.25958929    0.00000000    0.46600935    0.33948211    0.44134302    0.74719813    0.87253955    1.00595354    1.19289739    1.03599891    0.91038237
H2ZZ11_LATCH/16-108     1.07106956    1.04123441    0.55519026    0.72807643    0.78165146    0.60801682    0.58558541    0.48773951    0.64450391    0.66025741    0.69106193    0.41153589    0.47644090    0.46600935    0.00000000    0.27152656    0.37089376    0.81668114    0.90221157    1.06125878    1.16851593    1.08112903    0.97938538
U3ICA7_ANAPP/14-106     0.81929606    0.96464730    0.55289632    0.71780743    0.72548863    0.56689255    0.45745855    0.42964943    0.45514065    0.51406794    0.63005120    0.25336678    0.38377918    0.33948211    0.27152656    0.00000000    0.23860879    0.86968762    0.96131768    1.04819415    1.14749222    1.03363936    0.93926518
I3NGQ0_ICTTR/12-104     0.89656596    0.88643024    0.52277288    0.72937275    0.74145593    0.57751844    0.52834357    0.43935861    0.49696069    0.60713810    0.66485005    0.44210114    0.47168199    0.44134302    0.37089376    0.23860879    0.00000000    0.82094711    0.96071454    1.04725822    1.13731322    1.08699999    0.96235292
C3ZBV3_BRAFL/1-93     0.76920083    0.99615677    0.71791683    0.75857354    0.87111142    0.74884286    0.85395893    0.80230407    0.81536361    0.83635176    0.81069191    0.83696020    0.83216996    0.74719813    0.81668114    0.86968762    0.82094711    0.00000000    0.97512101    0.91394942    1.12005662    1.12264246    0.93342411
B3RLD3_TRIAD/13-101     0.97144551    1.10752808    0.98574936    1.11203553    1.09776535    0.88157241    1.15274298    0.97700835    0.90221670    0.93545533    0.94201491    0.92244619    1.00909772    0.87253955    0.90221157    0.96131768    0.96071454    0.97512101    0.00000000    0.97459849    1.19710440    1.29108429    0.99505402
A7S9N8_NEMVE/9-97     0.97069597    1.01284590    1.10311017    1.00425476    0.92160467    1.05238857    1.10485965    0.98255152    1.09033103    0.98195736    1.08200980    1.05438422    1.15534703    1.00595354    1.06125878    1.04819415    1.04725822    0.91394942    0.97459849    0.00000000    1.13024931    1.12050923    0.91906799
A0A1I7VQE8_LOALO/27-111     1.08870602    1.29257025    1.11701589    1.12242129    1.03687333    1.11195827    0.94350395    0.99186808    1.04955557    0.99091527    0.97584302    1.13213149    1.18198142    1.19289739    1.16851593    1.14749222    1.13731322    1.12005662    1.19710440    1.13024931    0.00000000    1.03987479    1.15878391
E5S5E0_TRISP/811-899     1.20449160    1.14424729    1.07415449    0.97739298    1.05854763    0.91225269    1.14148476    1.01766676    1.04082957    0.96885233    1.00405988    0.95519184    1.03289291    1.03599891    1.08112903    1.03363936    1.08699999    1.12264246    1.29108429    1.12050923    1.03987479    0.00000000    1.03687184
T1KF06_TETUR/33-126     0.86697177    0.82445874    0.97392856    1.11475924    1.07676663    0.96495968    1.00419213    0.95794522    1.05976826    1.06594055    1.02677326    0.94067680    0.96237515    0.91038237    0.97938538    0.93926518    0.96235292    0.93342411    0.99505402    0.91906799    1.15878391    1.03687184    0.00000000

