15
Q29SA9_MOUSE/1299-1601     0.00000000    0.30387175    0.36450740    0.37339182    0.55729559    0.61684927    0.98558446    0.86963392    1.39425624    1.63139323    1.72133652    1.61785725    1.67852874    1.74352779    1.83976056
F6X2N7_HORSE/1459-1767     0.30387175    0.00000000    0.23784871    0.22194715    0.35941083    0.52695330    0.87334173    0.83704799    1.49661992    1.87380373    1.77629351    1.62989423    1.80644455    1.79005745    2.03078313
G1P2R1_MYOLU/1009-1313     0.36450740    0.23784871    0.00000000    0.34414223    0.45052734    0.61485943    0.91996555    0.90888278    1.53264195    1.74451085    1.68658510    1.54346908    1.76852233    1.73533866    1.98295668
G1SCS7_RABIT/1429-1737     0.37339182    0.22194715    0.34414223    0.00000000    0.44538949    0.52895912    0.77465244    0.78632583    1.40824282    1.92553880    1.75290389    1.63260297    1.81562241    1.77738469    2.01618714
G3W521_SARHA/1397-1709     0.55729559    0.35941083    0.45052734    0.44538949    0.00000000    0.46311555    0.66593696    0.71171553    1.42721166    1.62567564    1.61508261    1.42902013    1.52563185    1.54761990    1.75745568
G1NIH8_MELGA/1247-1554     0.61684927    0.52695330    0.61485943    0.52895912    0.46311555    0.00000000    0.65014600    0.71052919    1.40645830    1.57720374    1.54449560    1.43554637    1.50944118    1.50461616    1.70168447
H3AYC7_LATCH/1270-1579     0.98558446    0.87334173    0.91996555    0.77465244    0.66593696    0.65014600    0.00000000    0.57033882    1.24710845    1.50618133    1.58000064    1.36334161    1.35970333    1.49276403    1.70850366
W5M4W2_LEPOC/1303-1606     0.86963392    0.83704799    0.90888278    0.78632583    0.71171553    0.71052919    0.57033882    0.00000000    0.94800771    1.40823847    1.38285700    1.24369446    1.23500817    1.39354263    1.70013894
G3PPX7_GASAC/1297-1593     1.39425624    1.49661992    1.53264195    1.40824282    1.42721166    1.40645830    1.24710845    0.94800771    0.00000000    1.68593540    1.66671362    1.63363541    1.45665384    1.70539150    1.84830053
W5K5J4_ASTMX/1057-1351     1.63139323    1.87380373    1.74451085    1.92553880    1.62567564    1.57720374    1.50618133    1.40823847    1.68593540    0.00000000    0.48038182    0.46860182    0.55445048    0.68429273    0.93439403
H2MPN6_ORYLA/943-1228     1.72133652    1.77629351    1.68658510    1.75290389    1.61508261    1.54449560    1.58000064    1.38285700    1.66671362    0.48038182    0.00000000    0.50715066    0.63021723    0.76306346    0.93313531
W5M795_LEPOC/1068-1367     1.61785725    1.62989423    1.54346908    1.63260297    1.42902013    1.43554637    1.36334161    1.24369446    1.63363541    0.46860182    0.50715066    0.00000000    0.44841625    0.58483497    0.90029089
W5LRA6_ASTMX/847-1090     1.67852874    1.80644455    1.76852233    1.81562241    1.52563185    1.50944118    1.35970333    1.23500817    1.45665384    0.55445048    0.63021723    0.44841625    0.00000000    0.75578118    0.90320552
H3BI44_LATCH/830-1137     1.74352779    1.79005745    1.73533866    1.77738469    1.54761990    1.50461616    1.49276403    1.39354263    1.70539150    0.68429273    0.76306346    0.58483497    0.75578118    0.00000000    0.91241360
G3WAD1_SARHA/925-1229     1.83976056    2.03078313    1.98295668    2.01618714    1.75745568    1.70168447    1.70850366    1.70013894    1.84830053    0.93439403    0.93313531    0.90029089    0.90320552    0.91241360    0.00000000

