19
J9P708_CANLF/6-119     0.00000000    0.36026430    0.35236353    0.56007179    0.37828126    0.32257115    0.55038513    1.20874993    0.82429575    1.75340190    1.69073436    0.85922622    0.95215614    0.77928263    0.75086073    0.85551482    0.82298137    0.93542178    0.93522735
NPB_HUMAN/6-124     0.36026430    0.00000000    0.40917319    0.63680860    0.40606979    0.37222782    0.57752764    1.32696214    0.88420017    2.19861119    1.80678544    0.95251346    1.00021339    0.80088213    0.81754021    0.90985910    0.81271766    1.00255158    1.00348805
NPB_BOVIN/6-122     0.35236353    0.40917319    0.00000000    0.53896811    0.40216352    0.41886915    0.60464589    1.35738979    0.87982369    2.08717089    1.81448089    0.99712487    0.92181340    0.72640581    0.75823072    0.85250991    0.82627628    0.98424362    1.01426776
NPB_MOUSE/6-118     0.56007179    0.63680860    0.53896811    0.00000000    0.44563693    0.52354508    0.73046778    1.16554382    1.02727104    2.60258434    2.02577709    1.12946079    1.08658055    0.84858994    0.87168166    1.00443167    0.95398847    0.99508069    1.06505058
I3N803_ICTTR/6-125     0.37828126    0.40606979    0.40216352    0.44563693    0.00000000    0.36372242    0.56234750    1.36490743    0.84515660    2.04451019    1.87219671    0.94806186    0.96060807    0.74463971    0.82483302    0.82593828    0.79657086    0.88854043    0.90324159
L9KZH7_TUPCH/67-179     0.32257115    0.37222782    0.41886915    0.52354508    0.36372242    0.00000000    0.50603773    1.17777604    0.73301602    1.79281447    1.62399132    0.81627372    0.87752031    0.64365531    0.72559091    0.81062182    0.71219232    0.86125788    0.86531695
F6Q0F4_MONDO/12-121     0.55038513    0.57752764    0.60464589    0.73046778    0.56234750    0.50603773    0.00000000    1.15353558    0.77603918    2.05147144    1.84406534    0.74015054    0.76669967    0.56754311    0.60298714    0.57459760    0.52844682    0.59461307    0.65431993
A0A1L1RZX6_CHICK/5-118     1.20874993    1.32696214    1.35738979    1.16554382    1.36490743    1.17777604    1.15353558    0.00000000    1.24716704    1.97215774    2.06542848    1.29088584    1.33043123    1.19356340    1.17956206    1.37698389    1.35698903    1.44760606    1.28899140
H3CWM5_TETNG/5-118     0.82429575    0.88420017    0.87982369    1.02727104    0.84515660    0.73301602    0.77603918    1.24716704    0.00000000    1.76531374    1.58280550    0.50583739    0.66002052    0.71430954    0.75368160    0.75084041    0.82283666    0.73232092    0.80469523
G3HBQ6_CRIGR/18-141     1.75340190    2.19861119    2.08717089    2.60258434    2.04451019    1.79281447    2.05147144    1.97215774    1.76531374    0.00000000    0.34803703    2.16429814    1.73810154    2.06843930    2.17874556    2.14793536    2.36880352    2.54122570    2.52499905
NPW_RAT/24-145     1.69073436    1.80678544    1.81448089    2.02577709    1.87219671    1.62399132    1.84406534    2.06542848    1.58280550    0.34803703    0.00000000    1.91962783    1.98907472    2.08698544    2.05260417    2.21757275    2.21243300    2.22962162    2.16287027
G3PAY3_GASAC/10-126     0.85922622    0.95251346    0.99712487    1.12946079    0.94806186    0.81627372    0.74015054    1.29088584    0.50583739    2.16429814    1.91962783    0.00000000    0.43667164    0.66058530    0.66015862    0.68223448    0.68374745    0.67166191    0.75705166
I3JCQ7_ORENI/8-127     0.95215614    1.00021339    0.92181340    1.08658055    0.96060807    0.87752031    0.76669967    1.33043123    0.66002052    1.73810154    1.98907472    0.43667164    0.00000000    0.61203954    0.60198841    0.59733760    0.83712378    0.71934207    0.84901789
H3ABD7_LATCH/11-130     0.77928263    0.80088213    0.72640581    0.84858994    0.74463971    0.64365531    0.56754311    1.19356340    0.71430954    2.06843930    2.08698544    0.66058530    0.61203954    0.00000000    0.22321753    0.36879785    0.34886721    0.34517668    0.47306411
W5N488_LEPOC/8-130     0.75086073    0.81754021    0.75823072    0.87168166    0.82483302    0.72559091    0.60298714    1.17956206    0.75368160    2.17874556    2.05260417    0.66015862    0.60198841    0.22321753    0.00000000    0.36956934    0.45044001    0.44957288    0.49264138
B0V3W0_DANRE/8-135     0.85551482    0.90985910    0.85250991    1.00443167    0.82593828    0.81062182    0.57459760    1.37698389    0.75084041    2.14793536    2.21757275    0.68223448    0.59733760    0.36879785    0.36956934    0.00000000    0.36212608    0.41214477    0.47953898
Q4S001_TETNG/8-128     0.82298137    0.81271766    0.82627628    0.95398847    0.79657086    0.71219232    0.52844682    1.35698903    0.82283666    2.36880352    2.21243300    0.68374745    0.83712378    0.34886721    0.45044001    0.36212608    0.00000000    0.23771883    0.26330453
M4AES7_XIPMA/10-131     0.93542178    1.00255158    0.98424362    0.99508069    0.88854043    0.86125788    0.59461307    1.44760606    0.73232092    2.54122570    2.22962162    0.67166191    0.71934207    0.34517668    0.44957288    0.41214477    0.23771883    0.00000000    0.26247807
H2M9F7_ORYLA/8-129     0.93522735    1.00348805    1.01426776    1.06505058    0.90324159    0.86531695    0.65431993    1.28899140    0.80469523    2.52499905    2.16287027    0.75705166    0.84901789    0.47306411    0.49264138    0.47953898    0.26330453    0.26247807    0.00000000

