14
W5Q1H5_SHEEP/1-450     0.00000000    0.46366558    0.50281135    0.73632550    0.63995781    1.51794326    1.54489151    1.57088558    1.61264428    1.62592520    0.47321591    0.44604179    0.39816604    0.35262414
F6ZE52_MONDO/1-469     0.46366558    0.00000000    0.33690209    0.49112972    0.42653267    1.55695120    1.54080138    1.50027281    1.55556346    1.52161568    0.46177464    0.47134967    0.41082225    0.37233530
F7CS75_ORNAN/1-487     0.50281135    0.33690209    0.00000000    0.47978180    0.43727120    1.50472106    1.49493756    1.50563401    1.55685217    1.52254051    0.46381843    0.47324221    0.39752238    0.35765598
G1KH26_ANOCA/1-454     0.73632550    0.49112972    0.47978180    0.00000000    0.40914591    1.60609332    1.51848892    1.54741848    1.61212557    1.58655656    0.66903415    0.66893060    0.52599592    0.49734852
F1P375_CHICK/1-483     0.63995781    0.42653267    0.43727120    0.40914591    0.00000000    1.58893455    1.42969377    1.47743338    1.51323130    1.44422327    0.59473241    0.57566745    0.52038222    0.43980146
H0VGY4_CAVPO/1-442     1.51794326    1.55695120    1.50472106    1.60609332    1.58893455    0.00000000    0.52386550    0.77182756    0.56108179    0.54836932    1.58705508    1.43293341    1.49380964    1.49173345
D3ZII1_RAT/1-435     1.54489151    1.54080138    1.49493756    1.51848892    1.42969377    0.52386550    0.00000000    0.51007930    0.34040720    0.24825994    1.56977482    1.56886612    1.52889446    1.44961378
H3B6W1_LATCH/1-450     1.57088558    1.50027281    1.50563401    1.54741848    1.47743338    0.77182756    0.51007930    0.00000000    0.55162331    0.45031757    1.60373371    1.58562371    1.58714416    1.50966067
G1P3P4_MYOLU/1-441     1.61264428    1.55556346    1.55685217    1.61212557    1.51323130    0.56108179    0.34040720    0.55162331    0.00000000    0.22785682    1.67642883    1.63308488    1.58850489    1.55707727
M3X6L4_FELCA/1-438     1.62592520    1.52161568    1.52254051    1.58655656    1.44422327    0.54836932    0.24825994    0.45031757    0.22785682    0.00000000    1.63149761    1.57247765    1.56066239    1.50229925
RFTN1_MOUSE/1-473     0.47321591    0.46177464    0.46381843    0.66903415    0.59473241    1.58705508    1.56977482    1.60373371    1.67642883    1.63149761    0.00000000    0.41788720    0.40238545    0.30233887
G1TAE5_RABIT/1-451     0.44604179    0.47134967    0.47324221    0.66893060    0.57566745    1.43293341    1.56886612    1.58562371    1.63308488    1.57247765    0.41788720    0.00000000    0.33050225    0.29277349
L8Y430_TUPCH/1-459     0.39816604    0.41082225    0.39752238    0.52599592    0.52038222    1.49380964    1.52889446    1.58714416    1.58850489    1.56066239    0.40238545    0.33050225    0.00000000    0.22053247
G3R0K1_GORGO/1-471     0.35262414    0.37233530    0.35765598    0.49734852    0.43980146    1.49173345    1.44961378    1.50966067    1.55707727    1.50229925    0.30233887    0.29277349    0.22053247    0.00000000

