9
F1RNT4_PIG/1-130     0.00000000    0.85481879    1.20119994    1.10657976    1.01437518    1.09720369    1.31199466    1.87087146    1.74085595
C7G0W1_CANLF/24-153     0.85481879    0.00000000    0.68073109    0.79203556    0.64043002    0.86161185    1.08206250    1.76857339    1.67735032
L5KU08_PTEAL/98-222     1.20119994    0.68073109    0.00000000    1.11255700    0.99777029    1.09319097    1.32153831    1.81348549    1.74457832
G3TH07_LOXAF/24-155     1.10657976    0.79203556    1.11255700    0.00000000    0.67066688    0.78329981    1.06549718    1.86717368    2.01164527
IL31_HUMAN/24-154     1.01437518    0.64043002    0.99777029    0.67066688    0.00000000    0.57796314    0.96565005    1.60433550    1.59191887
H0XUM2_OTOGA/24-153     1.09720369    0.86161185    1.09319097    0.78329981    0.57796314    0.00000000    0.93839539    1.52193343    1.45666743
L9KRF6_TUPCH/63-194     1.31199466    1.08206250    1.32153831    1.06549718    0.96565005    0.93839539    0.00000000    1.60517899    1.55383768
D3ZIP0_RAT/58-187     1.87087146    1.76857339    1.81348549    1.86717368    1.60433550    1.52193343    1.60517899    0.00000000    0.50612798
IL31_MOUSE/28-158     1.74085595    1.67735032    1.74457832    2.01164527    1.59191887    1.45666743    1.55383768    0.50612798    0.00000000

