29
D2AT57_STRRD/119-230     0.00000000    0.38522112    1.35409216    1.40217707    1.28709789    1.49619428    1.70284904    1.47129663    1.42905911    1.67138062    1.52509219    2.55705752    2.25998587    2.02708857    2.06997009    2.03067620    3.01155257    2.24921966    2.70023896    2.36685305    4.55083400    3.83667071    5.33784505    3.86906849    4.26997052    2.05670893    1.17519572    1.23265150    1.00934293
D6Y773_THEBD/289-400     0.38522112    0.00000000    1.44903488    1.41413997    1.32199377    1.34820009    1.70808487    1.60769518    1.61371407    1.83149202    1.59709044    2.21205538    1.96186050    2.23399332    2.20175371    2.13476669    3.26773852    2.48211030    2.58757801    2.25602758    4.29327873    3.51890946    5.19520745    3.75737610    4.06528002    2.24670705    1.23826446    1.26548281    1.07473935
F4F6A0_MICM1/857-983     1.35409216    1.44903488    0.00000000    0.59953514    0.83333600    0.80240487    2.03059771    1.81575145    1.89659041    2.05583085    1.88905730    2.34006120    2.57462728    2.10463754    2.93786304    2.59499450    4.15109282    3.61923236    2.68891140    2.85890393    3.48502445    3.54826820    3.24143240    3.64225160    3.22621032    1.90403641    1.75378250    1.46139344    1.41202786
D9TC04_MICAI/784-912     1.40217707    1.41413997    0.59953514    0.00000000    0.75066282    0.84696796    1.92803666    1.93303200    1.88667507    1.95002372    1.88330759    2.58665191    2.33447640    1.96030410    3.47055248    3.09023122    4.14972863    3.38612702    2.53553020    2.52354270    3.86909230    3.57283339    3.36379688    3.51812650    3.72647835    1.98583955    1.68963295    1.56383101    1.39299031
R4M122_9ACTN/808-932     1.28709789    1.32199377    0.83333600    0.75066282    0.00000000    0.83282962    2.16476676    2.14233264    2.18523391    2.33771038    1.93337258    2.34603759    2.10777132    1.96325310    2.93208467    2.68160841    3.75661888    2.91851728    2.64452823    2.51981046    3.33734523    3.29665074    3.39077321    3.06805646    3.48539890    1.97821931    1.74305787    1.47033099    1.46496596
R4M122_9ACTN/1214-1341     1.49619428    1.34820009    0.80240487    0.84696796    0.83282962    0.00000000    2.01143469    2.03839089    2.30622843    2.24021712    2.26756317    2.84473129    2.43767261    1.88113212    2.71112344    2.55205050    3.20913457    3.15084783    2.50295827    2.60916614    3.90520221    3.54395518    3.54895253    3.71399427    3.40733802    2.09246784    1.71936930    1.53801926    1.32388818
F4F232_MICM1/2229-2372     1.70284904    1.70808487    2.03059771    1.92803666    2.16476676    2.01143469    0.00000000    0.56758818    0.69710532    1.23549398    0.98436310    2.52336560    3.25279145    2.51997532    2.65063505    2.68092095    3.25058255    3.04718383    2.30116095    2.36838724    4.63914543    4.15621736    5.33654885    5.17064248    4.53290116    2.28356458    1.91832841    1.98281256    2.05590908
F4F232_MICM1/1895-2038     1.47129663    1.60769518    1.81575145    1.93303200    2.14233264    2.03839089    0.56758818    0.00000000    0.49613760    1.12102495    0.90962095    2.30972585    2.62896322    2.56910363    2.59813817    2.38930740    3.86570059    3.22313731    2.56772438    2.49253374    4.37212165    3.75093804    4.67360932    4.13505753    3.48478776    2.01464454    1.97445517    1.63002780    1.66938690
A4X268_SALTO/1601-1744     1.42905911    1.61371407    1.89659041    1.88667507    2.18523391    2.30622843    0.69710532    0.49613760    0.00000000    1.31200815    1.04095209    2.47895934    3.02505132    2.35394716    2.89191398    2.67743514    3.94915379    3.19779904    2.43879477    2.32070020    4.22529018    3.59050874    4.01597903    3.82718991    3.67993623    2.07770380    1.99646613    1.71531430    1.70984319
H6QZY2_NOCCG/783-918     1.67138062    1.83149202    2.05583085    1.95002372    2.33771038    2.24021712    1.23549398    1.12102495    1.31200815    0.00000000    1.13968831    2.79674396    2.91077083    2.20118162    2.74438029    2.80710619    4.19532991    3.30928491    2.91606230    2.98304915    4.25285837    3.28788681    3.93890177    4.15053038    4.14882024    2.20336906    2.71700425    2.01994524    1.91246894
H6R1H6_NOCCG/1342-1476     1.52509219    1.59709044    1.88905730    1.88330759    1.93337258    2.26756317    0.98436310    0.90962095    1.04095209    1.13968831    0.00000000    2.09157632    2.88131200    2.54392528    2.77211800    2.48257960    3.46861148    3.52884968    2.24894712    2.24482897    4.04682837    3.31025072    4.04121493    3.05806155    2.81205956    2.42901914    1.90402772    1.56604786    1.47963163
D2Q4J2_KRIFD/978-1113     2.55705752    2.21205538    2.34006120    2.58665191    2.34603759    2.84473129    2.52336560    2.30972585    2.47895934    2.79674396    2.09157632    0.00000000    2.48727023    3.18455622    2.63048046    3.38136484    3.72502177    2.92358092    2.61497407    2.52989309    4.25767039    3.36471611    3.97650930    3.80695952    3.72472620    1.93898154    2.02074064    2.18011640    2.04509330
W0HNZ4_9GAMM/234-336     2.25998587    1.96186050    2.57462728    2.33447640    2.10777132    2.43767261    3.25279145    2.62896322    3.02505132    2.91077083    2.88131200    2.48727023    0.00000000    2.27986278    2.59120767    2.55947795    3.42025949    3.21905307    2.39194141    2.32808527    3.07247725    3.24803575    2.90108393    3.30186800    3.76916896    1.50817768    2.22439134    2.13553995    1.65137871
A4F7A8_SACEN/875-978     2.02708857    2.23399332    2.10463754    1.96030410    1.96325310    1.88113212    2.51997532    2.56910363    2.35394716    2.20118162    2.54392528    3.18455622    2.27986278    0.00000000    1.59324602    1.90044627    2.02759529    1.93089057    1.94479530    1.76551343    2.85371949    2.69151154    2.94461054    3.05239461    3.18440484    1.45417226    2.22390340    1.93511134    1.73523563
A4FKX4_SACEN/95-198     2.06997009    2.20175371    2.93786304    3.47055248    2.93208467    2.71112344    2.65063505    2.59813817    2.89191398    2.74438029    2.77211800    2.63048046    2.59120767    1.59324602    0.00000000    0.84898680    0.90219938    0.70347167    2.92763429    2.81450685    2.97573639    2.54213594    3.36169108    4.56098756    4.83919652    1.99068956    2.49116219    2.60399680    2.25060907
A4FIB0_SACEN/97-200     2.03067620    2.13476669    2.59499450    3.09023122    2.68160841    2.55205050    2.68092095    2.38930740    2.67743514    2.80710619    2.48257960    3.38136484    2.55947795    1.90044627    0.84898680    0.00000000    0.94714699    0.82722452    2.70809285    3.02435518    2.10147323    1.88218403    2.34562336    3.28737471    3.33652903    2.17654507    2.69289797    3.41060970    2.30490792
C6WKK9_ACTMD/96-199     3.01155257    3.26773852    4.15109282    4.14972863    3.75661888    3.20913457    3.25058255    3.86570059    3.94915379    4.19532991    3.46861148    3.72502177    3.42025949    2.02759529    0.90219938    0.94714699    0.00000000    0.46038666    3.32888389    3.70548633    3.94541041    3.60592858    4.39889580    6.02729270    6.59313477    2.96669699    3.57717158    3.39122483    3.03202264
K0KBP0_SACES/98-200     2.24921966    2.48211030    3.61923236    3.38612702    2.91851728    3.15084783    3.04718383    3.22313731    3.19779904    3.30928491    3.52884968    2.92358092    3.21905307    1.93089057    0.70347167    0.82722452    0.46038666    0.00000000    3.20223845    3.06796751    2.77391925    2.58333073    3.52006768    4.79262876    5.29606165    2.44597109    2.72416321    3.23448393    3.01215030
R4TEQ1_9PSEU/1842-1944     2.70023896    2.58757801    2.68891140    2.53553020    2.64452823    2.50295827    2.30116095    2.56772438    2.43879477    2.91606230    2.24894712    2.61497407    2.39194141    1.94479530    2.92763429    2.70809285    3.32888389    3.20223845    0.00000000    0.42440368    2.76498634    2.42026591    2.84139598    3.00971025    3.11165604    2.31959200    2.24525166    2.20423659    2.13109113
G0G1E2_AMYMS/983-1086     2.36685305    2.25602758    2.85890393    2.52354270    2.51981046    2.60916614    2.36838724    2.49253374    2.32070020    2.98304915    2.24482897    2.52989309    2.32808527    1.76551343    2.81450685    3.02435518    3.70548633    3.06796751    0.42440368    0.00000000    2.58575615    2.33918661    2.92900003    2.85189888    2.87648264    2.52939085    2.54297420    2.35087455    2.38521970
R6ASM1_9BACT/311-418     4.55083400    4.29327873    3.48502445    3.86909230    3.33734523    3.90520221    4.63914543    4.37212165    4.22529018    4.25285837    4.04682837    4.25767039    3.07247725    2.85371949    2.97573639    2.10147323    3.94541041    2.77391925    2.76498634    2.58575615    0.00000000    0.63252191    1.54646607    2.15994029    2.50878881    3.24976892    4.01980457    4.31532597    5.23208675
R7J296_9BACT/349-459     3.83667071    3.51890946    3.54826820    3.57283339    3.29665074    3.54395518    4.15621736    3.75093804    3.59050874    3.28788681    3.31025072    3.36471611    3.24803575    2.69151154    2.54213594    1.88218403    3.60592858    2.58333073    2.42026591    2.33918661    0.63252191    0.00000000    1.85191094    2.12568147    2.45058359    2.90882143    3.93036759    3.48233341    3.57190484
F3ZZG2_MAHA5/396-507     5.33784505    5.19520745    3.24143240    3.36379688    3.39077321    3.54895253    5.33654885    4.67360932    4.01597903    3.93890177    4.04121493    3.97650930    2.90108393    2.94461054    3.36169108    2.34562336    4.39889580    3.52006768    2.84139598    2.92900003    1.54646607    1.85191094    0.00000000    1.80366810    1.91588636    3.55920102    4.15827505    4.20315096    4.69941905
R5CVE7_9BACT/324-442     3.86906849    3.75737610    3.64225160    3.51812650    3.06805646    3.71399427    5.17064248    4.13505753    3.82718991    4.15053038    3.05806155    3.80695952    3.30186800    3.05239461    4.56098756    3.28737471    6.02729270    4.79262876    3.00971025    2.85189888    2.15994029    2.12568147    1.80366810    0.00000000    0.59520031    4.05874053    4.32142726    4.74595637    4.10183849
R5WHH7_9BACT/315-433     4.26997052    4.06528002    3.22621032    3.72647835    3.48539890    3.40733802    4.53290116    3.48478776    3.67993623    4.14882024    2.81205956    3.72472620    3.76916896    3.18440484    4.83919652    3.33652903    6.59313477    5.29606165    3.11165604    2.87648264    2.50878881    2.45058359    1.91588636    0.59520031    0.00000000    3.55309248    3.92342639    4.41175853    4.27841193
A4FIA9_SACEN/431-533     2.05670893    2.24670705    1.90403641    1.98583955    1.97821931    2.09246784    2.28356458    2.01464454    2.07770380    2.20336906    2.42901914    1.93898154    1.50817768    1.45417226    1.99068956    2.17654507    2.96669699    2.44597109    2.31959200    2.52939085    3.24976892    2.90882143    3.55920102    4.05874053    3.55309248    0.00000000    2.48405543    2.16876217    2.09513625
E4NDB8_KITSK/872-976     1.17519572    1.23826446    1.75378250    1.68963295    1.74305787    1.71936930    1.91832841    1.97445517    1.99646613    2.71700425    1.90402772    2.02074064    2.22439134    2.22390340    2.49116219    2.69289797    3.57717158    2.72416321    2.24525166    2.54297420    4.01980457    3.93036759    4.15827505    4.32142726    3.92342639    2.48405543    0.00000000    1.46997508    1.24243744
A4X268_SALTO/961-1066     1.23265150    1.26548281    1.46139344    1.56383101    1.47033099    1.53801926    1.98281256    1.63002780    1.71531430    2.01994524    1.56604786    2.18011640    2.13553995    1.93511134    2.60399680    3.41060970    3.39122483    3.23448393    2.20423659    2.35087455    4.31532597    3.48233341    4.20315096    4.74595637    4.41175853    2.16876217    1.46997508    0.00000000    0.56682809
F4F232_MICM1/1215-1318     1.00934293    1.07473935    1.41202786    1.39299031    1.46496596    1.32388818    2.05590908    1.66938690    1.70984319    1.91246894    1.47963163    2.04509330    1.65137871    1.73523563    2.25060907    2.30490792    3.03202264    3.01215030    2.13109113    2.38521970    5.23208675    3.57190484    4.69941905    4.10183849    4.27841193    2.09513625    1.24243744    0.56682809    0.00000000

