16
D4ADD9_RAT/36-145     0.00000000    1.05143321    0.71862035    1.23370614    1.38742113    1.46163258    1.44485299    1.39152023    1.44131345    1.43277343    1.24694605    1.04089281    0.41425366    0.64845571    0.49354606    0.56871400
K7E256_MONDO/57-166     1.05143321    0.00000000    0.89309081    1.27485421    1.54217350    1.53662683    1.79411406    1.30630452    1.44165745    1.60125564    1.40069641    1.14002670    0.78526249    1.06980178    0.92975497    0.82117994
F7CM08_ORNAN/32-141     0.71862035    0.89309081    0.00000000    1.02230491    1.10933344    1.28348564    1.33802455    1.09124749    1.17970513    1.10504682    0.97561337    0.73324063    0.61612735    0.77292594    0.69510057    0.61366645
M3XHB5_LATCH/34-141     1.23370614    1.27485421    1.02230491    0.00000000    1.04796441    1.50009194    1.53578897    1.01215156    1.02497224    0.98499451    0.86962336    1.17229480    1.01184857    1.13992973    1.10646555    1.08718399
W5M604_LEPOC/32-141     1.38742113    1.54217350    1.10933344    1.04796441    0.00000000    0.79419913    0.96856795    1.15345748    1.22537046    1.03429442    1.03391379    1.15823388    1.15663475    1.36241678    1.36940347    1.37253528
W5KLM2_ASTMX/28-137     1.46163258    1.53662683    1.28348564    1.50009194    0.79419913    0.00000000    0.69061943    1.41610516    1.32336809    1.14911489    1.27027441    1.53518212    1.19673329    1.53003109    1.40430017    1.33688083
F1QMT3_DANRE/58-167     1.44485299    1.79411406    1.33802455    1.53578897    0.96856795    0.69061943    0.00000000    1.39434568    1.44098501    1.42683464    1.41217742    1.57589829    1.37437328    1.55217756    1.44656749    1.38850420
F6UXQ4_CIOIN/19-128     1.39152023    1.30630452    1.09124749    1.01215156    1.15345748    1.41610516    1.39434568    0.00000000    0.88820074    0.81651964    0.79421497    1.26042122    1.12925474    1.31414800    1.31344434    1.18056798
B3RQM7_TRIAD/49-158     1.44131345    1.44165745    1.17970513    1.02497224    1.22537046    1.32336809    1.44098501    0.88820074    0.00000000    0.81346367    0.67262504    1.33131409    1.18014330    1.30729612    1.26063457    1.22190944
C3ZX22_BRAFL/29-138     1.43277343    1.60125564    1.10504682    0.98499451    1.03429442    1.14911489    1.42683464    0.81651964    0.81346367    0.00000000    0.57891008    1.30789172    1.16877296    1.34165405    1.29646179    1.11737689
K1PW16_CRAGI/40-149     1.24694605    1.40069641    0.97561337    0.86962336    1.03391379    1.27027441    1.41217742    0.79421497    0.67262504    0.57891008    0.00000000    1.18584057    1.15732168    1.19786756    1.28025908    1.18908385
G1KI26_ANOCA/1-110     1.04089281    1.14002670    0.73324063    1.17229480    1.15823388    1.53518212    1.57589829    1.26042122    1.33131409    1.30789172    1.18584057    0.00000000    0.89119815    0.92296517    1.05749823    0.88807108
CJ067_HUMAN/70-179     0.41425366    0.78526249    0.61612735    1.01184857    1.15663475    1.19673329    1.37437328    1.12925474    1.18014330    1.16877296    1.15732168    0.89119815    0.00000000    0.36670943    0.27552943    0.24845188
H0X040_OTOGA/19-128     0.64845571    1.06980178    0.77292594    1.13992973    1.36241678    1.53003109    1.55217756    1.31414800    1.30729612    1.34165405    1.19786756    0.92296517    0.36670943    0.00000000    0.37965587    0.39472841
G1PFB3_MYOLU/17-126     0.49354606    0.92975497    0.69510057    1.10646555    1.36940347    1.40430017    1.44656749    1.31344434    1.26063457    1.29646179    1.28025908    1.05749823    0.27552943    0.37965587    0.00000000    0.31160807
G3T342_LOXAF/11-119     0.56871400    0.82117994    0.61366645    1.08718399    1.37253528    1.33688083    1.38850420    1.18056798    1.22190944    1.11737689    1.18908385    0.88807108    0.24845188    0.39472841    0.31160807    0.00000000

