6
PRR33_MOUSE/6-259     0.00000000    0.57090418    0.54296563    0.74288641    1.90107075    1.72960827
L9LDU3_TUPCH/195-449     0.57090418    0.00000000    0.40515797    0.60557017    1.83593878    1.52455697
PRR33_HUMAN/63-330     0.54296563    0.40515797    0.00000000    0.54248099    1.84125608    1.58619701
G3UKN2_LOXAF/6-263     0.74288641    0.60557017    0.54248099    0.00000000    1.88655966    1.68496325
H3BWG8_TETNG/28-359     1.90107075    1.83593878    1.84125608    1.88655966    0.00000000    1.25814629
H3API4_LATCH/3-283     1.72960827    1.52455697    1.58619701    1.68496325    1.25814629    0.00000000

