6
PTCRA_RAT/20-147     0.00000000    0.35944059    0.70005595    0.54939768    0.49905415    0.38393287
A0A2I3G3P5_NOMLE/20-146     0.35944059    0.00000000    0.64513158    0.60858826    0.36717897    0.29405138
G3WD30_SARHA/20-145     0.70005595    0.64513158    0.00000000    0.75373296    0.65531934    0.56635227
H0VKD6_CAVPO/20-141     0.54939768    0.60858826    0.75373296    0.00000000    0.55904447    0.57485829
M3YPD2_MUSPF/40-162     0.49905415    0.36717897    0.65531934    0.55904447    0.00000000    0.33336827
PTCRA_BOVIN/31-157     0.38393287    0.29405138    0.56635227    0.57485829    0.33336827    0.00000000

