9
W5PJZ3_SHEEP/3-98     0.00000000    0.63802257    0.30920531    0.58821987    0.56378534    0.56348464    2.04274443    2.03885211    2.07928488
G1TM33_RABIT/3-98     0.63802257    0.00000000    0.32965014    0.51119791    0.57306133    0.60744453    1.82120195    1.87925981    1.72753423
F7DPH5_HORSE/3-98     0.30920531    0.32965014    0.00000000    0.35660567    0.37011899    0.38008650    1.80892656    2.03358141    1.82888377
L8YB08_TUPCH/3-96     0.58821987    0.51119791    0.35660567    0.00000000    0.48357426    0.59580969    1.76595040    2.04887367    2.00099713
G5B2X8_HETGA/3-98     0.56378534    0.57306133    0.37011899    0.48357426    0.00000000    0.48601166    1.81668252    2.08340816    1.85766431
GON7_MOUSE/3-96     0.56348464    0.60744453    0.38008650    0.59580969    0.48601166    0.00000000    1.46095602    1.80571553    1.79163304
H3C9Z5_TETNG/12-99     2.04274443    1.82120195    1.80892656    1.76595040    1.81668252    1.46095602    0.00000000    1.27747946    1.19735177
Q5TZA4_DANRE/6-99     2.03885211    1.87925981    2.03358141    2.04887367    2.08340816    1.80571553    1.27747946    0.00000000    1.14530605
W5N664_LEPOC/6-101     2.07928488    1.72753423    1.82888377    2.00099713    1.85766431    1.79163304    1.19735177    1.14530605    0.00000000

