13
B4GAH3_DROPE/88-175     0.00000000    1.25026160    1.13852761    1.19422484    0.87920944    0.88771049    0.76177458    0.97497244    0.72956045    1.04177030    0.77985227    0.79983313    0.57120846
B4GAM6_DROPE/66-152     1.25026160    0.00000000    1.13385592    1.32492627    1.14592873    1.14593786    1.00056434    1.29615796    1.17224905    1.52220225    1.16887149    1.17893337    1.20898409
B4LIU9_DROVI/107-194     1.13852761    1.13385592    0.00000000    0.45394750    0.85238327    0.92096530    1.01880974    1.09813650    0.96969929    1.53649023    1.04266913    1.07980814    1.07714646
B4KPB6_DROMO/63-151     1.19422484    1.32492627    0.45394750    0.00000000    0.96675476    0.89959582    1.00212281    1.06497592    1.01154732    1.48402735    0.98405474    1.04983517    1.03711843
B4MQA5_DROWI/18-105     0.87920944    1.14592873    0.85238327    0.96675476    0.00000000    0.55486199    0.45116623    0.55901499    0.67907396    0.89102146    0.66494860    0.70555324    0.67836285
B4I8A9_DROSE/57-143     0.88771049    1.14593786    0.92096530    0.89959582    0.55486199    0.00000000    0.32908645    0.63106584    0.68370021    0.93478913    0.63228307    0.69739021    0.59761344
B3MEI9_DROAN/51-137     0.76177458    1.00056434    1.01880974    1.00212281    0.45116623    0.32908645    0.00000000    0.54284171    0.58355141    1.08247171    0.68171913    0.68746687    0.63416629
B4GLE1_DROPE/60-148     0.97497244    1.29615796    1.09813650    1.06497592    0.55901499    0.63106584    0.54284171    0.00000000    0.82676472    0.97878189    0.84325758    0.86199045    0.80485740
B4MQA4_DROWI/17-103     0.72956045    1.17224905    0.96969929    1.01154732    0.67907396    0.68370021    0.58355141    0.82676472    0.00000000    0.79831763    0.51680072    0.57873528    0.50189849
B4GI67_DROPE/49-134     1.04177030    1.52220225    1.53649023    1.48402735    0.89102146    0.93478913    1.08247171    0.97878189    0.79831763    0.00000000    0.79760328    0.79933310    0.78881093
B4LDN4_DROVI/94-181     0.77985227    1.16887149    1.04266913    0.98405474    0.66494860    0.63228307    0.68171913    0.84325758    0.51680072    0.79760328    0.00000000    0.34419038    0.28914595
B4K3L0_DROGR/96-181     0.79983313    1.17893337    1.07980814    1.04983517    0.70555324    0.69739021    0.68746687    0.86199045    0.57873528    0.79933310    0.34419038    0.00000000    0.24736839
B4K3K9_DROGR/59-146     0.57120846    1.20898409    1.07714646    1.03711843    0.67836285    0.59761344    0.63416629    0.80485740    0.50189849    0.78881093    0.28914595    0.24736839    0.00000000

