14
R6VR94_9BACT/238-304     0.00000000    0.57836730    3.15609009    1.71341690    1.35906837    1.11166412    1.49976140    1.43144356    1.43620755    1.13797752    1.20610707    1.28746091    1.35359602    1.35956769
R6VQ12_9BACT/79-145     0.57836730    0.00000000    2.47449574    1.45194071    1.12678770    1.25311353    1.51850092    1.67570176    1.48187537    1.20314435    1.30918606    1.46221127    1.31047430    1.26096667
A4YMX6_BRASO/45-110     3.15609009    2.47449574    0.00000000    2.19610230    2.19341546    2.24934572    2.36402825    2.47869323    2.98216916    2.85025219    2.92632295    2.92789098    2.78240321    3.12322055
C0ZK58_BREBN/97-161     1.71341690    1.45194071    2.19610230    0.00000000    1.82987257    2.02151811    1.85710192    2.21991151    2.16547914    1.80151488    1.82869016    1.98148599    2.08926185    2.23804109
C7PKA4_CHIPD/39-105     1.35906837    1.12678770    2.19341546    1.82987257    0.00000000    0.52268975    0.81543080    1.57625591    1.64061906    1.24772900    1.29631306    1.30061606    1.35299185    1.38924104
G8TDE4_NIAKG/40-122     1.11166412    1.25311353    2.24934572    2.02151811    0.52268975    0.00000000    0.82465539    1.26975359    1.36921645    1.23195250    1.42063290    1.89322709    1.59474085    1.80057031
B8F9G3_DESAL/68-139     1.49976140    1.51850092    2.36402825    1.85710192    0.81543080    0.82465539    0.00000000    1.15705676    1.53148407    1.56601626    2.00796282    1.91944720    1.85367045    2.19606708
G8TDD9_NIAKG/32-97     1.43144356    1.67570176    2.47869323    2.21991151    1.57625591    1.26975359    1.15705676    0.00000000    2.01865524    1.54091299    1.88117738    1.70589562    1.80171852    1.27100945
B2KDJ6_ELUMP/82-147     1.43620755    1.48187537    2.98216916    2.16547914    1.64061906    1.36921645    1.53148407    2.01865524    0.00000000    2.02772024    1.94806066    2.13458943    2.38806245    1.90488443
R6EVC5_9BACT/79-144     1.13797752    1.20314435    2.85025219    1.80151488    1.24772900    1.23195250    1.56601626    1.54091299    2.02772024    0.00000000    1.30375074    1.21375940    1.38598623    1.54022228
YHHH_ECOLI/60-127     1.20610707    1.30918606    2.92632295    1.82869016    1.29631306    1.42063290    2.00796282    1.88117738    1.94806066    1.30375074    0.00000000    0.55068231    1.67334153    1.73086726
YBBC_ECOLI/55-122     1.28746091    1.46221127    2.92789098    1.98148599    1.30061606    1.89322709    1.91944720    1.70589562    2.13458943    1.21375940    0.55068231    0.00000000    2.05216737    1.69423165
W8F803_9BACT/2-65     1.35359602    1.31047430    2.78240321    2.08926185    1.35299185    1.59474085    1.85367045    1.80171852    2.38806245    1.38598623    1.67334153    2.05216737    0.00000000    1.12180600
J9QSQ3_RIEAN/45-123     1.35956769    1.26096667    3.12322055    2.23804109    1.38924104    1.80057031    2.19606708    1.27100945    1.90488443    1.54022228    1.73086726    1.69423165    1.12180600    0.00000000

