51
D6W7K3_TRICA/57-172     0.00000000    1.56877397    1.89230010    2.02767470    2.01340294    1.84436044    1.90177178    1.94421721    1.94377849    1.83880580    2.18682465    2.11899364    2.13323176    2.03994225    2.45396015    2.01449464    1.55698669    2.01148134    1.63325449    1.62051050    1.51490734    1.59260980    1.21005696    1.20635800    1.31350316    1.13652130    1.30866017    1.34934463    1.06825624    1.29194861    1.44492109    2.01491883    2.14172076    2.00987977    2.06327226    2.53267429    2.11718625    1.78279640    1.83678562    1.93955489    1.89679469    1.25261304    0.79031942    0.69262410    0.89542236    0.84514983    1.03167843    1.05683239    1.04737238    0.92293243    0.78450949
B7PVJ4_IXOSC/82-197     1.56877397    0.00000000    1.47201263    1.77026751    1.69672594    1.78334336    1.61092323    1.61435389    1.64630167    1.74275834    1.59510462    1.41431447    1.51969085    1.42268335    1.61969274    1.30266094    1.16509382    1.52560271    1.40255319    1.53216237    1.61070143    1.60978713    1.68638767    1.79165904    2.05285914    1.63676570    1.72056620    1.69524469    1.87015532    2.00808704    2.34079327    2.08506663    2.58368275    2.24235671    2.26200549    2.80082401    2.16884630    2.15737820    2.18826846    2.15969858    2.10401923    1.67194048    1.59757613    1.53482820    1.90836036    1.75853446    1.62729874    1.87028371    2.05188009    1.83186748    1.82702920
H9IZD9_BOMMO/50-165     1.89230010    1.47201263    0.00000000    0.60322338    0.60366129    0.71606450    0.52824984    0.46092901    0.42170357    0.64007781    1.67595443    1.41868413    1.46968416    1.49423300    1.80862508    1.53252026    1.70139867    1.83103311    2.03078118    2.25383508    2.11668700    2.25769750    2.03138654    1.68307362    1.74799145    1.71631344    1.85674645    1.67458268    1.94656777    2.03477821    2.15446793    2.39676175    2.67747168    2.30283780    2.53230001    2.72907071    2.24319123    1.90839493    1.97386012    2.43805086    2.27888797    1.87750041    1.73330521    1.77054083    1.81852344    1.97408221    1.69948202    2.13226177    2.25016168    1.85142984    1.74074706
W5J6N2_ANODA/116-232     2.02767470    1.77026751    0.60322338    0.00000000    0.32409392    0.63189140    0.67623492    0.65436157    0.70158134    0.80340004    1.80696743    1.70936326    1.76670591    1.71346816    2.09727163    1.76275775    1.95187061    1.99957576    2.42716075    2.52921359    2.43241547    2.53764509    2.10651837    1.93366016    1.83107560    2.00235036    2.05384546    1.95037972    2.21431648    2.17369917    2.36741766    2.66873968    2.85190768    2.67994945    2.91227345    2.73896215    2.60674755    2.11852805    2.10098829    2.48892730    2.19657372    2.04012808    2.10686638    1.94108854    2.15062688    2.09360246    1.96198107    2.19691529    2.59375022    2.19188450    2.21860845
B0XGZ3_CULQU/126-242     2.01340294    1.69672594    0.60366129    0.32409392    0.00000000    0.66789408    0.54620876    0.51461296    0.53283479    0.67028618    1.63697467    1.58489310    1.78527483    1.62555678    1.93851765    1.58060696    1.93698473    2.04138196    2.29179586    2.48820020    2.42123252    2.55338187    2.21677796    1.85447742    1.86415767    1.91572865    1.91748748    1.97254292    2.25585282    2.25430881    2.43484761    2.66206277    3.11868801    2.63266744    2.76332465    2.78558980    2.56159561    1.98228914    2.00453806    2.35623178    2.16529653    1.94838490    2.08181499    1.87452798    2.08075270    2.11538689    1.92270758    2.22733936    2.43425772    2.00381515    2.08948110
B4MB17_DROVI/136-250     1.84436044    1.78334336    0.71606450    0.63189140    0.66789408    0.00000000    0.68201968    0.71472430    0.76921941    0.85023849    1.62738119    1.58040518    1.73721016    1.60043024    2.00863875    1.61159233    2.12235331    2.02344325    2.30799543    2.30854561    2.20940796    2.37939825    2.01892993    1.90228105    1.79493300    1.87847547    1.83840360    1.83797963    2.05943801    1.96188696    2.30024656    2.72279384    2.84276148    2.60031256    2.74075666    2.81404444    2.41550840    2.05784212    2.29632851    2.60595345    2.28306490    1.84751293    1.85496419    1.73869789    1.92064773    1.93534392    1.66671360    2.07541858    2.40729731    1.82793878    1.94570481
E0VWA8_PEDHC/78-193     1.90177178    1.61092323    0.52824984    0.67623492    0.54620876    0.68201968    0.00000000    0.24201773    0.41321400    0.62850363    1.49013494    1.41791312    1.54723968    1.41953039    1.56931905    1.34580557    1.91065689    2.07095263    2.17377872    2.22318337    2.29115996    2.42857390    2.06858913    1.67704067    1.55414455    1.70328400    1.83673291    1.72139769    2.11532790    2.07593745    2.31980826    2.62244020    2.95947469    2.48785914    2.61367176    2.64812083    2.56616515    2.09332236    2.10037515    2.25471769    2.31122434    1.78561390    1.81577136    1.80579071    1.87435063    1.93953001    1.97758636    2.14853839    2.36077119    1.79056780    1.85432645
J9K5K0_ACYPI/62-177     1.94421721    1.61435389    0.46092901    0.65436157    0.51461296    0.71472430    0.24201773    0.00000000    0.31229253    0.55435004    1.58039412    1.34942321    1.56892838    1.37883427    1.75045576    1.32514493    1.91573015    2.03635563    2.20728747    2.33347586    2.44798949    2.60323886    2.01094841    1.69473207    1.66043869    1.71670395    1.93658130    1.69739727    2.04747204    1.96974764    2.36537692    2.56497478    2.92626945    2.50021893    2.58740574    2.78917661    2.60993244    2.07141934    2.06793603    2.57513785    2.40893914    1.82976184    1.86415544    1.81542502    2.02401497    1.97766233    1.99564322    2.36744278    2.39780123    1.89242507    1.84975916
D6W7K2_TRICA/56-171     1.94377849    1.64630167    0.42170357    0.70158134    0.53283479    0.76921941    0.41321400    0.31229253    0.00000000    0.50797505    1.61598120    1.37102411    1.53811221    1.42604320    1.72946416    1.30136784    1.79577624    1.96164304    2.01359808    2.02198488    2.10465852    2.27469326    1.84337186    1.51735104    1.65716625    1.58991817    1.89792973    1.64492030    1.96391298    1.90938007    2.17343954    2.48738995    2.85258670    2.51476283    2.49212592    2.74381275    2.38597928    1.93779747    1.84452820    2.42397462    2.32497903    1.76579845    1.67622775    1.73643895    1.87954825    1.94170777    1.99171511    2.26903567    2.32106558    1.85307742    1.70272566
E2A6L0_CAMFO/62-178     1.83880580    1.74275834    0.64007781    0.80340004    0.67028618    0.85023849    0.62850363    0.55435004    0.50797505    0.00000000    1.74501470    1.33484701    1.51690098    1.42798304    1.83409005    1.42261142    1.93009975    1.90403851    2.28086587    2.20453447    2.30157776    2.38811466    2.02522731    1.69615187    1.80574596    1.88349908    1.90547666    1.70616672    1.98488670    2.07488458    2.19797950    2.38210145    2.79006370    2.36314911    2.51158372    2.65820755    2.36130379    2.01764009    2.06152563    2.49819745    2.20609603    1.59811621    1.66134949    1.71402769    1.92992142    1.76114113    1.83591048    2.09537131    2.21550910    1.74453504    1.77528487
J9K0K0_ACYPI/66-184     2.18682465    1.59510462    1.67595443    1.80696743    1.63697467    1.62738119    1.49013494    1.58039412    1.61598120    1.74501470    0.00000000    1.16900229    1.18869063    1.13322389    1.37946951    1.57277143    2.01400295    2.14034628    2.11460821    1.91821236    2.07177982    1.97924966    1.90558596    1.92506955    2.41279687    2.13314913    2.30545302    2.28026139    2.07501849    2.12042593    2.35018485    2.13144158    2.41455529    2.26294529    2.45177171    2.72014683    2.41029860    2.81819622    2.75666535    3.13617102    2.54288405    2.02668556    1.90583614    2.02452437    2.14374470    2.11204836    2.16221768    2.33730707    2.67510318    2.10575617    2.16675391
D6W7K1_TRICA/50-166     2.11899364    1.41431447    1.41868413    1.70936326    1.58489310    1.58040518    1.41791312    1.34942321    1.37102411    1.33484701    1.16900229    0.00000000    0.64833865    0.49097190    1.09770090    0.75197438    1.70148683    1.79601569    1.93231371    1.89440679    2.22045811    2.19522418    2.06824633    1.76529631    2.14847792    1.89754096    2.12604901    1.98359254    2.01538690    2.05025401    2.29257669    2.29451429    2.74988665    2.50955107    2.67843922    2.94246609    2.49837529    2.34120014    2.33511641    2.65416336    2.52725689    1.73420122    1.99299151    2.16713798    2.01422571    1.77684386    2.01376912    2.17639287    2.19271336    2.08579912    2.22214359
A0A212F9F5_DANPL/48-164     2.13323176    1.51969085    1.46968416    1.76670591    1.78527483    1.73721016    1.54723968    1.56892838    1.53811221    1.51690098    1.18869063    0.64833865    0.00000000    0.65948945    1.19678656    1.01912368    1.91957964    2.05711546    1.88284378    1.92223345    2.06427067    2.10229115    2.01196553    1.95713314    2.08935641    1.88756769    1.95066984    1.84991951    1.91875442    2.05304638    2.24253749    2.33756820    2.68067180    2.53481785    2.62669928    2.73186641    2.63024019    2.46082154    2.37252391    2.65940230    2.39673864    1.64399351    1.97315169    2.07832795    2.11768187    1.99823239    2.12192875    2.33802097    2.19755183    2.08906564    2.02026831
A7UUR5_ANOGA/45-161     2.03994225    1.42268335    1.49423300    1.71346816    1.62555678    1.60043024    1.41953039    1.37883427    1.42604320    1.42798304    1.13322389    0.49097190    0.65948945    0.00000000    1.06984676    0.80174698    1.98041021    1.88843705    2.01482803    1.83655838    2.18234012    2.18545602    1.96802904    1.94730502    2.19058290    1.91967524    2.13264584    1.99770884    1.96037399    1.99166584    2.40879259    2.24374523    2.72349498    2.57135082    2.64780670    2.68178048    2.45545181    2.28889273    2.34359933    2.67394132    2.48913518    1.76803808    2.07048704    2.22945703    1.99268461    1.84448784    2.17825795    2.22465150    2.14847717    1.98081953    2.01508527
A0A7M7GB04_APIME/45-160     2.45396015    1.61969274    1.80862508    2.09727163    1.93851765    2.00863875    1.56931905    1.75045576    1.72946416    1.83409005    1.37946951    1.09770090    1.19678656    1.06984676    0.00000000    0.98652530    2.04697325    2.14193900    2.17156811    2.08583085    2.26030729    2.30137079    2.38284083    2.22281698    2.21869411    2.23967909    2.35015810    2.26216409    2.41105851    2.68621726    2.88474748    2.33690436    2.57325584    2.41974138    2.47817067    2.57252466    2.40551815    2.70632196    2.71048387    2.52431632    2.39841390    2.06282794    2.25793775    2.50728363    2.37491093    2.37318950    2.32847395    2.40904784    2.62112631    2.57141872    2.62173780
E0VWA7_PEDHC/26-143     2.01449464    1.30266094    1.53252026    1.76275775    1.58060696    1.61159233    1.34580557    1.32514493    1.30136784    1.42261142    1.57277143    0.75197438    1.01912368    0.80174698    0.98652530    0.00000000    1.87388487    1.81553775    2.01738398    1.87134017    2.23767764    1.95591653    2.10229805    1.74019407    1.96180227    1.83493870    1.98272470    1.98363147    1.99341898    2.15472882    2.15433333    2.36984109    2.66237104    2.33125182    2.44394656    2.74125216    2.45987139    2.47473286    2.47494411    2.51905228    2.46888239    1.64997983    2.01581918    1.92135460    2.08365572    2.08740784    2.13010613    2.40450469    2.29553306    2.02609943    2.34880882
K1RDG1_CRAGI/45-159     1.55698669    1.16509382    1.70139867    1.95187061    1.93698473    2.12235331    1.91065689    1.91573015    1.79577624    1.93009975    2.01400295    1.70148683    1.91957964    1.98041021    2.04697325    1.87388487    0.00000000    1.17448159    1.32660803    1.40714574    1.42752407    1.42560652    1.78205336    1.57142926    1.91969581    1.62574476    1.76434151    1.75737375    1.71735886    1.82659908    1.72770674    1.87756766    2.43822462    2.07702089    2.38495279    2.78982250    2.10965905    1.97429342    2.04057979    1.89147513    1.71883097    1.64842651    1.69193071    1.70493150    1.85291582    1.78543367    1.91094833    1.70046748    2.08305302    1.96545067    1.72489110
K1PLQ0_CRAGI/31-143     2.01148134    1.52560271    1.83103311    1.99957576    2.04138196    2.02344325    2.07095263    2.03635563    1.96164304    1.90403851    2.14034628    1.79601569    2.05711546    1.88843705    2.14193900    1.81553775    1.17448159    0.00000000    1.66976349    1.60385371    1.74887075    1.67341312    2.19864455    1.99033497    2.17605532    1.77471308    1.70187934    1.95059308    2.13811954    2.15786552    2.11256130    1.87015925    2.33693121    2.15020674    2.51075143    2.81947926    1.93939727    2.05330917    2.11662905    1.94648866    1.84962190    1.91180573    1.86793384    1.87386136    2.07178065    2.02123864    2.01524722    2.34348975    2.43467750    2.33323761    2.24014864
E3LVE7_CAERE/152-266     1.63325449    1.40255319    2.03078118    2.42716075    2.29179586    2.30799543    2.17377872    2.20728747    2.01359808    2.28086587    2.11460821    1.93231371    1.88284378    2.01482803    2.17156811    2.01738398    1.32660803    1.66976349    0.00000000    0.43247012    0.39781302    0.60164410    1.56425153    1.50701704    1.82332828    1.38809960    1.47125225    1.46983387    1.59609126    1.89016588    1.55727022    2.15864237    2.28417966    2.12020156    2.23330323    2.71008947    1.99155411    2.10876226    2.12572920    2.23176621    2.13062447    1.44103338    1.77261202    1.81948528    1.82944015    1.57265553    1.66116141    1.93084131    2.04260036    1.74892724    1.86492570
A8XFU7_CAEBR/99-211     1.62051050    1.53216237    2.25383508    2.52921359    2.48820020    2.30854561    2.22318337    2.33347586    2.02198488    2.20453447    1.91821236    1.89440679    1.92223345    1.83655838    2.08583085    1.87134017    1.40714574    1.60385371    0.43247012    0.00000000    0.22165552    0.48573463    1.61731628    1.62512052    1.74576967    1.62418173    1.59732925    1.67237600    1.77546819    1.80599800    1.76523320    2.34158131    2.47423978    2.22584012    2.47182199    2.87764151    2.32034220    2.06267443    2.14161625    2.03332812    1.99975708    1.49904341    1.68413500    1.85417471    1.84403720    1.79692487    1.76668880    2.13382603    2.16502554    1.86670748    2.05088829
G0NKA5_CAEBE/114-226     1.51490734    1.61070143    2.11668700    2.43241547    2.42123252    2.20940796    2.29115996    2.44798949    2.10465852    2.30157776    2.07177982    2.22045811    2.06427067    2.18234012    2.26030729    2.23767764    1.42752407    1.74887075    0.39781302    0.22165552    0.00000000    0.36571261    1.56573486    1.58733338    1.64668864    1.51615006    1.47927371    1.69833439    1.65155686    1.88531421    1.66687268    2.25574227    2.27197328    2.27107615    2.32846006    2.62320519    2.07978706    2.04740276    2.16102484    2.09397859    2.18945679    1.62990570    1.74769491    1.76296409    1.68829141    1.62565726    1.85633793    1.96597009    2.19370517    1.83261831    1.94917110
E3LVE8_CAERE/112-224     1.59260980    1.60978713    2.25769750    2.53764509    2.55338187    2.37939825    2.42857390    2.60323886    2.27469326    2.38811466    1.97924966    2.19522418    2.10229115    2.18545602    2.30137079    1.95591653    1.42560652    1.67341312    0.60164410    0.48573463    0.36571261    0.00000000    1.69309650    1.78575554    1.91543089    1.61132943    1.58923360    1.73096716    1.73750613    1.95355633    1.72685659    2.31390222    2.19063338    2.33089079    2.36005284    2.53895937    2.05109301    2.37838549    2.39528258    2.12958653    2.21208001    1.67628564    1.77099263    1.89610937    1.79523203    1.69295322    1.79239498    2.02720556    2.13744660    1.71889732    1.92462749
B0WM77_CULQU/71-191     1.21005696    1.68638767    2.03138654    2.10651837    2.21677796    2.01892993    2.06858913    2.01094841    1.84337186    2.02522731    1.90558596    2.06824633    2.01196553    1.96802904    2.38284083    2.10229805    1.78205336    2.19864455    1.56425153    1.61731628    1.56573486    1.69309650    0.00000000    0.76886836    0.95541885    0.65848988    0.95472904    0.84537107    0.65014956    0.77475045    1.29025675    1.69700113    1.89892614    1.83578467    1.87038673    2.35083475    1.99700128    1.67883806    1.57681478    1.83314410    1.60913521    1.04127566    1.29279380    1.33755171    1.21731450    1.19699296    1.21307709    1.65343260    1.68366558    1.37319286    1.25007492
E2A6L0_CAMFO/563-678     1.20635800    1.79165904    1.68307362    1.93366016    1.85447742    1.90228105    1.67704067    1.69473207    1.51735104    1.69615187    1.92506955    1.76529631    1.95713314    1.94730502    2.22281698    1.74019407    1.57142926    1.99033497    1.50701704    1.62512052    1.58733338    1.78575554    0.76886836    0.00000000    0.53988556    0.40796158    0.82727268    0.91723890    0.82225895    0.94350183    1.30564221    1.85818694    1.99214742    1.79355359    1.90248084    2.38141716    2.03957930    1.80239439    1.82427258    1.89723501    1.76561068    0.94890963    1.21097065    1.28721343    1.21762350    1.25316351    1.41610921    1.54503037    1.55554409    1.19943970    1.57888206
F4WI72_ACREC/89-206     1.31350316    2.05285914    1.74799145    1.83107560    1.86415767    1.79493300    1.55414455    1.66043869    1.65716625    1.80574596    2.41279687    2.14847792    2.08935641    2.19058290    2.21869411    1.96180227    1.91969581    2.17605532    1.82332828    1.74576967    1.64668864    1.91543089    0.95541885    0.53988556    0.00000000    0.63146051    0.77295234    1.06884038    1.15463992    1.29052529    1.52401506    2.17183511    2.16977091    2.10120244    2.20634090    2.36400127    2.22821588    1.85496661    1.93063517    1.73992006    1.75598324    0.97252842    1.37496861    1.35628303    1.32470055    1.32706471    1.36859269    1.75750721    1.76391942    1.50207319    1.56866948
E2BPM8_HARSA/35-152     1.13652130    1.63676570    1.71631344    2.00235036    1.91572865    1.87847547    1.70328400    1.71670395    1.58991817    1.88349908    2.13314913    1.89754096    1.88756769    1.91967524    2.23967909    1.83493870    1.62574476    1.77471308    1.38809960    1.62418173    1.51615006    1.61132943    0.65848988    0.40796158    0.63146051    0.00000000    0.43985739    0.70133002    0.76908774    0.91857466    1.34810210    1.84046176    1.95244233    1.79850295    1.77909073    2.26332050    1.92058794    1.58131580    1.61959883    1.84293583    1.76280030    0.93731563    1.22502663    1.16185089    1.15818404    1.23272534    1.38164029    1.80766069    1.62248796    1.23665133    1.26639509
E2BPM7_HARSA/2-110     1.30866017    1.72056620    1.85674645    2.05384546    1.91748748    1.83840360    1.83673291    1.93658130    1.89792973    1.90547666    2.30545302    2.12604901    1.95066984    2.13264584    2.35015810    1.98272470    1.76434151    1.70187934    1.47125225    1.59732925    1.47927371    1.58923360    0.95472904    0.82727268    0.77295234    0.43985739    0.00000000    0.98215746    1.05051628    1.35736580    1.43874889    2.10510394    2.11599697    1.87394032    1.97078603    2.48006098    2.02509534    1.62755103    1.62833477    1.99095275    1.76175093    1.08092068    1.42951195    1.35656744    1.33828532    1.49328024    1.52158259    1.79363342    1.79636846    1.40165571    1.54981721
A0A7M7LMR8_NASVI/72-190     1.34934463    1.69524469    1.67458268    1.95037972    1.97254292    1.83797963    1.72139769    1.69739727    1.64492030    1.70616672    2.28026139    1.98359254    1.84991951    1.99770884    2.26216409    1.98363147    1.75737375    1.95059308    1.46983387    1.67237600    1.69833439    1.73096716    0.84537107    0.91723890    1.06884038    0.70133002    0.98215746    0.00000000    0.89835599    1.06438078    1.15340906    1.80211460    1.80182212    1.69369574    1.82057920    2.40643461    1.84697311    1.34070959    1.43740716    1.77607287    1.52135747    1.03985006    1.29707461    1.24993556    1.58796882    1.56799620    1.34055720    1.72376567    1.83135280    1.50340804    1.57201540
D6W7K4_TRICA/100-219     1.06825624    1.87015532    1.94656777    2.21431648    2.25585282    2.05943801    2.11532790    2.04747204    1.96391298    1.98488670    2.07501849    2.01538690    1.91875442    1.96037399    2.41105851    1.99341898    1.71735886    2.13811954    1.59609126    1.77546819    1.65155686    1.73750613    0.65014956    0.82225895    1.15463992    0.76908774    1.05051628    0.89835599    0.00000000    0.66311423    1.17201242    1.64736956    1.79244472    1.69679245    1.78037988    2.34033921    1.74642652    1.65921839    1.62961201    1.82546040    1.82482327    0.93206130    1.28627639    1.19005724    1.43470432    1.13942520    1.25046076    1.75271420    1.75434523    1.38271891    1.23005819
J9L3Z6_ACYPI/21-140     1.29194861    2.00808704    2.03477821    2.17369917    2.25430881    1.96188696    2.07593745    1.96974764    1.90938007    2.07488458    2.12042593    2.05025401    2.05304638    1.99166584    2.68621726    2.15472882    1.82659908    2.15786552    1.89016588    1.80599800    1.88531421    1.95355633    0.77475045    0.94350183    1.29052529    0.91857466    1.35736580    1.06438078    0.66311423    0.00000000    1.43301859    1.84765141    1.91301521    1.76412898    1.74541916    2.38166344    1.90097876    1.92225104    1.72037097    1.88104702    1.91164509    0.96506123    1.26303001    1.24150037    1.46128267    1.36189502    1.54948614    1.87398657    1.67543337    1.47009349    1.37542446
B4JNX1_DROGR/71-188     1.44492109    2.34079327    2.15446793    2.36741766    2.43484761    2.30024656    2.31980826    2.36537692    2.17343954    2.19797950    2.35018485    2.29257669    2.24253749    2.40879259    2.88474748    2.15433333    1.72770674    2.11256130    1.55727022    1.76523320    1.66687268    1.72685659    1.29025675    1.30564221    1.52401506    1.34810210    1.43874889    1.15340906    1.17201242    1.43301859    0.00000000    1.83707667    1.81646882    1.74099556    1.68986003    2.18668788    1.85483753    1.48492696    1.44094737    1.80459821    1.64099893    1.45095557    1.49570296    1.39968319    1.64855340    1.59414448    1.50729062    1.78786172    1.84837201    1.46504242    1.56921934
B4NKA9_DROWI/52-170     2.01491883    2.08506663    2.39676175    2.66873968    2.66206277    2.72279384    2.62244020    2.56497478    2.48738995    2.38210145    2.13144158    2.29451429    2.33756820    2.24374523    2.33690436    2.36984109    1.87756766    1.87015925    2.15864237    2.34158131    2.25574227    2.31390222    1.69700113    1.85818694    2.17183511    1.84046176    2.10510394    1.80211460    1.64736956    1.84765141    1.83707667    0.00000000    0.80130849    0.65666852    0.66566520    1.12922982    0.84125728    1.71357102    1.64965787    1.92756816    1.73238622    1.72487581    2.29105460    2.38372102    2.17989910    1.94603677    2.00819931    2.11428846    2.70961929    2.37265502    2.25181151
B4JU28_DROGR/35-153     2.14172076    2.58368275    2.67747168    2.85190768    3.11868801    2.84276148    2.95947469    2.92626945    2.85258670    2.79006370    2.41455529    2.74988665    2.68067180    2.72349498    2.57325584    2.66237104    2.43822462    2.33693121    2.28417966    2.47423978    2.27197328    2.19063338    1.89892614    1.99214742    2.16977091    1.95244233    2.11599697    1.80182212    1.79244472    1.91301521    1.81646882    0.80130849    0.00000000    0.44831030    0.58929629    1.10607325    1.07914930    2.08703142    2.09025467    2.23017311    1.97814128    2.03883608    2.16010599    2.45378244    2.31172865    2.04610261    2.02880100    2.56207605    2.37143560    2.18574412    2.15458819
B4M5Y2_DROVI/49-168     2.00987977    2.24235671    2.30283780    2.67994945    2.63266744    2.60031256    2.48785914    2.50021893    2.51476283    2.36314911    2.26294529    2.50955107    2.53481785    2.57135082    2.41974138    2.33125182    2.07702089    2.15020674    2.12020156    2.22584012    2.27107615    2.33089079    1.83578467    1.79355359    2.10120244    1.79850295    1.87394032    1.69369574    1.69679245    1.76412898    1.74099556    0.65666852    0.44831030    0.00000000    0.23318648    0.90493088    1.03143448    1.84001582    1.88628759    2.05038451    1.82972343    1.83020191    2.16469008    2.24915641    2.00148069    1.96731644    1.69807918    2.23037193    2.47117861    2.20274858    1.99339782
B4K6J6_DROMO/30-149     2.06327226    2.26200549    2.53230001    2.91227345    2.76332465    2.74075666    2.61367176    2.58740574    2.49212592    2.51158372    2.45177171    2.67843922    2.62669928    2.64780670    2.47817067    2.44394656    2.38495279    2.51075143    2.23330323    2.47182199    2.32846006    2.36005284    1.87038673    1.90248084    2.20634090    1.77909073    1.97078603    1.82057920    1.78037988    1.74541916    1.68986003    0.66566520    0.58929629    0.23318648    0.00000000    0.90665612    1.07763956    1.78497755    1.75021162    1.99254942    1.84911315    1.91549667    2.22854705    2.21666961    2.01089023    2.04097795    1.85787999    2.37382080    2.39301305    2.21150802    1.95638656
B4JU29_DROGR/25-141     2.53267429    2.80082401    2.72907071    2.73896215    2.78558980    2.81404444    2.64812083    2.78917661    2.74381275    2.65820755    2.72014683    2.94246609    2.73186641    2.68178048    2.57252466    2.74125216    2.78982250    2.81947926    2.71008947    2.87764151    2.62320519    2.53895937    2.35083475    2.38141716    2.36400127    2.26332050    2.48006098    2.40643461    2.34033921    2.38166344    2.18668788    1.12922982    1.10607325    0.90493088    0.90665612    0.00000000    1.52980658    1.91497859    2.02308975    2.42379728    2.13083908    2.06485554    2.26833375    2.36436222    1.79407871    2.18928670    2.11882646    2.55391738    2.65796136    2.69180022    2.32634399
Q9VAE6_DROME/38-154     2.11718625    2.16884630    2.24319123    2.60674755    2.56159561    2.41550840    2.56616515    2.60993244    2.38597928    2.36130379    2.41029860    2.49837529    2.63024019    2.45545181    2.40551815    2.45987139    2.10965905    1.93939727    1.99155411    2.32034220    2.07978706    2.05109301    1.99700128    2.03957930    2.22821588    1.92058794    2.02509534    1.84697311    1.74642652    1.90097876    1.85483753    0.84125728    1.07914930    1.03143448    1.07763956    1.52980658    0.00000000    1.88042049    1.92670380    2.13202350    2.09903522    1.82087407    2.33750205    2.42313314    2.15895348    2.03515084    2.30543752    2.31139606    2.70351505    2.57272081    2.36551738
Q8I0K2_DROME/88-203     1.78279640    2.15737820    1.90839493    2.11852805    1.98228914    2.05784212    2.09332236    2.07141934    1.93779747    2.01764009    2.81819622    2.34120014    2.46082154    2.28889273    2.70632196    2.47473286    1.97429342    2.05330917    2.10876226    2.06267443    2.04740276    2.37838549    1.67883806    1.80239439    1.85496661    1.58131580    1.62755103    1.34070959    1.65921839    1.92225104    1.48492696    1.71357102    2.08703142    1.84001582    1.78497755    1.91497859    1.88042049    0.00000000    0.26663690    1.16210818    0.94858100    1.74179482    1.72022586    1.72332683    1.59884173    1.96229010    1.80059141    2.08096887    1.82935325    1.72815825    1.73409135
B3LYZ8_DROAN/92-211     1.83678562    2.18826846    1.97386012    2.10098829    2.00453806    2.29632851    2.10037515    2.06793603    1.84452820    2.06152563    2.75666535    2.33511641    2.37252391    2.34359933    2.71048387    2.47494411    2.04057979    2.11662905    2.12572920    2.14161625    2.16102484    2.39528258    1.57681478    1.82427258    1.93063517    1.61959883    1.62833477    1.43740716    1.62961201    1.72037097    1.44094737    1.64965787    2.09025467    1.88628759    1.75021162    2.02308975    1.92670380    0.26663690    0.00000000    1.05751571    0.90047321    1.77042615    1.56250044    1.64000298    1.62107510    1.92588630    1.71949621    2.13723222    1.84826403    1.81842418    1.72001730
B4K714_DROMO/68-182     1.93955489    2.15969858    2.43805086    2.48892730    2.35623178    2.60595345    2.25471769    2.57513785    2.42397462    2.49819745    3.13617102    2.65416336    2.65940230    2.67394132    2.52431632    2.51905228    1.89147513    1.94648866    2.23176621    2.03332812    2.09397859    2.12958653    1.83314410    1.89723501    1.73992006    1.84293583    1.99095275    1.77607287    1.82546040    1.88104702    1.80459821    1.92756816    2.23017311    2.05038451    1.99254942    2.42379728    2.13202350    1.16210818    1.05751571    0.00000000    0.50325391    1.69436261    1.82367069    2.02981023    2.04998808    1.89095018    1.98647233    2.39930871    2.15045242    2.05732839    1.97702745
B4MC65_DROVI/72-187     1.89679469    2.10401923    2.27888797    2.19657372    2.16529653    2.28306490    2.31122434    2.40893914    2.32497903    2.20609603    2.54288405    2.52725689    2.39673864    2.48913518    2.39841390    2.46888239    1.71883097    1.84962190    2.13062447    1.99975708    2.18945679    2.21208001    1.60913521    1.76561068    1.75598324    1.76280030    1.76175093    1.52135747    1.82482327    1.91164509    1.64099893    1.73238622    1.97814128    1.82972343    1.84911315    2.13083908    2.09903522    0.94858100    0.90047321    0.50325391    0.00000000    1.54406559    1.69479627    1.80245048    1.75045392    1.80523197    1.60981794    2.07963920    1.93490661    1.72998747    1.90710684
E0VWA8_PEDHC/1479-1600     1.25261304    1.67194048    1.87750041    2.04012808    1.94838490    1.84751293    1.78561390    1.82976184    1.76579845    1.59811621    2.02668556    1.73420122    1.64399351    1.76803808    2.06282794    1.64997983    1.64842651    1.91180573    1.44103338    1.49904341    1.62990570    1.67628564    1.04127566    0.94890963    0.97252842    0.93731563    1.08092068    1.03985006    0.93206130    0.96506123    1.45095557    1.72487581    2.03883608    1.83020191    1.91549667    2.06485554    1.82087407    1.74179482    1.77042615    1.69436261    1.54406559    0.00000000    1.29635466    1.31911493    1.62718413    1.27423235    1.40987602    1.70097773    1.65075225    1.58269470    1.48856638
A0A7M7G9K8_NASVI/109-224     0.79031942    1.59757613    1.73330521    2.10686638    2.08181499    1.85496419    1.81577136    1.86415544    1.67622775    1.66134949    1.90583614    1.99299151    1.97315169    2.07048704    2.25793775    2.01581918    1.69193071    1.86793384    1.77261202    1.68413500    1.74769491    1.77099263    1.29279380    1.21097065    1.37496861    1.22502663    1.42951195    1.29707461    1.28627639    1.26303001    1.49570296    2.29105460    2.16010599    2.16469008    2.22854705    2.26833375    2.33750205    1.72022586    1.56250044    1.82367069    1.69479627    1.29635466    0.00000000    0.40448567    0.90610127    0.91989042    0.98026898    1.47599551    0.98607804    1.00127085    0.88781566
E2A6K9_CAMFO/72-187     0.69262410    1.53482820    1.77054083    1.94108854    1.87452798    1.73869789    1.80579071    1.81542502    1.73643895    1.71402769    2.02452437    2.16713798    2.07832795    2.22945703    2.50728363    1.92135460    1.70493150    1.87386136    1.81948528    1.85417471    1.76296409    1.89610937    1.33755171    1.28721343    1.35628303    1.16185089    1.35656744    1.24993556    1.19005724    1.24150037    1.39968319    2.38372102    2.45378244    2.24915641    2.21666961    2.36436222    2.42313314    1.72332683    1.64000298    2.02981023    1.80245048    1.31911493    0.40448567    0.00000000    0.93005221    1.00865251    0.91754107    1.29033685    1.04125725    0.91477356    0.88579137
T1HM59_RHOPR/63-182     0.89542236    1.90836036    1.81852344    2.15062688    2.08075270    1.92064773    1.87435063    2.02401497    1.87954825    1.92992142    2.14374470    2.01422571    2.11768187    1.99268461    2.37491093    2.08365572    1.85291582    2.07178065    1.82944015    1.84403720    1.68829141    1.79523203    1.21731450    1.21762350    1.32470055    1.15818404    1.33828532    1.58796882    1.43470432    1.46128267    1.64855340    2.17989910    2.31172865    2.00148069    2.01089023    1.79407871    2.15895348    1.59884173    1.62107510    2.04998808    1.75045392    1.62718413    0.90610127    0.93005221    0.00000000    0.87109634    0.89544600    1.35616161    1.23503706    1.12444940    1.03895091
E0VWA8_PEDHC/1254-1373     0.84514983    1.75853446    1.97408221    2.09360246    2.11538689    1.93534392    1.93953001    1.97766233    1.94170777    1.76114113    2.11204836    1.77684386    1.99823239    1.84448784    2.37318950    2.08740784    1.78543367    2.02123864    1.57265553    1.79692487    1.62565726    1.69295322    1.19699296    1.25316351    1.32706471    1.23272534    1.49328024    1.56799620    1.13942520    1.36189502    1.59414448    1.94603677    2.04610261    1.96731644    2.04097795    2.18928670    2.03515084    1.96229010    1.92588630    1.89095018    1.80523197    1.27423235    0.91989042    1.00865251    0.87109634    0.00000000    0.92687930    1.23341461    1.39019003    1.11422026    1.00963437
J9JQ69_ACYPI/70-191     1.03167843    1.62729874    1.69948202    1.96198107    1.92270758    1.66671360    1.97758636    1.99564322    1.99171511    1.83591048    2.16221768    2.01376912    2.12192875    2.17825795    2.32847395    2.13010613    1.91094833    2.01524722    1.66116141    1.76668880    1.85633793    1.79239498    1.21307709    1.41610921    1.36859269    1.38164029    1.52158259    1.34055720    1.25046076    1.54948614    1.50729062    2.00819931    2.02880100    1.69807918    1.85787999    2.11882646    2.30543752    1.80059141    1.71949621    1.98647233    1.60981794    1.40987602    0.98026898    0.91754107    0.89544600    0.92687930    0.00000000    1.36589684    1.39893993    1.15085614    1.11310902
H9IZD9_BOMMO/645-760     1.05683239    1.87028371    2.13226177    2.19691529    2.22733936    2.07541858    2.14853839    2.36744278    2.26903567    2.09537131    2.33730707    2.17639287    2.33802097    2.22465150    2.40904784    2.40450469    1.70046748    2.34348975    1.93084131    2.13382603    1.96597009    2.02720556    1.65343260    1.54503037    1.75750721    1.80766069    1.79363342    1.72376567    1.75271420    1.87398657    1.78786172    2.11428846    2.56207605    2.23037193    2.37382080    2.55391738    2.31139606    2.08096887    2.13723222    2.39930871    2.07963920    1.70097773    1.47599551    1.29033685    1.35616161    1.23341461    1.36589684    0.00000000    1.24160394    1.04168219    1.31530658
B4LNT8_DROVI/80-194     1.04737238    2.05188009    2.25016168    2.59375022    2.43425772    2.40729731    2.36077119    2.39780123    2.32106558    2.21550910    2.67510318    2.19271336    2.19755183    2.14847717    2.62112631    2.29553306    2.08305302    2.43467750    2.04260036    2.16502554    2.19370517    2.13744660    1.68366558    1.55554409    1.76391942    1.62248796    1.79636846    1.83135280    1.75434523    1.67543337    1.84837201    2.70961929    2.37143560    2.47117861    2.39301305    2.65796136    2.70351505    1.82935325    1.84826403    2.15045242    1.93490661    1.65075225    0.98607804    1.04125725    1.23503706    1.39019003    1.39893993    1.24160394    0.00000000    0.78023019    1.05990176
Q5TTZ0_ANOGA/94-205     0.92293243    1.83186748    1.85142984    2.19188450    2.00381515    1.82793878    1.79056780    1.89242507    1.85307742    1.74453504    2.10575617    2.08579912    2.08906564    1.98081953    2.57141872    2.02609943    1.96545067    2.33323761    1.74892724    1.86670748    1.83261831    1.71889732    1.37319286    1.19943970    1.50207319    1.23665133    1.40165571    1.50340804    1.38271891    1.47009349    1.46504242    2.37265502    2.18574412    2.20274858    2.21150802    2.69180022    2.57272081    1.72815825    1.81842418    2.05732839    1.72998747    1.58269470    1.00127085    0.91477356    1.12444940    1.11422026    1.15085614    1.04168219    0.78023019    0.00000000    0.82873396
H9IZD9_BOMMO/882-997     0.78450949    1.82702920    1.74074706    2.21860845    2.08948110    1.94570481    1.85432645    1.84975916    1.70272566    1.77528487    2.16675391    2.22214359    2.02026831    2.01508527    2.62173780    2.34880882    1.72489110    2.24014864    1.86492570    2.05088829    1.94917110    1.92462749    1.25007492    1.57888206    1.56866948    1.26639509    1.54981721    1.57201540    1.23005819    1.37542446    1.56921934    2.25181151    2.15458819    1.99339782    1.95638656    2.32634399    2.36551738    1.73409135    1.72001730    1.97702745    1.90710684    1.48856638    0.88781566    0.88579137    1.03895091    1.00963437    1.11310902    1.31530658    1.05990176    0.82873396    0.00000000

