6
G1MUG5_MELGA/977-1133     0.00000000    0.40001262    0.47009537    0.47967484    0.70458829    0.77663964
F7BKM4_MONDO/565-719     0.40001262    0.00000000    0.34970829    0.47414718    0.62604750    0.71497971
HMMR_HUMAN/552-708     0.47009537    0.34970829    0.00000000    0.51950609    0.69691736    0.79634035
H3AQS5_LATCH/557-711     0.47967484    0.47414718    0.51950609    0.00000000    0.59562514    0.75630315
E7EYJ3_DANRE/754-898     0.70458829    0.62604750    0.69691736    0.59562514    0.00000000    0.60584926
H3CHB4_TETNG/478-627     0.77663964    0.71497971    0.79634035    0.75630315    0.60584926    0.00000000

