31
F6PG36_MONDO/178-285     0.00000000    3.40125884    2.86092315    3.05853662    2.97633870    3.50030624    2.95260353    3.76318543    3.29206724    3.00620634    3.39677699    2.99925715    2.97381073    1.04148626    0.94900447    0.95910139    0.97005554    1.12371207    1.72389301    1.20055937    1.01174261    0.98392649    1.26721988    1.01421016    0.87657920    0.87768073    0.96270202    1.10663919    1.21825811    0.79802960    0.83303630
W5MSD5_LEPOC/9-117     3.40125884    0.00000000    1.54530053    1.14411175    1.35156901    1.47699548    1.51395611    1.49435411    1.56568850    1.48305767    1.49179878    1.46243277    1.41905133    2.62926071    2.69820051    3.42390378    3.53836470    3.07860434    4.53192605    3.27123458    2.51446442    2.51910042    2.55180739    2.99809879    2.61036418    2.78239357    2.86082708    2.67642670    2.77023688    2.73352588    2.35622272
G1NNK2_MELGA/10-117     2.86092315    1.54530053    0.00000000    0.36895801    0.30998867    0.81442531    0.87480702    0.85845817    0.94681474    1.06485681    1.01884053    0.83371198    0.77988337    3.42506191    2.83176285    3.65242136    3.47596864    3.26520526    4.27517597    3.43993700    3.27742511    3.11919380    3.42477662    3.31645623    3.04267209    3.34025749    3.33849734    3.13190219    3.61127307    3.54146539    2.93214583
H0ZTR0_TAEGU/8-106     3.05853662    1.14411175    0.36895801    0.00000000    0.26215003    0.75687683    0.83136436    0.84913273    0.88098805    0.94651562    0.97779342    0.77444175    0.72224584    3.55869774    2.90996593    3.21126029    3.92049402    4.05208072    4.25394810    3.43105007    3.22098385    3.05488079    3.20382788    3.75315297    3.36696627    3.40115497    3.33868794    3.43654834    3.63533005    3.78264150    3.08324598
U3JV34_FICAL/10-117     2.97633870    1.35156901    0.30998867    0.26215003    0.00000000    0.94058556    0.87943505    0.99479769    1.04497575    1.02428311    1.05405098    0.91258225    0.87671469    3.63869448    2.88311701    4.01256663    3.51636732    3.51854151    4.47198544    3.77039972    3.41148699    2.97160325    3.79914801    3.52877547    3.41303493    3.19634718    3.58013869    3.26058309    3.83454726    4.00687908    2.98799239
TRAT1_MOUSE/12-121     3.50030624    1.47699548    0.81442531    0.75687683    0.94058556    0.00000000    0.30637997    0.32414377    0.40320462    0.50408480    0.37173733    0.32034608    0.33326853    3.37780212    3.18383172    4.24970379    4.40458816    3.66817048    4.52550000    3.49209830    3.52294794    3.52644950    3.41418763    3.61063435    3.50019400    3.83385122    3.86994271    3.41137348    3.81577671    3.76225605    3.23862289
H0V3P8_CAVPO/12-121     2.95260353    1.51395611    0.87480702    0.83136436    0.87943505    0.30637997    0.00000000    0.28609172    0.40246273    0.42827257    0.37646191    0.30376613    0.29145106    2.95445902    3.28662215    3.74877867    3.98507879    3.42831949    4.16403416    3.59295122    3.21221091    3.08971655    2.99251645    3.69648329    3.24211683    3.27018267    3.47824847    3.01442318    3.76930299    3.47599572    3.30655058
G1SIM0_RABIT/12-120     3.76318543    1.49435411    0.85845817    0.84913273    0.99479769    0.32414377    0.28609172    0.00000000    0.36371048    0.55229125    0.42744306    0.31898865    0.26107499    3.33705273    3.33881830    4.37492026    4.46124180    3.86292855    4.65706350    3.45817219    3.69285203    3.57583825    3.64619452    3.80860727    3.60532224    3.86269658    3.86544616    3.35893983    4.01404682    4.01016684    3.38381684
F6U3X7_HORSE/12-121     3.29206724    1.56568850    0.94681474    0.88098805    1.04497575    0.40320462    0.40246273    0.36371048    0.00000000    0.45490585    0.36226690    0.31543587    0.33625921    3.48926362    3.43877133    4.08331729    4.41247935    3.80442407    4.41704033    3.46153044    3.70002928    3.57204229    3.75553688    3.93039418    3.56000240    3.85409995    3.74841001    3.41919468    3.82799944    3.83829958    3.32009888
A0A3Q1MCW9_BOVIN/12-119     3.00620634    1.48305767    1.06485681    0.94651562    1.02428311    0.50408480    0.42827257    0.55229125    0.45490585    0.00000000    0.31259988    0.39623367    0.45671505    3.34401839    3.39679952    4.18352952    4.03101496    3.48785714    4.44939484    3.42887383    3.25440019    3.31027124    3.08569908    3.64535058    3.25435542    3.45879465    3.55706140    3.12106721    3.97394682    3.57399661    3.19100623
I3LJ24_PIG/11-119     3.39677699    1.49179878    1.01884053    0.97779342    1.05405098    0.37173733    0.37646191    0.42744306    0.36226690    0.31259988    0.00000000    0.36312189    0.36150227    3.48135111    3.88510690    4.02343812    4.42108708    3.83382196    5.05693607    3.89795979    3.57552978    3.68234464    3.36909352    3.54737235    3.48540584    3.83260709    3.96443805    3.37980746    4.10160824    3.76255720    3.23570939
G3SYY3_LOXAF/12-121     2.99925715    1.46243277    0.83371198    0.77444175    0.91258225    0.32034608    0.30376613    0.31898865    0.31543587    0.39623367    0.36312189    0.00000000    0.23968575    3.16071173    3.11484434    3.84169224    3.99554272    3.12251734    4.48596781    3.49346868    2.98675201    3.15676270    3.20701270    3.35306517    3.10765204    3.44438705    3.47804505    3.09890433    3.86508280    3.35629220    2.89564079
G3QSK7_GORGO/12-120     2.97381073    1.41905133    0.77988337    0.72224584    0.87671469    0.33326853    0.29145106    0.26107499    0.33625921    0.45671505    0.36150227    0.23968575    0.00000000    3.09143855    3.15358830    3.71195433    3.98087572    3.52045234    4.17645701    3.44327136    3.07610411    3.12106041    3.16188864    3.58820957    3.17100943    3.43227818    3.51604080    3.08849482    3.70133073    3.48503652    3.02577410
G1TBE6_RABIT/177-283     1.04148626    2.62926071    3.42506191    3.55869774    3.63869448    3.37780212    2.95445902    3.33705273    3.48926362    3.34401839    3.48135111    3.16071173    3.09143855    0.00000000    0.49873716    0.53206193    0.52850413    0.55718986    1.30121479    0.72017453    0.60042973    0.50206708    0.76702418    0.55214256    0.50498442    0.46666150    0.67699832    0.50711511    0.66497586    0.43468861    0.44314611
G5B5N7_HETGA/176-273     0.94900447    2.69820051    2.83176285    2.90996593    2.88311701    3.18383172    3.28662215    3.33881830    3.43877133    3.39679952    3.88510690    3.11484434    3.15358830    0.49873716    0.00000000    0.43208551    0.43947841    0.60083994    1.20747637    0.78422495    0.69637243    0.59191727    0.92952525    0.63265246    0.57477534    0.49297085    0.76698333    0.56921295    0.70886442    0.56789407    0.49099923
H0UUR4_CAVPO/178-293     0.95910139    3.42390378    3.65242136    3.21126029    4.01256663    4.24970379    3.74877867    4.37492026    4.08331729    4.18352952    4.02343812    3.84169224    3.71195433    0.53206193    0.43208551    0.00000000    0.56102046    0.60049136    1.27096356    0.84197573    0.73666509    0.66545093    0.98978058    0.68088560    0.62951065    0.51683181    0.72061071    0.66843464    0.68841570    0.54151330    0.60063243
G3T8M4_LOXAF/174-295     0.97005554    3.53836470    3.47596864    3.92049402    3.51636732    4.40458816    3.98507879    4.46124180    4.41247935    4.03101496    4.42108708    3.99554272    3.98087572    0.52850413    0.43947841    0.56102046    0.00000000    0.58083258    1.30510501    0.77761975    0.70654011    0.56555552    0.90054577    0.56205669    0.50477186    0.47987073    0.68205887    0.57565149    0.67969198    0.53489234    0.54771494
A2A6Z2_MOUSE/153-258     1.12371207    3.07860434    3.26520526    4.05208072    3.51854151    3.66817048    3.42831949    3.86292855    3.80442407    3.48785714    3.83382196    3.12251734    3.52045234    0.55718986    0.60083994    0.60049136    0.58083258    0.00000000    1.24503299    0.79522215    0.66108608    0.68106406    0.88379363    0.74261412    0.63094380    0.51238034    0.70908999    0.64146650    0.73506707    0.55933153    0.57483109
L9L0R3_TUPCH/131-243     1.72389301    4.53192605    4.27517597    4.25394810    4.47198544    4.52550000    4.16403416    4.65706350    4.41704033    4.44939484    5.05693607    4.48596781    4.17645701    1.30121479    1.20747637    1.27096356    1.30510501    1.24503299    0.00000000    1.73220739    1.20076767    1.30612238    1.58648817    1.36930012    1.30438997    1.33329593    1.38168168    1.33136101    1.49147686    1.23330601    1.10084700
G1QE92_MYOLU/176-283     1.20055937    3.27123458    3.43993700    3.43105007    3.77039972    3.49209830    3.59295122    3.45817219    3.46153044    3.42887383    3.89795979    3.49346868    3.44327136    0.72017453    0.78422495    0.84197573    0.77761975    0.79522215    1.73220739    0.00000000    0.27907918    0.69424767    1.09176809    0.80077223    0.60485175    0.73702150    0.83908571    0.68723617    0.75196243    0.65288353    0.81721787
G1NZQ0_MYOLU/173-280     1.01174261    2.51446442    3.27742511    3.22098385    3.41148699    3.52294794    3.21221091    3.69285203    3.70002928    3.25440019    3.57552978    2.98675201    3.07610411    0.60042973    0.69637243    0.73666509    0.70654011    0.66108608    1.20076767    0.27907918    0.00000000    0.64526969    0.78129561    0.63766298    0.44936791    0.57036295    0.64979491    0.58523284    0.62794911    0.48048618    0.55989210
H0XG95_OTOGA/160-264     0.98392649    2.51910042    3.11919380    3.05488079    2.97160325    3.52644950    3.08971655    3.57583825    3.57204229    3.31027124    3.68234464    3.15676270    3.12106041    0.50206708    0.59191727    0.66545093    0.56555552    0.68106406    1.30612238    0.69424767    0.64526969    0.00000000    0.83620619    0.52497514    0.55595255    0.45934763    0.59937496    0.54744402    0.64021363    0.47664773    0.48464251
W5PS40_SHEEP/176-283     1.26721988    2.55180739    3.42477662    3.20382788    3.79914801    3.41418763    2.99251645    3.64619452    3.75553688    3.08569908    3.36909352    3.20701270    3.16188864    0.76702418    0.92952525    0.98978058    0.90054577    0.88379363    1.58648817    1.09176809    0.78129561    0.83620619    0.00000000    0.72654887    0.69012857    0.79887440    0.90777468    0.92815123    1.06947062    0.68272327    0.75997693
F7DE50_HORSE/162-269     1.01421016    2.99809879    3.31645623    3.75315297    3.52877547    3.61063435    3.69648329    3.80860727    3.93039418    3.64535058    3.54737235    3.35306517    3.58820957    0.55214256    0.63265246    0.68088560    0.56205669    0.74261412    1.36930012    0.80077223    0.63766298    0.52497514    0.72654887    0.00000000    0.42391495    0.47123676    0.55648543    0.54809733    0.66261152    0.51120188    0.44848925
L5KLJ6_PTEAL/154-261     0.87657920    2.61036418    3.04267209    3.36696627    3.41303493    3.50019400    3.24211683    3.60532224    3.56000240    3.25435542    3.48540584    3.10765204    3.17100943    0.50498442    0.57477534    0.62951065    0.50477186    0.63094380    1.30438997    0.60485175    0.44936791    0.55595255    0.69012857    0.42391495    0.00000000    0.40299085    0.50534382    0.49207318    0.59042412    0.38685739    0.38389846
M3VWZ8_FELCA/246-353     0.87768073    2.78239357    3.34025749    3.40115497    3.19634718    3.83385122    3.27018267    3.86269658    3.85409995    3.45879465    3.83260709    3.44438705    3.43227818    0.46666150    0.49297085    0.51683181    0.47987073    0.51238034    1.33329593    0.73702150    0.57036295    0.45934763    0.79887440    0.47123676    0.40299085    0.00000000    0.33144312    0.25432950    0.38446909    0.46567197    0.41205071
J9P521_CANLF/172-279     0.96270202    2.86082708    3.33849734    3.33868794    3.58013869    3.86994271    3.47824847    3.86544616    3.74841001    3.55706140    3.96443805    3.47804505    3.51604080    0.67699832    0.76698333    0.72061071    0.68205887    0.70908999    1.38168168    0.83908571    0.64979491    0.59937496    0.90777468    0.55648543    0.50534382    0.33144312    0.00000000    0.31590606    0.43199376    0.44263881    0.45236968
G1LQQ8_AILME/169-276     1.10663919    2.67642670    3.13190219    3.43654834    3.26058309    3.41137348    3.01442318    3.35893983    3.41919468    3.12106721    3.37980746    3.09890433    3.08849482    0.50711511    0.56921295    0.66843464    0.57565149    0.64146650    1.33136101    0.68723617    0.58523284    0.54744402    0.92815123    0.54809733    0.49207318    0.25432950    0.31590606    0.00000000    0.31692288    0.48671853    0.45717050
M3YRW9_MUSPF/163-272     1.21825811    2.77023688    3.61127307    3.63533005    3.83454726    3.81577671    3.76930299    4.01404682    3.82799944    3.97394682    4.10160824    3.86508280    3.70133073    0.66497586    0.70886442    0.68841570    0.67969198    0.73506707    1.49147686    0.75196243    0.62794911    0.64021363    1.06947062    0.66261152    0.59042412    0.38446909    0.43199376    0.31692288    0.00000000    0.57099121    0.63217520
F7HFB4_CALJA/172-275     0.79802960    2.73352588    3.54146539    3.78264150    4.00687908    3.76225605    3.47599572    4.01016684    3.83829958    3.57399661    3.76255720    3.35629220    3.48503652    0.43468861    0.56789407    0.54151330    0.53489234    0.55933153    1.23330601    0.65288353    0.48048618    0.47664773    0.68272327    0.51120188    0.38685739    0.46567197    0.44263881    0.48671853    0.57099121    0.00000000    0.25614627
G3RCF4_GORGO/172-274     0.83303630    2.35622272    2.93214583    3.08324598    2.98799239    3.23862289    3.30655058    3.38381684    3.32009888    3.19100623    3.23570939    2.89564079    3.02577410    0.44314611    0.49099923    0.60063243    0.54771494    0.57483109    1.10084700    0.81721787    0.55989210    0.48464251    0.75997693    0.44848925    0.38389846    0.41205071    0.45236968    0.45717050    0.63217520    0.25614627    0.00000000

