11
H0UZK3_CAVPO/2-958     0.00000000    0.32820767    0.28556604    0.28592920    0.34271253    0.30782012    0.39653742    0.52404888    0.95507214    0.95064217    1.02582641
D3ZNS7_RAT/1-956     0.32820767    0.00000000    0.28130567    0.26668335    0.36487597    0.32083077    0.39710602    0.51871616    0.95676856    0.92323920    0.99063377
I3M2R6_ICTTR/1-966     0.28556604    0.28130567    0.00000000    0.21323208    0.30644229    0.28051624    0.35318411    0.50255108    0.92310574    0.95416265    0.98899186
G1RDD7_NOMLE/1-959     0.28592920    0.26668335    0.21323208    0.00000000    0.25232641    0.24242753    0.31370318    0.45748485    0.86323338    0.87684845    0.94425758
G3TAT2_LOXAF/1-944     0.34271253    0.36487597    0.30644229    0.25232641    0.00000000    0.26105218    0.34385789    0.48323309    0.87991706    0.89803210    0.96254590
A0A481D2R0_PIG/2-956     0.30782012    0.32083077    0.28051624    0.24242753    0.26105218    0.00000000    0.29332785    0.44168439    0.87449983    0.85590355    0.90406317
G1PGQ4_MYOLU/1-958     0.39653742    0.39710602    0.35318411    0.31370318    0.34385789    0.29332785    0.00000000    0.48649825    0.93287632    0.93155955    0.99231594
F1PTW3_CANLF/1-900     0.52404888    0.51871616    0.50255108    0.45748485    0.48323309    0.44168439    0.48649825    0.00000000    0.99964786    1.02961362    1.05922390
H3BHF0_LATCH/16-983     0.95507214    0.95676856    0.92310574    0.86323338    0.87991706    0.87449983    0.93287632    0.99964786    0.00000000    0.85086506    0.91963830
U3IFX6_ANAPP/1-892     0.95064217    0.92323920    0.95416265    0.87684845    0.89803210    0.85590355    0.93155955    1.02961362    0.85086506    0.00000000    0.37528944
G1N9B8_MELGA/1-959     1.02582641    0.99063377    0.98899186    0.94425758    0.96254590    0.90406317    0.99231594    1.05922390    0.91963830    0.37528944    0.00000000

