7
K1QBF0_CRAGI/18-92     0.00000000    0.54367972    0.66438548    0.79625000    0.76639203    1.31786970    0.60273464
C4A0D4_BRAFL/6-80     0.54367972    0.00000000    0.49529440    0.52606436    0.48718241    1.39143949    0.52212610
H2YMI6_CIOSA/16-91     0.66438548    0.49529440    0.00000000    0.45343955    0.40359460    1.18260465    0.54431699
MEIG1_DANRE/16-90     0.79625000    0.52606436    0.45343955    0.00000000    0.23813547    1.32260167    0.64083699
D4A0V5_RAT/11-86     0.76639203    0.48718241    0.40359460    0.23813547    0.00000000    1.30118587    0.56723911
D0NAJ0_PHYIT/61-134     1.31786970    1.39143949    1.18260465    1.32260167    1.30118587    0.00000000    1.09673114
MEIG1_NEMVE/13-87     0.60273464    0.52212610    0.54431699    0.64083699    0.56723911    1.09673114    0.00000000

