19
Q88MC1_PSEPK/39-148     0.00000000    2.49164160    2.38018467    2.36339116    2.12006965    2.39712268    1.68429816    1.58123360    2.76795300    1.54301275    1.69767175    1.05944795    1.24616215    1.17044227    1.47133935    1.23493589    1.01509943    1.23049733    1.16948986
A1S6R5_SHEAM/44-151     2.49164160    0.00000000    1.25576677    1.19062153    1.23904795    1.42842080    2.39909793    2.76928338    2.91000008    2.35669917    2.95632032    2.86563020    2.19671917    2.40148062    2.48771716    2.36988101    2.41524021    2.39760924    2.63272663
Q6LJF7_PHOPR/53-154     2.38018467    1.25576677    0.00000000    0.73783762    0.74336823    0.64008696    2.35400698    2.44875939    2.85634004    2.29825604    2.42869313    2.99917876    2.05478679    2.69131995    2.40455296    2.42586560    2.53719263    2.71670273    3.28507451
Q87JU9_VIBPA/49-150     2.36339116    1.19062153    0.73783762    0.00000000    0.49500698    0.54091684    2.34051633    2.22814897    2.37448271    1.98119660    2.18311171    2.93531447    2.47823838    2.54439286    2.45092312    2.43927527    2.55064998    2.22244741    2.70724203
B7VRS7_VIBA3/51-152     2.12006965    1.23904795    0.74336823    0.49500698    0.00000000    0.43335148    2.63603508    2.43617642    2.75778226    2.49923281    2.66773038    2.68434340    2.11400556    2.39885816    2.39873266    2.29455292    2.60137575    2.75938111    3.12471395
Q5E144_ALIF1/53-154     2.39712268    1.42842080    0.64008696    0.54091684    0.43335148    0.00000000    2.44517534    2.27264028    2.86518502    2.44908664    2.66821454    2.86006711    2.47937759    2.57564084    2.50337821    2.57181621    2.79124578    2.68034079    3.14377011
A4XQE7_PSEMY/37-144     1.68429816    2.39909793    2.35400698    2.34051633    2.63603508    2.44517534    0.00000000    0.69013326    1.01474520    0.58932865    0.70520839    2.18571993    1.71899530    2.03848944    2.30474629    1.85917789    2.24423357    2.19229708    2.15257796
I1YFA5_METFJ/37-144     1.58123360    2.76928338    2.44875939    2.22814897    2.43617642    2.27264028    0.69013326    0.00000000    1.39667177    0.73441004    0.98459255    2.22841498    2.18306828    2.27358105    2.29098125    1.89985057    2.29854799    1.86216404    1.83631035
U4K5U3_9VIBR/37-144     2.76795300    2.91000008    2.85634004    2.37448271    2.75778226    2.86518502    1.01474520    1.39667177    0.00000000    1.02807437    1.17765468    3.03219930    2.59408964    2.77419247    2.41476729    2.54849479    2.72533674    2.14879653    2.23701984
H2G158_OCESG/37-144     1.54301275    2.35669917    2.29825604    1.98119660    2.49923281    2.44908664    0.58932865    0.73441004    1.02807437    0.00000000    0.81311268    1.98174465    1.86680371    2.26200161    2.06533733    1.94642133    2.01910148    2.08399869    1.76780745
K7AXM8_9ALTE/39-146     1.69767175    2.95632032    2.42869313    2.18311171    2.66773038    2.66821454    0.70520839    0.98459255    1.17765468    0.81311268    0.00000000    1.88745025    1.96884840    1.84502682    2.15638274    1.84117000    2.10533965    1.76616423    1.79456126
Q0VNW0_ALCBS/39-149     1.05944795    2.86563020    2.99917876    2.93531447    2.68434340    2.86006711    2.18571993    2.22841498    3.03219930    1.98174465    1.88745025    0.00000000    0.80199325    1.47939411    1.48795084    1.72755831    1.18587650    1.36271193    1.43251798
K0CDZ8_ALCDB/39-148     1.24616215    2.19671917    2.05478679    2.47823838    2.11400556    2.47937759    1.71899530    2.18306828    2.59408964    1.86680371    1.96884840    0.80199325    0.00000000    1.33786000    1.32832250    1.56187863    1.23029649    1.44434883    1.42697833
F6AG62_PSEF1/42-148     1.17044227    2.40148062    2.69131995    2.54439286    2.39885816    2.57564084    2.03848944    2.27358105    2.77419247    2.26200161    1.84502682    1.47939411    1.33786000    0.00000000    0.81209265    0.74329299    1.36974202    1.46325263    1.22666274
S6AMS5_PSERE/41-147     1.47133935    2.48771716    2.40455296    2.45092312    2.39873266    2.50337821    2.30474629    2.29098125    2.41476729    2.06533733    2.15638274    1.48795084    1.32832250    0.81209265    0.00000000    0.70467762    1.29128020    1.51908116    1.40351711
A4XT30_PSEMY/41-147     1.23493589    2.36988101    2.42586560    2.43927527    2.29455292    2.57181621    1.85917789    1.89985057    2.54849479    1.94642133    1.84117000    1.72755831    1.56187863    0.74329299    0.70467762    0.00000000    1.45963232    1.38102657    1.21712432
Q9I528_PSEAE/39-148     1.01509943    2.41524021    2.53719263    2.55064998    2.60137575    2.79124578    2.24423357    2.29854799    2.72533674    2.01910148    2.10533965    1.18587650    1.23029649    1.36974202    1.29128020    1.45963232    0.00000000    1.03012311    1.02643988
Q88QG1_PSEPK/38-148     1.23049733    2.39760924    2.71670273    2.22244741    2.75938111    2.68034079    2.19229708    1.86216404    2.14879653    2.08399869    1.76616423    1.36271193    1.44434883    1.46325263    1.51908116    1.38102657    1.03012311    0.00000000    0.30978142
PFES_PSEAE/38-148     1.16948986    2.63272663    3.28507451    2.70724203    3.12471395    3.14377011    2.15257796    1.83631035    2.23701984    1.76780745    1.79456126    1.43251798    1.42697833    1.22666274    1.40351711    1.21712432    1.02643988    0.30978142    0.00000000

