22
A7TED6_VANPO/119-141     0.00000000    0.39634822    0.30376573    0.44815597    0.35789146    0.35455785    0.51784800    0.37429851    0.57640800    0.75188636    0.69149302    0.66874773    0.74004149    0.88160006    0.68463035    0.33782232    0.43243902    0.30747637    0.56340413    0.30738101    0.33317531    0.39848427
I2GZS7_TETBL/133-154     0.39634822    0.00000000    0.51152325    0.50672382    0.45624179    0.60637044    0.36813733    0.72919943    0.90206175    1.08802763    0.87003946    0.99307866    0.94932469    1.02494114    0.83022683    0.49045373    0.53284035    0.56208771    0.85452434    0.57855849    0.54517243    0.68843780
J7S5P9_KAZNA/121-143     0.30376573    0.51152325    0.00000000    0.42285383    0.37247631    0.33110188    0.44974138    0.44553621    0.54951330    0.71663980    0.76544710    0.65978791    0.71987985    0.88168142    0.53860297    0.44884633    0.63695443    0.43807848    0.47506345    0.41461956    0.32711748    0.42730102
J5PPC9_SACK1/119-141     0.44815597    0.50672382    0.42285383    0.00000000    0.24289344    0.48672696    0.66734837    0.42336206    0.71547857    0.77000048    0.81795801    0.64759405    0.61761970    0.75974491    0.61937381    0.52262749    0.56875095    0.59157340    0.55146857    0.49487258    0.37252717    0.31883099
YEW7_YEAST/120-142     0.35789146    0.45624179    0.37247631    0.24289344    0.00000000    0.43486432    0.65205661    0.40176790    0.62862450    0.72923463    0.57178377    0.62563431    0.69820280    0.86922608    0.64765396    0.49395532    0.50794036    0.44697705    0.54692408    0.51801758    0.26201707    0.32068737
G8BWS1_TETPH/121-143     0.35455785    0.60637044    0.33110188    0.48672696    0.43486432    0.00000000    0.26038618    0.42692077    0.43857685    0.64489288    0.65059402    0.72746675    0.74812461    0.73870515    0.78463011    0.58119680    0.52583002    0.24349591    0.52670093    0.44610169    0.30241517    0.29546125
Q6CKN9_KLULA/103-124     0.51784800    0.36813733    0.44974138    0.66734837    0.65205661    0.26038618    0.00000000    0.69546727    0.72157661    0.96143469    0.89596344    0.94627442    1.14138979    0.99321613    0.80850873    0.66333602    0.64184611    0.40990818    0.67128294    0.50229996    0.45975972    0.49188976
A5E148_LODEL/173-195     0.37429851    0.72919943    0.44553621    0.42336206    0.40176790    0.42692077    0.69546727    0.00000000    0.37698562    0.55247119    0.62592559    0.56962738    0.77212646    0.69280110    0.54966436    0.39199121    0.64949365    0.61543675    0.61310000    0.65395514    0.49482371    0.44789855
M3IQH5_CANMX/126-148     0.57640800    0.90206175    0.54951330    0.71547857    0.62862450    0.43857685    0.72157661    0.37698562    0.00000000    0.32377795    0.46374005    0.63817605    0.42633453    0.32429313    0.63237559    0.49506480    0.53458101    0.57825915    0.67282239    0.75280876    0.56154313    0.67985275
G3BFE3_CANTC/151-173     0.75188636    1.08802763    0.71663980    0.77000048    0.72923463    0.64489288    0.96143469    0.55247119    0.32377795    0.00000000    0.22525943    0.40325216    0.30063494    0.23805851    0.76429283    0.71256920    0.75431260    0.66592685    0.73483571    0.91741023    0.64154683    0.87879383
C4YBQ7_CLAL4/148-170     0.69149302    0.87003946    0.76544710    0.81795801    0.57178377    0.65059402    0.89596344    0.62592559    0.46374005    0.22525943    0.00000000    0.36665460    0.33644868    0.39663627    0.70229321    0.68549831    0.64584068    0.53819154    0.57430511    0.89222982    0.50167876    0.80991019
A5DAN6_PICGU/146-167     0.66874773    0.99307866    0.65978791    0.64759405    0.62563431    0.72746675    0.94627442    0.56962738    0.63817605    0.40325216    0.36665460    0.00000000    0.51017941    0.60370030    0.72944336    0.70181863    0.66938042    0.73260224    0.55013170    0.88833953    0.61276666    0.75955831
B5RUK8_DEBHA/176-198     0.74004149    0.94932469    0.71987985    0.61761970    0.69820280    0.74812461    1.14138979    0.77212646    0.42633453    0.30063494    0.33644868    0.51017941    0.00000000    0.27661078    0.82741555    0.76799782    0.69348288    0.74847722    0.83682535    1.00255775    0.71402556    1.01682742
A3M079_PICST/151-173     0.88160006    1.02494114    0.88168142    0.75974491    0.86922608    0.73870515    0.99321613    0.69280110    0.32429313    0.23805851    0.39663627    0.60370030    0.27661078    0.00000000    0.73056070    0.75990872    0.50477751    0.86242419    0.82941767    1.09808527    0.80048982    0.92003193
G8Y0T5_PICSO/147-169     0.68463035    0.83022683    0.53860297    0.61937381    0.64765396    0.78463011    0.80850873    0.54966436    0.63237559    0.76429283    0.70229321    0.72944336    0.82741555    0.73056070    0.00000000    0.34769538    0.59765215    0.85027046    0.65780430    0.82275636    0.73461798    0.73434172
G8BFD0_CANPC/123-145     0.33782232    0.49045373    0.44884633    0.52262749    0.49395532    0.58119680    0.66333602    0.39199121    0.49506480    0.71256920    0.68549831    0.70181863    0.76799782    0.75990872    0.34769538    0.00000000    0.41513345    0.56384619    0.54702720    0.57145327    0.48712636    0.54943784
G3AHS8_SPAPN/135-157     0.43243902    0.53284035    0.63695443    0.56875095    0.50794036    0.52583002    0.64184611    0.64949365    0.53458101    0.75431260    0.64584068    0.66938042    0.69348288    0.50477751    0.59765215    0.41513345    0.00000000    0.49331789    0.63591717    0.70060341    0.47862455    0.58062694
Q6FN84_CANGA/78-100     0.30747637    0.56208771    0.43807848    0.59157340    0.44697705    0.24349591    0.40990818    0.61543675    0.57825915    0.66592685    0.53819154    0.73260224    0.74847722    0.86242419    0.85027046    0.56384619    0.49331789    0.00000000    0.46011277    0.44207344    0.24592277    0.36288888
Q753Z1_ASHGO/103-124     0.56340413    0.85452434    0.47506345    0.55146857    0.54692408    0.52670093    0.67128294    0.61310000    0.67282239    0.73483571    0.57430511    0.55013170    0.83682535    0.82941767    0.65780430    0.54702720    0.63591717    0.46011277    0.00000000    0.38380933    0.32467209    0.45857954
G8JVC8_ERECY/114-136     0.30738101    0.57855849    0.41461956    0.49487258    0.51801758    0.44610169    0.50229996    0.65395514    0.75280876    0.91741023    0.89222982    0.88833953    1.00255775    1.09808527    0.82275636    0.57145327    0.70060341    0.44207344    0.38380933    0.00000000    0.28854051    0.42572863
C5E2V6_LACTC/121-143     0.33317531    0.54517243    0.32711748    0.37252717    0.26201707    0.30241517    0.45975972    0.49482371    0.56154313    0.64154683    0.50167876    0.61276666    0.71402556    0.80048982    0.73461798    0.48712636    0.47862455    0.24592277    0.32467209    0.28854051    0.00000000    0.29595457
G8ZPM2_TORDC/107-129     0.39848427    0.68843780    0.42730102    0.31883099    0.32068737    0.29546125    0.49188976    0.44789855    0.67985275    0.87879383    0.80991019    0.75955831    1.01682742    0.92003193    0.73434172    0.54943784    0.58062694    0.36288888    0.45857954    0.42572863    0.29595457    0.00000000

