30
H3A059_LATCH/150-195     0.00000000    0.69396384    0.53427463    0.59389207    0.66822284    1.33819179    1.44745711    1.80310998    1.23999678    1.26755336    1.45261462    1.68884728    1.29715313    1.71133116    1.78506249    1.25520785    1.59869549    1.63469432    1.43101852    1.49649911    0.86376730    1.12857625    1.13957376    0.90622580    0.91750203    0.85059258    0.71500042    0.97743715    1.06560844    1.00442632
Q08D53_XENTR/150-194     0.69396384    0.00000000    0.63679923    0.65069829    0.71287090    1.69311385    1.88368406    2.01190451    1.64355576    1.63736524    2.11735601    1.90002453    1.40635737    1.92540910    1.53830340    1.28560487    1.63749881    1.30849604    1.70510858    1.41293151    1.13445626    1.52838807    1.57680039    1.41941288    1.30639118    1.23212509    1.08457691    1.44963480    1.42708061    1.18784474
L5KCN1_PTEAL/151-195     0.53427463    0.63679923    0.00000000    0.44740827    0.63193083    1.67205050    1.60281646    1.85455099    1.48839526    1.44787060    1.93283733    1.90326117    1.46150063    1.70211782    1.60603608    1.23551023    1.46010882    1.21043223    1.18006853    1.17283408    0.99588097    1.24593055    1.36363503    1.27240446    1.03896373    0.93688933    0.94430327    1.23926133    1.30915364    1.07044743
F6UW65_ORNAN/158-202     0.59389207    0.65069829    0.44740827    0.00000000    0.52140945    1.79535598    1.81438611    2.14345958    1.70845335    1.59415715    2.05765013    2.23526920    1.16139682    1.36261097    1.49058951    1.04757943    1.42949234    1.24156064    1.39157280    1.18202884    1.07773158    1.28252862    1.38947453    1.36903985    1.18167158    1.06398837    0.99291403    1.26587283    1.14514115    0.97026808
G1K941_ANOCA/156-201     0.66822284    0.71287090    0.63193083    0.52140945    0.00000000    1.90744145    2.01719237    2.29194866    1.82931835    1.59055777    1.81066495    2.06258550    1.79697216    1.75554970    1.60456620    1.31908385    1.74730170    1.55572946    1.58399374    1.51792315    1.31276344    1.59073371    1.54886480    1.49359757    1.38856937    1.31870050    1.04995759    1.32000933    1.32108771    1.22407523
G1SZT9_RABIT/176-217     1.33819179    1.69311385    1.67205050    1.79535598    1.90744145    0.00000000    0.51022806    0.44913828    0.59114313    0.56114774    0.58666758    0.54803335    1.49403661    1.51278382    1.40246571    1.27308404    1.55399586    1.85448668    1.73856195    1.53366597    1.21615370    1.12299297    1.27147937    1.35463376    1.53602516    1.45939073    1.21365886    1.17018008    1.31981140    1.19112858
L5JW58_PTEAL/86-127     1.44745711    1.88368406    1.60281646    1.81438611    2.01719237    0.51022806    0.00000000    0.69110175    0.53892028    0.51830312    0.64659630    0.74743582    2.10268182    2.00573020    1.58100148    1.40724875    1.83587729    1.60140004    1.47308132    1.41047269    1.65678714    1.84027871    1.86525255    2.08022277    2.25901495    2.09836997    1.54629433    1.73813299    1.89224591    1.54808015
I3MAJ9_ICTTR/151-194     1.80310998    2.01190451    1.85455099    2.14345958    2.29194866    0.44913828    0.69110175    0.00000000    0.39283001    0.40528217    0.53655664    0.57403588    2.11475768    1.99711456    1.67011608    1.61938226    1.76433023    1.98844476    1.83249705    1.73601169    1.56705348    1.51003256    1.48823355    1.84413254    1.88485850    1.74239723    1.48381485    1.65101411    1.81541006    1.31624936
G5BGA4_HETGA/92-135     1.23999678    1.64355576    1.48839526    1.70845335    1.82931835    0.59114313    0.53892028    0.39283001    0.00000000    0.26699146    0.56628879    0.63143748    1.93155937    2.23086696    1.85056814    1.48316338    1.75249382    1.81296625    1.62362992    1.62833366    1.48998205    1.65342302    1.67083912    1.89434889    1.79717103    1.77479305    1.52972400    1.92082895    2.02717421    1.41890130
H0V0A7_CAVPO/151-194     1.26755336    1.63736524    1.44787060    1.59415715    1.59055777    0.56114774    0.51830312    0.40528217    0.26699146    0.00000000    0.53473762    0.67097144    1.83512358    1.91851911    1.60357072    1.39308532    1.68903487    1.68735900    1.44443090    1.55210523    1.36276348    1.43260564    1.49816751    1.70620921    1.60767002    1.51567640    1.28479179    1.48215622    1.65775873    1.20080728
G3HG66_CRIGR/128-171     1.45261462    2.11735601    1.93283733    2.05765013    1.81066495    0.58666758    0.64659630    0.53655664    0.56628879    0.53473762    0.00000000    0.25820766    2.58669684    2.09234224    1.82126864    1.67113416    1.87378500    2.20591678    1.73478239    1.61283898    1.51860937    1.61747080    1.52525690    1.75809954    1.57446516    1.54892765    1.65322924    1.53615395    1.99275386    1.70464157
NTRK1_RAT/151-194     1.68884728    1.90002453    1.90326117    2.23526920    2.06258550    0.54803335    0.74743582    0.57403588    0.63143748    0.67097144    0.25820766    0.00000000    2.43310656    1.99403566    1.61689651    1.67304011    2.04189267    2.10495246    1.64672386    1.48129862    1.51369224    1.55493886    1.58828423    1.90689671    1.84332302    1.60120739    1.76406665    1.75210505    2.07688312    1.66073567
F6W3P4_XENTR/157-201     1.29715313    1.40635737    1.46150063    1.16139682    1.79697216    1.49403661    2.10268182    2.11475768    1.93155937    1.83512358    2.58669684    2.43310656    0.00000000    1.02332669    1.11295863    0.72714095    1.05367261    1.15393116    1.62775865    1.44514589    1.17698420    0.94232910    0.94845695    1.35592519    1.36998746    1.24323048    1.13674831    1.17797151    1.12179828    1.20018087
NTRK1_CHICK/130-174     1.71133116    1.92540910    1.70211782    1.36261097    1.75554970    1.51278382    2.00573020    1.99711456    2.23086696    1.91851911    2.09234224    1.99403566    1.02332669    0.00000000    0.42532018    0.64411668    1.03610397    1.49687822    1.39009945    1.30209456    1.18858060    1.28868119    1.24496065    1.40571368    1.49763236    1.15777286    1.24113836    1.29423018    1.26294691    1.20562959
U3JK63_FICAL/85-129     1.78506249    1.53830340    1.60603608    1.49058951    1.60456620    1.40246571    1.58100148    1.67011608    1.85056814    1.60357072    1.82126864    1.61689651    1.11295863    0.42532018    0.00000000    0.82956582    1.05612598    1.22105502    1.47867629    1.27435501    1.34684163    1.47151709    1.31095727    1.59292755    1.59597251    1.32192515    1.28709014    1.40940660    1.28663694    1.24392159
H3B7K9_LATCH/80-124     1.25520785    1.28560487    1.23551023    1.04757943    1.31908385    1.27308404    1.40724875    1.61938226    1.48316338    1.39308532    1.67113416    1.67304011    0.72714095    0.64411668    0.82956582    0.00000000    0.94275494    0.98885194    1.19166116    1.08077601    0.84217902    0.92056698    0.85615703    1.13478590    1.03448156    0.95619121    0.96854397    0.91167178    0.97770261    0.90596371
W5LWE4_LEPOC/140-184     1.59869549    1.63749881    1.46010882    1.42949234    1.74730170    1.55399586    1.83587729    1.76433023    1.75249382    1.68903487    1.87378500    2.04189267    1.05367261    1.03610397    1.05612598    0.94275494    0.00000000    0.97394683    1.24048587    1.02798456    1.33549008    1.32039376    1.13409005    1.29946841    1.21508289    1.11104314    1.10721249    1.25087712    1.15813250    1.16077082
G3PIG2_GASAC/141-185     1.63469432    1.30849604    1.21043223    1.24156064    1.55572946    1.85448668    1.60140004    1.98844476    1.81296625    1.68735900    2.20591678    2.10495246    1.15393116    1.49687822    1.22105502    0.98885194    0.97394683    0.00000000    0.82508416    0.56690983    1.44660201    1.37283222    1.41139743    1.74038526    1.73694490    1.35359803    1.61013975    1.65211826    1.50471632    1.56980462
F1QB19_DANRE/140-183     1.43101852    1.70510858    1.18006853    1.39157280    1.58399374    1.73856195    1.47308132    1.83249705    1.62362992    1.44443090    1.73478239    1.64672386    1.62775865    1.39009945    1.47867629    1.19166116    1.24048587    0.82508416    0.00000000    0.72074871    1.25250099    1.33998778    1.33541043    1.62942326    1.48188048    1.17434357    1.29098547    1.43516020    1.46824718    1.20079436
M4AGB7_XIPMA/146-190     1.49649911    1.41293151    1.17283408    1.18202884    1.51792315    1.53366597    1.41047269    1.73601169    1.62833366    1.55210523    1.61283898    1.48129862    1.44514589    1.30209456    1.27435501    1.08077601    1.02798456    0.56690983    0.72074871    0.00000000    1.22995297    1.39204410    1.47951572    1.59941587    1.53125296    1.28247726    1.25266415    1.37911230    1.48942394    1.16082872
W5NB70_LEPOC/53-98     0.86376730    1.13445626    0.99588097    1.07773158    1.31276344    1.21615370    1.65678714    1.56705348    1.48998205    1.36276348    1.51860937    1.51369224    1.17698420    1.18858060    1.34684163    0.84217902    1.33549008    1.44660201    1.25250099    1.22995297    0.00000000    0.47595616    0.54679837    0.48789448    0.50641983    0.41048551    0.45385688    0.52716953    0.59230295    0.53223430
I3J881_ORENI/167-211     1.12857625    1.52838807    1.24593055    1.28252862    1.59073371    1.12299297    1.84027871    1.51003256    1.65342302    1.43260564    1.61747080    1.55493886    0.94232910    1.28868119    1.47151709    0.92056698    1.32039376    1.37283222    1.33998778    1.39204410    0.47595616    0.00000000    0.32243566    0.50316920    0.62993584    0.55230818    0.55367502    0.63593535    0.57646120    0.63667403
M4ANT4_XIPMA/151-195     1.13957376    1.57680039    1.36363503    1.38947453    1.54886480    1.27147937    1.86525255    1.48823355    1.67083912    1.49816751    1.52525690    1.58828423    0.94845695    1.24496065    1.31095727    0.85615703    1.13409005    1.41139743    1.33541043    1.47951572    0.54679837    0.32243566    0.00000000    0.57224707    0.69677022    0.56795009    0.61975612    0.61528862    0.66411193    0.74507438
W5LQ87_ASTMX/123-167     0.90622580    1.41941288    1.27240446    1.36903985    1.49359757    1.35463376    2.08022277    1.84413254    1.89434889    1.70620921    1.75809954    1.90689671    1.35592519    1.40571368    1.59292755    1.13478590    1.29946841    1.74038526    1.62942326    1.59941587    0.48789448    0.50316920    0.57224707    0.00000000    0.46066915    0.30755162    0.51988798    0.60723650    0.69357113    0.66640276
H2S1D2_TAKRU/141-185     0.91750203    1.30639118    1.03896373    1.18167158    1.38856937    1.53602516    2.25901495    1.88485850    1.79717103    1.60767002    1.57446516    1.84332302    1.36998746    1.49763236    1.59597251    1.03448156    1.21508289    1.73694490    1.48188048    1.53125296    0.50641983    0.62993584    0.69677022    0.46066915    0.00000000    0.28208261    0.58810297    0.69201346    0.75315954    0.68016476
G3PPI6_GASAC/80-124     0.85059258    1.23212509    0.93688933    1.06398837    1.31870050    1.45939073    2.09836997    1.74239723    1.77479305    1.51567640    1.54892765    1.60120739    1.24323048    1.15777286    1.32192515    0.95619121    1.11104314    1.35359803    1.17434357    1.28247726    0.41048551    0.55230818    0.56795009    0.30755162    0.28208261    0.00000000    0.63587970    0.71611706    0.72844772    0.72654379
U3J0W9_ANAPP/163-208     0.71500042    1.08457691    0.94430327    0.99291403    1.04995759    1.21365886    1.54629433    1.48381485    1.52972400    1.28479179    1.65322924    1.76406665    1.13674831    1.24113836    1.28709014    0.96854397    1.10721249    1.61013975    1.29098547    1.25266415    0.45385688    0.55367502    0.61975612    0.51988798    0.58810297    0.63587970    0.00000000    0.25830315    0.36570272    0.33063633
H9GQG8_ANOCA/163-208     0.97743715    1.44963480    1.23926133    1.26587283    1.32000933    1.17018008    1.73813299    1.65101411    1.92082895    1.48215622    1.53615395    1.75210505    1.17797151    1.29423018    1.40940660    0.91167178    1.25087712    1.65211826    1.43516020    1.37911230    0.52716953    0.63593535    0.61528862    0.60723650    0.69201346    0.71611706    0.25830315    0.00000000    0.50999336    0.53881662
H3BCE1_LATCH/42-86     1.06560844    1.42708061    1.30915364    1.14514115    1.32108771    1.31981140    1.89224591    1.81541006    2.02717421    1.65775873    1.99275386    2.07688312    1.12179828    1.26294691    1.28663694    0.97770261    1.15813250    1.50471632    1.46824718    1.48942394    0.59230295    0.57646120    0.66411193    0.69357113    0.75315954    0.72844772    0.36570272    0.50999336    0.00000000    0.47666242
F6QXB8_ORNAN/164-209     1.00442632    1.18784474    1.07044743    0.97026808    1.22407523    1.19112858    1.54808015    1.31624936    1.41890130    1.20080728    1.70464157    1.66073567    1.20018087    1.20562959    1.24392159    0.90596371    1.16077082    1.56980462    1.20079436    1.16082872    0.53223430    0.63667403    0.74507438    0.66640276    0.68016476    0.72654379    0.33063633    0.53881662    0.47666242    0.00000000

