149
T1EEQ1_HELRO/413-466     0.00000000    1.04513515    1.11612067    1.07467997    1.09596336    1.20943624    1.17284069    0.94662691    1.04368915    1.02762362    1.04827995    1.57577519    1.19663252    1.13822173    1.31867295    1.44079711    1.05257355    1.06067430    2.58565785    1.50622830    1.80885123    1.82844557    1.31157376    1.23746568    1.66184338    1.81910914    2.54941533    2.03907220    2.04169564    1.39192968    1.43152564    1.49839288    1.44086889    1.79087100    1.96031351    2.31929045    2.05679352    2.75884400    3.46617578    1.52211973    1.56389148    2.26331649    1.64266686    1.51759580    1.71009844    1.14178815    1.60965030    1.68406282    1.81272531    1.78629000    1.91635519    1.89624501    2.28317019    1.79700445    1.92782559    2.28382835    2.00217588    2.56982633    1.64828713    2.21021618    2.44990366    1.82061585    2.02827285    2.08102465    2.20245154    2.65355381    2.08637148    1.98456344    1.63134940    3.11258309    2.78058558    3.41085834    2.68894459    2.45369585    2.61828199    2.77221893    2.36480192    1.66847746    2.34757060    2.30074145    2.64689198    2.70710883    3.03813723    3.05630039    2.62710083    2.14440659    2.84445711    2.41052852    2.79621126    2.54904684    2.67612997    2.35964490    2.13330815    2.07242049    2.27807466    2.71155566    2.40048243    2.71221847    2.55139040    2.27119574    2.22652695    2.22766512    2.40278184    2.87485646    2.35939698    2.90149107    2.45794827    2.43052947    2.75200297    2.37810881    2.66032805    2.85671252    2.26031962    2.56784430    2.49935815    2.17648990    1.90375418    2.46465944    2.87670027    2.11341530    2.46505257    3.62946529    2.77044167    2.32428415    2.27545373    2.39440182    2.97172746    2.40460040    2.02020695    2.10942732    1.63791036    1.78245004    1.58941134    1.93997183    1.52076412    1.77674452    2.51713380    1.70691453    2.16632853    1.86116289    1.96045849    2.12339666    2.20713439    2.05486763    2.19785375    2.12601270    1.54743453    2.21564449    1.90005187
B7P2W7_IXOSC/370-424     1.04513515    0.00000000    1.13192772    1.27397757    1.26138617    1.24122325    1.20571362    1.06745809    1.06237699    1.17557487    1.22532641    1.69411470    1.09103455    1.04551892    1.14144340    1.10767565    1.53208397    1.31317239    2.16407753    1.55319717    1.76032443    2.02425698    1.72263998    1.33357144    1.48413061    1.60235422    2.48357334    1.91926599    1.64713659    1.63979093    1.48583069    2.02579727    1.79411861    1.94307088    2.30012639    2.66079351    1.92603577    2.54215965    3.41656979    1.77910913    1.58893883    2.59225795    1.73517424    2.09857432    2.02606836    1.53474597    2.07451177    1.89225948    1.90291794    1.84954339    2.41853776    1.92234756    2.49320253    1.66164429    1.78882008    2.53385048    2.37283953    2.40067383    2.05597869    2.38839343    2.91193967    2.17867110    2.07643959    2.08659719    2.65382610    2.86428237    2.71499295    2.39713325    2.42611406    3.48387161    3.81167692    4.36578809    3.83225067    4.32619027    3.75466413    3.70972455    2.64551998    2.39024523    2.49255766    2.56680870    3.02052197    2.12861533    3.50767678    3.21071448    2.34297638    2.24782137    2.33534814    2.18281972    2.41135546    2.52977138    2.58046600    2.45512696    2.40005812    2.23391595    2.45472547    2.61541331    2.66779590    2.63443250    2.27649308    2.52587127    2.55422466    2.54699337    2.83361453    2.68613613    2.76937875    2.86817797    2.36254183    2.24655552    2.11094352    1.95038082    2.36970819    2.49064229    1.95844856    2.14748846    2.35203119    2.25212063    2.30608397    2.59551178    3.40263868    2.25679790    2.96172235    3.25495653    3.00406090    2.77781184    2.91297647    2.78294366    2.67343251    3.33778163    2.40700719    2.71112555    2.32626804    2.54524709    2.42795747    2.50013456    2.02940478    2.52355729    3.04190962    2.28574513    2.38868979    2.29574369    2.40357165    2.43833780    2.49663655    2.13998819    2.53913259    2.76975860    2.30783437    2.34163051    2.52692214
C3XU72_BRAFL/368-422     1.11612067    1.13192772    0.00000000    0.92631510    1.03194093    1.19244884    1.11676465    1.10504384    1.20691394    1.08259611    1.08576189    1.30744788    1.01702659    1.02069841    1.08562265    1.09511118    0.93922310    0.94279888    1.62595397    1.33571710    1.41487752    1.40723596    0.94576948    0.82214375    1.16271211    1.21624592    1.71466713    1.61151448    1.78607940    1.42420938    0.93727805    1.24662643    1.59284922    1.30532279    1.57641027    1.99839969    1.56012999    1.93485090    2.38625519    1.68515818    1.33272187    1.54920640    1.29871543    1.11559005    1.17299319    1.40564129    1.76274110    1.27872737    1.60434395    1.56625649    1.78819262    1.51827070    2.09236839    1.88352974    1.79844866    2.34841882    1.96519020    2.27606339    1.89940526    2.21511125    2.63843221    2.01391502    2.12378158    2.14452512    2.17309579    2.78646163    2.11310283    1.75727160    1.92942879    2.46063907    2.64409029    3.13385552    2.51540437    2.10373488    2.68510653    2.47153185    2.12416851    2.15244507    2.28457239    2.91934501    3.11009894    2.06269820    2.77979067    3.43141647    2.52819703    2.35259421    2.32543115    2.29092348    2.52335323    2.35757302    2.47855384    2.33488778    2.41100968    2.45415704    2.34808757    2.64666149    2.16609564    2.66318465    2.40176468    2.39599368    2.32195615    2.36997940    2.28787574    2.49521535    2.29526384    2.46879112    2.47211469    2.45223573    2.47485729    1.99074036    2.17925711    2.47150840    1.96347843    2.43099018    2.35406205    1.75272095    1.74863908    1.83546579    2.40568414    2.03405486    2.08786014    2.91775835    1.93250109    2.21729442    2.20244524    1.93368311    2.13058708    2.77885751    1.68326693    2.28022481    1.89896681    1.88428815    1.68673046    1.92717315    1.58203083    1.89983109    2.49951030    1.99476645    2.26807968    2.03189391    2.08448574    1.79411237    1.67384315    1.35297766    1.81920831    1.85880101    1.53396340    2.03406353    1.82947527
E7FC79_DANRE/412-467     1.07467997    1.27397757    0.92631510    0.00000000    1.29506519    1.44343608    1.18653151    0.93094038    1.24989071    1.18327557    1.23920715    1.66351825    1.47828955    1.37347567    1.48940051    1.54162609    1.11557283    1.32537905    2.07217706    1.62217386    1.63741383    1.71475347    1.43707605    1.24691238    1.41309571    1.28933768    2.26290654    1.70501929    1.83111557    1.30843153    1.18034909    1.53574719    1.35398505    1.42799182    1.76239232    1.98118306    2.08175543    2.12728283    2.41217443    1.65511325    1.40753870    1.80756735    1.47267635    1.42007563    1.65320564    1.68493604    1.78686996    1.70700149    1.95039223    1.88761365    2.03698806    1.84553021    2.16683377    1.82304733    2.05206626    2.41177680    2.09562057    2.70044359    1.80559702    2.30974515    2.72365658    2.11877097    2.22823564    1.99950066    2.19942742    2.59758150    2.23809291    1.73051405    1.67900126    2.48608743    2.44214635    2.78054650    2.39806919    2.19764018    2.35337821    2.20540353    2.28275686    1.97182168    2.08613737    2.39761797    2.44809365    2.12385466    2.68745799    2.76904165    2.15975145    2.10054825    2.51376827    2.40119275    2.35760396    2.43404518    2.37977915    2.59458063    2.40695792    2.26896661    2.38275841    2.71767225    2.35946362    2.52901802    2.36092745    2.19411766    2.15313424    2.34411421    2.07160536    2.46365709    2.16304728    2.73674854    2.54692521    2.03728590    2.11227686    1.85464321    2.14595685    2.27969521    1.91997149    2.16644132    2.01399832    2.08687466    1.93019182    2.12277436    2.91770816    2.66403854    2.62979165    3.11776788    2.39193515    2.65556576    2.20743759    2.10443405    2.20622680    2.39170831    2.17963501    2.09316410    2.03570774    2.17568672    2.01342951    2.29112166    1.82065839    1.93341411    2.23382845    1.77481067    2.17869730    2.06854500    1.93532699    1.97265509    2.08621276    1.81371107    1.99843211    1.85413634    1.60530346    1.86547021    1.75696352
B7Q334_IXOSC/162-217     1.09596336    1.26138617    1.03194093    1.29506519    0.00000000    0.78016079    0.74921061    0.58524332    0.65635508    0.63282330    0.68098972    1.30529154    1.16981268    1.14777512    0.99527614    1.09588541    0.88868582    0.88236708    1.79917948    1.14809801    1.19981153    1.10627404    0.97959194    1.02931093    1.11944832    1.10593746    1.55721342    1.42321232    1.47914770    1.05107041    0.89974174    1.50793028    1.39811666    1.48760562    1.18694207    1.70990171    1.70619244    2.08364565    2.39062564    1.67002872    1.19032350    1.89668166    1.17761396    1.20742349    1.53639142    1.18536991    1.64476798    1.32829833    1.63499577    1.46666321    1.58123708    1.56001841    1.89729157    1.57127308    1.54036787    2.00950267    1.74152355    1.72495817    1.58835479    1.64785073    2.01005727    1.77647679    1.83133192    1.64395463    2.22394572    2.37288161    1.94270657    2.02228572    1.75240422    2.61414822    2.63302594    2.81087487    2.60904688    2.49237559    2.32233221    2.50144577    1.97676378    1.94021673    2.07202977    2.32339069    2.33681191    2.15928904    2.80182576    2.79023093    2.25153258    2.34462201    2.48927859    2.43899052    2.23630006    1.99533864    2.21634239    2.08689747    1.82682470    2.00640894    2.10130956    2.16438449    2.15873884    2.45919255    2.44291044    2.51216607    2.20869981    2.00585063    2.35568632    2.41155533    2.11804580    2.23935040    2.17318842    2.14215148    2.01273718    1.89306594    2.03379208    2.37392969    1.91005310    1.96743904    2.32308357    1.73224447    1.83746980    2.45402645    2.28571992    2.14330281    2.16386191    3.11836814    2.03551811    1.97760446    2.03672527    1.78580876    1.86450583    2.14897952    2.03133186    2.26004995    1.86194185    1.99665558    1.91446594    1.96954860    1.60163172    1.91253876    2.22812885    1.77302257    2.14028676    2.07883996    1.98012449    2.00124011    2.15747327    1.72180169    2.16938935    2.35795968    1.72470376    1.86346053    1.73787971
E9GNX1_DAPPU/389-444     1.20943624    1.24122325    1.19244884    1.44343608    0.78016079    0.00000000    0.73351687    0.65656583    0.87160858    0.76547815    0.83817171    1.52830368    0.86588055    0.87910575    0.90850236    0.92008286    1.12210985    1.06052459    2.15730300    1.53696180    1.44831774    1.51968359    1.38570412    1.27944000    1.19949430    1.34311022    1.59745694    1.18562656    1.67396373    1.39595772    1.21874624    1.36938194    1.66834489    1.47659754    1.84296335    2.24372295    1.82378495    1.90383826    2.25846785    1.62385606    1.34016339    1.96514134    1.52681919    1.68398015    1.54925485    1.12288904    1.77431143    1.77119136    1.80457087    1.72964342    2.05418590    1.79735362    1.90605854    1.77772420    1.65814898    2.25328823    1.99102380    2.19092341    1.82897828    2.15118406    2.46874942    2.06085032    1.97914509    2.07301436    2.48569574    2.60391229    2.31615699    2.37939381    2.06956537    2.85693639    2.89399397    2.51509299    2.88066155    2.38185877    2.54360407    3.19727651    2.14115305    2.65878504    2.52443937    2.30726609    2.24138934    1.93183611    3.03732680    3.27667776    2.38276278    2.60629865    2.43355485    2.24873162    2.61936398    2.53806380    2.48949903    2.22923412    2.29417406    2.43371830    2.23159841    2.46299501    2.08143391    2.42076673    2.52845072    2.47890171    2.48054561    2.58120669    2.50658287    2.61694501    2.27795989    2.70928138    2.55282726    2.52099275    2.15169164    2.05793373    2.12667317    2.28000821    2.01243961    2.27218808    2.50373397    2.02621095    2.03673711    2.60212492    2.22884468    2.12883304    1.95402044    3.08199830    1.97027495    2.01606019    1.70407416    2.45289261    2.48591202    2.89010920    2.63358747    2.64064820    2.65278971    2.52680076    2.32675851    2.31757356    2.36142698    2.88601815    1.97309964    2.28922325    2.22158929    2.41498999    2.54025003    2.16172109    2.40701614    2.27804445    2.37420583    2.57067865    2.13749577    2.46641174    1.85258288
J9K0C5_ACYPI/414-469     1.17284069    1.20571362    1.11676465    1.18653151    0.74921061    0.73351687    0.00000000    0.30969415    0.54920992    0.38302020    0.41349049    1.19342718    0.98393169    0.91787534    1.07591668    1.03820647    1.09783539    0.93689889    1.98511726    1.34838540    1.45218700    1.52856993    1.16377178    1.01690654    1.16263405    1.19883116    1.78677913    1.29327481    1.29180277    1.32929788    1.08552856    1.50741904    1.16201432    1.29407103    1.42922611    1.44026708    1.46809007    2.39460268    2.53532111    1.46718411    1.39408168    1.78202133    1.32268371    1.45806515    1.33938175    1.23463557    1.38345825    1.32529009    1.28909571    1.20581704    1.39157815    1.48970631    1.68339097    1.52162962    1.51947454    1.97586579    1.71043874    2.03458335    1.61523786    1.59969076    1.59816622    1.51773671    1.64089236    1.60882246    1.88391331    2.04131286    1.77162764    1.80062628    1.63987615    2.68036241    2.81003639    2.30406017    3.17945304    2.54003980    2.60626869    2.72225020    2.04248943    2.39102663    2.60034391    2.11549515    2.71257854    2.30169902    2.73360859    2.59267931    2.39690847    2.21586233    2.30061012    2.25126261    2.20711566    2.25924967    2.30917457    2.12068435    2.10072969    2.43221752    2.21188096    2.17697849    1.91778256    2.11694078    2.24293231    2.00200388    1.90519447    1.96411327    1.87920642    2.06205053    2.29586132    2.26797438    2.15991323    1.82532495    2.14352262    2.03282571    2.19123567    2.56803014    2.27935082    2.43820259    2.45549069    1.91703911    1.80354432    2.59063246    2.24062975    2.08754535    1.99733800    2.80864603    1.87638395    1.92266133    1.64009138    1.88411034    2.03186492    2.19440860    2.24683506    2.28712861    2.30429416    2.30329146    2.15535326    2.29738848    1.96023582    2.17777506    1.92342869    1.66634587    1.57792786    1.66986920    1.97347035    1.76149610    1.73870729    1.59530673    1.92556515    1.75112112    1.39224784    1.73905086    2.15146002
B0XBZ6_CULQU/439-493     0.94662691    1.06745809    1.10504384    0.93094038    0.58524332    0.65656583    0.30969415    0.00000000    0.30128379    0.35463797    0.36304388    1.10602727    1.01291908    0.95011796    1.02641498    1.12075866    1.00589049    0.87261275    2.13356773    1.38244934    1.43521144    1.47685533    1.10262352    0.97634670    1.12917302    1.38318765    1.57929385    1.35710351    1.33454280    1.14632519    0.89464885    1.46124949    1.07187592    1.36960227    1.36818489    1.46276536    1.44427606    2.15851473    2.51773218    1.16634624    1.05531572    1.54200700    0.99733744    1.26992619    1.44231445    1.12804299    1.41314978    1.51779454    1.47029352    1.33583273    1.67177669    1.72599008    2.05923848    1.75412935    1.68936483    2.27530734    1.88664854    2.18516181    1.81754785    2.16112813    2.29125906    1.66155466    1.68172658    1.38487758    1.96757405    2.13338891    1.74139089    1.65318172    1.46176282    2.59975843    2.77834184    2.82914990    2.92925696    2.35204893    2.10889583    2.34852693    1.57276431    2.11934931    2.26266850    1.86190777    2.11277217    1.98007070    2.45406982    2.40500592    2.10164350    1.90308614    2.03444353    1.90816868    2.02906517    1.92313326    2.10457501    1.88219953    1.91998007    1.85349796    1.82002971    2.11293590    1.66918343    1.88571271    2.12773349    1.93194304    1.83630526    1.83868942    1.83096418    1.89025726    1.77373776    2.12139216    1.98234124    1.70036252    1.94021614    1.76753323    1.75360120    2.05346270    1.91531820    2.10959696    2.28059685    1.67394477    1.53575061    2.36601789    2.39788834    1.93516084    2.25866608    3.63423397    2.11474227    2.14348248    1.87176534    1.90958912    2.17838668    2.70377559    2.29835374    2.46087703    2.29961298    2.42263594    2.15645686    2.39264519    2.06246362    1.99035379    1.73489772    1.83423610    2.04217126    1.96977786    2.00659190    1.97877638    1.92343630    1.78930481    2.32653204    2.19347184    1.76898233    2.08273215    1.87970312
B4L5R6_DROMO/438-492     1.04368915    1.06237699    1.20691394    1.24989071    0.65635508    0.87160858    0.54920992    0.30128379    0.00000000    0.56157210    0.49015363    1.45460441    1.03211089    1.02144861    1.07562351    1.11524145    1.10410226    1.08705922    1.93993535    1.24439636    1.37742015    1.40313552    1.32537319    1.17538552    1.28613929    1.66216684    1.99767775    1.47129847    1.25431238    1.25717172    1.10748237    1.60205664    1.25752236    1.46349568    1.44779476    1.42943821    1.38083625    2.46553215    2.75037663    1.33220435    1.26161266    1.82731754    1.32199826    1.51697670    1.77294663    1.18364072    1.42122330    1.30681045    1.33064598    1.34660380    1.52626001    1.51849612    1.81450503    1.54832739    1.39048927    1.97087964    1.62871994    2.12107889    1.81113567    1.91641500    1.84447604    1.54047306    1.40668280    1.25948051    1.52118117    1.70298601    1.49795817    1.36720420    1.31258989    2.05402351    2.37598968    2.50563850    2.99593715    2.51361043    2.46082509    2.77072643    1.58963696    1.87731016    2.00077510    2.09342281    2.25081905    1.90394908    2.39900003    2.25659133    2.08546896    1.82434283    1.95437393    1.88309403    1.91553504    1.76082169    2.09612779    1.87156608    1.70913773    1.82952334    1.74312508    1.97719194    1.70294160    1.86614289    1.97650863    2.10830926    1.87746237    1.89251776    1.84212708    2.09126670    1.92555261    1.98238204    2.00738137    1.81314424    1.88535527    1.85264985    1.85880047    2.14163511    1.90007937    2.14035422    2.13699970    1.54528194    1.70096386    2.27296056    2.50885389    2.17146956    2.18998583    3.62606113    2.31277660    2.30553957    2.09132503    2.04119218    2.51874408    2.11063891    2.45485430    2.22330916    1.90459236    1.96276223    1.78753814    2.14258751    1.68050089    1.90288193    1.69251071    1.70713344    1.65441654    1.64509300    1.82857564    1.84501717    1.74543307    1.69420806    1.95460950    1.98573402    1.57139270    1.76092220    2.01925752
T1HU68_RHOPR/370-422     1.02762362    1.17557487    1.08259611    1.18327557    0.63282330    0.76547815    0.38302020    0.35463797    0.56157210    0.00000000    0.28037870    1.10956179    1.00772229    0.94104162    1.06267012    1.03762308    0.96013092    0.75815889    1.84615280    1.37325534    1.41842251    1.50488502    1.22032528    1.12469267    1.16912386    1.21049260    1.67425959    1.24368562    1.33241442    1.37532397    1.15509982    1.58446394    1.11402345    1.53905896    1.41837126    1.40368116    1.44983577    2.37308086    2.70218853    1.46119130    1.34529764    1.94594944    1.43477129    1.29395070    1.25631626    1.22392001    1.42417926    1.23470067    1.42942029    1.32183812    1.55186769    1.50821252    2.07489222    1.56286634    1.46477539    1.81266961    1.80320728    2.19672748    1.63706885    1.81142660    1.88875819    1.81736898    1.93855882    1.47798904    1.82248978    2.07198639    1.72994988    1.94099636    1.71555564    2.58559543    2.87706017    2.95074888    2.97080408    2.55870672    2.44990543    2.44053016    1.79656367    2.14849191    2.15457691    1.87008947    2.11727690    2.15915663    2.64951151    2.57742384    2.23811752    2.08535632    2.30473761    2.19134240    2.21242543    2.15332899    2.20336411    2.02661344    2.08994100    1.89899427    1.92400969    1.92360629    1.93793268    2.21924791    2.19064635    1.88396571    1.78247360    1.86768244    2.15755738    2.04753261    2.00519138    2.06270379    2.09467558    2.06852192    2.16277095    1.72863346    1.82963003    2.31965329    1.84473229    2.23489989    2.41238899    1.97421394    2.02360858    2.88739215    2.28404126    2.43464897    2.15047715    3.11251755    2.22178355    1.78909981    1.99144450    1.91759043    2.29375991    2.30135534    2.26320127    2.50625772    2.32671596    2.52562983    2.31889986    2.65350287    2.02954686    2.33704989    2.29792279    1.82686910    1.69634544    1.70958468    2.02268885    1.96764321    1.96857755    1.90554790    2.27981165    2.05422624    1.63993620    2.00017021    2.05014736
E0VHC3_PEDHC/403-458     1.04827995    1.22532641    1.08576189    1.23920715    0.68098972    0.83817171    0.41349049    0.36304388    0.49015363    0.28037870    0.00000000    1.22996707    0.99928157    1.04445864    0.95712921    0.96714975    1.01771966    1.00195705    2.04038794    1.44972413    1.35436673    1.48269167    1.18417280    1.00837528    1.20484783    1.37527854    1.85579985    1.38240970    1.41766281    1.34381108    1.07680751    1.49640510    0.97120699    1.59894200    1.49324545    1.54238740    1.63508700    2.69942310    3.10332290    1.36226441    1.36525469    1.76164947    1.26852769    1.39803889    1.37873144    1.11142439    1.54730645    1.35960618    1.35405551    1.35798988    1.47798383    1.63083512    1.97127559    1.62126577    1.40537560    2.04007994    1.75902342    2.06991039    1.69847278    1.82024904    1.97643980    1.88696217    1.97039157    1.52255598    1.94016027    2.17000299    1.69700857    2.12563616    1.71780565    2.92622588    3.11350304    3.16314832    3.18798872    2.71194859    2.46086610    2.70406904    1.80391822    2.12020322    2.37628515    1.99054041    2.13129417    1.93863822    2.58443339    2.39000232    2.14583718    1.98669136    2.16854810    2.03011201    2.05569918    2.02992888    1.96681324    1.90818397    1.85369599    1.89607453    1.89032696    1.98539288    1.78974989    2.00427010    2.19568766    2.04251699    1.92039970    1.79954840    2.01764176    1.95367666    1.83567764    2.14322466    2.02536424    1.80323780    1.96992448    1.79187291    1.82212313    2.27998799    1.93830180    2.31090187    2.31272950    1.67796800    1.85070188    2.49848263    2.09468698    2.05556849    1.92515872    2.94328161    1.79665299    2.02026803    1.83435487    1.97908848    2.44408833    2.31175119    2.41176518    2.72065920    2.62380816    2.58556011    2.62991309    2.66210282    2.29952720    2.48542072    2.25849892    2.01566448    1.95003673    1.96153229    2.11942292    2.08608841    2.19870264    1.99681297    2.26771427    2.10421172    1.64271315    1.82847887    1.94458472
Q9U300_CAEEL/394-445     1.57577519    1.69411470    1.30744788    1.66351825    1.30529154    1.52830368    1.19342718    1.10602727    1.45460441    1.10956179    1.22996707    0.00000000    1.20175492    1.13888948    1.26206074    1.09588305    1.57724915    1.77057385    2.73549554    2.15149718    2.21398074    2.42174858    1.50418269    1.44768410    1.38404063    1.65494265    1.95775139    1.46962895    1.50019326    1.48628533    1.65236512    1.76518765    1.65312046    1.29391860    1.77016940    1.40542051    1.65020079    1.61443432    2.00347048    1.71404390    1.42590648    1.38672836    1.70353710    1.39063260    1.38889822    1.58440160    1.75308167    1.84948747    2.05931498    1.80702163    1.79701100    1.91334901    2.13474436    1.84752159    1.86538994    2.60094324    2.29204189    2.42454152    1.98199777    2.70806314    2.52035192    2.00411249    1.88916369    1.83206234    2.04448927    2.11020207    2.01446874    2.20398343    1.83236751    2.29283335    2.35889496    2.54453588    2.26154559    1.96411746    2.82609380    2.47854054    2.25165970    2.63824763    2.17738884    2.24933589    2.49702258    2.17948396    2.30585212    3.03821542    2.04746029    2.42709639    2.32993516    2.24359500    2.24574841    2.15908455    2.17835611    1.83785506    2.28412617    1.72935156    1.98949375    2.23735978    1.88072078    2.27748677    2.13086114    1.99552434    1.87882643    1.92560695    2.03008822    2.06711328    1.98967809    2.25384292    2.22450743    2.45628887    2.62576780    2.23069475    2.41572874    2.45628508    1.98661511    2.01790689    2.18372043    2.22971529    2.37430799    2.01853985    2.86383233    2.87202609    2.51462224    4.26928829    2.36659303    2.52236000    2.52597297    2.04536650    2.39076602    3.78313979    2.27971489    2.32475768    2.11669788    2.49750136    2.20142290    1.84684073    2.05741957    2.83679405    2.66114324    2.69527611    2.79007499    2.34436761    2.72087055    2.04925560    2.12037927    1.87678264    2.43920792    2.48495737    2.21583688    2.65932320    2.10826519
J9JRD9_ACYPI/405-461     1.19663252    1.09103455    1.01702659    1.47828955    1.16981268    0.86588055    0.98393169    1.01291908    1.03211089    1.00772229    0.99928157    1.20175492    0.00000000    0.40404379    0.34518430    0.39725306    0.91877599    1.25253568    2.09759770    1.40955941    1.60530264    1.57211262    1.00953081    1.07131973    1.10710856    1.31255213    1.49796565    1.45415733    1.47695427    1.25723860    1.09678197    1.06530065    1.47384194    1.13655712    1.81924509    1.67399328    1.21570102    1.78100865    2.07154484    1.66926154    1.35437379    1.97855872    1.45072286    1.49479732    1.66759158    1.20886052    1.25967057    1.47281550    1.32643257    1.28401957    1.35505946    1.29096173    1.33784514    1.27275080    1.38557246    1.58658391    1.63661765    1.86722137    1.66506485    1.74149535    1.92999332    1.77216591    1.65237579    1.74012365    1.86361094    2.15759047    1.88303349    1.85072843    1.68290892    2.64590351    2.70840583    2.76445006    2.77213128    2.20042574    2.99780786    3.01330968    2.03829427    1.79105218    2.02891035    2.53563619    2.46535103    1.84962548    2.40657756    2.69734309    1.81473833    1.97379331    1.96987387    1.94691592    1.99084539    1.92689015    2.31381495    1.93858517    2.04004541    2.01645497    1.92937686    2.29207551    2.00331212    2.02733829    2.02391642    2.17013521    2.23900834    2.20419462    2.47541893    2.09638505    2.15191013    2.32588638    2.20247345    2.31276098    2.28354540    1.81904469    2.01299377    2.02920707    1.75560222    2.17080233    2.07815664    1.74725071    2.04980428    2.07108743    2.41031799    2.33909309    2.36728807    3.55971654    2.10809925    2.28367360    2.15593877    2.00238249    1.95756463    2.61679892    1.72314524    2.11403471    1.71830544    1.70331618    1.62813951    1.80045791    1.41321248    1.94306415    1.96784329    1.65481852    1.95905671    1.79721724    1.91689398    1.94388676    1.91610028    1.71467519    1.70822533    1.78773789    1.62301987    1.92937056    1.76529022
Q7QK89_ANOGA/404-459     1.13822173    1.04551892    1.02069841    1.37347567    1.14777512    0.87910575    0.91787534    0.95011796    1.02144861    0.94104162    1.04445864    1.13888948    0.40404379    0.00000000    0.26250144    0.29050553    1.11170928    1.32519689    2.30683021    1.56798933    1.69827295    1.70873364    1.13714499    1.03374126    1.12546814    1.39795254    1.68241751    1.40400004    1.42115950    1.28888539    1.00814575    0.96379620    1.55109053    1.13474946    1.55078699    1.75998074    1.41387806    1.79764881    1.93611033    1.65537428    1.53676110    1.90026069    1.60264434    1.46114477    1.45090243    1.07814266    1.41723757    1.39644385    1.52572685    1.38813511    1.50081015    1.23771748    1.84452435    1.44631146    1.52851228    1.89950720    1.73432297    2.03318891    1.66122960    1.79674744    2.00969445    1.90296870    1.76227481    2.00542777    1.85941897    2.30296997    1.80537893    1.80184205    1.50343847    2.39663069    2.40728133    2.20913588    2.66558126    2.28295680    2.58663524    2.90975835    1.84148614    1.75421815    1.94598304    2.29991719    2.28222011    1.96319991    2.32539991    2.58382564    1.92135818    1.78220735    2.11424218    1.93049356    2.24681289    2.13716752    2.28291463    1.84695507    2.01423384    1.90022129    1.93645982    2.28128179    1.88569972    1.93187605    2.02390766    1.83122541    1.90526827    2.06589946    2.14488833    2.04896772    2.00729476    2.19216600    2.00648013    2.08836141    2.39110864    1.86063086    2.03526463    2.04489077    1.73190369    2.11836474    2.11457390    1.70542941    1.81975717    2.29583841    2.17152408    2.73761177    2.17199047    3.53611643    2.32293776    2.10980045    1.96587448    1.85340408    2.08734114    2.83268369    1.99886127    1.80800388    1.65003645    1.82771186    1.50238970    1.82889401    1.26539819    1.53097335    1.81188652    1.60472961    1.87653417    1.59361236    1.90955237    1.72674507    1.80167901    1.72121502    1.84224228    1.59731583    1.45298316    1.88678622    2.08959552
D6W886_TRICA/395-451     1.31867295    1.14144340    1.08562265    1.48940051    0.99527614    0.90850236    1.07591668    1.02641498    1.07562351    1.06267012    0.95712921    1.26206074    0.34518430    0.26250144    0.00000000    0.29024618    1.19575065    1.30631533    2.03037222    1.32845081    1.52974371    1.46079076    1.21868609    1.15623799    1.30201535    1.42046640    1.47649367    1.27775614    1.33996342    1.20277309    1.02790497    1.16319322    1.45089168    1.40957319    1.84112869    2.17027000    1.49258388    2.13633453    2.30562865    1.71946961    1.67110904    2.11079415    1.55262919    1.59980188    1.92082776    1.20077056    1.70546525    1.78286256    1.70167118    1.57839282    1.72928593    1.47201742    1.79634910    1.67934941    1.74775372    2.04332696    2.10936020    1.99129324    1.94148060    2.05871880    2.32284506    2.08416441    1.93811969    2.10276674    2.07099359    2.55482671    1.97740621    2.00047722    1.64582561    2.58800385    2.68802989    2.59896932    3.01891390    2.72474520    2.81178783    3.01367375    1.74155337    1.89445707    1.90728483    2.27977042    2.12698245    1.73522399    2.46964424    2.82460092    1.78676762    2.09039659    1.92092189    1.81048857    1.87233648    1.83929137    2.04729873    1.71823280    1.83209244    1.78563505    1.79971948    2.04354268    1.96443388    1.80814253    1.74000455    1.95633161    2.03209138    1.95834340    2.21648474    1.93553446    1.93028455    2.12251523    1.85915125    2.28010162    2.15359780    1.69313253    1.85724106    1.88404186    1.59916956    1.80296630    2.11661728    1.52531712    1.97832162    2.34120006    2.12597496    2.54164185    2.26858182    3.44284388    2.16127723    1.95367979    1.83972051    2.13628417    2.35828796    2.92901517    2.07461392    2.04297348    1.76492922    1.87635547    1.63838013    1.81325374    1.45271489    1.87277235    2.08646050    1.81806237    2.16337610    1.75478684    1.82715474    2.18816086    2.06632610    1.96283313    1.70982535    1.76072507    1.70148391    1.89963461    1.88789837
E2A5M7_CAMFO/431-487     1.44079711    1.10767565    1.09511118    1.54162609    1.09588541    0.92008286    1.03820647    1.12075866    1.11524145    1.03762308    0.96714975    1.09588305    0.39725306    0.29050553    0.29024618    0.00000000    1.25941993    1.42077232    2.29693174    1.52818585    1.67953442    1.68963185    1.35002656    1.23206772    1.38588168    1.51784398    1.92191184    1.65214720    1.46044876    1.59642576    1.23508893    1.22160179    1.50338152    1.39542772    1.84196888    1.93334333    1.62840032    1.99275334    2.22951301    1.77343215    1.56705389    2.11841794    1.76602848    1.68563735    1.62347635    1.33065184    1.82045634    1.55821218    1.61823705    1.47775326    1.70805039    1.43591012    1.81906486    1.46195117    1.52818984    2.15154788    1.87947912    2.15161166    1.94773094    2.11151635    2.38152622    2.22570555    2.07001934    2.14906366    1.99372881    2.40567443    1.83823278    1.99293117    1.73289970    2.46201719    2.56275833    2.53375184    2.88504010    2.44569225    3.09728275    2.95376383    1.83540587    2.02385550    2.17517580    2.27942868    2.32895745    1.77123618    2.58936434    2.95237545    2.11328875    2.25017560    1.79652995    1.78190823    1.98937725    1.96568664    2.13759384    1.76216179    1.95145406    1.89836132    1.85064365    2.16711620    1.77805867    1.87259892    1.93547642    2.08519957    2.07458303    2.12255643    2.32440325    2.13059363    2.00780515    2.06532814    1.87518257    2.66966625    2.33062471    1.81397409    2.10460179    2.16194588    1.57036583    1.94767625    2.35483653    1.40168759    2.09230071    2.35925837    2.31318757    2.79511978    2.16508705    3.78233258    2.28090706    2.19650592    1.84589744    1.93927163    2.22264659    2.71057572    1.94062019    2.05858828    2.14678994    2.15602457    2.00017566    2.08662868    1.60414818    2.23031445    2.30696175    2.07836181    2.03117549    1.81508284    2.22026810    1.94489636    1.88902228    1.79893637    1.97060584    1.93001096    1.66044328    2.00451947    2.01039936
A0A0D2WWX4_CAPO3/409-463     1.05257355    1.53208397    0.93922310    1.11557283    0.88868582    1.12210985    1.09783539    1.00589049    1.10410226    0.96013092    1.01771966    1.57724915    0.91877599    1.11170928    1.19575065    1.25941993    0.00000000    0.58972075    1.56779369    1.00898221    1.20100922    1.06715333    0.44021141    0.50119956    0.65704567    0.62845614    1.08590389    1.13804501    1.46321415    1.02329694    0.71410824    1.17550500    1.18234792    0.88555953    1.29428107    1.33458502    1.52536016    1.44618836    1.80058914    1.38409268    0.76201584    1.09535905    0.71469432    0.73269849    0.82475053    1.10073444    1.05116454    1.09501893    1.20560158    1.29656931    1.34165274    1.35832939    1.50767217    1.53374035    1.45872817    1.68660240    1.53131802    1.83745443    1.51919189    1.56041585    1.96587007    1.63191580    1.61312816    1.41274333    1.63579425    1.74144539    1.41763599    1.71987591    1.83851752    2.22322570    2.40692866    2.16050991    2.07200258    1.89796003    1.87055313    2.03313614    1.73335664    1.47203949    1.75803598    1.80589095    1.98198879    1.89258184    2.66368762    2.60361631    2.23637017    2.10032770    2.23293486    2.00388404    1.80580792    1.70069516    1.92837316    1.77068673    1.91854706    2.09360808    2.03266878    2.02785072    1.87041672    2.02930412    2.19583079    2.13296140    1.83048279    1.75961057    1.74041282    2.13934228    1.83507106    2.03208398    2.08323965    1.67824608    1.78023750    1.67962623    1.92561154    2.33909186    1.81526388    2.22555339    1.92435827    1.66155939    1.87313655    2.02593016    1.87380832    1.90946328    1.55367479    2.62798138    1.69597073    1.68736715    1.76309879    1.38704871    1.58321968    2.08181552    1.45742676    2.12615313    1.59459482    1.58852141    1.57576040    1.65839300    1.37167136    1.54406378    1.79728515    1.33298936    1.56843107    1.66408500    1.38337784    1.75953188    1.66747127    1.52970943    1.63972139    1.82929343    1.32073366    1.55080825    1.54101936
D2QWJ7_PIRSD/369-423     1.06067430    1.31317239    0.94279888    1.32537905    0.88236708    1.06052459    0.93689889    0.87261275    1.08705922    0.75815889    1.00195705    1.77057385    1.25253568    1.32519689    1.30631533    1.42077232    0.58972075    0.00000000    1.18539056    0.77517519    0.96201184    0.89417653    0.73867617    0.73710277    0.87079802    0.84760397    1.45697035    1.08370919    1.51335745    1.12793527    0.99310245    1.40533662    1.02572414    0.97765515    1.56863048    1.65765462    1.56583229    2.10258729    2.48365116    1.42120928    0.99819355    1.41135626    1.02044230    1.09268951    1.05047343    1.21958292    1.38207269    1.37778893    1.38403756    1.42497529    1.70225575    1.56972250    1.96807380    1.74691067    1.81262044    2.00128161    1.68102297    1.99815591    1.61078199    1.57978271    2.01405381    1.68381639    1.65125992    1.50239972    1.71268838    1.92222061    1.48370278    1.73912596    1.77464306    2.24338285    2.52499144    2.16394439    1.98036744    1.99061091    1.85944257    2.13521745    1.96599546    2.08625355    2.42865790    2.25446075    2.35817317    2.49749144    3.02226334    2.78144845    2.46562296    2.20255929    2.62648102    2.38698156    2.59925156    2.45999118    2.54206077    2.42914647    2.27130463    2.40729819    2.16729387    2.42528122    2.52712570    2.80209905    2.72317692    2.51898788    2.48865948    2.18823232    2.40517146    2.80054909    2.58323372    2.65787398    2.60314123    2.10828397    2.33134784    2.26613272    2.54829988    2.95900953    2.28526634    2.59983233    2.43241478    1.69051796    1.90281037    2.06608094    2.01385123    1.92348935    1.64917897    2.72072506    1.93146873    1.55471579    1.72621390    1.72183380    1.87380322    1.97331308    1.77964401    2.05255964    1.97966701    2.01814165    1.79803057    1.72333307    1.66369925    1.90398233    2.08087702    1.58250753    1.30321641    1.50146119    1.68728099    1.79338500    1.61425567    1.49273125    1.93038092    2.04842781    1.67558365    1.73243186    1.64046953
