16
C3ZG24_BRAFL/1-302     0.00000000    0.38281103    0.53955458    0.70805994    1.74731402    0.60670774    0.60885681    0.64213859    0.55633457    0.62776081    0.51954292    0.53018380    0.58356201    0.60286078    0.59777194    0.45359617
F1SAB0_PIG/1-297     0.38281103    0.00000000    0.47856621    0.74352079    1.73300563    0.69534684    0.63873869    0.66838071    0.55698255    0.64061561    0.54860105    0.53252971    0.57340526    0.59891535    0.64098602    0.48495253
A7SKC9_NEMVE/1-296     0.53955458    0.47856621    0.00000000    0.81998945    1.75468984    0.80266730    0.76201033    0.81451431    0.63404527    0.74058539    0.70033129    0.62339052    0.69889798    0.72412082    0.74732318    0.57695602
B3RNI8_TRIAD/1-298     0.70805994    0.74352079    0.81998945    0.00000000    1.61841162    0.91429826    0.85507191    0.88370659    0.88681177    0.89534354    0.80265958    0.79156863    0.84088433    0.83109349    0.78404446    0.75098826
F2UG61_SALR5/5-293     1.74731402    1.73300563    1.75468984    1.61841162    0.00000000    1.70268025    1.69762574    1.67187868    1.62702542    1.79540635    1.52400865    1.58481484    1.59996610    1.74696125    1.70484826    1.60541575
H2ZI58_CIOSA/1-305     0.60670774    0.69534684    0.80266730    0.91429826    1.70268025    0.00000000    0.22661213    0.77085196    0.74400290    0.77656906    0.70178216    0.71473968    0.75821277    0.78466000    0.73080112    0.62375344
H2XUU5_CIOIN/1-303     0.60885681    0.63873869    0.76201033    0.85507191    1.69762574    0.22661213    0.00000000    0.79291163    0.72299965    0.75016626    0.71582078    0.64505976    0.74353734    0.74799591    0.69208648    0.61500575
T1EDA8_HELRO/1-308     0.64213859    0.66838071    0.81451431    0.88370659    1.67187868    0.77085196    0.79291163    0.00000000    0.59875574    0.70834939    0.72570463    0.68731190    0.73246989    0.76247399    0.75248414    0.64498597
K1PDZ9_CRAGI/1-296     0.55633457    0.55698255    0.63404527    0.88681177    1.62702542    0.74400290    0.72299965    0.59875574    0.00000000    0.71705293    0.64871303    0.65554107    0.67778536    0.62685678    0.67162049    0.53123067
E9H193_DAPPU/1-319     0.62776081    0.64061561    0.74058539    0.89534354    1.79540635    0.77656906    0.75016626    0.70834939    0.71705293    0.00000000    0.49581009    0.53315100    0.53629289    0.53846178    0.57478855    0.39901004
J9JQD0_ACYPI/1-293     0.51954292    0.54860105    0.70033129    0.80265958    1.52400865    0.70178216    0.71582078    0.72570463    0.64871303    0.49581009    0.00000000    0.36890785    0.32351093    0.41513626    0.41433487    0.26043744
H9JE74_BOMMO/1-294     0.53018380    0.53252971    0.62339052    0.79156863    1.58481484    0.71473968    0.64505976    0.68731190    0.65554107    0.53315100    0.36890785    0.00000000    0.28437270    0.32471247    0.32281090    0.25033668
Q5TNB0_ANOGA/1-296     0.58356201    0.57340526    0.69889798    0.84088433    1.59996610    0.75821277    0.74353734    0.73246989    0.67778536    0.53629289    0.32351093    0.28437270    0.00000000    0.23119321    0.21466179    0.26271299
B4NA75_DROWI/1-302     0.60286078    0.59891535    0.72412082    0.83109349    1.74696125    0.78466000    0.74799591    0.76247399    0.62685678    0.53846178    0.41513626    0.32471247    0.23119321    0.00000000    0.25550861    0.35249067
T1GX87_MEGSC/1-297     0.59777194    0.64098602    0.74732318    0.78404446    1.70484826    0.73080112    0.69208648    0.75248414    0.67162049    0.57478855    0.41433487    0.32281090    0.21466179    0.25550861    0.00000000    0.36610291
E0VPB3_PEDHC/1-291     0.45359617    0.48495253    0.57695602    0.75098826    1.60541575    0.62375344    0.61500575    0.64498597    0.53123067    0.39901004    0.26043744    0.25033668    0.26271299    0.35249067    0.36610291    0.00000000

