57
L0E129_THIND/48-121     0.00000000    1.19215141    1.30711981    1.14998064    1.63074753    1.61996576    1.55405245    1.67243860    1.88678362    1.59070846    1.96741551    2.02535909    1.79607583    1.93643903    1.31251498    1.28381547    1.63902869    1.80162458    1.90015596    2.30112587    1.49284970    1.49622406    1.84600308    1.77527979    1.44190354    1.86660442    1.82717425    1.91953607    1.71578618    1.51548575    1.54569937    1.59413373    2.17276211    2.02915524    3.95586461    2.02466341    2.00978615    1.98686735    1.69241874    1.86200138    1.94460675    1.73248818    2.28628084    2.01831656    2.23200230    2.17830911    2.30809754    2.01244192    1.80170677    1.99457045    1.65281035    1.62946352    1.69506228    1.97801477    1.77667853    1.92162157    1.55460915
S6BK56_9GAMM/30-101     1.19215141    0.00000000    1.02274451    0.92224368    1.07175520    1.14373233    0.97095639    1.19019884    1.16487857    1.45312814    1.27986448    1.37112228    1.45700500    1.45963528    1.03917144    1.12821769    1.25434176    1.52928098    1.49106751    1.64305001    1.35235128    1.22351892    1.54103629    1.33965689    1.20099859    1.27795400    1.34849539    1.19927981    1.36788854    1.29776025    1.17022335    1.55607999    1.83415520    1.71127904    2.25363840    1.78481431    1.92396668    1.69370064    1.23529713    1.70758932    1.39551054    1.31302419    1.83162971    1.47371397    1.69977899    1.86516256    1.90869781    1.98172780    1.72519493    1.46191413    1.40608724    1.50831735    1.65550719    1.52783516    1.47100673    1.38562501    1.23858231
A1WZ71_HALHL/26-99     1.30711981    1.02274451    0.00000000    0.74424991    1.18077343    1.39688759    1.17575201    1.45748333    1.78576262    1.73548454    1.96057659    1.92405152    1.72502996    1.92042912    1.27047381    1.23030924    1.57875264    1.87569050    1.74756208    1.99399230    1.57179332    1.26072232    1.39719917    1.40646774    1.33383823    1.56107276    1.26236330    1.32657839    1.55779028    1.57687718    1.34904309    1.80724168    1.96057246    2.20964564    3.55066146    2.46053855    2.26908351    2.25440011    1.55744819    2.08442281    1.86262374    1.38453388    2.08696332    1.74141635    1.90434598    1.89609063    1.98776294    2.08249331    1.73853263    1.96259555    1.73673342    1.72918268    1.81409536    1.77842572    1.68399963    1.82336484    1.48266065
Q0AC42_ALKEH/33-106     1.14998064    0.92224368    0.74424991    0.00000000    1.14857912    1.40341752    1.24547039    1.41363192    1.54276693    1.27235220    1.23287566    1.19181979    1.11204609    1.32457173    0.95962458    0.97622942    1.17579217    1.78923354    1.50064856    1.73978579    1.16014470    1.14226843    1.40749502    1.28167477    1.23806710    1.15045146    1.47070352    1.43402196    1.33460362    1.58983140    1.41398303    1.47157194    1.93151901    2.13673543    2.95435606    1.93765274    1.68624287    1.86557452    1.37471044    1.71235567    1.41397964    1.26310433    1.73700037    1.50665488    1.44163989    1.70154847    1.80418469    1.75015603    1.34877713    1.52278683    1.39915541    1.46729738    1.38658308    1.57064433    1.61488216    1.83037753    1.32224352
I1YIX4_METFJ/33-105     1.63074753    1.07175520    1.18077343    1.14857912    0.00000000    1.05005551    0.90312812    1.17818165    1.48741850    1.27213085    1.42949410    1.47043812    1.77159884    1.64631856    1.26755317    1.49395837    1.20476753    2.02135230    1.58595801    1.73046924    1.51693590    1.56851298    1.63046942    1.70402818    1.53161926    1.55699794    1.60169772    1.60472803    1.81013993    1.68374209    1.62964774    1.46999453    1.88454682    1.83569578    2.66777033    1.82994710    1.86151052    1.80894138    1.57094261    2.27923718    1.69571769    1.30504599    1.72614561    1.56979566    1.75267258    1.88386592    1.73516756    2.10708481    1.88325640    1.79787487    1.86278194    1.89483931    2.00011507    1.49786437    1.64975973    1.69864000    1.60342256
Q3JER6_NITOC/37-110     1.61996576    1.14373233    1.39688759    1.40341752    1.05005551    0.00000000    0.31824859    1.18714809    1.41057190    1.27243287    1.38784892    1.48816901    1.67161916    1.41605670    0.85629802    1.03125917    1.34347079    1.95193097    1.68462407    1.69683744    1.29171555    1.27781553    1.48302851    1.38097529    1.23160401    1.39293306    1.21568625    1.48163097    1.55654667    1.57460941    1.31709463    1.76970552    1.60619775    1.52653783    2.31511414    1.77956279    1.72256823    1.56368962    1.53493149    2.20275131    1.58011135    1.79644587    1.70289783    1.69426944    1.91761342    1.71610753    1.41869577    2.09393207    1.76719311    1.87902718    1.74248904    1.70252901    1.62555782    1.52227097    1.80856080    1.63903571    1.02881798
D5C4X2_NITHN/36-109     1.55405245    0.97095639    1.17575201    1.24547039    0.90312812    0.31824859    0.00000000    1.10411097    1.25528918    1.28468208    1.47643548    1.45544241    1.68940304    1.46183180    0.94160476    0.90751449    1.33934664    2.08611167    1.56324781    1.53345543    1.25108337    1.15479942    1.47743332    1.39614159    1.22563207    1.39243800    1.21777645    1.51239661    1.51554306    1.65017137    1.34974392    1.75620279    1.68827201    1.64475955    2.46315616    1.85282880    1.84254898    1.70654297    1.46333270    2.17022427    1.35525020    1.30361065    1.28778107    1.40494137    1.66763119    1.61066083    1.54658559    2.13623345    1.58020858    1.69376026    1.67257683    1.62579087    1.73310747    1.48267746    1.55919805    1.51928455    1.24089582
I3Y9U4_THIV6/30-102     1.67243860    1.19019884    1.45748333    1.41363192    1.17818165    1.18714809    1.10411097    0.00000000    0.66181804    1.36217074    1.37565308    1.24849116    1.44338590    1.15648815    1.26769688    1.35125855    1.36866727    1.64371770    2.05422031    1.99215340    1.57105212    1.31194561    1.43119079    1.55239249    1.52063527    1.60172361    1.68937130    1.83604081    1.79733916    1.73629973    1.80526179    1.93178683    2.04353660    1.68400927    2.64869511    1.79731235    1.84312998    1.71685180    1.25814235    1.87660899    1.70751308    1.42319712    1.48100482    1.36681230    1.48442590    1.53813337    1.57155772    2.02777512    1.54197331    1.58908991    1.57766551    1.56452464    1.57830316    1.37058580    1.81837516    1.37266337    1.39478944
W0E0F8_MARPU/32-105     1.88678362    1.16487857    1.78576262    1.54276693    1.48741850    1.41057190    1.25528918    0.66181804    0.00000000    1.12571524    1.63031327    1.38372974    1.51038863    1.17510865    1.72895563    1.60309096    1.59829435    1.86372031    2.10371022    2.13856827    1.52024747    1.78488078    1.97995106    1.93580769    1.77643477    1.67287074    2.24321206    2.15659684    1.93557322    1.95617943    1.99054500    1.82580153    2.38883919    1.64002908    1.96900871    1.41816570    1.48592253    1.50477250    1.39468566    1.93097910    1.74812129    1.51888677    1.72657552    1.41347071    1.59361719    1.63682059    1.75094184    2.27888601    1.70097325    1.72369236    1.69198662    2.03527485    1.89147770    1.57591603    1.92134490    1.62790102    1.87233474
H8L145_FRAAD/39-111     1.59070846    1.45312814    1.73548454    1.27235220    1.27213085    1.27243287    1.28468208    1.36217074    1.12571524    0.00000000    0.66481719    0.78441113    0.84760174    0.81553126    1.32477921    1.54875460    1.37834278    1.46238440    1.62853973    1.53815371    1.14432753    1.40114935    1.55916503    1.25024575    1.43802143    1.55782361    1.60421340    1.73666895    1.64196976    1.36633445    1.56129205    1.21424158    1.86426007    1.51052795    2.28629325    1.45500095    1.55405441    1.51998726    1.33922563    1.61367171    1.34220638    1.53121250    1.74471863    1.53287897    1.67822341    1.86391577    1.67741470    2.47851447    1.89022965    1.99389047    1.65602898    1.68652187    1.59709290    1.48133692    1.61591344    1.70944519    1.38870369
Q9PC86_XYLFA/27-98     1.96741551    1.27986448    1.96057659    1.23287566    1.42949410    1.38784892    1.47643548    1.37565308    1.63031327    0.66481719    0.00000000    0.43696107    0.69574821    0.61603047    1.56936533    1.52198453    1.28904232    1.37163745    1.66813428    1.40914612    1.35376787    1.33248757    1.49015674    1.43241462    1.23949561    1.99810660    1.41271029    1.57107786    1.76277965    1.46063666    1.63795720    1.66337056    1.98447114    1.85206141    2.35600929    1.76067197    1.71729408    1.82017760    1.59080424    1.88945657    1.47335768    2.08309450    2.59967878    2.00243815    2.16986384    2.29200125    2.17912685    2.43475375    1.84551210    1.91848363    1.96260993    1.97077929    1.77437646    1.53361999    1.65896287    1.68363883    1.63616424
D2U9H1_XANAP/12-86     2.02535909    1.37112228    1.92405152    1.19181979    1.47043812    1.48816901    1.45544241    1.24849116    1.38372974    0.78441113    0.43696107    0.00000000    0.44101760    0.33938877    1.47616152    1.50228107    1.43909253    1.63571574    1.66535964    1.76050882    1.36260602    1.22271147    1.38887295    1.24403159    1.24660414    1.74112718    1.45141133    1.46714020    1.70271833    1.40096746    1.75763373    1.60476225    2.09727287    2.43062231    3.26197715    1.95731194    1.86714628    1.90776059    1.69326080    2.07212219    1.69679175    1.79569993    2.35051224    1.66081567    1.91623964    1.97362758    1.78449914    2.39863654    1.60856062    2.02301062    1.92372736    1.96305037    1.88535846    1.82076236    1.70449367    1.69634466    1.68614642
G7UPU4_PSEUP/22-93     1.79607583    1.45700500    1.72502996    1.11204609    1.77159884    1.67161916    1.68940304    1.44338590    1.51038863    0.84760174    0.69574821    0.44101760    0.00000000    0.36005226    1.40135057    1.58958240    1.42893249    1.67241210    1.47083422    1.62826651    1.19389047    1.34910799    1.34800392    1.25005438    1.10263508    1.61038428    1.42569418    1.52303211    1.61304297    1.29779754    1.70777915    1.96599012    2.36128436    2.21213247    3.36740247    2.11009623    1.85440470    2.00799774    1.52003542    1.60939259    1.87382454    1.80253324    2.10860984    1.71039292    1.94634228    1.93388722    1.79249085    2.28618707    1.67819579    2.14009468    1.65316436    1.91407054    1.83986433    1.77959081    1.78826866    1.66804350    1.44941458
Q8P6F4_XANCP/26-98     1.93643903    1.45963528    1.92042912    1.32457173    1.64631856    1.41605670    1.46183180    1.15648815    1.17510865    0.81553126    0.61603047    0.33938877    0.36005226    0.00000000    1.19753503    1.39541024    1.40612074    1.57217268    1.86242641    1.66173066    1.31925725    1.39954908    1.38732746    1.23710047    1.51830465    1.85575235    1.74934877    1.74785681    1.84982706    1.38692077    1.82295103    1.76112993    1.89567223    2.09340096    2.50630517    1.83669854    1.74131782    1.85681217    1.60649451    1.98961029    1.83396923    1.89880867    2.40848668    1.90313794    2.13729813    2.18421794    2.10287618    2.71635087    1.78911728    2.09622093    2.02881009    2.09091660    1.96920844    1.83816534    1.65203822    1.94050649    1.56621315
W8L2Z6_9GAMM/31-102     1.31251498    1.03917144    1.27047381    0.95962458    1.26755317    0.85629802    0.94160476    1.26769688    1.72895563    1.32477921    1.56936533    1.47616152    1.40135057    1.19753503    0.00000000    0.64516009    1.30205208    1.59462086    1.59632598    1.60025435    0.96219522    1.20775753    1.29364181    1.19662358    1.31945174    1.32268162    1.16781046    1.33964621    1.33090955    1.30101594    1.16800624    1.53966987    1.93802290    1.97865625    2.74622473    2.10133726    1.91819121    1.89687609    1.61880525    1.75002921    1.48861878    1.48467421    1.57254983    1.44611192    1.44386440    1.74242167    1.55184180    1.50843523    1.41596574    1.49885398    1.40918486    1.42313437    1.56783562    1.57992865    1.65214656    1.72452323    1.09770680
B8GUI7_THISH/36-108     1.28381547    1.12821769    1.23030924    0.97622942    1.49395837    1.03125917    0.90751449    1.35125855    1.60309096    1.54875460    1.52198453    1.50228107    1.58958240    1.39541024    0.64516009    0.00000000    1.42567611    1.79050969    1.48783191    1.61086314    1.08519093    1.33022519    1.36629522    1.43801096    1.32821011    1.08315271    1.11420850    1.26340975    1.49272561    1.40462315    1.34925122    1.57632184    1.93967180    1.85462851    2.62734030    1.89616734    1.77762765    1.83088518    1.54366428    1.89768875    1.30898786    1.24463700    1.49190720    1.25788649    1.14451278    1.48983861    1.33408479    1.78596272    1.24124180    1.24745186    1.33683513    1.31874934    1.38810798    1.36414220    1.44235247    1.62391642    1.10824997
Q609K2_METCA/37-110     1.63902869    1.25434176    1.57875264    1.17579217    1.20476753    1.34347079    1.33934664    1.36866727    1.59829435    1.37834278    1.28904232    1.43909253    1.42893249    1.40612074    1.30205208    1.42567611    0.00000000    1.22968816    1.36458955    1.53545753    1.21230288    1.20717065    1.31389940    1.28258311    1.24752946    1.08546906    1.45443148    1.16086997    1.44834103    1.32507506    1.37966838    1.79602534    1.78061403    1.51467278    2.62031368    1.70892328    1.51527684    1.50115697    1.18733231    1.33402760    1.33103738    1.48918778    1.83666592    1.46190891    1.53290800    1.70406368    1.75272784    1.86322875    1.79728660    1.83669809    1.66596876    1.86046722    1.83981074    1.49498439    1.70120586    1.32056837    1.60707015
Q83F57_COXBU/73-145     1.80162458    1.52928098    1.87569050    1.78923354    2.02135230    1.95193097    2.08611167    1.64371770    1.86372031    1.46238440    1.37163745    1.63571574    1.67241210    1.57217268    1.59462086    1.79050969    1.22968816    0.00000000    1.70015879    2.03833523    1.74432779    1.54000638    1.44879259    1.52541680    1.52879454    1.47574219    1.77334150    1.91705071    1.63175884    1.57610466    1.66247417    1.87777942    2.04402520    1.77763739    2.71035326    2.12037452    1.70357116    1.68546568    1.51322186    1.70307552    2.00936854    1.72470312    2.12847139    1.92379085    2.06456034    2.19460188    2.37806286    1.82363491    1.72853868    1.68659508    1.72984515    1.65821787    1.62591134    1.55899837    1.67331941    1.40942548    1.28432257
C5ABQ1_BURGB/44-115     1.90015596    1.49106751    1.74756208    1.50064856    1.58595801    1.68462407    1.56324781    2.05422031    2.10371022    1.62853973    1.66813428    1.66535964    1.47083422    1.86242641    1.59632598    1.48783191    1.36458955    1.70015879    0.00000000    1.22689600    1.13887637    1.52509275    1.44507175    1.52041350    1.44033678    1.55856057    1.64484474    1.60066947    1.55710516    1.31929103    1.56623774    2.01524002    2.19291178    2.74673189    3.28115584    2.72479657    2.23361837    2.38746523    2.00896786    2.20517946    2.07153238    1.58760510    1.92080171    1.90463290    1.85359791    1.97584121    2.07092145    2.30775465    2.03026787    2.34811327    1.75581137    2.29516686    2.13390021    2.01578541    2.26747382    1.81885636    1.62700570
D9SCJ8_GALCS/34-109     2.30112587    1.64305001    1.99399230    1.73978579    1.73046924    1.69683744    1.53345543    1.99215340    2.13856827    1.53815371    1.40914612    1.76050882    1.62826651    1.66173066    1.60025435    1.61086314    1.53545753    2.03833523    1.22689600    0.00000000    0.64592091    1.38824419    1.34074725    1.16774409    1.33455236    1.50626416    1.43072571    1.31208325    1.60973391    1.40638481    1.56452786    2.57362550    2.32122780    2.42403416    2.61381123    2.05977678    2.11475971    1.93656116    1.70830312    2.31121008    1.33767966    1.66547729    2.02923022    2.14533375    2.18067142    2.22929479    2.09162089    2.49750673    2.10413526    2.04176659    1.75423457    2.14826157    2.13726569    1.91720979    1.59261143    1.62218391    1.92357171
D5CMS6_SIDLE/32-114     1.49284970    1.35235128    1.57179332    1.16014470    1.51693590    1.29171555    1.25108337    1.57105212    1.52024747    1.14432753    1.35376787    1.36260602    1.19389047    1.31925725    0.96219522    1.08519093    1.21230288    1.74432779    1.13887637    0.64592091    0.00000000    1.03502814    0.84603293    0.90898848    0.92443465    1.14314137    1.25381035    1.30007277    1.12964601    1.20445968    1.32003160    2.09695601    2.01249773    2.10392985    2.49800847    2.01642372    1.84673722    1.85553781    1.50653858    1.79357374    1.13059559    1.48387125    1.58628726    1.64739608    1.70576713    1.83694643    1.80361894    1.64858273    1.53156482    1.67937782    1.45827119    1.45116001    1.55910038    1.60325201    1.74702382    1.65631791    1.49670323
Q82XN7_NITEU/40-113     1.49622406    1.22351892    1.26072232    1.14226843    1.56851298    1.27781553    1.15479942    1.31194561    1.78488078    1.40114935    1.33248757    1.22271147    1.34910799    1.39954908    1.20775753    1.33022519    1.20717065    1.54000638    1.52509275    1.38824419    1.03502814    0.00000000    0.69424358    0.85077901    0.98746949    1.28405944    1.20075254    1.40690330    1.35697601    1.25953607    1.21674900    2.21201787    1.94014284    1.98706848    3.04015828    2.19565446    2.00074205    2.05980698    1.76647677    2.53573499    1.83691238    1.71906146    2.00529499    1.96619292    2.39137630    2.44716080    2.18567937    2.09849893    1.80062952    1.85873496    1.80061630    1.76538082    1.72353349    1.76976103    1.77059974    1.77238232    1.63657725
F8GGH3_NITSI/40-113     1.84600308    1.54103629    1.39719917    1.40749502    1.63046942    1.48302851    1.47743332    1.43119079    1.97995106    1.55916503    1.49015674    1.38887295    1.34800392    1.38732746    1.29364181    1.36629522    1.31389940    1.44879259    1.44507175    1.34074725    0.84603293    0.69424358    0.00000000    0.63861540    1.08256535    1.30510881    1.45646551    1.62131064    1.50982714    1.18128224    1.33793172    2.26234969    2.22626638    2.24047430    2.96815234    2.38761558    2.04845992    2.17989607    1.52997460    2.27030916    1.83499881    1.73912348    2.11430931    1.91460149    1.97087349    2.20320369    2.13832510    2.35098630    1.50774461    1.60484576    1.58854262    1.49603812    1.50534311    1.59878031    1.61040304    1.99270199    1.65530771
Q2Y5H2_NITMU/46-118     1.77527979    1.33965689    1.40646774    1.28167477    1.70402818    1.38097529    1.39614159    1.55239249    1.93580769    1.25024575    1.43241462    1.24403159    1.25005438    1.23710047    1.19662358    1.43801096    1.28258311    1.52541680    1.52041350    1.16774409    0.90898848    0.85077901    0.63861540    0.00000000    0.92113062    1.26159368    1.25850110    1.26288498    1.34978158    1.22236545    1.33404668    2.07530735    2.32184024    2.12222130    3.14810931    2.05401937    2.03494430    1.93257762    1.24474875    2.20031138    1.71464317    1.68407259    2.01838688    1.79604553    2.19702428    2.42473596    2.18248289    2.22415096    1.99562229    1.68592420    1.62405680    1.70202351    1.55597659    1.61132283    1.56834230    1.82029864    1.66849622
Q5P4Z4_AROAE/40-110     1.44190354    1.20099859    1.33383823    1.23806710    1.53161926    1.23160401    1.22563207    1.52063527    1.77643477    1.43802143    1.23949561    1.24660414    1.10263508    1.51830465    1.31945174    1.32821011    1.24752946    1.52879454    1.44033678    1.33455236    0.92443465    0.98746949    1.08256535    0.92113062    0.00000000    1.02185271    0.92530008    1.01470061    1.17570550    1.33334056    1.30457718    1.97263656    2.32013317    2.13587773    3.31368452    2.43622866    2.33205035    2.11332621    1.39739367    1.92049439    1.92180443    1.49586296    2.34489618    1.81052176    2.26851994    2.07239285    2.15323980    2.23524998    1.73583740    1.84687498    1.46728720    1.57044387    1.58507070    1.59173753    1.60958908    1.44904907    1.48813232
Q3SGT6_THIDA/48-122     1.86660442    1.27795400    1.56107276    1.15045146    1.55699794    1.39293306    1.39243800    1.60172361    1.67287074    1.55782361    1.99810660    1.74112718    1.61038428    1.85575235    1.32268162    1.08315271    1.08546906    1.47574219    1.55856057    1.50626416    1.14314137    1.28405944    1.30510881    1.26159368    1.02185271    0.00000000    1.13106935    1.10504900    0.96951455    1.09957129    1.10638456    2.28213846    2.17556473    1.63062169    2.77676087    1.93246710    1.78405525    1.85261479    1.21085540    1.74302395    1.62853538    1.26481437    1.52937048    1.54145192    1.38459649    1.58938996    1.49433266    2.05735358    1.62369208    1.68786112    1.50795260    1.63410193    1.66325023    1.48606190    1.42568054    1.18861683    1.51333582
D7DMT9_METV0/59-132     1.82717425    1.34849539    1.26236330    1.47070352    1.60169772    1.21568625    1.21777645    1.68937130    2.24321206    1.60421340    1.41271029    1.45141133    1.42569418    1.74934877    1.16781046    1.11420850    1.45443148    1.77334150    1.64484474    1.43072571    1.25381035    1.20075254    1.45646551    1.25850110    0.92530008    1.13106935    0.00000000    0.48987829    0.91133558    0.94434954    0.89943859    1.82950086    1.72935557    1.88293074    2.84885052    2.18962797    1.90930994    1.77142694    1.48045083    2.05651904    1.40763229    1.89087867    1.80596826    1.44252764    1.71520278    1.53596874    1.54391469    1.89443980    1.78010332    1.91521001    1.63566427    1.68670219    1.75085564    1.42686832    1.52942550    1.56877424    1.16074019
C6WZ31_METML/59-131     1.91953607    1.19927981    1.32657839    1.43402196    1.60472803    1.48163097    1.51239661    1.83604081    2.15659684    1.73666895    1.57107786    1.46714020    1.52303211    1.74785681    1.33964621    1.26340975    1.16086997    1.91705071    1.60066947    1.31208325    1.30007277    1.40690330    1.62131064    1.26288498    1.01470061    1.10504900    0.48987829    0.00000000    1.06325318    1.00366988    1.09423961    2.08173611    1.97950489    1.88731968    2.81562166    1.99709590    1.94473404    1.77755417    1.42980469    1.62194628    1.34357537    1.71050064    1.82321689    1.23675385    1.56650912    1.45331588    1.34854554    2.06793484    1.85362612    1.78476593    1.47541251    1.57733867    1.64002414    1.39740975    1.50492795    1.33202516    1.47130066
G2IVB6_PSEUL/43-116     1.71578618    1.36788854    1.55779028    1.33460362    1.81013993    1.55654667    1.51554306    1.79733916    1.93557322    1.64196976    1.76277965    1.70271833    1.61304297    1.84982706    1.33090955    1.49272561    1.44834103    1.63175884    1.55710516    1.60973391    1.12964601    1.35697601    1.50982714    1.34978158    1.17570550    0.96951455    0.91133558    1.06325318    0.00000000    0.47809334    0.66302328    2.16081133    3.00101105    2.30067108    3.63528595    2.49524136    2.24440151    2.36785712    1.61900209    1.71936470    1.84133340    1.57105179    2.01246218    1.77771838    2.18459124    1.88398195    2.12440157    2.46487463    1.90626709    2.28478313    1.79707279    1.76208232    1.82699524    1.38294637    1.66909618    1.76028264    1.46391065
Q7P1V1_CHRVO/36-108     1.51548575    1.29776025    1.57687718    1.58983140    1.68374209    1.57460941    1.65017137    1.73629973    1.95617943    1.36633445    1.46063666    1.40096746    1.29779754    1.38692077    1.30101594    1.40462315    1.32507506    1.57610466    1.31929103    1.40638481    1.20445968    1.25953607    1.18128224    1.22236545    1.33334056    1.09957129    0.94434954    1.00366988    0.47809334    0.00000000    0.43180969    1.80616407    2.60960464    2.21110912    3.48566239    2.33299926    2.08236689    1.99153040    1.45791446    1.88740890    1.50756827    1.68357656    2.04565622    1.63385692    1.85786875    2.00584071    1.87337049    2.47670679    1.68494873    1.73762514    1.51500222    1.70532742    1.59422757    1.31738220    1.59358165    1.54161350    1.34467272
C1D6B3_LARHH/36-109     1.54569937    1.17022335    1.34904309    1.41398303    1.62964774    1.31709463    1.34974392    1.80526179    1.99054500    1.56129205    1.63795720    1.75763373    1.70777915    1.82295103    1.16800624    1.34925122    1.37966838    1.66247417    1.56623774    1.56452786    1.32003160    1.21674900    1.33793172    1.33404668    1.30457718    1.10638456    0.89943859    1.09423961    0.66302328    0.43180969    0.00000000    1.80784236    2.28701265    2.28218750    3.78575433    2.47423282    2.32124951    2.40383089    1.46854816    1.90517427    1.53919848    1.85739107    2.20470553    1.75678644    2.33619052    1.96656925    2.13113166    2.07587256    1.80677683    1.93986212    1.85392403    1.80494969    1.81171367    1.39746388    1.52326301    1.61071494    1.41552882
Q31H77_HYDCU/27-100     1.59413373    1.55607999    1.80724168    1.47157194    1.46999453    1.76970552    1.75620279    1.93178683    1.82580153    1.21424158    1.66337056    1.60476225    1.96599012    1.76112993    1.53966987    1.57632184    1.79602534    1.87777942    2.01524002    2.57362550    2.09695601    2.21201787    2.26234969    2.07530735    1.97263656    2.28213846    1.82950086    2.08173611    2.16081133    1.80616407    1.80784236    0.00000000    1.86222821    1.50485514    2.08863788    1.55192186    1.45710870    1.18567755    1.49646618    2.15920279    1.64725574    1.53894888    1.69410813    1.51639457    1.68523714    1.98935644    1.76780930    2.05451459    1.82250510    1.77747504    1.68013799    1.46692956    1.71929462    1.72197054    1.88809608    1.76837515    1.60744035
Q7VR82_BLOFL/44-116     2.17276211    1.83415520    1.96057246    1.93151901    1.88454682    1.60619775    1.68827201    2.04353660    2.38883919    1.86426007    1.98447114    2.09727287    2.36128436    1.89567223    1.93802290    1.93967180    1.78061403    2.04402520    2.19291178    2.32122780    2.01249773    1.94014284    2.22626638    2.32184024    2.32013317    2.17556473    1.72935557    1.97950489    3.00101105    2.60960464    2.28701265    1.86222821    0.00000000    1.09510935    1.34422875    1.01792170    1.13108820    0.92553011    1.96707698    1.79586047    1.81934357    1.67441001    2.02141920    2.15537127    2.05567436    2.31359969    2.27956867    2.10154814    1.94563755    2.10268308    1.97012832    2.10881123    2.00199236    1.79396054    1.83712631    1.79565612    1.48096548
M1RJE7_MORMO/37-112     2.02915524    1.71127904    2.20964564    2.13673543    1.83569578    1.52653783    1.64475955    1.68400927    1.64002908    1.51052795    1.85206141    2.43062231    2.21213247    2.09340096    1.97865625    1.85462851    1.51467278    1.77763739    2.74673189    2.42403416    2.10392985    1.98706848    2.24047430    2.12222130    2.13587773    1.63062169    1.88293074    1.88731968    2.30067108    2.21110912    2.28218750    1.50485514    1.09510935    0.00000000    0.91269935    0.43870663    0.47501511    0.40245457    1.05466021    1.40255305    1.24437040    1.29476856    1.21723930    1.29128274    1.30065988    1.39697896    1.28914959    1.72613500    1.28239241    1.45430339    1.43973471    1.32222230    1.33757485    1.25437466    1.43228382    1.45540825    1.33676048
Q1LTZ1_BAUCH/38-113     3.95586461    2.25363840    3.55066146    2.95435606    2.66777033    2.31511414    2.46315616    2.64869511    1.96900871    2.28629325    2.35600929    3.26197715    3.36740247    2.50630517    2.74622473    2.62734030    2.62031368    2.71035326    3.28115584    2.61381123    2.49800847    3.04015828    2.96815234    3.14810931    3.31368452    2.77676087    2.84885052    2.81562166    3.63528595    3.48566239    3.78575433    2.08863788    1.34422875    0.91269935    0.00000000    0.98083248    1.10235374    0.93310617    1.93532513    2.66068696    1.64846434    2.19823030    2.50623065    2.61843046    2.51528355    2.29185011    2.44890097    3.03641093    1.93480365    2.10527223    1.99805993    2.29035869    2.05363552    1.87951471    1.90354279    2.04034990    2.06905380
Q8ZQT4_SALTY/37-112     2.02466341    1.78481431    2.46053855    1.93765274    1.82994710    1.77956279    1.85282880    1.79731235    1.41816570    1.45500095    1.76067197    1.95731194    2.11009623    1.83669854    2.10133726    1.89616734    1.70892328    2.12037452    2.72479657    2.05977678    2.01642372    2.19565446    2.38761558    2.05401937    2.43622866    1.93246710    2.18962797    1.99709590    2.49524136    2.33299926    2.47423282    1.55192186    1.01792170    0.43870663    0.98083248    0.00000000    0.30942850    0.25353785    0.97731367    1.30190361    1.08050236    1.12182025    1.29827035    1.21471272    1.22900309    1.39899638    1.31666471    2.08435133    1.37405022    1.31106173    1.39680024    1.38098715    1.37431403    1.31557114    1.21689765    1.28406891    1.50986296
H2IWI6_RAHAC/37-112     2.00978615    1.92396668    2.26908351    1.68624287    1.86151052    1.72256823    1.84254898    1.84312998    1.48592253    1.55405441    1.71729408    1.86714628    1.85440470    1.74131782    1.91819121    1.77762765    1.51527684    1.70357116    2.23361837    2.11475971    1.84673722    2.00074205    2.04845992    2.03494430    2.33205035    1.78405525    1.90930994    1.94473404    2.24440151    2.08236689    2.32124951    1.45710870    1.13108820    0.47501511    1.10235374    0.30942850    0.00000000    0.31786962    1.00837427    1.36593768    1.13853590    1.11820835    1.30698964    1.33881254    1.26623598    1.44715096    1.37844315    1.79528727    1.10133501    1.33467826    1.50811020    1.40895113    1.36166159    1.34079207    1.47186877    1.49977671    1.49482155
Q6D7F0_PECAS/37-111     1.98686735    1.69370064    2.25440011    1.86557452    1.80894138    1.56368962    1.70654297    1.71685180    1.50477250    1.51998726    1.82017760    1.90776059    2.00799774    1.85681217    1.89687609    1.83088518    1.50115697    1.68546568    2.38746523    1.93656116    1.85553781    2.05980698    2.17989607    1.93257762    2.11332621    1.85261479    1.77142694    1.77755417    2.36785712    1.99153040    2.40383089    1.18567755    0.92553011    0.40245457    0.93310617    0.25353785    0.31786962    0.00000000    0.94613869    1.24649450    1.02306207    1.08550004    1.11062735    1.11613168    1.17846211    1.18158028    1.14791027    1.59569907    1.22486518    1.17248704    1.28343908    1.34655202    1.32853984    1.25665012    1.27405486    1.12062401    1.17387727
A0KP91_AERHH/54-129     1.69241874    1.23529713    1.55744819    1.37471044    1.57094261    1.53493149    1.46333270    1.25814235    1.39468566    1.33922563    1.59080424    1.69326080    1.52003542    1.60649451    1.61880525    1.54366428    1.18733231    1.51322186    2.00896786    1.70830312    1.50653858    1.76647677    1.52997460    1.24474875    1.39739367    1.21085540    1.48045083    1.42980469    1.61900209    1.45791446    1.46854816    1.49646618    1.96707698    1.05466021    1.93532513    0.97731367    1.00837427    0.94613869    0.00000000    0.95187691    0.78649475    0.73107940    0.94924355    0.87098897    0.91333589    0.93854246    0.99016216    1.60199719    1.20642122    1.00931740    0.97700149    0.93568985    1.04870240    1.03400051    0.97405452    0.91586920    1.04321470
H2FXB5_OCESG/32-107     1.86200138    1.70758932    2.08442281    1.71235567    2.27923718    2.20275131    2.17022427    1.87660899    1.93097910    1.61367171    1.88945657    2.07212219    1.60939259    1.98961029    1.75002921    1.89768875    1.33402760    1.70307552    2.20517946    2.31121008    1.79357374    2.53573499    2.27030916    2.20031138    1.92049439    1.74302395    2.05651904    1.62194628    1.71936470    1.88740890    1.90517427    2.15920279    1.79586047    1.40255305    2.66068696    1.30190361    1.36593768    1.24649450    0.95187691    0.00000000    1.17021274    0.98151186    1.24647180    1.01350775    1.04752176    1.12032329    1.27726068    1.72822740    1.05673253    1.26525366    1.39131036    1.32568042    1.32152859    0.95366141    1.31049574    1.03899378    1.03659641
C4LBM0_TOLAT/26-101     1.94460675    1.39551054    1.86262374    1.41397964    1.69571769    1.58011135    1.35525020    1.70751308    1.74812129    1.34220638    1.47335768    1.69679175    1.87382454    1.83396923    1.48861878    1.30898786    1.33103738    2.00936854    2.07153238    1.33767966    1.13059559    1.83691238    1.83499881    1.71464317    1.92180443    1.62853538    1.40763229    1.34357537    1.84133340    1.50756827    1.53919848    1.64725574    1.81934357    1.24437040    1.64846434    1.08050236    1.13853590    1.02306207    0.78649475    1.17021274    0.00000000    0.87277193    1.19802954    1.06315769    1.12577299    1.21923483    0.96620451    1.48347036    1.03902023    1.16185235    1.06365811    1.07213124    1.13178069    1.08783879    1.23708710    1.01613675    1.17930406
E1SLC4_FERBD/36-111     1.73248818    1.31302419    1.38453388    1.26310433    1.30504599    1.79644587    1.30361065    1.42319712    1.51888677    1.53121250    2.08309450    1.79569993    1.80253324    1.89880867    1.48467421    1.24463700    1.48918778    1.72470312    1.58760510    1.66547729    1.48387125    1.71906146    1.73912348    1.68407259    1.49586296    1.26481437    1.89087867    1.71050064    1.57105179    1.68357656    1.85739107    1.53894888    1.67441001    1.29476856    2.19823030    1.12182025    1.11820835    1.08550004    0.73107940    0.98151186    0.87277193    0.00000000    0.79562549    0.84637578    0.85702455    0.96730358    0.92776015    1.53398957    0.86172166    0.86321692    0.89660266    0.85809597    0.92080531    1.08951831    1.03418482    1.01721597    1.10697089
D4ZJB4_SHEVD/36-111     2.28628084    1.83162971    2.08696332    1.73700037    1.72614561    1.70289783    1.28778107    1.48100482    1.72657552    1.74471863    2.59967878    2.35051224    2.10860984    2.40848668    1.57254983    1.49190720    1.83666592    2.12847139    1.92080171    2.02923022    1.58628726    2.00529499    2.11430931    2.01838688    2.34489618    1.52937048    1.80596826    1.82321689    2.01246218    2.04565622    2.20470553    1.69410813    2.02141920    1.21723930    2.50623065    1.29827035    1.30698964    1.11062735    0.94924355    1.24647180    1.19802954    0.79562549    0.00000000    0.42381765    0.46733311    0.50153600    0.48929726    1.45546875    1.14077305    1.07384857    1.07811802    1.16267975    1.23802519    1.13159336    1.06873974    1.05635525    0.99865294
Q8EDK0_SHEON/31-106     2.01831656    1.47371397    1.74141635    1.50665488    1.56979566    1.69426944    1.40494137    1.36681230    1.41347071    1.53287897    2.00243815    1.66081567    1.71039292    1.90313794    1.44611192    1.25788649    1.46190891    1.92379085    1.90463290    2.14533375    1.64739608    1.96619292    1.91460149    1.79604553    1.81052176    1.54145192    1.44252764    1.23675385    1.77771838    1.63385692    1.75678644    1.51639457    2.15537127    1.29128274    2.61843046    1.21471272    1.33881254    1.11613168    0.87098897    1.01350775    1.06315769    0.84637578    0.42381765    0.00000000    0.38833270    0.36236695    0.38102758    1.40697791    1.02451706    0.98912236    1.13142465    1.23725245    1.11072467    1.08854834    1.16656488    0.90966343    0.99506445
A1S7D3_SHEAM/30-105     2.23200230    1.69977899    1.90434598    1.44163989    1.75267258    1.91761342    1.66763119    1.48442590    1.59361719    1.67822341    2.16986384    1.91623964    1.94634228    2.13729813    1.44386440    1.14451278    1.53290800    2.06456034    1.85359791    2.18067142    1.70576713    2.39137630    1.97087349    2.19702428    2.26851994    1.38459649    1.71520278    1.56650912    2.18459124    1.85786875    2.33619052    1.68523714    2.05567436    1.30065988    2.51528355    1.22900309    1.26623598    1.17846211    0.91333589    1.04752176    1.12577299    0.85702455    0.46733311    0.38833270    0.00000000    0.35167021    0.38582707    1.66587418    0.92598846    0.98867780    1.26437315    1.37956685    1.23264921    1.18611193    1.39579833    1.17136434    1.04224248
Q12PE4_SHEDO/31-106     2.17830911    1.86516256    1.89609063    1.70154847    1.88386592    1.71610753    1.61066083    1.53813337    1.63682059    1.86391577    2.29200125    1.97362758    1.93388722    2.18421794    1.74242167    1.48983861    1.70406368    2.19460188    1.97584121    2.22929479    1.83694643    2.44716080    2.20320369    2.42473596    2.07239285    1.58938996    1.53596874    1.45331588    1.88398195    2.00584071    1.96656925    1.98935644    2.31359969    1.39697896    2.29185011    1.39899638    1.44715096    1.18158028    0.93854246    1.12032329    1.21923483    0.96730358    0.50153600    0.36236695    0.35167021    0.00000000    0.31339414    1.53190367    0.99034473    1.05262155    1.23666125    1.30776705    1.07492741    1.01618367    1.31162170    1.07977547    1.04331248
Q084J9_SHEFN/31-106     2.30809754    1.90869781    1.98776294    1.80418469    1.73516756    1.41869577    1.54658559    1.57155772    1.75094184    1.67741470    2.17912685    1.78449914    1.79249085    2.10287618    1.55184180    1.33408479    1.75272784    2.37806286    2.07092145    2.09162089    1.80361894    2.18567937    2.13832510    2.18248289    2.15323980    1.49433266    1.54391469    1.34854554    2.12440157    1.87337049    2.13113166    1.76780930    2.27956867    1.28914959    2.44890097    1.31666471    1.37844315    1.14791027    0.99016216    1.27726068    0.96620451    0.92776015    0.48929726    0.38102758    0.38582707    0.31339414    0.00000000    1.77290874    1.03424875    0.98314666    1.14695359    1.25299697    1.09641617    1.05906793    1.34766204    1.05534178    1.17388071
A1SSW6_PSYIN/50-125     2.01244192    1.98172780    2.08249331    1.75015603    2.10708481    2.09393207    2.13623345    2.02777512    2.27888601    2.47851447    2.43475375    2.39863654    2.28618707    2.71635087    1.50843523    1.78596272    1.86322875    1.82363491    2.30775465    2.49750673    1.64858273    2.09849893    2.35098630    2.22415096    2.23524998    2.05735358    1.89443980    2.06793484    2.46487463    2.47670679    2.07587256    2.05451459    2.10154814    1.72613500    3.03641093    2.08435133    1.79528727    1.59569907    1.60199719    1.72822740    1.48347036    1.53398957    1.45546875    1.40697791    1.66587418    1.53190367    1.77290874    0.00000000    1.31358839    1.33358740    1.32094642    1.49931846    1.41030323    1.74283843    1.64900076    1.37230649    1.27024623
