14
R5CCW6_9BACT/186-337     0.00000000    0.75775847    0.80796488    0.81907198    1.81251601    2.48640772    2.05129109    2.03381376    2.04884135    2.36141342    2.24439086    1.71746355    1.43892442    1.13744654
R5CQ17_9BACT/88-243     0.75775847    0.00000000    0.61812899    0.87308408    1.79787615    2.57312270    2.23095788    2.24999671    2.21454001    2.60310635    2.36412017    1.72270106    1.47618308    1.23516774
R5CWT1_9BACT/177-332     0.80796488    0.61812899    0.00000000    0.88310807    1.94780244    2.73923207    2.43241253    2.36930526    2.21129578    2.41847116    2.23916672    1.94086787    1.24029550    1.14117446
R6WLV0_9BACT/178-330     0.81907198    0.87308408    0.88310807    0.00000000    1.71056772    2.80903298    2.19790087    2.00531862    2.10778531    1.95461791    1.96442130    1.87126136    1.28260244    1.29340607
R5D267_9BACT/46-177     1.81251601    1.79787615    1.94780244    1.71056772    0.00000000    3.03547048    1.70423321    1.85419790    1.88890111    1.97067272    2.41945263    2.03970099    2.05819004    1.96076495
W0F9F3_9BACT/258-400     2.48640772    2.57312270    2.73923207    2.80903298    3.03547048    0.00000000    2.32690571    2.25662919    2.25205991    2.20989939    2.40809801    2.85051019    3.03214349    2.95797877
R5CUG9_9BACT/252-392     2.05129109    2.23095788    2.43241253    2.19790087    1.70423321    2.32690571    0.00000000    0.88861342    0.70412488    1.34233242    1.51487706    2.10246375    2.51533954    2.05346076
D5ETE2_PRER2/247-384     2.03381376    2.24999671    2.36930526    2.00531862    1.85419790    2.25662919    0.88861342    0.00000000    0.65440518    1.13130795    1.51002800    2.20664390    2.29488468    2.06134618
R5C4L0_9BACE/248-386     2.04884135    2.21454001    2.21129578    2.10778531    1.88890111    2.25205991    0.70412488    0.65440518    0.00000000    1.18582952    1.54015955    2.04414683    2.55297961    2.10211692
E4RYT9_LEAB4/243-375     2.36141342    2.60310635    2.41847116    1.95461791    1.97067272    2.20989939    1.34233242    1.13130795    1.18582952    0.00000000    1.16966190    2.34587863    2.80550376    2.31119921
C6Y3U4_PEDHD/247-381     2.24439086    2.36412017    2.23916672    1.96442130    2.41945263    2.40809801    1.51487706    1.51002800    1.54015955    1.16966190    0.00000000    2.81343505    2.99444096    2.57786070
Q8A8Y7_BACTN/184-327     1.71746355    1.72270106    1.94086787    1.87126136    2.03970099    2.85051019    2.10246375    2.20664390    2.04414683    2.34587863    2.81343505    0.00000000    1.54509530    1.32693277
Q8A8Z1_BACTN/189-338     1.43892442    1.47618308    1.24029550    1.28260244    2.05819004    3.03214349    2.51533954    2.29488468    2.55297961    2.80550376    2.99444096    1.54509530    0.00000000    0.66273532
R7CWS4_9BACE/178-324     1.13744654    1.23516774    1.14117446    1.29340607    1.96076495    2.95797877    2.05346076    2.06134618    2.10211692    2.31119921    2.57786070    1.32693277    0.66273532    0.00000000

