12
Q6FRY6_CANGA/7-226     0.00000000    1.08698668    1.11550112    1.01907788    1.01036346    1.36441762    1.44944372    1.58195037    1.49979534    2.97002560    1.77666736    1.37535799
G0VKS3_NAUCC/20-233     1.08698668    0.00000000    0.74087654    0.87725470    0.86842925    1.11521107    1.38547357    1.58074929    1.55884715    2.84497437    1.60982505    1.44212243
G0WH23_NAUDC/7-268     1.11550112    0.74087654    0.00000000    0.83155809    0.89179068    1.08291535    1.43691427    1.64622221    1.63343949    2.89413431    1.84044597    1.15239979
G8ZUU6_TORDC/7-214     1.01907788    0.87725470    0.83155809    0.00000000    0.67549011    1.21134770    1.27292097    1.38266401    1.51977041    2.54226290    1.72611037    1.24183882
C5DRC4_ZYGRC/7-212     1.01036346    0.86842925    0.89179068    0.67549011    0.00000000    1.12104429    1.28575007    1.39500455    1.73486762    2.45990309    1.50987324    1.13255080
H2ANU6_KAZAF/7-205     1.36441762    1.11521107    1.08291535    1.21134770    1.12104429    0.00000000    1.49064265    1.64546258    1.68471301    2.72024764    1.97352570    1.31498429
G8JQ08_ERECY/7-221     1.44944372    1.38547357    1.43691427    1.27292097    1.28575007    1.49064265    0.00000000    0.89124687    1.68361121    2.89479094    2.01138780    1.57044685
D8FGE4_ASHGO/7-215     1.58195037    1.58074929    1.64622221    1.38266401    1.39500455    1.64546258    0.89124687    0.00000000    1.65932376    2.70187894    1.75106175    1.78264561
Q6CPY4_KLULA/7-208     1.49979534    1.55884715    1.63343949    1.51977041    1.73486762    1.68471301    1.68361121    1.65932376    0.00000000    2.41134244    1.69526752    1.80203485
A5DTZ0_LODEL/1-221     2.97002560    2.84497437    2.89413431    2.54226290    2.45990309    2.72024764    2.89479094    2.70187894    2.41134244    0.00000000    2.35884128    3.04531446
J7R2J2_KAZNA/7-203     1.77666736    1.60982505    1.84044597    1.72611037    1.50987324    1.97352570    2.01138780    1.75106175    1.69526752    2.35884128    0.00000000    1.87033267
I2GWV4_TETBL/7-227     1.37535799    1.44212243    1.15239979    1.24183882    1.13255080    1.31498429    1.57044685    1.78264561    1.80203485    3.04531446    1.87033267    0.00000000

