33
G1TJ09_RABIT/1-104     0.00000000    0.46822071    0.50794396    0.65664933    0.73247706    0.68535032    0.70120509    0.47351807    0.57555432    0.39802529    0.55627025    0.54548754    0.52730956    0.61955542    1.05391778    1.09471765    1.09026248    1.58197592    1.77303608    1.80137895    1.84625684    1.66175746    1.94526574    1.72045540    1.29441045    1.33260555    0.91246507    0.76498628    0.71804725    1.20247096    0.74797957    0.59630559    0.42065130
G3UJ37_LOXAF/1-104     0.46822071    0.00000000    0.61671846    0.78313531    0.77928610    0.72182706    0.83508205    0.51108836    0.65795152    0.47697448    0.50096878    0.48277329    0.52229938    0.67017841    1.06233791    1.06290714    1.04222573    1.31539909    1.59008358    1.66812765    1.70736160    1.55287140    1.88566508    1.80974168    1.04529016    1.13313233    0.81394453    0.63932376    0.77517561    1.08505797    0.71077000    0.50629848    0.43384290
I3N2I0_ICTTR/2-105     0.50794396    0.61671846    0.00000000    0.63009362    0.67728841    0.57006862    0.71288738    0.52602658    0.70682409    0.46991528    0.65313920    0.54171298    0.53393639    0.71251253    1.39029591    1.36042666    1.11297604    1.63750970    1.71569797    1.69808786    1.70791022    1.60571254    1.83409145    1.72419970    1.32823962    1.52723630    0.92067719    0.92098230    0.95633036    1.01458780    0.71999041    0.58823793    0.48156470
UBP26_MOUSE/1-104     0.65664933    0.78313531    0.63009362    0.00000000    0.80197893    0.74495080    0.88810152    0.74343122    0.82993710    0.64836503    0.82286341    0.75590784    0.73418360    0.81387408    1.35399549    1.36232098    1.31459790    1.71881130    1.91833203    1.76336051    1.82922582    1.78087476    1.95595226    1.70125701    1.37413036    1.49137011    1.18679979    1.01509528    1.03594299    1.37600573    0.90839130    0.80786970    0.65223654
H0VA48_CAVPO/1-104     0.73247706    0.77928610    0.67728841    0.80197893    0.00000000    0.40196898    0.95293819    0.83242084    0.92203493    0.69668174    0.79402231    0.88657916    0.83536804    0.95606843    1.46899522    1.49729463    1.41931009    1.89543055    2.04299167    1.92346693    2.08505885    2.09293975    2.06431442    1.99153001    1.52789742    1.66072041    1.28946495    1.03010218    1.16112284    1.37432860    0.99294700    0.81592382    0.75075001
G5AXH3_HETGA/1-104     0.68535032    0.72182706    0.57006862    0.74495080    0.40196898    0.00000000    0.91602217    0.71354530    0.82853672    0.63040018    0.68438280    0.66759168    0.66466944    0.75842107    1.29032674    1.43178327    1.28483756    1.76529268    2.22326647    2.05425922    2.09276747    2.33513317    2.38388414    1.92954629    1.38842878    1.53096520    1.05900979    0.86420255    0.96569766    1.22172309    0.89396866    0.76871179    0.61533185
F7ILC1_CALJA/1-104     0.70120509    0.83508205    0.71288738    0.88810152    0.95293819    0.91602217    0.00000000    0.45474013    0.87805518    0.67556327    0.64957565    0.76518928    0.64243998    0.85893337    1.25836303    1.15216413    1.39725841    1.56066110    2.23746301    2.17313913    2.11276180    2.15375288    2.42204104    2.02352392    1.55213793    1.60855921    1.11727646    0.97524914    1.07132851    1.30926139    0.82775165    0.81891340    0.65388914
A0A2J8WWZ3_PONAB/1-104     0.47351807    0.51108836    0.52602658    0.74343122    0.83242084    0.71354530    0.45474013    0.00000000    0.63742935    0.40985195    0.52221561    0.44777947    0.44012190    0.70868177    1.08224611    1.08969168    1.15104458    1.29734219    1.74485676    1.48134688    1.71018271    1.62748668    1.96583306    1.55349660    1.28837668    1.29128758    0.81860636    0.75470652    0.71623594    1.07981658    0.73709891    0.55811550    0.40402383
L8Y4Z9_TUPCH/1-104     0.57555432    0.65795152    0.70682409    0.82993710    0.92203493    0.82853672    0.87805518    0.63742935    0.00000000    0.61611939    0.63825824    0.53943283    0.63138593    0.69622627    1.03407958    1.18622298    1.15253216    1.36348771    1.83006777    1.73683027    1.92175664    1.69701839    1.96314973    1.68838060    1.30842820    1.38263031    1.09564522    0.83994010    0.93270518    1.22446325    0.70249844    0.63684362    0.55925935
H0XQQ3_OTOGA/1-104     0.39802529    0.47697448    0.46991528    0.64836503    0.69668174    0.63040018    0.67556327    0.40985195    0.61611939    0.00000000    0.43305976    0.44483178    0.31867434    0.49769748    1.01179452    1.01821594    0.99960827    1.34272469    1.63611856    1.69644670    1.66140460    1.59422137    1.77947029    1.68177020    1.15297360    1.19417528    0.74461318    0.59249037    0.69372014    0.88633235    0.55193888    0.40482515    0.26697834
M3WQL5_FELCA/1-104     0.55627025    0.50096878    0.65313920    0.82286341    0.79402231    0.68438280    0.64957565    0.52221561    0.63825824    0.43305976    0.00000000    0.42008066    0.35105078    0.56048921    1.14192953    0.98442668    1.01007670    1.25323167    1.76524325    1.63072140    1.61664565    1.57563006    2.04130647    1.67701013    1.12557557    1.26714577    0.74758615    0.72708542    0.81409695    1.11961500    0.48990277    0.36644487    0.28121171
G1QC78_MYOLU/1-104     0.54548754    0.48277329    0.54171298    0.75590784    0.88657916    0.66759168    0.76518928    0.44777947    0.53943283    0.44483178    0.42008066    0.00000000    0.32014029    0.51137011    1.06079480    1.07970425    0.92769276    1.21735203    1.73631360    1.42871297    1.62706398    1.52385264    1.73715261    1.63326838    1.18446162    1.29047542    0.78151468    0.74645111    0.74986643    0.89108873    0.46605780    0.38232971    0.38713381
F1RTE2_PIG/1-104     0.52730956    0.52229938    0.53393639    0.73418360    0.83536804    0.66466944    0.64243998    0.44012190    0.63138593    0.31867434    0.35105078    0.32014029    0.00000000    0.49973581    0.99811883    0.91372490    0.86976674    1.10725012    1.57609181    1.55342177    1.48842362    1.56645699    1.81828103    1.65120746    1.15633586    1.17109854    0.67100723    0.63674418    0.70957665    1.03067572    0.52739443    0.37574576    0.30544967
W5PIK3_SHEEP/1-104     0.61955542    0.67017841    0.71251253    0.81387408    0.95606843    0.75842107    0.85893337    0.70868177    0.69622627    0.49769748    0.56048921    0.51137011    0.49973581    0.00000000    1.07938085    1.11832696    1.09631961    1.41979627    1.91708817    1.57226575    1.62216824    1.42203574    1.83781622    1.55846537    1.30258129    1.22521825    0.87815830    0.89816499    0.93641896    1.13192469    0.73655331    0.47483493    0.44808365
G3IHQ0_CRIGR/1-109     1.05391778    1.06233791    1.39029591    1.35399549    1.46899522    1.29032674    1.25836303    1.08224611    1.03407958    1.01179452    1.14192953    1.06079480    0.99811883    1.07938085    0.00000000    0.32991462    1.24803695    1.61552434    1.93729648    1.79575635    1.68846098    1.62754877    1.83316575    1.68977358    1.38322653    1.40864293    1.10680036    1.00041656    1.11923406    1.41181528    1.22416434    1.14413619    1.02368587
D4AEI6_RAT/1-107     1.09471765    1.06290714    1.36042666    1.36232098    1.49729463    1.43178327    1.15216413    1.08969168    1.18622298    1.01821594    0.98442668    1.07970425    0.91372490    1.11832696    0.32991462    0.00000000    1.24607267    1.30626455    1.65383316    1.58417118    1.47616497    1.54176331    1.74379740    1.61682234    1.31286106    1.29143739    1.05432683    1.17462451    1.19703194    1.75844889    1.05228559    1.10085648    0.98986655
G1NG28_MELGA/1-105     1.09026248    1.04222573    1.11297604    1.31459790    1.41931009    1.28483756    1.39725841    1.15104458    1.15253216    0.99960827    1.01007670    0.92769276    0.86976674    1.09631961    1.24803695    1.24607267    0.00000000    0.69380220    0.76210522    1.04688560    1.07137343    0.97926130    1.04946802    1.16160412    0.52811200    0.44086211    0.24057858    0.91854171    1.17044883    1.53781700    1.12238507    0.98400350    0.87328211
A0A6I8Q2J8_XENTR/1-105     1.58197592    1.31539909    1.63750970    1.71881130    1.89543055    1.76529268    1.56066110    1.29734219    1.36348771    1.34272469    1.25323167    1.21735203    1.10725012    1.41979627    1.61552434    1.30626455    0.69380220    0.00000000    0.83901652    1.01791587    1.19345030    1.14009471    1.15758147    1.25217659    0.64070037    0.61838861    0.64018182    1.45171842    1.40034100    1.86178205    1.29042241    1.33398833    1.33920417
W5MR55_LEPOC/3-106     1.77303608    1.59008358    1.71569797    1.91833203    2.04299167    2.22326647    2.23746301    1.74485676    1.83006777    1.63611856    1.76524325    1.73631360    1.57609181    1.91708817    1.93729648    1.65383316    0.76210522    0.83901652    0.00000000    0.88335326    0.84197326    0.65971563    0.64033371    0.88167480    0.72484661    0.73316699    0.85836113    1.58615383    1.59392335    2.40468327    1.93462998    1.68446926    1.75214658
W5KFG5_ASTMX/5-110     1.80137895    1.66812765    1.69808786    1.76336051    1.92346693    2.05425922    2.17313913    1.48134688    1.73683027    1.69644670    1.63072140    1.42871297    1.55342177    1.57226575    1.79575635    1.58417118    1.04688560    1.01791587    0.88335326    0.00000000    0.51975201    0.60077077    0.91155701    0.77537680    0.93763673    1.04088042    1.03441600    1.50168836    1.58131117    2.26117764    1.79446803    1.64063403    1.64766682
A0A0H2UKG5_DANRE/5-110     1.84625684    1.70736160    1.70791022    1.82922582    2.08505885    2.09276747    2.11276180    1.71018271    1.92175664    1.66140460    1.61664565    1.62706398    1.48842362    1.62216824    1.68846098    1.47616497    1.07137343    1.19345030    0.84197326    0.51975201    0.00000000    0.66457871    0.92399244    0.80535813    1.06764720    1.07456511    1.05019796    1.38839993    1.49826532    2.34603382    1.74930410    1.60956002    1.59178386
I3KJB3_ORENI/5-103     1.66175746    1.55287140    1.60571254    1.78087476    2.09293975    2.33513317    2.15375288    1.62748668    1.69701839    1.59422137    1.57563006    1.52385264    1.56645699    1.42203574    1.62754877    1.54176331    0.97926130    1.14009471    0.65971563    0.60077077    0.66457871    0.00000000    0.40257701    0.45464529    0.89313492    1.05363439    0.99083218    1.61860476    1.80394773    2.20377357    1.85263976    1.57163869    1.61851117
H2SH63_TAKRU/5-105     1.94526574    1.88566508    1.83409145    1.95595226    2.06431442    2.38388414    2.42204104    1.96583306    1.96314973    1.77947029    2.04130647    1.73715261    1.81828103    1.83781622    1.83316575    1.74379740    1.04946802    1.15758147    0.64033371    0.91155701    0.92399244    0.40257701    0.00000000    0.62404208    1.06346279    1.12165725    1.17672257    1.96541676    2.01993566    2.41613025    2.32231584    2.06307938    1.94061675
G3NDF4_GASAC/5-106     1.72045540    1.80974168    1.72419970    1.70125701    1.99153001    1.92954629    2.02352392    1.55349660    1.68838060    1.68177020    1.67701013    1.63326838    1.65120746    1.55846537    1.68977358    1.61682234    1.16160412    1.25217659    0.88167480    0.77537680    0.80535813    0.45464529    0.62404208    0.00000000    1.09992852    1.12409539    1.18854211    1.75925298    1.77813851    2.23506060    2.05502166    1.72031474    1.66751852
H3BDY2_LATCH/1-108     1.29441045    1.04529016    1.32823962    1.37413036    1.52789742    1.38842878    1.55213793    1.28837668    1.30842820    1.15297360    1.12557557    1.18446162    1.15633586    1.30258129    1.38322653    1.31286106    0.52811200    0.64070037    0.72484661    0.93763673    1.06764720    0.89313492    1.06346279    1.09992852    0.00000000    0.56562049    0.44216786    1.08013618    1.19313257    1.59464383    1.26944590    1.13742941    1.13865642
G1KAT4_ANOCA/1-105     1.33260555    1.13313233    1.52723630    1.49137011    1.66072041    1.53096520    1.60855921    1.29128758    1.38263031    1.19417528    1.26714577    1.29047542    1.17109854    1.22521825    1.40864293    1.29143739    0.44086211    0.61838861    0.73316699    1.04088042    1.07456511    1.05363439    1.12165725    1.12409539    0.56562049    0.00000000    0.45074327    1.02945414    1.45705511    1.94137325    1.40801782    1.31700965    1.27511430
G5AZI7_HETGA/1-105     0.91246507    0.81394453    0.92067719    1.18679979    1.28946495    1.05900979    1.11727646    0.81860636    1.09564522    0.74461318    0.74758615    0.78151468    0.67100723    0.87815830    1.10680036    1.05432683    0.24057858    0.64018182    0.85836113    1.03441600    1.05019796    0.99083218    1.17672257    1.18854211    0.44216786    0.45074327    0.00000000    0.69832455    0.87879208    1.29021344    0.94407817    0.78697220    0.68221497
H0XK90_OTOGA/1-104     0.76498628    0.63932376    0.92098230    1.01509528    1.03010218    0.86420255    0.97524914    0.75470652    0.83994010    0.59249037    0.72708542    0.74645111    0.63674418    0.89816499    1.00041656    1.17462451    0.91854171    1.45171842    1.58615383    1.50168836    1.38839993    1.61860476    1.96541676    1.75925298    1.08013618    1.02945414    0.69832455    0.00000000    0.68164777    0.99735948    0.86174360    0.69970886    0.63514004
G3TJL7_LOXAF/1-105     0.71804725    0.77517561    0.95633036    1.03594299    1.16112284    0.96569766    1.07132851    0.71623594    0.93270518    0.69372014    0.81409695    0.74986643    0.70957665    0.93641896    1.11923406    1.19703194    1.17044883    1.40034100    1.59392335    1.58131117    1.49826532    1.80394773    2.01993566    1.77813851    1.19313257    1.45705511    0.87879208    0.68164777    0.00000000    1.04763758    1.02781927    0.86874560    0.70402054
G1TS62_RABIT/2-94     1.20247096    1.08505797    1.01458780    1.37600573    1.37432860    1.22172309    1.30926139    1.07981658    1.22446325    0.88633235    1.11961500    0.89108873    1.03067572    1.13192469    1.41181528    1.75844889    1.53781700    1.86178205    2.40468327    2.26117764    2.34603382    2.20377357    2.41613025    2.23506060    1.59464383    1.94137325    1.29021344    0.99735948    1.04763758    0.00000000    1.28261014    0.94878698    0.97461462
F7DAL9_HORSE/1-103     0.74797957    0.71077000    0.71999041    0.90839130    0.99294700    0.89396866    0.82775165    0.73709891    0.70249844    0.55193888    0.48990277    0.46605780    0.52739443    0.73655331    1.22416434    1.05228559    1.12238507    1.29042241    1.93462998    1.79446803    1.74930410    1.85263976    2.32231584    2.05502166    1.26944590    1.40801782    0.94407817    0.86174360    1.02781927    1.28261014    0.00000000    0.46502600    0.46647849
M3Z5T4_MUSPF/1-103     0.59630559    0.50629848    0.58823793    0.80786970    0.81592382    0.76871179    0.81891340    0.55811550    0.63684362    0.40482515    0.36644487    0.38232971    0.37574576    0.47483493    1.14413619    1.10085648    0.98400350    1.33398833    1.68446926    1.64063403    1.60956002    1.57163869    2.06307938    1.72031474    1.13742941    1.31700965    0.78697220    0.69970886    0.86874560    0.94878698    0.46502600    0.00000000    0.28279942
E2R1T7_CANLF/1-104     0.42065130    0.43384290    0.48156470    0.65223654    0.75075001    0.61533185    0.65388914    0.40402383    0.55925935    0.26697834    0.28121171    0.38713381    0.30544967    0.44808365    1.02368587    0.98986655    0.87328211    1.33920417    1.75214658    1.64766682    1.59178386    1.61851117    1.94061675    1.66751852    1.13865642    1.27511430    0.68221497    0.63514004    0.70402054    0.97461462    0.46647849    0.28279942    0.00000000

