14
F1N713_BOVIN/57-140     0.00000000    0.23242357    0.99511581    1.00923010    0.95066991    0.80977507    0.81997542    1.11301733    0.82621358    0.94639346    0.88855794    0.80536481    0.85928731    0.81150341
W5Q5N6_SHEEP/109-192     0.23242357    0.00000000    0.95171506    1.11859438    0.97231806    0.92769524    0.92141432    1.14265574    0.80010238    0.90155752    1.01376844    0.86109039    0.89359684    0.94697133
G3H4E0_CRIGR/50-140     0.99511581    0.95171506    0.00000000    0.65379894    0.52057058    0.92270972    0.83508641    0.97156557    0.85987453    0.86828242    0.69330650    1.06278139    1.06397858    1.01364705
BST2_RAT/54-144     1.00923010    1.11859438    0.65379894    0.00000000    0.31185062    0.99808208    0.88059919    1.06968108    0.87941552    0.87272035    0.83593872    0.85003712    1.10559430    1.11156115
BST2_MOUSE/54-144     0.95066991    0.97231806    0.52057058    0.31185062    0.00000000    0.87996133    0.78352581    0.99904831    0.89064247    0.80885152    0.75822727    0.84768147    0.87297305    0.97566671
L9KXG5_TUPCH/54-141     0.80977507    0.92769524    0.92270972    0.99808208    0.87996133    0.00000000    0.58452052    0.90041246    0.69383337    0.76246164    0.72515836    0.75790143    0.91759872    0.81548465
BST2_HUMAN/49-136     0.81997542    0.92141432    0.83508641    0.88059919    0.78352581    0.58452052    0.00000000    0.74587104    0.56549066    0.68020275    0.53492472    0.62858181    0.67313061    0.74386666
G5B7V8_HETGA/52-139     1.11301733    1.14265574    0.97156557    1.06968108    0.99904831    0.90041246    0.74587104    0.00000000    0.73883313    0.86464964    0.75071758    0.98273822    0.99766903    0.92533521
G1PEX9_MYOLU/54-144     0.82621358    0.80010238    0.85987453    0.87941552    0.89064247    0.69383337    0.56549066    0.73883313    0.00000000    0.52076648    0.63984997    0.74471549    0.79775109    0.71443613
L5L6U1_PTEAL/54-144     0.94639346    0.90155752    0.86828242    0.87272035    0.80885152    0.76246164    0.68020275    0.86464964    0.52076648    0.00000000    0.64402845    0.67466552    0.68758049    0.74391939
G3UKK9_LOXAF/44-134     0.88855794    1.01376844    0.69330650    0.83593872    0.75822727    0.72515836    0.53492472    0.75071758    0.63984997    0.64402845    0.00000000    0.61567355    0.67778964    0.68221100
G1LVF2_AILME/55-145     0.80536481    0.86109039    1.06278139    0.85003712    0.84768147    0.75790143    0.62858181    0.98273822    0.74471549    0.67466552    0.61567355    0.00000000    0.36435189    0.41038503
M3YWS1_MUSPF/54-144     0.85928731    0.89359684    1.06397858    1.10559430    0.87297305    0.91759872    0.67313061    0.99766903    0.79775109    0.68758049    0.67778964    0.36435189    0.00000000    0.44394539
J9NVI2_CANLF/56-146     0.81150341    0.94697133    1.01364705    1.11156115    0.97566671    0.81548465    0.74386666    0.92533521    0.71443613    0.74391939    0.68221100    0.41038503    0.44394539    0.00000000

