15
B4K6Q3_DROMO/151-242     0.00000000    0.86003653    1.03303550    0.91119023    1.04853616    0.86024978    0.95999343    1.24057771    1.52279819    1.52683303    1.36318813    1.25005668    1.36035275    2.39492695    1.59799513
B4NFI1_DROWI/40-132     0.86003653    0.00000000    0.87448863    0.73594129    1.05277976    1.05589899    1.04222905    1.60516640    1.58652370    1.66595032    1.89856454    1.38320396    1.46207059    2.11500032    1.81079469
B3LYY2_DROAN/87-178     1.03303550    0.87448863    0.00000000    0.50262044    0.74038341    0.73883017    1.03293719    1.30904036    1.62309910    1.54927947    1.76556188    1.52635114    1.52322902    2.01637388    2.04203012
B4I4W3_DROSE/91-183     0.91119023    0.73594129    0.50262044    0.00000000    0.45004470    0.59881648    1.01668647    1.29251726    1.62668193    1.57628909    1.74289736    1.36637102    1.28048265    2.19205269    1.88343979
B3M0P6_DROAN/102-193     1.04853616    1.05277976    0.74038341    0.45004470    0.00000000    0.57461418    1.18221174    1.37180132    1.66891030    1.60473906    1.98649528    1.44118522    1.48470198    2.72558187    1.96577729
B3M0P5_DROAN/103-195     0.86024978    1.05589899    0.73883017    0.59881648    0.57461418    0.00000000    1.19399514    1.37850178    1.34166501    1.49661707    1.68169163    1.35194159    1.41373810    2.48606097    1.75027884
B4JF73_DROGR/91-182     0.95999343    1.04222905    1.03293719    1.01668647    1.18221174    1.19399514    0.00000000    1.25441795    1.54368553    1.50964193    1.40082627    1.25963220    1.31757542    2.40235005    1.92850778
B4K3K1_DROGR/95-187     1.24057771    1.60516640    1.30904036    1.29251726    1.37180132    1.37850178    1.25441795    0.00000000    0.93645601    0.87281065    1.61162559    1.39502033    1.39397934    2.88244663    2.13639011
B4GMV6_DROPE/98-190     1.52279819    1.58652370    1.62309910    1.62668193    1.66891030    1.34166501    1.54368553    0.93645601    0.00000000    0.60237472    1.50779871    1.42788961    1.42667463    2.24463426    2.02594126
Q9VI02_DROME/92-184     1.52683303    1.66595032    1.54927947    1.57628909    1.60473906    1.49661707    1.50964193    0.87281065    0.60237472    0.00000000    1.58255353    1.45720473    1.47820410    2.32235658    2.20225436
B3MNB4_DROAN/39-132     1.36318813    1.89856454    1.76556188    1.74289736    1.98649528    1.68169163    1.40082627    1.61162559    1.50779871    1.58255353    0.00000000    1.06589420    1.05581549    1.93651075    1.66727727
B0XDW8_CULQU/30-122     1.25005668    1.38320396    1.52635114    1.36637102    1.44118522    1.35194159    1.25963220    1.39502033    1.42788961    1.45720473    1.06589420    0.00000000    0.36667395    1.47083788    1.47143687
W5JNM4_ANODA/34-126     1.36035275    1.46207059    1.52322902    1.28048265    1.48470198    1.41373810    1.31757542    1.39397934    1.42667463    1.47820410    1.05581549    0.36667395    0.00000000    1.46234617    1.32348069
A0A212FI71_DANPL/34-124     2.39492695    2.11500032    2.01637388    2.19205269    2.72558187    2.48606097    2.40235005    2.88244663    2.24463426    2.32235658    1.93651075    1.47083788    1.46234617    0.00000000    1.18670159
D6WML1_TRICA/27-110     1.59799513    1.81079469    2.04203012    1.88343979    1.96577729    1.75027884    1.92850778    2.13639011    2.02594126    2.20225436    1.66727727    1.47143687    1.32348069    1.18670159    0.00000000

