8
I1H573_BRADI/102-269     0.00000000    0.33337223    0.32681052    0.92430341    0.52924024    0.52361334    0.92414856    0.88342453
I1GRT8_BRADI/102-269     0.33337223    0.00000000    0.30846898    0.97461741    0.58692184    0.58851091    0.94761493    0.90024088
K3ZSN8_SETIT/102-269     0.32681052    0.30846898    0.00000000    0.91528408    0.51826665    0.55814939    0.88331773    0.84464594
D8SYV7_SELML/78-244     0.92430341    0.97461741    0.91528408    0.00000000    0.56996843    0.68020645    1.03529363    0.98110545
W1NU44_AMBTC/101-267     0.52924024    0.58692184    0.51826665    0.56996843    0.00000000    0.24432964    0.53518220    0.50534054
I1JIU6_SOYBN/100-267     0.52361334    0.58851091    0.55814939    0.68020645    0.24432964    0.00000000    0.42778963    0.45933493
M4CSQ6_BRARP/101-270     0.92414856    0.94761493    0.88331773    1.03529363    0.53518220    0.42778963    0.00000000    0.22512506
M4CK54_BRARP/104-273     0.88342453    0.90024088    0.84464594    0.98110545    0.50534054    0.45933493    0.22512506    0.00000000

