16
F6TU70_ORNAN/665-780     0.00000000    0.50888622    0.46518089    0.66890159    0.80331099    0.51430080    0.58318357    0.75444981    0.58499261    1.90197717    1.35897001    0.81546743    1.34581561    1.20031660    1.13749606    1.26178319
G5BUQ8_HETGA/646-761     0.50888622    0.00000000    0.24348876    0.38940089    0.93487157    0.66228193    0.75694500    0.87870033    0.64767214    1.74947893    1.41236126    0.85200881    1.37355696    1.17917221    1.23865265    1.26142853
G1L5U9_AILME/676-791     0.46518089    0.24348876    0.00000000    0.36042330    0.87123336    0.49982884    0.67665551    0.86447060    0.64434338    1.72427304    1.38041685    0.82928064    1.30331822    1.16609007    1.16120549    1.20461234
FANCM_MOUSE/657-770     0.66890159    0.38940089    0.36042330    0.00000000    0.77721622    0.63198439    0.77925545    0.89734238    0.72415291    1.71612705    1.44633725    0.90399777    1.38287169    1.10041587    1.11026078    1.21024836
H9G8L9_ANOCA/524-638     0.80331099    0.93487157    0.87123336    0.77721622    0.00000000    0.61630167    0.62835815    0.80995678    0.86484808    1.92857046    1.53662909    1.07310071    1.42535396    1.25410166    1.21109164    1.45140148
U3IUC5_ANAPP/778-892     0.51430080    0.66228193    0.49982884    0.63198439    0.61630167    0.00000000    0.28156250    0.47141493    0.66788703    1.88744541    1.31398258    0.92572059    1.55445716    1.21011190    1.11626796    1.41428737
H0ZSM4_TAEGU/663-781     0.58318357    0.75694500    0.67665551    0.77925545    0.62835815    0.28156250    0.00000000    0.24473732    0.61049871    1.91389328    1.46353137    0.99926282    1.55486568    1.33877965    1.13198400    1.43839102
U3JG71_FICAL/607-718     0.75444981    0.87870033    0.86447060    0.89734238    0.80995678    0.47141493    0.24473732    0.00000000    0.82147287    2.09468948    1.70949497    1.23393185    1.90014692    1.60271761    1.39822162    1.78454449
H3AGI4_LATCH/680-794     0.58499261    0.64767214    0.64434338    0.72415291    0.86484808    0.66788703    0.61049871    0.82147287    0.00000000    1.72338089    1.22358765    0.84417918    1.12292278    1.23493913    1.16313701    1.36187572
B7PSI7_IXOSC/650-765     1.90197717    1.74947893    1.72427304    1.71612705    1.92857046    1.88744541    1.91389328    2.09468948    1.72338089    0.00000000    1.19956631    1.73160566    2.09561012    1.91261276    1.95963868    2.06743564
C3XRP0_BRAFL/670-781     1.35897001    1.41236126    1.38041685    1.44633725    1.53662909    1.31398258    1.46353137    1.70949497    1.22358765    1.19956631    0.00000000    1.25819901    1.50793636    1.39997790    1.27314445    1.31521478
W5MZW2_LEPOC/690-804     0.81546743    0.85200881    0.82928064    0.90399777    1.07310071    0.92572059    0.99926282    1.23393185    0.84417918    1.73160566    1.25819901    0.00000000    0.88885306    0.69733229    0.85965576    0.79644343
W5LM19_ASTMX/725-839     1.34581561    1.37355696    1.30331822    1.38287169    1.42535396    1.55445716    1.55486568    1.90014692    1.12292278    2.09561012    1.50793636    0.88885306    0.00000000    0.92139124    0.93135912    0.87681624
I3J6F6_ORENI/741-857     1.20031660    1.17917221    1.16609007    1.10041587    1.25410166    1.21011190    1.33877965    1.60271761    1.23493913    1.91261276    1.39997790    0.69733229    0.92139124    0.00000000    0.59643143    0.50261780
H3DIS1_TETNG/666-783     1.13749606    1.23865265    1.16120549    1.11026078    1.21109164    1.11626796    1.13198400    1.39822162    1.16313701    1.95963868    1.27314445    0.85965576    0.93135912    0.59643143    0.00000000    0.49777538
G3P4E5_GASAC/658-770     1.26178319    1.26142853    1.20461234    1.21024836    1.45140148    1.41428737    1.43839102    1.78454449    1.36187572    2.06743564    1.31521478    0.79644343    0.87681624    0.50261780    0.49777538    0.00000000

