68
E3JWY0_PUCGT/103-167     0.00000000    1.18675817    1.15660516    1.09416596    0.95920538    1.05547924    1.01035006    0.91768261    1.02014328    1.05209733    1.07316528    1.15011705    1.01134173    0.93327683    1.04303321    1.73003782    1.20042873    1.18150808    1.43140579    1.34394952    1.33874475    1.52884687    1.63640468    1.76922357    1.27483259    1.65397056    1.05884993    1.67418640    1.31703959    1.13875813    1.26249763    1.39418085    1.23841602    1.24893543    1.41024420    1.10533341    1.27477267    1.13522894    1.10445430    1.15901731    1.00797480    1.28132172    1.29765515    1.22129530    1.32212795    1.26516649    1.17705214    1.75862062    1.83782628    1.66453116    1.58861512    1.49829253    1.90893022    2.13458563    1.59995235    1.41388103    1.52041308    1.48961898    1.58476150    1.90577657    1.70149371    1.77218357    1.44747993    1.89211295    1.81391733    1.30608619    1.39634599    1.51653693
D5G9P5_TUBMM/84-160     1.18675817    0.00000000    0.96925614    0.96152502    1.00833993    0.99800277    0.79154828    0.83820389    0.95307414    1.06163615    1.00845389    1.26375474    1.05762239    1.10910953    1.05781546    1.63795074    1.76046156    1.59315823    1.38029635    1.21017688    1.35577406    1.40034421    1.57530116    1.53875384    1.80689334    2.23468217    1.43204629    1.51381430    1.87291402    1.58215668    1.43284552    1.72480862    1.88479654    1.78794241    1.70560495    1.41983575    1.76828261    1.52959984    1.44576261    1.41428851    1.40946194    1.64328130    1.50431412    1.50372612    1.52880226    1.26106202    1.35585449    1.74322761    1.57490768    1.54191661    1.62555187    1.57897839    1.62725273    2.09993367    1.62443312    1.44849454    1.40553191    1.53468606    1.42995442    1.64249792    1.48652751    1.41434043    1.35819001    1.53436675    1.70758321    1.22054840    1.57264422    1.61764049
R4XBL7_TAPDE/70-138     1.15660516    0.96925614    0.00000000    0.81102759    0.95498357    0.87505543    0.95782565    0.90348855    0.97877409    1.07742520    0.92748105    1.01588864    0.97221251    0.89949332    0.96057297    1.66579253    1.49105529    1.41324216    1.43139152    1.18777032    1.45146682    1.32446458    1.41391622    1.68938280    1.52489800    1.68147606    1.29702456    1.68561177    1.70913564    1.19096236    1.28392498    1.43120975    1.20689671    1.11470271    1.15836069    1.04758917    0.98860218    1.05897110    0.98612512    0.92257577    0.98911410    0.89686696    0.89274395    0.99185318    1.27576259    1.26118466    1.15901273    1.91174131    1.55626347    1.42282202    1.37293371    1.54178736    1.62269519    1.64240622    1.74269348    1.54972042    1.50557329    1.48010286    1.25846156    1.66566556    1.65732262    1.42779062    1.41561487    1.47324017    1.78872194    1.29049769    1.15275775    1.47427829
D5G5I9_TUBMM/83-154     1.09416596    0.96152502    0.81102759    0.00000000    0.98921086    0.90897692    0.85563014    0.90069274    0.86614152    0.98533368    0.95642844    1.05435921    0.95334282    0.87916585    1.13791485    1.86199282    1.64266262    1.57077086    1.25962593    1.03426375    1.23712760    1.39133976    1.34407654    1.48676172    1.65954095    1.54821298    1.24202012    1.58448088    1.66134896    1.50858690    1.47247952    1.51069259    1.30483203    1.25887158    1.37747724    1.15257629    1.24330415    1.20891175    0.90568806    0.96081238    1.08216134    1.10534914    1.18076183    1.23587679    1.53984614    1.64969990    1.41510094    1.75794763    1.46694797    1.41855757    1.35319306    1.32603215    1.50835609    1.83871152    1.34867775    1.32326439    1.32004977    1.63426973    1.48068917    1.72898140    1.63926883    1.59102539    1.46898991    1.49552498    1.66196569    1.15260087    1.26850360    1.16840524
B2WGQ5_PYRTR/90-170     0.95920538    1.00833993    0.95498357    0.98921086    0.00000000    0.63913221    0.62111832    0.59167110    0.56007732    0.68397154    0.77882436    0.73640216    0.79920418    0.81419461    0.92418374    1.75086714    1.53200113    1.53803893    1.30023356    1.22662696    1.53090103    1.50221655    1.42339972    1.53988958    1.86813830    1.96308001    1.25809120    1.70828406    1.49326200    1.25360856    1.26413144    1.64855421    1.30237088    1.14798085    1.27267309    1.07050954    1.37567329    1.17749259    1.22025956    1.12001245    1.26138545    1.17031276    1.17559554    1.12162183    1.31243599    1.45002705    1.57990522    2.10234274    1.76125248    1.46953694    1.55153720    1.33643344    1.92916968    2.08083859    1.52013346    1.50262239    1.49494313    1.91602894    1.42933457    1.76568549    1.92383308    1.41352270    1.81536694    1.55349172    1.64333718    1.15755188    1.42013276    1.54102558
N1QIA8_SPHMS/85-168     1.05547924    0.99800277    0.87505543    0.90897692    0.63913221    0.00000000    0.32438775    0.46528020    0.58054340    0.56997048    0.63821904    0.73743173    0.74543033    0.79457724    1.00877895    1.73279400    1.30972142    1.42509800    1.43910511    1.14204391    1.27443995    1.14621468    1.48837918    1.37742831    1.73198632    1.56855969    1.32745345    1.53718366    1.54976956    1.34166713    1.25793098    1.49984266    1.29795168    1.42624705    1.48367601    1.05838334    1.21965282    1.07513713    1.11661522    1.12235562    1.19127177    1.17356539    1.12304492    0.98023348    1.52744306    1.47748185    1.28544017    1.95976251    1.40693683    1.37509298    1.31052220    1.39463429    1.41994694    1.79295570    1.43329583    1.25948087    1.20273307    1.76376375    1.28425072    1.82104370    1.73387290    1.33123254    1.39034823    1.34308384    1.48564949    1.19021053    1.10129894    1.13025929
F9XJ50_ZYMTI/83-166     1.01035006    0.79154828    0.95782565    0.85563014    0.62111832    0.32438775    0.00000000    0.44800260    0.48532212    0.53036881    0.56199499    0.70979160    0.69274815    0.83147205    0.94015074    1.77943978    1.62748439    1.65374621    1.36558970    1.03713105    1.13987521    1.16356681    1.37309029    1.42102594    1.72854787    1.66464878    1.37843543    1.50255148    1.52314681    1.38401308    1.47727719    1.88708608    1.44704085    1.44870025    1.63848749    1.16578944    1.31030545    1.21012055    1.19729020    1.18620995    1.26578308    1.19520723    1.13531300    1.06457207    1.46119398    1.62717276    1.62137165    2.01059355    1.67618330    1.63246675    1.62639942    1.44822181    1.73295507    2.00092419    1.61806918    1.54750383    1.49343402    2.00208697    1.45689286    1.98380590    1.82601278    1.54302376    1.58263843    1.59383946    1.66957907    1.30554786    1.24052722    1.32133860
K2REM0_MACPH/84-169     0.91768261    0.83820389    0.90348855    0.90069274    0.59167110    0.46528020    0.44800260    0.00000000    0.28954768    0.57332688    0.58686870    0.62353617    0.59697999    0.78954750    0.92740399    1.92987802    1.49061125    1.51928338    1.20250699    1.23530943    1.40289665    1.17242420    1.56865271    1.46102555    1.98967700    1.78836609    1.41168583    1.57219674    1.53977128    1.32839490    1.40399727    1.79486578    1.37028824    1.30940703    1.42390367    1.16014132    1.32574430    1.30624054    1.31936809    1.15594461    1.26927866    1.24272978    1.18198615    1.13054660    1.62553325    1.36121528    1.48543827    2.03256783    1.72174794    1.53139971    1.51531982    1.45911032    1.76594871    2.18612529    1.60975775    1.43238694    1.43829125    1.95166223    1.37162685    1.84208998    1.82075317    1.57769189    1.67841124    1.59622767    1.71206404    1.17816961    1.22271174    1.33037359
R7YGC8_CONA1/82-167     1.02014328    0.95307414    0.97877409    0.86614152    0.56007732    0.58054340    0.48532212    0.28954768    0.00000000    0.63118356    0.69089250    0.65445428    0.71795535    0.89311850    0.86274884    1.86724317    1.44191294    1.41698879    1.25918343    1.13011458    1.40976926    1.16277691    1.50027642    1.50115067    1.68745353    1.60551205    1.46736659    1.47736279    1.53153472    1.31889086    1.43052268    1.69287355    1.38376598    1.50313856    1.52358567    1.12122188    1.35411251    1.29306298    1.33222190    1.15209559    1.37307652    1.19369410    1.12791191    1.14509139    1.41976324    1.55828279    1.53227552    1.81566791    1.52772217    1.54275914    1.59905427    1.42426183    1.53691396    2.23462227    1.48072299    1.40302323    1.34816361    1.86523729    1.41669917    1.72348104    1.79520633    1.44645814    1.67622580    1.53298323    1.56956049    1.02194572    1.15948853    1.25644641
N1J7J0_BLUG1/82-167     1.05209733    1.06163615    1.07742520    0.98533368    0.68397154    0.56997048    0.53036881    0.57332688    0.63118356    0.00000000    0.26957466    0.40268534    0.51274632    0.82729811    1.09406375    1.87528485    1.65065195    1.66266817    1.44742046    1.21506180    1.32918707    1.18405824    1.52298084    1.55678924    2.05248650    1.75389302    1.39570042    1.58203720    1.63642719    1.40970387    1.35109469    1.67117168    1.37813419    1.45675340    1.41124701    1.16874377    1.43703282    1.26599864    1.22474688    1.22208292    1.25054779    1.27052426    1.27430381    1.12750474    1.71548468    1.52753393    1.66315436    2.22913030    1.44269554    1.31665096    1.32293934    1.24885641    1.64742995    2.12074245    1.37816453    1.38154361    1.30389142    1.83199731    1.17058194    2.02540719    1.89555250    1.32243604    1.52243353    1.38244114    1.47673316    1.25085915    1.40250115    1.40586631
A7F911_SCLS1/83-168     1.07316528    1.00845389    0.92748105    0.95642844    0.77882436    0.63821904    0.56199499    0.58686870    0.69089250    0.26957466    0.00000000    0.42446797    0.48262177    0.80275686    0.99909264    1.66214060    1.44492768    1.57834644    1.56387649    1.24595793    1.34867670    1.24850068    1.44146534    1.70251755    1.96598580    1.66357573    1.30191443    1.63284482    1.64890435    1.44409023    1.52563637    1.61189597    1.45431380    1.47776067    1.57407064    1.15625165    1.26735222    1.29715700    1.22312825    1.17389663    1.27446566    1.19080608    1.12603795    1.11145550    1.58780095    1.28058471    1.57574345    2.08941288    1.47523788    1.38354275    1.34875545    1.28749896    1.68882122    2.06562194    1.35082728    1.31625157    1.27491616    1.69911807    1.16684962    1.90309460    1.86246863    1.30686589    1.50779615    1.34337025    1.42741490    1.30260412    1.53654745    1.56977909
S3DSK2_GLAL2/83-166     1.15011705    1.26375474    1.01588864    1.05435921    0.73640216    0.73743173    0.70979160    0.62353617    0.65445428    0.40268534    0.42446797    0.00000000    0.42046691    0.80255442    1.06838250    1.83064620    1.55200136    1.66843547    1.49002391    1.34972227    1.46608375    1.41031319    1.35739671    1.64954020    2.11571960    2.00738276    1.43681502    1.78020772    1.85771012    1.43293772    1.41486561    1.64174367    1.50281502    1.57829737    1.58684537    1.25681490    1.34071259    1.39335221    1.38468312    1.46451628    1.41091748    1.28682045    1.34649614    1.24068983    1.53069072    1.34721763    1.42975950    2.18933033    1.52194500    1.39570959    1.38885871    1.34120586    1.62640468    1.91319546    1.39247268    1.42311340    1.30948866    1.70553912    1.15330184    1.99726469    1.88712526    1.34106590    1.48030179    1.43392941    1.45558317    1.44121488    1.48812853    1.51551728
K1WWI7_MARBU/97-179     1.01134173    1.05762239    0.97221251    0.95334282    0.79920418    0.74543033    0.69274815    0.59697999    0.71795535    0.51274632    0.48262177    0.42046691    0.00000000    0.68644069    1.02453228    1.88108487    1.47211138    1.58952472    1.51637818    1.23427815    1.34404644    1.26047177    1.51868652    1.70399513    2.07541395    1.85719454    1.34819533    1.45143129    1.58599431    1.46684080    1.47015766    1.50339367    1.35861985    1.45037191    1.51078632    1.16095168    1.33731730    1.28937231    1.27576030    1.31485836    1.32700570    1.37538573    1.24092805    1.14796595    1.63447133    1.25526031    1.29436621    1.91914326    1.62065903    1.58272747    1.56135668    1.49996178    1.59787209    1.95139732    1.53649341    1.60550271    1.49960338    1.79522867    1.44180603    1.84181147    1.92555737    1.53778402    1.68175000    1.52801374    1.75223441    1.28708431    1.53124158    1.48417287
L8FS16_PSED2/81-155     0.93327683    1.10910953    0.89949332    0.87916585    0.81419461    0.79457724    0.83147205    0.78954750    0.89311850    0.82729811    0.80275686    0.80255442    0.68644069    0.00000000    1.08131944    1.89099611    1.43713797    1.52908804    1.18783961    1.16893996    1.50097416    1.26985650    1.66707453    1.47717096    1.69186756    1.89697074    1.31492152    1.68050135    1.61727781    1.43618812    1.28445543    1.22139102    1.33793169    1.25187500    1.30355852    1.14257509    1.30506719    1.04777572    1.31972306    1.13676051    1.21798855    1.16914789    1.13857396    1.29463690    1.28291954    1.31560625    1.11182115    1.82655114    1.59139988    1.49467982    1.55516059    1.34342667    1.61594081    1.59177210    1.42841716    1.39092627    1.37442174    1.49689133    1.26254228    1.78526459    1.65215448    1.53272140    1.41428122    1.55104000    1.70795461    1.09283519    1.35369207    1.24759726
L0PDN7_PNEJ8/82-149     1.04303321    1.05781546    0.96057297    1.13791485    0.92418374    1.00877895    0.94015074    0.92740399    0.86274884    1.09406375    0.99909264    1.06838250    1.02453228    1.08131944    0.00000000    1.75729466    1.20871184    1.28466224    1.39686247    1.15938261    1.24847837    1.42627691    1.23746396    1.36138507    1.84576340    1.69731634    1.17156914    1.61094973    1.68174397    1.38443886    1.26157601    1.67468503    1.34585281    1.66834496    1.63717693    1.30490624    1.53421816    1.34651736    1.34488230    1.29864216    1.39604735    1.38087193    1.27011311    1.11571422    1.40996902    1.48907208    1.28108392    1.66135169    1.79103847    1.69623928    1.67539414    1.27643250    1.97503671    1.70395236    1.79127346    1.80187054    1.62732191    1.50760457    1.43524265    1.63611599    1.63413494    1.47066012    1.47689127    1.66963469    1.70890564    1.20981997    1.57007737    1.45383561
F4R525_MELLP/74-145     1.73003782    1.63795074    1.66579253    1.86199282    1.75086714    1.73279400    1.77943978    1.92987802    1.86724317    1.87528485    1.66214060    1.83064620    1.88108487    1.89099611    1.75729466    0.00000000    1.55295603    1.86141423    2.33518561    2.01835934    2.12441561    2.32878064    1.65576490    1.88104090    2.14655880    1.87007752    1.67692261    2.23050803    1.99746792    1.77995819    1.91188539    2.08958119    2.18448780    1.93888682    2.06216611    1.84076440    1.99093099    2.02406611    1.80373107    1.89016455    2.00867113    1.87706886    2.10199756    1.89647220    1.86834270    2.13821820    2.25106018    2.25720518    2.33278214    2.62941050    2.53100795    2.14322999    2.56559503    2.78068704    2.21014662    2.18711700    2.12949402    1.77907443    1.85586505    2.57775337    2.01876375    2.05043022    2.17046887    2.45644876    2.05333654    1.67125426    1.71350154    1.80432889
G1WZN4_ARTOA/77-148     1.20042873    1.76046156    1.49105529    1.64266262    1.53200113    1.30972142    1.62748439    1.49061125    1.44191294    1.65065195    1.44492768    1.55200136    1.47211138    1.43713797    1.20871184    1.55295603    0.00000000    0.33914912    1.52280521    1.90436609    1.96212963    1.85916767    1.86989022    1.93787265    2.04713805    1.93631275    1.72868701    2.08571362    2.09564450    1.90596136    1.65441154    1.86862739    1.72302301    1.70601976    1.77026218    1.69817514    1.87885956    1.77833156    1.61103507    1.60525527    1.49336998    1.69778576    1.68031278    1.68498000    1.64499879    1.74751010    1.62023922    2.27588360    2.02366339    1.90597395    1.79418529    1.80059507    2.39048298    2.10987994    1.96392750    1.79541321    1.56331545    1.49164088    1.39195370    2.22578428    1.91740693    1.86545384    1.75109655    1.70288152    1.71792724    1.66986921    1.61166380    1.52850237
S8BWZ2_DACHA/77-148     1.18150808    1.59315823    1.41324216    1.57077086    1.53803893    1.42509800    1.65374621    1.51928338    1.41698879    1.66266817    1.57834644    1.66843547    1.58952472    1.52908804    1.28466224    1.86141423    0.33914912    0.00000000    1.33230613    1.75685879    1.81486142    1.76245173    1.76344523    1.89881899    1.94658281    1.75169194    1.70732329    1.94494563    1.92585215    1.74628765    1.56880094    1.89041670    1.83327860    1.79815395    1.82879737    1.63181387    1.72216148    1.64464457    1.55808568    1.57195097    1.42684648    1.63501530    1.80908888    1.70433952    1.58358766    1.60471561    1.51719802    2.18519440    2.04277463    1.91539162    1.81259109    1.80628017    2.41521980    1.97911802    1.85402111    1.77751448    1.57722770    1.62386441    1.53257761    2.16869325    1.81060191    1.73785658    1.70912474    1.71736293    1.76326600    1.61812767    1.71909971    1.62813616
S8F7W1_FOMPI/105-173     1.43140579    1.38029635    1.43139152    1.25962593    1.30023356    1.43910511    1.36558970    1.20250699    1.25918343    1.44742046    1.56387649    1.49002391    1.51637818    1.18783961    1.39686247    2.33518561    1.52280521    1.33230613    0.00000000    1.64008384    1.67989192    1.71338116    1.07079896    1.24593445    1.38830915    2.05950297    1.53144389    1.60703324    1.96060116    1.27552407    1.43189941    1.53351648    1.44949695    1.37612252    1.29419860    1.39818368    1.65830852    1.55351660    1.34111755    1.47053335    1.46967506    1.29630568    1.49273383    1.50412343    1.23133683    1.62338182    1.35244851    1.86938811    2.11378448    2.07651292    2.12336702    1.92628113    2.36329794    2.41612982    2.13666323    2.05249184    2.04200962    2.17052417    1.96763875    2.05154242    1.95180348    1.88453431    1.69495720    2.04657583    2.22136221    1.58993664    1.43059024    1.79869790
Q2H122_CHAGB/70-134     1.34394952    1.21017688    1.18777032    1.03426375    1.22662696    1.14204391    1.03713105    1.23530943    1.13011458    1.21506180    1.24595793    1.34972227    1.23427815    1.16893996    1.15938261    2.01835934    1.90436609    1.75685879    1.64008384    0.00000000    0.22351760    0.33655509    1.12448117    1.07298403    1.70031359    2.00372847    1.67234782    1.34544972    1.69598536    1.30099181    1.57787512    1.62000249    1.75161499    1.86550778    2.00014917    1.59483669    1.50938128    1.75244981    1.57166759    1.44488699    1.52391642    1.40142089    1.85924426    1.55830543    1.54051508    1.45662668    1.40861873    1.94362765    1.59051582    1.87518865    1.85374530    1.65253486    2.02337502    1.76572597    1.77746139    1.61783892    1.59320262    1.53592740    1.53004668    1.94306896    1.69197473    1.35681702    1.34205102    1.64312597    1.63205522    1.35450519    1.32256704    1.40227605
G0S668_CHATD/69-134     1.33874475    1.35577406    1.45146682    1.23712760    1.53090103    1.27443995    1.13987521    1.40289665    1.40976926    1.32918707    1.34867670    1.46608375    1.34404644    1.50097416    1.24847837    2.12441561    1.96212963    1.81486142    1.67989192    0.22351760    0.00000000    0.41734623    1.13727707    1.25339881    1.91571751    2.26952646    1.60167776    1.37093463    1.58382714    1.56776016    1.54095627    1.79138634    1.83709481    1.95903401    2.04578761    1.89821426    1.69725201    2.04789669    1.85685727    1.74621266    1.82549696    1.71570951    2.20348106    1.86120591    1.61976633    1.52258346    1.48238213    2.03002085    1.53902331    1.81064469    1.71945514    1.46687770    1.81451023    1.69125533    1.84091916    1.76915958    1.68912247    1.54698453    1.48095531    2.16780263    1.70685069    1.44643043    1.55651598    1.66580854    1.72661873    1.52906033    1.46474330    1.43487284
F7W2E2_SORMK/74-138     1.52884687    1.40034421    1.32446458    1.39133976    1.50221655    1.14621468    1.16356681    1.17242420    1.16277691    1.18405824    1.24850068    1.41031319    1.26047177    1.26985650    1.42627691    2.32878064    1.85916767    1.76245173    1.71338116    0.33655509    0.41734623    0.00000000    1.25972991    1.16466940    1.94339464    2.02121826    1.88800864    1.42858067    1.78009801    1.38221377    2.02207817    1.91853249    1.91685378    1.99467946    2.15098876    1.77039322    1.79951942    1.99645866    1.82368373    1.68277626    1.73202313    1.56450197    2.03896232    1.75866541    1.74309642    1.39637704    1.26771487    2.14236638    1.61387541    1.79946186    1.61183533    1.47363512    1.83546425    1.80937777    1.93525840    1.58194816    1.55996526    1.60567807    1.60004012    2.11084839    1.69828828    1.39487425    1.29788540    1.61489716    1.73294036    1.44047129    1.22511161    1.39841618
S3CCK4_OPHP1/133-197     1.63640468    1.57530116    1.41391622    1.34407654    1.42339972    1.48837918    1.37309029    1.56865271    1.50027642    1.52298084    1.44146534    1.35739671    1.51868652    1.66707453    1.23746396    1.65576490    1.86989022    1.76344523    1.07079896    1.12448117    1.13727707    1.25972991    0.00000000    0.36373886    1.87526355    1.58724329    1.66879019    1.39425346    1.88105026    1.22903803    1.51723590    1.81847690    1.63354738    1.58059418    1.76395174    1.53451663    1.43611225    1.96509870    1.64973172    1.56284620    1.68701579    1.59539743    1.84446122    1.52523922    1.74144649    1.52039595    1.45435030    2.03919768    1.65117798    1.60557025    1.91224695    1.41987959    2.16998887    2.24937917    1.67023561    1.74320505    1.65818831    1.82615884    1.53304673    1.57250181    1.53152750    1.59495623    1.52286688    1.47134359    1.50097309    1.43549461    1.61552125    1.50415908
F0XGP7_GROCL/70-147     1.76922357    1.53875384    1.68938280    1.48676172    1.53988958    1.37742831    1.42102594    1.46102555    1.50115067    1.55678924    1.70251755    1.64954020    1.70399513    1.47717096    1.36138507    1.88104090    1.93787265    1.89881899    1.24593445    1.07298403    1.25339881    1.16466940    0.36373886    0.00000000    2.14810065    1.91563135    1.80968662    1.60241130    2.02677185    1.60555033    1.76306894    1.75724999    1.57709421    1.70077929    1.69489538    1.56807229    1.76155504    1.95622370    1.70788253    1.66425470    1.63918773    1.66861200    2.20191847    1.69353671    1.91656050    1.86044173    1.62904788    2.10816012    1.54254503    1.68918368    1.80661340    1.56026947    2.05155258    2.08351974    1.69033113    1.79692916    1.75363296    1.98951083    1.62372908    1.96181103    1.97843441    1.77737993    1.50573375    1.52052947    1.70866575    1.35123060    1.46356137    1.33937289
G4TMS8_SERID/87-151     1.27483259    1.80689334    1.52489800    1.65954095    1.86813830    1.73198632    1.72854787    1.98967700    1.68745353    2.05248650    1.96598580    2.11571960    2.07541395    1.69186756    1.84576340    2.14655880    2.04713805    1.94658281    1.38830915    1.70031359    1.91571751    1.94339464    1.87526355    2.14810065    0.00000000    2.15493584    1.25949539    1.69643929    1.60655043    1.60835257    1.68102254    1.42516356    1.50963914    1.53589373    1.66404328    1.23338335    1.44573375    1.27649169    1.30206738    1.37339202    1.36099890    1.06229162    1.28722928    1.40597217    1.38345355    1.69402752    1.75034185    2.22530806    1.96939569    2.32593319    2.00954519    2.05053662    1.78109352    2.51834661    2.19980117    2.12852750    2.01195980    2.49213818    2.31910695    2.35867916    2.01012219    1.93190783    1.84906759    2.04712816    2.42692255    1.89209451    1.57462206    1.81948209
R9A915_WALI9/73-137     1.65397056    2.23468217    1.68147606    1.54821298    1.96308001    1.56855969    1.66464878    1.78836609    1.60551205    1.75389302    1.66357573    2.00738276    1.85719454    1.89697074    1.69731634    1.87007752    1.93631275    1.75169194    2.05950297    2.00372847    2.26952646    2.02121826    1.58724329    1.91563135    2.15493584    0.00000000    1.31002295    2.09970111    1.88117129    1.62565218    1.79781931    2.22227876    1.81406602    2.00986538    1.93820201    1.28759427    1.52267109    1.51751501    1.07372071    1.42381363    1.41409934    1.35356055    1.46024523    1.22158303    1.74177445    2.25336379    2.00355214    2.28204073    2.45069329    2.17153119    2.37651716    2.28444802    2.60863567    3.00700382    2.21085388    2.17482184    2.15980667    2.11807958    2.31358918    2.24751039    1.85363241    1.97142598    1.99226141    2.17369503    2.30071702    1.95503694    1.70651549    1.80721179
E3JX29_PUCGT/93-157     1.05884993    1.43204629    1.29702456    1.24202012    1.25809120    1.32745345    1.37843543    1.41168583    1.46736659    1.39570042    1.30191443    1.43681502    1.34819533    1.31492152    1.17156914    1.67692261    1.72868701    1.70732329    1.53144389    1.67234782    1.60167776    1.88800864    1.66879019    1.80968662    1.25949539    1.31002295    0.00000000    1.71522517    1.37782392    1.06383254    1.24128741    1.14146525    1.20747718    1.16594233    1.24222583    1.07912294    1.05001548    1.20374170    0.95044758    1.21327677    1.13899787    1.16058447    1.27187469    1.26309435    1.23349870    1.49108378    1.42882346    1.93037375    1.80413689    1.72516338    1.81691916    1.75894268    1.89619133    2.53628536    1.88458258    1.85381429    1.63090213    1.93466653    1.82837883    2.23055281    1.86209838    1.86174051    1.79656301    2.14826174    2.10211278    1.69642326    1.79220975    1.84275812
K5UHQ5_PHACS/99-167     1.67418640    1.51381430    1.68561177    1.58448088    1.70828406    1.53718366    1.50255148    1.57219674    1.47736279    1.58203720    1.63284482    1.78020772    1.45143129    1.68050135    1.61094973    2.23050803    2.08571362    1.94494563    1.60703324    1.34544972    1.37093463    1.42858067    1.39425346    1.60241130    1.69643929    2.09970111    1.71522517    0.00000000    0.91549290    1.73102357    2.01811280    1.92895452    1.76184935    2.11441013    2.14555736    1.52705572    1.88594390    1.90503335    1.86127480    1.84979997    1.86638413    1.88518161    1.90581845    1.49581636    2.19314103    1.98756949    1.98958957    2.43568646    1.73424290    1.96022073    1.95910008    1.72945321    2.24344904    2.82693564    1.95527472    1.72488459    1.85084680    1.76385194    1.82356247    1.86666952    1.57172169    1.63877156    1.77685937    2.15350995    2.00287331    1.70451761    1.75137754    1.89156425
K5WJU0_PHACS/148-213     1.31703959    1.87291402    1.70913564    1.66134896    1.49326200    1.54976956    1.52314681    1.53977128    1.53153472    1.63642719    1.64890435    1.85771012    1.58599431    1.61727781    1.68174397    1.99746792    2.09564450    1.92585215    1.96060116    1.69598536    1.58382714    1.78009801    1.88105026    2.02677185    1.60655043    1.88117129    1.37782392    0.91549290    0.00000000    1.76826370    1.51829460    1.64490027    1.66861602    1.73895763    1.62295888    1.80252444    1.71806172    1.71260209    1.65003421    1.80025834    1.81420095    1.62013462    1.61862126    1.50258426    1.83118356    1.85100034    1.75071105    1.95356425    1.68653164    1.92660856    1.99915680    1.91499147    2.17332421    2.57217326    1.91904635    1.65129880    1.68525108    1.44082742    1.64560683    2.14869003    1.78466126    1.63423839    2.02142324    1.98339592    2.12054172    1.70287258    1.70782614    1.75282598
G4TKM3_SERID/85-152     1.13875813    1.58215668    1.19096236    1.50858690    1.25360856    1.34166713    1.38401308    1.32839490    1.31889086    1.40970387    1.44409023    1.43293772    1.46684080    1.43618812    1.38443886    1.77995819    1.90596136    1.74628765    1.27552407    1.30099181    1.56776016    1.38221377    1.22903803    1.60555033    1.60835257    1.62565218    1.06383254    1.73102357    1.76826370    0.00000000    0.89025685    1.35443159    1.22093646    1.47769035    1.50026252    0.80871884    1.00452994    1.07742716    0.89932413    1.09160349    1.11945772    0.86996649    1.15733551    0.92242367    1.02110554    1.59211827    1.34814542    1.90889217    1.85606206    1.90851222    1.80254813    1.77805674    2.12638010    2.35907724    1.83138569    1.69919589    1.75240904    1.94152472    1.80529382    2.11551720    1.47653126    1.62826817    1.84139837    2.04135126    2.06704046    1.33258423    1.33949100    1.75656503
U5H264_USTV1/331-399     1.26249763    1.43284552    1.28392498    1.47247952    1.26413144    1.25793098    1.47727719    1.40399727    1.43052268    1.35109469    1.52563637    1.41486561    1.47015766    1.28445543    1.26157601    1.91188539    1.65441154    1.56880094    1.43189941    1.57787512    1.54095627    2.02207817    1.51723590    1.76306894    1.68102254    1.79781931    1.24128741    2.01811280    1.51829460    0.89025685    0.00000000    0.76963638    1.23155753    1.31693622    1.32346249    1.25922316    1.41913381    1.30295689    1.16507965    1.27776329    1.42106658    1.30992820    1.31805656    1.15147065    1.28085582    1.76608752    1.38262354    2.03049315    1.60782843    1.74948697    1.68648374    1.67815373    1.63078344    2.16779424    1.74336751    1.76605855    1.53920916    1.93947364    1.59207263    2.05815599    1.75423705    1.57814958    1.86170476    1.67433659    1.70858891    1.44901915    1.56732985    1.56012608
A0A0K3CS38_RHOTO/199-266     1.39418085    1.72480862    1.43120975    1.51069259    1.64855421    1.49984266    1.88708608    1.79486578    1.69287355    1.67117168    1.61189597    1.64174367    1.50339367    1.22139102    1.67468503    2.08958119    1.86862739    1.89041670    1.53351648    1.62000249    1.79138634    1.91853249    1.81847690    1.75724999    1.42516356    2.22227876    1.14146525    1.92895452    1.64490027    1.35443159    0.76963638    0.00000000    1.15790764    1.48632038    1.31781096    1.36048615    1.52062276    1.54642623    1.38367371    1.45485108    1.58689149    1.39385043    1.35392991    1.43109039    1.68850363    1.59846665    1.34057953    1.94552072    1.90014361    2.07194163    2.02893366    2.02843126    1.80498183    2.32585150    1.71225187    1.77711052    1.56001449    2.04604477    1.94411554    2.38632884    2.04369200    1.86434491    2.11573772    1.89291701    2.01361208    1.60797815    1.97871997    1.82400704
M9LX48_PSEA3/86-151     1.23841602    1.88479654    1.20689671    1.30483203    1.30237088    1.29795168    1.44704085    1.37028824    1.38376598    1.37813419    1.45431380    1.50281502    1.35861985    1.33793169    1.34585281    2.18448780    1.72302301    1.83327860    1.44949695    1.75161499    1.83709481    1.91685378    1.63354738    1.57709421    1.50963914    1.81406602    1.20747718    1.76184935    1.66861602    1.22093646    1.23155753    1.15790764    0.00000000    0.28021497    0.31534142    0.71554916    1.16104218    0.91962311    0.75181569    0.93315838    0.90543181    0.94506072    0.98205003    0.80663254    1.30526087    1.58205787    1.42784820    1.73774738    1.89712658    1.95718277    1.85356750    1.86985948    1.48649334    2.09158649    2.07024075    2.16390175    2.07068127    2.21903992    2.14389126    1.98069357    2.12276328    1.98802397    1.93879813    2.32343431    2.33946969    1.63802963    1.74456969    1.84861317
R9PCW0_PSEHS/86-151     1.24893543    1.78794241    1.11470271    1.25887158    1.14798085    1.42624705    1.44870025    1.30940703    1.50313856    1.45675340    1.47776067    1.57829737    1.45037191    1.25187500    1.66834496    1.93888682    1.70601976    1.79815395    1.37612252    1.86550778    1.95903401    1.99467946    1.58059418    1.70077929    1.53589373    2.00986538    1.16594233    2.11441013    1.73895763    1.47769035    1.31693622    1.48632038    0.28021497    0.00000000    0.28325278    0.91921001    1.21124635    1.11025730    0.86233977    0.86853463    0.88336761    0.94516194    0.97314942    1.03710455    1.15039362    1.45866147    1.62263198    1.85367862    1.90255262    1.89782795    1.80357009    1.78765642    1.68840703    2.29562302    2.08269030    2.07717848    2.03636235    1.98949778    1.85692612    1.88433185    2.03726500    1.89369440    1.95897066    2.28270981    2.19544655    1.74753252    1.77218870    1.78689736
I2FYQ5_USTH4/86-151     1.41024420    1.70560495    1.15836069    1.37747724    1.27267309    1.48367601    1.63848749    1.42390367    1.52358567    1.41124701    1.57407064    1.58684537    1.51078632    1.30355852    1.63717693    2.06216611    1.77026218    1.82879737    1.29419860    2.00014917    2.04578761    2.15098876    1.76395174    1.69489538    1.66404328    1.93820201    1.24222583    2.14555736    1.62295888    1.50026252    1.32346249    1.31781096    0.31534142    0.28325278    0.00000000    0.88594244    1.24093464    1.01796952    0.83892536    0.88849399    0.95096807    0.92583781    0.96575846    1.03264772    1.20360381    1.41305351    1.51805941    1.84970316    1.85363972    1.94152557    2.01488806    2.01465480    1.59167726    2.26706096    2.13862327    2.11193496    2.07993035    2.00505240    2.06481270    2.17890661    2.28485226    2.12141169    1.98572629    2.41592058    2.54920643    1.78253304    1.64293805    1.74947407
S8FR59_FOMPI/81-147     1.10533341    1.41983575    1.04758917    1.15257629    1.07050954    1.05838334    1.16578944    1.16014132    1.12122188    1.16874377    1.15625165    1.25681490    1.16095168    1.14257509    1.30490624    1.84076440    1.69817514    1.63181387    1.39818368    1.59483669    1.89821426    1.77039322    1.53451663    1.56807229    1.23338335    1.28759427    1.07912294    1.52705572    1.80252444    0.80871884    1.25922316    1.36048615    0.71554916    0.91921001    0.88594244    0.00000000    0.67052538    0.41885586    0.40591612    0.55645422    0.47668949    0.48305800    0.62127413    0.42371555    0.85605370    1.50182070    1.42268436    1.99109831    1.97175712    1.88791048    1.76314245    1.80806843    1.95106739    2.50784220    1.80950279    1.80387039    1.70381425    1.86394269    1.79475324    1.86531716    1.76930241    1.64378541    1.66515407    2.01837474    2.02824280    1.43379486    1.61681004    1.57555939
L8X3D4_THACA/90-160     1.27477267    1.76828261    0.98860218    1.24330415    1.37567329    1.21965282    1.31030545    1.32574430    1.35411251    1.43703282    1.26735222    1.34071259    1.33731730    1.30506719    1.53421816    1.99093099    1.87885956    1.72216148    1.65830852    1.50938128    1.69725201    1.79951942    1.43611225    1.76155504    1.44573375    1.52267109    1.05001548    1.88594390    1.71806172    1.00452994    1.41913381    1.52062276    1.16104218    1.21124635    1.24093464    0.67052538    0.00000000    0.66073116    0.65764080    0.58961087    0.75354721    0.64345369    0.73130788    0.70535491    0.99608906    1.38298829    1.44313652    2.35753767    1.72702970    1.90328244    1.65029023    1.76674131    1.80975134    2.02434112    1.76601555    1.70609449    1.73256191    1.83592678    1.81752567    2.06553755    1.63137510    1.92202077    1.89829159    2.07304087    2.10770244    1.53438848    1.49150932    1.64927769
K5VGX6_PHACS/80-146     1.13522894    1.52959984    1.05897110    1.20891175    1.17749259    1.07513713    1.21012055    1.30624054    1.29306298    1.26599864    1.29715700    1.39335221    1.28937231    1.04777572    1.34651736    2.02406611    1.77833156    1.64464457    1.55351660    1.75244981    2.04789669    1.99645866    1.96509870    1.95622370    1.27649169    1.51751501    1.20374170    1.90503335    1.71260209    1.07742716    1.30295689    1.54642623    0.91962311    1.11025730    1.01796952    0.41885586    0.66073116    0.00000000    0.36194761    0.46454583    0.44918580    0.48053048    0.47181763    0.45384998    1.02035320    1.45486228    1.43004740    1.94742453    1.84786912    1.84522619    1.70797752    1.96725432    1.89556560    2.14089592    1.72791759    1.70725313    1.70214582    1.61841934    1.76909123    2.28830388    1.98099934    2.13483118    2.05377570    2.22268028    2.40091657    1.62832834    1.48721729    1.59034796
M2PQV0_CERS8/81-147     1.10445430    1.44576261    0.98612512    0.90568806    1.22025956    1.11661522    1.19729020    1.31936809    1.33222190    1.22474688    1.22312825    1.38468312    1.27576030    1.31972306    1.34488230    1.80373107    1.61103507    1.55808568    1.34111755    1.57166759    1.85685727    1.82368373    1.64973172    1.70788253    1.30206738    1.07372071    0.95044758    1.86127480    1.65003421    0.89932413    1.16507965    1.38367371    0.75181569    0.86233977    0.83892536    0.40591612    0.65764080    0.36194761    0.00000000    0.47890993    0.39138329    0.48789767    0.64479479    0.50123474    0.95887797    1.50228269    1.34434806    2.06598596    1.64221239    1.76777593    1.64147397    1.95169170    1.87572894    2.13561006    1.55040927    1.69118577    1.54746284    1.92090333    1.98618192    2.15611945    2.02897550    1.89016045    1.77579051    1.91793781    2.04696595    1.44510996    1.56849444    1.62149108
K5VP49_AGABU/85-151     1.15901731    1.41428851    0.92257577    0.96081238    1.12001245    1.12235562    1.18620995    1.15594461    1.15209559    1.22208292    1.17389663    1.46451628    1.31485836    1.13676051    1.29864216    1.89016455    1.60525527    1.57195097    1.47053335    1.44488699    1.74621266    1.68277626    1.56284620    1.66425470    1.37339202    1.42381363    1.21327677    1.84979997    1.80025834    1.09160349    1.27776329    1.45485108    0.93315838    0.86853463    0.88849399    0.55645422    0.58961087    0.46454583    0.47890993    0.00000000    0.40330937    0.46939428    0.44919544    0.52581375    1.05265913    1.39853710    1.45428593    1.94442583    1.95409726    1.95506799    1.74382502    2.01953472    2.01924633    2.28459002    1.90212426    1.93175709    1.81236786    1.64765406    1.77579354    2.13890709    1.92814541    2.09483913    1.87060458    2.18287015    2.24379698    1.46183900    1.32748450    1.51319236
V2XVB8_MONRO/80-146     1.00797480    1.40946194    0.98911410    1.08216134    1.26138545    1.19127177    1.26578308    1.26927866    1.37307652    1.25054779    1.27446566    1.41091748    1.32700570    1.21798855    1.39604735    2.00867113    1.49336998    1.42684648    1.46967506    1.52391642    1.82549696    1.73202313    1.68701579    1.63918773    1.36099890    1.41409934    1.13899787    1.86638413    1.81420095    1.11945772    1.42106658    1.58689149    0.90543181    0.88336761    0.95096807    0.47668949    0.75354721    0.44918580    0.39138329    0.40330937    0.00000000    0.41497856    0.59377894    0.42567310    0.99473540    1.46575269    1.49791415    1.88433081    2.06764513    1.94793823    1.82733902    2.01562013    2.12266315    2.23645091    1.86295136    1.73768441    1.67092572    1.74842996    1.80888998    2.15535486    1.90651386    2.06968430    1.87580766    2.22631184    2.21881242    1.64233207    1.55138665    1.60497592
