12
R7N8Y1_9FIRM/32-136     0.00000000    1.61274226    0.92164920    1.29672945    1.07930207    1.23218122    2.14848399    2.20329131    1.28852316    1.82473542    1.71130936    1.68067436
R6N939_9FIRM/50-153     1.61274226    0.00000000    1.63729004    1.80963257    1.72343214    1.76693346    2.12406906    2.92284683    1.61840312    2.48537657    2.49800071    1.96194365
R6P677_9CLOT/32-133     0.92164920    1.63729004    0.00000000    0.92424317    0.99810015    1.14397327    1.86322650    2.28971468    1.66913904    2.12834695    2.02883004    1.79456379
R6N309_9CLOT/31-132     1.29672945    1.80963257    0.92424317    0.00000000    1.20933536    1.17062253    1.72925154    2.29324158    1.88625919    2.28235219    2.52131997    1.86608716
R5QK65_9FIRM/69-173     1.07930207    1.72343214    0.99810015    1.20933536    0.00000000    0.94598793    1.72317737    2.00108762    1.23775343    1.73916496    2.25135727    1.96000296
R5RRY8_9FIRM/87-187     1.23218122    1.76693346    1.14397327    1.17062253    0.94598793    0.00000000    1.39566616    2.17304566    1.42386302    2.25098185    2.56594182    2.04413448
R6PNW4_9FIRM/47-149     2.14848399    2.12406906    1.86322650    1.72925154    1.72317737    1.39566616    0.00000000    2.36561348    1.52856478    2.41066209    2.72473917    1.91489334
B8DVN8_BIFA0/282-374     2.20329131    2.92284683    2.28971468    2.29324158    2.00108762    2.17304566    2.36561348    0.00000000    1.61364433    1.88329441    2.37093518    2.50017080
I3WG51_BIFBI/320-420     1.28852316    1.61840312    1.66913904    1.88625919    1.23775343    1.42386302    1.52856478    1.61364433    0.00000000    0.84209742    1.98540211    1.74816981
Q8G4X8_BIFLO/319-420     1.82473542    2.48537657    2.12834695    2.28235219    1.73916496    2.25098185    2.41066209    1.88329441    0.84209742    0.00000000    2.34416065    2.10129922
E6K0K8_PARDN/77-178     1.71130936    2.49800071    2.02883004    2.52131997    2.25135727    2.56594182    2.72473917    2.37093518    1.98540211    2.34416065    0.00000000    1.80451313
G2T1J6_ROSHA/8-116     1.68067436    1.96194365    1.79456379    1.86608716    1.96000296    2.04413448    1.91489334    2.50017080    1.74816981    2.10129922    1.80451313    0.00000000

