24
W5KBE2_ASTMX/586-647     0.00000000    0.47200064    0.38503003    0.43660631    0.38114867    0.49882749    0.50434718    0.47687190    0.63812244    1.05634311    1.64649998    1.34441566    1.32957167    1.33931332    1.35395063    1.23068158    1.32779784    1.29854365    1.31831418    1.67023057    0.40017689    0.44894814    0.45983012    0.41730188
M4A5X7_XIPMA/583-644     0.47200064    0.00000000    0.31041044    0.38198772    0.42600284    0.55591218    0.60892224    0.61551916    0.51156336    1.28337473    1.69410729    1.52162359    1.43931764    1.48212599    1.45283249    1.31404596    1.44371296    1.37738524    1.29734050    1.64875636    0.52140736    0.62524488    0.52922806    0.44291646
H2MV53_ORYLA/553-614     0.38503003    0.31041044    0.00000000    0.29991910    0.50476011    0.54907168    0.50434410    0.67354409    0.61325040    1.18177427    1.69088083    1.31746324    1.32733492    1.38451086    1.50002651    1.41026869    1.47440377    1.48593767    1.25416835    1.55567131    0.54316179    0.44988299    0.52993506    0.46451869
G3N9B2_GASAC/585-646     0.43660631    0.38198772    0.29991910    0.00000000    0.54452825    0.62893816    0.55123438    0.59858281    0.61583879    1.22368107    1.91394061    1.63636060    1.60697727    1.59469881    1.63888244    1.53394265    1.54232837    1.52809512    1.30760059    1.49632132    0.58167106    0.51498160    0.62447866    0.50720459
Q5RFV3_DANRE/590-649     0.38114867    0.42600284    0.50476011    0.54452825    0.00000000    0.53158125    0.54729805    0.57056864    0.61791811    1.23626095    1.65621969    1.29734988    1.26649208    1.39832143    1.33945095    1.49089586    1.44937349    1.46824841    1.34694812    1.46077191    0.34127124    0.43601422    0.30899628    0.43690631
F7E503_XENTR/607-668     0.49882749    0.55591218    0.54907168    0.62893816    0.53158125    0.00000000    0.37129273    0.48378223    0.46191675    1.15050832    1.34096997    1.09346422    1.18548171    1.18096653    1.16856748    0.98239464    1.06051384    1.02037346    1.37680739    1.62011636    0.45995973    0.56183587    0.50653060    0.40085908
F6ZCV6_MONDO/503-564     0.50434718    0.60892224    0.50434410    0.55123438    0.54729805    0.37129273    0.00000000    0.27133186    0.43808224    1.05246119    1.58177354    1.22533391    1.21927596    1.22567027    1.31836792    1.20597442    1.22101543    1.29706138    1.22077961    1.39265240    0.46291994    0.46996587    0.45131326    0.39224565
L5KR87_PTEAL/863-924     0.47687190    0.61551916    0.67354409    0.59858281    0.57056864    0.48378223    0.27133186    0.00000000    0.51451933    1.10539206    1.60219026    1.32325774    1.33893374    1.34669898    1.36168899    1.29783803    1.24339180    1.32267651    1.38651865    1.40056453    0.52028448    0.52543848    0.58181589    0.47193628
H3ALZ4_LATCH/579-641     0.63812244    0.51156336    0.61325040    0.61583879    0.61791811    0.46191675    0.43808224    0.51451933    0.00000000    1.28479366    1.47798475    1.40200061    1.36229717    1.38663439    1.30564331    1.27964154    1.39216183    1.39405932    1.21242669    1.28994035    0.53176304    0.58588420    0.59227308    0.57450794
C3ZQP5_BRAFL/157-221     1.05634311    1.28337473    1.18177427    1.22368107    1.23626095    1.15050832    1.05246119    1.10539206    1.28479366    0.00000000    1.15201832    1.09083496    1.10116607    1.02329578    1.02885507    1.42569509    1.37515592    1.38269995    1.37325694    1.57136326    1.29387830    1.17484069    1.23691633    1.15938140
B7P464_IXOSC/465-524     1.64649998    1.69410729    1.69088083    1.91394061    1.65621969    1.34096997    1.58177354    1.60219026    1.47798475    1.15201832    0.00000000    0.67443124    0.72375756    0.77250280    0.58872468    1.30699080    1.33169674    1.29113364    1.62529396    1.78634415    1.49033405    1.55416333    1.48088662    1.45955603
F4WB07_ACREC/580-636     1.34441566    1.52162359    1.31746324    1.63636060    1.29734988    1.09346422    1.22533391    1.32325774    1.40200061    1.09083496    0.67443124    0.00000000    0.30268046    0.27043184    0.27857144    1.39061107    1.46997170    1.37756775    1.62497994    1.54212513    1.22147529    1.38907499    1.23629124    1.18954149
E9G5W0_DAPPU/598-654     1.32957167    1.43931764    1.32733492    1.60697727    1.26649208    1.18548171    1.21927596    1.33893374    1.36229717    1.10116607    0.72375756    0.30268046    0.00000000    0.41931646    0.43024688    1.40933347    1.49654202    1.44491992    1.73999779    1.46366092    1.32358529    1.34877096    1.19266114    1.18052444
J9JIY4_ACYPI/573-629     1.33931332    1.48212599    1.38451086    1.59469881    1.39832143    1.18096653    1.22567027    1.34669898    1.38663439    1.02329578    0.77250280    0.27043184    0.41931646    0.00000000    0.27515763    1.24590859    1.34618825    1.16796997    1.55343774    1.37795918    1.30402937    1.53734047    1.37618812    1.20029952
D6W9R5_TRICA/572-628     1.35395063    1.45283249    1.50002651    1.63888244    1.33945095    1.16856748    1.31836792    1.36168899    1.30564331    1.02885507    0.58872468    0.27857144    0.43024688    0.27515763    0.00000000    1.29830163    1.38425044    1.20872505    1.66855622    1.45033045    1.28021997    1.54629744    1.28979857    1.14880142
E3LCI6_CAERE/554-611     1.23068158    1.31404596    1.41026869    1.53394265    1.49089586    0.98239464    1.20597442    1.29783803    1.27964154    1.42569509    1.30699080    1.39061107    1.40933347    1.24590859    1.29830163    0.00000000    0.30998456    0.25313241    1.33942250    1.41179599    1.10272511    1.27639013    1.32778016    1.23804364
A0A2H2IEA1_CAEJA/510-567     1.32779784    1.44371296    1.47440377    1.54232837    1.44937349    1.06051384    1.22101543    1.24339180    1.39216183    1.37515592    1.33169674    1.46997170    1.49654202    1.34618825    1.38425044    0.30998456    0.00000000    0.30800628    1.44756601    1.53623241    1.20855958    1.23180957    1.29722571    1.15502994
A8XPT9_CAEBR/561-618     1.29854365    1.37738524    1.48593767    1.52809512    1.46824841    1.02037346    1.29706138    1.32267651    1.39405932    1.38269995    1.29113364    1.37756775    1.44491992    1.16796997    1.20872505    0.25313241    0.30800628    0.00000000    1.44322995    1.49032320    1.15947932    1.36822642    1.30992955    1.19936343
B3S467_TRIAD/512-572     1.31831418    1.29734050    1.25416835    1.30760059    1.34694812    1.37680739    1.22077961    1.38651865    1.21242669    1.37325694    1.62529396    1.62497994    1.73999779    1.55343774    1.66855622    1.33942250    1.44756601    1.44322995    0.00000000    1.39212111    1.33670741    1.18268215    1.48891272    1.41502720
F6ZZ72_CIOIN/526-594     1.67023057    1.64875636    1.55567131    1.49632132    1.46077191    1.62011636    1.39265240    1.40056453    1.28994035    1.57136326    1.78634415    1.54212513    1.46366092    1.37795918    1.45033045    1.41179599    1.53623241    1.49032320    1.39212111    0.00000000    1.61096246    1.51764983    1.65785501    1.50392334
H2MKH3_ORYLA/583-644     0.40017689    0.52140736    0.54316179    0.58167106    0.34127124    0.45995973    0.46291994    0.52028448    0.53176304    1.29387830    1.49033405    1.22147529    1.32358529    1.30402937    1.28021997    1.10272511    1.20855958    1.15947932    1.33670741    1.61096246    0.00000000    0.45572178    0.41098783    0.41161272
W5NJJ4_LEPOC/583-645     0.44894814    0.62524488    0.44988299    0.51498160    0.43601422    0.56183587    0.46996587    0.52543848    0.58588420    1.17484069    1.55416333    1.38907499    1.34877096    1.53734047    1.54629744    1.27639013    1.23180957    1.36822642    1.18268215    1.51764983    0.45572178    0.00000000    0.40176383    0.38193543
H2UE64_TAKRU/595-656     0.45983012    0.52922806    0.52993506    0.62447866    0.30899628    0.50653060    0.45131326    0.58181589    0.59227308    1.23691633    1.48088662    1.23629124    1.19266114    1.37618812    1.28979857    1.32778016    1.29722571    1.30992955    1.48891272    1.65785501    0.41098783    0.40176383    0.00000000    0.30091036
I3J730_ORENI/594-654     0.41730188    0.44291646    0.46451869    0.50720459    0.43690631    0.40085908    0.39224565    0.47193628    0.57450794    1.15938140    1.45955603    1.18954149    1.18052444    1.20029952    1.14880142    1.23804364    1.15502994    1.19936343    1.41502720    1.50392334    0.41161272    0.38193543    0.30091036    0.00000000

