53
B0N5S0_9FIRM/120-275     0.00000000    0.29522391    0.37928588    0.32059299    0.39446768    0.45466627    0.55451270    0.45906277    0.55679033    0.55663597    0.62718145    0.53308300    0.53595604    0.52748965    0.63216492    0.51135576    0.46234246    0.59362336    0.67052971    0.55478948    0.62564458    0.58941091    0.48445007    0.46108572    0.54736870    0.53484815    0.44669545    0.46640149    0.53791105    0.71534200    0.78047782    0.80249640    0.75609312    0.77269056    0.91467023    0.74952885    1.30085304    0.55356597    0.46497646    0.52912129    0.44472970    0.40402817    0.37889723    0.40713045    0.44081543    0.27300847    0.37821262    0.42947594    0.36688379    0.34010104    0.33592394    0.32973958    0.35726466
D7GV87_9FIRM/122-277     0.29522391    0.00000000    0.38004472    0.31779601    0.39298472    0.43788942    0.51755579    0.44218763    0.48620488    0.49122578    0.55009058    0.54691047    0.50519719    0.52310337    0.69407756    0.41446863    0.37074239    0.54133699    0.63174068    0.55359206    0.56451126    0.48326556    0.51211577    0.47755393    0.55422225    0.48298088    0.37642577    0.42627904    0.44912657    0.77754036    0.80320348    0.73826783    0.70976775    0.81205843    0.85124672    0.67678197    1.16859811    0.48186354    0.50794582    0.45675277    0.36959477    0.33287250    0.37543015    0.31841564    0.34518647    0.23633620    0.36588757    0.39034014    0.30632391    0.26980913    0.28720570    0.26314778    0.28842142
A8RA93_9FIRM/121-276     0.37928588    0.38004472    0.00000000    0.37680535    0.44221358    0.56570657    0.63053953    0.44409024    0.61282087    0.65400567    0.65029504    0.60184557    0.64339711    0.62981723    0.77826148    0.51557132    0.51982488    0.58397525    0.58787471    0.57584355    0.59507343    0.47998163    0.51309004    0.54438664    0.58145768    0.54560747    0.44432044    0.45834672    0.49915340    0.82207896    0.81735328    0.76866834    0.68301915    0.74149738    0.81094790    0.72285324    1.44377960    0.63814003    0.54664403    0.52511302    0.45965855    0.42404121    0.44374655    0.33593560    0.41090269    0.34151612    0.45167809    0.47457359    0.44653018    0.48651350    0.44964580    0.28670706    0.41224588
D9R0W7_CLOSW/122-277     0.32059299    0.31779601    0.37680535    0.00000000    0.44522749    0.49836420    0.60678852    0.46613573    0.54783629    0.60118691    0.61373038    0.59300942    0.61140337    0.51189898    0.67228219    0.49518568    0.47033728    0.59682649    0.61361131    0.60096086    0.54450071    0.53176910    0.47044892    0.47031279    0.57269900    0.49008666    0.46258280    0.51663790    0.49748131    0.75347650    0.80828128    0.72759065    0.74755162    0.81206136    0.81556845    0.65661271    1.33148141    0.51523931    0.56243061    0.48512222    0.42716673    0.39427188    0.45473143    0.41852227    0.41490238    0.30226659    0.45466792    0.43643129    0.33408312    0.39247825    0.35701669    0.27610911    0.39515033
F2JJ62_CELLD/124-279     0.39446768    0.39298472    0.44221358    0.44522749    0.00000000    0.25738467    0.52008618    0.44269896    0.40020154    0.40335162    0.46678826    0.45978924    0.45374825    0.46003522    0.53857687    0.39975095    0.35331574    0.57199235    0.63101674    0.66157085    0.63279147    0.56991237    0.51418174    0.48211971    0.52332384    0.43815151    0.34936066    0.38504533    0.40109260    0.79048512    0.78623954    0.82169811    0.83262991    0.84524642    0.95115479    0.74090176    1.18118776    0.53774360    0.41423114    0.42204612    0.43433349    0.36367386    0.39081657    0.36776429    0.46294563    0.28714575    0.40680708    0.37517309    0.39362320    0.40182318    0.37250826    0.39894445    0.41658664
B8I696_RUMCH/123-278     0.45466627    0.43788942    0.56570657    0.49836420    0.25738467    0.00000000    0.53904891    0.50911842    0.44342120    0.47682171    0.53730803    0.51855324    0.42358350    0.54462183    0.59811733    0.47401438    0.46936519    0.59369322    0.75210052    0.69186503    0.65937850    0.64441309    0.61560541    0.50151841    0.60620571    0.51870196    0.38242438    0.48546828    0.44790090    0.81336062    0.80355031    0.87433524    0.81342753    0.85995919    0.93510160    0.70521177    1.20281926    0.49059513    0.45388740    0.46093268    0.46092352    0.48791455    0.42676222    0.46492033    0.49336697    0.34625710    0.43550241    0.37641678    0.48687380    0.43321829    0.45881903    0.49175724    0.50554385
A9NG99_ACHLI/123-278     0.55451270    0.51755579    0.63053953    0.60678852    0.52008618    0.53904891    0.00000000    0.43131732    0.51918088    0.55979997    0.56437326    0.55675812    0.65560263    0.55820372    0.76023524    0.59023139    0.55688123    0.63330671    0.76372468    0.61575503    0.74002410    0.62767046    0.66004748    0.59547136    0.65612142    0.56714359    0.55637944    0.56472926    0.58858264    0.70835817    0.87429220    0.76275581    0.78391347    0.84327537    0.92089559    0.79328991    1.26058366    0.68848405    0.58310044    0.61443422    0.54023720    0.59032949    0.62746846    0.59204038    0.68060835    0.49828458    0.52764312    0.63763867    0.57049806    0.58134506    0.54661690    0.53542792    0.62030618
L0F3F9_DESDL/123-278     0.45906277    0.44218763    0.44409024    0.46613573    0.44269896    0.50911842    0.43131732    0.00000000    0.53538902    0.55910426    0.53721216    0.57514075    0.58457862    0.51676274    0.72425962    0.49023554    0.47265045    0.55696347    0.65134291    0.65048315    0.60020404    0.57204069    0.55888601    0.54607216    0.54426382    0.51706245    0.40203936    0.50104007    0.47390575    0.75252380    0.87298542    0.73388549    0.70564288    0.76961567    0.88061046    0.79217495    1.21823866    0.59800282    0.52847986    0.51137816    0.46850304    0.40992013    0.48594057    0.47926786    0.54014294    0.35780522    0.36411918    0.46295221    0.49096781    0.46722989    0.47538864    0.37312493    0.45048335
A0Q2Q2_CLONN/121-273     0.55679033    0.48620488    0.61282087    0.54783629    0.40020154    0.44342120    0.51918088    0.53538902    0.00000000    0.44223707    0.45016500    0.49540269    0.41912487    0.40034068    0.52281035    0.43714766    0.39552175    0.60559913    0.59042844    0.63750793    0.64874162    0.56448093    0.57648674    0.52940200    0.52692766    0.47837386    0.43273112    0.40644744    0.45263826    0.75353988    0.83981061    0.82769281    0.75106273    0.76209080    0.86015544    0.74902798    1.19384463    0.52729934    0.44321928    0.48421975    0.54870451    0.45061241    0.54441733    0.51378915    0.57958234    0.39515942    0.47845597    0.54787822    0.62641645    0.43354909    0.43259120    0.52810908    0.49494171
K0J2L3_AMPXN/124-277     0.55663597    0.49122578    0.65400567    0.60118691    0.40335162    0.47682171    0.55979997    0.55910426    0.44223707    0.00000000    0.25497959    0.50670812    0.46700402    0.49583398    0.60157881    0.49810555    0.38637119    0.50180967    0.62628668    0.59152428    0.61587654    0.55161820    0.59057925    0.52897103    0.53759249    0.47805977    0.46993972    0.48277162    0.52888982    0.77269863    0.70265565    0.79817798    0.79531414    0.85395404    0.86737231    0.76040432    1.36588807    0.61101852    0.57682406    0.61040463    0.52594348    0.53989068    0.56854574    0.57800785    0.61681204    0.49358470    0.55863741    0.53196560    0.62568457    0.53850096    0.48191510    0.56353525    0.52009164
G4L579_TETHN/124-277     0.62718145    0.55009058    0.65029504    0.61373038    0.46678826    0.53730803    0.56437326    0.53721216    0.45016500    0.25497959    0.00000000    0.51647574    0.45504997    0.47753979    0.54733036    0.57180287    0.41593345    0.50694057    0.63796404    0.57624957    0.69185949    0.53632185    0.61686472    0.49342862    0.56153620    0.45621622    0.49174854    0.50311688    0.48411835    0.80694006    0.68675621    0.74322731    0.73016696    0.78100713    0.83400848    0.74254203    1.21914127    0.68051081    0.51685217    0.57628826    0.51311738    0.59539816    0.64209823    0.61334630    0.61840935    0.52513202    0.54158247    0.57520531    0.70059076    0.59143071    0.50460762    0.58160668    0.57331977
H1ZCA1_MYROD/124-277     0.53308300    0.54691047    0.60184557    0.59300942    0.45978924    0.51855324    0.55675812    0.57514075    0.49540269    0.50670812    0.51647574    0.00000000    0.37203240    0.42022037    0.55364270    0.48473301    0.49694643    0.57256859    0.66036734    0.63762353    0.60048471    0.58737973    0.64717280    0.48566538    0.54769517    0.48518777    0.46217480    0.49468771    0.55096488    0.73007634    0.69036435    0.90282295    0.84814279    0.87942864    0.93499495    0.78081168    1.21659180    0.62454227    0.49566184    0.55868030    0.62017782    0.59367468    0.57925242    0.52738275    0.57899517    0.50817522    0.55311920    0.56339482    0.61679549    0.57317177    0.48755425    0.60410375    0.67826791
F0SDS3_PSESL/125-278     0.53595604    0.50519719    0.64339711    0.61140337    0.45374825    0.42358350    0.65560263    0.58457862    0.41912487    0.46700402    0.45504997    0.37203240    0.00000000    0.45385344    0.47087536    0.49725695    0.42206060    0.50223344    0.60441453    0.68603270    0.59184369    0.58084883    0.56472586    0.43999868    0.54549072    0.45461708    0.50309888    0.48687234    0.57395670    0.83396275    0.74604268    0.89448979    0.84145392    0.81052811    0.94958083    0.78464987    1.33969341    0.52850752    0.45355782    0.54063950    0.58021453    0.53124244    0.52694474    0.54679272    0.54400866    0.47783075    0.52869271    0.48687986    0.51757708    0.49211980    0.43831657    0.57737624    0.63596525
Q890V3_CLOTE/122-275     0.52748965    0.52310337    0.62981723    0.51189898    0.46003522    0.54462183    0.55820372    0.51676274    0.40034068    0.49583398    0.47753979    0.42022037    0.45385344    0.00000000    0.43881979    0.47896504    0.39682935    0.54797139    0.68115898    0.69009702    0.68318282    0.57347114    0.54208843    0.49731857    0.49922916    0.45754668    0.45002745    0.43263742    0.49216103    0.67534988    0.74568454    0.82382945    0.80217285    0.78077741    0.93457462    0.80369204    1.26591284    0.61711816    0.42790288    0.57809093    0.60240050    0.54635769    0.55688348    0.50001825    0.59626455    0.45359310    0.52371229    0.59985218    0.61815007    0.55056487    0.45540212    0.52834239    0.58699689
K0B1G6_GOTA9/121-273     0.63216492    0.69407756    0.77826148    0.67228219    0.53857687    0.59811733    0.76023524    0.72425962    0.52281035    0.60157881    0.54733036    0.55364270    0.47087536    0.43881979    0.00000000    0.58410798    0.50613335    0.70115548    0.78778314    0.78471541    0.73402257    0.71684973    0.76041038    0.64301714    0.70958188    0.58818112    0.57398030    0.53723861    0.61053949    0.73234648    0.75807642    0.76575532    0.83488469    0.76859055    0.89767274    0.86446382    1.39127001    0.68312614    0.57369361    0.62193197    0.63742349    0.69031949    0.65866110    0.67649421    0.77127984    0.55350069    0.70840467    0.68812424    0.69481199    0.59039317    0.56288655    0.72520465    0.67364764
D3EDK4_GEOS4/123-276     0.51135576    0.41446863    0.51557132    0.49518568    0.39975095    0.47401438    0.59023139    0.49023554    0.43714766    0.49810555    0.57180287    0.48473301    0.49725695    0.47896504    0.58410798    0.00000000    0.24364625    0.45564674    0.51457419    0.51256671    0.51107852    0.44932939    0.51783189    0.44038319    0.39566670    0.41458883    0.43508934    0.40668355    0.49061981    0.76093981    0.74256352    0.83696956    0.77256363    0.81441229    0.91525618    0.66500325    1.14510502    0.46521811    0.46111673    0.52229659    0.50370220    0.53192787    0.52581304    0.44303258    0.50177217    0.45788512    0.48494581    0.51917014    0.45481036    0.47879682    0.45632453    0.46312609    0.52842242
L0EAH3_THECK/123-276     0.46234246    0.37074239    0.51982488    0.47033728    0.35331574    0.46936519    0.55688123    0.47265045    0.39552175    0.38637119    0.41593345    0.49694643    0.42206060    0.39682935    0.50613335    0.24364625    0.00000000    0.38570043    0.47889710    0.45036367    0.53203706    0.47354641    0.45706340    0.32081662    0.37456130    0.29008289    0.36252710    0.35679118    0.43964513    0.68677346    0.62841166    0.79987132    0.74951887    0.71303014    0.86363258    0.74988147    1.18567861    0.47389567    0.39331284    0.48027811    0.47692777    0.44914201    0.48964527    0.40639913    0.47762070    0.42468399    0.47276181    0.54608841    0.41445298    0.40894265    0.36730575    0.45945379    0.43444802
E6W2V8_DESIS/124-277     0.59362336    0.54133699    0.58397525    0.59682649    0.57199235    0.59369322    0.63330671    0.55696347    0.60559913    0.50180967    0.50694057    0.57256859    0.50223344    0.54797139    0.70115548    0.45564674    0.38570043    0.00000000    0.44987114    0.37880424    0.47339736    0.43554363    0.37981609    0.35347540    0.34395181    0.30252786    0.53547561    0.56799269    0.49971461    0.76499709    0.68998165    0.80611110    0.80611616    0.83240524    0.92850150    0.74485275    1.23857822    0.55618360    0.47780542    0.52657542    0.47726787    0.60125573    0.56376469    0.52857091    0.54036896    0.47765209    0.49310100    0.53741254    0.55182962    0.58836045    0.56046450    0.59906621    0.65980400
E1VRX6_GLUAR/123-275     0.67052971    0.63174068    0.58787471    0.61361131    0.63101674    0.75210052    0.76372468    0.65134291    0.59042844    0.62628668    0.63796404    0.66036734    0.60441453    0.68115898    0.78778314    0.51457419    0.47889710    0.44987114    0.00000000    0.36127152    0.42504797    0.26349890    0.33722745    0.45778506    0.37608813    0.34942368    0.59421847    0.55062848    0.57516788    0.83714445    0.77155770    0.87996603    0.77420831    0.79467929    0.89767596    0.78238082    1.40081572    0.70936022    0.58706814    0.69692711    0.55269642    0.64692360    0.71273167    0.59942458    0.62642861    0.54289153    0.66128534    0.70576452    0.66125770    0.67084695    0.62891701    0.65006228    0.75996579
C7MDX2_BRAFD/123-275     0.55478948    0.55359206    0.57584355    0.60096086    0.66157085    0.69186503    0.61575503    0.65048315    0.63750793    0.59152428    0.57624957    0.63762353    0.68603270    0.69009702    0.78471541    0.51256671    0.45036367    0.37880424    0.36127152    0.00000000    0.43442266    0.35573684    0.46282246    0.40990984    0.43666521    0.43973918    0.60423135    0.56771385    0.61317867    0.71578207    0.70605432    0.75833667    0.77448996    0.79443705    0.93900453    0.82678272    1.17745273    0.59429982    0.52113795    0.65804546    0.56000356    0.59879923    0.62898339    0.62076823    0.58031564    0.55283991    0.60952683    0.68025755    0.60292508    0.56476370    0.57211192    0.61669616    0.66440085
A9BZ17_DELAS/128-281     0.62564458    0.56451126    0.59507343    0.54450071    0.63279147    0.65937850    0.74002410    0.60020404    0.64874162    0.61587654    0.69185949    0.60048471    0.59184369    0.68318282    0.73402257    0.51107852    0.53203706    0.47339736    0.42504797    0.43442266    0.00000000    0.26278978    0.40291212    0.43251718    0.37827891    0.44700674    0.58777013    0.56813992    0.59309094    0.86510883    0.76876846    0.85822066    0.92957314    0.95323168    1.05863570    0.78963814    1.31122420    0.61882938    0.57306528    0.62688629    0.53494956    0.61037981    0.64031551    0.54216731    0.60248614    0.51962738    0.58374436    0.62784160    0.60165071    0.57213160    0.58248490    0.58260583    0.68603798
D0J2U3_COMT2/127-280     0.58941091    0.48326556    0.47998163    0.53176910    0.56991237    0.64441309    0.62767046    0.57204069    0.56448093    0.55161820    0.53632185    0.58737973    0.58084883    0.57347114    0.71684973    0.44932939    0.47354641    0.43554363    0.26349890    0.35573684    0.26278978    0.00000000    0.30491240    0.42822308    0.36659675    0.37761791    0.47453261    0.50309507    0.50858651    0.80583790    0.68855872    0.79161474    0.82424594    0.85183165    0.98582523    0.67891357    1.25497555    0.59292951    0.49500018    0.56451163    0.48639550    0.57302407    0.57190740    0.54168266    0.53500185    0.46828019    0.55218854    0.57864514    0.56269886    0.58690174    0.52419404    0.53613384    0.55500226
E1VNS3_9GAMM/124-277     0.48445007    0.51211577    0.51309004    0.47044892    0.51418174    0.61560541    0.66004748    0.55888601    0.57648674    0.59057925    0.61686472    0.64717280    0.56472586    0.54208843    0.76041038    0.51783189    0.45706340    0.37981609    0.33722745    0.46282246    0.40291212    0.30491240    0.00000000    0.34011627    0.38039960    0.33277674    0.48724402    0.46781595    0.47443048    0.70506499    0.78816471    0.80617471    0.80992867    0.86448751    1.00454300    0.74982400    1.35606933    0.62735489    0.55085971    0.53205904    0.48911671    0.53834591    0.51281122    0.49425369    0.52381063    0.42328721    0.50854839    0.54584948    0.54957495    0.61473690    0.50697915    0.52688674    0.63021322
F4GT88_PUSST/123-276     0.46108572    0.47755393    0.54438664    0.47031279    0.48211971    0.50151841    0.59547136    0.54607216    0.52940200    0.52897103    0.49342862    0.48566538    0.43999868    0.49731857    0.64301714    0.44038319    0.32081662    0.35347540    0.45778506    0.40990984    0.43251718    0.42822308    0.34011627    0.00000000    0.31742069    0.23535396    0.40901044    0.43670139    0.50576604    0.68176677    0.67690336    0.75164790    0.72038217    0.71303890    0.83365876    0.70700444    1.28600377    0.52999250    0.40670375    0.51866190    0.48505650    0.47553189    0.52000861    0.45213896    0.47717998    0.40622818    0.46315542    0.51290746    0.45849740    0.47667492    0.50942614    0.53883640    0.56904176
W8X3N7_CASDE/125-278     0.54736870    0.55422225    0.58145768    0.57269900    0.52332384    0.60620571    0.65612142    0.54426382    0.52692766    0.53759249    0.56153620    0.54769517    0.54549072    0.49922916    0.70958188    0.39566670    0.37456130    0.34395181    0.37608813    0.43666521    0.37827891    0.36659675    0.38039960    0.31742069    0.00000000    0.31753756    0.49901193    0.51576933    0.55948170    0.75629716    0.71072228    0.89774858    0.78188253    0.80638492    0.96220002    0.74952923    1.36164406    0.55235688    0.45734193    0.63131185    0.54039031    0.56198460    0.57038113    0.46546812    0.56764073    0.49571037    0.51911297    0.57219928    0.56959899    0.55129188    0.50742309    0.55886380    0.59478492
A4G7X2_HERAR/124-276     0.53484815    0.48298088    0.54560747    0.49008666    0.43815151    0.51870196    0.56714359    0.51706245    0.47837386    0.47805977    0.45621622    0.48518777    0.45461708    0.45754668    0.58818112    0.41458883    0.29008289    0.30252786    0.34942368    0.43973918    0.44700674    0.37761791    0.33277674    0.23535396    0.31753756    0.00000000    0.41464669    0.39040144    0.45384950    0.67607912    0.70189635    0.82982864    0.78245169    0.80667604    0.89551845    0.73501670    1.33625066    0.58944329    0.44842155    0.51712275    0.44577718    0.49132957    0.53538263    0.38433567    0.51115282    0.36809517    0.44529189    0.54063010    0.50116589    0.51017874    0.44948546    0.55855353    0.60207769
R6QN44_9CLOT/123-277     0.44669545    0.37642577    0.44432044    0.46258280    0.34936066    0.38242438    0.55637944    0.40203936    0.43273112    0.46993972    0.49174854    0.46217480    0.50309888    0.45002745    0.57398030    0.43508934    0.36252710    0.53547561    0.59421847    0.60423135    0.58777013    0.47453261    0.48724402    0.40901044    0.49901193    0.41464669    0.00000000    0.32789471    0.37850104    0.66118548    0.74901298    0.73368467    0.73449319    0.83562875    0.90480324    0.71360743    1.12608987    0.52622680    0.40233656    0.44010257    0.46356825    0.38180391    0.47149654    0.38952121    0.54470943    0.33151890    0.37387302    0.42680390    0.38900458    0.40071513    0.40158810    0.40751629    0.33786083
R5R9A4_9FIRM/123-278     0.46640149    0.42627904    0.45834672    0.51663790    0.38504533    0.48546828    0.56472926    0.50104007    0.40644744    0.48277162    0.50311688    0.49468771    0.48687234    0.43263742    0.53723861    0.40668355    0.35679118    0.56799269    0.55062848    0.56771385    0.56813992    0.50309507    0.46781595    0.43670139    0.51576933    0.39040144    0.32789471    0.00000000    0.35241964    0.74036768    0.73003734    0.76873701    0.74923573    0.74873281    0.85405592    0.74741605    1.26539795    0.58005063    0.44475724    0.53806570    0.59917639    0.46168580    0.48513529    0.37595230    0.56785524    0.35776847    0.48760527    0.51899433    0.53232425    0.43245085    0.39269267    0.42022659    0.47159906
R6X3P4_9CLOT/115-268     0.53791105    0.44912657    0.49915340    0.49748131    0.40109260    0.44790090    0.58858264    0.47390575    0.45263826    0.52888982    0.48411835    0.55096488    0.57395670    0.49216103    0.61053949    0.49061981    0.43964513    0.49971461    0.57516788    0.61317867    0.59309094    0.50858651    0.47443048    0.50576604    0.55948170    0.45384950    0.37850104    0.35241964    0.00000000    0.78937930    0.85087686    0.85010762    0.84667916    0.89911651    0.93418196    0.74133730    1.23039244    0.59922390    0.47717405    0.38523761    0.42856841    0.43626115    0.47318402    0.42546704    0.55552179    0.38998500    0.42628736    0.52072902    0.58225135    0.47431995    0.50580629    0.46714964    0.52366375
F2I5A4_AERUA/118-271     0.71534200    0.77754036    0.82207896    0.75347650    0.79048512    0.81336062    0.70835817    0.75252380    0.75353988    0.77269863    0.80694006    0.73007634    0.83396275    0.67534988    0.73234648    0.76093981    0.68677346    0.76499709    0.83714445    0.71578207    0.86510883    0.80583790    0.70506499    0.68176677    0.75629716    0.67607912    0.66118548    0.74036768    0.78937930    0.00000000    0.77033630    0.86025206    0.95683935    0.90112013    1.02120507    0.80041255    1.33181342    0.80805848    0.72586766    0.81680951    0.85347394    0.79003733    0.78846968    0.71565358    0.71657046    0.68237804    0.74916106    0.82225956    0.75490144    0.73932361    0.65102174    0.76635351    0.80856239
C5C6Q0_MICLC/58-207     0.78047782    0.80320348    0.81735328    0.80828128    0.78623954    0.80355031    0.87429220    0.87298542    0.83981061    0.70265565    0.68675621    0.69036435    0.74604268    0.74568454    0.75807642    0.74256352    0.62841166    0.68998165    0.77155770    0.70605432    0.76876846    0.68855872    0.78816471    0.67690336    0.71072228    0.70189635    0.74901298    0.73003734    0.85087686    0.77033630    0.00000000    0.59183299    0.60934212    0.61584463    0.70348910    0.97040018    1.48321526    0.86492129    0.74624637    0.91348256    0.88014498    0.85515118    0.80203985    0.77519509    0.80371819    0.78683191    0.86267885    0.79343677    0.86288716    0.87027764    0.78328106    0.86184912    0.88180216
B1VIU9_CORU7/118-273     0.80249640    0.73826783    0.76866834    0.72759065    0.82169811    0.87433524    0.76275581    0.73388549    0.82769281    0.79817798    0.74322731    0.90282295    0.89448979    0.82382945    0.76575532    0.83696956    0.79987132    0.80611110    0.87996603    0.75833667    0.85822066    0.79161474    0.80617471    0.75164790    0.89774858    0.82982864    0.73368467    0.76873701    0.85010762    0.86025206    0.59183299    0.00000000    0.26928992    0.37785785    0.52213373    0.81507753    1.46682603    0.87313382    0.73998105    0.83385013    0.75898444    0.75445640    0.77517653    0.78097048    0.86206094    0.71236888    0.71186141    0.73865744    0.71860712    0.71231390    0.71778387    0.64970570    0.70935445
DAPDH_CORGL/118-268     0.75609312    0.70976775    0.68301915    0.74755162    0.83262991    0.81342753    0.78391347    0.70564288    0.75106273    0.79531414    0.73016696    0.84814279    0.84145392    0.80217285    0.83488469    0.77256363    0.74951887    0.80611616    0.77420831    0.77448996    0.92957314    0.82424594    0.80992867    0.72038217    0.78188253    0.78245169    0.73449319    0.74923573    0.84667916    0.95683935    0.60934212    0.26928992    0.00000000    0.24831128    0.29057717    0.83541459    1.53587233    0.85771494    0.76650237    0.85935390    0.85953078    0.77008724    0.80510931    0.78798079    0.89982380    0.73555744    0.71445547    0.71111138    0.73144633    0.76431494    0.74975335    0.70488208    0.72836268
M1P0U0_9CORY/121-271     0.77269056    0.81205843    0.74149738    0.81206136    0.84524642    0.85995919    0.84327537    0.76961567    0.76209080    0.85395404    0.78100713    0.87942864    0.81052811    0.78077741    0.76859055    0.81441229    0.71303014    0.83240524    0.79467929    0.79443705    0.95323168    0.85183165    0.86448751    0.71303890    0.80638492    0.80667604    0.83562875    0.74873281    0.89911651    0.90112013    0.61584463    0.37785785    0.24831128    0.00000000    0.28753852    0.81289707    1.45568796    0.81837776    0.74363751    0.85936517    0.82939022    0.80288932    0.80702226    0.88579269    0.99376948    0.75741335    0.77618704    0.82169741    0.89231086    0.77316352    0.75713974    0.75670467    0.81456099
S5T4Y0_9CORY/118-268     0.91467023    0.85124672    0.81094790    0.81556845    0.95115479    0.93510160    0.92089559    0.88061046    0.86015544    0.86737231    0.83400848    0.93499495    0.94958083    0.93457462    0.89767274    0.91525618    0.86363258    0.92850150    0.89767596    0.93900453    1.05863570    0.98582523    1.00454300    0.83365876    0.96220002    0.89551845    0.90480324    0.85405592    0.93418196    1.02120507    0.70348910    0.52213373    0.29057717    0.28753852    0.00000000    0.91473481    1.46140142    0.94300498    0.89396192    0.95805975    0.93674339    0.95469831    0.94610549    0.97768204    1.09315968    0.88905370    0.85065941    0.89323594    0.95332415    0.86321189    0.87944582    0.83533345    0.91935287
R6E5V7_9FIRM/127-281     0.74952885    0.67678197    0.72285324    0.65661271    0.74090176    0.70521177    0.79328991    0.79217495    0.74902798    0.76040432    0.74254203    0.78081168    0.78464987    0.80369204    0.86446382    0.66500325    0.74988147    0.74485275    0.78238082    0.82678272    0.78963814    0.67891357    0.74982400    0.70700444    0.74952923    0.73501670    0.71360743    0.74741605    0.74133730    0.80041255    0.97040018    0.81507753    0.83541459    0.81289707    0.91473481    0.00000000    1.22860567    0.61810722    0.75703444    0.68039875    0.63382199    0.73633231    0.79418861    0.74522985    0.79102801    0.63858744    0.66190176    0.70086471    0.71961724    0.70864663    0.73305767    0.66849708    0.70854420
D6ZJY7_MOBCV/223-376     1.30085304    1.16859811    1.44377960    1.33148141    1.18118776    1.20281926    1.26058366    1.21823866    1.19384463    1.36588807    1.21914127    1.21659180    1.33969341    1.26591284    1.39127001    1.14510502    1.18567861    1.23857822    1.40081572    1.17745273    1.31122420    1.25497555    1.35606933    1.28600377    1.36164406    1.33625066    1.12608987    1.26539795    1.23039244    1.33181342    1.48321526    1.46682603    1.53587233    1.45568796    1.46140142    1.22860567    0.00000000    1.16803355    1.27490091    1.10234072    1.15174129    1.19715444    1.36676405    1.30091228    1.31565777    1.25357865    1.25415901    1.28580045    1.21192721    1.18125490    1.23774604    1.30837277    1.26895066
G7WMN9_METH6/123-276     0.55356597    0.48186354    0.63814003    0.51523931    0.53774360    0.49059513    0.68848405    0.59800282    0.52729934    0.61101852    0.68051081    0.62454227    0.52850752    0.61711816    0.68312614    0.46521811    0.47389567    0.55618360    0.70936022    0.59429982    0.61882938    0.59292951    0.62735489    0.52999250    0.55235688    0.58944329    0.52622680    0.58005063    0.59922390    0.80805848    0.86492129    0.87313382    0.85771494    0.81837776    0.94300498    0.61810722    1.16803355    0.00000000    0.54478487    0.54542580    0.55552103    0.61177019    0.59718511    0.60163966    0.60731486    0.52289798    0.59097492    0.53613273    0.54779611    0.51235303    0.57093706    0.52929474    0.56806716
F2F9B3_SOLSS/123-276     0.46497646    0.50794582    0.54664403    0.56243061    0.41423114    0.45388740    0.58310044    0.52847986    0.44321928    0.57682406    0.51685217    0.49566184    0.45355782    0.42790288    0.57369361    0.46111673    0.39331284    0.47780542    0.58706814    0.52113795    0.57306528    0.49500018    0.55085971    0.40670375    0.45734193    0.44842155    0.40233656    0.44475724    0.47717405    0.72586766    0.74624637    0.73998105    0.76650237    0.74363751    0.89396192    0.75703444    1.27490091    0.54478487    0.00000000    0.41155867    0.50651078    0.43265153    0.39695542    0.52505035    0.48135655    0.42996478    0.46971996    0.56214044    0.50588127    0.43186153    0.47936268    0.47213644    0.49337471
R6YHR4_9CLOT/121-276     0.52912129    0.45675277    0.52511302    0.48512222    0.42204612    0.46093268    0.61443422    0.51137816    0.48421975    0.61040463    0.57628826    0.55868030    0.54063950    0.57809093    0.62193197    0.52229659    0.48027811    0.52657542    0.69692711    0.65804546    0.62688629    0.56451163    0.53205904    0.51866190    0.63131185    0.51712275    0.44010257    0.53806570    0.38523761    0.81680951    0.91348256    0.83385013    0.85935390    0.85936517    0.95805975    0.68039875    1.10234072    0.54542580    0.41155867    0.00000000    0.41726669    0.49990563    0.47456094    0.53704817    0.52526661    0.38697514    0.37603502    0.47705600    0.54512050    0.47807044    0.49029497    0.51087479    0.56733895
R7GI17_9CLOT/121-276     0.44472970    0.36959477    0.45965855    0.42716673    0.43433349    0.46092352    0.54023720    0.46850304    0.54870451    0.52594348    0.51311738    0.62017782    0.58021453    0.60240050    0.63742349    0.50370220    0.47692777    0.47726787    0.55269642    0.56000356    0.53494956    0.48639550    0.48911671    0.48505650    0.54039031    0.44577718    0.46356825    0.59917639    0.42856841    0.85347394    0.88014498    0.75898444    0.85953078    0.82939022    0.93674339    0.63382199    1.15174129    0.55552103    0.50651078    0.41726669    0.00000000    0.41480951    0.43446253    0.44547897    0.49678941    0.32852924    0.38507440    0.49096563    0.46278076    0.41386853    0.43513748    0.43414921    0.47390607
C9LVV8_SELS3/120-275     0.40402817    0.33287250    0.42404121    0.39427188    0.36367386    0.48791455    0.59032949    0.40992013    0.45061241    0.53989068    0.59539816    0.59367468    0.53124244    0.54635769    0.69031949    0.53192787    0.44914201    0.60125573    0.64692360    0.59879923    0.61037981    0.57302407    0.53834591    0.47553189    0.56198460    0.49132957    0.38180391    0.46168580    0.43626115    0.79003733    0.85515118    0.75445640    0.77008724    0.80288932    0.95469831    0.73633231    1.19715444    0.61177019    0.43265153    0.49990563    0.41480951    0.00000000    0.32700642    0.30407434    0.29006409    0.26345992    0.38119157    0.39860554    0.35052364    0.32795384    0.32579977    0.32269365    0.30924161
R5SIG8_9FIRM/122-277     0.37889723    0.37543015    0.44374655    0.45473143    0.39081657    0.42676222    0.62746846    0.48594057    0.54441733    0.56854574    0.64209823    0.57925242    0.52694474    0.55688348    0.65866110    0.52581304    0.48964527    0.56376469    0.71273167    0.62898339    0.64031551    0.57190740    0.51281122    0.52000861    0.57038113    0.53538263    0.47149654    0.48513529    0.47318402    0.78846968    0.80203985    0.77517653    0.80510931    0.80702226    0.94610549    0.79418861    1.36676405    0.59718511    0.39695542    0.47456094    0.43446253    0.32700642    0.00000000    0.30066243    0.37010261    0.32377716    0.38626941    0.40445893    0.40527952    0.38398223    0.36215776    0.37503857    0.41041259
D2RJW0_ACIFV/122-277     0.40713045    0.31841564    0.33593560    0.41852227    0.36776429    0.46492033    0.59204038    0.47926786    0.51378915    0.57800785    0.61334630    0.52738275    0.54679272    0.50001825    0.67649421    0.44303258    0.40639913    0.52857091    0.59942458    0.62076823    0.54216731    0.54168266    0.49425369    0.45213896    0.46546812    0.38433567    0.38952121    0.37595230    0.42546704    0.71565358    0.77519509    0.78097048    0.78798079    0.88579269    0.97768204    0.74522985    1.30091228    0.60163966    0.52505035    0.53704817    0.44547897    0.30407434    0.30066243    0.00000000    0.29334347    0.26529231    0.43716708    0.44380247    0.34168770    0.38723904    0.38083440    0.34072850    0.40034955
G4Q670_ACIIR/122-277     0.44081543    0.34518647    0.41090269    0.41490238    0.46294563    0.49336697    0.68060835    0.54014294    0.57958234    0.61681204    0.61840935    0.57899517    0.54400866    0.59626455    0.77127984    0.50177217    0.47762070    0.54036896    0.62642861    0.58031564    0.60248614    0.53500185    0.52381063    0.47717998    0.56764073    0.51115282    0.54470943    0.56785524    0.55552179    0.71657046    0.80371819    0.86206094    0.89982380    0.99376948    1.09315968    0.79102801    1.31565777    0.60731486    0.48135655    0.52526661    0.49678941    0.29006409    0.37010261    0.29334347    0.00000000    0.34108650    0.49161696    0.46734215    0.40185585    0.45342512    0.42804938    0.35797836    0.46199839
R5DZK2_9FIRM/120-275     0.27300847    0.23633620    0.34151612    0.30226659    0.28714575    0.34625710    0.49828458    0.35780522    0.39515942    0.49358470    0.52513202    0.50817522    0.47783075    0.45359310    0.55350069    0.45788512    0.42468399    0.47765209    0.54289153    0.55283991    0.51962738    0.46828019    0.42328721    0.40622818    0.49571037    0.36809517    0.33151890    0.35776847    0.38998500    0.68237804    0.78683191    0.71236888    0.73555744    0.75741335    0.88905370    0.63858744    1.25357865    0.52289798    0.42996478    0.38697514    0.32852924    0.26345992    0.32377716    0.26529231    0.34108650    0.00000000    0.26890736    0.28575519    0.31670719    0.30906450    0.30977708    0.25554658    0.34534076
DAPDH_HUNT2/128-283     0.37821262    0.36588757    0.45167809    0.45466792    0.40680708    0.43550241    0.52764312    0.36411918    0.47845597    0.55863741    0.54158247    0.55311920    0.52869271    0.52371229    0.70840467    0.48494581    0.47276181    0.49310100    0.66128534    0.60952683    0.58374436    0.55218854    0.50854839    0.46315542    0.51911297    0.44529189    0.37387302    0.48760527    0.42628736    0.74916106    0.86267885    0.71186141    0.71445547    0.77618704    0.85065941    0.66190176    1.25415901    0.59097492    0.46971996    0.37603502    0.38507440    0.38119157    0.38626941    0.43716708    0.49161696    0.26890736    0.00000000    0.26359294    0.43080193    0.29571819    0.33638608    0.33788326    0.39472148
G8LWK9_HUNCD/123-278     0.42947594    0.39034014    0.47457359    0.43643129    0.37517309    0.37641678    0.63763867    0.46295221    0.54787822    0.53196560    0.57520531    0.56339482    0.48687986    0.59985218    0.68812424    0.51917014    0.54608841    0.53741254    0.70576452    0.68025755    0.62784160    0.57864514    0.54584948    0.51290746    0.57219928    0.54063010    0.42680390    0.51899433    0.52072902    0.82225956    0.79343677    0.73865744    0.71111138    0.82169741    0.89323594    0.70086471    1.28580045    0.53613273    0.56214044    0.47705600    0.49096563    0.39860554    0.40445893    0.44380247    0.46734215    0.28575519    0.26359294    0.00000000    0.30841904    0.45016875    0.34395036    0.34412334    0.36200061
C8WMV1_EGGLE/123-278     0.36688379    0.30632391    0.44653018    0.33408312    0.39362320    0.48687380    0.57049806    0.49096781    0.62641645    0.62568457    0.70059076    0.61679549    0.51757708    0.61815007    0.69481199    0.45481036    0.41445298    0.55182962    0.66125770    0.60292508    0.60165071    0.56269886    0.54957495    0.45849740    0.56959899    0.50116589    0.38900458    0.53232425    0.58225135    0.75490144    0.86288716    0.71860712    0.73144633    0.89231086    0.95332415    0.71961724    1.21192721    0.54779611    0.50588127    0.54512050    0.46278076    0.35052364    0.40527952    0.34168770    0.40185585    0.31670719    0.43080193    0.30841904    0.00000000    0.35511030    0.34187993    0.38110562    0.30532234
R6EF79_9FIRM/121-276     0.34010104    0.26980913    0.48651350    0.39247825    0.40182318    0.43321829    0.58134506    0.46722989    0.43354909    0.53850096    0.59143071    0.57317177    0.49211980    0.55056487    0.59039317    0.47879682    0.40894265    0.58836045    0.67084695    0.56476370    0.57213160    0.58690174    0.61473690    0.47667492    0.55129188    0.51017874    0.40071513    0.43245085    0.47431995    0.73932361    0.87027764    0.71231390    0.76431494    0.77316352    0.86321189    0.70864663    1.18125490    0.51235303    0.43186153    0.47807044    0.41386853    0.32795384    0.38398223    0.38723904    0.45342512    0.30906450    0.29571819    0.45016875    0.35511030    0.00000000    0.27212856    0.30992212    0.27550577
R5AEH1_9FIRM/124-276     0.33592394    0.28720570    0.44964580    0.35701669    0.37250826    0.45881903    0.54661690    0.47538864    0.43259120    0.48191510    0.50460762    0.48755425    0.43831657    0.45540212    0.56288655    0.45632453    0.36730575    0.56046450    0.62891701    0.57211192    0.58248490    0.52419404    0.50697915    0.50942614    0.50742309    0.44948546    0.40158810    0.39269267    0.50580629    0.65102174    0.78328106    0.71778387    0.74975335    0.75713974    0.87944582    0.73305767    1.23774604    0.57093706    0.47936268    0.49029497    0.43513748    0.32579977    0.36215776    0.38083440    0.42804938    0.30977708    0.33638608    0.34395036    0.34187993    0.27212856    0.00000000    0.30944453    0.27325707
R6RCU9_9FIRM/122-277     0.32973958    0.26314778    0.28670706    0.27610911    0.39894445    0.49175724    0.53542792    0.37312493    0.52810908    0.56353525    0.58160668    0.60410375    0.57737624    0.52834239    0.72520465    0.46312609    0.45945379    0.59906621    0.65006228    0.61669616    0.58260583    0.53613384    0.52688674    0.53883640    0.55886380    0.55855353    0.40751629    0.42022659    0.46714964    0.76635351    0.86184912    0.64970570    0.70488208    0.75670467    0.83533345    0.66849708    1.30837277    0.52929474    0.47213644    0.51087479    0.43414921    0.32269365    0.37503857    0.34072850    0.35797836    0.25554658    0.33788326    0.34412334    0.38110562    0.30992212    0.30944453    0.00000000    0.24662457
