9
C_TPMV/1-149     0.00000000    3.49643796    3.82947441    4.22786528    3.24840031    3.55979544    2.79459799    3.50469897    3.98023245
Q49HN8_9MONO/1-151     3.49643796    0.00000000    1.26221937    1.38348313    3.03726282    3.11368348    2.52849922    3.50585258    5.14886357
G9IRZ8_9MONO/1-151     3.82947441    1.26221937    0.00000000    0.22891030    2.96039232    2.93816224    2.91924358    3.32704522    4.40462720
Q287X7_9MONO/9-159     4.22786528    1.38348313    0.22891030    0.00000000    3.18979577    2.97094992    3.34330069    3.42778172    4.51185171
I0E090_9MONO/1-153     3.24840031    3.03726282    2.96039232    3.18979577    0.00000000    2.06236230    1.46270173    3.82543496    4.01635717
J7H4I1_9MONO/1-153     3.55979544    3.11368348    2.93816224    2.97094992    2.06236230    0.00000000    1.64350101    4.43274004    4.24554582
F4YH86_9MONO/2-154     2.79459799    2.52849922    2.91924358    3.34330069    1.46270173    1.64350101    0.00000000    4.18786389    4.03773077
I0B1R2_9MONO/1-149     3.50469897    3.50585258    3.32704522    3.42778172    3.82543496    4.43274004    4.18786389    0.00000000    3.32902352
Q9IZB9_9MONO/9-163     3.98023245    5.14886357    4.40462720    4.51185171    4.01635717    4.24554582    4.03773077    3.32902352    0.00000000

