8
K1RGS7_CRAGI/9-43     0.00000000    0.75798268    0.91486962    1.03580990    1.02479988    1.11377571    1.26828462    0.75415466
E0VGP0_PEDHC/59-93     0.75798268    0.00000000    0.72107735    0.79728274    0.89008462    0.75220591    1.39691351    0.80491427
E2ASN5_CAMFO/141-175     0.91486962    0.72107735    0.00000000    0.93039564    1.16476399    1.12932253    1.39633264    0.92861638
H2YVX2_CIOSA/10-44     1.03580990    0.79728274    0.93039564    0.00000000    0.62559694    0.61103834    1.26792584    0.68498112
H2LPG6_ORYLA/10-44     1.02479988    0.89008462    1.16476399    0.62559694    0.00000000    0.24535082    1.71136648    0.91262512
L5JNH1_PTEAL/10-44     1.11377571    0.75220591    1.12932253    0.61103834    0.24535082    0.00000000    1.33611970    0.79525131
H0Z3X6_TAEGU/16-50     1.26828462    1.39691351    1.39633264    1.26792584    1.71136648    1.33611970    0.00000000    1.13183987
C3Z4R8_BRAFL/17-51     0.75415466    0.80491427    0.92861638    0.68498112    0.91262512    0.79525131    1.13183987    0.00000000

