20
R6PTD7_9BACT/29-138     0.00000000    0.54422477    0.47257119    0.57193210    0.89780847    0.94687522    0.90527499    1.03475038    1.13650330    1.02501190    0.92994227    0.89863488    1.12083344    1.53007829    1.30098439    1.29618320    1.46341593    1.48043696    1.42257820    1.55438586
R6BWN9_9BACT/27-138     0.54422477    0.00000000    0.44567641    0.61463050    0.83340232    0.95912960    1.00377690    0.92500238    1.07436165    1.12386570    0.94738040    0.98070811    1.14908289    1.33035810    1.45776972    1.44737902    1.67111953    1.45088427    1.51549048    1.55932908
R6XGP1_9BACT/27-136     0.47257119    0.44567641    0.00000000    0.47880842    0.86123446    0.93719998    1.14439182    0.95257880    1.16397446    1.15422532    1.00776069    1.12069705    1.34484930    1.42593721    1.37546265    1.35583646    1.53450915    1.32982468    1.35600576    1.45037816
R6F9F7_9BACT/31-140     0.57193210    0.61463050    0.47880842    0.00000000    0.88280366    0.96205748    1.12440061    1.03698133    1.28349681    1.05444221    1.11072479    1.09883842    1.32839077    1.63274444    1.53268321    1.53940239    1.57909621    1.43119143    1.48581492    1.47450847
R5CZ02_9BACT/30-138     0.89780847    0.83340232    0.86123446    0.88280366    0.00000000    0.89839540    0.90939715    0.97696377    1.06118606    0.90002943    1.00690539    1.35745439    1.05841949    1.36373755    1.48721463    1.40780362    1.30533835    1.31076390    1.25101965    1.44155298
F9D3K4_PREDD/32-145     0.94687522    0.95912960    0.93719998    0.96205748    0.89839540    0.00000000    0.71387183    1.07375152    1.20930315    1.22483173    1.33770446    1.41253929    1.35896502    1.52172298    1.43478513    1.43095289    1.54101351    1.39977709    1.52481715    1.72212889
R5FLE5_9BACT/27-134     0.90527499    1.00377690    1.14439182    1.12440061    0.90939715    0.71387183    0.00000000    0.94537687    1.22233415    1.16843975    1.14249867    1.21252120    1.13784893    1.29918533    1.39773485    1.34549893    1.46642924    1.33631578    1.32229971    1.58578755
D5EVM9_PRER2/28-133     1.03475038    0.92500238    0.95257880    1.03698133    0.97696377    1.07375152    0.94537687    0.00000000    1.18491790    1.11251285    1.05261246    1.24192302    1.18177724    1.26390658    1.35546750    1.27423101    1.33958162    1.21107457    1.16170294    1.28368490
Q8A6W7_BACTN/39-149     1.13650330    1.07436165    1.16397446    1.28349681    1.06118606    1.20930315    1.22233415    1.18491790    0.00000000    0.55566225    0.88343772    0.89727585    1.01657914    1.05822247    1.15000790    1.06307252    1.35455114    1.27280032    1.28724943    1.46602922
A6LHB2_PARD8/42-142     1.02501190    1.12386570    1.15422532    1.05444221    0.90002943    1.22483173    1.16843975    1.11251285    0.55566225    0.00000000    0.65232756    0.78319454    0.84665883    1.03012882    1.07281769    1.01473851    1.23608855    1.20704514    1.20220775    1.31638355
R6NG28_9BACE/39-138     0.92994227    0.94738040    1.00776069    1.11072479    1.00690539    1.33770446    1.14249867    1.05261246    0.88343772    0.65232756    0.00000000    0.47760609    0.58159055    0.97201133    0.96781731    1.02171276    1.00396825    1.04425060    1.01180301    1.08842516
R6ZQN1_9BACE/37-136     0.89863488    0.98070811    1.12069705    1.09883842    1.35745439    1.41253929    1.21252120    1.24192302    0.89727585    0.78319454    0.47760609    0.00000000    0.62317975    0.93428225    1.08395748    0.99070231    1.17113748    1.14613963    1.23256688    1.34227172
R5CFY1_9BACT/33-132     1.12083344    1.14908289    1.34484930    1.32839077    1.05841949    1.35896502    1.13784893    1.18177724    1.01657914    0.84665883    0.58159055    0.62317975    0.00000000    0.97171547    1.01260691    1.04980391    1.22172155    1.18129449    1.11926300    1.12898581
Q5LAK1_BACFN/38-136     1.53007829    1.33035810    1.42593721    1.63274444    1.36373755    1.52172298    1.29918533    1.26390658    1.05822247    1.03012882    0.97201133    0.93428225    0.97171547    0.00000000    0.56216750    0.54561362    0.79979023    0.71494559    0.75207243    0.74235170
E6SQY4_BACT6/35-134     1.30098439    1.45776972    1.37546265    1.53268321    1.48721463    1.43478513    1.39773485    1.35546750    1.15000790    1.07281769    0.96781731    1.08395748    1.01260691    0.56216750    0.00000000    0.35893910    0.60000762    0.60037682    0.53791623    0.56242134
Q8A6W1_BACTN/39-139     1.29618320    1.44737902    1.35583646    1.53940239    1.40780362    1.43095289    1.34549893    1.27423101    1.06307252    1.01473851    1.02171276    0.99070231    1.04980391    0.54561362    0.35893910    0.00000000    0.53510400    0.62637002    0.64478684    0.63379420
A6L0Y0_BACV8/65-164     1.46341593    1.67111953    1.53450915    1.57909621    1.30533835    1.54101351    1.46642924    1.33958162    1.35455114    1.23608855    1.00396825    1.17113748    1.22172155    0.79979023    0.60000762    0.53510400    0.00000000    0.38172962    0.36147976    0.42442157
W0ES14_9BACT/37-136     1.48043696    1.45088427    1.32982468    1.43119143    1.31076390    1.39977709    1.33631578    1.21107457    1.27280032    1.20704514    1.04425060    1.14613963    1.18129449    0.71494559    0.60037682    0.62637002    0.38172962    0.00000000    0.30344986    0.42088808
R5VC08_9BACE/34-133     1.42257820    1.51549048    1.35600576    1.48581492    1.25101965    1.52481715    1.32229971    1.16170294    1.28724943    1.20220775    1.01180301    1.23256688    1.11926300    0.75207243    0.53791623    0.64478684    0.36147976    0.30344986    0.00000000    0.22844856
R6NG34_9BACE/34-133     1.55438586    1.55932908    1.45037816    1.47450847    1.44155298    1.72212889    1.58578755    1.28368490    1.46602922    1.31638355    1.08842516    1.34227172    1.12898581    0.74235170    0.56242134    0.63379420    0.42442157    0.42088808    0.22844856    0.00000000

