8
E7FD81_DANRE/1828-1988     0.00000000    0.59189697    0.38786667    1.03174264    1.20499386    1.68648533    0.73490968    0.37475368
Z4YL23_MOUSE/1834-1987     0.59189697    0.00000000    0.53597666    1.10785409    1.47685544    1.61776267    1.20286899    0.84977961
H3BHR9_LATCH/1836-1986     0.38786667    0.53597666    0.00000000    0.96430289    1.22001865    1.76137964    0.86759724    0.59857683
W5MRB5_LEPOC/1833-1982     1.03174264    1.10785409    0.96430289    0.00000000    1.47385943    1.69636558    1.72934203    1.51457990
H3ANS4_LATCH/1608-1761     1.20499386    1.47685544    1.22001865    1.47385943    0.00000000    1.71534830    2.01316353    1.83948840
A8XL24_CAEBR/1969-2120     1.68648533    1.61776267    1.76137964    1.69636558    1.71534830    0.00000000    2.46178370    2.17910468
G3NJP6_GASAC/1837-2002     0.73490968    1.20286899    0.86759724    1.72934203    2.01316353    2.46178370    0.00000000    0.88323070
W5MHL5_LEPOC/1809-1977     0.37475368    0.84977961    0.59857683    1.51457990    1.83948840    2.17910468    0.88323070    0.00000000

