9
U3II00_ANAPP/795-908     0.00000000    0.22253976    0.42228647    0.28739296    0.47144080    0.38287338    0.50858894    0.30565865    0.21173692
U3JI33_FICAL/786-900     0.22253976    0.00000000    0.42630586    0.36955355    0.48836883    0.36021547    0.46543583    0.30810823    0.37103228
F6PVL3_XENTR/793-904     0.42228647    0.42630586    0.00000000    0.39256610    0.55287998    0.51222246    0.64032210    0.37084221    0.46926287
G1KDG5_ANOCA/795-909     0.28739296    0.36955355    0.39256610    0.00000000    0.52889056    0.42316012    0.58385936    0.31587833    0.30748588
H3AP45_LATCH/223-336     0.47144080    0.48836883    0.55287998    0.52889056    0.00000000    0.45165597    0.44986413    0.51260311    0.45578069
W5MI93_LEPOC/795-917     0.38287338    0.36021547    0.51222246    0.42316012    0.45165597    0.00000000    0.47579530    0.31195909    0.38467106
A8E7E7_DANRE/761-903     0.50858894    0.46543583    0.64032210    0.58385936    0.44986413    0.47579530    0.00000000    0.46188678    0.51660669
F6ZR69_ORNAN/803-914     0.30565865    0.30810823    0.37084221    0.31587833    0.51260311    0.31195909    0.46188678    0.00000000    0.23532094
F8W7U0_HUMAN/803-917     0.21173692    0.37103228    0.46926287    0.30748588    0.45578069    0.38467106    0.51660669    0.23532094    0.00000000

