23
M1A6G7_SOLTU/48-181     0.00000000    0.44364174    0.33075113    0.44130473    0.25764546    0.41751811    0.53082293    0.55282670    0.50820279    0.54226408    0.22298643    0.73427881    0.45833858    0.95357968    1.72584472    1.65097209    1.48114629    1.40285371    1.39160206    1.41325792    1.24141355    1.19626358    1.19788457
M1AFP9_SOLTU/413-545     0.44364174    0.00000000    0.26380547    0.50238191    0.31490718    0.44601254    0.51007192    0.59646899    0.55450616    0.57370049    0.27242621    0.66620622    0.49102261    1.12407892    1.56042183    1.55377956    1.35396354    1.37920906    1.44117961    1.37635406    1.25180455    1.17574563    1.18527548
I1LXW2_SOYBN/413-546     0.33075113    0.26380547    0.00000000    0.38122481    0.19759557    0.33989593    0.47961468    0.52997340    0.48035172    0.50143521    0.22844015    0.56858623    0.40402343    1.06378503    1.77438655    1.58095248    1.40528293    1.44334669    1.42439456    1.47308300    1.15434614    1.15341154    1.16137582
OBE1_ARATH/414-542     0.44130473    0.50238191    0.38122481    0.00000000    0.29686701    0.43778078    0.59560040    0.58500091    0.52880522    0.61083532    0.33556105    0.73671340    0.52610155    1.04720638    1.81058082    1.67509190    1.55414991    1.42955124    1.44027511    1.49083991    1.25168063    1.26775498    1.28765270
OBE2_ARATH/416-551     0.25764546    0.31490718    0.19759557    0.29686701    0.00000000    0.36350211    0.45579504    0.50300877    0.46149380    0.48470618    0.19387401    0.64975209    0.44041366    0.94490850    1.59636367    1.52763483    1.34235013    1.35309706    1.38290167    1.38617147    1.22780255    1.14250005    1.18612932
M0RZB9_MUSAM/419-555     0.41751811    0.44601254    0.33989593    0.43778078    0.36350211    0.00000000    0.23459094    0.32370812    0.29432312    0.30523889    0.24202381    0.67840710    0.39666901    0.94079904    1.54569185    1.47676583    1.36494620    1.40247726    1.35263203    1.34713723    1.13098994    1.16172684    1.15933618
K3ZHQ6_SETIT/468-615     0.53082293    0.51007192    0.47961468    0.59560040    0.45579504    0.23459094    0.00000000    0.18380634    0.25514384    0.23778790    0.32859741    0.73403475    0.49684973    1.06431751    1.77383862    1.64835036    1.56242110    1.61351600    1.57549635    1.48403757    1.18129986    1.34087246    1.30048854
C5Y6Y5_SORBI/460-612     0.55282670    0.59646899    0.52997340    0.58500091    0.50300877    0.32370812    0.18380634    0.00000000    0.35588709    0.36368322    0.40441370    0.81186358    0.57512768    1.11642629    1.85160586    1.73755472    1.59148524    1.67573084    1.61494897    1.59856518    1.25108501    1.44234917    1.41506857
I1IK03_BRADI/442-587     0.50820279    0.55450616    0.48035172    0.52880522    0.46149380    0.29432312    0.25514384    0.35588709    0.00000000    0.23524350    0.32998789    0.70385651    0.51871431    1.00767142    1.65359711    1.57597277    1.62238548    1.61422864    1.59418192    1.53822823    1.24328608    1.25864687    1.21975717
A0A3B6JJ72_WHEAT/437-583     0.54226408    0.57370049    0.50143521    0.61083532    0.48470618    0.30523889    0.23778790    0.36368322    0.23524350    0.00000000    0.34967686    0.76641436    0.52636650    1.05266848    1.70502300    1.59016386    1.54499753    1.55059090    1.50299525    1.49414682    1.23719166    1.35028920    1.30485118
F6HHM6_VITVI/430-563     0.22298643    0.27242621    0.22844015    0.33556105    0.19387401    0.24202381    0.32859741    0.40441370    0.32998789    0.34967686    0.00000000    0.54851124    0.30482397    0.84485274    1.45680945    1.29631798    1.15152081    1.21444383    1.21054580    1.14394948    1.02643153    0.96469054    0.96200001
W1PS17_AMBTC/457-615     0.73427881    0.66620622    0.56858623    0.73671340    0.64975209    0.67840710    0.73403475    0.81186358    0.70385651    0.76641436    0.54851124    0.00000000    0.65631251    1.13687935    1.74224042    1.53537093    1.50623955    1.48005233    1.48336380    1.51011588    1.33464156    1.44405925    1.31306826
D8SVX3_SELML/332-460     0.45833858    0.49102261    0.40402343    0.52610155    0.44041366    0.39666901    0.49684973    0.57512768    0.51871431    0.52636650    0.30482397    0.65631251    0.00000000    0.81532098    1.47079292    1.32301723    1.30195277    1.36036546    1.32114483    1.26020160    1.08566686    1.02931298    0.95520695
D8R685_SELML/331-458     0.95357968    1.12407892    1.06378503    1.04720638    0.94490850    0.94079904    1.06431751    1.11642629    1.00767142    1.05266848    0.84485274    1.13687935    0.81532098    0.00000000    1.30775217    1.13804639    1.10147040    1.04237779    1.07824600    1.07552176    0.98638000    0.83641108    0.78398855
C0HG08_MAIZE/595-724     1.72584472    1.56042183    1.77438655    1.81058082    1.59636367    1.54569185    1.77383862    1.85160586    1.65359711    1.70502300    1.45680945    1.74224042    1.47079292    1.30775217    0.00000000    0.31780535    0.62452723    0.76357066    0.87736616    0.61810600    1.09596403    0.96856015    0.98258012
M0T634_MUSAM/610-736     1.65097209    1.55377956    1.58095248    1.67509190    1.52763483    1.47676583    1.64835036    1.73755472    1.57597277    1.59016386    1.29631798    1.53537093    1.32301723    1.13804639    0.31780535    0.00000000    0.50974413    0.71945631    0.77326142    0.50958751    1.06426077    0.80768140    0.77208985
F6HFB0_VITVI/680-809     1.48114629    1.35396354    1.40528293    1.55414991    1.34235013    1.36494620    1.56242110    1.59148524    1.62238548    1.54499753    1.15152081    1.50623955    1.30195277    1.10147040    0.62452723    0.50974413    0.00000000    0.44510384    0.57287380    0.23840558    0.98252651    0.87897857    0.77103944
I1KRR8_SOYBN/660-783     1.40285371    1.37920906    1.44334669    1.42955124    1.35309706    1.40247726    1.61351600    1.67573084    1.61422864    1.55059090    1.21444383    1.48005233    1.36036546    1.04237779    0.76357066    0.71945631    0.44510384    0.00000000    0.29250769    0.36816911    1.04690385    0.96900345    0.89229370
K7N0Q2_SOYBN/709-835     1.39160206    1.44117961    1.42439456    1.44027511    1.38290167    1.35263203    1.57549635    1.61494897    1.59418192    1.50299525    1.21054580    1.48336380    1.32114483    1.07824600    0.87736616    0.77326142    0.57287380    0.29250769    0.00000000    0.49679161    1.01143368    0.97229479    0.92237009
B9SNH5_RICCO/671-802     1.41325792    1.37635406    1.47308300    1.49083991    1.38617147    1.34713723    1.48403757    1.59856518    1.53822823    1.49414682    1.14394948    1.51011588    1.26020160    1.07552176    0.61810600    0.50958751    0.23840558    0.36816911    0.49679161    0.00000000    0.96006801    0.85503644    0.74837986
D7LTR7_ARALL/1029-1157     1.24141355    1.25180455    1.15434614    1.25168063    1.22780255    1.13098994    1.18129986    1.25108501    1.24328608    1.23719166    1.02643153    1.33464156    1.08566686    0.98638000    1.09596403    1.06426077    0.98252651    1.04690385    1.01143368    0.96006801    0.00000000    0.68477004    0.58111386
I1LNW6_SOYBN/1048-1171     1.19626358    1.17574563    1.15341154    1.26775498    1.14250005    1.16172684    1.34087246    1.44234917    1.25864687    1.35028920    0.96469054    1.44405925    1.02931298    0.83641108    0.96856015    0.80768140    0.87897857    0.96900345    0.97229479    0.85503644    0.68477004    0.00000000    0.25903464
F6HBC3_VITVI/1023-1150     1.19788457    1.18527548    1.16137582    1.28765270    1.18612932    1.15933618    1.30048854    1.41506857    1.21975717    1.30485118    0.96200001    1.31306826    0.95520695    0.78398855    0.98258012    0.77208985    0.77103944    0.89229370    0.92237009    0.74837986    0.58111386    0.25903464    0.00000000

