28
U3J9B0_ANAPP/786-1078     0.00000000    0.08985733    0.29990918    0.36128635    0.30504215    0.33548654    0.47239881    0.47112072    0.97186884    1.22559481    1.73892346    1.90960263    1.78337506    1.83634929    1.76989372    2.21914526    2.34636771    2.32492415    2.08506896    1.64293209    2.07870019    2.13524651    2.18626381    1.66980693    1.62179591    0.87366293    0.74273535    0.71309160
G3UUQ5_MELGA/738-1030     0.08985733    0.00000000    0.24160151    0.30020656    0.24772014    0.29755895    0.46275432    0.47804769    0.96595771    1.25850143    1.74795471    1.94718443    1.75253485    1.83516285    1.73617711    2.15363833    2.26586705    2.29285853    2.01347581    1.60697438    2.08243290    2.20355344    2.20864852    1.68959395    1.63028136    0.86899557    0.71483338    0.68970859
L8YB38_TUPCH/96-391     0.29990918    0.24160151    0.00000000    0.28062479    0.38851322    0.42419803    0.52594335    0.53180306    0.96445903    1.37022729    1.66591812    2.03729210    1.74867202    1.93418441    1.80390316    2.14338221    2.21655149    2.34652604    1.94147818    1.68904445    2.16705452    2.30529486    2.29203818    1.78694514    1.65719269    0.95482225    0.74435956    0.77096053
G1QB20_MYOLU/740-1037     0.36128635    0.30020656    0.28062479    0.00000000    0.39015629    0.43244251    0.55287298    0.56800365    0.98550898    1.30780848    1.79108619    2.11913202    1.85074317    1.98341418    1.90866241    2.18261777    2.19298750    2.23655425    2.01904991    1.73358121    2.28429614    2.41985019    2.47091469    1.95653038    1.76460179    0.92831980    0.76905749    0.79600078
H3A9I0_LATCH/742-1034     0.30504215    0.24772014    0.38851322    0.39015629    0.00000000    0.28971437    0.48988649    0.50967652    1.00248105    1.30278166    1.87258913    2.09367307    1.84756432    1.99108116    1.84949862    2.17849569    2.26823957    2.27374008    1.99359804    1.70785693    2.16629452    2.30251801    2.42815788    1.74743390    1.72107650    0.86919639    0.67740620    0.72416334
W5MRN6_LEPOC/751-1048     0.33548654    0.29755895    0.42419803    0.43244251    0.28971437    0.00000000    0.36375444    0.36450733    0.84747066    1.29476123    1.85142935    2.15590710    1.83615716    2.03649456    1.93066240    2.20637695    2.16854284    2.25345257    2.13744762    1.70521400    2.15071900    2.26638713    2.38655127    1.81266142    1.71438300    0.80783380    0.63262172    0.64700392
I3JJ25_ORENI/774-1063     0.47239881    0.46275432    0.52594335    0.55287298    0.48988649    0.36375444    0.00000000    0.19203183    0.95531336    1.42582414    1.70379421    2.03956176    1.72162679    1.78078572    1.75994104    1.98990132    2.13258814    2.18491016    1.90742087    1.76850558    2.07546138    2.20573632    2.21188853    1.72942857    1.67079227    0.90322814    0.71875049    0.65435229
M3ZY40_XIPMA/781-1068     0.47112072    0.47804769    0.53180306    0.56800365    0.50967652    0.36450733    0.19203183    0.00000000    0.91095891    1.39665186    1.62972140    2.06400306    1.79439635    1.85978702    1.78236015    2.16226042    2.28816647    2.36158375    2.07644841    1.71730170    2.02022391    2.25654698    2.14932430    1.70932945    1.63417912    0.93746404    0.76211392    0.71360447
W5LMM9_ASTMX/780-1035     0.97186884    0.96595771    0.96445903    0.98550898    1.00248105    0.84747066    0.95531336    0.91095891    0.00000000    1.87183884    2.16968879    2.23670238    2.13077297    2.42533904    2.29330638    2.67268084    2.81285431    2.99879057    2.52589674    1.88615476    2.17093354    2.23132631    2.52076711    1.97837545    1.83926306    0.96730994    1.03718606    0.82459461
H3B9G4_LATCH/715-1004     1.22559481    1.25850143    1.37022729    1.30780848    1.30278166    1.29476123    1.42582414    1.39665186    1.87183884    0.00000000    0.77116327    1.13240401    1.69745313    1.82037963    1.77278120    2.14458059    2.20203811    2.34689836    2.61609282    1.95885854    2.25446971    2.39975775    2.49363023    2.02880186    2.06065354    1.58478910    1.50405788    1.48029672
F7BFA1_CALJA/778-1066     1.73892346    1.74795471    1.66591812    1.79108619    1.87258913    1.85142935    1.70379421    1.62972140    2.16968879    0.77116327    0.00000000    1.24721828    1.87918364    1.82046868    1.89587906    2.03834341    2.20087116    2.33914644    2.52434509    2.14644093    2.59278770    2.63657098    2.96420063    2.26042395    2.18738611    1.93873918    1.83232271    1.74293846
F7A183_XENTR/780-1060     1.90960263    1.94718443    2.03729210    2.11913202    2.09367307    2.15590710    2.03956176    2.06400306    2.23670238    1.13240401    1.24721828    0.00000000    2.17551134    2.33743567    2.26381456    2.48165191    2.53584077    2.75967459    2.95886932    2.10318076    2.63730671    2.67415178    2.53083116    2.38466261    2.30234671    2.27141143    2.12112361    2.02851437
U3IJX4_ANAPP/779-1062     1.78337506    1.75253485    1.74867202    1.85074317    1.84756432    1.83615716    1.72162679    1.79439635    2.13077297    1.69745313    1.87918364    2.17551134    0.00000000    0.39785892    0.27119573    1.31342302    1.36263701    1.42613391    2.06225065    2.16850739    2.88164340    2.51900960    2.57449843    2.19486602    2.07971741    2.08606051    1.81557694    1.74270612
U3JXI0_FICAL/460-740     1.83634929    1.83516285    1.93418441    1.98341418    1.99108116    2.03649456    1.78078572    1.85978702    2.42533904    1.82037963    1.82046868    2.33743567    0.39785892    0.00000000    0.27900234    1.40413438    1.42813945    1.49400557    1.99277464    2.20109130    2.94995221    2.78745278    2.90440047    2.52314553    2.33987304    1.93157910    1.96563021    1.83979250
G5E7V6_MELGA/781-1064     1.76989372    1.73617711    1.80390316    1.90866241    1.84949862    1.93066240    1.75994104    1.78236015    2.29330638    1.77278120    1.89587906    2.26381456    0.27119573    0.27900234    0.00000000    1.30076870    1.38083135    1.37368739    1.96645415    2.14419876    2.94504389    2.84180321    2.94619513    2.47758125    2.48675770    1.89890882    1.88191335    1.79370077
H0X5S5_OTOGA/818-1116     2.21914526    2.15363833    2.14338221    2.18261777    2.17849569    2.20637695    1.98990132    2.16226042    2.67268084    2.14458059    2.03834341    2.48165191    1.31342302    1.40413438    1.30076870    0.00000000    0.22250852    0.26469276    0.58882798    2.68071359    3.31342502    3.09546692    3.08612258    3.13622391    2.74721160    2.33329020    2.26884050    2.28484493
G1QXW5_NOMLE/780-1070     2.34636771    2.26586705    2.21655149    2.19298750    2.26823957    2.16854284    2.13258814    2.28816647    2.81285431    2.20203811    2.20087116    2.53584077    1.36263701    1.42813945    1.38083135    0.22250852    0.00000000    0.23310150    0.61821778    2.89015287    3.47413452    3.12718684    3.20692122    3.29380646    2.91604557    2.41349543    2.34069964    2.44612565
I3LGX2_PIG/779-1069     2.32492415    2.29285853    2.34652604    2.23655425    2.27374008    2.25345257    2.18491016    2.36158375    2.99879057    2.34689836    2.33914644    2.75967459    1.42613391    1.49400557    1.37368739    0.26469276    0.23310150    0.00000000    0.58554597    2.95995761    3.51137572    3.17715690    3.30014791    3.28163391    2.96555366    2.46700832    2.53265319    2.52811700
E2RJT0_CANLF/608-811     2.08506896    2.01347581    1.94147818    2.01904991    1.99359804    2.13744762    1.90742087    2.07644841    2.52589674    2.61609282    2.52434509    2.95886932    2.06225065    1.99277464    1.96645415    0.58882798    0.61821778    0.58554597    0.00000000    2.85596394    3.34727710    3.00323830    3.18576827    3.36921301    2.82756661    2.37820232    2.26620426    2.25341896
C3YCZ9_BRAFL/1032-1367     1.64293209    1.60697438    1.68904445    1.73358121    1.70785693    1.70521400    1.76850558    1.71730170    1.88615476    1.95885854    2.14644093    2.10318076    2.16850739    2.20109130    2.14419876    2.68071359    2.89015287    2.95995761    2.85596394    0.00000000    2.11784035    2.23191943    2.42820128    1.94611727    2.04612328    1.91802597    1.75878015    1.70449314
W5JQ42_ANODA/774-1078     2.07870019    2.08243290    2.16705452    2.28429614    2.16629452    2.15071900    2.07546138    2.02022391    2.17093354    2.25446971    2.59278770    2.63730671    2.88164340    2.94995221    2.94504389    3.31342502    3.47413452    3.51137572    3.34727710    2.11784035    0.00000000    0.56275501    0.67818211    1.20555545    1.23095717    2.48580178    2.32181143    2.31866010
E1JGZ7_DROME/776-1083     2.13524651    2.20355344    2.30529486    2.41985019    2.30251801    2.26638713    2.20573632    2.25654698    2.23132631    2.39975775    2.63657098    2.67415178    2.51900960    2.78745278    2.84180321    3.09546692    3.12718684    3.17715690    3.00323830    2.23191943    0.56275501    0.00000000    0.31678445    1.04108124    1.06998933    2.45834348    2.35720131    2.43450200
B4J802_DROGR/26-316     2.18626381    2.20864852    2.29203818    2.47091469    2.42815788    2.38655127    2.21188853    2.14932430    2.52076711    2.49363023    2.96420063    2.53083116    2.57449843    2.90440047    2.94619513    3.08612258    3.20692122    3.30014791    3.18576827    2.42820128    0.67818211    0.31678445    0.00000000    1.06096646    1.10053760    2.96978679    2.68101921    2.80009878
E0VYX7_PEDHC/763-1039     1.66980693    1.68959395    1.78694514    1.95653038    1.74743390    1.81266142    1.72942857    1.70932945    1.97837545    2.02880186    2.26042395    2.38466261    2.19486602    2.52314553    2.47758125    3.13622391    3.29380646    3.28163391    3.36921301    1.94611727    1.20555545    1.04108124    1.06096646    0.00000000    0.59068813    2.19171470    1.74093806    1.83122936
E2AID4_CAMFO/784-1097     1.62179591    1.63028136    1.65719269    1.76460179    1.72107650    1.71438300    1.67079227    1.63417912    1.83926306    2.06065354    2.18738611    2.30234671    2.07971741    2.33987304    2.48675770    2.74721160    2.91604557    2.96555366    2.82756661    2.04612328    1.23095717    1.06998933    1.10053760    0.59068813    0.00000000    2.11217486    1.84271897    1.82972817
I3JJP1_ORENI/774-1039     0.87366293    0.86899557    0.95482225    0.92831980    0.86919639    0.80783380    0.90322814    0.93746404    0.96730994    1.58478910    1.93873918    2.27141143    2.08606051    1.93157910    1.89890882    2.33329020    2.41349543    2.46700832    2.37820232    1.91802597    2.48580178    2.45834348    2.96978679    2.19171470    2.11217486    0.00000000    0.69588932    0.58700188
H2L506_ORYLA/747-1042     0.74273535    0.71483338    0.74435956    0.76905749    0.67740620    0.63262172    0.71875049    0.76211392    1.03718606    1.50405788    1.83232271    2.12112361    1.81557694    1.96563021    1.88191335    2.26884050    2.34069964    2.53265319    2.26620426    1.75878015    2.32181143    2.35720131    2.68101921    1.74093806    1.84271897    0.69588932    0.00000000    0.39229517
M3ZGP4_XIPMA/783-1097     0.71309160    0.68970859    0.77096053    0.79600078    0.72416334    0.64700392    0.65435229    0.71360447    0.82459461    1.48029672    1.74293846    2.02851437    1.74270612    1.83979250    1.79370077    2.28484493    2.44612565    2.52811700    2.25341896    1.70449314    2.31866010    2.43450200    2.80009878    1.83122936    1.82972817    0.58700188    0.39229517    0.00000000

