95
G0RSI9_HYPJQ/234-318     0.00000000    0.26986201    0.31061742    0.39924958    0.35542971    0.37899583    0.49434509    0.44252622    0.34965419    0.44653612    0.48823381    0.38595333    0.47767154    0.30500980    0.39114941    0.90852241    0.99874927    0.88582522    1.02170777    1.38129126    1.22889234    0.96302906    1.23307777    1.16595381    1.20938321    1.37115701    1.29753197    1.24620713    1.22707077    1.45589568    1.53823751    1.55833284    1.59236766    1.43309356    1.51907334    1.42378671    1.43485009    1.82674760    1.34138053    1.43079470    1.71264124    1.67615397    1.68409003    1.55806410    1.48338707    1.28065025    1.43507126    1.61034371    1.85414618    2.17608233    1.75751449    1.75265398    1.65387657    1.88801009    1.89986995    1.69071782    1.84264940    1.62378252    1.75474246    1.80627651    1.87257017    1.87832649    1.75150190    2.04608157    1.81181142    1.70025009    1.69334928    1.60663692    1.67656887    0.95722018    0.97809565    1.19781708    1.52466355    1.34936992    0.99560232    0.92260845    0.67466302    0.67739721    0.61413236    0.74214477    0.64983626    0.74078964    0.80506840    0.80878025    0.48866958    0.55308333    0.40756521    0.30578985    0.39889620    0.29183352    0.25187616    0.31272217    0.34016313    0.42734938    0.30657637
C5FKB3_ARTOC/213-303     0.26986201    0.00000000    0.28168038    0.38981167    0.39501314    0.37491964    0.48180186    0.38804152    0.39277730    0.43633075    0.43986445    0.41179148    0.48577393    0.38298969    0.49988569    0.72149001    0.78168907    0.75141523    0.93087832    1.20894609    1.18837252    0.92866577    1.20869062    1.13329093    1.23479643    1.35354433    1.28225531    1.19614886    1.19199898    1.36250414    1.38995171    1.43948298    1.49693063    1.38987243    1.44204671    1.36706130    1.36322631    1.47745282    1.27175401    1.31233199    1.62086497    1.52883943    1.54414678    1.41645930    1.51316141    1.23792301    1.48670583    1.52253692    1.76038384    2.12231320    1.55648103    1.63019724    1.53708028    1.74080832    1.70278915    1.53373536    1.73836582    1.56522838    1.55474355    1.92617643    1.79260514    1.88944816    1.63821546    1.95955323    1.65276364    1.79053113    1.90606419    1.57392904    1.47529846    1.04959831    0.88174799    1.12797945    1.27208048    1.30587382    0.98178708    0.94242052    0.58200480    0.60675176    0.67853931    0.63531189    0.68849131    0.66892083    0.76032240    0.73804903    0.58244543    0.45875269    0.39266098    0.31647883    0.49089044    0.38731603    0.51322027    0.33924703    0.35629777    0.46586384    0.36443130
E9DIT0_COCPS/228-315     0.31061742    0.28168038    0.00000000    0.38705611    0.34221426    0.33398027    0.41167503    0.34374069    0.29921846    0.37195330    0.43535928    0.32754892    0.38796956    0.43769761    0.44046869    0.65686419    0.74779079    0.69605817    0.84439266    1.15981570    1.05401109    1.02404919    1.13843305    1.16178308    1.20634578    1.37623049    1.29379106    1.40424168    1.27047390    1.29109685    1.33503418    1.39988716    1.55929721    1.37356817    1.47832215    1.49063546    1.30470548    1.47360245    1.24259657    1.27899944    1.54298590    1.59345084    1.62470527    1.41009859    1.39877880    1.41863837    1.40284969    1.41021714    1.76633980    1.89448317    1.57497301    1.72713849    1.50729152    1.69379503    1.62135670    1.44380514    1.58513217    1.54932155    1.74827561    1.84823465    1.76827609    1.85338436    1.67996849    2.06549107    1.90197660    1.90716661    1.77930646    1.52626793    1.49693612    0.87712764    0.86754306    1.14261545    1.21192150    1.33589553    1.00779274    0.89928649    0.64764774    0.63435336    0.56811350    0.65201745    0.60857184    0.63831238    0.81761390    0.78317132    0.62859504    0.51204422    0.36862921    0.32982700    0.46944238    0.27291747    0.43361507    0.28335488    0.31721606    0.41047109    0.29934038
L8FST3_PSED2/233-316     0.39924958    0.38981167    0.38705611    0.00000000    0.36026705    0.27445667    0.37127734    0.30914458    0.39073244    0.46973765    0.36699788    0.34090037    0.40579181    0.38500691    0.43840131    0.89041794    0.73588186    0.79578093    0.87122443    1.26544641    1.02162864    1.10082123    1.29262507    1.27181957    1.34880657    1.37519526    1.28668227    1.45142210    1.34282421    1.37746196    1.54165729    1.42386017    1.48857793    1.55428127    1.62446502    1.52844947    1.50753201    1.62112024    1.47378148    1.45933654    1.76774332    1.56888972    1.71355429    1.59682585    1.44256050    1.22806720    1.53911602    1.63336278    2.12842545    2.30690293    1.87309209    1.70518378    1.55543811    2.09421894    1.69234502    1.64622314    1.83759913    1.48469068    1.45511348    1.77442134    1.75236783    1.59592522    1.46906875    1.85904127    1.64374525    1.93359390    1.96362995    1.82914196    1.66046487    0.99755299    0.92637708    1.29221245    1.28989046    1.49858292    0.97363923    0.94238798    0.86872761    0.74671937    0.65631087    0.72881681    0.76014475    0.80769071    0.84683484    0.88092120    0.64449069    0.50061562    0.51424595    0.46472510    0.53499802    0.42322132    0.49749291    0.36811061    0.35288986    0.49209076    0.42367188
C1GBM8_PARBD/229-318     0.35542971    0.39501314    0.34221426    0.36026705    0.00000000    0.33247545    0.31182695    0.29515148    0.41273864    0.40880702    0.39771784    0.33990323    0.43772546    0.43304302    0.42335215    0.75233494    0.73659188    0.60827194    0.89500126    1.14227787    1.14106382    1.11388362    1.28201683    1.15064428    1.32170046    1.40207825    1.28689495    1.25657105    1.14072074    1.52883439    1.36913986    1.58448387    1.55639916    1.60349676    1.62329439    1.50818705    1.35495442    1.60486291    1.41810310    1.40565684    1.72308932    1.55593813    1.66252813    1.43747997    1.51393109    1.15673431    1.49624550    1.38121425    1.87215788    1.81014929    1.53638624    1.56351268    1.33405456    1.70261899    1.69090683    1.38660822    1.56118774    1.43507971    1.47943386    1.75482135    1.75367227    1.75737758    1.70133012    1.75803318    1.68217007    1.67531822    1.63648595    1.63637645    1.50424916    0.98468014    0.89882926    1.10779243    1.30431571    1.53568055    0.91760087    0.93181922    0.63410292    0.60087329    0.67703632    0.63204223    0.60333224    0.62179671    0.78877660    0.79987207    0.73652534    0.62201132    0.52212956    0.39360925    0.56767860    0.34127877    0.47034691    0.35757342    0.43831976    0.46480546    0.41554013
G2Y6H7_BOTF4/233-317     0.37899583    0.37491964    0.33398027    0.27445667    0.33247545    0.00000000    0.27261779    0.33240931    0.31998152    0.41353304    0.42903044    0.30953572    0.45459769    0.32081073    0.34807980    0.93818448    0.83951618    0.70398411    1.05978408    1.31467856    1.20536610    1.27201739    1.34078437    1.41562193    1.45176180    1.43493711    1.38282850    1.54187872    1.47406853    1.38511657    1.70495371    1.38816177    1.73309850    1.56084450    1.61220485    1.44896475    1.64965469    1.67387961    1.36126589    1.41753062    1.68367171    1.76064348    1.92030853    1.75052731    1.63888610    1.35852092    1.56333870    1.39043075    1.93369069    2.08942804    1.68806880    1.70554989    1.75385114    2.00131129    1.84246376    1.59438154    1.76469649    1.51590089    1.53336929    1.77202920    1.67175123    1.76927021    1.61593115    1.98355001    1.45531929    2.01276293    1.96100135    1.91950289    1.69467424    0.98744772    1.01345941    1.36885445    1.42473416    1.49799294    1.05697654    1.00775181    0.86437457    0.81390681    0.67148184    0.80875310    0.72810117    0.76976471    0.74597608    0.83062925    0.59721448    0.49233403    0.41950852    0.39684494    0.46454002    0.36240134    0.41889018    0.35941738    0.37348930    0.39557769    0.39204170
N1J638_BLUG1/234-315     0.49434509    0.48180186    0.41167503    0.37127734    0.31182695    0.27261779    0.00000000    0.42743717    0.47313713    0.46884795    0.45371122    0.40612004    0.48723191    0.42682602    0.47537910    0.92767573    0.79552858    0.62058722    0.98746259    1.18469708    1.08130672    1.12052332    1.24931745    1.29315168    1.48428772    1.50979777    1.28475868    1.47276562    1.36425167    1.40539656    1.49014350    1.37208302    1.40012039    1.63928754    1.63925222    1.39678842    1.45902153    1.50699482    1.34427494    1.33864196    1.61403342    1.55885405    1.64691008    1.43762482    1.52148360    1.22002209    1.48395679    1.53609971    1.85953852    2.06460677    1.68225231    1.70248604    1.38099809    2.09809733    1.90439680    1.53982165    1.81733737    1.67746774    1.70000434    2.05131318    2.02484201    1.90799328    1.76843565    2.16336265    1.85870115    1.79224484    1.93392288    1.61263126    1.39261095    0.99660740    1.01179944    1.41954679    1.50705045    1.70815121    0.96380331    0.90977904    0.83081028    0.79693733    0.79775408    0.72769394    0.82165854    0.78372957    0.96160421    0.93879716    0.61189133    0.48452014    0.52362661    0.48803746    0.60366221    0.41508100    0.49136707    0.39947130    0.41677080    0.49420099    0.48068888
B2VQQ7_PYRTR/232-315     0.44252622    0.38804152    0.34374069    0.30914458    0.29515148    0.33240931    0.42743717    0.00000000    0.29763034    0.31006919    0.30126250    0.24334965    0.34726815    0.39237828    0.37215603    0.67945781    0.60942565    0.70979673    0.78066773    1.23398680    1.15056583    1.14116798    1.33467074    1.21274992    1.25848998    1.25636810    1.36129369    1.36098035    1.25298497    1.36600683    1.40326322    1.44348410    1.61478508    1.38244216    1.46329672    1.47766017    1.50495745    1.52967939    1.38819305    1.43558314    1.75185859    1.59633512    1.49840398    1.38893096    1.40054503    1.16361811    1.39249885    1.43159030    2.00712482    2.00302989    1.68518596    1.58053876    1.33440306    1.72619335    1.62097414    1.27618960    1.53361269    1.29524220    1.35039008    1.51441524    1.66504152    1.57407857    1.47674439    1.75618026    1.50106488    1.80208106    1.75374318    1.67832788    1.51095913    0.78975033    0.88581221    1.04709772    1.30659249    1.53542398    0.91409615    0.86673595    0.76165153    0.69603346    0.59900242    0.62795338    0.59030877    0.63631702    0.73365867    0.82235025    0.64139595    0.56341734    0.50194964    0.40959332    0.51970091    0.38050678    0.48642612    0.34782945    0.41509574    0.50422232    0.44922790
R7YHD4_CONA1/230-314     0.34965419    0.39277730    0.29921846    0.39073244    0.41273864    0.31998152    0.47313713    0.29763034    0.00000000    0.25665942    0.39975029    0.32252646    0.33797975    0.27383465    0.32976458    0.74411054    0.82036699    0.86067194    0.96155842    1.36354175    1.21533062    1.18334012    1.28536923    1.31959712    1.39361303    1.47873657    1.59638833    1.50155560    1.39530073    1.54228705    1.61595065    1.49179151    1.73431695    1.41048572    1.54024892    1.58550710    1.53249080    1.72372869    1.27698784    1.39990819    1.79025282    1.72316778    1.87570007    1.62178430    1.59080265    1.41882582    1.43472456    1.57008010    1.76722584    2.16000872    1.71978363    1.79129949    1.66944333    1.91366500    1.74538255    1.53031812    1.71807772    1.42071021    1.63402136    1.63171484    1.78920662    1.80700332    1.64997872    1.99990651    1.67095692    1.88420778    1.85240981    1.76211388    1.61415836    0.98510019    1.01190707    1.20269508    1.29481039    1.49999607    1.05450404    1.00381756    0.79681637    0.79191404    0.70883336    0.76370260    0.68861687    0.80703464    0.90351767    0.98063089    0.51344022    0.44378885    0.44685575    0.40751626    0.44561007    0.28717003    0.46126933    0.38706487    0.46462385    0.52435278    0.44641408
Q0UMV8_PHANO/231-312     0.44653612    0.43633075    0.37195330    0.46973765    0.40880702    0.41353304    0.46884795    0.31006919    0.25665942    0.00000000    0.44252314    0.36585528    0.46797771    0.37578109    0.42892202    0.73710355    0.80088699    0.91641000    0.94215254    1.29314309    1.08596548    1.16072846    1.28009452    1.28863134    1.41959491    1.56006458    1.62481605    1.57229211    1.35634539    1.45149153    1.38407822    1.44903429    1.50794133    1.46422982    1.47343496    1.22890380    1.45884799    1.58122875    1.12051146    1.17031763    1.61593088    1.56795923    1.66953782    1.40323760    1.43736312    1.46268804    1.37934668    1.44630914    1.98630234    1.96428304    1.65316620    1.60886065    1.35116664    1.79012183    1.90299557    1.38269439    1.66423921    1.30998342    1.58216109    1.57803294    1.79095143    1.84217399    1.60731437    1.94851356    1.80542394    1.78252687    1.79127132    1.33258426    1.46278064    0.90287974    1.01649608    1.08734559    1.31808644    1.39798273    0.93344344    0.92470575    0.78490183    0.91146596    0.73191438    0.80221318    0.71840756    0.75223347    0.84274117    0.86426507    0.53845808    0.50729731    0.56202540    0.49985761    0.57242943    0.46173651    0.54564470    0.43256332    0.50878225    0.52436358    0.49988021
N1QE63_SPHMS/233-318     0.48823381    0.43986445    0.43535928    0.36699788    0.39771784    0.42903044    0.45371122    0.30126250    0.39975029    0.44252314    0.00000000    0.24007327    0.37744355    0.26971492    0.31636661    0.88554861    0.75139678    0.75584333    1.07444036    1.19214495    1.14296474    1.25320580    1.40100725    1.37815832    1.42623632    1.47515955    1.53924172    1.61682603    1.45826248    1.54182695    1.62711616    1.53684164    1.77788267    1.61905482    1.80110355    1.79125811    1.68353273    1.60533188    1.48292611    1.53218289    1.97542308    1.76777987    1.72226763    1.53692139    1.80585288    1.47259548    1.48616887    1.62737861    1.74724896    2.22252498    1.56349725    1.71232770    1.56304606    1.98993102    1.43508381    1.49534986    1.63836595    1.53147760    1.39653179    1.88757815    1.69383102    1.72394215    1.44920771    1.74263327    1.72618015    1.78617411    1.78980146    1.80262594    1.84593529    1.09358691    0.93686973    1.20197598    1.46905858    1.55315466    1.00498671    1.04446722    0.86349376    0.83905142    0.78106014    0.84686718    0.78176407    0.74405276    0.99647113    1.00071590    0.80506130    0.47847390    0.50181229    0.46438995    0.61397589    0.41360983    0.51695470    0.41130308    0.45354396    0.62722712    0.50184770
N1PFW6_DOTSN/234-318     0.38595333    0.41179148    0.32754892    0.34090037    0.33990323    0.30953572    0.40612004    0.24334965    0.32252646    0.36585528    0.24007327    0.00000000    0.27748254    0.29551764    0.27697615    0.79145937    0.62758291    0.68171799    0.89657638    1.17601176    1.13830363    1.20525335    1.28544749    1.30099367    1.39242784    1.33800258    1.43656494    1.49975981    1.36133363    1.21619289    1.48792320    1.50993677    1.63159947    1.45553288    1.65390968    1.62631062    1.56296524    1.42725395    1.34692270    1.31464746    1.66944401    1.69053018    1.78951114    1.45612875    1.53589365    1.36864518    1.50833628    1.53871574    1.94987281    2.22583719    1.67795098    1.70223888    1.64970446    1.78537442    1.59097606    1.46818119    1.62622056    1.33834323    1.45175166    1.73017425    1.68661386    1.71681831    1.57139330    1.80977947    1.60501797    1.88899280    1.89689061    1.71737163    1.51508274    0.90007109    0.82617588    1.12183741    1.27281794    1.35902507    0.96053645    0.84533597    0.76339503    0.74925383    0.64100651    0.67991331    0.62025071    0.71345686    0.81996192    0.92375629    0.59870568    0.43235575    0.36357715    0.34346872    0.50501049    0.26276314    0.35943937    0.30672275    0.33625178    0.42879523    0.34865426
K2RAB7_MACPH/230-313     0.47767154    0.48577393    0.38796956    0.40579181    0.43772546    0.45459769    0.48723191    0.34726815    0.33797975    0.46797771    0.37744355    0.27748254    0.00000000    0.42797038    0.41087772    0.75019890    0.72739962    0.86812569    0.94959259    1.16545946    1.28523565    1.12000737    1.14121855    1.21123227    1.38394769    1.42938751    1.43680621    1.56335588    1.32956686    1.42930176    1.71071061    1.54917143    1.61934955    1.45420246    1.63633013    1.85701616    1.59813932    1.75088084    1.55611262    1.53321145    1.95384360    1.57746717    1.76107239    1.73673410    1.79834557    1.43602015    1.64128793    1.49037056    1.95244780    2.28350766    1.91053129    2.02243908    1.74061851    1.86958188    1.61671456    1.56016632    1.73066756    1.49935115    1.64164098    1.84169914    1.95362838    2.01505092    1.68754292    1.84747008    1.77112181    1.97639888    1.93532877    1.61528947    1.44193163    0.95778407    0.90179146    1.04972584    1.28396991    1.43256235    1.05121801    1.00851246    0.81249902    0.80277987    0.71427477    0.74228304    0.65423105    0.73570565    0.89082838    1.00500523    0.68493470    0.55560602    0.43160871    0.44102225    0.51527196    0.29674809    0.47139279    0.40366032    0.34596602    0.60203760    0.40727749
F9XKB3_ZYMTI/235-321     0.30500980    0.38298969    0.43769761    0.38500691    0.43304302    0.32081073    0.42682602    0.39237828    0.27383465    0.37578109    0.26971492    0.29551764    0.42797038    0.00000000    0.27298637    0.79601826    0.82017909    0.84713786    1.06793917    1.30445648    1.15202275    1.21257565    1.36634617    1.39228838    1.32482480    1.36696099    1.53426138    1.44246617    1.37445709    1.41279420    1.64807482    1.56404106    1.76949686    1.50725927    1.61845557    1.55057946    1.62599898    1.73220494    1.28167779    1.42555226    1.74062063    1.70238818    1.68742170    1.55115286    1.59005886    1.26680523    1.40264195    1.40281535    1.77150058    2.11304845    1.52107864    1.62612908    1.58422572    1.88022982    1.65166162    1.45104517    1.57774857    1.42569561    1.48346498    1.66019035    1.52865966    1.77894789    1.57369791    1.95718252    1.46692866    1.64672257    1.65334595    1.76645602    1.70772439    1.02312337    0.98975775    1.15790050    1.32113869    1.36837200    1.01296556    0.96474358    0.70544901    0.76737015    0.72513766    0.77981403    0.79139557    0.78992154    0.88864752    0.92096574    0.53046441    0.48016239    0.47123582    0.39479497    0.39264170    0.36879287    0.41082893    0.38753853    0.44986812    0.55133584    0.42234850
M2YLY2_PSEFD/230-311     0.39114941    0.49988569    0.44046869    0.43840131    0.42335215    0.34807980    0.47537910    0.37215603    0.32976458    0.42892202    0.31636661    0.27697615    0.41087772    0.27298637    0.00000000    0.89338473    0.72671000    0.87589153    1.05015583    1.28062807    1.19957467    1.28544972    1.48373017    1.38037974    1.39704956    1.48169629    1.69537000    1.58991346    1.47983476    1.51942580    1.59794896    1.68082313    1.93251854    1.63216560    1.72511649    1.68108282    1.84830106    1.80744787    1.34889385    1.44784714    1.73720366    1.73250176    1.82471981    1.61745341    1.59233441    1.43919866    1.34493384    1.39550548    1.64667839    2.17794799    1.68884551    1.67473134    1.41696776    1.79233575    1.68638775    1.51916800    1.59576978    1.47850403    1.65333397    1.59286192    1.53013268    1.71246195    1.74626706    2.06427690    1.59697964    1.76649872    1.89481357    1.57423552    1.68188740    1.10144218    0.99780021    1.34406148    1.58405068    1.55413841    1.17021092    1.03639339    0.85481509    0.87884638    0.75702810    0.84623562    0.85754778    0.82828269    0.96303498    0.98183633    0.54752568    0.54387841    0.46865029    0.41839573    0.50951588    0.38639159    0.41989649    0.49914322    0.51579409    0.58999434    0.44907729
R9AF03_WALI9/236-327     0.90852241    0.72149001    0.65686419    0.89041794    0.75233494    0.93818448    0.92767573    0.67945781    0.74411054    0.73710355    0.88554861    0.79145937    0.75019890    0.79601826    0.89338473    0.00000000    0.63505006    0.75874487    0.85546881    1.18114104    0.94890243    1.17098837    1.24453908    1.31502265    1.23881146    1.35947642    1.49919127    1.28242204    1.37482903    1.44443954    1.18153689    1.40063459    1.42305531    1.47385079    1.33646946    1.40314705    1.32919285    1.26156680    1.25378465    1.32917723    1.64624645    1.45867632    1.34004784    1.22850815    1.49449536    1.27336879    1.54975052    1.57061383    1.49640894    1.63954800    1.59117125    1.63101035    1.35169295    1.66280024    1.59534787    1.29607735    1.50629318    1.23273769    1.32675583    1.46162416    1.25460023    1.39826175    1.26348457    1.29149592    1.41598863    1.38841677    1.53391483    1.36960148    1.46902819    0.81748782    0.78486426    1.34987451    1.09662485    1.15622270    0.67411914    0.73497850    0.52030981    0.52465676    0.48907768    0.48929696    0.57586743    0.64104252    0.93912211    0.93559111    0.87654870    0.83037316    0.86283077    0.75369756    0.82927536    0.74684082    0.92903491    0.81887032    0.78347393    1.01414749    0.84551643
A0A0D1CDB8_USTMA/221-314     0.99874927    0.78168907    0.74779079    0.73588186    0.73659188    0.83951618    0.79552858    0.60942565    0.82036699    0.80088699    0.75139678    0.62758291    0.72739962    0.82017909    0.72671000    0.63505006    0.00000000    0.33705980    0.59292071    0.93055009    1.06143875    0.95119266    0.99770214    1.03610734    1.07729061    1.09820534    1.34482845    1.28318622    1.21778951    1.00616119    1.14349392    1.19129214    1.26705727    1.22929584    1.29980793    1.41262864    1.31166394    1.27623157    1.16389675    1.21228640    1.40505966    1.28616499    1.25193622    1.25460885    1.22622782    1.13129694    1.29188090    1.45426978    1.60820103    1.57041245    1.28542911    1.30128603    1.07818205    1.71953479    1.20501961    1.07842023    1.14335921    1.19527230    1.16386048    1.21048200    1.16964949    1.07871534    1.12918278    1.23579901    1.10620946    1.42137251    1.75229999    1.33269828    1.30638279    0.69711892    0.71005979    1.09703036    1.21232281    1.37292383    0.86878878    0.80123771    0.59625458    0.54778808    0.50756920    0.53012120    0.59467906    0.69036141    0.87435728    0.82538131    0.92330919    0.94716924    0.85517611    0.86935189    0.99477688    0.82047197    0.89527268    0.74815897    0.87329345    1.02495758    0.80439291
A8Q4Y4_MALGO/226-318     0.88582522    0.75141523    0.69605817    0.79578093    0.60827194    0.70398411    0.62058722    0.70979673    0.86067194    0.91641000    0.75584333    0.68171799    0.86812569    0.84713786    0.87589153    0.75874487    0.33705980    0.00000000    0.72669668    1.02204812    1.06019057    1.09706735    1.18351074    1.27153512    1.32775865    1.24055313    1.33301758    1.44901591    1.27062837    1.25434224    1.40941665    1.19937536    1.29635485    1.35444258    1.38703076    1.40191062    1.32213015    1.30174409    1.25649359    1.34326966    1.64853663    1.56147077    1.44552877    1.39708659    1.34707811    1.18038534    1.28028376    1.47385808    1.46592659    1.61486266    1.25720004    1.44664929    1.11655390    2.04875387    1.35357651    1.29130451    1.28363544    1.32567935    1.27439677    1.32772224    1.22525270    1.10608517    1.24374741    1.28241577    1.08785362    1.30381372    1.69769997    1.29671999    1.27203224    0.84842076    0.86923828    1.25112779    1.21033455    1.38391943    0.88570420    0.76986984    0.58748030    0.62048694    0.55785696    0.53989765    0.60641262    0.68719763    0.89809041    0.79696533    1.03611776    0.97042920    0.89668646    0.78450848    0.99811962    0.68087224    0.87994639    0.66028525    0.84213777    0.85737392    0.80520578
R4XCR7_TAPDE/220-311     1.02170777    0.93087832    0.84439266    0.87122443    0.89500126    1.05978408    0.98746259    0.78066773    0.96155842    0.94215254    1.07444036    0.89657638    0.94959259    1.06793917    1.05015583    0.85546881    0.59292071    0.72669668    0.00000000    1.23097794    0.95937683    1.04520491    1.19508758    1.20096455    1.25408525    1.32704571    1.45297898    1.34585351    1.29888955    1.27259159    1.15658127    1.36024183    1.36372595    1.30142073    1.31468169    1.41018064    1.41962578    1.27327376    1.20944612    1.26124444    1.54429999    1.48241947    1.38425465    1.21092263    1.25084049    1.37252934    1.57955402    1.25434731    1.88029991    1.95002643    1.90951540    1.91977021    1.04990627    2.01709091    1.41081312    1.19208863    1.42983190    1.36898911    1.38832000    1.39803814    1.45986791    1.25373519    1.25819102    1.25701798    1.24433507    1.52433796    1.80655650    1.45905793    1.33288443    0.90021376    0.86341111    1.30235117    1.35932312    1.65700284    0.96388959    0.78072805    0.88007135    0.82794689    0.74526740    0.79221791    0.76985600    1.03580201    1.04216012    0.91534428    0.88330724    0.98975071    1.12118135    1.10689799    1.23850457    1.06365752    1.10899274    1.01800054    1.02900833    1.28383925    0.99536638
F4P9Y5_BATDJ/226-322     1.38129126    1.20894609    1.15981570    1.26544641    1.14227787    1.31467856    1.18469708    1.23398680    1.36354175    1.29314309    1.19214495    1.17601176    1.16545946    1.30445648    1.28062807    1.18114104    0.93055009    1.02204812    1.23097794    0.00000000    1.21476740    1.37231680    1.28826867    1.38049448    1.46913721    1.55778268    1.48266186    1.57515135    1.75077567    1.35206724    1.43926846    1.76200036    1.94156793    1.65028917    1.95947606    1.98584638    1.81164820    1.51823527    1.64290799    1.52878390    1.84628288    1.68587775    1.66191981    1.64093078    1.70338183    1.53406038    1.40675823    1.81258952    1.65069563    1.77942089    1.57852783    1.74231513    1.49586717    1.98391383    1.32740999    1.17851736    1.43454609    1.57959937    1.75182592    1.78527842    1.63276424    1.50617091    1.69404168    1.25144055    1.57476704    1.74133653    2.30477217    1.48440865    1.39182876    1.39993466    1.46200119    1.67028955    1.52152273    1.71985662    1.22743780    1.22446877    1.20437127    1.19496912    1.14578733    1.08221762    1.22127572    1.25022046    1.43524941    1.46984570    1.16761783    1.27248595    1.36471064    1.27332215    1.34464983    1.26777272    1.32985961    1.33049596    1.25475352    1.26499789    1.24185549
Q6CA00_YARLI/225-310     1.22889234    1.18837252    1.05401109    1.02162864    1.14106382    1.20536610    1.08130672    1.15056583    1.21533062    1.08596548    1.14296474    1.13830363    1.28523565    1.15202275    1.19957467    0.94890243    1.06143875    1.06019057    0.95937683    1.21476740    0.00000000    0.98394526    0.89355188    0.98261887    1.10660768    1.13195749    1.12264186    1.03343072    1.08645303    1.05940437    0.74536223    0.99619709    0.99202065    1.14282716    1.24891155    1.16444546    1.05159208    0.97094738    0.88006079    0.91263403    1.02171477    1.11290890    1.04514574    0.97624415    1.10748075    1.04717236    1.34923314    1.54798558    2.24595793    1.80134451    1.94804999    1.76122919    1.13305820    1.65780483    1.40068904    1.35139637    1.41277140    1.30862037    1.13706164    1.43637228    1.42226505    1.09927750    1.46313414    1.53106712    1.36119412    1.44865354    1.65643067    1.49618283    1.50349522    1.15497863    1.05620345    1.58816658    1.44977300    1.68024016    1.21358054    0.88928418    1.23919897    1.13789384    1.03019857    1.03845173    1.18366384    1.30152587    1.37375001    1.51397033    1.12552872    1.20409428    1.31435621    1.15053031    1.16423435    1.17542825    1.16990976    1.08950178    1.14795591    1.28634040    1.15102887
M3HFZ2_CANMX/228-312     0.96302906    0.92866577    1.02404919    1.10082123    1.11388362    1.27201739    1.12052332    1.14116798    1.18334012    1.16072846    1.25320580    1.20525335    1.12000737    1.21257565    1.28544972    1.17098837    0.95119266    1.09706735    1.04520491    1.37231680    0.98394526    0.00000000    0.27244669    0.32797793    0.51506749    0.63652546    0.65980946    0.45189614    0.47122515    0.81079557    0.91471889    0.99000185    1.03032710    0.99884068    1.13744098    1.09200931    0.83025065    1.03107842    0.87834950    0.78478477    1.01246133    0.91131672    1.01930959    0.85872971    0.86291392    0.75260800    1.38857376    1.68798559    1.78249554    1.99495605    1.83652196    1.68958114    1.40275013    1.81586153    1.61088552    1.48727582    1.71079966    1.54890649    1.63265770    1.52232747    1.75485808    1.51430584    1.67463102    1.63049236    1.57338918    1.71682061    1.97086834    1.49036745    1.56760704    1.25653945    1.20280973    1.22800112    1.73280338    1.68506118    1.07939030    1.17003349    1.12213641    1.06224694    1.07529611    0.92623198    1.11023825    1.15792030    1.11347600    1.16393571    1.14495410    1.26066042    1.11583937    1.07023936    1.13069375    0.99592265    1.16580462    0.99959402    1.02798483    1.33752050    0.96636216
G8BH04_CANPC/226-312     1.23307777    1.20869062    1.13843305    1.29262507    1.28201683    1.34078437    1.24931745    1.33467074    1.28536923    1.28009452    1.40100725    1.28544749    1.14121855    1.36634617    1.48373017    1.24453908    0.99770214    1.18351074    1.19508758    1.28826867    0.89355188    0.27244669    0.00000000    0.34160331    0.53914313    0.60908957    0.75285737    0.58032719    0.57148646    0.82046085    0.99910268    1.14206300    1.17427774    1.25639253    1.33319098    1.12754878    1.04574038    1.14453124    1.03500664    0.85868008    1.10495575    1.07137639    1.04032970    0.98359846    0.83474200    0.83941924    1.47673220    1.73256873    2.10462208    1.89366743    1.79717510    1.49707054    1.52218255    1.43911063    1.58717068    1.61403320    1.54777975    1.74454309    1.76255711    1.74653777    1.89394501    1.68945880    2.06516640    1.53922007    1.60786062    1.75156526    1.98026544    1.71167624    1.73387203    1.23662158    1.37009285    1.48710728    1.62354141    1.66159804    1.19923655    1.32660340    1.38578028    1.12608801    1.17638337    1.02132183    1.28084527    1.27794042    1.25248790    1.29265117    1.14697399    1.31674003    1.28055359    1.20632959    1.22083176    1.16018311    1.21031073    1.08963298    1.10296613    1.35985586    1.17128270
G3ARG5_SPAPN/230-315     1.16595381    1.13329093    1.16178308    1.27181957    1.15064428    1.41562193    1.29315168    1.21274992    1.31959712    1.28863134    1.37815832    1.30099367    1.21123227    1.39228838    1.38037974    1.31502265    1.03610734    1.27153512    1.20096455    1.38049448    0.98261887    0.32797793    0.34160331    0.00000000    0.60357055    0.63249672    0.65653767    0.55167428    0.60000998    0.84968874    1.01203528    1.04599455    1.09837464    1.13323872    1.34768382    1.19695081    1.08755190    1.09848631    1.15358871    0.83172043    0.99824182    1.01110289    1.06928002    1.01334417    0.86724663    0.80528857    1.48232781    1.53449009    2.12752563    1.68847223    1.45741707    1.34934711    1.45041488    1.65646421    1.45124906    1.46074266    1.57552262    1.63602196    1.67670764    1.53961794    1.75371181    1.66637494    1.93314014    1.74107666    1.67170627    1.66199657    1.81577227    1.81556062    1.58389330    1.35303094    1.26517062    1.22849118    1.69582128    1.76077197    1.40168309    1.34387410    1.42840221    1.16085293    1.17862386    1.06868645    1.27821723    1.22719602    1.22266848    1.27009324    1.19272049    1.38238375    1.37780721    1.30705977    1.22440511    1.16109343    1.27102458    1.22358443    1.09492165    1.40028661    1.17364772
A5DFI0_PICGU/227-312     1.20938321    1.23479643    1.20634578    1.34880657    1.32170046    1.45176180    1.48428772    1.25848998    1.39361303    1.41959491    1.42623632    1.39242784    1.38394769    1.32482480    1.39704956    1.23881146    1.07729061    1.32775865    1.25408525    1.46913721    1.10660768    0.51506749    0.53914313    0.60357055    0.00000000    0.43817908    0.53796159    0.50967231    0.42313383    0.90184003    0.88199398    0.99874743    1.09251758    0.93733158    1.23451176    1.14598553    0.97163283    1.05486728    0.92320842    0.94838018    0.97301439    1.01348697    0.95870743    0.85040922    0.89866646    0.69496586    1.29970109    1.46758919    1.94804218    1.86337109    1.88254063    1.81988367    1.38687040    1.79095268    1.51457353    1.57731586    1.46428888    1.50859371    1.52752352    1.57871789    1.54704118    1.55759393    1.92536219    1.26518140    1.51004994    1.51160208    1.66403135    1.57612134    1.73537623    1.37176472    1.23455761    1.21037942    1.77558297    1.46453134    1.17633108    1.25163116    1.10425436    1.08321358    1.14202891    1.01112384    1.18630924    1.19072860    1.10503496    1.22016440    1.24240058    1.51165787    1.21259749    1.23100918    1.26620983    1.32514566    1.26481427    1.20803149    1.21371870    1.66004287    1.26202361
C4Y2N3_CLAL4/221-305     1.37115701    1.35354433    1.37623049    1.37519526    1.40207825    1.43493711    1.50979777    1.25636810    1.47873657    1.56006458    1.47515955    1.33800258    1.42938751    1.36696099    1.48169629    1.35947642    1.09820534    1.24055313    1.32704571    1.55778268    1.13195749    0.63652546    0.60908957    0.63249672    0.43817908    0.00000000    0.50842176    0.56586969    0.43691934    0.93035937    0.96952173    0.94136354    1.04990533    1.02329055    1.16637036    1.13221863    1.03983255    1.12079274    0.97824682    0.90624212    1.05526173    1.07195992    0.98379653    0.93693112    0.89512377    0.57345187    1.45225216    1.54350300    2.00232049    1.95229067    1.91346682    1.60328510    1.30483765    1.67449657    1.32024543    1.31226815    1.24832204    1.31949830    1.24791871    1.40538648    1.46468152    1.44172032    1.72222437    1.54397467    1.34236306    1.72720008    1.87049340    1.73669908    1.77573901    1.50079755    1.36151024    1.21572941    1.48472066    1.55303696    1.14357494    1.31067938    1.39894557    1.24645686    1.28258676    1.20822788    1.22484219    1.39013996    1.15816091    1.27726520    1.31231358    1.43308879    1.31154547    1.39659758    1.54602960    1.28440251    1.36891429    1.36957916    1.35384423    1.54711662    1.33305311
G3B6Y3_CANTC/223-305     1.29753197    1.28225531    1.29379106    1.28668227    1.28689495    1.38282850    1.28475868    1.36129369    1.59638833    1.62481605    1.53924172    1.43656494    1.43680621    1.53426138    1.69537000    1.49919127    1.34482845    1.33301758    1.45297898    1.48266186    1.12264186    0.65980946    0.75285737    0.65653767    0.53796159    0.50842176    0.00000000    0.61635103    0.47446670    1.11256733    0.93334799    0.87659974    0.89220165    1.15826401    1.33201763    1.23354849    0.96899154    1.25078993    1.16648843    1.01297516    1.12462146    1.12658286    0.96910642    0.89322008    1.13368026    0.77805569    1.52735141    1.53771696    2.16621940    1.95036187    2.07770655    1.86839771    1.56177152    1.93997932    1.52045650    1.48965748    1.52042235    1.41742931    1.62445257    1.53135838    1.71949749    1.60166277    1.82912558    1.53505133    1.58760410    1.86808629    1.96454407    1.91371258    1.59275604    1.31219967    1.39725147    1.39533977    1.65073310    1.49993314    1.30977398    1.31188901    1.27106593    1.24596109    1.35719769    1.21776485    1.42646795    1.41089884    1.40090111    1.46384601    1.35389526    1.54657530    1.26485005    1.29527805    1.51122968    1.30253120    1.27533545    1.30957070    1.26115905    1.50422231    1.37985249
G8YKS4_PICSO/226-313     1.24620713    1.19614886    1.40424168    1.45142210    1.25657105    1.54187872    1.47276562    1.36098035    1.50155560    1.57229211    1.61682603    1.49975981    1.56335588    1.44246617    1.58991346    1.28242204    1.28318622    1.44901591    1.34585351    1.57515135    1.03343072    0.45189614    0.58032719    0.55167428    0.50967231    0.56586969    0.61635103    0.00000000    0.35347706    0.97869924    1.05107433    1.13790472    1.10521327    1.18684871    1.35520787    1.15223757    1.07790687    1.12940612    1.16747623    1.04321186    1.22895004    1.11925034    1.13791576    1.02545779    0.96443260    0.70627599    1.44022037    1.64872529    1.77689410    1.60800051    1.61664246    1.74524587    1.42840247    1.80045664    1.65905956    1.57798014    1.61267164    1.47666960    1.70232714    1.73611606    1.78408170    1.54776410    1.91451255    1.61714697    1.66089806    1.77492240    2.06440525    1.93505524    1.74964688    1.54067290    1.23764430    1.39395588    1.78256175    1.73167853    1.27817777    1.28452773    1.26263474    1.15963822    1.20811678    1.05351692    1.27238584    1.24223006    1.14227919    1.29418826    1.26911231    1.50733839    1.33468457    1.31401640    1.36736298    1.34142351    1.40882760    1.39196529    1.31306696    1.65940927    1.37794809
B5RST7_DEBHA/226-314     1.22707077    1.19199898    1.27047390    1.34282421    1.14072074    1.47406853    1.36425167    1.25298497    1.39530073    1.35634539    1.45826248    1.36133363    1.32956686    1.37445709    1.47983476    1.37482903    1.21778951    1.27062837    1.29888955    1.75077567    1.08645303    0.47122515    0.57148646    0.60000998    0.42313383    0.43691934    0.47446670    0.35347706    0.00000000    0.83800027    0.88013487    0.96284346    1.01962596    1.07046372    1.15500569    1.14474802    0.87690180    1.13351665    0.99989563    0.88720181    1.13464160    1.04389765    0.99107358    0.82387003    0.98882312    0.64713295    1.34933916    1.37063409    1.94853284    1.84827332    1.80102810    1.79446034    1.34454591    1.82946042    1.70026926    1.53371365    1.53378022    1.34722284    1.58768389    1.55613276    1.69420373    1.45419168    1.83335336    1.42648230    1.45749907    1.84127567    1.94261766    1.64400565    1.68296702    1.39907819    1.28578166    1.13332651    1.94819667    1.89967202    1.22167187    1.29829292    1.21557865    1.21120260    1.21956114    1.04107735    1.17505783    1.17263279    1.16199884    1.22103555    1.27030110    1.59955524    1.20609914    1.21468866    1.28443554    1.18690156    1.24084426    1.25779769    1.18157135    1.47997994    1.21582498
