18
MEND_PECAS/184-390     0.00000000    0.72755137    1.42956372    1.48988843    1.61192383    1.44995631    1.45273162    1.67259875    1.62837949    2.06797696    1.86981369    1.97512292    0.67693480    0.69125490    0.67224862    0.62189273    0.84795655    0.81184680
H2IPR3_RAHAC/183-389     0.72755137    0.00000000    1.47156604    1.66005495    1.63719957    1.53064863    1.56115782    1.39017220    1.66876735    2.00017422    1.89563678    1.89139012    0.67930509    0.72692484    0.75068886    0.64672499    0.76895762    0.73122052
MEND_PASMU/190-396     1.42956372    1.47156604    0.00000000    0.46000547    0.46453525    0.33912268    0.41072924    1.74881722    1.79672053    1.78929227    2.40101270    2.28210640    1.51306098    1.51509980    1.44237264    1.35960909    1.43788178    1.52498073
B8F691_HAEPS/191-398     1.48988843    1.66005495    0.46000547    0.00000000    0.46270743    0.52629855    0.64081433    1.86763302    1.90409390    2.16510564    2.35244179    2.43978071    1.50132271    1.54738468    1.47841523    1.40605991    1.57134374    1.69212483
MEND_ACTSZ/190-396     1.61192383    1.63719957    0.46453525    0.46270743    0.00000000    0.44817236    0.53344751    1.85448589    1.74988228    1.97502575    2.52365552    2.23635723    1.66883370    1.58462120    1.53407864    1.57772486    1.59148184    1.76457195
MEND_HAEIN/190-396     1.44995631    1.53064863    0.33912268    0.52629855    0.44817236    0.00000000    0.43154452    1.80731693    1.93910457    1.90660921    2.37193603    2.40054267    1.56472557    1.63888415    1.55817412    1.48886323    1.50031133    1.57132473
MEND_HISS2/189-396     1.45273162    1.56115782    0.41072924    0.64081433    0.53344751    0.43154452    0.00000000    1.86534428    1.83855182    1.89642963    2.43881289    2.27584129    1.45579172    1.51392582    1.43471412    1.57203212    1.41485593    1.54678438
MEND_PHOPR/194-406     1.67259875    1.39017220    1.74881722    1.86763302    1.85448589    1.80731693    1.86534428    0.00000000    1.89693469    1.73311106    1.93749264    1.93044317    1.70110643    1.88857210    1.68917117    1.57175804    1.85361171    1.78406894
C4L9G3_TOLAT/191-399     1.62837949    1.66876735    1.79672053    1.90409390    1.74988228    1.93910457    1.83855182    1.89693469    0.00000000    1.70434849    1.94394661    1.57779439    1.65474842    1.62471890    1.70312358    1.59186613    1.71992614    1.77319705
MEND_SHEFN/195-409     2.06797696    2.00017422    1.78929227    2.16510564    1.97502575    1.90660921    1.89642963    1.73311106    1.70434849    0.00000000    0.67942018    0.70839351    1.79123987    2.11538105    1.99745915    1.99971759    1.88215135    2.44040060
MEND_SHEAM/188-402     1.86981369    1.89563678    2.40101270    2.35244179    2.52365552    2.37193603    2.43881289    1.93749264    1.94394661    0.67942018    0.00000000    0.57306981    1.85963144    2.17576561    1.94904114    1.95953071    2.08206650    2.27860526
MEND_SHEON/190-403     1.97512292    1.89139012    2.28210640    2.43978071    2.23635723    2.40054267    2.27584129    1.93044317    1.57779439    0.70839351    0.57306981    0.00000000    1.87003697    2.09486617    2.05403065    1.97597093    2.07296806    2.15471679
I2B784_SHIBC/184-388     0.67693480    0.67930509    1.51306098    1.50132271    1.66883370    1.56472557    1.45579172    1.70110643    1.65474842    1.79123987    1.85963144    1.87003697    0.00000000    0.55228646    0.54121799    0.64815517    0.69591736    0.89986393
MEND_KLEP7/184-388     0.69125490    0.72692484    1.51509980    1.54738468    1.58462120    1.63888415    1.51392582    1.88857210    1.62471890    2.11538105    2.17576561    2.09486617    0.55228646    0.00000000    0.25286894    0.65947072    0.72380756    0.81679470
MEND_ECOLI/184-388     0.67224862    0.75068886    1.44237264    1.47841523    1.53407864    1.55817412    1.43471412    1.68917117    1.70312358    1.99745915    1.94904114    2.05403065    0.54121799    0.25286894    0.00000000    0.61640466    0.76433929    0.74913299
MEND_YERPE/184-394     0.62189273    0.64672499    1.35960909    1.40605991    1.57772486    1.48886323    1.57203212    1.57175804    1.59186613    1.99971759    1.95953071    1.97597093    0.64815517    0.65947072    0.61640466    0.00000000    0.59588588    0.63714436
M1SX49_MORMO/184-388     0.84795655    0.76895762    1.43788178    1.57134374    1.59148184    1.50031133    1.41485593    1.85361171    1.71992614    1.88215135    2.08206650    2.07296806    0.69591736    0.72380756    0.76433929    0.59588588    0.00000000    0.76230649
D3VJ42_XENNA/183-397     0.81184680    0.73122052    1.52498073    1.69212483    1.76457195    1.57132473    1.54678438    1.78406894    1.77319705    2.44040060    2.27860526    2.15471679    0.89986393    0.81679470    0.74913299    0.63714436    0.76230649    0.00000000

