44
F0XHP6_GROCL/936-1013     0.00000000    0.57525094    0.54407571    0.82406032    0.77435601    0.92055477    0.82836091    0.68649102    0.80808634    0.88958778    0.77575008    0.81364196    0.70730580    0.89736852    0.86172455    0.89507530    0.98855343    1.08897875    0.88268744    0.87536157    1.01122523    0.81371962    0.98474387    1.35910300    1.80951684    1.99831723    2.03817974    1.26122676    1.34903404    1.07764958    1.52012584    2.03330946    1.89148546    2.32860817    2.01047746    2.20248266    2.14210450    2.04016622    2.12279274    2.48792294    1.72104712    1.87289133    2.24713442    2.23973882
A0A0C4DSA7_MAGP6/944-1021     0.57525094    0.00000000    0.40535252    0.79813571    0.82091296    0.95695250    0.94321204    0.81599489    0.88279077    0.91260605    0.82762722    0.80597583    0.78131006    0.90403384    0.81603203    0.72361780    0.87552001    1.00183058    0.76447358    0.72294216    0.85236373    0.61099998    0.79433413    1.03965637    1.58503004    1.61591481    1.62404845    0.90911838    1.28911480    0.96131777    1.49754450    1.91015911    1.70415344    2.03852500    2.00079280    1.88475198    1.75699493    1.85630443    1.84219578    2.06644334    1.62341864    1.88867334    1.74170923    1.72078589
G4MQW9_MAGO7/926-1005     0.54407571    0.40535252    0.00000000    0.63889210    0.61767398    0.65270630    0.74586495    0.62704839    0.77162033    0.75446891    0.66125737    0.69794267    0.65352540    0.75413752    0.62417666    0.67609520    0.79488064    0.74028772    0.58763846    0.58979338    0.67843792    0.52769280    0.57094014    0.91756091    1.64354536    1.71967261    1.67770666    0.87969484    1.03203884    0.88584561    1.22141850    1.80797436    1.42618940    1.91367109    1.73434509    1.68519556    1.81120888    1.78339287    1.85648532    2.19244686    1.59251820    1.76723625    1.88517901    1.94376681
G0S9S9_CHATD/876-956     0.82406032    0.79813571    0.63889210    0.00000000    0.51135211    0.83253294    0.64827641    0.54543867    0.72798484    0.74802991    0.79868441    0.76164321    0.85245452    0.83123873    0.82428602    1.02250349    1.05623320    0.96567051    0.78101838    0.82276305    0.91274063    0.71146989    0.83254427    1.14980662    1.46560014    1.59378099    1.45941519    1.14418390    1.30747709    1.07301903    1.37422224    1.91928220    2.17546168    2.12057411    2.06098077    1.84193068    2.16871257    2.07824251    2.05501864    2.25528806    2.02436880    2.37093807    2.03370459    1.91606411
G4UXN4_NEUT9/909-987     0.77435601    0.82091296    0.61767398    0.51135211    0.00000000    0.70456636    0.56782254    0.59478508    0.60756967    0.61024148    0.76377433    0.73748749    0.83799969    0.82244156    0.98877097    0.97965564    0.99224348    0.95826553    0.71905182    0.82937664    0.75099829    0.65881935    0.66792369    1.18487619    1.66295848    1.36630006    1.44951581    1.13735475    1.28080047    0.92759208    1.11855434    1.86180718    2.07882465    2.49001756    1.99590757    2.04661717    2.19520418    1.97696604    2.03661255    2.39067877    1.97110235    1.93168330    2.04326182    2.02383757
G2X961_VERDV/889-966     0.92055477    0.95695250    0.65270630    0.83253294    0.70456636    0.00000000    0.54611217    0.56982575    0.65303781    0.69299185    0.93599522    0.80060317    0.99892017    1.03398737    0.78045614    1.15075061    1.13099809    1.09108818    0.96965643    1.01808496    0.87120673    0.82151138    0.90476905    1.31150307    1.90840821    1.84722363    1.54093743    1.28442885    1.20065235    0.92596791    1.26278714    1.86050663    2.09142707    2.42612570    2.09612758    2.06552457    2.16481387    2.15182112    1.96502026    2.16181118    2.00507137    2.30142862    2.36272455    2.15097879
J4UEZ8_BEAB2/876-953     0.82836091    0.94321204    0.74586495    0.64827641    0.56782254    0.54611217    0.00000000    0.26508599    0.34565916    0.43873061    0.84272452    0.83790139    0.89247960    0.89998380    0.96106871    1.04576586    0.97759025    0.95244001    0.80675812    0.85019592    0.96899133    0.81775321    0.88777368    1.33623196    1.69513085    1.64245114    1.68416074    1.20769573    1.46930689    0.92683696    1.30667881    1.97696858    1.92530062    2.54987038    2.03063429    2.21302576    2.27043697    2.25132685    2.13219473    2.56049247    2.01903074    1.99418096    2.39018251    2.41927606
E9DTF0_METAQ/899-976     0.68649102    0.81599489    0.62704839    0.54543867    0.59478508    0.56982575    0.26508599    0.00000000    0.33501705    0.30096246    0.75849090    0.75850207    0.76873651    0.86704934    0.70866603    0.84261207    0.92148317    0.88431966    0.70659551    0.75527702    0.82076718    0.71682670    0.73281372    1.21698460    1.49078171    1.57621815    1.61007336    1.15625930    1.31056323    0.94707514    1.43783314    1.86603397    1.76529125    2.07320793    1.86715738    2.06086148    1.84057566    1.91284225    1.90054917    2.11689145    1.83009117    1.94383268    2.08880604    1.98543517
G9MLJ2_HYPVG/849-926     0.80808634    0.88279077    0.77162033    0.72798484    0.60756967    0.65303781    0.34565916    0.33501705    0.00000000    0.39710742    0.73023862    0.83442615    0.79328753    0.84035797    0.77374127    0.84373575    0.96857331    0.78867105    0.67117609    0.84510571    0.86121164    0.75576351    0.75257609    1.39119471    1.56901537    1.36466388    1.66592549    1.07708188    1.49130708    0.94844982    1.44154133    1.90005883    1.69496084    2.15050562    1.99455034    2.01594157    1.83611372    1.81553476    1.95669933    2.29238408    2.09048977    2.20649729    2.10010200    1.98659932
A0A0D2XNL9_FUSO4/895-972     0.88958778    0.91260605    0.75446891    0.74802991    0.61024148    0.69299185    0.43873061    0.30096246    0.39710742    0.00000000    0.78748501    0.86837221    0.84636608    0.92754610    0.83192723    0.92449994    0.96704709    0.90347875    0.77066035    0.88621710    0.89332485    0.79997919    0.75755495    1.43288899    1.39326324    1.47817005    1.75909563    1.17801724    1.41994613    0.95020388    1.39119709    1.84540627    1.60484894    2.07184780    2.03485668    2.08073514    1.97593495    1.86927855    1.84351838    2.16321609    1.94977608    2.02311011    2.28048814    2.08178253
G2YTZ3_BOTF4/875-953     0.77575008    0.82762722    0.66125737    0.79868441    0.76377433    0.93599522    0.84272452    0.75849090    0.73023862    0.78748501    0.00000000    0.26972466    0.39120893    0.45149613    0.65497750    0.57294441    0.70233242    0.55685781    0.42523640    0.52261433    0.53137623    0.70569698    0.61915354    0.87036330    1.40973479    1.43641661    1.51623986    0.68235532    1.09515332    0.98536254    1.23415841    1.79509079    1.95514229    2.41169878    1.96880053    2.14692476    2.07404977    2.02099912    2.01339514    2.34244436    1.67148096    2.01340461    2.29208338    2.14351446
L8FPJ6_PSED2/861-939     0.81364196    0.80597583    0.69794267    0.76164321    0.73748749    0.80060317    0.83790139    0.75850207    0.83442615    0.86837221    0.26972466    0.00000000    0.51606830    0.55398681    0.70299197    0.70138092    0.72585376    0.65298830    0.50077638    0.62910941    0.49905049    0.67050531    0.73101901    1.00413624    1.41021372    1.40634239    1.53473553    0.86832709    1.16503981    1.13159876    1.16276520    1.98991580    2.05036398    2.44696435    2.12108422    2.05241567    2.44508698    2.25027561    2.04104488    2.47295318    1.88557028    2.34126209    2.45284593    2.11150037
K1WJB2_MARBU/870-948     0.70730580    0.78131006    0.65352540    0.85245452    0.83799969    0.99892017    0.89247960    0.76873651    0.79328753    0.84636608    0.39120893    0.51606830    0.00000000    0.38387052    0.62974940    0.58186553    0.69512005    0.79845328    0.65551196    0.65129559    0.77370872    0.67415652    0.78559302    0.93260288    1.55968199    1.80959737    1.81477856    0.75936391    1.10353758    1.04388907    1.57969499    2.11442021    1.99946896    2.42815232    2.03300311    2.16210823    2.14926732    2.25952393    2.17136535    2.51704401    1.89282066    2.09827280    2.32609056    2.23260104
N1JIB2_BLUG1/867-945     0.89736852    0.90403384    0.75413752    0.83123873    0.82244156    1.03398737    0.89998380    0.86704934    0.84035797    0.92754610    0.45149613    0.55398681    0.38387052    0.00000000    0.73943404    0.55388241    0.73993715    0.74611321    0.67482124    0.68538006    0.67000855    0.71584806    0.85690683    1.05283285    1.47890790    1.66059235    1.58376624    0.85609382    1.06949981    1.06366774    1.14009125    1.90793639    1.75962193    2.47421716    1.92498421    1.86301187    1.93161517    2.13687516    1.81802894    2.14754644    1.82993298    2.11332430    2.15953901    2.11766457
M7TEW2_EUTLA/894-972     0.86172455    0.81603203    0.62417666    0.82428602    0.98877097    0.78045614    0.96106871    0.70866603    0.77374127    0.83192723    0.65497750    0.70299197    0.62974940    0.73943404    0.00000000    0.67599503    0.79951822    0.54344683    0.65405007    0.64389553    0.61189471    0.71525246    0.57321696    1.00058472    1.50022938    1.54298090    1.59422470    0.88973909    1.06578010    1.07344098    1.37406697    1.63523418    1.64439690    2.09976718    1.85639173    1.95939158    1.84605941    1.79122960    1.71405777    2.06841306    1.80545650    2.04703499    2.09212454    1.96584885
D4B4V5_ARTBC/1406-1484     0.89507530    0.72361780    0.67609520    1.02250349    0.97965564    1.15075061    1.04576586    0.84261207    0.84373575    0.92449994    0.57294441    0.70138092    0.58186553    0.55388241    0.67599503    0.00000000    0.40340779    0.47600372    0.37537750    0.34548074    0.38192881    0.58984743    0.47635594    0.78188768    1.48516281    1.45304497    1.62789159    0.66784386    0.91836031    1.09065031    1.40727145    1.77073246    1.84809906    2.40595893    2.09957082    2.05408139    1.99774709    1.78621532    2.01305788    2.28057564    1.77019713    1.63343930    1.84869861    1.96143302
K9F806_PEND2/155-232     0.98855343    0.87552001    0.79488064    1.05623320    0.99224348    1.13099809    0.97759025    0.92148317    0.96857331    0.96704709    0.70233242    0.72585376    0.69512005    0.73993715    0.79951822    0.40340779    0.00000000    0.61003946    0.43458994    0.41680842    0.56602544    0.63797975    0.48878619    0.86987588    1.53420953    1.54793325    1.54531316    0.74315904    0.99860747    0.84390348    1.24568056    2.03668443    1.86569521    2.21798926    2.18399858    1.94125400    1.95062345    1.79588308    1.92258570    2.10343377    1.78412172    1.72159398    2.31083664    2.52929997
B8M7G3_TALSN/1107-1185     1.08897875    1.00183058    0.74028772    0.96567051    0.95826553    1.09108818    0.95244001    0.88431966    0.78867105    0.90347875    0.55685781    0.65298830    0.79845328    0.74611321    0.54344683    0.47600372    0.61003946    0.00000000    0.36079407    0.46247880    0.50204435    0.70044202    0.57301486    0.87259306    1.56443938    1.63015108    1.62226469    0.82398366    1.16817614    1.16124330    1.29096218    1.74741898    1.94888064    2.64010271    2.26271198    2.43260623    2.13651685    2.26953916    2.15666448    2.21352400    2.03832631    2.02809115    2.24589467    2.31255945
Q4WIH6_ASPFU/1117-1195     0.88268744    0.76447358    0.58763846    0.78101838    0.71905182    0.96965643    0.80675812    0.70659551    0.67117609    0.77066035    0.42523640    0.50077638    0.65551196    0.67482124    0.65405007    0.37537750    0.43458994    0.36079407    0.00000000    0.25233324    0.36358225    0.53248301    0.41781135    0.82022317    1.38538028    1.32129841    1.43527883    0.59138429    0.99071141    0.85955851    1.27505983    1.75000222    1.78474823    2.23135639    2.04123646    1.90631218    2.00515498    1.81228462    1.80370416    2.12066144    1.72294242    1.73191107    1.92805218    2.07784021
E9D7F1_COCPS/1110-1188     0.87536157    0.72294216    0.58979338    0.82276305    0.82937664    1.01808496    0.85019592    0.75527702    0.84510571    0.88621710    0.52261433    0.62910941    0.65129559    0.68538006    0.64389553    0.34548074    0.41680842    0.46247880    0.25233324    0.00000000    0.27542136    0.57755079    0.40927346    0.73892662    1.42669629    1.47872315    1.43771420    0.58691847    0.94653692    0.90341788    1.36453368    1.83881130    1.92858350    2.46022437    2.02253941    2.07742510    1.93880873    2.02914978    1.98144381    2.30350370    1.84395306    1.74962124    2.04217980    2.20442819
F0UGT8_AJEC8/1089-1167     1.01122523    0.85236373    0.67843792    0.91274063    0.75099829    0.87120673    0.96899133    0.82076718    0.86121164    0.89332485    0.53137623    0.49905049    0.77370872    0.67000855    0.61189471    0.38192881    0.56602544    0.50204435    0.36358225    0.27542136    0.00000000    0.56975848    0.43562603    0.78288695    1.64344308    1.43875093    1.47466266    0.72459575    0.93258916    1.07755216    1.16162769    1.63437628    2.08701318    2.54385672    2.04625722    1.93383935    2.20153606    2.27095155    2.07755237    2.51567502    1.83898981    2.10758489    2.39099112    2.13828173
R7Z3Q9_CONA1/1143-1221     0.81371962    0.61099998    0.52769280    0.71146989    0.65881935    0.82151138    0.81775321    0.71682670    0.75576351    0.79997919    0.70569698    0.67050531    0.67415652    0.71584806    0.71525246    0.58984743    0.63797975    0.70044202    0.53248301    0.57755079    0.56975848    0.00000000    0.36673765    0.92697837    1.50201757    1.42277438    1.65046517    0.84885593    1.16467278    0.78595962    1.16275656    1.72210292    1.69178697    1.94579006    1.82551380    1.73454878    2.02724162    1.72875201    1.80318140    2.00009193    1.65201470    1.90188496    1.86940995    1.97908659
R1EZB0_BOTPV/1185-1263     0.98474387    0.79433413    0.57094014    0.83254427    0.66792369    0.90476905    0.88777368    0.73281372    0.75257609    0.75755495    0.61915354    0.73101901    0.78559302    0.85690683    0.57321696    0.47635594    0.48878619    0.57301486    0.41781135    0.40927346    0.43562603    0.36673765    0.00000000    0.74958590    1.31885831    1.35973291    1.48403071    0.68827414    0.90995665    0.77316882    1.13076460    1.72350223    1.65534913    2.11079283    1.71028234    1.70274061    2.01912561    1.59646192    1.77743871    2.25404815    1.59106230    1.93710345    1.91231921    2.01159669
G1X8F1_ARTOA/1302-1379     1.35910300    1.03965637    0.91756091    1.14980662    1.18487619    1.31150307    1.33623196    1.21698460    1.39119471    1.43288899    0.87036330    1.00413624    0.93260288    1.05283285    1.00058472    0.78188768    0.86987588    0.87259306    0.82022317    0.73892662    0.78288695    0.92697837    0.74958590    0.00000000    1.53944193    1.24110532    1.22463484    0.64214216    1.03968282    1.17991976    1.68206135    2.24551405    2.12882429    2.42633768    1.86880192    1.98077231    2.04787912    2.02394210    1.95544599    2.53016008    1.92601168    2.25067947    2.36895229    2.25158026
C4XXJ2_CLAL4/168-246     1.80951684    1.58503004    1.64354536    1.46560014    1.66295848    1.90840821    1.69513085    1.49078171    1.56901537    1.39326324    1.40973479    1.41021372    1.55968199    1.47890790    1.50022938    1.48516281    1.53420953    1.56443938    1.38538028    1.42669629    1.64344308    1.50201757    1.31885831    1.53944193    0.00000000    1.05054895    1.61216949    1.32051123    1.79746643    1.50072934    2.27047108    2.10326568    2.00864188    2.48730753    2.15571501    2.30679234    2.20179631    2.00467231    1.84211663    2.33852950    2.36966434    2.27215134    2.46389581    2.05476863
Q6BM90_DEBHA/835-913     1.99831723    1.61591481    1.71967261    1.59378099    1.36630006    1.84722363    1.64245114    1.57621815    1.36466388    1.47817005    1.43641661    1.40634239    1.80959737    1.66059235    1.54298090    1.45304497    1.54793325    1.63015108    1.32129841    1.47872315    1.43875093    1.42277438    1.35973291    1.24110532    1.05054895    0.00000000    0.97651892    1.18629339    1.84527976    1.58964417    1.83449446    2.02320652    1.91323981    1.90202031    2.20311270    2.10640632    1.76443353    1.88719928    1.90587364    2.33966350    2.09762075    2.18110307    2.08051407    1.75806932
G8YA00_PICSO/824-902     2.03817974    1.62404845    1.67770666    1.45941519    1.44951581    1.54093743    1.68416074    1.61007336    1.66592549    1.75909563    1.51623986    1.53473553    1.81477856    1.58376624    1.59422470    1.62789159    1.54531316    1.62226469    1.43527883    1.43771420    1.47466266    1.65046517    1.48403071    1.22463484    1.61216949    0.97651892    0.00000000    1.23644664    1.58261649    1.65382124    1.63386398    2.40143852    2.36285055    2.41786588    1.63510211    2.10614076    2.01941973    2.34069424    2.11649895    2.32036803    2.17565734    2.71503154    2.12581987    2.14579729
D5GPH1_TUBMM/967-1044     1.26122676    0.90911838    0.87969484    1.14418390    1.13735475    1.28442885    1.20769573    1.15625930    1.07708188    1.17801724    0.68235532    0.86832709    0.75936391    0.85609382    0.88973909    0.66784386    0.74315904    0.82398366    0.59138429    0.58691847    0.72459575    0.84885593    0.68827414    0.64214216    1.32051123    1.18629339    1.23644664    0.00000000    0.78486591    0.97366345    1.48937064    1.85443516    1.67403015    2.30606795    1.95231074    1.86884799    1.99138167    1.76905970    1.90476784    2.51711726    1.67411561    2.14459510    1.70352561    1.93135825
M7NUC0_PNEMU/862-939     1.34903404    1.28911480    1.03203884    1.30747709    1.28080047    1.20065235    1.46930689    1.31056323    1.49130708    1.41994613    1.09515332    1.16503981    1.10353758    1.06949981    1.06578010    0.91836031    0.99860747    1.16817614    0.99071141    0.94653692    0.93258916    1.16467278    0.90995665    1.03968282    1.79746643    1.84527976    1.58261649    0.78486591    0.00000000    1.11979141    1.24228814    1.67300526    1.76486292    2.34849166    1.54083548    1.42434473    2.13541415    1.89414743    2.08161373    2.31357408    1.64975558    1.94954553    1.87879747    1.79981818
E3S657_PYRTT/1115-1191     1.07764958    0.96131777    0.88584561    1.07301903    0.92759208    0.92596791    0.92683696    0.94707514    0.94844982    0.95020388    0.98536254    1.13159876    1.04388907    1.06366774    1.07344098    1.09065031    0.84390348    1.16124330    0.85955851    0.90341788    1.07755216    0.78595962    0.77316882    1.17991976    1.50072934    1.58964417    1.65382124    0.97366345    1.11979141    0.00000000    1.34664110    1.69531564    1.84091163    2.06936573    1.77051297    1.92144706    2.21523267    1.75926977    1.80827162    2.13229564    1.68847895    2.21707467    1.98024620    2.04108217
K0KJB7_WICCF/857-936     1.52012584    1.49754450    1.22141850    1.37422224    1.11855434    1.26278714    1.30667881    1.43783314    1.44154133    1.39119709    1.23415841    1.16276520    1.57969499    1.14009125    1.37406697    1.40727145    1.24568056    1.29096218    1.27505983    1.36453368    1.16162769    1.16275656    1.13076460    1.68206135    2.27047108    1.83449446    1.63386398    1.48937064    1.24228814    1.34664110    0.00000000    1.52993163    1.51901525    2.13731272    1.51785719    1.86499025    1.80365352    1.70432962    2.01647738    1.65940247    1.37665573    1.60082594    1.93822311    1.84923123
G8ZNL0_TORDC/292-374     2.03330946    1.91015911    1.80797436    1.91928220    1.86180718    1.86050663    1.97696858    1.86603397    1.90005883    1.84540627    1.79509079    1.98991580    2.11442021    1.90793639    1.63523418    1.77073246    2.03668443    1.74741898    1.75000222    1.83881130    1.63437628    1.72210292    1.72350223    2.24551405    2.10326568    2.02320652    2.40143852    1.85443516    1.67300526    1.69531564    1.52993163    0.00000000    0.86519213    0.96071449    1.23104060    1.02694256    1.22439951    1.08967278    1.21872514    1.01425698    0.99225894    1.12904082    1.34258041    1.37249905
C5E0L4_ZYGRC/296-378     1.89148546    1.70415344    1.42618940    2.17546168    2.07882465    2.09142707    1.92530062    1.76529125    1.69496084    1.60484894    1.95514229    2.05036398    1.99946896    1.75962193    1.64439690    1.84809906    1.86569521    1.94888064    1.78474823    1.92858350    2.08701318    1.69178697    1.65534913    2.12882429    2.00864188    1.91323981    2.36285055    1.67403015    1.76486292    1.84091163    1.51901525    0.86519213    0.00000000    0.71042238    1.00231573    0.85711984    0.83372638    0.88689820    0.89565643    0.97203040    0.80983923    1.27934963    1.22900762    1.24695357
H2AQL5_KAZAF/297-379     2.32860817    2.03852500    1.91367109    2.12057411    2.49001756    2.42612570    2.54987038    2.07320793    2.15050562    2.07184780    2.41169878    2.44696435    2.42815232    2.47421716    2.09976718    2.40595893    2.21798926    2.64010271    2.23135639    2.46022437    2.54385672    1.94579006    2.11079283    2.42633768    2.48730753    1.90202031    2.41786588    2.30606795    2.34849166    2.06936573    2.13731272    0.96071449    0.71042238    0.00000000    0.87874644    0.82022310    0.86677916    0.99069563    1.00824456    1.09729229    1.10126092    1.50058001    1.36892574    1.25008610
G8BXC1_TETPH/322-404     2.01047746    2.00079280    1.73434509    2.06098077    1.99590757    2.09612758    2.03063429    1.86715738    1.99455034    2.03485668    1.96880053    2.12108422    2.03300311    1.92498421    1.85639173    2.09957082    2.18399858    2.26271198    2.04123646    2.02253941    2.04625722    1.82551380    1.71028234    1.86880192    2.15571501    2.20311270    1.63510211    1.95231074    1.54083548    1.77051297    1.51785719    1.23104060    1.00231573    0.87874644    0.00000000    0.78375821    0.93430459    1.17024025    1.30635437    1.32619095    1.10815223    1.39067033    1.41812267    1.45059579
A7TRB8_VANPO/302-384     2.20248266    1.88475198    1.68519556    1.84193068    2.04661717    2.06552457    2.21302576    2.06086148    2.01594157    2.08073514    2.14692476    2.05241567    2.16210823    1.86301187    1.95939158    2.05408139    1.94125400    2.43260623    1.90631218    2.07742510    1.93383935    1.73454878    1.70274061    1.98077231    2.30679234    2.10640632    2.10614076    1.86884799    1.42434473    1.92144706    1.86499025    1.02694256    0.85711984    0.82022310    0.78375821    0.00000000    1.06208348    1.21321862    1.08482660    1.20536291    1.10075076    1.60751786    1.37119138    1.28773148
J7S9H8_KAZNA/311-393     2.14210450    1.75699493    1.81120888    2.16871257    2.19520418    2.16481387    2.27043697    1.84057566    1.83611372    1.97593495    2.07404977    2.44508698    2.14926732    1.93161517    1.84605941    1.99774709    1.95062345    2.13651685    2.00515498    1.93880873    2.20153606    2.02724162    2.01912561    2.04787912    2.20179631    1.76443353    2.01941973    1.99138167    2.13541415    2.21523267    1.80365352    1.22439951    0.83372638    0.86677916    0.93430459    1.06208348    0.00000000    0.81963421    1.05487128    0.92736945    0.82163195    1.10349200    1.26656844    1.49223329
G0VC34_NAUCC/307-391     2.04016622    1.85630443    1.78339287    2.07824251    1.97696604    2.15182112    2.25132685    1.91284225    1.81553476    1.86927855    2.02099912    2.25027561    2.25952393    2.13687516    1.79122960    1.78621532    1.79588308    2.26953916    1.81228462    2.02914978    2.27095155    1.72875201    1.59646192    2.02394210    2.00467231    1.88719928    2.34069424    1.76905970    1.89414743    1.75926977    1.70432962    1.08967278    0.88689820    0.99069563    1.17024025    1.21321862    0.81963421    0.00000000    1.14538785    0.95789479    1.01716483    1.16018092    1.12822113    1.22758883
I2GYF1_TETBL/305-389     2.12279274    1.84219578    1.85648532    2.05501864    2.03661255    1.96502026    2.13219473    1.90054917    1.95669933    1.84351838    2.01339514    2.04104488    2.17136535    1.81802894    1.71405777    2.01305788    1.92258570    2.15666448    1.80370416    1.98144381    2.07755237    1.80318140    1.77743871    1.95544599    1.84211663    1.90587364    2.11649895    1.90476784    2.08161373    1.80827162    2.01647738    1.21872514    0.89565643    1.00824456    1.30635437    1.08482660    1.05487128    1.14538785    0.00000000    0.85867725    1.26987850    1.51737235    1.34846995    1.24740139
G0WHI1_NAUDC/311-395     2.48792294    2.06644334    2.19244686    2.25528806    2.39067877    2.16181118    2.56049247    2.11689145    2.29238408    2.16321609    2.34244436    2.47295318    2.51704401    2.14754644    2.06841306    2.28057564    2.10343377    2.21352400    2.12066144    2.30350370    2.51567502    2.00009193    2.25404815    2.53016008    2.33852950    2.33966350    2.32036803    2.51711726    2.31357408    2.13229564    1.65940247    1.01425698    0.97203040    1.09729229    1.32619095    1.20536291    0.92736945    0.95789479    0.85867725    0.00000000    1.20284751    1.27163808    1.59100506    1.52015062
G8JPE0_ERECY/303-386     1.72104712    1.62341864    1.59251820    2.02436880    1.97110235    2.00507137    2.01903074    1.83009117    2.09048977    1.94977608    1.67148096    1.88557028    1.89282066    1.82993298    1.80545650    1.77019713    1.78412172    2.03832631    1.72294242    1.84395306    1.83898981    1.65201470    1.59106230    1.92601168    2.36966434    2.09762075    2.17565734    1.67411561    1.64975558    1.68847895    1.37665573    0.99225894    0.80983923    1.10126092    1.10815223    1.10075076    0.82163195    1.01716483    1.26987850    1.20284751    0.00000000    0.94877227    1.06643558    1.02440604
Q756X0_ASHGO/303-385     1.87289133    1.88867334    1.76723625    2.37093807    1.93168330    2.30142862    1.99418096    1.94383268    2.20649729    2.02311011    2.01340461    2.34126209    2.09827280    2.11332430    2.04703499    1.63343930    1.72159398    2.02809115    1.73191107    1.74962124    2.10758489    1.90188496    1.93710345    2.25067947    2.27215134    2.18110307    2.71503154    2.14459510    1.94954553    2.21707467    1.60082594    1.12904082    1.27934963    1.50058001    1.39067033    1.60751786    1.10349200    1.16018092    1.51737235    1.27163808    0.94877227    0.00000000    1.33202369    1.26174255
C5DDW2_LACTC/320-402     2.24713442    1.74170923    1.88517901    2.03370459    2.04326182    2.36272455    2.39018251    2.08880604    2.10010200    2.28048814    2.29208338    2.45284593    2.32609056    2.15953901    2.09212454    1.84869861    2.31083664    2.24589467    1.92805218    2.04217980    2.39099112    1.86940995    1.91231921    2.36895229    2.46389581    2.08051407    2.12581987    1.70352561    1.87879747    1.98024620    1.93822311    1.34258041    1.22900762    1.36892574    1.41812267    1.37119138    1.26656844    1.12822113    1.34846995    1.59100506    1.06643558    1.33202369    0.00000000    0.82652012
Q6CNP2_KLULA/306-388     2.23973882    1.72078589    1.94376681    1.91606411    2.02383757    2.15097879    2.41927606    1.98543517    1.98659932    2.08178253    2.14351446    2.11150037    2.23260104    2.11766457    1.96584885    1.96143302    2.52929997    2.31255945    2.07784021    2.20442819    2.13828173    1.97908659    2.01159669    2.25158026    2.05476863    1.75806932    2.14579729    1.93135825    1.79981818    2.04108217    1.84923123    1.37249905    1.24695357    1.25008610    1.45059579    1.28773148    1.49223329    1.22758883    1.24740139    1.52015062    1.02440604    1.26174255    0.82652012    0.00000000

