9
Q5E7I0_ALIF1/5-182     0.00000000    0.43245227    0.70463895    0.69609301    2.30666159    1.35496699    1.92195224    2.10213230    1.81009804
B7VGK1_VIBA3/15-192     0.43245227    0.00000000    0.72706658    0.71692970    2.08745676    1.24886209    1.92680862    2.12363451    1.77868529
Q5E0Z8_ALIF1/6-179     0.70463895    0.72706658    0.00000000    0.53220052    2.19268853    1.61139921    1.84430743    1.80298693    1.49346506
U4KGL4_9VIBR/3-180     0.69609301    0.71692970    0.53220052    0.00000000    2.09871744    1.48494439    1.88134817    1.96106180    1.64505456
D4ZHC9_SHEVD/3-189     2.30666159    2.08745676    2.19268853    2.09871744    0.00000000    1.60419058    2.46238346    2.47510301    2.21845659
Q6LP91_PHOPR/2-185     1.35496699    1.24886209    1.61139921    1.48494439    1.60419058    0.00000000    1.88742963    1.94938898    1.89362328
C4K3C9_HAMD5/9-209     1.92195224    1.92680862    1.84430743    1.88134817    2.46238346    1.88742963    0.00000000    2.49325994    1.85435151
G1UBB8_HAEDU/6-203     2.10213230    2.12363451    1.80298693    1.96106180    2.47510301    1.94938898    2.49325994    0.00000000    1.45698928
Q9CMI2_PASMU/11-187     1.81009804    1.77868529    1.49346506    1.64505456    2.21845659    1.89362328    1.85435151    1.45698928    0.00000000

