43
F4P432_BATDJ/472-580     0.00000000    2.13383685    1.75055465    1.71428651    1.72089780    1.55956547    1.90587445    1.84862464    1.98454376    2.08453382    1.83305740    1.71413292    1.71695356    1.95719797    1.90645325    2.06132897    1.78837954    2.12282959    1.78854529    1.97138631    1.90504899    1.83895127    1.76620897    1.69539270    1.70286527    1.64729392    2.37038136    2.46362006    2.05538613    1.78395902    2.28942337    1.86487494    1.94343108    2.32428241    2.31310708    2.22151051    2.22666946    2.29800353    2.57706591    2.54979960    2.28242792    2.29448172    1.66880995
O77317_PLAF7/704-814     2.13383685    0.00000000    1.53281557    1.64305945    1.87405208    2.06938487    2.07954898    1.99146533    2.07143470    1.93565976    2.01211292    2.04122920    1.84275328    1.83870715    1.83805233    2.21670860    1.88223997    1.99663577    1.70347904    2.17542559    2.05176336    1.56519486    1.92176729    1.88491191    1.81267810    1.85549068    2.46009481    2.53205044    1.97266300    1.81721312    2.38970409    1.93533004    2.20478769    2.74602635    2.50154578    2.17378816    2.39569608    2.35338781    2.30426595    2.22644047    1.91466529    1.91090919    2.03533163
H2YZF3_CIOSA/117-214     1.75055465    1.53281557    0.00000000    1.21559111    1.37264402    1.29204279    1.44241512    1.37118219    1.41142581    1.29924613    1.35312727    1.23095898    1.25795934    1.35788150    1.09049530    1.35732654    1.26472847    1.27170197    1.19608763    1.43969125    1.59981845    1.38979853    1.45986930    1.42611266    1.24569155    1.44083895    1.66978284    2.11860610    1.55497046    1.42744499    1.78812817    1.51746970    1.47512461    2.36478856    1.89390137    1.81618600    1.78131747    2.36875626    2.61596173    1.71532847    1.85895623    1.90448442    1.61900629
F2UD02_SALR5/799-891     1.71428651    1.64305945    1.21559111    0.00000000    1.00087758    1.26084852    1.13676658    1.23560950    1.32730960    1.33559221    1.14980973    1.21474078    1.15875266    1.28077129    1.22527871    1.49878034    1.35270904    1.73351878    1.24091999    1.31910992    1.25804860    1.33514380    1.48429041    1.44472273    1.31649944    1.24317191    1.41895783    1.83809205    1.39626913    1.51961378    1.65375225    1.32748033    1.87988154    2.17247980    1.98065962    1.98689821    1.90766190    2.00547583    2.06398092    1.66857061    1.81546874    1.72542727    1.25773665
D6WRL3_TRICA/473-572     1.72089780    1.87405208    1.37264402    1.00087758    0.00000000    1.01486961    1.02457334    1.05034144    0.98405749    1.17632708    1.05380258    0.96947412    0.97970387    1.06705334    1.12448577    1.63078761    1.33763771    1.32918241    1.31223820    1.15274409    1.13021278    1.43666028    1.27109505    1.17434290    1.21030670    1.02423980    1.62204550    1.96942759    1.14926225    1.11075298    1.54628629    1.25645253    1.70317944    2.01660569    1.95934681    2.27915766    2.26995611    2.14585256    2.17364345    2.04591242    2.02328021    2.05172979    1.27058998
F7DXS7_XENTR/360-452     1.55956547    2.06938487    1.29204279    1.26084852    1.01486961    0.00000000    0.78669636    0.71101837    0.73828104    0.91991838    0.88086347    0.79390097    0.86234953    0.72406501    0.68682413    0.86212068    0.90453369    0.92239775    0.89551246    0.86691693    0.90658558    0.98075381    1.14014044    1.12118661    1.25410552    1.24050915    1.34308185    1.35615579    1.10942613    1.08081611    1.29954278    1.34080874    1.70995200    2.22364005    2.03275803    1.92878928    1.96560442    2.03884066    2.02273138    1.62809934    1.76719166    1.76852596    1.35427478
F6WEX2_ORNAN/543-636     1.90587445    2.07954898    1.44241512    1.13676658    1.02457334    0.78669636    0.00000000    0.35312355    0.40913146    0.42381526    0.35719962    0.40097553    0.48073814    0.40193851    0.49907743    0.59522369    0.47803889    0.62892699    0.46048971    0.47556647    0.83672872    0.86573834    1.13769583    1.17570095    1.29676261    1.32417706    1.07715254    1.20875491    1.11477327    1.03950283    1.13771472    1.32615059    1.78543015    2.39273507    2.14238078    2.08551878    2.10364071    2.40149529    2.33231016    1.80628371    2.10159522    2.01278336    1.42292023
H9GHT4_ANOCA/471-564     1.84862464    1.99146533    1.37118219    1.23560950    1.05034144    0.71101837    0.35312355    0.00000000    0.47285359    0.54426831    0.43698047    0.46964375    0.46614243    0.39316052    0.52430823    0.87703906    0.58103672    0.82508499    0.56001442    0.49116768    1.00342383    1.02792007    1.12551720    1.17211699    1.43979218    1.25244719    1.15916937    1.42174242    1.13307415    1.05677121    1.28862821    1.24424019    1.64496120    2.31982971    1.99487074    1.94792116    1.99576485    2.35448357    2.55417444    1.72975737    1.92925626    1.82516527    1.33274076
F7AZN5_MONDO/319-412     1.98454376    2.07143470    1.41142581    1.32730960    0.98405749    0.73828104    0.40913146    0.47285359    0.00000000    0.62395715    0.50984481    0.53331175    0.54517909    0.48237288    0.61921633    0.93619219    0.68573751    0.85915466    0.63675897    0.67516983    0.82852748    1.14199827    1.29079002    1.26658749    1.49399072    1.17142342    1.15478895    1.38721375    1.00666220    0.98804400    1.15739282    1.27000031    1.85454536    2.11909699    1.95863852    1.93714939    1.89584593    1.93153445    2.06080097    1.60973718    1.71072249    1.60537275    1.24391887
I3JFQ0_ORENI/499-591     2.08453382    1.93565976    1.29924613    1.33559221    1.17632708    0.91991838    0.42381526    0.54426831    0.62395715    0.00000000    0.37858760    0.50105799    0.49965955    0.41810718    0.51339166    0.65700615    0.46648372    0.62317510    0.50211259    0.63973696    0.94320738    0.93893025    1.24295741    1.24671493    1.37239847    1.35281401    1.09150155    1.46048528    1.22080988    0.99720344    1.23514545    1.38850059    1.57864597    2.15478337    1.92983499    1.91666552    1.80581293    1.93043262    2.04204634    1.71166783    2.12980375    1.93496103    1.36994997
W5L9K3_ASTMX/528-613     1.83305740    2.01211292    1.35312727    1.14980973    1.05380258    0.88086347    0.35719962    0.43698047    0.50984481    0.37858760    0.00000000    0.23671022    0.23247949    0.33523033    0.58573924    0.73668257    0.50366923    0.67218007    0.48023544    0.45947072    0.97187300    0.88551980    0.97885236    0.97442738    1.00735896    1.07726521    1.15015464    1.39907897    0.99949711    0.99641835    1.18527096    1.40142622    1.71960485    2.19838727    2.27598147    2.10864206    2.20777530    2.50413188    2.51626381    1.64382121    2.13120465    1.98154692    1.54324352
W5LZD9_LEPOC/520-613     1.71413292    2.04122920    1.23095898    1.21474078    0.96947412    0.79390097    0.40097553    0.46964375    0.53331175    0.50105799    0.23671022    0.00000000    0.25501866    0.32707860    0.65848755    0.89724899    0.61553457    0.82031809    0.58775544    0.56644548    0.97051364    1.08993358    1.07305655    1.11461977    1.22611017    1.10398494    1.19037763    1.53663217    1.07004551    1.08980343    1.19905038    1.31010514    1.73641831    2.41146069    2.15806524    2.05602469    2.05812800    2.44165080    2.71915999    1.84523632    1.85877064    1.75366680    1.47400036
H3DMZ6_TETNG/423-516     1.71695356    1.84275328    1.25795934    1.15875266    0.97970387    0.86234953    0.48073814    0.46614243    0.54517909    0.49965955    0.23247949    0.25501866    0.00000000    0.41117558    0.57278617    0.92463299    0.55914569    0.84371300    0.54730225    0.59982935    0.98961227    1.02636065    1.17082402    1.16031382    1.23069539    1.09260707    1.34254675    1.68127487    1.11970000    1.03995910    1.25139750    1.13980219    1.67654925    2.17517881    2.05047628    2.02141238    1.99342490    2.37323425    2.54307321    1.85624567    1.93904500    1.89405268    1.48540711
H3B8C3_LATCH/460-553     1.95719797    1.83870715    1.35788150    1.28077129    1.06705334    0.72406501    0.40193851    0.39316052    0.48237288    0.41810718    0.33523033    0.32707860    0.41117558    0.00000000    0.62536168    0.87873696    0.63193087    0.80473374    0.58118110    0.55435857    0.93661447    0.88416682    1.22288072    1.18918816    1.36282685    1.11573092    1.20230057    1.53409809    1.01979933    0.97035846    1.20094146    1.29706058    1.71271699    2.21124473    2.02488504    1.91177026    1.94057008    2.33511078    2.47401742    1.89595831    1.91847657    1.82923836    1.33692394
B3DIU0_DANRE/473-566     1.90645325    1.83805233    1.09049530    1.22527871    1.12448577    0.68682413    0.49907743    0.52430823    0.61921633    0.51339166    0.58573924    0.65848755    0.57278617    0.62536168    0.00000000    0.51358499    0.24446032    0.49155383    0.22193897    0.61548350    1.14936869    1.14245430    1.05815325    1.05794978    1.35317493    1.15647640    1.22618624    1.50860928    1.07861902    1.09678598    1.30177140    1.08985737    1.56684042    2.30524708    2.09757223    2.03111127    2.01119757    1.96018835    2.06551591    1.62659617    1.76591590    1.67651816    1.36401180
H2M838_ORYLA/433-555     2.06132897    2.21670860    1.35732654    1.49878034    1.63078761    0.86212068    0.59522369    0.87703906    0.93619219    0.65700615    0.73668257    0.89724899    0.92463299    0.87873696    0.51358499    0.00000000    0.39889578    0.61182217    0.39638833    0.74213902    1.20859281    1.54491332    1.76313649    1.70182005    1.80884714    2.04055820    1.98449737    1.93043314    1.55056845    1.40202232    1.22179549    1.37878426    1.45266705    2.23164771    2.20381686    2.14772757    2.07683570    2.42111566    2.49382040    1.80527969    2.10860917    2.19239146    1.62514794
U3J169_ANAPP/537-630     1.78837954    1.88223997    1.26472847    1.35270904    1.33763771    0.90453369    0.47803889    0.58103672    0.68573751    0.46648372    0.50366923    0.61553457    0.55914569    0.63193087    0.24446032    0.39889578    0.00000000    0.19824255    0.21369338    0.63201584    1.12212350    1.07942318    1.21935115    1.22095513    1.37589523    1.46936646    1.25144410    1.40207343    1.15544912    1.05199427    1.20099993    1.35832730    1.53066769    2.05717342    2.06906502    2.09566967    2.02888671    2.31438182    2.22440129    1.64435012    1.95411817    1.93380095    1.32527601
G3US60_MELGA/488-582     2.12282959    1.99663577    1.27170197    1.73351878    1.32918241    0.92239775    0.62892699    0.82508499    0.85915466    0.62317510    0.67218007    0.82031809    0.84371300    0.80473374    0.49155383    0.61182217    0.19824255    0.00000000    0.41766884    0.75339992    1.30795635    1.31065686    1.36195057    1.36510459    1.62152293    1.56511809    1.38516574    1.58713369    1.34193437    1.26683794    1.36574059    1.24540469    1.60573212    2.07443380    2.06123165    2.01602229    2.22791343    2.59377854    2.64792240    1.82492222    1.88041958    1.78325314    1.46039171
I3IVR4_ORENI/489-582     1.78854529    1.70347904    1.19608763    1.24091999    1.31223820    0.89551246    0.46048971    0.56001442    0.63675897    0.50211259    0.48023544    0.58775544    0.54730225    0.58118110    0.22193897    0.39638833    0.21369338    0.41766884    0.00000000    0.60663745    1.08632649    0.97054918    1.14511331    1.14849226    1.32408379    1.33790782    1.30452509    1.45068467    1.06508187    0.96247556    1.21677430    1.29819989    1.59954319    2.23667035    2.17803010    2.12381137    2.03252600    2.08417252    1.97939244    1.59157718    1.97351606    1.93664843    1.38540342
H0Z368_TAEGU/363-456     1.97138631    2.17542559    1.43969125    1.31910992    1.15274409    0.86691693    0.47556647    0.49116768    0.67516983    0.63973696    0.45947072    0.56644548    0.59982935    0.55435857    0.61548350    0.74213902    0.63201584    0.75339992    0.60663745    0.00000000    0.96030232    0.99464937    1.06700917    1.14214387    1.22564886    1.25119171    1.21121287    1.54003876    1.13943560    1.16111726    1.34005578    1.34451927    1.78493105    2.05031980    2.18663347    2.16902366    2.10895859    2.21940739    2.37598257    1.45758033    1.82091750    1.75009373    1.43709046
T1I2T0_RHOPR/604-702     1.90504899    2.05176336    1.59981845    1.25804860    1.13021278    0.90658558    0.83672872    1.00342383    0.82852748    0.94320738    0.97187300    0.97051364    0.98961227    0.93661447    1.14936869    1.20859281    1.12212350    1.30795635    1.08632649    0.96030232    0.00000000    0.99968631    1.43870392    1.34922579    1.50103802    1.48206331    1.43897568    1.34750812    1.12198517    1.06746383    1.10526361    1.55308138    1.72958256    1.95872095    2.25513474    2.26888565    2.27795472    2.08687950    2.07576250    1.50325848    2.11890693    2.01581459    1.46738320
C3YA84_BRAFL/434-545     1.83895127    1.56519486    1.38979853    1.33514380    1.43666028    0.98075381    0.86573834    1.02792007    1.14199827    0.93893025    0.88551980    1.08993358    1.02636065    0.88416682    1.14245430    1.54491332    1.07942318    1.31065686    0.97054918    0.99464937    0.99968631    0.00000000    1.22046248    1.22693948    1.19771454    1.44475272    1.56100131    1.61260961    1.29367409    1.22201606    1.49027739    1.60390138    1.78114405    2.01164357    2.37595821    2.32285842    2.33684883    1.99400175    2.04532862    1.81094037    2.44190472    2.25131907    1.19303828
B4GGN0_DROPE/503-611     1.76620897    1.92176729    1.45986930    1.48429041    1.27109505    1.14014044    1.13769583    1.12551720    1.29079002    1.24295741    0.97885236    1.07305655    1.17082402    1.22288072    1.05815325    1.76313649    1.21935115    1.36195057    1.14511331    1.06700917    1.43870392    1.22046248    0.00000000    0.32295189    0.48279253    0.57549091    1.03045673    1.13057811    1.13566184    1.26471127    1.59544953    1.59878836    1.84311284    2.59692800    2.59852298    2.29747366    2.47935062    2.09407121    2.28167478    2.15776420    2.44695412    2.27711055    1.54633597
A8DY69_DROME/562-674     1.69539270    1.88491191    1.42611266    1.44472273    1.17434290    1.12118661    1.17570095    1.17211699    1.26658749    1.24671493    0.97442738    1.11461977    1.16031382    1.18918816    1.05794978    1.70182005    1.22095513    1.36510459    1.14849226    1.14214387    1.34922579    1.22693948    0.32295189    0.00000000    0.41610609    0.49711815    1.12252628    1.24774672    1.24230256    1.22382078    1.68294944    1.41915520    1.81355807    2.37819697    2.26198743    2.18166702    2.36019296    2.09611237    2.14286208    2.19628886    2.19605795    2.02812513    1.52700682
B4KNW2_DROMO/581-690     1.70286527    1.81267810    1.24569155    1.31649944    1.21030670    1.25410552    1.29676261    1.43979218    1.49399072    1.37239847    1.00735896    1.22611017    1.23069539    1.36282685    1.35317493    1.80884714    1.37589523    1.62152293    1.32408379    1.22564886    1.50103802    1.19771454    0.48279253    0.41610609    0.00000000    0.40917964    1.17024865    1.26730014    1.22716974    1.35204550    1.53593257    1.60782027    1.78753347    2.29301020    2.53553198    2.53569335    2.51156108    1.96485503    1.91199022    2.09189985    2.07482178    2.12209080    1.58108106
B4J8C3_DROGR/576-687     1.64729392    1.85549068    1.44083895    1.24317191    1.02423980    1.24050915    1.32417706    1.25244719    1.17142342    1.35281401    1.07726521    1.10398494    1.09260707    1.11573092    1.15647640    2.04055820    1.46936646    1.56511809    1.33790782    1.25119171    1.48206331    1.44475272    0.57549091    0.49711815    0.40917964    0.00000000    1.32325082    1.46236321    1.19942918    1.33221652    1.60418650    1.49461698    1.75619292    2.31469762    2.33645290    2.44232514    2.48976580    2.06046873    2.15486490    1.96406995    1.98421312    1.97404756    1.52841154
B0W3P4_CULQU/522-640     2.37038136    2.46009481    1.66978284    1.41895783    1.62204550    1.34308185    1.07715254    1.15916937    1.15478895    1.09150155    1.15015464    1.19037763    1.34254675    1.20230057    1.22618624    1.98449737    1.25144410    1.38516574    1.30452509    1.21121287    1.43897568    1.56100131    1.03045673    1.12252628    1.17024865    1.32325082    0.00000000    0.89526235    1.42459700    1.78210013    1.52955920    1.94284130    1.93026513    2.44468084    2.39401290    2.29617066    2.25750745    2.44931918    2.29824135    2.16772858    1.99618428    1.89054625    1.45969907
W5JCV7_ANODA/641-760     2.46362006    2.53205044    2.11860610    1.83809205    1.96942759    1.35615579    1.20875491    1.42174242    1.38721375    1.46048528    1.39907897    1.53663217    1.68127487    1.53409809    1.50860928    1.93043314    1.40207343    1.58713369    1.45068467    1.54003876    1.34750812    1.61260961    1.13057811    1.24774672    1.26730014    1.46236321    0.89526235    0.00000000    1.46170496    1.63351458    1.57744115    2.02833312    1.99071033    2.33194159    2.59368390    2.46902619    2.49953170    2.56351509    2.44619152    2.19923472    2.59060578    2.53792479    1.76297648
E2BMP7_HARSA/623-733     2.05538613    1.97266300    1.55497046    1.39626913    1.14926225    1.10942613    1.11477327    1.13307415    1.00666220    1.22080988    0.99949711    1.07004551    1.11970000    1.01979933    1.07861902    1.55056845    1.15544912    1.34193437    1.06508187    1.13943560    1.12198517    1.29367409    1.13566184    1.24230256    1.22716974    1.19942918    1.42459700    1.46170496    0.00000000    0.95345848    1.22879483    1.51653676    1.82037690    2.38617049    2.05221239    2.11072218    2.07248382    2.18002316    2.41292970    1.73179736    2.35605248    2.22597528    1.33435728
E0VRY2_PEDHC/585-689     1.78395902    1.81721312    1.42744499    1.51961378    1.11075298    1.08081611    1.03950283    1.05677121    0.98804400    0.99720344    0.99641835    1.08980343    1.03995910    0.97035846    1.09678598    1.40202232    1.05199427    1.26683794    0.96247556    1.16111726    1.06746383    1.22201606    1.26471127    1.22382078    1.35204550    1.33221652    1.78210013    1.63351458    0.95345848    0.00000000    1.14036986    1.55880755    1.74300907    2.29212963    2.35227503    2.38960739    2.28970142    2.30355571    2.21965920    1.80157734    2.16459822    2.17665732    1.24583218
X1WSI5_ACYPI/418-518     2.28942337    2.38970409    1.78812817    1.65375225    1.54628629    1.29954278    1.13771472    1.28862821    1.15739282    1.23514545    1.18527096    1.19905038    1.25139750    1.20094146    1.30177140    1.22179549    1.20099993    1.36574059    1.21677430    1.34005578    1.10526361    1.49027739    1.59544953    1.68294944    1.53593257    1.60418650    1.52955920    1.57744115    1.22879483    1.14036986    0.00000000    1.87705044    1.98201989    2.42669963    2.43460005    2.49545022    2.16064000    2.50542150    2.76599308    1.88512101    2.10014705    2.11262790    1.65203386
A0A015JTH7_RHIIW/431-528     1.86487494    1.93533004    1.51746970    1.32748033    1.25645253    1.34080874    1.32615059    1.24424019    1.27000031    1.38850059    1.40142622    1.31010514    1.13980219    1.29706058    1.08985737    1.37878426    1.35832730    1.24540469    1.29819989    1.34451927    1.55308138    1.60390138    1.59878836    1.41915520    1.60782027    1.49461698    1.94284130    2.02833312    1.51653676    1.55880755    1.87705044    0.00000000    1.34542228    2.06917832    1.51038201    1.40160466    1.36978237    2.79424950    2.83097832    1.76682232    2.17805537    2.16648728    1.46984301
U5H681_USTV1/574-669     1.94343108    2.20478769    1.47512461    1.87988154    1.70317944    1.70995200    1.78543015    1.64496120    1.85454536    1.57864597    1.71960485    1.73641831    1.67654925    1.71271699    1.56684042    1.45266705    1.53066769    1.60573212    1.59954319    1.78493105    1.72958256    1.78114405    1.84311284    1.81355807    1.78753347    1.75619292    1.93026513    1.99071033    1.82037690    1.74300907    1.98201989    1.34542228    0.00000000    1.70364824    1.11515520    1.17832905    1.09785669    2.46281799    2.52231570    2.31866322    2.07352998    2.11652310    1.82117311
L8X963_THACA/466-562     2.32428241    2.74602635    2.36478856    2.17247980    2.01660569    2.22364005    2.39273507    2.31982971    2.11909699    2.15478337    2.19838727    2.41146069    2.17517881    2.21124473    2.30524708    2.23164771    2.05717342    2.07443380    2.23667035    2.05031980    1.95872095    2.01164357    2.59692800    2.37819697    2.29301020    2.31469762    2.44468084    2.33194159    2.38617049    2.29212963    2.42669963    2.06917832    1.70364824    0.00000000    1.73663869    1.77139590    1.87314195    2.04079704    2.31863009    3.05725224    2.46757530    2.35179215    2.03107799
R9P702_PSEHS/833-933     2.31310708    2.50154578    1.89390137    1.98065962    1.95934681    2.03275803    2.14238078    1.99487074    1.95863852    1.92983499    2.27598147    2.15806524    2.05047628    2.02488504    2.09757223    2.20381686    2.06906502    2.06123165    2.17803010    2.18663347    2.25513474    2.37595821    2.59852298    2.26198743    2.53553198    2.33645290    2.39401290    2.59368390    2.05221239    2.35227503    2.43460005    1.51038201    1.11515520    1.73663869    0.00000000    0.26613596    0.27823047    2.41056958    2.57530632    2.22376126    2.51591389    2.57118868    2.16054911
A0A0D1DVQ5_USTMA/860-960     2.22151051    2.17378816    1.81618600    1.98689821    2.27915766    1.92878928    2.08551878    1.94792116    1.93714939    1.91666552    2.10864206    2.05602469    2.02141238    1.91177026    2.03111127    2.14772757    2.09566967    2.01602229    2.12381137    2.16902366    2.26888565    2.32285842    2.29747366    2.18166702    2.53569335    2.44232514    2.29617066    2.46902619    2.11072218    2.38960739    2.49545022    1.40160466    1.17832905    1.77139590    0.26613596    0.00000000    0.16859350    2.44246857    2.66084568    2.21312978    2.58816437    2.57834269    2.05273871
V5EVH3_KALBG/854-954     2.22666946    2.39569608    1.78131747    1.90766190    2.26995611    1.96560442    2.10364071    1.99576485    1.89584593    1.80581293    2.20777530    2.05812800    1.99342490    1.94057008    2.01119757    2.07683570    2.02888671    2.22791343    2.03252600    2.10895859    2.27795472    2.33684883    2.47935062    2.36019296    2.51156108    2.48976580    2.25750745    2.49953170    2.07248382    2.28970142    2.16064000    1.36978237    1.09785669    1.87314195    0.27823047    0.16859350    0.00000000    2.27905815    2.59700616    2.16304486    2.55620762    2.60832266    1.92751808
I1IKD7_BRADI/1367-1466     2.29800353    2.35338781    2.36875626    2.00547583    2.14585256    2.03884066    2.40149529    2.35448357    1.93153445    1.93043262    2.50413188    2.44165080    2.37323425    2.33511078    1.96018835    2.42111566    2.31438182    2.59377854    2.08417252    2.21940739    2.08687950    1.99400175    2.09407121    2.09611237    1.96485503    2.06046873    2.44931918    2.56351509    2.18002316    2.30355571    2.50542150    2.79424950    2.46281799    2.04079704    2.41056958    2.44246857    2.27905815    0.00000000    0.30353410    2.67952584    2.26379090    2.11825290    1.87059888
C5Y6E6_SORBI/1034-1134     2.57706591    2.30426595    2.61596173    2.06398092    2.17364345    2.02273138    2.33231016    2.55417444    2.06080097    2.04204634    2.51626381    2.71915999    2.54307321    2.47401742    2.06551591    2.49382040    2.22440129    2.64792240    1.97939244    2.37598257    2.07576250    2.04532862    2.28167478    2.14286208    1.91199022    2.15486490    2.29824135    2.44619152    2.41292970    2.21965920    2.76599308    2.83097832    2.52231570    2.31863009    2.57530632    2.66084568    2.59700616    0.30353410    0.00000000    2.77252175    2.37947886    2.29631413    1.82764645
I7MEH3_TETTS/429-525     2.54979960    2.22644047    1.71532847    1.66857061    2.04591242    1.62809934    1.80628371    1.72975737    1.60973718    1.71166783    1.64382121    1.84523632    1.85624567    1.89595831    1.62659617    1.80527969    1.64435012    1.82492222    1.59157718    1.45758033    1.50325848    1.81094037    2.15776420    2.19628886    2.09189985    1.96406995    2.16772858    2.19923472    1.73179736    1.80157734    1.88512101    1.76682232    2.31866322    3.05725224    2.22376126    2.21312978    2.16304486    2.67952584    2.77252175    0.00000000    1.68395849    1.57437156    1.75059318
A0CF29_PARTE/210-307     2.28242792    1.91466529    1.85895623    1.81546874    2.02328021    1.76719166    2.10159522    1.92925626    1.71072249    2.12980375    2.13120465    1.85877064    1.93904500    1.91847657    1.76591590    2.10860917    1.95411817    1.88041958    1.97351606    1.82091750    2.11890693    2.44190472    2.44695412    2.19605795    2.07482178    1.98421312    1.99618428    2.59060578    2.35605248    2.16459822    2.10014705    2.17805537    2.07352998    2.46757530    2.51591389    2.58816437    2.55620762    2.26379090    2.37947886    1.68395849    0.00000000    0.14229352    1.72848095
A0CI32_PARTE/219-317     2.29448172    1.91090919    1.90448442    1.72542727    2.05172979    1.76852596    2.01278336    1.82516527    1.60537275    1.93496103    1.98154692    1.75366680    1.89405268    1.82923836    1.67651816    2.19239146    1.93380095    1.78325314    1.93664843    1.75009373    2.01581459    2.25131907    2.27711055    2.02812513    2.12209080    1.97404756    1.89054625    2.53792479    2.22597528    2.17665732    2.11262790    2.16648728    2.11652310    2.35179215    2.57118868    2.57834269    2.60832266    2.11825290    2.29631413    1.57437156    0.14229352    0.00000000    1.63722426
A9V682_MONBE/320-417     1.66880995    2.03533163    1.61900629    1.25773665    1.27058998    1.35427478    1.42292023    1.33274076    1.24391887    1.36994997    1.54324352    1.47400036    1.48540711    1.33692394    1.36401180    1.62514794    1.32527601    1.46039171    1.38540342    1.43709046    1.46738320    1.19303828    1.54633597    1.52700682    1.58108106    1.52841154    1.45969907    1.76297648    1.33435728    1.24583218    1.65203386    1.46984301    1.82117311    2.03107799    2.16054911    2.05273871    1.92751808    1.87059888    1.82764645    1.75059318    1.72848095    1.63722426    0.00000000

