15
F1MCY5_BOVIN/807-898     0.00000000    0.61389256    0.49694195    0.55187210    0.45274412    0.56165975    0.55082044    0.65610400    0.55254753    0.72068660    0.73149549    1.11066840    1.07066395    0.99620798    0.99586022
L5JNV5_PTEAL/576-667     0.61389256    0.00000000    0.51868860    0.63693282    0.47489876    0.63628152    0.60660255    0.62389425    0.56562644    0.91787056    0.72419840    0.98243474    1.03064260    0.85486795    0.98618532
F6VT48_HORSE/909-1000     0.49694195    0.51868860    0.00000000    0.42397799    0.32551149    0.43376104    0.52727975    0.56738037    0.38493668    0.66414847    0.63728288    1.05132707    0.99415787    0.81281907    0.94603410
G3SMX7_LOXAF/795-883     0.55187210    0.63693282    0.42397799    0.00000000    0.46461647    0.54397842    0.59842491    0.63105266    0.46222624    0.66041762    0.75698079    1.02636082    1.18291937    0.90192055    0.99224721
M3WFM0_FELCA/887-978     0.45274412    0.47489876    0.32551149    0.46461647    0.00000000    0.32721080    0.28687488    0.54353985    0.42681526    0.51846496    0.47089621    0.88268176    0.90713680    0.79853443    0.89239205
G1MIR3_AILME/806-897     0.56165975    0.63628152    0.43376104    0.54397842    0.32721080    0.00000000    0.35151533    0.58945495    0.41432265    0.51580587    0.63600644    0.93416063    1.03869622    0.87387524    0.97246546
J9NW02_CANLF/348-442     0.55082044    0.60660255    0.52727975    0.59842491    0.28687488    0.35151533    0.00000000    0.58626582    0.48695634    0.62627565    0.66273206    1.07646417    1.15210134    0.87543527    1.10965303
F7HQ75_CALJA/807-898     0.65610400    0.62389425    0.56738037    0.63105266    0.54353985    0.58945495    0.58626582    0.00000000    0.25422125    0.76306430    0.59758765    0.92794074    0.91780258    0.88036574    0.85612924
H0YJA1_HUMAN/112-203     0.55254753    0.56562644    0.38493668    0.46222624    0.42681526    0.41432265    0.48695634    0.25422125    0.00000000    0.55354191    0.48362446    0.87667236    0.89227276    0.71354197    0.78810354
G1SZT4_RABIT/736-826     0.72068660    0.91787056    0.66414847    0.66041762    0.51846496    0.51580587    0.62627565    0.76306430    0.55354191    0.00000000    0.67821274    1.08598454    1.01485543    0.81311590    0.90896619
I3M367_ICTTR/599-686     0.73149549    0.72419840    0.63728288    0.75698079    0.47089621    0.63600644    0.66273206    0.59758765    0.48362446    0.67821274    0.00000000    0.78864769    0.71202502    0.66660724    0.80875371
PPN_MOUSE/809-900     1.11066840    0.98243474    1.05132707    1.02636082    0.88268176    0.93416063    1.07646417    0.92794074    0.87667236    1.08598454    0.78864769    0.00000000    0.36833092    0.88464496    0.97075879
G3HNF5_CRIGR/707-797     1.07066395    1.03064260    0.99415787    1.18291937    0.90713680    1.03869622    1.15210134    0.91780258    0.89227276    1.01485543    0.71202502    0.36833092    0.00000000    1.00376792    1.14739375
H0WDR9_CAVPO/811-902     0.99620798    0.85486795    0.81281907    0.90192055    0.79853443    0.87387524    0.87543527    0.88036574    0.71354197    0.81311590    0.66660724    0.88464496    1.00376792    0.00000000    0.46568062
G5C1P6_HETGA/874-965     0.99586022    0.98618532    0.94603410    0.99224721    0.89239205    0.97246546    1.10965303    0.85612924    0.78810354    0.90896619    0.80875371    0.97075879    1.14739375    0.46568062    0.00000000

