63
F7VM82_SORMK/67-131     0.00000000    0.29174585    0.21603204    0.36057535    0.30191668    0.46826016    0.38448163    0.31090429    0.27946389    0.50215923    0.35492519    0.46527596    0.61177779    0.51304842    0.94639096    0.80651697    0.59699147    0.72198279    0.63753047    0.74353037    0.64440936    0.71822168    0.99399562    0.90768750    0.94240756    1.04996025    0.99299437    1.09398325    1.24986045    1.46741179    1.42069250    1.55888179    1.68404034    1.38734881    1.54963348    1.79309882    1.94567507    1.77057797    2.01044644    1.85085503    1.86678042    2.70529800    1.91812882    1.98763156    1.58654501    1.59049187    1.56732837    1.59979971    1.44135369    1.35003903    1.54548120    1.48863226    1.32803500    1.42154621    1.23899091    1.34968522    1.20163751    1.28072299    1.47255688    1.60385794    1.40230694    1.33740887    1.45253758
G0RU63_HYPJQ/82-146     0.29174585    0.00000000    0.26177185    0.46545694    0.29013103    0.48826039    0.41177931    0.37881745    0.28234572    0.54526008    0.43916017    0.42525980    0.58721408    0.48795709    1.02049430    0.80671025    0.67898559    0.68239052    0.70279551    0.75518899    0.66342697    0.76225275    0.89825272    0.93273624    0.94299619    1.03986034    0.99367690    1.01512432    1.24770448    1.44647086    1.40637978    1.71406372    1.95843061    1.29969520    1.50083215    1.66912054    1.97567985    1.89490527    2.20935143    2.11156477    2.22033728    2.16789782    1.84274108    2.01513416    1.65399177    1.63515610    1.66388623    1.71992655    1.60306931    1.63619738    1.75268803    1.52487412    1.31823171    1.30529216    1.16637870    1.21816799    1.24594964    1.20847247    1.45086398    1.51317022    1.38651810    1.62758599    1.89165230
G2QHD1_MYCTT/70-134     0.21603204    0.26177185    0.00000000    0.39541843    0.34739171    0.30925553    0.40042708    0.26701439    0.26207039    0.53943892    0.40443094    0.44374952    0.61198670    0.46072587    1.08814143    0.83837492    0.65359314    0.76053687    0.71164079    0.77361054    0.72524973    0.73322270    1.09051041    0.85374236    0.90485202    1.01667017    1.08790901    1.18177069    1.14553347    1.47571674    1.47827309    1.58465095    1.96092468    1.41518712    1.69022234    1.67168956    2.16432058    1.80977989    2.01377761    1.97358196    2.04631914    2.60013989    2.06748764    2.12700033    1.65136044    1.75606435    1.67800804    1.72855760    1.58993474    1.54325099    1.77152930    1.65171911    1.48566464    1.57454957    1.38815021    1.50237837    1.35987565    1.39126519    1.55252744    1.78899613    1.36338251    1.45077711    1.55408525
G4MKA9_MAGO7/66-130     0.36057535    0.46545694    0.39541843    0.00000000    0.41532475    0.40175893    0.41389053    0.36742031    0.44178810    0.61225686    0.54157713    0.61062318    0.73168178    0.60425974    1.03476779    0.91170024    0.65368033    0.73014028    0.81069681    0.80729597    0.74739354    0.96101571    1.19707066    1.11505537    1.14648352    1.04841953    1.11896941    1.20137071    1.08565532    1.61406655    1.62106865    1.57979357    1.64134594    1.40677286    1.77501971    1.50713000    2.14462734    1.70141065    2.10810018    2.00006497    2.06670822    2.30076541    2.00867213    1.98234083    1.81643298    1.74882890    1.61836127    1.57742008    1.63855167    1.60287604    1.65474029    1.53946962    1.53980419    1.55160717    1.34462463    1.38176072    1.31416982    1.28113981    1.50781710    1.74214295    1.49328370    1.41001201    1.53659619
J4UL07_BEAB2/79-143     0.30191668    0.29013103    0.34739171    0.41532475    0.00000000    0.43216797    0.27546505    0.36250401    0.27939006    0.49289564    0.40301782    0.48817679    0.62258905    0.59411029    0.91154540    0.73247704    0.67001816    0.74544693    0.66224702    0.70971655    0.67962321    0.69590393    1.13860553    0.78108688    0.84485565    1.04528244    1.01792195    1.05692962    1.27430751    1.48482033    1.56821024    1.42088853    1.50103217    1.24524955    1.80202675    1.69471879    2.12661723    1.65210747    2.03386944    1.77549497    1.94633109    2.32247059    1.75189641    1.93988564    1.89482916    1.63342126    1.71957955    1.77817967    1.69559149    1.64121997    1.75928752    1.63174461    1.55522605    1.53687246    1.27908240    1.30571615    1.19585442    1.24227121    1.47699372    1.72003436    1.60094995    1.58918928    1.55333360
S3BZ23_OPHP1/66-130     0.46826016    0.48826039    0.30925553    0.40175893    0.43216797    0.00000000    0.30937029    0.38749651    0.43199508    0.61526136    0.60939948    0.53734545    0.78068668    0.62774285    1.10447447    0.91083291    0.79402049    0.82868348    0.79474928    0.92834445    0.82377392    0.87811134    1.37933798    1.11216100    1.13790511    1.18504539    1.14637334    1.21695330    1.16076968    1.63099398    1.69224178    1.52992065    1.82517084    1.39102688    1.73450098    1.66042050    2.06994783    1.83848016    2.00598849    1.88116355    1.89179883    2.60545236    2.08662447    2.21807739    1.89030206    1.74124414    1.56193877    1.66842743    1.62483592    1.67222958    1.73437698    1.57919943    1.63126268    1.64301909    1.37585493    1.40137886    1.33737872    1.42466946    1.52293996    1.75765706    1.62454483    1.43809842    1.72103496
U7Q5F9_SPOS1/74-138     0.38448163    0.41177931    0.40042708    0.41389053    0.27546505    0.30937029    0.00000000    0.39339868    0.38811940    0.69522575    0.51312475    0.54513990    0.65144654    0.56585795    0.99772302    0.92017458    0.84432540    0.77760201    0.79147411    0.88031558    0.83749965    0.96085537    1.29590823    1.07292324    1.11770247    1.12932194    1.26053121    1.32834026    1.26419314    1.68102498    1.66036252    1.47141992    1.63400719    1.28320318    1.67583428    1.45262609    1.96022743    1.62737913    2.00976416    1.84372200    1.90179345    2.59395965    2.07010050    2.07877314    1.86688353    1.44434701    1.60034673    1.47146109    1.54063008    1.58235525    1.58557873    1.28468313    1.40082476    1.33922797    1.11412276    1.11281132    1.08325808    1.10989898    1.35438605    1.52101000    1.38672461    1.23843673    1.37383270
G2X5H9_VERDV/62-126     0.31090429    0.37881745    0.26701439    0.36742031    0.36250401    0.38749651    0.39339868    0.00000000    0.24875592    0.52053829    0.36091723    0.44437871    0.59856315    0.43853837    0.98182152    0.80241693    0.62780481    0.64635454    0.69678784    0.74875769    0.72468772    0.78245891    1.12456138    1.01707402    0.97489728    1.04613862    1.08993227    1.17654844    1.20356732    1.48563182    1.45870568    1.58014176    1.87771173    1.58070073    1.85553162    1.92199929    2.04950640    1.68566861    2.11723283    2.12474476    2.03294568    2.61029472    2.08907338    2.17540871    2.04474243    2.05186418    1.84409616    1.85698538    1.76081478    1.66079138    1.82949224    1.84530593    1.71455880    1.74707967    1.45686666    1.49321125    1.45724784    1.45587212    1.71049166    1.91875957    1.62811984    1.58287006    1.83334729
H1VE85_COLHI/68-132     0.27946389    0.28234572    0.26207039    0.44178810    0.27939006    0.43199508    0.38811940    0.24875592    0.00000000    0.44571225    0.29261359    0.36369638    0.47281783    0.46106063    1.01001966    0.81120477    0.62552412    0.74110225    0.74417008    0.71766544    0.72836702    0.65270281    1.19887418    0.91846433    0.90276793    1.09772583    1.06095294    1.23769333    1.27431009    1.60458805    1.54860049    1.72675961    1.72581123    1.45032468    1.70602100    1.57286340    2.04791470    1.68120740    2.16696976    2.08368090    1.89333428    2.65676766    2.13055642    2.18503804    1.87234238    1.74657593    1.82999816    1.80566713    1.77321893    1.70291189    1.88184952    1.73514265    1.79157740    1.80363438    1.43844528    1.49661004    1.32945607    1.48141259    1.60569073    1.98595648    1.59237475    1.68047872    1.70672033
G2YL47_BOTF4/66-132     0.50215923    0.54526008    0.53943892    0.61225686    0.49289564    0.61526136    0.69522575    0.52053829    0.44571225    0.00000000    0.52576830    0.57862437    0.70768768    0.69482875    1.14501918    0.73371559    0.68472295    0.90942437    0.79591547    0.82668888    0.72894123    0.84230228    1.16458019    0.85360934    0.94091881    0.94661775    0.79153484    0.84598258    1.48289511    1.39471340    1.63487467    1.85379823    1.81065582    1.46869077    1.63259101    2.00859832    1.84480604    1.76407437    1.73609085    1.80438291    1.71862228    2.50882146    2.20941472    2.07103877    2.27558217    1.74736602    1.99253859    1.76247150    1.99651815    1.88869885    2.02292131    1.99333107    1.92705864    1.97753059    1.57748959    1.76567886    1.59307369    1.49151335    1.64675793    1.88625519    1.75162576    1.59946273    1.93141459
K1WZ66_MARBU/72-136     0.35492519    0.43916017    0.40443094    0.54157713    0.40301782    0.60939948    0.51312475    0.36091723    0.29261359    0.52576830    0.00000000    0.28070434    0.35685922    0.43958210    0.92558898    0.76441973    0.60060950    0.74096618    0.70127451    0.69431383    0.73875333    0.61521866    1.02991013    0.86479653    0.83715254    1.02173690    1.11183457    1.17127599    1.42581603    1.38782105    1.41893708    1.67491918    1.93898288    1.53121377    1.79961537    1.88816461    1.93819653    1.75219154    2.01871458    2.10543269    1.78049317    2.67115212    2.16709074    2.42166170    2.04245293    1.92624220    1.77360399    1.65757976    1.54502005    1.58274468    1.81000738    1.78798282    1.70634120    1.77094059    1.41506505    1.41739080    1.36069894    1.47820410    1.62659017    1.90852599    1.43210948    1.57708072    1.77282704
S3CFV5_GLAL2/67-131     0.46527596    0.42525980    0.44374952    0.61062318    0.48817679    0.53734545    0.54513990    0.44437871    0.36369638    0.57862437    0.28070434    0.00000000    0.34906045    0.48814625    1.03916632    0.83714267    0.72536192    0.83016378    0.74978403    0.78215174    0.80374945    0.74123620    1.06780175    0.89704953    0.91104343    1.17168322    1.20597717    1.26380345    1.39889778    1.51065025    1.62638258    1.92806854    2.01805389    1.62583360    1.70871337    2.01425220    1.86476931    2.12412067    1.99228491    1.91421491    1.82541589    2.88138294    2.26049877    2.47815723    2.33731268    2.28073660    2.17162579    1.98112826    1.92462851    2.04070861    2.02641193    2.09307711    1.99872941    1.93272897    1.64533921    1.69235533    1.72525926    1.68987545    1.88311912    2.13229148    1.70688301    1.78195979    1.98947810
N1JE41_BLUG1/65-129     0.61177779    0.58721408    0.61198670    0.73168178    0.62258905    0.78068668    0.65144654    0.59856315    0.47281783    0.70768768    0.35685922    0.34906045    0.00000000    0.61528309    1.07561647    0.99041013    0.88844820    1.09429199    1.03742777    0.86984486    0.93734070    0.91082664    1.44098569    1.20969286    1.23618475    1.33012370    1.30469700    1.43292654    1.53201315    1.66727845    1.66672734    1.84132596    2.15781311    1.76339225    1.97892339    2.35845067    2.61524602    2.39266234    2.49835896    2.14656736    2.06619144    2.71170555    2.39138420    2.71230824    2.19073500    2.06773049    1.97412247    1.92082420    1.69917440    1.76716148    1.97596150    2.18040620    1.96620523    1.99082852    1.74929826    1.82906680    1.80921304    1.63796775    1.91327500    2.10123628    2.32554148    1.97190369    2.28712066
L8G075_PSED2/64-128     0.51304842    0.48795709    0.46072587    0.60425974    0.59411029    0.62774285    0.56585795    0.43853837    0.46106063    0.69482875    0.43958210    0.48814625    0.61528309    0.00000000    0.86826106    0.78350086    0.67657956    0.75208542    0.62887249    0.80334592    0.74552652    0.77615238    1.04063765    0.95177209    0.86948696    0.88364019    0.97021614    1.07559166    1.41387494    1.50988222    1.59652921    1.86079450    2.15488695    1.59010347    2.06120424    1.95232137    2.43818231    2.35751856    2.18803322    2.14580345    1.85532285    3.11966398    2.55624748    2.58602071    2.36089857    2.16005685    2.09595252    1.89662489    2.06026825    2.00920040    2.07680991    1.88605812    1.98151203    1.96630080    1.61610729    1.64605729    1.67368381    1.57994876    1.81025593    2.00286500    1.68826494    1.58901476    1.70379952
H6C2K5_EXODN/65-122     0.94639096    1.02049430    1.08814143    1.03476779    0.91154540    1.10447447    0.99772302    0.98182152    1.01001966    1.14501918    0.92558898    1.03916632    1.07561647    0.86826106    0.00000000    0.63401234    0.69499686    0.69525760    0.75101464    0.58984772    0.65712776    1.03959582    1.03393431    0.90641861    0.93519347    1.01933321    1.05297874    1.23302457    1.53121508    1.26314869    1.75144949    1.64698653    2.20774274    1.98152751    2.43346884    2.59129852    2.57592450    2.00531259    2.23460512    1.98203917    2.26401546    2.41176140    2.27699137    2.21625286    2.24950345    2.00444025    2.04764189    1.90157123    2.05724487    1.88927682    2.18648814    2.15146066    1.87103501    1.88044138    1.76128656    1.82823582    1.82535129    1.43964123    1.97977892    1.98559188    2.39252066    1.92035827    1.79253962
B6Q553_TALMQ/59-122     0.80651697    0.80671025    0.83837492    0.91170024    0.73247704    0.91083291    0.92017458    0.80241693    0.81120477    0.73371559    0.76441973    0.83714267    0.99041013    0.78350086    0.63401234    0.00000000    0.46808079    0.51863181    0.47422277    0.36470766    0.35074227    0.75586808    0.78488073    0.75111444    0.70214094    0.85872364    0.96349640    1.04123342    1.57725199    1.19394555    1.56559230    1.67825551    2.32149037    1.70908178    2.15491442    2.45767932    1.74863252    2.17191871    2.29913207    2.23011257    2.26783558    2.77439390    2.35345703    2.27501581    2.37734082    2.17808892    2.28816790    1.97559015    2.31901161    2.38056263    2.31381906    2.15364900    1.99297149    1.73350778    1.65711682    1.75986383    1.82008634    1.34042582    1.66904086    2.07099935    2.00855576    2.27005288    2.38942431
C1G8P4_PARBD/63-126     0.59699147    0.67898559    0.65359314    0.65368033    0.67001816    0.79402049    0.84432540    0.62780481    0.62552412    0.68472295    0.60060950    0.72536192    0.88844820    0.67657956    0.69499686    0.46808079    0.00000000    0.31066451    0.36577251    0.29738938    0.26192586    0.72292949    0.98985480    0.80676573    0.72928347    0.86444688    0.66308045    0.71702990    1.49975288    1.18226846    1.60934012    1.61173586    2.20630661    1.58821752    2.24872916    2.53218545    2.02439280    2.02617938    2.30614609    2.28340451    2.31002214    3.32468196    2.62639509    2.69749373    2.45429708    2.22423359    2.29713846    2.08718185    2.19858550    2.09494979    2.42352188    2.06785176    1.88270389    1.74672023    1.63044889    1.73467424    1.65762043    1.65680707    1.91272035    2.40185785    1.82192085    1.95617128    1.97441818
C5G0T1_ARTOC/56-119     0.72198279    0.68239052    0.76053687    0.73014028    0.74544693    0.82868348    0.77760201    0.64635454    0.74110225    0.90942437    0.74096618    0.83016378    1.09429199    0.75208542    0.69525760    0.51863181    0.31066451    0.00000000    0.33563706    0.39215122    0.42005258    0.78242375    0.90328424    0.78829081    0.64002683    0.83205721    0.81999221    0.81103469    1.37745580    1.32207190    1.62514184    1.55393853    2.29357605    1.63145019    1.94181986    2.17629254    1.84177503    1.84212642    2.37112151    2.36343360    2.28074140    3.10346576    2.56955445    2.50203451    2.44244099    2.31135549    2.05847078    2.04748913    2.00823159    2.00286928    2.18406383    1.76184808    1.60051812    1.59825621    1.48311814    1.53807035    1.60016082    1.47888147    1.82334651    2.00731591    1.62968711    1.83230855    2.14189767
J3KIK9_COCIM/64-128     0.63753047    0.70279551    0.71164079    0.81069681    0.66224702    0.79474928    0.79147411    0.69678784    0.74417008    0.79591547    0.70127451    0.74978403    1.03742777    0.62887249    0.75101464    0.47422277    0.36577251    0.33563706    0.00000000    0.43225449    0.37850593    0.75848634    0.81011970    0.66427592    0.63583923    0.89799240    0.83179358    0.87954797    1.51495533    1.21698837    1.61265030    1.64263919    2.33805986    1.45819199    1.95290211    2.12600697    2.00098220    1.87127496    2.16516184    2.21665309    2.13047850    2.94219667    2.15172427    2.34652723    2.09907316    2.28152371    2.07762264    1.96917981    2.12859459    2.14711900    2.43334140    1.86733942    1.56347595    1.67358020    1.56757357    1.79347703    1.71625776    1.74790209    1.95732230    2.07637479    1.81693023    1.74399829    1.84397289
G3YCI0_ASPNA/62-125     0.74353037    0.75518899    0.77361054    0.80729597    0.70971655    0.92834445    0.88031558    0.74875769    0.71766544    0.82668888    0.69431383    0.78215174    0.86984486    0.80334592    0.58984772    0.36470766    0.29738938    0.39215122    0.43225449    0.00000000    0.17930759    0.84223542    1.00282703    0.92010876    0.85686121    0.91398809    0.93897329    0.93331854    1.54281613    1.38755335    1.67315376    1.60465877    1.79025388    1.55816378    1.90799386    2.39242049    2.15088580    2.22420662    2.31921240    2.38745827    2.38955777    2.95772567    2.52182269    2.41115834    2.31022767    2.15336576    2.14087092    2.09588930    2.02164509    2.02260010    2.18536624    1.86860491    1.74275159    1.67344434    1.63952905    1.73132271    1.79073396    1.62042314    1.78939686    2.16561854    1.97103527    1.94514467    2.03122816
Q4WHR7_ASPFU/59-122     0.64440936    0.66342697    0.72524973    0.74739354    0.67962321    0.82377392    0.83749965    0.72468772    0.72836702    0.72894123    0.73875333    0.80374945    0.93734070    0.74552652    0.65712776    0.35074227    0.26192586    0.42005258    0.37850593    0.17930759    0.00000000    0.91837050    0.94008688    0.84472675    0.84215091    0.95537514    0.76271629    0.77719585    1.40648498    1.24047152    1.64032634    1.53622008    1.76969907    1.53639152    1.63674331    2.22717304    2.07170678    2.19804460    2.34417978    2.41916616    2.41562563    2.76991117    2.42008895    2.24109580    2.01313480    2.15115074    1.99172828    2.08418082    2.02688636    2.04023798    2.07558376    1.93297043    1.76580555    1.65260234    1.62918056    1.72023727    1.66155727    1.58072995    1.78372987    2.10816197    1.83970545    1.80973749    1.98619927
K2S7K0_MACPH/44-107     0.71822168    0.76225275    0.73322270    0.96101571    0.69590393    0.87811134    0.96085537    0.78245891    0.65270281    0.84230228    0.61521866    0.74123620    0.91082664    0.77615238    1.03959582    0.75586808    0.72292949    0.78242375    0.75848634    0.84223542    0.91837050    0.00000000    0.84850840    0.59806796    0.61713892    1.00896167    1.16313793    1.27567209    1.55053886    1.57408154    1.31176233    1.72374247    1.92698811    1.48719877    2.38574897    1.98525042    2.27817368    2.11336957    2.34237628    2.19188552    1.95949728    2.62832268    2.50066521    2.24087353    2.21313804    2.33627450    1.92229540    2.04531586    2.00334751    2.07136233    2.29631934    1.82079451    1.65729480    2.08663421    1.73638599    1.77798628    1.52070917    1.57290764    1.82594817    2.16458969    1.87977406    2.11774657    2.10409737
E5A9Q3_LEPMJ/131-194     0.99399562    0.89825272    1.09051041    1.19707066    1.13860553    1.37933798    1.29590823    1.12456138    1.19887418    1.16458019    1.02991013    1.06780175    1.44098569    1.04063765    1.03393431    0.78488073    0.98985480    0.90328424    0.81011970    1.00282703    0.94008688    0.84850840    0.00000000    0.53618394    0.50417179    0.99422671    1.26661282    1.32315253    1.74857374    1.75742870    1.38680706    2.39943976    2.52577721    1.82151506    2.26424918    2.08922139    1.88623233    2.11012616    2.63830822    2.88610016    2.68295935    2.64297053    2.52101148    2.27379541    2.39004365    1.94670663    2.25775433    2.12750275    2.48731455    2.48736520    2.40364227    1.66750647    1.81757528    1.80507777    1.68963837    1.77028634    1.67202491    1.53820037    1.78417538    2.04408233    1.68499008    1.75988020    2.10427999
Q0UNY9_PHANO/62-132     0.90768750    0.93273624    0.85374236    1.11505537    0.78108688    1.11216100    1.07292324    1.01707402    0.91846433    0.85360934    0.86479653    0.89704953    1.20969286    0.95177209    0.90641861    0.75111444    0.80676573    0.78829081    0.66427592    0.92010876    0.84472675    0.59806796    0.53618394    0.00000000    0.26330828    1.00645451    0.99524492    1.04526986    1.41699796    1.33800785    1.22611020    1.76804716    2.29635725    1.61521325    2.65013700    2.07606750    2.16578103    1.85060555    2.03281470    2.19041693    2.06087293    2.56294780    2.35871192    2.42483072    2.02809406    1.89946818    1.82949935    1.75080727    2.34523245    2.17106481    2.06962868    1.71744386    1.91796660    2.06955437    1.86249876    2.00447065    1.69605847    1.65717707    1.99066116    2.13180560    1.93181338    1.84013475    1.86225646
M2U4W8_COCH5/42-105     0.94240756    0.94299619    0.90485202    1.14648352    0.84485565    1.13790511    1.11770247    0.97489728    0.90276793    0.94091881    0.83715254    0.91104343    1.23618475    0.86948696    0.93519347    0.70214094    0.72928347    0.64002683    0.63583923    0.85686121    0.84215091    0.61713892    0.50417179    0.26330828    0.00000000    0.96495179    0.97534286    1.02440539    1.41124825    1.55839439    1.47774453    1.78751275    1.96945752    1.61387274    2.31859436    2.02308188    2.03329954    1.64307480    2.13461155    2.23427166    2.06713515    2.88113371    2.53678375    2.25505471    2.25867165    1.86602844    1.92749024    1.94898092    2.09322139    2.10836088    2.26578376    1.56206095    1.81167373    1.75259372    1.50702015    1.68955533    1.57551500    1.39828709    1.62076283    2.03839294    1.71060788    1.70939256    1.77899438
D5GA48_TUBMM/50-115     1.04996025    1.03986034    1.01667017    1.04841953    1.04528244    1.18504539    1.12932194    1.04613862    1.09772583    0.94661775    1.02173690    1.17168322    1.33012370    0.88364019    1.01933321    0.85872364    0.86444688    0.83205721    0.89799240    0.91398809    0.95537514    1.00896167    0.99422671    1.00645451    0.96495179    0.00000000    0.60770116    0.54957762    1.47548982    1.33078053    1.80940436    2.03508489    1.81943065    1.65053649    1.68970581    2.09371294    1.79897298    1.86854797    2.23004258    2.30374516    2.31248052    3.11769218    2.28650941    1.91669463    2.51386958    2.11568569    2.20997450    2.27824885    2.15628851    2.09661945    2.17395386    1.78745468    1.98568144    2.00675608    1.58685349    1.70044854    1.64270127    1.73807062    2.12088315    1.91501761    1.66177972    1.63644070    1.67455921
G1XSK1_ARTOA/57-130     0.99299437    0.99367690    1.08790901    1.11896941    1.01792195    1.14637334    1.26053121    1.08993227    1.06095294    0.79153484    1.11183457    1.20597717    1.30469700    0.97021614    1.05297874    0.96349640    0.66308045    0.81999221    0.83179358    0.93897329    0.76271629    1.16313793    1.26661282    0.99524492    0.97534286    0.60770116    0.00000000    0.22700388    1.50172247    1.27942483    1.49700035    1.73273142    1.65737655    1.62037586    1.65984151    1.89297023    2.04901789    1.63658190    2.01148270    1.99212834    1.98353892    2.88988100    2.07321483    1.87563354    1.93918446    1.58805639    1.89660389    1.78848673    1.71400245    1.60845971    1.84527450    1.66878557    1.79122934    1.62778867    1.43727857    1.41149084    1.43107646    1.59947104    1.62812051    1.56775995    1.85951568    1.62129573    1.86992157
S8ALG8_DACHA/58-132     1.09398325    1.01512432    1.18177069    1.20137071    1.05692962    1.21695330    1.32834026    1.17654844    1.23769333    0.84598258    1.17127599    1.26380345    1.43292654    1.07559166    1.23302457    1.04123342    0.71702990    0.81103469    0.87954797    0.93331854    0.77719585    1.27567209    1.32315253    1.04526986    1.02440539    0.54957762    0.22700388    0.00000000    1.54488284    1.37506318    1.67222213    1.70761907    1.78440329    1.76746923    1.72055835    2.04215872    2.00325448    1.84202503    1.91067522    2.10845311    2.02461802    3.07855164    2.35110842    1.95998349    2.10093826    1.64302766    2.18635544    2.05949865    1.91263676    1.86779632    1.88914253    1.71241327    1.84016987    1.67193676    1.47530053    1.48902879    1.63031319    1.76782021    1.68459127    1.58583989    1.80951016    1.74559304    2.11077520
M2LXN0_BAUPA/12-77     1.24986045    1.24770448    1.14553347    1.08565532    1.27430751    1.16076968    1.26419314    1.20356732    1.27431009    1.48289511    1.42581603    1.39889778    1.53201315    1.41387494    1.53121508    1.57725199    1.49975288    1.37745580    1.51495533    1.54281613    1.40648498    1.55053886    1.74857374    1.41699796    1.41124825    1.47548982    1.50172247    1.54488284    0.00000000    0.97426310    1.09250561    1.96007160    1.95682258    1.82888529    1.72117854    1.82858456    2.11376435    1.60023069    1.97367000    1.81530204    1.99617007    2.38318540    2.22083470    2.20298582    1.85472389    1.73665911    1.61912180    1.76637367    1.64590111    1.92895417    1.88196063    1.33550292    1.58314643    1.58979995    1.53066677    1.45933049    1.45479696    1.57821960    1.55470242    1.51034256    2.12661319    1.82833336    1.76128154
N1QJP0_SPHMS/16-79     1.46741179    1.44647086    1.47571674    1.61406655    1.48482033    1.63099398    1.68102498    1.48563182    1.60458805    1.39471340    1.38782105    1.51065025    1.66727845    1.50988222    1.26314869    1.19394555    1.18226846    1.32207190    1.21698837    1.38755335    1.24047152    1.57408154    1.75742870    1.33800785    1.55839439    1.33078053    1.27942483    1.37506318    0.97426310    0.00000000    0.84135774    2.11577083    2.37039846    1.82534625    2.02040678    2.23487706    1.66136454    2.02240571    2.10470845    2.46584441    2.47305844    2.64686174    2.05293089    2.40205112    1.74332278    1.79892175    1.85101098    1.69784890    1.72335101    1.79270370    1.81774104    1.82341123    1.46526950    1.41666668    1.57609602    1.46445271    1.46458315    1.75573327    1.72402991    1.53333270    1.90251311    2.10352679    1.95893416
N1Q5A8_DOTSN/14-76     1.42069250    1.40637978    1.47827309    1.62106865    1.56821024    1.69224178    1.66036252    1.45870568    1.54860049    1.63487467    1.41893708    1.62638258    1.66672734    1.59652921    1.75144949    1.56559230    1.60934012    1.62514184    1.61265030    1.67315376    1.64032634    1.31176233    1.38680706    1.22611020    1.47774453    1.80940436    1.49700035    1.67222213    1.09250561    0.84135774    0.00000000    2.42393524    2.59498604    1.92915833    2.11545947    1.80553493    2.34871897    2.26189890    2.05957207    2.18065148    2.25162446    2.81578753    2.24473926    2.51058146    1.62399518    1.64015664    1.90286820    1.79823874    1.73506142    1.76150729    1.84840505    1.64139490    1.64527097    1.66338220    1.62366616    1.53803377    1.55280540    1.56788020    1.70310038    1.50524850    2.08874645    2.06680622    1.96629298
Q6C8U2_YARLI/3-64     1.55888179    1.71406372    1.58465095    1.57979357    1.42088853    1.52992065    1.47141992    1.58014176    1.72675961    1.85379823    1.67491918    1.92806854    1.84132596    1.86079450    1.64698653    1.67825551    1.61173586    1.55393853    1.64263919    1.60465877    1.53622008    1.72374247    2.39943976    1.76804716    1.78751275    2.03508489    1.73273142    1.70761907    1.96007160    2.11577083    2.42393524    0.00000000    1.91760966    1.75158676    2.42943031    2.40017798    2.25248945    1.97893460    2.61024298    2.35979617    2.64536529    3.20765212    2.44425087    2.09352505    2.00700619    1.89289353    1.84679270    1.79389402    1.84629805    1.64464854    2.00228780    1.87767703    1.69361019    1.66319133    1.74088802    1.64967067    1.67583873    1.81338968    1.64260554    1.69713224    1.89244355    1.88683557    1.94727418
A0A0D2U1U3_CAPO3/56-108     1.68404034    1.95843061    1.96092468    1.64134594    1.50103217    1.82517084    1.63400719    1.87771173    1.72581123    1.81065582    1.93898288    2.01805389    2.15781311    2.15488695    2.20774274    2.32149037    2.20630661    2.29357605    2.33805986    1.79025388    1.76969907    1.92698811    2.52577721    2.29635725    1.96945752    1.81943065    1.65737655    1.78440329    1.95682258    2.37039846    2.59498604    1.91760966    0.00000000    1.46120749    1.57004505    1.61106292    1.47658460    2.16078811    1.75680605    1.85684010    2.13554491    2.22063999    2.37314129    2.20843053    1.75351214    1.41517514    1.61995714    1.77294340    1.44526390    1.45586204    1.94470211    1.54764853    1.64214855    2.04306591    1.79484285    1.81172796    1.66632230    1.83346457    1.54747421    1.75427617    2.06734822    1.41645834    1.37742728
A0A0D2WUD4_CAPO3/84-140     1.38734881    1.29969520    1.41518712    1.40677286    1.24524955    1.39102688    1.28320318    1.58070073    1.45032468    1.46869077    1.53121377    1.62583360    1.76339225    1.59010347    1.98152751    1.70908178    1.58821752    1.63145019    1.45819199    1.55816378    1.53639152    1.48719877    1.82151506    1.61521325    1.61387274    1.65053649    1.62037586    1.76746923    1.82888529    1.82534625    1.92915833    1.75158676    1.46120749    0.00000000    1.24257181    1.28395628    1.55278504    1.75202413    1.31754853    1.27806090    1.55110799    2.40140901    1.53624584    1.40463899    1.46144422    1.26714976    1.32810516    1.00673699    1.29248026    1.31652893    1.57723379    1.23412865    1.32970212    1.25735671    1.04837514    1.15986631    0.96142847    1.10956523    1.23306121    1.32455873    1.35579171    1.15630878    1.20980675
I1CA18_RHIO9/119-174     1.54963348    1.50083215    1.69022234    1.77501971    1.80202675    1.73450098    1.67583428    1.85553162    1.70602100    1.63259101    1.79961537    1.70871337    1.97892339    2.06120424    2.43346884    2.15491442    2.24872916    1.94181986    1.95290211    1.90799386    1.63674331    2.38574897    2.26424918    2.65013700    2.31859436    1.68970581    1.65984151    1.72055835    1.72117854    2.02040678    2.11545947    2.42943031    1.57004505    1.24257181    0.00000000    1.03881311    1.26365492    1.94593811    1.40991119    1.55272273    1.73798485    2.34370822    1.81018835    1.58745798    1.17069654    1.45722679    1.17051682    1.16951063    1.29769421    1.23689363    1.30723391    1.16181340    1.31379009    1.21632329    1.03367628    1.08731530    1.04109292    1.41249893    1.11926275    1.34335185    1.46350822    1.19266601    1.36720460
A0A1X7UF18_AMPQE/20-72     1.79309882    1.66912054    1.67168956    1.50713000    1.69471879    1.66042050    1.45262609    1.92199929    1.57286340    2.00859832    1.88816461    2.01425220    2.35845067    1.95232137    2.59129852    2.45767932    2.53218545    2.17629254    2.12600697    2.39242049    2.22717304    1.98525042    2.08922139    2.07606750    2.02308188    2.09371294    1.89297023    2.04215872    1.82858456    2.23487706    1.80553493    2.40017798    1.61106292    1.28395628    1.03881311    0.00000000    1.82007192    1.94127506    1.29417561    1.56331249    1.23636034    1.77230837    1.32869734    1.27272781    1.27255977    1.07276093    1.27559619    1.15036352    1.20463660    1.46664347    1.37493986    0.90019433    1.01759104    1.09902701    0.98431560    1.16846216    1.02712787    1.05708388    0.93757312    0.97806177    1.35637351    0.93174419    1.00264354
B3RYC9_TRIAD/102-157     1.94567507    1.97567985    2.16432058    2.14462734    2.12661723    2.06994783    1.96022743    2.04950640    2.04791470    1.84480604    1.93819653    1.86476931    2.61524602    2.43818231    2.57592450    1.74863252    2.02439280    1.84177503    2.00098220    2.15088580    2.07170678    2.27817368    1.88623233    2.16578103    2.03329954    1.79897298    2.04901789    2.00325448    2.11376435    1.66136454    2.34871897    2.25248945    1.47658460    1.55278504    1.26365492    1.82007192    0.00000000    1.56970579    1.40589756    1.66256102    1.92229000    2.07446001    1.30320495    1.47106504    1.42788864    1.34452848    1.45713508    1.45879752    1.47229740    1.41053095    1.76609327    1.61872008    1.24445710    1.59579444    1.54440692    1.59349212    1.49525499    1.72675787    1.24925095    1.43112063    1.22729795    1.18124026    1.26702886
A2DQ30_TRIVA/9-63     1.77057797    1.89490527    1.80977989    1.70141065    1.65210747    1.83848016    1.62737913    1.68566861    1.68120740    1.76407437    1.75219154    2.12412067    2.39266234    2.35751856    2.00531259    2.17191871    2.02617938    1.84212642    1.87127496    2.22420662    2.19804460    2.11336957    2.11012616    1.85060555    1.64307480    1.86854797    1.63658190    1.84202503    1.60023069    2.02240571    2.26189890    1.97893460    2.16078811    1.75202413    1.94593811    1.94127506    1.56970579    0.00000000    1.80768782    1.90305498    2.11845853    1.59308380    1.50217345    1.43494315    1.70852154    1.38841689    1.68099802    1.51154387    1.50322491    1.48456700    2.00378472    1.60469168    1.63847833    2.06348192    1.62442982    1.74209611    1.54153464    1.61691934    1.72385956    1.73053320    1.74132282    1.60638435    1.65623030
D3B0T3_POLPP/6-64     2.01044644    2.20935143    2.01377761    2.10810018    2.03386944    2.00598849    2.00976416    2.11723283    2.16696976    1.73609085    2.01871458    1.99228491    2.49835896    2.18803322    2.23460512    2.29913207    2.30614609    2.37112151    2.16516184    2.31921240    2.34417978    2.34237628    2.63830822    2.03281470    2.13461155    2.23004258    2.01148270    1.91067522    1.97367000    2.10470845    2.05957207    2.61024298    1.75680605    1.31754853    1.40991119    1.29417561    1.40589756    1.80768782    0.00000000    0.79032244    0.59172605    2.00298118    1.30609071    1.38782215    1.49111828    1.17169915    1.24268760    1.18015082    1.20957257    1.25392514    1.57749534    1.56737869    1.37047576    1.47180883    1.34616744    1.44484512    1.32413689    1.43615531    1.32492729    1.39217385    1.48272246    1.26305104    1.50411553
F0ZMN9_DICPU/31-89     1.85085503    2.11156477    1.97358196    2.00006497    1.77549497    1.88116355    1.84372200    2.12474476    2.08368090    1.80438291    2.10543269    1.91421491    2.14656736    2.14580345    1.98203917    2.23011257    2.28340451    2.36343360    2.21665309    2.38745827    2.41916616    2.19188552    2.88610016    2.19041693    2.23427166    2.30374516    1.99212834    2.10845311    1.81530204    2.46584441    2.18065148    2.35979617    1.85684010    1.27806090    1.55272273    1.56331249    1.66256102    1.90305498    0.79032244    0.00000000    0.42525572    2.38919559    1.29241722    1.50379988    1.40109329    1.46707295    1.34616660    1.25661770    1.31396147    1.37090592    1.75907983    1.34075567    1.30728509    1.47340317    1.25514534    1.67096719    1.45948451    1.36072224    1.42168244    1.48523018    1.61338876    1.27120680    1.33383544
Q54GG5_DICDI/25-83     1.86678042    2.22033728    2.04631914    2.06670822    1.94633109    1.89179883    1.90179345    2.03294568    1.89333428    1.71862228    1.78049317    1.82541589    2.06619144    1.85532285    2.26401546    2.26783558    2.31002214    2.28074140    2.13047850    2.38955777    2.41562563    1.95949728    2.68295935    2.06087293    2.06713515    2.31248052    1.98353892    2.02461802    1.99617007    2.47305844    2.25162446    2.64536529    2.13554491    1.55110799    1.73798485    1.23636034    1.92229000    2.11845853    0.59172605    0.42525572    0.00000000    2.16343339    1.23768411    1.54897987    1.76859991    1.41017915    1.45360562    1.36282154    1.26655577    1.36794870    1.61324817    1.35721303    1.34053965    1.44932443    1.37689910    1.65418009    1.43904488    1.42783756    1.44846778    1.40178705    1.85818607    1.39064315    1.61771284
A2FR71_TRIVA/9-67     2.70529800    2.16789782    2.60013989    2.30076541    2.32247059    2.60545236    2.59395965    2.61029472    2.65676766    2.50882146    2.67115212    2.88138294    2.71170555    3.11966398    2.41176140    2.77439390    3.32468196    3.10346576    2.94219667    2.95772567    2.76991117    2.62832268    2.64297053    2.56294780    2.88113371    3.11769218    2.88988100    3.07855164    2.38318540    2.64686174    2.81578753    3.20765212    2.22063999    2.40140901    2.34370822    1.77230837    2.07446001    1.59308380    2.00298118    2.38919559    2.16343339    0.00000000    1.18598489    1.54716273    1.43530723    1.43206012    1.34066154    1.29343341    1.39261583    1.50580007    1.88898303    1.62770998    1.57092474    1.65256685    1.56628556    1.63454819    1.49381454    1.23410866    1.51301954    1.38202404    1.97604663    1.51775630    1.63668279
A2FPQ0_TRIVA/3-60     1.91812882    1.84274108    2.06748764    2.00867213    1.75189641    2.08662447    2.07010050    2.08907338    2.13055642    2.20941472    2.16709074    2.26049877    2.39138420    2.55624748    2.27699137    2.35345703    2.62639509    2.56955445    2.15172427    2.52182269    2.42008895    2.50066521    2.52101148    2.35871192    2.53678375    2.28650941    2.07321483    2.35110842    2.22083470    2.05293089    2.24473926    2.44425087    2.37314129    1.53624584    1.81018835    1.32869734    1.30320495    1.50217345    1.30609071    1.29241722    1.23768411    1.18598489    0.00000000    1.18193295    1.23004630    1.42750852    1.28190065    1.28170639    1.29403076    1.38847369    1.46870873    1.38335720    1.29745458    1.26416320    1.21077588    1.46931809    1.39961421    1.41960308    1.36456252    1.39744870    1.48101789    1.40705598    1.34661709
A2DQ34_TRIVA/7-66     1.98763156    2.01513416    2.12700033    1.98234083    1.93988564    2.21807739    2.07877314    2.17540871    2.18503804    2.07103877    2.42166170    2.47815723    2.71230824    2.58602071    2.21625286    2.27501581    2.69749373    2.50203451    2.34652723    2.41115834    2.24109580    2.24087353    2.27379541    2.42483072    2.25505471    1.91669463    1.87563354    1.95998349    2.20298582    2.40205112    2.51058146    2.09352505    2.20843053    1.40463899    1.58745798    1.27272781    1.47106504    1.43494315    1.38782215    1.50379988    1.54897987    1.54716273    1.18193295    0.00000000    1.43894652    1.21464293    1.15774864    1.15449950    1.04394289    1.25755707    1.46965247    1.14195062    1.24429225    1.37138432    1.25218909    1.38517149    1.31658657    1.19625144    1.32025290    1.19797035    1.55009751    1.33499649    1.42899718
