12
V5X943_MYCNE/5-146     0.00000000    0.38300955    0.51220026    0.65392839    1.27190800    1.11132837    1.28772795    1.31422866    0.57790059    0.63849790    0.66952319    0.69680866
PKNG_MYCS2/21-160     0.38300955    0.00000000    0.38132587    0.55877882    1.32428330    1.28845641    1.32888697    1.45049176    0.52778187    0.55766468    0.52272015    0.58457331
A1T2Z1_MYCVP/11-152     0.51220026    0.38132587    0.00000000    0.61982177    1.46956494    1.22261296    1.41334472    1.56164543    0.49727213    0.60893720    0.61457774    0.61475256
F5YZV5_MYCSD/26-157     0.65392839    0.55877882    0.61982177    0.00000000    1.14863874    1.25845786    1.19620238    1.24056549    0.52926817    0.57051580    0.67399124    0.64394599
H6MW15_GORPV/48-192     1.27190800    1.32428330    1.46956494    1.14863874    0.00000000    1.56059612    1.71570981    1.67435045    1.12661582    1.20291742    1.31568624    1.19592869
K0FE16_9NOCA/44-181     1.11132837    1.28845641    1.22261296    1.25845786    1.56059612    0.00000000    1.28461104    1.15135507    1.17063001    1.15475444    1.31286148    1.31151434
I0HC12_ACTM4/24-166     1.28772795    1.32888697    1.41334472    1.19620238    1.71570981    1.28461104    0.00000000    0.94994486    1.26553334    1.41887387    1.49809930    1.45433021
G2NKL2_STREK/53-191     1.31422866    1.45049176    1.56164543    1.24056549    1.67435045    1.15135507    0.94994486    0.00000000    1.39571349    1.57092803    1.58197021    1.62643478
PKNG_MYCTU/12-150     0.57790059    0.52778187    0.49727213    0.52926817    1.12661582    1.17063001    1.26553334    1.39571349    0.00000000    0.33779940    0.38117649    0.46055104
B2HPZ5_MYCMM/29-167     0.63849790    0.55766468    0.60893720    0.57051580    1.20291742    1.15475444    1.41887387    1.57092803    0.33779940    0.00000000    0.49359415    0.53531635
Q73T26_MYCPA/20-163     0.66952319    0.52272015    0.61457774    0.67399124    1.31568624    1.31286148    1.49809930    1.58197021    0.38117649    0.49359415    0.00000000    0.40681224
PKNG_MYCLE/15-159     0.69680866    0.58457331    0.61475256    0.64394599    1.19592869    1.31151434    1.45433021    1.62643478    0.46055104    0.53531635    0.40681224    0.00000000

