21
H0VBG1_CAVPO/142-232     0.00000000    0.36183883    0.29502442    0.50224750    0.69700605    1.42566831    1.47143259    1.00672625    0.95992568    1.09223600    1.10580627    1.07190963    0.93985099    0.91355546    0.68576901    0.57500201    0.53102461    3.39249335    0.29266085    0.31131874    0.30140122
L9L6Z8_TUPCH/123-208     0.36183883    0.00000000    0.30823303    0.50839698    0.88106350    1.28262725    1.51173271    0.99487081    0.92937515    1.00192016    1.04276943    1.10195227    0.90308070    0.93726424    0.79665424    0.55871852    0.50469190    3.01219344    0.20839881    0.25827609    0.34945773
F1SIM2_PIG/142-229     0.29502442    0.30823303    0.00000000    0.35756144    0.73890153    1.35245449    1.56336281    0.86549250    0.85214807    0.99200765    1.01638602    1.04844565    0.83238388    0.83126997    0.70457355    0.47536882    0.46657574    2.82264050    0.17502702    0.25189290    0.24283093
F7D1A2_ORNAN/146-227     0.50224750    0.50839698    0.35756144    0.00000000    0.71480033    1.36146382    1.60284639    0.82367136    0.87006910    1.07109100    0.92438670    1.02223982    0.91285715    0.94331895    0.58393580    0.49575843    0.43599196    2.99337145    0.37513186    0.40371981    0.46562090
F6VRS4_XENTR/135-219     0.69700605    0.88106350    0.73890153    0.71480033    0.00000000    1.32425067    1.54071123    1.12353778    1.00834256    1.21189394    1.17727312    1.21672275    1.21105260    1.15008159    0.72922108    0.62421044    0.62199160    3.52622970    0.69095393    0.69379455    0.68657031
K1PRM4_CRAGI/95-182     1.42566831    1.28262725    1.35245449    1.36146382    1.32425067    0.00000000    1.45121066    1.66045430    1.26095071    1.38446306    1.35459812    1.34059481    1.36973890    1.42867803    1.35559951    1.38671424    1.46912030    3.66407963    1.40588642    1.38777157    1.48486386
F6WZ68_CIOIN/99-182     1.47143259    1.51173271    1.56336281    1.60284639    1.54071123    1.45121066    0.00000000    1.63989514    1.69264014    2.05146629    1.99090327    2.03840681    1.85586979    1.69120679    1.78650184    1.69483518    1.42311083    4.10597411    1.48475473    1.59199682    1.63420583
F1QJH8_DANRE/170-254     1.00672625    0.99487081    0.86549250    0.82367136    1.12353778    1.66045430    1.63989514    0.00000000    0.66859155    0.71862080    0.78274829    0.79478275    0.83659517    0.67664596    0.66649426    0.61235382    0.84401346    3.49752709    0.89599234    0.81401921    0.94895920
G3NZG9_GASAC/152-237     0.95992568    0.92937515    0.85214807    0.87006910    1.00834256    1.26095071    1.69264014    0.66859155    0.00000000    0.50758754    0.50805843    0.40000963    0.44430449    0.35661039    0.85343476    0.78223312    0.90464025    2.87488470    0.87046896    0.83343320    0.97144949
I3JVZ5_ORENI/181-264     1.09223600    1.00192016    0.99200765    1.07109100    1.21189394    1.38446306    2.05146629    0.71862080    0.50758754    0.00000000    0.52309126    0.52782941    0.55426161    0.52209995    0.91899280    0.77620391    1.07495463    3.75582950    1.04907707    1.08032913    1.03095698
H2LY26_ORYLA/174-255     1.10580627    1.04276943    1.01638602    0.92438670    1.17727312    1.35459812    1.99090327    0.78274829    0.50805843    0.52309126    0.00000000    0.48800627    0.55273355    0.45771610    0.88934341    0.88310840    1.04256856    3.06079016    1.03777525    1.03988849    1.05687133
M3ZZ08_XIPMA/182-265     1.07190963    1.10195227    1.04844565    1.02223982    1.21672275    1.34059481    2.03840681    0.79478275    0.40000963    0.52782941    0.48800627    0.00000000    0.49228244    0.37835117    0.96904484    0.94056986    1.06012290    3.36269506    1.02199430    1.02657293    1.18074596
H2SQH5_TAKRU/162-247     0.93985099    0.90308070    0.83238388    0.91285715    1.21105260    1.36973890    1.85586979    0.83659517    0.44430449    0.55426161    0.55273355    0.49228244    0.00000000    0.22942451    0.89702313    0.77443913    1.04109674    3.40605286    0.86002304    0.83374039    0.92167553
H3DLD4_TETNG/145-231     0.91355546    0.93726424    0.83126997    0.94331895    1.15008159    1.42867803    1.69120679    0.67664596    0.35661039    0.52209995    0.45771610    0.37835117    0.22942451    0.00000000    0.96484564    0.80613320    1.01835320    3.18642446    0.84658016    0.82489807    0.92551272
W5MJI7_LEPOC/132-216     0.68576901    0.79665424    0.70457355    0.58393580    0.72922108    1.35559951    1.78650184    0.66649426    0.85343476    0.91899280    0.88934341    0.96904484    0.89702313    0.96484564    0.00000000    0.62822659    0.67144337    3.05338543    0.72068392    0.71623316    0.72956387
H0Z507_TAEGU/299-383     0.57500201    0.55871852    0.47536882    0.49575843    0.62421044    1.38671424    1.69483518    0.61235382    0.78223312    0.77620391    0.88310840    0.94056986    0.77443913    0.80613320    0.62822659    0.00000000    0.36530350    2.86611741    0.49192421    0.48904162    0.46414195
G1KC12_ANOCA/126-207     0.53102461    0.50469190    0.46657574    0.43599196    0.62199160    1.46912030    1.42311083    0.84401346    0.90464025    1.07495463    1.04256856    1.06012290    1.04109674    1.01835320    0.67144337    0.36530350    0.00000000    2.60306992    0.44752951    0.50137606    0.42400033
G1PB45_MYOLU/429-508     3.39249335    3.01219344    2.82264050    2.99337145    3.52622970    3.66407963    4.10597411    3.49752709    2.87488470    3.75582950    3.06079016    3.36269506    3.40605286    3.18642446    3.05338543    2.86611741    2.60306992    0.00000000    2.75880542    2.83508833    2.62091503
H2QUF5_PANTR/142-229     0.29266085    0.20839881    0.17502702    0.37513186    0.69095393    1.40588642    1.48475473    0.89599234    0.87046896    1.04907707    1.03777525    1.02199430    0.86002304    0.84658016    0.72068392    0.49192421    0.44752951    2.75880542    0.00000000    0.16664414    0.18433138
M3W821_FELCA/142-229     0.31131874    0.25827609    0.25189290    0.40371981    0.69379455    1.38777157    1.59199682    0.81401921    0.83343320    1.08032913    1.03988849    1.02657293    0.83374039    0.82489807    0.71623316    0.48904162    0.50137606    2.83508833    0.16664414    0.00000000    0.24018213
H0WJC1_OTOGA/142-228     0.30140122    0.34945773    0.24283093    0.46562090    0.68657031    1.48486386    1.63420583    0.94895920    0.97144949    1.03095698    1.05687133    1.18074596    0.92167553    0.92551272    0.72956387    0.46414195    0.42400033    2.62091503    0.18433138    0.24018213    0.00000000

