21
H3G3A2_PRIPA/617-738     0.00000000    0.58630044    0.43825037    1.67176673    1.46961258    1.59990936    1.38228613    1.53289907    1.54418091    1.51210182    2.22640493    1.87371745    1.96922265    1.93378860    2.09365141    1.94607015    1.82261900    2.17194261    2.67796693    2.13230840    2.19109956
H3G3A2_PRIPA/355-476     0.58630044    0.00000000    0.37761549    1.73212767    1.74091096    1.52844814    1.31830439    1.75436594    1.92295757    1.83661949    2.14823074    1.85524819    1.92595532    1.85154732    1.78821964    1.84119134    1.84677460    2.26020347    2.86226816    2.26723398    2.23117468
H3G3A2_PRIPA/486-607     0.43825037    0.37761549    0.00000000    1.61234034    1.69983473    1.50882463    1.39999609    1.65309186    1.64812394    1.74425014    2.26381973    1.75580882    1.90144445    1.93182613    2.01759690    1.94035786    1.79053936    2.17747527    2.66932810    2.35714440    2.25202501
A0A0K0JLL5_BRUMA/233-351     1.67176673    1.73212767    1.61234034    0.00000000    2.26334764    2.10234892    2.01167978    2.30863791    2.34178726    2.17843780    2.40495438    2.03360148    2.09152812    2.21941190    2.30402939    2.30902878    2.21214381    3.00568318    2.74029990    2.55394249    2.48908589
H3G3A2_PRIPA/883-999     1.46961258    1.74091096    1.69983473    2.26334764    0.00000000    1.65600367    1.98532383    1.63067624    1.73701582    1.68352412    2.60025724    2.19109580    2.04676128    1.97404845    1.99576419    2.06426396    2.07007090    2.52571192    2.66555236    2.81563988    2.80083461
A0A0K0JLL5_BRUMA/358-475     1.59990936    1.52844814    1.50882463    2.10234892    1.65600367    0.00000000    1.98270036    2.09838197    2.26253857    2.23593700    2.25596531    2.23601952    2.03276692    2.12635435    2.18327047    2.31421478    2.18058565    2.51155054    2.41218940    2.91481237    2.71692474
H3G3A2_PRIPA/752-869     1.38228613    1.31830439    1.39999609    2.01167978    1.98532383    1.98270036    0.00000000    1.71894447    1.60850935    1.65205314    2.11162286    2.19983412    2.11747254    2.12287895    2.01300523    1.99301223    1.97970633    2.23476096    2.48320664    2.17469352    2.22403863
A0A2H2I7W4_CAEJA/1018-1138     1.53289907    1.75436594    1.65309186    2.30863791    1.63067624    2.09838197    1.71894447    0.00000000    0.37235632    0.38501913    2.04685340    2.10370143    2.00562036    2.04111353    2.16296580    2.09360343    2.08724339    2.03664766    2.15350141    2.79644003    2.68481357
G0NX67_CAEBE/1048-1169     1.54418091    1.92295757    1.64812394    2.34178726    1.73701582    2.26253857    1.60850935    0.37235632    0.00000000    0.25317116    1.99426987    2.01466634    2.00486036    1.96334873    2.10795946    2.03417457    1.98525995    2.14212094    2.16700613    2.74485740    2.83564327
G5EF32_CAEEL/1294-1419     1.51210182    1.83661949    1.74425014    2.17843780    1.68352412    2.23593700    1.65205314    0.38501913    0.25317116    0.00000000    1.95664158    1.98730806    2.05461088    2.02261927    2.05652406    2.08385279    2.08630339    2.15427906    2.23815698    2.77441659    2.79335904
E3LPK6_CAERE/907-1023     2.22640493    2.14823074    2.26381973    2.40495438    2.60025724    2.25596531    2.11162286    2.04685340    1.99426987    1.95664158    0.00000000    0.56342909    0.54946329    0.46179045    0.53747086    0.53460734    0.43912209    2.33555241    2.32140747    2.12614361    2.18210886
G5EF32_CAEEL/767-885     1.87371745    1.85524819    1.75580882    2.03360148    2.19109580    2.23601952    2.19983412    2.10370143    2.01466634    1.98730806    0.56342909    0.00000000    0.31074264    0.24505093    0.37103724    0.36291886    0.35760614    2.48523896    2.27782533    2.21005374    2.22527855
A8XUQ7_CAEBR/474-591     1.96922265    1.92595532    1.90144445    2.09152812    2.04676128    2.03276692    2.11747254    2.00562036    2.00486036    2.05461088    0.54946329    0.31074264    0.00000000    0.29791048    0.37864277    0.37746128    0.38762826    2.46385448    2.25627728    1.86879562    1.90578245
G5EF32_CAEEL/147-264     1.93378860    1.85154732    1.93182613    2.21941190    1.97404845    2.12635435    2.12287895    2.04111353    1.96334873    2.02261927    0.46179045    0.24505093    0.29791048    0.00000000    0.29212594    0.30381530    0.24363131    2.48636451    2.40464145    2.03305069    2.08764715
A0A2H2I7W4_CAEJA/620-737     2.09365141    1.78821964    2.01759690    2.30402939    1.99576419    2.18327047    2.01300523    2.16296580    2.10795946    2.05652406    0.53747086    0.37103724    0.37864277    0.29212594    0.00000000    0.31559272    0.43068344    2.47376506    2.34868103    2.23179638    2.32443891
A8XUQ7_CAEBR/723-842     1.94607015    1.84119134    1.94035786    2.30902878    2.06426396    2.31421478    1.99301223    2.09360343    2.03417457    2.08385279    0.53460734    0.36291886    0.37746128    0.30381530    0.31559272    0.00000000    0.24907112    2.44560564    2.35026788    2.17579443    2.03069474
G5EF32_CAEEL/892-1011     1.82261900    1.84677460    1.79053936    2.21214381    2.07007090    2.18058565    1.97970633    2.08724339    1.98525995    2.08630339    0.43912209    0.35760614    0.38762826    0.24363131    0.43068344    0.24907112    0.00000000    2.38299785    2.45141894    1.85801444    1.95603990
G0NX67_CAEBE/28-140     2.17194261    2.26020347    2.17747527    3.00568318    2.52571192    2.51155054    2.23476096    2.03664766    2.14212094    2.15427906    2.33555241    2.48523896    2.46385448    2.48636451    2.47376506    2.44560564    2.38299785    0.00000000    2.52643836    2.17255743    2.33038428
G5EF32_CAEEL/1017-1134     2.67796693    2.86226816    2.66932810    2.74029990    2.66555236    2.41218940    2.48320664    2.15350141    2.16700613    2.23815698    2.32140747    2.27782533    2.25627728    2.40464145    2.34868103    2.35026788    2.45141894    2.52643836    0.00000000    1.97702637    2.05998191
G0NX67_CAEBE/913-1033     2.13230840    2.26723398    2.35714440    2.55394249    2.81563988    2.91481237    2.17469352    2.79644003    2.74485740    2.77441659    2.12614361    2.21005374    1.86879562    2.03305069    2.23179638    2.17579443    1.85801444    2.17255743    1.97702637    0.00000000    0.25941344
G5EF32_CAEEL/1160-1279     2.19109956    2.23117468    2.25202501    2.48908589    2.80083461    2.71692474    2.22403863    2.68481357    2.83564327    2.79335904    2.18210886    2.22527855    1.90578245    2.08764715    2.32443891    2.03069474    1.95603990    2.33038428    2.05998191    0.25941344    0.00000000

