20
H3B3I7_LATCH/29-233     0.00000000    0.32157237    0.17499014    0.35052759    0.46270258    0.51367158    0.53866799    1.83383981    1.99872683    1.89069327    1.95624791    2.09556079    0.83862824    0.81409801    1.28583186    0.98904209    0.86398736    0.16713511    0.24317431    0.29959790
F6RVE7_ORNAN/42-248     0.32157237    0.00000000    0.32599279    0.45555235    0.59260976    0.61756568    0.64284815    1.90177460    1.98346095    1.95656819    1.93551363    1.98456146    0.93879587    0.89524816    1.53375908    1.07359163    0.98908833    0.34209455    0.42468313    0.46609397
G1N449_MELGA/26-231     0.17499014    0.32599279    0.00000000    0.36605482    0.46728612    0.50689321    0.52867641    1.79091793    1.89780836    1.79545566    1.94825569    1.94818675    0.87434479    0.81692902    1.38918873    0.96319944    0.89212827    0.23215741    0.29701262    0.31472911
A0A7N4PVG6_SARHA/29-238     0.35052759    0.45555235    0.36605482    0.00000000    0.44985559    0.51416302    0.51079798    1.72819837    1.88427990    1.88668813    1.84246984    1.81782825    0.89991508    0.86978922    1.35949550    1.08943069    0.94892675    0.39448339    0.43444205    0.41521476
G1TG32_RABIT/29-237     0.46270258    0.59260976    0.46728612    0.44985559    0.00000000    0.15106134    0.17095691    1.81650389    1.95723502    1.76599913    1.75229942    1.95573870    0.91551724    0.86638388    1.30070122    1.21119391    1.10131784    0.46930607    0.51354783    0.49771583
W5Q0M5_SHEEP/55-274     0.51367158    0.61756568    0.50689321    0.51416302    0.15106134    0.00000000    0.20950331    1.72934547    1.78277702    1.70382603    1.74660460    1.77535538    0.92177320    0.89266328    1.41552849    1.24722936    1.13141760    0.52956709    0.55814075    0.60164800
F1RNI1_PIG/29-237     0.53866799    0.64284815    0.52867641    0.51079798    0.17095691    0.20950331    0.00000000    1.90004023    2.11614577    1.81048214    1.91344339    1.96338178    0.96914658    0.90402432    1.44244902    1.23866180    1.18447985    0.54258512    0.59388205    0.59711868
F7C1N1_HORSE/8-225     1.83383981    1.90177460    1.79091793    1.72819837    1.81650389    1.72934547    1.90004023    0.00000000    0.58903890    0.46463900    0.44817713    0.58639919    2.13551057    2.05005167    2.49800376    2.32228968    1.98449130    1.90936304    1.98214202    1.99731336
H0WWF5_OTOGA/27-259     1.99872683    1.98346095    1.89780836    1.88427990    1.95723502    1.78277702    2.11614577    0.58903890    0.00000000    0.76578776    0.70846806    0.88693679    2.50075170    2.12926562    2.69677737    2.52873338    2.34462508    2.08034987    2.27961780    2.06772109
F1PAN1_CANLF/27-237     1.89069327    1.95656819    1.79545566    1.88668813    1.76599913    1.70382603    1.81048214    0.46463900    0.76578776    0.00000000    0.48142843    0.62325713    2.04989874    1.94814095    2.54717124    2.25008291    2.02646231    1.88715019    1.99855729    2.05829622
F1MIY1_BOVIN/27-243     1.95624791    1.93551363    1.94825569    1.84246984    1.75229942    1.74660460    1.91344339    0.44817713    0.70846806    0.48142843    0.00000000    0.66137603    2.30203742    2.10699981    2.28549152    2.23002994    1.95860961    1.89122160    2.01474238    2.02062014
M3VXU4_FELCA/8-223     2.09556079    1.98456146    1.94818675    1.81782825    1.95573870    1.77535538    1.96338178    0.58639919    0.88693679    0.62325713    0.66137603    0.00000000    2.17777278    1.94922753    2.34783228    2.06403737    1.88707037    2.01494192    2.19084867    2.11301416
I3IU11_ORENI/37-218     0.83862824    0.93879587    0.87434479    0.89991508    0.91551724    0.92177320    0.96914658    2.13551057    2.50075170    2.04989874    2.30203742    2.17777278    0.00000000    0.52601100    1.22386316    1.10753901    0.91839518    0.84403166    0.92171954    0.96211542
F1R8G2_DANRE/36-211     0.81409801    0.89524816    0.81692902    0.86978922    0.86638388    0.89266328    0.90402432    2.05005167    2.12926562    1.94814095    2.10699981    1.94922753    0.52601100    0.00000000    1.05062498    0.98851017    0.80075369    0.72722630    0.81275845    0.81665110
G1P4F5_MYOLU/1-215     1.28583186    1.53375908    1.38918873    1.35949550    1.30070122    1.41552849    1.44244902    2.49800376    2.69677737    2.54717124    2.28549152    2.34783228    1.22386316    1.05062498    0.00000000    0.76029110    0.67590861    1.36695706    1.41076556    1.49953055
E1BSR1_CHICK/30-197     0.98904209    1.07359163    0.96319944    1.08943069    1.21119391    1.24722936    1.23866180    2.32228968    2.52873338    2.25008291    2.23002994    2.06403737    1.10753901    0.98851017    0.76029110    0.00000000    0.22371141    0.96149666    1.04448758    1.01268885
U3ITL7_ANAPP/32-199     0.86398736    0.98908833    0.89212827    0.94892675    1.10131784    1.13141760    1.18447985    1.98449130    2.34462508    2.02646231    1.95860961    1.88707037    0.91839518    0.80075369    0.67590861    0.22371141    0.00000000    0.87310936    0.95969633    0.93388982
W5M628_LEPOC/29-233     0.16713511    0.34209455    0.23215741    0.39448339    0.46930607    0.52956709    0.54258512    1.90936304    2.08034987    1.88715019    1.89122160    2.01494192    0.84403166    0.72722630    1.36695706    0.96149666    0.87310936    0.00000000    0.18854046    0.25537699
E7F015_DANRE/29-237     0.24317431    0.42468313    0.29701262    0.43444205    0.51354783    0.55814075    0.59388205    1.98214202    2.27961780    1.99855729    2.01474238    2.19084867    0.92171954    0.81275845    1.41076556    1.04448758    0.95969633    0.18854046    0.00000000    0.27552129
G3PSQ3_GASAC/29-230     0.29959790    0.46609397    0.31472911    0.41521476    0.49771583    0.60164800    0.59711868    1.99731336    2.06772109    2.05829622    2.02062014    2.11301416    0.96211542    0.81665110    1.49953055    1.01268885    0.93388982    0.25537699    0.27552129    0.00000000

