8
F3YYX8_DESAF/30-168     0.00000000    1.78452237    1.88206139    2.52063596    2.27016412    2.40286601    2.27184518    2.38528472
F9ZXT7_METMM/30-169     1.78452237    0.00000000    1.22351982    2.90784695    2.97404453    3.61705840    2.73883398    2.91129707
B7VSV7_VIBA3/33-173     1.88206139    1.22351982    0.00000000    2.15042977    2.23753470    2.67760682    2.11364734    2.23470669
Q88LG3_PSEPK/47-196     2.52063596    2.90784695    2.15042977    0.00000000    0.41610533    0.53138015    0.46811278    0.54863178
S6AGQ2_PSERE/47-195     2.27016412    2.97404453    2.23753470    0.41610533    0.00000000    0.39124823    0.25553469    0.42662090
A4VMQ8_PSEU5/100-248     2.40286601    3.61705840    2.67760682    0.53138015    0.39124823    0.00000000    0.34164288    0.53800284
A4XST9_PSEMY/47-195     2.27184518    2.73883398    2.11364734    0.46811278    0.25553469    0.34164288    0.00000000    0.34848851
Q9HZP3_PSEAE/51-199     2.38528472    2.91129707    2.23470669    0.54863178    0.42662090    0.53800284    0.34848851    0.00000000

