6
D5EVM7_PRER2/208-460     0.00000000    1.59111541    1.52866452    1.38910179    1.26471859    1.36879971
C7M5H8_CAPOD/202-452     1.59111541    0.00000000    1.38552914    1.15405647    1.27862451    1.50077919
A0A174E933_9BACE/210-461     1.52866452    1.38552914    0.00000000    1.01151271    1.05864863    1.11256460
Q8A6W5_BACTN/209-459     1.38910179    1.15405647    1.01151271    0.00000000    0.68795594    0.70078656
R6MDW4_9BACE/207-460     1.26471859    1.27862451    1.05864863    0.68795594    0.00000000    0.50595680
R5CAS1_9BACT/208-462     1.36879971    1.50077919    1.11256460    0.70078656    0.50595680    0.00000000

