42
M5E470_9GAMM/154-213     0.00000000    1.43858309    1.32530063    2.68356992    2.03210472    1.67284227    1.77114264    2.06767881    2.21465614    1.33278378    1.94301485    1.45956199    1.62289727    2.28134071    1.57409813    1.68193383    1.71082324    1.51894399    1.67164988    1.91975030    1.85632302    1.81758148    2.01408211    1.67081988    1.56350774    1.88593000    1.52289451    1.42669137    2.47390578    2.16516385    1.93306842    1.86227006    1.64806767    2.03908383    1.86250671    1.77100588    1.74303509    1.96626629    2.30030794    2.01449857    2.21843327    1.38109479
A0KPN3_AERHH/162-221     1.43858309    0.00000000    0.69891161    1.61654190    1.70808234    1.50236320    1.82569805    2.21584816    1.65045879    1.63285916    1.87893594    1.57679223    1.52493178    2.18354004    1.22255849    1.12439869    0.96536042    1.32221767    1.61150543    1.78815122    1.47067766    1.79496410    1.46453291    1.72188473    1.63962160    1.63504615    1.29551882    1.32122211    1.49588846    1.39730687    1.50053866    1.50250750    1.47416272    1.50509209    1.66584349    1.44097776    1.52762690    1.97887048    1.94631702    1.83455882    1.84700806    1.29056772
C4LB53_TOLAT/169-228     1.32530063    0.69891161    0.00000000    1.66683847    1.67426067    1.51734505    2.02253980    2.22421113    2.15887859    1.67443644    1.87587498    1.70115397    1.64669046    2.27966050    1.28527575    1.03340427    1.16647748    1.52184576    1.64161801    1.59375061    1.60958263    1.69870869    1.46071836    1.59176895    1.73048946    1.58715884    1.20515209    1.23884150    1.21299389    0.93757525    1.01493070    1.27556411    1.35503401    1.49163797    1.47189952    1.63335444    1.64801650    1.93332581    1.97227456    1.59209363    1.54984735    1.38286361
K4KK90_SIMAS/160-217     2.68356992    1.61654190    1.66683847    0.00000000    1.77595223    1.23098617    1.84874905    2.62747441    2.37140675    1.90469561    2.31550565    1.85830821    1.68334578    2.32895989    1.57646214    1.37604636    1.46085144    1.62529291    1.60191897    1.90699375    1.62289921    1.82829646    2.41670678    1.60328446    1.83203243    1.71871880    1.92979983    1.55715622    1.72748815    2.08351962    2.47572256    1.51778449    1.38042226    2.19660465    2.51643700    2.51985359    2.39380404    3.11404596    2.80757289    2.04533149    2.99198214    1.83821737
B3PB92_CELJU/222-281     2.03210472    1.70808234    1.67426067    1.77595223    0.00000000    0.99358584    2.21110606    2.48890461    2.14264659    1.65773626    1.85777541    1.62250493    2.06746411    1.65760378    1.64730627    1.62799580    1.76851109    1.85995193    2.32384012    2.65187964    2.27032311    2.53535842    2.35196307    2.08631856    2.21330234    1.82194901    2.45334691    2.34591416    2.19735246    2.02555572    2.30064569    2.13079112    1.71318771    1.74408450    1.79768435    1.67422892    1.58552704    1.93866025    1.69804072    1.97201114    2.24804959    1.60988203
C5BR37_TERTT/246-304     1.67284227    1.50236320    1.51734505    1.23098617    0.99358584    0.00000000    1.78844554    2.04207625    1.93642957    1.40770677    2.03645958    1.17105037    1.59818004    1.58742431    1.15456744    1.22571210    1.18994642    1.79016005    1.65478568    1.68306905    1.68210798    1.85759168    1.69191670    1.47732985    1.73177426    1.76477632    1.96809352    1.79869517    1.52227305    1.85978113    1.82075540    1.39285112    1.57362620    1.59995754    1.69283695    1.97811251    2.22865744    2.55209914    1.68213886    2.05413586    2.25663429    1.39826242
Q60CP5_METCA/209-267     1.77114264    1.82569805    2.02253980    1.84874905    2.21110606    1.78844554    0.00000000    1.49972849    1.26871109    1.83935116    2.05672022    1.47892465    1.89323577    1.96270193    1.79305124    1.84047867    2.04080222    1.92621945    2.00884461    2.32700855    2.27852649    2.27399601    1.85510375    1.94509557    2.26508986    2.20171851    1.76949353    2.21031773    2.28183607    2.34391455    2.16151761    2.16422284    1.76349506    1.66800167    1.72691454    1.94537013    1.54985175    1.65966678    2.40576974    2.24283562    1.91595043    1.90769768
F9ZY69_METMM/211-269     2.06767881    2.21584816    2.22421113    2.62747441    2.48890461    2.04207625    1.49972849    0.00000000    0.81749701    1.48301836    1.91577368    1.55062564    1.91350287    2.78637352    1.94898748    2.07538551    2.11043855    2.17908617    1.54802718    1.64927031    1.75432836    2.17487475    1.95511995    1.63128422    1.65563860    2.01075563    2.26373540    2.05956837    2.55090845    1.99438093    1.96736420    1.58045697    1.89254098    2.81029608    2.58288850    2.27988833    1.85641436    1.82436750    2.21477150    2.17751011    2.74450345    1.86877664
H8GJS4_METAL/227-285     2.21465614    1.65045879    2.15887859    2.37140675    2.14264659    1.93642957    1.26871109    0.81749701    0.00000000    1.29830695    2.09299164    1.56533046    1.56194669    1.93325285    1.74939352    1.84181278    1.66045844    1.86445072    1.64671372    1.55281802    1.92057432    2.13816959    2.12150380    1.59818050    1.95596472    2.21869538    2.32633422    2.20968974    2.26949351    1.98815949    1.89630681    1.45419827    1.86404019    2.37184619    2.28351220    1.85514310    1.68412064    1.72459968    2.27753009    2.36520446    2.41886928    1.53204182
E1VQH0_9GAMM/294-353     1.33278378    1.63285916    1.67443644    1.90469561    1.65773626    1.40770677    1.83935116    1.48301836    1.29830695    0.00000000    1.10288213    1.02460454    0.97056570    1.96740349    1.24939242    1.21101507    1.26701768    1.46543525    1.41290870    1.27888767    1.55121383    1.54807729    1.79629152    1.63266512    1.56170912    2.02651280    1.50817846    1.55929336    1.59243685    1.34809837    1.35449025    1.27720023    1.15522220    2.30322851    1.97133859    2.24257140    1.78917007    1.89096407    2.08080780    2.32494642    2.47657926    1.24849652
V4IKR6_9DELT/155-214     1.94301485    1.87893594    1.87587498    2.31550565    1.85777541    2.03645958    2.05672022    1.91577368    2.09299164    1.10288213    0.00000000    1.60705708    1.41120294    1.71644457    2.16981496    2.01874928    2.29601618    1.86710107    1.70286066    1.67166791    1.52844812    1.54484469    1.76129399    1.88987756    1.80555327    1.88422743    2.25716659    1.97793957    2.58188232    2.00387920    2.06256433    1.97331200    1.51088098    1.71572274    1.61236057    1.40083530    1.29783484    1.20511549    1.70060199    1.34880732    1.62181362    1.35796270
M1F8B6_9ALTE/188-246     1.45956199    1.57679223    1.70115397    1.85830821    1.62250493    1.17105037    1.47892465    1.55062564    1.56533046    1.02460454    1.60705708    0.00000000    0.81645760    1.33809136    1.31660222    1.40750148    1.30158898    1.40039632    1.45382310    1.53308060    1.62657016    1.62618394    1.98814392    1.49141740    1.81816349    2.05589288    1.75397893    1.50256383    1.55504256    1.98268176    1.67376705    1.53756753    1.71175624    1.95758015    1.83576887    1.95120885    1.41779773    1.57584302    2.02195152    1.98467783    1.70867733    1.01015888
Q2SIT2_HAHCH/203-261     1.62289727    1.52493178    1.64669046    1.68334578    2.06746411    1.59818004    1.89323577    1.91350287    1.56194669    0.97056570    1.41120294    0.81645760    0.00000000    1.50773497    1.48882816    1.55595609    1.57330394    1.29984038    1.51810374    1.65183737    1.73364232    1.65122336    1.78079787    1.75368918    1.60637380    1.64116029    1.37574980    1.47080239    1.31158921    1.65285443    1.44157164    1.44098354    1.48823912    2.35179234    2.05014987    1.97346502    1.47909781    1.77623637    2.20351403    1.88077688    2.27770447    1.28472563
Q21LM0_SACD2/206-264     2.28134071    2.18354004    2.27966050    2.32895989    1.65760378    1.58742431    1.96270193    2.78637352    1.93325285    1.96740349    1.71644457    1.33809136    1.50773497    0.00000000    2.05645525    1.85445655    1.65043956    1.88777069    2.54853644    2.65839849    2.41489377    2.49126182    2.14251721    2.13688669    2.60390653    2.99737444    1.98360273    2.05531175    2.10151065    2.43027693    2.17296096    2.07606944    2.17486659    1.96591688    1.79114739    1.92271319    1.67767324    1.63989241    2.17484748    1.93011791    1.92737008    1.59076313
GSPB_DICD3/127-186     1.57409813    1.22255849    1.28527575    1.57646214    1.64730627    1.15456744    1.79305124    1.94898748    1.74939352    1.24939242    2.16981496    1.31660222    1.48882816    2.05645525    0.00000000    0.47610981    0.49606253    1.46775783    1.81848869    1.79606920    2.04237970    2.21098459    1.70410261    1.67748628    1.85154226    2.03011209    1.59243205    1.26881248    1.39215832    1.42162696    1.44492870    1.26084109    1.03576287    1.62481187    1.48385264    1.74292673    1.81899521    2.24318313    1.65158254    1.63445372    2.21361483    1.19475001
W0L9D7_9GAMM/108-167     1.68193383    1.12439869    1.03340427    1.37604636    1.62799580    1.22571210    1.84047867    2.07538551    1.84181278    1.21101507    2.01874928    1.40750148    1.55595609    1.85445655    0.47610981    0.00000000    0.41800533    1.21377995    1.60113636    1.58388522    1.77342502    1.80659658    1.32136597    1.25555210    1.82288065    1.76832808    1.53480547    0.99897875    1.24957764    1.29554351    1.32522292    1.17653688    1.10928627    1.53877496    1.37007719    1.72319104    1.57388755    1.80386162    1.59917027    1.38821877    1.84903911    1.05928815
Q6D2I2_PECAS/107-166     1.71082324    0.96536042    1.16647748    1.46085144    1.76851109    1.18994642    2.04080222    2.11043855    1.66045844    1.26701768    2.29601618    1.30158898    1.57330394    1.65043956    0.49606253    0.41800533    0.00000000    1.26596877    1.46404686    1.38656127    1.46906325    1.65574994    1.42716784    1.56733005    1.95867845    2.11658082    1.71181754    1.09832685    1.30244735    1.33952816    1.40077422    1.51291563    1.21333773    1.88207078    1.59551523    1.84784583    1.59737196    1.65876055    1.72695683    1.79437962    2.05483255    1.06333770
E1SWJ8_FERBD/207-266     1.51894399    1.32221767    1.52184576    1.62529291    1.85995193    1.79016005    1.92621945    2.17908617    1.86445072    1.46543525    1.86710107    1.40039632    1.29984038    1.88777069    1.46775783    1.21377995    1.26596877    0.00000000    0.67133634    0.78889900    0.82482359    0.88055216    1.62552952    1.21232990    1.37633717    1.45385081    1.14681789    1.10630713    1.43421087    1.75462821    1.64923599    1.39554706    1.19758337    1.52737627    1.44458249    1.46466126    1.17996202    1.42143650    1.94053636    1.56290997    1.47834368    1.13945663
Q07YU3_SHEFN/309-368     1.67164988    1.61150543    1.64161801    1.60191897    2.32384012    1.65478568    2.00884461    1.54802718    1.64671372    1.41290870    1.70286066    1.45382310    1.51810374    2.54853644    1.81848869    1.60113636    1.46404686    0.67133634    0.00000000    0.32505601    0.36496432    0.30645684    1.30768468    1.04544347    1.27246599    1.20505966    1.34921484    1.26412868    1.20178646    1.67877858    1.81112929    1.38191799    1.48324275    2.09536860    2.11994265    1.92803192    1.58658023    1.45013295    1.91943272    1.75536806    1.78906661    1.58304288
A1S3T7_SHEAM/310-369     1.91975030    1.78815122    1.59375061    1.90699375    2.65187964    1.68306905    2.32700855    1.64927031    1.55281802    1.27888767    1.67166791    1.53308060    1.65183737    2.65839849    1.79606920    1.58388522    1.38656127    0.78889900    0.32505601    0.00000000    0.37607453    0.31734792    1.44256785    1.27820222    1.34336745    1.16819830    1.27960416    1.19801194    1.15367220    1.68499358    1.78504105    1.18738624    1.40512838    2.12134713    1.97059354    1.63127969    1.36064147    1.37795972    2.01170859    1.90032935    1.71322060    1.36386957
Q12KC6_SHEDO/360-419     1.85632302    1.47067766    1.60958263    1.62289921    2.27032311    1.68210798    2.27852649    1.75432836    1.92057432    1.55121383    1.52844812    1.62657016    1.73364232    2.41489377    2.04237970    1.77342502    1.46906325    0.82482359    0.36496432    0.37607453    0.00000000    0.24553697    1.44735714    1.11382093    1.25196884    1.18721553    1.42724926    1.33101840    1.21533350    1.71825543    1.89757420    1.35950999    1.37413158    1.90090052    1.85697299    1.67486707    1.44243360    1.45908683    1.86125690    1.38848489    1.69067463    1.48125092
Q8EHC9_SHEON/308-367     1.81758148    1.79496410    1.69870869    1.82829646    2.53535842    1.85759168    2.27399601    2.17487475    2.13816959    1.54807729    1.54484469    1.62618394    1.65122336    2.49126182    2.21098459    1.80659658    1.65574994    0.88055216    0.30645684    0.31734792    0.24553697    0.00000000    1.29041666    1.12573364    1.43169002    1.37317367    1.39062041    1.41884868    1.30631675    1.76628202    1.97833696    1.34133361    1.48417092    2.05643670    2.03180724    1.84369292    1.45226842    1.29583453    2.16789520    1.88185955    1.91842671    1.48160750
Q9KPC8_VIBCH/191-250     2.01408211    1.46453291    1.46071836    2.41670678    2.35196307    1.69191670    1.85510375    1.95511995    2.12150380    1.79629152    1.76129399    1.98814392    1.78079787    2.14251721    1.70410261    1.32136597    1.42716784    1.62552952    1.30768468    1.44256785    1.44735714    1.29041666    0.00000000    0.77856270    0.81977906    0.94537437    1.10119451    1.22889856    1.50403401    1.72269573    1.70687942    1.37094261    1.41911755    1.63279048    1.63567222    1.75298440    1.58226849    1.41330639    1.85569719    1.56163394    1.96104199    1.74304058
Q87SK7_VIBPA/162-221     1.67081988    1.72188473    1.59176895    1.60328446    2.08631856    1.47732985    1.94509557    1.63128422    1.59818050    1.63266512    1.88987756    1.49141740    1.75368918    2.13688669    1.67748628    1.25555210    1.56733005    1.21232990    1.04544347    1.27820222    1.11382093    1.12573364    0.77856270    0.00000000    0.72047680    0.80668403    1.17940223    1.20803645    1.33874568    1.67850786    1.80216033    1.17891577    1.30848382    1.58172772    1.74653908    2.24517059    1.60023714    1.51066302    1.86313979    1.67744276    2.11948994    1.37599401
B7VIW3_VIBA3/248-307     1.56350774    1.63962160    1.73048946    1.83203243    2.21330234    1.73177426    2.26508986    1.65563860    1.95596472    1.56170912    1.80555327    1.81816349    1.60637380    2.60390653    1.85154226    1.82288065    1.95867845    1.37633717    1.27246599    1.34336745    1.25196884    1.43169002    0.81977906    0.72047680    0.00000000    0.67720527    1.09127661    1.22391787    1.32540181    1.29657235    1.26051603    1.09066901    1.07216714    1.71045911    1.85382440    1.68278831    1.75634579    1.87272379    2.41771149    2.08058299    1.91260099    1.49105885
Q5E2K9_ALIF1/160-219     1.88593000    1.63504615    1.58715884    1.71871880    1.82194901    1.76477632    2.20171851    2.01075563    2.21869538    2.02651280    1.88422743    2.05589288    1.64116029    2.99737444    2.03011209    1.76832808    2.11658082    1.45385081    1.20505966    1.16819830    1.18721553    1.37317367    0.94537437    0.80668403    0.67720527    0.00000000    1.01371104    1.36810160    1.50320184    1.57171416    1.72138247    1.30340215    1.36431596    1.74473732    1.84925971    1.80878652    1.66634385    1.89851256    2.32023321    2.00819606    1.98160931    1.59785411
Q6LV03_PHOPR/255-314     1.52289451    1.29551882    1.20515209    1.92979983    2.45334691    1.96809352    1.76949353    2.26373540    2.32633422    1.50817846    2.25716659    1.75397893    1.37574980    1.98360273    1.59243205    1.53480547    1.71181754    1.14681789    1.34921484    1.27960416    1.42724926    1.39062041    1.10119451    1.17940223    1.09127661    1.01371104    0.00000000    0.84290066    1.16346478    1.79643794    1.47327287    1.01559474    0.96509044    1.33580966    1.19069926    1.50188707    1.77717328    1.99204124    2.44267389    1.97559209    1.61906053    1.18444740
Q3IHS3_PSET1/308-366     1.42669137    1.32122211    1.23884150    1.55715622    2.34591416    1.79869517    2.21031773    2.05956837    2.20968974    1.55929336    1.97793957    1.50256383    1.47080239    2.05531175    1.26881248    0.99897875    1.09832685    1.10630713    1.26412868    1.19801194    1.33101840    1.41884868    1.22889856    1.20803645    1.22391787    1.36810160    0.84290066    0.00000000    1.08092235    1.30455783    1.21447834    1.18358938    1.11353544    1.85550670    1.57436566    1.96660470    1.90914528    2.18725904    2.31356391    1.67053228    2.09025176    1.18296592
Q5QY25_IDILO/172-230     2.47390578    1.49588846    1.21299389    1.72748815    2.19735246    1.52227305    2.28183607    2.55090845    2.26949351    1.59243685    2.58188232    1.55504256    1.31158921    2.10151065    1.39215832    1.24957764    1.30244735    1.43421087    1.20178646    1.15367220    1.21533350    1.30631675    1.50403401    1.33874568    1.32540181    1.50320184    1.16346478    1.08092235    0.00000000    0.98410653    1.16384795    0.92059614    1.11242802    1.55029461    1.72209761    2.22500527    2.28325292    2.53979988    2.55454849    1.94214707    1.96272334    1.49862098
M4UBB5_9GAMM/162-222     2.16516385    1.39730687    0.93757525    2.08351962    2.02555572    1.85978113    2.34391455    1.99438093    1.98815949    1.34809837    2.00387920    1.98268176    1.65285443    2.43027693    1.42162696    1.29554351    1.33952816    1.75462821    1.67877858    1.68499358    1.71825543    1.76628202    1.72269573    1.67850786    1.29657235    1.57171416    1.79643794    1.30455783    0.98410653    0.00000000    0.41247961    1.23980155    1.15605950    2.14503858    1.99749378    2.23146247    1.83452621    1.85998302    2.92986642    2.10704549    2.23294198    1.60935074
A1SRD1_PSYIN/207-267     1.93306842    1.50053866    1.01493070    2.47572256    2.30064569    1.82075540    2.16151761    1.96736420    1.89630681    1.35449025    2.06256433    1.67376705    1.44157164    2.17296096    1.44492870    1.32522292    1.40077422    1.64923599    1.81112929    1.78504105    1.89757420    1.97833696    1.70687942    1.80216033    1.26051603    1.72138247    1.47327287    1.21447834    1.16384795    0.41247961    0.00000000    1.33027809    1.29775640    2.11751820    2.09815558    2.43252636    1.91873106    2.00259488    2.83271705    2.51054623    2.34324939    1.55493139
K7A4X4_9ALTE/277-336     1.86227006    1.50250750    1.27556411    1.51778449    2.13079112    1.39285112    2.16422284    1.58045697    1.45419827    1.27720023    1.97331200    1.53756753    1.44098354    2.07606944    1.26084109    1.17653688    1.51291563    1.39554706    1.38191799    1.18738624    1.35950999    1.34133361    1.37094261    1.17891577    1.09066901    1.30340215    1.01559474    1.18358938    0.92059614    1.23980155    1.33027809    0.00000000    0.61063239    1.90235768    1.76587736    1.86701030    2.00189706    2.14468109    2.12337972    1.90071380    2.11722217    1.26012803
G4QJZ6_GLANF/331-390     1.64806767    1.47416272    1.35503401    1.38042226    1.71318771    1.57362620    1.76349506    1.89254098    1.86404019    1.15522220    1.51088098    1.71175624    1.48823912    2.17486659    1.03576287    1.10928627    1.21333773    1.19758337    1.48324275    1.40512838    1.37413158    1.48417092    1.41911755    1.30848382    1.07216714    1.36431596    0.96509044    1.11353544    1.11242802    1.15605950    1.29775640    0.61063239    0.00000000    1.40049840    1.44482374    1.84946305    1.72507133    1.87208199    2.14253924    1.84410836    1.84006190    1.21787676
A1TK99_ACIAC/192-250     2.03908383    1.50509209    1.49163797    2.19660465    1.74408450    1.59995754    1.66800167    2.81029608    2.37184619    2.30322851    1.71572274    1.95758015    2.35179234    1.96591688    1.62481187    1.53877496    1.88207078    1.52737627    2.09536860    2.12134713    1.90090052    2.05643670    1.63279048    1.58172772    1.71045911    1.74473732    1.33580966    1.85550670    1.55029461    2.14503858    2.11751820    1.90235768    1.40049840    0.00000000    0.30985475    0.85914693    1.04299048    1.19244412    1.84235462    1.20938782    0.96855980    1.40132883
A1W398_ACISJ/209-267     1.86250671    1.66584349    1.47189952    2.51643700    1.79768435    1.69283695    1.72691454    2.58288850    2.28351220    1.97133859    1.61236057    1.83576887    2.05014987    1.79114739    1.48385264    1.37007719    1.59551523    1.44458249    2.11994265    1.97059354    1.85697299    2.03180724    1.63567222    1.74653908    1.85382440    1.84925971    1.19069926    1.57436566    1.72209761    1.99749378    2.09815558    1.76587736    1.44482374    0.30985475    0.00000000    0.78461168    1.00098215    1.12450245    1.40526354    1.03744313    0.85617634    1.06676119
Q129Q5_POLSJ/170-227     1.77100588    1.44097776    1.63335444    2.51985359    1.67422892    1.97811251    1.94537013    2.27988833    1.85514310    2.24257140    1.40083530    1.95120885    1.97346502    1.92271319    1.74292673    1.72319104    1.84784583    1.46466126    1.92803192    1.63127969    1.67486707    1.84369292    1.75298440    2.24517059    1.68278831    1.80878652    1.50188707    1.96660470    2.22500527    2.23146247    2.43252636    1.86701030    1.84946305    0.85914693    0.78461168    0.00000000    0.62933175    0.72477461    1.07957894    0.81732324    0.67015675    1.29789850
A1VRK1_POLNA/178-235     1.74303509    1.52762690    1.64801650    2.39380404    1.58552704    2.22865744    1.54985175    1.85641436    1.68412064    1.78917007    1.29783484    1.41779773    1.47909781    1.67767324    1.81899521    1.57388755    1.59737196    1.17996202    1.58658023    1.36064147    1.44243360    1.45226842    1.58226849    1.60023714    1.75634579    1.66634385    1.77717328    1.90914528    2.28325292    1.83452621    1.91873106    2.00189706    1.72507133    1.04299048    1.00098215    0.62933175    0.00000000    0.22807009    1.70750278    1.07402776    0.90341871    1.31093341
Q223G2_RHOFT/188-245     1.96626629    1.97887048    1.93332581    3.11404596    1.93866025    2.55209914    1.65966678    1.82436750    1.72459968    1.89096407    1.20511549    1.57584302    1.77623637    1.63989241    2.24318313    1.80386162    1.65876055    1.42143650    1.45013295    1.37795972    1.45908683    1.29583453    1.41330639    1.51066302    1.87272379    1.89851256    1.99204124    2.18725904    2.53979988    1.85998302    2.00259488    2.14468109    1.87208199    1.19244412    1.12450245    0.72477461    0.22807009    0.00000000    1.54095673    1.29509813    0.90814993    1.53444545
B1Y6C7_LEPCP/203-260     2.30030794    1.94631702    1.97227456    2.80757289    1.69804072    1.68213886    2.40576974    2.21477150    2.27753009    2.08080780    1.70060199    2.02195152    2.20351403    2.17484748    1.65158254    1.59917027    1.72695683    1.94053636    1.91943272    2.01170859    1.86125690    2.16789520    1.85569719    1.86313979    2.41771149    2.32023321    2.44267389    2.31356391    2.55454849    2.92986642    2.83271705    2.12337972    2.14253924    1.84235462    1.40526354    1.07957894    1.70750278    1.54095673    0.00000000    0.85163058    1.40623193    1.95379034
A2SEK5_METPP/193-250     2.01449857    1.83455882    1.59209363    2.04533149    1.97201114    2.05413586    2.24283562    2.17751011    2.36520446    2.32494642    1.34880732    1.98467783    1.88077688    1.93011791    1.63445372    1.38821877    1.79437962    1.56290997    1.75536806    1.90032935    1.38848489    1.88185955    1.56163394    1.67744276    2.08058299    2.00819606    1.97559209    1.67053228    1.94214707    2.10704549    2.51054623    1.90071380    1.84410836    1.20938782    1.03744313    0.81732324    1.07402776    1.29509813    0.85163058    0.00000000    0.94902463    1.52557185
I0HME2_RUBGI/170-227     2.21843327    1.84700806    1.54984735    2.99198214    2.24804959    2.25663429    1.91595043    2.74450345    2.41886928    2.47657926    1.62181362    1.70867733    2.27770447    1.92737008    2.21361483    1.84903911    2.05483255    1.47834368    1.78906661    1.71322060    1.69067463    1.91842671    1.96104199    2.11948994    1.91260099    1.98160931    1.61906053    2.09025176    1.96272334    2.23294198    2.34324939    2.11722217    1.84006190    0.96855980    0.85617634    0.67015675    0.90341871    0.90814993    1.40623193    0.94902463    0.00000000    1.17160067
H2G0V6_OCESG/162-219     1.38109479    1.29056772    1.38286361    1.83821737    1.60988203    1.39826242    1.90769768    1.86877664    1.53204182    1.24849652    1.35796270    1.01015888    1.28472563    1.59076313    1.19475001    1.05928815    1.06333770    1.13945663    1.58304288    1.36386957    1.48125092    1.48160750    1.74304058    1.37599401    1.49105885    1.59785411    1.18444740    1.18296592    1.49862098    1.60935074    1.55493139    1.26012803    1.21787676    1.40132883    1.06676119    1.29789850    1.31093341    1.53444545    1.95379034    1.52557185    1.17160067    0.00000000

