17
E0VXM4_PEDHC/27-136     0.00000000    0.56354424    0.80381437    0.92296417    0.90190478    1.02533143    1.78657207    0.82494264    1.71010119    1.50329066    1.79900647    1.57603383    1.49443727    1.47377560    0.48000451    0.57879821    0.84824872
D6W897_TRICA/90-198     0.56354424    0.00000000    0.64901678    0.70508220    0.79812272    1.00119672    1.62911494    0.86124762    1.66621262    1.42634932    1.70452089    1.46077197    1.43859855    1.47625636    0.38617800    0.46757541    0.71463590
Q7PPA7_ANOGA/8-117     0.80381437    0.64901678    0.00000000    0.32765146    0.41307030    1.02212881    1.52676282    0.79821575    1.54630176    1.51179487    1.76894264    1.43024779    1.53200801    1.58173959    0.56469325    0.68278778    1.01657252
B4MJH7_DROWI/5-114     0.92296417    0.70508220    0.32765146    0.00000000    0.30315780    1.10042886    1.79358853    0.92426667    1.47422901    1.51059168    1.65236006    1.44112220    1.56436305    1.53126074    0.63090127    0.75697979    1.05914255
T1GKK8_MEGSC/3-112     0.90190478    0.79812272    0.41307030    0.30315780    0.00000000    1.01947925    1.69978078    0.94679392    1.56992434    1.64948774    1.81536499    1.63228261    1.66877021    1.75469043    0.71879614    0.74635935    1.00508905
K1RYX0_CRAGI/63-167     1.02533143    1.00119672    1.02212881    1.10042886    1.01947925    0.00000000    1.13136649    0.59945322    1.30920667    1.44924091    1.48132163    1.37331952    1.53161914    1.39159133    0.90327035    0.99704357    1.02591320
T1EXD5_HELRO/75-178     1.78657207    1.62911494    1.52676282    1.79358853    1.69978078    1.13136649    0.00000000    1.19896434    1.73922562    1.78116149    2.01619524    1.71105499    1.57175832    1.84992639    1.75528352    1.65492349    1.76779173
B7P0Y8_IXOSC/1-99     0.82494264    0.86124762    0.79821575    0.92426667    0.94679392    0.59945322    1.19896434    0.00000000    1.12007097    1.07410840    1.08241303    1.03706253    1.13571433    1.11302858    0.75679356    0.75444062    1.06394504
Q1LUN2_DANRE/56-154     1.71010119    1.66621262    1.54630176    1.47422901    1.56992434    1.30920667    1.73922562    1.12007097    0.00000000    0.57034028    0.76615745    0.57590322    0.53053055    0.53235157    1.38438737    1.74221091    1.64503379
C9IZC5_HUMAN/72-170     1.50329066    1.42634932    1.51179487    1.51059168    1.64948774    1.44924091    1.78116149    1.07410840    0.57034028    0.00000000    0.49522615    0.24257089    0.28434509    0.23592339    1.19668306    1.48349845    1.50747040
I3KDM2_ORENI/69-170     1.79900647    1.70452089    1.76894264    1.65236006    1.81536499    1.48132163    2.01619524    1.08241303    0.76615745    0.49522615    0.00000000    0.36737630    0.60874838    0.60763024    1.43100845    1.74181532    1.57411658
L5JZE2_PTEAL/58-156     1.57603383    1.46077197    1.43024779    1.44112220    1.63228261    1.37331952    1.71105499    1.03706253    0.57590322    0.24257089    0.36737630    0.00000000    0.38268813    0.37269433    1.24506594    1.56960882    1.48209541
M3ZF78_XIPMA/69-167     1.49443727    1.43859855    1.53200801    1.56436305    1.66877021    1.53161914    1.57175832    1.13571433    0.53053055    0.28434509    0.60874838    0.38268813    0.00000000    0.24243479    1.24138804    1.56343448    1.54802388
H3DK55_TETNG/33-131     1.47377560    1.47625636    1.58173959    1.53126074    1.75469043    1.39159133    1.84992639    1.11302858    0.53235157    0.23592339    0.60763024    0.37269433    0.24243479    0.00000000    1.22468077    1.54436890    1.50195628
H9IZD0_BOMMO/32-134     0.48000451    0.38617800    0.56469325    0.63090127    0.71879614    0.90327035    1.75528352    0.75679356    1.38438737    1.19668306    1.43100845    1.24506594    1.24138804    1.22468077    0.00000000    0.49404508    0.79252388
T1HLH5_RHOPR/67-173     0.57879821    0.46757541    0.68278778    0.75697979    0.74635935    0.99704357    1.65492349    0.75444062    1.74221091    1.48349845    1.74181532    1.56960882    1.56343448    1.54436890    0.49404508    0.00000000    0.72842584
J9K8K8_ACYPI/61-170     0.84824872    0.71463590    1.01657252    1.05914255    1.00508905    1.02591320    1.76779173    1.06394504    1.64503379    1.50747040    1.57411658    1.48209541    1.54802388    1.50195628    0.79252388    0.72842584    0.00000000

