16
G3VKG4_SARHA/571-680     0.00000000    0.70088065    1.14941765    1.13330816    1.27493557    1.74502725    2.17267473    1.93340565    0.93098994    1.85249407    0.97744384    1.01243565    0.26581395    0.27182052    0.31157028    0.35175949
H0ZHU5_TAEGU/574-683     0.70088065    0.00000000    1.17823160    1.19910259    1.27482269    1.63975513    1.76643014    1.74781387    0.80359089    1.51122790    0.81126259    0.90264073    0.65250365    0.68946840    0.66895250    0.72027921
H2MAG5_ORYLA/568-677     1.14941765    1.17823160    0.00000000    0.30261166    0.26014334    1.76658015    2.25782255    1.99205363    1.10102368    1.90017848    1.19683036    1.14729462    1.08045992    1.24068245    1.18281231    1.23539040
M4AAU9_XIPMA/502-608     1.13330816    1.19910259    0.30261166    0.00000000    0.36490905    1.84627797    2.31788538    2.05494459    1.14104319    1.91063247    1.18182142    1.16136753    1.21453440    1.25370968    1.17835116    1.29063042
A0A669CIM6_ORENI/567-675     1.27493557    1.27482269    0.26014334    0.36490905    0.00000000    1.96321671    2.29322661    1.91364350    1.11415834    2.09929992    1.24496297    1.21231504    1.22863243    1.35518685    1.30972651    1.41973065
F7AUI9_MONDO/257-356     1.74502725    1.63975513    1.76658015    1.84627797    1.96321671    0.00000000    0.76485262    0.49333273    1.37802263    1.92179136    1.39248198    1.64027537    1.73660261    1.76675759    1.79439704    1.94300564
I3KHH2_ORENI/590-694     2.17267473    1.76643014    2.25782255    2.31788538    2.29322661    0.76485262    0.00000000    0.49539962    1.88961059    2.35776146    1.86873581    1.97806213    1.87007791    2.00248125    2.26254100    2.30050879
H2MJ51_ORYLA/548-653     1.93340565    1.74781387    1.99205363    2.05494459    1.91364350    0.49333273    0.49539962    0.00000000    1.64062255    1.84976372    1.51587229    1.60648199    1.88826612    2.09523851    2.07620960    2.21447076
H0ZHR5_TAEGU/578-687     0.93098994    0.80359089    1.10102368    1.14104319    1.11415834    1.37802263    1.88961059    1.64062255    0.00000000    0.92625917    0.42068690    0.41872279    0.93748307    0.89786617    0.82894159    0.81073534
W5PU51_SHEEP/479-588     1.85249407    1.51122790    1.90017848    1.91063247    2.09929992    1.92179136    2.35776146    1.84976372    0.92625917    0.00000000    0.41397049    0.99704942    1.74504721    1.69289821    1.55573064    1.56510709
E1BB11_BOVIN/573-682     0.97744384    0.81126259    1.19683036    1.18182142    1.24496297    1.39248198    1.86873581    1.51587229    0.42068690    0.41397049    0.00000000    0.49106357    0.89749661    0.91978924    0.86500505    0.89892617
H9GCK0_ANOCA/561-669     1.01243565    0.90264073    1.14729462    1.16136753    1.21231504    1.64027537    1.97806213    1.60648199    0.41872279    0.99704942    0.49106357    0.00000000    0.95514572    1.06333632    0.95761461    1.00242964
F7F984_ORNAN/573-682     0.26581395    0.65250365    1.08045992    1.21453440    1.22863243    1.73660261    1.87007791    1.88826612    0.93748307    1.74504721    0.89749661    0.95514572    0.00000000    0.35075927    0.38743974    0.39940797
L8Y567_TUPCH/470-579     0.27182052    0.68946840    1.24068245    1.25370968    1.35518685    1.76675759    2.00248125    2.09523851    0.89786617    1.69289821    0.91978924    1.06333632    0.35075927    0.00000000    0.20299343    0.21804062
G3V9T3_RAT/566-675     0.31157028    0.66895250    1.18281231    1.17835116    1.30972651    1.79439704    2.26254100    2.07620960    0.82894159    1.55573064    0.86500505    0.95761461    0.38743974    0.20299343    0.00000000    0.24809989
L5K3H8_PTEAL/650-759     0.35175949    0.72027921    1.23539040    1.29063042    1.41973065    1.94300564    2.30050879    2.21447076    0.81073534    1.56510709    0.89892617    1.00242964    0.39940797    0.21804062    0.24809989    0.00000000

