39
J9W6W8_LACBU/18-148     0.00000000    2.71279073    2.06360902    1.55540929    3.14025893    2.19450006    2.75151077    2.50781721    2.99517659    3.43515611    2.87449241    2.43677782    4.33578225    3.00063273    3.01906083    2.06836839    2.83763083    2.40972595    3.22565740    3.45730606    2.38732521    2.67382796    2.85873951    2.51781539    2.95707041    3.03105199    2.63231482    2.60454819    3.36387042    3.37769894    4.35423237    3.89420689    4.15048238    3.85569866    2.84944157    2.99085041    4.27804190    3.75814193    4.27226117
K8EM45_CARML/28-160     2.71279073    0.00000000    2.40714102    2.22835392    4.00058654    3.38459165    3.03571851    2.87598211    4.56148287    3.68404691    3.42124813    2.93271504    4.18603918    3.40420440    3.13521388    2.65534609    2.50186874    2.79973640    2.74677144    2.40808434    3.11338025    2.73736819    2.93767142    2.42543385    2.45679220    2.26547549    2.22130437    2.97318821    3.23700663    2.83088816    3.15110790    3.29958071    3.30971265    2.97175116    2.88129829    3.32267200    4.17162290    3.51455689    3.77446161
G2KVM0_LACSM/34-158     2.06360902    2.40714102    0.00000000    1.93969296    2.85373440    2.10197961    2.83469755    2.22378935    2.74431101    2.94141548    2.57055364    2.16878881    3.56588246    2.74025816    2.92769377    3.29123833    2.95791267    3.12604505    2.90822266    2.30029141    2.40910532    2.64045902    2.36481874    2.67221172    2.60581627    2.88608113    1.85462813    2.21099565    3.02187267    2.73381945    2.90888069    3.65618055    3.27201224    2.58747163    2.28430651    2.31662192    3.47083065    3.02879759    3.41284289
W5Y2Z0_9CORY/156-287     1.55540929    2.22835392    1.93969296    0.00000000    2.61688621    1.64733702    1.88263890    2.08895477    3.22594510    2.73988547    2.56493833    2.83830164    3.65128057    2.96268572    3.18527028    2.33667814    2.87802658    2.72976767    2.75361280    2.59257781    2.20817228    2.31908220    2.03329402    2.02077297    2.30903398    2.24783352    2.02498932    2.29925962    2.27039231    2.30927802    2.88963546    3.80419246    3.07905400    2.51206022    2.20196447    2.56561753    4.31578938    3.71475746    3.16067361
Q2G019_STAA8/44-175     3.14025893    4.00058654    2.85373440    2.61688621    0.00000000    2.60065686    2.85678009    2.83046595    2.52350538    3.14127726    3.25566877    3.32310468    4.35745737    2.48143593    3.40781462    3.98965870    3.16604328    3.64239418    3.24957328    3.63952177    3.45593166    3.33036263    3.60037945    3.36053693    3.47168479    3.28289262    3.37087880    3.43774304    3.86405776    3.84825737    3.92630180    3.10242626    3.85683749    3.68145625    2.75149873    3.65249853    3.44352131    3.76472831    3.71728461
B9EAH7_MACCJ/37-171     2.19450006    3.38459165    2.10197961    1.64733702    2.60065686    0.00000000    2.73895262    2.66449769    3.39592796    2.85023513    3.07705203    3.00538476    3.96337696    3.29829409    3.09357698    3.40712241    3.41022197    4.07365210    2.34196805    2.80704862    2.67889613    3.24912996    3.19763522    2.40657837    2.37340578    3.07715314    2.29524008    2.80419355    3.56116607    4.01746465    3.66289388    4.38637316    3.51295119    2.79850253    2.59244351    3.24542092    5.57422384    3.72396594    3.83451365
K8E4X2_CARML/38-169     2.75151077    3.03571851    2.83469755    1.88263890    2.85678009    2.73895262    0.00000000    1.50732212    2.90395000    3.17540033    2.52016614    1.87580789    3.06332511    3.51844037    3.33353786    2.96031611    2.90203340    3.05032733    2.60967650    2.81948165    3.29000265    3.08116373    2.79862869    2.90500057    2.61272536    2.94614529    2.44795265    2.46838395    2.65736023    3.02813941    2.68419950    3.37808423    3.47971012    2.88562717    2.11514594    2.77849692    3.24828057    3.57341302    3.15819501
Q65PM9_LACJO/43-176     2.50781721    2.87598211    2.22378935    2.08895477    2.83046595    2.66449769    1.50732212    0.00000000    2.71375263    2.63884032    2.43857984    1.69179154    2.99615802    2.67152948    2.35482854    2.19121039    2.59928890    2.30264203    2.30864581    2.73093910    3.18568695    2.80418729    2.66714467    2.45402898    2.30420417    3.55858730    2.74299492    2.23624473    3.08363980    2.97750470    2.33238019    3.05006449    2.61233067    2.80517923    2.05254704    2.49825438    3.07009391    3.12232654    2.67317225
K8E2B8_CARML/42-171     2.99517659    4.56148287    2.74431101    3.22594510    2.52350538    3.39592796    2.90395000    2.71375263    0.00000000    0.70828505    2.18577868    2.44613322    2.98466537    4.51972097    3.91141297    4.06774630    3.84336811    3.51680171    2.85794177    3.06309744    3.28541584    3.51230885    3.58849042    4.26978932    2.84166626    3.70311588    3.83348652    3.37842050    3.63112844    3.66867551    3.00493115    3.83565952    3.55704527    3.83823365    3.08462520    3.57221830    3.87740406    3.50754257    3.45175274
K8EM12_CARML/25-154     3.43515611    3.68404691    2.94141548    2.73988547    3.14127726    2.85023513    3.17540033    2.63884032    0.70828505    0.00000000    2.05360786    2.21984144    3.44957006    4.73513558    3.40921789    3.82970656    3.50558365    4.05524579    2.84617076    3.39294029    3.74787191    3.86049434    3.86812138    4.22284488    3.00949588    3.50690481    3.95283518    3.23408037    4.55567529    4.18828815    2.83612792    3.62399001    3.94458181    3.42718798    2.97706975    3.91608328    3.88319229    3.69609591    3.55081078
G8PF43_PEDCP/35-169     2.87449241    3.42124813    2.57055364    2.56493833    3.25566877    3.07705203    2.52016614    2.43857984    2.18577868    2.05360786    0.00000000    1.14897329    3.35941370    4.02061222    2.71191468    2.75809439    2.78144535    3.03511475    2.85810788    3.59502362    4.06565559    4.25311223    4.14018239    3.71561152    2.72410775    3.08740306    3.20037348    3.40647451    3.77702013    3.22466937    3.05271853    4.97376427    3.88485017    3.52887170    2.94322698    2.91922600    3.22460553    3.10637776    3.26745801
Q03SH3_LACBA/47-176     2.43677782    2.93271504    2.16878881    2.83830164    3.32310468    3.00538476    1.87580789    1.69179154    2.44613322    2.21984144    1.14897329    0.00000000    2.79851878    3.48184769    2.48852443    2.21117007    2.34892073    2.69452698    2.12537985    3.40308043    2.84214984    2.91094004    2.98466275    2.74608574    2.51003415    3.57973219    2.87375997    2.73324432    3.00035661    3.28390627    2.42053268    3.76710922    3.08367941    2.64298458    2.21395007    2.01055340    2.76988287    2.54573486    2.45558677
Q5M3T0_STRT2/20-147     4.33578225    4.18603918    3.56588246    3.65128057    4.35745737    3.96337696    3.06332511    2.99615802    2.98466537    3.44957006    3.35941370    2.79851878    0.00000000    2.44064613    2.54800935    3.20210396    3.12688228    3.00367010    2.48527024    3.07207374    2.45835206    2.46177216    2.35827571    2.91705172    3.20442161    2.49516620    2.71363236    2.46489082    2.07702553    2.20605873    3.28052864    3.48889807    2.68243702    3.53491875    2.72184867    3.01337773    4.40506729    4.00219435    4.45441507
F2JQ30_CELLD/40-159     3.00063273    3.40420440    2.74025816    2.96268572    2.48143593    3.29829409    3.51844037    2.67152948    4.51972097    4.73513558    4.02061222    3.48184769    2.44064613    0.00000000    2.01848179    2.43917276    2.20720465    1.95244588    2.26198941    2.35381385    2.59115419    2.46257366    2.57593191    2.42036390    2.83048032    2.22593700    2.40984101    2.54914275    2.67618497    2.09266742    3.30873253    2.40973746    2.89935319    2.90374231    2.50742759    2.67001144    3.95465735    3.88473644    3.34117885
R5BXD9_9FIRM/235-357     3.01906083    3.13521388    2.92769377    3.18527028    3.40781462    3.09357698    3.33353786    2.35482854    3.91141297    3.40921789    2.71191468    2.48852443    2.54800935    2.01848179    0.00000000    0.84969922    1.14092865    0.96651101    1.80329758    1.95873795    1.72954587    1.93019157    1.86679380    1.87808320    1.77295231    1.88392761    2.18617787    2.02421082    2.05752040    1.92651661    2.43193617    2.25840801    2.27991470    2.46188158    2.40591330    2.89032228    2.86303115    3.39764144    3.15588450
A0A373NCQ7_9FIRM/228-350     2.06836839    2.65534609    3.29123833    2.33667814    3.98965870    3.40712241    2.96031611    2.19121039    4.06774630    3.82970656    2.75809439    2.21117007    3.20210396    2.43917276    0.84969922    0.00000000    1.02951771    0.51231016    1.87317142    2.03867464    1.55969856    1.59589522    1.59025148    1.69498870    1.60148374    1.78693056    1.96374667    1.84207929    2.29889605    2.15661340    2.25959318    2.19180519    1.91868023    2.16849446    2.01132754    2.58863332    3.84721291    3.37552836    3.12292484
A0A174H9F8_9FIRM/226-348     2.83763083    2.50186874    2.95791267    2.87802658    3.16604328    3.41022197    2.90203340    2.59928890    3.84336811    3.50558365    2.78144535    2.34892073    3.12688228    2.20720465    1.14092865    1.02951771    0.00000000    0.77669144    2.10910786    1.96484892    1.87516761    1.94274779    1.72950157    2.19849759    2.17379845    2.25841490    1.98112544    1.89888252    2.32415668    2.11305631    2.13378646    1.83283905    2.47937003    2.07522987    2.48239475    2.93803781    3.26120423    3.16576038    3.16288978
R5WVF1_9FIRM/52-174     2.40972595    2.79973640    3.12604505    2.72976767    3.64239418    4.07365210    3.05032733    2.30264203    3.51680171    4.05524579    3.03511475    2.69452698    3.00367010    1.95244588    0.96651101    0.51231016    0.77669144    0.00000000    1.60885707    2.05550833    1.78035521    1.63102493    1.70756655    1.88853842    1.82942274    1.85027443    1.96307507    1.73451368    2.23267111    2.03009329    2.22213726    2.05437054    2.28803839    2.36123935    2.68689168    2.93678426    3.87347500    3.42127268    3.36256816
R6HDW6_9CLOT/35-157     3.22565740    2.74677144    2.90822266    2.75361280    3.24957328    2.34196805    2.60967650    2.30864581    2.85794177    2.84617076    2.85810788    2.12537985    2.48527024    2.26198941    1.80329758    1.87317142    2.10910786    1.60885707    0.00000000    1.67216543    1.71310707    1.60438667    1.56325193    1.91284021    1.57065931    1.86703116    1.92566614    1.64374988    1.67409482    1.53094977    2.22591577    2.45739522    2.31496174    2.22913560    2.58453925    2.89606249    3.70497812    2.24202563    2.49639901
K8E3Q3_CARML/30-151     3.45730606    2.40808434    2.30029141    2.59257781    3.63952177    2.80704862    2.81948165    2.73093910    3.06309744    3.39294029    3.59502362    3.40308043    3.07207374    2.35381385    1.95873795    2.03867464    1.96484892    2.05550833    1.67216543    0.00000000    1.46408529    1.45703336    1.29652001    1.22946092    1.56078580    1.80007471    1.27963432    1.59921873    1.84484736    1.83498028    2.17540355    2.22387800    1.99042906    1.82296757    2.12399295    2.44585050    2.63534771    2.31869448    2.76918788
I3WIZ2_BIFBI/132-255     2.38732521    3.11338025    2.40910532    2.20817228    3.45593166    2.67889613    3.29000265    3.18568695    3.28541584    3.74787191    4.06565559    2.84214984    2.45835206    2.59115419    1.72954587    1.55969856    1.87516761    1.78035521    1.71310707    1.46408529    0.00000000    0.50023000    0.50271355    1.55212887    1.52509780    1.62917857    1.54555601    1.64057873    1.60183279    1.66023644    2.51753448    2.51525806    2.05876346    2.00324879    2.48313089    2.31239916    3.43467781    2.44784286    2.44110712
Q8G4H8_BIFLO/141-264     2.67382796    2.73736819    2.64045902    2.31908220    3.33036263    3.24912996    3.08116373    2.80418729    3.51230885    3.86049434    4.25311223    2.91094004    2.46177216    2.46257366    1.93019157    1.59589522    1.94274779    1.63102493    1.60438667    1.45703336    0.50023000    0.00000000    0.53703189    1.43284118    1.67613583    1.66598617    1.73126767    1.80225142    1.62845206    1.51789893    2.32375331    2.73783565    2.26425169    2.27494105    2.56087073    2.53172222    3.58137833    2.78426958    2.66411753
A1A284_BIFAA/117-240     2.85873951    2.93767142    2.36481874    2.03329402    3.60037945    3.19763522    2.79862869    2.66714467    3.58849042    3.86812138    4.14018239    2.98466275    2.35827571    2.57593191    1.86679380    1.59025148    1.72950157    1.70756655    1.56325193    1.29652001    0.50271355    0.53703189    0.00000000    1.53269419    1.45913731    1.72210677    1.61815628    1.73333319    1.85455380    1.74532656    2.16498360    2.52342286    2.39182485    2.14446171    2.05169389    2.43043823    3.43856384    2.75720803    2.34812276
R7FCY2_9FIRM/41-162     2.51781539    2.42543385    2.67221172    2.02077297    3.36053693    2.40657837    2.90500057    2.45402898    4.26978932    4.22284488    3.71561152    2.74608574    2.91705172    2.42036390    1.87808320    1.69498870    2.19849759    1.88853842    1.91284021    1.22946092    1.55212887    1.43284118    1.53269419    0.00000000    1.19130171    1.65230858    1.49357735    1.65648275    1.64742908    1.56003859    2.24804847    2.33057982    1.57467746    2.22086413    2.30356411    2.51613705    2.65718642    2.40053241    3.17296437
C7N8E6_SLAHD/46-164     2.95707041    2.45679220    2.60581627    2.30903398    3.47168479    2.37340578    2.61272536    2.30420417    2.84166626    3.00949588    2.72410775    2.51003415    3.20442161    2.83048032    1.77295231    1.60148374    2.17379845    1.82942274    1.57065931    1.56078580    1.52509780    1.67613583    1.45913731    1.19130171    0.00000000    1.55608437    1.68661306    1.58605505    1.70603412    1.65155220    1.83258593    2.63631717    1.65591421    1.91680126    2.13884374    2.35236262    2.72657996    2.52861824    2.79506307
C8W8T4_ATOPD/28-148     3.03105199    2.26547549    2.88608113    2.24783352    3.28289262    3.07715314    2.94614529    3.55858730    3.70311588    3.50690481    3.08740306    3.57973219    2.49516620    2.22593700    1.88392761    1.78693056    2.25841490    1.85027443    1.86703116    1.80007471    1.62917857    1.66598617    1.72210677    1.65230858    1.55608437    0.00000000    1.43700357    1.33561537    1.63052090    1.37179981    2.07926751    1.82175269    1.94458333    1.70880899    2.58324697    2.57614224    3.18954853    2.52167182    2.58625131
Q8Y9B5_LISMO/29-148     2.63231482    2.22130437    1.85462813    2.02498932    3.37087880    2.29524008    2.44795265    2.74299492    3.83348652    3.95283518    3.20037348    2.87375997    2.71363236    2.40984101    2.18617787    1.96374667    1.98112544    1.96307507    1.92566614    1.27963432    1.54555601    1.73126767    1.61815628    1.49357735    1.68661306    1.43700357    0.00000000    1.18080848    1.37294032    1.29962908    1.78709520    2.19518059    2.01060112    1.89166587    2.29768910    2.71143805    2.62877279    2.72384940    2.74871273
R6JPL4_9CLOT/78-197     2.60454819    2.97318821    2.21099565    2.29925962    3.43774304    2.80419355    2.46838395    2.23624473    3.37842050    3.23408037    3.40647451    2.73324432    2.46489082    2.54914275    2.02421082    1.84207929    1.89888252    1.73451368    1.64374988    1.59921873    1.64057873    1.80225142    1.73333319    1.65648275    1.58605505    1.33561537    1.18080848    0.00000000    1.04825683    0.98075476    1.84017173    2.05369553    1.89106939    1.96898023    2.61694186    2.54145040    3.02405858    2.52909588    2.98416686
R5X8Y7_9FIRM/72-192     3.36387042    3.23700663    3.02187267    2.27039231    3.86405776    3.56116607    2.65736023    3.08363980    3.63112844    4.55567529    3.77702013    3.00035661    2.07702553    2.67618497    2.05752040    2.29889605    2.32415668    2.23267111    1.67409482    1.84484736    1.60183279    1.62845206    1.85455380    1.64742908    1.70603412    1.63052090    1.37294032    1.04825683    0.00000000    0.50127578    2.41150223    2.70839805    2.02521057    2.00762584    2.90683010    2.71617597    3.26075228    3.03624655    3.16572482
R5Y8F2_9FIRM/131-251     3.37769894    2.83088816    2.73381945    2.30927802    3.84825737    4.01746465    3.02813941    2.97750470    3.66867551    4.18828815    3.22466937    3.28390627    2.20605873    2.09266742    1.92651661    2.15661340    2.11305631    2.03009329    1.53094977    1.83498028    1.66023644    1.51789893    1.74532656    1.56003859    1.65155220    1.37179981    1.29962908    0.98075476    0.50127578    0.00000000    2.05555258    2.47168097    1.92382006    2.18644154    2.36518211    2.67576089    3.33397679    3.40599399    2.86360012
R5B9L4_9CLOT/15-140     4.35423237    3.15110790    2.90888069    2.88963546    3.92630180    3.66289388    2.68419950    2.33238019    3.00493115    2.83612792    3.05271853    2.42053268    3.28052864    3.30873253    2.43193617    2.25959318    2.13378646    2.22213726    2.22591577    2.17540355    2.51753448    2.32375331    2.16498360    2.24804847    1.83258593    2.07926751    1.78709520    1.84017173    2.41150223    2.05555258    0.00000000    2.54051414    2.59597782    2.04250674    3.26089086    3.52456225    3.62912823    4.07806311    3.61129974
F2JNZ3_CELLD/13-127     3.89420689    3.29958071    3.65618055    3.80419246    3.10242626    4.38637316    3.37808423    3.05006449    3.83565952    3.62399001    4.97376427    3.76710922    3.48889807    2.40973746    2.25840801    2.19180519    1.83283905    2.05437054    2.45739522    2.22387800    2.51525806    2.73783565    2.52342286    2.33057982    2.63631717    1.82175269    2.19518059    2.05369553    2.70839805    2.47168097    2.54051414    0.00000000    2.12613188    1.85255821    3.63318923    3.54216438    2.72867719    4.18125191    4.62093780
E0RUX2_BUTPB/48-170     4.15048238    3.30971265    3.27201224    3.07905400    3.85683749    3.51295119    3.47971012    2.61233067    3.55704527    3.94458181    3.88485017    3.08367941    2.68243702    2.89935319    2.27991470    1.91868023    2.47937003    2.28803839    2.31496174    1.99042906    2.05876346    2.26425169    2.39182485    1.57467746    1.65591421    1.94458333    2.01060112    1.89106939    2.02521057    1.92382006    2.59597782    2.12613188    0.00000000    1.75106444    2.93538509    3.02365871    3.40482478    3.63661768    3.28750272
R6MLE4_9FIRM/62-183     3.85569866    2.97175116    2.58747163    2.51206022    3.68145625    2.79850253    2.88562717    2.80517923    3.83823365    3.42718798    3.52887170    2.64298458    3.53491875    2.90374231    2.46188158    2.16849446    2.07522987    2.36123935    2.22913560    1.82296757    2.00324879    2.27494105    2.14446171    2.22086413    1.91680126    1.70880899    1.89166587    1.96898023    2.00762584    2.18644154    2.04250674    1.85255821    1.75106444    0.00000000    2.54699432    2.73415694    3.66505677    2.93586666    2.52616332
K8E654_CARML/39-168     2.84944157    2.88129829    2.28430651    2.20196447    2.75149873    2.59244351    2.11514594    2.05254704    3.08462520    2.97706975    2.94322698    2.21395007    2.72184867    2.50742759    2.40591330    2.01132754    2.48239475    2.68689168    2.58453925    2.12399295    2.48313089    2.56087073    2.05169389    2.30356411    2.13884374    2.58324697    2.29768910    2.61694186    2.90683010    2.36518211    3.26089086    3.63318923    2.93538509    2.54699432    0.00000000    1.11647007    2.85463664    3.26549246    2.72985860
Q835X7_ENTFA/24-153     2.99085041    3.32267200    2.31662192    2.56561753    3.65249853    3.24542092    2.77849692    2.49825438    3.57221830    3.91608328    2.91922600    2.01055340    3.01337773    2.67001144    2.89032228    2.58863332    2.93803781    2.93678426    2.89606249    2.44585050    2.31239916    2.53172222    2.43043823    2.51613705    2.35236262    2.57614224    2.71143805    2.54145040    2.71617597    2.67576089    3.52456225    3.54216438    3.02365871    2.73415694    1.11647007    0.00000000    3.02600128    3.08386391    3.33664497
A5I400_CLOBH/66-194     4.27804190    4.17162290    3.47083065    4.31578938    3.44352131    5.57422384    3.24828057    3.07009391    3.87740406    3.88319229    3.22460553    2.76988287    4.40506729    3.95465735    2.86303115    3.84721291    3.26120423    3.87347500    3.70497812    2.63534771    3.43467781    3.58137833    3.43856384    2.65718642    2.72657996    3.18954853    2.62877279    3.02405858    3.26075228    3.33397679    3.62912823    2.72867719    3.40482478    3.66505677    2.85463664    3.02600128    0.00000000    1.62865748    1.73658842
R5KYU9_9FIRM/51-181     3.75814193    3.51455689    3.02879759    3.71475746    3.76472831    3.72396594    3.57341302    3.12232654    3.50754257    3.69609591    3.10637776    2.54573486    4.00219435    3.88473644    3.39764144    3.37552836    3.16576038    3.42127268    2.24202563    2.31869448    2.44784286    2.78426958    2.75720803    2.40053241    2.52861824    2.52167182    2.72384940    2.52909588    3.03624655    3.40599399    4.07806311    4.18125191    3.63661768    2.93586666    3.26549246    3.08386391    1.62865748    0.00000000    0.94692501
R6QTV9_9FIRM/69-199     4.27226117    3.77446161    3.41284289    3.16067361    3.71728461    3.83451365    3.15819501    2.67317225    3.45175274    3.55081078    3.26745801    2.45558677    4.45441507    3.34117885    3.15588450    3.12292484    3.16288978    3.36256816    2.49639901    2.76918788    2.44110712    2.66411753    2.34812276    3.17296437    2.79506307    2.58625131    2.74871273    2.98416686    3.16572482    2.86360012    3.61129974    4.62093780    3.28750272    2.52616332    2.72985860    3.33664497    1.73658842    0.94692501    0.00000000

