9
R6LPV7_9FIRM/199-317     0.00000000    1.41643013    1.23561670    1.11857505    1.19585184    1.39266549    2.17366057    1.09448349    1.24562458
Q8DYR6_STRA5/250-366     1.41643013    0.00000000    1.38218251    1.93202487    1.52574240    1.58213332    2.14175249    1.47958309    1.88109943
Q8XP10_CLOPE/198-320     1.23561670    1.38218251    0.00000000    1.55680847    1.59050700    1.43358313    2.18400508    1.45205908    2.05299415
C4ZAV3_AGARV/202-315     1.11857505    1.93202487    1.55680847    0.00000000    1.17096229    1.19729253    2.08998692    1.27428615    1.41052016
R6NK55_9FIRM/188-305     1.19585184    1.52574240    1.59050700    1.17096229    0.00000000    0.85746639    2.06621882    1.38686186    1.10786007
R5QYY6_9FIRM/203-322     1.39266549    1.58213332    1.43358313    1.19729253    0.85746639    0.00000000    2.10528372    1.41041570    1.52153635
R5BR76_9FIRM/220-338     2.17366057    2.14175249    2.18400508    2.08998692    2.06621882    2.10528372    0.00000000    1.67976015    2.05973773
R5ESA8_9FIRM/187-300     1.09448349    1.47958309    1.45205908    1.27428615    1.38686186    1.41041570    1.67976015    0.00000000    0.72280856
E3GI01_9FIRM/211-326     1.24562458    1.88109943    2.05299415    1.41052016    1.10786007    1.52153635    2.05973773    0.72280856    0.00000000

