11
H2MP49_ORYLA/359-515     0.00000000    0.04475053    0.15561643    0.11922013    0.12719840    0.24522096    0.52341988    0.86521113    0.46723667    0.46485155    0.07122033
W5KF38_ASTMX/358-518     0.04475053    0.00000000    0.14020944    0.09744251    0.11214021    0.22641014    0.54881591    0.94638842    0.46017342    0.46444406    0.05092198
F6USW9_XENTR/358-537     0.15561643    0.14020944    0.00000000    0.10008295    0.20120709    0.39575909    0.67130688    1.07732909    0.53858522    0.49740096    0.24837338
H0Z819_TAEGU/352-509     0.11922013    0.09744251    0.10008295    0.00000000    0.06505393    0.21666259    0.47932394    0.88588645    0.44685042    0.39497835    0.11173557
H0XDJ2_OTOGA/358-556     0.12719840    0.11214021    0.20120709    0.06505393    0.00000000    0.43390132    0.72302381    1.05210712    0.51363512    0.46299235    0.21566173
F7H1W9_CALJA/358-555     0.24522096    0.22641014    0.39575909    0.21666259    0.43390132    0.00000000    0.34027874    1.12450834    0.53157044    0.50370293    0.31057671
H3DCI4_TETNG/361-558     0.52341988    0.54881591    0.67130688    0.47932394    0.72302381    0.34027874    0.00000000    1.28865521    0.80317189    0.74003288    0.61219358
S2JZS7_MUCC1/355-534     0.86521113    0.94638842    1.07732909    0.88588645    1.05210712    1.12450834    1.28865521    0.00000000    0.97740173    0.94006860    0.95448173
W5N8E0_LEPOC/353-541     0.46723667    0.46017342    0.53858522    0.44685042    0.51363512    0.53157044    0.80317189    0.97740173    0.00000000    0.50448839    0.56108865
A0A669BYS0_ORENI/353-549     0.46485155    0.46444406    0.49740096    0.39497835    0.46299235    0.50370293    0.74003288    0.94006860    0.50448839    0.00000000    0.51407820
H2L6W3_ORYLA/359-529     0.07122033    0.05092198    0.24837338    0.11173557    0.21566173    0.31057671    0.61219358    0.95448173    0.56108865    0.51407820    0.00000000

