164
Q57TS9_TRYB2/623-887     0.00000000    2.64150330    2.52906472    2.47671462    3.09911341    2.40036311    1.84105524    1.88239034    2.04808026    1.95919807    2.27036315    1.82418670    2.12745476    2.31746586    1.91333634    2.40798297    2.31892176    2.38332197    2.40936720    2.03187655    1.86690135    1.77913541    1.93326255    1.86130022    1.75439296    1.85337343    1.83343143    1.77018503    1.78224945    1.80440082    2.00378209    1.98236621    2.00837127    2.39287821    1.97710752    1.90676438    2.04008323    2.02380548    2.02472438    2.02341186    2.04773002    2.04372017    2.04075959    2.04428387    2.00227240    2.14254319    1.90009959    1.76359618    1.90388247    2.00102064    2.40687017    2.11372693    2.03598394    2.37473349    2.36039216    2.10313636    2.11636359    2.09255611    2.04759828    2.05188746    2.17288341    2.20791353    2.07510434    2.12105561    2.21667436    2.14111380    2.26973984    2.21380848    2.21794855    2.18231861    2.18712525    2.05461003    2.26540756    2.30199077    2.12491546    2.23540116    2.29726726    2.17910306    2.25934597    2.32031692    2.05671476    2.27749291    2.15020020    2.04474381    2.10194015    2.21334472    2.09760238    2.22862534    2.14509506    2.10464597    2.14103087    2.29361298    2.05387236    2.01664772    2.32079364    2.02751817    2.08863028    2.11621754    2.06415175    2.07660173    2.11959173    2.31644948    2.37168419    2.13864278    2.07119692    2.36551295    2.21326794    1.91045710    2.42998094    2.26653902    2.26502678    2.40661776    2.17072467    2.10989453    2.12385243    2.12536108    2.17034581    2.11636442    2.21777019    2.17579457    2.18895807    2.25547059    2.19714889    2.15534042    2.02943207    2.03289139    2.24300599    2.18038819    2.12017028    2.39633220    2.34664670    2.06363162    2.33940634    2.09215115    2.18860291    2.07027283    2.12309201    2.01983725    2.06012084    2.22019036    2.11437598    2.13386056    2.24963734    2.17525918    2.15555499    1.99190844    2.13941808    2.31517191    2.06657329    1.85929491    2.32643811    2.40368549    1.92533723    2.23189668    1.91514616    2.05365927    2.01778270    2.25012491    2.13913290    2.18642163    2.22823926    2.31801599    2.37376621    2.28153713
I7M7U7_TETTS/505-756     2.64150330    0.00000000    2.50395759    2.55427678    3.43739631    2.93443051    2.20871125    2.30695684    2.36714219    2.29617836    3.29722358    2.68585819    3.01484007    3.12034818    2.30927671    2.58987797    2.69335776    2.60616909    2.69774844    2.23233830    2.38246573    2.39757229    2.52647703    2.36652129    2.29446540    2.30579457    2.17727866    2.27855934    2.32717733    2.44975446    2.17384453    2.40042299    2.42855479    2.86271084    2.30700696    2.48181277    2.66447203    2.39481320    2.43293485    2.34932165    2.47749387    2.46814316    2.54719195    2.47816134    2.59139781    2.73652612    2.56571399    2.33371022    2.36361820    2.25238424    2.72839972    2.70359161    2.93967688    2.55326964    2.63932813    2.48880280    2.62141722    2.46205648    2.48792508    2.36633514    2.40496801    2.59049256    2.59126309    2.55886523    2.64617319    2.42150143    2.87159909    2.73527185    2.71890855    2.53119086    2.54110686    2.48631624    2.63725114    2.63885848    2.78353799    2.73714528    2.71251257    2.70419714    2.72071693    2.48683124    2.56762650    2.49582456    2.63625196    2.40751367    2.50343248    2.64489303    2.70792251    2.77262029    2.76312691    2.75340401    2.71945664    2.73692682    2.65815413    2.53456248    2.55963525    2.40738574    2.47106937    2.68779129    2.49293776    2.50408786    2.58445736    2.32917430    2.69513022    2.32029203    2.29008544    2.61005636    2.47329992    2.49330970    2.48553263    2.42360643    2.55285070    2.61782609    2.43846009    2.13103238    2.20228339    2.37240709    2.43753179    2.37770242    2.40930817    2.37526971    2.53462784    2.32307550    2.49354122    2.27093618    2.48301592    2.40764728    2.39247890    2.76685107    2.80796503    3.03302277    2.70273968    2.39241816    2.54944198    2.47272141    2.45034540    2.56850782    2.63540289    2.39116861    2.40880597    2.53321882    2.54403442    2.70210495    2.71399060    2.62588110    2.54597403    2.99970271    2.70917770    2.78960942    2.49774906    2.61992134    2.91498270    2.93200516    2.71753559    2.70524728    2.81376628    3.09554601    2.32688262    2.46302920    2.28938644    2.35249408    2.49775114    2.63794416    2.84526953    2.42310542
Q8IIJ0_PLAF7/710-1016     2.52906472    2.50395759    0.00000000    0.33227860    2.24136011    2.14593455    1.75259715    1.71540576    1.92625053    1.69469742    1.94587292    1.93441005    2.30310657    2.14034356    1.99357018    2.15947757    2.41004046    2.39279484    2.36465610    2.10873337    1.82284808    1.98418945    2.10719572    2.00015992    2.07438887    1.97786617    1.89900424    1.91049859    1.90501917    1.95178488    1.85862163    1.79183725    1.97017028    2.09460288    1.73939903    1.82848476    1.75061697    1.86969054    1.83839599    1.91227577    1.89571315    1.98446536    2.00703661    1.97629796    1.97359449    1.91200504    1.96899013    1.98471228    1.71340934    1.99817676    2.29987189    2.14468224    2.18627432    2.14543418    2.24919346    2.04215482    1.82898927    1.89704246    1.81771867    1.82546380    2.04143333    2.21282269    2.17140298    2.24649887    2.29529704    2.13439634    2.49284102    2.38286211    2.26009306    2.10228383    2.29303750    2.13229458    2.42068962    2.11361765    2.38410194    2.41608802    2.18686427    2.01975757    2.03714195    2.31002278    2.17074039    1.98188466    2.17656815    1.99756581    2.10497407    2.37736694    2.22195956    2.21239194    2.21607479    2.35917644    2.37090263    2.41227385    2.49574554    2.25357354    2.28654685    2.51163505    2.51816368    2.50745195    2.53948853    2.52648263    2.03515816    1.98872650    2.11113980    2.02208622    1.92304359    2.22722834    2.10166631    2.12126360    2.26665725    2.21826198    2.02950345    2.15397106    2.19701569    2.01628209    1.89216637    2.08965118    1.97433114    1.83258479    1.95283681    1.91287788    2.04291137    1.90469819    2.04534085    1.87758945    1.76818347    2.05985819    1.87500003    1.92539717    1.92610848    2.13977034    2.30227755    2.03408211    2.06212498    2.07179456    2.16573715    2.04258187    1.88973040    1.94584473    2.02758911    1.85479783    1.83908696    1.96551663    2.01444203    2.26838827    2.20159759    2.10420719    2.28728319    2.13685065    1.98168484    1.71053985    2.39552077    2.02526174    1.97023719    2.15685638    2.26203215    2.30967594    2.11901582    2.04342067    2.07591317    2.11293844    2.10925128    2.15284216    3.08419268    1.98035666
A0A384KLF8_PLAKH/561-865     2.47671462    2.55427678    0.33227860    0.00000000    2.16819173    2.20080546    1.74294585    1.69211968    1.91455819    1.67133866    1.91806774    1.90975667    2.16730069    2.15902946    1.95445559    2.18144790    2.27294256    2.31968487    2.26985352    2.14392239    1.73789295    1.83156760    2.04011079    1.93426216    2.01707747    1.94281386    1.76499834    1.84815756    1.88059074    1.91784327    1.86837270    1.74727562    1.80820175    2.08959281    1.71561655    1.76613384    1.75226778    1.84505057    1.80878142    1.88776273    1.82841255    1.87870766    1.92665801    1.92399481    1.92893359    1.87954618    1.93730953    1.88667348    1.64768908    1.95710541    2.30734922    2.10750375    2.14513945    2.00168883    2.09828267    2.02390829    1.83261939    1.91260645    1.88105429    1.84742608    1.99586595    2.13507953    2.09566693    2.09495070    2.09766646    2.05666305    2.53874078    2.26272226    2.28586343    2.13878446    2.22778489    2.09020616    2.49425795    2.10393279    2.32615164    2.32853694    2.19726456    2.00636045    2.10437472    2.19021790    2.05412269    1.97977257    2.18069395    1.95748159    2.08204070    2.37945018    2.27738049    2.31060285    2.24137946    2.36681507    2.42350224    2.50037707    2.42277462    2.27207419    2.33329930    2.52873754    2.58632639    2.44723018    2.49079272    2.49187770    1.98321511    1.89929415    2.05628605    1.98265398    1.90162410    2.22458515    2.06178500    2.14913497    2.22189366    2.13984662    2.02004107    2.08846602    2.16416484    2.02866053    1.86905301    2.11361434    1.98625386    1.95531139    1.99286295    1.93318879    2.13914516    1.92124710    2.03283779    1.99566662    1.93221495    1.97909223    1.93786874    1.79832445    1.83376444    2.07409464    2.24394793    1.99946154    2.00700980    2.04164263    2.07763164    2.01830990    1.85750685    1.91613952    1.99249314    1.80680601    1.82557201    1.94999782    1.91371016    2.24742506    2.13249929    2.11725759    2.14819265    2.09338854    1.94425065    1.67208224    2.36745259    1.95539189    1.92361431    2.13333314    2.15089016    2.29062572    2.10391228    2.07276515    1.99441509    2.07508702    2.10783688    2.23783790    3.07931847    1.91220812
Q5CRJ3_CRYPI/548-817     3.09911341    3.43739631    2.24136011    2.16819173    0.00000000    1.57706804    2.41161160    2.23631461    2.37402892    2.34454372    2.72045805    2.47784975    2.78199733    2.77486582    2.26878458    3.01472073    3.00267107    2.78385378    3.00832692    2.05519103    1.97907369    1.97403277    2.34857793    2.27272311    2.13471843    1.99396464    1.96856677    2.15158785    1.97247300    2.00960138    2.23121715    2.57731139    2.24083880    2.66439106    2.26014740    2.05035918    2.45417588    2.42857188    2.58692321    2.31148764    2.55054728    2.44870037    2.51566297    2.53412074    2.51742142    2.48870055    2.45396479    2.42305286    2.37577179    2.31935802    2.69798617    2.87522009    2.62313564    3.17344228    3.11345661    2.86820250    2.72771766    2.63261630    2.62366647    2.63722472    2.73552872    2.55833367    2.72789766    2.62741554    2.55544275    2.75798241    2.90449234    2.83419416    2.79729383    2.82874899    2.75548740    2.66475379    2.89795930    2.81480113    2.82660956    2.73749465    2.81209065    2.90457988    2.97786198    2.77473156    2.60941249    2.45133461    2.76243990    2.55263539    2.63349895    2.84491266    2.51422495    2.46112708    2.68501870    2.62173441    2.68240200    2.78752021    2.69303014    2.83924591    2.69005435    2.50125188    2.53637573    2.87234845    2.65664384    2.77673465    2.65034714    2.54170152    2.84192843    2.89630228    2.78685568    3.02628912    2.75727641    2.87410212    2.85037288    2.87438354    2.75879914    3.03148812    2.66277555    2.79961820    2.94523139    2.83285642    2.83439821    2.85487126    2.83762236    2.75411618    3.00834120    2.82353385    2.94710417    2.77083650    2.99143329    2.67157275    3.06786583    2.35747189    2.38855663    2.89258032    2.53766464    2.43819803    2.50892815    2.45424606    2.87465801    2.65227067    2.36522589    2.57144066    2.64407696    2.51702776    2.50565623    2.34067112    2.58529200    2.51636271    2.63227832    2.58725752    2.74067244    2.87727678    2.57817795    2.41055768    2.55757905    2.71461049    2.72224462    2.76474050    2.59778981    2.77994027    2.48483204    2.53625063    2.44767227    2.49430079    2.45062675    2.57229733    2.86216506    2.64139579
B6A9G5_CRYMR/543-811     2.40036311    2.93443051    2.14593455    2.20080546    1.57706804    0.00000000    2.24538715    2.23236608    2.25153763    2.12742867    2.20496265    2.27416113    2.44325248    2.44565987    1.99317053    2.68948642    2.76717780    2.72127413    2.78491872    2.13311123    2.22311715    2.32417398    2.55865131    2.45295460    2.51015779    2.45449797    2.22179303    2.32404195    2.28599323    2.51068651    2.35525297    2.52125512    2.28971628    3.07790024    2.42707223    2.19808543    2.30533317    2.49974950    2.55196808    2.26284774    2.48314267    2.36885436    2.16118550    2.52440285    2.22059037    2.49111219    2.42773912    2.53275621    2.25057300    2.72150248    2.40328207    2.52686989    2.35303646    3.09655569    2.80295997    2.35135712    2.22891293    2.26398249    2.24543081    2.35457133    2.56410497    2.52388825    2.43612535    2.44169098    2.46866438    2.40174444    2.58602652    2.45887043    2.62755705    2.51406553    2.41903135    2.35566494    2.41091930    2.51485325    2.44159292    2.44611445    2.50597263    2.51290898    2.37184893    2.70112642    2.31817160    2.26606530    2.43652074    2.40243710    2.52052033    2.64516039    2.53403776    2.54576710    2.57518014    2.72026614    2.55074536    2.73095706    2.66130460    2.55024350    2.50348189    2.71028175    2.49110173    2.75019725    2.62021944    2.63365541    2.32618925    2.31160109    2.62695231    2.28955293    2.55863579    2.53645637    2.65238023    2.66393215    2.60665706    2.79111606    2.48277225    2.57408316    2.44478575    2.60761576    2.27600666    2.55268697    2.60214246    2.52850068    2.60559346    2.52308153    2.56346709    2.48239530    2.71790588    2.62913985    2.35004718    2.63199047    2.63066993    1.94665064    2.00961980    2.95736085    2.44295748    2.18433663    2.40233389    2.24242740    2.76068075    2.41981349    2.42348279    2.35018950    2.33662117    2.53046968    2.29925608    2.23563672    2.52332529    2.34169786    2.44860139    2.65363878    2.49932853    2.36451905    2.57334414    2.48760926    2.64429886    2.58950456    2.24289345    2.54522972    2.48447772    2.54269899    2.27967069    2.20364167    2.10850043    2.02098571    2.12025601    2.22161141    2.78513828    2.51064005
MLH1_DICDI/622-884     1.84105524    2.20871125    1.75259715    1.74294585    2.41161160    2.24538715    0.00000000    0.25483744    0.80070456    0.53599620    1.71584283    1.24240792    1.74576449    1.68168392    1.58684181    1.50356053    1.70533401    1.64036148    1.64600725    1.16234450    1.12975700    1.04591409    1.09038895    1.06014116    1.17332303    1.14377625    1.11530426    1.00456508    1.10595084    1.16083612    1.32328452    1.00849676    1.35366830    1.24839074    1.31300041    1.23703458    1.20054761    1.06602558    1.06193361    1.39680112    1.41658093    1.43188301    1.24755599    1.14271831    1.19747876    1.12517417    1.28098454    1.25492363    1.22561838    1.24741552    1.65308115    1.67763563    1.62139295    1.49806585    1.49280605    1.37985523    1.38740820    1.33053042    1.34919284    1.35492909    1.27675446    1.37713929    1.39801024    1.38402176    1.39217961    1.42547667    1.65801241    1.63198000    1.61284420    1.45764642    1.40672198    1.36582507    1.50032248    1.47518259    1.62275159    1.60614868    1.55874202    1.45600283    1.37968079    1.57451347    1.41098060    1.45127932    1.49163394    1.38497592    1.43796003    1.60097165    1.52671707    1.48564377    1.46890488    1.52396607    1.53123519    1.45524327    1.63057123    1.50435027    1.67582211    1.63163042    1.62563300    1.60290530    1.55645096    1.55139681    1.43796983    1.44498025    1.59876117    1.76924915    1.58802544    1.63802143    1.64241972    1.88223359    1.95748258    1.66136793    1.98187066    1.84485665    1.41891974    1.45987108    1.48837967    1.45789778    1.58842212    1.45136471    1.48332945    1.50936816    1.43621903    1.61235360    1.67682316    1.48954000    1.57913831    1.44571047    1.52710948    1.45454406    1.51993649    1.82527792    1.90261317    1.79080681    1.87095186    1.83087508    1.51611953    1.37590596    1.32260793    1.26659053    1.32414879    1.22299444    1.28504313    1.23125587    1.37529342    1.44701782    1.51391808    1.47210961    1.66941611    1.70793677    1.36121656    1.40134467    1.47743704    1.41514194    1.56107894    1.29174136    1.35184912    1.52221163    1.24309340    1.23080636    1.27621381    1.44199006    1.30797166    1.33038921    1.93657251    1.13845968
F0ZP44_DICPU/540-805     1.88239034    2.30695684    1.71540576    1.69211968    2.23631461    2.23236608    0.25483744    0.00000000    0.86766244    0.59691991    1.84199695    1.25205220    1.75586241    1.66357990    1.50456098    1.50181038    1.68998030    1.63005280    1.70691358    1.22022141    1.12764372    1.04811659    1.05330322    1.00725402    1.10699186    1.10297046    1.07175353    1.00089631    1.05514773    1.20167240    1.25288196    1.01822801    1.41163222    1.29569350    1.39368946    1.13520337    1.09167757    1.04747534    1.01231672    1.28577822    1.28774248    1.29825907    1.18096857    1.12430616    1.18321194    1.15274730    1.27761782    1.25049867    1.24982487    1.23624543    1.70079697    1.58102786    1.60777221    1.52974001    1.50967784    1.45462296    1.41452011    1.34234063    1.34597529    1.34719248    1.37473123    1.41375326    1.39441491    1.42142026    1.39677409    1.41896473    1.61700319    1.51098945    1.53063796    1.43127241    1.39883501    1.41911277    1.56951125    1.48728828    1.68763601    1.58830045    1.55681165    1.45051786    1.38128955    1.62414553    1.45376445    1.44345271    1.48508512    1.39836492    1.50262391    1.58397418    1.62500684    1.57287224    1.56841857    1.60734766    1.62816193    1.63919129    1.62041011    1.64993029    1.69258336    1.81191392    1.79429997    1.75597349    1.66128405    1.72413863    1.50373324    1.36832803    1.59788153    1.60372349    1.60705530    1.60937216    1.53099733    1.75381947    1.77316989    1.51248382    1.81362884    1.66188207    1.32633521    1.42346079    1.40445418    1.55045824    1.57000460    1.44508485    1.45696334    1.45833083    1.44660558    1.56406036    1.63299652    1.45997684    1.56275212    1.42053702    1.41266512    1.42798512    1.39436664    1.83038632    1.91846153    1.81113074    1.80319736    1.92287142    1.52832763    1.33610547    1.27190843    1.19645895    1.34352788    1.21394158    1.28518524    1.20426168    1.33586471    1.47014852    1.48729719    1.45862155    1.56843722    1.67862704    1.39292172    1.40247160    1.42575943    1.48793897    1.52389710    1.27846831    1.34683919    1.49979160    1.19311503    1.23655776    1.31039132    1.36741947    1.27285881    1.25302256    1.82016292    1.29568040
F4PI82_CAVFA/656-978     2.04808026    2.36714219    1.92625053    1.91455819    2.37402892    2.25153763    0.80070456    0.86766244    0.00000000    0.61926004    1.74763710    1.31370750    1.95187525    1.54339411    1.55200822    1.71630222    1.88350741    1.88274624    1.86857058    1.29717096    1.24607863    1.05097622    1.28825070    1.14057933    1.24061147    1.25518454    1.17647080    1.16913549    1.19382098    1.28649114    1.41793417    1.23618759    1.42349939    1.46914631    1.39844402    1.40363214    1.36510712    1.37142163    1.26954215    1.40775940    1.39808297    1.43292401    1.47584797    1.40790571    1.52312648    1.16898014    1.28813886    1.42188912    1.21610726    1.44604446    1.99901427    1.80290836    1.69389382    1.78306392    1.76595634    1.45801303    1.43353260    1.42598319    1.48263097    1.42617125    1.48957958    1.48137310    1.45556277    1.63371001    1.49183894    1.57393861    1.54920696    1.61033395    1.72292264    1.49472406    1.48824119    1.57902161    1.65483786    1.69156180    1.68460413    1.65810414    1.65278403    1.49222352    1.61624205    1.63069222    1.51227933    1.51788788    1.51273293    1.50410447    1.59391888    1.76612534    1.69413704    1.76150119    1.71841408    1.76815121    1.73865432    1.72438625    1.88157394    1.64835864    1.74326989    1.74231421    1.76156667    1.97854772    1.78170568    1.87465681    1.51138551    1.64147314    1.82481227    1.91884000    1.79427904    1.78141936    1.72572331    1.91056464    1.89921860    1.65915815    1.74699213    1.76594965    1.56542057    1.58434108    1.50807749    1.55693151    1.76244885    1.55250213    1.55600036    1.61034195    1.59799511    1.62309803    1.77456696    1.48298810    1.72037191    1.53057063    1.71566842    1.48221463    1.56714158    1.79556898    1.84482945    1.72326843    1.85522753    1.86306313    1.60212148    1.39950752    1.55051707    1.34277581    1.41550075    1.37271251    1.37497221    1.40930764    1.48071590    1.76437860    1.55866087    1.57375070    1.59815544    1.67305077    1.52265035    1.38970024    1.55864935    1.59598042    1.72372596    1.51839236    1.41933776    1.50530462    1.40336165    1.33059290    1.37201787    1.40175605    1.43663706    1.44809376    2.33874213    1.38609865
D3B4I5_POLPP/577-825     1.95919807    2.29617836    1.69469742    1.67133866    2.34454372    2.12742867    0.53599620    0.59691991    0.61926004    0.00000000    1.66955178    1.13571350    1.64923620    1.48048127    1.32971956    1.58233247    1.78690057    1.66764701    1.89202867    0.98653514    1.04768013    0.95509382    1.12804053    1.06420080    0.97154690    1.00371258    0.87483511    0.94968983    0.95839083    1.00538084    1.06819421    1.12960862    1.15101005    1.37693750    1.10769959    1.13663302    1.09963359    1.17030002    1.05046403    1.12080858    1.19549935    1.10217619    1.19331463    1.27317637    1.28287123    1.02010066    1.08931999    1.07385242    1.02172453    1.34539430    1.74035098    1.63301785    1.49647442    1.61852516    1.61034562    1.32190153    1.37965723    1.36866634    1.38629890    1.36553111    1.39915845    1.42128296    1.49733602    1.40871668    1.37701917    1.45553155    1.54141316    1.52678649    1.52976651    1.46228553    1.47287947    1.50724192    1.53274700    1.55239775    1.59010503    1.59916137    1.51547845    1.39320206    1.49293405    1.55437538    1.40098909    1.51382030    1.49978778    1.43816951    1.51122205    1.59090377    1.53315734    1.54838163    1.58400369    1.56081015    1.46114092    1.57015218    1.56780059    1.53033839    1.63307161    1.48088712    1.47475563    1.65511151    1.58753686    1.64101608    1.38406996    1.24908593    1.54261105    1.78119460    1.66299495    1.64639954    1.58086445    1.64164186    1.76419941    1.51045802    1.69009457    1.69195272    1.35422532    1.49750806    1.27125140    1.43891127    1.63269037    1.32726321    1.39512828    1.42897025    1.43678134    1.41933570    1.49722771    1.48086186    1.49716724    1.41745275    1.45649726    1.35980074    1.37768034    1.71503980    1.74283881    1.48873642    1.67065830    1.54676007    1.45949197    1.35354511    1.30228672    1.28589371    1.34968008    1.24573339    1.23758388    1.31252159    1.43964106    1.43743649    1.51844970    1.57036608    1.47256292    1.54352541    1.53489884    1.33695091    1.51658975    1.56106838    1.42307673    1.35731832    1.40090299    1.52122227    1.12058610    1.17237265    1.04440200    1.13343672    1.06229467    1.14178928    1.85060034    1.27446378
T1K183_TETUR/423-654     2.27036315    3.29722358    1.94587292    1.91806774    2.72045805    2.20496265    1.71584283    1.84199695    1.74763710    1.66955178    0.00000000    1.44021330    1.72802185    1.81162790    1.58985293    1.68908277    1.74116222    1.72388302    1.77213365    1.37471311    1.41221961    1.47017824    1.61208711    1.47720283    1.59684100    1.49061886    1.38768312    1.52226908    1.34145565    1.50312072    1.42154938    1.47021373    1.48616574    1.70852057    1.51612855    1.60855062    1.69464851    1.61249817    1.46556959    1.57198474    1.65095063    1.55077213    1.68899243    1.59549628    1.62679564    1.58969174    1.66344262    1.58324805    1.55275408    1.45398550    1.69370363    1.62282928    1.62296834    1.67077109    1.59065567    1.50296869    1.51587160    1.50842675    1.48013298    1.46371799    1.47303417    1.48747345    1.60188579    1.64970037    1.57900986    1.50801968    1.59465122    1.43636980    1.52836992    1.50229812    1.49770786    1.45768727    1.46089043    1.41784869    1.47049937    1.61302931    1.64207320    1.58295837    1.58859099    1.50639433    1.53891550    1.45089737    1.64275894    1.45598782    1.48250251    1.72119738    1.57702472    1.48916745    1.51693413    1.53364382    1.55280511    1.57593368    1.58424908    1.65059513    1.60828301    1.61864072    1.55974613    1.69942595    1.57249150    1.59279205    1.51036574    1.79656709    1.75620002    1.81173940    1.76293485    1.90220816    1.79221562    1.75318382    1.77927508    1.79728216    1.71070771    2.01577627    1.69074678    1.71132572    1.89815558    1.73380763    1.67266469    1.62487682    1.81900613    1.68318700    1.79379622    1.66158081    1.71745101    1.68794292    1.80294847    1.63260724    1.66682660    1.57240890    1.71176415    1.90441326    1.98485311    1.96337640    1.89896165    1.97160555    1.61700974    1.63697514    1.62777978    1.61717948    1.70079040    1.66311582    1.61582832    1.68424591    1.82777573    1.59138109    1.72416849    1.72367617    1.44558326    1.75750791    1.60564149    1.73222865    2.03865521    1.77925077    1.86704098    1.54640216    1.64157101    1.64184482    1.58353401    1.65081253    1.66121853    1.72265437    1.65001507    1.69138618    2.06131306    1.77147029
E9G300_DAPPU/471-714     1.82418670    2.68585819    1.93441005    1.90975667    2.47784975    2.27416113    1.24240792    1.25205220    1.31370750    1.13571350    1.44021330    0.00000000    1.36953297    1.38929097    1.27521641    1.32416253    1.45692599    1.45528959    1.46312922    0.88436498    0.97153480    0.93394786    0.94321382    0.91224580    1.06171013    0.96252002    0.98892182    0.96222675    1.07519021    1.02531660    1.08911946    0.92925364    1.06566880    1.00061133    1.03412619    1.05713208    1.10031303    0.96625873    0.95533431    1.29736274    1.33416192    1.30529419    1.09411471    1.18836419    1.12725408    0.99335877    1.19996569    1.01975298    1.34327306    1.16990369    1.75045286    1.68138983    1.45150298    1.57581729    1.56742475    1.26680923    1.28006545    1.29323405    1.28182671    1.20792486    1.33606139    1.27919103    1.38234993    1.49382636    1.42811799    1.27122354    1.32392653    1.38423879    1.40214509    1.39125619    1.24680602    1.25962587    1.38149843    1.40251796    1.43966141    1.48041290    1.28142523    1.26799229    1.32597223    1.39220084    1.29117378    1.42641525    1.36142614    1.28767687    1.33800857    1.50597632    1.42906408    1.31629408    1.35382444    1.37480276    1.45855570    1.46392043    1.44791677    1.44681586    1.50058060    1.48969127    1.42661678    1.42895049    1.44145138    1.46915499    1.50773655    1.52871682    1.68988438    1.53711782    1.51839398    1.55198465    1.59191210    1.50798110    1.63422857    1.61471219    1.76866297    1.63186996    1.44617043    1.50445920    1.42777173    1.37095518    1.58550130    1.46096037    1.39009525    1.29415402    1.33488047    1.44462115    1.40266514    1.48563222    1.38432380    1.35697041    1.39701980    1.41516119    1.49036198    1.66470786    1.84502690    1.64330945    1.65700381    1.67155128    1.46027054    1.46125144    1.33657631    1.31405060    1.44909248    1.30110843    1.36116065    1.24422492    1.39820893    1.29977292    1.46205449    1.34544959    1.69183327    1.53830018    1.43472276    1.33164059    1.65809307    1.40500178    1.58135427    1.22230270    1.18828837    1.32594251    1.24879517    1.26600862    1.34795991    1.32776661    1.34839455    1.46392479    1.83787192    1.11390913
A0A068Y6C3_ECHMU/548-835     2.12745476    3.01484007    2.30310657    2.16730069    2.78199733    2.44325248    1.74576449    1.75586241    1.95187525    1.64923620    1.72802185    1.36953297    0.00000000    1.34978217    1.34496270    1.76940519    1.81006642    1.95589151    1.84776065    1.35292033    1.27113876    1.22874882    1.21451963    1.18628755    1.36111548    1.24802039    1.30162056    1.42901743    1.37647942    1.52181476    1.57394879    1.39087792    1.60037352    1.83087864    1.59241307    1.32187943    1.48034857    1.40455912    1.44796542    1.38791421    1.36794960    1.36960030    1.41744778    1.41586084    1.27610222    1.45589162    1.41201972    1.34141719    1.53954118    1.61796284    1.84064454    1.85476260    1.72448378    1.93487493    1.97771522    1.72358281    1.69027957    1.70051595    1.72443974    1.68704134    1.96720875    1.68914592    1.69036860    1.80618367    1.76254150    1.91407210    1.78115530    1.87140615    1.97420255    1.88317509    1.82257856    1.73751689    1.83505380    1.79937770    1.82349466    1.87791025    1.77669956    1.81577116    1.79019184    1.89985327    1.82272344    1.95602128    1.74496137    1.69520589    1.79030838    2.07774159    1.88815415    1.96829428    2.01132489    2.04880539    1.99585296    1.95946883    2.10750981    1.98708164    2.05506057    1.90492194    2.06048756    1.80475147    1.89200112    1.86727758    1.77453043    1.65338272    1.79811922    1.98548557    1.88545575    1.89871488    1.98972632    1.91979395    1.89583132    2.09289749    1.99914383    2.10303486    1.74248177    1.89642313    1.88764058    1.92740282    1.96336856    1.96451423    1.94752368    1.81927518    1.78389403    1.91519945    1.85851266    1.83962846    1.82075803    1.83553709    1.83025211    1.48417716    1.39157269    2.09171587    2.22786098    2.12209304    2.00476630    2.14080965    1.85850620    1.61418751    1.54895079    1.59435236    1.76575919    1.58894645    1.68380079    1.67324666    1.69620216    1.53067939    1.71837014    1.77316810    1.93091393    1.67812070    1.65814025    1.59972455    2.08021892    1.59076596    1.71453701    2.02149936    1.58095511    1.64322415    1.70715327    1.70359011    1.82218468    1.89505538    1.83400699    1.76255872    2.28735761    1.49270824
G4V9Y8_SCHMA/632-918     2.31746586    3.12034818    2.14034356    2.15902946    2.77486582    2.44565987    1.68168392    1.66357990    1.54339411    1.48048127    1.81162790    1.38929097    1.34978217    0.00000000    1.55962870    1.68205513    1.81597883    1.91941679    1.79526413    1.33793613    1.46215355    1.24929297    1.46500242    1.40160034    1.37048197    1.36348579    1.51086473    1.56598514    1.46247146    1.50260910    1.71316439    1.46594366    1.54269066    1.90299709    1.59780970    1.55080961    1.56319486    1.49143016    1.47845636    1.60436828    1.52613637    1.51357666    1.56927671    1.57557289    1.58314135    1.63707287    1.52683078    1.57517657    1.46746557    1.57584204    1.93359527    1.71614890    1.72986456    2.04818419    2.05351312    1.66401638    1.61336775    1.75474929    1.73258645    1.66699824    1.82007178    1.75713270    1.79954109    1.86194913    1.78950320    1.82525790    1.93086178    1.94993594    1.97633351    1.80267446    1.80306178    1.92615420    1.85735547    1.83740825    1.84412084    1.88507945    1.87464062    1.74983197    1.88698259    1.87593431    1.63498195    1.83245931    1.67629542    1.86053247    1.74980317    1.97108556    1.82557030    1.77260557    1.83699249    1.79563721    1.78675277    1.91325846    1.89114412    1.80066592    1.95143058    1.81367262    1.80052195    1.88429042    1.85621629    1.86525476    1.89932348    1.72236994    1.88285235    1.99573683    1.83760566    1.93519929    1.82835671    1.80636695    1.88533916    1.99098717    1.96164147    1.95509820    1.66156321    1.96346681    1.79958331    1.84149255    1.89178415    1.72730301    1.81926233    1.80298188    1.75760854    1.90799469    1.86152309    1.80097994    1.76800489    1.77491132    1.79673143    1.62535672    1.51252649    2.14763149    2.13288703    2.22365043    2.07299752    2.13609715    2.03487256    1.60725655    1.63564220    1.57347138    1.68023623    1.61671931    1.65127423    1.83371192    1.65655543    1.68494048    1.80076269    1.78598175    1.80898712    1.82466038    2.01171687    1.69936256    2.07228573    1.59683736    1.76992105    1.78572282    1.74776195    1.79786544    1.64991467    1.58403682    1.66319503    1.63450183    1.68309405    1.71641346    2.08286093    1.78336190
E5SR86_TRISP/443-692     1.91333634    2.30927671    1.99357018    1.95445559    2.26878458    1.99317053    1.58684181    1.50456098    1.55200822    1.32971956    1.58985293    1.27521641    1.34496270    1.55962870    0.00000000    1.34448681    1.38496864    1.35582355    1.39542258    1.31009138    1.13604000    1.15505875    1.03955101    1.08404333    1.07663763    1.04162203    1.15560844    1.18827291    1.20981695    1.31680045    1.31072385    1.16818612    1.19171607    1.24771499    1.22515288    1.47435194    1.31222348    1.29292318    1.33750273    1.18115607    1.27436821    1.26979640    1.34802418    1.30618039    1.29625940    1.26882962    1.29419220    1.34963755    1.20853026    1.36112932    1.52720666    1.55910022    1.55728707    1.58603779    1.71711628    1.31804437    1.38543825    1.47601506    1.39751715    1.38178480    1.34829837    1.40973195    1.50823980    1.51812842    1.45777045    1.44519968    1.49848762    1.44784157    1.40501007    1.44392376    1.36854367    1.41028004    1.31757762    1.43463705    1.40416561    1.41557318    1.41193086    1.43955236    1.31960547    1.43493079    1.39319422    1.44638837    1.44631130    1.43003843    1.42668285    1.68333353    1.47938317    1.45761687    1.56864245    1.64368517    1.52893130    1.53895519    1.55462412    1.58691258    1.52440103    1.52535110    1.51711458    1.55241158    1.47580936    1.49731089    1.50845063    1.53533693    1.61703207    1.82479746    1.64121748    1.66568866    1.74818702    1.65275369    1.67657916    1.84538013    1.66412690    1.82382376    1.36468382    1.43210206    1.45536345    1.62677546    1.58813724    1.43583496    1.61846490    1.56877114    1.53075821    1.63350054    1.59668138    1.46283856    1.54757897    1.49233694    1.41218138    1.30308666    1.23340703    1.66347747    1.63957656    1.60461014    1.71217983    1.57252315    1.42382155    1.47089426    1.36972242    1.30359652    1.49105414    1.33811362    1.36190254    1.29316894    1.38249185    1.34494414    1.50291811    1.52087357    1.63044937    1.53465979    1.45913609    1.73432163    1.79321060    1.59014874    1.80854130    1.60351670    1.50506411    1.72914803    1.49327723    1.51817970    1.53676390    1.55143338    1.68264837    1.64300389    1.99838639    1.39866319
A0A2H2HVG8_CAEJA/511-770     2.40798297    2.58987797    2.15947757    2.18144790    3.01472073    2.68948642    1.50356053    1.50181038    1.71630222    1.58233247    1.68908277    1.32416253    1.76940519    1.68205513    1.34448681    0.00000000    0.43616196    0.41808095    0.49339433    1.57686315    1.48523688    1.38531625    1.49293941    1.44953429    1.42385047    1.37855869    1.39139725    1.52699329    1.44417928    1.41386003    1.59794361    1.50119312    1.38246288    1.74129584    1.37652666    1.55066504    1.49130283    1.59155440    1.58272835    1.50156454    1.53812489    1.52269230    1.62058251    1.68210379    1.61983468    1.63439187    1.66240496    1.51141783    1.71713304    1.60978223    1.71546353    1.57341177    1.56363913    1.73890253    1.83994819    1.68884293    1.72198419    1.69337690    1.71218145    1.75688787    1.69672914    1.66121414    1.75750144    1.64568292    1.70628723    1.72084257    1.82904449    1.74574735    1.82375327    1.64728080    1.69175209    1.67034143    1.62066841    1.68228778    1.69934568    1.85120201    1.76819108    1.71076268    1.72483180    1.78709550    1.66375640    1.86125198    1.63202807    1.55749226    1.74224360    1.99562248    1.83689705    1.82442362    1.78674217    1.80570022    1.79549912    1.86510369    1.77563282    1.87531371    1.69968638    1.79878575    1.63013594    1.80958948    1.80683600    1.81272983    1.72327416    1.74916648    1.60921716    1.77450786    1.59068124    1.73959083    1.70530124    1.68884070    1.77365572    1.76436027    1.74644425    1.83122215    1.72665085    1.66252661    1.68773772    1.56944049    1.83080758    1.83377018    1.81461266    1.65334496    1.71549108    1.81737488    1.68177219    1.81609018    1.71787035    1.80275038    1.66928222    1.68499588    1.64205854    1.93454847    1.98465959    1.72524353    1.80216916    1.78070836    1.71415050    1.69271591    1.66586383    1.69801685    1.78064808    1.67568602    1.54164681    1.75014034    1.84659478    1.74210797    1.74377227    1.80483991    1.81780358    1.87800435    1.72936375    1.83324339    1.86337319    1.58295515    1.83957197    1.55060583    1.58988965    1.89353171    1.67772607    1.66910308    1.83217484    1.82674258    1.88082152    1.80795635    2.35016225    1.79429704
Q9XU10_CAEEL/501-756     2.31892176    2.69335776    2.41004046    2.27294256    3.00267107    2.76717780    1.70533401    1.68998030    1.88350741    1.78690057    1.74116222    1.45692599    1.81006642    1.81597883    1.38496864    0.43616196    0.00000000    0.42041988    0.41615502    1.56124959    1.57543039    1.56742969    1.66630653    1.60267950    1.52094112    1.50028957    1.55699626    1.68741467    1.59667179    1.55410153    1.73425843    1.70566193    1.67332475    1.94729051    1.60566543    1.70244988    1.69867987    1.68233866    1.70660287    1.80255932    1.90939541    1.84938889    1.70679440    1.67111576    1.64436637    1.78121258    1.83495378    1.56727548    1.82855694    1.71793409    1.84932775    1.75419375    1.78459795    1.79431281    1.82321678    1.78377371    1.86214676    1.85583930    1.82423579    1.81886742    1.87287732    1.81593833    1.84169633    1.81481938    1.77946214    1.89369629    1.95389199    1.96618751    1.94838138    1.93295510    1.96045351    1.87574289    1.87742122    1.80757960    1.91638683    2.11921243    2.05276920    1.86719019    2.03023526    1.94644594    1.86141797    1.83053866    1.80028617    1.76333772    1.86264240    2.15407866    1.68844488    1.91526478    1.89554589    1.87004100    1.73099081    1.84206808    1.73657932    1.80150009    1.74051210    1.76033015    1.74519159    1.91183105    1.86322317    1.88757852    1.78343046    1.75828134    1.77461167    1.73111381    1.73779923    1.89627344    1.79920859    1.74352767    1.83305966    1.76136114    1.71817547    1.95454402    1.76404342    1.81484704    1.78377025    1.73008145    1.86052255    1.86050255    1.97947647    1.75640652    1.87127995    1.70120346    1.78883283    1.88997085    1.71567695    1.76766781    1.94452523    1.73191689    1.65654585    2.12632319    2.05359584    1.88374049    2.00823648    1.97799301    1.93237844    1.87236349    1.71406918    1.83659776    1.93995177    1.79930983    1.71920138    1.88723950    1.98709437    1.83632796    1.81708376    1.92645090    2.06599650    1.97803290    1.90975310    2.07852697    1.96452686    1.59376766    1.98679521    1.71268137    1.82137080    2.04890000    1.77749351    1.85750524    2.04228734    1.97433307    2.07050878    1.99536283    2.34579867    1.91718151
