13
I2H779_TETBL/266-666     0.00000000    1.47437608    1.79154435    1.76686900    2.34273025    1.80595772    1.83255766    1.76211531    1.64101006    2.01279822    2.13107820    2.12461197    2.27463459
A7TN51_VANPO/236-614     1.47437608    0.00000000    1.61986105    1.41097994    2.01258714    1.74406673    1.65137637    1.62565749    1.43175582    1.68287863    2.19861221    1.82262646    2.07014975
G8C0E2_TETPH/267-642     1.79154435    1.61986105    0.00000000    1.82587889    2.42899765    1.77365964    1.79628914    1.74371866    1.77977271    2.12428264    2.20989912    2.12513327    2.18086213
G8ZTM9_TORDC/222-591     1.76686900    1.41097994    1.82587889    0.00000000    2.07080466    1.69385573    1.57179820    1.48811345    1.57337235    1.75803262    1.93279605    2.14919841    2.13616760
J7S1P7_KAZNA/202-573     2.34273025    2.01258714    2.42899765    2.07080466    0.00000000    2.12166309    2.09900463    2.08620263    2.20841639    2.75445180    2.93603987    2.47578009    2.83361121
H2AV63_KAZAF/244-620     1.80595772    1.74406673    1.77365964    1.69385573    2.12166309    0.00000000    1.51035654    1.48123657    1.80679631    1.99613334    2.53274102    2.53703528    2.25600752
J4TY89_SACK1/254-636     1.83255766    1.65137637    1.79628914    1.57179820    2.09900463    1.51035654    0.00000000    0.36543958    1.62895780    2.03570804    2.30813223    1.99415861    2.06270214
RAD61_YEAST/253-636     1.76211531    1.62565749    1.74371866    1.48811345    2.08620263    1.48123657    0.36543958    0.00000000    1.48580665    1.95224978    2.09344118    1.85659600    2.02335649
C5DPJ0_ZYGRC/206-567     1.64101006    1.43175582    1.77977271    1.57337235    2.20841639    1.80679631    1.62895780    1.48580665    0.00000000    1.65173422    2.15116661    1.98343612    2.01919555
C5DED4_LACTC/194-574     2.01279822    1.68287863    2.12428264    1.75803262    2.75445180    1.99613334    2.03570804    1.95224978    1.65173422    0.00000000    1.96760239    1.75874896    1.67586626
Q6CW44_KLULA/225-578     2.13107820    2.19861221    2.20989912    1.93279605    2.93603987    2.53274102    2.30813223    2.09344118    2.15116661    1.96760239    0.00000000    1.90596276    1.92016796
Q75E93_ASHGO/188-561     2.12461197    1.82262646    2.12513327    2.14919841    2.47578009    2.53703528    1.99415861    1.85659600    1.98343612    1.75874896    1.90596276    0.00000000    1.12254296
G8JUV5_ERECY/191-568     2.27463459    2.07014975    2.18086213    2.13616760    2.83361121    2.25600752    2.06270214    2.02335649    2.01919555    1.67586626    1.92016796    1.12254296    0.00000000

