7
F4B5G5_ACIHW/1-207     0.00000000    0.35477855    0.52999375    0.53894227    0.66340586    0.60033316    0.66922862
Q4J7V8_SULAC/1-206     0.35477855    0.00000000    0.50119506    0.44362898    0.58331161    0.58134997    0.62596056
Q97V64_SACS2/1-207     0.52999375    0.50119506    0.00000000    0.34117050    0.54093273    0.57835711    0.49759252
Q970I9_SULTO/1-207     0.53894227    0.44362898    0.34117050    0.00000000    0.55912224    0.58078608    0.52957979
A4YGW9_METS5/1-205     0.66340586    0.58331161    0.54093273    0.55912224    0.00000000    0.65938752    0.61245411
A8M9Q4_CALMQ/1-207     0.60033316    0.58134997    0.57835711    0.58078608    0.65938752    0.00000000    0.34375694
E1QTG2_VULDI/17-224     0.66922862    0.62596056    0.49759252    0.52957979    0.61245411    0.34375694    0.00000000

