11
D0IXY8_COMT2/53-132     0.00000000    1.57283753    1.50396393    1.57521928    1.67994851    2.16337261    2.11570311    1.61015631    1.58092241    1.76002906    1.65336568
A9BRK8_DELAS/28-104     1.57283753    0.00000000    0.57960100    2.29331876    2.28731684    2.19088443    2.61538283    2.44685359    2.20909061    2.30666814    2.18484592
A9BT07_DELAS/28-105     1.50396393    0.57960100    0.00000000    2.26742136    2.26815828    2.36120359    2.66988037    2.43103843    1.77084495    1.96835547    1.87552429
A0A1D9HD87_9BURK/49-128     1.57521928    2.29331876    2.26742136    0.00000000    0.79293873    0.98991894    1.83129834    1.28491278    1.43659996    1.77583003    1.66886829
Q58AE5_CUPMC/71-150     1.67994851    2.28731684    2.26815828    0.79293873    0.00000000    1.08666367    2.22812111    1.48617978    1.47100871    1.71037135    1.69938695
Q1LBG1_CUPMC/76-156     2.16337261    2.19088443    2.36120359    0.98991894    1.08666367    0.00000000    2.01577560    1.53372652    1.40058938    1.71220694    1.79129424
A4GA65_HERAR/28-108     2.11570311    2.61538283    2.66988037    1.83129834    2.22812111    2.01577560    0.00000000    1.52662973    1.71067219    2.05957797    1.79216030
C4K940_THASP/53-128     1.61015631    2.44685359    2.43103843    1.28491278    1.48617978    1.53372652    1.52662973    0.00000000    0.67697680    0.83268426    0.72282792
G8QK51_AZOOP/53-128     1.58092241    2.20909061    1.77084495    1.43659996    1.47100871    1.40058938    1.71067219    0.67697680    0.00000000    0.29731371    0.28614144
C7RVY2_ACCPU/53-128     1.76002906    2.30666814    1.96835547    1.77583003    1.71037135    1.71220694    2.05957797    0.83268426    0.29731371    0.00000000    0.24452060
G8QNT3_AZOOP/53-128     1.65336568    2.18484592    1.87552429    1.66886829    1.69938695    1.79129424    1.79216030    0.72282792    0.28614144    0.24452060    0.00000000

