24
I2H5B4_TETBL/178-402     0.00000000    0.67673720    0.69328722    0.75782597    0.49761874    0.66600372    0.63016873    0.57926870    0.75827328    1.01466516    0.76444718    1.71440919    1.73763613    1.82778742    2.31601631    1.81473802    1.97951271    1.87199146    1.95124584    1.76635593    2.00265875    1.79747632    0.65444704    0.61131512
NOT1_YEAST/169-392     0.67673720    0.00000000    0.69383388    0.63099425    0.52697681    0.58693504    0.61085003    0.51029094    0.70380706    0.95171390    0.62702739    1.57148781    1.74360562    1.66155945    2.31453234    1.93016082    2.04535057    2.07681631    2.07832254    1.88590585    2.05259207    1.68864334    0.66839722    0.55263295
G8BWJ4_TETPH/7-241     0.69328722    0.69383388    0.00000000    0.72720133    0.69406597    0.82682463    0.67094377    0.68499414    0.72586479    0.97580226    0.75021006    1.62838697    1.81100863    1.77152630    2.67762418    2.07008562    2.29359540    2.11045724    2.23086162    1.92203708    2.10119499    2.03328066    0.81280256    0.74845057
Q6FVN7_CANGA/171-402     0.75782597    0.63099425    0.72720133    0.00000000    0.64097736    0.76967402    0.65245487    0.73138791    0.70731595    0.92539146    0.73614134    1.87684095    1.69322200    1.79211658    2.47135841    1.92960240    2.08263344    2.09047077    2.00068446    1.88578295    2.02781854    1.82697247    0.69318293    0.64680170
G0VEQ9_NAUCC/166-389     0.49761874    0.52697681    0.69406597    0.64097736    0.00000000    0.48539106    0.50590287    0.49520585    0.65037243    1.04609003    0.62805178    1.52910799    1.63175323    1.61531965    2.26325542    2.03811978    1.96340356    1.98591382    2.11935718    1.79468828    2.05358989    1.66435350    0.59398264    0.43836026
G0WFN5_NAUDC/172-397     0.66600372    0.58693504    0.82682463    0.76967402    0.48539106    0.00000000    0.62735546    0.58932902    0.67471911    1.08054095    0.70785170    1.75405866    1.67213701    1.66911940    2.34009805    2.08098551    2.07351573    2.06295613    2.26142938    1.88419824    2.15519311    1.76683861    0.61855672    0.60183867
C5DWT9_ZYGRC/163-386     0.63016873    0.61085003    0.67094377    0.65245487    0.50590287    0.62735546    0.00000000    0.44140502    0.65287234    1.02140303    0.67990989    1.61958154    1.75677044    1.79437769    2.30682679    2.03463545    2.10465569    1.94084081    2.02180957    1.90617345    2.13261928    1.84709298    0.55427361    0.52161049
G8ZNC6_TORDC/166-389     0.57926870    0.51029094    0.68499414    0.73138791    0.49520585    0.58932902    0.44140502    0.00000000    0.65704364    1.02152886    0.64869381    1.69412519    1.79550948    1.75059794    2.35197866    2.08978863    2.10593824    2.07494094    2.24539240    1.98722651    2.20813109    1.73381868    0.63494239    0.49622843
C5DC36_LACTC/168-391     0.75827328    0.70380706    0.72586479    0.70731595    0.65037243    0.67471911    0.65287234    0.65704364    0.00000000    0.88172161    0.49655401    1.64817242    1.60012720    1.43960490    2.12848097    1.80935627    1.82625857    1.90436047    1.98451427    1.71069333    1.83176624    1.59365155    0.65937365    0.66124686
Q6CSR0_KLULA/192-419     1.01466516    0.95171390    0.97580226    0.92539146    1.04609003    1.08054095    1.02140303    1.02152886    0.88172161    0.00000000    0.83711793    1.76234240    2.05660979    2.32956791    2.41080429    2.01804183    2.22587716    1.96571729    2.16594407    1.91198859    2.11895810    2.18867895    1.04577394    1.02475961
Q75DB4_ASHGO/164-386     0.76444718    0.62702739    0.75021006    0.73614134    0.62805178    0.70785170    0.67990989    0.64869381    0.49655401    0.83711793    0.00000000    1.66382340    1.57721125    1.47477563    2.25276859    1.80833049    1.79116813    1.75331128    1.84739931    1.69393889    1.88230817    1.56523954    0.65536325    0.59805910
A7TFY5_VANPO/178-400     1.71440919    1.57148781    1.62838697    1.87684095    1.52910799    1.75405866    1.61958154    1.69412519    1.64817242    1.76234240    1.66382340    0.00000000    2.34298696    2.65801072    2.87209735    2.43330410    2.64469717    2.60344033    2.79508720    2.41974197    2.84509207    2.43500418    1.71279469    1.69125221
K0KGP2_WICCF/233-453     1.73763613    1.74360562    1.81100863    1.69322200    1.63175323    1.67213701    1.75677044    1.79550948    1.60012720    2.05660979    1.57721125    2.34298696    0.00000000    1.24717740    1.91475948    1.58490095    1.54134378    1.60593291    1.65240846    1.47530348    1.45436001    1.34747691    1.63140766    1.71747995
W1QIB7_OGAPD/249-473     1.82778742    1.66155945    1.77152630    1.79211658    1.61531965    1.66911940    1.79437769    1.75059794    1.43960490    2.32956791    1.47477563    2.65801072    1.24717740    0.00000000    1.71853630    1.46980202    1.45154633    1.52986557    1.47112271    1.32505738    1.29295823    1.14674780    1.55595835    1.55698159
G3AZI2_CANTC/3-241     2.31601631    2.31453234    2.67762418    2.47135841    2.26325542    2.34009805    2.30682679    2.35197866    2.12848097    2.41080429    2.25276859    2.87209735    1.91475948    1.71853630    0.00000000    1.14919864    1.25318822    1.15172953    1.15717915    1.18197415    1.21070973    1.76731307    2.07142267    2.31735748
Q6BQX3_DEBHA/3-255     1.81473802    1.93016082    2.07008562    1.92960240    2.03811978    2.08098551    2.03463545    2.08978863    1.80935627    2.01804183    1.80833049    2.43330410    1.58490095    1.46980202    1.14919864    0.00000000    0.55123771    0.64889511    0.53811381    0.39671655    0.59050719    1.51975645    1.89200219    1.99539546
G8YSW7_PICSO/3-252     1.97951271    2.04535057    2.29359540    2.08263344    1.96340356    2.07351573    2.10465569    2.10593824    1.82625857    2.22587716    1.79116813    2.64469717    1.54134378    1.45154633    1.25318822    0.55123771    0.00000000    0.83971369    0.76350402    0.62630775    0.81017399    1.55427464    2.00492539    2.06565857
A5E5S7_LODEL/3-244     1.87199146    2.07681631    2.11045724    2.09047077    1.98591382    2.06295613    1.94084081    2.07494094    1.90436047    1.96571729    1.75331128    2.60344033    1.60593291    1.52986557    1.15172953    0.64889511    0.83971369    0.00000000    0.41760423    0.51352801    0.79444253    1.67913039    1.82286588    1.92548999
G8B4S9_CANPC/3-241     1.95124584    2.07832254    2.23086162    2.00068446    2.11935718    2.26142938    2.02180957    2.24539240    1.98451427    2.16594407    1.84739931    2.79508720    1.65240846    1.47112271    1.15717915    0.53811381    0.76350402    0.41760423    0.00000000    0.45601513    0.65330779    1.67490182    1.84528994    2.03777858
A3LRK4_PICST/3-243     1.76635593    1.88590585    1.92203708    1.88578295    1.79468828    1.88419824    1.90617345    1.98722651    1.71069333    1.91198859    1.69393889    2.41974197    1.47530348    1.32505738    1.18197415    0.39671655    0.62630775    0.51352801    0.45601513    0.00000000    0.58017673    1.39856026    1.69998846    1.86340531
C4Y9Y7_CLAL4/3-243     2.00265875    2.05259207    2.10119499    2.02781854    2.05358989    2.15519311    2.13261928    2.20813109    1.83176624    2.11895810    1.88230817    2.84509207    1.45436001    1.29295823    1.21070973    0.59050719    0.81017399    0.79444253    0.65330779    0.58017673    0.00000000    1.45017514    2.04680533    1.95329583
C4R7V7_KOMPG/3-238     1.79747632    1.68864334    2.03328066    1.82697247    1.66435350    1.76683861    1.84709298    1.73381868    1.59365155    2.18867895    1.56523954    2.43500418    1.34747691    1.14674780    1.76731307    1.51975645    1.55427464    1.67913039    1.67490182    1.39856026    1.45017514    0.00000000    1.84757271    1.73433936
J7RB04_KAZNA/165-388     0.65444704    0.66839722    0.81280256    0.69318293    0.59398264    0.61855672    0.55427361    0.63494239    0.65937365    1.04577394    0.65536325    1.71279469    1.63140766    1.55595835    2.07142267    1.89200219    2.00492539    1.82286588    1.84528994    1.69998846    2.04680533    1.84757271    0.00000000    0.46649331
H2B124_KAZAF/168-391     0.61131512    0.55263295    0.74845057    0.64680170    0.43836026    0.60183867    0.52161049    0.49622843    0.66124686    1.02475961    0.59805910    1.69125221    1.71747995    1.55698159    2.31735748    1.99539546    2.06565857    1.92548999    2.03777858    1.86340531    1.95329583    1.73433936    0.46649331    0.00000000

