93
G4UPT9_NEUT9/338-498     0.00000000    0.27800317    0.43608311    0.36208292    0.35929419    0.52043550    0.49418232    0.38251000    0.43173911    0.38863186    0.76650136    0.91769476    0.80372060    1.11923615    0.91568698    0.95518952    0.87977634    0.73597257    0.91393739    0.79884785    0.84871317    0.98930370    0.98700896    0.82224545    0.87617520    0.85625960    1.24245283    0.89454764    1.06741269    1.26991310    1.03099980    1.11685561    1.18456970    1.45344378    1.76056994    1.62081098    1.61395095    1.74139742    1.67603040    1.70635541    1.61023563    1.82599898    1.82264998    1.73383541    1.72161089    1.59201311    1.77929268    1.69525094    1.86977910    1.63575469    2.18410983    1.77977488    1.96574295    2.17875701    1.89350230    1.83684025    1.77656061    1.92150843    1.41660627    1.86268625    2.40647673    2.40453232    1.89144625    1.89945837    1.83538479    1.80912689    2.37106391    2.15495765    2.08510400    2.19696065    2.11799932    1.30077796    1.27539161    1.38575926    1.36973865    1.48514267    1.27256291    1.30439896    1.28536836    1.17801519    1.31001116    1.31180212    1.20310110    1.33739227    1.32398677    1.44180331    1.48577560    1.40226610    0.38111543    0.55051972    0.49407294    0.40438966    0.41047868
G4N3T1_MAGO7/328-488     0.27800317    0.00000000    0.36152899    0.42365211    0.41561825    0.57216818    0.58267393    0.53742036    0.48338965    0.36493135    0.74997867    0.90489290    0.79214172    1.04424372    0.95762315    0.98992383    0.95113557    0.61312026    0.84910771    0.69094482    0.80087319    0.87267661    0.91962590    0.73032107    0.82382652    0.73388970    1.21747449    0.88988583    1.01820315    1.24369993    0.99913439    1.12384845    1.18529554    1.40800052    1.64150873    1.55664886    1.59597313    1.59276354    1.63368179    1.54223194    1.50589546    1.63453189    1.66833602    1.67770944    1.64197113    1.56056991    1.62131630    1.57386330    1.64423088    1.59396221    2.07132628    1.90388493    1.82144334    2.13053534    1.79103811    1.86735281    1.80866474    1.91520735    1.36802968    1.73860556    2.38887684    2.30857697    1.62078441    1.56801392    1.60364799    1.64340662    2.20088516    2.05997104    1.74880033    1.91797798    1.84853065    1.26905663    1.35283246    1.36249255    1.29107990    1.49974357    1.20644328    1.29759326    1.31097599    1.15835816    1.28218256    1.15547665    1.12300486    1.23594496    1.21307184    1.44910224    1.52389279    1.35539299    0.44388746    0.58575922    0.55823254    0.46246171    0.42962129
A0A0C4DSZ6_MAGP6/335-496     0.43608311    0.36152899    0.00000000    0.56062841    0.56499963    0.68790494    0.74497084    0.66261814    0.57860639    0.48698471    0.90818424    0.99697198    0.87596135    1.09407534    1.05899028    1.09187771    0.97972294    0.88744258    1.11018893    0.88369894    0.92898493    0.99384389    1.04825361    0.83662635    0.93113722    0.93091055    1.26021511    0.88050399    1.01463341    1.33893631    1.05672722    1.21332058    1.17804705    1.66391416    1.89831710    1.77517945    1.71737859    1.63495270    1.75510879    1.61313415    1.56477437    1.68170185    1.76275425    1.74135092    1.71129346    1.59371538    1.69494480    1.68254426    1.69228586    1.74823507    2.05803396    1.98599024    1.95926172    2.28214072    1.94945784    1.91743894    2.01276945    2.09149866    1.33076771    1.88419686    2.89963065    2.75896897    1.86617015    1.66620953    1.63654984    1.71834968    2.41069403    2.03859401    1.95576797    2.13524654    1.98386087    1.40716159    1.43264776    1.51934036    1.47057235    1.66876050    1.32370209    1.46924598    1.43190709    1.29181398    1.36313596    1.38742151    1.40714500    1.41040910    1.39182138    1.62039979    1.69311965    1.36052607    0.55534388    0.76525817    0.65913816    0.57580164    0.57874609
F0XNJ0_GROCL/863-1039     0.36208292    0.42365211    0.56062841    0.00000000    0.35233552    0.59064201    0.54672193    0.49154762    0.57177794    0.44960589    0.73952218    0.98545050    0.82938604    1.07015353    0.90362403    0.97423734    0.83073117    0.71406141    0.95396546    0.77590630    0.88946477    1.01247608    0.99695751    0.81122187    0.82553219    0.90177048    1.14189772    0.87706695    0.90501264    1.10014297    0.98388547    1.05399504    1.19554694    1.63444582    1.67968486    1.61407209    1.78222744    1.73122563    1.83008800    1.78677774    1.64452539    1.80181517    1.90355673    1.76904773    1.87504669    1.58095618    1.80701362    1.75675118    1.61152772    1.57558364    2.01247775    1.79663966    1.95139470    1.99520076    1.75295450    1.70794606    1.83545938    1.77717146    1.30548660    1.78181750    2.21505423    2.26662580    1.80546237    1.68211908    1.54803666    1.64064118    2.33682655    1.99328534    1.89763376    2.07897619    1.98063675    1.29815439    1.40769425    1.30986681    1.26308150    1.47974516    1.12872736    1.22989488    1.27946525    1.25251153    1.28420951    1.17075999    1.13434765    1.11888011    1.15362116    1.25739989    1.34997154    1.32559975    0.53972564    0.60827059    0.66413863    0.58314489    0.51660458
S3C1E3_OPHP1/446-607     0.35929419    0.41561825    0.56499963    0.35233552    0.00000000    0.55609111    0.50896607    0.44421468    0.57558505    0.43385732    0.90134692    0.94473135    0.91218781    1.21709789    0.95356654    0.99901113    0.90655937    0.82301140    1.01773160    0.85048118    0.93509060    1.05528235    0.97844745    0.89315146    0.92730106    0.89725744    1.16567899    0.85491219    0.98490612    1.25479774    0.91026665    1.04233913    1.16798305    1.66540336    1.72000878    1.65801419    1.71416351    1.86037834    1.80316951    1.82371142    1.64123930    1.85648320    1.83232009    1.77150865    1.87786811    1.61787257    1.91662855    1.65678481    1.68407587    1.62363475    2.06219552    1.79152029    1.92675607    2.04484167    1.77336217    1.82092844    1.88099301    1.88372794    1.41348566    2.08320768    2.34782720    2.32981003    1.81728334    1.67846665    1.67026266    1.66849992    2.25074080    2.11109227    1.92552984    2.11708261    2.15554981    1.24277102    1.35352377    1.40270047    1.23389860    1.55410903    1.20659455    1.26870431    1.29218911    1.14638245    1.29419616    1.11636767    1.07629473    1.29336575    1.21925513    1.35540529    1.41124683    1.36004148    0.47802828    0.73128027    0.63266899    0.59163672    0.52017515
G0RS05_HYPJQ/326-490     0.52043550    0.57216818    0.68790494    0.59064201    0.55609111    0.00000000    0.36732498    0.30710107    0.60018061    0.53566432    0.99268134    1.02254163    0.88608016    1.22784558    1.11982404    1.14447324    1.04158668    0.86657675    1.09112715    1.00333401    1.05562480    1.17597982    1.14951224    1.09233480    1.11910951    1.19853258    1.44658125    1.15834634    1.03509779    1.38131150    1.22863313    1.37203587    1.33393304    1.70230202    1.99556247    1.79290792    1.77113014    1.92548194    1.87213456    1.84683785    1.75499853    1.93901297    1.91219903    1.91817687    1.77713836    1.74089763    1.80969373    1.78694550    1.71513240    1.71141942    2.09307148    1.77242270    2.15674935    2.21382719    2.11021694    1.94607956    1.97920810    2.05517031    1.51092207    2.02440843    2.46092830    2.29994616    1.92464935    1.85488994    1.75859402    1.70770608    2.50930653    2.29440592    2.07959867    2.20228617    2.11890315    1.45864879    1.57534437    1.52307434    1.41777883    1.67784102    1.36746176    1.50593276    1.43946270    1.30831952    1.46209266    1.26790233    1.45927713    1.56044217    1.41460784    1.53650595    1.53213542    1.44179271    0.63802562    0.75491556    0.74341051    0.68495496    0.61544190
J4KQ98_BEAB2/329-493     0.49418232    0.58267393    0.74497084    0.54672193    0.50896607    0.36732498    0.00000000    0.23773921    0.57424064    0.52002044    1.00560538    1.08664175    1.01319281    1.20707372    1.07828688    1.12099274    0.96377268    0.88419352    1.17401590    1.06244403    1.02461363    1.23352272    1.19954165    1.08900224    1.09728460    1.18579364    1.35697666    0.99190476    1.11793377    1.49840173    1.23057998    1.36363533    1.40318796    1.75398499    1.83420100    1.70613745    1.65712490    1.93772640    1.76363398    1.79258451    1.74462920    2.04793015    1.99893560    1.89380705    1.84592334    1.78825232    1.66245948    1.75552780    1.80865130    1.76295847    2.15605648    1.95780024    2.23261701    2.21052087    2.22109173    1.96249055    2.15803868    2.03899443    1.56049677    1.85195738    2.48044026    2.37689453    1.85084479    1.89113722    1.73815350    1.65309095    2.47175594    2.08633497    2.07314190    2.16399308    2.10818573    1.42392418    1.53271696    1.55887398    1.42449475    1.61994412    1.38054792    1.38582885    1.45030087    1.30978789    1.39831058    1.30593622    1.31576319    1.48365571    1.43897617    1.54807325    1.57048711    1.58402151    0.71041958    0.78619399    0.74119708    0.78670735    0.63964092
F9G281_FUSOF/350-514     0.38251000    0.53742036    0.66261814    0.49154762    0.44421468    0.30710107    0.23773921    0.00000000    0.52681503    0.47874717    0.86077648    0.93524264    0.86625665    1.15875018    0.98068538    1.04137534    0.92264051    0.76570861    1.02944402    0.97042481    0.98955706    1.16725490    1.11124575    0.93924392    0.99350803    1.08218492    1.28322172    0.91027206    1.06947604    1.26699763    1.08291291    1.23859969    1.23342038    1.73932351    1.84251692    1.66767773    1.80867025    2.03913420    1.83486664    1.84561824    1.69401477    2.01870424    1.98125078    1.96988881    1.91376471    1.76637701    1.74904848    1.81260685    1.80510702    1.68945058    1.91861693    1.75902230    1.85547966    2.09617084    1.96830901    1.68995007    1.87025321    2.00719040    1.49010210    1.89770302    2.37651917    2.39152811    1.87458593    1.85440557    1.68310369    1.69353940    2.43113872    2.26267733    2.01199287    2.12367744    2.03524069    1.31414443    1.39897858    1.41071059    1.30719057    1.55726669    1.24844254    1.29713033    1.31966066    1.20301619    1.23918411    1.32547901    1.28303412    1.42591340    1.41312860    1.33626938    1.39350406    1.42136799    0.57962076    0.65955437    0.63524848    0.65465455    0.56533198
N4UTA0_COLOR/331-493     0.43173911    0.48338965    0.57860639    0.57177794    0.57558505    0.60018061    0.57424064    0.52681503    0.00000000    0.23462379    0.92822746    1.07738854    0.87042913    1.10614511    1.02010484    1.08812636    1.03269090    0.94586661    1.08361567    0.97018207    0.96609064    1.02023535    1.07277992    0.94585956    1.09719049    0.99233160    1.35626848    1.18320074    1.15858710    1.42329682    1.18093022    1.28046654    1.32117187    1.64767711    1.69560531    1.65280451    1.82944323    1.97048627    1.75814315    1.88090192    1.89297131    2.00339677    2.09213571    1.90714493    1.89644134    1.69349479    1.84183860    1.69030657    1.64693611    1.67925221    2.16449199    1.88089014    1.85798343    2.22325465    2.21695403    1.97486661    1.89905158    2.08757340    1.58576793    1.90231014    2.65671328    2.53546738    2.00941405    1.93122305    1.87687165    1.98662474    2.38658537    2.29221001    2.09303766    2.28442609    2.26094899    1.42361408    1.59610306    1.51457908    1.43712395    1.60554403    1.36732424    1.50033149    1.46389927    1.42528581    1.46821948    1.43598976    1.34590524    1.53362453    1.47930160    1.61712426    1.76083635    1.74311292    0.56362671    0.73870444    0.63634160    0.57605076    0.54786535
E3QC81_COLGM/333-494     0.38863186    0.36493135    0.48698471    0.44960589    0.43385732    0.53566432    0.52002044    0.47874717    0.23462379    0.00000000    0.85232031    0.92733585    0.86878062    1.02855046    0.87174411    0.95630911    0.85008568    0.78903703    0.90397233    0.77418449    0.93705917    0.98964116    1.01210059    0.79132899    0.96210651    0.87513615    1.36913701    1.03996157    0.97844308    1.30394838    1.09596599    1.10969029    1.19772606    1.55836787    1.78125185    1.58254359    1.77626878    1.87265329    1.76633191    1.74280193    1.68919860    1.81434582    1.94417513    1.88538934    1.84680243    1.72475606    1.89458887    1.68584418    1.85510885    1.71386211    2.15849233    1.90170639    1.92682814    2.32669292    2.12747164    1.89018885    1.93016061    2.01976980    1.40606616    1.70790697    2.36452242    2.24498251    1.77620137    1.73958071    1.71481806    1.86852633    2.42171854    1.94642104    1.99068128    2.21880790    2.12572618    1.35222462    1.45986508    1.33555733    1.25609681    1.43817395    1.21293999    1.36006983    1.24754681    1.23983546    1.25835806    1.32325894    1.30123635    1.34982705    1.22856906    1.45630223    1.51583536    1.48969335    0.49844112    0.69825057    0.58435399    0.55057745    0.49912387
R7YRE8_CONA1/338-493     0.76650136    0.74997867    0.90818424    0.73952218    0.90134692    0.99268134    1.00560538    0.86077648    0.92822746    0.85232031    0.00000000    0.63771740    0.53298652    0.96110434    0.75332025    0.76487948    0.79925492    0.65699344    0.73169161    0.64162996    0.63008194    0.67873191    0.75978553    0.64489028    0.71283893    0.68590169    1.09200753    1.03524712    0.96827396    1.22411429    1.01193959    1.21640518    1.25677882    1.73573970    1.96911055    1.63811924    1.94037793    1.90314008    1.92598098    1.92477937    1.76710128    1.97895303    2.29135813    1.90357741    1.91798185    1.92309596    1.79274004    1.89326429    1.60253005    1.78970268    1.85248480    2.02835609    2.05944942    2.09159766    1.83175805    1.81578789    1.83818282    1.96967329    1.53322177    1.85281396    2.46088000    2.62147050    2.12670363    1.99206769    1.87747464    1.84219616    2.38704467    2.14510419    2.07214758    2.09464342    2.25203668    1.44726888    1.50432766    1.51027680    1.40024182    1.48496111    1.28876766    1.45754308    1.49433344    1.48276464    1.42803450    1.29783139    1.34158396    1.35329750    1.26803674    1.59546908    1.66329834    1.39115596    0.71506152    0.74889766    0.84428773    0.80092934    0.81279347
B2WI16_PYRTR/346-502     0.91769476    0.90489290    0.99697198    0.98545050    0.94473135    1.02254163    1.08664175    0.93524264    1.07738854    0.92733585    0.63771740    0.00000000    0.60743694    1.27124539    0.99189660    0.96389269    1.00797212    0.84289801    0.96915093    0.86755656    0.89131959    0.95795885    0.98720206    0.94425416    0.86170115    0.93316928    1.27378709    1.00591811    1.01711593    1.23255412    1.03717306    1.20783816    1.21041080    1.87645581    1.90591733    1.80489005    1.78916434    2.09019022    1.78781956    2.05058194    1.82616309    2.03263447    2.13135965    1.96394713    2.00431909    2.05867436    2.01903241    1.97240485    1.81976764    1.95945716    2.03043950    1.86263339    1.88474166    2.07500670    1.83790334    1.83418590    1.88505976    2.04479654    1.48186552    1.72862571    2.46096496    2.42047989    1.93862561    1.89664572    1.88326022    2.12364709    2.51768802    2.33232787    2.19699386    2.44137611    2.39316839    1.35209983    1.44899078    1.42827134    1.31099111    1.46100081    1.30896147    1.42384660    1.32810024    1.35992036    1.28202244    1.17860920    1.21618129    1.48884970    1.33314003    1.50863510    1.52813911    1.46849295    0.93219752    1.10331565    1.09191908    1.02999553    0.92896133
K2SYH3_MACPH/329-485     0.80372060    0.79214172    0.87596135    0.82938604    0.91218781    0.88608016    1.01319281    0.86625665    0.87042913    0.86878062    0.53298652    0.60743694    0.00000000    0.99398325    0.74999918    0.82389471    0.88413320    0.70111122    0.85534620    0.67749798    0.74504419    0.81659835    0.79995317    0.73842026    0.81801325    0.81761679    1.14910377    1.14029178    0.85407848    1.27117089    1.04857908    1.14436343    1.18782175    1.75452028    1.90168431    1.70698217    1.81251078    1.92282272    1.81617709    1.88490554    1.90979196    1.83436380    2.08554571    2.16221715    1.84086832    1.68088638    1.78812057    1.83137974    1.51419920    1.71119413    1.88035775    2.00476286    1.89214577    2.03811538    1.73594571    1.92233223    2.10501875    2.15918493    1.49390349    1.90538882    2.58614532    2.51750293    2.28781061    2.12982816    2.11144540    2.36175612    2.82438470    2.53445003    2.32332993    2.51087499    2.54351708    1.31173135    1.50758582    1.49451623    1.39016850    1.57557949    1.24157813    1.41991512    1.36265162    1.43230168    1.44935143    1.25976469    1.35032719    1.45425740    1.42254424    1.63383590    1.71537577    1.51528334    0.72739005    0.94825276    0.87994428    0.83399101    0.82726163
M2MNX9_BAUPA/407-563     1.11923615    1.04424372    1.09407534    1.07015353    1.21709789    1.22784558    1.20707372    1.15875018    1.10614511    1.02855046    0.96110434    1.27124539    0.99398325    0.00000000    0.63522040    0.62086791    0.70358353    0.77106233    1.13325197    0.96041079    0.91010562    0.99413726    1.06247975    0.87071657    0.94253285    0.83758374    1.55766561    1.30907645    1.21440581    1.35614885    1.44928166    1.40295401    1.57929282    2.34529872    2.53286785    2.44303065    2.43955372    2.33450909    2.17323472    2.07271424    2.24004041    2.32675267    2.69396370    2.44879907    2.28792087    2.25485495    2.06220546    2.46740705    2.24642814    2.34316943    2.32384777    2.37992028    2.50548179    2.45765063    2.39533738    2.37588480    2.77745856    2.64554426    1.60751413    1.61713458    2.24237547    2.38763864    1.66408131    1.49568854    1.72926079    1.81345717    2.35208473    1.98009185    1.84998461    1.99567941    2.05686255    1.62414322    1.55350666    1.60426860    1.52628997    1.67431480    1.46466243    1.67847456    1.57190668    1.62852608    1.56661714    1.46404597    1.61356859    1.30788393    1.37738958    1.80964670    1.75473721    1.63439058    1.02173154    1.15209547    1.14748128    1.17611616    1.08446848
F9X5L9_ZYMTI/325-480     0.91568698    0.95762315    1.05899028    0.90362403    0.95356654    1.11982404    1.07828688    0.98068538    1.02010484    0.87174411    0.75332025    0.99189660    0.74999918    0.63522040    0.00000000    0.23779355    0.31615665    0.68939325    0.81734323    0.78681218    0.85993657    0.89348609    0.93204697    0.73660798    0.73594305    0.80452306    1.32332150    0.95534695    0.91930081    1.27435069    1.03998863    0.99421013    1.07034384    1.62779928    1.76658908    1.74608594    2.03965188    2.15418855    2.12573789    2.09590598    1.91250246    2.35497833    2.43548213    2.18229592    2.02893862    1.95132994    2.20429887    2.25690026    1.89341082    1.65726996    2.03418738    2.16475278    2.02926445    1.98099104    2.06543100    1.94103771    2.08621382    2.21556059    1.42179517    1.96457910    2.46354659    2.55706308    1.90163578    1.90601144    2.02841802    1.96736308    2.58349110    2.02588748    2.17750880    2.20174363    2.52373897    1.56043084    1.42606199    1.48211480    1.44230288    1.54530425    1.40482453    1.52163746    1.33577253    1.39381134    1.47953000    1.06003791    1.23394622    1.33928929    1.18646676    1.41985382    1.42930980    1.43017422    0.77767330    0.96281680    0.83730164    0.93339969    0.94130020
M2Z548_PSEFD/354-509     0.95518952    0.98992383    1.09187771    0.97423734    0.99901113    1.14447324    1.12099274    1.04137534    1.08812636    0.95630911    0.76487948    0.96389269    0.82389471    0.62086791    0.23779355    0.00000000    0.29705835    0.73708560    0.76644388    0.78861146    0.86808902    0.85863659    0.89006860    0.79719318    0.74715804    0.81699809    1.26933559    1.04865551    0.96400105    1.29330808    1.01721336    1.01818847    1.21041985    1.68431926    1.89938737    1.79206703    2.22932794    2.27524329    2.10468336    2.10685272    2.08519157    2.33525952    2.41869584    2.22588599    2.19964453    2.09129146    2.40121511    2.26084331    1.90028938    1.95079890    2.18993932    2.26159531    2.22765849    2.19141198    2.14296389    2.14598835    2.04759970    2.18296250    1.42085099    1.92972427    2.23724924    2.36976103    1.87935825    1.86912632    1.86308416    1.76283276    2.35244581    1.95649951    2.07329494    2.30788135    2.55678137    1.56929153    1.43852527    1.33717045    1.42879045    1.43119568    1.35692021    1.47573254    1.23676654    1.37973958    1.39295657    0.99313692    1.27549277    1.25232760    1.13270351    1.37236234    1.41053357    1.30511281    0.81942850    1.00771273    0.88816718    0.96162130    0.95847007
N1PSM6_DOTSN/361-516     0.87977634    0.95113557    0.97972294    0.83073117    0.90655937    1.04158668    0.96377268    0.92264051    1.03269090    0.85008568    0.79925492    1.00797212    0.88413320    0.70358353    0.31615665    0.29705835    0.00000000    0.80565849    0.88199768    0.84465749    0.85057175    0.94691765    0.93666728    0.85604199    0.75176540    0.84589533    1.24138553    1.00177765    0.95523688    1.38455071    1.06012425    1.06699981    1.21597142    1.79979856    1.90762084    1.65060496    2.24899403    2.31689328    1.92405401    2.02721483    1.93618487    2.14222580    2.30611019    2.14204921    2.21273205    1.99976828    2.19251740    2.27932782    1.85507951    1.71031785    2.33136127    2.06346112    2.28006136    2.14790743    2.06271463    2.05471628    2.21803604    2.27410328    1.34825524    1.98420800    2.47767067    2.67627488    1.98535700    1.73484415    1.89459196    1.73424884    2.39961019    1.94546389    2.02637156    2.32235313    2.43572571    1.60770659    1.49042226    1.41641868    1.48591414    1.48800539    1.34587527    1.47509577    1.22954304    1.33013165    1.46216774    1.09977759    1.27305431    1.30707800    1.17456343    1.37015942    1.38551838    1.50131155    0.78636846    0.91004714    0.83555664    0.93511928    0.91981046
H6C3M9_EXODN/334-489     0.73597257    0.61312026    0.88744258    0.71406141    0.82301140    0.86657675    0.88419352    0.76570861    0.94586661    0.78903703    0.65699344    0.84289801    0.70111122    0.77106233    0.68939325    0.73708560    0.80565849    0.00000000    0.58189553    0.41905620    0.54910908    0.61886655    0.67249734    0.47562021    0.57099433    0.54599596    1.21066492    0.88122211    0.85589272    1.06454392    0.97621736    1.09237756    1.15681979    1.53501538    1.88405090    1.69425962    1.91120008    1.81681582    1.85640168    1.95368061    1.70576838    1.93821098    1.97047910    1.92855938    1.81415829    1.73456392    1.88319790    1.98815368    1.73701441    1.84959873    1.85345137    1.86698382    2.00347270    1.88971753    1.79809222    1.73496618    1.90180341    2.05493349    1.45225838    1.64204811    2.34603892    2.34153982    1.69581832    1.69408758    1.60148903    1.66196691    2.29660530    2.03041674    1.89950231    2.12286573    2.10142714    1.32461995    1.33542990    1.18275745    1.26578307    1.41816240    1.10193625    1.27992562    1.20032300    1.15843086    1.16040142    1.01783315    1.11430057    1.10555655    1.10259131    1.31242972    1.33157962    1.32987893    0.68061828    0.73298673    0.76431310    0.72394647    0.73120080
B8MLH3_TALSN/365-525     0.91393739    0.84910771    1.11018893    0.95396546    1.01773160    1.09112715    1.17401590    1.02944402    1.08361567    0.90397233    0.73169161    0.96915093    0.85534620    1.13325197    0.81734323    0.76644388    0.88199768    0.58189553    0.00000000    0.35393263    0.55893336    0.62969713    0.64786578    0.51827229    0.60143490    0.59247717    1.60198732    1.09318635    1.01796826    1.28687622    1.12192177    1.10730301    1.25235690    1.67570368    1.99145341    1.82510402    1.89196075    2.03303106    2.01478331    1.92511013    1.80954594    1.88053733    2.09757713    1.99200631    2.01416426    2.11780085    2.42382263    1.74071614    1.73753010    1.65042938    1.98978355    1.97469555    2.17229986    1.80723405    1.93050691    1.65925026    1.89905839    1.81402368    1.83175153    2.03847690    2.56213701    2.62767888    2.15842198    1.91464996    2.07663653    1.83049535    2.28575527    2.37466994    2.14439278    2.28087877    2.32100717    1.71894733    1.48204350    1.54777486    1.66016811    1.76377792    1.48654521    1.53616648    1.50554046    1.47873099    1.58026875    1.29422075    1.38009796    1.50175368    1.42892318    1.49547634    1.49133960    1.42340050    0.85254703    1.04406801    0.94578641    0.95119173    0.81609773
V5HXE1_BYSSN/359-518     0.79884785    0.69094482    0.88369894    0.77590630    0.85048118    1.00333401    1.06244403    0.97042481    0.97018207    0.77418449    0.64162996    0.86755656    0.67749798    0.96041079    0.78681218    0.78861146    0.84465749    0.41905620    0.35393263    0.00000000    0.39360447    0.46337917    0.50984795    0.43420646    0.51389587    0.43767448    1.44937618    0.97156270    0.93301727    1.16439467    1.10058348    1.09607013    1.17933192    1.66285572    1.74081501    1.54555266    1.77621478    1.69323856    1.78061676    1.69080971    1.71484055    1.57589283    1.90579145    1.72691309    1.80739421    1.71947629    1.99709230    1.64225320    1.64657798    1.73858248    1.90228243    1.83538629    2.11868014    2.07179623    1.88290724    1.83549025    1.89878584    1.83869995    1.58843804    1.88091917    2.36175482    2.52473427    2.03902983    1.78395632    1.77948269    1.86805334    2.26525531    2.09275691    2.11532070    2.33141704    2.21459366    1.54375901    1.48516617    1.50436432    1.47835012    1.52930855    1.25850637    1.40405899    1.32362656    1.35927450    1.32066430    1.22815528    1.28721100    1.31331455    1.26608642    1.47286950    1.54952615    1.46236105    0.74979927    0.89548192    0.82832471    0.82108096    0.74040798
Q4X0V0_ASPFU/376-537     0.84871317    0.80087319    0.92898493    0.88946477    0.93509060    1.05562480    1.02461363    0.98955706    0.96609064    0.93705917    0.63008194    0.89131959    0.74504419    0.91010562    0.85993657    0.86808902    0.85057175    0.54910908    0.55893336    0.39360447    0.00000000    0.37163948    0.38854708    0.50633290    0.61203304    0.54945869    1.30498175    0.98810334    0.95997317    1.12511723    1.04343527    1.21423456    1.22834802    1.65502750    1.77303018    1.64354092    1.63062311    1.87406506    1.59550863    1.68937914    1.67994865    1.80012798    1.99468114    1.73578762    1.63068775    1.82283073    1.73120026    1.80078094    1.51333995    1.66531423    1.82776077    1.78512390    1.99975187    1.95964049    1.89553104    1.62765872    1.75600500    1.86459186    1.49513337    1.63978643    2.43342279    2.51423129    1.95129938    1.67513988    1.67467770    1.67368655    2.07056084    1.96361098    2.00951546    2.09603022    1.87766719    1.30005556    1.43089436    1.29695757    1.34043765    1.42414741    1.20455030    1.26466490    1.23293635    1.30028957    1.23443199    1.14371532    1.12579074    1.24880991    1.21911797    1.48646054    1.56858431    1.43659559    0.86464005    0.95004432    0.93394170    0.94236664    0.81731898
S7ZHV2_PENO1/372-532     0.98930370    0.87267661    0.99384389    1.01247608    1.05528235    1.17597982    1.23352272    1.16725490    1.02023535    0.98964116    0.67873191    0.95795885    0.81659835    0.99413726    0.89348609    0.85863659    0.94691765    0.61886655    0.62969713    0.46337917    0.37163948    0.00000000    0.26714334    0.53457650    0.62880218    0.60353311    1.33159354    1.00713716    0.88725457    1.13933058    1.15068278    1.18603131    1.35950023    1.83107786    2.03739648    1.73396379    1.85909186    1.86379447    1.75794385    1.87780897    1.85108719    1.80129747    2.17371209    1.97022055    1.73765050    1.82271431    2.01651298    1.86367962    1.50862070    1.80840404    2.02110351    1.96482698    2.26883170    2.20964042    1.99656690    1.75337563    1.89391896    1.91189080    1.51567486    1.58481613    2.60777970    2.78715759    1.88856870    1.74342606    1.69283412    1.74401600    2.20174909    1.92790146    1.99552911    2.01248482    2.10339676    1.53199886    1.47336339    1.49378592    1.35031819    1.49253774    1.35170891    1.43366605    1.34047001    1.45204132    1.35881501    1.28043893    1.26900413    1.34290064    1.32449145    1.53263803    1.54945820    1.53413733    0.89451956    1.07577875    1.01960205    1.01809430    0.88599172
K9FBJ7_PEND2/368-528     0.98700896    0.91962590    1.04825361    0.99695751    0.97844745    1.14951224    1.19954165    1.11124575    1.07277992    1.01210059    0.75978553    0.98720206    0.79995317    1.06247975    0.93204697    0.89006860    0.93666728    0.67249734    0.64786578    0.50984795    0.38854708    0.26714334    0.00000000    0.60894279    0.64546906    0.65060831    1.39480762    1.03640192    0.93245740    1.14300704    1.08281289    1.15813435    1.19150599    1.71480569    1.91901836    1.56060676    1.71082045    1.83271155    1.83564746    1.88647804    1.76056675    1.76616144    1.91276698    1.90926290    1.80357098    1.73494630    1.94614860    1.82571858    1.56289406    1.68762969    1.87008637    1.82308734    2.12186900    1.96919757    1.81931473    1.56867393    1.70788333    1.91151039    1.51861064    1.71545206    2.65871169    2.89564515    2.09861713    1.82304834    1.81064964    1.84507674    2.28573184    2.01667677    2.02811887    2.13839643    2.27080299    1.54703923    1.52392764    1.45219119    1.37653425    1.41473610    1.27025366    1.36733574    1.32832333    1.46491410    1.21514405    1.24600845    1.21135908    1.33221849    1.31544104    1.43274984    1.47727749    1.62118888    0.93584731    1.00515228    0.95784888    1.06831511    0.90816860
F2SLF4_TRIRC/495-656     0.82224545    0.73032107    0.83662635    0.81122187    0.89315146    1.09233480    1.08900224    0.93924392    0.94585956    0.79132899    0.64489028    0.94425416    0.73842026    0.87071657    0.73660798    0.79719318    0.85604199    0.47562021    0.51827229    0.43420646    0.50633290    0.53457650    0.60894279    0.00000000    0.51356365    0.44986023    1.37188241    0.99349087    1.00943258    1.03784188    1.12575849    1.15160152    1.22754889    1.77467829    1.96033796    1.73554509    1.66541326    1.83383348    1.94041901    1.65216191    1.67278225    1.85241253    2.14650038    1.92983075    1.83960408    1.80411769    1.96918974    1.91229836    1.73534682    1.80312308    1.74164383    1.83379368    2.10789870    1.95134784    1.78984206    1.75432862    1.78775410    1.77857857    1.52192231    1.82636471    2.55892473    2.64315554    1.70893087    1.72372369    1.65116043    1.89627505    2.21804479    1.85114601    1.86606550    1.96367926    2.08715140    1.37055287    1.37692245    1.34783030    1.31973510    1.48261579    1.17829235    1.21140105    1.20054492    1.16710226    1.33004693    1.34499083    1.34004408    1.34032915    1.32846990    1.41137867    1.39311886    1.38637378    0.79817777    0.95265915    0.85404273    0.86396094    0.69518772
C4JXF6_UNCRE/371-532     0.87617520    0.82382652    0.93113722    0.82553219    0.92730106    1.11910951    1.09728460    0.99350803    1.09719049    0.96210651    0.71283893    0.86170115    0.81801325    0.94253285    0.73594305    0.74715804    0.75176540    0.57099433    0.60143490    0.51389587    0.61203304    0.62880218    0.64546906    0.51356365    0.00000000    0.44607836    1.30892370    0.98134182    1.02507797    1.01372092    1.02044436    1.09129994    1.14416704    1.74362347    1.81135533    1.63323435    2.03165172    1.83555979    1.73307723    1.82717327    1.71943820    1.78669363    1.99464112    1.84240609    1.82530839    1.83594696    2.03029271    2.03993508    1.67381861    1.50287124    1.82379529    1.74386007    1.79197816    1.79210876    1.63610614    1.65730874    1.63531566    1.68672840    1.50200767    1.68670950    2.26806910    2.42516495    2.01313038    1.66785806    1.61612691    1.73116736    2.08830881    1.91794998    1.98393801    2.06102401    2.10812160    1.41202578    1.33148279    1.26151000    1.24098348    1.51720945    1.08598234    1.19376852    1.12837407    1.16179701    1.24574503    1.20836341    1.32437362    1.37555706    1.31491962    1.28227612    1.19863437    1.29494625    0.83848943    0.94115547    0.90629684    0.85797390    0.89733592
A6R2N0_AJECN/333-493     0.85625960    0.73388970    0.93091055    0.90177048    0.89725744    1.19853258    1.18579364    1.08218492    0.99233160    0.87513615    0.68590169    0.93316928    0.81761679    0.83758374    0.80452306    0.81699809    0.84589533    0.54599596    0.59247717    0.43767448    0.54945869    0.60353311    0.65060831    0.44986023    0.44607836    0.00000000    1.49963007    0.99871881    0.97881943    1.11955320    1.17180010    1.23253051    1.16537351    1.69457105    1.77741734    1.66502182    1.79724744    1.78319511    1.77495310    1.84615691    1.75705444    1.75615770    2.10669331    1.97208235    1.85308979    1.76316044    2.03488055    1.95184870    1.83706549    1.73826550    1.77170739    1.78701055    1.87949312    1.81123337    1.64481853    1.70167919    1.70404573    1.68683335    1.56567424    1.90919120    2.50478800    2.79552938    1.76771378    1.64457937    1.78715347    1.91970080    2.14590841    2.01452392    1.90009199    2.16588325    2.20729210    1.31474916    1.27966567    1.56485931    1.43436166    1.55625285    1.30024408    1.42397535    1.28336198    1.32046457    1.37740328    1.31071749    1.32254788    1.30344049    1.10824398    1.39716197    1.44952865    1.24594932    0.78998594    0.93422229    0.92752740    0.95581786    0.83901537
G1X4B6_ARTOA/343-504     1.24245283    1.21747449    1.26021511    1.14189772    1.16567899    1.44658125    1.35697666    1.28322172    1.35626848    1.36913701    1.09200753    1.27378709    1.14910377    1.55766561    1.32332150    1.26933559    1.24138553    1.21066492    1.60198732    1.44937618    1.30498175    1.33159354    1.39480762    1.37188241    1.30892370    1.49963007    0.00000000    1.03085233    1.20839025    1.39045852    1.25557564    1.33790610    1.50211923    1.61948184    1.75499997    1.78108571    1.83252445    1.97242358    2.06706144    1.96248737    1.90155952    2.03462200    2.20639940    1.92608925    1.82622266    1.78668747    1.56262881    1.82237407    1.48076775    1.87887755    2.00949477    2.09712745    2.03919467    2.06017630    1.87022475    1.84671593    1.99866981    2.00072796    1.45574567    1.84713476    2.43905830    2.36616138    1.95416852    1.87172207    1.72766304    1.95258099    2.30554411    2.42808176    2.00511858    2.47740304    2.43835994    1.65770210    1.51594899    1.66402363    1.41040877    1.62953407    1.47264529    1.62573875    1.60756535    1.76194320    1.59381405    1.40861253    1.34764648    1.64617043    1.46696399    1.84727466    1.86544961    1.63850956    1.07915298    1.14549152    1.19403499    1.17218783    1.23898844
M7NSQ0_PNEMU/243-379     0.89454764    0.88988583    0.88050399    0.87706695    0.85491219    1.15834634    0.99190476    0.91027206    1.18320074    1.03996157    1.03524712    1.00591811    1.14029178    1.30907645    0.95534695    1.04865551    1.00177765    0.88122211    1.09318635    0.97156270    0.98810334    1.00713716    1.03640192    0.99349087    0.98134182    0.99871881    1.03085233    0.00000000    0.61520417    1.05492082    0.91589173    0.81781503    0.86243016    1.32681268    1.45707223    1.43938274    1.73781648    1.79042748    1.66494071    1.68089025    1.58079835    1.72013720    1.71210034    1.63617028    1.52367772    1.43432617    1.57895852    1.81927738    1.33652346    1.30466796    1.72324000    1.63608477    1.47448385    1.74016865    1.65336678    1.42677617    1.62954986    1.70061826    1.03653740    1.71259676    2.11042034    2.29468596    1.76890696    1.74688402    1.47111512    1.58881076    1.97421225    1.89911033    1.97415461    2.22537009    2.28808665    1.47392419    1.15046605    1.40273660    1.26827801    1.53093327    1.36737617    1.32389490    1.35997738    1.36927948    1.24146169    1.13066555    1.07411635    1.47444481    1.14558819    1.24144631    1.17560866    1.08824875    0.88002638    0.84753200    0.83104277    0.93051113    0.95335807
R4X819_TAPDE/327-463     1.06741269    1.01820315    1.01463341    0.90501264    0.98490612    1.03509779    1.11793377    1.06947604    1.15858710    0.97844308    0.96827396    1.01711593    0.85407848    1.21440581    0.91930081    0.96400105    0.95523688    0.85589272    1.01796826    0.93301727    0.95997317    0.88725457    0.93245740    1.00943258    1.02507797    0.97881943    1.20839025    0.61520417    0.00000000    1.16379564    0.93429052    0.91825778    0.90782072    1.57070533    1.61202060    1.48681593    1.60229120    1.83620155    1.70743624    1.69427180    1.72614284    1.76283684    1.89494785    1.95015941    1.83907068    1.52161922    1.62428351    1.77395070    1.42312840    1.51621217    1.97185563    1.65637381    1.74462134    1.99575508    1.82439010    1.61346505    1.66008120    1.72242401    0.98843421    1.94008800    2.01467966    2.10953957    1.72937621    1.60436806    1.43917385    1.56399781    1.92143002    1.90689500    1.82053694    2.01794737    2.10690669    1.38344886    1.13256058    1.23425999    1.20079244    1.26221843    1.21280292    1.28428159    1.18977645    1.33316438    1.28035187    1.03909997    1.00528442    1.30064915    0.96289095    1.24303296    1.29712132    1.08825287    0.96101498    1.02673532    1.00669988    1.01877581    0.97788358
Q6CEY2_YARLI/371-503     1.26991310    1.24369993    1.33893631    1.10014297    1.25479774    1.38131150    1.49840173    1.26699763    1.42329682    1.30394838    1.22411429    1.23255412    1.27117089    1.35614885    1.27435069    1.29330808    1.38455071    1.06454392    1.28687622    1.16439467    1.12511723    1.13933058    1.14300704    1.03784188    1.01372092    1.11955320    1.39045852    1.05492082    1.16379564    0.00000000    1.21688586    1.33400486    1.17728469    1.95768977    2.01655565    1.93989342    2.02934738    2.10159947    2.26317476    2.12193730    1.81461272    1.95657843    2.23599672    2.19983243    2.10396033    1.92038874    2.10215246    2.19183484    1.69390327    1.49557394    1.88261922    1.67429307    1.80866003    1.71874652    1.68699771    1.40339535    1.63069334    1.74918840    1.30606606    2.15545484    2.01987616    2.09592208    1.63904073    1.66426459    1.66296108    1.76194956    1.96647515    1.83014997    1.77682932    1.71804864    1.82196796    1.52802707    1.57445862    1.54448298    1.44742700    1.63690674    1.32683155    1.61714931    1.54638650    1.56011128    1.73692746    1.42111578    1.54969071    1.33959630    1.47450517    1.34231248    1.36884176    1.61042932    1.31283440    1.28676920    1.14470162    1.26120532    1.30200876
