28
G2KU19_LACSM/22-169     0.00000000    1.64359791    1.78789776    1.67239108    1.45413230    1.58627733    1.64632191    1.35389254    1.34356469    1.16414382    2.25571535    2.01949040    2.12400192    1.89937079    1.88611303    1.86727154    1.98043191    1.83721123    2.62200678    2.32897118    1.28999040    1.30520272    1.48749080    1.59251531    1.33579930    1.42776248    1.61398505    1.49839902
Q1WVL9_LACS1/22-169     1.64359791    0.00000000    0.93701563    0.75515633    0.99696384    1.31589784    1.38901734    1.47124390    1.20401166    1.19928386    2.22329308    2.28932036    2.13624251    1.73030264    1.78499241    1.97647168    2.03866539    1.82163259    2.53443567    2.00757479    1.42519670    1.31549698    1.34054645    1.44490149    1.30715626    1.65752194    1.47331718    1.31166440
Q74IJ1_LACJO/24-169     1.78789776    0.93701563    0.00000000    0.64746916    1.12649342    1.45934894    1.30287398    1.33049242    1.10201753    1.04447446    2.19975644    2.06464614    2.01769617    1.58120926    1.30177138    1.72344156    1.84413651    1.52100774    2.54053433    2.08753885    1.36494807    1.24684224    1.42046795    1.64643022    1.62884256    1.57951567    1.29345568    1.33320852
Q5FJ53_LACAC/23-169     1.67239108    0.75515633    0.64746916    0.00000000    1.06217893    1.35430915    1.30543856    1.33588599    1.16961018    1.16991109    2.16491121    2.15058260    1.59716527    1.48996633    1.54906644    1.62439773    1.84227989    1.45330778    2.22415591    1.97677680    1.25012596    1.43987597    1.33963588    1.50355322    1.41823132    1.57408577    1.35744650    1.48283483
Q38YK8_LACSS/21-172     1.45413230    0.99696384    1.12649342    1.06217893    0.00000000    0.77274832    0.65938552    1.10208042    0.86849070    0.94244313    1.94725536    1.85596183    1.89381323    1.35881952    1.46655499    1.76101579    1.61456429    1.50826702    2.33983478    1.90898970    0.93495418    0.96467439    1.00754166    0.94877021    1.00322186    1.32164848    1.14801345    1.00606519
Q838M5_ENTFA/21-172     1.58627733    1.31589784    1.45934894    1.35430915    0.77274832    0.00000000    0.87334800    1.02291344    0.98121649    1.03815784    1.78681861    1.83455075    1.95228481    1.73988775    2.11372268    1.68863495    1.86069092    1.60208293    2.24815328    2.12486609    1.06648309    1.19552299    1.22811374    1.14174896    1.42236938    1.56844121    1.40543015    1.33048304
Q3Y2U1_ENTFD/21-172     1.64632191    1.38901734    1.30287398    1.30543856    0.65938552    0.87334800    0.00000000    0.99805843    0.66363350    0.70103610    1.62240196    1.61565505    1.75891005    1.63978334    1.95053277    1.64236043    1.59627885    1.66606679    2.49465773    1.58718139    0.81335702    0.91656586    1.13708540    1.09606850    1.33000594    1.17489486    1.09981571    0.90897784
G4L4B1_TETHN/21-166     1.35389254    1.47124390    1.33049242    1.33588599    1.10208042    1.02291344    0.99805843    0.00000000    0.94628317    0.90558501    2.11480372    2.09516876    1.86557680    1.88144818    2.02308004    2.08058624    2.24989643    1.73815186    2.54737267    2.00681811    1.49732070    1.43090393    1.33001416    1.75659990    1.60017375    1.58767028    1.39854244    1.60695057
C9A5M1_ENTCA/21-172     1.34356469    1.20401166    1.10201753    1.16961018    0.86849070    0.98121649    0.66363350    0.94628317    0.00000000    0.43210600    1.78683341    1.96446363    1.84499084    1.47519208    1.35397235    1.74709933    1.69724338    1.55004304    2.11425458    1.67410822    1.14906454    1.08700982    1.04077362    1.37546758    1.43282525    1.39273340    1.11381461    1.21147310
T0U652_9ENTE/21-172     1.16414382    1.19928386    1.04447446    1.16991109    0.94244313    1.03815784    0.70103610    0.90558501    0.43210600    0.00000000    1.71661713    1.81053807    1.80172818    1.67586727    1.71754730    1.58615437    1.70385435    1.63335193    2.38541844    1.60960331    0.98922353    0.96659675    1.09650379    1.31106538    1.35139962    1.19650500    1.10664064    1.21207562
G9WGL9_9LACO/22-179     2.25571535    2.22329308    2.19975644    2.16491121    1.94725536    1.78681861    1.62240196    2.11480372    1.78683341    1.71661713    0.00000000    0.77534126    1.61487796    1.63608447    1.94791739    1.86151829    1.84573573    2.02347541    2.66438441    2.14671760    1.70494268    1.93060312    1.88862743    2.27504418    2.35899904    1.80303669    1.87515907    1.99891410
Q04E83_OENOB/24-179     2.01949040    2.28932036    2.06464614    2.15058260    1.85596183    1.83455075    1.61565505    2.09516876    1.96446363    1.81053807    0.77534126    0.00000000    1.73014241    1.83316070    1.98716982    1.64047204    1.77237264    1.83584767    2.34554416    1.91720787    1.44989329    1.57190321    1.76703950    2.01932753    2.06908676    1.54905235    1.67940907    1.92049938
F8I0K3_WEIKK/22-185     2.12400192    2.13624251    2.01769617    1.59716527    1.89381323    1.95228481    1.75891005    1.86557680    1.84499084    1.80172818    1.61487796    1.73014241    0.00000000    1.07382722    1.21345539    1.08668611    1.34476390    1.90028206    2.69452566    2.24236425    1.47561152    1.58643334    1.59783822    1.88387326    1.64175973    1.52933987    1.65821601    1.72513368
Q8DXY9_STRA5/23-186     1.89937079    1.73030264    1.58120926    1.48996633    1.35881952    1.73988775    1.63978334    1.88144818    1.47519208    1.67586727    1.63608447    1.83316070    1.07382722    0.00000000    0.64120267    0.87615747    1.01055254    2.05822608    3.10496999    2.48101236    1.57695289    1.68524085    1.50024222    1.62452332    1.84869331    1.64744698    1.61370499    1.67058680
B9DVT3_STRU0/22-186     1.88611303    1.78499241    1.30177138    1.54906644    1.46655499    2.11372268    1.95053277    2.02308004    1.35397235    1.71754730    1.94791739    1.98716982    1.21345539    0.64120267    0.00000000    1.02488844    1.08480666    2.16432087    2.89028450    2.30298409    1.63218581    1.62425473    1.48144836    1.82276290    1.58128084    1.55513226    1.76264758    1.77785665
Q9CH31_LACLA/22-187     1.86727154    1.97647168    1.72344156    1.62439773    1.76101579    1.68863495    1.64236043    2.08058624    1.74709933    1.58615437    1.86151829    1.64047204    1.08668611    0.87615747    1.02488844    0.00000000    0.72676202    1.86495084    2.74531049    2.15309354    1.48035177    1.48103874    1.64754559    1.76534344    1.47601465    1.57085664    1.79730252    1.84573671
F9VCZ2_LACGL/23-186     1.98043191    2.03866539    1.84413651    1.84227989    1.61456429    1.86069092    1.59627885    2.24989643    1.69724338    1.70385435    1.84573573    1.77237264    1.34476390    1.01055254    1.08480666    0.72676202    0.00000000    1.85857041    3.11998735    2.50986535    1.46023902    1.58040928    1.61782693    1.67972202    1.65571569    1.67594974    1.65231474    1.68226703
F9URU2_LACPL/26-165     1.83721123    1.82163259    1.52100774    1.45330778    1.50826702    1.60208293    1.66606679    1.73815186    1.55004304    1.63335193    2.02347541    1.83584767    1.90028206    2.05822608    2.16432087    1.86495084    1.85857041    0.00000000    2.30788405    2.36969986    1.52643313    1.58213946    1.72415347    1.73067985    1.56311172    1.75391315    1.83103668    1.70678946
F8HY35_WEIKK/22-166     2.62200678    2.53443567    2.54053433    2.22415591    2.33983478    2.24815328    2.49465773    2.54737267    2.11425458    2.38541844    2.66438441    2.34554416    2.69452566    3.10496999    2.89028450    2.74531049    3.11998735    2.30788405    0.00000000    2.89602660    2.05482880    2.53915794    2.09832842    2.27473206    2.79712446    2.23409131    2.56224546    2.29280387
G8PAT4_PEDCP/21-175     2.32897118    2.00757479    2.08753885    1.97677680    1.90898970    2.12486609    1.58718139    2.00681811    1.67410822    1.60960331    2.14671760    1.91720787    2.24236425    2.48101236    2.30298409    2.15309354    2.50986535    2.36969986    2.89602660    0.00000000    1.62687379    1.70620391    1.57943227    1.97984582    1.96798771    1.98602865    1.63919358    1.88559232
Q03DV5_PEDPA/22-175     1.28999040    1.42519670    1.36494807    1.25012596    0.93495418    1.06648309    0.81335702    1.49732070    1.14906454    0.98922353    1.70494268    1.44989329    1.47561152    1.57695289    1.63218581    1.48035177    1.46023902    1.52643313    2.05482880    1.62687379    0.00000000    0.55941037    0.65702308    0.80417818    0.88868126    0.93105451    0.93133839    0.83416173
G8PA72_PEDCP/22-175     1.30520272    1.31549698    1.24684224    1.43987597    0.96467439    1.19552299    0.91656586    1.43090393    1.08700982    0.96659675    1.93060312    1.57190321    1.58643334    1.68524085    1.62425473    1.48103874    1.58040928    1.58213946    2.53915794    1.70620391    0.55941037    0.00000000    0.79989961    0.96726627    0.97628406    1.07644042    0.97885853    0.94457295
F9UMH7_LACPL/22-174     1.48749080    1.34054645    1.42046795    1.33963588    1.00754166    1.22811374    1.13708540    1.33001416    1.04077362    1.09650379    1.88862743    1.76703950    1.59783822    1.50024222    1.48144836    1.64754559    1.61782693    1.72415347    2.09832842    1.57943227    0.65702308    0.79989961    0.00000000    0.73560014    0.82920642    1.08376227    1.05898969    0.97347216
Q03PT2_LACBA/22-175     1.59251531    1.44490149    1.64643022    1.50355322    0.94877021    1.14174896    1.09606850    1.75659990    1.37546758    1.31106538    2.27504418    2.01932753    1.88387326    1.62452332    1.82276290    1.76534344    1.67972202    1.73067985    2.27473206    1.97984582    0.80417818    0.96726627    0.73560014    0.00000000    0.72999769    1.38503522    1.12589608    0.91832478
J9W7I9_LACBU/22-173     1.33579930    1.30715626    1.62884256    1.41823132    1.00322186    1.42236938    1.33000594    1.60017375    1.43282525    1.35139962    2.35899904    2.06908676    1.64175973    1.84869331    1.58128084    1.47601465    1.65571569    1.56311172    2.79712446    1.96798771    0.88868126    0.97628406    0.82920642    0.72999769    0.00000000    1.28559764    1.04163516    1.04133918
A5VLP1_LACRD/22-175     1.42776248    1.65752194    1.57951567    1.57408577    1.32164848    1.56844121    1.17489486    1.58767028    1.39273340    1.19650500    1.80303669    1.54905235    1.52933987    1.64744698    1.55513226    1.57085664    1.67594974    1.75391315    2.23409131    1.98602865    0.93105451    1.07644042    1.08376227    1.38503522    1.28559764    0.00000000    1.03864120    0.87676476
G9WG77_9LACO/24-177     1.61398505    1.47331718    1.29345568    1.35744650    1.14801345    1.40543015    1.09981571    1.39854244    1.11381461    1.10664064    1.87515907    1.67940907    1.65821601    1.61370499    1.76264758    1.79730252    1.65231474    1.83103668    2.56224546    1.63919358    0.93133839    0.97885853    1.05898969    1.12589608    1.04163516    1.03864120    0.00000000    0.58715241
Q04FH8_OENOB/22-176     1.49839902    1.31166440    1.33320852    1.48283483    1.00606519    1.33048304    0.90897784    1.60695057    1.21147310    1.21207562    1.99891410    1.92049938    1.72513368    1.67058680    1.77785665    1.84573671    1.68226703    1.70678946    2.29280387    1.88559232    0.83416173    0.94457295    0.97347216    0.91832478    1.04133918    0.87676476    0.58715241    0.00000000

