26
W8EZ41_9BACT/23-362     0.00000000    0.54062372    0.82817175    1.36144949    0.85852186    0.86830698    0.91515819    1.01231429    1.00687948    1.12273539    1.04291557    0.60161310    0.59875932    0.66620486    0.66924500    0.63094897    0.74894602    0.83007017    0.82003077    0.76804984    0.70593950    0.76336515    0.70359086    0.60534764    0.65734168    0.58263895
F4KR41_HALH1/11-348     0.54062372    0.00000000    0.66453833    1.16354776    0.90199818    0.93091889    0.93844280    1.04125305    1.04732748    1.01359967    0.99053946    0.50739418    0.50381303    0.60858352    0.53669694    0.56571764    0.66483140    0.79733485    0.70832996    0.74600510    0.78414582    0.77189377    0.72557193    0.63076468    0.66426376    0.67587428
PBPAD_CLOAB/19-355     0.82817175    0.66453833    0.00000000    1.16470954    0.91842781    1.04161280    0.98150433    1.01136200    1.06151953    1.06092430    0.97556258    0.58736806    0.62257813    0.72654028    0.57485423    0.67851195    0.84773618    0.89038116    0.82965396    0.87637899    0.94456487    0.96308444    0.93234606    0.77091752    0.77995094    0.81198354
A9A1R6_NITMS/2-337     1.36144949    1.16354776    1.16470954    0.00000000    1.29573590    1.43529001    1.32030697    1.34285015    1.31564726    1.30303083    1.25542038    1.30890436    1.30189161    1.31246576    1.30912067    1.27058661    1.50376274    1.34562202    1.48068013    1.39552873    1.37150831    1.48411251    1.51357651    1.39395909    1.42281716    1.46648515
Q74B36_GEOSL/18-356     0.85852186    0.90199818    0.91842781    1.29573590    0.00000000    0.52550459    0.49068194    0.64907856    0.58870039    0.81581949    0.67750609    0.88706305    0.87254983    0.86325547    0.82632873    0.87638639    0.91454720    1.01821493    1.02660571    0.97467986    0.88708329    0.96490698    0.97930665    0.84082165    0.93159319    0.84479921
B8J2H8_DESDA/5-344     0.86830698    0.93091889    1.04161280    1.43529001    0.52550459    0.00000000    0.49049816    0.67294577    0.69408442    0.78839702    0.72445967    0.98627220    0.95919547    0.98548753    0.90993128    0.98988249    1.09024067    1.14315996    1.17275251    1.05707240    0.95199228    1.00375012    0.98894566    0.89741142    0.98461597    0.99147296
V6F7J1_MAGGM/5-345     0.91515819    0.93844280    0.98150433    1.32030697    0.49068194    0.49049816    0.00000000    0.56823453    0.56209255    0.76913011    0.76002900    0.97566598    0.86620044    0.95999394    0.92414473    0.96509809    0.99112272    1.04911849    1.11596609    1.02048107    0.87229283    0.94621359    0.93158786    0.88972108    0.93328401    0.90356659
Q72C97_DESVH/23-362     1.01231429    1.04125305    1.01136200    1.34285015    0.64907856    0.67294577    0.56823453    0.00000000    0.37505337    0.84733041    0.80877521    1.07251540    0.96032720    1.08913387    1.04120298    1.06028353    1.11110029    0.94293666    1.10727724    1.13222398    1.03660458    1.13072396    1.04662077    0.97708722    1.04835850    1.00308760
B8DNR6_DESVM/11-350     1.00687948    1.04732748    1.06151953    1.31564726    0.58870039    0.69408442    0.56209255    0.37505337    0.00000000    0.94027833    0.88956870    1.03451931    1.00593383    1.01642654    1.02372599    1.10881254    1.06334196    1.13449084    1.18618805    1.16041213    0.96358531    1.23042184    1.23168574    1.03810144    1.04560881    1.00585476
Q0P8W2_CAMJE/19-363     1.12273539    1.01359967    1.06092430    1.30303083    0.81581949    0.78839702    0.76913011    0.84733041    0.94027833    0.00000000    0.83924104    1.10373931    1.08439652    1.20036946    1.14706281    1.07107024    1.31606115    1.40883135    1.28581501    1.39518836    1.36197003    1.37177321    1.32003794    1.26777812    1.27338298    1.25682053
E4TGF1_CALNY/8-350     1.04291557    0.99053946    0.97556258    1.25542038    0.67750609    0.72445967    0.76002900    0.80877521    0.88956870    0.83924104    0.00000000    1.05563371    1.00031076    1.09137562    0.98319333    0.91443855    1.17563031    1.19536684    1.10930315    1.11400546    1.07130684    1.15802469    1.18947095    1.08477346    1.11283347    1.10190971
K8GK59_9CYAN/18-355     0.60161310    0.50739418    0.58736806    1.30890436    0.88706305    0.98627220    0.97566598    1.07251540    1.03451931    1.10373931    1.05563371    0.00000000    0.32588793    0.50579094    0.42303691    0.48155609    0.77817568    0.81863751    0.70741804    0.77329974    0.85567471    0.76565122    0.74649633    0.58519020    0.63492708    0.64146989
K9UPJ0_CHAP6/224-561     0.59875932    0.50381303    0.62257813    1.30189161    0.87254983    0.95919547    0.86620044    0.96032720    1.00593383    1.08439652    1.00031076    0.32588793    0.00000000    0.52662930    0.45778900    0.46533247    0.71786423    0.80664015    0.74383770    0.80018196    0.79835897    0.75799421    0.71448613    0.53656469    0.55797273    0.57670258
D8PH49_9BACT/2-340     0.66620486    0.60858352    0.72654028    1.31246576    0.86325547    0.98548753    0.95999394    1.08913387    1.01642654    1.20036946    1.09137562    0.50579094    0.52662930    0.00000000    0.51501886    0.51448048    0.73942794    0.79957813    0.78986076    0.75475541    0.67352761    0.79176959    0.80813027    0.63874487    0.68995440    0.68683329
K9TUF6_CHRTP/28-366     0.66924500    0.53669694    0.57485423    1.30912067    0.82632873    0.90993128    0.92414473    1.04120298    1.02372599    1.14706281    0.98319333    0.42303691    0.45778900    0.51501886    0.00000000    0.37305619    0.74478307    0.81833862    0.72503946    0.77994046    0.77902667    0.78630047    0.78684433    0.59272304    0.67598870    0.72939523
K9R692_9CYAN/22-359     0.63094897    0.56571764    0.67851195    1.27058661    0.87638639    0.98988249    0.96509809    1.06028353    1.10881254    1.07107024    0.91443855    0.48155609    0.46533247    0.51448048    0.37305619    0.00000000    0.78050757    0.79259298    0.76684069    0.70301173    0.79192316    0.80785269    0.76234220    0.60134782    0.64773575    0.65489673
E3I196_RHOVT/23-360     0.74894602    0.66483140    0.84773618    1.50376274    0.91454720    1.09024067    0.99112272    1.11110029    1.06334196    1.31606115    1.17563031    0.77817568    0.71786423    0.73942794    0.74478307    0.78050757    0.00000000    0.70932116    0.70868118    0.76524631    0.68668021    0.83095634    0.78766209    0.69660012    0.74612179    0.70544430
A6X4E0_OCHA4/24-360     0.83007017    0.79733485    0.89038116    1.34562202    1.01821493    1.14315996    1.04911849    0.94293666    1.13449084    1.40883135    1.19536684    0.81863751    0.80664015    0.79957813    0.81833862    0.79259298    0.70932116    0.00000000    0.68335269    0.79985860    0.88908718    0.84740009    0.85879614    0.74703604    0.74126223    0.79964679
Q7CVW7_AGRFC/25-363     0.82003077    0.70832996    0.82965396    1.48068013    1.02660571    1.17275251    1.11596609    1.10727724    1.18618805    1.28581501    1.10930315    0.70741804    0.74383770    0.78986076    0.72503946    0.76684069    0.70868118    0.68335269    0.00000000    0.84165183    0.86358156    0.88877698    0.94314461    0.79141316    0.78836866    0.82893358
A4YXC9_BRASO/19-355     0.76804984    0.74600510    0.87637899    1.39552873    0.97467986    1.05707240    1.02048107    1.13222398    1.16041213    1.39518836    1.11400546    0.77329974    0.80018196    0.75475541    0.77994046    0.70301173    0.76524631    0.79985860    0.84165183    0.00000000    0.57521966    0.79887807    0.75304755    0.64086881    0.74403798    0.78303306
B6IYF3_RHOCS/20-362     0.70593950    0.78414582    0.94456487    1.37150831    0.88708329    0.95199228    0.87229283    1.03660458    0.96358531    1.36197003    1.07130684    0.85567471    0.79835897    0.67352761    0.77902667    0.79192316    0.68668021    0.88908718    0.86358156    0.57521966    0.00000000    0.80668029    0.81109138    0.69018290    0.75933461    0.75307619
A8L141_FRASN/24-365     0.76336515    0.77189377    0.96308444    1.48411251    0.96490698    1.00375012    0.94621359    1.13072396    1.23042184    1.37177321    1.15802469    0.76565122    0.75799421    0.79176959    0.78630047    0.80785269    0.83095634    0.84740009    0.88877698    0.79887807    0.80668029    0.00000000    0.25035800    0.67025033    0.69632043    0.66601636
Q2J611_FRACC/47-388     0.70359086    0.72557193    0.93234606    1.51357651    0.97930665    0.98894566    0.93158786    1.04662077    1.23168574    1.32003794    1.18947095    0.74649633    0.71448613    0.80813027    0.78684433    0.76234220    0.78766209    0.85879614    0.94314461    0.75304755    0.81109138    0.25035800    0.00000000    0.66052411    0.72461008    0.70512332
D2B4H6_STRRD/11-348     0.60534764    0.63076468    0.77091752    1.39395909    0.84082165    0.89741142    0.88972108    0.97708722    1.03810144    1.26777812    1.08477346    0.58519020    0.53656469    0.63874487    0.59272304    0.60134782    0.69660012    0.74703604    0.79141316    0.64086881    0.69018290    0.67025033    0.66052411    0.00000000    0.32607343    0.28333496
G0FP92_AMYMS/13-348     0.65734168    0.66426376    0.77995094    1.42281716    0.93159319    0.98461597    0.93328401    1.04835850    1.04560881    1.27338298    1.11283347    0.63492708    0.55797273    0.68995440    0.67598870    0.64773575    0.74612179    0.74126223    0.78836866    0.74403798    0.75933461    0.69632043    0.72461008    0.32607343    0.00000000    0.28088204
C9YZ07_STRSW/8-345     0.58263895    0.67587428    0.81198354    1.46648515    0.84479921    0.99147296    0.90356659    1.00308760    1.00585476    1.25682053    1.10190971    0.64146989    0.57670258    0.68683329    0.72939523    0.65489673    0.70544430    0.79964679    0.82893358    0.78303306    0.75307619    0.66601636    0.70512332    0.28333496    0.28088204    0.00000000

