11
S6ATE3_PSERE/1-116     0.00000000    0.56499207    0.70190797    0.48204699    0.76832571    1.78492745    1.85391960    0.73669360    1.15110161    0.94001330    1.57212778
A4XXE0_PSEMY/1-117     0.56499207    0.00000000    0.67478190    0.65698659    0.88600996    1.73577878    1.67626420    0.93911713    1.17830648    1.04601853    1.65503907
A4XRA6_PSEMY/1-120     0.70190797    0.67478190    0.00000000    0.44403487    0.73595439    1.55652493    1.70458706    0.93771337    1.30007592    0.96277946    1.82035501
A4XS38_PSEMY/1-117     0.48204699    0.65698659    0.44403487    0.00000000    0.63143521    1.57863121    1.59590745    0.73775407    1.12948198    0.97650780    1.74612940
F6AA27_PSEF1/1-117     0.76832571    0.88600996    0.73595439    0.63143521    0.00000000    1.53375888    1.79990112    0.86644793    1.11850378    1.01506003    1.47915855
S6APR1_PSERE/1-115     1.78492745    1.73577878    1.55652493    1.57863121    1.53375888    0.00000000    1.26241381    1.61201183    1.75216465    1.73474604    1.98265435
A4VRJ8_PSEU5/1-116     1.85391960    1.67626420    1.70458706    1.59590745    1.79990112    1.26241381    0.00000000    1.83885200    1.54218571    1.92759093    2.08734738
Q9I4Q3_PSEAE/1-116     0.73669360    0.93911713    0.93771337    0.73775407    0.86644793    1.61201183    1.83885200    0.00000000    0.73094754    0.92398346    1.44073797
Q9I090_PSEAE/1-116     1.15110161    1.17830648    1.30007592    1.12948198    1.11850378    1.75216465    1.54218571    0.73094754    0.00000000    1.17061078    1.85801108
Q887L1_PSESM/1-117     0.94001330    1.04601853    0.96277946    0.97650780    1.01506003    1.73474604    1.92759093    0.92398346    1.17061078    0.00000000    1.07994491
Q88P55_PSEPK/23-141     1.57212778    1.65503907    1.82035501    1.74612940    1.47915855    1.98265435    2.08734738    1.44073797    1.85801108    1.07994491    0.00000000

