62
D6WR02_TRICA/47-109     0.00000000    0.38289641    0.37159978    0.56849164    0.51919078    0.60596274    0.62342467    0.59103127    0.53210339    0.69511252    0.33922731    0.55619720    0.42877854    0.57100220    0.45303059    0.36411847    1.30362934    0.51931955    0.38007547    0.33169262    0.57020743    0.61116036    0.54709516    0.60109370    0.58643060    0.65583166    0.60266165    0.50310584    0.42757351    0.51867287    0.51970242    0.69158692    0.74684231    0.80820019    0.77600379    0.62396457    1.03659288    0.85202002    1.29331589    1.25067012    1.06791892    0.66349749    0.60886540    0.59115053    0.66084856    0.51774492    0.37658779    0.62670690    0.45219391    0.61699441    0.63605367    0.60935632    0.66681249    0.75539011    0.66096330    0.61492281    0.59685063    0.81256931    0.61402171    0.52145598    0.58522987    0.51441449
Q17IE1_AEDAE/4-67     0.38289641    0.00000000    0.36116315    0.64761556    0.72582112    0.63335822    0.83885271    0.69272233    0.72145732    0.71723365    0.52167730    0.64679424    0.49353205    0.69587636    0.50607975    0.45371854    1.52746969    0.64836094    0.56139450    0.42700930    0.56355668    0.50750234    0.63268886    0.56002077    0.67147758    0.76863352    0.54673876    0.56768774    0.46542727    0.47633709    0.67542875    0.66737538    0.69347356    0.73187797    0.77096478    0.70426970    1.17177831    0.85310482    1.24798335    1.31635768    1.18596072    0.67449551    0.73494509    0.76179091    0.64590944    0.62099500    0.50754451    0.56962003    0.52996396    0.62545149    0.60530680    0.59144907    0.74072966    0.71009643    0.57447862    0.52925728    0.56790135    0.82337393    0.59348757    0.58754445    0.55722954    0.49804276
B4MY91_DROWI/4-70     0.37159978    0.36116315    0.00000000    0.51687471    0.67957100    0.70978518    0.85957495    0.77442436    0.74246244    0.79978774    0.58018468    0.60566364    0.40740555    0.55200363    0.54610628    0.45324675    1.73702428    0.66620963    0.47442734    0.41423813    0.60720582    0.59536794    0.62899093    0.61199196    0.74063480    0.70642095    0.62045569    0.54597341    0.42667645    0.51782684    0.67040092    0.82846373    0.79518832    0.89059978    0.97056293    0.83656171    1.27605192    0.97404318    1.13110715    1.41239682    1.28796098    0.81785294    0.75544567    0.70944319    0.80301440    0.62863170    0.43990744    0.55628991    0.54045146    0.46621991    0.59652009    0.51026645    0.65835612    0.57227708    0.58077502    0.48914159    0.52769866    0.95477819    0.57623124    0.38830343    0.58000288    0.52708530
A1Z8U9_DROME/5-69     0.56849164    0.64761556    0.51687471    0.00000000    0.70794653    0.75944832    0.77244077    0.80275621    0.98345489    0.78487028    0.68407544    0.64984450    0.61847110    0.74840105    0.58275923    0.72913378    2.16775277    0.85563353    0.69804324    0.63148262    0.70345305    0.79154079    0.81400651    0.71576638    0.92336646    0.66366638    0.68570069    0.53937845    0.63101267    0.55536061    0.71004384    0.82890589    0.75667084    0.72936270    0.77574848    0.96215913    1.34161390    1.21042678    1.37993382    1.17219705    1.31180076    0.85081380    0.97876285    0.85032297    0.80118674    0.80589547    0.60728237    0.78607264    0.71589005    0.74545561    0.85896402    0.76092332    0.71752664    0.78448851    0.71372871    0.81336822    0.72964573    0.96526115    0.74926024    0.61767124    0.79030647    0.74152805
A0A0D2VZZ9_CAPO3/3-70     0.51919078    0.72582112    0.67957100    0.70794653    0.00000000    0.46611030    0.60443396    0.52020694    0.56283096    0.64041700    0.44632674    0.61856933    0.49207455    0.72813212    0.55677088    0.46230122    1.43439618    0.66082230    0.45709060    0.43737175    0.52928388    0.64184372    0.58598627    0.62297100    0.73319741    0.66661386    0.56069690    0.53706133    0.65575853    0.63977921    0.68592566    0.71663902    0.72892188    0.77405946    0.88869028    0.88471017    1.29273162    0.83821408    1.45783636    1.32574033    1.36616996    0.81774272    0.65627292    0.69283451    0.83047512    0.66257417    0.48479971    0.58477480    0.48867616    0.61165581    0.69553170    0.59618181    0.60530280    0.71200165    0.64528161    0.66900409    0.61304254    0.69728719    0.70550167    0.48235999    0.64829297    0.66817748
D7FQB6_ECTSI/33-101     0.60596274    0.63335822    0.70978518    0.75944832    0.46611030    0.00000000    0.44048390    0.41630753    0.42636917    0.49612977    0.37893905    0.74927689    0.48645422    0.88840399    0.64647979    0.53573656    1.41189585    0.82226146    0.57397087    0.51317491    0.44137506    0.54021021    0.56802958    0.52712692    0.48828992    0.61931757    0.69849292    0.63097884    0.55418251    0.70670251    0.72638542    0.67887388    0.78078646    0.70633661    0.93053366    0.71900332    0.86165028    0.81052200    1.23463223    1.15994912    1.19971079    0.64012760    0.71852624    0.64510089    0.76229370    0.66009117    0.52646174    0.61218200    0.47949073    0.63188432    0.58738771    0.65323642    0.56554709    0.65607762    0.58433170    0.73343610    0.57126433    0.64596860    0.58672856    0.59057117    0.56905569    0.61184196
B8C1P3_THAPS/13-79     0.62342467    0.83885271    0.85957495    0.77244077    0.60443396    0.44048390    0.00000000    0.38703744    0.78607713    0.86946592    0.58927897    0.72091629    0.58398741    0.99375642    0.77285971    0.63330992    1.55129946    0.90637814    0.61301078    0.55673104    0.58169480    0.70189075    0.79040810    0.75277627    0.75761746    0.88819341    0.71454798    0.67567563    0.64428018    0.73802423    0.66518915    0.90309494    0.87698146    0.87321473    1.03342743    0.87047773    1.09487227    1.05243343    1.42533214    1.38643236    1.55283271    0.80963368    0.85162866    0.83315015    0.80649127    0.71450712    0.56169667    0.67459278    0.54163503    0.70759550    0.87757910    0.79119102    0.71525231    0.81285875    0.69822566    0.74361492    0.55738502    0.74175778    0.63834677    0.63039809    0.70995132    0.66099126
B7G2U6_PHATC/13-80     0.59103127    0.69272233    0.77442436    0.80275621    0.52020694    0.41630753    0.38703744    0.00000000    0.71190308    0.65238186    0.47890454    0.72469954    0.55908577    0.94758848    0.76840264    0.52956944    1.39273508    0.74254668    0.58779047    0.49457719    0.48629434    0.75928223    0.74421263    0.66217621    0.67135372    0.70279746    0.66908234    0.74782316    0.70418052    0.76683038    0.78554650    0.77860813    0.71597267    0.76600229    0.95196929    0.87227463    1.11688506    0.90386428    1.37129340    1.22315307    1.46100993    0.66788275    0.76479934    0.78234426    0.78241554    0.75384059    0.54760446    0.65472479    0.58470878    0.74237699    0.83134251    0.69535003    0.60402516    0.77976567    0.81059874    0.72082370    0.66794896    0.68160817    0.74131864    0.65382950    0.67532960    0.67908525
F2TY99_SALR5/4-71     0.53210339    0.72145732    0.74246244    0.98345489    0.56283096    0.42636917    0.78607713    0.71190308    0.00000000    0.34282310    0.46234591    0.80228792    0.61951566    0.85490453    0.60340601    0.48270146    1.12976254    0.72455917    0.55135305    0.54136869    0.69785516    0.69741108    0.68443620    0.70491149    0.59710950    0.75355556    0.76077295    0.66121862    0.72884211    0.81573883    0.81712481    0.76790995    0.91832024    0.97828512    0.86822549    0.74853097    1.16083469    1.02189023    1.78875179    1.46853456    1.35320502    0.71648858    0.79938361    0.81613051    0.85358422    0.73780947    0.63311742    0.59843409    0.55244946    0.73766675    0.69059654    0.62613564    0.68692302    0.76772102    0.66738809    0.73170201    0.78881499    0.65667022    0.69299054    0.57383811    0.64489835    0.70738694
A9V2L2_MONBE/7-74     0.69511252    0.71723365    0.79978774    0.78487028    0.64041700    0.49612977    0.86946592    0.65238186    0.34282310    0.00000000    0.35704122    0.74026451    0.63715187    0.82831680    0.56496597    0.55458500    1.53054039    0.78750815    0.65568356    0.61506492    0.72447458    0.73566780    0.69390195    0.76457821    0.72610688    0.75720709    0.80521466    0.76041022    0.90097031    0.82984908    0.93011695    0.87116215    0.88974873    0.99967037    1.04745519    0.88668833    1.22955459    1.08097958    1.83873384    1.60192766    1.38409143    0.79819762    0.92168682    0.87495717    0.83287847    0.74811952    0.66936191    0.75862848    0.61137482    0.75915019    0.75752408    0.72306199    0.76395723    0.65972637    0.77528519    0.73873623    0.84641536    0.81331237    0.69521029    0.60720417    0.59989537    0.76149194
A7RL80_NEMVE/4-71     0.33922731    0.52167730    0.58018468    0.68407544    0.44632674    0.37893905    0.58927897    0.47890454    0.46234591    0.35704122    0.00000000    0.52513342    0.38175532    0.65959210    0.43061567    0.35783307    1.08885084    0.50829499    0.42696787    0.29273231    0.48815497    0.55014050    0.46764057    0.56309970    0.58007954    0.61154257    0.62866927    0.58253308    0.57767838    0.60381438    0.59147372    0.60290739    0.76272822    0.72667231    0.75129897    0.79897047    0.99339072    0.98841417    1.47851541    1.45618420    1.43074214    0.51697482    0.71687097    0.66060946    0.73095327    0.53938147    0.37237466    0.54633941    0.41538205    0.65219781    0.54655795    0.59518367    0.61334002    0.57818041    0.62729971    0.57209782    0.60301478    0.72230667    0.51617092    0.43403303    0.40901366    0.53710998
K1QN79_CRAGI/38-104     0.55619720    0.64679424    0.60566364    0.64984450    0.61856933    0.74927689    0.72091629    0.72469954    0.80228792    0.74026451    0.52513342    0.00000000    0.38119058    0.53963021    0.51910735    0.36805802    1.32821418    0.64499955    0.40131593    0.32043418    0.58173723    0.66338601    0.63567307    0.55426767    0.55704221    0.59685877    0.47442483    0.58546961    0.64364810    0.67071423    0.59421749    0.68534872    0.71135901    0.63776950    0.77955323    0.91142932    1.20399532    1.10829421    1.47934913    1.44928407    1.46924864    0.67127861    0.69311552    0.63501143    0.56857548    0.63493992    0.44079378    0.57954551    0.53001126    0.66404078    0.62977738    0.51193812    0.72053169    0.61260608    0.75226211    0.45400332    0.61758494    0.68836451    0.53807002    0.49470373    0.51391449    0.48425365
E0W2J2_PEDHC/4-71     0.42877854    0.49353205    0.40740555    0.61847110    0.49207455    0.48645422    0.58398741    0.55908577    0.61951566    0.63715187    0.38175532    0.38119058    0.00000000    0.45130098    0.34426846    0.28156995    1.20859808    0.49327394    0.34060645    0.28175810    0.46383952    0.56404702    0.52051782    0.55846643    0.56608818    0.60472457    0.42843218    0.50343076    0.50907961    0.56132497    0.63683200    0.55813613    0.62887539    0.63914206    0.74503678    0.73819974    1.11290436    0.91061547    1.37625357    1.30294443    1.34912822    0.66706432    0.64791106    0.59280310    0.58894682    0.65008193    0.43009707    0.56367624    0.43514674    0.58447254    0.57734932    0.53087767    0.66280683    0.52942949    0.59382944    0.46866856    0.52554316    0.68998007    0.60250090    0.44827842    0.48846075    0.51339996
G0NU72_CAEBE/4-70     0.57100220    0.69587636    0.55200363    0.74840105    0.72813212    0.88840399    0.99375642    0.94758848    0.85490453    0.82831680    0.65959210    0.53963021    0.45130098    0.00000000    0.44439754    0.45735361    1.62231335    0.68485644    0.46260950    0.49111365    0.65327079    0.80939844    0.63343646    0.81481385    0.87150767    0.66616316    0.57197597    0.62531468    0.64764580    0.68793836    0.75904532    0.95981456    0.95247369    0.96420633    1.10766895    1.00188074    1.40332588    1.19883589    1.46989479    1.48287417    1.44696287    1.15435472    0.86767298    0.81142438    0.87465075    0.64213521    0.54317785    0.63002719    0.59869597    0.71671562    0.71188071    0.64755621    0.91047401    0.65078348    0.85124105    0.58511621    0.74254466    0.91772779    0.57721798    0.51040315    0.64966259    0.60548694
T1K3A5_TETUR/4-72     0.45303059    0.50607975    0.54610628    0.58275923    0.55677088    0.64647979    0.77285971    0.76840264    0.60340601    0.56496597    0.43061567    0.51910735    0.34426846    0.44439754    0.00000000    0.33080378    1.36563853    0.60112253    0.44148333    0.40755856    0.67013495    0.72931954    0.58769826    0.77225187    0.66626365    0.54600527    0.61543192    0.60667687    0.64952773    0.67811215    0.82568212    0.67813172    0.69784948    0.80828595    0.84183271    0.91042580    1.19207795    1.05092104    1.36125793    1.31231712    1.24953268    0.84553241    0.71720303    0.68704843    0.63771129    0.55738548    0.49354615    0.55245374    0.50118782    0.66439889    0.51770796    0.49790424    0.72241186    0.63072719    0.68744534    0.57923498    0.67760864    0.67633962    0.51633065    0.54719695    0.59181013    0.54747913
H2ZFX1_CIOSA/6-71     0.36411847    0.45371854    0.45324675    0.72913378    0.46230122    0.53573656    0.63330992    0.52956944    0.48270146    0.55458500    0.35783307    0.36805802    0.28156995    0.45735361    0.33080378    0.00000000    1.04833128    0.46493232    0.25365834    0.26771905    0.46191782    0.59028542    0.54869922    0.55376631    0.56584184    0.54662848    0.42752941    0.46374167    0.50207428    0.48571646    0.64622584    0.70918713    0.77333413    0.76912702    0.76318796    0.83287401    1.12433172    1.06188333    1.42540970    1.54218698    1.50716208    0.74172858    0.69398490    0.64340139    0.64172839    0.53649361    0.35415035    0.54167591    0.38129189    0.54756400    0.54612521    0.45371102    0.65077053    0.57182364    0.61933070    0.37840430    0.47324088    0.64461001    0.47008059    0.42426603    0.43755121    0.39315629
H0Y154_OTOGA/5-70     1.30362934    1.52746969    1.73702428    2.16775277    1.43439618    1.41189585    1.55129946    1.39273508    1.12976254    1.53054039    1.08885084    1.32821418    1.20859808    1.62231335    1.36563853    1.04833128    0.00000000    1.09929435    1.17881878    1.07056284    1.61613814    1.67568123    1.37521418    1.44518597    1.42239963    1.60217802    1.63023965    1.60151978    1.68308623    1.88482664    1.67822316    1.60776171    1.75861337    1.83264151    1.75807818    1.66959104    1.85890440    1.72513740    2.55491705    2.23929773    2.43564764    1.68806701    1.50138752    1.45388530    1.52716906    1.61766025    1.36744203    1.47488698    1.27616147    1.25558743    1.14803638    1.51645115    1.62754121    1.30007678    1.39632904    1.50567286    1.65698864    1.78949068    1.41290479    1.28822321    1.33095183    1.53600766
A9C3W5_DANRE/5-74     0.51931955    0.64836094    0.66620963    0.85563353    0.66082230    0.82226146    0.90637814    0.74254668    0.72455917    0.78750815    0.50829499    0.64499955    0.49327394    0.68485644    0.60112253    0.46493232    1.09929435    0.00000000    0.44629596    0.41049872    0.76986950    0.73205124    0.68740883    0.74693430    0.74531340    0.69985802    0.73346497    0.73160813    0.67825105    0.73988711    0.83749205    0.80034947    0.87014528    0.87195591    0.90968679    0.98370128    1.15671502    1.39682095    1.66144788    1.65407835    1.53891626    0.79085456    0.84574405    0.70358968    0.73737668    0.63167409    0.55116112    0.62397223    0.57326261    0.63833594    0.80287894    0.65646118    0.63620981    0.69118601    0.76530002    0.65172044    0.69241261    1.01873115    0.64388529    0.55213091    0.66064164    0.69988218
T1FFX1_HELRO/5-69     0.38007547    0.56139450    0.47442734    0.69804324    0.45709060    0.57397087    0.61301078    0.58779047    0.55135305    0.65568356    0.42696787    0.40131593    0.34060645    0.46260950    0.44148333    0.25365834    1.17881878    0.44629596    0.00000000    0.31079466    0.45231072    0.46769747    0.48967365    0.58405148    0.50776260    0.51502963    0.48120578    0.49305392    0.46124981    0.47346619    0.55501240    0.60416403    0.62683932    0.70767386    0.70751712    0.75779019    1.15507945    0.94133139    1.43094554    1.45302578    1.34195820    0.61919890    0.46662096    0.47239673    0.49116278    0.45322528    0.30829965    0.51244198    0.35503698    0.49816775    0.58580397    0.48135078    0.54614085    0.52104960    0.53454783    0.42462492    0.41075936    0.60443219    0.44496724    0.43188998    0.43786958    0.38530847
H9JW78_BOMMO/48-110     0.33169262    0.42700930    0.41423813    0.63148262    0.43737175    0.51317491    0.55673104    0.49457719    0.54136869    0.61506492    0.29273231    0.32043418    0.28175810    0.49111365    0.40755856    0.26771905    1.07056284    0.41049872    0.31079466    0.00000000    0.44690450    0.55560976    0.53156215    0.50694160    0.46981867    0.56131996    0.35407355    0.41366286    0.42049438    0.48595503    0.49932402    0.47168227    0.56361092    0.57015835    0.58777324    0.62689317    1.00366504    0.85115238    1.20743069    1.21474109    1.15625653    0.57456874    0.45422505    0.47119637    0.53018049    0.45184495    0.33292976    0.54863384    0.42990361    0.48205367    0.50059990    0.50292201    0.50910780    0.51899216    0.53665754    0.43458705    0.50495851    0.64977430    0.52564008    0.37549479    0.46419306    0.44444079
D0NHB6_PHYIT/6-70     0.57020743    0.56355668    0.60720582    0.70345305    0.52928388    0.44137506    0.58169480    0.48629434    0.69785516    0.72447458    0.48815497    0.58173723    0.46383952    0.65327079    0.67013495    0.46191782    1.61613814    0.76986950    0.45231072    0.44690450    0.00000000    0.51534079    0.45342289    0.47400984    0.45621249    0.59413446    0.44219715    0.51378242    0.53076951    0.44098407    0.55866996    0.64270851    0.80257134    0.58810896    0.77190184    0.71257458    1.19067077    1.01445523    1.27306047    1.13474459    1.10478820    0.69749569    0.63652240    0.61425919    0.67444088    0.58449120    0.40357160    0.50593901    0.44434085    0.63025726    0.52118648    0.47193624    0.53337226    0.61710820    0.61537168    0.46991942    0.38438276    0.58150255    0.42582000    0.44084982    0.44110700    0.46623164
G0QV07_ICHMG/4-70     0.61116036    0.50750234    0.59536794    0.79154079    0.64184372    0.54021021    0.70189075    0.75928223    0.69741108    0.73566780    0.55014050    0.66338601    0.56404702    0.80939844    0.72931954    0.59028542    1.67568123    0.73205124    0.46769747    0.55560976    0.51534079    0.00000000    0.32767112    0.48476199    0.51320663    0.58905659    0.62020048    0.66631552    0.53631258    0.52633755    0.72560392    0.58773521    0.66872816    0.56654284    0.82338716    0.65523724    1.10800222    0.96142761    1.35087708    1.51636507    1.29420649    0.72067522    0.75798523    0.77395391    0.46205379    0.60428414    0.41346455    0.54107955    0.43106922    0.60180499    0.65124651    0.52669961    0.78143780    0.69068560    0.55448087    0.58411730    0.51745099    0.72465381    0.65268781    0.52226133    0.57812813    0.58614581
A0D4V2_PARTE/5-71     0.54709516    0.63268886    0.62899093    0.81400651    0.58598627    0.56802958    0.79040810    0.74421263    0.68443620    0.69390195    0.46764057    0.63567307    0.52051782    0.63343646    0.58769826    0.54869922    1.37521418    0.68740883    0.48967365    0.53156215    0.45342289    0.32767112    0.00000000    0.47389391    0.44319476    0.49143191    0.64268767    0.65842573    0.57500166    0.49434504    0.69446329    0.62174541    0.64525650    0.60728693    0.86514061    0.75992177    1.20111705    1.01374928    1.27809055    1.33860719    1.18592363    0.76137506    0.64812039    0.76439731    0.58604696    0.54421718    0.39559578    0.48871501    0.42344068    0.49692610    0.49700424    0.40869698    0.75602624    0.63773096    0.66123705    0.54944492    0.60367159    0.75237950    0.49007347    0.48402591    0.58233488    0.53471191
D2VU51_NAEGR/8-83     0.60109370    0.56002077    0.61199196    0.71576638    0.62297100    0.52712692    0.75277627    0.66217621    0.70491149    0.76457821    0.56309970    0.55426767    0.55846643    0.81481385    0.77225187    0.55376631    1.44518597    0.74693430    0.58405148    0.50694160    0.47400984    0.48476199    0.47389391    0.00000000    0.54783124    0.55632194    0.67794368    0.67124094    0.63804773    0.60781005    0.69702215    0.71400167    0.82235530    0.71991241    0.86257852    0.76438367    1.05707392    0.91922983    1.27329103    1.23228965    1.19509307    0.59209345    0.63310200    0.67392145    0.65701822    0.70294402    0.51079230    0.64971440    0.49209828    0.68564303    0.68030142    0.55667001    0.82363992    0.84486650    0.75175353    0.54174747    0.53611521    0.59464303    0.64428194    0.68180556    0.63692229    0.59014240
A5K7Q0_PLAVS/8-74     0.58643060    0.67147758    0.74063480    0.92336646    0.73319741    0.48828992    0.75761746    0.67135372    0.59710950    0.72610688    0.58007954    0.55704221    0.56608818    0.87150767    0.66626365    0.56584184    1.42239963    0.74531340    0.50776260    0.46981867    0.45621249    0.51320663    0.44319476    0.54783124    0.00000000    0.52267212    0.57169397    0.56408474    0.52272343    0.53237788    0.68959352    0.73238679    0.95261373    0.79634322    0.62502661    0.66996753    1.03963715    1.20798238    1.36735969    1.55295335    1.55400461    0.77750168    0.59288032    0.64514530    0.57290752    0.68303905    0.41943263    0.66901490    0.51128199    0.64406861    0.53088345    0.57622090    0.78200524    0.74245523    0.70517768    0.57605129    0.66546961    0.69974923    0.54793154    0.60705164    0.53722247    0.54055662
B6AK39_CRYMR/14-81     0.65583166    0.76863352    0.70642095    0.66366638    0.66661386    0.61931757    0.88819341    0.70279746    0.75355556    0.75720709    0.61154257    0.59685877    0.60472457    0.66616316    0.54600527    0.54662848    1.60217802    0.69985802    0.51502963    0.56131996    0.59413446    0.58905659    0.49143191    0.55632194    0.52267212    0.00000000    0.75388199    0.70707358    0.65297356    0.67179465    0.77319424    0.84845049    0.75108479    0.73257560    0.84604937    1.02239976    1.21230404    1.27672596    1.49129978    1.40578777    1.51071810    0.80811653    0.64190206    0.67513314    0.78792185    0.59341104    0.48538447    0.61297017    0.54257860    0.56498087    0.53516074    0.53497921    0.71810756    0.78901033    0.70804480    0.66297244    0.67709929    0.71402403    0.73924533    0.60319930    0.65751189    0.67582435
Q0JA68_ORYSJ/4-72     0.60266165    0.54673876    0.62045569    0.68570069    0.56069690    0.69849292    0.71454798    0.66908234    0.76077295    0.80521466    0.62866927    0.47442483    0.42843218    0.57197597    0.61543192    0.42752941    1.63023965    0.73346497    0.48120578    0.35407355    0.44219715    0.62020048    0.64268767    0.67794368    0.57169397    0.75388199    0.00000000    0.25065617    0.43276901    0.43873645    0.55631230    0.57507384    0.64168102    0.57003760    0.78262161    0.78863367    1.13517527    0.90498726    1.34843513    1.08818462    1.34084203    0.66713790    0.65553912    0.55375716    0.71129312    0.54755299    0.43433250    0.64294134    0.56703981    0.59261117    0.58155100    0.56052746    0.59189130    0.55380241    0.62827263    0.48826513    0.48204114    0.53978398    0.50518360    0.44048622    0.57773375    0.41489521
D8SHL8_SELML/4-72     0.50310584    0.56768774    0.54597341    0.53937845    0.53706133    0.63097884    0.67567563    0.74782316    0.66121862    0.76041022    0.58253308    0.58546961    0.50343076    0.62531468    0.60667687    0.46374167    1.60151978    0.73160813    0.49305392    0.41366286    0.51378242    0.66631552    0.65842573    0.67124094    0.56408474    0.70707358    0.25065617    0.00000000    0.36954762    0.41512040    0.54067872    0.59962089    0.59321934    0.71012145    0.67070527    0.79264569    1.00233580    0.95389354    1.38152423    1.17053597    1.32704703    0.74196036    0.66416257    0.56931091    0.65501560    0.61607558    0.44925368    0.63256262    0.53453646    0.60767161    0.58330448    0.58332585    0.63591562    0.64744501    0.56000131    0.54704254    0.47170199    0.68373047    0.54764676    0.55260283    0.65382195    0.49478459
A4RYN3_OSTLU/5-73     0.42757351    0.46542727    0.42667645    0.63101267    0.65575853    0.55418251    0.64428018    0.70418052    0.72884211    0.90097031    0.57767838    0.64364810    0.50907961    0.64764580    0.64952773    0.50207428    1.68308623    0.67825105    0.46124981    0.42049438    0.53076951    0.53631258    0.57500166    0.63804773    0.52272343    0.65297356    0.43276901    0.36954762    0.00000000    0.30421529    0.37722978    0.57268156    0.67041862    0.57208640    0.77456949    0.63561738    1.15892699    0.78963462    1.20680453    1.14452967    1.19775749    0.66512130    0.57546561    0.46901479    0.60047629    0.53588070    0.37592047    0.62176223    0.47116289    0.54094917    0.65537998    0.59328774    0.62572126    0.69461971    0.71524123    0.47695235    0.48016600    0.73547901    0.56845978    0.57686087    0.64879157    0.47260873
D8TNR5_VOLCA/4-71     0.51867287    0.47633709    0.51782684    0.55536061    0.63977921    0.70670251    0.73802423    0.76683038    0.81573883    0.82984908    0.60381438    0.67071423    0.56132497    0.68793836    0.67811215    0.48571646    1.88482664    0.73988711    0.47346619    0.48595503    0.44098407    0.52633755    0.49434504    0.60781005    0.53237788    0.67179465    0.43873645    0.41512040    0.30421529    0.00000000    0.43760260    0.68055103    0.73654060    0.62857633    0.64891526    0.65035689    1.25695612    0.89994483    1.30154126    1.28798427    1.12993889    0.72927449    0.58918475    0.56255149    0.57359561    0.53290292    0.40730696    0.61241877    0.47488709    0.56186089    0.60194239    0.60901431    0.67307412    0.73648515    0.64184988    0.50413032    0.43508094    0.55921760    0.57380980    0.60755935    0.69072881    0.50934039
E1ZTW0_CHLVA/4-71     0.51970242    0.67542875    0.67040092    0.71004384    0.68592566    0.72638542    0.66518915    0.78554650    0.81712481    0.93011695    0.59147372    0.59421749    0.63683200    0.75904532    0.82568212    0.64622584    1.67822316    0.83749205    0.55501240    0.49932402    0.55866996    0.72560392    0.69446329    0.69702215    0.68959352    0.77319424    0.55631230    0.54067872    0.37722978    0.43760260    0.00000000    0.60956455    0.76852552    0.65906145    0.75313916    0.69454420    1.22729627    1.03912427    1.54975339    1.30761396    1.38200618    0.75430336    0.68240552    0.65522104    0.71309822    0.63584900    0.44632606    0.60299882    0.48236157    0.66785475    0.74623428    0.71919720    0.70356141    0.78521729    0.76456999    0.51468959    0.50678129    0.79370976    0.55131030    0.64663928    0.62960224    0.45507036
RS11_DICDI/5-71     0.69158692    0.66737538    0.82846373    0.82890589    0.71663902    0.67887388    0.90309494    0.77860813    0.76790995    0.87116215    0.60290739    0.68534872    0.55813613    0.95981456    0.67813172    0.70918713    1.60776171    0.80034947    0.60416403    0.47168227    0.64270851    0.58773521    0.62174541    0.71400167    0.73238679    0.84845049    0.57507384    0.59962089    0.57268156    0.68055103    0.60956455    0.00000000    0.49338307    0.31454427    0.70994573    0.69529724    0.94771321    1.09985469    1.58651577    1.34154307    1.52841383    0.65831885    0.72599677    0.66427294    0.64423703    0.71304657    0.66413594    0.68698503    0.48406803    0.68128518    0.78881890    0.71796294    0.65932187    0.75503731    0.57648039    0.62826195    0.70478906    0.95444100    0.57078694    0.61767301    0.60868570    0.54399807
F4Q8J4_CAVFA/5-71     0.74684231    0.69347356    0.79518832    0.75667084    0.72892188    0.78078646    0.87698146    0.71597267    0.91832024    0.88974873    0.76272822    0.71135901    0.62887539    0.95247369    0.69784948    0.77333413    1.75861337    0.87014528    0.62683932    0.56361092    0.80257134    0.66872816    0.64525650    0.82235530    0.95261373    0.75108479    0.64168102    0.59321934    0.67041862    0.73654060    0.76852552    0.49338307    0.00000000    0.53115876    0.66990255    0.68404763    1.06085824    1.15820397    1.51653384    1.21878599    1.40709771    0.71709824    0.81973318    0.80920118    0.76959114    0.82130596    0.67834461    0.65091605    0.61999505    0.61627731    0.79755338    0.60437535    0.66852344    0.80102917    0.56872457    0.75093422    0.73819121    1.02713591    0.61591002    0.61930204    0.75795750    0.69834673
D3AW89_POLPP/5-71     0.80820019    0.73187797    0.89059978    0.72936270    0.77405946    0.70633661    0.87321473    0.76600229    0.97828512    0.99967037    0.72667231    0.63776950    0.63914206    0.96420633    0.80828595    0.76912702    1.83264151    0.87195591    0.70767386    0.57015835    0.58810896    0.56654284    0.60728693    0.71991241    0.79634322    0.73257560    0.57003760    0.71012145    0.57208640    0.62857633    0.65906145    0.31454427    0.53115876    0.00000000    0.83005714    0.74205952    1.17399832    1.23905029    1.46351987    1.27549939    1.43092942    0.72205689    0.71399599    0.71225582    0.73831823    0.68772080    0.66139097    0.75119073    0.51337204    0.71377369    0.85800812    0.74363261    0.73134908    0.78586795    0.67829255    0.72793463    0.71887028    0.92266359    0.61767672    0.61357496    0.70948744    0.62207902
C4M979_ENTHI/4-70     0.77600379    0.77096478    0.97056293    0.77574848    0.88869028    0.93053366    1.03342743    0.95196929    0.86822549    1.04745519    0.75129897    0.77955323    0.74503678    1.10766895    0.84183271    0.76318796    1.75807818    0.90968679    0.70751712    0.58777324    0.77190184    0.82338716    0.86514061    0.86257852    0.62502661    0.84604937    0.78262161    0.67070527    0.77456949    0.64891526    0.75313916    0.70994573    0.66990255    0.83005714    0.00000000    0.75362423    1.09777790    1.21737563    1.56815250    1.42428252    1.42140964    0.70895896    0.74514311    0.71527984    0.80896098    0.97388092    0.66270260    0.70896802    0.67154613    0.76853489    0.75467770    0.70215639    0.78264223    0.94357742    0.70409838    0.80326371    0.81511454    0.82642020    0.71969980    0.77929098    0.69236116    0.76881990
Q4CRH9_TRYCC/18-86     0.62396457    0.70426970    0.83656171    0.96215913    0.88471017    0.71900332    0.87047773    0.87227463    0.74853097    0.88668833    0.79897047    0.91142932    0.73819974    1.00188074    0.91042580    0.83287401    1.66959104    0.98370128    0.75779019    0.62689317    0.71257458    0.65523724    0.75992177    0.76438367    0.66996753    1.02239976    0.78863367    0.79264569    0.63561738    0.65035689    0.69454420    0.69529724    0.68404763    0.74205952    0.75362423    0.00000000    1.00056336    1.01286048    1.36014458    1.15317300    1.08764924    0.77439653    0.90957963    0.85541416    0.74989205    0.99893153    0.67690659    0.71587828    0.68278438    0.72967059    0.76842735    0.73521684    0.80391857    0.88790826    0.72466101    0.77992966    0.82840382    1.02391543    0.69461614    0.65481286    0.85519031    0.75899866
H8ZD49_NEMS1/9-74     1.03659288    1.17177831    1.27605192    1.34161390    1.29273162    0.86165028    1.09487227    1.11688506    1.16083469    1.22955459    0.99339072    1.20399532    1.11290436    1.40332588    1.19207795    1.12433172    1.85890440    1.15671502    1.15507945    1.00366504    1.19067077    1.10800222    1.20111705    1.05707392    1.03963715    1.21230404    1.13517527    1.00233580    1.15892699    1.25695612    1.22729627    0.94771321    1.06085824    1.17399832    1.09777790    1.00056336    0.00000000    0.87999153    1.05966500    1.19995667    1.21632361    0.95080429    1.34532356    1.14649270    1.25330293    1.47188615    1.07194603    1.09534887    0.86428872    0.91952207    1.06671607    1.07232538    0.92904658    0.88360615    0.69228704    1.22209421    1.03939484    1.28382874    1.01530745    0.99282269    1.06886044    1.06122842
A9CRI8_ENTBH/8-70     0.85202002    0.85310482    0.97404318    1.21042678    0.83821408    0.81052200    1.05243343    0.90386428    1.02189023    1.08097958    0.98841417    1.10829421    0.91061547    1.19883589    1.05092104    1.06188333    1.72513740    1.39682095    0.94133139    0.85115238    1.01445523    0.96142761    1.01374928    0.91922983    1.20798238    1.27672596    0.90498726    0.95389354    0.78963462    0.89994483    1.03912427    1.09985469    1.15820397    1.23905029    1.21737563    1.01286048    0.87999153    0.00000000    0.91006744    0.90748780    0.70813224    1.21205788    1.21753010    1.15978717    1.14125025    1.18628033    0.88951548    0.89745214    0.74904417    0.93016798    1.00376043    1.06164486    1.08635155    0.95938292    0.99088391    1.06044074    0.97226784    1.11253900    0.98830232    0.94976768    1.14598283    0.95805916
C4V7K9_NOSCE/8-70     1.29331589    1.24798335    1.13110715    1.37993382    1.45783636    1.23463223    1.42533214    1.37129340    1.78875179    1.83873384    1.47851541    1.47934913    1.37625357    1.46989479    1.36125793    1.42540970    2.55491705    1.66144788    1.43094554    1.20743069    1.27306047    1.35087708    1.27809055    1.27329103    1.36735969    1.49129978    1.34843513    1.38152423    1.20680453    1.30154126    1.54975339    1.58651577    1.51653384    1.46351987    1.56815250    1.36014458    1.05966500    0.91006744    0.00000000    0.87059680    0.96248760    1.46922372    1.27578824    1.28839812    1.52286262    1.62159605    1.08562667    1.38191569    1.06429813    1.24962790    1.16593462    1.24075036    1.43718942    1.35363472    1.33849750    1.48010264    1.16905087    1.58996595    1.29433367    1.28556385    1.43285383    1.26683865
L2GPH6_VITCO/7-70     1.25067012    1.31635768    1.41239682    1.17219705    1.32574033    1.15994912    1.38643236    1.22315307    1.46853456    1.60192766    1.45618420    1.44928407    1.30294443    1.48287417    1.31231712    1.54218698    2.23929773    1.65407835    1.45302578    1.21474109    1.13474459    1.51636507    1.33860719    1.23228965    1.55295335    1.40578777    1.08818462    1.17053597    1.14452967    1.28798427    1.30761396    1.34154307    1.21878599    1.27549939    1.42428252    1.15317300    1.19995667    0.90748780    0.87059680    0.00000000    0.66637924    1.19729574    1.32092450    1.16752883    1.38151603    1.33730637    1.20949935    1.22773893    1.09237884    1.12543038    1.15665358    1.15711907    1.01808259    1.15361234    1.12783621    1.36092201    1.14751631    1.41152392    1.13866995    1.19748467    1.33408795    1.11358466
Q8SS53_ENCCU/5-68     1.06791892    1.18596072    1.28796098    1.31180076    1.36616996    1.19971079    1.55283271    1.46100993    1.35320502    1.38409143    1.43074214    1.46924864    1.34912822    1.44696287    1.24953268    1.50716208    2.43564764    1.53891626    1.34195820    1.15625653    1.10478820    1.29420649    1.18592363    1.19509307    1.55400461    1.51071810    1.34084203    1.32704703    1.19775749    1.12993889    1.38200618    1.52841383    1.40709771    1.43092942    1.42140964    1.08764924    1.21632361    0.70813224    0.96248760    0.66637924    0.00000000    1.46082248    1.25917532    1.26582722    1.53487850    1.41631912    1.25160813    1.04620765    1.02873917    1.14042243    0.96608351    1.10931057    1.17962021    0.93904769    1.24925300    1.19263690    1.16578365    1.51758411    1.12769795    1.14034392    1.28571816    1.09687482
A8BVU0_GIAIC/5-69     0.66349749    0.67449551    0.81785294    0.85081380    0.81774272    0.64012760    0.80963368    0.66788275    0.71648858    0.79819762    0.51697482    0.67127861    0.66706432    1.15435472    0.84553241    0.74172858    1.68806701    0.79085456    0.61919890    0.57456874    0.69749569    0.72067522    0.76137506    0.59209345    0.77750168    0.80811653    0.66713790    0.74196036    0.66512130    0.72927449    0.75430336    0.65831885    0.71709824    0.72205689    0.70895896    0.77439653    0.95080429    1.21205788    1.46922372    1.19729574    1.46082248    0.00000000    0.83934218    0.73040167    0.92071592    0.87479594    0.58135484    0.65769692    0.56108227    0.72233505    0.77501429    0.68711498    0.64960298    0.77815714    0.62357768    0.72894884    0.66236278    0.88518953    0.58068553    0.54558527    0.58349548    0.62726748
Q4N5J2_THEPA/7-69     0.60886540    0.73494509    0.75544567    0.97876285    0.65627292    0.71852624    0.85162866    0.76479934    0.79938361    0.92168682    0.71687097    0.69311552    0.64791106    0.86767298    0.71720303    0.69398490    1.50138752    0.84574405    0.46662096    0.45422505    0.63652240    0.75798523    0.64812039    0.63310200    0.59288032    0.64190206    0.65553912    0.66416257    0.57546561    0.58918475    0.68240552    0.72599677    0.81973318    0.71399599    0.74514311    0.90957963    1.34532356    1.21753010    1.27578824    1.32092450    1.25917532    0.83934218    0.00000000    0.23768440    0.72809253    0.56128476    0.55491310    0.79015866    0.56878648    0.71200745    0.65644920    0.70503165    0.79176433    0.81919849    0.80604022    0.63314621    0.76620010    0.88143303    0.75487644    0.66696040    0.70842163    0.61628988
A7AU01_BABBO/7-69     0.59115053    0.76179091    0.70944319    0.85032297    0.69283451    0.64510089    0.83315015    0.78234426    0.81613051    0.87495717    0.66060946    0.63501143    0.59280310    0.81142438    0.68704843    0.64340139    1.45388530    0.70358968    0.47239673    0.47119637    0.61425919    0.77395391    0.76439731    0.67392145    0.64514530    0.67513314    0.55375716    0.56931091    0.46901479    0.56255149    0.65522104    0.66427294    0.80920118    0.71225582    0.71527984    0.85541416    1.14649270    1.15978717    1.28839812    1.16752883    1.26582722    0.73040167    0.23768440    0.00000000    0.76618642    0.54821380    0.49515026    0.74881181    0.51561672    0.64650868    0.68827343    0.69406954    0.64569434    0.66376189    0.74469895    0.60239788    0.71286648    0.87475002    0.60562113    0.56656872    0.58767641    0.59189267
E9I7U7_DAPPU/12-78     0.66084856    0.64590944    0.80301440    0.80118674    0.83047512    0.76229370    0.80649127    0.78241554    0.85358422    0.83287847    0.73095327    0.56857548    0.58894682    0.87465075    0.63771129    0.64172839    1.52716906    0.73737668    0.49116278    0.53018049    0.67444088    0.46205379    0.58604696    0.65701822    0.57290752    0.78792185    0.71129312    0.65501560    0.60047629    0.57359561    0.71309822    0.64423703    0.76959114    0.73831823    0.80896098    0.74989205    1.25330293    1.14125025    1.52286262    1.38151603    1.53487850    0.92071592    0.72809253    0.76618642    0.00000000    0.59128990    0.51790365    0.60746338    0.47410643    0.74912288    0.77326664    0.59236451    0.76392552    0.76458900    0.70348117    0.57118001    0.68646230    0.84677696    0.55537205    0.65858392    0.60260000    0.51975008
