11
A0A0B8XVC4_9SPHI/18-152     0.00000000    0.38382800    0.34140068    0.32296019    0.36378654    2.25551285    1.78893164    2.42474826    2.33183794    0.47432347    0.49941968
D4E0Q6_SEROD/19-153     0.38382800    0.00000000    0.31851396    0.35293201    0.39962224    2.35262379    1.96593466    2.51596933    2.42145964    0.44610901    0.55598412
A0A0J5M3F3_PLUGE/18-152     0.34140068    0.31851396    0.00000000    0.32582804    0.32564219    2.14543834    1.84382673    2.40392900    2.22696027    0.49447174    0.56442589
H5UYW2_ATLHE/18-152     0.32296019    0.35293201    0.32582804    0.00000000    0.30461477    2.09425252    1.76635640    2.40604457    2.45433180    0.50563350    0.59919302
O64327_BPN15/18-152     0.36378654    0.39962224    0.32564219    0.30461477    0.00000000    2.08688011    1.82933929    2.44965637    2.33034927    0.43043339    0.50799606
A0A0T1XQV7_9RHIZ/13-139     2.25551285    2.35262379    2.14543834    2.09425252    2.08688011    0.00000000    0.40534744    1.58341644    1.07538533    2.36383425    2.30888257
A0A084UBJ7_9RHIZ/13-139     1.78893164    1.96593466    1.84382673    1.76635640    1.82933929    0.40534744    0.00000000    1.43508520    1.20607590    1.97499775    1.90367566
A0A0D6B8L8_RHOSU/5-138     2.42474826    2.51596933    2.40392900    2.40604457    2.44965637    1.58341644    1.43508520    0.00000000    1.10036918    2.30209370    2.38547424
A0A0D6B329_RHOSU/15-140     2.33183794    2.42145964    2.22696027    2.45433180    2.33034927    1.07538533    1.20607590    1.10036918    0.00000000    2.26897722    2.05899934
Q8ZN04_SALTY/19-153     0.47432347    0.44610901    0.49447174    0.50563350    0.43043339    2.36383425    1.97499775    2.30209370    2.26897722    0.00000000    0.35194223
Q8ZQ89_SALTY/21-155     0.49941968    0.55598412    0.56442589    0.59919302    0.50799606    2.30888257    1.90367566    2.38547424    2.05899934    0.35194223    0.00000000

