15
I3MN73_ICTTR/620-704     0.00000000    0.21075354    0.27587849    0.31008696    0.33808035    0.42808013    0.37209740    0.31858780    0.34938853    0.39493143    0.49052294    0.71632970    1.12565959    1.25290126    1.26950064
F1QA07_DANRE/558-642     0.21075354    0.00000000    0.34351328    0.38827653    0.32641280    0.30278047    0.37553370    0.38024842    0.46612896    0.45063243    0.58587819    0.75729713    1.20353806    1.32870705    1.31384086
W5KD99_ASTMX/703-787     0.27587849    0.34351328    0.00000000    0.23099350    0.37990062    0.35035187    0.51333145    0.54823862    0.58547756    0.64033300    0.72283719    0.92737474    1.34840837    1.50295421    1.50245907
B0S771_DANRE/773-857     0.31008696    0.38827653    0.23099350    0.00000000    0.36902584    0.44510637    0.57751394    0.62311574    0.65349906    0.71003490    0.78562436    0.89201012    1.12512823    1.33014417    1.23611057
M3ZXU4_XIPMA/717-801     0.33808035    0.32641280    0.37990062    0.36902584    0.00000000    0.27480207    0.62855589    0.64494134    0.66767620    0.65000620    0.87768426    0.75433400    1.29529769    1.40834685    1.41348151
H2M9L9_ORYLA/636-709     0.42808013    0.30278047    0.35035187    0.44510637    0.27480207    0.00000000    0.73919431    0.70530400    0.72930886    0.75411561    1.05347885    0.95954432    1.46814542    1.62369816    1.57184970
F8W5F0_DANRE/674-757     0.37209740    0.37553370    0.51333145    0.57751394    0.62855589    0.73919431    0.00000000    0.27520007    0.32644195    0.34929240    0.66975731    0.74617397    1.29263639    1.34321229    1.36873334
H3B6A9_LATCH/681-765     0.31858780    0.38024842    0.54823862    0.62311574    0.64494134    0.70530400    0.27520007    0.00000000    0.25914623    0.27347398    0.62702072    0.76636994    1.23816484    1.24268718    1.32191643
D3ZWQ8_RAT/705-789     0.34938853    0.46612896    0.58547756    0.65349906    0.66767620    0.72930886    0.32644195    0.25914623    0.00000000    0.03459313    0.67127149    0.76981266    1.35025428    1.41253450    1.44469722
L9J8N1_TUPCH/327-411     0.39493143    0.45063243    0.64033300    0.71003490    0.65000620    0.75411561    0.34929240    0.27347398    0.03459313    0.00000000    0.69171929    0.79224638    1.34934647    1.44147483    1.47421683
C3ZCF6_BRAFL/486-569     0.49052294    0.58587819    0.72283719    0.78562436    0.87768426    1.05347885    0.66975731    0.62702072    0.67127149    0.69171929    0.00000000    0.76928050    1.17325312    1.16872581    1.26217742
K1QVA2_CRAGI/660-740     0.71632970    0.75729713    0.92737474    0.89201012    0.75433400    0.95954432    0.74617397    0.76636994    0.76981266    0.79224638    0.76928050    0.00000000    1.08519631    1.21965337    1.11751082
E3ME30_CAERE/551-634     1.12565959    1.20353806    1.34840837    1.12512823    1.29529769    1.46814542    1.29263639    1.23816484    1.35025428    1.34934647    1.17325312    1.08519631    0.00000000    0.33786889    0.27125844
G0N1R0_CAEBE/551-634     1.25290126    1.32870705    1.50295421    1.33014417    1.40834685    1.62369816    1.34321229    1.24268718    1.41253450    1.44147483    1.16872581    1.21965337    0.33786889    0.00000000    0.25033371
Q21430_CAEEL/554-637     1.26950064    1.31384086    1.50245907    1.23611057    1.41348151    1.57184970    1.36873334    1.32191643    1.44469722    1.47421683    1.26217742    1.11751082    0.27125844    0.25033371    0.00000000

