15
G0VGS0_NAUCC/585-791     0.00000000    0.76936820    1.01373632    0.99136854    0.89788627    1.01230546    0.94167980    1.22938662    1.32809146    1.09087676    1.30329465    1.14976170    0.83421257    0.80655903    0.83704345
G0W8C1_NAUDC/605-833     0.76936820    0.00000000    1.03549901    1.11090463    1.03630129    1.07563794    1.01988772    1.46900210    1.41797304    1.27708798    1.34817971    1.21524085    0.97343419    0.90952303    0.95155813
A7TJ75_VANPO/576-777     1.01373632    1.03549901    0.00000000    0.82677430    0.99961312    1.02292190    1.14918273    1.34984312    1.31286356    1.10211922    1.23554893    1.16068108    0.92351352    0.82363575    0.79517426
G8C151_TETPH/598-815     0.99136854    1.11090463    0.82677430    0.00000000    0.96770591    1.03257867    1.13292997    1.32350126    1.28852565    1.09782391    1.34902817    1.30685013    0.99236251    0.85833334    0.86385758
J7S7E0_KAZNA/573-773     0.89788627    1.03630129    0.99961312    0.96770591    0.00000000    0.82929808    1.09886561    1.26069223    1.20585452    1.04124695    1.22397444    1.12989415    0.90079691    0.87272414    0.77392768
H2AVB7_KAZAF/570-773     1.01230546    1.07563794    1.02292190    1.03257867    0.82929808    0.00000000    0.98830438    1.21618880    1.24721189    1.05446121    1.14808057    1.26341240    1.01109951    0.90696846    0.84286250
Q6CRF9_KLULA/561-753     0.94167980    1.01988772    1.14918273    1.13292997    1.09886561    0.98830438    0.00000000    1.16634807    1.11764733    1.02999312    1.09508677    1.16933383    0.85822302    0.99100026    0.96862614
Q75C72_ASHGO/560-754     1.22938662    1.46900210    1.34984312    1.32350126    1.26069223    1.21618880    1.16634807    0.00000000    0.80924891    1.42082264    1.38052462    1.38971952    1.40844594    1.30493183    1.27494999
G8JXG5_ERECY/561-757     1.32809146    1.41797304    1.31286356    1.28852565    1.20585452    1.24721189    1.11764733    0.80924891    0.00000000    1.37308257    1.49993719    1.53457583    1.28393967    1.30376921    1.27540012
Q6FPT4_CANGA/573-776     1.09087676    1.27708798    1.10211922    1.09782391    1.04124695    1.05446121    1.02999312    1.42082264    1.37308257    0.00000000    1.08798635    1.37845779    1.04791994    1.05933180    0.95985492
C5DMC3_LACTC/562-757     1.30329465    1.34817971    1.23554893    1.34902817    1.22397444    1.14808057    1.09508677    1.38052462    1.49993719    1.08798635    0.00000000    1.35225846    1.13923378    1.20272643    1.22779697
I2H393_TETBL/598-817     1.14976170    1.21524085    1.16068108    1.30685013    1.12989415    1.26341240    1.16933383    1.38971952    1.53457583    1.37845779    1.35225846    0.00000000    1.02952620    1.00905113    1.08048061
G8ZVI0_TORDC/566-767     0.83421257    0.97343419    0.92351352    0.99236251    0.90079691    1.01109951    0.85822302    1.40844594    1.28393967    1.04791994    1.13923378    1.02952620    0.00000000    0.54735595    0.60530008
A0A1S7HIU5_9SACH/565-765     0.80655903    0.90952303    0.82363575    0.85833334    0.87272414    0.90696846    0.99100026    1.30493183    1.30376921    1.05933180    1.20272643    1.00905113    0.54735595    0.00000000    0.25488809
C5DQD9_ZYGRC/567-767     0.83704345    0.95155813    0.79517426    0.86385758    0.77392768    0.84286250    0.96862614    1.27494999    1.27540012    0.95985492    1.22779697    1.08048061    0.60530008    0.25488809    0.00000000

