40
X5DD95_9BACT/10-154     0.00000000    0.48121871    0.63943199    0.63054625    0.56786556    0.51780907    0.57011449    0.62646614    0.62870501    0.60406992    0.91356959    0.84995573    0.86922445    0.68945131    0.97495350    0.74460556    0.72506169    1.02014776    0.79269069    0.77276515    0.70110091    1.03230409    1.06120298    1.10278492    0.89598489    0.99720812    0.97305586    0.90552075    0.91782652    0.88296844    0.97826502    0.95436465    1.02849481    0.90737233    0.94996168    1.12954883    0.88692559    0.75471200    1.08109677    0.82544631
E4T7Z1_PALPW/11-155     0.48121871    0.00000000    0.53403942    0.58071107    0.61701598    0.55104863    0.56160551    0.62532268    0.63457333    0.68792517    0.93359243    0.81768161    0.88775270    0.67096427    1.12420327    0.86272215    0.70394621    1.01116089    0.71190510    0.81638297    0.81002362    0.94450017    0.92736317    1.04146359    0.87158888    0.87548655    0.83976049    0.79369362    0.83113156    0.74068740    0.90624872    0.85654770    0.86404648    0.77545386    0.86098080    1.01904233    0.69679692    0.81780836    0.99529038    0.88195722
E6SUY7_BACT6/8-153     0.63943199    0.53403942    0.00000000    0.34908530    0.47880531    0.57934640    0.58173706    0.53533796    0.55103112    0.63371052    0.96731260    0.76036387    0.88008100    0.74925652    1.09170506    0.75220662    0.65577104    0.98430499    0.76358481    0.74788941    0.75067128    1.02329200    0.83854380    0.98716776    0.83374524    0.92023338    0.94807150    0.84851419    0.99129949    0.88786024    0.99346572    0.90262084    0.91773241    0.88401435    0.87075798    0.98891078    0.94307491    0.95096084    1.01079600    0.91397062
R5C1A9_9BACE/11-156     0.63054625    0.58071107    0.34908530    0.00000000    0.48434991    0.46715433    0.54225503    0.62100437    0.56813607    0.43857948    1.01456120    0.94041952    0.91464143    0.78375246    1.01561744    0.73515748    0.62659660    0.93518277    0.79801369    0.68919875    0.80253489    0.99398359    0.77621374    0.98601211    0.82015382    0.96374697    0.79199618    0.94357612    1.02194505    0.92140919    1.05089481    0.78683031    0.89443463    0.89771571    0.97684044    1.11435445    0.90862095    0.95005268    1.03991894    0.84307147
U5Q385_9BACT/12-161     0.56786556    0.61701598    0.47880531    0.48434991    0.00000000    0.49037218    0.48072009    0.58479354    0.54464758    0.59977208    0.82642720    0.77897069    0.84329294    0.72307263    0.98663571    0.81876487    0.74975626    1.09472716    0.79508524    0.76345544    0.77086799    1.08927081    0.94099546    1.14269611    0.91374708    1.05581870    1.10512696    0.89765161    1.05031468    0.95732864    1.12232420    0.99638935    1.06530468    0.97763054    1.05037317    1.09624099    0.98371747    0.98158163    0.96816803    0.88093733
R7HRJ5_9BACT/8-153     0.51780907    0.55104863    0.57934640    0.46715433    0.49037218    0.00000000    0.34112317    0.64708348    0.51998237    0.46377195    0.90959497    0.80147833    0.85465184    0.63903320    1.03442890    0.79081957    0.75862717    1.08264650    0.84538486    0.82279366    0.82319376    1.07941487    0.93240291    0.97085237    0.92936073    0.95279560    0.94685925    0.97697353    1.03732770    0.88401531    0.98349117    0.82621853    0.98815690    0.82895490    0.91210089    1.15588339    0.86678255    0.88432701    1.06262046    0.90840005
R7IYY7_9BACT/12-159     0.57011449    0.56160551    0.58173706    0.54225503    0.48072009    0.34112317    0.00000000    0.65215208    0.53019928    0.51660635    1.01045570    0.86384602    0.99360951    0.68981577    1.14035374    0.90659801    0.71050373    1.09247759    0.84396719    0.74541972    0.69781676    1.11743094    0.92559638    0.91170566    0.90282211    1.00726256    1.08484971    0.99449372    1.13411061    1.02561465    1.03401202    0.99453217    1.00637969    0.95576236    1.06760654    1.17493026    0.91299926    1.00496159    1.09254964    0.91306455
G8UQH4_TANFA/9-154     0.62646614    0.62532268    0.53533796    0.62100437    0.58479354    0.64708348    0.65215208    0.00000000    0.45277709    0.61996776    0.95582874    0.85499412    0.97500512    0.78421122    1.03746666    0.73339470    0.80362456    0.97969582    0.83189505    0.78008705    0.73082995    1.06467501    0.90393828    1.24053930    1.00358678    1.11784098    1.02438865    1.04733737    1.12415668    1.07254852    1.14665074    1.02955436    1.19142113    1.15140861    1.00903865    1.05653409    1.03539813    1.08896256    1.00798083    0.92283333
F3ZRN2_9BACE/8-152     0.62870501    0.63457333    0.55103112    0.56813607    0.54464758    0.51998237    0.53019928    0.45277709    0.00000000    0.67396884    0.94154139    0.86699315    0.93481315    0.80048289    0.94802121    0.84590560    0.83578164    1.00606973    0.69788207    0.70430019    0.59994413    1.15106771    0.88927727    1.14615051    1.05439279    1.05694473    1.08354086    0.93344153    1.08639856    0.95203982    1.19101092    1.00351413    1.13304147    0.98914720    1.07464975    1.11359277    0.99514011    1.01730634    0.93439309    0.83202800
W0ENL6_9BACT/9-153     0.60406992    0.68792517    0.63371052    0.43857948    0.59977208    0.46377195    0.51660635    0.61996776    0.67396884    0.00000000    0.96236442    0.90569004    0.95022667    0.83154114    1.01580011    0.72238678    0.64953037    1.06898180    0.78136477    0.75693505    0.80158670    0.87263911    0.83983480    0.98476686    0.81177541    0.91190553    0.94992178    0.99064423    1.02248240    1.02066295    1.01151559    0.82153596    1.03895729    0.89415385    0.98215703    1.07793196    0.84153418    0.94311401    0.99676746    0.84663074
F9Z9J2_ODOSD/9-154     0.91356959    0.93359243    0.96731260    1.01456120    0.82642720    0.90959497    1.01045570    0.95582874    0.94154139    0.96236442    0.00000000    0.65037701    0.62647480    0.95562941    1.05173579    0.93962250    0.96789966    1.18104328    0.94884687    0.99600079    1.09679046    1.18527316    1.06952369    1.31384571    1.25449659    1.05628395    1.10050561    1.06195427    1.08247410    1.09170240    1.26810205    1.10049166    1.27715600    1.10721129    1.03990618    1.24387209    1.13032299    1.08578718    1.26006420    1.08980155
R5VGF0_9BACT/11-156     0.84995573    0.81768161    0.76036387    0.94041952    0.77897069    0.80147833    0.86384602    0.85499412    0.86699315    0.90569004    0.65037701    0.00000000    0.53151303    0.93644763    1.06332646    0.94752989    0.92860582    1.04268533    0.93851300    0.87628335    1.03732200    1.21171684    1.18493670    1.26313202    1.20252196    1.10332853    1.11628099    1.11228965    1.24696824    1.10314966    1.24098308    1.09201776    1.23668763    1.07558929    1.17168401    1.34691943    1.08357842    1.11570641    1.18229675    1.10788985
R5P848_9BACT/10-155     0.86922445    0.88775270    0.88008100    0.91464143    0.84329294    0.85465184    0.99360951    0.97500512    0.93481315    0.95022667    0.62647480    0.53151303    0.00000000    0.85828781    0.95110699    1.00995509    0.93735097    1.23282692    0.92248919    0.85100118    0.97919913    1.29662981    1.32054931    1.32147692    1.36502821    1.03481261    1.15044149    1.23004975    1.14963361    1.00105731    1.28938317    1.13217825    1.29259927    1.15155959    1.14693277    1.26798860    1.24470187    1.20071351    1.21004184    1.06776847
I0AG19_IGNAJ/27-173     0.68945131    0.67096427    0.74925652    0.78375246    0.72307263    0.63903320    0.68981577    0.78421122    0.80048289    0.83154114    0.95562941    0.93644763    0.85828781    0.00000000    0.87172802    0.97401937    0.77573996    1.05903816    0.90623881    0.92087711    0.86776747    1.10926788    1.16637794    1.09633191    1.16430958    1.12936205    1.09578103    1.00784178    1.06815573    1.03539762    1.03944652    1.07341938    1.03307596    1.11138575    1.06877056    1.08807531    0.95681097    0.96666604    1.12667283    0.95482905
I6YV96_MELRP/20-166     0.97495350    1.12420327    1.09170506    1.01561744    0.98663571    1.03442890    1.14035374    1.03746666    0.94802121    1.01580011    1.05173579    1.06332646    0.95110699    0.87172802    0.00000000    1.02500344    0.95787517    1.11321575    0.93923464    1.13497402    0.97395561    1.23290883    1.27690733    1.39465499    1.40665476    1.18420723    1.32914063    1.21663703    1.18039567    1.22126361    1.51302944    1.40401391    1.40293068    1.22930241    1.07795601    1.21193606    1.31059733    1.12454328    1.23783363    1.15109438
R7J8D2_9BACT/26-171     0.74460556    0.86272215    0.75220662    0.73515748    0.81876487    0.79081957    0.90659801    0.73339470    0.84590560    0.72238678    0.93962250    0.94752989    1.00995509    0.97401937    1.02500344    0.00000000    0.67424596    0.99890742    0.79785470    0.75821403    0.98562604    1.03777749    0.98796443    1.06195470    0.95864337    1.09672858    0.92666142    0.93197752    0.98722437    0.95629002    1.11632396    1.02582930    1.23068348    1.09498988    1.06935683    1.07519640    1.01034001    1.11550166    1.00990635    0.79274508
A6LIV9_PARD8/15-160     0.72506169    0.70394621    0.65577104    0.62659660    0.74975626    0.75862717    0.71050373    0.80362456    0.83578164    0.64953037    0.96789966    0.92860582    0.93735097    0.77573996    0.95787517    0.67424596    0.00000000    0.89214059    0.83932073    0.74120463    0.87602099    0.96896825    0.99246389    1.05702417    0.94325208    0.97157371    1.02200647    0.93167974    0.97383396    1.00432092    0.99973033    0.97639590    1.02117670    1.00219884    1.07813608    1.11209532    0.93376848    0.96945432    1.04620898    0.98276131
Q2LPZ0_SYNAS/34-180     1.02014776    1.01116089    0.98430499    0.93518277    1.09472716    1.08264650    1.09247759    0.97969582    1.00606973    1.06898180    1.18104328    1.04268533    1.23282692    1.05903816    1.11321575    0.99890742    0.89214059    0.00000000    1.00201036    1.01718795    1.15845464    1.29005924    1.26524559    1.32224881    1.21555854    1.20520350    1.15269419    1.17923849    1.21739406    1.19219428    1.24135361    1.31974774    1.24518868    1.05400582    1.18356119    1.11354663    1.21492809    1.14703190    1.24206119    1.26205667
R5I9G6_9BACT/10-155     0.79269069    0.71190510    0.76358481    0.79801369    0.79508524    0.84538486    0.84396719    0.83189505    0.69788207    0.78136477    0.94884687    0.93851300    0.92248919    0.90623881    0.93923464    0.79785470    0.83932073    1.00201036    0.00000000    0.72796958    0.75342071    1.04998810    1.06559625    1.11297065    1.09920229    0.83194166    0.97933430    0.80970953    0.91458606    0.72992372    1.11510481    1.00044356    1.10035382    0.95015795    0.93226432    1.02812363    1.01377274    0.92502746    1.00852484    0.93745608
R5YX42_9BACE/16-161     0.77276515    0.81638297    0.74788941    0.68919875    0.76345544    0.82279366    0.74541972    0.78008705    0.70430019    0.75693505    0.99600079    0.87628335    0.85100118    0.92087711    1.13497402    0.75821403    0.74120463    1.01718795    0.72796958    0.00000000    0.70383905    0.98566720    0.82013896    1.02438936    0.98234719    0.89829721    0.79702014    0.93630256    0.99583379    0.84871255    1.03692495    0.92640754    1.12943577    1.03609304    1.07654554    1.08129560    0.86470227    0.92346841    1.20382817    0.86024219
R7DE56_9BACT/14-159     0.70110091    0.81002362    0.75067128    0.80253489    0.77086799    0.82319376    0.69781676    0.73082995    0.59994413    0.80158670    1.09679046    1.03732200    0.97919913    0.86776747    0.97395561    0.98562604    0.87602099    1.15845464    0.75342071    0.70383905    0.00000000    1.01567258    0.97798958    1.16207752    1.08823755    1.06946773    0.97558898    1.07086336    1.06703782    1.10942694    1.27271726    1.09076872    1.23090978    1.05644287    1.16770419    1.25418051    1.10570698    1.03091537    1.21640040    0.90576917
R5GRA2_9BACT/504-651     1.03230409    0.94450017    1.02329200    0.99398359    1.08927081    1.07941487    1.11743094    1.06467501    1.15106771    0.87263911    1.18527316    1.21171684    1.29662981    1.10926788    1.23290883    1.03777749    0.96896825    1.29005924    1.04998810    0.98566720    1.01567258    0.00000000    0.84565566    0.80924800    0.79771565    0.76418367    0.92265725    1.00629063    1.07322129    1.20161139    0.95345247    0.95852522    1.06624479    0.96753689    1.01827470    1.06647288    0.97096841    0.95105769    1.09767324    1.08486140
R7P8Q3_9BACT/503-649     1.06120298    0.92736317    0.83854380    0.77621374    0.94099546    0.93240291    0.92559638    0.90393828    0.88927727    0.83983480    1.06952369    1.18493670    1.32054931    1.16637794    1.27690733    0.98796443    0.99246389    1.26524559    1.06559625    0.82013896    0.97798958    0.84565566    0.00000000    0.86170108    0.78933660    0.82207153    0.98529446    0.91187062    1.02236033    1.07064402    1.02214464    0.99300133    1.03708208    0.94403229    1.08347188    1.19187843    0.94831199    0.95350125    1.10949286    1.06115568
R5ZU64_9BACT/508-654     1.10278492    1.04146359    0.98716776    0.98601211    1.14269611    0.97085237    0.91170566    1.24053930    1.14615051    0.98476686    1.31384571    1.26313202    1.32147692    1.09633191    1.39465499    1.06195470    1.05702417    1.32224881    1.11297065    1.02438936    1.16207752    0.80924800    0.86170108    0.00000000    0.56356380    0.73832614    0.92608377    1.06480304    1.15718841    1.02959918    0.80829298    0.78633035    0.84408488    0.98778917    0.97941416    1.07725568    0.85102608    0.88531771    1.20280534    1.21787040
R7LDL6_9BACT/517-663     0.89598489    0.87158888    0.83374524    0.82015382    0.91374708    0.92936073    0.90282211    1.00358678    1.05439279    0.81177541    1.25449659    1.20252196    1.36502821    1.16430958    1.40665476    0.95864337    0.94325208    1.21555854    1.09920229    0.98234719    1.08823755    0.79771565    0.78933660    0.56356380    0.00000000    0.78616996    0.93558084    1.03285529    1.16804405    0.94292821    0.78225680    0.76997398    0.87945970    0.90309259    0.81793577    1.05221823    0.78936235    0.81718562    0.96644928    1.22341476
R5NH74_9BACT/508-653     0.99720812    0.87548655    0.92023338    0.96374697    1.05581870    0.95279560    1.00726256    1.11784098    1.05694473    0.91190553    1.05628395    1.10332853    1.03481261    1.12936205    1.18420723    1.09672858    0.97157371    1.20520350    0.83194166    0.89829721    1.06946773    0.76418367    0.82207153    0.73832614    0.78616996    0.00000000    0.78536826    0.79580926    0.81168889    0.84256451    0.78318724    0.76269777    0.88398734    0.79390314    0.70806097    0.91199556    0.73418768    0.85838881    1.09567391    0.96194768
R7CW14_9BACE/506-648     0.97305586    0.83976049    0.94807150    0.79199618    1.10512696    0.94685925    1.08484971    1.02438865    1.08354086    0.94992178    1.10050561    1.11628099    1.15044149    1.09578103    1.32914063    0.92666142    1.02200647    1.15269419    0.97933430    0.79702014    0.97558898    0.92265725    0.98529446    0.92608377    0.93558084    0.78536826    0.00000000    0.87016590    0.85531440    0.90133417    0.83200119    0.76226178    0.96698139    0.79288015    0.85657950    0.89536659    0.72461640    0.81264926    1.33773727    1.11512582
R5CV30_9BACT/577-722     0.90552075    0.79369362    0.84851419    0.94357612    0.89765161    0.97697353    0.99449372    1.04733737    0.93344153    0.99064423    1.06195427    1.11228965    1.23004975    1.00784178    1.21663703    0.93197752    0.93167974    1.17923849    0.80970953    0.93630256    1.07086336    1.00629063    0.91187062    1.06480304    1.03285529    0.79580926    0.87016590    0.00000000    0.47863011    0.58560629    0.68739057    0.54718688    0.71978114    0.60745282    0.58387009    0.76101265    0.49826809    0.51328415    0.98310590    1.08829918
R5KFB7_9BACT/503-648     0.91782652    0.83113156    0.99129949    1.02194505    1.05031468    1.03732770    1.13411061    1.12415668    1.08639856    1.02248240    1.08247410    1.24696824    1.14963361    1.06815573    1.18039567    0.98722437    0.97383396    1.21739406    0.91458606    0.99583379    1.06703782    1.07322129    1.02236033    1.15718841    1.16804405    0.81168889    0.85531440    0.47863011    0.00000000    0.57830800    0.74106222    0.70716605    0.76638986    0.60619345    0.65610227    0.69538165    0.59692117    0.59588026    1.10809421    1.16131535
R5CV83_9BACT/503-666     0.88296844    0.74068740    0.88786024    0.92140919    0.95732864    0.88401531    1.02561465    1.07254852    0.95203982    1.02066295    1.09170240    1.10314966    1.00105731    1.03539762    1.22126361    0.95629002    1.00432092    1.19219428    0.72992372    0.84871255    1.10942694    1.20161139    1.07064402    1.02959918    0.94292821    0.84256451    0.90133417    0.58560629    0.57830800    0.00000000    0.67293430    0.66598240    0.77048907    0.70348547    0.70008026    0.81399215    0.58334922    0.57805292    1.11373076    1.00782936
R6EF98_9BACT/510-652     0.97826502    0.90624872    0.99346572    1.05089481    1.12232420    0.98349117    1.03401202    1.14665074    1.19101092    1.01151559    1.26810205    1.24098308    1.28938317    1.03944652    1.51302944    1.11632396    0.99973033    1.24135361    1.11510481    1.03692495    1.27271726    0.95345247    1.02214464    0.80829298    0.78225680    0.78318724    0.83200119    0.68739057    0.74106222    0.67293430    0.00000000    0.59218514    0.81371717    0.67903426    0.71847319    0.83497769    0.56036565    0.61971912    1.13951379    1.18703974
D5ETB0_PRER2/503-648     0.95436465    0.85654770    0.90262084    0.78683031    0.99638935    0.82621853    0.99453217    1.02955436    1.00351413    0.82153596    1.10049166    1.09201776    1.13217825    1.07341938    1.40401391    1.02582930    0.97639590    1.31974774    1.00044356    0.92640754    1.09076872    0.95852522    0.99300133    0.78633035    0.76997398    0.76269777    0.76226178    0.54718688    0.70716605    0.66598240    0.59218514    0.00000000    0.64683081    0.40379899    0.45627396    0.72414458    0.38395274    0.51786426    1.09454098    1.06501096
R5P6Q1_9BACT/418-559     1.02849481    0.86404648    0.91773241    0.89443463    1.06530468    0.98815690    1.00637969    1.19142113    1.13304147    1.03895729    1.27715600    1.23668763    1.29259927    1.03307596    1.40293068    1.23068348    1.02117670    1.24518868    1.10035382    1.12943577    1.23090978    1.06624479    1.03708208    0.84408488    0.87945970    0.88398734    0.96698139    0.71978114    0.76638986    0.77048907    0.81371717    0.64683081    0.00000000    0.63300192    0.73097213    0.88196758    0.66745558    0.66822978    1.20360283    1.18182223
R6FAQ1_9BACT/509-654     0.90737233    0.77545386    0.88401435    0.89771571    0.97763054    0.82895490    0.95576236    1.15140861    0.98914720    0.89415385    1.10721129    1.07558929    1.15155959    1.11138575    1.22930241    1.09498988    1.00219884    1.05400582    0.95015795    1.03609304    1.05644287    0.96753689    0.94403229    0.98778917    0.90309259    0.79390314    0.79288015    0.60745282    0.60619345    0.70348547    0.67903426    0.40379899    0.63300192    0.00000000    0.47021746    0.83576326    0.40903414    0.49461657    1.04672067    1.15882282
R5PBC8_9BACT/504-649     0.94996168    0.86098080    0.87075798    0.97684044    1.05037317    0.91210089    1.06760654    1.00903865    1.07464975    0.98215703    1.03990618    1.17168401    1.14693277    1.06877056    1.07795601    1.06935683    1.07813608    1.18356119    0.93226432    1.07654554    1.16770419    1.01827470    1.08347188    0.97941416    0.81793577    0.70806097    0.85657950    0.58387009    0.65610227    0.70008026    0.71847319    0.45627396    0.73097213    0.47021746    0.00000000    0.73978200    0.56494627    0.56898198    1.07585550    1.19400420
T1THQ9_9BACT/506-651     1.12954883    1.01904233    0.98891078    1.11435445    1.09624099    1.15588339    1.17493026    1.05653409    1.11359277    1.07793196    1.24387209    1.34691943    1.26798860    1.08807531    1.21193606    1.07519640    1.11209532    1.11354663    1.02812363    1.08129560    1.25418051    1.06647288    1.19187843    1.07725568    1.05221823    0.91199556    0.89536659    0.76101265    0.69538165    0.81399215    0.83497769    0.72414458    0.88196758    0.83576326    0.73978200    0.00000000    0.64724260    0.76680390    1.13370794    1.27331735
R6XGM3_9BACT/525-667     0.88692559    0.69679692    0.94307491    0.90862095    0.98371747    0.86678255    0.91299926    1.03539813    0.99514011    0.84153418    1.13032299    1.08357842    1.24470187    0.95681097    1.31059733    1.01034001    0.93376848    1.21492809    1.01377274    0.86470227    1.10570698    0.97096841    0.94831199    0.85102608    0.78936235    0.73418768    0.72461640    0.49826809    0.59692117    0.58334922    0.56036565    0.38395274    0.66745558    0.40903414    0.56494627    0.64724260    0.00000000    0.39723820    1.06519757    1.12112214
R6WFS7_9BACT/510-655     0.75471200    0.81780836    0.95096084    0.95005268    0.98158163    0.88432701    1.00496159    1.08896256    1.01730634    0.94311401    1.08578718    1.11570641    1.20071351    0.96666604    1.12454328    1.11550166    0.96945432    1.14703190    0.92502746    0.92346841    1.03091537    0.95105769    0.95350125    0.88531771    0.81718562    0.85838881    0.81264926    0.51328415    0.59588026    0.57805292    0.61971912    0.51786426    0.66822978    0.49461657    0.56898198    0.76680390    0.39723820    0.00000000    1.09966931    1.08675090
A6L3I8_BACV8/498-646     1.08109677    0.99529038    1.01079600    1.03991894    0.96816803    1.06262046    1.09254964    1.00798083    0.93439309    0.99676746    1.26006420    1.18229675    1.21004184    1.12667283    1.23783363    1.00990635    1.04620898    1.24206119    1.00852484    1.20382817    1.21640040    1.09767324    1.10949286    1.20280534    0.96644928    1.09567391    1.33773727    0.98310590    1.10809421    1.11373076    1.13951379    1.09454098    1.20360283    1.04672067    1.07585550    1.13370794    1.06519757    1.09966931    0.00000000    1.02852004
Q8A1N7_BACTN/500-650     0.82544631    0.88195722    0.91397062    0.84307147    0.88093733    0.90840005    0.91306455    0.92283333    0.83202800    0.84663074    1.08980155    1.10788985    1.06776847    0.95482905    1.15109438    0.79274508    0.98276131    1.26205667    0.93745608    0.86024219    0.90576917    1.08486140    1.06115568    1.21787040    1.22341476    0.96194768    1.11512582    1.08829918    1.16131535    1.00782936    1.18703974    1.06501096    1.18182223    1.15882282    1.19400420    1.27331735    1.12112214    1.08675090    1.02852004    0.00000000

