116
G2YXI2_BOTF4/351-522     0.00000000    0.40953421    0.42901093    0.71629679    0.71159045    0.71032120    0.65571716    1.12764427    1.11940206    0.98157326    1.11851270    1.11005348    0.88347375    1.01740466    1.12926911    1.07559583    1.14171936    1.01077247    1.16264779    1.03991232    0.99727688    1.34482200    1.21011638    1.12811912    1.11835890    1.17924184    1.16216328    0.54657233    0.63933176    0.68584415    0.66051843    0.61671669    0.77473393    0.82729593    0.61591642    0.64364209    0.77239132    0.79452940    0.55417040    1.45968464    1.20043507    1.30690119    1.64736927    1.14522438    1.32049387    1.35736086    1.44357063    1.30994236    1.29047626    1.49150569    0.66191091    0.63818428    0.64003723    0.76516955    0.74225159    0.98370773    1.67771177    1.37921005    1.14395074    1.24351270    1.06054594    1.31995025    1.24174699    1.22042617    1.25596146    1.35387318    1.07033462    1.23631954    1.17329792    1.19237806    1.26609150    1.16341532    1.17172104    1.10811956    1.04165091    1.16286975    1.20313398    1.16002728    1.17575939    1.30820184    1.32578398    1.19616094    1.31663391    1.43763899    1.37318025    1.72951177    1.43757891    0.86607017    0.88288947    0.91333830    0.94699840    0.55493396    0.58880818    0.62151767    0.54735860    0.61024546    0.55847664    0.58299452    0.69663179    0.63242917    0.65542304    0.71108383    0.65250721    0.65421425    0.49716504    0.52573140    0.51388226    0.44327773    0.34035852    0.44127702    0.39996715    0.46007197    0.46117991    0.46685054    0.40230926    0.43710985
N1JIR5_BLUG1/340-511     0.40953421    0.00000000    0.40406478    0.74997636    0.71037870    0.77532515    0.71984110    1.03862681    1.02556300    0.99593161    1.20139539    1.15136668    1.04925546    0.98928192    1.06972926    1.03548054    1.14762188    0.96386565    1.06797244    1.11230655    1.09286879    1.36120950    1.25562887    1.23511504    1.16906876    1.24995942    1.18144727    0.64909804    0.69527164    0.73545447    0.66055390    0.63153439    0.69850325    0.85980373    0.64640611    0.70821793    0.87201138    0.83710326    0.65536844    1.28121565    1.15104080    1.31481111    1.66102551    1.13943047    1.17307003    1.31574463    1.38183792    1.26690693    1.30918570    1.58657960    0.70783213    0.59538777    0.65616474    0.71047241    0.67666603    1.00878856    1.57788148    1.37440158    1.32204794    1.26452836    1.20808759    1.31565253    1.33246911    1.44854286    1.51244214    1.30935889    1.07087159    1.25945601    1.26223905    1.27413750    1.37775945    1.13471238    1.11697947    1.17541531    1.05744815    1.09167149    1.17604501    1.16632980    1.18915919    1.33182743    1.38807891    1.20520625    1.38233704    1.42894256    1.46835261    1.81862855    1.55986231    0.91905425    0.84912552    0.87273625    0.92062474    0.51218418    0.48559298    0.56763733    0.44589799    0.56105950    0.47168893    0.52102897    0.70728897    0.51549698    0.56085092    0.54946317    0.60201721    0.63245712    0.43182528    0.49125346    0.43343638    0.42270538    0.40749281    0.48712394    0.43276001    0.39766337    0.49487308    0.47358589    0.49902322    0.50471889
A7EU82_SCLS1/349-520     0.42901093    0.40406478    0.00000000    0.70362303    0.69285583    0.70671909    0.67297212    1.22463884    1.20862425    0.91863785    1.14054236    1.11607446    1.02624111    0.99878161    1.01725550    1.02727529    1.06578467    0.89127047    1.21783040    1.05400854    0.98048899    1.34193910    1.17606964    1.17943684    1.16892483    1.20573280    1.18329987    0.64577983    0.65222747    0.72841084    0.61282788    0.68428181    0.69024439    0.84918317    0.70098681    0.65281549    0.89070024    0.92139221    0.63360307    1.35082344    1.20976269    1.31165616    1.70316849    1.17204489    1.31021362    1.39746639    1.39414397    1.28357548    1.28592590    1.56266634    0.66037872    0.67259964    0.72987618    0.77109152    0.82911536    1.04589159    1.65277315    1.27303541    1.17387962    1.23908871    1.13197043    1.35690994    1.29338201    1.32676184    1.32769247    1.29839294    1.09967536    1.17949845    1.20837851    1.27308327    1.30737372    1.18395487    1.11720043    1.14606999    1.10330434    1.15818194    1.20827974    1.23569407    1.22494495    1.35212529    1.39641890    1.25005700    1.46170618    1.35495892    1.32327618    1.81315175    1.45987882    0.94248851    0.88990932    0.98747306    0.93737752    0.48648795    0.54247383    0.47589481    0.42060615    0.45293816    0.42652537    0.46332768    0.66725878    0.54126274    0.59668121    0.59549719    0.63181109    0.55480365    0.44120809    0.53083916    0.46524594    0.44059417    0.40028278    0.53678188    0.43312530    0.37273353    0.49095729    0.45804021    0.48833676    0.45770964
R4XE18_TAPDE/346-529     0.71629679    0.74997636    0.70362303    0.00000000    0.80357143    0.69541113    0.75366174    1.34040905    1.24580473    1.27553824    1.35234211    1.33266692    1.18401651    1.26956351    1.25056147    1.26370999    1.22683702    1.11993323    1.54673849    1.36275086    1.36879820    1.62863166    1.33908762    1.31056493    1.35680539    1.39471218    1.49266060    0.90495416    0.78192705    0.97048193    0.89224483    0.90155045    0.99125260    1.07474786    0.92271339    0.96795857    0.94518042    1.09481828    0.86424895    1.72065430    1.50235183    1.54169287    1.97118255    1.38725642    1.60751357    1.70835397    1.58765991    1.56847324    1.68617801    1.96431750    0.79916867    0.82364152    0.86178191    0.88074528    0.86917104    1.18207968    1.70819111    1.37761494    1.11326307    1.30575734    1.24620443    1.44381700    1.33798822    1.20097177    1.36726835    1.30993818    1.23085897    1.37387711    1.30350846    1.42509031    1.48478046    1.28405705    1.21661613    1.18673799    1.17221636    1.33217376    1.46138030    1.28280424    1.31378319    1.38725136    1.40835721    1.32265128    1.28962888    1.34667039    1.39071978    1.80009793    1.50717737    0.95528548    0.90690534    0.82926891    0.87494179    0.81748109    0.83635507    0.79987334    0.84771328    0.83297315    0.83716817    0.87676794    0.86606926    0.92332301    0.94914979    0.95032531    1.01279679    0.83863746    0.73932025    0.83089490    0.70415654    0.70871941    0.65865909    0.72629364    0.79195272    0.69707511    0.72847720    0.66415006    0.75707888    0.78242231
N1Q6L6_PSEFD/362-543     0.71159045    0.71037870    0.69285583    0.80357143    0.00000000    0.62413587    0.50044187    1.22061043    1.22996412    0.99906012    1.06489401    1.09978276    1.01998457    1.04516556    1.16109310    1.12471418    1.03381566    0.93340989    1.05602458    1.20543173    1.26580317    1.38051233    1.26362045    1.09474051    1.14363991    1.34385514    1.24869759    0.86591066    0.73773289    0.80592976    0.77980758    0.74477658    0.83405902    1.05393332    0.83205518    0.81666670    0.98202963    0.98880464    0.79172174    1.60187295    1.37651420    1.31093169    1.60993005    1.31376347    1.46285283    1.39780745    1.54544847    1.43141490    1.43820230    1.61971538    0.76956669    0.69631068    0.77977016    0.81161396    0.91473098    1.19250491    1.76501864    1.29892691    1.17383776    1.18393438    1.21115658    1.29732934    1.25805740    1.28938554    1.34030776    1.39176313    1.16337152    1.14834504    1.18957776    1.32867241    1.37998062    1.21815598    1.15080662    1.12444901    1.13755921    1.23806562    1.25364456    1.11605242    1.15959945    1.36080616    1.27052769    1.02302388    1.35124934    1.29928128    1.37990492    1.81654149    1.39571413    1.11150608    1.03954418    1.06225073    1.00946805    0.70818215    0.75545391    0.75311729    0.80492221    0.81113173    0.71980056    0.80110227    0.89271360    0.88518148    0.94183890    0.87298757    0.82414037    0.78511259    0.68820063    0.72113032    0.71926977    0.71652185    0.70397183    0.72799915    0.72069220    0.66594150    0.67747549    0.68995793    0.69198796    0.72040052
M7SAW9_EUTLA/431-602     0.71032120    0.77532515    0.70671909    0.69541113    0.62413587    0.00000000    0.47871333    1.37023675    1.19126449    1.00524898    1.04929693    1.05178791    1.08633578    1.04200751    1.16070642    1.12937230    1.17284265    1.01810583    1.11946182    1.19137237    1.26556350    1.45068674    1.25124878    1.22598278    1.27561634    1.32982695    1.40327620    0.83832824    0.76678422    0.91108401    0.74417589    0.81222543    0.82965066    0.94381131    0.79163225    0.84666016    0.88910617    0.95982113    0.75212349    1.39894374    1.40922278    1.28130541    1.72365301    1.37885473    1.44708484    1.46002148    1.57382653    1.41495826    1.39986361    1.64458972    0.74084696    0.75773842    0.70463444    0.80731977    0.87640510    1.22032619    1.67534094    1.32793014    1.14476980    1.27828979    1.08038038    1.26268133    1.23182662    1.34990539    1.33557179    1.44391513    1.16097509    1.34555603    1.30213382    1.33848340    1.53804397    1.30286224    1.13407785    1.13956083    1.21617041    1.23905728    1.25728438    1.21888421    1.23597034    1.34450316    1.37168823    1.29023107    1.41358295    1.40637091    1.52363501    1.70313041    1.45827140    1.16924056    1.09418486    1.11106731    1.00534152    0.83486899    0.74885609    0.73790949    0.75108474    0.71196861    0.79152201    0.78627462    1.00322291    0.86172125    1.05314285    0.96909524    0.93989214    0.77954537    0.77593842    0.73707676    0.73723613    0.67880751    0.72185291    0.74704557    0.72987237    0.74923392    0.62915634    0.61724364    0.64903920    0.65332752
K2SDU5_MACPH/349-530     0.65571716    0.71984110    0.67297212    0.75366174    0.50044187    0.47871333    0.00000000    1.26877973    1.14956927    1.01610922    1.18431405    1.13665737    1.14367106    1.16108491    1.24139097    1.25014510    1.19211974    0.98835317    1.16348878    1.14498844    1.13184516    1.43756028    1.27899852    1.13582232    1.17650083    1.20632706    1.23672021    0.85725928    0.70708772    0.85177503    0.78870337    0.79057911    0.83603705    0.97504257    0.85132583    0.87576379    0.88071702    0.96265948    0.75981111    1.44987685    1.50261401    1.38938136    1.65899851    1.32939870    1.40250466    1.36597838    1.43417839    1.41370762    1.46659430    1.63723286    0.81890354    0.75817874    0.78104965    0.78835789    0.84472344    1.25320499    1.71489872    1.27201708    1.18925351    1.28211748    1.13988577    1.39711533    1.29415515    1.31948359    1.25814139    1.37536037    1.18477200    1.26546452    1.32265281    1.31789060    1.57509278    1.21863299    1.16611478    1.16786136    1.14083688    1.33425712    1.32685864    1.22645035    1.25885967    1.39228419    1.41411170    1.21285619    1.30566199    1.38067762    1.47063614    1.80232908    1.48502461    1.05812268    1.04200107    1.04136938    0.95994495    0.76385683    0.75300773    0.75312828    0.72581280    0.77037300    0.68757682    0.80968149    0.94112105    0.85955893    0.90793653    0.90199685    0.84406144    0.72337930    0.74631630    0.79172248    0.71521744    0.67544500    0.63046149    0.69523281    0.70508668    0.66785044    0.69369927    0.67909710    0.69045328    0.72555113
F4S966_MELLP/332-517     1.12764427    1.03862681    1.22463884    1.34040905    1.22061043    1.37023675    1.26877973    0.00000000    0.45862038    1.22185726    1.40294931    1.21122900    1.17383095    1.21762609    1.20805674    1.25226423    1.30930555    1.09862531    1.11548764    1.32228466    1.28346841    1.41105011    1.44885997    1.42638113    1.47250877    1.46559376    1.35961767    1.12695344    1.16894873    1.12074219    1.10306833    1.02311113    1.09814210    1.32144960    1.20803656    1.12221764    1.26499133    1.24596940    1.05004067    1.75115855    1.67063478    1.74435116    2.14114625    1.59420832    1.60611525    1.55871667    1.93854145    1.75365309    1.77449495    1.58537964    1.24238726    1.01761323    1.10906734    1.14228682    1.03375493    1.38211494    2.05676771    1.47022824    1.86644370    1.66695336    1.56214626    1.81642473    1.52352531    1.59000537    1.77586139    1.94661504    1.63051757    1.74527595    1.53399132    1.57116932    1.74182466    1.74346154    1.84744645    1.78121343    1.66941037    1.80598921    1.87532267    1.59383350    1.69173901    2.04810375    2.05738352    1.60518980    1.64038986    1.72908732    1.66072485    2.19629965    1.94449704    1.31089597    1.23289943    1.26839853    1.28231864    1.21646092    1.25761736    1.23545583    1.27925121    1.32137544    1.18344078    1.29146754    1.25242237    1.14126990    1.11242392    1.15925130    1.11572935    1.23948925    1.13052758    1.12536066    1.07911638    1.03620255    1.07139645    1.19628280    1.18268883    1.02238360    1.11207145    1.14607959    1.12042589    1.08235489
E3KU11_PUCGT/419-606     1.11940206    1.02556300    1.20862425    1.24580473    1.22996412    1.19126449    1.14956927    0.45862038    0.00000000    1.22886176    1.32509120    1.16676452    1.17887186    1.17088326    1.11763851    1.13871141    1.22760214    1.10750577    1.09884723    1.42569340    1.39157169    1.43440348    1.35361736    1.23728482    1.34868752    1.33567132    1.32537651    1.18356773    1.15972684    1.16598751    1.04190764    1.00331791    1.17457579    1.24008035    1.22744223    1.12189713    1.13048869    1.21845446    1.00102202    1.89916484    1.61067887    1.66537534    2.02158898    1.56029580    1.56461202    1.52115082    1.86931477    1.59439423    1.71374542    1.70527890    1.10302949    1.00797435    1.05214911    1.10881316    0.99226651    1.40526022    1.87541768    1.49844227    1.72584664    1.60791395    1.48955215    1.69800797    1.42193733    1.52973971    1.67404331    1.78186984    1.50612669    1.54863842    1.50704205    1.58526820    1.65308901    1.64173222    1.69903601    1.60394421    1.50980643    1.68421785    1.72909770    1.43879422    1.55677843    1.88877746    1.99927733    1.50721381    1.47295123    1.65903246    1.61623878    2.13121252    1.88205406    1.21125320    1.17178785    1.15190065    1.18237508    1.21923020    1.26509391    1.27485125    1.22480002    1.23677078    1.10720934    1.29122253    1.21627488    1.12311965    1.05540183    1.10486463    1.08082152    1.17174437    1.01077507    1.04701502    1.05820445    1.05972169    1.12997403    1.13623134    1.09547446    1.09980052    1.04444822    1.11196053    1.10753861    1.11333531
S8ATU2_PENO1/331-505     0.98157326    0.99593161    0.91863785    1.27553824    0.99906012    1.00524898    1.01610922    1.22185726    1.22886176    0.00000000    0.47486890    0.43920071    0.72904709    0.64927463    0.69305131    0.67540844    0.79802642    0.67385364    0.74915822    0.85825748    0.89002904    0.95321486    0.84558426    0.92946820    0.92041684    1.06269069    0.97434710    0.96575220    0.99842415    1.09139876    0.95303135    0.90164022    0.97944460    0.92339492    0.99760705    0.92850265    1.04397899    1.02800148    0.84752060    1.33351424    1.37779189    1.22385208    1.61365911    1.11917023    1.25123406    1.22428848    1.48875607    1.26364172    1.20888542    1.41418774    1.04132960    0.97042107    1.01732197    1.14152634    1.10816961    1.40575837    1.62405106    1.30921137    1.37761458    1.27832701    1.22091173    1.25612408    1.24647585    1.44936035    1.40932659    1.48343916    1.24141601    1.19403869    1.25138200    1.20696991    1.31176571    1.28708041    1.22374290    1.26239729    1.34689060    1.32991799    1.33611492    1.28894946    1.38765890    1.49695265    1.47420668    1.22438176    1.46724777    1.55507825    1.51084548    1.72107936    1.60242923    1.09180163    1.03554489    1.08911865    1.12579867    0.94160925    1.00407117    0.96235607    0.94065592    0.99005287    1.03873783    0.99297591    1.10932412    1.02847876    1.01721222    1.09381396    1.08929333    1.05453948    1.01985382    1.01973070    0.92004639    0.93546837    0.85145785    1.01309918    0.86808108    0.91480941    1.02548145    0.92337496    0.93425728    0.92645288
G7X9E1_ASPKW/330-505     1.11851270    1.20139539    1.14054236    1.35234211    1.06489401    1.04929693    1.18431405    1.40294931    1.32509120    0.47486890    0.00000000    0.40797915    0.69860949    0.69130689    0.76078051    0.73626752    0.80087040    0.77981389    0.89142628    0.93251875    0.86393054    0.98996961    1.02972355    1.01809654    1.03619938    1.11734177    1.16033302    1.00972598    1.08533329    1.20178703    0.99771009    0.97863241    1.04785957    1.03346222    1.03136151    0.96313587    1.07526553    0.96663597    0.90081516    1.52310423    1.45680556    1.23386630    1.51555881    1.13820373    1.34177852    1.40739283    1.64699499    1.35965111    1.24503745    1.40481249    1.09006402    1.03029321    1.10069648    1.20382871    1.21574134    1.39168471    1.78127895    1.42519091    1.34943060    1.48064806    1.35218236    1.42430148    1.44980021    1.31935356    1.51305089    1.68042940    1.41913471    1.46481663    1.58113704    1.60916845    1.63540808    1.56732627    1.41847943    1.43119975    1.47514830    1.55537089    1.41334984    1.35004854    1.54002745    1.50430182    1.47655951    1.40386591    1.50918881    1.65766066    1.54698144    1.70551629    1.63334795    1.21143842    1.11575997    1.12655976    1.11886777    1.07814901    1.21569020    1.21386785    1.20861963    1.09078148    1.11128044    1.15351841    1.11005986    1.21583004    1.13212824    1.17967791    1.17462316    1.24356556    1.07762069    1.07621120    1.08411074    1.03157812    1.01044921    1.07442790    1.10600694    1.01572881    1.10096561    1.07726328    1.01829312    1.01102805
V5FMI3_BYSSN/330-506     1.11005348    1.15136668    1.11607446    1.33266692    1.09978276    1.05178791    1.13665737    1.21122900    1.16676452    0.43920071    0.40797915    0.00000000    0.72931664    0.72001082    0.72397816    0.72430396    0.82528885    0.73784703    0.82657848    0.88889003    0.92849687    0.96742421    0.98132606    0.98751365    1.08117152    1.02256959    1.03517305    0.97684929    1.07605635    1.16450459    0.95217229    0.94647767    0.97172555    1.00673664    1.05459364    0.96498075    1.00227202    1.12082756    0.88270155    1.44286228    1.57634450    1.24754749    1.52663018    1.14514125    1.36146473    1.40297979    1.67685300    1.28848157    1.21481639    1.44237705    1.07179669    1.03351018    1.04225962    1.20797240    1.12189866    1.31783906    1.91154166    1.41748984    1.39233573    1.56204330    1.40602508    1.47753503    1.42667389    1.46538169    1.46084113    1.60509350    1.46968070    1.36998590    1.53822692    1.56564283    1.66579311    1.50896563    1.31750474    1.36866349    1.44226685    1.53829146    1.50246671    1.31593567    1.53229654    1.66058605    1.58959240    1.41125668    1.61591937    1.70207777    1.58269321    1.87459440    1.60336780    1.17788783    1.11638394    1.11880681    1.04113108    1.07123427    1.16101941    1.06384801    1.10979156    1.00441958    1.06071153    1.09257377    1.16044767    1.14331406    1.07779443    1.18508882    1.13220481    1.13950997    1.10630637    1.03206820    1.05102354    1.06149891    1.03788364    1.07650067    0.98764250    0.92353522    1.11581284    1.07181338    1.00403509    1.00626057
G2XTI2_BOTF4/345-521     0.88347375    1.04925546    1.02624111    1.18401651    1.01998457    1.08633578    1.14367106    1.17383095    1.17887186    0.72904709    0.69860949    0.72931664    0.00000000    0.37373423    0.50904001    0.46866237    0.50950846    0.64508596    0.74541501    0.77206234    0.77607912    1.08905377    0.97255639    0.93109099    0.93089091    1.05752883    0.90256901    0.90665793    0.97897723    1.11377119    0.89161462    0.96521796    1.02185032    0.92954068    1.04081325    0.97993638    0.99834861    1.11779186    0.86051396    1.67485685    1.40038850    1.35218694    1.60189068    1.23527357    1.35890213    1.43346870    1.74950113    1.49882044    1.39677589    1.44957516    0.94529583    0.91236595    1.00710517    1.08251749    0.98595582    1.34768927    2.00205882    1.58957850    1.27280663    1.34111133    1.30951733    1.32898935    1.36582000    1.32802101    1.37087433    1.60003015    1.32996599    1.41397729    1.32822730    1.40885579    1.59574389    1.36266899    1.32620847    1.31370297    1.31360389    1.38406346    1.41394782    1.39153666    1.41388922    1.48143492    1.52526075    1.36374963    1.65037489    1.71647048    1.59620726    1.87518600    1.65651615    1.06378348    0.99733469    1.10591717    1.09982926    1.02861645    1.05653080    1.14694536    1.13859830    1.07954968    1.02715928    1.15524674    0.93329102    1.08803052    0.98522312    1.00311398    0.99638359    1.04722929    0.86192288    0.86151526    0.91063108    0.88710438    0.89684541    0.95510285    0.96088258    0.86635754    0.87498899    0.88025562    0.88803126    0.89687428
V5FZF5_BYSSN/330-506     1.01740466    0.98928192    0.99878161    1.26956351    1.04516556    1.04200751    1.16108491    1.21762609    1.17088326    0.64927463    0.69130689    0.72001082    0.37373423    0.00000000    0.29269086    0.30111950    0.44713771    0.61285071    0.64847203    0.79861068    0.78222801    0.95286835    0.85665170    0.84616849    0.93246013    1.01505348    0.88069115    1.02470632    1.00546353    1.13951717    0.94255173    0.93010086    1.04233121    0.89417500    1.03998179    0.99630918    1.02759633    1.06093161    0.89052109    1.56882836    1.28249951    1.33598409    1.58598310    1.26884056    1.33560786    1.30154085    1.65632826    1.38081159    1.28150795    1.36799302    1.07205077    1.00842029    1.00669695    1.12841477    1.03967220    1.47174693    2.02717272    1.48602184    1.35801616    1.36889238    1.28093144    1.25787620    1.32119305    1.38079450    1.46783030    1.50371352    1.36653142    1.30818178    1.32981780    1.43575078    1.50059321    1.32563208    1.28999331    1.34339323    1.30546658    1.37251655    1.41144627    1.34753015    1.44756940    1.45757523    1.54372409    1.41898109    1.64260381    1.62469200    1.51318636    1.75145718    1.67179105    1.10154726    1.03802105    1.04042830    1.14662680    1.06102240    1.07744532    1.09699322    1.08387346    1.06794690    1.00156192    1.07336265    1.02961625    1.07239343    1.00711005    0.94463194    0.98309498    0.95938731    0.88230868    0.92109586    0.98106919    0.97894143    0.93299547    1.05911272    0.98567553    0.87039196    0.99801016    0.92877058    0.90491235    0.91393801
G7XFX3_ASPKW/334-510     1.12926911    1.06972926    1.01725550    1.25056147    1.16109310    1.16070642    1.24139097    1.20805674    1.11763851    0.69305131    0.76078051    0.72397816    0.50904001    0.29269086    0.00000000    0.29077362    0.42981618    0.60282727    0.69840193    0.82346340    0.89561531    1.10056470    0.97530321    0.97235849    1.05242529    1.01600611    0.87627701    1.06134718    1.02423206    1.07798157    0.95301815    0.93919073    0.96895511    0.87571935    1.05455609    1.00955138    1.13173794    1.02869628    0.90152532    1.57047996    1.29736696    1.35796282    1.59359691    1.21527261    1.28249987    1.35034885    1.73998452    1.33918999    1.31739892    1.39609189    1.00264724    0.89364428    0.88387724    1.06953722    0.98374908    1.46962635    2.01388290    1.62286485    1.42581627    1.36758884    1.32662946    1.36472757    1.32309760    1.46627699    1.46778067    1.52687391    1.32994430    1.30346546    1.33090530    1.45942474    1.56004039    1.36606354    1.30409735    1.37051796    1.24958493    1.37522873    1.41201990    1.37244208    1.41989924    1.47942628    1.58184185    1.39292085    1.52457112    1.49972093    1.48920029    1.92428901    1.56160246    1.13515365    1.15215727    1.13183638    1.17799882    1.04654689    1.05667484    1.04305397    1.07583600    1.05952048    0.98019179    0.98173943    0.92670303    1.14607636    0.93114537    0.92143294    1.01234458    0.99781543    1.00014616    0.87231702    0.93495738    0.96977609    0.98973498    1.06162496    1.04281100    0.89344414    1.02159509    0.97778833    0.93710479    0.96175034
B6HDY2_PENRW/334-510     1.07559583    1.03548054    1.02727529    1.26370999    1.12471418    1.12937230    1.25014510    1.25226423    1.13871141    0.67540844    0.73626752    0.72430396    0.46866237    0.30111950    0.29077362    0.00000000    0.30351099    0.62112434    0.65508639    0.86025003    0.84938280    1.02497134    0.98398433    0.95238088    1.01156868    1.10711891    0.98263231    1.04083310    0.99434524    1.08341008    0.89919372    0.95032530    0.97842902    0.94144748    1.08248447    1.06824454    1.19625719    1.09387424    0.88812294    1.63320855    1.30185841    1.39317004    1.60131029    1.25877340    1.38895340    1.44697816    1.91178126    1.36736356    1.39712764    1.53556598    1.12738969    0.98244125    1.05011319    1.15635868    1.13365557    1.45180505    2.03863399    1.42056702    1.30663260    1.30570417    1.25353051    1.26735212    1.20373228    1.38161170    1.49375598    1.58759936    1.31435443    1.26769343    1.26655437    1.41714104    1.54483491    1.36447004    1.27237194    1.34596969    1.28053509    1.45506311    1.44411632    1.37678297    1.48552320    1.49267911    1.57091088    1.31973910    1.42178654    1.58788411    1.42853205    1.83719398    1.55664295    1.07602211    1.08643831    1.07417504    1.10178653    1.07187594    1.01898757    1.01035131    1.10653972    1.06303667    1.02888948    1.05074967    1.00686507    1.14229159    1.01520946    0.96719743    1.00101177    1.03713816    0.96791059    0.96314166    0.95383110    0.98941639    0.92562366    1.01080726    0.96453833    0.88707119    1.03976390    0.96994443    0.94287108    0.94959667
S7ZI09_PENO1/334-510     1.14171936    1.14762188    1.06578467    1.22683702    1.03381566    1.17284265    1.19211974    1.30930555    1.22760214    0.79802642    0.80087040    0.82528885    0.50950846    0.44713771    0.42981618    0.30351099    0.00000000    0.75214141    0.76416064    0.87023622    0.86471568    1.26389028    1.00422893    1.07384652    1.01332032    1.16989673    1.00193089    1.13652616    0.99029566    1.05626044    0.93163255    1.05620133    1.01723729    0.99512020    1.06708990    1.10232844    1.13949798    1.16445596    0.96845495    1.56210602    1.33201523    1.29379253    1.72249048    1.25647779    1.39858679    1.40034652    1.86871428    1.44577076    1.42393901    1.64395254    1.08793113    0.98669338    1.07923219    1.21694566    1.07429715    1.41553451    2.02153951    1.41628252    1.27026229    1.34601034    1.23938297    1.23859728    1.21570943    1.37705733    1.36616805    1.48683584    1.31572962    1.34227396    1.30188891    1.40224244    1.54007644    1.37286910    1.32925173    1.35544220    1.31182783    1.43865286    1.40074833    1.30613606    1.53219971    1.45849812    1.59994205    1.40515957    1.43987905    1.57822554    1.44316378    1.73653510    1.51942399    1.12059910    1.15665191    1.11540798    1.12170967    1.18170192    1.10067613    1.07883384    1.19553301    1.09336523    1.01657167    1.02584571    0.93237725    1.22227325    1.05488884    1.08029149    1.00606115    0.96883413    0.99445361    0.96377183    0.99529704    0.98400844    1.00348518    1.09053254    1.06942808    0.96794986    1.02806678    0.99699035    0.98299019    0.93843548
K2SNA6_MACPH/324-500     1.01077247    0.96386565    0.89127047    1.11993323    0.93340989    1.01810583    0.98835317    1.09862531    1.10750577    0.67385364    0.77981389    0.73784703    0.64508596    0.61285071    0.60282727    0.62112434    0.75214141    0.00000000    0.71825752    0.82602932    0.86328064    0.94549159    0.80705461    0.86046037    0.93531001    0.97227589    0.85837626    1.03401062    0.94687645    1.02727610    0.88913411    0.87940709    0.83717795    0.95097287    1.05432814    0.95338530    1.11679496    1.10422762    0.87383894    1.58716518    1.48981805    1.37811616    1.63518795    1.22954753    1.33276928    1.29818873    1.71186041    1.30128352    1.16735148    1.46705744    0.96543051    0.86516360    0.95009771    1.06032072    0.99963692    1.35561013    1.88009894    1.52937613    1.42794487    1.37335168    1.32372869    1.41370985    1.41480627    1.49707370    1.62620927    1.75724021    1.34843817    1.37202460    1.33946213    1.41541862    1.51381602    1.35410496    1.35659334    1.41077733    1.38995092    1.41791710    1.51970536    1.34817321    1.49976268    1.54945434    1.51917412    1.43163719    1.54912417    1.54825570    1.49767518    1.79573781    1.62900345    1.08684674    1.04121126    1.14896489    1.10460892    0.94743508    0.93259889    0.99743237    0.93916047    0.89244643    0.92185092    0.98674809    1.02174091    1.01074658    0.98014212    0.91808276    0.92872377    0.98825390    0.86112675    0.97389403    0.83485725    0.85339430    0.84729903    0.94371118    0.92274750    0.80127909    0.84703226    0.85878959    0.89019874    0.86874975
M3B5L3_PSEFD/334-509     1.16264779    1.06797244    1.21783040    1.54673849    1.05602458    1.11946182    1.16348878    1.11548764    1.09884723    0.74915822    0.89142628    0.82657848    0.74541501    0.64847203    0.69840193    0.65508639    0.76416064    0.71825752    0.00000000    0.95363217    0.92918363    1.06035274    0.90868792    0.86978177    0.94626688    1.00649632    0.82865463    1.04635113    1.05483011    1.23135636    0.94420291    0.93751088    1.01027245    1.11901534    1.07748805    1.04015910    1.26986200    1.26980047    0.96136390    1.62406484    1.42833301    1.61303834    1.66785903    1.26192458    1.34629036    1.46821521    1.92277223    1.46633662    1.23804824    1.44691402    1.14489047    1.01618474    1.09545712    1.10778151    1.12369576    1.54075007    2.03876355    1.52759915    1.47492511    1.58793910    1.51454133    1.55923346    1.43669182    1.67948991    1.68343364    1.71084461    1.47019275    1.47121429    1.39311157    1.46621407    1.46198128    1.55338914    1.54379032    1.55699009    1.53602928    1.55386274    1.59466778    1.47008750    1.63307651    1.66676526    1.68958285    1.46786043    1.51562103    1.62761668    1.55381737    1.90745458    1.52392854    1.45070930    1.43017359    1.37756067    1.49099637    1.22945044    1.12069578    1.15423980    1.15395368    1.22516558    1.13762098    1.12810925    1.17673584    1.29118250    1.17047676    1.06398993    1.09806063    1.13611072    0.92649512    0.92607589    1.00143817    1.04959843    1.01509275    1.12448884    1.05043871    1.02172582    1.07300353    0.98477495    1.02873440    0.99266506
R1G345_BOTPV/423-609     1.03991232    1.11230655    1.05400854    1.36275086    1.20543173    1.19137237    1.14498844    1.32228466    1.42569340    0.85825748    0.93251875    0.88889003    0.77206234    0.79861068    0.82346340    0.86025003    0.87023622    0.82602932    0.95363217    0.00000000    0.24638523    1.04048108    1.12347861    1.15463593    1.18684948    1.19594668    1.08082028    1.10919568    1.07968207    1.07538493    1.02357097    1.09703244    1.06515284    1.20431811    1.10022985    1.08118016    1.13615557    1.12395305    1.01259641    1.61917510    1.56653388    1.77727534    1.89834059    1.54598760    1.54093431    1.48498016    1.84626850    1.53399295    1.47873602    1.49030349    1.11069861    1.02728072    1.00212095    1.21231274    1.08579199    1.40956279    1.88957468    1.60890345    1.24011475    1.40393928    1.27366677    1.34484383    1.28483251    1.30077703    1.36322482    1.59428722    1.34703617    1.49734111    1.42209596    1.45720256    1.63838681    1.41973017    1.35085284    1.28067576    1.31225094    1.37313561    1.34735286    1.33025030    1.37679432    1.41746886    1.43401931    1.27311940    1.46258553    1.46250396    1.49150999    1.83862334    1.61359074    1.21741460    1.19801428    1.20360294    1.27817593    1.05596374    1.06542550    1.08322948    1.01604768    1.06073160    0.99534068    1.02820225    1.00254721    1.14422375    1.02937723    1.22471812    1.08218067    0.98308270    1.13367153    1.07872988    0.94951677    0.96647676    0.96629020    1.08697459    1.12388495    1.00522865    1.05968572    1.09336394    1.01808161    1.01811041
K2S654_MACPH/362-548     0.99727688    1.09286879    0.98048899    1.36879820    1.26580317    1.26556350    1.13184516    1.28346841    1.39157169    0.89002904    0.86393054    0.92849687    0.77607912    0.78222801    0.89561531    0.84938280    0.86471568    0.86328064    0.92918363    0.24638523    0.00000000    1.06020469    1.13589722    1.15670615    1.08556879    1.16862607    1.04199201    1.03298677    1.10067842    1.00944950    0.97874936    1.10631013    1.04603730    1.10536825    1.04667733    1.05785527    1.15620573    1.13498955    0.98302204    1.64650547    1.51842342    1.74325936    1.89610636    1.42263515    1.47524213    1.49450074    1.90442945    1.44100123    1.43680085    1.42950696    1.12460687    1.07282895    1.04344071    1.17545226    1.13435853    1.35058672    1.78953194    1.47938175    1.26813307    1.31097248    1.27260746    1.31502743    1.27033185    1.30001132    1.45876699    1.61092637    1.37385637    1.50822079    1.42976421    1.45385760    1.65010713    1.47435422    1.40262117    1.36111709    1.36868730    1.41736992    1.36075733    1.43578994    1.49012751    1.54185939    1.60450856    1.37531140    1.45830455    1.51713982    1.47603034    1.87816740    1.61166299    1.25740707    1.24039442    1.25639533    1.27230733    1.03523743    1.03512699    1.07372887    1.03758801    0.97938009    0.99383028    1.00013922    0.94937661    1.12253495    0.98901690    1.22750868    1.05969774    1.02139613    1.08363983    1.03464185    1.01808103    0.99295656    0.99435862    1.06730862    1.11230938    1.01006040    1.12216774    1.06216292    0.97457956    1.00865718
U7PK54_SPOS1/326-501     1.34482200    1.36120950    1.34193910    1.62863166    1.38051233    1.45068674    1.43756028    1.41105011    1.43440348    0.95321486    0.98996961    0.96742421    1.08905377    0.95286835    1.10056470    1.02497134    1.26389028    0.94549159    1.06035274    1.04048108    1.06020469    0.00000000    1.00168097    0.91537373    1.10057615    1.05018423    1.07695240    1.36161043    1.43216521    1.46415062    1.33310775    1.41075739    1.36891704    1.32821075    1.55515114    1.42631562    1.35648006    1.41684463    1.16946881    1.79949925    1.60521583    1.62957667    1.99367267    1.44406512    1.48370661    1.46099210    1.99201296    1.60375799    1.33985177    1.82174887    1.46758615    1.38489425    1.41644293    1.51949511    1.36112034    1.70203056    2.12763544    1.86731097    1.77971052    1.82232734    1.75478273    1.89980798    1.75688505    1.85425905    1.96745901    1.93514840    1.80053520    1.80678628    1.64315592    1.74465869    1.88017515    1.73018726    1.81657152    1.75320409    1.78124502    1.96241840    1.87523131    1.92628251    2.03378141    1.86720510    1.76303969    1.65294034    1.83024784    2.01026859    1.87504162    1.86245312    2.06561802    1.37362930    1.40918237    1.36569045    1.41983025    1.32711621    1.25067335    1.37381697    1.39131141    1.32711710    1.38381348    1.40401001    1.49597879    1.34874181    1.42225098    1.34266138    1.31034277    1.49769500    1.36882954    1.45315177    1.26664813    1.27961751    1.29004297    1.38705520    1.27811259    1.24642287    1.34139092    1.31139523    1.28683501    1.34377401
M3AJ00_PSEFD/328-503     1.21011638    1.25562887    1.17606964    1.33908762    1.26362045    1.25124878    1.27899852    1.44885997    1.35361736    0.84558426    1.02972355    0.98132606    0.97255639    0.85665170    0.97530321    0.98398433    1.00422893    0.80705461    0.90868792    1.12347861    1.13589722    1.00168097    0.00000000    0.40136735    0.52391088    0.56208944    0.44373460    1.05741832    1.08145972    1.21102262    1.02411320    1.03395438    1.15887597    1.00673997    1.15946191    1.04245680    1.15355120    1.15408309    0.97604919    1.63917043    1.49202638    1.56942285    1.86622013    1.21032362    1.28443650    1.31385334    1.58545194    1.34953956    1.27063623    1.57882837    1.18007478    1.23312541    1.23209722    1.25018840    1.21163994    1.58416240    1.79994438    1.53457263    1.39033553    1.49316210    1.51133307    1.52570787    1.50706814    1.60514403    1.70155003    1.82386267    1.52800576    1.60432784    1.47603349    1.60777864    1.55149984    1.50012788    1.59460016    1.53687982    1.58534066    1.52612429    1.59362471    1.62744761    1.81929698    1.86961296    1.88333276    1.52097193    1.83714899    1.75166294    1.72101814    2.01801653    1.85449900    1.13884522    1.05429961    1.08948453    1.12904601    1.11525256    1.05469406    1.14017713    1.17321885    1.19131450    1.20384818    1.13369544    1.10359301    1.23539040    1.28074896    1.12878591    1.23049384    1.14561738    0.96342606    1.08253067    1.07590267    1.20545530    0.97058227    1.02167078    1.09849910    1.07816584    1.09719338    1.05915721    1.14796008    1.06343369
N1QBQ5_PSEFD/493-668     1.12811912    1.23511504    1.17943684    1.31056493    1.09474051    1.22598278    1.13582232    1.42638113    1.23728482    0.92946820    1.01809654    0.98751365    0.93109099    0.84616849    0.97235849    0.95238088    1.07384652    0.86046037    0.86978177    1.15463593    1.15670615    0.91537373    0.40136735    0.00000000    0.36424706    0.36282890    0.33530455    1.02336506    1.11525490    1.22347159    1.04436840    1.04192789    1.20745060    0.93297615    1.14405186    1.11567847    1.24896832    1.13373449    1.04196781    1.66307274    1.51584385    1.64004272    1.93365052    1.31787578    1.39829410    1.54829100    1.75479001    1.44201070    1.47974760    1.76822798    1.21756296    1.21813024    1.22249003    1.19678961    1.12861788    1.50961524    1.92396341    1.54466990    1.41945485    1.39112471    1.45089173    1.47206350    1.52650809    1.40084697    1.48564473    1.80176475    1.42635809    1.45489351    1.34044999    1.43067975    1.41733112    1.49943934    1.57709966    1.53115186    1.50374760    1.49934885    1.46880401    1.50406532    1.73893746    1.66384015    1.63236286    1.35825990    1.67490789    1.66487972    1.60567409    1.77997269    1.77373739    1.16139232    1.11670095    1.12778946    1.04490096    1.13886502    1.15546569    1.26014480    1.20026341    1.23193622    1.21301023    1.19517910    1.14989516    1.28151665    1.22475812    1.14634857    1.17010042    1.11676940    1.11275735    1.17795243    1.00800936    1.13908221    0.95200405    1.11100624    1.08152259    1.04862754    1.10610621    0.99546878    1.00587295    1.00858791
