17
R5IPK3_9BACT/26-281     0.00000000    0.89738103    0.85291350    0.94732479    0.90463108    0.97670034    0.83984442    1.81889300    1.43945351    1.18563196    1.89517770    0.91471632    0.78409604    0.81144838    0.85960640    0.91294847    0.93377368
W0EVL4_9BACT/27-274     0.89738103    0.00000000    0.93818204    0.87734512    0.93435471    0.98235947    0.93602683    1.59581736    1.42076489    1.12299790    1.67625971    1.03968531    0.80333057    0.89312505    0.94294976    0.89103915    0.86641802
R6W8X5_9BACT/24-265     0.85291350    0.93818204    0.00000000    1.04681503    1.05952083    0.98899870    1.04832919    1.74503041    1.58763966    1.33394288    1.78219323    1.14292911    0.94425353    1.00995351    0.94431026    1.00334684    1.02903129
F4C972_SPHS2/32-280     0.94732479    0.87734512    1.04681503    0.00000000    0.69403705    0.81899285    0.92095896    1.68626187    1.41450359    1.13487036    1.85446362    1.08111484    0.83245850    0.84146574    0.75269347    0.77937806    0.83138968
F0SCS9_PSESL/42-291     0.90463108    0.93435471    1.05952083    0.69403705    0.00000000    0.72835146    0.78209025    1.77060003    1.37418952    1.24060694    1.73806638    0.85783962    0.76185050    0.76502900    0.75508416    0.83975455    0.79940824
F3ZS04_9BACE/110-361     0.97670034    0.98235947    0.98899870    0.81899285    0.72835146    0.00000000    0.81039312    1.98589357    1.54028667    1.33958808    1.78009019    1.13380894    0.82007520    0.82958396    0.87022719    0.94120349    1.00604706
R5IHZ4_9BACT/35-284     0.83984442    0.93602683    1.04832919    0.92095896    0.78209025    0.81039312    0.00000000    1.69594571    1.39331074    1.17319889    1.68631356    0.85126806    0.90930074    0.95481019    0.91225836    0.83819349    0.81642395
R6PQY2_9CLOT/10-246     1.81889300    1.59581736    1.74503041    1.68626187    1.77060003    1.98589357    1.69594571    0.00000000    1.79780842    1.94223642    2.33172455    1.60589662    1.47839029    1.68945019    1.56757508    1.46564680    1.75543646
R6MLV0_9FIRM/2-243     1.43945351    1.42076489    1.58763966    1.41450359    1.37418952    1.54028667    1.39331074    1.79780842    0.00000000    1.65841804    1.98796408    1.50025354    1.29115882    1.43564063    1.30838757    1.34288016    1.34310623
R7ES70_9FIRM/69-319     1.18563196    1.12299790    1.33394288    1.13487036    1.24060694    1.33958808    1.17319889    1.94223642    1.65841804    0.00000000    1.50896962    1.19183932    1.19599260    1.03592055    1.12342274    1.06014014    1.18410583
R6EH35_9BACE/1110-1383     1.89517770    1.67625971    1.78219323    1.85446362    1.73806638    1.78009019    1.68631356    2.33172455    1.98796408    1.50896962    0.00000000    1.81985636    1.70068230    1.53585734    1.55629571    1.76998216    1.78603277
R5I7Q0_9BACT/203-452     0.91471632    1.03968531    1.14292911    1.08111484    0.85783962    1.13380894    0.85126806    1.60589662    1.50025354    1.19183932    1.81985636    0.00000000    0.85752239    0.95065155    0.88131514    0.90253543    0.84736510
R6Q0L9_9BACT/19-266     0.78409604    0.80333057    0.94425353    0.83245850    0.76185050    0.82007520    0.90930074    1.47839029    1.29115882    1.19599260    1.70068230    0.85752239    0.00000000    0.64732710    0.62965905    0.75207084    0.68120456
R7HMB6_9BACT/35-282     0.81144838    0.89312505    1.00995351    0.84146574    0.76502900    0.82958396    0.95481019    1.68945019    1.43564063    1.03592055    1.53585734    0.95065155    0.64732710    0.00000000    0.84177554    0.89560138    0.83204435
R6E2D5_9BACE/49-297     0.85960640    0.94294976    0.94431026    0.75269347    0.75508416    0.87022719    0.91225836    1.56757508    1.30838757    1.12342274    1.55629571    0.88131514    0.62965905    0.84177554    0.00000000    0.66451603    0.63738863
R6PRP3_9BACT/29-277     0.91294847    0.89103915    1.00334684    0.77937806    0.83975455    0.94120349    0.83819349    1.46564680    1.34288016    1.06014014    1.76998216    0.90253543    0.75207084    0.89560138    0.66451603    0.00000000    0.43413128
R6XX37_9BACT/31-279     0.93377368    0.86641802    1.02903129    0.83138968    0.79940824    1.00604706    0.81642395    1.75543646    1.34310623    1.18410583    1.78603277    0.84736510    0.68120456    0.83204435    0.63738863    0.43413128    0.00000000

