56
K0N6N5_DESTT/9-63     0.00000000    0.84294950    0.96435199    1.01447095    2.14046406    1.56193603    1.93971625    2.29979066    1.91291133    1.98316189    1.62948350    1.54771264    1.91180487    1.53116350    1.37147971    1.57794929    2.49875514    2.85333642    2.42992611    2.36815408    2.31567803    2.66542939    2.67412862    2.44382159    2.08057138    1.93372967    1.86944265    3.16805283    2.67783943    2.57613794    2.44468128    2.25804878    3.00607735    1.93186385    2.29135791    2.01045791    1.73477583    1.78021442    1.55805465    1.85609865    1.59865572    1.52230784    1.66190998    2.02224565    1.63257386    1.54848696    3.01737278    2.18133712    1.76791824    2.10975744    1.90050661    1.96112864    1.68637777    1.92849301    1.79414599    1.28423990
C0QDK4_DESAH/8-64     0.84294950    0.00000000    0.69247978    1.20937211    1.60844851    1.25459219    2.43137591    2.10839250    2.07036259    1.82621847    1.74255118    1.67786080    1.82520351    1.62279477    1.57223509    1.70243864    2.21344883    1.90705318    2.32354019    2.25071390    2.44647483    2.48870315    2.36623048    1.92383253    1.72312694    1.88614498    1.28168568    1.99364666    2.19506113    2.17637693    1.74412162    1.90005757    1.90242078    2.55912718    1.96086504    1.70162664    1.42448031    1.47773558    1.37789145    1.39402450    1.35392265    1.38826473    1.75719208    1.70678084    1.53973365    1.69727209    2.13367409    1.96804571    1.72345586    1.72109730    1.74406955    1.71745244    1.50736163    1.59215299    1.45162718    1.46103105
A8ZVH4_DESOH/12-68     0.96435199    0.69247978    0.00000000    0.92209490    1.92375024    1.43937073    2.00035681    2.11685708    1.87281466    1.90235528    1.62987067    1.73165422    1.57097534    1.63409904    1.41494595    1.95304612    2.75867860    2.29067196    2.48259270    2.91022634    2.50242297    2.99963134    2.55119329    1.99325422    1.82816228    1.74674348    1.49024233    1.65253664    2.10038643    2.08933013    1.61448343    1.89062224    2.01356274    1.80508586    1.91001797    1.42090230    1.42249641    1.46835049    1.02841784    1.51873177    1.21552119    1.19515857    1.09445236    1.25707351    1.36969165    1.36184957    1.67575796    2.25616643    1.74925916    1.74561196    2.03366495    1.73003794    1.50039405    1.47330327    1.75555750    1.35992124
B8FB16_DESAL/8-64     1.01447095    1.20937211    0.92209490    0.00000000    1.41822863    1.71147914    1.79669315    1.52199176    1.82056565    1.67480245    1.90804519    1.40875000    1.27547645    1.73659488    1.83632488    1.97798211    1.96781757    2.16641651    1.74689066    1.88783601    1.63382183    2.29109355    2.12909238    1.53003710    1.81338302    1.84858552    1.43347596    2.10379591    2.34794322    2.50936251    2.16269632    2.19353614    2.66560393    1.82520563    2.21424997    1.34850664    1.54041840    1.67708587    1.36334594    1.55553744    1.29921577    1.58845722    1.46508902    1.77399425    1.41420553    1.64281878    2.22208871    1.93721595    1.85566214    1.69030264    1.78433352    1.54525072    1.74366707    1.61761250    1.68227867    1.52844449
V4IQF4_9DELT/28-81     2.14046406    1.60844851    1.92375024    1.41822863    0.00000000    1.41092190    1.98485715    1.49195231    1.61277283    1.38148144    2.64456706    2.33510547    2.03767095    1.79272749    1.87053150    2.26024528    1.77936423    1.88666818    1.96751749    2.10023844    1.94313423    2.58336221    2.62223922    1.88454537    1.58728780    1.79197036    1.70003991    2.19398896    2.10594570    2.39666598    2.47953335    2.29872745    2.38589106    2.35579739    2.16321548    1.72514955    1.53100637    1.86410943    1.60769459    1.59472354    1.79184798    1.90274138    1.57864536    1.93659577    1.95333799    1.99050036    2.76660478    2.10612608    1.87807333    1.84858007    2.05763108    1.95595035    1.90936779    1.91955629    1.84825044    1.79320489
F8C3U1_THEGP/8-62     1.56193603    1.25459219    1.43937073    1.71147914    1.41092190    0.00000000    1.88964565    2.15130361    2.19425848    1.58651075    1.78954974    1.84987530    1.95752565    1.97158691    1.76251211    2.29766612    2.66238507    2.02286225    2.16390365    3.11012928    2.63548539    3.08024575    2.71213610    1.77521933    1.83598377    1.50749274    1.58197293    3.09872586    2.87129852    3.07637288    2.94320684    2.86940604    3.00320648    2.43443944    1.74435472    1.59503615    1.92744121    1.53688516    1.79248341    1.74097692    1.42061044    1.73170654    1.78426339    1.84175374    1.84561911    1.54475466    1.66709739    1.94900436    1.52683919    1.35851368    1.57606821    1.81835416    1.30932868    1.87582529    1.92617679    1.88181886
F8ADQ7_THEID/5-59     1.93971625    2.43137591    2.00035681    1.79669315    1.98485715    1.88964565    0.00000000    1.78770950    1.91573876    2.14743201    2.00885957    2.61597133    2.69317141    2.03592019    2.02559820    2.77083532    2.96620443    2.42789791    2.75642656    3.02057451    2.48006986    2.96834979    2.68558622    1.99743454    2.29916528    2.18257422    1.76809406    2.10392853    1.87769631    2.10294720    2.17093376    2.25472223    2.32530041    3.00574575    2.64241893    2.35879203    2.23107517    3.20050681    2.59337796    2.99836620    2.65696764    2.23007366    1.67509421    1.97702476    2.79168374    1.72168085    2.18228245    2.01752510    2.42429533    2.35816655    1.83420997    1.82311581    2.09855675    2.16309269    2.25634379    2.12020962
D7CP22_SYNLT/27-82     2.29979066    2.10839250    2.11685708    1.52199176    1.49195231    2.15130361    1.78770950    0.00000000    1.37611417    2.12388108    2.40499062    2.25641961    2.53189425    2.09554220    2.44768123    2.62515076    3.30929187    2.55377167    2.54589561    3.06515484    3.07979667    3.58243990    2.79768816    2.24018830    1.55278953    1.80830801    1.45429602    1.84918404    1.78935633    1.96646993    1.66162976    1.71981968    1.84776622    2.28270332    1.84111475    1.57098109    1.60273356    2.48947748    2.20308856    2.38962114    2.59246884    2.29304600    2.51210613    2.29244023    2.48838338    2.88645320    2.90196448    2.40274331    2.34799926    2.35068711    2.35392801    2.13312511    2.31740670    1.85344282    2.16422662    2.05376590
D5X7P2_THEPJ/27-83     1.91291133    2.07036259    1.87281466    1.82056565    1.61277283    2.19425848    1.91573876    1.37611417    0.00000000    2.32045600    1.93977051    2.06541690    2.19778555    1.79473889    1.67993957    1.87591210    2.24860110    2.14529557    2.15289838    2.60544073    2.06628138    2.27223619    2.20836112    1.68879990    1.64224256    1.58784841    1.66644486    1.73790563    1.85602270    1.93591651    1.64781362    1.60761008    1.81988238    2.10257503    1.89802437    1.87221183    1.56981803    2.49208420    2.08990669    2.52864562    2.07687996    2.43688742    2.26445452    2.52195156    1.76705701    2.07062330    3.40651482    1.89076225    1.94722109    2.06263076    2.19034478    1.84402138    1.60961435    2.01031146    1.86248398    1.85604201
M1PII6_DESSD/10-66     1.98316189    1.82621847    1.90235528    1.67480245    1.38148144    1.58651075    2.14743201    2.12388108    2.32045600    0.00000000    2.84327361    2.43602238    2.51701517    2.09148799    2.47989931    2.92399691    2.48496615    2.76753078    2.48070846    2.66694655    2.64845078    3.02784030    2.90677731    2.17213017    2.29341370    2.09600614    1.88722619    3.35546803    3.24491258    3.74367106    3.06969725    3.10377477    3.33703892    2.34660853    2.31793798    2.34232201    1.97089983    2.08618438    1.75224780    1.59508085    1.44241991    1.78273942    1.47068605    1.54956677    1.63259130    2.32147073    2.40982734    2.24054855    1.99657550    2.43081241    1.70414720    2.15434588    1.96026173    2.00158315    2.03314714    1.97219593
B8D2B5_HALOH/13-69     1.62948350    1.74255118    1.62987067    1.90804519    2.64456706    1.78954974    2.00885957    2.40499062    1.93977051    2.84327361    0.00000000    0.81054192    0.82152509    1.46751299    0.93080187    2.38448516    2.34664176    1.96654030    2.12647843    2.81938949    2.43828281    2.31319665    2.19599514    2.01034484    1.75219590    1.81425397    1.69503200    2.63781240    2.57005225    2.19758721    2.79094119    2.60038139    2.59276786    2.23334576    2.12306790    1.38185129    2.11038157    1.92053592    1.99350900    1.97114833    1.78951775    1.49171315    2.19476632    2.10452224    2.23273839    1.65012260    2.74033222    2.27218593    2.34441429    2.57307048    2.33421989    1.98591958    1.97637597    2.26314142    2.08396318    2.39613023
E3DR81_HALPG/9-64     1.54771264    1.67786080    1.73165422    1.40875000    2.33510547    1.84987530    2.61597133    2.25641961    2.06541690    2.43602238    0.81054192    0.00000000    0.26093239    1.27602102    1.15736725    2.00887543    3.06923652    2.62916730    2.88767026    3.22748391    3.48900889    3.61380602    3.51481758    1.75067860    1.43350626    1.59265234    1.69784471    2.33653801    2.57107893    2.23466919    1.90233551    1.95035658    2.26902401    1.48427496    1.95689870    1.12732606    1.67828971    2.45308609    1.75494139    1.63481128    1.84947684    1.84386848    2.02755885    2.14817727    1.74754540    2.24693282    3.21395656    2.78333358    2.75021628    2.64089172    3.01790349    2.55522185    2.02355196    2.23001539    2.18296179    2.22449551
E4RLG7_HALHG/9-63     1.91180487    1.82520351    1.57097534    1.27547645    2.03767095    1.95752565    2.69317141    2.53189425    2.19778555    2.51701517    0.82152509    0.26093239    0.00000000    1.42725015    1.21823649    2.11109950    3.26031587    2.19650544    2.66633657    3.12558151    3.12313834    3.13808239    3.17553682    1.71715807    1.83616015    1.75273815    1.98966947    2.61779829    2.87094796    2.36097374    2.31170181    2.31852775    2.35506328    1.84021085    2.20212103    1.30133734    1.68998152    2.03718617    1.66101866    1.85901227    1.80587015    1.92364984    2.00586583    2.23259244    1.88481715    2.39010861    3.02448515    2.73050526    2.50580490    2.61724785    2.77662492    2.59351224    2.42871776    2.56527402    2.57738830    2.77700845
D9QUQ8_ACEAZ/9-64     1.53116350    1.62279477    1.63409904    1.73659488    1.79272749    1.97158691    2.03592019    2.09554220    1.79473889    2.09148799    1.46751299    1.27602102    1.42725015    0.00000000    0.77600344    1.95597098    2.65113347    2.27782285    2.30290689    2.16966605    1.99602279    3.16548731    2.44439126    2.12471688    1.60737327    1.73875139    1.76132342    3.01982737    2.49132508    2.51908300    2.53672107    2.55876275    2.57179183    1.78646753    2.14015877    1.47517451    1.62448666    2.25706005    1.86323373    1.70426503    2.15850475    1.67399479    1.80157907    2.09259364    1.66217459    1.81034946    3.17769402    2.73583012    2.32864111    2.45269293    2.47920834    2.39189047    2.33542399    2.45847030    1.87647824    1.68260463
L0KBN1_HALHC/9-67     1.37147971    1.57223509    1.41494595    1.83632488    1.87053150    1.76251211    2.02559820    2.44768123    1.67993957    2.47989931    0.93080187    1.15736725    1.21823649    0.77600344    0.00000000    1.39001008    2.27381567    1.70502867    2.19460972    2.29668418    1.93034072    2.38469293    2.24741483    1.68635238    1.61581151    1.58510769    1.66664252    2.40895137    2.52772086    2.20584129    2.21823896    2.22255240    2.03316055    1.96565109    1.89393102    1.54493353    1.32051946    1.76671567    1.68550107    1.69814798    1.82604479    1.63230690    2.03036930    1.88997619    1.55836067    1.62942636    2.91858711    2.52436316    2.05125260    2.07278694    2.46163215    2.14598646    2.27095259    2.35532896    2.51026454    1.97107256
C7NAK9_LEPBD/16-69     1.57794929    1.70243864    1.95304612    1.97798211    2.26024528    2.29766612    2.77083532    2.62515076    1.87591210    2.92399691    2.38448516    2.00887543    2.11109950    1.95597098    1.39001008    0.00000000    1.47208262    1.45862658    1.59104963    1.61285208    1.32547712    1.74311749    1.58349010    1.68962993    2.21528943    2.05691549    1.78143544    1.75266286    1.81339596    1.75022487    2.04851018    2.01404073    1.99722850    1.72231084    2.13093523    2.16037849    1.33168742    1.70794728    1.73521819    1.92526226    1.70328913    1.49030784    1.79049062    1.56578642    1.47670935    2.21381123    3.05998357    2.18183141    2.31664926    2.01341707    2.25105405    2.87776353    2.38786968    2.51351204    2.40404480    1.96936993
A8F7L8_PSELT/7-61     2.49875514    2.21344883    2.75867860    1.96781757    1.77936423    2.66238507    2.96620443    3.30929187    2.24860110    2.48496615    2.34664176    3.06923652    3.26031587    2.65113347    2.27381567    1.47208262    0.00000000    0.74638657    0.83425404    0.86316200    1.19434076    1.06613589    0.90372297    3.45831820    2.66340289    2.81448280    2.34745452    2.96394233    3.44025808    3.85521697    3.88573805    3.19242859    3.85447019    2.86583036    3.09588948    2.41213033    2.09652361    2.08949844    1.97460177    2.32681686    1.83685600    2.20064808    2.20999417    3.02259748    2.30597822    2.20793483    3.10013647    1.82266354    2.45311717    2.57692584    2.19836761    2.38745810    2.43967350    2.52742852    2.32063747    2.06886320
F7YTQ2_9THEM/7-61     2.85333642    1.90705318    2.29067196    2.16641651    1.88666818    2.02286225    2.42789791    2.55377167    2.14529557    2.76753078    1.96654030    2.62916730    2.19650544    2.27782285    1.70502867    1.45862658    0.74638657    0.00000000    0.77836741    0.83061445    1.14167651    1.24851099    0.95337632    2.93126489    2.31969284    2.15163724    2.23962980    2.47390973    2.52002376    3.12532131    2.91403784    2.91127711    2.83121736    3.19462478    2.75070797    1.85182034    1.99346135    1.91954028    2.09010197    2.35563182    2.15994994    2.16722412    2.11329024    2.76643303    1.79069925    1.99955974    2.95082885    1.82269428    2.13360897    2.09000639    2.35357495    2.03204166    2.42267481    2.59773279    2.47645063    2.25658493
I2F3J0_9BACT/11-66     2.42992611    2.32354019    2.48259270    1.74689066    1.96751749    2.16390365    2.75642656    2.54589561    2.15289838    2.48070846    2.12647843    2.88767026    2.66633657    2.30290689    2.19460972    1.59104963    0.83425404    0.77836741    0.00000000    0.37126762    0.91826763    1.09690182    1.03553010    2.75076956    2.34079062    2.54787435    2.13231693    2.86497436    2.58307953    3.04115954    2.90631033    2.69337403    3.35194108    2.67912917    3.12917527    2.36047026    2.14647394    2.18109541    2.07640270    2.17965826    2.06538275    1.99329881    2.06536035    2.72501819    1.97352834    1.66905758    3.35654004    1.60311361    1.97315870    2.12507610    2.32510475    2.06755035    2.09079257    2.05101437    2.11115088    2.05354775
C5CIX2_KOSOT/11-66     2.36815408    2.25071390    2.91022634    1.88783601    2.10023844    3.11012928    3.02057451    3.06515484    2.60544073    2.66694655    2.81938949    3.22748391    3.12558151    2.16966605    2.29668418    1.61285208    0.86316200    0.83061445    0.37126762    0.00000000    0.98201437    0.92256124    1.03084978    3.29020500    2.58266522    2.97576587    2.60587947    2.87377506    2.41919161    3.15275459    3.09381910    2.79713192    3.54838620    2.92809987    3.63827302    2.87765557    2.19674508    2.59258374    2.21808688    2.33125964    2.39823361    2.38864362    1.98424600    2.59814751    2.20286000    2.08879752    3.13970601    1.81866430    2.30363856    2.36344089    2.67332098    2.57379893    2.79392703    2.45525217    2.46580016    1.97512242
H2J4V5_MARPK/16-71     2.31567803    2.44647483    2.50242297    1.63382183    1.94313423    2.63548539    2.48006986    3.07979667    2.06628138    2.64845078    2.43828281    3.48900889    3.12313834    1.99602279    1.93034072    1.32547712    1.19434076    1.14167651    0.91826763    0.98201437    0.00000000    0.86955628    0.85242654    2.60252200    2.45034239    2.44672910    2.14490269    2.45410014    3.10292107    3.19627275    3.09199360    2.78756698    2.99883089    2.47626358    3.32442972    2.29537281    2.10563772    2.18084916    2.57204559    2.91641539    2.41233405    2.33435269    2.23155779    3.08053434    1.53178067    2.12165440    3.13139891    2.25384827    2.40905289    2.37653365    2.64900581    2.42062382    2.81337092    3.00442155    2.97782477    1.96348940
A7HJB6_FERNB/17-71     2.66542939    2.48870315    2.99963134    2.29109355    2.58336221    3.08024575    2.96834979    3.58243990    2.27223619    3.02784030    2.31319665    3.61380602    3.13808239    3.16548731    2.38469293    1.74311749    1.06613589    1.24851099    1.09690182    0.92256124    0.86955628    0.00000000    0.68622706    2.96747085    2.52146794    2.51720135    2.00853587    3.11163905    3.59587474    3.24298886    3.50698384    2.92256234    3.13885909    3.29027742    3.20707479    2.62249507    2.44069715    2.29601073    2.36961443    3.39335055    2.58648349    2.55583245    2.88896429    3.41315938    2.73628411    2.70544330    3.79924473    2.24712288    2.17281067    2.14970125    2.79109470    3.33000852    2.99480040    3.06668121    2.88244515    2.26603546
Q9WY17_THEMA/7-59     2.67412862    2.36623048    2.55119329    2.12909238    2.62223922    2.71213610    2.68558622    2.79768816    2.20836112    2.90677731    2.19599514    3.51481758    3.17553682    2.44439126    2.24741483    1.58349010    0.90372297    0.95337632    1.03553010    1.03084978    0.85242654    0.68622706    0.00000000    3.41598654    2.74676689    2.75751677    2.09523377    2.68863029    2.72543951    3.18542887    3.29703070    3.02737252    3.29765527    3.23224659    3.66280948    2.87284003    2.79663050    2.39288383    1.83619831    2.47973034    2.22144551    2.03611721    2.28524400    2.89270696    2.12220855    1.95951037    2.60868373    1.72240589    2.09452200    2.01712610    2.56966314    2.49540870    2.84980731    2.78819554    2.54718323    2.30707530
G0VLJ6_MEGEL/9-65     2.44382159    1.92383253    1.99325422    1.53003710    1.88454537    1.77521933    1.99743454    2.24018830    1.68879990    2.17213017    2.01034484    1.75067860    1.71715807    2.12471688    1.68635238    1.68962993    3.45831820    2.93126489    2.75076956    3.29020500    2.60252200    2.96747085    3.41598654    0.00000000    1.27779260    1.27795156    1.26971772    1.62961787    1.41909612    1.26461513    1.79011856    1.63804171    1.64928232    1.96546100    1.79293685    1.37562088    1.27620439    2.49585609    2.63613681    1.97275341    2.12603291    2.27831959    1.90559995    2.05641976    2.14963956    2.75771290    2.73560390    2.29947631    2.42483834    2.48799107    1.91862504    2.11839021    2.08720632    2.10559213    2.46600984    2.36433278
R5SWU7_9FIRM/7-63     2.08057138    1.72312694    1.82816228    1.81338302    1.58728780    1.83598377    2.29916528    1.55278953    1.64224256    2.29341370    1.75219590    1.43350626    1.83616015    1.60737327    1.61581151    2.21528943    2.66340289    2.31969284    2.34079062    2.58266522    2.45034239    2.52146794    2.74676689    1.27779260    0.00000000    0.27425546    1.15586906    1.84964000    1.92919964    1.83949557    2.03924512    2.03517804    2.04333124    1.64085102    1.38994533    1.10542200    1.36972912    1.93741584    1.99947010    1.82741820    1.87738793    1.90356161    1.45686477    1.73497881    2.11290916    1.62559386    2.43753101    2.22169883    1.80942600    2.01912261    1.89575966    1.91520859    1.83485976    1.69370150    2.01525709    1.78461227
R7CR71_9FIRM/11-67     1.93372967    1.88614498    1.74674348    1.84858552    1.79197036    1.50749274    2.18257422    1.80830801    1.58784841    2.09600614    1.81425397    1.59265234    1.75273815    1.73875139    1.58510769    2.05691549    2.81448280    2.15163724    2.54787435    2.97576587    2.44672910    2.51720135    2.75751677    1.27795156    0.27425546    0.00000000    1.15082477    1.91585936    2.18968617    2.12319739    2.01148134    1.96584037    2.06051672    1.61654522    1.28852742    1.00999199    1.33525527    2.06351739    2.12978094    2.25599110    1.81765834    2.08180300    1.57452665    1.83209050    2.11193353    1.72474840    2.37860540    2.51669093    1.97736170    2.36359753    2.17668763    2.38437682    2.12469279    2.03563953    2.45802840    2.19034384
B0TFZ4_HELMI/413-466     1.86944265    1.28168568    1.49024233    1.43347596    1.70003991    1.58197293    1.76809406    1.45429602    1.66644486    1.88722619    1.69503200    1.69784471    1.98966947    1.76132342    1.66664252    1.78143544    2.34745452    2.23962980    2.13231693    2.60587947    2.14490269    2.00853587    2.09523377    1.26971772    1.15586906    1.15082477    0.00000000    1.10809668    1.37299967    1.16819085    1.15944308    1.08005905    1.25265631    1.51368696    1.01422373    0.94276767    1.10455106    2.19143238    1.66010970    2.51351685    2.06274115    1.99969107    1.73300622    2.40500317    2.09885013    1.95443237    1.80436196    2.27690656    1.91651747    1.92577791    2.01420886    1.99423696    1.57307873    1.44139629    1.63758454    1.95102666
K4L1M1_9FIRM/35-90     3.16805283    1.99364666    1.65253664    2.10379591    2.19398896    3.09872586    2.10392853    1.84918404    1.73790563    3.35546803    2.63781240    2.33653801    2.61779829    3.01982737    2.40895137    1.75266286    2.96394233    2.47390973    2.86497436    2.87377506    2.45410014    3.11163905    2.68863029    1.62961787    1.84964000    1.91585936    1.10809668    0.00000000    0.60415624    0.60447205    0.34025294    0.56401908    0.55590325    2.11457644    2.05867162    1.69971354    1.47755931    2.59949850    2.02902468    2.81311065    2.45570884    2.26289904    1.92786369    2.01002800    2.12988811    2.83718065    2.18466878    2.24991379    2.45899427    2.82290489    2.41042812    2.01363162    2.02943172    1.76143381    1.94677198    3.03107831
F0T0U7_SYNGF/36-91     2.67783943    2.19506113    2.10038643    2.34794322    2.10594570    2.87129852    1.87769631    1.78935633    1.85602270    3.24491258    2.57005225    2.57107893    2.87094796    2.49132508    2.52772086    1.81339596    3.44025808    2.52002376    2.58307953    2.41919161    3.10292107    3.59587474    2.72543951    1.41909612    1.92919964    2.18968617    1.37299967    0.60415624    0.00000000    0.41405042    0.65906096    0.67234418    0.72815569    2.38677079    1.44562631    2.04393726    1.56419836    2.59057593    2.47171224    2.55091401    2.76333683    2.35190635    1.99926999    1.86530435    2.40835676    2.83148388    2.09967045    1.91345070    2.48501342    2.79895033    2.17450451    2.14056688    2.26208568    1.85557085    1.97252983    2.73814345
L0FB68_DESDL/24-79     2.57613794    2.17637693    2.08933013    2.50936251    2.39666598    3.07637288    2.10294720    1.96646993    1.93591651    3.74367106    2.19758721    2.23466919    2.36097374    2.51908300    2.20584129    1.75022487    3.85521697    3.12532131    3.04115954    3.15275459    3.19627275    3.24298886    3.18542887    1.26461513    1.83949557    2.12319739    1.16819085    0.60447205    0.41405042    0.00000000    0.57165873    0.54195580    0.53665059    2.15257796    1.85876773    1.77239977    1.49979710    2.78785463    2.57853138    2.86845617    2.84764718    1.97455869    2.13878279    1.75209147    2.39322793    2.54892828    2.22814029    2.10119615    2.17808258    3.02798265    2.11979861    2.04504236    1.96558993    1.92900681    1.80274831    2.96577557
J7IN32_DESMD/28-83     2.44468128    1.74412162    1.61448343    2.16269632    2.47953335    2.94320684    2.17093376    1.66162976    1.64781362    3.06969725    2.79094119    1.90233551    2.31170181    2.53672107    2.21823896    2.04851018    3.88573805    2.91403784    2.90631033    3.09381910    3.09199360    3.50698384    3.29703070    1.79011856    2.03924512    2.01148134    1.15944308    0.34025294    0.65906096    0.57165873    0.00000000    0.24460894    0.31742677    1.94681588    1.76058297    1.64129119    1.32439803    2.76755456    2.07612910    2.69409828    2.70642633    2.30176668    2.40609966    2.17580403    1.84004483    3.32426272    2.94059815    2.30007998    2.72679303    2.77449309    2.30866993    2.27057485    1.78499947    1.53555380    1.68323476    3.12371241
I4D958_DESAJ/21-76     2.25804878    1.90005757    1.89062224    2.19353614    2.29872745    2.86940604    2.25472223    1.71981968    1.60761008    3.10377477    2.60038139    1.95035658    2.31852775    2.55876275    2.22255240    2.01404073    3.19242859    2.91127711    2.69337403    2.79713192    2.78756698    2.92256234    3.02737252    1.63804171    2.03517804    1.96584037    1.08005905    0.56401908    0.67234418    0.54195580    0.24460894    0.00000000    0.38532485    1.66651890    1.74083204    1.52958195    1.33608218    2.68027499    2.69664176    3.24481025    2.86098918    2.36996733    2.47278260    2.69657674    2.17338256    3.55206172    2.78437283    2.52476008    2.70012410    2.90699497    2.01023026    2.41032589    1.79704935    1.90850951    1.88226338    3.54490842
I4D959_DESAJ/23-78     3.00607735    1.90242078    2.01356274    2.66560393    2.38589106    3.00320648    2.32530041    1.84776622    1.81988238    3.33703892    2.59276786    2.26902401    2.35506328    2.57179183    2.03316055    1.99722850    3.85447019    2.83121736    3.35194108    3.54838620    2.99883089    3.13885909    3.29765527    1.64928232    2.04333124    2.06051672    1.25265631    0.55590325    0.72815569    0.53665059    0.31742677    0.38532485    0.00000000    2.27862151    1.81825370    1.54106037    1.49486207    2.59020335    2.55304165    2.90426160    2.68792668    2.49163350    2.42652715    2.27509643    2.23301371    3.51569876    2.50869722    2.23297299    2.25574311    2.40873616    2.25212336    2.26037334    1.83374950    1.75994392    1.78523824    3.29363069
E6W4B4_DESIS/9-64     1.93186385    2.55912718    1.80508586    1.82520563    2.35579739    2.43443944    3.00574575    2.28270332    2.10257503    2.34660853    2.23334576    1.48427496    1.84021085    1.78646753    1.96565109    1.72231084    2.86583036    3.19462478    2.67912917    2.92809987    2.47626358    3.29027742    3.23224659    1.96546100    1.64085102    1.61654522    1.51368696    2.11457644    2.38677079    2.15257796    1.94681588    1.66651890    2.27862151    0.00000000    1.58400895    1.34493742    1.63731219    2.27169555    1.97294897    2.10566252    1.96111220    2.19560250    1.59247566    1.58520973    1.69508318    2.52723667    2.98723784    2.63097447    2.96680449    3.15655116    2.92446011    2.70065118    2.20064235    2.30339883    2.45101506    2.42461402
Q3AEM7_CARHZ/9-65     2.29135791    1.96086504    1.91001797    2.21424997    2.16321548    1.74435472    2.64241893    1.84111475    1.89802437    2.31793798    2.12306790    1.95689870    2.20212103    2.14015877    1.89393102    2.13093523    3.09588948    2.75070797    3.12917527    3.63827302    3.32442972    3.20707479    3.66280948    1.79293685    1.38994533    1.28852742    1.01422373    2.05867162    1.44562631    1.85876773    1.76058297    1.74083204    1.81825370    1.58400895    0.00000000    1.13242584    1.50826235    2.08325665    1.97728888    2.40213859    1.85685592    2.25214738    2.05455452    1.79778560    2.24346134    2.35537189    2.46995590    2.65728046    2.24534178    2.20773309    1.96291223    2.66206636    2.19297168    2.01177603    2.31792998    1.95281020
D5X822_THEPJ/7-60     2.01045791    1.70162664    1.42090230    1.34850664    1.72514955    1.59503615    2.35879203    1.57098109    1.87221183    2.34232201    1.38185129    1.12732606    1.30133734    1.47517451    1.54493353    2.16037849    2.41213033    1.85182034    2.36047026    2.87765557    2.29537281    2.62249507    2.87284003    1.37562088    1.10542200    1.00999199    0.94276767    1.69971354    2.04393726    1.77239977    1.64129119    1.52958195    1.54106037    1.34493742    1.13242584    0.00000000    1.10116529    1.90806333    1.77161012    1.79339872    1.50596088    1.82184587    1.70744001    2.00484567    2.03026595    2.22550370    2.71789814    2.39941590    2.65338682    2.48560352    2.99513973    2.29838566    1.84088905    1.87232271    2.17005723    1.93341718
D7CK34_SYNLT/10-62     1.73477583    1.42448031    1.42249641    1.54041840    1.53100637    1.92744121    2.23107517    1.60273356    1.56981803    1.97089983    2.11038157    1.67828971    1.68998152    1.62448666    1.32051946    1.33168742    2.09652361    1.99346135    2.14647394    2.19674508    2.10563772    2.44069715    2.79663050    1.27620439    1.36972912    1.33525527    1.10455106    1.47755931    1.56419836    1.49979710    1.32439803    1.33608218    1.49486207    1.63731219    1.50826235    1.10116529    0.00000000    2.00209686    1.73385300    2.31276287    1.80257534    1.83121070    1.75241553    1.84628117    1.75819744    2.40883251    2.06939686    2.26427268    2.22848040    2.61836865    2.24198667    2.19816029    1.87684210    1.71849582    2.02228941    1.89389223
Q2LTP8_SYNAS/9-63     1.78021442    1.47773558    1.46835049    1.67708587    1.86410943    1.53688516    3.20050681    2.48947748    2.49208420    2.08618438    1.92053592    2.45308609    2.03718617    2.25706005    1.76671567    1.70794728    2.08949844    1.91954028    2.18109541    2.59258374    2.18084916    2.29601073    2.39288383    2.49585609    1.93741584    2.06351739    2.19143238    2.59949850    2.59057593    2.78785463    2.76755456    2.68027499    2.59020335    2.27169555    2.08325665    1.90806333    2.00209686    0.00000000    1.07782577    1.52735447    1.17624372    1.44389548    1.58639297    1.41321977    1.33729788    1.83514930    1.99407666    2.42500992    1.96985905    1.81098963    1.96608528    2.19973649    2.10617505    2.18310303    2.24739307    1.87565777
A1ALM2_PELPD/23-79     1.55805465    1.37789145    1.02841784    1.36334594    1.60769459    1.79248341    2.59337796    2.20308856    2.08990669    1.75224780    1.99350900    1.75494139    1.66101866    1.86323373    1.68550107    1.73521819    1.97460177    2.09010197    2.07640270    2.21808688    2.57204559    2.36961443    1.83619831    2.63613681    1.99947010    2.12978094    1.66010970    2.02902468    2.47171224    2.57853138    2.07612910    2.69664176    2.55304165    1.97294897    1.97728888    1.77161012    1.73385300    1.07782577    0.00000000    1.00343618    1.10916075    1.03785570    1.32440207    1.33612170    1.16388481    1.73950325    1.77756683    1.74362419    1.67534955    1.72689673    1.98334848    1.92549794    1.96127494    1.55088973    1.73640527    1.25712836
B5EHS5_GEOBB/16-72     1.85609865    1.39402450    1.51873177    1.55553744    1.59472354    1.74097692    2.99836620    2.38962114    2.52864562    1.59508085    1.97114833    1.63481128    1.85901227    1.70426503    1.69814798    1.92526226    2.32681686    2.35563182    2.17965826    2.33125964    2.91641539    3.39335055    2.47973034    1.97275341    1.82741820    2.25599110    2.51351685    2.81311065    2.55091401    2.86845617    2.69409828    3.24481025    2.90426160    2.10566252    2.40213859    1.79339872    2.31276287    1.52735447    1.00343618    0.00000000    1.00864262    0.96707765    1.33944139    1.13603780    1.28023900    1.78486097    2.04775762    2.04261595    2.10053707    2.03551075    1.75586026    2.19692409    2.32653346    2.15338634    2.25507651    1.24770950
B9M5E9_GEODF/9-65     1.59865572    1.35392265    1.21552119    1.29921577    1.79184798    1.42061044    2.65696764    2.59246884    2.07687996    1.44241991    1.78951775    1.84947684    1.80587015    2.15850475    1.82604479    1.70328913    1.83685600    2.15994994    2.06538275    2.39823361    2.41233405    2.58648349    2.22144551    2.12603291    1.87738793    1.81765834    2.06274115    2.45570884    2.76333683    2.84764718    2.70642633    2.86098918    2.68792668    1.96111220    1.85685592    1.50596088    1.80257534    1.17624372    1.10916075    1.00864262    0.00000000    0.67736804    1.02978590    0.91733218    0.90606124    1.50430003    1.99860755    1.96738857    2.22921791    2.04486848    1.87167807    1.75368016    1.83705524    1.84941790    2.09347576    1.46328413
A5G7T5_GEOUR/9-65     1.52230784    1.38826473    1.19515857    1.58845722    1.90274138    1.73170654    2.23007366    2.29304600    2.43688742    1.78273942    1.49171315    1.84386848    1.92364984    1.67399479    1.63230690    1.49030784    2.20064808    2.16722412    1.99329881    2.38864362    2.33435269    2.55583245    2.03611721    2.27831959    1.90356161    2.08180300    1.99969107    2.26289904    2.35190635    1.97455869    2.30176668    2.36996733    2.49163350    2.19560250    2.25214738    1.82184587    1.83121070    1.44389548    1.03785570    0.96707765    0.67736804    0.00000000    0.98383642    0.85664532    1.08376972    1.46124532    2.12942525    2.35564158    2.39285793    2.65891188    2.33786878    1.71387494    1.86752674    1.88059759    1.92540601    1.36729495
I7FIB9_GEOSL/11-67     1.66190998    1.75719208    1.09445236    1.46508902    1.57864536    1.78426339    1.67509421    2.51210613    2.26445452    1.47068605    2.19476632    2.02755885    2.00586583    1.80157907    2.03036930    1.79049062    2.20999417    2.11329024    2.06536035    1.98424600    2.23155779    2.88896429    2.28524400    1.90559995    1.45686477    1.57452665    1.73300622    1.92786369    1.99926999    2.13878279    2.40609966    2.47278260    2.42652715    1.59247566    2.05455452    1.70744001    1.75241553    1.58639297    1.32440207    1.33944139    1.02978590    0.98383642    0.00000000    0.67172281    1.17686163    1.11640974    1.70904679    1.87152979    1.79605654    2.21855573    1.91830943    1.39336026    1.67973889    1.54393331    1.63904697    1.21096743
Q39S37_GEOMG/11-67     2.02224565    1.70678084    1.25707351    1.77399425    1.93659577    1.84175374    1.97702476    2.29244023    2.52195156    1.54956677    2.10452224    2.14817727    2.23259244    2.09259364    1.88997619    1.56578642    3.02259748    2.76643303    2.72501819    2.59814751    3.08053434    3.41315938    2.89270696    2.05641976    1.73497881    1.83209050    2.40500317    2.01002800    1.86530435    1.75209147    2.17580403    2.69657674    2.27509643    1.58520973    1.79778560    2.00484567    1.84628117    1.41321977    1.33612170    1.13603780    0.91733218    0.85664532    0.67172281    0.00000000    1.19419369    1.31881093    1.54953833    2.17098176    1.97538380    2.14212032    1.87356796    1.61972142    2.17617541    1.75063549    1.76280903    1.52088311
B3EAQ6_GEOLS/6-62     1.63257386    1.53973365    1.36969165    1.41420553    1.95333799    1.84561911    2.79168374    2.48838338    1.76705701    1.63259130    2.23273839    1.74754540    1.88481715    1.66217459    1.55836067    1.47670935    2.30597822    1.79069925    1.97352834    2.20286000    1.53178067    2.73628411    2.12220855    2.14963956    2.11290916    2.11193353    2.09885013    2.12988811    2.40835676    2.39322793    1.84004483    2.17338256    2.23301371    1.69508318    2.24346134    2.03026595    1.75819744    1.33729788    1.16388481    1.28023900    0.90606124    1.08376972    1.17686163    1.19419369    0.00000000    1.82574743    2.64829986    2.03229754    2.27096518    2.37608020    2.11186354    1.97867423    2.10718497    2.16826176    2.19631175    1.56798509
C8X0R9_DESRD/15-69     1.54848696    1.69727209    1.36184957    1.64281878    1.99050036    1.54475466    1.72168085    2.88645320    2.07062330    2.32147073    1.65012260    2.24693282    2.39010861    1.81034946    1.62942636    2.21381123    2.20793483    1.99955974    1.66905758    2.08879752    2.12165440    2.70544330    1.95951037    2.75771290    1.62559386    1.72474840    1.95443237    2.83718065    2.83148388    2.54892828    3.32426272    3.55206172    3.51569876    2.52723667    2.35537189    2.22550370    2.40883251    1.83514930    1.73950325    1.78486097    1.50430003    1.46124532    1.11640974    1.31881093    1.82574743    0.00000000    1.55559800    1.10762512    1.20418821    1.44431948    1.58359023    1.56777965    1.66984345    1.67695799    1.51631866    1.54717392
T2G983_DESGG/33-89     3.01737278    2.13367409    1.67575796    2.22208871    2.76660478    1.66709739    2.18228245    2.90196448    3.40651482    2.40982734    2.74033222    3.21395656    3.02448515    3.17769402    2.91858711    3.05998357    3.10013647    2.95082885    3.35654004    3.13970601    3.13139891    3.79924473    2.60868373    2.73560390    2.43753101    2.37860540    1.80436196    2.18466878    2.09967045    2.22814029    2.94059815    2.78437283    2.50869722    2.98723784    2.46995590    2.71789814    2.06939686    1.99407666    1.77756683    2.04775762    1.99860755    2.12942525    1.70904679    1.54953833    2.64829986    1.55559800    0.00000000    1.56643471    1.27519633    1.68973642    1.25251229    1.69244280    1.79489826    1.68008495    1.71535218    2.58474812
Q317B4_DESAG/15-71     2.18133712    1.96804571    2.25616643    1.93721595    2.10612608    1.94900436    2.01752510    2.40274331    1.89076225    2.24054855    2.27218593    2.78333358    2.73050526    2.73583012    2.52436316    2.18183141    1.82266354    1.82269428    1.60311361    1.81866430    2.25384827    2.24712288    1.72240589    2.29947631    2.22169883    2.51669093    2.27690656    2.24991379    1.91345070    2.10119615    2.30007998    2.52476008    2.23297299    2.63097447    2.65728046    2.39941590    2.26427268    2.42500992    1.74362419    2.04261595    1.96738857    2.35564158    1.87152979    2.17098176    2.03229754    1.10762512    1.56643471    0.00000000    0.73698801    1.11201130    1.16562271    0.83542305    0.79106235    0.86987111    0.74020476    1.59702576
Q72FB7_DESVH/43-99     1.76791824    1.72345586    1.74925916    1.85566214    1.87807333    1.52683919    2.42429533    2.34799926    1.94722109    1.99657550    2.34441429    2.75021628    2.50580490    2.32864111    2.05125260    2.31664926    2.45311717    2.13360897    1.97315870    2.30363856    2.40905289    2.17281067    2.09452200    2.42483834    1.80942600    1.97736170    1.91651747    2.45899427    2.48501342    2.17808258    2.72679303    2.70012410    2.25574311    2.96680449    2.24534178    2.65338682    2.22848040    1.96985905    1.67534955    2.10053707    2.22921791    2.39285793    1.79605654    1.97538380    2.27096518    1.20418821    1.27519633    0.73698801    0.00000000    0.61724024    0.78192897    0.84391763    1.08027336    1.13261000    1.01542035    2.02200499
