9
G3SC54_GORGO/1305-1583     0.00000000    1.02806117    1.20102490    1.07270545    1.42691899    1.11750839    1.15829760    1.15571576    1.06767835
W5N782_LEPOC/1459-1758     1.02806117    0.00000000    0.40676906    0.25758513    0.69766213    0.90592196    0.86364124    0.86167519    0.74164577
G1PQ14_MYOLU/1491-1779     1.20102490    0.40676906    0.00000000    0.13103332    0.73385884    1.01765464    0.95182778    0.89320038    0.89688213
F1NI60_CHICK/1206-1460     1.07270545    0.25758513    0.13103332    0.00000000    0.49061387    0.88392307    0.85767992    0.76591929    0.75811060
G1MXT7_MELGA/1418-1697     1.42691899    0.69766213    0.73385884    0.49061387    0.00000000    1.36236542    1.30847458    1.26831532    1.19451860
H2MBU8_ORYLA/1221-1499     1.11750839    0.90592196    1.01765464    0.88392307    1.36236542    0.00000000    0.14179455    0.43927419    0.32049828
G3PMS9_GASAC/1234-1514     1.15829760    0.86364124    0.95182778    0.85767992    1.30847458    0.14179455    0.00000000    0.39248898    0.31284081
H9GIC8_ANOCA/1441-1731     1.15571576    0.86167519    0.89320038    0.76591929    1.26831532    0.43927419    0.39248898    0.00000000    0.32822961
E7FGM4_DANRE/1258-1532     1.06767835    0.74164577    0.89688213    0.75811060    1.19451860    0.32049828    0.31284081    0.32822961    0.00000000

