12
R7GNX1_9FIRM/2-205     0.00000000    0.44303420    0.48786996    0.69551229    1.14870189    1.66472185    1.74126267    1.68866712    1.64759522    1.65994689    0.43785820    0.46662666
G2SNQ4_LACRR/7-211     0.44303420    0.00000000    0.46911291    0.67742615    1.17347587    1.47814726    1.80509971    1.48408264    1.43404441    1.57222117    0.44809249    0.44670022
A0A373NJR1_9FIRM/3-208     0.48786996    0.46911291    0.00000000    0.71368077    1.24702664    1.60343993    1.78797827    1.46490086    1.54107325    1.63599376    0.42681642    0.47285482
R5ZIZ0_9FIRM/5-210     0.69551229    0.67742615    0.71368077    0.00000000    1.36505789    1.50820930    1.66131409    1.53457473    1.58561175    1.72362324    0.64220787    0.63619903
M1MCN1_9CLOT/9-203     1.14870189    1.17347587    1.24702664    1.36505789    0.00000000    1.60063806    1.60915752    1.62132100    1.62839816    1.72878021    1.23687617    1.23476510
Q1GBN0_LACDA/4-199     1.66472185    1.47814726    1.60343993    1.50820930    1.60063806    0.00000000    0.70244576    1.11746055    1.14268016    1.28478160    1.60852498    1.60747656
Q5FJZ3_LACAC/5-196     1.74126267    1.80509971    1.78797827    1.66131409    1.60915752    0.70244576    0.00000000    1.05993001    1.12510651    1.25033250    1.77163000    1.82341414
A4VU77_STRSY/5-203     1.68866712    1.48408264    1.46490086    1.53457473    1.62132100    1.11746055    1.05993001    0.00000000    0.92159218    0.99187910    1.44471073    1.51740899
W8T9G3_PEPAC/3-200     1.64759522    1.43404441    1.54107325    1.58561175    1.62839816    1.14268016    1.12510651    0.92159218    0.00000000    0.52422425    1.60062971    1.50775906
E3EK64_PAEPS/11-209     1.65994689    1.57222117    1.63599376    1.72362324    1.72878021    1.28478160    1.25033250    0.99187910    0.52422425    0.00000000    1.61504171    1.58099244
R6LDT4_9FIRM/4-208     0.43785820    0.44809249    0.42681642    0.64220787    1.23687617    1.60852498    1.77163000    1.44471073    1.60062971    1.61504171    0.00000000    0.32120542
R5Q5T6_9FIRM/2-206     0.46662666    0.44670022    0.47285482    0.63619903    1.23476510    1.60747656    1.82341414    1.51740899    1.50775906    1.58099244    0.32120542    0.00000000

