8
B4JZ74_DROGR/21-309     0.00000000    2.56925387    2.25731794    2.43546902    2.61369317    2.41356966    2.34895609    2.34979788
Q8IP16_DROME/35-329     2.56925387    0.00000000    1.74924675    2.25945151    1.97186280    2.06952427    2.46180733    2.65162301
B3MKM8_DROAN/49-340     2.25731794    1.74924675    0.00000000    2.00856811    1.94713779    2.03852148    2.21962661    2.19213976
B4GKN1_DROPE/70-401     2.43546902    2.25945151    2.00856811    0.00000000    1.77479191    1.29861067    1.45650756    1.46350633
B4JE18_DROGR/68-402     2.61369317    1.97186280    1.94713779    1.77479191    0.00000000    1.21982770    1.66258609    1.40339984
B4LSC8_DROVI/93-370     2.41356966    2.06952427    2.03852148    1.29861067    1.21982770    0.00000000    1.69341878    1.42516381
B3MVP6_DROAN/72-340     2.34895609    2.46180733    2.21962661    1.45650756    1.66258609    1.69341878    0.00000000    1.52873919
B4Q4G7_DROSI/70-333     2.34979788    2.65162301    2.19213976    1.46350633    1.40339984    1.42516381    1.52873919    0.00000000

