26
W5K5N8_ASTMX/306-357     0.00000000    0.46620070    0.26782652    0.41183409    0.33775088    0.45109994    0.36433016    0.38111736    0.39123904    0.84839337    0.89478645    1.02059027    0.89888243    0.91702279    0.94729649    1.00577001    0.90041176    0.83445381    0.96081692    1.04078242    0.74397880    0.80816478    1.35064932    0.42339509    0.43369501    0.56857262
H2U0K6_TAKRU/273-325     0.46620070    0.00000000    0.38397015    0.43828730    0.50997097    0.65760678    0.55102436    0.63774707    0.64738307    0.90345843    1.30492254    1.23776688    1.00313281    1.08221202    1.16759789    1.09455305    1.19955252    1.00102904    1.18867846    1.11297258    0.84617691    0.92434783    1.49444468    0.65916047    0.64068646    0.63717963
Q6NW56_DANRE/289-340     0.26782652    0.38397015    0.00000000    0.29379919    0.37392018    0.49613974    0.37353462    0.39900367    0.42491666    0.78170177    0.91569062    1.00469365    0.89570746    0.85456555    0.83129164    0.95974349    0.92149691    0.78962394    0.98366731    1.02340720    0.69448702    0.75664017    1.34978854    0.54006798    0.49382602    0.62508303
M3ZW48_XIPMA/286-339     0.41183409    0.43828730    0.29379919    0.00000000    0.27244352    0.46818129    0.40218235    0.36881683    0.37754380    0.67140365    0.88602267    1.09016612    0.82639915    0.93862212    0.76190699    0.84654886    0.80724435    0.68390924    0.93597206    1.14773165    0.66502644    0.71649755    1.20145854    0.50264197    0.38877009    0.52491868
W5M2Q5_LEPOC/282-330     0.33775088    0.50997097    0.37392018    0.27244352    0.00000000    0.40846299    0.30034728    0.31906707    0.41589935    0.68613185    0.83972314    1.14077942    0.90392776    0.95640871    0.96883323    0.85564802    0.74921511    0.80510906    1.00031946    1.20299625    0.70092148    0.77576186    1.25195663    0.41001547    0.42481939    0.46668025
H3AQ31_LATCH/241-290     0.45109994    0.65760678    0.49613974    0.46818129    0.40846299    0.00000000    0.30805174    0.31637927    0.41318723    0.62110825    0.72956016    0.94323618    0.80772001    0.79524488    0.77859669    0.86431248    0.69041785    0.71669374    0.77658876    0.81001791    0.67236572    0.81651509    1.20366833    0.59828172    0.54623770    0.66251299
R0LFK1_ANAPL/252-301     0.36433016    0.55102436    0.37353462    0.40218235    0.30034728    0.30805174    0.00000000    0.16200742    0.24391082    0.66566557    0.85751882    0.94696075    0.93180381    0.87659245    0.84822124    0.90903619    0.84137241    0.80373143    0.91222480    0.95751804    0.65217553    0.76234001    1.23749027    0.45504806    0.45484419    0.49944571
F6UGI4_HORSE/366-415     0.38111736    0.63774707    0.39900367    0.36881683    0.31906707    0.31637927    0.16200742    0.00000000    0.06754461    0.73371797    0.84142527    0.97739694    0.94460101    0.87639704    0.89238539    0.94108453    0.74880743    0.76696033    0.91165589    1.09286519    0.71997730    0.85348358    1.34622395    0.50386754    0.46182224    0.58325960
L9JE53_TUPCH/294-342     0.39123904    0.64738307    0.42491666    0.37754380    0.41589935    0.41318723    0.24391082    0.06754461    0.00000000    0.70268694    0.83901698    0.96605452    0.92181430    0.85070047    0.86643284    0.84595429    0.66482689    0.68252614    0.90361164    1.01695520    0.76336595    0.90906436    1.45709982    0.55244671    0.57228307    0.63915897
U3JG53_FICAL/237-291     0.84839337    0.90345843    0.78170177    0.67140365    0.68613185    0.62110825    0.66566557    0.73371797    0.70268694    0.00000000    0.36997377    0.57007169    0.47382932    0.45393448    0.45924036    0.25011263    0.31264381    0.31011172    0.74319974    0.73134703    0.43078650    0.61093870    0.92607262    0.55606233    0.59512485    0.60277188
W5NK72_LEPOC/274-328     0.89478645    1.30492254    0.91569062    0.88602267    0.83972314    0.72956016    0.85751882    0.84142527    0.83901698    0.36997377    0.00000000    0.54010479    0.40603612    0.47821820    0.47062544    0.48878773    0.41293321    0.52944624    0.79596001    0.91210120    0.67890746    0.95793760    1.11452873    0.82925836    0.73193468    0.80063172
H2UTK1_TAKRU/262-315     1.02059027    1.23776688    1.00469365    1.09016612    1.14077942    0.94323618    0.94696075    0.97739694    0.96605452    0.57007169    0.54010479    0.00000000    0.35861512    0.33049111    0.41561197    0.81841958    0.76647343    0.80783221    1.02547953    1.08983664    0.89371113    1.23960306    1.34729099    1.06904116    0.98490976    0.98152883
M4A4P1_XIPMA/261-314     0.89888243    1.00313281    0.89570746    0.82639915    0.90392776    0.80772001    0.93180381    0.94460101    0.92181430    0.47382932    0.40603612    0.35861512    0.00000000    0.32316652    0.39948372    0.62942243    0.55858953    0.68382943    0.86202325    0.94138883    0.73465878    0.95391583    1.15828535    0.94335465    0.80314045    0.81896714
I3JTQ7_ORENI/263-316     0.91702279    1.08221202    0.85456555    0.93862212    0.95640871    0.79524488    0.87659245    0.87639704    0.85070047    0.45393448    0.47821820    0.33049111    0.32316652    0.00000000    0.26318744    0.64807404    0.70981978    0.69017606    0.65516391    0.73286019    0.64940330    0.92309203    1.11324875    0.90781337    0.89327610    0.92369385
H2M2U3_ORYLA/262-315     0.94729649    1.16759789    0.83129164    0.76190699    0.96883323    0.77859669    0.84822124    0.89238539    0.86643284    0.45924036    0.47062544    0.41561197    0.39948372    0.26318744    0.00000000    0.59043657    0.75209194    0.69814514    0.65308864    0.73311647    0.65160290    0.88155598    1.08871881    0.87851411    0.77349680    0.84843636
E1BP48_BOVIN/267-320     1.00577001    1.09455305    0.95974349    0.84654886    0.85564802    0.86431248    0.90903619    0.94108453    0.84595429    0.25011263    0.48878773    0.81841958    0.62942243    0.64807404    0.59043657    0.00000000    0.36819745    0.34251628    0.69663972    0.78097557    0.56602910    0.70384235    1.16815252    0.77489064    0.77023449    0.74092056
H0VYA0_CAVPO/236-290     0.90041176    1.19955252    0.92149691    0.80724435    0.74921511    0.69041785    0.84137241    0.74880743    0.66482689    0.31264381    0.41293321    0.76647343    0.55858953    0.70981978    0.75209194    0.36819745    0.00000000    0.27427685    0.78663656    0.84987904    0.58175337    0.75749260    1.23314428    0.79311634    0.76426993    0.81280719
G5C5L5_HETGA/237-291     0.83445381    1.00102904    0.78962394    0.68390924    0.80510906    0.71669374    0.80373143    0.76696033    0.68252614    0.31011172    0.52944624    0.80783221    0.68382943    0.69017606    0.69814514    0.34251628    0.27427685    0.00000000    0.72344807    0.84838748    0.53301581    0.72865172    1.22242276    0.73179150    0.72645630    0.74136726
A0A0R4IJS6_DANRE/217-269     0.96081692    1.18867846    0.98366731    0.93597206    1.00031946    0.77658876    0.91222480    0.91165589    0.90361164    0.74319974    0.79596001    1.02547953    0.86202325    0.65516391    0.65308864    0.69663972    0.78663656    0.72344807    0.00000000    0.28767374    0.33778715    0.55798929    1.17956433    0.98753687    0.86813138    0.91751570
H3D938_TETNG/246-299     1.04078242    1.11297258    1.02340720    1.14773165    1.20299625    0.81001791    0.95751804    1.09286519    1.01695520    0.73134703    0.91210120    1.08983664    0.94138883    0.73286019    0.73311647    0.78097557    0.84987904    0.84838748    0.28767374    0.00000000    0.48941942    0.72405237    1.37159863    1.02564459    0.92412748    1.02910986
R0LQE3_ANAPL/237-291     0.74397880    0.84617691    0.69448702    0.66502644    0.70092148    0.67236572    0.65217553    0.71997730    0.76336595    0.43078650    0.67890746    0.89371113    0.73465878    0.64940330    0.65160290    0.56602910    0.58175337    0.53301581    0.33778715    0.48941942    0.00000000    0.17742871    0.58643942    0.78000930    0.67182212    0.73369151
G5CAA5_HETGA/120-174     0.80816478    0.92434783    0.75664017    0.71649755    0.77576186    0.81651509    0.76234001    0.85348358    0.90906436    0.61093870    0.95793760    1.23960306    0.95391583    0.92309203    0.88155598    0.70384235    0.75749260    0.72865172    0.55798929    0.72405237    0.17742871    0.00000000    0.71760644    0.96055808    0.83317416    0.91205242
G1P1J9_MYOLU/250-305     1.35064932    1.49444468    1.34978854    1.20145854    1.25195663    1.20366833    1.23749027    1.34622395    1.45709982    0.92607262    1.11452873    1.34729099    1.15828535    1.11324875    1.08871881    1.16815252    1.23314428    1.22242276    1.17956433    1.37159863    0.58643942    0.71760644    0.00000000    1.31652153    1.08403674    1.19919028
W5KX71_ASTMX/272-321     0.42339509    0.65916047    0.54006798    0.50264197    0.41001547    0.59828172    0.45504806    0.50386754    0.55244671    0.55606233    0.82925836    1.06904116    0.94335465    0.90781337    0.87851411    0.77489064    0.79311634    0.73179150    0.98753687    1.02564459    0.78000930    0.96055808    1.31652153    0.00000000    0.24009808    0.29198673
I3JLG7_ORENI/270-319     0.43369501    0.64068646    0.49382602    0.38877009    0.42481939    0.54623770    0.45484419    0.46182224    0.57228307    0.59512485    0.73193468    0.98490976    0.80314045    0.89327610    0.77349680    0.77023449    0.76426993    0.72645630    0.86813138    0.92412748    0.67182212    0.83317416    1.08403674    0.24009808    0.00000000    0.20955756
H2TKG0_TAKRU/280-329     0.56857262    0.63717963    0.62508303    0.52491868    0.46668025    0.66251299    0.49944571    0.58325960    0.63915897    0.60277188    0.80063172    0.98152883    0.81896714    0.92369385    0.84843636    0.74092056    0.81280719    0.74136726    0.91751570    1.02910986    0.73369151    0.91205242    1.19919028    0.29198673    0.20955756    0.00000000

