64
A0A0C2XCV0_9AGAM/135-246     0.00000000    0.56877532    0.84673923    0.70520064    0.58222851    0.73768005    0.58493511    0.63906751    1.03062225    0.76158175    1.27643177    1.00695192    1.02639537    1.16277571    0.99479129    1.23091622    1.09072525    1.53457416    1.40861382    1.96209443    1.74503279    1.61218051    1.20744720    2.24146249    2.58583722    2.53616321    2.55899275    2.65341781    2.93508017    2.89203828    1.73875593    2.34541842    2.07698368    2.59395065    2.52338961    2.58925387    2.44340202    2.41316919    1.89164816    2.03923853    2.21116728    2.72492861    2.33074789    2.48620355    2.13791871    2.69624781    2.55021197    2.74112473    2.00656612    1.88106616    1.85250758    2.78493784    2.87868517    2.63372439    2.38211168    2.96052090    1.36888190    1.44994730    1.56971950    1.08746001    1.60107727    1.36003471    1.39557574    1.01343103
G4TAG9_SERID/3-111     0.56877532    0.00000000    0.91545336    0.83192851    0.81653233    0.88162145    0.78244972    0.87867610    1.16215005    0.95819012    1.30867986    1.15542962    1.02510968    1.16883064    1.12158973    1.26998826    1.16359827    1.65328235    1.52744565    2.00459748    1.74982704    1.92195295    1.41664982    2.47247562    3.09049121    2.88275494    2.92599016    2.97028376    2.98334195    3.17503238    2.11480758    2.66998959    2.32168751    2.86827810    3.04523111    2.99432347    2.68375422    2.83523878    2.13982934    2.05971467    2.13947624    2.92055921    2.32106199    2.90481809    2.34159234    2.76610608    2.49153026    2.49555422    2.43374652    2.39539547    2.17828837    3.24146048    3.03769374    2.99051865    2.47884362    3.34545226    1.62711931    1.53887423    2.12382451    1.23080728    1.81533926    1.56151754    1.72105341    1.15245161
A0A2A9NAP9_9AGAR/122-224     0.84673923    0.91545336    0.00000000    0.69671575    0.66907287    0.72451299    0.65979191    0.79419477    0.96405989    0.92713083    1.23107951    1.08181649    0.85269692    1.13282471    1.02352625    1.03007172    1.14411004    1.29249007    1.37595519    1.59446146    1.35963069    1.67119661    1.15054877    2.47136951    2.79015916    2.83784684    3.05199695    2.64911345    3.28526404    3.40934326    1.95363952    2.43456541    2.41921010    3.26261943    3.10263569    2.94884119    2.96774400    2.84330645    1.99553719    2.09379728    2.22025684    2.89053301    2.10208250    2.51742986    2.61960274    2.83270755    2.33090307    2.47160738    2.18412865    2.13273941    2.16736090    3.02741825    2.72627593    2.16966079    2.06030114    3.24924857    1.25357454    1.15750469    1.67193109    0.95104036    1.35023927    1.43149364    1.25505869    1.20513016
A0A0D7BVL8_9AGAR/124-232     0.70520064    0.83192851    0.69671575    0.00000000    0.50681648    0.59949459    0.56940110    0.68092620    1.02821644    0.75380552    1.24661470    1.08291349    0.94682650    1.24721970    1.11148841    1.12054828    1.19993932    1.19552464    1.22808214    1.63485585    1.46609036    1.63859898    1.13176324    2.68815628    2.80542977    2.96906402    2.97102259    3.01829487    3.45150233    3.36655953    1.88411529    2.15260781    2.37141189    2.73345526    2.95902107    2.70169610    2.59431260    2.40158677    1.84279813    1.83603598    2.08450755    2.89964899    1.97384293    2.22992936    2.47795457    2.51380521    2.24557529    2.27402412    2.10153222    1.87313007    2.04872345    2.68287101    2.10989573    2.37622127    2.40311569    3.52573506    1.28441981    1.14227771    1.82654192    0.98631255    1.58455161    1.39578234    1.19059302    0.92957505
A0A166IHK3_9AGAM/129-252     0.58222851    0.81653233    0.66907287    0.50681648    0.00000000    0.53160545    0.58580785    0.62320341    0.79854089    0.65123938    1.42559470    1.14059932    0.89125759    1.24461288    0.97776972    1.19280638    1.26609447    1.44061474    1.57288139    1.88570550    1.78797252    1.82202278    1.07529174    2.45411672    2.82486645    2.84891230    3.03917823    2.98220556    3.29987987    3.52117434    1.89555218    2.35873632    2.44358826    3.05067689    2.95848768    2.92455620    2.73138110    2.96643199    1.83550398    1.98378390    2.37258146    3.54923073    2.63874795    3.13474266    2.69105655    2.86767342    2.54948434    3.40928163    2.09159997    2.08077886    2.01256965    3.55253521    2.23166684    3.34368024    2.23818381    3.54404227    1.36882298    1.28592646    1.69979789    1.07879537    1.62424792    1.43000671    1.34237528    0.96888137
A0A0C2YG17_HEBCY/84-203     0.73768005    0.88162145    0.72451299    0.59949459    0.53160545    0.00000000    0.50823522    0.78314884    0.90694739    0.82284735    1.55681669    1.16109803    0.93027424    1.27974800    1.18110065    1.52960018    1.55568830    1.59964308    1.95328232    2.35134567    2.03039215    2.07393777    1.42471925    2.72979828    3.48829332    3.06768765    3.30188466    3.14437818    3.60570113    3.33878200    1.96346309    2.63764206    2.59164963    3.38921676    3.42636544    3.31261640    3.24453783    2.66376271    2.25889113    2.39135480    2.61517958    3.18506597    2.67098744    3.14531817    2.64101925    2.95190681    2.63300381    2.83350453    2.43699855    2.45689086    2.57774301    3.40450492    3.04371721    3.30228961    2.44385075    4.26259269    1.60049822    1.43789639    1.89477133    1.14179967    1.76075702    1.59819987    1.77514085    1.13826626
A0A4Y9ZDT9_9AGAM/127-280     0.58493511    0.78244972    0.65979191    0.56940110    0.58580785    0.50823522    0.00000000    0.61933383    1.06439870    0.57166208    1.57884695    1.17988113    0.88051426    1.30648339    1.23986985    1.19578743    1.63914876    1.51514144    1.79748201    2.02067621    1.99016052    2.17988778    1.41168918    2.35937791    2.70377414    3.17206753    3.37587159    3.19806215    4.03136294    3.20253612    2.18354657    3.00517639    2.51234594    3.29021725    2.97634522    2.94888432    3.02710787    2.94783485    2.52998769    2.04781387    2.50107287    3.93991915    2.84692362    3.15251922    2.89404748    3.23353514    2.78440141    3.22535255    2.73105212    2.32145647    2.73379197    3.43554249    2.32110823    3.36633263    2.37998839    3.83046322    1.64828834    1.49773897    2.07027156    1.11058798    1.52897828    1.37214437    1.51889323    1.03179070
A0A165N5X1_EXIGL/136-261     0.63906751    0.87867610    0.79419477    0.68092620    0.62320341    0.78314884    0.61933383    0.00000000    1.07059866    0.81576559    1.48360018    1.09640106    0.89389762    1.49578892    1.23866945    1.30771576    1.44153654    1.47193999    1.75181072    2.28981635    2.00736976    2.13364339    1.60310701    2.91262002    3.36810847    3.43301772    3.41031548    2.98789598    3.69352897    3.17913375    2.01347828    2.88806157    2.61570292    3.21493532    3.36848670    2.94328102    3.13159303    2.95963980    2.14368813    2.61392802    2.20671036    3.26910470    2.80306229    3.20138209    3.02404443    3.45567679    2.51379994    3.23967584    2.17508273    1.89837377    2.28285110    2.51390559    2.50909079    2.24874260    2.35555551    3.19770081    1.42092474    1.45663931    1.67860055    1.22802370    1.43138658    1.49302938    1.29972491    1.02777169
A0A0C3QUQ9_9AGAM/154-287     1.03062225    1.16215005    0.96405989    1.02821644    0.79854089    0.90694739    1.06439870    1.07059866    0.00000000    0.89902956    1.68959174    1.22692094    1.03548945    1.52780114    1.45736554    1.26771349    1.75075318    1.44269746    1.88576043    2.35901207    2.07581649    2.21994329    1.47115601    2.79300439    3.38566842    3.30314088    3.54113357    3.60886768    4.12680539    4.04129994    2.09373452    3.15192081    2.35724890    3.12597326    3.54061845    2.92024882    3.45037926    2.42108129    2.25893351    3.01095582    2.14989273    3.42245060    2.56948877    3.41857698    3.08087980    3.24873833    2.33591534    2.84186308    2.07615450    2.19272675    2.66985672    2.77184372    2.35114406    2.58567923    2.46023457    3.75347718    1.81807803    1.52371175    1.93584633    1.40772793    1.64955419    1.64505217    1.63082221    1.07157666
A0A0K6FL51_9AGAM/146-251     0.76158175    0.95819012    0.92713083    0.75380552    0.65123938    0.82284735    0.57166208    0.81576559    0.89902956    0.00000000    1.28342959    1.10606623    1.09014713    1.05234714    1.03524066    1.26592474    1.37854443    1.26494410    1.59501703    2.00118488    1.77952004    1.53854675    1.24755201    2.40945232    2.54325600    2.64696169    2.43623425    2.62480728    2.57403679    3.20077975    1.89465022    2.09774675    2.62893567    2.56573732    2.40759724    2.54727866    2.40240914    2.12829032    1.86990259    1.71703686    2.38992440    2.74195240    2.01973012    2.54016685    2.36911878    2.59497273    2.34373426    2.94793995    2.01688943    1.82357082    1.83819562    2.85968464    2.58922199    2.82942894    2.46329958    3.22441547    1.35628351    1.51566773    1.78032784    0.91651141    1.44645774    1.11869981    1.24492701    0.85292473
A0A427Y3C3_9TREE/245-361     1.27643177    1.30867986    1.23107951    1.24661470    1.42559470    1.55681669    1.57884695    1.48360018    1.68959174    1.28342959    0.00000000    0.93256419    1.05809977    1.68538194    1.74572238    1.99130763    1.89425856    1.73403952    2.29402546    2.12134147    2.56161780    2.67773336    1.67414729    3.05788756    3.40621575    2.89627492    3.22180335    3.14715783    3.60318025    3.68743565    2.51554019    3.13241027    2.79327231    2.90885650    2.64358907    2.53667243    2.94716852    3.29650262    2.03760337    2.67420383    2.57723414    3.56505317    2.53759954    3.11713000    2.67851002    3.17152335    2.72769888    3.00134672    2.48461843    2.65777001    2.63065415    3.25273186    3.02437578    2.46937382    2.42272633    4.19857045    2.09530852    1.52127664    2.23224966    1.79539787    2.30863163    1.25800521    1.78041916    1.28780855
Q5K9N5_CRYNJ/130-241     1.00695192    1.15542962    1.08181649    1.08291349    1.14059932    1.16109803    1.17988113    1.09640106    1.22692094    1.10606623    0.93256419    0.00000000    1.06698921    1.31204922    1.20079143    1.62262571    1.75915737    1.86536090    2.09299270    1.91416621    2.23794207    2.26466245    1.71345812    2.68834540    2.77219305    2.98017232    2.59401095    2.90211238    3.68113853    2.79396976    1.97119147    2.76855068    2.52870007    2.72431838    2.99128952    2.69420093    2.59890766    2.78090596    2.01657770    2.41710779    2.31414869    3.33106815    2.90436191    3.26122383    2.83734868    3.33555288    2.55043442    3.13665900    2.21641767    2.40167790    1.99502715    2.62315832    3.06209057    2.51357650    2.60200050    3.63240330    1.66243037    1.39728734    1.87393672    1.29611798    1.87808789    1.47855683    1.78101913    1.08291277
G0SUL0_RHOT2/162-271     1.02639537    1.02510968    0.85269692    0.94682650    0.89125759    0.93027424    0.88051426    0.89389762    1.03548945    1.09014713    1.05809977    1.06698921    0.00000000    0.66984570    0.63476762    0.95614907    1.10792917    1.35592456    1.37169072    1.52987887    1.39587182    1.49123964    1.32399952    1.93343644    2.73650402    2.52087371    2.99717344    2.53029966    2.83325654    2.98717044    1.84443248    1.88741538    1.98056612    2.89858894    2.87391231    2.72995847    2.58942789    2.35065107    1.80422025    2.00672637    1.93999943    2.81369126    2.07405556    2.45181541    2.21438601    2.27221999    1.86193968    2.20720070    1.67751621    1.88766047    1.85392689    2.82209148    2.55266342    2.69215313    2.30888450    2.84824740    1.02073368    1.06974191    1.65901226    0.83554336    1.34755673    0.79971956    1.17438759    1.10383142
A0A238FKJ7_9BASI/166-318     1.16277571    1.16883064    1.13282471    1.24721970    1.24461288    1.27974800    1.30648339    1.49578892    1.52780114    1.05234714    1.68538194    1.31204922    0.66984570    0.00000000    0.78832712    1.26874573    1.73375355    1.81852655    2.10089323    2.11159989    1.96631205    2.04915397    1.53219055    2.51563766    2.92351851    3.32807267    2.94145362    2.83449027    3.05338203    3.08700878    1.98410058    2.97335546    2.47060764    2.76387178    2.49379649    2.48763628    2.58752937    2.80593775    2.14103500    2.38456913    2.18193953    3.34455069    2.40111607    2.43173668    2.40324717    2.44819693    2.12255917    2.72924697    2.16418761    2.48256882    2.36243472    3.10227064    2.98292289    2.43415265    2.92839239    3.65084155    1.46647296    1.23827463    1.86939726    1.17029312    1.65327847    1.28946220    1.74906727    1.15761298
A0A1Y2G1K6_9BASI/162-323     0.99479129    1.12158973    1.02352625    1.11148841    0.97776972    1.18110065    1.23986985    1.23866945    1.45736554    1.03524066    1.74572238    1.20079143    0.63476762    0.78832712    0.00000000    1.25462065    1.73898591    1.70797686    2.08573907    1.89903633    1.80180658    2.13217550    1.75917023    2.69753026    2.85302016    3.23273854    3.35815454    3.48140520    3.85512882    3.33639711    2.08782302    2.90564386    2.42753908    3.06083384    3.23739786    2.60432943    3.05816945    2.96037631    2.06969506    2.58389633    2.20834832    3.56867836    2.83588039    2.56364996    2.63202179    2.75148035    2.35042123    2.83699559    2.56145836    2.48228056    2.64115239    3.06224975    3.26861558    2.41991542    2.42760499    3.81410323    1.43918671    1.29444116    1.65411316    1.03016062    1.59489640    1.17351692    1.52639957    1.07470612
A0A1Y1XTL9_9FUNG/160-257     1.23091622    1.26998826    1.03007172    1.12054828    1.19280638    1.52960018    1.19578743    1.30771576    1.26771349    1.26592474    1.99130763    1.62262571    0.95614907    1.26874573    1.25462065    0.00000000    0.71238204    0.90664082    0.93742723    1.21713041    1.41217380    1.40467227    1.10351509    2.21825945    2.44625681    2.45032790    2.82143185    2.83856438    2.95064692    2.51786434    1.83585353    2.19430820    2.07099849    2.68792159    2.80869656    2.33447859    2.26612362    2.30798703    1.74741063    1.81914800    1.91423608    3.27693297    2.24018532    2.31588406    2.99274535    2.95695058    2.44321641    2.49568338    2.36133092    2.40534845    2.39533006    2.65709813    2.06746659    1.87573971    2.24460789    3.10063176    1.46234615    1.42706041    2.23990730    1.47033130    1.93926760    1.38234096    1.73568563    1.40377873
A0A1Y2GGI4_9FUNG/90-205     1.09072525    1.16359827    1.14411004    1.19993932    1.26609447    1.55568830    1.63914876    1.44153654    1.75075318    1.37854443    1.89425856    1.75915737    1.10792917    1.73375355    1.73898591    0.71238204    0.00000000    1.17722667    0.98325736    1.54506087    1.74720016    1.74663963    1.23220772    2.26978498    2.56076977    2.69011764    2.76230330    2.54159158    3.28282194    2.67570601    2.13235871    2.40080677    2.07055989    2.49561102    2.98375154    2.48914765    2.62375205    2.64747778    1.91410845    2.68017745    2.12325829    3.38380537    2.71716081    2.34695153    2.53149271    2.82016875    2.82463184    2.69915923    2.33786325    2.52412489    2.43975594    2.73244215    2.13927954    2.36392042    2.40091780    2.97384930    1.71061661    1.77506926    2.43483939    2.01065864    1.75243673    1.72618289    2.04281668    1.38490451
A0A1Y1WID1_9FUNG/105-228     1.53457416    1.65328235    1.29249007    1.19552464    1.44061474    1.59964308    1.51514144    1.47193999    1.44269746    1.26494410    1.73403952    1.86536090    1.35592456    1.81852655    1.70797686    0.90664082    1.17722667    0.00000000    0.70221781    1.52731183    1.55788476    1.73325946    1.33663621    2.37050755    2.60547609    2.91865655    3.17080724    2.88085384    3.35754938    2.92793776    1.56205244    2.38343674    2.22428105    2.30528047    2.62465389    2.17113873    2.50275132    2.57000208    1.46879489    2.06469268    1.48593460    3.03965584    2.57941654    2.58884647    2.98885567    3.24197793    2.22895520    3.08296442    1.97120128    2.53274027    2.34081786    2.09316809    1.94168353    2.19627159    2.06443530    3.37516895    2.04687370    1.84048474    2.43734135    1.73255054    1.77418046    1.44748417    2.03427280    1.33277432
A0A2G5B8G2_COERN/128-271     1.40861382    1.52744565    1.37595519    1.22808214    1.57288139    1.95328232    1.79748201    1.75181072    1.88576043    1.59501703    2.29402546    2.09299270    1.37169072    2.10089323    2.08573907    0.93742723    0.98325736    0.70221781    0.00000000    1.70959336    1.72635224    1.93631473    1.36662282    2.56308042    3.40902279    3.37495518    3.52408834    3.31661353    3.94205895    3.26892504    2.28401410    3.26751664    2.58360364    2.85630854    3.09820980    2.75620669    3.07919871    2.85212602    1.97287840    2.45676046    1.73055604    3.51882375    3.03535551    2.76737737    3.38334572    3.43554221    2.83208534    3.81898951    2.18113081    2.06469903    2.41421439    2.84864179    2.03514318    2.56316598    2.79491098    3.85431385    2.13649648    1.84584850    2.97842231    1.80705594    1.89703242    1.87969389    2.02516099    1.63750424
A0A1R1XD67_9FUNG/230-445     1.96209443    2.00459748    1.59446146    1.63485585    1.88570550    2.35134567    2.02067621    2.28981635    2.35901207    2.00118488    2.12134147    1.91416621    1.52987887    2.11159989    1.89903633    1.21713041    1.54506087    1.52731183    1.70959336    0.00000000    1.93137915    1.65964021    1.75937692    2.24126641    2.78274251    2.85622087    3.04212634    2.80226336    3.27096466    3.24221455    2.35848553    2.11578743    2.08524184    2.88338536    2.79257144    2.41466971    2.22749242    2.40838859    2.02294810    2.04020333    2.79461019    3.78470123    2.73787406    2.58413379    2.62423933    2.79582002    2.76321868    3.07772301    2.39779325    2.41491023    2.31846612    3.27547756    2.47271337    2.45800865    2.29082213    4.27657286    2.39361904    2.39043738    2.50557852    1.76856563    2.11336583    2.13552514    2.38502745    1.97919472
A0A0L0SS37_ALLM3/14-128     1.74503279    1.74982704    1.35963069    1.46609036    1.78797252    2.03039215    1.99016052    2.00736976    2.07581649    1.77952004    2.56161780    2.23794207    1.39587182    1.96631205    1.80180658    1.41217380    1.74720016    1.55788476    1.72635224    1.93137915    0.00000000    1.05466614    1.86792407    3.02305388    2.70000375    3.53406166    3.26781477    2.83383935    3.39169519    3.09229405    2.29393419    3.25909523    2.16839064    2.60855688    2.41499109    2.37564452    2.67192177    2.38311359    1.88479981    2.29322222    2.38721842    2.74434752    1.95270033    2.06241337    2.37793687    2.09228575    2.04721843    2.54215986    2.25872658    2.13660347    2.21764959    2.18543235    2.25945305    2.12720527    2.56194431    3.38761012    1.91658506    1.95993200    2.53822100    2.06108599    2.31721078    2.04132591    2.31588984    2.16387135
A0A1Y2I3I3_9FUNG/79-196     1.61218051    1.92195295    1.67119661    1.63859898    1.82202278    2.07393777    2.17988778    2.13364339    2.21994329    1.53854675    2.67773336    2.26466245    1.49123964    2.04915397    2.13217550    1.40467227    1.74663963    1.73325946    1.93631473    1.65964021    1.05466614    0.00000000    1.78896327    2.87230773    2.41861327    2.99664547    2.75114355    2.86133852    3.34908307    3.12090624    2.70814614    3.14356189    2.73245585    2.68330883    2.45756739    2.58410838    2.39282130    2.98906763    2.15882114    2.10720603    2.30778830    2.65374997    2.52390150    2.51356027    2.85544478    2.09554745    2.54269376    2.96807297    1.91625410    2.09242077    2.40683566    2.77958346    2.50018805    2.60148045    2.37245266    3.27353769    2.19969047    2.58573035    2.55726873    2.21926398    2.05111428    2.00485959    2.24717932    2.68877856
A0A4P9ZWI3_9FUNG/78-194     1.20744720    1.41664982    1.15054877    1.13176324    1.07529174    1.42471925    1.41168918    1.60310701    1.47115601    1.24755201    1.67414729    1.71345812    1.32399952    1.53219055    1.75917023    1.10351509    1.23220772    1.33663621    1.36662282    1.75937692    1.86792407    1.78896327    0.00000000    2.08959323    2.36582113    2.43201767    2.83744259    2.58587987    3.04579558    2.65643614    2.15916346    2.51020555    2.36331738    2.11876255    2.17099591    2.27451874    2.56980394    2.74880444    1.84419971    2.00179481    2.04146957    2.79485001    2.56844533    2.67357956    2.66169529    3.19505124    2.26891559    3.15250705    1.69202798    2.16728323    1.98838633    2.41665077    1.97139823    1.95370611    2.11391323    3.47862998    1.76023546    1.68779908    2.49247511    1.74544772    1.99505601    1.53127220    1.92774314    1.68458150
A0A0G2EKC8_9EURO/237-381     2.24146249    2.47247562    2.47136951    2.68815628    2.45411672    2.72979828    2.35937791    2.91262002    2.79300439    2.40945232    3.05788756    2.68834540    1.93343644    2.51563766    2.69753026    2.21825945    2.26978498    2.37050755    2.56308042    2.24126641    3.02305388    2.87230773    2.08959323    0.00000000    1.63300362    1.61749411    1.77310622    1.69463391    1.73981210    1.66293856    1.70017502    2.39196817    2.10122531    1.88970937    2.18421489    1.71785769    1.82590325    2.39873763    2.28374466    2.42317410    2.53758342    2.78335534    2.40403739    2.75784080    2.57319182    3.53911506    2.15045091    2.92725276    2.48867877    2.25021582    2.13662448    3.12792072    2.22589410    3.11331405    2.40359092    3.48196894    2.64544591    2.51412740    2.74343671    2.14407674    2.52827301    2.22614102    2.93856928    2.50709368
A0A0N1H5A5_9EURO/299-441     2.58583722    3.09049121    2.79015916    2.80542977    2.82486645    3.48829332    2.70377414    3.36810847    3.38566842    2.54325600    3.40621575    2.77219305    2.73650402    2.92351851    2.85302016    2.44625681    2.56076977    2.60547609    3.40902279    2.78274251    2.70000375    2.41861327    2.36582113    1.63300362    0.00000000    1.37005596    1.25789601    1.46759117    1.51074168    1.47491819    2.00254141    2.61057435    2.31731826    1.98816716    2.10227560    1.87718761    1.91964738    2.59156658    2.33876088    2.37917862    2.80983219    3.30560978    2.43211873    2.86216299    2.54400318    3.16446247    2.31693132    3.12924415    3.29438309    3.11864928    2.85918518    3.23706483    2.63156938    3.72709344    3.10193703    3.22987707    2.63125676    2.62790665    2.23238120    2.56698249    2.87096673    2.69126954    3.44778429    2.89409745
A0A0D1ZP40_EXOME/276-412     2.53616321    2.88275494    2.83784684    2.96906402    2.84891230    3.06768765    3.17206753    3.43301772    3.30314088    2.64696169    2.89627492    2.98017232    2.52087371    3.32807267    3.23273854    2.45032790    2.69011764    2.91865655    3.37495518    2.85622087    3.53406166    2.99664547    2.43201767    1.61749411    1.37005596    0.00000000    0.75116199    0.71183230    1.05350041    1.33472695    1.76937457    2.01614609    1.66063129    1.67480438    1.69809717    1.58135300    1.54836080    2.37139350    2.22947220    2.15683848    2.48461143    2.75257584    2.11158704    2.45704268    2.36735326    3.09480451    2.44922350    2.03061736    2.76447328    2.76981736    2.78515055    2.96810892    2.94150321    4.02224251    2.95022228    3.18663283    3.01388108    2.21709064    2.51830435    2.93738171    2.98421297    3.17642241    3.75499103    2.98670185
A0A0D2CYM8_9EURO/241-379     2.55899275    2.92599016    3.05199695    2.97102259    3.03917823    3.30188466    3.37587159    3.41031548    3.54113357    2.43623425    3.22180335    2.59401095    2.99717344    2.94145362    3.35815454    2.82143185    2.76230330    3.17080724    3.52408834    3.04212634    3.26781477    2.75114355    2.83744259    1.77310622    1.25789601    0.75116199    0.00000000    0.54660593    1.04739728    1.21042271    1.66358511    2.34837828    1.73114515    1.75789699    1.62428585    1.59304612    1.65157952    2.15994202    2.17652569    2.29375852    2.76090447    2.40416513    2.09975007    2.29860576    2.28450394    2.81600202    2.27842532    2.12398115    2.73635386    2.36386587    2.73674570    3.30185634    3.15018585    3.70958039    3.35920185    3.36901654    2.85915782    2.50968956    2.34165296    2.75294301    3.14302149    2.99457161    4.05344725    3.25135263
H6C0M7_EXODN/256-394     2.65341781    2.97028376    2.64911345    3.01829487    2.98220556    3.14437818    3.19806215    2.98789598    3.60886768    2.62480728    3.14715783    2.90211238    2.53029966    2.83449027    3.48140520    2.83856438    2.54159158    2.88085384    3.31661353    2.80226336    2.83383935    2.86133852    2.58587987    1.69463391    1.46759117    0.71183230    0.54660593    0.00000000    1.18053697    1.30682014    1.86409645    2.21031047    1.48383742    1.93034639    1.76917911    1.50802275    1.57296749    2.18277278    1.97609167    2.09172849    2.57319353    2.42868474    1.99398247    2.30452123    2.37332428    3.16171971    2.32012974    2.21903723    2.73133402    2.52901324    2.81316192    3.08904045    2.88806140    3.54239747    2.71095181    3.60869922    2.70562194    2.38288256    2.14107980    3.06141285    3.05202700    3.36450346    3.85017656    3.19367415
W2S4E4_9EURO/357-494     2.93508017    2.98334195    3.28526404    3.45150233    3.29987987    3.60570113    4.03136294    3.69352897    4.12680539    2.57403679    3.60318025    3.68113853    2.83325654    3.05338203    3.85512882    2.95064692    3.28282194    3.35754938    3.94205895    3.27096466    3.39169519    3.34908307    3.04579558    1.73981210    1.51074168    1.05350041    1.04739728    1.18053697    0.00000000    1.26690494    2.13498350    2.05582965    1.84286039    1.86592038    1.98173390    1.74150739    1.83421069    2.38787350    2.19036749    2.20485538    2.87871986    2.77942967    2.10989410    2.47230206    2.61289188    3.05654376    2.33645683    2.19873244    2.70502773    2.45111877    3.17353984    3.47020167    2.85536480    4.54551266    3.63190967    3.13451761    2.78680880    3.07871930    2.58141362    3.10171403    2.85550230    3.16309205    4.11165942    3.22206355
A0A3M7N209_9EURO/316-451     2.89203828    3.17503238    3.40934326    3.36655953    3.52117434    3.33878200    3.20253612    3.17913375    4.04129994    3.20077975    3.68743565    2.79396976    2.98717044    3.08700878    3.33639711    2.51786434    2.67570601    2.92793776    3.26892504    3.24221455    3.09229405    3.12090624    2.65643614    1.66293856    1.47491819    1.33472695    1.21042271    1.30682014    1.26690494    0.00000000    1.76714070    2.15887858    1.93206830    1.90292324    1.93983551    1.74216438    1.94086900    2.35266053    2.26219842    2.37243210    2.83190269    3.00558584    2.44330795    2.50123290    2.79362351    3.31318778    2.63605239    2.45226253    3.19333373    3.03974968    2.82206046    3.45272880    3.30608101    3.84563566    3.40256290    3.55540092    3.07996383    2.33901444    2.90688620    3.01240285    3.24061059    2.99700777    3.98471969    3.33745753
A0A5N6L0P5_9ROSI/176-285     1.73875593    2.11480758    1.95363952    1.88411529    1.89555218    1.96346309    2.18354657    2.01347828    2.09373452    1.89465022    2.51554019    1.97119147    1.84443248    1.98410058    2.08782302    1.83585353    2.13235871    1.56205244    2.28401410    2.35848553    2.29393419    2.70814614    2.15916346    1.70017502    2.00254141    1.76937457    1.66358511    1.86409645    2.13498350    1.76714070    0.00000000    1.38040698    1.42485226    1.61922360    1.63249692    1.58373860    1.59142991    1.79967604    1.88082883    1.86157447    1.87880468    1.86289434    1.89824749    2.09893420    2.00687919    2.30761043    1.67919688    2.26958105    2.24176825    1.92691595    1.84341243    2.59663484    2.65974501    2.66204340    3.12518241    2.68612288    1.90477986    1.71203096    1.92189922    2.04023294    2.41421002    1.99366117    2.72183894    2.13952835
A0A0D2BCB9_9PEZI/255-370     2.34541842    2.66998959    2.43456541    2.15260781    2.35873632    2.63764206    3.00517639    2.88806157    3.15192081    2.09774675    3.13241027    2.76855068    1.88741538    2.97335546    2.90564386    2.19430820    2.40080677    2.38343674    3.26751664    2.11578743    3.25909523    3.14356189    2.51020555    2.39196817    2.61057435    2.01614609    2.34837828    2.21031047    2.05582965    2.15887858    1.38040698    0.00000000    1.46210763    1.75347894    1.93997180    1.75873622    1.73337157    2.19909053    1.63065376    1.73794093    2.52606464    2.71004067    1.90252935    2.15114852    2.14048490    2.45083139    2.06721739    2.14166761    2.18463849    2.08145200    1.66134609    2.65350581    2.85498388    3.42486041    3.31722586    3.30088410    2.92682163    2.43973904    2.54415957    2.15021984    2.47421750    2.73220641    3.03099241    2.48147135
A0A0C9M1U3_9FUNG/213-318     2.07698368    2.32168751    2.41921010    2.37141189    2.44358826    2.59164963    2.51234594    2.61570292    2.35724890    2.62893567    2.79327231    2.52870007    1.98056612    2.47060764    2.42753908    2.07099849    2.07055989    2.22428105    2.58360364    2.08524184    2.16839064    2.73245585    2.36331738    2.10122531    2.31731826    1.66063129    1.73114515    1.48383742    1.84286039    1.93206830    1.42485226    1.46210763    0.00000000    1.13885492    1.14180286    1.04676358    1.10090478    1.49203395    1.79213910    1.57817228    1.59346844    2.11910929    1.72599204    2.11324695    2.13742137    2.32500427    1.54959716    1.85825960    2.20348960    2.21872336    2.01585655    2.77140429    2.93183041    3.34769908    2.36946093    2.41492740    2.24841599    1.95418050    2.11442197    2.43073509    2.38374761    2.21252358    2.58553322    2.32964759
A0A0F4YKA5_TALEM/188-343     2.59395065    2.86827810    3.26261943    2.73345526    3.05067689    3.38921676    3.29021725    3.21493532    3.12597326    2.56573732    2.90885650    2.72431838    2.89858894    2.76387178    3.06083384    2.68792159    2.49561102    2.30528047    2.85630854    2.88338536    2.60855688    2.68330883    2.11876255    1.88970937    1.98816716    1.67480438    1.75789699    1.93034639    1.86592038    1.90292324    1.61922360    1.75347894    1.13885492    0.00000000    0.74273512    0.74640501    0.78240696    1.88844374    1.87286679    2.08942318    2.27308216    2.50361418    2.35563128    2.49207758    2.75016269    2.64654060    2.44332677    2.31328284    1.97451954    1.98532668    1.92056155    3.12059649    2.15197350    4.39000081    2.43605958    3.16781953    2.65121022    2.64100557    2.44699673    2.89033381    2.85771203    2.62452593    3.06459618    2.89896078
C4JKG6_UNCRE/240-371     2.52338961    3.04523111    3.10263569    2.95902107    2.95848768    3.42636544    2.97634522    3.36848670    3.54061845    2.40759724    2.64358907    2.99128952    2.87391231    2.49379649    3.23739786    2.80869656    2.98375154    2.62465389    3.09820980    2.79257144    2.41499109    2.45756739    2.17099591    2.18421489    2.10227560    1.69809717    1.62428585    1.76917911    1.98173390    1.93983551    1.63249692    1.93997180    1.14180286    0.74273512    0.00000000    0.60906707    0.75855605    2.06280609    1.91865624    1.95219947    2.21949979    2.57147232    2.06137068    1.95760164    2.29763726    2.23558288    2.23415550    2.20736283    2.11793593    2.32569951    2.14510289    2.97982542    2.16487249    4.01627267    3.10236965    2.86462637    2.96725948    2.80189447    2.54745696    3.41073241    3.00982125    2.81314711    3.43273040    2.80522171
A0A319ECY4_ASPSB/177-344     2.58925387    2.99432347    2.94884119    2.70169610    2.92455620    3.31261640    2.94888432    2.94328102    2.92024882    2.54727866    2.53667243    2.69420093    2.72995847    2.48763628    2.60432943    2.33447859    2.48914765    2.17113873    2.75620669    2.41466971    2.37564452    2.58410838    2.27451874    1.71785769    1.87718761    1.58135300    1.59304612    1.50802275    1.74150739    1.74216438    1.58373860    1.75873622    1.04676358    0.74640501    0.60906707    0.00000000    0.57609073    1.79076378    1.82211304    1.77703010    1.99644739    2.49608868    2.12301949    2.40855849    2.71687806    2.59948349    2.21493964    2.20913810    1.89573625    2.24151400    1.93611108    2.82954763    1.93838519    3.78729045    2.56738325    2.94194025    2.51675239    2.65413478    2.44238420    2.85525789    2.83646622    2.61924772    2.83621178    2.59425171
A0A1V6UB47_9EURO/152-290     2.44340202    2.68375422    2.96774400    2.59431260    2.73138110    3.24453783    3.02710787    3.13159303    3.45037926    2.40240914    2.94716852    2.59890766    2.58942789    2.58752937    3.05816945    2.26612362    2.62375205    2.50275132    3.07919871    2.22749242    2.67192177    2.39282130    2.56980394    1.82590325    1.91964738    1.54836080    1.65157952    1.57296749    1.83421069    1.94086900    1.59142991    1.73337157    1.10090478    0.78240696    0.75855605    0.57609073    0.00000000    1.71782228    1.96508158    2.13976023    2.27865118    2.66903920    2.01024949    2.10528427    2.57577717    2.38675592    2.17837310    2.19286084    2.07843874    2.52430314    2.11767313    2.80892019    1.99168862    3.77785976    2.76329982    2.90710022    2.96189278    2.63282870    2.68009555    3.01508494    2.86022553    2.91312802    3.19045034    2.44937433
A0A369H265_9HYPO/114-230     2.41316919    2.83523878    2.84330645    2.40158677    2.96643199    2.66376271    2.94783485    2.95963980    2.42108129    2.12829032    3.29650262    2.78090596    2.35065107    2.80593775    2.96037631    2.30798703    2.64747778    2.57000208    2.85212602    2.40838859    2.38311359    2.98906763    2.74880444    2.39873763    2.59156658    2.37139350    2.15994202    2.18277278    2.38787350    2.35266053    1.79967604    2.19909053    1.49203395    1.88844374    2.06280609    1.79076378    1.71782228    0.00000000    2.27058074    2.02976668    2.18979253    2.34719365    2.05414886    1.97090670    2.50105004    2.61363649    1.90278466    1.83181583    2.70310828    2.40050221    2.42195411    3.07770097    2.43697847    4.21065717    2.83282484    2.89673164    2.92002623    2.13086349    2.23354974    2.05153356    2.18115070    2.28903083    2.56902586    2.78132946
A0A3N4L754_9PEZI/163-262     1.89164816    2.13982934    1.99553719    1.84279813    1.83550398    2.25889113    2.52998769    2.14368813    2.25893351    1.86990259    2.03760337    2.01657770    1.80422025    2.14103500    2.06969506    1.74741063    1.91410845    1.46879489    1.97287840    2.02294810    1.88479981    2.15882114    1.84419971    2.28374466    2.33876088    2.22947220    2.17652569    1.97609167    2.19036749    2.26219842    1.88082883    1.63065376    1.79213910    1.87286679    1.91865624    1.82211304    1.96508158    2.27058074    0.00000000    0.65975290    1.41113711    2.28593455    1.91904009    2.16587014    2.44061935    2.32386457    2.07235167    2.05108954    1.74388584    1.64649994    1.63786345    2.23419683    2.67052075    2.71947254    2.26396824    3.21143338    2.29508559    1.72028576    2.35217975    2.07798774    2.19006166    1.91705643    2.37113415    1.84594382
A0A3N4M4H9_9PEZI/158-279     2.03923853    2.05971467    2.09379728    1.83603598    1.98378390    2.39135480    2.04781387    2.61392802    3.01095582    1.71703686    2.67420383    2.41710779    2.00672637    2.38456913    2.58389633    1.81914800    2.68017745    2.06469268    2.45676046    2.04020333    2.29322222    2.10720603    2.00179481    2.42317410    2.37917862    2.15683848    2.29375852    2.09172849    2.20485538    2.37243210    1.86157447    1.73794093    1.57817228    2.08942318    1.95219947    1.77703010    2.13976023    2.02976668    0.65975290    0.00000000    1.46043709    2.28881045    1.80902121    2.17566321    2.17928014    2.42823268    1.94640387    1.89152787    1.96383421    1.42076714    1.98501009    2.50682560    2.71824563    3.15105810    2.22607404    3.58957382    2.34192594    2.07523550    2.40726390    2.12017361    1.98162724    2.16968769    2.70137445    2.26033512
R4XDG9_TAPDE/165-262     2.21116728    2.13947624    2.22025684    2.08450755    2.37258146    2.61517958    2.50107287    2.20671036    2.14989273    2.38992440    2.57723414    2.31414869    1.93999943    2.18193953    2.20834832    1.91423608    2.12325829    1.48593460    1.73055604    2.79461019    2.38721842    2.30778830    2.04146957    2.53758342    2.80983219    2.48461143    2.76090447    2.57319353    2.87871986    2.83190269    1.87880468    2.52606464    1.59346844    2.27308216    2.21949979    1.99644739    2.27865118    2.18979253    1.41113711    1.46043709    0.00000000    1.54977214    1.74876091    1.84152376    2.20638310    2.47144250    1.73915221    1.83895213    1.95258744    2.26088120    2.16624258    2.01150170    1.77264138    2.54667887    2.54373105    2.52935023    2.18757860    1.78278205    2.15697472    2.26983961    2.07205252    2.15996991    2.43489042    2.53906641
A0A1Y1YGF5_9PLEO/132-241     2.72492861    2.92055921    2.89053301    2.89964899    3.54923073    3.18506597    3.93991915    3.26910470    3.42245060    2.74195240    3.56505317    3.33106815    2.81369126    3.34455069    3.56867836    3.27693297    3.38380537    3.03965584    3.51882375    3.78470123    2.74434752    2.65374997    2.79485001    2.78335534    3.30560978    2.75257584    2.40416513    2.42868474    2.77942967    3.00558584    1.86289434    2.71004067    2.11910929    2.50361418    2.57147232    2.49608868    2.66903920    2.34719365    2.28593455    2.28881045    1.54977214    0.00000000    1.27242388    1.41128871    1.38120128    1.37931302    1.47244283    1.27010446    2.18975665    2.50773114    2.14534904    3.19868146    3.34542434    5.23708077    3.11650400    3.01839266    2.86279059    2.69837891    2.55363839    2.97961879    2.66250365    2.88256675    3.07641172    3.54132163
Q0ULW6_PHANO/106-210     2.33074789    2.32106199    2.10208250    1.97384293    2.63874795    2.67098744    2.84692362    2.80306229    2.56948877    2.01973012    2.53759954    2.90436191    2.07405556    2.40111607    2.83588039    2.24018532    2.71716081    2.57941654    3.03535551    2.73787406    1.95270033    2.52390150    2.56844533    2.40403739    2.43211873    2.11158704    2.09975007    1.99398247    2.10989410    2.44330795    1.89824749    1.90252935    1.72599204    2.35563128    2.06137068    2.12301949    2.01024949    2.05414886    1.91904009    1.80902121    1.74876091    1.27242388    0.00000000    0.59789774    0.75008033    0.87433523    0.69674699    0.67593938    2.11394813    2.11933227    2.17597308    2.72589346    2.15563923    3.45344867    2.77799329    2.56989230    2.00068557    1.77406029    1.97235274    2.65474380    2.70090685    2.52504086    2.81589457    2.68366163
