29
G7JMU8_MEDTR/155-285     0.00000000    0.28897417    0.40309775    0.31997280    0.83874981    1.60028460    2.05452199    2.08321015    2.49530152    2.49532051    2.76034950    2.25696410    2.30713763    2.79761794    2.81818966    3.00508393    2.35276186    2.59962557    2.24545745    2.26103769    1.84355878    0.46650139    0.48733586    0.42189107    0.46714690    0.27996836    0.43888835    0.55348307    0.28850408
A0A059B5G2_EUCGR/152-282     0.28897417    0.00000000    0.31760484    0.36064706    0.80291630    1.65502510    2.30321761    2.04487488    2.38203615    2.42333708    2.68889249    2.27085914    2.13759126    2.64634770    2.41534766    2.71915225    2.47090924    2.61329938    2.36544084    2.14538204    2.17557606    0.53610925    0.45461069    0.36028806    0.36936883    0.25122783    0.39858675    0.48097810    0.25121293
A0A0A0L5D2_CUCSA/168-295     0.40309775    0.31760484    0.00000000    0.34681430    0.80591250    1.68594120    2.30348195    2.17771053    2.47176819    2.80203684    2.90176512    2.39479712    2.28017566    2.43452029    2.50484081    3.05925316    2.44240746    2.32840100    2.19150463    2.26684741    2.21682141    0.60631432    0.58124553    0.40704372    0.48341794    0.33862747    0.42658588    0.71743324    0.36709277
A0A022QNY4_ERYGU/146-276     0.31997280    0.36064706    0.34681430    0.00000000    0.82562304    1.64189847    2.23804988    1.99189909    2.26482131    2.54894449    2.66034052    2.40207064    2.47166776    2.37055326    2.56635362    2.77227903    2.24831891    2.34813569    2.38490584    2.14925964    2.03165751    0.51034339    0.58091444    0.46362308    0.43176678    0.32720077    0.48563739    0.65959859    0.33548414
D8RFG9_SELML/100-223     0.83874981    0.80291630    0.80591250    0.82562304    0.00000000    1.65176405    2.57891975    2.25803168    2.50194051    2.79030131    2.78544285    2.81270183    2.55746264    2.23269568    1.85251916    2.49357420    2.16987920    2.38192983    2.43351492    1.77980673    2.35416559    1.01164945    0.89837225    0.79201795    0.91920703    0.79437253    0.99967552    1.18928661    0.89344736
L8GLP9_ACACA/130-255     1.60028460    1.65502510    1.68594120    1.64189847    1.65176405    0.00000000    2.20938635    2.51230285    2.34209406    2.66004000    2.56925113    2.44971025    2.38070384    3.61153409    2.73501612    2.83116055    1.99031605    2.09966894    2.35054925    1.88713906    1.99445250    1.77034976    1.95293360    1.68501386    1.78501710    1.58882439    1.63720096    1.95631244    1.65762939
A0A015JR48_RHIIW/115-235     2.05452199    2.30321761    2.30348195    2.23804988    2.57891975    2.20938635    0.00000000    2.68009476    2.58971055    3.07559928    2.66732154    2.28302018    2.34693434    2.50756029    2.46149482    2.40011468    2.22626065    2.04241652    2.03334636    2.19391965    2.43883002    2.14560811    2.34097563    2.50760412    2.13227152    2.26057520    2.29568518    2.39084147    2.32013474
G4Z2Q8_PHYSP/145-294     2.08321015    2.04487488    2.17771053    1.99189909    2.25803168    2.51230285    2.68009476    0.00000000    0.30010881    0.47028117    1.89038707    1.85241226    1.77361795    2.50807779    2.82073678    2.71998134    2.89828785    2.93312278    2.78254383    3.22841420    2.73894649    2.10635640    2.02508568    2.06223070    2.11299538    1.92104103    1.95008212    2.04104061    2.15263220
D0NAT4_PHYIT/126-280     2.49530152    2.38203615    2.47176819    2.26482131    2.50194051    2.34209406    2.58971055    0.30010881    0.00000000    0.46750853    1.92290785    1.77910756    1.68819347    2.70197114    3.01873700    2.80726144    3.08818122    3.11339997    2.82805967    3.35436486    2.82315095    2.48289904    2.38122158    2.46184877    2.52911344    2.21400417    2.30322394    2.18671173    2.44018236
M4BC05_HYAAE/2-90     2.49532051    2.42333708    2.80203684    2.54894449    2.79030131    2.66004000    3.07559928    0.47028117    0.46750853    0.00000000    2.13330740    2.36861025    2.40466238    2.70930778    3.23520251    2.87554252    3.67054207    3.26429113    3.10247724    3.49193208    3.41376947    2.66157658    2.46977173    2.54829890    2.55178419    2.47925581    2.44592561    2.33297268    2.48722505
T0QGY9_SAPDV/105-239     2.76034950    2.68889249    2.90176512    2.66034052    2.78544285    2.56925113    2.66732154    1.89038707    1.92290785    2.13330740    0.00000000    1.32165267    1.25066206    2.43939426    3.08305174    3.12500137    2.26989702    2.23928917    2.23184984    2.71952550    2.30564235    2.64512470    3.09035936    2.56149354    2.68473992    2.94639905    2.88854860    3.23521672    2.86946777
A0A024U827_9STRA/114-250     2.25696410    2.27085914    2.39479712    2.40207064    2.81270183    2.44971025    2.28302018    1.85241226    1.77910756    2.36861025    1.32165267    0.00000000    0.37100723    3.26218922    2.99994596    2.99174734    2.68053221    2.53232730    2.04967251    2.56830059    2.37502912    2.38763655    2.66005713    2.58617282    2.54527930    2.66303871    2.29115343    2.64849447    2.53990587
W4GUY1_9STRA/120-256     2.30713763    2.13759126    2.28017566    2.47166776    2.55746264    2.38070384    2.34693434    1.77361795    1.68819347    2.40466238    1.25066206    0.37100723    0.00000000    2.99335428    3.05267433    3.29870753    2.59648764    2.54386964    2.08610244    2.80061905    2.41183456    2.21827224    2.69626245    2.44294854    2.47601550    2.48294923    2.17376316    2.53664069    2.52969892
B6JXW1_SCHJY/101-200     2.79761794    2.64634770    2.43452029    2.37055326    2.23269568    3.61153409    2.50756029    2.50807779    2.70197114    2.70930778    2.43939426    3.26218922    2.99335428    0.00000000    1.56812915    1.40043726    2.61314496    2.38347871    2.40427685    3.22859320    2.74671845    2.35094042    2.65543566    2.64998315    2.87432453    2.51786368    2.61377555    3.44255499    2.63613135
CDC24_SCHPO/105-226     2.81818966    2.41534766    2.50484081    2.56635362    1.85251916    2.73501612    2.46149482    2.82073678    3.01873700    3.23520251    3.08305174    2.99994596    3.05267433    1.56812915    0.00000000    0.83476732    2.63161282    2.99322320    3.24861914    2.35150135    1.97196389    2.60887722    2.48677119    2.78791500    2.74168968    2.75491327    3.02207674    3.33636633    2.80453557
S9VZZ2_SCHCR/105-221     3.00508393    2.71915225    3.05925316    2.77227903    2.49357420    2.83116055    2.40011468    2.71998134    2.80726144    2.87554252    3.12500137    2.99174734    3.29870753    1.40043726    0.83476732    0.00000000    3.09308805    2.92752290    3.42294038    2.70461403    2.56290887    2.77345016    2.92113577    3.08746672    2.76112004    2.97550983    3.16046331    4.14745670    2.79664055
A0A068RMN5_9FUNG/119-269     2.35276186    2.47090924    2.44240746    2.24831891    2.16987920    1.99031605    2.22626065    2.89828785    3.08818122    3.67054207    2.26989702    2.68053221    2.59648764    2.61314496    2.63161282    3.09308805    0.00000000    1.16011352    1.08526663    1.94115448    2.51846239    2.41285466    2.55315796    2.54812397    2.43558513    2.47208744    2.42391270    2.89521617    2.51048631
I1CEX7_RHIO9/117-236     2.59962557    2.61329938    2.32840100    2.34813569    2.38192983    2.09966894    2.04241652    2.93312278    3.11339997    3.26429113    2.23928917    2.53232730    2.54386964    2.38347871    2.99322320    2.92752290    1.16011352    0.00000000    0.58261639    2.14251849    3.20869583    2.44399042    2.76690369    2.63969503    2.35371867    2.51376989    2.31923870    3.00358464    2.55970462
S2JUQ9_MUCC1/87-227     2.24545745    2.36544084    2.19150463    2.38490584    2.43351492    2.35054925    2.03334636    2.78254383    2.82805967    3.10247724    2.23184984    2.04967251    2.08610244    2.40427685    3.24861914    3.42294038    1.08526663    0.58261639    0.00000000    1.93213054    2.92612586    2.05889375    2.31513130    2.52197352    2.17854394    2.40830492    2.12458536    2.74275437    2.34913310
D3BMC4_POLPP/371-480     2.26103769    2.14538204    2.26684741    2.14925964    1.77980673    1.88713906    2.19391965    3.22841420    3.35436486    3.49193208    2.71952550    2.56830059    2.80061905    3.22859320    2.35150135    2.70461403    1.94115448    2.14251849    1.93213054    0.00000000    2.36539461    1.85583616    1.84374165    2.01650609    2.08938291    2.15567192    2.31990108    3.03788611    2.33779647
A7S2A6_NEMVE/98-218     1.84355878    2.17557606    2.21682141    2.03165751    2.35416559    1.99445250    2.43883002    2.73894649    2.82315095    3.41376947    2.30564235    2.37502912    2.41183456    2.74671845    1.97196389    2.56290887    2.51846239    3.20869583    2.92612586    2.36539461    0.00000000    2.19138537    2.14337536    2.23234599    2.25519016    2.09839522    2.34382078    2.38146704    2.05590917
A0A0D3FQZ7_9ORYZ/147-273     0.46650139    0.53610925    0.60631432    0.51034339    1.01164945    1.77034976    2.14560811    2.10635640    2.48289904    2.66157658    2.64512470    2.38763655    2.21827224    2.35094042    2.60887722    2.77345016    2.41285466    2.44399042    2.05889375    1.85583616    2.19138537    0.00000000    0.54465435    0.53636956    0.58913187    0.47212221    0.56957088    0.70387239    0.47859737
M0T8P5_MUSAM/177-307     0.48733586    0.45461069    0.58124553    0.58091444    0.89837225    1.95293360    2.34097563    2.02508568    2.38122158    2.46977173    3.09035936    2.66005713    2.69626245    2.65543566    2.48677119    2.92113577    2.55315796    2.76690369    2.31513130    1.84374165    2.14337536    0.54465435    0.00000000    0.47861624    0.59268103    0.48797269    0.65111355    0.81146946    0.46803110
W1P3I6_AMBTC/143-273     0.42189107    0.36028806    0.40704372    0.46362308    0.79201795    1.68501386    2.50760412    2.06223070    2.46184877    2.54829890    2.56149354    2.58617282    2.44294854    2.64998315    2.78791500    3.08746672    2.54812397    2.63969503    2.52197352    2.01650609    2.23234599    0.53636956    0.47861624    0.00000000    0.40636172    0.35282859    0.51255214    0.66038880    0.31923377
A0A0K9PGG5_ZOSMR/151-281     0.46714690    0.36936883    0.48341794    0.43176678    0.91920703    1.78501710    2.13227152    2.11299538    2.52911344    2.55178419    2.68473992    2.54527930    2.47601550    2.87432453    2.74168968    2.76112004    2.43558513    2.35371867    2.17854394    2.08938291    2.25519016    0.58913187    0.59268103    0.40636172    0.00000000    0.43824448    0.53506821    0.68945005    0.46497012
F6H726_VITVI/162-292     0.27996836    0.25122783    0.33862747    0.32720077    0.79437253    1.58882439    2.26057520    1.92104103    2.21400417    2.47925581    2.94639905    2.66303871    2.48294923    2.51786368    2.75491327    2.97550983    2.47208744    2.51376989    2.40830492    2.15567192    2.09839522    0.47212221    0.48797269    0.35282859    0.43824448    0.00000000    0.39097636    0.49419657    0.25376310
A0A078HC14_BRANA/163-294     0.43888835    0.39858675    0.42658588    0.48563739    0.99967552    1.63720096    2.29568518    1.95008212    2.30322394    2.44592561    2.88854860    2.29115343    2.17376316    2.61377555    3.02207674    3.16046331    2.42391270    2.31923870    2.12458536    2.31990108    2.34382078    0.56957088    0.65111355    0.51255214    0.53506821    0.39097636    0.00000000    0.55101962    0.37826952
A0A067FX46_CITSI/66-181     0.55348307    0.48097810    0.71743324    0.65959859    1.18928661    1.95631244    2.39084147    2.04104061    2.18671173    2.33297268    3.23521672    2.64849447    2.53664069    3.44255499    3.33636633    4.14745670    2.89521617    3.00358464    2.74275437    3.03788611    2.38146704    0.70387239    0.81146946    0.66038880    0.68945005    0.49419657    0.55101962    0.00000000    0.44662837
A0A061EQ03_THECC/157-287     0.28850408    0.25121293    0.36709277    0.33548414    0.89344736    1.65762939    2.32013474    2.15263220    2.44018236    2.48722505    2.86946777    2.53990587    2.52969892    2.63613135    2.80453557    2.79664055    2.51048631    2.55970462    2.34913310    2.33779647    2.05590917    0.47859737    0.46803110    0.31923377    0.46497012    0.25376310    0.37826952    0.44662837    0.00000000

