9
F6ZS37_HORSE/332-595     0.00000000    0.92153278    1.25898116    1.29489888    0.39606881    0.46142971    0.47519005    0.37487893    0.27209558
F7GKN3_MONDO/2-255     0.92153278    0.00000000    1.30617283    1.24110076    0.97442142    0.97357523    0.93802545    0.92645455    0.83873088
H3AMQ4_LATCH/1-291     1.25898116    1.30617283    0.00000000    1.45980160    1.18885836    1.38520029    1.31586984    1.29122086    1.18411944
H9G9H4_ANOCA/2-263     1.29489888    1.24110076    1.45980160    0.00000000    1.31676302    1.32860129    1.37042598    1.33938725    1.19961791
I3M3K9_ICTTR/2-265     0.39606881    0.97442142    1.18885836    1.31676302    0.00000000    0.51247043    0.54340751    0.50995978    0.41276177
G5AKW5_HETGA/2-269     0.46142971    0.97357523    1.38520029    1.32860129    0.51247043    0.00000000    0.28255134    0.57092597    0.42312373
H0VUL1_CAVPO/2-270     0.47519005    0.93802545    1.31586984    1.37042598    0.54340751    0.28255134    0.00000000    0.56935289    0.48279595
G1QED6_MYOLU/2-256     0.37487893    0.92645455    1.29122086    1.33938725    0.50995978    0.57092597    0.56935289    0.00000000    0.30133908
L5KXF8_PTEAL/2-269     0.27209558    0.83873088    1.18411944    1.19961791    0.41276177    0.42312373    0.48279595    0.30133908    0.00000000

