30
A0A022MHK2_9ACTN/91-197     0.00000000    0.25913275    1.51449254    1.48517008    1.67075214    1.51945013    1.64859491    1.88325511    1.59327158    1.52961761    1.28071889    1.91904965    3.72879270    3.34851532    3.61523163    4.27681254    4.13612125    3.71999054    3.57958830    1.31643759    1.28796882    1.26516930    1.12493013    1.33090762    1.21893398    1.21105778    1.05755988    1.16830439    1.23265555    1.14919857
A0A0M8YNA4_9ACTN/91-197     0.25913275    0.00000000    1.30675918    1.36625795    1.48676712    1.44289405    1.53902896    1.71491428    1.45805456    1.79606956    1.44700251    1.76878533    3.48937491    3.37403952    3.96278802    4.15746464    3.94675310    3.80914903    3.55864603    1.25829452    1.32849008    1.23257705    1.14731652    1.24040369    1.29466756    1.22395169    1.14876442    1.23582112    1.23842123    1.15531222
W2F168_9ACTN/89-195     1.51449254    1.30675918    0.00000000    0.36910363    0.51425225    0.42503753    0.60700626    1.14495307    0.92723498    1.10817494    1.98924516    2.36067656    4.13480714    3.66663252    3.77221085    4.12799682    3.51009702    3.33732092    3.19688214    2.04606697    2.11212631    2.22377357    1.99476037    1.95990483    1.96509906    2.15254440    2.16012841    2.12825658    2.26353432    2.09633162
A0A171DLZ7_9ACTN/89-195     1.48517008    1.36625795    0.36910363    0.00000000    0.35786622    0.29140979    0.54979386    0.96968660    0.78374452    1.09680381    1.95168125    2.38466789    3.95484479    3.77097953    3.56146161    4.10002507    3.50031143    3.36346756    3.46015835    1.95228541    2.02499072    1.97709376    1.77450316    1.69380647    1.84152239    2.01864412    1.87849852    1.90521569    1.96550690    1.82119733
D1AB95_THECD/60-166     1.67075214    1.48676712    0.51425225    0.35786622    0.00000000    0.45159234    0.60244001    1.19396046    0.86563717    1.19543208    2.22068732    2.84668226    4.07635027    3.76896843    3.82051030    4.25724522    4.11134259    3.79208505    3.94196634    1.79714077    2.20178666    2.16596100    2.01847559    1.90192004    2.07008993    2.09934404    2.08717316    1.95736068    2.11992708    2.13254158
D6YAY1_THEBD/89-195     1.51945013    1.44289405    0.42503753    0.29140979    0.45159234    0.00000000    0.51397222    0.97368442    0.78639285    1.14239840    2.00944010    2.30104313    3.81716651    3.42978679    3.51986751    4.06357716    3.32862874    3.09895219    3.42841607    1.88564843    2.04505417    1.96508769    1.80528783    1.72262394    1.81000475    1.88036926    1.68426445    1.88958260    1.85383422    1.84074950
A0A0H5CJZ0_9PSEU/47-153     1.64859491    1.53902896    0.60700626    0.54979386    0.60244001    0.51397222    0.00000000    0.70524399    1.05166409    1.13447673    2.20657502    2.57968934    3.86233297    3.67800817    3.79875742    4.60599624    3.74540522    3.65123351    4.12683405    1.88809975    1.93505869    1.93288778    1.94618155    1.85517015    1.95847580    2.17889079    2.01943534    2.04469321    2.26617740    2.07834611
D9V2R9_9ACTN/89-194     1.88325511    1.71491428    1.14495307    0.96968660    1.19396046    0.97368442    0.70524399    0.00000000    1.50637830    1.17741909    2.46812936    2.79505658    3.82036832    3.83211225    3.91603895    4.16943599    3.56608932    3.62168650    3.91756377    2.79430778    2.58724220    2.44619324    2.22957570    2.07305621    2.05470036    2.13454008    2.01052083    2.08588040    2.24749865    2.29254669
A0A0K2YFL6_9NOCA/90-196     1.59327158    1.45805456    0.92723498    0.78374452    0.86563717    0.78639285    1.05166409    1.50637830    0.00000000    1.22132206    2.07206561    2.98573621    3.66490126    3.68226783    3.77032948    4.81326795    3.97644193    3.35380040    3.86749789    1.64366971    1.95167769    1.74708163    1.69942541    1.62734926    1.65889335    1.92378889    1.87098337    1.87882449    1.88630479    1.85539862
V9XJR8_9NOCA/89-195     1.52961761    1.79606956    1.10817494    1.09680381    1.19543208    1.14239840    1.13447673    1.17741909    1.22132206    0.00000000    2.49161257    2.61746864    3.66900844    3.81886685    3.99293676    4.30073988    3.68921582    3.46024197    3.26149185    2.18847961    2.16358118    2.20207949    1.92963003    2.01208962    2.28978935    2.42538772    2.14989281    2.19110338    2.30485321    2.26465675
G7CFC6_MYCT3/99-205     1.28071889    1.44700251    1.98924516    1.95168125    2.22068732    2.00944010    2.20657502    2.46812936    2.07206561    2.49161257    0.00000000    0.85595341    2.56159683    2.19596857    2.97982641    2.89715608    2.93732465    2.70917756    2.88546144    0.60726200    0.67394555    0.62517480    0.67103359    0.82718098    0.83883915    0.83719528    0.72897048    0.78177110    0.69472577    0.69390936
A0A132PAW6_9MYCO/106-212     1.91904965    1.76878533    2.36067656    2.38466789    2.84668226    2.30104313    2.57968934    2.79505658    2.98573621    2.61746864    0.85595341    0.00000000    2.52736986    2.44171035    3.22601726    3.57347364    3.08045713    2.98925836    2.75705569    1.15080059    1.09197490    1.22317856    1.14770805    1.13511926    1.33087410    1.24760983    1.18538646    1.17928058    1.22488841    1.31207218
D3D459_9ACTN/75-178     3.72879270    3.48937491    4.13480714    3.95484479    4.07635027    3.81716651    3.86233297    3.82036832    3.66490126    3.66900844    2.56159683    2.52736986    0.00000000    0.97743274    0.95104822    1.13146516    1.00213386    1.09037744    1.01537089    3.26145369    3.07966398    3.14319616    3.05409284    3.04467648    3.12109170    3.17417818    3.03383150    3.04581381    2.59317598    2.82920295
A0A0B8NHU6_9NOCA/78-181     3.34851532    3.37403952    3.66663252    3.77097953    3.76896843    3.42978679    3.67800817    3.83211225    3.68226783    3.81886685    2.19596857    2.44171035    0.97743274    0.00000000    0.98346223    1.16558695    1.27892947    1.64915802    1.04982960    2.76836565    2.62332246    3.27436805    3.18258037    3.42853785    3.52956050    3.37623012    3.04342589    3.06823724    2.68471528    2.79890717
Q73W82_MYCPA/87-190     3.61523163    3.96278802    3.77221085    3.56146161    3.82051030    3.51986751    3.79875742    3.91603895    3.77032948    3.99293676    2.97982641    3.22601726    0.95104822    0.98346223    0.00000000    0.82471359    0.96715842    1.01092001    1.21755858    3.36632930    3.11808872    3.47994404    3.43536381    3.57233363    3.73426193    3.69687440    3.34422117    3.13667671    2.79614226    2.91372045
A0R4F1_MYCS2/79-182     4.27681254    4.15746464    4.12799682    4.10002507    4.25724522    4.06357716    4.60599624    4.16943599    4.81326795    4.30073988    2.89715608    3.57347364    1.13146516    1.16558695    0.82471359    0.00000000    0.74642709    0.91217742    1.33079916    3.53558736    3.89557704    3.91506982    3.75120405    4.12924114    4.63849222    4.43234704    3.72289501    3.97029383    3.44580319    3.34913241
A0A132T4K5_9MYCO/74-177     4.13612125    3.94675310    3.51009702    3.50031143    4.11134259    3.32862874    3.74540522    3.56608932    3.97644193    3.68921582    2.93732465    3.08045713    1.00213386    1.27892947    0.96715842    0.74642709    0.00000000    0.49891038    0.84297628    3.69067063    3.52803432    3.63274493    3.48365454    3.45179549    3.07476810    4.12127506    3.69200179    3.61172403    3.49393135    3.18892444
A0A0N9Y7D7_MYCFO/75-178     3.71999054    3.80914903    3.33732092    3.36346756    3.79208505    3.09895219    3.65123351    3.62168650    3.35380040    3.46024197    2.70917756    2.98925836    1.09037744    1.64915802    1.01092001    0.91217742    0.49891038    0.00000000    0.86541589    3.45092870    3.35216759    3.58182125    3.14385936    3.08905082    2.91016746    3.69508078    3.35584864    3.09979911    2.90424807    3.01219214
U5ECB1_NOCAS/63-166     3.57958830    3.55864603    3.19688214    3.46015835    3.94196634    3.42841607    4.12683405    3.91756377    3.86749789    3.26149185    2.88546144    2.75705569    1.01537089    1.04982960    1.21755858    1.33079916    0.84297628    0.86541589    0.00000000    3.10010423    3.13117537    3.69293088    3.54158570    3.37179718    3.29519735    3.51247312    3.11891205    3.17336351    3.19829543    3.03794396
A0A0B8MZU9_9NOCA/112-218     1.31643759    1.25829452    2.04606697    1.95228541    1.79714077    1.88564843    1.88809975    2.79430778    1.64366971    2.18847961    0.60726200    1.15080059    3.26145369    2.76836565    3.36632930    3.53558736    3.69067063    3.45092870    3.10010423    0.00000000    0.39913808    0.28050037    0.36884514    0.59506075    0.79311108    0.56534341    0.52832007    0.44457327    0.51012756    0.46859309
A0A0Q5QS57_9NOCA/119-225     1.28796882    1.32849008    2.11212631    2.02499072    2.20178666    2.04505417    1.93505869    2.58724220    1.95167769    2.16358118    0.67394555    1.09197490    3.07966398    2.62332246    3.11808872    3.89557704    3.52803432    3.35216759    3.13117537    0.39913808    0.00000000    0.33338177    0.43866107    0.60558985    0.78746277    0.68129888    0.46620864    0.50205229    0.52754772    0.56169405
A0A059MU73_9NOCA/99-205     1.26516930    1.23257705    2.22377357    1.97709376    2.16596100    1.96508769    1.93288778    2.44619324    1.74708163    2.20207949    0.62517480    1.22317856    3.14319616    3.27436805    3.47994404    3.91506982    3.63274493    3.58182125    3.69293088    0.28050037    0.33338177    0.00000000    0.31538074    0.48769813    0.72159639    0.53417137    0.39323007    0.42143215    0.42401128    0.43241207
A0A0H5D4S0_9PSEU/95-200     1.12493013    1.14731652    1.99476037    1.77450316    2.01847559    1.80528783    1.94618155    2.22957570    1.69942541    1.92963003    0.67103359    1.14770805    3.05409284    3.18258037    3.43536381    3.75120405    3.48365454    3.14385936    3.54158570    0.36884514    0.43866107    0.31538074    0.00000000    0.38891531    0.61517922    0.38191748    0.34683058    0.37686989    0.35223572    0.29873115
A0A076MVU5_AMYME/111-217     1.33090762    1.24040369    1.95990483    1.69380647    1.90192004    1.72262394    1.85517015    2.07305621    1.62734926    2.01208962    0.82718098    1.13511926    3.04467648    3.42853785    3.57233363    4.12924114    3.45179549    3.08905082    3.37179718    0.59506075    0.60558985    0.48769813    0.38891531    0.00000000    0.33385168    0.55481780    0.42336631    0.41811528    0.48727773    0.46854705
F6EN36_HOYSD/98-204     1.21893398    1.29466756    1.96509906    1.84152239    2.07008993    1.81000475    1.95847580    2.05470036    1.65889335    2.28978935    0.83883915    1.33087410    3.12109170    3.52956050    3.73426193    4.63849222    3.07476810    2.91016746    3.29519735    0.79311108    0.78746277    0.72159639    0.61517922    0.33385168    0.00000000    0.67063327    0.58412866    0.63400590    0.71006349    0.71818899
A4X869_SALTO/98-204     1.21105778    1.22395169    2.15254440    2.01864412    2.09934404    1.88036926    2.17889079    2.13454008    1.92378889    2.42538772    0.83719528    1.24760983    3.17417818    3.37623012    3.69687440    4.43234704    4.12127506    3.69508078    3.51247312    0.56534341    0.68129888    0.53417137    0.38191748    0.55481780    0.67063327    0.00000000    0.45362277    0.43896192    0.45259997    0.50956208
W5W6U7_9PSEU/94-200     1.05755988    1.14876442    2.16012841    1.87849852    2.08717316    1.68426445    2.01943534    2.01052083    1.87098337    2.14989281    0.72897048    1.18538646    3.03383150    3.04342589    3.34422117    3.72289501    3.69200179    3.35584864    3.11891205    0.52832007    0.46620864    0.39323007    0.34683058    0.42336631    0.58412866    0.45362277    0.00000000    0.24788167    0.31209354    0.30988363
W7SUC8_9PSEU/90-196     1.16830439    1.23582112    2.12825658    1.90521569    1.95736068    1.88958260    2.04469321    2.08588040    1.87882449    2.19110338    0.78177110    1.17928058    3.04581381    3.06823724    3.13667671    3.97029383    3.61172403    3.09979911    3.17336351    0.44457327    0.50205229    0.42143215    0.37686989    0.41811528    0.63400590    0.43896192    0.24788167    0.00000000    0.37737321    0.36987600
A0A073BE76_9PSEU/94-200     1.23265555    1.23842123    2.26353432    1.96550690    2.11992708    1.85383422    2.26617740    2.24749865    1.88630479    2.30485321    0.69472577    1.22488841    2.59317598    2.68471528    2.79614226    3.44580319    3.49393135    2.90424807    3.19829543    0.51012756    0.52754772    0.42401128    0.35223572    0.48727773    0.71006349    0.45259997    0.31209354    0.37737321    0.00000000    0.30568141
A0A0F0GTX9_LENAE/96-202     1.14919857    1.15531222    2.09633162    1.82119733    2.13254158    1.84074950    2.07834611    2.29254669    1.85539862    2.26465675    0.69390936    1.31207218    2.82920295    2.79890717    2.91372045    3.34913241    3.18892444    3.01219214    3.03794396    0.46859309    0.56169405    0.43241207    0.29873115    0.46854705    0.71818899    0.50956208    0.30988363    0.36987600    0.30568141    0.00000000

