7
A0A2H2I116_CAEJA/21-97     0.00000000    1.98858580    2.12810327    2.19864683    0.51694614    0.53607648    0.51803841
A8XCA5_CAEBR/2-67     1.98858580    0.00000000    0.24841305    0.32021208    2.29387265    2.16919930    2.07263541
SID5_CAEEL/2-67     2.12810327    0.24841305    0.00000000    0.30310206    2.28583201    2.30685313    2.17622867
E3LD83_CAERE/2-68     2.19864683    0.32021208    0.30310206    0.00000000    2.55936502    2.33118249    2.21514969
A8X0G6_CAEBR/22-97     0.51694614    2.29387265    2.28583201    2.55936502    0.00000000    0.45400235    0.27201443
Q9XWN8_CAEEL/21-96     0.53607648    2.16919930    2.30685313    2.33118249    0.45400235    0.00000000    0.27216949
G0N0U7_CAEBE/17-92     0.51803841    2.07263541    2.17622867    2.21514969    0.27201443    0.27216949    0.00000000

