11
R0MIR8_NOSB1/37-149     0.00000000    0.02717830    1.04692865    1.68385674    1.67312727    1.90176474    1.32320276    1.30027294    0.85731526    0.71329143    1.16327932
R0M901_NOSB1/7-119     0.02717830    0.00000000    1.00642572    1.63815420    1.69923409    1.89999136    1.29860850    1.26103281    0.81885899    0.69896961    1.13495771
J9DKH1_EDHAE/15-127     1.04692865    1.00642572    0.00000000    1.16216462    1.18899626    1.81673720    1.23742575    1.22969463    1.36280436    1.30233557    2.00714011
H8ZCH0_NEMS1/34-146     1.68385674    1.63815420    1.16216462    0.00000000    0.15018655    2.89141857    1.72989402    1.59097507    1.61999687    1.62402738    1.85166971
I3EG97_NEMP3/34-146     1.67312727    1.69923409    1.18899626    0.15018655    0.00000000    2.62224619    1.74872572    1.66812161    1.55842003    1.56042065    1.93687957
S7XJG9_SPRLO/87-211     1.90176474    1.89999136    1.81673720    2.89141857    2.62224619    0.00000000    1.57653879    1.62682525    1.84972701    1.84895222    1.97344741
L2GUS9_VAVCU/14-125     1.32320276    1.29860850    1.23742575    1.72989402    1.74872572    1.57653879    0.00000000    0.17716823    1.36516910    1.30994734    1.65817267
L7JY63_TRAHO/14-125     1.30027294    1.26103281    1.22969463    1.59097507    1.66812161    1.62682525    0.17716823    0.00000000    1.34140972    1.39775584    1.87756298
Q8SWP4_ENCCU/19-131     0.85731526    0.81885899    1.36280436    1.61999687    1.55842003    1.84972701    1.36516910    1.34140972    0.00000000    0.82129833    1.24228576
C4VA34_NOSCE/22-134     0.71329143    0.69896961    1.30233557    1.62402738    1.56042065    1.84895222    1.30994734    1.39775584    0.82129833    0.00000000    1.00190535
B7XJR5_ENTBH/8-120     1.16327932    1.13495771    2.00714011    1.85166971    1.93687957    1.97344741    1.65817267    1.87756298    1.24228576    1.00190535    0.00000000

