66
Q74HP3_LACJO/598-678     0.00000000    1.70436061    1.69690639    2.28465861    1.98987056    1.98179626    2.01703550    2.21215605    1.49081252    1.83352802    1.87350598    1.87047308    1.84816425    1.90319612    2.51358553    1.69996436    2.01072215    2.02479976    2.48492248    2.03145309    2.87590569    2.34839973    2.06171632    1.91117997    1.68047600    2.41165843    2.05569467    3.08378483    2.56721319    2.83057490    1.93063921    1.96567227    1.94961425    2.26512134    2.64076930    2.10159566    1.90583152    2.02608526    1.96687875    1.59510620    2.25986313    1.88030558    2.04303578    1.69158618    2.11779732    1.78137938    1.93965529    1.82722825    2.10857239    2.10853936    2.06170568    1.92682259    2.11955938    2.15159347    1.96496074    1.96275124    2.20713430    1.95193565    2.28884751    2.03919933    1.98821030    1.95038180    2.11677668    1.79004008    2.57533699    3.24206451
Q74HP3_LACJO/999-1068     1.70436061    0.00000000    0.01458233    1.09971998    1.07191430    0.68429464    0.87812119    1.05172337    1.44071479    1.58207285    1.41995087    1.41782246    1.71618186    1.55137449    1.93254613    1.71198086    1.57932975    1.30198021    1.98196542    0.87795646    2.56336648    2.75842690    1.42160278    1.29838906    1.55591694    2.17439039    1.84432633    2.43730649    2.38100409    2.66549824    1.19602386    1.51685775    1.39311511    1.34551673    1.32083952    1.51601195    1.23525727    1.32801154    1.28538447    1.61001295    1.61056657    2.35955664    2.25810740    3.02268452    3.18709857    2.76006666    3.30619465    2.54728206    2.22731753    1.77947225    1.64234444    1.37902041    1.37905521    1.28096024    1.40046725    1.17557357    1.36107060    1.90189162    1.96278065    1.86975726    1.37582349    1.52760426    1.67086910    1.58731879    2.21145684    1.97109670
Q74HP3_LACJO/1217-1286     1.69690639    0.01458233    0.00000000    1.06095580    1.07885457    0.67266513    0.86252857    1.04655223    1.43316593    1.52638767    1.41053683    1.37077265    1.65637626    1.61838046    1.91900896    1.65343591    1.59261113    1.25800707    2.03250931    0.92102597    2.54855446    2.74330330    1.41342401    1.28345945    1.56836394    2.19855959    1.86102929    2.34734661    2.40698735    2.69866620    1.15458536    1.46580841    1.34605050    1.29855741    1.27833509    1.49876684    1.24323756    1.33726487    1.30991111    1.62332238    1.66668491    2.40851620    2.30927230    3.06088960    3.22866595    2.79572306    3.29501167    2.57909118    2.28764668    1.76821105    1.65717226    1.40986770    1.36951051    1.23769619    1.35170082    1.13541718    1.31476565    1.83358702    1.96487695    1.89065779    1.34925369    1.60189581    1.70915271    1.58662235    2.21675447    1.89662666
A0A0D4CJU6_LACMC/934-1007     2.28465861    1.09971998    1.06095580    0.00000000    0.54710050    0.39063947    0.53354709    1.10113348    0.87762999    1.04924149    0.99677679    0.99619835    1.25650139    1.27235667    1.63346374    1.55042995    1.74130015    1.51750000    1.97718754    1.23887871    2.20917327    2.17023575    1.53538057    1.63627200    1.99363221    2.41533638    1.81972902    2.39012204    2.34622187    2.45790218    1.21158698    1.45502247    1.28768421    1.66947647    1.73953860    1.78439949    1.20902293    1.28706727    1.33802225    1.84979022    2.13552396    2.00977646    2.33373794    3.62086397    4.18187237    2.79655514    3.97565710    2.63215507    2.69149890    1.45881231    1.41974246    1.24426504    1.38758805    1.29799799    1.41353453    1.40263750    1.64357489    1.48096737    1.69424171    1.70631502    1.42793799    1.54520730    1.70360223    1.67219293    1.89979854    1.88816393
A0A0D4CJU6_LACMC/1302-1372     1.98987056    1.07191430    1.07885457    0.54710050    0.00000000    0.91117700    0.73491179    1.04105441    1.13144618    1.52692958    1.26052684    1.35711184    1.65433806    1.56168173    1.60023359    1.56674439    1.74585207    1.70910711    2.34945112    1.25840930    1.85693058    2.46421668    1.39512413    1.44791487    1.18258826    2.04749999    1.64413141    2.38982938    2.30450653    2.06117328    1.14229385    1.51252378    1.18227703    1.49582930    1.34397277    1.60942377    1.27447801    1.32104622    1.36428572    1.51914539    1.80042213    1.57301846    1.86683407    2.46552548    2.18619761    2.59011391    2.86484656    2.30847807    2.16409575    1.48002042    1.27944184    1.15217526    1.12270311    1.41115157    1.10875355    1.51512715    1.53208681    1.58864927    1.72230459    1.77576680    1.49919876    1.34295427    1.57074825    1.37921665    2.26498857    2.25788281
A0A0D4CJU6_LACMC/1672-1746     1.98179626    0.68429464    0.67266513    0.39063947    0.91117700    0.00000000    0.32848140    0.91228018    0.89500520    1.15518763    1.01077409    0.97301087    1.25619976    1.26559353    1.66779208    1.42783356    1.38514853    1.41306855    1.84908917    1.07255263    2.21321836    1.94725043    1.49450314    1.49698877    1.43295039    2.02948202    1.66214868    2.26158767    2.64650655    2.94807487    1.10348077    1.41964702    1.25046656    1.68512793    1.55863470    1.56780523    1.21785879    1.20287159    1.24604419    1.42649083    1.85833252    2.13499438    2.11652121    3.23160911    3.62209378    2.97383677    2.96639339    2.48842893    2.44430470    1.33812885    1.30773167    1.18117735    1.11011774    1.04951856    1.16232172    1.18986917    1.30386488    1.52969170    1.50924416    1.45563286    1.15250989    1.51887385    1.73457326    1.30242774    1.62021321    1.51884622
A0A0D4CJU6_LACMC/748-823     2.01703550    0.87812119    0.86252857    0.53354709    0.73491179    0.32848140    0.00000000    0.76543234    0.79570073    1.05672591    0.94598867    0.93894893    1.24007572    1.28931840    1.39947513    1.46667517    1.17467205    1.24659358    1.82966524    0.98486758    2.40528483    1.95237799    1.21809485    1.35403133    1.32332120    2.19438765    1.69545266    2.10774931    2.51857243    2.69487431    1.06935918    1.34119352    1.22721172    1.70539447    1.62469730    1.60239410    1.18971718    1.18614928    1.32719470    1.53004249    1.82698085    2.01434828    2.13285249    2.77415666    3.54213084    3.04728981    2.87298178    2.19782714    2.20915011    1.33478445    1.29860619    1.18181961    1.12867684    1.26867903    1.11717429    1.19825929    1.26480042    1.36974827    1.46407151    1.71068810    1.35663507    1.20901619    1.72866053    1.40153551    1.66628409    1.56237882
A0A0D4CKV8_LACMC/2321-2399     2.21215605    1.05172337    1.04655223    1.10113348    1.04105441    0.91228018    0.76543234    0.00000000    0.72795192    0.85145249    0.84444077    0.88542174    1.05594102    0.99239309    1.14386124    1.52274261    1.19820676    1.23874931    1.97856965    0.94261344    1.88301067    2.22234151    1.22237962    1.34384741    1.38377046    2.03807464    1.69047359    1.76623718    2.17436381    2.21672925    1.15164735    1.45026068    1.07969061    1.52689973    1.59951301    1.29913212    1.23195644    1.25982004    1.33518321    1.67481510    1.75198740    1.47697540    1.70157348    2.45802210    2.53665720    2.68739684    3.01824932    2.34267566    2.70022441    1.29462759    1.06138777    1.07333396    1.13374589    1.54366607    1.24646750    1.39238006    1.19267985    1.12542317    1.22701774    1.37155154    1.09361306    1.66178638    1.85526289    1.34882065    1.58775047    1.75814680
Q74LY6_LACJO/1538-1613     1.49081252    1.44071479    1.43316593    0.87762999    1.13144618    0.89500520    0.79570073    0.72795192    0.00000000    0.27175611    0.26940432    0.36562504    0.43717207    0.74584628    1.11720322    1.17118559    1.17927480    0.99503007    1.81117821    0.89241854    2.15207801    1.80473844    1.23900320    1.38192005    1.21469904    1.60186510    1.26515319    1.63546586    1.68068235    1.56341279    0.95264468    0.90199091    0.81892531    1.75465662    1.59755332    1.25637457    1.22720517    1.29966665    1.37073165    1.68965905    1.65967470    2.05136718    2.47589479    2.46985309    2.82394505    2.12658159    2.41331173    1.90902260    1.83356734    1.14812263    1.16071545    0.93253294    1.08951628    1.29129629    1.16131507    1.41991405    1.48665981    0.91192470    0.89771974    1.15971124    1.09780485    1.55391175    1.47310018    1.09780928    1.71722016    1.78422454
Q5FKA5_LACAC/1333-1408     1.83352802    1.58207285    1.52638767    1.04924149    1.52692958    1.15518763    1.05672591    0.85145249    0.27175611    0.00000000    0.31897527    0.37727002    0.38741373    0.86381293    1.20546529    1.19563345    1.12332746    1.06492881    1.88787904    0.92798875    2.43671361    1.91699017    1.29814850    1.51605225    1.44866939    1.90099393    1.26472815    1.54353684    1.62907307    1.59002223    0.87592542    1.03554482    0.90044559    1.62697161    1.53949452    1.39385835    1.44823270    1.37467018    1.49573244    1.65722490    1.68909433    2.17415913    2.38610788    2.39685294    2.67643096    1.95127883    2.45570136    1.81747583    1.97170519    1.41745574    1.35583595    1.07402183    1.30573180    1.58477014    1.31896762    1.37903839    1.58388742    0.83089089    0.94956867    1.31520648    1.18750231    1.52077957    1.63201297    1.37832857    1.84677088    1.79343481
A0A0R1P0V3_9LACO/3435-3510     1.87350598    1.41995087    1.41053683    0.99677679    1.26052684    1.01077409    0.94598867    0.84444077    0.26940432    0.31897527    0.00000000    0.36537859    0.43533237    0.83471175    1.16343755    1.19514460    1.17897279    1.02433938    1.60881248    0.85078904    2.34810759    2.17244491    1.21984019    1.58755543    1.37655379    1.79776651    1.51433569    1.58628998    1.88794748    1.85504799    0.91345205    1.05885181    0.97309135    1.59177172    1.64400646    1.05318091    1.40605187    1.46747850    1.51112712    1.53806487    1.58793077    2.18243364    2.45428572    2.59318628    2.84362869    2.03184800    2.51164331    2.09062746    2.09936502    1.20476750    1.26204305    1.00879713    1.14686950    1.43176013    1.16695212    1.49430661    1.52753735    0.92754770    0.99713423    1.36747169    1.11625954    1.48625778    1.44099805    1.17598117    1.86756202    1.96526202
Q5FKA6_LACAC/2247-2322     1.87047308    1.41782246    1.37077265    0.99619835    1.35711184    0.97301087    0.93894893    0.88542174    0.36562504    0.37727002    0.36537859    0.00000000    0.43454704    0.92213622    1.23959026    1.20229919    1.14544481    1.05746962    1.97260378    1.08339882    2.09574001    2.12011096    1.26018474    1.51739176    1.48726443    1.93250025    1.34010077    1.66682879    1.83006688    1.74725359    0.98902518    1.21145288    1.13010991    1.81225193    1.74550076    1.62143646    1.35189528    1.39974841    1.43196501    1.68048025    1.95262926    1.95047707    2.29916862    2.34564346    3.19701040    2.28268036    2.64376923    2.16849542    2.25971675    1.29395771    1.24919800    1.16448583    1.32647317    1.54772376    1.42039900    1.34767265    1.49186292    1.10038930    1.21287798    1.41220074    1.13358894    1.74391171    1.65481427    1.40206332    1.93559821    2.01659928
Q5FKA6_LACAC/1586-1661     1.84816425    1.71618186    1.65637626    1.25650139    1.65433806    1.25619976    1.24007572    1.05594102    0.43717207    0.38741373    0.43533237    0.43454704    0.00000000    0.99813577    1.35108437    1.36041202    1.36060330    1.06465231    2.19394818    1.29609325    2.47344408    1.97318017    1.42742886    1.76111086    1.28241668    1.97639575    1.45471353    1.78002398    1.94198792    2.03237092    1.09479147    1.10146701    1.13227689    1.89204081    1.89980846    1.49843831    1.41603849    1.43127340    1.49294392    1.73763216    1.83591696    2.21154065    2.51610526    2.51077036    3.15171147    2.20488421    2.56282938    2.08385031    2.05080145    1.77302806    1.58271131    1.21335388    1.45164958    1.64437174    1.32451733    1.59580249    1.70176443    0.97439613    1.21411551    1.41602030    1.25997821    1.81202765    1.77516864    1.35179235    2.11285801    1.81870945
A0A0D4CKV8_LACMC/221-303     1.90319612    1.55137449    1.61838046    1.27235667    1.56168173    1.26559353    1.28931840    0.99239309    0.74584628    0.86381293    0.83471175    0.92213622    0.99813577    0.00000000    1.20806708    1.48794242    1.29047042    1.20371565    2.16403422    1.08951421    2.63323521    2.57128332    1.46386125    1.55932884    1.64517132    2.36318588    1.47436266    1.99085950    2.28811177    1.96301555    1.42659617    1.43160988    1.43527678    1.86621235    1.88442305    1.89238852    1.47613794    1.61509721    1.39593359    2.02541690    2.27361621    2.15261442    2.10764455    2.64358604    3.83957243    2.83035307    2.64715634    2.61849145    2.88922314    1.65513886    1.83548616    1.35097129    1.54902547    1.81114557    1.42824868    1.64590414    1.67814782    1.37365473    1.42151077    1.72263242    1.27609451    2.07814831    2.13853714    1.62441310    2.09570092    2.56940466
A0A0D4CKV8_LACMC/1923-2004     2.51358553    1.93254613    1.91900896    1.63346374    1.60023359    1.66779208    1.39947513    1.14386124    1.11720322    1.20546529    1.16343755    1.23959026    1.35108437    1.20806708    0.00000000    1.44905915    1.38612568    1.89799598    2.36278493    1.39942762    2.43805075    2.38368754    1.94165211    2.07076419    1.92797645    2.11682706    1.86132120    2.14674887    2.10359178    2.00552139    1.17384231    1.24117799    1.17085199    1.79129861    1.99338072    2.05844594    1.72918381    1.81930517    1.72089125    1.46129593    1.59418535    1.85571676    1.88618539    1.98689363    3.12316627    2.25761865    2.14010996    2.40945534    1.78027802    1.25765021    1.10465221    0.99947668    1.18841951    1.54258233    1.29152173    1.13522327    1.22085261    1.32521129    1.27950428    1.50810496    1.20339272    1.49332817    2.18939271    1.22830453    1.95108161    1.83933620
A0A0R1P0V3_9LACO/1841-1930     1.69996436    1.71198086    1.65343591    1.55042995    1.56674439    1.42783356    1.46667517    1.52274261    1.17118559    1.19563345    1.19514460    1.20229919    1.36041202    1.48794242    1.44905915    0.00000000    1.74459487    1.26367933    1.91067426    1.40942079    2.62580892    1.77861551    1.55918443    1.53552051    1.65578682    2.48834047    1.75448480    2.28748710    2.23256862    2.11255794    1.27386980    1.17595812    1.33052090    1.86014914    1.64912041    1.90544018    1.66738213    1.72497444    1.77428715    1.59717846    1.67260351    2.24419019    2.28630769    2.02674996    2.29728513    2.08040120    2.37671173    2.26296344    2.33242949    1.61296818    1.72580160    1.43115873    1.59185072    2.16637726    1.42763366    1.86953958    1.80993983    1.44028674    1.90954548    1.83569592    1.65389831    1.44860254    2.12073550    1.58194208    1.99697853    2.17878355
A0A0R1P0I2_9LACO/211-289     2.01072215    1.57932975    1.59261113    1.74130015    1.74585207    1.38514853    1.17467205    1.19820676    1.17927480    1.12332746    1.17897279    1.14544481    1.36060330    1.29047042    1.38612568    1.74459487    0.00000000    1.21636977    1.72139547    1.18609460    2.47045364    1.99684787    2.08496446    1.81855911    1.62322602    1.78467740    2.05002480    2.09593876    2.18455478    2.06188386    1.46268318    1.78566189    1.64799131    2.20902291    2.34862816    1.68694082    1.72533865    1.72788737    1.71844716    1.58798716    1.75022125    1.82898750    1.87138043    2.51926461    2.82505075    2.51726808    2.73728432    2.16147409    1.88326203    1.84852768    1.65039615    1.40360613    1.52305142    1.89348048    1.53297035    1.73782456    1.82500132    1.47439723    1.58913595    1.68521635    1.39579623    1.86817312    2.49848232    1.74077626    1.98749058    2.43793917
Q74LY7_LACJO/193-271     2.02479976    1.30198021    1.25800707    1.51750000    1.70910711    1.41306855    1.24659358    1.23874931    0.99503007    1.06492881    1.02433938    1.05746962    1.06465231    1.20371565    1.89799598    1.26367933    1.21636977    0.00000000    1.89373290    0.97691368    2.73931875    2.10248201    1.55877110    1.63848007    1.61670282    2.18373670    2.18052984    2.28703913    2.38790937    2.50220475    1.17764775    1.39300250    1.55280133    1.79196615    1.68736637    1.78410286    1.45907526    1.35373459    1.50855961    2.09871729    2.39857611    2.28464501    2.50760747    2.37299345    3.37693863    3.21316912    2.79333651    2.64777134    2.85302867    1.91312537    2.03478793    1.38992527    1.76299877    1.87896968    1.61919681    1.59255822    1.70845625    1.39279282    1.48098498    2.22337996    1.61165683    2.02612587    2.17654261    1.94195123    2.00932530    2.15253123
Q5FKK8_LACAC/11-85     2.48492248    1.98196542    2.03250931    1.97718754    2.34945112    1.84908917    1.82966524    1.97856965    1.81117821    1.88787904    1.60881248    1.97260378    2.19394818    2.16403422    2.36278493    1.91067426    1.72139547    1.89373290    0.00000000    1.91701096    3.56204413    2.83445365    2.27297630    2.74887195    2.22181530    2.55389102    2.64129755    2.53919802    2.76013213    2.79592481    2.13447505    2.17946376    2.13631735    3.15855979    2.75195937    2.19492514    2.36513062    2.25008972    2.25618728    2.66995428    2.13247878    2.54253755    2.50835263    2.30735436    2.71766337    2.10814420    2.63608948    2.02309106    2.00508744    2.43394246    2.27329365    2.27204842    2.90278128    2.99423710    2.30083389    2.09687800    2.17511199    2.30492029    2.71302223    2.82617062    2.44761338    2.55704200    2.85437162    2.34054928    2.95748511    3.57066637
A0A062X8M4_9LACO/107-180     2.03145309    0.87795646    0.92102597    1.23887871    1.25840930    1.07255263    0.98486758    0.94261344    0.89241854    0.92798875    0.85078904    1.08339882    1.29609325    1.08951421    1.39942762    1.40942079    1.18609460    0.97691368    1.91701096    0.00000000    1.95833769    1.86741023    1.24351326    1.11966770    1.33733189    1.68478322    1.53563269    2.12835967    1.96971403    1.76624339    1.08094650    1.04375203    1.14542436    1.60700218    1.57715237    1.51497959    1.40869793    1.38253787    1.45986180    1.57259316    1.80519117    2.17855796    2.25204350    2.54922359    2.81399110    2.13001419    2.38473748    1.84226722    2.14979224    1.79940784    1.78287961    0.96900600    0.92287957    1.21321999    1.16115219    1.15657123    1.06914875    1.22225866    1.37277711    1.37745362    0.97628449    1.27684324    1.97331017    1.54143449    1.52275880    1.94720176
M5J4F7_9LACO/685-767     2.87590569    2.56336648    2.54855446    2.20917327    1.85693058    2.21321836    2.40528483    1.88301067    2.15207801    2.43671361    2.34810759    2.09574001    2.47344408    2.63323521    2.43805075    2.62580892    2.47045364    2.73931875    3.56204413    1.95833769    0.00000000    1.56837032    2.10894411    1.91847104    2.37117869    2.05939048    2.67697643    3.28596369    3.14785307    2.92400991    1.91706027    2.17452371    2.08487454    2.40181746    2.00084663    2.59097755    2.06795381    2.13730006    2.19378094    1.99536608    3.18137908    2.17441689    2.67099754    2.99957023    2.89981097    2.87128165    2.54766985    2.69767789    2.31870502    2.79783051    2.40436245    1.60048065    1.44528713    1.76806177    1.75783339    1.98128203    2.17799033    2.27872647    2.77390360    2.17202599    1.89789626    2.60655505    2.72640113    2.07467696    2.04953266    2.16517709
M5J4F7_9LACO/893-982     2.34839973    2.75842690    2.74330330    2.17023575    2.46421668    1.94725043    1.95237799    2.22234151    1.80473844    1.91699017    2.17244491    2.12011096    1.97318017    2.57128332    2.38368754    1.77861551    1.99684787    2.10248201    2.83445365    1.86741023    1.56837032    0.00000000    1.75836604    2.12447250    2.42048274    2.10482331    2.54849154    2.51397040    2.33101640    2.38429913    1.73865861    1.56683234    1.63934606    3.07366904    3.10583542    2.63248414    2.56015533    2.61779000    2.08564459    1.77251605    2.25574474    2.20168525    2.40455285    2.12931493    2.51477807    1.84127936    2.31372922    2.06586242    2.86497513    2.25555357    2.37455765    1.70926690    2.20348543    1.72694517    2.52082969    2.16763143    2.13058122    2.14075462    2.31369245    2.57067073    2.11142569    2.31728012    2.49639219    2.38185412    2.49259657    2.41949909
A0A0D4CJU6_LACMC/553-635     2.06171632    1.42160278    1.41342401    1.53538057    1.39512413    1.49450314    1.21809485    1.22237962    1.23900320    1.29814850    1.21984019    1.26018474    1.42742886    1.46386125    1.94165211    1.55918443    2.08496446    1.55877110    2.27297630    1.24351326    2.10894411    1.75836604    0.00000000    0.32441999    1.55074139    2.18087287    1.95145257    2.02935636    2.14053158    2.06542309    1.26865465    1.15985902    1.37272887    1.93236677    1.95223438    2.62064556    1.84820962    1.87399991    1.76643299    1.82635662    1.93352865    2.03050399    2.06183918    1.87008373    2.47776832    1.78154074    2.15780649    1.61108726    2.20002356    1.45578367    1.50143879    1.61904546    1.60321857    1.86730883    1.69826817    1.79464931    1.72916788    1.73097641    1.76044242    2.11996035    1.62218133    1.85238700    1.60474081    1.71175012    1.85150169    1.98401145
A0A0D4CJU6_LACMC/1480-1562     1.91117997    1.29838906    1.28345945    1.63627200    1.44791487    1.49698877    1.35403133    1.34384741    1.38192005    1.51605225    1.58755543    1.51739176    1.76111086    1.55932884    2.07076419    1.53552051    1.81855911    1.63848007    2.74887195    1.11966770    1.91847104    2.12447250    0.32441999    0.00000000    1.62739707    2.15020906    2.32142090    2.34424053    2.41409500    2.26639321    1.25894950    1.21471572    1.36237735    1.97982957    2.09258630    2.27066289    1.83245489    2.09573397    1.83535589    2.01659715    1.77105707    1.97576915    2.12594548    2.34431658    2.64259795    2.26354022    2.38157335    1.96145798    2.31192644    1.68068549    1.65376495    1.51116803    1.66321761    1.85975827    1.55135773    1.73954017    1.87249001    1.74045370    1.90794216    2.13432976    1.87189365    1.88054265    1.71757282    1.89317475    2.00060802    2.26558695
Q5FIF3_LACAC/536-607     1.68047600    1.55591694    1.56836394    1.99363221    1.18258826    1.43295039    1.32332120    1.38377046    1.21469904    1.44866939    1.37655379    1.48726443    1.28241668    1.64517132    1.92797645    1.65578682    1.62322602    1.61670282    2.22181530    1.33733189    2.37117869    2.42048274    1.55074139    1.62739707    0.00000000    1.52032798    1.46529775    1.97931009    1.81001899    1.83980624    1.17529156    1.25834758    1.19208886    1.53858051    1.51927569    1.40923100    1.40201457    1.32580497    1.29275240    1.46246881    1.65090508    1.85070836    1.95221519    2.01982109    2.06670713    1.70976852    2.01354140    1.67669047    1.95337987    1.73423545    1.66014300    1.43201551    1.34376843    1.73046918    1.38520568    1.79170495    1.69352411    1.93179803    1.83363964    2.00097389    1.90428339    1.38660447    1.54196333    1.37998254    2.45585211    2.66431224
A0A0R1P0V3_9LACO/2336-2409     2.41165843    2.17439039    2.19855959    2.41533638    2.04749999    2.02948202    2.19438765    2.03807464    1.60186510    1.90099393    1.79776651    1.93250025    1.97639575    2.36318588    2.11682706    2.48834047    1.78467740    2.18373670    2.55389102    1.68478322    2.05939048    2.10482331    2.18087287    2.15020906    1.52032798    0.00000000    1.72829004    2.02484891    1.62498437    1.63407703    1.73930119    1.73728293    1.77247088    2.65787158    2.37172012    1.59981729    1.40015866    1.67518416    1.70759621    1.68092137    2.03246338    1.86832662    1.93915116    1.74306137    2.24754886    1.97255530    2.26618180    2.08075273    2.36059633    1.65511984    1.67555540    1.93271048    1.79399051    1.49521636    1.75000856    2.16978807    2.06944278    1.94539227    1.85710367    1.56151207    2.02760926    1.82625333    2.06873171    2.21318228    2.36402707    2.58204163
A0A0R2FUB6_9LACO/1073-1152     2.05569467    1.84432633    1.86102929    1.81972902    1.64413141    1.66214868    1.69545266    1.69047359    1.26515319    1.26472815    1.51433569    1.34010077    1.45471353    1.47436266    1.86132120    1.75448480    2.05002480    2.18052984    2.64129755    1.53563269    2.67697643    2.54849154    1.95145257    2.32142090    1.46529775    1.72829004    0.00000000    1.25696973    1.05010748    1.03936706    1.43366009    1.64933928    1.50639335    1.61830523    1.51065214    1.52805342    1.47209776    1.42094878    1.48502898    1.72355109    2.02186824    1.95751655    2.11563649    1.57876800    2.16841566    1.89401107    1.97352137    2.36265312    2.19677705    1.87017558    2.22707099    1.57655484    1.47087438    1.82804430    1.79313685    1.68042433    1.58569927    2.00058860    1.98604228    1.60709509    1.56445443    1.55410526    2.36176348    1.73588653    1.91459276    2.22270757
A0A0R2FUB6_9LACO/1429-1500     3.08378483    2.43730649    2.34734661    2.39012204    2.38982938    2.26158767    2.10774931    1.76623718    1.63546586    1.54353684    1.58628998    1.66682879    1.78002398    1.99085950    2.14674887    2.28748710    2.09593876    2.28703913    2.53919802    2.12835967    3.28596369    2.51397040    2.02935636    2.34424053    1.97931009    2.02484891    1.25696973    0.00000000    0.77666659    0.76047637    1.57726435    2.00806276    1.37873800    2.18476098    2.13428983    1.70320287    2.12920118    1.89951400    1.99353603    2.21774353    1.77591235    2.01846813    2.13918744    1.67665713    2.05790448    2.20893810    1.85692264    2.16324494    1.89252966    1.48443022    1.89471686    1.60891407    1.63262112    1.85311608    1.76613980    2.04216629    1.75352956    1.64413716    1.81646310    1.95124912    1.61708293    2.09920064    2.32138524    2.19148333    2.13454120    2.26851590
A0A0R2FUB6_9LACO/1604-1675     2.56721319    2.38100409    2.40698735    2.34622187    2.30450653    2.64650655    2.51857243    2.17436381    1.68068235    1.62907307    1.88794748    1.83006688    1.94198792    2.28811177    2.10359178    2.23256862    2.18455478    2.38790937    2.76013213    1.96971403    3.14785307    2.33101640    2.14053158    2.41409500    1.81001899    1.62498437    1.05010748    0.77666659    0.00000000    0.16144060    1.84151296    1.85519095    1.65271012    2.30666558    2.16926667    1.52245876    1.96356574    1.82394008    1.74363213    1.90040690    1.97384189    2.07297141    2.09441237    1.53412863    1.73992950    1.61219115    1.66918496    1.90850930    1.58827992    2.02926486    2.21952490    1.90690352    1.67072283    2.26184662    2.16512084    2.49236116    2.47970779    1.97758510    1.90509435    2.04073633    1.75970314    2.14780250    2.07939628    2.46134110    1.88835250    2.36411051
A0A0R2FUB6_9LACO/1952-2023     2.83057490    2.66549824    2.69866620    2.45790218    2.06117328    2.94807487    2.69487431    2.21672925    1.56341279    1.59002223    1.85504799    1.74725359    2.03237092    1.96301555    2.00552139    2.11255794    2.06188386    2.50220475    2.79592481    1.76624339    2.92400991    2.38429913    2.06542309    2.26639321    1.83980624    1.63407703    1.03936706    0.76047637    0.16144060    0.00000000    1.83299152    1.92507884    1.67964653    2.27548918    2.08434211    1.64635022    2.17404300    2.03538884    1.99541900    1.99734878    1.92781521    2.07320559    2.09426063    1.50826785    1.71145692    1.65391693    1.70406920    1.88855787    1.67263733    2.15889081    2.20075029    1.69074528    1.54583512    2.44090506    2.06098885    2.36990594    2.25093765    1.78112462    1.97646061    1.88570762    1.65708753    2.37258444    2.14975883    2.40868622    1.96222866    2.38288896
A0A0R2KLN6_9LACO/220-294     1.93063921    1.19602386    1.15458536    1.21158698    1.14229385    1.10348077    1.06935918    1.15164735    0.95264468    0.87592542    0.91345205    0.98902518    1.09479147    1.42659617    1.17384231    1.27386980    1.46268318    1.17764775    2.13447505    1.08094650    1.91706027    1.73865861    1.26865465    1.25894950    1.17529156    1.73930119    1.43366009    1.57726435    1.84151296    1.83299152    0.00000000    0.43839486    0.28515625    0.85389635    0.89155135    0.91700161    0.89323807    0.81274625    0.87894625    1.09821186    1.35371262    1.59411418    1.88533158    1.85961654    1.95536684    1.68343446    1.86805358    1.92376493    2.09378400    1.15979240    1.13428608    0.85126627    0.82606534    0.98342953    1.06811224    0.91604980    0.98307895    1.13300091    1.15535246    1.48889576    1.11371005    1.29317403    1.81403241    1.14423153    1.23709046    1.40714852
A0A0R2KLN6_9LACO/12-86     1.96567227    1.51685775    1.46580841    1.45502247    1.51252378    1.41964702    1.34119352    1.45026068    0.90199091    1.03554482    1.05885181    1.21145288    1.10146701    1.43160988    1.24117799    1.17595812    1.78566189    1.39300250    2.17946376    1.04375203    2.17452371    1.56683234    1.15985902    1.21471572    1.25834758    1.73728293    1.64933928    2.00806276    1.85519095    1.92507884    0.43839486    0.00000000    0.43111037    1.02481434    1.04843090    1.24737790    1.23826338    1.22296196    1.20272168    1.40739960    1.47276347    2.00089382    2.51278689    1.97683230    2.36466821    1.71820424    1.72917351    2.05350878    2.02168246    1.20711408    1.32859130    1.16074907    1.08865732    1.13262495    1.21530267    1.20213511    1.14792497    1.25897643    1.35333706    1.63451171    1.41902002    1.40252872    1.61965148    1.35363647    1.26532887    1.43888423
A0A0R2KLN6_9LACO/428-502     1.94961425    1.39311511    1.34605050    1.28768421    1.18227703    1.25046656    1.22721172    1.07969061    0.81892531    0.90044559    0.97309135    1.13010991    1.13227689    1.43527678    1.17085199    1.33052090    1.64799131    1.55280133    2.13631735    1.14542436    2.08487454    1.63934606    1.37272887    1.36237735    1.19208886    1.77247088    1.50639335    1.37873800    1.65271012    1.67964653    0.28515625    0.43111037    0.00000000    1.01376463    1.09983205    0.78143809    1.01014491    0.91353155    0.94477989    1.27340813    1.27674979    1.71884842    2.10001857    1.78938808    1.93027804    1.74493422    1.64384821    1.73799366    1.86915418    1.13604436    0.99071186    0.88294264    0.94049827    0.97669516    1.08573509    1.00102719    0.91854062    1.07308928    1.14212397    1.31196566    1.03041564    1.25386469    1.65034456    1.23395396    1.37264906    1.47621802
Q03FB8_PEDPA/501-574     2.26512134    1.34551673    1.29855741    1.66947647    1.49582930    1.68512793    1.70539447    1.52689973    1.75465662    1.62697161    1.59177172    1.81225193    1.89204081    1.86621235    1.79129861    1.86014914    2.20902291    1.79196615    3.15855979    1.60700218    2.40181746    3.07366904    1.93236677    1.97982957    1.53858051    2.65787158    1.61830523    2.18476098    2.30666558    2.27548918    0.85389635    1.02481434    1.01376463    0.00000000    0.44992053    1.21245033    1.17785467    1.15814932    1.12560817    1.57997997    2.07660540    2.21560166    2.39324119    1.99887750    2.35461849    2.54153165    2.65954369    2.30325844    2.09602783    1.79861491    1.62466795    1.47374641    1.18686319    1.55789358    1.47414098    1.43532370    1.63074539    2.06009994    2.14549969    2.06158287    1.49864105    1.55658302    1.95251207    1.76862254    1.64569273    2.02631739
Q03FB8_PEDPA/149-222     2.64076930    1.32083952    1.27833509    1.73953860    1.34397277    1.55863470    1.62469730    1.59951301    1.59755332    1.53949452    1.64400646    1.74550076    1.89980846    1.88442305    1.99338072    1.64912041    2.34862816    1.68736637    2.75195937    1.57715237    2.00084663    3.10583542    1.95223438    2.09258630    1.51927569    2.37172012    1.51065214    2.13428983    2.16926667    2.08434211    0.89155135    1.04843090    1.09983205    0.44992053    0.00000000    1.05802558    1.25529820    1.07356966    1.22546717    1.73678570    1.98062035    2.11472502    2.22280038    2.23806478    2.52295061    2.71141366    2.15648676    1.86617225    2.12831944    1.88822983    1.73308772    1.51916763    1.20023267    1.56703203    1.51923914    1.60355282    1.84205731    2.16115256    2.12343962    2.19177535    1.61783370    1.62574725    1.81254151    1.76121057    1.71615130    1.91050389
Q03T21_LACBA/1226-1297     2.10159566    1.51601195    1.49876684    1.78439949    1.60942377    1.56780523    1.60239410    1.29913212    1.25637457    1.39385835    1.05318091    1.62143646    1.49843831    1.89238852    2.05844594    1.90544018    1.68694082    1.78410286    2.19492514    1.51497959    2.59097755    2.63248414    2.62064556    2.27066289    1.40923100    1.59981729    1.52805342    1.70320287    1.52245876    1.64635022    0.91700161    1.24737790    0.78143809    1.21245033    1.05802558    0.00000000    0.90299551    1.00872149    1.05128717    1.55680527    1.34260849    1.79149909    1.99264582    1.94693399    2.05050218    1.91632361    1.66657348    1.66727883    1.70029470    1.88160041    1.67740750    1.39365728    1.08917350    1.27762694    1.25549710    1.29625475    1.29023900    1.60139089    1.52913215    1.61953602    1.15354590    1.35891402    1.68167401    1.71457655    1.82549181    2.21306472
Q9CDN9_LACLA/332-403     1.90583152    1.23525727    1.24323756    1.20902293    1.27447801    1.21785879    1.18971718    1.23195644    1.22720517    1.44823270    1.40605187    1.35189528    1.41603849    1.47613794    1.72918381    1.66738213    1.72533865    1.45907526    2.36513062    1.40869793    2.06795381    2.56015533    1.84820962    1.83245489    1.40201457    1.40015866    1.47209776    2.12920118    1.96356574    2.17404300    0.89323807    1.23826338    1.01014491    1.17785467    1.25529820    0.90299551    0.00000000    0.26261333    0.21913003    1.73577061    1.85740448    1.81203675    2.25283163    2.14492489    2.57739891    2.30375525    2.66179611    2.09653970    1.98854172    1.67385549    1.68281839    1.23022660    1.16173603    1.44470121    1.46790833    1.25255435    1.33563335    1.79047678    2.18109690    1.78373590    1.10094334    1.28225847    1.58011217    1.56812071    1.71366481    2.28181419
Q9CDN9_LACLA/506-577     2.02608526    1.32801154    1.33726487    1.28706727    1.32104622    1.20287159    1.18614928    1.25982004    1.29966665    1.37467018    1.46747850    1.39974841    1.43127340    1.61509721    1.81930517    1.72497444    1.72788737    1.35373459    2.25008972    1.38253787    2.13730006    2.61779000    1.87399991    2.09573397    1.32580497    1.67518416    1.42094878    1.89951400    1.82394008    2.03538884    0.81274625    1.22296196    0.91353155    1.15814932    1.07356966    1.00872149    0.26261333    0.00000000    0.28208145    1.54317930    1.78691652    2.05843110    2.37445778    2.11865999    2.64376846    2.34593747    2.50798667    1.88060310    2.20868463    1.70739887    1.75744054    1.29830594    1.20122124    1.41599463    1.40860220    1.39314217    1.36495487    1.73308328    1.88806050    1.76899567    1.23871059    1.37210917    1.66921078    1.63810967    1.62703284    2.18620974
Q9CDN9_LACLA/157-228     1.96687875    1.28538447    1.30991111    1.33802225    1.36428572    1.24604419    1.32719470    1.33518321    1.37073165    1.49573244    1.51112712    1.43196501    1.49294392    1.39593359    1.72089125    1.77428715    1.71844716    1.50855961    2.25618728    1.45986180    2.19378094    2.08564459    1.76643299    1.83535589    1.29275240    1.70759621    1.48502898    1.99353603    1.74363213    1.99541900    0.87894625    1.20272168    0.94477989    1.12560817    1.22546717    1.05128717    0.21913003    0.28208145    0.00000000    1.68293408    1.80388222    1.54140756    1.87282287    1.96007937    2.27591644    2.00118642    2.39927165    1.95720668    2.02386494    1.56545375    1.71354655    1.32196249    1.29851643    1.47719813    1.44043696    1.25489412    1.22063577    1.75573484    1.87797722    1.86887304    1.07778152    1.24268094    1.46714153    1.62608922    1.86097167    2.36551191
A0A0D4CKV8_LACMC/1351-1429     1.59510620    1.61001295    1.62332238    1.84979022    1.51914539    1.42649083    1.53004249    1.67481510    1.68965905    1.65722490    1.53806487    1.68048025    1.73763216    2.02541690    1.46129593    1.59717846    1.58798716    2.09871729    2.66995428    1.57259316    1.99536608    1.77251605    1.82635662    2.01659715    1.46246881    1.68092137    1.72355109    2.21774353    1.90040690    1.99734878    1.09821186    1.40739960    1.27340813    1.57997997    1.73678570    1.55680527    1.73577061    1.54317930    1.68293408    0.00000000    1.59160769    1.51921047    1.59868800    1.70830636    1.87480572    1.76913425    1.86305664    1.57318430    2.12968301    1.33913052    1.04310006    1.23333381    1.07474860    1.33503102    1.47022782    1.43017474    1.36782733    1.50938326    1.42438612    1.41891192    1.34136411    1.43303667    1.78773793    1.48435551    1.76564548    1.74917292
Q03HU7_PEDPA/1485-1560     2.25986313    1.61056657    1.66668491    2.13552396    1.80042213    1.85833252    1.82698085    1.75198740    1.65967470    1.68909433    1.58793077    1.95262926    1.83591696    2.27361621    1.59418535    1.67260351    1.75022125    2.39857611    2.13247878    1.80519117    3.18137908    2.25574474    1.93352865    1.77105707    1.65090508    2.03246338    2.02186824    1.77591235    1.97384189    1.92781521    1.35371262    1.47276347    1.27674979    2.07660540    1.98062035    1.34260849    1.85740448    1.78691652    1.80388222    1.59160769    0.00000000    1.16078950    1.23957540    1.54489549    1.53081250    1.32194781    1.59512544    1.55986733    1.40960957    1.31049837    1.08330834    1.27296011    1.39871470    1.88076473    1.44664613    1.76306914    1.63093892    1.41806138    1.48571836    1.82222132    1.66692005    1.68409349    2.12590389    2.08112594    2.49254059    2.09850773
A0A0R1JII4_9LACO/445-515     1.88030558    2.35955664    2.40851620    2.00977646    1.57301846    2.13499438    2.01434828    1.47697540    2.05136718    2.17415913    2.18243364    1.95047707    2.21154065    2.15261442    1.85571676    2.24419019    1.82898750    2.28464501    2.54253755    2.17855796    2.17441689    2.20168525    2.03050399    1.97576915    1.85070836    1.86832662    1.95751655    2.01846813    2.07297141    2.07320559    1.59411418    2.00089382    1.71884842    2.21560166    2.11472502    1.79149909    1.81203675    2.05843110    1.54140756    1.51921047    1.16078950    0.00000000    0.18437082    1.40307313    1.74757247    1.38135854    1.65946292    1.47996642    1.75607470    1.19834177    1.15783568    1.32022678    1.29804365    1.95067385    1.81424721    2.04969259    1.93500185    1.71462101    1.65222030    1.84891696    1.64630238    1.79550203    1.78710174    1.66175614    2.34186711    2.03545682
