113
G2XIS0_VERDV/41-128     0.00000000    0.42725613    0.45503993    0.38353203    0.42597332    0.80228134    1.10373245    1.04190602    1.22351204    1.23423195    1.25250740    1.37188211    1.13413743    1.42954172    0.96292869    1.16200101    1.00482598    1.10941501    1.03968346    1.17573741    1.58235747    1.66459728    3.38381466    1.56484910    1.54346963    1.94307131    1.77734079    1.76149072    1.84545760    1.77687326    1.94062331    1.94650939    1.92386589    1.98201787    1.85615693    1.74705978    2.50408938    2.26400145    2.09935727    2.36148634    2.18082164    2.40308385    2.51237961    2.28755530    2.17958698    1.47680554    1.83481911    1.40643471    2.03822693    1.82738685    2.23281718    2.15676878    2.08470544    1.88867353    2.34419420    1.85833462    1.93997392    2.27890215    1.82167543    2.50213687    2.65811480    2.50255245    2.97071055    2.70840055    2.70881855    2.94945479    2.11348336    3.49851612    2.50041806    2.34728816    2.59483300    2.48893262    2.99014128    1.22936177    1.06206753    1.17684686    1.18849917    1.35088279    1.38725731    1.44675109    1.38474341    1.33160975    1.48589776    1.05594002    0.97162081    1.16273416    1.14244476    1.21509995    1.48662012    1.40717183    1.56829068    1.26802417    0.99182856    0.85690481    0.97063118    0.78357662    0.62680128    0.85694222    0.61501537    0.58176119    0.67463390    0.48824363    0.44132037    0.55269409    0.58197613    0.73990159    0.79807825    0.73153044    0.74842274    0.72423845    0.55721429    0.77873755    0.67347201
H1VQQ1_COLHI/40-126     0.42725613    0.00000000    0.38634458    0.33039797    0.45990366    0.79460038    1.11473237    0.84059817    1.00511453    1.03976815    1.07423324    1.10575025    1.04258806    1.40630006    0.82091805    1.03597182    1.09719113    1.11821834    1.01433744    1.16287095    1.44126181    1.57424639    3.23612053    1.51457101    1.73849623    2.18184832    1.91596269    2.00518368    2.08983365    2.04627891    2.08417962    2.01662993    2.03415233    2.10188080    1.84945807    1.84556002    2.45301484    2.26921486    2.28815552    2.28795641    2.12786571    2.31214606    2.44129869    2.22355317    2.10250761    1.39701941    1.65378816    1.32193230    2.19181979    1.94786566    2.19164467    2.27489704    2.20204968    1.79628881    2.27337888    2.11560301    1.86041670    2.25327151    2.05805067    2.54465141    2.59930402    2.45453077    2.80812853    2.69903816    2.90857132    3.02905808    2.47202108    3.15668843    2.22844389    2.41178878    2.79095479    2.63061210    2.86557245    1.33922336    1.09059394    1.39589910    1.33137287    1.26840664    1.34370772    1.31084048    1.34828600    1.27323104    1.46493834    1.09805479    1.09343451    1.28619153    1.26341099    1.26522834    1.29766892    1.24525862    1.53424215    1.38149293    1.04832001    1.03887048    1.17019263    0.82967967    0.66534881    0.96785595    0.78010554    0.61234874    0.68590091    0.53112336    0.50968743    0.68297875    0.68330771    0.67258868    0.75688803    0.68470128    0.72168644    0.61444678    0.57500847    0.74900313    0.70083367
E3QRQ0_COLGM/40-126     0.45503993    0.38634458    0.00000000    0.30554067    0.38561711    0.88832035    0.96312670    1.01551130    1.25516950    1.15971084    1.26982117    1.15128014    1.09038109    1.48740495    0.90947484    1.02993498    1.13012040    1.11465188    1.06300235    1.13381828    1.60471728    1.85099385    2.84487560    1.43150582    1.62817812    1.94156577    1.85344534    1.96888219    1.98487847    1.81617605    1.93537951    1.78113337    1.82578774    1.98765786    1.66569455    1.63897508    2.33918134    2.23246022    2.09868227    2.30513455    1.92131242    2.08522605    2.11319003    2.00402706    2.25262613    1.47380927    1.71352793    1.55735567    1.97518073    1.91189158    2.06923844    2.08714199    2.06427545    1.61874949    2.22737661    1.88468527    1.73450939    2.06603914    1.89813087    2.50417370    2.60384065    2.10597962    2.80538128    2.44334427    2.91511655    2.99664238    2.13397529    3.09262564    2.53688782    2.07216718    2.53798369    2.48758206    2.69890052    1.32764804    1.23260884    1.25927047    1.15255040    1.24659767    1.26172079    1.29467651    1.29109218    1.30759043    1.42287300    1.06207749    0.97288729    1.10576279    1.36130819    1.24752124    1.29427344    1.30105052    1.55454319    1.43815529    1.01779103    1.00645326    1.22742283    0.88999367    0.74499054    0.98985467    0.79267073    0.65337916    0.63537130    0.54768506    0.54156314    0.65575992    0.76484968    0.68499233    0.72814783    0.66629950    0.83093860    0.76322527    0.75072020    0.80387492    0.66070259
L2G7D0_COLFN/40-126     0.38353203    0.33039797    0.30554067    0.00000000    0.29568386    0.74758957    1.04035421    0.88626487    1.17906380    1.08720376    1.16555329    1.16276820    1.06577073    1.43500606    0.83052761    0.98785993    1.02809858    1.08996920    0.98190916    1.05436754    1.53360244    1.60698134    2.75855347    1.42012767    1.65300451    2.09430052    1.80874674    1.90065773    1.90170329    1.74954161    1.89097621    1.73041617    1.74147226    1.98863737    1.72800154    1.57756980    2.19368297    2.21936812    2.13293945    2.16488708    1.90440850    2.06728501    2.13299828    1.97860424    2.10313878    1.39153318    1.61177394    1.47687512    2.18598866    1.99339921    2.17226355    2.19222385    2.06068811    1.68519583    2.09302858    1.89497915    1.83086355    2.23846286    1.94468349    2.53921916    2.81347921    2.36321475    2.94225834    2.92354983    2.90646179    3.26579657    2.23349459    3.02644685    2.47213997    2.47704822    2.87389536    2.54525174    2.95480169    1.30754691    1.05023297    1.17852365    1.18772537    1.18315534    1.19802484    1.37282394    1.22757333    1.27552569    1.27255228    0.96746649    0.83548155    1.16621205    1.15823445    1.14421126    1.17913898    1.21605489    1.36618462    1.34141794    1.04294597    0.94703827    1.08152962    0.84077523    0.67930089    0.83526718    0.69113752    0.58841432    0.54513808    0.49236743    0.52927532    0.57033154    0.68993385    0.60305690    0.75204202    0.67486152    0.69469675    0.73098816    0.62792904    0.63957944    0.53757500
N4VNV4_COLOR/41-126     0.42597332    0.45990366    0.38561711    0.29568386    0.00000000    0.79067388    0.96832983    0.97376346    1.08166342    1.11832693    1.14337819    1.11323740    1.01352374    1.29751078    0.87101805    1.09234755    0.89955451    0.99829953    0.95064591    1.03795329    1.59317580    1.56876492    2.72675400    1.45048126    1.49838983    2.13890899    1.89452216    1.83434560    1.89016212    1.90999614    1.97166689    1.82074934    1.83920945    1.91889712    1.79960823    1.63546411    2.25089444    2.20323598    2.09740321    2.12900407    1.99660713    2.10657280    2.16217515    2.03058024    2.07606370    1.45405088    1.64612021    1.51363375    1.97171376    1.90853797    2.09747673    2.23595758    2.00925551    1.72282862    1.96624204    1.93749437    1.91738643    2.17245864    2.05923241    2.51429360    2.66243970    2.47417122    3.03166581    2.96655995    3.23490447    3.20318370    2.36946324    3.46837526    2.71681813    2.47678719    2.81072899    2.63362021    3.02013964    1.33665676    1.06830943    1.17844352    1.07701192    1.30829660    1.15022984    1.28580438    1.36431489    1.25605277    1.39068813    1.09909955    0.96810509    1.13279093    1.19483493    1.16733818    1.27717144    1.30900703    1.43875684    1.37749932    1.01173513    0.94295298    1.00475178    0.85230285    0.66787556    0.96085479    0.60803171    0.64289971    0.69067690    0.54593922    0.52470628    0.59895595    0.69552494    0.67096940    0.71975046    0.63897622    0.67002723    0.72134551    0.66918367    0.71657800    0.61424241
A7EMV8_SCLS1/42-137     0.80228134    0.79460038    0.88832035    0.74758957    0.79067388    0.00000000    1.00257831    0.90215486    0.97824316    0.95517507    0.82942568    0.93681414    0.81412228    0.89916222    0.93919620    0.83669155    0.88986128    0.96575568    0.86700961    1.04258858    1.72434015    2.01897774    3.50411659    1.63410718    1.99902107    2.57800918    2.14230889    1.97266204    2.18981258    2.13784294    2.19385995    2.14210806    2.11761167    2.33231703    2.17727848    1.89258307    2.40282576    2.16181062    2.14474564    2.73129441    2.20514107    2.50020673    2.52565406    2.31254894    2.22940026    1.33052149    1.98072673    1.31441757    1.98304801    2.09702068    2.50895408    2.26390119    2.31003173    1.63659868    2.40380430    1.93612956    2.02293074    2.37095735    2.10339282    2.94825802    2.28827847    2.44916000    3.02932554    2.87095725    2.83646587    2.87542855    2.39982209    3.65925048    2.12440686    2.62596337    2.59578714    2.00713037    2.74997289    1.44933338    1.13197207    1.16740315    1.14522558    1.44551754    1.40249484    1.59943799    1.36037535    1.11059381    1.18289005    1.09347828    1.05022991    1.28562265    1.32204203    1.16762334    1.34027435    1.27988582    1.66314123    1.53069221    1.15018040    1.03892620    1.13890486    1.06224070    1.01526054    1.17812789    0.92012551    1.02729559    0.93404802    0.85701247    0.79269337    0.83268240    0.79634416    0.77245073    0.95133221    0.88795600    0.98688042    0.96250832    0.77903423    0.79577904    0.76420264
S3CVL1_GLAL2/42-137     1.10373245    1.11473237    0.96312670    1.04035421    0.96832983    1.00257831    0.00000000    0.91018027    1.25292538    0.97761197    1.12783034    1.08283406    0.93446730    1.17567069    1.09090840    1.00272798    1.06569658    1.17574170    1.06017097    1.07571409    2.03280640    1.96092230    2.45789250    1.63925655    1.79525748    2.20772274    1.99562108    2.19506364    1.94698644    2.18034686    2.24155497    2.15581301    2.09129296    1.96567931    1.84919369    1.91530654    1.96022629    2.10379046    1.87804493    2.16433958    1.72487430    1.95152195    1.94905523    1.88793249    2.21503997    1.37113734    2.01035170    1.55299893    1.55294419    1.64976726    2.07818522    1.91838038    1.70838819    1.54003751    2.17413752    1.79990861    1.63102228    1.65202987    1.58239168    2.51603746    2.25106816    2.40369479    2.40832400    2.43810431    2.76190482    2.62673393    2.08958518    2.58454914    2.30565093    2.54207645    2.63060089    2.23720501    2.44860801    1.55310050    1.28034493    1.29594592    1.38327333    1.32160413    1.37595091    1.48741926    1.43938628    1.27802511    1.72859330    1.20675281    1.21758862    1.56442334    1.74090699    1.47105849    1.40364808    1.44241609    1.39410494    1.27057186    1.24455623    1.18141480    1.24256040    1.03742617    1.05227144    1.33561245    1.07806030    1.03092823    0.93017328    0.91893024    0.83229170    0.98895721    1.04589821    1.02378313    1.26845702    1.15672723    1.27236093    1.16472285    0.95235857    1.06920302    0.97337282
K1WJ30_MARBU/86-179     1.04190602    0.84059817    1.01551130    0.88626487    0.97376346    0.90215486    0.91018027    0.00000000    1.20646862    0.89807247    0.83838481    0.92732228    0.83559645    1.04161001    0.99059826    0.77462015    0.82026966    0.96015351    0.92137520    1.03741771    1.85706330    2.04661397    3.54488446    1.59117040    1.88691624    2.49601474    2.47678476    2.24175780    2.38723464    2.30949672    2.22784181    2.30316388    2.24902200    2.29078277    2.06415352    2.21875770    2.61582411    2.57988233    2.40754423    2.71015308    2.15616496    2.38013109    2.43747385    2.17515117    2.37316501    1.54944234    1.79207696    1.36869219    1.94417566    1.82327523    2.12603599    1.82200969    1.99069748    1.52395013    2.32626608    1.96255888    1.63954040    1.77980876    1.97839394    2.40750525    2.36146591    2.31468145    2.52063227    2.41649442    2.94066103    2.77378731    2.25773070    3.36981384    1.88558281    2.01570776    2.05640164    1.93659998    2.36081346    1.26473953    1.34459679    1.30178156    1.31356985    1.26632819    1.49349361    1.40423288    1.23668641    1.43318381    1.49778098    1.16460007    0.93788743    1.35109874    1.41169331    1.33530461    1.23434169    1.30171901    1.40751947    1.29837521    1.10841748    1.12113610    1.10212936    0.98070814    0.95014882    1.20603999    1.11093108    1.01344320    1.20313072    0.93275306    0.78072302    1.01518733    0.94117875    1.16461963    1.20757203    1.16537654    0.99775111    1.00694051    0.80272721    0.94152221    0.92225168
N1JMR3_BLUG1/39-126     1.22351204    1.00511453    1.25516950    1.17906380    1.08166342    0.97824316    1.25292538    1.20646862    0.00000000    1.21764735    1.29408438    1.19594980    1.21916244    1.43296546    1.04981442    1.23104988    1.06614429    1.33021971    1.20382667    1.31697168    1.89987832    1.79866227    3.67379196    1.82173653    1.82807410    2.77898325    2.34555962    2.30704993    2.34742811    2.16282814    2.26184324    2.21356600    2.25048191    2.35948864    2.18285485    2.10567761    2.36204857    2.05208619    2.10155632    2.49594155    2.13248583    2.34501427    2.28812265    2.14213950    2.37383793    1.60556890    2.13814486    1.23228338    2.23147079    2.45195013    2.49301575    2.49727206    2.40885275    1.90332441    2.33906821    1.99010536    2.04453145    2.02366499    2.16305576    3.05096556    2.09497976    2.35514833    2.66567872    2.71751349    3.24527992    2.89399661    2.37280594    3.88526108    2.41500593    2.28484016    2.79996104    2.20197522    2.77189436    1.41457770    1.52721243    1.46336310    1.38731790    1.52688417    1.47078700    1.55722841    1.48817056    1.41400570    1.43030485    1.38293429    1.24863626    1.49768039    1.69761296    1.60594873    1.40018471    1.38896653    1.73138045    1.70730792    1.44158590    1.30314009    1.59195929    1.28953173    1.06634855    1.53680857    1.20814370    1.13910938    1.18471966    1.09813531    1.07884451    1.26929701    1.20371734    1.24139906    1.09883132    1.08124651    1.35810951    1.19109116    1.08621921    1.18903454    1.06021019
K2ST01_MACPH/40-137     1.23423195    1.03976815    1.15971084    1.08720376    1.11832693    0.95517507    0.97761197    0.89807247    1.21764735    0.00000000    0.67088519    0.77105881    0.71323185    1.06861803    0.76596877    0.71066191    0.78204234    0.84235657    0.80447334    0.97858388    1.96964429    2.03533305    2.75138484    1.48973444    1.68997652    2.21570923    2.07548520    2.12072965    2.35708999    2.25871854    2.15919878    2.13187288    2.17279593    2.11657415    2.10181644    2.00694041    2.57460489    2.56281579    2.69600360    2.64203576    2.00948073    2.22033866    2.21925841    2.10186201    2.03113453    1.77982173    2.14022580    1.19760441    2.04811460    1.84236827    2.37267363    2.02293905    2.00890720    1.47876913    2.30928945    1.97487593    1.69211716    1.97698301    1.98710552    2.82475409    1.96603317    2.17980689    2.64522335    2.52475233    2.55419241    2.72786861    2.38083225    3.01836531    1.95162990    2.43618034    2.36714742    1.99695963    2.49113649    1.30758958    1.02272929    1.17303960    1.15629511    1.24711479    1.50326489    1.45268892    1.14697247    1.23407589    1.32549190    1.05097309    0.83382424    1.07174460    1.18222710    1.01312771    1.13452551    1.19477555    1.31100739    1.22592175    0.96513273    1.25332809    1.20831153    0.94567040    0.89354713    1.22845847    1.12594845    1.07019124    1.01297334    0.94476448    0.94120595    0.97996391    1.02209474    1.08436875    1.13784038    0.96010652    1.01134850    1.13732567    0.86837267    0.94239792    0.91243713
N1QC14_PSEFD/39-126     1.25250740    1.07423324    1.26982117    1.16555329    1.14337819    0.82942568    1.12783034    0.83838481    1.29408438    0.67088519    0.00000000    0.57137993    0.50660751    0.83540399    0.72494465    0.77012399    0.76242676    0.89136092    0.82820069    0.86253258    1.61110022    1.51897507    2.94816036    1.57021812    1.84173614    2.63952473    1.79512940    2.11652722    2.35117473    1.96935747    1.86192382    1.93476436    2.05542775    2.07264875    1.71045131    1.70193945    2.18648231    2.24965935    2.29712853    2.15773630    1.74631602    1.92522412    1.89022102    1.78716222    1.75036604    1.59783478    1.84498551    1.27331851    2.26812981    1.85521157    2.11390195    2.09365000    1.85139748    1.32905967    2.08902787    1.80831281    1.80782968    1.65267874    1.53031787    2.84448853    1.99021841    2.31740813    2.31069897    2.49598565    2.41183180    2.43679348    2.27547849    2.73980115    1.88195051    2.32238972    2.02151030    1.97138423    2.21319010    1.49649533    1.15932159    1.25398279    1.28631517    1.38674021    1.51048272    1.54099787    1.21721063    1.32285298    1.38839237    1.14946177    1.08603513    1.23377032    1.39752741    1.19925195    1.29793303    1.40256652    1.57420657    1.38628188    1.15459643    1.08125754    1.11457249    0.96313410    0.96177962    1.12965477    1.10250272    1.03065114    1.02035686    0.87094169    0.86299086    1.03136709    1.00074920    1.07626275    1.10350352    1.04838377    1.11199140    1.24992858    0.93060158    1.20186617    1.12422564
N1PJB3_DOTSN/39-125     1.37188211    1.10575025    1.15128014    1.16276820    1.11323740    0.93681414    1.08283406    0.92732228    1.19594980    0.77105881    0.57137993    0.00000000    0.54077301    0.90311161    0.79435505    0.81726332    0.84923729    0.91518999    0.92737694    0.95869421    1.63745339    1.67377641    3.00224259    1.58785872    1.81648783    2.42605578    2.09491512    2.14782000    2.29945659    2.11543627    1.99081164    2.00568433    2.09831929    2.00399295    1.80033936    1.75614178    2.27768190    2.75538779    2.82049627    2.49838899    1.99162714    2.17060623    2.09073979    2.00605346    1.99040409    1.53601034    1.97034043    1.50030231    2.03743721    1.86213134    2.30028626    2.11605355    1.79973544    1.37589499    2.02014332    2.05658508    1.78219118    1.89799760    1.64584676    2.76091446    2.39025607    2.27092910    2.49259199    2.51773077    2.59140037    2.53375539    2.15194659    3.05026573    2.09694916    2.34870746    2.19555583    2.04421126    2.45860049    1.68167830    1.49736200    1.44483690    1.15069745    1.54553352    1.49590839    1.52931115    1.37186495    1.35420524    1.59730619    1.33494526    1.03404193    1.34474580    1.57755713    1.47380163    1.32693742    1.25140580    1.53163385    1.46983537    1.10267584    1.13200970    1.15780923    0.94914751    0.90930605    1.14845850    1.14384443    1.06558404    0.91949601    0.87516765    1.03750438    1.10454271    1.05883389    1.09610316    1.11155933    1.02172358    1.14624319    1.19269192    0.91620879    1.10942674    1.12951539
M3CDF8_SPHMS/43-126     1.13413743    1.04258806    1.09038109    1.06577073    1.01352374    0.81412228    0.93446730    0.83559645    1.21916244    0.71323185    0.50660751    0.54077301    0.00000000    0.92136256    0.83618038    0.80889026    0.81941149    0.97154215    0.79473530    0.75106864    1.60420177    1.60313583    3.11248988    1.59108285    1.65197456    2.42383840    2.09817094    2.20719955    2.41639515    1.93493546    2.00262322    2.10053187    2.21841728    2.08288308    1.95954076    1.65194807    2.23602127    2.34179112    2.40867594    2.42091548    1.91844073    2.10560926    2.17146325    2.08278823    1.76449469    1.70936054    2.10405218    1.27104920    2.20229555    1.94938446    2.15731929    1.77490010    1.85182552    1.33034793    2.10117067    1.65563665    1.71606412    1.61607188    1.47745361    2.97690533    2.24397334    2.50887526    2.68750501    2.56404634    2.62184092    2.59697624    2.22644455    3.63336596    2.29227914    2.15412832    1.96614542    2.19831630    2.21667233    1.54034889    1.27142999    1.21892982    1.20696014    1.33174475    1.48562541    1.38879837    1.22892596    1.14292891    1.40352941    1.32011561    1.05593323    1.20445879    1.52882844    1.27254786    1.36521877    1.30466356    1.41211443    1.33899003    1.07118536    1.05746852    1.13987305    1.03319174    0.98376791    1.22159597    0.97520191    1.10786422    1.06508979    0.97798770    0.96779600    1.20508175    1.13337979    1.06657046    1.00537208    0.94185790    1.17121050    1.19610151    1.03560465    1.12478491    1.09822535
M2LGB9_BAUPA/35-120     1.42954172    1.40630006    1.48740495    1.43500606    1.29751078    0.89916222    1.17567069    1.04161001    1.43296546    1.06861803    0.83540399    0.90311161    0.92136256    0.00000000    1.12278485    0.87974398    0.93949680    1.02451024    1.03538115    1.00218000    1.60086368    1.80213670    2.82201772    1.49453028    1.81451064    2.29290892    1.87779312    2.12164690    2.15359446    2.35410022    2.16359518    2.15777032    2.08781141    1.85633367    2.04544362    1.99921752    2.35035088    2.01877170    2.05936837    2.00681403    2.01520573    2.02834186    2.01468022    2.17034486    1.95989457    1.78758791    2.21864657    1.51431922    2.05159584    1.99997058    2.37261016    2.18738227    1.91330190    1.47133378    2.08987645    1.84199653    1.89590434    1.79731340    1.61014252    2.72297741    2.35876636    2.91082730    2.58339090    2.61567970    2.68360980    2.72491927    2.64800210    3.60928539    2.17271454    2.75283944    2.26601725    2.24453581    2.84487086    1.46230362    1.29180602    1.31460477    1.33647262    1.54800553    1.57800625    1.74153389    1.46531344    1.40030745    1.40711887    1.30372753    1.26686037    1.45652293    1.68593285    1.32874057    1.52147084    1.47559506    1.83484905    1.54201698    1.40476432    1.35806945    1.22166445    1.18155218    1.01058134    1.26321329    1.27966573    1.27681651    1.30108241    1.33296975    1.12565044    1.30463107    1.23654608    1.06502233    1.20485736    1.06678811    1.18296364    1.41845137    1.04138941    1.24778529    1.10812597
R7YSB5_CONA1/40-151     0.96292869    0.82091805    0.90947484    0.83052761    0.87101805    0.93919620    1.09090840    0.99059826    1.04981442    0.76596877    0.72494465    0.79435505    0.83618038    1.12278485    0.00000000    0.77372050    0.77569251    0.77849219    0.73926792    0.76855465    1.58664219    2.11046842    2.64415712    1.40122291    1.57612551    2.09803662    2.09807437    2.12623024    2.08850112    1.82009948    1.76078995    1.72067001    1.71983317    2.01465914    1.91460407    1.75084980    2.27819670    2.42741672    2.49979913    2.27856739    1.79975855    1.97608610    1.98864015    1.77106224    2.32011278    1.70057192    1.93020773    1.21518159    1.97843671    1.85203725    2.52773777    2.26212521    2.04042027    1.57857264    2.08846511    2.19338711    1.73585489    2.07112316    2.24995519    2.79126105    2.19658458    2.05836807    2.44461886    2.31399917    2.60538667    2.62492324    1.98467953    2.76724643    1.85884327    2.20048333    2.39550752    2.11517954    2.58438399    1.27624829    1.01967376    1.05320290    1.03278015    1.49552481    1.45511877    1.47397078    1.06324981    1.19500670    1.33472698    1.03624667    0.94166212    1.07309819    1.05786630    0.86604404    1.19388059    1.07600525    1.45744084    1.34895095    1.13988350    1.13309031    1.16346353    0.84986538    0.84809215    1.01149935    1.00022882    0.87599518    0.83562651    0.82520884    0.72886128    0.88805218    0.88822405    1.07084924    1.03347012    1.10652064    1.03157135    1.16547647    0.94302185    0.81279782    0.78803080
Q0UJU5_PHANO/38-124     1.16200101    1.03597182    1.02993498    0.98785993    1.09234755    0.83669155    1.00272798    0.77462015    1.23104988    0.71066191    0.77012399    0.81726332    0.80889026    0.87974398    0.77372050    0.00000000    0.33321355    0.40046303    0.45143717    0.47812146    1.75829794    1.68519205    2.36317911    1.47839911    1.79674755    2.25855970    2.24588212    1.81580757    2.11461930    1.74499780    1.74204933    1.79917580    1.83384900    2.05511761    2.09866664    1.63638304    2.07181447    2.04928752    2.22712931    2.05778751    1.59006760    1.82379030    1.77542259    1.64797710    2.17182262    1.60591898    1.92556064    1.56223844    2.13570163    2.16357903    2.18835880    2.13497275    2.08678992    1.69162194    2.40142362    2.15069027    1.91084002    2.26474453    1.84026917    2.77787150    2.03552233    2.10334425    2.40224823    2.48548301    2.39803303    2.56065603    2.03064749    3.14705142    1.80698776    2.33960809    2.05623803    2.06373337    2.46432264    1.18851654    1.26014582    1.21886943    1.18402988    1.10122440    1.20405394    1.21413203    1.24598922    1.21361920    1.24726432    0.94776749    0.88828053    1.06397599    1.34648117    1.10517302    1.17836702    1.04670261    1.06963812    1.05830946    1.09644033    1.23158291    1.33508442    0.80653214    0.71474919    1.07888407    0.91322319    0.98666720    0.98182794    0.96084049    0.84576984    1.04987032    1.01523701    1.00032047    1.05897622    1.04715098    1.04556111    1.01714866    0.95640132    0.92949522    0.81832433
B2WEN9_PYRTR/40-131     1.00482598    1.09719113    1.13012040    1.02809858    0.89955451    0.88986128    1.06569658    0.82026966    1.06614429    0.78204234    0.76242676    0.84923729    0.81941149    0.93949680    0.77569251    0.33321355    0.00000000    0.34042716    0.32491622    0.43886721    1.99556536    1.79850255    2.29874578    1.54798879    1.78574492    2.29203721    2.28235068    1.95037942    2.16067860    1.92672016    1.80819694    1.80618508    1.84144851    2.04343877    1.94946867    1.83226723    2.16550306    2.20598859    2.38112647    2.01363265    1.61365503    1.87894546    1.83231899    1.71275652    2.46331029    1.62947056    2.07265366    1.51378937    2.14941596    2.22014073    2.22756949    2.10977571    1.98847643    1.63323362    2.72668101    2.07840514    1.87813286    2.28225788    2.09525614    2.82446708    2.03403338    2.29288625    2.40556215    2.69288592    2.73246393    2.90097892    2.16378260    3.55444572    2.03914758    2.28981161    2.24330466    2.03625125    2.59205090    1.22087398    1.16654215    1.15775723    1.07165003    1.28158092    1.33655704    1.33950422    1.20401658    1.32381807    1.33173672    0.91941031    0.81062389    1.13597143    1.24985835    1.27296558    1.32994995    1.31154196    1.23273274    1.25684281    1.19949560    1.11910469    1.23089502    0.87645047    0.75392106    1.28041328    1.07178571    1.03782712    1.04254797    0.91135404    0.76206246    1.02572325    1.02079798    0.96265756    1.11542769    1.03949847    1.02322011    1.00063023    0.88934342    0.90626426    0.85708737
E4ZIM1_LEPMJ/39-127     1.10941501    1.11821834    1.11465188    1.08996920    0.99829953    0.96575568    1.17574170    0.96015351    1.33021971    0.84235657    0.89136092    0.91518999    0.97154215    1.02451024    0.77849219    0.40046303    0.34042716    0.00000000    0.43407528    0.51489705    1.89365593    1.81436705    2.46320584    1.44425239    1.73804015    2.21164099    2.10587072    1.92797917    2.08567812    1.97162360    1.76881573    1.78984880    1.85025685    2.08527625    1.96351754    2.03371277    2.33510777    2.09780141    2.25985018    2.06793134    1.78300007    2.08471789    2.05092114    1.85905592    2.32294679    1.75458557    2.09661122    1.61319802    2.24904946    2.25924721    2.05594125    2.23233934    2.01164550    1.67532283    2.50626719    2.16292799    1.90896428    2.31362754    2.05264897    2.74622946    2.17809744    2.31520347    2.39928877    2.67627018    2.61567441    2.92508669    2.20020228    3.30652025    2.03841562    2.22927515    2.36574917    2.01171443    2.69168675    1.35923647    1.23278169    1.22019852    1.14991725    1.32587036    1.30642420    1.31965121    1.26125776    1.36467475    1.40597036    1.01941467    0.93599347    1.16553448    1.27515451    1.30933243    1.41475906    1.16574979    1.35641099    1.10280601    1.11996020    1.28361913    1.31816589    0.98058133    0.87022938    1.21034873    1.06060718    1.03635275    0.99978260    0.97854675    0.88006797    1.06238587    0.99946183    1.05255969    1.11556063    1.00665016    1.13600503    1.04574504    1.07055713    1.04165490    0.96305292
M2S1T9_COCSN/40-130     1.03968346    1.01433744    1.06300235    0.98190916    0.95064591    0.86700961    1.06017097    0.92137520    1.20382667    0.80447334    0.82820069    0.92737694    0.79473530    1.03538115    0.73926792    0.45143717    0.32491622    0.43407528    0.00000000    0.35617219    1.87463626    1.67064021    2.10028663    1.48339226    1.64824874    2.07059447    2.20794061    1.93094412    2.10317507    1.96856544    1.85319294    1.82811382    1.94277490    2.05381948    1.91068606    1.98015342    2.00235939    2.13278965    2.30838106    1.96361935    1.65250150    1.83516416    1.78719309    1.74465260    2.43801030    1.53437994    2.10630050    1.49033357    2.03163392    2.05720441    2.09002749    2.14873285    1.94945007    1.55815327    2.70423098    2.12337668    1.76050536    2.18075509    1.93982987    2.64867570    2.02538792    2.41337658    2.38592632    2.63214993    2.54557436    2.82647060    2.15672671    3.26650962    1.97829004    2.34537854    2.23100617    2.07825727    2.46254907    1.35749254    1.12146466    1.01169642    1.00690915    1.14998269    1.33792637    1.25820181    1.12607585    1.25009692    1.34387382    1.06007845    0.86736957    1.10077421    1.23771973    1.24741586    1.38106893    1.29214672    1.42128893    1.33817177    1.12472256    1.11478558    1.19795296    0.82503201    0.71944781    1.27922167    1.10015391    0.96278758    0.89556086    0.88226027    0.78747945    0.92416697    0.90537113    0.93608445    1.12646542    1.04831099    1.04715172    0.89541604    0.98065744    0.85351594    0.90718427
R0JY98_SETT2/39-130     1.17573741    1.16287095    1.13381828    1.05436754    1.03795329    1.04258858    1.07571409    1.03741771    1.31697168    0.97858388    0.86253258    0.95869421    0.75106864    1.00218000    0.76855465    0.47812146    0.43886721    0.51489705    0.35617219    0.00000000    1.81333016    1.84030949    2.12700544    1.50579748    1.65735425    2.19158901    2.06992958    1.96063839    2.21020273    1.86735206    1.72412245    1.65121143    1.80711460    2.12738526    1.88846667    1.84544140    1.96570738    2.06469134    2.27163139    2.03002379    1.56002447    1.76506688    1.71892588    1.71622948    2.48955265    1.54360871    2.02518350    1.49380137    2.06225482    2.27848584    2.32603730    2.30044803    2.11530391    1.65644061    2.47372305    2.24259412    1.87906841    2.15558643    2.21954871    2.83126720    2.05524102    2.51195368    2.63826475    2.77730279    2.93233797    3.05862549    2.12623139    3.37884339    2.16424748    2.44667246    2.52508155    2.40629476    2.59186281    1.46587447    1.20770347    1.15980767    1.14068051    1.30461035    1.39698346    1.31951443    1.17807126    1.31749659    1.40476059    1.13466720    0.94381972    1.18398840    1.37575948    1.21181810    1.30434174    1.25874540    1.44751972    1.28173121    1.24034881    1.25463409    1.38678299    0.84710381    0.84255376    1.22002809    1.20340911    0.92940735    0.96696567    0.90175358    0.83431547    1.04718153    0.96350422    1.07102812    1.21635845    1.24114549    1.17432318    1.13218155    1.01482973    0.94525292    0.97533672
G1WYG9_ARTOA/9-121     1.58235747    1.44126181    1.60471728    1.53360244    1.59317580    1.72434015    2.03280640    1.85706330    1.89987832    1.96964429    1.61110022    1.63745339    1.60420177    1.60086368    1.58664219    1.75829794    1.99556536    1.89365593    1.87463626    1.81333016    0.00000000    0.70748939    3.72893848    1.27663715    1.26541228    2.05307102    1.99766619    2.03470730    1.89534471    1.46703697    1.68968811    1.70432873    1.70740126    2.25730621    1.86437566    2.04802591    1.98420393    2.48010032    2.39253539    2.21693385    1.67102141    1.87490524    2.05694722    1.89147586    2.20288688    1.43554877    1.69996368    1.30403236    2.56364121    1.73500267    2.29645758    2.22670948    2.00757809    1.82551199    2.11712033    1.95803006    2.31615259    2.01179897    1.95419517    2.53679284    2.48258739    2.84577274    2.56031528    2.72402154    2.11230806    2.43671567    2.28326284    3.96576166    2.75959062    2.64359530    2.36407722    2.43806458    2.35035845    2.19210081    1.54736618    1.62570963    1.65981240    1.88572061    2.27343991    2.26749003    1.49458395    2.04063611    1.74378110    1.78425766    1.67292303    1.87825618    1.88504296    1.83513445    1.91757539    1.85776842    2.47258658    2.28606942    1.25225470    1.34312154    1.54302279    1.43982596    1.38301031    1.48647700    1.55351988    1.69386429    1.49625860    1.35784094    1.43268557    1.45329160    1.55211003    1.86015311    1.71764101    1.71430217    1.48570801    1.64989916    1.38828705    1.50283360    1.14032753
S8AEL4_DACHA/8-136     1.66459728    1.57424639    1.85099385    1.60698134    1.56876492    2.01897774    1.96092230    2.04661397    1.79866227    2.03533305    1.51897507    1.67377641    1.60313583    1.80213670    2.11046842    1.68519205    1.79850255    1.81436705    1.67064021    1.84030949    0.70748939    0.00000000    3.25479892    1.19836082    1.29000121    1.81652149    2.17581743    2.19667841    2.09895255    1.79815816    1.93395673    1.98803410    2.06837127    2.44950599    2.12071518    1.95414576    2.11421763    2.26867317    2.40978887    2.02386473    1.79093169    2.01404201    2.19712577    1.93878778    2.06159360    1.34221784    1.72149645    1.31308391    2.89695207    2.10609878    2.17722154    2.36280123    1.90922684    1.85092903    2.33163495    2.04911920    2.13497662    2.01502152    2.13829387    2.99401665    3.38293290    3.19690625    3.00035208    3.41679377    3.04431780    3.29802079    2.66382290    4.77772943    3.43147484    3.50715264    2.95577133    3.09869288    3.29006776    2.46688139    1.69117384    1.59858942    1.41796661    1.83317039    2.20857694    2.00233269    1.77401298    1.91908436    2.02661632    1.76878640    1.59404122    1.77415810    2.10501347    2.05122598    1.98300857    1.86994435    2.61046137    2.43982789    1.50724429    1.70085057    1.60971166    1.57572030    1.35233455    1.79412778    1.86560451    1.66730170    1.56730958    1.51340761    1.55031679    1.62637583    1.77037134    1.78831073    2.13392968    1.80276084    1.64664213    1.72246994    1.37180111    1.73083645    1.42023499
A5K0P9_PLAVS/11-101     3.38381466    3.23612053    2.84487560    2.75855347    2.72675400    3.50411659    2.45789250    3.54488446    3.67379196    2.75138484    2.94816036    3.00224259    3.11248988    2.82201772    2.64415712    2.36317911    2.29874578    2.46320584    2.10028663    2.12700544    3.72893848    3.25479892    0.00000000    2.56614014    2.47655811    3.11170015    3.46026564    3.61799949    3.40485839    3.83212808    4.32000580    3.61965195    3.89277694    3.27063852    3.43632137    3.50742192    2.87417597    2.90025238    3.30768301    2.93465757    3.02925825    3.21570033    2.93141822    3.47592053    3.07004192    2.89507496    2.91515461    3.24862952    3.01650534    3.87904891    5.16545173    3.65384064    3.01220815    2.96802393    3.66211770    3.11580952    3.15593531    3.17142227    3.78464471    3.82549946    3.66346672    3.60236053    3.47531537    3.61847720    4.20815647    3.44825448    3.52501281    4.52700608    3.75689451    4.13050995    3.98246778    4.15976955    3.75937770    3.11213704    2.92555052    2.47146052    2.63271424    3.01676037    3.02351174    3.25895840    2.63977739    3.39849626    3.20848104    3.12514036    2.87547494    2.88611862    3.08289392    3.20112239    2.67821365    2.74045424    3.67505389    3.41020748    3.19908580    3.71440976    3.32907202    3.19393810    2.77206907    2.68047843    3.22562989    3.02207866    3.02253773    3.02051658    3.06202086    3.04163532    3.30017539    3.05562778    3.04440839    3.22224856    2.89512058    2.86662920    3.27998710    2.96554745    2.89176214
RNH2B_SCHPO/7-72     1.56484910    1.51457101    1.43150582    1.42012767    1.45048126    1.63410718    1.63925655    1.59117040    1.82173653    1.48973444    1.57021812    1.58785872    1.59108285    1.49453028    1.40122291    1.47839911    1.54798879    1.44425239    1.48339226    1.50579748    1.27663715    1.19836082    2.56614014    0.00000000    0.43050902    1.09691597    1.55977141    1.58346874    1.70444215    1.33397304    1.38196306    1.29004112    1.38273294    1.95227960    1.91919096    1.57838695    1.64881152    1.48631512    1.60486843    1.67352926    1.73930793    1.80971473    1.78353296    1.83215403    1.39465614    1.51044035    1.49627294    1.38806110    1.84588828    2.06508695    2.68898801    2.32393892    2.53910879    2.11502087    2.27370295    2.80110004    2.01092876    2.56206671    2.70256923    2.50127994    2.94671670    3.12342951    2.32989855    2.66602732    3.46573494    2.78473334    2.36580193    3.50147347    2.41948416    2.69728844    2.37717012    2.03631241    2.98974953    1.52804206    1.78305602    1.84530140    1.86076661    1.48842958    1.73558802    1.75179789    1.69054305    1.87950996    2.06078112    1.91624446    1.77595433    1.88494694    1.87175706    1.59708159    1.57804435    1.45515343    1.87481993    1.85162321    1.15397018    1.61038867    1.32383015    1.35256272    1.25737958    1.23861109    1.26244154    1.44967027    1.44891987    1.49701188    1.59266774    1.61002785    1.50013633    1.40675553    1.47567683    1.48697230    1.36658086    1.36524245    1.35049813    1.40930178    1.32064880
