23
A0A086F327_CHRP1/7-155     0.00000000    0.73721994    0.74218769    1.06278971    3.76443162    2.83057613    3.48082234    3.78463680    3.73864974    2.91838912    2.76859652    3.59795615    3.29056705    3.30187300    2.32978965    2.12831968    2.01057899    2.20678781    2.54987553    2.44853151    1.66552781    1.88679090    2.10193073
A0A0A2EU90_9PORP/7-155     0.73721994    0.00000000    0.47662430    0.81987002    3.72431502    2.97303188    3.58514360    3.79039215    3.78215318    2.99408446    3.12218650    3.21020937    2.93023965    2.96865820    2.38203032    2.35709572    2.34146191    2.37733942    2.63259654    2.59898289    1.72275778    1.86740611    2.20534784
A0A0B5RZ15_9FLAO/9-157     0.74218769    0.47662430    0.00000000    0.47255763    3.61890427    2.98211386    3.40988687    3.59111205    3.72795731    3.24830406    3.11683531    3.60756421    3.18905083    3.01494565    2.43407463    2.02751944    2.04765583    2.32192848    2.57394962    2.57311362    1.72253220    1.88396452    2.37884631
H1ZCX9_MYROD/8-156     1.06278971    0.81987002    0.47255763    0.00000000    3.61817411    2.74169889    4.47875732    5.27819925    4.86077356    3.77971740    3.82734453    4.19400096    3.70449393    3.59157583    2.55951583    2.12622527    2.33484571    2.56303614    2.77908799    2.76419622    2.00170824    2.44086017    2.59675902
G2Z5J5_FLABF/5-152     3.76443162    3.72431502    3.61890427    3.61817411    0.00000000    1.73058472    3.51870016    3.48089415    3.42134388    4.36750038    4.38648769    4.05641222    3.49402532    3.18530293    4.65161317    3.40930254    3.69715914    3.42082622    3.94299420    3.75877206    2.74590076    3.00246976    2.99807058
U2MRP5_9BACT/1-148     2.83057613    2.97303188    2.98211386    2.74169889    1.73058472    0.00000000    3.37796225    3.74298555    4.05975783    3.56515798    3.17393895    2.63651330    3.30819100    3.22890865    3.42994463    2.92170093    3.16069914    3.12641353    3.40637585    3.27407442    3.48454088    3.15897495    2.94942163
A0A0B5S1K2_9FLAO/6-153     3.48082234    3.58514360    3.40988687    4.47875732    3.51870016    3.37796225    0.00000000    0.91091981    0.61133158    2.29349010    2.71505045    3.14427351    2.94853978    2.70317348    3.83323371    3.43845908    3.71144467    3.16124429    3.56630222    3.57376564    3.42010479    3.17900211    3.55603070
A0A0A2EQY5_9PORP/9-156     3.78463680    3.79039215    3.59111205    5.27819925    3.48089415    3.74298555    0.91091981    0.00000000    0.98163987    3.36842446    3.35981201    3.37292682    3.11290293    2.94621449    4.49422225    3.68491070    3.60939056    3.52625822    3.80000567    3.58617766    3.51856443    3.32979327    3.83818935
H1ZCX8_MYROD/6-153     3.73864974    3.78215318    3.72795731    4.86077356    3.42134388    4.05975783    0.61133158    0.98163987    0.00000000    2.91361582    3.23002955    3.50224456    3.29430972    3.14640537    4.08753490    3.55932108    3.58273447    3.49069460    3.76412151    3.10998288    3.12533413    3.58273347    3.46445677
A0A0Q5V2T0_9FLAO/4-153     2.91838912    2.99408446    3.24830406    3.77971740    4.36750038    3.56515798    2.29349010    3.36842446    2.91361582    0.00000000    0.79436918    1.67632829    1.45102914    1.41275037    3.44186081    2.65359805    3.10372824    2.48656806    2.65238606    2.91013419    2.66090454    3.05080742    2.79776741
G0L9B9_ZOBGA/4-153     2.76859652    3.12218650    3.11683531    3.82734453    4.38648769    3.17393895    2.71505045    3.35981201    3.23002955    0.79436918    0.00000000    1.71758530    1.75699076    1.66942887    3.19487013    2.63089813    2.89804371    2.55458189    2.65618734    2.81657412    2.85915974    3.07497696    2.79847857
A0A162Y5M4_9FLAO/4-154     3.59795615    3.21020937    3.60756421    4.19400096    4.05641222    2.63651330    3.14427351    3.37292682    3.50224456    1.67632829    1.71758530    0.00000000    0.93240051    0.84806644    3.54915589    2.72197729    3.14818336    2.75594050    2.41981905    2.66860959    2.50340594    2.84400522    3.07488088
A0A167HLZ8_9FLAO/4-154     3.29056705    2.93023965    3.18905083    3.70449393    3.49402532    3.30819100    2.94853978    3.11290293    3.29430972    1.45102914    1.75699076    0.93240051    0.00000000    0.58375738    3.56787657    2.71285718    3.17057227    2.31521660    2.30839253    2.32555914    2.30678892    2.87560638    2.80479150
F6GGS1_LACS5/4-154     3.30187300    2.96865820    3.01494565    3.59157583    3.18530293    3.22890865    2.70317348    2.94621449    3.14640537    1.41275037    1.66942887    0.84806644    0.58375738    0.00000000    3.61707540    2.86090562    3.19714842    2.34689348    2.39150259    2.29104918    2.55079057    2.92780111    3.01283474
F4C6D0_SPHS2/3-150     2.32978965    2.38203032    2.43407463    2.55951583    4.65161317    3.42994463    3.83323371    4.49422225    4.08753490    3.44186081    3.19487013    3.54915589    3.56787657    3.61707540    0.00000000    1.27000281    1.16793888    1.99129304    2.18722872    2.31672846    2.18937875    2.06901921    2.52040597
A0A127V830_9SPHI/4-151     2.12831968    2.35709572    2.02751944    2.12622527    3.40930254    2.92170093    3.43845908    3.68491070    3.55932108    2.65359805    2.63089813    2.72197729    2.71285718    2.86090562    1.27000281    0.00000000    0.43271488    1.93235509    2.06836444    2.11744798    1.76896226    1.63849657    1.91709952
C7PNA1_CHIPD/4-151     2.01057899    2.34146191    2.04765583    2.33484571    3.69715914    3.16069914    3.71144467    3.60939056    3.58273447    3.10372824    2.89804371    3.14818336    3.17057227    3.19714842    1.16793888    0.43271488    0.00000000    2.02630065    2.36646105    2.00409970    1.79550252    1.65300092    1.98780415
C3JB60_POREA/10-158     2.20678781    2.37733942    2.32192848    2.56303614    3.42082622    3.12641353    3.16124429    3.52625822    3.49069460    2.48656806    2.55458189    2.75594050    2.31521660    2.34689348    1.99129304    1.93235509    2.02630065    0.00000000    0.38163799    0.58923483    1.01523147    1.33863310    1.35195291
A0A0A2EF95_9PORP/11-159     2.54987553    2.63259654    2.57394962    2.77908799    3.94299420    3.40637585    3.56630222    3.80000567    3.76412151    2.65238606    2.65618734    2.41981905    2.30839253    2.39150259    2.18722872    2.06836444    2.36646105    0.38163799    0.00000000    0.56148860    1.12181080    1.42178798    1.42111162
A0A0B7HBB4_9FLAO/11-159     2.44853151    2.59898289    2.57311362    2.76419622    3.75877206    3.27407442    3.57376564    3.58617766    3.10998288    2.91013419    2.81657412    2.66860959    2.32555914    2.29104918    2.31672846    2.11744798    2.00409970    0.58923483    0.56148860    0.00000000    1.28990602    1.47240918    1.50370754
F3PYM1_9BACE/14-162     1.66552781    1.72275778    1.72253220    2.00170824    2.74590076    3.48454088    3.42010479    3.51856443    3.12533413    2.66090454    2.85915974    2.50340594    2.30678892    2.55079057    2.18937875    1.76896226    1.79550252    1.01523147    1.12181080    1.28990602    0.00000000    0.92728954    0.87495027
Q5LDV3_BACFN/13-161     1.88679090    1.86740611    1.88396452    2.44086017    3.00246976    3.15897495    3.17900211    3.32979327    3.58273347    3.05080742    3.07497696    2.84400522    2.87560638    2.92780111    2.06901921    1.63849657    1.65300092    1.33863310    1.42178798    1.47240918    0.92728954    0.00000000    0.76718082
W7YA85_9BACT/12-160     2.10193073    2.20534784    2.37884631    2.59675902    2.99807058    2.94942163    3.55603070    3.83818935    3.46445677    2.79776741    2.79847857    3.07488088    2.80479150    3.01283474    2.52040597    1.91709952    1.98780415    1.35195291    1.42111162    1.50370754    0.87495027    0.76718082    0.00000000

