56
Q9YFR1_AERPE/514-604     0.00000000    0.94640326    0.73972580    1.24005717    1.17922833    1.31116818    1.28136321    1.47742760    1.22963939    1.01594816    1.02272625    0.97921936    1.42587266    0.85764653    1.00963200    1.12078835    1.04831210    0.92594502    1.19632791    1.20302260    1.32676333    1.39179575    2.03925913    1.82710338    2.18499636    1.64021175    1.55828175    1.46688796    1.50460617    1.06415608    1.16949008    1.29544977    1.76962939    1.49780572    1.47510253    1.51988060    1.67997673    1.09843025    1.17853693    1.11512536    1.16315755    1.26554531    1.18190952    1.19036315    1.29764057    1.21057343    1.13837554    1.57123773    1.35909243    0.79012830    1.22946368    0.81090135    0.91343750    0.84608900    0.82614699    0.65198809
Q8SQX1_ENCCU/529-607     0.94640326    0.00000000    0.82454977    1.10390447    1.07946203    1.40755692    1.76406157    1.63340060    1.35637781    1.29438403    1.33210797    1.20007133    1.68793045    1.14563574    1.16032714    1.08151508    1.41390044    1.49513777    1.20840454    1.13710860    1.18441990    1.70364267    1.77574549    1.97492037    2.20073970    1.82665818    1.64912890    1.48663864    1.92233685    1.59004505    1.55782524    1.58000612    1.89331852    1.40537199    1.61598769    1.59638920    1.78966120    1.27429261    1.26692409    1.28735712    1.34892857    1.42692494    1.30838006    1.32562261    1.16288776    1.22553985    1.32806276    1.65032901    1.20850697    1.30112994    1.73306194    0.99213546    1.17952248    1.01203212    0.88900755    0.96982761
MCM8_MOUSE/657-741     0.73972580    0.82454977    0.00000000    0.89042843    1.05598331    1.19972265    1.26674216    1.41936614    1.26975260    1.17987464    1.13557275    1.11579715    1.41208443    1.04579099    1.27497866    1.28594419    1.13899741    1.17295993    1.27053499    1.10993688    1.28222323    1.19202157    1.73862980    1.59761490    2.07506613    1.71231569    1.82593582    1.42867539    1.61550273    1.36378218    1.31195640    1.19665384    1.52244163    1.48099332    1.49117627    1.22455595    1.28990077    1.21953948    1.35648430    1.26362933    1.33564348    1.20357221    1.08792620    1.36152171    1.22718520    1.20402273    1.18425040    1.38464155    1.25914269    1.12790606    1.26815538    0.93453350    0.99836811    0.98059261    0.86881262    0.90267528
D7L8B2_ARALL/593-681     1.24005717    1.10390447    0.89042843    0.00000000    1.54757906    1.66319850    2.04545555    1.87099464    1.86197905    1.33461589    1.63491050    1.63659962    2.22907457    1.60983759    1.67637923    1.60367179    1.58518269    1.51377977    1.68868222    1.44387735    1.44051355    1.87800246    1.85091627    2.15754062    2.43567607    2.01043681    2.02605763    1.73375760    1.79290019    1.45504700    1.72199198    1.43078348    1.64198449    1.65252774    1.57282477    1.58010558    1.64921721    1.51606914    1.74480358    1.75742078    1.87400027    1.89582157    1.78673480    1.93615590    1.59238964    1.58987085    1.53434127    1.90650907    1.52538635    1.36666154    1.75476254    1.53128265    1.16729691    1.37726707    1.06424800    1.27940318
C4LYY1_ENTHI/775-860     1.17922833    1.07946203    1.05598331    1.54757906    0.00000000    0.99749743    1.29860572    1.31593816    1.34745615    1.00048041    1.19876004    0.90766713    1.92772428    1.18073213    1.21671554    1.13474244    1.32026181    1.17193066    1.16449833    1.01870558    1.70161118    1.71738756    1.24619450    1.98555336    1.80342865    1.59251779    1.64213126    1.49965146    1.73817147    1.58596001    1.31154992    1.34972447    1.89535283    1.61324986    1.61782337    1.75562958    1.74534486    1.07719339    1.18746672    1.25924510    1.46051043    1.57143105    1.40782016    1.53527603    1.39656303    1.76760803    1.33332991    1.63077078    1.30949605    1.08667971    1.27507363    1.21974757    1.31419189    1.00450146    1.13237251    0.99930245
Q8SS42_ENCCU/604-687     1.31116818    1.40755692    1.19972265    1.66319850    0.99749743    0.00000000    0.68933710    0.64345258    0.72358856    0.84726470    0.97783131    0.88649298    1.98797420    1.11874749    1.23050715    1.19065432    1.22933642    1.07071989    1.24670328    1.11107734    1.61064968    1.68513385    1.55750088    1.50881393    1.88371969    1.63087407    1.49847448    1.52622087    1.51426398    1.27326065    1.74740320    1.32200823    1.58562689    1.61629997    1.54341706    1.51909162    1.38414876    0.99896051    1.26323004    1.29889229    1.10456684    1.22978017    1.02291202    1.29781178    1.20134849    1.50920972    1.12921174    1.33219094    1.38669903    1.14277305    1.15501948    0.94271913    1.08869082    1.04815357    0.82409361    1.03403077
Q1K713_NEUCR/747-831     1.28136321    1.76406157    1.26674216    2.04545555    1.29860572    0.68933710    0.00000000    0.48281967    0.53680426    0.73605560    1.03262127    0.83343169    2.06922841    1.56899343    1.62241295    1.85026153    1.41874645    1.35272453    1.43956435    1.46316084    1.61803520    1.81189754    1.75710634    1.37736542    1.70523534    1.82158792    1.89053687    1.52399631    1.80905745    1.58756886    1.63678963    1.46264020    1.85871267    1.77672488    1.43416913    1.56909159    1.46071999    1.11809892    1.42042056    1.28738369    1.31408610    1.28690653    1.22794419    1.29714314    1.30607642    1.58273557    1.37607161    1.40611474    1.70670931    1.31374814    1.39658345    1.17423689    1.43961584    1.43598156    1.10831996    1.25314276
MCM2_YEAST/761-845     1.47742760    1.63340060    1.41936614    1.87099464    1.31593816    0.64345258    0.48281967    0.00000000    0.45165924    0.77090904    0.89242866    0.84618719    2.31597365    1.24404211    1.29946630    1.51488387    1.19422603    1.13817612    1.54351401    1.45735424    1.42539896    1.84938843    1.75394286    1.45090947    1.89224564    1.79781574    1.88341905    1.55140541    1.70600509    1.43957900    1.58463388    1.62285608    1.75629056    1.65225198    1.47836954    1.69147250    1.51005674    1.15392211    1.32658206    1.25685730    1.20562065    1.34160036    1.24035189    1.32705762    1.09069051    1.31105434    1.17525083    1.50930499    1.55485167    1.23930588    1.39663830    1.29258815    1.19040541    1.30740483    0.97241045    1.25131134
MCM2_SCHPO/725-809     1.22963939    1.35637781    1.26975260    1.86197905    1.34745615    0.72358856    0.53680426    0.45165924    0.00000000    0.66487616    0.86838195    0.68698575    1.91514487    1.36450012    1.28632936    1.46712038    1.29985110    1.11999590    1.37980527    1.36927719    1.43407846    1.58179360    1.85651267    1.29412528    2.07958991    1.85404374    1.81474239    1.33643132    1.45973991    1.19253991    1.40769509    1.26062936    1.51346877    1.40140894    1.12420654    1.35481241    1.34836106    1.26015379    1.22813149    1.22111105    1.16021348    1.25097233    1.17593458    1.17823459    1.07142709    1.33098501    1.43324055    1.55644469    1.63103676    1.25581752    1.24090934    1.19124225    1.22041305    1.29649497    0.92826471    1.24475553
MCM2_DROME/695-779     1.01594816    1.29438403    1.17987464    1.33461589    1.00048041    0.84726470    0.73605560    0.77090904    0.66487616    0.00000000    0.64147822    0.58029415    1.72211804    1.20615595    1.12134464    1.19423233    1.18086985    1.03163328    1.21484667    1.14346965    1.29755080    1.49091261    1.47635276    1.20460400    2.09658793    1.54643601    1.54732288    1.44002563    1.58735020    1.23590111    1.22697188    1.20585150    1.30307396    1.34024735    0.94936006    1.30051575    1.12365839    1.31337359    1.37480004    1.20916663    1.24330771    1.46444412    1.35461865    1.15195770    1.37305289    1.32665309    1.32200284    1.45327151    1.35585763    1.26813986    1.19321222    1.18381727    1.05580660    1.33733481    0.90218689    1.03169873
MCM2_ARATH/743-827     1.02272625    1.33210797    1.13557275    1.63491050    1.19876004    0.97783131    1.03262127    0.89242866    0.86838195    0.64147822    0.00000000    0.71182410    1.95772280    1.19258277    1.22257764    1.16708277    1.39660577    1.10920077    1.43335198    1.29138959    1.72804547    1.61717905    1.88299960    1.71797579    2.71626000    1.78167365    1.89357419    1.50268307    1.74468433    1.59818810    1.49050553    1.41515648    1.45342430    1.66577689    1.55250377    1.80803611    1.55065723    1.17443754    1.24999706    1.30094216    1.46884772    1.38410006    1.36827878    1.19852195    1.13836970    1.45497001    1.63719065    1.57075266    1.40859885    1.43527200    1.35786552    1.27950167    1.34517524    1.32849291    1.23517139    1.29711088
Q9XXI9_CAEEL/692-776     0.97921936    1.20007133    1.11579715    1.63659962    0.90766713    0.88649298    0.83343169    0.84618719    0.68698575    0.58029415    0.71182410    0.00000000    1.49510557    1.15241980    1.10379170    1.05253296    1.35285876    1.16997813    1.12312873    1.14739907    1.39259942    1.46628850    1.64161730    1.48405776    2.10244392    1.67434674    1.52519358    1.51964984    1.64025363    1.40337393    1.48405090    1.42125409    1.46036527    1.39443988    1.28792957    1.41632481    1.45925789    1.27025005    1.16811993    1.11594322    1.03417881    1.20370930    1.14620123    1.18699311    1.19319177    1.45470389    1.33418098    1.42525243    1.34145198    0.98109388    1.25452369    1.01432309    1.22363110    1.16312850    0.98003529    1.02185418
Q8SRK9_ENCCU/444-525     1.42587266    1.68793045    1.41208443    2.22907457    1.92772428    1.98797420    2.06922841    2.31597365    1.91514487    1.72211804    1.95772280    1.49510557    0.00000000    1.39606106    1.50467393    1.33859801    1.38372954    1.44528105    1.35034784    1.31578675    1.54366526    1.72841724    1.92771785    1.26741643    1.76255532    1.73135741    1.86245422    1.87706581    1.75644698    1.63294357    1.66320259    1.61504116    1.51306227    1.39966176    1.76399392    1.86312904    2.01404733    1.90908195    1.98336782    2.25039943    1.86899517    2.03359588    1.87176392    1.64110318    1.77860513    1.93458665    1.50073821    1.93562547    1.68408578    1.56971001    1.97420082    1.51348051    1.87734797    1.54898467    1.38064459    1.21393719
Q7SHS5_NEUCR/823-911     0.85764653    1.14563574    1.04579099    1.60983759    1.18073213    1.11874749    1.56899343    1.24404211    1.36450012    1.20615595    1.19258277    1.15241980    1.39606106    0.00000000    0.38495820    0.32888008    0.63048949    0.67960106    0.76399005    0.78276176    1.04340455    1.12782877    1.45471313    1.45238043    1.77881897    1.32423067    1.32929662    1.28649422    1.36970340    1.08811247    1.16791198    1.48430721    1.54968355    1.23859865    1.48828066    1.36544996    1.44412422    1.35521392    1.26631269    1.07363179    1.29459430    1.36455087    1.15413972    1.25475994    1.13635244    1.13057085    1.00845093    1.31693430    1.14029690    0.88080366    1.21918030    1.09680659    1.01603143    1.03844157    1.18038310    0.99285348
MCM4_YEAST/745-833     1.00963200    1.16032714    1.27497866    1.67637923    1.21671554    1.23050715    1.62241295    1.29946630    1.28632936    1.12134464    1.22257764    1.10379170    1.50467393    0.38495820    0.00000000    0.34884339    0.73682242    0.73660420    0.75205572    0.93789061    1.04636333    1.42353819    1.21990669    1.57636770    1.71288698    1.54290768    1.40984699    1.23011421    1.21686556    0.94337203    1.28343176    1.42478056    1.39245501    1.27343930    1.46067682    1.38213231    1.51925796    1.36555703    1.33710150    1.22532776    1.42284352    1.49687882    1.42837258    1.18609887    1.20027194    1.19569453    1.04952906    1.55453570    1.27036742    0.73250761    1.23746425    1.11743988    1.16721095    1.03613654    1.17947123    1.02641387
MCM4_SCHPO/722-810     1.12078835    1.08151508    1.28594419    1.60367179    1.13474244    1.19065432    1.85026153    1.51488387    1.46712038    1.19423233    1.16708277    1.05253296    1.33859801    0.32888008    0.34884339    0.00000000    0.68027855    0.76135493    0.75482961    0.87653580    1.03799080    1.38074954    1.35291203    1.52325674    1.74453871    1.43656397    1.49337749    1.25807867    1.38190908    1.24407227    1.05509241    1.20877176    1.33035330    1.13439061    1.28700901    1.33101212    1.40249932    1.45097180    1.36041000    1.13990243    1.26348956    1.36137983    1.34097446    1.24727732    1.19261203    1.32815443    1.00510699    1.45812825    1.21470068    0.83176883    1.25630890    1.18697343    1.30730451    1.03102750    1.32957001    1.04353091
Q86IF1_DICDI/707-791     1.04831210    1.41390044    1.13899741    1.58518269    1.32026181    1.22933642    1.41874645    1.19422603    1.29985110    1.18086985    1.39660577    1.35285876    1.38372954    0.63048949    0.73682242    0.68027855    0.00000000    0.64203456    0.67240068    0.87893247    0.96537538    1.33213445    1.42730448    1.47427603    1.43333883    1.58112929    1.35422935    1.29240652    1.18338492    1.14850338    1.16799429    1.30451880    1.31252763    1.32397097    1.24944611    1.33085724    1.30388463    1.39032546    1.09636652    1.17070341    1.42894915    1.31585207    1.34672105    1.31880327    1.08775347    1.24897765    0.90385897    1.53672955    1.10101305    1.05702993    1.29872566    1.11422431    1.21704459    1.13921096    1.04999202    1.04140205
Q8SSE5_ENCCU/539-621     0.92594502    1.49513777    1.17295993    1.51377977    1.17193066    1.07071989    1.35272453    1.13817612    1.11999590    1.03163328    1.10920077    1.16997813    1.44528105    0.67960106    0.73660420    0.76135493    0.64203456    0.00000000    0.73850199    0.94109081    0.98510367    1.03096970    1.48880679    1.22118756    1.23273196    1.29527552    1.65562469    1.10836423    1.04083588    1.04900289    0.97898845    1.25808191    1.15165996    1.07408915    1.04210964    1.24124715    1.29035629    1.21111644    1.38503174    1.14657718    1.30799510    1.23225418    1.23169091    1.09966377    1.11911606    1.38829274    1.01753303    1.35661036    1.07550999    1.13473221    1.25140869    1.21493177    1.12460873    1.08642332    1.04130008    1.03974832
MCM4_DROME/687-771     1.19632791    1.20840454    1.27053499    1.68868222    1.16449833    1.24670328    1.43956435    1.54351401    1.37980527    1.21484667    1.43335198    1.12312873    1.35034784    0.76399005    0.75205572    0.75482961    0.67240068    0.73850199    0.00000000    0.48825845    0.91440874    1.64271049    1.12600423    1.41504478    1.43604887    1.41569978    1.24371879    1.26930729    1.23142317    1.20486892    1.13568151    1.39983390    1.40610767    1.21098525    1.44121604    1.30177823    1.45813156    1.29122238    1.26323222    1.42310046    1.44406381    1.39036120    1.38179350    1.39334927    1.17989338    1.60434177    1.05009706    1.51309024    1.32710681    1.13383353    1.51306780    1.07208187    1.19480433    1.00129985    1.13831219    1.02878579
MCM4_CAEEL/645-729     1.20302260    1.13710860    1.10993688    1.44387735    1.01870558    1.11107734    1.46316084    1.45735424    1.36927719    1.14346965    1.29138959    1.14739907    1.31578675    0.78276176    0.93789061    0.87653580    0.87893247    0.94109081    0.48825845    0.00000000    1.13899512    1.51102664    1.13511810    1.60598295    1.99530641    1.61940241    1.57226572    1.39953015    1.39578523    1.27656384    1.27113486    1.27085209    1.58402608    1.44346954    1.34744449    1.30904921    1.39573483    1.12764724    1.38078044    1.38671776    1.64877241    1.64048135    1.56554755    1.40924461    1.29012895    1.56284252    1.11343989    1.47964558    1.46741247    1.28881940    1.58254615    1.03258943    1.11529451    1.02489225    1.10206648    0.99076118
A8B7S5_GIAIC/631-715     1.32676333    1.18441990    1.28222323    1.44051355    1.70161118    1.61064968    1.61803520    1.42539896    1.43407846    1.29755080    1.72804547    1.39259942    1.54366526    1.04340455    1.04636333    1.03799080    0.96537538    0.98510367    0.91440874    1.13899512    0.00000000    1.45131371    1.31645391    1.30744094    1.73608500    1.58353261    1.27895294    1.47613580    1.43871973    1.20072082    1.56503507    1.44618797    1.65119815    1.31181981    1.37215303    1.43781834    1.68034889    1.32875310    1.47513985    1.54260839    1.68184818    1.71255572    1.55126028    1.61809610    1.47847639    1.23178616    1.50940002    1.68854265    1.40538963    1.40443161    1.79578836    1.48565315    1.33527244    1.20084310    1.18595834    1.41946069
Q9U1E0_LEIMA/563-645     1.39179575    1.70364267    1.19202157    1.87800246    1.71738756    1.68513385    1.81189754    1.84938843    1.58179360    1.49091261    1.61717905    1.46628850    1.72841724    1.12782877    1.42353819    1.38074954    1.33213445    1.03096970    1.64271049    1.51102664    1.45131371    0.00000000    1.46444910    0.98963737    1.50348636    1.20779994    1.29662285    1.72701177    1.99358046    1.39162684    1.60849702    1.53862407    1.62288835    1.39117635    1.59788053    1.87621339    1.78614527    1.73254424    1.61945066    1.73033561    1.62168373    1.56648305    1.39967411    1.66725005    1.51641312    1.82992939    1.39658376    1.69405830    1.44066254    1.67909587    1.44411245    1.49225482    1.68440051    1.57459896    1.45515611    1.29134131
MCM7_YEAST/636-724     2.03925913    1.77574549    1.73862980    1.85091627    1.24619450    1.55750088    1.75710634    1.75394286    1.85651267    1.47635276    1.88299960    1.64161730    1.92771785    1.45471313    1.21990669    1.35291203    1.42730448    1.48880679    1.12600423    1.13511810    1.31645391    1.46444910    0.00000000    1.10252549    1.25419609    0.83879794    1.00424628    1.24825475    1.59206327    1.29137639    1.50104631    1.48818353    1.71007897    1.54944188    1.38116992    1.48324516    1.76233745    1.27379608    1.48035943    1.70565818    1.78505178    1.67505433    1.61435463    1.37122205    1.51659505    1.87304226    1.60963364    1.81955027    1.38219442    1.34700323    1.72996250    1.50741430    1.59492487    1.43156537    1.37454054    1.43144839
MCM7_ARATH/552-637     1.82710338    1.97492037    1.59761490    2.15754062    1.98555336    1.50881393    1.37736542    1.45090947    1.29412528    1.20460400    1.71797579    1.48405776    1.26741643    1.45238043    1.57636770    1.52325674    1.47427603    1.22118756    1.41504478    1.60598295    1.30744094    0.98963737    1.10252549    0.00000000    0.90975980    0.86364818    1.02523901    1.42236986    1.87741182    1.51136373    1.80240464    1.57596524    1.44048099    1.48865090    1.43221548    1.69163479    1.71958180    1.66405444    1.58177444    1.60721174    1.39176495    1.39619029    1.34571573    1.38554200    1.54482138    1.91112862    1.48925630    1.67493027    1.57467315    1.85069618    1.52914794    1.69685277    1.76268236    1.73946704    1.37082745    1.74727831
Q7RJM3_PLAYO/662-751     2.18499636    2.20073970    2.07506613    2.43567607    1.80342865    1.88371969    1.70523534    1.89224564    2.07958991    2.09658793    2.71626000    2.10244392    1.76255532    1.77881897    1.71288698    1.74453871    1.43333883    1.23273196    1.43604887    1.99530641    1.73608500    1.50348636    1.25419609    0.90975980    0.00000000    0.98630483    1.31808138    1.53631356    1.57417487    2.01046073    1.96151371    2.09970205    1.85759800    1.99422875    1.91564969    2.16935108    2.22273244    2.04552334    1.99072099    2.12652473    1.76607202    1.93592460    1.92487843    1.62919130    1.53320131    2.23401950    1.55030308    1.67458986    1.81762423    1.69648297    1.60733604    1.86959816    2.23045507    1.93969739    1.63156712    1.73840144
Q7Q6K1_ANOGA/555-639     1.64021175    1.82665818    1.71231569    2.01043681    1.59251779    1.63087407    1.82158792    1.79781574    1.85404374    1.54643601    1.78167365    1.67434674    1.73135741    1.32423067    1.54290768    1.43656397    1.58112929    1.29527552    1.41569978    1.61940241    1.58353261    1.20779994    0.83879794    0.86364818    0.98630483    0.00000000    0.75724167    1.47142458    1.97804007    1.78093697    1.44405659    1.73808346    1.80430539    1.55057410    1.43319687    1.53922615    1.92193602    1.75731135    1.69223784    1.69190332    1.63322832    1.55801267    1.43473897    1.37270723    1.54553520    1.97925810    1.56420304    1.49053729    1.55236819    1.30839116    1.33409660    1.62082986    1.56408942    1.58657103    1.45464452    1.50870080
O16297_CAEEL/567-651     1.55828175    1.64912890    1.82593582    2.02605763    1.64213126    1.49847448    1.89053687    1.88341905    1.81474239    1.54732288    1.89357419    1.52519358    1.86245422    1.32929662    1.40984699    1.49337749    1.35422935    1.65562469    1.24371879    1.57226572    1.27895294    1.29662285    1.00424628    1.02523901    1.31808138    0.75724167    0.00000000    1.69078759    2.15180079    1.53811418    1.79923861    1.97948282    2.19650067    1.87399696    2.02109429    1.83881350    2.09642036    1.40362112    1.51992215    1.49461067    1.53201265    1.43989384    1.39521261    1.43514908    1.46734331    2.13636439    1.46576533    1.78164865    1.50657529    1.47327269    1.55018630    1.44554386    1.87887067    1.54185468    1.48816796    1.62963888
Q8SRX5_ENCCU/520-604     1.46688796    1.48663864    1.42867539    1.73375760    1.49965146    1.52622087    1.52399631    1.55140541    1.33643132    1.44002563    1.50268307    1.51964984    1.87706581    1.28649422    1.23011421    1.25807867    1.29240652    1.10836423    1.26930729    1.39953015    1.47613580    1.72701177    1.24825475    1.42236986    1.53631356    1.47142458    1.69078759    0.00000000    1.18607008    0.99446542    1.12627792    1.15176039    1.22775116    1.09121712    1.13214059    0.99846041    1.02091411    1.31476400    1.30071159    1.28021483    1.33525811    1.25324116    1.17074514    1.34440119    1.14577275    1.51186167    1.43639757    1.77910473    1.45666503    1.21910354    1.55267906    1.63271999    1.73052048    1.45241780    1.44561696    1.39735914
Q8IDF0_PLAF7/664-750     1.50460617    1.92233685    1.61550273    1.79290019    1.73817147    1.51426398    1.80905745    1.70600509    1.45973991    1.58735020    1.74468433    1.64025363    1.75644698    1.36970340    1.21686556    1.38190908    1.18338492    1.04083588    1.23142317    1.39578523    1.43871973    1.99358046    1.59206327    1.87741182    1.57417487    1.97804007    2.15180079    1.18607008    0.00000000    0.78682067    1.14640040    1.22672715    1.42572209    1.20857095    1.40918129    1.38539199    1.47379792    1.44936668    1.40593547    1.28763202    1.43544904    1.26616501    1.20735472    1.19434588    1.20328198    1.17747873    1.53377943    1.89503509    1.78090473    1.48143758    1.61907193    1.39590428    1.72990625    1.61382436    1.30035018    1.33638491
Q5CPI6_CRYPI/667-752     1.06415608    1.59004505    1.36378218    1.45504700    1.58596001    1.27326065    1.58756886    1.43957900    1.19253991    1.23590111    1.59818810    1.40337393    1.63294357    1.08811247    0.94337203    1.24407227    1.14850338    1.04900289    1.20486892    1.27656384    1.20072082    1.39162684    1.29137639    1.51136373    2.01046073    1.78093697    1.53811418    0.99446542    0.78682067    0.00000000    0.79294806    0.74341113    1.02604470    0.84728038    0.97997344    0.89192057    0.89504907    1.02340165    1.24656272    1.22663975    1.32453133    1.24662827    1.19066431    1.22489277    1.17589922    1.30963716    1.40274809    2.13465057    1.50537302    1.28564875    1.56768556    1.28636108    1.41235107    1.31425847    1.12314115    1.21321517
I1MGS3_SOYBN/568-654     1.16949008    1.55782524    1.31195640    1.72199198    1.31154992    1.74740320    1.63678963    1.58463388    1.40769509    1.22697188    1.49050553    1.48405090    1.66320259    1.16791198    1.28343176    1.05509241    1.16799429    0.97898845    1.13568151    1.27113486    1.56503507    1.60849702    1.50104631    1.80240464    1.96151371    1.44405659    1.79923861    1.12627792    1.14640040    0.79294806    0.00000000    0.88589226    0.86947138    0.92752335    0.84876692    0.76727060    0.92697558    1.22421688    1.23804766    1.26374000    1.26702295    1.13961101    1.21704805    1.31620962    1.16622038    1.35297277    1.41583927    1.65401960    1.47195122    1.28152722    1.60252215    1.60658912    1.58835595    1.22033091    1.32461518    1.19564392
MCM6_CAEEL/573-659     1.29544977    1.58000612    1.19665384    1.43078348    1.34972447    1.32200823    1.46264020    1.62285608    1.26062936    1.20585150    1.41515648    1.42125409    1.61504116    1.48430721    1.42478056    1.20877176    1.30451880    1.25808191    1.39983390    1.27085209    1.44618797    1.53862407    1.48818353    1.57596524    2.09970205    1.73808346    1.97948282    1.15176039    1.22672715    0.74341113    0.88589226    0.00000000    0.77567903    0.71702630    0.59700433    0.88933733    0.86128345    1.05268198    1.35759425    1.23653451    1.45714766    1.27579125    1.17726474    1.40511936    1.33761514    1.53559175    1.54798178    2.28631440    1.24533376    1.34559194    1.48267366    1.54909386    1.53883528    1.37806927    1.20147318    1.20847184
MCM6_DICDI/644-730     1.76962939    1.89331852    1.52244163    1.64198449    1.89535283    1.58562689    1.85871267    1.75629056    1.51346877    1.30307396    1.45342430    1.46036527    1.51306227    1.54968355    1.39245501    1.33035330    1.31252763    1.15165996    1.40610767    1.58402608    1.65119815    1.62288835    1.71007897    1.44048099    1.85759800    1.80430539    2.19650067    1.22775116    1.42572209    1.02604470    0.86947138    0.77567903    0.00000000    0.89335565    0.84383146    1.18706539    1.13369425    1.37255393    1.38923872    1.45796281    1.42911557    1.32632382    1.31387872    1.44715425    1.31148304    1.57215155    1.55767308    2.11466440    1.65849718    1.64528191    1.59268855    1.83035562    1.75513707    1.55176271    1.52233797    1.50226658
MCM6_DROME/562-648     1.49780572    1.40537199    1.48099332    1.65252774    1.61324986    1.61629997    1.77672488    1.65225198    1.40140894    1.34024735    1.66577689    1.39443988    1.39966176    1.23859865    1.27343930    1.13439061    1.32397097    1.07408915    1.21098525    1.44346954    1.31181981    1.39117635    1.54944188    1.48865090    1.99422875    1.55057410    1.87399696    1.09121712    1.20857095    0.84728038    0.92752335    0.71702630    0.89335565    0.00000000    0.52735492    0.82859809    0.84469632    1.59588292    1.36854717    1.25208911    1.22447694    0.95681266    1.11994306    1.39589403    1.08699470    1.38436656    1.12775060    1.89823020    1.40273896    1.08426476    1.61041262    1.60329345    1.67292513    1.38369468    1.36766237    1.37104427
MCM6_RAT/256-342     1.47510253    1.61598769    1.49117627    1.57282477    1.61782337    1.54341706    1.43416913    1.47836954    1.12420654    0.94936006    1.55250377    1.28792957    1.76399392    1.48828066    1.46067682    1.28700901    1.24944611    1.04210964    1.44121604    1.34744449    1.37215303    1.59788053    1.38116992    1.43221548    1.91564969    1.43319687    2.02109429    1.13214059    1.40918129    0.97997344    0.84876692    0.59700433    0.84383146    0.52735492    0.00000000    0.66774135    0.69802153    1.33796173    1.38423118    1.33601670    1.21301846    1.26612606    1.21290525    1.43599977    1.31034075    1.48862530    1.25195993    1.83276328    1.48988038    1.24299913    1.57874592    1.55219476    1.60578144    1.49255574    1.30220278    1.55120829
MCM6_YEAST/749-835     1.51988060    1.59638920    1.22455595    1.58010558    1.75562958    1.51909162    1.56909159    1.69147250    1.35481241    1.30051575    1.80803611    1.41632481    1.86312904    1.36544996    1.38213231    1.33101212    1.33085724    1.24124715    1.30177823    1.30904921    1.43781834    1.87621339    1.48324516    1.69163479    2.16935108    1.53922615    1.83881350    0.99846041    1.38539199    0.89192057    0.76727060    0.88933733    1.18706539    0.82859809    0.66774135    0.00000000    0.32971311    1.43671728    1.55342591    1.38780671    1.39726331    1.38435650    1.29506093    1.64310752    1.40066792    1.48533047    1.61091972    1.83470007    1.68994183    1.23644562    1.41451550    1.74196091    1.48494900    1.40360268    1.26288664    1.39792283
MCM6_SCHPO/650-736     1.67997673    1.78966120    1.28990077    1.64921721    1.74534486    1.38414876    1.46071999    1.51005674    1.34836106    1.12365839    1.55065723    1.45925789    2.01404733    1.44412422    1.51925796    1.40249932    1.30388463    1.29035629    1.45813156    1.39573483    1.68034889    1.78614527    1.76233745    1.71958180    2.22273244    1.92193602    2.09642036    1.02091411    1.47379792    0.89504907    0.92697558    0.86128345    1.13369425    0.84469632    0.69802153    0.32971311    0.00000000    1.41934182    1.44389202    1.42744327    1.40527199    1.45419889    1.34345270    1.67676328    1.44890040    1.66188624    1.65784060    2.00883720    1.63223733    1.46465588    1.42955453    1.85843235    1.58705430    1.77834672    1.43321172    1.55416360
A8BN52_GIAIC/566-651     1.09843025    1.27429261    1.21953948    1.51606914    1.07719339    0.99896051    1.11809892    1.15392211    1.26015379    1.31337359    1.17443754    1.27025005    1.90908195    1.35521392    1.36555703    1.45097180    1.39032546    1.21111644    1.29122238    1.12764724    1.32875310    1.73254424    1.27379608    1.66405444    2.04552334    1.75731135    1.40362112    1.31476400    1.44936668    1.02340165    1.22421688    1.05268198    1.37255393    1.59588292    1.33796173    1.43671728    1.41934182    0.00000000    0.86245839    0.98110274    1.01519581    1.03346476    0.94459029    1.02425833    0.95177876    1.00202575    1.47390302    1.49003218    1.19755047    1.28327823    1.37539720    0.98084660    1.46289847    1.15492789    0.95781609    0.97940382
MCM5_DROME/556-647     1.17853693    1.26692409    1.35648430    1.74480358    1.18746672    1.26323004    1.42042056    1.32658206    1.22813149    1.37480004    1.24999706    1.16811993    1.98336782    1.26631269    1.33710150    1.36041000    1.09636652    1.38503174    1.26323222    1.38078044    1.47513985    1.61945066    1.48035943    1.58177444    1.99072099    1.69223784    1.51992215    1.30071159    1.40593547    1.24656272    1.23804766    1.35759425    1.38923872    1.36854717    1.38423118    1.55342591    1.44389202    0.86245839    0.00000000    0.64763202    0.66730398    0.67242000    0.62868105    0.85471686    0.69601750    0.94797254    1.58340400    1.63350037    1.56482143    1.20460021    1.50983646    1.11516915    1.55055619    1.43458868    1.27127160    1.08951652
MCM5_CAEEL/577-672     1.11512536    1.28735712    1.26362933    1.75742078    1.25924510    1.29889229    1.28738369    1.25685730    1.22111105    1.20916663    1.30094216    1.11594322    2.25039943    1.07363179    1.22532776    1.13990243    1.17070341    1.14657718    1.42310046    1.38671776    1.54260839    1.73033561    1.70565818    1.60721174    2.12652473    1.69190332    1.49461067    1.28021483    1.28763202    1.22663975    1.26374000    1.23653451    1.45796281    1.25208911    1.33601670    1.38780671    1.42744327    0.98110274    0.64763202    0.00000000    0.84816882    0.66287797    0.68268847    0.84614625    0.67524095    0.91574276    1.49566348    1.85930976    1.66938896    1.11098653    1.30897510    1.24601000    1.43665459    1.27247433    1.14949638    1.05904033
MCM5_SCHPO/550-641     1.16315755    1.34892857    1.33564348    1.87400027    1.46051043    1.10456684    1.31408610    1.20562065    1.16021348    1.24330771    1.46884772    1.03417881    1.86899517    1.29459430    1.42284352    1.26348956    1.42894915    1.30799510    1.44406381    1.64877241    1.68184818    1.62168373    1.78505178    1.39176495    1.76607202    1.63322832    1.53201265    1.33525811    1.43544904    1.32453133    1.26702295    1.45714766    1.42911557    1.22447694    1.21301846    1.39726331    1.40527199    1.01519581    0.66730398    0.84816882    0.00000000    0.40682086    0.30733986    0.73262063    0.65125632    1.05221220    1.30019127    1.58562726    1.53077288    1.32776368    1.56070034    0.95888914    1.36650510    1.42604256    1.29542222    1.28431516
MCM5_YEAST/597-688     1.26554531    1.42692494    1.20357221    1.89582157    1.57143105    1.22978017    1.28690653    1.34160036    1.25097233    1.46444412    1.38410006    1.20370930    2.03359588    1.36455087    1.49687882    1.36137983    1.31585207    1.23225418    1.39036120    1.64048135    1.71255572    1.56648305    1.67505433    1.39619029    1.93592460    1.55801267    1.43989384    1.25324116    1.26616501    1.24662827    1.13961101    1.27579125    1.32632382    0.95681266    1.26612606    1.38435650    1.45419889    1.03346476    0.67242000    0.66287797    0.40682086    0.00000000    0.26270576    0.64526577    0.65852002    0.94700610    1.33568374    1.61762970    1.62762985    1.27848884    1.52377905    1.10916620    1.69500111    1.56494589    1.27581721    1.20329053
Q1K862_NEUCR/549-640     1.18190952    1.30838006    1.08792620    1.78673480    1.40782016    1.02291202    1.22794419    1.24035189    1.17593458    1.35461865    1.36827878    1.14620123    1.87176392    1.15413972    1.42837258    1.34097446    1.34672105    1.23169091    1.38179350    1.56554755    1.55126028    1.39967411    1.61435463    1.34571573    1.92487843    1.43473897    1.39521261    1.17074514    1.20735472    1.19066431    1.21704805    1.17726474    1.31387872    1.11994306    1.21290525    1.29506093    1.34345270    0.94459029    0.62868105    0.68268847    0.30733986    0.26270576    0.00000000    0.58889555    0.61784508    0.95626633    1.31098384    1.69135202    1.55886854    1.28299245    1.40914541    1.02800876    1.40351662    1.26773598    1.11852895    1.15351313
Q6R8Y2_ENTHI/530-621     1.19036315    1.32562261    1.36152171    1.93615590    1.53527603    1.29781178    1.29714314    1.32705762    1.17823459    1.15195770    1.19852195    1.18699311    1.64110318    1.25475994    1.18609887    1.24727732    1.31880327    1.09966377    1.39334927    1.40924461    1.61809610    1.66725005    1.37122205    1.38554200    1.62919130    1.37270723    1.43514908    1.34440119    1.19434588    1.22489277    1.31620962    1.40511936    1.44715425    1.39589403    1.43599977    1.64310752    1.67676328    1.02425833    0.85471686    0.84614625    0.73262063    0.64526577    0.58889555    0.00000000    0.74760084    1.10400234    1.47344649    1.51850075    1.33190977    1.17423769    1.31877003    1.17532547    1.55930921    1.41863719    1.09786515    1.14144990
Q8SRS4_ENCCU/523-614     1.29764057    1.16288776    1.22718520    1.59238964    1.39656303    1.20134849    1.30607642    1.09069051    1.07142709    1.37305289    1.13836970    1.19319177    1.77860513    1.13635244    1.20027194    1.19261203    1.08775347    1.11911606    1.17989338    1.29012895    1.47847639    1.51641312    1.51659505    1.54482138    1.53320131    1.54553520    1.46734331    1.14577275    1.20328198    1.17589922    1.16622038    1.33761514    1.31148304    1.08699470    1.31034075    1.40066792    1.44890040    0.95177876    0.69601750    0.67524095    0.65125632    0.65852002    0.61784508    0.74760084    0.00000000    0.79084642    1.18385041    1.33279142    1.29193032    1.11482350    1.53020119    1.11720213    1.29127082    1.25221777    1.22361864    1.20835675
Q8I5T4_PLAF7/588-677     1.21057343    1.22553985    1.20402273    1.58987085    1.76760803    1.50920972    1.58273557    1.31105434    1.33098501    1.32665309    1.45497001    1.45470389    1.93458665    1.13057085    1.19569453    1.32815443    1.24897765    1.38829274    1.60434177    1.56284252    1.23178616    1.82992939    1.87304226    1.91112862    2.23401950    1.97925810    2.13636439    1.51186167    1.17747873    1.30963716    1.35297277    1.53559175    1.57215155    1.38436656    1.48862530    1.48533047    1.66188624    1.00202575    0.94797254    0.91574276    1.05221220    0.94700610    0.95626633    1.10400234    0.79084642    0.00000000    1.49245776    1.42942449    1.59550447    1.27023164    1.69364435    1.11701821    1.37999146    1.48509860    1.28442431    1.24877932
Y363_METJA/585-668     1.13837554    1.32806276    1.18425040    1.53434127    1.33332991    1.12921174    1.37607161    1.17525083    1.43324055    1.32200284    1.63719065    1.33418098    1.50073821    1.00845093    1.04952906    1.00510699    0.90385897    1.01753303    1.05009706    1.11343989    1.50940002    1.39658376    1.60963364    1.48925630    1.55030308    1.56420304    1.46576533    1.43639757    1.53377943    1.40274809    1.41583927    1.54798178    1.55767308    1.12775060    1.25195993    1.61091972    1.65784060    1.47390302    1.58340400    1.49566348    1.30019127    1.33568374    1.31098384    1.47344649    1.18385041    1.49245776    0.00000000    1.03616961    1.08777014    0.83180558    1.08918300    0.89961822    1.19232161    1.10643789    0.99098492    0.93450912
Q8TWR7_METKA/478-569     1.57123773    1.65032901    1.38464155    1.90650907    1.63077078    1.33219094    1.40611474    1.50930499    1.55644469    1.45327151    1.57075266    1.42525243    1.93562547    1.31693430    1.55453570    1.45812825    1.53672955    1.35661036    1.51309024    1.47964558    1.68854265    1.69405830    1.81955027    1.67493027    1.67458986    1.49053729    1.78164865    1.77910473    1.89503509    2.13465057    1.65401960    2.28631440    2.11466440    1.89823020    1.83276328    1.83470007    2.00883720    1.49003218    1.63350037    1.85930976    1.58562726    1.61762970    1.69135202    1.51850075    1.33279142    1.42942449    1.03616961    0.00000000    1.44956774    1.32492394    1.39859438    1.48994393    1.40940685    1.22243168    1.15297500    1.26833327
C4LVK4_ENTHI/438-526     1.35909243    1.20850697    1.25914269    1.52538635    1.30949605    1.38669903    1.70670931    1.55485167    1.63103676    1.35585763    1.40859885    1.34145198    1.68408578    1.14029690    1.27036742    1.21470068    1.10101305    1.07550999    1.32710681    1.46741247    1.40538963    1.44066254    1.38219442    1.57467315    1.81762423    1.55236819    1.50657529    1.45666503    1.78090473    1.50537302    1.47195122    1.24533376    1.65849718    1.40273896    1.48988038    1.68994183    1.63223733    1.19755047    1.56482143    1.66938896    1.53077288    1.62762985    1.55886854    1.33190977    1.29193032    1.59550447    1.08777014    1.44956774    0.00000000    0.89726854    1.15050551    1.26578014    1.27298661    1.23271905    1.19434389    1.24957246
