11
G3WBQ7_SARHA/21-117     0.00000000    0.28725182    0.41721960    0.33947352    0.34936131    0.60373061    0.56325093    0.60822618    0.64735273    0.90466958    0.64915891
A0A151N085_ALLMI/24-120     0.28725182    0.00000000    0.34876763    0.25646744    0.37124189    0.55389371    0.57823526    0.46837633    0.68066811    0.80842066    0.70434438
G1KT04_ANOCA/20-115     0.41721960    0.34876763    0.00000000    0.25198200    0.38481980    0.74158529    0.64829271    0.54891608    0.65228374    0.85746768    0.76706306
A0A091JHA1_EGRGA/9-105     0.33947352    0.25646744    0.25198200    0.00000000    0.31144226    0.52998711    0.57483117    0.51605349    0.54027475    0.87667948    0.63088389
M3VYH5_FELCA/132-227     0.34936131    0.37124189    0.38481980    0.31144226    0.00000000    0.31590806    0.28123843    0.52125479    0.59898719    0.76175202    0.66698287
G1QCS3_MYOLU/21-116     0.60373061    0.55389371    0.74158529    0.52998711    0.31590806    0.00000000    0.50835867    0.85300393    0.88546273    1.06142322    0.97899526
L9JFZ9_TUPCH/14-110     0.56325093    0.57823526    0.64829271    0.57483117    0.28123843    0.50835867    0.00000000    0.69884827    0.82595754    0.88035964    0.88341589
F6ZLT6_XENTR/21-116     0.60822618    0.46837633    0.54891608    0.51605349    0.52125479    0.85300393    0.69884827    0.00000000    0.74080856    0.92967084    0.82047300
W5M7X9_LEPOC/30-124     0.64735273    0.68066811    0.65228374    0.54027475    0.59898719    0.88546273    0.82595754    0.74080856    0.00000000    0.62016473    0.39506069
H2LPP8_ORYLA/21-96     0.90466958    0.80842066    0.85746768    0.87667948    0.76175202    1.06142322    0.88035964    0.92967084    0.62016473    0.00000000    0.46932781
F1RDD7_DANRE/20-114     0.64915891    0.70434438    0.76706306    0.63088389    0.66698287    0.97899526    0.88341589    0.82047300    0.39506069    0.46932781    0.00000000

