14
Q29S10_BOVIN/287-459     0.00000000    0.67933726    0.69923591    1.92564046    1.98052648    1.98104402    2.14989773    1.85126685    2.03599651    3.48172551    3.32046448    3.44490396    3.42088479    3.38441224
GSDMD_HUMAN/284-456     0.67933726    0.00000000    0.66792668    1.89769063    1.86915063    1.70129449    1.82982623    1.76219083    1.74638438    3.46213283    3.73623917    3.73506499    3.85263386    3.71273505
GSDMD_MOUSE/286-459     0.69923591    0.66792668    0.00000000    1.76123258    1.77307127    1.75520401    1.81025700    1.71737710    1.79364626    3.26819536    3.32490382    3.46423298    3.57155890    3.31822055
GSDC4_MOUSE/272-441     1.92564046    1.89769063    1.76123258    0.00000000    0.12767664    0.63252955    0.93914687    1.72879563    1.66857542    3.34572420    3.05742561    2.92918517    2.94067494    2.87799189
GSDMC_MOUSE/273-442     1.98052648    1.86915063    1.77307127    0.12767664    0.00000000    0.49742215    0.82319134    1.67460616    1.55390922    3.54351016    2.95958356    3.00821616    3.01991604    2.96076552
GSDMC_HUMAN/313-482     1.98104402    1.70129449    1.75520401    0.63252955    0.49742215    0.00000000    0.60249685    1.64947420    1.65868923    3.19512530    3.57743266    3.61358132    3.73947958    3.66175635
Q2KJ26_BOVIN/296-461     2.14989773    1.82982623    1.81025700    0.93914687    0.82319134    0.60249685    0.00000000    1.64845728    1.70313585    3.28340929    3.16268843    3.22437833    3.23161289    3.10885777
GSDMA_HUMAN/254-418     1.85126685    1.76219083    1.71737710    1.72879563    1.67460616    1.64947420    1.64845728    0.00000000    0.22607362    3.32625714    2.54322058    2.76541394    2.68541796    2.74497074
GSDA2_MOUSE/252-416     2.03599651    1.74638438    1.79364626    1.66857542    1.55390922    1.65868923    1.70313585    0.22607362    0.00000000    3.24963056    2.68055377    3.03141337    3.06186201    2.87222751
Q6J2R6_DANRE/263-444     3.48172551    3.46213283    3.26819536    3.34572420    3.54351016    3.19512530    3.28340929    3.32625714    3.24963056    0.00000000    2.03273365    2.27171204    2.30158809    2.37310626
F1NP12_CHICK/287-474     3.32046448    3.73623917    3.32490382    3.05742561    2.95958356    3.57743266    3.16268843    2.54322058    2.68055377    2.03273365    0.00000000    1.11903519    1.09981076    1.01838561
GSDME_MOUSE/279-471     3.44490396    3.73506499    3.46423298    2.92918517    3.00821616    3.61358132    3.22437833    2.76541394    3.03141337    2.27171204    1.11903519    0.00000000    0.52793220    0.51757498
GSDME_HUMAN/279-468     3.42088479    3.85263386    3.57155890    2.94067494    3.01991604    3.73947958    3.23161289    2.68541796    3.06186201    2.30158809    1.09981076    0.52793220    0.00000000    0.36861309
GSDME_HORSE/279-469     3.38441224    3.71273505    3.31822055    2.87799189    2.96076552    3.66175635    3.10885777    2.74497074    2.87222751    2.37310626    1.01838561    0.51757498    0.36861309    0.00000000

