13
K9PMR7_9CYAN/9-332     0.00000000    0.50986157    0.63413735    0.55661174    1.59105386    1.59379616    0.68447020    0.79330332    0.46496555    0.47830389    0.50077907    0.52718654    0.62117301
K9WUY7_9NOST/9-323     0.50986157    0.00000000    0.52104462    0.43699728    1.61441809    1.49129418    0.65712939    0.68237156    0.38167128    0.40815280    0.44775566    0.42842338    0.56234145
K7WCS3_9NOST/9-325     0.63413735    0.52104462    0.00000000    0.44759485    1.77113436    1.57459213    0.81409177    0.77851863    0.54092206    0.57469974    0.56159647    0.56688703    0.65581550
D7DVI6_NOSA0/10-325     0.55661174    0.43699728    0.44759485    0.00000000    1.59755973    1.54458867    0.76149501    0.68572020    0.49792209    0.48267006    0.50747132    0.48607273    0.59637461
K8GG94_9CYAN/41-366     1.59105386    1.61441809    1.77113436    1.59755973    0.00000000    1.65919201    1.59188623    1.62756135    1.73238275    1.62793668    1.68027375    1.67040575    1.64250653
B4VI37_9CYAN/7-326     1.59379616    1.49129418    1.57459213    1.54458867    1.65919201    0.00000000    1.55467452    1.59311438    1.52889382    1.47850884    1.47259812    1.55168739    1.47068208
G6FUM3_9CYAN/8-327     0.68447020    0.65712939    0.81409177    0.76149501    1.59188623    1.55467452    0.00000000    0.71013690    0.68868493    0.62757187    0.67495638    0.66061337    0.75201540
K9V9P0_9CYAN/8-348     0.79330332    0.68237156    0.77851863    0.68572020    1.62756135    1.59311438    0.71013690    0.00000000    0.64134702    0.67206952    0.64578882    0.55820696    0.76617214
K9Q683_9NOSO/9-332     0.46496555    0.38167128    0.54092206    0.49792209    1.73238275    1.52889382    0.68868493    0.64134702    0.00000000    0.29261272    0.32869006    0.31542409    0.47339280
B2IXC8_NOSP7/9-324     0.47830389    0.40815280    0.57469974    0.48267006    1.62793668    1.47850884    0.62757187    0.67206952    0.29261272    0.00000000    0.38659033    0.35898083    0.43548509
K9QXL7_NOSS7/9-331     0.50077907    0.44775566    0.56159647    0.50747132    1.68027375    1.47259812    0.67495638    0.64578882    0.32869006    0.38659033    0.00000000    0.27132941    0.51432759
Y2393_NOSS1/9-332     0.52718654    0.42842338    0.56688703    0.48607273    1.67040575    1.55168739    0.66061337    0.55820696    0.31542409    0.35898083    0.27132941    0.00000000    0.48992476
A0Z9W5_NODSP/9-340     0.62117301    0.56234145    0.65581550    0.59637461    1.64250653    1.47068208    0.75201540    0.76617214    0.47339280    0.43548509    0.51432759    0.48992476    0.00000000

