24
G0NYT6_CAEBE/30-153     0.00000000    1.18535192    1.51257115    1.54943912    1.47610124    1.45053716    0.70554902    0.79009872    0.82603138    0.86067484    0.80949315    0.69562234    0.80754409    0.87096395    0.93944798    0.94604961    1.09148941    0.92882656    0.87918881    1.12445850    1.28816049    1.23493681    0.97541960    0.79139333
A8WZL3_CAEBR/24-143     1.18535192    0.00000000    1.47991909    1.51594801    1.55594849    1.74143615    0.97134611    1.05023988    1.08669490    0.99285144    1.04252185    0.89362437    0.93401598    0.99292342    1.15658756    1.03328382    1.24175928    1.12958375    1.17512625    1.36594409    1.40479836    1.59222883    1.21203230    0.94529638
A8Y322_CAEBR/73-201     1.51257115    1.47991909    0.00000000    0.27505401    1.40137632    1.54976587    1.10614747    1.18664958    1.33277399    1.20898662    1.26029953    1.18311985    1.31366538    1.34234604    1.31874802    1.45030217    1.21850852    1.39455736    1.13512832    1.39638994    1.30540968    1.61427177    1.19714427    1.13644794
A8Y323_CAEBR/50-179     1.54943912    1.51594801    0.27505401    0.00000000    1.45892825    1.70404873    1.24140414    1.32953336    1.32864441    1.29450679    1.31563244    1.30929727    1.37791481    1.36594333    1.35981586    1.48367898    1.39748530    1.50392648    1.05820381    1.48945609    1.39172945    1.69108724    1.20241422    1.30616244
E3MJG9_CAERE/20-144     1.47610124    1.55594849    1.40137632    1.45892825    0.00000000    0.79609687    1.22973255    1.17759831    1.21058250    1.20632776    1.11103552    1.18607426    1.25112149    1.21494064    1.18129826    1.30364419    1.56021857    1.40371959    1.36697401    1.30591569    1.50006176    1.58049489    1.44636860    1.17225882
E3MJH0_CAERE/74-197     1.45053716    1.74143615    1.54976587    1.70404873    0.79609687    0.00000000    1.35403731    1.28492855    1.35188533    1.46098927    1.28008138    1.29272688    1.37866973    1.56928888    1.40672437    1.36198609    1.70042640    1.42153841    1.37152120    1.58959310    1.64450426    1.93205698    1.53545157    1.26839437
G0NYT9_CAEBE/28-151     0.70554902    0.97134611    1.10614747    1.24140414    1.22973255    1.35403731    0.00000000    0.29907707    0.39742997    0.41798433    0.32324696    0.32347589    0.37587300    0.38988305    0.59747453    0.58529052    0.62610039    0.58120714    0.54555445    0.86268175    0.87555839    0.98858480    0.72325636    0.48916646
G0NKR8_CAEBE/28-151     0.79009872    1.05023988    1.18664958    1.32953336    1.17759831    1.28492855    0.29907707    0.00000000    0.50266263    0.54314589    0.39056030    0.44187528    0.46589811    0.58131239    0.60584397    0.60015089    0.77992620    0.69686050    0.72714565    0.84689877    1.04826120    1.11456643    0.81513050    0.58815150
Q19759_CAEEL/72-195     0.82603138    1.08669490    1.33277399    1.32864441    1.21058250    1.35188533    0.39742997    0.50266263    0.00000000    0.31666068    0.26915128    0.36178133    0.39238381    0.50061355    0.58754184    0.68333829    0.71595338    0.62211300    0.60562589    0.82606217    0.96444857    1.17316425    0.85336610    0.52881571
YWZ3_CAEEL/2-125     0.86067484    0.99285144    1.20898662    1.29450679    1.20632776    1.46098927    0.41798433    0.54314589    0.31666068    0.00000000    0.25756908    0.40965932    0.46426802    0.43878752    0.59969543    0.62671504    0.75762043    0.60499166    0.58912606    0.87290048    0.98935189    1.11496273    0.76552562    0.55606996
Q9XUW9_CAEEL/27-150     0.80949315    1.04252185    1.26029953    1.31563244    1.11103552    1.28008138    0.32324696    0.39056030    0.26915128    0.25756908    0.00000000    0.27943330    0.31821189    0.43110455    0.50505358    0.51736494    0.68008356    0.54487055    0.58606564    0.89313842    0.99271655    1.21913113    0.73085286    0.45629678
E3M0M3_CAERE/27-151     0.69562234    0.89362437    1.18311985    1.30929727    1.18607426    1.29272688    0.32347589    0.44187528    0.36178133    0.40965932    0.27943330    0.00000000    0.31487231    0.44428151    0.53461159    0.57168649    0.67980983    0.58710226    0.73253915    0.83229892    1.00177253    1.11555791    0.78571994    0.53931730
A8XD34_CAEBR/27-154     0.80754409    0.93401598    1.31366538    1.37791481    1.25112149    1.37866973    0.37587300    0.46589811    0.39238381    0.46426802    0.31821189    0.31487231    0.00000000    0.27793604    0.31066614    0.31701141    0.67764614    0.58502701    0.75036702    0.90906323    1.02726905    1.07146533    0.81782194    0.54352764
A8Y2X7_CAEBR/29-156     0.87096395    0.99292342    1.34234604    1.36594333    1.21494064    1.56928888    0.38988305    0.58131239    0.50061355    0.43878752    0.43110455    0.44428151    0.27793604    0.00000000    0.36189899    0.40279172    0.71918836    0.58170128    0.73751947    0.92067085    1.03775141    1.14811016    0.84721603    0.56490179
A8Y2X9_CAEBR/27-151     0.93944798    1.15658756    1.31874802    1.35981586    1.18129826    1.40672437    0.59747453    0.60584397    0.58754184    0.59969543    0.50505358    0.53461159    0.31066614    0.36189899    0.00000000    0.30326968    0.79650629    0.67163597    0.82463872    0.98003980    1.18108378    1.16588892    0.92134763    0.67179790
A8Y2Y6_CAEBR/27-151     0.94604961    1.03328382    1.45030217    1.48367898    1.30364419    1.36198609    0.58529052    0.60015089    0.68333829    0.62671504    0.51736494    0.57168649    0.31701141    0.40279172    0.30326968    0.00000000    0.92262168    0.72916045    0.89092423    1.08488892    1.20304765    1.18117989    0.94357646    0.74013612
A0A2H2IHC2_CAEJA/26-144     1.09148941    1.24175928    1.21850852    1.39748530    1.56021857    1.70042640    0.62610039    0.77992620    0.71595338    0.75762043    0.68008356    0.67980983    0.67764614    0.71918836    0.79650629    0.92262168    0.00000000    0.43532316    0.83072163    1.00703780    1.02817507    1.02527953    0.91453447    0.78218151
A0A2H2IBF0_CAEJA/28-145     0.92882656    1.12958375    1.39455736    1.50392648    1.40371959    1.42153841    0.58120714    0.69686050    0.62211300    0.60499166    0.54487055    0.58710226    0.58502701    0.58170128    0.67163597    0.72916045    0.43532316    0.00000000    0.64100962    1.07458889    1.05865691    1.12296028    0.88527093    0.57820232
H2KZE6_CAEEL/29-152     0.87918881    1.17512625    1.13512832    1.05820381    1.36697401    1.37152120    0.54555445    0.72714565    0.60562589    0.58912606    0.58606564    0.73253915    0.75036702    0.73751947    0.82463872    0.89092423    0.83072163    0.64100962    0.00000000    0.84841211    0.80790678    1.17825861    0.71908769    0.54158087
G0MBC6_CAEBE/24-140     1.12445850    1.36594409    1.39638994    1.48945609    1.30591569    1.58959310    0.86268175    0.84689877    0.82606217    0.87290048    0.89313842    0.83229892    0.90906323    0.92067085    0.98003980    1.08488892    1.00703780    1.07458889    0.84841211    0.00000000    1.12307737    1.14694392    1.08075026    0.86078636
A8X4L8_CAEBR/25-148     1.28816049    1.40479836    1.30540968    1.39172945    1.50006176    1.64450426    0.87555839    1.04826120    0.96444857    0.98935189    0.99271655    1.00177253    1.02726905    1.03775141    1.18108378    1.20304765    1.02817507    1.05865691    0.80790678    1.12307737    0.00000000    1.18677652    0.92919280    0.90070677
E3MJH4_CAERE/24-147     1.23493681    1.59222883    1.61427177    1.69108724    1.58049489    1.93205698    0.98858480    1.11456643    1.17316425    1.11496273    1.21913113    1.11555791    1.07146533    1.14811016    1.16588892    1.18117989    1.02527953    1.12296028    1.17825861    1.14694392    1.18677652    0.00000000    1.21433505    1.19606360
G0MBN8_CAEBE/25-148     0.97541960    1.21203230    1.19714427    1.20241422    1.44636860    1.53545157    0.72325636    0.81513050    0.85336610    0.76552562    0.73085286    0.78571994    0.81782194    0.84721603    0.92134763    0.94357646    0.91453447    0.88527093    0.71908769    1.08075026    0.92919280    1.21433505    0.00000000    0.58310749
E3MJR0_CAERE/22-145     0.79139333    0.94529638    1.13644794    1.30616244    1.17225882    1.26839437    0.48916646    0.58815150    0.52881571    0.55606996    0.45629678    0.53931730    0.54352764    0.56490179    0.67179790    0.74013612    0.78218151    0.57820232    0.54158087    0.86078636    0.90070677    1.19606360    0.58310749    0.00000000

