9
A8F9M9_BACP2/156-343     0.00000000    1.19902546    1.08269161    1.27813382    2.21142370    2.28278336    2.46046988    2.40193586    1.79647348
Q65NT4_BACLD/163-354     1.19902546    0.00000000    1.18709352    1.05670733    2.24635520    2.21541513    2.42778800    2.19129746    1.90493196
A8F9N6_BACP2/162-350     1.08269161    1.18709352    0.00000000    0.58868331    2.06072965    2.10203632    2.28426499    1.91748211    1.70595448
YCDA_BACSU/164-352     1.27813382    1.05670733    0.58868331    0.00000000    2.18014130    2.09974594    2.17441492    2.07931824    1.83096880
K8E659_CARML/161-350     2.21142370    2.24635520    2.06072965    2.18014130    0.00000000    1.36371601    2.63675830    2.45053643    2.38984786
D5DB21_BACMD/162-346     2.28278336    2.21541513    2.10203632    2.09974594    1.36371601    0.00000000    2.83570505    2.49435881    2.32160143
Q8Y8V1_LISMO/18-212     2.46046988    2.42778800    2.28426499    2.17441492    2.63675830    2.83570505    0.00000000    2.23008815    2.00180011
A0A2B5NDB2_9BACI/38-222     2.40193586    2.19129746    1.91748211    2.07931824    2.45053643    2.49435881    2.23008815    0.00000000    1.11010187
A0A2A8B0E3_9BACI/167-350     1.79647348    1.90493196    1.70595448    1.83096880    2.38984786    2.32160143    2.00180011    1.11010187    0.00000000

