31
W4VSL9_CONVC/26-64     0.00000000    1.26020163    1.08819537    0.94014761    1.11706784    1.23040899    1.35777175    1.58200820    1.91203938    1.73540484    1.74981363    1.21129710    1.56008821    1.04605388    1.15909714    1.80564417    1.49494859    1.71257272    1.67252379    1.15860762    1.45853841    1.54661987    1.23636555    1.36118426    1.16626031    1.53668495    1.16900881    1.02197351    1.04760246    1.14707478    1.34053238
I2B_CONTE/26-63     1.26020163    0.00000000    0.32673869    0.47401038    0.83084357    1.00090740    1.06606866    1.40553464    1.41894797    1.51533641    1.42973620    0.79173590    1.49601570    1.36304848    1.44818171    1.75404399    1.33733637    1.71220529    1.70550932    0.89506552    1.30435063    1.37886967    1.06016021    1.01593606    0.85182233    0.84518294    0.87977790    0.89139617    0.94455641    1.30182474    1.16177544
A0A0K2S690_CONEP/26-63     1.08819537    0.32673869    0.00000000    0.41282696    0.81781431    1.12234838    1.08894896    1.50116932    1.47686974    1.66581570    1.43850441    0.91230462    1.42750482    1.12911483    1.37572004    1.65100567    1.30445164    1.42311007    1.35501308    0.87469938    0.93622133    1.29102988    1.03690769    0.94204474    0.94228733    0.68060957    0.82602559    0.83799763    0.96855921    1.28908443    1.23239768
W4VSG5_CONVC/26-63     0.94014761    0.47401038    0.41282696    0.00000000    1.02769010    1.21303150    1.08217079    1.38234284    1.63069495    1.49968814    1.61109928    1.00250697    1.44421917    1.20027936    1.33778126    1.71527249    1.40288068    1.76157482    1.64271103    1.09238254    1.31803301    1.57655579    1.01475501    1.16348704    1.00383049    0.93134260    1.02552784    1.21105594    1.06748243    1.11829056    1.04017837
W4VSB4_CONVC/28-65     1.11706784    0.83084357    0.81781431    1.02769010    0.00000000    1.12743418    0.94350896    1.38173284    1.32628396    1.60514650    1.58836260    1.07249357    1.36928008    1.13935402    1.36172676    1.54281406    1.71836619    1.83502740    1.84438339    1.00239580    1.13249861    1.26496196    0.99410343    0.99180510    0.68510031    1.09675051    1.06855748    1.00374441    1.15504728    1.40782518    1.36663002
F6LPL8_CONVR/27-64     1.23040899    1.00090740    1.12234838    1.21303150    1.12743418    0.00000000    0.89192928    1.20992173    1.46337479    1.26590749    1.35725632    1.15597131    1.39462025    1.41177157    1.50708856    1.63416228    1.53847843    1.73734972    1.73388046    1.14934119    1.57794633    1.67954650    1.20206564    1.38132510    1.15732775    1.13524876    1.06714589    0.97253454    1.20982463    1.44157407    1.39820268
I21_CONIM/27-64     1.35777175    1.06606866    1.08894896    1.08217079    0.94350896    0.89192928    0.00000000    1.10490472    1.17152803    1.21620420    1.19590665    1.09860537    1.35376165    1.12642013    1.24187131    1.58009264    0.96590057    1.46924628    1.40905050    1.25544444    1.15777032    1.63059158    0.87977557    1.37409277    1.16961112    1.17919185    1.03226730    0.92151557    1.03297891    1.33862032    1.14992802
I2_CONST/29-67     1.58200820    1.40553464    1.50116932    1.38234284    1.38173284    1.20992173    1.10490472    0.00000000    0.67382516    0.40922152    0.78817455    1.36642298    1.53177658    1.52496866    1.44737031    1.91862085    1.74595846    1.70222219    1.88011623    1.46042609    1.82561615    1.56528954    1.52083561    1.40510090    1.36017854    1.39748032    1.42601850    1.60970469    1.41593619    1.42439905    1.52450988
I22_CONVX/29-66     1.91203938    1.41894797    1.47686974    1.63069495    1.32628396    1.46337479    1.17152803    0.67382516    0.00000000    0.53233842    0.64113865    1.48934434    1.50799983    1.61028602    1.54817642    2.00688306    1.83458694    1.73103927    1.85350603    1.29328928    1.73090760    1.55824389    1.48252021    1.12272735    1.15548702    1.52428778    1.42050252    1.58272151    1.32447032    1.59314902    1.78639782
I2_CONCE/29-67     1.73540484    1.51533641    1.66581570    1.49968814    1.60514650    1.26590749    1.21620420    0.40922152    0.53233842    0.00000000    0.41375329    1.54884242    1.66710338    1.69639310    1.69070478    1.86584491    1.74659238    1.83272200    1.97351281    1.43960947    1.68792772    1.60383876    1.44913269    1.39335175    1.36499689    1.48632316    1.53013850    1.79120667    1.36667533    1.39965880    1.56142196
I2B5_CONEM/29-67     1.74981363    1.42973620    1.43850441    1.61109928    1.58836260    1.35725632    1.19590665    0.78817455    0.64113865    0.41375329    0.00000000    1.45124322    1.58252884    1.48836633    1.61818588    1.86651041    1.68658024    1.76462291    1.98947871    1.43441581    1.62158288    1.73686920    1.44801174    1.34024050    1.37061293    1.47701988    1.62686828    1.63560797    1.41483792    1.34565309    1.44995954
W4VS10_CONVC/26-64     1.21129710    0.79173590    0.91230462    1.00250697    1.07249357    1.15597131    1.09860537    1.36642298    1.48934434    1.54884242    1.45124322    0.00000000    1.43455764    1.38710498    1.29684999    1.25283604    1.52221221    1.48406358    1.53352019    0.98156346    1.62055427    1.39578497    0.93912231    0.94453157    0.99410718    1.19362203    1.05001586    1.04090437    1.04918628    1.22061701    1.13448521
U3KZV4_CONFL/31-67     1.56008821    1.49601570    1.42750482    1.44421917    1.36928008    1.39462025    1.35376165    1.53177658    1.50799983    1.66710338    1.58252884    1.43455764    0.00000000    0.68354230    0.61678589    1.19150640    1.54119491    2.08403204    1.81510132    0.89768763    1.18315603    1.26245311    1.22566992    1.20131770    1.22308124    1.56015913    1.28605544    1.09444418    1.30771009    1.20460170    1.10527045
A0A061QFP6_CONLI/27-63     1.04605388    1.36304848    1.12911483    1.20027936    1.13935402    1.41177157    1.12642013    1.52496866    1.61028602    1.69639310    1.48836633    1.38710498    0.68354230    0.00000000    0.42439047    1.66225230    1.14298674    1.76391433    1.66227171    1.23341070    1.19447103    1.36010485    1.28111716    1.16275383    1.24748233    1.45936267    1.12697526    1.10088143    1.20062242    1.04422386    1.18003320
A0A061QFT5_9CAEN/31-67     1.15909714    1.44818171    1.37572004    1.33778126    1.36172676    1.50708856    1.24187131    1.44737031    1.54817642    1.69070478    1.61818588    1.29684999    0.61678589    0.42439047    0.00000000    1.56092108    1.49100964    1.85162158    1.58676189    1.21710693    1.16035527    1.33786182    1.32836383    1.13099926    1.48997035    1.41683666    1.07723894    1.41135816    1.18345911    1.27105724    1.33626945
I2B6_CONLT/27-64     1.80564417    1.75404399    1.65100567    1.71527249    1.54281406    1.63416228    1.58009264    1.91862085    2.00688306    1.86584491    1.86651041    1.25283604    1.19150640    1.66225230    1.56092108    0.00000000    1.37539140    1.31918980    1.36416572    1.00712658    1.57336277    1.65990738    1.14883357    1.28743402    1.17506097    1.60574724    1.56183513    1.74043693    1.46457599    1.11179625    1.20948881
A0A142C1G0_CONBE/26-62     1.49494859    1.33733637    1.30445164    1.40288068    1.71836619    1.53847843    0.96590057    1.74595846    1.83458694    1.74659238    1.68658024    1.52221221    1.54119491    1.14298674    1.49100964    1.37539140    0.00000000    1.00824261    0.77441340    1.49630444    1.52501475    1.54852530    1.37986160    1.63237808    1.54630362    1.79363598    1.27735624    1.36673071    1.20040454    1.19274689    1.11602064
R4IKW5_CONEA/18-56     1.71257272    1.71220529    1.42311007    1.76157482    1.83502740    1.73734972    1.46924628    1.70222219    1.73103927    1.83272200    1.76462291    1.48406358    2.08403204    1.76391433    1.85162158    1.31918980    1.00824261    0.00000000    0.38608895    1.90179323    2.06654541    1.69946416    1.51821533    1.86833702    1.69037691    1.95055048    1.61641843    1.62445292    1.62013618    1.80206376    2.03605874
R4IL05_CONEA/27-64     1.67252379    1.70550932    1.35501308    1.64271103    1.84438339    1.73388046    1.40905050    1.88011623    1.85350603    1.97351281    1.98947871    1.53352019    1.81510132    1.66227171    1.58676189    1.36416572    0.77441340    0.38608895    0.00000000    1.85299394    1.88980560    1.78723788    1.49249554    1.82155268    1.81350810    1.97398940    1.56662087    1.59625161    1.53856451    1.84657149    1.91578938
A0A142C1F7_CONBE/26-63     1.15860762    0.89506552    0.87469938    1.09238254    1.00239580    1.14934119    1.25544444    1.46042609    1.29328928    1.43960947    1.43441581    0.98156346    0.89768763    1.23341070    1.21710693    1.00712658    1.49630444    1.90179323    1.85299394    0.00000000    0.85267328    0.68683000    0.53093324    0.64046526    0.56178309    1.16995315    0.75640972    0.94449185    1.02342685    0.83404880    0.88974000
I2B3_CONPO/28-65     1.45853841    1.30435063    0.93622133    1.31803301    1.13249861    1.57794633    1.15777032    1.82561615    1.73090760    1.68792772    1.62158288    1.62055427    1.18315603    1.19447103    1.16035527    1.57336277    1.52501475    2.06654541    1.88980560    0.85267328    0.00000000    0.68931647    1.15345778    1.08157128    1.32892049    1.14433141    1.13946855    1.28801646    1.37021262    1.30865417    1.16098146
I2B1_CONFR/28-65     1.54661987    1.37886967    1.29102988    1.57655579    1.26496196    1.67954650    1.63059158    1.56528954    1.55824389    1.60383876    1.73686920    1.39578497    1.26245311    1.36010485    1.33786182    1.65990738    1.54852530    1.69946416    1.78723788    0.68683000    0.68931647    0.00000000    0.91484606    1.10366043    0.92701933    1.44174808    0.99971665    1.26093307    1.40405703    1.22009575    1.24170909
I2B2_CONSR/27-64     1.23636555    1.06016021    1.03690769    1.01475501    0.99410343    1.20206564    0.87977557    1.52083561    1.48252021    1.44913269    1.44801174    0.93912231    1.22566992    1.28111716    1.32836383    1.14883357    1.37986160    1.51821533    1.49249554    0.53093324    1.15345778    0.91484606    0.00000000    0.58457405    0.53506817    1.11803142    0.71401449    0.82406504    0.96081451    0.90193645    0.95151838
A0A142C1F5_CONBE/27-64     1.36118426    1.01593606    0.94204474    1.16348704    0.99180510    1.38132510    1.37409277    1.40510090    1.12272735    1.39335175    1.34024050    0.94453157    1.20131770    1.16275383    1.13099926    1.28743402    1.63237808    1.86833702    1.82155268    0.64046526    1.08157128    1.10366043    0.58457405    0.00000000    0.79115728    1.04759476    0.82860639    1.00091455    0.82773454    1.19389753    1.21465499
I2B2_CONLT/27-64     1.16626031    0.85182233    0.94228733    1.00383049    0.68510031    1.15732775    1.16961112    1.36017854    1.15548702    1.36499689    1.37061293    0.99410718    1.22308124    1.24748233    1.48997035    1.17506097    1.54630362    1.69037691    1.81350810    0.56178309    1.32892049    0.92701933    0.53506817    0.79115728    0.00000000    1.39551655    0.85381445    0.89342438    0.82060970    0.97368941    1.12714403
F6LPL9_CONVR/27-64     1.53668495    0.84518294    0.68060957    0.93134260    1.09675051    1.13524876    1.17919185    1.39748032    1.52428778    1.48632316    1.47701988    1.19362203    1.56015913    1.45936267    1.41683666    1.60574724    1.79363598    1.95055048    1.97398940    1.16995315    1.14433141    1.44174808    1.11803142    1.04759476    1.39551655    0.00000000    0.78932935    1.13593971    1.27576774    1.56205025    1.39637082
D0V1X4_CONSP/27-65     1.16900881    0.87977790    0.82602559    1.02552784    1.06855748    1.06714589    1.03226730    1.42601850    1.42050252    1.53013850    1.62686828    1.05001586    1.28605544    1.12697526    1.07723894    1.56183513    1.27735624    1.61641843    1.56662087    0.75640972    1.13946855    0.99971665    0.71401449    0.82860639    0.85381445    0.78932935    0.00000000    0.66181570    0.67749173    1.03534011    0.98020024
D0V1Y1_CONSP/55-93     1.02197351    0.89139617    0.83799763    1.21105594    1.00374441    0.97253454    0.92151557    1.60970469    1.58272151    1.79120667    1.63560797    1.04090437    1.09444418    1.10088143    1.41135816    1.74043693    1.36673071    1.62445292    1.59625161    0.94449185    1.28801646    1.26093307    0.82406504    1.00091455    0.89342438    1.13593971    0.66181570    0.00000000    1.01032919    1.10141850    1.15634008
D0V1X8_CONSP/27-65     1.04760246    0.94455641    0.96855921    1.06748243    1.15504728    1.20982463    1.03297891    1.41593619    1.32447032    1.36667533    1.41483792    1.04918628    1.30771009    1.20062242    1.18345911    1.46457599    1.20040454    1.62013618    1.53856451    1.02342685    1.37021262    1.40405703    0.96081451    0.82773454    0.82060970    1.27576774    0.67749173    1.01032919    0.00000000    0.83793859    0.93769443
A0A0C9SFM1_9CAEN/33-69     1.14707478    1.30182474    1.28908443    1.11829056    1.40782518    1.44157407    1.33862032    1.42439905    1.59314902    1.39965880    1.34565309    1.22061701    1.20460170    1.04422386    1.27105724    1.11179625    1.19274689    1.80206376    1.84657149    0.83404880    1.30865417    1.22009575    0.90193645    1.19389753    0.97368941    1.56205025    1.03534011    1.10141850    0.83793859    0.00000000    0.27457351
A0A0K8TTQ4_CONLV/33-69     1.34053238    1.16177544    1.23239768    1.04017837    1.36663002    1.39820268    1.14992802    1.52450988    1.78639782    1.56142196    1.44995954    1.13448521    1.10527045    1.18003320    1.33626945    1.20948881    1.11602064    2.03605874    1.91578938    0.88974000    1.16098146    1.24170909    0.95151838    1.21465499    1.12714403    1.39637082    0.98020024    1.15634008    0.93769443    0.27457351    0.00000000

