10
A0A2S1GLZ6_9CAUD/5-94     0.00000000    0.73152661    0.62349432    0.70228382    1.05049399    0.80582625    0.67106438    0.67301978    0.53627387    0.64337515
A0A0A0Q0Y1_9CAUD/1-91     0.73152661    0.00000000    0.63422508    0.60389026    1.12860170    0.67618708    0.77580340    0.99550283    0.68219835    0.80820000
A0A386K8L4_9CAUD/1-91     0.62349432    0.63422508    0.00000000    0.26679576    0.96953120    0.44969307    0.63144728    0.67731612    0.73060789    0.70067288
A0A0A0YQG6_9CAUD/1-91     0.70228382    0.60389026    0.26679576    0.00000000    0.86069791    0.28913092    0.62784187    0.80152654    0.57315409    0.58996010
A0A0J8YDE4_9GAMM/1-80     1.05049399    1.12860170    0.96953120    0.86069791    0.00000000    0.90103459    1.08234378    1.23752882    0.90402585    0.86947716
A0A0B6VRA4_9CAUD/1-91     0.80582625    0.67618708    0.44969307    0.28913092    0.90103459    0.00000000    0.67293352    0.86472653    0.66187807    0.75804630
E5FJ16_9CAUD/1-79     0.67106438    0.77580340    0.63144728    0.62784187    1.08234378    0.67293352    0.00000000    0.37921900    0.51103339    0.54507182
Q7Y263_BPR69/1-79     0.67301978    0.99550283    0.67731612    0.80152654    1.23752882    0.86472653    0.37921900    0.00000000    0.73288877    0.59474376
A0A2Z5ZCU6_9CAUD/1-91     0.53627387    0.68219835    0.73060789    0.57315409    0.90402585    0.66187807    0.51103339    0.73288877    0.00000000    0.28698388
E5DHX7_9CAUD/1-92     0.64337515    0.80820000    0.70067288    0.58996010    0.86947716    0.75804630    0.54507182    0.59474376    0.28698388    0.00000000

