14
HOATZ_MOUSE/1-168     0.00000000    0.41196210    0.47866810    0.36723483    0.43904702    0.45449528    0.48275950    0.56825517    0.50342511    0.54048167    0.93104376    1.89353650    1.40717449    1.33747977
G5CB08_HETGA/1-193     0.41196210    0.00000000    0.31194786    0.40739774    0.48800642    0.62854512    0.40979149    0.55359938    0.50720054    0.57230035    0.98785180    1.93343263    1.50503931    1.44708494
A0A286XSG9_CAVPO/1-168     0.47866810    0.31194786    0.00000000    0.44456790    0.49284771    0.55251726    0.53683758    0.57411308    0.59150228    0.70907192    0.92040558    1.79794441    1.51180431    1.41727580
I3NDW2_ICTTR/1-168     0.36723483    0.40739774    0.44456790    0.00000000    0.41109767    0.44895179    0.37220444    0.43450257    0.44413649    0.45717826    0.87060813    1.72314939    1.33324620    1.47644155
G1T4A2_RABIT/1-168     0.43904702    0.48800642    0.49284771    0.41109767    0.00000000    0.38182420    0.41165420    0.43896881    0.40246965    0.47132416    0.92239665    1.66497069    1.15802982    1.23043200
H0X7D6_OTOGA/1-194     0.45449528    0.62854512    0.55251726    0.44895179    0.38182420    0.00000000    0.39950981    0.50446585    0.42301407    0.49392216    0.89638838    1.63366767    1.34497225    1.36287055
HOATZ_BOVIN/1-168     0.48275950    0.40979149    0.53683758    0.37220444    0.41165420    0.39950981    0.00000000    0.37255197    0.28545723    0.36157558    0.84531624    1.86102605    1.23041423    1.25365416
G1Q1R2_MYOLU/1-168     0.56825517    0.55359938    0.57411308    0.43450257    0.43896881    0.50446585    0.37255197    0.00000000    0.35371209    0.47223503    0.82487670    1.76378714    1.27482400    1.33351474
E2RCS0_CANLF/1-167     0.50342511    0.50720054    0.59150228    0.44413649    0.40246965    0.42301407    0.28545723    0.35371209    0.00000000    0.42557115    0.89683002    1.79943867    1.34763949    1.38431435
G3TQ98_LOXAF/1-167     0.54048167    0.57230035    0.70907192    0.45717826    0.47132416    0.49392216    0.36157558    0.47223503    0.42557115    0.00000000    0.89011079    1.53770108    1.14077052    1.15409525
F6UHS0_MONDO/1-164     0.93104376    0.98785180    0.92040558    0.87060813    0.92239665    0.89638838    0.84531624    0.82487670    0.89683002    0.89011079    0.00000000    1.54901252    1.38127817    1.45549211
HOATZ_BRAFL/16-175     1.89353650    1.93343263    1.79794441    1.72314939    1.66497069    1.63366767    1.86102605    1.76378714    1.79943867    1.53770108    1.54901252    0.00000000    1.35819402    1.32869522
A0A3B1JH37_ASTMX/2-159     1.40717449    1.50503931    1.51180431    1.33324620    1.15802982    1.34497225    1.23041423    1.27482400    1.34763949    1.14077052    1.38127817    1.35819402    0.00000000    0.55525728
HOATZ_DANRE/2-164     1.33747977    1.44708494    1.41727580    1.47644155    1.23043200    1.36287055    1.25365416    1.33351474    1.38431435    1.15409525    1.45549211    1.32869522    0.55525728    0.00000000

