25
R6WU84_9BACT/123-233     0.00000000    1.70331560    2.12623745    1.85157193    1.69172446    1.51523672    2.01280197    2.41218628    1.72761052    1.73937272    2.17337956    1.71855566    1.78239625    2.24594287    2.02481205    2.30751024    1.96078487    1.98034495    1.85148092    2.31629938    1.96202854    2.09686596    2.38691542    1.73483424    1.91962122
G8TQU3_NIAKG/124-227     1.70331560    0.00000000    1.14012294    1.18183750    1.57591817    1.49641195    2.02723538    1.82335037    2.09766695    2.14752491    2.38061720    1.58242509    1.87709180    2.02501796    1.58474168    1.87135146    1.58441241    1.89445366    1.85717633    1.74412856    1.76954071    2.36777719    2.40551720    1.58638152    1.91738728
G8T796_NIAKG/124-230     2.12623745    1.14012294    0.00000000    0.50869133    1.67346054    1.56778031    2.00906404    2.16472356    1.56690496    1.77582644    2.11199409    1.80480436    1.91707070    1.76530410    1.43555422    1.60072883    1.60419242    2.08400922    1.46264071    1.74381128    1.51356785    2.39338040    2.71555295    1.31944327    1.64037753
H1YA23_9SPHI/127-233     1.85157193    1.18183750    0.50869133    0.00000000    1.56151391    1.27966822    1.92554031    1.87114323    1.69661440    1.99393028    2.39687436    1.81227331    1.75138359    1.56558227    1.28333765    1.45049765    1.61027885    1.78264410    1.77968239    1.73071115    1.75893930    1.95671415    1.99397786    1.37753367    1.62457414
C6XWK1_PEDHD/124-227     1.69172446    1.57591817    1.67346054    1.56151391    0.00000000    0.94891063    1.68505859    2.27848536    1.75974582    1.83351500    2.10381883    1.58262919    1.65977482    1.93532592    1.61170960    1.50693652    1.76132323    1.45731399    1.71765639    1.84756148    1.92621864    1.77814472    1.69677996    1.20950368    1.49905730
C6Y050_PEDHD/134-237     1.51523672    1.49641195    1.56778031    1.27966822    0.94891063    0.00000000    1.10699834    1.80419301    1.26324112    1.98231518    1.89019344    1.26625858    1.26972193    1.64480764    1.22174845    1.42314717    1.17948021    1.10718711    1.51540027    1.67365332    1.82506571    1.67274759    1.77250364    1.03469889    1.26515343
Q8A3Q1_BACTN/128-230     2.01280197    2.02723538    2.00906404    1.92554031    1.68505859    1.10699834    0.00000000    1.67497416    1.30345322    1.66622286    1.40279936    1.41850182    1.46041944    1.26116075    1.57047924    1.98119607    1.19790336    1.66650428    1.62373338    1.62566812    1.59472316    1.91311165    1.69575075    1.51139978    1.37809256
W0F470_9BACT/129-237     2.41218628    1.82335037    2.16472356    1.87114323    2.27848536    1.80419301    1.67497416    0.00000000    1.57390919    2.07954671    2.00945759    1.97848667    1.65192903    1.89921116    1.72181086    1.83733687    1.47230088    1.92446777    2.18694753    1.75663496    2.07434296    2.78185319    2.40666502    1.82775626    2.34486002
Q8A3N6_BACTN/123-225     1.72761052    2.09766695    1.56690496    1.69661440    1.75974582    1.26324112    1.30345322    1.57390919    0.00000000    1.40010590    1.75205766    1.50159627    1.46761613    1.70465415    1.20532876    1.76822841    1.25872871    1.35210907    1.31145120    1.69876568    1.59203708    1.89259349    2.11684789    1.30190067    1.73032576
Q8A3I8_BACTN/124-226     1.73937272    2.14752491    1.77582644    1.99393028    1.83351500    1.98231518    1.66622286    2.07954671    1.40010590    0.00000000    1.35873072    1.90836472    1.64528280    2.04751696    1.80299094    2.02132644    1.63745973    1.52808970    1.55770065    1.51443757    2.00282130    2.19197033    2.10138307    1.74332077    1.58621381
Q8A2Z7_BACTN/126-228     2.17337956    2.38061720    2.11199409    2.39687436    2.10381883    1.89019344    1.40279936    2.00945759    1.75205766    1.35873072    0.00000000    1.76793328    1.89858004    2.01271911    2.08940295    2.03278943    1.46190556    1.75173060    1.68727910    1.61699770    2.01321816    2.61183826    2.61340572    1.85460355    1.72545168
C6Y1F8_PEDHD/123-229     1.71855566    1.58242509    1.80480436    1.81227331    1.58262919    1.26625858    1.41850182    1.97848667    1.50159627    1.90836472    1.76793328    0.00000000    0.33625576    1.44331284    1.15098694    1.37700810    0.96710583    1.60906135    1.57327879    1.66568676    1.59322814    2.17455108    2.18006178    1.15028981    1.34871940
F0S4X5_PSESL/135-243     1.78239625    1.87709180    1.91707070    1.75138359    1.65977482    1.26972193    1.46041944    1.65192903    1.46761613    1.64528280    1.89858004    0.33625576    0.00000000    1.56004422    1.14790059    1.56596260    1.00431520    1.44373425    1.57416634    1.73102008    1.72739170    2.20617423    2.17187666    1.25447354    1.28154571
Q8A5X7_BACTN/124-227     2.24594287    2.02501796    1.76530410    1.56558227    1.93532592    1.64480764    1.26116075    1.89921116    1.70465415    2.04751696    2.01271911    1.44331284    1.56004422    0.00000000    1.23245310    1.70306283    1.65983210    1.76285478    1.85616745    1.98076670    1.93720737    2.09731617    2.01195901    1.78905231    1.50822983
W0F2H5_9BACT/121-224     2.02481205    1.58474168    1.43555422    1.28333765    1.61170960    1.22174845    1.57047924    1.72181086    1.20532876    1.80299094    2.08940295    1.15098694    1.14790059    1.23245310    0.00000000    1.69671000    1.21626127    1.51762323    1.53692742    1.87899022    1.71985777    2.07339210    1.93372624    1.15426522    1.57257835
Q8A088_BACTN/130-231     2.30751024    1.87135146    1.60072883    1.45049765    1.50693652    1.42314717    1.98119607    1.83733687    1.76822841    2.02132644    2.03278943    1.37700810    1.56596260    1.70306283    1.69671000    0.00000000    1.33438121    1.61383402    2.48055282    2.12925085    2.48168693    2.03879830    1.95746378    1.36630340    1.66403045
G8TG29_NIAKG/124-226     1.96078487    1.58441241    1.60419242    1.61027885    1.76132323    1.17948021    1.19790336    1.47230088    1.25872871    1.63745973    1.46190556    0.96710583    1.00431520    1.65983210    1.21626127    1.33438121    0.00000000    1.38519664    1.55210138    1.31685129    1.56758012    1.93035367    2.01319277    1.15264864    1.32721263
R6CV88_9BACE/119-220     1.98034495    1.89445366    2.08400922    1.78264410    1.45731399    1.10718711    1.66650428    1.92446777    1.35210907    1.52808970    1.75173060    1.60906135    1.44373425    1.76285478    1.51762323    1.61383402    1.38519664    0.00000000    1.63287840    1.68146447    1.63667204    1.80668577    2.01318103    1.27415725    1.38398160
C7PPW1_CHIPD/126-228     1.85148092    1.85717633    1.46264071    1.77968239    1.71765639    1.51540027    1.62373338    2.18694753    1.31145120    1.55770065    1.68727910    1.57327879    1.57416634    1.85616745    1.53692742    2.48055282    1.55210138    1.63287840    0.00000000    1.05036589    0.71508121    1.96394123    2.07118128    1.22493864    1.26172224
C7PLQ1_CHIPD/131-234     2.31629938    1.74412856    1.74381128    1.73071115    1.84756148    1.67365332    1.62566812    1.75663496    1.69876568    1.51443757    1.61699770    1.66568676    1.73102008    1.98076670    1.87899022    2.12925085    1.31685129    1.68146447    1.05036589    0.00000000    0.96732735    1.92296401    1.91546336    1.40506816    1.48094846
H1Y956_9SPHI/129-232     1.96202854    1.76954071    1.51356785    1.75893930    1.92621864    1.82506571    1.59472316    2.07434296    1.59203708    2.00282130    2.01321816    1.59322814    1.72739170    1.93720737    1.71985777    2.48168693    1.56758012    1.63667204    0.71508121    0.96732735    0.00000000    1.82521072    1.64076233    1.14919997    1.52632484
C6Y0G6_PEDHD/119-221     2.09686596    2.36777719    2.39338040    1.95671415    1.77814472    1.67274759    1.91311165    2.78185319    1.89259349    2.19197033    2.61183826    2.17455108    2.20617423    2.09731617    2.07339210    2.03879830    1.93035367    1.80668577    1.96394123    1.92296401    1.82521072    0.00000000    0.58072614    1.59535545    1.57262081
W0EZH8_9BACT/121-223     2.38691542    2.40551720    2.71555295    1.99397786    1.69677996    1.77250364    1.69575075    2.40666502    2.11684789    2.10138307    2.61340572    2.18006178    2.17187666    2.01195901    1.93372624    1.95746378    2.01319277    2.01318103    2.07118128    1.91546336    1.64076233    0.58072614    0.00000000    1.65125151    2.04503243
C6XYL9_PEDHD/123-223     1.73483424    1.58638152    1.31944327    1.37753367    1.20950368    1.03469889    1.51139978    1.82775626    1.30190067    1.74332077    1.85460355    1.15028981    1.25447354    1.78905231    1.15426522    1.36630340    1.15264864    1.27415725    1.22493864    1.40506816    1.14919997    1.59535545    1.65125151    0.00000000    1.04275183
Q8A3U7_BACTN/123-225     1.91962122    1.91738728    1.64037753    1.62457414    1.49905730    1.26515343    1.37809256    2.34486002    1.73032576    1.58621381    1.72545168    1.34871940    1.28154571    1.50822983    1.57257835    1.66403045    1.32721263    1.38398160    1.26172224    1.48094846    1.52632484    1.57262081    2.04503243    1.04275183    0.00000000

