94
B8D5S7_DESA1/18-81     0.00000000    1.25426767    1.64572016    1.35654026    1.45382021    1.41747406    2.09676977    1.77529618    1.42187182    1.64708455    1.21870988    1.62076419    1.35843291    1.38851196    1.79010506    1.66880910    2.06315586    1.63600282    1.92695014    1.93848609    1.95749578    2.52850543    2.18632423    2.13260363    2.15095582    1.96495385    1.95176141    2.68529229    2.22267237    2.37788527    1.86892846    2.39093647    2.19952265    2.44785597    2.36064233    2.74826188    2.26190716    3.05728076    3.00526431    2.64763296    2.02601296    2.30452116    2.20290810    2.17348600    2.32163121    2.04579262    2.28450358    2.38135357    2.16463304    2.50051235    2.32944577    2.71543456    1.89475287    2.09070433    1.93197656    1.86600765    2.15885656    1.58243285    1.69574527    1.88420520    2.10193702    1.76483060    2.10831049    1.51317691    1.77594172    1.60738267    1.78665827    1.47057218    2.15280945    1.45863248    1.30412774    1.87299743    1.43621893    1.54904722    1.50915238    1.53195446    1.98501288    2.40930963    2.82647329    1.84558144    1.64771797    2.13830793    1.73697367    1.65043963    1.90788119    1.61827072    1.52715892    1.86887532    1.53888895    1.74291465    1.97891547    2.27994539    1.52415431    1.82180635
D1B8A2_THEAS/18-81     1.25426767    0.00000000    1.39841839    1.44401735    1.65199819    1.96791361    2.09523297    1.61990030    1.44217522    1.78479345    2.28236904    1.52116302    1.47653524    1.39274504    1.26946413    1.44938137    1.69976379    1.77852982    1.99811914    2.12650605    1.80796298    2.52235810    2.93906762    2.19798775    2.24162749    2.00823101    2.01928742    2.30832486    2.28820872    2.08259961    1.74543208    2.11636855    1.72499828    2.15039965    2.13613739    2.23293814    1.99098710    2.17027033    2.56200313    2.47713765    2.07377568    2.82681226    2.25477548    2.00026727    1.99117905    2.29072584    2.48237642    2.12929861    2.62955214    2.74790639    2.11749227    2.21860194    2.07120907    2.35358433    2.36432268    2.00542785    1.55758949    1.87639584    1.70325046    2.04134627    2.08241004    1.97891519    2.13217359    1.77050431    1.99069114    1.48370356    2.06722317    1.43109172    2.06704144    1.72993631    1.32891969    1.92710772    1.62946693    1.64922828    1.54722814    1.32871269    1.60514841    1.65065327    1.76756029    1.92227304    1.55819964    1.73345194    2.05402939    2.11262224    1.60243556    1.96045152    1.62161244    1.84200983    1.93820945    1.89080527    1.84350897    2.05664385    1.85106326    1.67218629
G7V731_THELD/25-90     1.64572016    1.39841839    0.00000000    1.01010623    1.54129296    2.51410430    1.95381066    2.23126904    2.15667909    2.26681839    2.64788245    1.91527284    1.49114645    1.41267440    1.61202411    1.59669206    1.52441706    1.69179765    1.81727593    1.82339477    1.74102013    1.88629392    1.98813933    2.14246395    2.25690668    2.32373088    2.19389518    2.61725274    2.71104387    2.26533608    2.64415767    2.31678855    2.19506412    2.23896906    2.74799664    2.21988766    2.75748758    2.80488178    3.69581158    3.38513638    2.55945557    2.88793418    2.51973984    2.54614735    2.26587289    2.73994834    2.29371054    2.44876475    2.76571230    2.71902612    2.41886941    2.78685698    2.27814405    1.86467947    2.38442217    2.40982053    2.16931426    2.24236482    1.95658669    2.48405026    2.06840419    1.73187656    1.49127784    1.02911376    1.41254682    1.32261185    1.53474315    1.49318901    1.14191638    1.22260954    1.49059474    2.20353607    1.37170736    1.58482396    1.28204113    1.07986146    1.38221570    1.36507461    1.36254625    1.32410313    1.51672479    1.52912620    2.15784735    1.69471961    1.46038428    1.24365752    1.10273488    1.45472333    1.51522375    1.66430527    1.63886204    1.74919415    1.19043145    1.69285838
F8C2Q3_THEGP/17-81     1.35654026    1.44401735    1.01010623    0.00000000    1.26807551    2.18206414    1.99696272    1.91882519    1.49615468    1.68492761    1.90618853    1.30984920    1.69657988    1.56766500    1.64893581    1.80384062    1.36810577    1.54294963    1.63617238    1.42542914    1.81105528    1.92308666    2.19403841    2.24321177    2.53612835    2.28357516    1.83440857    2.44759089    2.11474420    2.00724587    2.10029359    2.21047585    1.59008187    1.98573311    2.24777645    1.84977538    2.03291464    2.49178370    2.70576811    2.86107592    1.98390612    2.56991218    2.16809973    1.66622435    2.05109429    2.05420937    1.95612704    1.87672011    2.19483249    2.30527591    2.49324598    2.30843644    1.92152146    1.63522521    1.96022845    1.83188889    2.02558752    2.10346398    1.74704578    2.12303291    1.81384671    1.79322438    2.17030060    1.60036102    1.52923537    1.52250137    1.67417799    1.77598947    1.82205952    1.52595501    1.77937946    2.03832373    1.67374918    1.55393352    1.74845470    1.72637391    1.40859380    1.48046488    1.39123041    1.57249822    1.58385425    1.15602606    2.13236215    1.96303258    1.75698000    1.30943791    1.13394140    1.39490882    1.60990626    1.65600164    1.62297058    1.65262718    1.46183012    1.50447865
SFSA_THEAC/12-75     1.45382021    1.65199819    1.54129296    1.26807551    0.00000000    1.91293463    1.63627652    1.54982142    1.34087703    2.08280182    2.15906355    1.46489904    1.50065856    1.31308993    1.42248703    1.67878879    1.65122293    1.84715754    1.54911508    1.95044762    2.22204228    2.09445587    2.01175694    2.11266561    1.59303249    1.44233496    1.56887258    2.06148677    1.63208598    1.79464026    2.13928024    1.78633122    1.67637781    2.04299395    2.29446730    2.15680523    2.05513934    1.81308846    2.17522802    2.28486866    2.09077250    2.28868137    1.99173890    1.66840265    1.97738832    2.02024471    1.86969792    1.66891664    1.98939685    1.88460363    2.39787161    2.07656082    1.58865175    1.45021169    1.52711895    1.52920808    1.56253778    1.63593499    1.58940729    1.35999809    1.65526718    2.16538379    2.17091811    2.36046541    2.32259660    1.56959811    1.73520329    2.01155439    2.14085631    1.85592311    2.13027895    1.92930856    1.70960740    1.82405819    2.49691821    2.04702709    1.57447960    1.49409448    1.88916803    1.68034512    2.23632060    1.51135398    1.79145328    1.75521723    1.46981127    1.57469631    1.23929607    1.25006877    1.38219226    1.43999290    1.12690043    1.93969853    1.68924632    1.49347124
SFSA_AERPE/14-81     1.41747406    1.96791361    2.51410430    2.18206414    1.91293463    0.00000000    1.35804636    1.33193215    1.26296822    1.30188536    1.55641774    1.49026287    1.61355655    2.41562004    2.23074168    2.45011728    3.14831522    1.88911573    2.33044070    1.84213745    2.42944457    2.17488781    2.30436162    3.00588824    2.85016163    2.49116541    2.44637114    2.56477367    2.50856172    2.99184029    2.47731311    2.47999776    2.31730250    2.59576423    2.59895339    2.15269168    2.83318218    2.39565375    2.97094089    2.77502751    2.60559493    2.44233237    2.70145110    2.50703505    2.55062217    2.63471196    2.58145613    2.42842355    2.63805293    3.48488239    2.01552651    2.20375615    2.30849880    2.38310940    2.31132358    2.28252438    2.45591634    2.48471179    2.37281113    2.59358759    2.69077710    2.35043327    3.00757387    1.92382138    2.12118191    1.67337686    2.23163612    1.96145623    2.25433815    1.87617154    1.88559679    2.65405074    2.78603084    2.92399014    2.19376750    2.05557998    2.02808852    2.15329511    2.22975741    1.98322140    2.32355793    2.18549568    1.80195996    2.41892657    2.06251770    2.48157966    2.01302121    1.93798077    2.08017101    2.07095897    2.52743167    2.33091017    1.86228105    2.06655021
E6N959_CALS0/20-83     2.09676977    2.09523297    1.95381066    1.99696272    1.63627652    1.35804636    0.00000000    1.02427957    1.39878665    1.94889416    2.19775821    1.83110820    1.76218966    1.60965259    1.86499053    1.76405280    2.07162751    2.19691798    2.37148583    1.86314545    2.38618133    2.29227773    2.44685574    2.77585175    1.94492376    2.27004817    2.12851660    2.11957803    2.01599598    2.26657523    2.06811317    2.18528962    2.14267275    2.42322015    2.23941750    2.15978479    2.18558072    1.83688835    1.95303373    2.20554422    2.08751260    1.97918238    2.20686754    2.16962983    1.78710152    2.56470963    2.30014062    1.81437493    2.43186042    2.56610360    1.93692142    1.91621677    2.03393197    2.01642394    2.12302497    1.77517810    2.83000793    1.75220235    2.00268153    1.55085077    1.34097849    1.79332514    1.95156224    1.77830005    1.73194522    1.83542536    1.72254686    1.47588710    1.49261770    1.49098922    1.71008560    2.22029788    1.61995199    1.96209408    1.73971358    1.62622809    1.82102771    1.54435256    1.78727924    1.38733929    1.47533670    1.47920243    1.86593796    2.08194253    1.58547657    2.19956488    2.05090050    1.68004502    1.75836199    2.01443223    1.91009991    2.33813012    1.71850265    1.73738260
Q5SHM3_THET8/14-73     1.77529618    1.61990030    2.23126904    1.91882519    1.54982142    1.33193215    1.02427957    0.00000000    1.07054781    1.53007059    2.07044061    1.48776396    1.04024143    1.25298773    1.35269266    1.29164067    2.10924119    1.46988682    1.76224823    1.57484586    1.54433568    2.21376461    2.04823244    2.79284693    1.97459453    1.87050111    1.68823527    1.94869991    1.57718230    2.01843688    1.52171865    1.91777100    1.84031311    1.83241208    2.19593592    2.70605902    1.95772455    1.75448106    1.86242151    1.92587755    1.92541249    1.80599973    1.77868231    1.99281708    1.61220036    2.01346224    2.20380569    1.77296899    2.27048778    2.28043733    1.82876617    1.90391997    1.81054620    2.22012301    1.63101082    1.74973476    1.71135097    1.53939641    1.98977584    1.53335523    1.93357752    2.05036688    1.60609486    1.38148065    1.46504782    1.52389389    1.63558858    1.28427457    1.45201779    1.53357808    1.48772723    2.12863627    1.87690678    1.88925654    1.77877369    1.89567396    1.33243175    1.36177090    1.61845559    1.44825557    1.37088309    1.65121986    1.91407586    1.75835939    1.60038774    2.04007532    1.72331143    1.92314785    2.11346492    1.71135416    1.85528640    2.23948046    1.64407880    1.05216972
A2BKE9_HYPBU/16-80     1.42187182    1.44217522    2.15667909    1.49615468    1.34087703    1.26296822    1.39878665    1.07054781    0.00000000    1.21615795    1.28956806    1.10161841    0.86229885    1.34504796    1.55025575    1.45173436    2.42270830    1.84332475    1.94772610    1.83159053    1.82957249    2.27960920    2.01411476    2.17602753    1.82619309    2.18460062    1.64996187    1.93111452    1.72014953    1.95860556    2.21412667    2.02122380    2.00004532    2.04546169    2.67228679    2.26843758    1.89294217    1.91148750    2.36067796    2.31408487    1.78590201    2.41012675    2.20500278    1.88213943    2.07845498    2.09502125    2.02955877    1.67681016    2.08151685    2.51753543    1.52663938    1.55550807    1.59562021    1.75816261    1.63730001    1.84009552    1.76945123    1.72109837    1.73497858    1.47875087    1.72455383    1.88470323    1.91831734    1.79057133    1.50044503    1.54286049    1.54249748    1.50375627    1.57586176    1.52616235    1.61357158    1.85302178    1.82103321    1.65455790    1.68953005    1.62375570    2.12844058    1.65984424    1.75784327    1.64192748    1.34222726    1.64560951    2.04691529    1.65610237    1.64070230    1.78685271    1.81238036    1.64168628    1.87268665    1.95423833    1.71545196    1.94447906    1.55567628    1.38697190
SFSA_PYRFU/15-78     1.64708455    1.78479345    2.26681839    1.68492761    2.08280182    1.30188536    1.94889416    1.53007059    1.21615795    0.00000000    1.56594624    1.21329020    1.26657089    1.55080560    1.39806508    1.47950730    2.85520269    1.45284022    1.47989147    1.56918734    1.52641558    2.80486599    2.19190672    2.78527596    2.30539726    2.79509850    2.26153894    2.46626788    2.86532091    2.82713161    2.75866943    2.96929858    3.04475430    2.87000226    2.99495041    2.94425228    3.29840124    2.46969573    2.86844544    3.36188970    3.09342898    2.73572680    2.50442404    2.57490533    2.65238027    2.52490231    2.41706178    2.61611357    2.90283244    2.85777242    2.28210277    2.18167527    2.17898477    2.48072516    2.82051212    2.77021337    2.18117572    2.35666153    2.07751724    2.51220272    2.95260768    1.96135173    2.23263220    1.88258583    1.60720197    1.56379564    1.78216999    1.41317517    1.73114282    1.61632777    1.74517940    1.99763299    2.19876745    1.69879171    1.86102252    2.25633946    1.75665559    2.12491205    1.98959133    1.72012145    1.69752375    2.07919811    2.18767619    2.04461357    1.74527484    1.96071318    2.18627988    2.18800930    2.45416712    1.85232684    2.00017202    2.23034915    1.91679558    1.61068586
I3TEE7_THEC1/12-75     1.21870988    2.28236904    2.64788245    1.90618853    2.15906355    1.55641774    2.19775821    2.07044061    1.28956806    1.56594624    0.00000000    1.06221066    1.61971413    1.95986502    2.06122888    2.10917761    3.08246472    1.99891843    2.09049820    1.55373214    2.28203541    2.86703371    2.27842276    2.95833508    2.43750032    2.70465449    2.42263495    3.13548796    2.59328468    2.61429337    2.29195916    2.50403971    2.53610591    2.49240536    1.99630559    2.77158323    2.21287193    2.25014466    2.05761974    2.42044362    2.12151483    2.79332486    2.16731404    2.35049038    2.53912735    2.63019340    2.50275372    2.61478316    2.59275701    3.14669585    2.20430787    2.42017819    2.77355640    2.51267612    2.25973944    2.09684189    1.92884219    1.54669542    2.11938242    1.78699841    1.94628523    2.42626102    2.58341791    2.60636411    2.07871446    1.75703042    2.21505460    2.15542833    2.35322643    1.63464706    2.13370409    2.56143510    2.01076829    2.38452847    2.34520732    2.57845223    2.60232528    2.74001195    2.15260787    2.44805934    2.45846507    2.46199198    2.16742242    2.27933123    2.25496757    2.28403862    2.22053923    2.77620581    2.58014325    2.24667006    2.74464861    2.68598892    1.80465898    2.47850716
SFSA_ARCFU/15-78     1.62076419    1.52116302    1.91527284    1.30984920    1.46489904    1.49026287    1.83110820    1.48776396    1.10161841    1.21329020    1.06221066    0.00000000    1.36538507    1.40385973    1.47805436    1.92996437    2.10064180    1.48040467    1.61435169    1.39611419    2.09013315    1.83988420    2.13384744    2.98679798    2.44086104    2.73180272    2.38330048    2.77701267    2.45854761    2.39586269    2.55642377    2.52053439    2.26699881    2.71510988    2.82360721    3.15009228    3.11989255    2.67403423    3.03961048    2.93924717    2.91928181    2.64954302    2.98083622    2.31619779    2.50405701    2.99741614    2.20380655    2.12443469    2.77660529    2.80333252    1.82333317    2.17499539    1.97324747    1.96320162    1.78152559    2.35151114    3.18343383    2.04005982    1.95905547    2.02347724    2.03826360    2.20855123    1.83584624    1.79002295    1.54833944    1.39858379    2.04516192    2.05037002    1.94503546    1.55735125    2.00334757    2.49231391    2.03222994    1.95925450    2.01635216    2.83092027    2.13408436    2.34319376    2.02339097    1.96936159    1.67847836    2.08718639    2.31567276    2.41938768    1.97206334    1.57694765    1.82569530    1.79877108    1.94241803    1.47438527    1.86927570    2.22095483    1.59738562    2.05406661
L0E8Q8_THECK/12-79     1.35843291    1.47653524    1.49114645    1.69657988    1.50065856    1.61355655    1.76218966    1.04024143    0.86229885    1.26657089    1.61971413    1.36538507    0.00000000    0.95275021    1.31609486    1.15243236    2.17736281    1.55849072    1.27074886    1.80326028    1.38706677    1.83288990    1.61745499    1.74531571    1.30886769    1.63927446    1.47364015    1.57544428    1.35655948    1.67381001    1.70768504    1.53041480    1.64981370    1.80953968    1.71526498    1.80764038    1.46323913    1.61343243    1.62883743    1.70400994    1.61555513    1.81009483    1.58448988    1.58539308    1.28920943    1.56886833    1.51066499    1.28527151    1.64953685    1.72908900    1.32986180    1.41031714    1.49148427    1.46096960    1.54629801    1.81253571    1.55160072    1.29876861    1.48390312    1.39002576    1.72365741    1.06580600    1.09931031    1.17928756    1.01091290    1.15794385    1.12271768    0.97261656    0.98477807    0.86685719    1.00455904    1.35625469    1.18607579    1.05815195    0.97293539    1.61263546    1.78661403    1.47641385    1.59345882    1.41431611    1.07482158    1.20472157    1.86893908    1.37322602    1.65471065    1.64760740    1.40810862    1.22780946    1.32209043    1.15103897    1.28710914    1.70437177    0.99481674    0.89913155
SFSA_HUNT2/13-78     1.38851196    1.39274504    1.41267440    1.56766500    1.31308993    2.41562004    1.60965259    1.25298773    1.34504796    1.55080560    1.95986502    1.40385973    0.95275021    0.00000000    0.94584927    0.72384923    1.43963812    1.08094702    1.09621699    1.41649258    1.21708666    1.55871301    1.64533479    1.65891185    1.10837543    1.57147350    1.57887223    1.52406749    1.74158697    1.69152516    1.76362219    1.79372495    1.43573390    1.90815086    1.39751603    1.88699255    1.67173329    1.98712958    1.93417587    2.07930859    1.63906732    1.72772157    1.80430507    1.40210026    1.45574146    1.81891887    1.39335188    1.50477147    1.41214820    1.38346574    1.58749527    1.74875481    1.44657158    1.51316233    1.29965651    1.45417823    1.57197331    1.70162457    1.78374789    1.31020900    2.00173957    1.52647025    1.00090153    1.41450207    1.11032933    1.08628842    0.84631256    0.92256693    1.07508718    0.84822703    0.80794687    1.07469614    0.83657955    0.89212829    1.25387393    1.79648711    1.37251950    1.22399210    1.45102179    1.02212690    1.10357312    1.28006494    1.73929245    1.66481212    1.46496323    1.40575781    1.09533035    1.41259099    1.58578019    1.24791979    1.20826971    1.65745065    1.21898636    1.32305272
SFSA_DESRM/24-88     1.79010506    1.26946413    1.61202411    1.64893581    1.42248703    2.23074168    1.86499053    1.35269266    1.55025575    1.39806508    2.06122888    1.47805436    1.31609486    0.94584927    0.00000000    0.77952030    1.40175998    1.24257429    1.09862715    1.35779543    1.06064658    1.64563748    2.31713118    2.05244751    1.67731507    1.56184439    1.34344279    1.77694870    2.02313090    2.00220140    1.81526981    2.39998228    1.82908459    1.95480603    1.64531770    1.91982087    1.69309343    2.29722954    2.15370194    2.32535119    1.88927396    1.88722543    1.79223660    1.59994107    1.93796485    1.64202371    1.47303216    1.82974671    1.85215628    1.71108153    2.09261144    2.26585325    1.86835952    1.95454818    2.00018965    1.81576451    1.46907034    1.63442482    1.67139642    1.57307356    1.75634220    1.63083788    1.41362569    1.34586591    1.40776658    1.70720740    1.43506542    1.07143545    1.32581939    1.29497986    1.32454627    1.65765424    1.23713075    1.27826927    1.53287938    1.45253312    1.45669959    1.48832159    1.48336522    0.94163169    1.26287320    1.35117680    1.87689499    1.82208439    1.22440864    1.88441122    1.20700942    1.48199515    1.54905107    1.13643723    1.46862342    1.97899184    1.52057839    1.35955464
R4KKY6_9FIRM/16-81     1.66880910    1.44938137    1.59669206    1.80384062    1.67878879    2.45011728    1.76405280    1.29164067    1.45173436    1.47950730    2.10917761    1.92996437    1.15243236    0.72384923    0.77952030    0.00000000    1.26435529    1.15781833    1.57232621    1.34319494    0.98405529    1.98338621    1.92250448    1.97663074    1.16307159    1.37521165    1.25559007    1.28261566    1.60425275    1.62038144    1.38783468    1.72896054    1.57588890    1.61271470    1.44460648    1.84269359    1.55295217    1.90738634    2.18546101    2.05288353    1.68122030    1.60744925    1.41057529    1.49483425    1.50458469    1.46653331    1.68221685    1.47772067    1.79234455    1.46027890    1.52696107    1.74671817    1.48527529    1.80331553    1.85066009    1.63810293    1.43462806    1.54625555    1.38926664    1.66780242    1.77794449    1.51187905    1.31194717    1.17147269    1.27273645    1.49835129    1.07818543    0.90837357    1.01900091    0.98041405    1.13436033    1.17119712    1.09505142    0.87959490    1.30290219    1.34047394    1.23716911    1.31720445    1.30652323    0.91036767    1.00077963    1.24127474    1.70317959    1.48468431    1.42002517    1.55339558    1.22899478    1.71322881    1.49310774    1.16126047    1.41873972    2.10699915    1.35970475    1.12715868
B5Y7K3_COPPD/12-76     2.06315586    1.69976379    1.52441706    1.36810577    1.65122293    3.14831522    2.07162751    2.10924119    2.42270830    2.85520269    3.08246472    2.10064180    2.17736281    1.43963812    1.40175998    1.26435529    0.00000000    1.09846834    1.63167354    1.42599935    1.58648821    2.25433707    2.65538001    2.56614821    1.99683098    1.72615630    1.67582318    1.90974221    2.25729620    1.83691994    2.06192275    1.96307260    1.97430027    2.30859807    2.50633011    2.05511257    2.19378566    2.46659975    2.76683748    2.70308062    2.59156923    2.00548872    2.20973241    2.04116250    1.99258871    1.80832990    2.28671107    2.17158737    2.77309502    1.90413829    2.36473800    3.26516110    2.19540833    2.10130460    2.11508500    2.02498571    1.47993481    2.21380850    1.82476470    1.79278006    2.10447148    2.36788401    1.86865614    1.98705861    2.10604833    2.40207402    1.89594363    1.61816184    1.39851503    1.69509855    1.59752224    1.77764211    1.50567049    1.33145016    2.03705684    1.56879588    1.23432929    1.64834031    1.48606054    1.54941154    1.58219867    1.45483208    1.92806797    1.92647348    1.72324073    1.70834739    1.23041082    1.62136011    1.71829562    1.62537857    1.72705253    1.66847143    1.99296999    1.51880057
D3DG48_HYDTT/12-76     1.63600282    1.77852982    1.69179765    1.54294963    1.84715754    1.88911573    2.19691798    1.46988682    1.84332475    1.45284022    1.99891843    1.48040467    1.55849072    1.08094702    1.24257429    1.15781833    1.09846834    0.00000000    0.84125719    0.69047387    1.38614788    2.62949196    2.61251315    2.17180324    1.97818060    2.07431686    1.89929827    2.25582613    2.14700797    2.11636633    1.99054709    1.98959049    1.96055028    2.25716945    1.97669761    2.14370887    2.09628456    2.11725100    2.08665796    2.07735955    2.23502442    2.02384756    2.03278347    1.92664465    1.70913164    1.88525616    2.45576910    2.15832963    2.04108111    1.62221694    2.00493417    2.61609412    2.21690581    2.00076171    1.72877881    2.28760497    1.57688379    1.81713076    2.19208393    1.85729810    2.57723712    1.89653770    1.51541423    1.64904418    1.74510440    1.32460253    1.87512700    1.28346231    1.66945602    1.27964031    1.35112632    1.54331497    1.47905585    1.41582528    1.76640173    2.50622864    1.44246166    1.69440514    1.49052823    1.90788352    1.44006205    1.64682960    1.83927496    1.49299439    1.78894981    1.73752380    1.74086658    1.87339002    1.82524087    1.74739156    1.23172901    2.34194957    1.88722723    1.47286823
SFSA_AQUAE/12-75     1.92695014    1.99811914    1.81727593    1.63617238    1.54911508    2.33044070    2.37148583    1.76224823    1.94772610    1.47989147    2.09049820    1.61435169    1.27074886    1.09621699    1.09862715    1.57232621    1.63167354    0.84125719    0.00000000    0.84860362    1.72228951    2.36953397    3.13459841    2.40306073    2.13270922    1.82014512    1.79546164    2.44121395    2.25044849    2.08613684    1.83107804    2.10600587    1.81473571    2.26894905    2.14949866    2.24076480    2.29401496    2.72120102    1.98955890    2.15884513    2.35654154    2.05875295    1.80425976    1.94402512    2.14620665    2.05029294    2.08749561    2.45522482    2.10039478    1.64462034    2.30310138    2.39618340    2.02699765    2.11619507    2.23931933    2.18396215    2.17657284    1.86068201    1.71766922    2.09682662    2.43715323    1.78858643    1.66368340    1.65717369    1.25446864    1.31702316    1.68807424    1.54124328    1.60364593    1.27191610    1.28036196    1.50111952    1.46043529    1.34573361    1.73555910    2.28139556    1.79711024    1.73983183    1.94244273    1.70467196    1.65476180    1.54674621    2.28352140    1.85067216    1.69493013    2.05585712    1.44522868    1.47825507    1.67620248    1.41862443    1.09538590    2.01247702    1.35755240    1.45664330
D3SP59_THEAH/12-75     1.93848609    2.12650605    1.82339477    1.42542914    1.95044762    1.84213745    1.86314545    1.57484586    1.83159053    1.56918734    1.55373214    1.39611419    1.80326028    1.41649258    1.35779543    1.34319494    1.42599935    0.69047387    0.84860362    0.00000000    1.23766432    2.29827579    3.18801353    2.73533103    2.11175583    2.24185583    1.97899656    2.06574869    2.23945727    2.22250578    1.78668143    1.77216033    1.79803857    1.80679339    1.91529374    1.92781143    2.46717341    2.02944540    2.12832688    2.16990049    2.15627408    2.05085718    1.73286362    2.11949540    1.98917570    2.02222449    2.30093345    2.00140130    2.04103234    2.09486719    2.22377765    2.32070650    2.04636805    1.83225483    2.05646570    2.43701226    2.34738322    1.74426057    1.84486885    2.37837784    1.96719455    2.10032114    1.81367944    1.46207518    1.31067799    1.20106655    1.76046358    1.32511023    1.37232259    1.37013203    1.61557065    1.76529352    1.49938628    1.57461903    1.66359291    2.16858922    1.76860122    1.70738575    1.63727550    1.40366571    1.28673066    1.75440182    1.97324335    1.68642799    1.56135161    2.10998695    1.68568225    1.96192162    2.01652235    1.52541762    1.70906546    2.01165608    2.25235337    1.85980180
D5X9B8_THEPJ/12-77     1.95749578    1.80796298    1.74102013    1.81105528    2.22204228    2.42944457    2.38618133    1.54433568    1.82957249    1.52641558    2.28203541    2.09013315    1.38706677    1.21708666    1.06064658    0.98405529    1.58648821    1.38614788    1.72228951    1.23766432    0.00000000    2.21734994    2.01110522    2.00271942    1.80311148    1.74811564    1.59497789    1.48617582    2.16290079    1.76803828    1.72604233    1.80193001    1.72938004    1.45877154    1.72482178    2.04904706    2.10351182    1.91188267    2.03384005    2.27950331    1.98071340    1.53922580    1.62105375    1.74095865    1.37276894    1.58822688    2.16427169    1.89563659    2.05877268    1.87636832    1.78337111    1.92805316    1.55525138    2.00458849    1.76306512    2.47085482    1.68041303    1.69340081    1.83921007    1.62753293    2.01068474    1.82284099    1.56292347    1.59447817    1.59098994    1.53765685    1.72791898    1.12261787    1.29514560    1.09919954    1.50536642    1.35240288    1.44836628    1.10901780    1.49979743    2.04487783    1.26767383    1.98882493    1.83129320    1.33824386    1.15212816    1.93496089    1.91130393    1.31969850    1.57495703    1.95767932    1.64489550    1.80677523    2.03975814    1.59012542    1.50108575    1.76313272    1.60749788    1.49082666
C4L0I7_EXISA/14-80     2.52850543    2.52235810    1.88629392    1.92308666    2.09445587    2.17488781    2.29227773    2.21376461    2.27960920    2.80486599    2.86703371    1.83988420    1.83288990    1.55871301    1.64563748    1.98338621    2.25433707    2.62949196    2.36953397    2.29827579    2.21734994    0.00000000    0.88658283    1.14368567    1.60079863    1.92673537    1.61511715    2.11833185    2.09562520    1.61724973    2.22630434    2.44204714    1.86488120    1.71366483    1.55530074    2.00953426    1.83447486    2.03827538    2.00599409    2.43129933    1.81136470    2.04172952    1.57212931    1.47453295    1.48448710    1.62484380    1.76461920    1.73370494    1.81304810    1.73163127    1.52053483    1.40520087    1.66113379    1.76845003    1.70446795    1.55973628    1.98432979    1.67967033    1.95506638    1.88793403    1.85065423    1.72496960    1.69406879    2.01552522    1.40635694    1.79928455    1.48646548    1.76091800    2.06617547    1.56673945    1.60747747    1.74200482    1.93090380    1.87986830    1.70009100    2.34990843    2.42845414    1.89220175    1.80734770    1.77040960    1.70196387    1.87508245    2.90164326    2.37082638    2.07132370    1.78213307    1.65559716    1.89312400    1.87190733    1.64980584    1.96346000    1.96405585    1.45174302    1.51099185
D3E1L6_METRM/15-86     2.18632423    2.93906762    1.98813933    2.19403841    2.01175694    2.30436162    2.44685574    2.04823244    2.01411476    2.19190672    2.27842276    2.13384744    1.61745499    1.64533479    2.31713118    1.92250448    2.65538001    2.61251315    3.13459841    3.18801353    2.01110522    0.88658283    0.00000000    0.80721760    1.24734572    1.72170295    1.24112953    1.85019669    1.92564437    1.46160542    2.87284191    2.28938477    1.65570418    1.74925733    1.35752774    1.86542839    1.57515199    1.68448747    1.65007628    1.81070848    1.33813265    1.83637826    1.71973741    1.15725182    1.07076734    1.38624723    1.42779239    1.32126820    1.41254174    1.65823784    1.29555623    1.09959584    1.23898209    1.16007235    1.43795040    1.58454297    2.27504544    1.62995276    1.99363481    1.64034813    1.54035545    1.49399265    1.65336633    2.20027426    1.88148597    1.93048231    1.43028785    1.65522708    1.96989426    1.54864491    1.83165759    1.55361744    1.58492847    1.67202532    1.86058780    2.38496549    2.41045285    2.04066368    2.38204740    1.99757353    1.84849906    1.76642933    2.94423425    1.73030016    2.68029039    1.63811911    2.03087375    2.04924954    1.70553404    2.01196290    2.02968150    2.53292633    1.56052349    1.50889361
Q3Z7G8_DEHM1/14-81     2.13260363    2.19798775    2.14246395    2.24321177    2.11266561    3.00588824    2.77585175    2.79284693    2.17602753    2.78527596    2.95833508    2.98679798    1.74531571    1.65891185    2.05244751    1.97663074    2.56614821    2.17180324    2.40306073    2.73533103    2.00271942    1.14368567    0.80721760    0.00000000    1.63629660    1.57626295    1.39218485    1.94050939    1.97849547    1.60238245    2.43444729    2.28385095    1.58573071    1.89507579    1.75109562    1.71281152    1.76363310    2.05731114    2.17560138    2.30189017    1.94885454    2.30245605    2.43788901    1.38922416    1.75307504    1.72554613    1.63637617    1.51620298    1.18501851    1.40041352    1.65274369    1.57344089    1.28800547    1.76571859    1.91862950    1.60723075    1.92271339    1.96662493    1.80458132    1.91928032    1.75078656    1.84228347    1.46340440    2.12228269    1.51546051    1.76958042    1.79577412    1.74853556    2.01366726    1.87553497    1.56670768    1.54478550    1.68674413    1.80966312    2.03588329    2.08252936    2.05780908    1.99799561    2.67188343    1.97479436    1.69081706    2.01730558    2.41835230    1.49950453    2.19618271    1.91965303    1.86217023    1.71653421    2.17425881    2.25013734    1.92302743    2.48380675    1.42066908    2.18029890
X5E0R6_9BACT/13-79     2.15095582    2.24162749    2.25690668    2.53612835    1.59303249    2.85016163    1.94492376    1.97459453    1.82619309    2.30539726    2.43750032    2.44086104    1.30886769    1.10837543    1.67731507    1.16307159    1.99683098    1.97818060    2.13270922    2.11175583    1.80311148    1.60079863    1.24734572    1.63629660    0.00000000    0.76199698    0.75470312    1.00033926    0.97227436    1.06804679    1.20905602    1.19354623    1.03361735    1.31951684    1.00017562    1.07353765    0.74032404    1.07941622    1.08133094    0.98883222    0.99438231    1.02346239    0.97860245    0.65541333    0.78382566    0.75447490    0.78277183    0.83356842    0.80928610    0.77873294    1.02116865    1.03998849    0.90644877    0.97669152    0.93450743    1.04896899    1.30367993    0.90752191    1.31451924    1.02240296    1.12900805    1.67310496    1.40348407    2.11306608    1.77532335    1.86482466    1.27847837    1.46605706    1.55364609    1.31836013    1.51135866    1.62457645    1.53198335    1.46669621    1.95041150    1.95121593    1.71495179    1.62996158    1.71174733    1.34698090    1.41609499    1.61471386    2.84804079    2.22509878    2.07411192    1.96885296    1.69922640    1.87357887    1.84468045    1.56439796    1.58784665    1.56123254    1.60925131    1.27423513
V6F8A8_MAGGM/13-79     1.96495385    2.00823101    2.32373088    2.28357516    1.44233496    2.49116541    2.27004817    1.87050111    2.18460062    2.79509850    2.70465449    2.73180272    1.63927446    1.57147350    1.56184439    1.37521165    1.72615630    2.07431686    1.82014512    2.24185583    1.74811564    1.92673537    1.72170295    1.57626295    0.76199698    0.00000000    0.63087421    0.90176973    0.87470737    0.73341370    0.69461710    0.87225971    0.76558441    0.88657248    1.05101593    1.01571102    0.70905883    1.12595537    0.86709441    0.98280875    1.16255972    1.05416086    0.82425807    0.76544618    0.95178692    0.80193906    0.88809562    0.94737641    0.91015080    0.91415217    1.00427410    1.00860178    0.87168057    0.98764292    1.22085306    1.10856230    1.30843837    0.76504102    1.01183693    0.83440552    1.06676167    1.87038477    1.99749246    1.97220759    1.94592112    2.05605675    1.55435237    1.66863081    1.69214808    1.68846084    1.78787337    1.86305781    1.81003574    1.72708024    1.83585113    1.82620089    1.72243630    1.89004366    2.07179015    1.55716736    1.80641010    1.65611049    2.56993700    2.50135461    2.16689980    2.43667587    1.68203472    2.07268778    2.16594246    1.70554625    2.08970932    1.42784904    1.76037114    1.43293904
B8FAY4_DESAL/19-85     1.95176141    2.01928742    2.19389518    1.83440857    1.56887258    2.44637114    2.12851660    1.68823527    1.64996187    2.26153894    2.42263495    2.38330048    1.47364015    1.57887223    1.34344279    1.25559007    1.67582318    1.89929827    1.79546164    1.97899656    1.59497789    1.61511715    1.24112953    1.39218485    0.75470312    0.63087421    0.00000000    0.77885169    0.76021718    0.75116039    0.89800973    0.98067855    0.77089950    0.70964831    0.89742179    0.86683512    0.68208029    0.97222992    1.00057487    0.99161907    0.90494573    0.97563049    0.78067146    0.60362865    0.71352754    0.59531899    0.64641770    0.63312946    0.86678250    0.71851098    0.73486672    0.87790255    0.64011708    0.92948158    0.99438686    0.94953836    1.11967286    0.85581361    0.97266927    0.94447796    0.98957877    1.73512176    1.57312982    1.70305646    1.59010593    2.18043273    1.40242971    1.40686624    1.45023977    1.44087879    1.66631211    1.62665186    1.79792644    1.63866830    1.91246088    1.93585109    1.79854634    1.52055917    1.69974598    1.21867214    1.50327408    1.61665606    2.10944297    2.02507178    1.89900447    2.23182816    1.86963987    1.67237314    2.14169103    1.64453456    1.88464919    2.07282465    1.68202435    1.13127919
E1VAQ4_HALED/12-83     2.68529229    2.30832486    2.61725274    2.44759089    2.06148677    2.56477367    2.11957803    1.94869991    1.93111452    2.46626788    3.13548796    2.77701267    1.57544428    1.52406749    1.77694870    1.28261566    1.90974221    2.25582613    2.44121395    2.06574869    1.48617582    2.11833185    1.85019669    1.94050939    1.00033926    0.90176973    0.77885169    0.00000000    0.78307447    0.78543980    0.92072906    0.92916757    0.98693806    0.85622597    1.01864353    0.90928647    1.10228909    0.85729566    1.14838702    1.14627419    1.28578087    1.11796277    0.91737963    0.88938316    0.95914807    0.65321825    0.90475890    0.81854784    1.17545724    1.01156475    0.89979495    1.06721862    0.87938378    1.27294430    1.29331547    1.39854087    1.39843931    1.29564130    1.15504939    1.51698358    1.32164936    1.98503122    2.27323953    1.79950873    1.89670371    2.20848748    1.91362565    1.62907547    1.33396130    1.69606506    1.75334192    2.00438237    1.65520560    2.28864828    1.65186667    1.89058322    2.12184867    1.51245337    1.60716377    1.51651916    1.50696615    2.01167560    2.61276581    2.04571470    2.12060597    2.95825699    2.35296224    2.28430834    2.52532492    2.09997548    2.58586280    2.10064367    1.96665250    1.48986097
SFSA_SYNPW/18-89     2.22267237    2.28820872    2.71104387    2.11474420    1.63208598    2.50856172    2.01599598    1.57718230    1.72014953    2.86532091    2.59328468    2.45854761    1.35655948    1.74158697    2.02313090    1.60425275    2.25729620    2.14700797    2.25044849    2.23945727    2.16290079    2.09562520    1.92564437    1.97849547    0.97227436    0.87470737    0.76021718    0.78307447    0.00000000    0.97281502    1.07246396    0.98894581    1.00251649    0.96712185    1.25128132    0.83285743    0.99358127    0.97729134    0.98691697    1.01535544    1.39439607    1.23378347    1.03907130    0.70490899    0.90676429    0.79407053    0.84489353    0.79841227    1.20490102    1.29607724    0.97348463    1.08300199    0.89665462    1.04168542    1.32018331    1.18355703    1.53042786    1.30051128    1.34382315    1.32750241    1.21553692    1.70082353    2.16528867    1.79759237    1.64786346    2.03487288    1.87427006    1.57982342    1.35724454    1.47013972    1.80159743    2.07075376    1.86923280    1.84092086    1.99451070    2.01558992    2.11287013    1.68856809    1.91083034    1.42436766    1.35202166    1.45419988    2.56513431    1.95262955    2.42764976    2.66771689    2.00602949    1.63303988    1.92484413    1.79020878    2.12477206    2.35065712    1.59189395    1.48506334
