52
D0LC62_GORB4/51-210     0.00000000    0.90651308    0.75284292    1.22940523    1.48834598    1.37385737    1.27936632    1.45065858    1.28864160    1.41206474    1.47373790    1.51713252    1.34578984    1.50297295    1.38978614    1.23060036    1.26543141    1.32759580    1.31600606    1.47783511    1.31879517    1.77893569    1.62598424    1.67611323    1.39612769    1.71072584    1.39152749    1.51186122    1.92522848    1.69661730    1.40617592    1.09294077    1.16692527    1.17136103    1.02806014    1.12050617    1.39134183    1.09784822    1.11468972    1.02359262    1.14308638    1.25763037    1.23599959    1.54727999    1.44302248    1.67434493    1.58604395    1.18589170    1.15169023    1.27459326    1.20002166    1.11706821
H6MU21_GORPV/47-212     0.90651308    0.00000000    0.40519703    1.30555399    1.67851342    1.56276360    1.53705711    1.67391798    1.50676393    1.47762851    1.50763575    1.48389100    1.40302056    1.76564530    1.49283931    1.53348822    1.59297371    1.46423437    1.52447590    1.39145607    1.43021724    1.73500478    1.74307335    1.79717510    1.59008352    1.68478920    1.53412780    1.48487571    2.42030938    2.00128505    1.50992512    1.37788049    1.49200700    1.33838129    1.32785758    1.32111210    1.47690004    1.32258154    1.34362108    1.25072598    1.32950822    1.42933707    1.30455497    1.73367808    1.70058553    1.44952946    1.82594953    1.32953094    1.37503255    1.30196018    1.46822253    1.34204142
D0LC65_GORB4/33-192     0.75284292    0.40519703    0.00000000    1.21844077    1.62053573    1.41679151    1.40607353    1.54698270    1.34131358    1.44509069    1.36076885    1.44942439    1.39712862    1.60837800    1.43278242    1.40894951    1.51734311    1.24379949    1.26520608    1.31986505    1.45432609    1.76039539    1.51889594    1.67609314    1.47598578    1.64123135    1.44732010    1.59214668    2.25990058    1.93738612    1.32185471    1.28669089    1.30359007    1.24808838    1.12065261    1.01912878    1.22028736    1.10569788    1.12306457    1.09141783    1.13101818    1.39462378    1.22883987    1.62151150    1.52908727    1.61451130    1.56139686    1.40992853    1.45359108    1.38553343    1.51115617    1.41517156
D5UNZ9_TSUPD/61-224     1.22940523    1.30555399    1.21844077    0.00000000    1.45331905    1.48391639    1.24312822    1.41906291    1.29494651    1.51167660    1.41465760    1.66155869    1.18622016    1.48989823    1.29913877    1.56748572    1.42648355    1.10637520    1.37572708    1.37054720    1.55465568    1.65131648    1.62120130    1.69652940    1.52857716    1.88495870    1.81496326    1.65064345    2.05965273    1.90399804    1.56494402    1.38012514    1.53732500    1.20284158    1.15817080    1.12362325    1.25692547    1.11556977    1.12487921    1.16662248    1.18204999    1.07837210    1.21469641    1.68431666    1.42842081    1.62965417    1.79048050    1.31593780    1.31704364    1.31607232    1.29400634    1.23561067
D5UMC1_TSUPD/32-185     1.48834598    1.67851342    1.62053573    1.45331905    0.00000000    1.39342856    1.17698913    1.32404986    1.62473706    1.58071269    1.72593067    1.63047836    1.52695563    1.40914336    1.43540693    1.39166333    1.22990744    1.42143741    1.63491220    1.86561809    1.82189160    1.93045345    1.62007683    1.61280787    1.59272950    2.11894518    1.87931217    1.83863968    1.79891216    2.18616232    1.60883082    1.60409846    1.64001503    1.42365095    1.48815291    1.33986124    1.51162542    1.41734264    1.44194521    1.06361702    1.14793005    1.14972792    1.19190005    1.58243146    1.45235176    1.57453346    1.56079484    1.59460362    1.56531891    1.45325827    1.35240402    1.51055986
D6ZD22_SEGRD/46-206     1.37385737    1.56276360    1.41679151    1.48391639    1.39342856    0.00000000    1.57823547    1.68524310    1.54961494    1.94188913    1.74307777    1.92515217    1.60530197    1.64010880    1.58163769    1.55066594    1.56902383    1.46534951    1.48093682    1.79728505    1.57751482    1.73070499    1.88127116    1.97383737    1.63410474    1.89548737    1.88184565    1.68712320    1.99343374    1.81918075    1.61474371    1.64922220    1.81749204    1.55654059    1.62609420    1.09913442    1.42129911    1.26441098    1.25599271    1.40997483    1.50974451    1.46773306    1.47495137    1.93294565    1.76219458    1.66501878    1.89199870    1.66192506    1.63100914    1.54734972    1.61983202    1.49259394
Q5Z3F6_NOCFA/37-189     1.27936632    1.53705711    1.40607353    1.24312822    1.17698913    1.57823547    0.00000000    0.57078350    1.12216440    1.31859036    1.30788046    1.22884494    1.22992339    1.37695668    1.34755958    1.19502036    1.30270656    0.96571381    1.05505852    1.25426125    1.31640587    1.42577296    1.47996470    1.36063741    1.40488426    1.53225944    1.35751853    1.51052289    2.22761508    1.77128074    1.21483857    1.29492821    1.32301123    1.01152019    1.01057630    1.28838793    1.42430022    1.25313926    1.39098460    1.40326606    1.36852427    1.19587650    1.21700641    1.15693499    1.29208269    1.39507502    1.31754550    1.58363966    1.48987600    1.43351676    1.31650829    1.31441400
W5T6N4_9NOCA/35-192     1.45065858    1.67391798    1.54698270    1.41906291    1.32404986    1.68524310    0.57078350    0.00000000    1.07179957    1.30347638    1.20192886    1.26569330    1.15101858    1.28881218    1.32458324    1.38522335    1.20059087    1.08312298    1.08398542    1.41241643    1.40551456    1.35427630    1.44067014    1.35501212    1.40060551    1.54588644    1.33127149    1.44069734    2.05217650    1.61766903    1.25651651    1.34914832    1.35315608    1.24246666    1.24942268    1.37241104    1.27331662    1.35458915    1.37413739    1.34739745    1.34111952    1.22152946    1.25722857    1.27229404    1.45994428    1.55951487    1.38562121    1.54240858    1.55917097    1.50731852    1.44423612    1.35890826
E9SYL2_RHOHA/57-216     1.28864160    1.50676393    1.34131358    1.29494651    1.62473706    1.54961494    1.12216440    1.07179957    0.00000000    0.90061349    0.80305525    0.92129309    0.87070782    1.20288693    1.20304010    1.05712508    0.91955274    0.79641262    0.79931418    1.50538094    1.33652233    1.22900765    1.27689918    1.43696035    1.12223300    1.36818566    1.53225621    1.25925763    1.84631722    1.45225886    1.18095391    1.27557225    1.33505686    1.36658203    1.37752843    1.32645310    1.36527634    1.29710582    1.43770964    1.21140327    1.22106436    1.35083745    1.40957540    1.53205054    1.39087535    1.78129244    1.76192413    1.68760615    1.68719904    1.64653258    1.68267643    1.58070238
Q5YYW4_NOCFA/54-211     1.41206474    1.47762851    1.44509069    1.51167660    1.58071269    1.94188913    1.31859036    1.30347638    0.90061349    0.00000000    0.65826846    0.79753817    1.13380163    1.26657231    1.17676343    0.93167612    1.12177341    1.16072511    1.06876353    1.45355161    1.41958805    1.55164196    1.52778208    1.78795048    1.55285395    1.54887812    1.72396190    1.60473362    1.97944225    1.74425743    1.25035334    1.45663564    1.36494287    1.33356082    1.24510171    1.43674785    1.35116671    1.35767705    1.47002971    1.52362452    1.37630140    1.24315206    1.28583731    1.71522620    1.50507935    1.58583623    2.04003484    1.51348195    1.50493462    1.66324936    1.41498696    1.51371332
W5TDC8_9NOCA/49-204     1.47373790    1.50763575    1.36076885    1.41465760    1.72593067    1.74307777    1.30788046    1.20192886    0.80305525    0.65826846    0.00000000    0.58552856    0.93641757    1.24820999    1.22203198    1.02249153    1.12984230    1.07497892    0.87182472    1.40749357    1.46702068    1.38783610    1.43549024    1.65464788    1.54165954    1.70536495    1.74712673    1.33886634    2.09682155    1.61232064    1.45180071    1.60105039    1.58905901    1.42951654    1.47058907    1.40287439    1.34458181    1.42652400    1.54211897    1.22064081    1.18918296    1.22220093    1.35588843    1.61300081    1.62412519    1.57556208    2.21455121    1.51061309    1.54193215    1.59064751    1.58702730    1.48488945
W5TPG9_9NOCA/49-204     1.51713252    1.48389100    1.44942439    1.66155869    1.63047836    1.92515217    1.22884494    1.26569330    0.92129309    0.79753817    0.58552856    0.00000000    0.99458269    1.27038826    1.23203703    1.01088278    1.11450638    1.14223203    1.03624454    1.38116073    1.34339281    1.44016156    1.50633082    1.68240337    1.63243074    1.67541922    1.67732294    1.43504774    2.18160074    1.92281508    1.69207537    1.55740701    1.62133606    1.51427995    1.46391821    1.60873424    1.60696980    1.60915057    1.67252946    1.44281067    1.39300948    1.39936925    1.51737624    1.45680497    1.57550149    1.58319651    2.14960832    1.47004712    1.53200602    1.52376139    1.52485696    1.51178980
V9XEG0_9NOCA/54-213     1.34578984    1.40302056    1.39712862    1.18622016    1.52695563    1.60530197    1.22992339    1.15101858    0.87070782    1.13380163    0.93641757    0.99458269    0.00000000    1.24226185    1.18199690    1.06100644    1.13907276    1.26952336    1.04012630    1.59911648    1.55886181    1.36554190    1.58213923    1.55061808    1.36888788    1.56263167    1.57088389    1.45498457    1.70481392    1.75628837    1.34589170    1.35390853    1.39873139    1.29925958    1.28033868    1.17518306    1.10708102    1.23155844    1.07967081    1.15480147    1.14798394    1.32765719    1.32264829    1.36296640    1.76173377    1.47696996    1.78910445    1.45709275    1.47759818    1.48820522    1.30028207    1.32509658
F6EEB9_HOYSD/40-191     1.50297295    1.76564530    1.60837800    1.48989823    1.40914336    1.64010880    1.37695668    1.28881218    1.20288693    1.26657231    1.24820999    1.27038826    1.24226185    0.00000000    0.28979011    1.10284211    1.10062102    1.26739639    1.20371450    1.84358288    1.82414119    1.36673315    1.62857232    1.64126255    1.44063012    1.78275541    1.98693599    1.91547472    2.29869596    2.04955026    1.52462627    1.45462252    1.36053586    1.25693982    1.23912348    1.24290713    1.06051338    1.20590982    1.22024818    1.26307967    1.25244970    1.17168975    1.23994941    1.52199894    1.42610823    1.49046508    1.68439033    1.45790300    1.44778746    1.36155350    1.42633938    1.24339512
F6EEB8_HOYSD/42-197     1.38978614    1.49283931    1.43278242    1.29913877    1.43540693    1.58163769    1.34755958    1.32458324    1.20304010    1.17676343    1.22203198    1.23203703    1.18199690    0.28979011    0.00000000    0.98843452    1.04934251    1.27816436    1.22729217    1.65961561    1.66858627    1.29252531    1.50700850    1.52940554    1.42445824    1.85550237    1.90166967    1.93898759    2.17232014    2.17864156    1.46437523    1.37021047    1.38081923    1.19809788    1.26557713    1.20123002    1.12785206    1.11004082    1.22161903    1.26336284    1.22531311    1.24682016    1.23319390    1.54613685    1.40018249    1.50723534    1.62939525    1.39105566    1.45092167    1.34521105    1.43034906    1.19955228
H6RD31_NOCCG/49-207     1.23060036    1.53348822    1.40894951    1.56748572    1.39166333    1.55066594    1.19502036    1.38522335    1.05712508    0.93167612    1.02249153    1.01088278    1.06100644    1.10284211    0.98843452    0.00000000    0.50852427    1.16481020    0.99710449    1.72377098    1.60816599    1.45467385    1.43906002    1.45310009    1.57737098    1.75331512    1.53739557    1.54045297    1.65717134    1.81067054    1.46608583    1.30705110    1.35874005    1.33553247    1.18117392    1.29844156    1.39209023    1.12872286    1.24072195    1.18247418    1.25715294    1.21270152    1.27165350    1.32896133    1.41370639    1.46970278    1.90476904    1.47246432    1.52193545    1.46383834    1.32691119    1.22968964
K0ELF6_9NOCA/50-208     1.26543141    1.59297371    1.51734311    1.42648355    1.22990744    1.56902383    1.30270656    1.20059087    0.91955274    1.12177341    1.12984230    1.11450638    1.13907276    1.10062102    1.04934251    0.50852427    0.00000000    1.08141322    1.05846536    1.55688249    1.29141187    1.30054566    1.41855812    1.37945784    1.33714829    1.49027210    1.30700252    1.62152881    1.73650388    1.71282940    1.42657878    1.30436373    1.31938478    1.30155954    1.19625556    1.34561222    1.35112383    1.20348826    1.23262229    1.01290587    1.25584644    1.15509709    1.19795510    1.46052835    1.48520008    1.77934133    1.94627363    1.44020282    1.51892840    1.40248985    1.30690020    1.33334294
E9T230_RHOHA/47-205     1.32759580    1.46423437    1.24379949    1.10637520    1.42143741    1.46534951    0.96571381    1.08312298    0.79641262    1.16072511    1.07497892    1.14223203    1.26952336    1.26739639    1.27816436    1.16481020    1.08141322    0.00000000    0.82444168    1.40777373    1.27123606    1.57685159    1.29580122    1.52555547    1.37578061    1.38110510    1.49744106    1.46739071    1.84413850    1.77461011    1.20934052    1.33827242    1.32114337    1.24272270    1.13560458    1.17918707    1.27318603    1.21720971    1.28782078    1.07846894    1.02749948    1.10679276    1.06375548    1.31298068    1.36931700    1.52596276    1.49686728    1.32265875    1.44578641    1.36248068    1.32822598    1.28438612
V9XJW7_9NOCA/47-213     1.31600606    1.52447590    1.26520608    1.37572708    1.63491220    1.48093682    1.05505852    1.08398542    0.79931418    1.06876353    0.87182472    1.03624454    1.04012630    1.20371450    1.22729217    0.99710449    1.05846536    0.82444168    0.00000000    1.35614985    1.40971224    1.43965469    1.36675100    1.77372328    1.48578539    1.65578959    1.43841776    1.55911758    1.78254253    1.74519717    1.19815274    1.14343545    1.18302575    1.15451311    1.11294963    1.10993437    1.21406687    1.28198559    1.32885065    0.98200033    1.01268297    1.12332865    1.26484666    1.27743371    1.37237209    1.45574887    1.72217496    1.42750062    1.30019253    1.35751805    1.32596073    1.31312157
D6ZA32_SEGRD/42-205     1.47783511    1.39145607    1.31986505    1.37054720    1.86561809    1.79728505    1.25426125    1.41241643    1.50538094    1.45355161    1.40749357    1.38116073    1.59911648    1.84358288    1.65961561    1.72377098    1.55688249    1.40777373    1.35614985    0.00000000    1.43386657    1.60914233    1.66415182    1.66367131    1.65254132    1.77143406    1.68063213    1.62932284    2.10864821    1.78879291    1.59740117    1.29523231    1.39382019    1.29741492    1.28977424    1.43858805    1.55896691    1.58543999    1.67400738    1.49143012    1.50506814    1.78834343    1.61234822    1.79287762    2.06875311    1.53443333    1.70804568    1.56742796    1.46698551    1.70986500    1.47310884    1.52752347
C4LG43_CORK4/70-234     1.31879517    1.43021724    1.45432609    1.55465568    1.82189160    1.57751482    1.31640587    1.40551456    1.33652233    1.41958805    1.46702068    1.34339281    1.55886181    1.82414119    1.66858627    1.60816599    1.29141187    1.27123606    1.40971224    1.43386657    0.00000000    0.89660379    0.99786000    1.00632069    0.99901924    0.85532095    0.97068537    1.50666888    2.07825023    1.81976646    1.48903583    1.72662551    1.70277578    1.12156141    1.14176726    1.53557909    1.58202460    1.54521130    1.57537979    1.42444923    1.59334323    1.58220602    1.51111198    1.73926071    1.47775742    1.90108149    1.89210963    1.76605335    1.77417056    1.68607282    1.79045974    1.57884630
U3GXX2_9CORY/37-191     1.77893569    1.73500478    1.76039539    1.65131648    1.93045345    1.73070499    1.42577296    1.35427630    1.22900765    1.55164196    1.38783610    1.44016156    1.36554190    1.36673315    1.29252531    1.45467385    1.30054566    1.57685159    1.43965469    1.60914233    0.89660379    0.00000000    0.81294267    0.87866261    0.79872195    0.78046996    0.91316438    1.81101603    2.18220115    1.87829747    1.62977496    1.89124703    1.84192807    1.23367493    1.36535350    1.65320765    1.47324207    1.65498700    1.70324909    1.43187697    1.51372209    1.62289350    1.37646138    1.63967342    1.64575867    1.63119616    1.77282445    1.81178429    1.74893140    1.78109982    1.82654183    1.64659769
W5XXY2_9CORY/34-200     1.62598424    1.74307335    1.51889594    1.62120130    1.62007683    1.88127116    1.47996470    1.44067014    1.27689918    1.52778208    1.43549024    1.50633082    1.58213923    1.62857232    1.50700850    1.43906002    1.41855812    1.29580122    1.36675100    1.66415182    0.99786000    0.81294267    0.00000000    0.74316555    0.78962873    0.93020508    1.04876817    1.74612028    2.26753623    1.91094254    1.56110565    1.68161842    1.69552161    1.37054893    1.42622146    1.50395726    1.48468653    1.45605449    1.51495405    1.60390370    1.42890383    1.60679007    1.50446786    1.81218514    1.55838164    1.57859494    1.81862253    1.65707998    1.61432516    1.50739633    1.56539742    1.58131507
C3PJ41_CORA7/39-196     1.67611323    1.79717510    1.67609314    1.69652940    1.61280787    1.97383737    1.36063741    1.35501212    1.43696035    1.78795048    1.65464788    1.68240337    1.55061808    1.64126255    1.52940554    1.45310009    1.37945784    1.52555547    1.77372328    1.66367131    1.00632069    0.87866261    0.74316555    0.00000000    0.84865007    1.00405958    1.12224128    1.58833402    2.23924084    1.93033256    1.54271647    1.61431916    1.57455232    1.32417603    1.39208717    1.53715088    1.39047336    1.43947910    1.52086618    1.46420666    1.47454456    1.76062232    1.53427358    1.93096686    1.59797464    1.75676320    1.86566023    1.88155376    1.89601491    1.80381031    1.65758950    1.61327852
Q6NK78_CORDI/36-195     1.39612769    1.59008352    1.47598578    1.52857716    1.59272950    1.63410474    1.40488426    1.40060551    1.12223300    1.55285395    1.54165954    1.63243074    1.36888788    1.44063012    1.42445824    1.57737098    1.33714829    1.37578061    1.48578539    1.65254132    0.99901924    0.79872195    0.78962873    0.84865007    0.00000000    0.97224371    1.13301844    1.75028697    1.68667047    1.85666092    1.64048619    1.74602836    1.83900822    1.20709093    1.31892986    1.49864901    1.53906825    1.43921400    1.49202019    1.34209280    1.36791797    1.53828383    1.44492023    1.90899241    1.61518289    1.84434788    1.69567607    1.75615466    1.62477227    1.64724791    1.69306230    1.54291301
B1VE75_CORU7/63-233     1.71072584    1.68478920    1.64123135    1.88495870    2.11894518    1.89548737    1.53225944    1.54588644    1.36818566    1.54887812    1.70536495    1.67541922    1.56263167    1.78275541    1.85550237    1.75331512    1.49027210    1.38110510    1.65578959    1.77143406    0.85532095    0.78046996    0.93020508    1.00405958    0.97224371    0.00000000    0.60991554    1.81867192    2.01285435    1.73711040    1.41287491    1.85041463    1.83162486    1.27752640    1.35961203    1.59441393    1.62232825    1.67074952    1.65166112    1.60589860    1.50446916    1.74895809    1.66338598    1.80265122    1.79942877    1.88269719    1.78063965    1.88589731    1.81056529    1.72956949    1.75080577    1.62240127
F8DYG1_CORRG/44-210     1.39152749    1.53412780    1.44732010    1.81496326    1.87931217    1.88184565    1.35751853    1.33127149    1.53225621    1.72396190    1.74712673    1.67732294    1.57088389    1.98693599    1.90166967    1.53739557    1.30700252    1.49744106    1.43841776    1.68063213    0.97068537    0.91316438    1.04876817    1.12224128    1.13301844    0.60991554    0.00000000    1.81333214    2.05136935    1.92145449    1.39783629    1.52061432    1.52868013    1.25234892    1.33162811    1.56935575    1.54869536    1.60133218    1.47544021    1.33179161    1.49659462    1.62672275    1.67092739    1.68266068    1.58633161    1.89000172    1.87405774    1.78469068    1.89872624    1.79331846    1.69078436    1.57022786
A4F676_SACEN/60-213     1.51186122    1.48487571    1.59214668    1.65064345    1.83863968    1.68712320    1.51052289    1.44069734    1.25925763    1.60473362    1.33886634    1.43504774    1.45498457    1.91547472    1.93898759    1.54045297    1.62152881    1.46739071    1.55911758    1.62932284    1.50666888    1.81101603    1.74612028    1.58833402    1.75028697    1.81867192    1.81333214    0.00000000    1.53713509    1.44253050    1.88849504    1.73120359    1.95783370    1.71302514    1.54521527    1.47270313    1.83685061    1.68866647    1.68143416    1.63686991    1.67652151    1.79249823    1.69724154    1.95889447    2.06647342    1.93429591    2.13589926    1.89422530    1.93248773    1.97589516    1.99633038    1.94620245
A4FLJ6_SACEN/35-175     1.92522848    2.42030938    2.25990058    2.05965273    1.79891216    1.99343374    2.22761508    2.05217650    1.84631722    1.97944225    2.09682155    2.18160074    1.70481392    2.29869596    2.17232014    1.65717134    1.73650388    1.84413850    1.78254253    2.10864821    2.07825023    2.18220115    2.26753623    2.23924084    1.68667047    2.01285435    2.05136935    1.53713509    0.00000000    1.53331548    1.92970214    2.16121128    2.25506642    2.15519463    1.97045211    1.90043935    2.00406637    2.05647706    2.07909538    1.44280107    1.44583781    1.70391276    1.85946028    2.21963439    2.03848022    2.48438215    2.59095851    2.34235430    2.20367218    2.43690769    2.24525023    2.37875274
H5X1D6_9PSEU/28-178     1.69661730    2.00128505    1.93738612    1.90399804    2.18616232    1.81918075    1.77128074    1.61766903    1.45225886    1.74425743    1.61232064    1.92281508    1.75628837    2.04955026    2.17864156    1.81067054    1.71282940    1.77461011    1.74519717    1.78879291    1.81976646    1.87829747    1.91094254    1.93033256    1.85666092    1.73711040    1.92145449    1.44253050    1.53331548    0.00000000    1.95404314    2.20105806    2.25429376    1.95886046    2.04432974    2.01969698    2.32239633    1.93530594    2.21622795    2.33151677    2.20559494    1.92439402    2.03921771    2.09440381    2.10954512    1.97936233    2.29663197    1.93476614    1.94417238    2.07710916    1.98987256    1.79866439
D5UNZ7_TSUPD/38-208     1.40617592    1.50992512    1.32185471    1.56494402    1.60883082    1.61474371    1.21483857    1.25651651    1.18095391    1.25035334    1.45180071    1.69207537    1.34589170    1.52462627    1.46437523    1.46608583    1.42657878    1.20934052    1.19815274    1.59740117    1.48903583    1.62977496    1.56110565    1.54271647    1.64048619    1.41287491    1.39783629    1.88849504    1.92970214    1.95404314    0.00000000    1.21204618    1.23425190    1.18921303    1.18651176    1.25621297    1.31897347    1.29010140    1.37096262    1.28563440    1.20838135    1.57532400    1.29242787    1.49808483    1.54890725    1.82026241    1.55553865    1.66182522    1.83020761    1.55229843    1.49963152    1.55135100
EMBC_MYCTU/53-221     1.09294077    1.37788049    1.28669089    1.38012514    1.60409846    1.64922220    1.29492821    1.34914832    1.27557225    1.45663564    1.60105039    1.55740701    1.35390853    1.45462252    1.37021047    1.30705110    1.30436373    1.33827242    1.14343545    1.29523231    1.72662551    1.89124703    1.68161842    1.61431916    1.74602836    1.85041463    1.52061432    1.73120359    2.16121128    2.20105806    1.21204618    0.00000000    0.36157840    0.87649730    0.92175346    1.19591667    1.19669586    1.07371456    1.14179376    1.25070058    1.17847196    1.42116970    1.17245558    1.49326387    1.65223904    1.41335418    1.68967193    1.73339567    1.59757489    1.59027012    1.55593787    1.49224817
A0R612_MYCS2/39-207     1.16692527    1.49200700    1.30359007    1.53732500    1.64001503    1.81749204    1.32301123    1.35315608    1.33505686    1.36494287    1.58905901    1.62133606    1.39873139    1.36053586    1.38081923    1.35874005    1.31938478    1.32114337    1.18302575    1.39382019    1.70277578    1.84192807    1.69552161    1.57455232    1.83900822    1.83162486    1.52868013    1.95783370    2.25506642    2.25429376    1.23425190    0.36157840    0.00000000    0.91911771    0.93100890    1.17947599    1.13242471    1.01478611    1.08331827    1.31927378    1.22969382    1.51665261    1.18583775    1.48092239    1.72506491    1.52984590    1.77599333    1.73265231    1.74862637    1.75325235    1.58753677    1.53710148
H6MU24_GORPV/34-208     1.17136103    1.33838129    1.24808838    1.20284158    1.42365095    1.55654059    1.01152019    1.24246666    1.36658203    1.33356082    1.42951654    1.51427995    1.29925958    1.25693982    1.19809788    1.33553247    1.30155954    1.24272270    1.15451311    1.29741492    1.12156141    1.23367493    1.37054893    1.32417603    1.20709093    1.27752640    1.25234892    1.71302514    2.15519463    1.95886046    1.18921303    0.87649730    0.91911771    0.00000000    0.39210604    1.07167476    1.25086206    1.09403302    1.06475514    0.99542529    1.01261728    1.05199401    1.00657568    1.14646299    1.25652239    1.14817663    1.49376690    1.17315902    1.25039090    1.26277099    1.24145340    1.13939039
D0LC66_GORB4/58-234     1.02806014    1.32785758    1.12065261    1.15817080    1.48815291    1.62609420    1.01057630    1.24942268    1.37752843    1.24510171    1.47058907    1.46391821    1.28033868    1.23912348    1.26557713    1.18117392    1.19625556    1.13560458    1.11294963    1.28977424    1.14176726    1.36535350    1.42622146    1.39208717    1.31892986    1.35961203    1.33162811    1.54521527    1.97045211    2.04432974    1.18651176    0.92175346    0.93100890    0.39210604    0.00000000    1.12255803    1.29457099    1.14856366    1.20246346    1.07120852    1.04903531    1.13674107    0.97875417    1.28411456    1.32987189    1.25372515    1.48130455    1.27184155    1.18759790    1.30052540    1.17530438    1.15386873
F5YU82_MYCSD/30-183     1.12050617    1.32111210    1.01912878    1.12362325    1.33986124    1.09913442    1.28838793    1.37241104    1.32645310    1.43674785    1.40287439    1.60873424    1.17518306    1.24290713    1.20123002    1.29844156    1.34561222    1.17918707    1.10993437    1.43858805    1.53557909    1.65320765    1.50395726    1.53715088    1.49864901    1.59441393    1.56935575    1.47270313    1.90043935    2.01969698    1.25621297    1.19591667    1.17947599    1.07167476    1.12255803    0.00000000    0.52564130    0.45510306    0.45202072    0.82945150    0.71934636    0.89110912    0.86453345    1.33001761    1.25178911    1.48412896    1.50197903    1.24486928    1.36011097    1.40114949    1.27923189    1.22509420
A0R614_MYCS2/50-213     1.39134183    1.47690004    1.22028736    1.25692547    1.51162542    1.42129911    1.42430022    1.27331662    1.36527634    1.35116671    1.34458181    1.60696980    1.10708102    1.06051338    1.12785206    1.39209023    1.35112383    1.27318603    1.21406687    1.55896691    1.58202460    1.47324207    1.48468653    1.39047336    1.53906825    1.62232825    1.54869536    1.83685061    2.00406637    2.32239633    1.31897347    1.19669586    1.13242471    1.25086206    1.29457099    0.52564130    0.00000000    0.52985733    0.47365164    0.88349716    0.70000649    0.94428584    0.92037604    1.21969408    1.36386065    1.51552684    1.42704151    1.26024044    1.30134904    1.32847268    1.09062890    1.15745546
EMBB_MYCLE/48-211     1.09784822    1.32258154    1.10569788    1.11556977    1.41734264    1.26441098    1.25313926    1.35458915    1.29710582    1.35767705    1.42652400    1.60915057    1.23155844    1.20590982    1.11004082    1.12872286    1.20348826    1.21720971    1.28198559    1.58543999    1.54521130    1.65498700    1.45605449    1.43947910    1.43921400    1.67074952    1.60133218    1.68866647    2.05647706    1.93530594    1.29010140    1.07371456    1.01478611    1.09403302    1.14856366    0.45510306    0.52985733    0.00000000    0.26213522    0.92400998    0.79518311    1.04000021    0.89004384    1.24343486    1.24183563    1.38957610    1.43949677    1.33885403    1.35364591    1.32389827    1.22401356    1.21563721
Q745M3_MYCPA/37-196     1.11468972    1.34362108    1.12306457    1.12487921    1.44194521    1.25599271    1.39098460    1.37413739    1.43770964    1.47002971    1.54211897    1.67252946    1.07967081    1.22024818    1.22161903    1.24072195    1.23262229    1.28782078    1.32885065    1.67400738    1.57537979    1.70324909    1.51495405    1.52086618    1.49202019    1.65166112    1.47544021    1.68143416    2.07909538    2.21622795    1.37096262    1.14179376    1.08331827    1.06475514    1.20246346    0.45202072    0.47365164    0.26213522    0.00000000    0.88400072    0.77724487    1.00131724    0.90623693    1.23886245    1.28511157    1.33457216    1.49021775    1.25768575    1.27859198    1.28101230    1.19520846    1.14648326
W5T763_9NOCA/51-218     1.02359262    1.25072598    1.09141783    1.16662248    1.06361702    1.40997483    1.40326606    1.34739745    1.21140327    1.52362452    1.22064081    1.44281067    1.15480147    1.26307967    1.26336284    1.18247418    1.01290587    1.07846894    0.98200033    1.49143012    1.42444923    1.43187697    1.60390370    1.46420666    1.34209280    1.60589860    1.33179161    1.63686991    1.44280107    2.33151677    1.28563440    1.25070058    1.31927378    0.99542529    1.07120852    0.82945150    0.88349716    0.92400998    0.88400072    0.00000000    0.37793901    0.76032531    0.70595284    1.28675620    1.28148355    1.52326077    1.58870516    1.12942618    1.18242842    1.16324869    1.24997940    1.13555993
H6R7H1_NOCCG/42-198     1.14308638    1.32950822    1.13101818    1.18204999    1.14793005    1.50974451    1.36852427    1.34111952    1.22106436    1.37630140    1.18918296    1.39300948    1.14798394    1.25244970    1.22531311    1.25715294    1.25584644    1.02749948    1.01268297    1.50506814    1.59334323    1.51372209    1.42890383    1.47454456    1.36791797    1.50446916    1.49659462    1.67652151    1.44583781    2.20559494    1.20838135    1.17847196    1.22969382    1.01261728    1.04903531    0.71934636    0.70000649    0.79518311    0.77724487    0.37793901    0.00000000    0.73212983    0.65616424    1.33560437    1.37405538    1.58618265    1.62107074    1.27588018    1.24229322    1.31643224    1.17204080    1.25466950
V9XIW6_9NOCA/54-211     1.25763037    1.42933707    1.39462378    1.07837210    1.14972792    1.46773306    1.19587650    1.22152946    1.35083745    1.24315206    1.22220093    1.39936925    1.32765719    1.17168975    1.24682016    1.21270152    1.15509709    1.10679276    1.12332865    1.78834343    1.58220602    1.62289350    1.60679007    1.76062232    1.53828383    1.74895809    1.62672275    1.79249823    1.70391276    1.92439402    1.57532400    1.42116970    1.51665261    1.05199401    1.13674107    0.89110912    0.94428584    1.04000021    1.00131724    0.76032531    0.73212983    0.00000000    0.51806282    1.47556216    1.16031429    1.56517845    1.78809225    1.00499786    1.09897554    1.18655635    1.02123850    0.99558685
E9T231_RHOHA/55-212     1.23599959    1.30455497    1.22883987    1.21469641    1.19190005    1.47495137    1.21700641    1.25722857    1.40957540    1.28583731    1.35588843    1.51737624    1.32264829    1.23994941    1.23319390    1.27165350    1.19795510    1.06375548    1.26484666    1.61234822    1.51111198    1.37646138    1.50446786    1.53427358    1.44492023    1.66338598    1.67092739    1.69724154    1.85946028    2.03921771    1.29242787    1.17245558    1.18583775    1.00657568    0.97875417    0.86453345    0.92037604    0.89004384    0.90623693    0.70595284    0.65616424    0.51806282    0.00000000    1.39866811    1.27712530    1.46839035    1.69235063    1.00628959    1.15821623    1.20555403    1.08614894    1.00536365
D5UNZ8_TSUPD/57-218     1.54727999    1.73367808    1.62151150    1.68431666    1.58243146    1.93294565    1.15693499    1.27229404    1.53205054    1.71522620    1.61300081    1.45680497    1.36296640    1.52199894    1.54613685    1.32896133    1.46052835    1.31298068    1.27743371    1.79287762    1.73926071    1.63967342    1.81218514    1.93096686    1.90899241    1.80265122    1.68266068    1.95889447    2.21963439    2.09440381    1.49808483    1.49326387    1.48092239    1.14646299    1.28411456    1.33001761    1.21969408    1.24343486    1.23886245    1.28675620    1.33560437    1.47556216    1.39866811    0.00000000    1.20804582    1.06190524    1.32342796    1.19769299    1.27771938    1.24141076    1.21259910    1.15911488
D0LC63_GORB4/34-196     1.44302248    1.70058553    1.52908727    1.42842081    1.45235176    1.76219458    1.29208269    1.45994428    1.39087535    1.50507935    1.62412519    1.57550149    1.76173377    1.42610823    1.40018249    1.41370639    1.48520008    1.36931700    1.37237209    2.06875311    1.47775742    1.64575867    1.55838164    1.59797464    1.61518289    1.79942877    1.58633161    2.06647342    2.03848022    2.10954512    1.54890725    1.65223904    1.72506491    1.25652239    1.32987189    1.25178911    1.36386065    1.24183563    1.28511157    1.28148355    1.37405538    1.16031429    1.27712530    1.20804582    0.00000000    1.05598049    1.32991138    1.09347199    1.08699802    0.98905661    1.18919984    1.12847693
H6MU20_GORPV/59-217     1.67434493    1.44952946    1.61451130    1.62965417    1.57453346    1.66501878    1.39507502    1.55951487    1.78129244    1.58583623    1.57556208    1.58319651    1.47696996    1.49046508    1.50723534    1.46970278    1.77934133    1.52596276    1.45574887    1.53443333    1.90108149    1.63119616    1.57859494    1.75676320    1.84434788    1.88269719    1.89000172    1.93429591    2.48438215    1.97936233    1.82026241    1.41335418    1.52984590    1.14817663    1.25372515    1.48412896    1.51552684    1.38957610    1.33457216    1.52326077    1.58618265    1.56517845    1.46839035    1.06190524    1.05598049    0.00000000    1.04428800    1.08925755    1.11090181    1.12409420    1.15760899    1.11376242
D0LC64_GORB4/57-217     1.58604395    1.82594953    1.56139686    1.79048050    1.56079484    1.89199870    1.31754550    1.38562121    1.76192413    2.04003484    2.21455121    2.14960832    1.78910445    1.68439033    1.62939525    1.90476904    1.94627363    1.49686728    1.72217496    1.70804568    1.89210963    1.77282445    1.81862253    1.86566023    1.69567607    1.78063965    1.87405774    2.13589926    2.59095851    2.29663197    1.55553865    1.68967193    1.77599333    1.49376690    1.48130455    1.50197903    1.42704151    1.43949677    1.49021775    1.58870516    1.62107074    1.78809225    1.69235063    1.32342796    1.32991138    1.04428800    0.00000000    1.35557478    1.45226178    1.35869906    1.55180825    1.36207307
A0R613_MYCS2/32-189     1.18589170    1.32953094    1.40992853    1.31593780    1.59460362    1.66192506    1.58363966    1.54240858    1.68760615    1.51348195    1.51061309    1.47004712    1.45709275    1.45790300    1.39105566    1.47246432    1.44020282    1.32265875    1.42750062    1.56742796    1.76605335    1.81178429    1.65707998    1.88155376    1.75615466    1.88589731    1.78469068    1.89422530    2.34235430    1.93476614    1.66182522    1.73339567    1.73265231    1.17315902    1.27184155    1.24486928    1.26024044    1.33885403    1.25768575    1.12942618    1.27588018    1.00499786    1.00628959    1.19769299    1.09347199    1.08925755    1.35557478    0.00000000    0.38949519    0.55949168    0.40256433    0.33920269
Q745M2_MYCPA/37-193     1.15169023    1.37503255    1.45359108    1.31704364    1.56531891    1.63100914    1.48987600    1.55917097    1.68719904    1.50493462    1.54193215    1.53200602    1.47759818    1.44778746    1.45092167    1.52193545    1.51892840    1.44578641    1.30019253    1.46698551    1.77417056    1.74893140    1.61432516    1.89601491    1.62477227    1.81056529    1.89872624    1.93248773    2.20367218    1.94417238    1.83020761    1.59757489    1.74862637    1.25039090    1.18759790    1.36011097    1.30134904    1.35364591    1.27859198    1.18242842    1.24229322    1.09897554    1.15821623    1.27771938    1.08699802    1.11090181    1.45226178    0.38949519    0.00000000    0.29850780    0.44341540    0.42372749
EMBA_MYCLE/37-194     1.27459326    1.30196018    1.38553343    1.31607232    1.45325827    1.54734972    1.43351676    1.50731852    1.64653258    1.66324936    1.59064751    1.52376139    1.48820522    1.36155350    1.34521105    1.46383834    1.40248985    1.36248068    1.35751805    1.70986500    1.68607282    1.78109982    1.50739633    1.80381031    1.64724791    1.72956949    1.79331846    1.97589516    2.43690769    2.07710916    1.55229843    1.59027012    1.75325235    1.26277099    1.30052540    1.40114949    1.32847268    1.32389827    1.28101230    1.16324869    1.31643224    1.18655635    1.20555403    1.24141076    0.98905661    1.12409420    1.35869906    0.55949168    0.29850780    0.00000000    0.59131162    0.52182656
V5X6X3_MYCNE/30-187     1.20002166    1.46822253    1.51115617    1.29400634    1.35240402    1.61983202    1.31650829    1.44423612    1.68267643    1.41498696    1.58702730    1.52485696    1.30028207    1.42633938    1.43034906    1.32691119    1.30690020    1.32822598    1.32596073    1.47310884    1.79045974    1.82654183    1.56539742    1.65758950    1.69306230    1.75080577    1.69078436    1.99633038    2.24525023    1.98987256    1.49963152    1.55593787    1.58753677    1.24145340    1.17530438    1.27923189    1.09062890    1.22401356    1.19520846    1.24997940    1.17204080    1.02123850    1.08614894    1.21259910    1.18919984    1.15760899    1.55180825    0.40256433    0.44341540    0.59131162    0.00000000    0.28346072
A1TGU6_MYCVP/30-187     1.11706821    1.34204142    1.41517156    1.23561067    1.51055986    1.49259394    1.31441400    1.35890826    1.58070238    1.51371332    1.48488945    1.51178980    1.32509658    1.24339512    1.19955228    1.22968964    1.33334294    1.28438612    1.31312157    1.52752347    1.57884630    1.64659769    1.58131507    1.61327852    1.54291301    1.62240127    1.57022786    1.94620245    2.37875274    1.79866439    1.55135100    1.49224817    1.53710148    1.13939039    1.15386873    1.22509420    1.15745546    1.21563721    1.14648326    1.13555993    1.25466950    0.99558685    1.00536365    1.15911488    1.12847693    1.11376242    1.36207307    0.33920269    0.42372749    0.52182656    0.28346072    0.00000000

