80
G2ECH2_9FLAO/84-208     0.00000000    0.87701409    0.74579533    0.71331976    0.86506915    0.98140247    1.00475867    1.22662295    2.94023349    3.12274541    3.09680102    3.10536572    2.98216525    3.35538369    3.42138628    3.57249268    3.59236686    3.57586185    3.40728754    3.99867659    2.74801175    2.83374587    3.03284805    3.22844443    3.07483484    1.36398032    1.38715506    1.51036008    1.36430875    1.46621811    1.54812699    1.29898576    1.36402484    1.38068785    1.37406810    1.50762240    1.62287172    1.52987342    1.51588141    1.43862757    1.43601326    1.43680231    1.44177365    1.56830496    1.68153238    1.56117044    1.34047681    1.71123286    0.82842197    0.82804019    0.91915633    1.09170832    1.02838532    0.90251513    0.93946350    1.11123540    1.06707069    1.10670384    1.02514298    1.06659779    1.03462460    1.01930229    0.91498790    0.96649512    0.88601704    0.75694024    0.82367998    0.79745128    0.63462352    0.58087511    0.59614076    0.54375052    0.49121503    0.57842318    0.68220649    0.75169525    0.56419427    0.65300829    0.55655650    0.44414044
G2Z545_FLABF/85-211     0.87701409    0.00000000    0.77913004    0.78543136    0.97466895    1.07011263    1.06970939    1.59269795    2.91973889    3.50103358    3.19066907    3.40445073    3.10455382    3.37812120    3.65101326    3.38196697    3.51782326    3.45031681    3.10824419    3.86368258    3.07051931    2.84567136    2.75476531    2.77583277    2.86351333    1.33438638    1.36021615    1.36334732    1.65691200    1.55779221    1.39740576    1.13691227    1.26122885    1.43706331    1.33406735    1.42397363    1.59817114    1.46764403    1.37851952    1.45222702    1.45808604    1.41239372    1.35122073    1.47440439    1.69297201    1.50198750    1.37917390    1.60111295    1.13333362    1.17823761    1.12197924    1.09257542    1.07814993    1.13787443    1.00326315    1.14397892    1.11214978    1.14400599    1.14197950    1.13957115    1.12802527    1.15698398    1.08758062    1.12824984    1.08182930    1.07674992    0.93224734    0.97885496    0.91857261    0.88277602    0.94915264    1.10877629    1.01438787    1.00486663    1.24793075    1.11075995    0.86418940    0.83807330    0.90757341    0.84745668
A0A0C1G555_9FLAO/85-211     0.74579533    0.77913004    0.00000000    0.35209427    0.83927442    0.92793360    1.07091015    1.57086256    3.12399327    3.29070343    2.89536860    3.24012554    2.94518904    3.14142857    3.14762769    3.23456014    3.39049257    3.56983913    3.24032386    3.97136093    2.88921958    2.53167105    2.78341892    2.86017241    2.75794433    1.43265656    1.39509892    1.45887669    1.34871440    1.48788740    1.40752848    1.22346500    1.33527148    1.43465192    1.45143558    1.66195059    1.72812842    1.66974729    1.49688900    1.41970955    1.38676587    1.51089803    1.40127374    1.58807446    1.70098019    1.48176858    1.42584060    1.71645281    0.95139302    0.92936869    0.98776902    1.10253902    1.01867206    1.03727638    0.96768116    1.08750002    1.08960100    1.10620024    1.03668742    0.92763158    0.95818323    0.98467592    1.06695937    1.05068751    1.03575246    0.89865438    0.89644404    0.74651412    0.86769379    0.68291822    0.66376958    0.82282166    0.69213827    0.71043932    0.72736063    0.85764894    0.59207472    0.62861972    0.67949915    0.64511388
A0A0X7BDZ6_9FLAO/85-211     0.71331976    0.78543136    0.35209427    0.00000000    0.81368624    0.92131470    1.08557737    1.56257437    2.92176994    3.00993007    2.74984483    2.96928292    2.67884712    2.84165871    2.88986973    3.18163421    3.09708006    3.56286566    3.16742720    3.64212741    2.73865845    2.54472556    2.71544202    2.92081046    2.88972518    1.42823133    1.34030443    1.43621135    1.23459636    1.44935683    1.39334533    1.18219097    1.30075673    1.40887509    1.37186341    1.49880589    1.72285815    1.51539308    1.50888439    1.48016491    1.43967357    1.42313058    1.46833942    1.56825269    1.88968664    1.50701040    1.62997435    1.48827723    0.86751977    1.00646401    0.91348192    1.01516069    0.93065502    0.86738646    0.95393371    1.05190804    1.05170241    1.00966653    1.01788631    0.78769303    0.87057702    0.96686421    1.04769399    0.93999020    0.98329804    0.80546680    1.01047207    0.92517248    0.89168428    0.69135658    0.78826747    0.84011931    0.69422527    0.76618439    0.85106446    0.90212290    0.64154310    0.73918042    0.68431488    0.74080548
H8XSA4_FLAIG/86-212     0.86506915    0.97466895    0.83927442    0.81368624    0.00000000    0.59447126    0.71267621    1.52423752    3.18276476    3.52978007    3.21987632    3.50101989    3.09814514    3.57477941    3.33421570    3.64988383    3.46515115    3.83064705    3.44860771    4.01031937    2.74062000    2.93471733    2.74937261    3.35880936    2.91564432    1.88145862    1.73080559    1.75433804    1.80205296    1.67371529    1.78600699    1.25512731    1.54342215    1.57935766    1.50691736    1.69960776    1.61281979    1.59578907    1.76071452    1.86085109    1.86479602    1.68860217    1.82765907    1.61939163    1.97978373    1.57839512    1.61770475    1.69386529    0.86727845    0.90019195    0.94061151    1.02544467    0.99122035    1.11851451    1.03836373    1.09158027    0.90113337    1.05078331    1.09002468    0.93321452    1.01709574    1.04274649    0.95807257    1.02566067    0.94213969    0.99037698    0.91967754    0.87438598    0.89052920    0.85994190    0.81193926    0.87552045    0.91183605    0.85433495    0.88763145    1.09415651    0.84327859    0.81431758    0.78595942    0.83294356
A0A0A2MM49_9FLAO/89-215     0.98140247    1.07011263    0.92793360    0.92131470    0.59447126    0.00000000    0.51082139    1.52850426    2.83587537    3.06504160    2.99314057    3.23702764    2.78429223    3.13583361    3.34086581    3.35573833    3.42944057    3.39033219    3.05609312    3.71319424    2.62055409    2.49333934    2.96379644    3.13639509    2.90894929    1.60944321    1.38442523    1.48863736    1.57264408    1.36000485    1.35869600    1.32478183    1.76128540    1.45661369    1.54718488    1.63647476    1.52700434    1.50063077    1.66192125    1.67055941    1.66499841    1.63304053    1.56036923    1.51224546    1.87888606    1.83558767    1.55931593    1.72534874    0.92907110    0.96724124    1.05856142    1.07010227    1.06029815    1.08856989    1.09005484    1.19129389    1.05534455    1.13008419    1.01377487    1.06339050    1.07582102    1.19124012    1.11090014    1.20089006    1.09893243    0.90333577    0.83685393    0.84980080    0.94846568    0.83068651    0.94020549    0.89027274    0.87583085    0.90466439    0.96717623    1.03489017    1.00318473    0.89190915    0.82141211    0.91463545
A0A0N0RQN9_9FLAO/88-213     1.00475867    1.06970939    1.07091015    1.08557737    0.71267621    0.51082139    0.00000000    1.61375365    2.83957816    3.11437156    2.90561222    3.18034445    2.84453722    3.07801020    3.43360879    3.28141275    3.40479538    3.21437489    3.44128739    3.61867117    3.11996948    3.14744916    3.40495355    3.30085317    3.15336029    1.70907553    1.52017874    1.68310933    1.75473470    1.50884586    1.64881085    1.38435892    1.55255127    1.70180938    1.69435131    1.67044702    1.65075414    1.56274472    1.80825048    1.82443547    1.83740582    1.80125259    1.61538417    1.63022599    1.94429240    1.82153114    1.65220542    1.83774001    1.01882065    1.02578014    1.07004368    1.06429632    1.05827953    1.16579610    1.06306431    1.01973437    1.04150591    1.02065448    1.05144524    1.04179833    1.01664246    1.14906995    1.13128191    1.33444624    1.12021872    0.86225445    0.91679027    1.02738926    0.87906203    0.86997292    0.83371853    0.82352396    0.86844163    0.75189802    1.06246482    0.97485390    0.96175115    0.96188412    0.97081922    0.93264608
A0A142L5Z5_9BACT/77-204     1.22662295    1.59269795    1.57086256    1.56257437    1.52423752    1.52850426    1.61375365    0.00000000    3.28760261    3.36369401    3.67004481    3.42238324    3.43907428    3.76126221    3.54070431    3.83072313    3.78350812    3.07896390    3.39826523    3.91071474    2.55250940    2.75907088    3.01275013    2.71728966    2.69640797    1.20925387    1.04902674    1.06559653    0.98258573    1.11812950    1.11577552    0.95403598    0.92373339    1.00070346    0.94372463    1.03991841    1.09127433    1.05010104    0.98368622    0.88395636    0.94054878    1.01528428    1.07307929    1.00705381    1.24153007    1.12034286    1.07715307    1.44727423    1.41730196    1.50231063    1.36118487    1.30010280    1.27827488    1.42216388    1.22214139    1.29178089    1.23321864    1.29850774    1.24762773    1.31974563    1.32399554    1.33948835    1.35868379    1.39180763    1.35012419    1.57839525    1.50219841    1.42058939    1.48237750    1.44862569    1.45514020    1.52832226    1.32923729    1.53621261    1.46276619    1.37503583    1.41332838    1.42954936    1.48519871    1.44074927
A0A0Q7Q7A7_9ACTN/91-220     2.94023349    2.91973889    3.12399327    2.92176994    3.18276476    2.83587537    2.83957816    3.28760261    0.00000000    0.55869580    0.46066715    0.40732505    0.70525447    0.79533901    0.86214400    0.78820152    0.74765064    0.87700993    0.85533949    0.93097450    2.77274013    2.43526274    2.97436270    3.21407928    2.98516555    2.89469366    3.12245925    3.16027891    2.85103596    3.09687523    3.00547861    3.03733356    3.21738782    3.44500978    3.13809474    2.95571752    3.18714076    2.96215710    3.24464052    2.87788923    2.81656962    2.94672983    2.71148947    2.90951240    3.17011296    3.49476810    3.08453492    3.28234031    2.80846710    3.33323402    3.30853753    3.13185595    3.09553906    3.11536240    3.37534498    2.87943768    3.25604932    3.21866676    2.90556663    3.52319438    3.24754918    3.10237909    2.99133017    3.27813272    2.91039003    3.05712424    3.00084423    2.79906320    2.50173724    2.83698726    2.94979180    2.69161878    3.11132389    3.18308774    3.26809105    2.95295131    2.98621213    3.03036674    3.27768248    2.89657381
A0A0A1DI28_NOCSI/91-220     3.12274541    3.50103358    3.29070343    3.00993007    3.52978007    3.06504160    3.11437156    3.36369401    0.55869580    0.00000000    0.29988313    0.62657947    0.67839975    0.87281756    0.89137757    0.72817674    0.79358278    0.97310264    0.93359143    0.92434595    2.64840810    2.82756037    3.17447505    3.64228528    3.31332946    3.57322658    3.39318887    3.56194536    3.51955680    3.66116856    3.64002099    3.66676216    3.54985749    4.00975586    3.51500101    3.81074021    3.75453516    3.42218477    3.62619585    3.64001876    3.71836776    3.39262681    3.30562368    3.43116676    3.49274506    3.64007511    3.45721585    3.78689018    3.20032840    3.69704801    3.61448669    3.56844827    3.57772626    3.31089344    3.41505505    3.21110993    3.69589148    3.86979245    3.21475667    3.86035091    3.61100129    3.55603531    3.24008675    3.70362299    3.36792726    3.41282590    3.42142256    3.36742572    3.13169590    3.21656399    3.35184713    3.16682063    3.45444645    3.63742203    3.83666639    3.36983537    3.34572391    3.34184784    3.38712714    3.45043764
A0A0Q7B297_9ACTN/84-213     3.09680102    3.19066907    2.89536860    2.74984483    3.21987632    2.99314057    2.90561222    3.67004481    0.46066715    0.29988313    0.00000000    0.46353775    0.76555446    0.83296087    0.87457818    0.72410509    0.86335926    0.85618953    0.98254467    0.85952952    3.06297501    2.89625016    2.98657328    3.43771874    3.10350014    3.65019964    3.54482932    3.64822853    3.54707148    3.69750605    3.43759885    3.31554647    3.29714730    3.77825144    3.33745827    3.61680076    3.59374334    3.44389584    3.54399612    3.18564279    3.37697862    3.16566330    2.99614450    3.23047157    3.30971341    3.99822195    3.67455381    4.06514699    3.25905366    3.54086216    3.61373189    3.37999676    3.38106586    3.56773428    3.55523457    3.18787992    3.72233537    3.86888574    3.25792008    3.70049750    3.38674403    3.30651265    3.24256554    3.78388552    3.29751251    3.21356424    3.25590243    3.16972303    3.01016676    2.83411729    3.14490382    2.98346602    3.31779606    3.30294357    3.42832488    3.12528936    3.10248695    3.03196437    3.12368049    3.07647943
A0A0Q7K902_9ACTN/67-196     3.10536572    3.40445073    3.24012554    2.96928292    3.50101989    3.23702764    3.18034445    3.42238324    0.40732505    0.62657947    0.46353775    0.00000000    0.76246885    0.75964531    0.87460086    0.86045975    0.79675622    0.92444789    1.06496126    1.04037410    3.21564038    2.85373144    3.16622764    3.77832215    3.54687317    3.23664479    3.38362476    3.29145240    3.13189881    3.17593871    3.17345082    3.33179316    3.42572904    3.43341300    3.38618814    3.22749677    3.30353105    3.18197215    3.37567844    3.34719311    3.39411247    3.00193482    3.13229617    3.21462715    3.83008796    3.78940174    3.35708558    3.62644371    3.03993307    3.48338013    3.60252248    3.43766705    3.35230144    3.41672405    3.51902971    3.13465344    3.62285061    3.47653504    3.26123926    3.59500417    3.44734502    3.70973853    3.15803899    3.46378945    3.30590515    3.22332487    3.74930736    3.29888873    3.05139386    3.11625491    3.24886349    3.17084581    3.40915343    3.55645680    3.72250379    3.45856664    3.32027167    3.25973392    3.30449388    3.22091830
K0JZS5_SACES/85-212     2.98216525    3.10455382    2.94518904    2.67884712    3.09814514    2.78429223    2.84453722    3.43907428    0.70525447    0.67839975    0.76555446    0.76246885    0.00000000    0.77625902    0.81720281    0.84984095    0.81490260    1.20120263    0.98285009    1.23787211    3.22022210    3.29152374    3.27520245    3.72562131    3.41554488    3.65786270    3.70688444    3.94155318    3.49891785    3.75918409    3.80704274    3.20072578    3.28888661    3.46808132    3.04366208    3.39482453    3.38025941    2.97199751    3.11904161    3.11747186    3.19427542    2.95217512    2.89444165    3.05119114    3.80092045    3.68298958    3.79110764    3.14850718    2.88963429    3.34581818    3.12082845    3.49422584    3.42143468    3.11233320    3.29746979    3.17194025    3.50861732    3.51116054    3.09712086    3.64067775    3.51310642    3.52055671    3.18014446    3.13935249    3.14449821    3.04349127    3.19191541    3.21894595    2.82908712    2.98012603    3.01511930    2.97484351    3.18982298    3.16936498    3.16917707    3.04170949    2.88300387    3.07347447    3.16842401    3.13757220
F2RL51_STRVP/102-231     3.35538369    3.37812120    3.14142857    2.84165871    3.57477941    3.13583361    3.07801020    3.76126221    0.79533901    0.87281756    0.83296087    0.75964531    0.77625902    0.00000000    0.41847687    0.57788733    0.41111259    1.03202567    1.19910545    1.25416839    3.38537249    2.86703904    3.56818686    4.03488956    3.77673964    3.40947088    3.67985346    3.77984207    3.32960757    3.82596362    3.50252933    3.18039252    3.45971967    3.36884346    3.52356465    3.41337797    3.78334733    3.42368087    3.52034622    3.43301182    3.63100922    3.28048093    3.44640623    3.42192595    3.66083360    3.71751134    3.68915441    3.26858122    2.96441696    3.77580618    3.40541378    4.03423788    3.46974493    3.57642321    3.64430560    3.58843775    3.96987896    3.71516398    3.44823526    3.82785677    3.85234477    4.02572911    3.56561164    3.49009120    3.66222512    3.27116247    3.42668614    3.13725380    3.29022771    3.27098062    3.35383349    3.27275901    3.50390412    3.69111961    3.42590546    3.47069822    3.44139461    3.33805160    3.47786030    3.22711317
C9YTE2_STRSW/117-246     3.42138628    3.65101326    3.14762769    2.88986973    3.33421570    3.34086581    3.43360879    3.54070431    0.86214400    0.89137757    0.87457818    0.87460086    0.81720281    0.41847687    0.00000000    0.33005148    0.24577076    0.97418717    1.14894518    1.33888293    3.17820513    3.12470542    3.53295487    4.64730997    4.08583502    3.61817735    3.60612946    3.82500111    3.39808737    3.79846156    3.77625473    3.57425160    3.76473504    4.25182187    3.65451180    3.78340957    3.90701749    3.38423324    3.77240105    3.57465511    3.70059191    3.54589944    3.39929872    3.53101659    4.15301062    4.19472954    4.07577613    3.41575058    3.13556518    3.94628341    3.64577901    3.98107651    3.37843038    3.71376514    3.53414130    3.56431187    4.00112625    3.85361358    3.73354605    3.88247484    3.76263687    4.09095135    3.66738263    3.54263708    3.65379537    3.54474401    3.62900950    3.36564542    3.54687099    3.32071117    3.65285043    3.43149917    3.62270806    3.98419912    3.47282335    3.52017244    3.58655075    3.57291479    3.53766630    3.39086606
V4IN02_9ACTN/136-265     3.57249268    3.38196697    3.23456014    3.18163421    3.64988383    3.35573833    3.28141275    3.83072313    0.78820152    0.72817674    0.72410509    0.86045975    0.84984095    0.57788733    0.33005148    0.00000000    0.30514924    0.86605277    1.20487833    1.22719574    3.18252384    3.13998170    3.91534758    4.59751381    4.06469867    3.86687851    3.64685553    3.93913753    3.74317534    4.02740134    3.58276178    3.61202519    3.92402360    4.26324789    3.39654776    3.60652466    3.72458223    3.24121334    3.70734696    3.48343814    3.43421111    3.34220374    3.21254771    3.75441003    3.69869162    4.04354002    3.87064317    3.69935587    3.25402834    4.12353282    3.83199085    3.90734835    3.40159401    3.59906231    3.67442778    3.49831810    4.19877915    3.96722950    3.44545432    3.76137651    3.69917635    3.88412923    3.44267813    3.46970764    3.41643451    3.90944646    3.88384548    3.75986160    3.62920485    3.38813629    3.65236462    3.52946010    3.79209438    4.05177576    3.83593125    3.68851944    3.92427910    3.61388934    3.68153807    3.75184579
A0A0B5F0M8_STRA4/148-277     3.59236686    3.51782326    3.39049257    3.09708006    3.46515115    3.42944057    3.40479538    3.78350812    0.74765064    0.79358278    0.86335926    0.79675622    0.81490260    0.41111259    0.24577076    0.30514924    0.00000000    0.90764012    1.09568399    1.22937993    3.05967311    3.11883688    3.61353804    4.37228469    3.93818772    3.76287957    3.56165631    3.71205876    3.46459519    3.80913028    3.55953062    3.45257092    3.64450003    3.65973642    3.49583714    3.60121662    3.78222896    3.32109931    3.55495478    3.53488104    3.53456522    3.32506133    3.39233985    3.55018965    3.98134117    4.01602215    4.14555880    3.50955738    2.90140163    3.75264477    3.41362581    3.97632743    3.41826927    3.44331786    3.60953368    3.55097012    3.77097716    3.52459700    3.44491665    3.53136655    3.73279658    3.60528896    3.28648467    3.22921496    3.15176145    3.25984587    3.54398015    3.50600546    3.48964872    3.28464064    3.60738826    3.51523713    3.77143150    4.07842639    3.97326854    3.74651919    3.82099703    3.72724412    3.92837146    3.71718375
E3IZB1_FRAIE/97-226     3.57586185    3.45031681    3.56983913    3.56286566    3.83064705    3.39033219    3.21437489    3.07896390    0.87700993    0.97310264    0.85618953    0.92444789    1.20120263    1.03202567    0.97418717    0.86605277    0.90764012    0.00000000    0.96715909    0.90804738    2.76368413    2.76653201    3.33334689    4.07716376    3.34535155    3.70528862    3.31737789    3.59511913    3.66202765    3.61758746    3.28999746    3.42820664    3.14034135    4.07837052    3.59269618    3.32423086    3.33984281    3.10220829    3.64436136    3.49541896    3.46738553    3.28057442    3.11938330    3.18868089    3.64756453    4.12153460    3.82297560    3.42903990    3.52603564    4.13747135    4.06317612    3.66869228    3.42956446    4.12780678    3.96324909    3.57969492    4.06298908    3.68709435    3.60848805    3.63287288    3.41329987    3.83194603    3.83811179    3.87682515    3.77066076    3.57796057    3.92895099    3.77992261    3.77978034    3.43313459    3.33653412    3.38744751    3.99358540    4.22873935    3.97697459    3.95184631    3.57571687    3.55541195    3.68857273    3.67594229
A0A0M4QUV0_9MICC/83-210     3.40728754    3.10824419    3.24032386    3.16742720    3.44860771    3.05609312    3.44128739    3.39826523    0.85533949    0.93359143    0.98254467    1.06496126    0.98285009    1.19910545    1.14894518    1.20487833    1.09568399    0.96715909    0.00000000    0.85198905    2.84700906    2.73285537    3.17256298    3.47944947    3.08185854    3.52940527    3.65496643    3.85638241    3.71591407    3.90608624    3.76689644    2.96550581    3.03314992    3.89575180    3.02152947    3.67065059    3.48430758    3.08307470    3.49534316    3.06847408    3.07892418    3.16749474    2.74486513    2.73948461    3.57495163    3.95602643    3.56354790    3.64762235    3.22251896    3.35342656    3.36173682    3.31189807    3.50240259    3.46985066    3.44232630    3.21642587    3.67866045    3.66794174    3.72004429    3.78582504    3.40523145    3.68623484    3.50507636    4.11603317    3.78564011    2.97311086    3.58634064    3.59558709    3.31102636    3.30452130    3.33448278    3.26743231    3.49451230    3.87604273    3.45480920    3.40577105    3.45445859    3.29364891    3.56494782    3.50605519
A0A0Q9D1M7_9CELL/65-194     3.99867659    3.86368258    3.97136093    3.64212741    4.01031937    3.71319424    3.61867117    3.91071474    0.93097450    0.92434595    0.85952952    1.04037410    1.23787211    1.25416839    1.33888293    1.22719574    1.22937993    0.90804738    0.85198905    0.00000000    3.02894373    2.52180236    3.02844782    3.71129566    3.49074354    4.10187139    3.60215574    4.03776179    3.56870090    3.46597921    3.66662019    3.26827682    3.21783428    3.85013206    3.71755196    3.87835284    3.86080030    3.34990949    4.09069161    4.03650753    3.79377294    3.81661442    3.29635833    3.44463840    3.63690095    4.49997926    4.38289585    3.34779591    4.02622279    3.95818207    4.03761613    3.85897426    3.39168578    3.89458494    3.93030608    3.54307023    4.34558407    3.86138154    4.14565254    4.04008298    3.71071480    4.23298161    3.82693271    4.10806350    3.91598519    3.28796657    3.87195878    3.67791303    4.03637894    3.94997931    3.85517664    3.91432226    4.26033226    4.14975838    4.11898963    4.12792003    4.01178966    3.97082693    4.05932044    3.62784857
U4KB53_9VIBR/86-212     2.74801175    3.07051931    2.88921958    2.73865845    2.74062000    2.62055409    3.11996948    2.55250940    2.77274013    2.64840810    3.06297501    3.21564038    3.22022210    3.38537249    3.17820513    3.18252384    3.05967311    2.76368413    2.84700906    3.02894373    0.00000000    1.33374608    1.52891092    1.71434195    1.33324493    2.79251002    2.63920517    2.81789796    2.84483894    3.03119997    2.98394494    2.57147585    2.59049090    3.03420160    3.10243224    3.06528192    3.10739648    3.05365562    3.04784717    3.28336806    2.96802465    3.10697713    2.65949527    2.74240235    2.24707202    2.50282917    3.02652483    3.06066710    2.70307520    3.22315471    3.19706474    2.78011741    2.33728304    2.56228228    2.73788114    2.34651325    2.42454972    2.55839473    2.51628124    2.78467940    2.72679689    2.66591013    2.59514766    2.68817052    2.48598611    2.55573722    2.92908320    3.17849656    2.76262600    2.91333962    2.98979302    2.72804306    2.88233445    3.30319551    2.72006923    2.47248110    2.78595531    2.58857776    2.90846031    3.00670164
A0A0M2R418_9PROT/87-213     2.83374587    2.84567136    2.53167105    2.54472556    2.93471733    2.49333934    3.14744916    2.75907088    2.43526274    2.82756037    2.89625016    2.85373144    3.29152374    2.86703904    3.12470542    3.13998170    3.11883688    2.76653201    2.73285537    2.52180236    1.33374608    0.00000000    1.22618502    1.24489368    1.23726987    2.69503006    2.82553084    2.98639488    2.87685489    3.25078427    2.88055151    2.18753251    2.31408929    2.77145196    2.79646749    2.78458350    2.88395786    2.90109901    2.69966990    2.88496233    2.62459982    2.69726771    2.78630528    2.68436939    2.19653494    2.43505787    2.77144917    3.17449875    3.17768332    3.35776088    3.36186266    3.20474304    2.69483041    2.77952121    2.76126231    2.69561426    3.08990981    3.22942666    3.03268738    3.07626858    3.30592505    3.11494113    2.93520088    3.00475793    2.96366454    2.65928034    3.04588113    3.03022508    3.02266452    2.84991343    3.10299829    2.81978165    2.73555697    3.31037674    2.84218209    2.70838284    2.92286438    2.70907405    3.14768599    2.64308353
Q21DT9_SACD2/87-213     3.03284805    2.75476531    2.78341892    2.71544202    2.74937261    2.96379644    3.40495355    3.01275013    2.97436270    3.17447505    2.98657328    3.16622764    3.27520245    3.56818686    3.53295487    3.91534758    3.61353804    3.33334689    3.17256298    3.02844782    1.52891092    1.22618502    0.00000000    1.13185423    0.93086623    2.90950727    3.43123518    3.43416699    3.14423714    3.37334411    2.96509838    2.41546410    2.55056522    2.77290656    3.07461243    3.24078895    3.25746959    3.61723369    3.12614857    3.25739637    3.10681254    2.90678453    3.11648284    2.89800407    3.09572394    3.51423839    3.64909584    2.88061248    2.61409903    2.58537207    2.49858243    2.43002348    2.36035865    2.60817846    2.52236102    2.60804780    2.51671870    2.79324004    2.94447274    2.85936827    2.69334215    2.76653601    2.55374671    2.44076805    2.53099742    2.93429511    2.93252108    2.90055391    3.13010735    3.19740262    3.21347677    2.94796642    2.92515844    3.52601135    2.91339438    2.76558540    2.72420149    2.68365765    2.90225454    3.06465180
S6GHP9_9GAMM/86-212     3.22844443    2.77583277    2.86017241    2.92081046    3.35880936    3.13639509    3.30085317    2.71728966    3.21407928    3.64228528    3.43771874    3.77832215    3.72562131    4.03488956    4.64730997    4.59751381    4.37228469    4.07716376    3.47944947    3.71129566    1.71434195    1.24489368    1.13185423    0.00000000    0.52068927    2.34860550    2.53183007    2.31114611    2.68647396    2.77787972    2.46343865    2.18622133    2.27472707    2.81893002    2.93885972    2.81007249    3.10814940    3.08808341    2.72125310    2.87232070    2.70800400    2.75487456    2.63580504    2.40546849    2.96468675    2.33427884    3.04814193    3.25251201    2.96349317    2.97928592    2.92059137    2.77169043    2.66685109    2.90181388    2.72068187    2.64668467    2.83935092    2.97659494    2.93526748    2.92175821    2.98064491    2.66574394    2.72826820    2.99531289    2.91184931    2.93378784    3.00977101    3.10758866    3.44836147    2.95209308    3.05273285    3.03552675    3.11047886    3.35329009    2.84061658    2.99196353    2.72857514    2.98445465    3.10367293    3.06388266
S6GIC0_9GAMM/86-212     3.07483484    2.86351333    2.75794433    2.88972518    2.91564432    2.90894929    3.15336029    2.69640797    2.98516555    3.31332946    3.10350014    3.54687317    3.41554488    3.77673964    4.08583502    4.06469867    3.93818772    3.34535155    3.08185854    3.49074354    1.33324493    1.23726987    0.93086623    0.52068927    0.00000000    2.18914392    2.47911129    2.39723121    2.72428082    2.74549857    2.50015890    2.24490359    2.41329631    2.43255311    2.61592924    2.69365312    2.77700770    2.89619237    2.60842127    2.80527560    2.51545254    2.48987071    2.47912089    2.29969957    2.42144475    2.47917729    3.13058591    3.47672456    2.98156468    2.75622656    2.93048514    2.73436889    2.59291891    2.94841223    2.65469539    2.65859872    2.87954067    2.96209972    2.99070302    3.05778301    2.96962867    2.67883957    2.73267156    2.80756823    2.90446093    2.94998159    2.96282648    2.93008567    3.27600268    2.99176887    2.99000332    2.98946924    3.00999075    3.32377450    2.68808588    2.79614246    2.71162692    2.83352599    2.69320052    2.84556327
H8KNL0_SOLCM/79-205     1.36398032    1.33438638    1.43265656    1.42823133    1.88145862    1.60944321    1.70907553    1.20925387    2.89469366    3.57322658    3.65019964    3.23664479    3.65786270    3.40947088    3.61817735    3.86687851    3.76287957    3.70528862    3.52940527    4.10187139    2.79251002    2.69503006    2.90950727    2.34860550    2.18914392    0.00000000    0.72646558    0.72247160    0.66140673    0.68104609    0.84177420    0.87886663    1.02425720    0.98823796    1.02921579    1.07914192    1.21605451    1.24588469    1.20262912    1.18454190    1.16005140    1.24063713    1.07725113    1.18121962    1.08958782    1.31089710    1.21115468    1.33733580    1.48475576    1.61710172    1.55196785    1.69651733    1.72924493    1.58532556    1.64944035    1.78366003    1.67849803    1.66214500    1.59600547    1.65790501    1.62801602    1.50798308    1.55325931    1.75375264    1.72543906    1.45942890    1.54111661    1.42303116    1.50507499    1.53369425    1.55353051    1.57110746    1.48197263    1.60401868    1.52035147    1.82150035    1.47392567    1.32365028    1.47134066    1.64075683
A0A0P0NMG1_9SPHI/79-205     1.38715506    1.36021615    1.39509892    1.34030443    1.73080559    1.38442523    1.52017874    1.04902674    3.12245925    3.39318887    3.54482932    3.38362476    3.70688444    3.67985346    3.60612946    3.64685553    3.56165631    3.31737789    3.65496643    3.60215574    2.63920517    2.82553084    3.43123518    2.53183007    2.47911129    0.72646558    0.00000000    0.30179017    0.63500954    0.62574019    0.67235451    0.99112714    1.04920952    1.17999954    1.09457618    1.22302980    1.28480594    1.11086012    1.17510513    1.22086336    1.14468473    1.23563029    1.09009596    1.08074383    1.31455492    1.34001666    1.36970150    1.38110627    1.38459416    1.50512702    1.44482174    1.37571070    1.30715587    1.18926970    1.19230265    1.31053446    1.20033368    1.24166728    1.15098588    1.17708002    1.15768657    1.29093165    1.28508884    1.30678269    1.32348936    1.14846812    1.34142336    1.41473396    1.53885225    1.36420486    1.23621211    1.41973484    1.23447589    1.57803901    1.35408736    1.45298566    1.24766294    1.23654996    1.24841739    1.32145306
A6EAY9_9SPHI/79-205     1.51036008    1.36334732    1.45887669    1.43621135    1.75433804    1.48863736    1.68310933    1.06559653    3.16027891    3.56194536    3.64822853    3.29145240    3.94155318    3.77984207    3.82500111    3.93913753    3.71205876    3.59511913    3.85638241    4.03776179    2.81789796    2.98639488    3.43416699    2.31114611    2.39723121    0.72247160    0.30179017    0.00000000    0.59310903    0.63132818    0.62736792    1.04217035    1.01301361    1.12554416    1.05892207    1.19683030    1.24616535    1.18737591    1.08846623    1.15913376    1.13274109    1.16130629    1.03798026    1.13726885    1.37618034    1.39461313    1.26571180    1.32674989    1.48190184    1.75424056    1.59542896    1.36145756    1.41250439    1.34581708    1.29560799    1.37583295    1.33044310    1.28718623    1.14980459    1.19083883    1.10965860    1.24041442    1.33842743    1.24161136    1.33789447    1.19720066    1.37387147    1.43455428    1.57021183    1.35834027    1.33558503    1.55456417    1.33876888    1.84967836    1.47593085    1.54164723    1.30812748    1.26534158    1.35024046    1.48719649
A0A0B8YCH2_9SPHI/91-217     1.36430875    1.65691200    1.34871440    1.23459636    1.80205296    1.57264408    1.75473470    0.98258573    2.85103596    3.51955680    3.54707148    3.13189881    3.49891785    3.32960757    3.39808737    3.74317534    3.46459519    3.66202765    3.71591407    3.56870090    2.84483894    2.87685489    3.14423714    2.68647396    2.72428082    0.66140673    0.63500954    0.59310903    0.00000000    0.41255522    0.60479796    1.02618653    1.05090979    1.03353163    1.01175845    1.19110843    1.14849429    1.08282737    1.12228547    1.13067471    1.13171700    1.00444083    1.01067945    1.15526732    1.33961031    1.30264967    1.28086553    1.12077465    1.33631783    1.59792156    1.43229288    1.36425286    1.29735554    1.35785951    1.19021177    1.34132399    1.34889868    1.26497642    1.19623104    1.25806943    1.24481960    1.26833754    1.23697304    1.30575447    1.31630799    1.18937353    1.55472792    1.49677226    1.52157534    1.55629566    1.53061537    1.48481082    1.37301579    1.72226112    1.43478102    1.47923374    1.40840744    1.26894242    1.38381863    1.37793259
H1XZK5_9SPHI/79-205     1.46621811    1.55779221    1.48788740    1.44935683    1.67371529    1.36000485    1.50884586    1.11812950    3.09687523    3.66116856    3.69750605    3.17593871    3.75918409    3.82596362    3.79846156    4.02740134    3.80913028    3.61758746    3.90608624    3.46597921    3.03119997    3.25078427    3.37334411    2.77787972    2.74549857    0.68104609    0.62574019    0.63132818    0.41255522    0.00000000    0.46075438    1.03660464    1.16642994    1.04964405    1.15481042    1.16931510    1.20266105    1.10939947    1.24237561    1.29761868    1.27327341    1.12225907    1.11684352    1.16661334    1.44685002    1.54050075    1.26168302    1.21587540    1.44748643    1.56548063    1.57249229    1.43815229    1.38202970    1.36833802    1.38543381    1.50542265    1.37057351    1.29594445    1.26095642    1.31883331    1.29815775    1.33326245    1.40290120    1.36030101    1.47406746    1.21009978    1.52223907    1.60479834    1.46752808    1.62119641    1.55659480    1.61712124    1.45681999    1.62071544    1.66585767    1.66579891    1.53519551    1.15835726    1.31128742    1.59792535
R9GNW9_9SPHI/79-205     1.54812699    1.39740576    1.40752848    1.39334533    1.78600699    1.35869600    1.64881085    1.11577552    3.00547861    3.64002099    3.43759885    3.17345082    3.80704274    3.50252933    3.77625473    3.58276178    3.55953062    3.28999746    3.76689644    3.66662019    2.98394494    2.88055151    2.96509838    2.46343865    2.50015890    0.84177420    0.67235451    0.62736792    0.60479796    0.46075438    0.00000000    1.03541362    1.12845435    1.01514594    1.05433626    1.07495562    1.20724131    1.12724537    1.13256785    1.15526122    1.14596639    1.05722920    0.98530684    1.16847939    1.43128522    1.51663638    1.23962271    1.38602384    1.41383804    1.50524132    1.45128781    1.29973047    1.36999142    1.29173285    1.29284470    1.37128987    1.33909525    1.22853587    1.09949005    1.22607298    1.29539148    1.19070971    1.35579281    1.27784041    1.22937414    1.35145167    1.49490380    1.55488336    1.63556156    1.46692552    1.43809309    1.48445966    1.54101902    1.73114498    1.44188774    1.70892878    1.44233385    1.20752484    1.44084180    1.67039281
A0A150WYW4_ROSEK/92-218     1.29898576    1.13691227    1.22346500    1.18219097    1.25512731    1.32478183    1.38435892    0.95403598    3.03733356    3.66676216    3.31554647    3.33179316    3.20072578    3.18039252    3.57425160    3.61202519    3.45257092    3.42820664    2.96550581    3.26827682    2.57147585    2.18753251    2.41546410    2.18622133    2.24490359    0.87886663    0.99112714    1.04217035    1.02618653    1.03660464    1.03541362    0.00000000    0.42398272    0.60834545    0.73798846    0.92308429    0.89517238    0.82581920    0.63304661    0.73138199    0.77110826    0.80045878    0.68223175    0.64652230    1.03388846    0.94964584    0.91505955    1.13590756    1.17524693    1.23747801    1.19164630    1.10504497    1.08542774    1.17814352    1.18337694    1.14901504    1.24181293    1.21645729    1.07072181    1.14944554    1.05184801    1.18240412    1.17581145    1.19258569    1.21453358    1.11123139    1.14544147    1.15166043    1.43004990    1.13598973    1.35479626    1.43472837    1.41068988    1.35541981    1.38389986    1.41583494    1.25819488    1.20311096    1.20925282    1.30667867
A0A150X5L3_9BACT/91-217     1.36402484    1.26122885    1.33527148    1.30075673    1.54342215    1.76128540    1.55255127    0.92373339    3.21738782    3.54985749    3.29714730    3.42572904    3.28888661    3.45971967    3.76473504    3.92402360    3.64450003    3.14034135    3.03314992    3.21783428    2.59049090    2.31408929    2.55056522    2.27472707    2.41329631    1.02425720    1.04920952    1.01301361    1.05090979    1.16642994    1.12845435    0.42398272    0.00000000    0.78944608    0.87800300    1.06672205    1.01698746    0.99168999    0.66943311    0.74095812    0.76371720    0.82925325    0.79729354    0.68888642    1.09184070    1.02918213    1.02318246    1.20271955    1.40250758    1.52368897    1.52295197    1.23666113    1.19559436    1.25374990    1.34724825    1.28473237    1.32534447    1.28826154    1.21444049    1.32011333    1.22066895    1.35711449    1.38462398    1.33558586    1.41381445    1.27050979    1.50894027    1.44997044    1.49595744    1.30692914    1.39303278    1.50707093    1.36005118    1.45733493    1.51374038    1.33828091    1.40638249    1.46004852    1.40171049    1.38568302
E4TPG8_MARTH/86-212     1.38068785    1.43706331    1.43465192    1.40887509    1.57935766    1.45661369    1.70180938    1.00070346    3.44500978    4.00975586    3.77825144    3.43341300    3.46808132    3.36884346    4.25182187    4.26324789    3.65973642    4.07837052    3.89575180    3.85013206    3.03420160    2.77145196    2.77290656    2.81893002    2.43255311    0.98823796    1.17999954    1.12554416    1.03353163    1.04964405    1.01514594    0.60834545    0.78944608    0.00000000    0.74969464    0.87609754    0.86777206    0.95899829    0.69797618    0.86609562    0.84768619    0.80869280    0.85472155    0.92185037    0.88974838    1.06723864    0.97632222    1.27407378    1.11866058    1.12729523    1.11286461    1.48066566    1.25302279    1.32826068    1.22138196    1.33381509    1.26303326    1.28270155    1.27661830    1.34633796    1.36732230    1.32287830    1.20852984    1.29026672    1.32512402    1.22859410    1.33557062    1.29073879    1.23825128    1.38051834    1.46506481    1.54651521    1.42773967    1.43865772    1.48992817    1.39862090    1.43691049    1.32552632    1.30617207    1.39513824
