9
D5VBA9_MORCB/453-557     0.00000000    1.84598631    1.82315610    1.56795420    1.64188738    1.97497670    1.81865140    2.31420250    1.89092428
A0A448VJC4_9NEIS/152-250     1.84598631    0.00000000    1.47852018    1.35147538    1.78618326    1.64107442    1.71298830    2.10169813    1.52485328
F5S961_9NEIS/395-475     1.82315610    1.47852018    0.00000000    0.99399565    1.33496562    1.29048569    1.38602873    1.84081766    1.29419523
B8F8K3_HAEPS/250-342     1.56795420    1.35147538    0.99399565    0.00000000    1.61412123    1.49900090    1.46156165    1.77197898    1.20171104
Q5F6Q3_NEIG1/386-538     1.64188738    1.78618326    1.33496562    1.61412123    0.00000000    0.79166826    1.73160448    1.65195035    1.56887520
TBPB_NEIMB/402-554     1.97497670    1.64107442    1.29048569    1.49900090    0.79166826    0.00000000    1.63046163    1.50529574    1.30426150
B0USI8_HISS2/379-509     1.81865140    1.71298830    1.38602873    1.46156165    1.73160448    1.63046163    0.00000000    1.45442065    0.87865542
TBPB_HAEIN/356-459     2.31420250    2.10169813    1.84081766    1.77197898    1.65195035    1.50529574    1.45442065    0.00000000    1.30718812
M4R4K2_BIBTR/337-434     1.89092428    1.52485328    1.29419523    1.20171104    1.56887520    1.30426150    0.87865542    1.30718812    0.00000000

