23
R6CKF7_9BACT/25-291     0.00000000    0.39305758    0.88280836    0.84479729    0.78807778    0.72391999    0.73174977    0.77897656    0.80671334    0.73900708    0.83301913    1.01422959    0.77886086    1.79415175    1.23494884    1.36449885    1.31051137    1.25450237    1.21765522    1.52746682    1.36746004    1.32936856    1.40889047
R6PYV1_9BACT/37-302     0.39305758    0.00000000    0.97384983    0.79176520    0.80541754    0.73105908    0.73147326    0.76112475    0.73120943    0.64628125    0.83668655    0.94029735    0.82448244    1.81246414    1.21666638    1.28032284    1.21529991    1.17028966    1.12260658    1.40986346    1.30453897    1.32276657    1.31066282
D3IAC3_9BACT/26-291     0.88280836    0.97384983    0.00000000    0.79465545    0.94163049    0.82658767    0.78955580    0.82456672    1.00200134    0.88355538    1.03926867    1.08791295    0.96286929    1.84672809    1.30160819    1.39889436    1.24739079    1.28859307    1.33629692    1.45580255    1.54094759    1.40682132    1.45259808
R6WA33_9BACT/29-294     0.84479729    0.79176520    0.79465545    0.00000000    0.72365830    0.67423097    0.67884794    0.72989467    0.85486280    0.81433332    0.95964542    1.00754651    0.84985886    1.60002602    1.21862662    1.29034430    1.16740446    1.09927965    1.19070264    1.41110551    1.30748741    1.23465134    1.34242893
R5D3K6_9BACT/23-288     0.78807778    0.80541754    0.94163049    0.72365830    0.00000000    0.66013865    0.69723418    0.84759408    0.93519965    0.85365985    0.78534446    0.97892572    0.88063202    1.80206007    1.32669845    1.29901531    1.20922267    1.09994042    1.08458089    1.38748388    1.26998363    1.31403787    1.40655485
R5CEW8_9BACT/23-288     0.72391999    0.73105908    0.82658767    0.67423097    0.66013865    0.00000000    0.50548444    0.84019506    0.88244959    0.81571880    0.87103231    1.07104277    0.79073811    1.82168110    1.30796517    1.34789485    1.22537914    1.24772494    1.21607235    1.45707420    1.37810521    1.28430661    1.40598399
R5KC30_9BACT/22-287     0.73174977    0.73147326    0.78955580    0.67884794    0.69723418    0.50548444    0.00000000    0.66825451    0.83640348    0.74059892    0.85960990    1.04547027    0.80130939    1.80932863    1.27766160    1.31466029    1.29897542    1.22397926    1.22858988    1.49821743    1.35314422    1.28436021    1.45326314
R5PV99_9BACT/40-305     0.77897656    0.76112475    0.82456672    0.72989467    0.84759408    0.84019506    0.66825451    0.00000000    0.76378249    0.73578720    0.85159920    1.07621151    0.80895150    1.82404706    1.48354458    1.37537144    1.38774730    1.32278841    1.30223233    1.57720418    1.44389463    1.48332088    1.52066027
D5ERH0_PRER2/24-288     0.80671334    0.73120943    1.00200134    0.85486280    0.93519965    0.88244959    0.83640348    0.76378249    0.00000000    0.78739615    1.06782862    1.19254502    0.92682861    1.84154983    1.25526912    1.35113591    1.35466184    1.25146048    1.30956519    1.49508757    1.51432418    1.36996940    1.48270911
L0JEZ1_PREDD/19-284     0.73900708    0.64628125    0.88355538    0.81433332    0.85365985    0.81571880    0.74059892    0.73578720    0.78739615    0.00000000    0.71269987    0.88541072    0.68046198    1.74971497    1.23030171    1.19275378    1.24955613    1.19460534    1.17351834    1.42313114    1.43409522    1.32650685    1.36995854
R6E8T1_9BACT/16-290     0.83301913    0.83668655    1.03926867    0.95964542    0.78534446    0.87103231    0.85960990    0.85159920    1.06782862    0.71269987    0.00000000    1.16301557    0.94739346    1.87030448    1.35442337    1.32229880    1.22439852    1.22574497    1.19697605    1.53562099    1.39367881    1.35450442    1.36753694
R6EZ21_9BACT/33-298     1.01422959    0.94029735    1.08791295    1.00754651    0.97892572    1.07104277    1.04547027    1.07621151    1.19254502    0.88541072    1.16301557    0.00000000    1.06105947    2.02336642    1.41602472    1.44755828    1.38894999    1.33631830    1.42189717    1.51825689    1.58949076    1.53724620    1.61368286
R6VHL9_9BACT/44-309     0.77886086    0.82448244    0.96286929    0.84985886    0.88063202    0.79073811    0.80130939    0.80895150    0.92682861    0.68046198    0.94739346    1.06105947    0.00000000    1.72174991    1.30109499    1.29169156    1.22737953    1.20070907    1.17032959    1.29757471    1.33734725    1.20496897    1.25129341
R5NJS4_9BACT/47-322     1.79415175    1.81246414    1.84672809    1.60002602    1.80206007    1.82168110    1.80932863    1.82404706    1.84154983    1.74971497    1.87030448    2.02336642    1.72174991    0.00000000    1.42412066    1.63760489    1.57961924    1.51664721    1.57950481    1.36384426    1.50862337    1.48405031    1.54448000
A6L3V0_BACV8/35-301     1.23494884    1.21666638    1.30160819    1.21862662    1.32669845    1.30796517    1.27766160    1.48354458    1.25526912    1.23030171    1.35442337    1.41602472    1.30109499    1.42412066    0.00000000    0.77313158    0.60762778    0.63313540    0.68949419    1.02682778    1.02181758    0.85463101    0.83264596
R6CPD7_9BACE/3-268     1.36449885    1.28032284    1.39889436    1.29034430    1.29901531    1.34789485    1.31466029    1.37537144    1.35113591    1.19275378    1.32229880    1.44755828    1.29169156    1.63760489    0.77313158    0.00000000    0.41333978    0.54178005    0.57395048    1.05564657    1.05584883    0.98533503    0.97823303
R6MZX2_9BACE/34-299     1.31051137    1.21529991    1.24739079    1.16740446    1.20922267    1.22537914    1.29897542    1.38774730    1.35466184    1.24955613    1.22439852    1.38894999    1.22737953    1.57961924    0.60762778    0.41333978    0.00000000    0.45693892    0.51951386    1.06842873    1.01528974    0.96206864    0.96073154
R5VYD0_9BACE/36-301     1.25450237    1.17028966    1.28859307    1.09927965    1.09994042    1.24772494    1.22397926    1.32278841    1.25146048    1.19460534    1.22574497    1.33631830    1.20070907    1.51664721    0.63313540    0.54178005    0.45693892    0.00000000    0.45111584    1.02647993    1.01271996    0.92990519    0.90790495
R6SDR2_9BACE/54-319     1.21765522    1.12260658    1.33629692    1.19070264    1.08458089    1.21607235    1.22858988    1.30223233    1.30956519    1.17351834    1.19697605    1.42189717    1.17032959    1.57950481    0.68949419    0.57395048    0.51951386    0.45111584    0.00000000    1.11563891    0.98304518    0.95299825    0.90887136
F3ZSU1_9BACE/12-283     1.52746682    1.40986346    1.45580255    1.41110551    1.38748388    1.45707420    1.49821743    1.57720418    1.49508757    1.42313114    1.53562099    1.51825689    1.29757471    1.36384426    1.02682778    1.05564657    1.06842873    1.02647993    1.11563891    0.00000000    0.97325545    0.77181298    0.79875444
R5CEL6_9BACE/49-313     1.36746004    1.30453897    1.54094759    1.30748741    1.26998363    1.37810521    1.35314422    1.44389463    1.51432418    1.43409522    1.39367881    1.58949076    1.33734725    1.50862337    1.02181758    1.05584883    1.01528974    1.01271996    0.98304518    0.97325545    0.00000000    0.58028502    0.50002445
Q5LD36_BACFN/38-302     1.32936856    1.32276657    1.40682132    1.23465134    1.31403787    1.28430661    1.28436021    1.48332088    1.36996940    1.32650685    1.35450442    1.53724620    1.20496897    1.48405031    0.85463101    0.98533503    0.96206864    0.92990519    0.95299825    0.77181298    0.58028502    0.00000000    0.40011239
R6FQV2_9BACE/34-297     1.40889047    1.31066282    1.45259808    1.34242893    1.40655485    1.40598399    1.45326314    1.52066027    1.48270911    1.36995854    1.36753694    1.61368286    1.25129341    1.54448000    0.83264596    0.97823303    0.96073154    0.90790495    0.90887136    0.79875444    0.50002445    0.40011239    0.00000000

