33
Q28T63_JANSC/32-141     0.00000000    0.81449507    1.81081054    1.83313460    1.42501923    1.42409403    1.56702584    1.33663202    1.60077586    2.02728094    2.34515983    2.07391616    1.85605028    2.89956751    1.74230179    1.55783589    1.42708502    1.57281867    1.61273857    1.99618873    2.05546328    1.89062491    1.76943930    2.20381205    1.95572113    1.75291867    2.31301292    1.58275485    1.24433209    1.71550906    1.68490427    1.38641594    1.35897673
W8RNQ7_9RHOB/32-141     0.81449507    0.00000000    1.71272490    1.62163529    1.30018973    1.38176169    1.59233667    1.28522806    1.50353989    1.85093669    2.69092607    2.08170686    1.98210907    2.96590320    1.36502824    1.60226248    1.55654203    1.51713485    1.48110795    1.57064325    1.61966375    1.56218040    1.49309307    1.88928516    1.57609914    1.42055271    1.49278473    1.31420239    1.53035735    1.53158477    1.75800795    1.34529205    1.25353323
A3JUK8_9RHOB/24-133     1.81081054    1.71272490    0.00000000    1.54372970    1.42844612    1.56304214    1.54594277    1.39349051    1.74328832    1.62284649    2.39068459    2.38136441    2.48008003    2.56719899    1.49990992    1.82177092    1.79311537    1.42078119    1.58520220    1.60659084    1.54697963    1.47924442    1.47929784    1.51666204    1.42578939    1.70713977    1.58636253    1.25483218    1.48910122    1.21307274    1.55543598    1.53786823    1.50739455
Q0F8Q0_9RHOB/23-132     1.83313460    1.62163529    1.54372970    0.00000000    1.69565572    1.61339144    1.61232282    1.46866922    1.99529632    2.05176453    2.69738683    2.50495171    2.19774583    3.31932342    1.44092992    1.26971922    1.20986099    1.52045700    1.44680589    1.58557218    1.56124270    1.39127007    1.56522263    1.72106775    1.51662215    1.23937241    1.65598737    1.44661902    1.22483711    1.40745120    1.45125083    1.42538655    1.53829592
A0A0F4RMA9_9RHOB/19-128     1.42501923    1.30018973    1.42844612    1.69565572    0.00000000    0.86565616    1.28747893    1.11289703    1.48506572    1.60969841    2.37235957    2.37163835    1.90270851    2.93235241    1.25985341    1.44683952    1.26951149    1.10401689    1.25028489    1.36456235    1.46753569    1.12923915    1.13833959    1.10291676    1.04900666    1.11661472    1.22002518    1.13225397    1.12062330    1.11603166    1.22256185    1.28551781    1.27368238
Q2CA11_OCEGH/26-135     1.42409403    1.38176169    1.56304214    1.61339144    0.86565616    0.00000000    1.14591471    0.90814249    1.43015670    1.53913699    2.51959577    2.11861740    1.69075964    2.92039686    1.25045086    1.52626649    1.38337042    1.31445281    1.30333995    1.46929554    1.40885669    1.23561542    1.14558526    1.19035008    1.16691028    1.36331923    1.26800786    1.21220646    1.27705723    1.41089318    1.05561136    0.94627978    0.94375818
K2HFC0_9RHOB/22-131     1.56702584    1.59233667    1.54594277    1.61232282    1.28747893    1.14591471    0.00000000    1.15202323    1.46230318    1.53978722    1.84377121    2.15453842    1.98362426    3.07536129    1.33241972    1.28751397    1.33029861    1.54358597    1.76471713    2.05222591    1.94012676    1.69322723    1.71499076    1.88246906    1.74666387    1.75987940    1.89192743    1.39375500    1.57470352    1.16939692    1.37405640    1.08400680    1.01401715
C7D827_9RHOB/30-139     1.33663202    1.28522806    1.39349051    1.46866922    1.11289703    0.90814249    1.15202323    0.00000000    1.24700907    1.34434180    1.98903769    2.16168568    2.22381874    2.66629124    1.11509243    1.18836371    1.20337818    0.97972294    1.44966030    1.36985937    1.48541281    1.16813765    1.21524218    1.36940059    1.15431182    1.37287423    1.26589408    0.97606244    1.02057274    1.10103497    0.93694924    1.05326985    0.90056921
A1B490_PARDP/77-186     1.60077586    1.50353989    1.74328832    1.99529632    1.48506572    1.43015670    1.46230318    1.24700907    0.00000000    0.56785527    2.04350635    2.04657041    2.16036924    2.66509738    1.22336933    1.22127102    1.25386570    1.08349402    1.75050111    1.58460227    1.70305161    1.32584491    1.53036330    1.61733588    1.51691720    1.36087266    1.46689237    1.31847607    1.20226154    1.26489286    1.26913142    1.27997554    1.03038609
S5YDQ8_PARAH/28-137     2.02728094    1.85093669    1.62284649    2.05176453    1.60969841    1.53913699    1.53978722    1.34434180    0.56785527    0.00000000    2.45860836    1.91139084    2.11935842    2.74203881    1.64515133    1.38378272    1.55046974    1.44001931    2.02713333    1.83028664    1.88709224    1.67591388    1.74955338    1.90020323    1.77418481    1.80852510    1.87314840    1.36553024    1.41376542    1.60056607    1.19874552    1.50891575    1.22198571
A3JUK1_9RHOB/26-134     2.34515983    2.69092607    2.39068459    2.69738683    2.37235957    2.51959577    1.84377121    1.98903769    2.04350635    2.45860836    0.00000000    2.09072937    2.31079605    2.96196156    2.08214322    2.02808789    2.39373590    2.27257910    2.44483803    2.32622653    2.41821429    2.31960493    2.24875331    2.57558894    2.46231216    2.77013732    2.30559824    2.21973213    1.83630134    2.19860125    2.58287250    2.59038240    2.47599596
K2JSF5_9RHOB/27-135     2.07391616    2.08170686    2.38136441    2.50495171    2.37163835    2.11861740    2.15453842    2.16168568    2.04657041    1.91139084    2.09072937    0.00000000    0.86335617    2.26369342    2.35286040    1.99489009    2.13915626    2.14766741    2.12871011    2.11707295    2.13522086    2.53276479    2.12084508    2.02040096    2.12612070    2.45258366    2.15277064    2.20868142    2.11922939    2.24336095    2.48774163    2.67474769    2.81291863
A0A0B5DYV2_9RHOB/21-129     1.85605028    1.98210907    2.48008003    2.19774583    1.90270851    1.69075964    1.98362426    2.22381874    2.16036924    2.11935842    2.31079605    0.86335617    0.00000000    1.88328673    1.81904987    1.72732787    1.71639708    1.79668169    1.83201785    1.98400367    1.85332420    2.00771696    1.82102448    1.89689562    1.82223435    2.27360705    1.86435208    1.91904341    1.87300402    2.02924343    1.89457587    2.35642566    2.19880993
A0A099TAX7_9RHOB/19-127     2.89956751    2.96590320    2.56719899    3.31932342    2.93235241    2.92039686    3.07536129    2.66629124    2.66509738    2.74203881    2.96196156    2.26369342    1.88328673    0.00000000    2.98004036    2.62524655    2.64553637    2.65429553    2.97020920    2.68379409    2.82828700    3.25882617    2.83157429    2.90483097    2.81256906    3.14725172    2.95684092    2.95140756    2.84877287    3.05142632    2.87525204    3.09450623    3.11755674
B6B475_9RHOB/25-134     1.74230179    1.36502824    1.49990992    1.44092992    1.25985341    1.25045086    1.33241972    1.11509243    1.22336933    1.64515133    2.08214322    2.35286040    1.81904987    2.98004036    0.00000000    0.77761744    0.73381547    1.00179589    1.04746010    1.26749017    1.37258245    1.02761147    1.01455970    1.06882076    0.90128783    1.30049852    1.00993537    0.83081253    1.04867601    1.14484326    1.23661820    0.83737693    0.80787377
A3SNL2_ROSNI/39-148     1.55783589    1.60226248    1.82177092    1.26971922    1.44683952    1.52626649    1.28751397    1.18836371    1.22127102    1.38378272    2.02808789    1.99489009    1.72732787    2.62524655    0.77761744    0.00000000    0.35037804    1.22215449    1.37871311    1.31152658    1.23303582    1.28424358    1.17135206    1.42123073    1.18995478    1.39478748    1.26540471    0.92149143    0.82814940    1.03468806    1.15180098    1.27729729    1.06330423
A6FQZ7_9RHOB/26-135     1.42708502    1.55654203    1.79311537    1.20986099    1.26951149    1.38337042    1.33029861    1.20337818    1.25386570    1.55046974    2.39373590    2.13915626    1.71639708    2.64553637    0.73381547    0.35037804    0.00000000    1.17683719    1.26432160    1.29703773    1.26693591    1.09135759    1.07034835    1.31746153    1.16346141    1.21781908    1.36012146    0.86993718    0.78036842    1.05825431    1.13242339    1.13085332    0.95997240
A3K1D8_9RHOB/21-130     1.57281867    1.51713485    1.42078119    1.52045700    1.10401689    1.31445281    1.54358597    0.97972294    1.08349402    1.44001931    2.27257910    2.14766741    1.79668169    2.65429553    1.00179589    1.22215449    1.17683719    0.00000000    1.09919500    1.05853380    1.09407149    0.96075370    1.01451325    1.03122633    0.98592909    1.05424121    0.93754692    0.85158899    0.91611846    0.96243523    1.25813160    1.01226795    0.76772606
A3U1M9_PSEBH/21-130     1.61273857    1.48110795    1.58520220    1.44680589    1.25028489    1.30333995    1.76471713    1.44966030    1.75050111    2.02713333    2.44483803    2.12871011    1.83201785    2.97020920    1.04746010    1.37871311    1.26432160    1.09919500    0.00000000    0.88718421    0.99169188    0.90013434    0.99482804    0.95711371    0.87421355    1.08542875    0.89988589    0.90639747    1.06210138    0.93365888    1.37415722    1.27383582    1.13501577
A0A0B5E475_9RHOB/25-134     1.99618873    1.57064325    1.60659084    1.58557218    1.36456235    1.46929554    2.05222591    1.36985937    1.58460227    1.83028664    2.32622653    2.11707295    1.98400367    2.68379409    1.26749017    1.31152658    1.29703773    1.05853380    0.88718421    0.00000000    0.34875589    0.93513011    1.06932710    1.07796038    1.03163521    1.30443703    0.98072575    1.20283211    1.13870263    1.08970224    1.29354527    1.45692455    1.26909853
K2K7D1_9RHOB/28-137     2.05546328    1.61966375    1.54697963    1.56124270    1.46753569    1.40885669    1.94012676    1.48541281    1.70305161    1.88709224    2.41821429    2.13522086    1.85332420    2.82828700    1.37258245    1.23303582    1.26693591    1.09407149    0.99169188    0.34875589    0.00000000    0.93929782    1.05216335    1.12810178    1.00430666    1.24410141    0.96610184    1.02664791    1.02342046    0.99999343    1.36145887    1.55147504    1.22042587
B9NNI0_9RHOB/11-120     1.89062491    1.56218040    1.47924442    1.39127007    1.12923915    1.23561542    1.69322723    1.16813765    1.32584491    1.67591388    2.31960493    2.53276479    2.00771696    3.25882617    1.02761147    1.28424358    1.09135759    0.96075370    0.90013434    0.93513011    0.93929782    0.00000000    0.60089509    0.66767290    0.53577451    0.72160383    0.65368625    1.00970015    0.83856321    0.97831925    1.12060272    1.16464983    1.05754535
A4EYT3_9RHOB/25-134     1.76943930    1.49309307    1.47929784    1.56522263    1.13833959    1.14558526    1.71499076    1.21524218    1.53036330    1.74955338    2.24875331    2.12084508    1.82102448    2.83157429    1.01455970    1.17135206    1.07034835    1.01451325    0.99482804    1.06932710    1.05216335    0.60089509    0.00000000    0.45876395    0.31015046    0.70399088    0.76073368    1.10263009    0.95481313    1.03060422    1.31212679    1.21790210    1.12242311
Q1GIN3_RUEST/43-152     2.20381205    1.88928516    1.51666204    1.72106775    1.10291676    1.19035008    1.88246906    1.36940059    1.61733588    1.90020323    2.57558894    2.02040096    1.89689562    2.90483097    1.06882076    1.42123073    1.31746153    1.03122633    0.95711371    1.07796038    1.12810178    0.66767290    0.45876395    0.00000000    0.36027900    0.97662428    0.76012169    1.04469207    1.04456986    1.13810280    1.30226235    1.11193445    1.09915744
I7EKP2_PHAIB/23-132     1.95572113    1.57609914    1.42578939    1.51662215    1.04900666    1.16691028    1.74666387    1.15431182    1.51691720    1.77418481    2.46231216    2.12612070    1.82223435    2.81256906    0.90128783    1.18995478    1.16346141    0.98592909    0.87421355    1.03163521    1.00430666    0.53577451    0.31015046    0.36027900    0.00000000    0.74881779    0.70070004    0.99872274    1.03077525    0.94089720    1.31892497    1.12097805    1.11023207
Q5LPS4_RUEPO/57-166     1.75291867    1.42055271    1.70713977    1.23937241    1.11661472    1.36331923    1.75987940    1.37287423    1.36087266    1.80852510    2.77013732    2.45258366    2.27360705    3.14725172    1.30049852    1.39478748    1.21781908    1.05424121    1.08542875    1.30443703    1.24410141    0.72160383    0.70399088    0.97662428    0.74881779    0.00000000    0.99028522    1.26469013    1.05914045    0.94560176    1.42875277    1.27546485    1.16203937
A0A0N0D9U6_9RHOB/22-131     2.31301292    1.49278473    1.58636253    1.65598737    1.22002518    1.26800786    1.89192743    1.26589408    1.46689237    1.87314840    2.30559824    2.15277064    1.86435208    2.95684092    1.00993537    1.26540471    1.36012146    0.93754692    0.89988589    0.98072575    0.96610184    0.65368625    0.76073368    0.76012169    0.70070004    0.99028522    0.00000000    0.91199608    1.00925598    1.07370507    1.27693818    1.23998926    1.00845044
A0A085BVP5_9RHOB/22-131     1.58275485    1.31420239    1.25483218    1.44661902    1.13225397    1.21220646    1.39375500    0.97606244    1.31847607    1.36553024    2.21973213    2.20868142    1.91904341    2.95140756    0.83081253    0.92149143    0.86993718    0.85158899    0.90639747    1.20283211    1.02664791    1.00970015    1.10263009    1.04469207    0.99872274    1.26469013    0.91199608    0.00000000    0.35388097    0.80900057    0.97776247    1.02861007    0.87698187
A9E3H3_9RHOB/25-134     1.24433209    1.53035735    1.48910122    1.22483711    1.12062330    1.27705723    1.57470352    1.02057274    1.20226154    1.41376542    1.83630134    2.11922939    1.87300402    2.84877287    1.04867601    0.82814940    0.78036842    0.91611846    1.06210138    1.13870263    1.02342046    0.83856321    0.95481313    1.04456986    1.03077525    1.05914045    1.00925598    0.35388097    0.00000000    0.74070863    0.99308052    0.96973558    0.93628136
Q163R3_ROSDO/53-161     1.71550906    1.53158477    1.21307274    1.40745120    1.11603166    1.41089318    1.16939692    1.10103497    1.26489286    1.60056607    2.19860125    2.24336095    2.02924343    3.05142632    1.14484326    1.03468806    1.05825431    0.96243523    0.93365888    1.08970224    0.99999343    0.97831925    1.03060422    1.13810280    0.94089720    0.94560176    1.07370507    0.80900057    0.74070863    0.00000000    0.93079369    1.15447069    0.96142769
A0A0H4KYI6_9RHOB/20-129     1.68490427    1.75800795    1.55543598    1.45125083    1.22256185    1.05561136    1.37405640    0.93694924    1.26913142    1.19874552    2.58287250    2.48774163    1.89457587    2.87525204    1.23661820    1.15180098    1.13242339    1.25813160    1.37415722    1.29354527    1.36145887    1.12060272    1.31212679    1.30226235    1.31892497    1.42875277    1.27693818    0.97776247    0.99308052    0.93079369    0.00000000    0.88174080    0.81743932
A0A327YA07_9RHOB/26-135     1.38641594    1.34529205    1.53786823    1.42538655    1.28551781    0.94627978    1.08400680    1.05326985    1.27997554    1.50891575    2.59038240    2.67474769    2.35642566    3.09450623    0.83737693    1.27729729    1.13085332    1.01226795    1.27383582    1.45692455    1.55147504    1.16464983    1.21790210    1.11193445    1.12097805    1.27546485    1.23998926    1.02861007    0.96973558    1.15447069    0.88174080    0.00000000    0.35342544
Q0FNV3_SALBH/26-135     1.35897673    1.25353323    1.50739455    1.53829592    1.27368238    0.94375818    1.01401715    0.90056921    1.03038609    1.22198571    2.47599596    2.81291863    2.19880993    3.11755674    0.80787377    1.06330423    0.95997240    0.76772606    1.13501577    1.26909853    1.22042587    1.05754535    1.12242311    1.09915744    1.11023207    1.16203937    1.00845044    0.87698187    0.93628136    0.96142769    0.81743932    0.35342544    0.00000000

