10
H2AZF8_KAZAF/11-132     0.00000000    1.87144168    1.56429314    1.58839696    1.41441003    1.27658107    1.67495620    1.61426276    1.43097789    1.61450528
SWM2_LACTC/13-124     1.87144168    0.00000000    1.55688405    1.83049459    1.54080977    1.60310421    2.00639469    1.83983954    1.61868349    1.84653205
SWM2_ZYGRC/7-121     1.56429314    1.55688405    0.00000000    1.57507483    1.42930714    1.37792904    1.63101172    1.38951950    1.60250917    1.43371915
J7RPG8_KAZNA/21-141     1.58839696    1.83049459    1.57507483    0.00000000    1.89329901    1.77288619    2.69026088    2.18464145    2.04524739    1.98473430
G0W9H0_NAUDC/18-145     1.41441003    1.54080977    1.42930714    1.89329901    0.00000000    1.02977726    1.50625878    1.35176488    1.33375212    1.39706910
G0VIG7_NAUCC/16-147     1.27658107    1.60310421    1.37792904    1.77288619    1.02977726    0.00000000    1.62119987    1.26845720    1.14648222    1.43276889
SWM2_VANPO/14-144     1.67495620    2.00639469    1.63101172    2.69026088    1.50625878    1.62119987    0.00000000    1.07442535    1.38425412    1.28207246
G8C1N5_TETPH/17-147     1.61426276    1.83983954    1.38951950    2.18464145    1.35176488    1.26845720    1.07442535    0.00000000    1.39503778    1.34147901
J6ECB4_SACK1/14-162     1.43097789    1.61868349    1.60250917    2.04524739    1.33375212    1.14648222    1.38425412    1.39503778    0.00000000    1.23875845
G8ZQ05_TORDC/15-146     1.61450528    1.84653205    1.43371915    1.98473430    1.39706910    1.43276889    1.28207246    1.34147901    1.23875845    0.00000000

