6
D3VKP1_XENNA/10-110     0.00000000    0.82569044    1.09529322    0.98954820    1.09128708    1.25358804
M1SML3_MORMO/30-134     0.82569044    0.00000000    1.37044383    1.13120094    1.22452191    1.26296322
A6TE83_KLEP7/10-110     1.09529322    1.37044383    0.00000000    0.78714375    0.96300070    1.26626489
Q6D3W1_PECAS/10-111     0.98954820    1.13120094    0.78714375    0.00000000    1.09045374    1.03793810
A0A068QW11_9GAMM/15-116     1.09128708    1.22452191    0.96300070    1.09045374    0.00000000    0.94085308
J7TAM8_MORMO/13-113     1.25358804    1.26296322    1.26626489    1.03793810    0.94085308    0.00000000

