20
C3YBC4_BRAFL/710-774     0.00000000    1.17865601    1.21716389    1.12922611    0.93834501    1.20569797    1.24502467    1.03276592    1.87323284    1.60587146    1.53312984    1.72184061    1.85112533    1.67819099    1.34731931    1.43202134    1.48597070    1.14249907    1.10164710    1.47890077
A0A0A0AGK4_CHAVO/390-456     1.17865601    0.00000000    1.26743787    1.40212975    1.22689764    1.44926656    1.55612565    1.39334630    1.84538340    1.47101434    1.74929392    1.69782869    1.86181660    1.71032958    1.95088749    1.85549478    1.96015848    1.67247853    1.48575383    1.63289764
L9KQD7_TUPCH/1160-1226     1.21716389    1.26743787    0.00000000    1.50900868    1.10508488    1.59965369    1.23263930    1.27370026    1.81963912    1.61622831    1.67296795    1.62311080    2.09668677    1.91068040    2.25672155    1.75204009    1.73795010    1.45947130    1.55244731    1.38790556
G0NIF2_CAEBE/784-848     1.12922611    1.40212975    1.50900868    0.00000000    1.11109485    1.49877237    1.16575953    1.32043094    1.70640945    1.44763499    1.77259419    1.60781693    1.59198473    1.81657199    1.58367052    1.41936775    1.36084508    1.33353183    1.39007218    1.68077130
V4A6K8_LOTGI/692-756     0.93834501    1.22689764    1.10508488    1.11109485    0.00000000    1.31084871    1.18574347    1.29985624    1.45064329    1.57939449    1.56971035    1.63030074    2.09737974    1.71027474    1.69066615    1.39472696    1.39536419    1.25035474    1.24752714    1.10129161
A0A0L8I9U6_OCTBM/502-566     1.20569797    1.44926656    1.59965369    1.49877237    1.31084871    0.00000000    1.53361996    1.47040029    2.32788431    1.45256774    1.75322955    2.05787163    1.75764680    1.91945204    2.13660791    2.20593939    1.69200989    1.53862788    1.84412460    1.89828400
K1PNP9_CRAGI/691-755     1.24502467    1.55612565    1.23263930    1.16575953    1.18574347    1.53361996    0.00000000    1.27372529    1.53431133    1.38976055    1.82852014    1.76260011    1.50780545    1.79821003    1.86504929    1.54188918    1.39621874    0.97031503    1.39253696    1.43866936
A7SF38_NEMVE/1035-1099     1.03276592    1.39334630    1.27370026    1.32043094    1.29985624    1.47040029    1.27372529    0.00000000    1.37551196    1.37790249    1.35849976    1.40342603    1.37097430    1.62205514    1.58778659    1.49403226    1.40415724    1.20648561    1.24701231    1.14687176
F7BYM6_CALJA/404-468     1.87323284    1.84538340    1.81963912    1.70640945    1.45064329    2.32788431    1.53431133    1.37551196    0.00000000    1.02874581    1.61306747    1.18825937    1.57754659    1.30877931    2.30946596    1.41434548    1.35731559    1.55236514    1.81042394    1.59264932
H3BCY1_LATCH/376-439     1.60587146    1.47101434    1.61622831    1.44763499    1.57939449    1.45256774    1.38976055    1.37790249    1.02874581    0.00000000    1.06579195    0.96194310    0.99977270    0.87109162    1.83972893    1.59762249    1.36882586    1.28244403    1.56484479    1.60470498
A0A0R4ID71_DANRE/36-100     1.53312984    1.74929392    1.67296795    1.77259419    1.56971035    1.75322955    1.82852014    1.35849976    1.61306747    1.06579195    0.00000000    1.09695730    1.12479924    0.94276896    1.78456502    1.72137399    1.79584164    1.57665750    1.93898417    1.78934918
A0A0P7US58_SCLFO/445-541     1.72184061    1.69782869    1.62311080    1.60781693    1.63030074    2.05787163    1.76260011    1.40342603    1.18825937    0.96194310    1.09695730    0.00000000    1.09710700    0.87593146    1.87483311    1.29299165    1.36548972    1.41638101    1.90375768    1.65177973
A0A096ME15_POEFO/380-444     1.85112533    1.86181660    2.09668677    1.59198473    2.09737974    1.75764680    1.50780545    1.37097430    1.57754659    0.99977270    1.12479924    1.09710700    0.00000000    0.87901193    1.76266357    1.73233109    1.75513225    1.68527672    1.76204936    2.32754879
H3DJG1_TETNG/402-466     1.67819099    1.71032958    1.91068040    1.81657199    1.71027474    1.91945204    1.79821003    1.62205514    1.30877931    0.87109162    0.94276896    0.87593146    0.87901193    0.00000000    2.23391968    1.91574482    1.89989543    1.51022104    1.91308284    1.95523061
T1G1B5_HELRO/101-166     1.34731931    1.95088749    2.25672155    1.58367052    1.69066615    2.13660791    1.86504929    1.58778659    2.30946596    1.83972893    1.78456502    1.87483311    1.76266357    2.23391968    0.00000000    1.49009717    1.42105106    1.84560159    1.73268089    1.86921693
A0A0L8HVZ0_OCTBM/181-245     1.43202134    1.85549478    1.75204009    1.41936775    1.39472696    2.20593939    1.54188918    1.49403226    1.41434548    1.59762249    1.72137399    1.29299165    1.73233109    1.91574482    1.49009717    0.00000000    0.72749083    1.34980928    1.59460890    1.72567312
V4AHL3_LOTGI/240-304     1.48597070    1.96015848    1.73795010    1.36084508    1.39536419    1.69200989    1.39621874    1.40415724    1.35731559    1.36882586    1.79584164    1.36548972    1.75513225    1.89989543    1.42105106    0.72749083    0.00000000    1.22702377    1.60840190    1.73918287
A0A0Q9W381_DROVI/927-992     1.14249907    1.67247853    1.45947130    1.33353183    1.25035474    1.53862788    0.97031503    1.20648561    1.55236514    1.28244403    1.57665750    1.41638101    1.68527672    1.51022104    1.84560159    1.34980928    1.22702377    0.00000000    0.93475821    1.28538370
J9JXK1_ACYPI/821-887     1.10164710    1.48575383    1.55244731    1.39007218    1.24752714    1.84412460    1.39253696    1.24701231    1.81042394    1.56484479    1.93898417    1.90375768    1.76204936    1.91308284    1.73268089    1.59460890    1.60840190    0.93475821    0.00000000    1.36515696
E9HQ05_DAPPU/771-835     1.47890077    1.63289764    1.38790556    1.68077130    1.10129161    1.89828400    1.43866936    1.14687176    1.59264932    1.60470498    1.78934918    1.65177973    2.32754879    1.95523061    1.86921693    1.72567312    1.73918287    1.28538370    1.36515696    0.00000000

