94
W5MQ40_LEPOC/19-69     0.00000000    0.70860185    0.66508255    0.63289389    0.55474872    0.66927038    0.65957919    0.59389594    1.03697398    1.13828661    1.08833628    1.12078330    1.00256514    1.02711619    0.94384089    0.77770099    1.09660155    0.86313566    0.85145533    1.10458497    0.92059134    1.52147504    1.31071022    1.26631509    1.20453359    1.14817207    1.29164946    1.34989144    1.37501926    1.46617476    1.53018749    1.58090392    1.12738733    1.76115574    1.74874980    1.84902717    1.60237750    1.57044163    1.93468660    1.67497121    1.45202386    1.11630501    1.36432572    1.75392141    1.62894302    1.44433224    1.49990546    1.48306956    1.73190278    1.38655655    1.28963529    1.43794979    1.37081329    1.42717965    1.26704094    1.31662466    1.13706399    1.34008123    1.28448196    1.28609065    1.23133449    1.40503066    1.31108307    1.15702498    1.39452720    1.44296368    1.27112779    1.35670384    2.00131062    1.63043119    1.35616266    1.49093184    1.25552751    1.49475494    1.13402086    1.94307822    1.44000956    1.34218120    1.30312845    1.45388134    1.10854153    1.32730795    1.24451145    1.26441171    1.47202925    1.80716977    1.63260966    1.80856520    1.48823929    1.35582267    1.30227609    1.34181278    1.01442397    1.13688004
ITB6_RAT/21-71     0.70860185    0.00000000    0.46662802    0.63025164    0.79136601    0.83259339    0.89179668    0.66452218    1.25114908    1.16509760    1.05177231    1.10760025    1.35357505    1.14523103    0.89935426    0.86522150    1.03981678    1.09600443    1.20699765    1.22969356    1.21662640    1.10956010    1.25378607    1.04386264    1.21293207    1.28529194    1.12946552    1.34324989    1.41003302    1.51660390    1.53432479    1.92725909    1.20341377    1.64066527    1.46239730    1.64695083    1.55965474    1.64677157    1.75891881    1.75746870    1.31620565    1.18067052    1.37444430    1.70410689    1.66770757    1.71609003    1.36864742    1.42424335    1.50015183    0.99267161    1.22962409    1.21197141    1.35463505    1.52133957    1.19332910    1.43554456    1.27988023    1.38391462    1.19757373    1.38586048    1.38185460    1.16585708    1.26709918    1.30868591    1.23981630    1.53435282    1.22494295    1.37723060    1.72582681    1.73241694    1.21649908    1.26829549    1.23032613    1.48490067    1.27503565    1.76489674    1.55715685    1.54542873    1.39934590    1.42121262    1.10499132    1.25412443    1.11450108    1.50034323    1.26827240    1.74003316    1.42058079    1.63621540    1.27428523    1.03951885    1.07440001    0.97272031    1.00532370    1.07981167
U3IGZ9_ANAPP/1-44     0.66508255    0.46662802    0.00000000    0.51564502    0.84597798    0.67442950    0.87541770    0.68396098    1.09752917    1.00796912    0.78389628    0.89942896    1.13695070    1.16405483    1.08436842    1.07095951    1.34080163    1.02702842    1.11271205    1.26068356    1.16765438    1.49849817    1.32473065    1.02363695    1.37895999    1.37295805    1.34066985    1.41023201    1.36623943    1.39005584    1.51507662    1.68317681    1.26659461    1.43603313    1.30397690    1.59910136    1.49921937    1.39511163    1.65732648    1.61850325    1.37687166    1.25507894    1.39796943    1.63683779    1.53448556    1.73267599    1.55023367    1.66418252    1.63227796    1.30010138    1.43902837    1.43516689    1.34550743    1.33364785    1.02497726    1.25210937    1.10974197    1.15204917    1.03949118    1.40517064    1.32916823    1.06837841    1.20365084    1.07056911    1.12715610    1.46906449    1.14140324    1.27750299    1.74106314    1.90858637    1.48574070    1.57816884    1.56083375    1.70668342    1.29749768    1.67714480    1.50349838    1.50384727    1.24503123    1.68414822    1.37030094    1.45685588    1.38768952    1.71920529    1.36935215    1.82263128    1.56192645    1.72416907    1.19044915    1.27197290    1.34973736    1.16638202    1.13077725    1.17435987
H9GIR3_ANOCA/21-71     0.63289389    0.63025164    0.51564502    0.00000000    0.87368818    0.72647454    0.88135855    0.71442149    1.06357209    1.19217395    1.23788937    1.21794671    1.24942146    1.34490997    1.04512111    1.14456210    1.43010195    1.06012446    1.15617720    1.29702991    1.32689421    1.82272770    1.58644920    1.26448036    1.52451461    1.68295175    1.74328604    1.68360611    1.50187325    1.76217160    1.84883261    1.97348901    1.51826075    1.74495933    1.76427488    1.91899695    1.98497762    1.56701144    1.72050215    1.89740233    1.41391829    1.39885300    1.63754928    2.12484643    1.66709902    1.74948613    1.63120366    1.77902673    1.71984314    1.55331622    1.58015196    1.60353229    1.75855556    1.57597077    1.39016812    1.52523793    1.36388555    1.39977919    1.46943878    1.56097115    1.72856523    1.25855763    1.41232966    1.41120038    1.44648991    1.51077043    1.52655769    1.55583312    1.68430316    1.99223162    1.63251954    1.89707488    1.71727013    1.62122759    1.69691660    2.21152706    1.94659189    1.81227017    1.40668709    1.96400153    1.59115014    1.68681473    1.73699277    1.86371867    1.63302348    2.01584990    1.87349853    1.86520744    1.59799437    1.41159034    1.57234981    1.22145141    1.33430848    1.56918122
F1QGX0_DANRE/19-69     0.55474872    0.79136601    0.84597798    0.87368818    0.00000000    0.53406701    0.58605087    0.52794835    1.17308180    1.10982968    1.17786065    1.27088976    1.24220789    1.15722949    1.10067825    1.07148708    1.39252256    1.21599994    1.26687751    1.42077453    1.40909549    1.63989382    1.51077483    1.33587067    1.43551493    1.56712832    1.53568295    1.60691421    1.52198834    1.58034099    1.43626745    1.73086592    1.23958137    1.71145161    1.45961620    1.46075086    1.74999524    1.80792851    2.03346650    1.78012701    1.40127542    1.22888866    1.35522885    1.94629120    1.71206635    1.65411088    1.48561307    1.61120930    1.87324355    1.20349420    1.35180372    1.46691238    1.54556267    1.18408684    1.18447828    1.31010464    1.08236872    1.38653037    1.20899926    1.17346449    1.28659987    1.41048246    1.30439811    1.11593143    1.44548121    1.67648679    1.28723479    1.39057589    1.94528934    1.68301643    1.90534069    1.57000416    1.42895823    1.57497224    1.18608250    1.62293068    1.47909897    1.21438219    1.50295591    1.58426313    1.30480924    1.54983973    1.34379956    1.49702377    1.32701604    1.84918620    1.76305342    1.71578015    1.82104335    1.31763648    1.53466271    1.24408450    1.30850671    1.35522991
M3ZHV5_XIPMA/19-69     0.66927038    0.83259339    0.67442950    0.72647454    0.53406701    0.00000000    0.35229110    0.36127968    1.12843607    1.21648589    1.17518394    1.14109769    1.03610238    0.99624392    0.93715709    0.92545398    1.11763069    0.86386853    1.00467940    1.12957545    1.08734473    1.24684086    1.12725763    0.97659105    1.09800193    1.20751146    1.34057116    1.30880077    1.58359401    1.48487189    1.38349931    1.22010142    1.21794603    1.41943114    1.34273714    1.57378453    1.56437304    1.64746256    1.75562980    1.41331129    1.31920248    1.31093954    1.29046349    1.80062971    1.46382103    1.52212354    1.36060633    1.40075432    1.63673205    1.21402635    1.63724888    1.30811504    1.23279324    1.24081594    1.13090319    1.41171508    1.15545480    1.55128646    1.29380974    1.21497220    1.45534977    1.40104843    1.37424426    1.16265604    1.06323345    1.41352656    1.20900208    1.21114502    1.86598454    1.94349915    1.68546226    1.53145634    1.50943536    1.39897137    0.99993544    1.24684251    1.08713409    1.08466549    1.23505334    1.31245161    1.10992772    1.34737909    1.32797282    1.35464630    1.34657419    1.55601826    1.29845566    1.76566588    1.43943918    1.07592006    1.40822216    1.26813981    1.19896049    1.33271975
H2LGI0_ORYLA/19-69     0.65957919    0.89179668    0.87541770    0.88135855    0.58605087    0.35229110    0.00000000    0.28539416    1.33509214    1.31227284    1.32994160    1.33466922    1.09803297    1.09949046    1.18690586    1.12856497    1.43151810    1.03672922    1.14389144    1.21630153    1.26038265    1.52403897    1.40810875    1.30249838    1.33628326    1.39578372    1.48707985    1.50536696    1.55408396    1.50751337    1.39392608    1.31306589    1.04056823    1.64706687    1.40821725    1.54800745    1.55372696    1.55041943    1.65988578    1.62210948    1.41582895    1.26237740    1.28618964    1.81502658    1.55562553    1.63859929    1.40438107    1.62389698    1.78245012    1.18921964    1.44387346    1.35223440    1.42268955    1.29677994    1.01829228    1.43286434    1.23843571    1.42138683    1.30205228    1.40495861    1.43703464    1.39004663    1.43465347    1.30485531    1.17378179    1.53894267    1.37860045    1.33006861    1.92253187    1.80614438    1.71095136    1.62137700    1.67818695    1.35075517    1.39160916    1.50379975    1.41163987    1.38709137    1.58678919    1.48611945    1.26724778    1.43711037    1.41706134    1.35793671    1.30627405    1.55298357    1.54528785    1.80886459    1.47944371    1.32446440    1.47781468    1.11553256    1.14166937    1.30262832
G3PQY8_GASAC/19-69     0.59389594    0.66452218    0.68396098    0.71442149    0.52794835    0.36127968    0.28539416    0.00000000    1.33448345    1.21378064    1.20334485    1.26793671    1.16046912    1.19181191    1.15410754    1.06529428    1.35424799    1.09236749    1.14797049    1.25197280    1.18424590    1.43408936    1.42677788    1.23726469    1.26328999    1.42872531    1.47848043    1.69041646    1.50116303    1.41220661    1.43847383    1.61594675    1.05916952    1.68310877    1.51219350    1.55347326    1.47891338    1.61124458    1.90412578    1.73874407    1.27687976    1.12191554    1.25383300    1.87840831    1.62878683    1.59638846    1.40977943    1.60494451    1.77703734    1.19897350    1.46129464    1.47732119    1.48379118    1.52805859    1.18219492    1.54400794    1.32329040    1.60431686    1.32293412    1.43757829    1.64475507    1.52303521    1.49880438    1.31009656    1.30945013    1.75715466    1.39918677    1.36398532    1.95010913    1.88593358    1.76537230    1.58843746    1.57766945    1.35038129    1.32598600    1.86969334    1.58412084    1.42960791    1.55917836    1.36024501    1.27353755    1.62402964    1.34125914    1.36038791    1.44857339    1.68559139    1.56142849    1.69606182    1.50413260    1.20229766    1.34479179    1.23551272    1.29775193    1.33710847
W5LXX3_LEPOC/23-74     1.03697398    1.25114908    1.09752917    1.06357209    1.17308180    1.12843607    1.33509214    1.33448345    0.00000000    1.03120731    1.25055465    1.42654702    1.22100137    1.06749396    1.12050508    1.22792233    1.28076343    1.41792758    1.47420538    1.61929349    1.39363356    1.77290425    1.50738087    1.38818444    1.62249436    1.41065818    1.63905133    1.46253000    1.78646781    1.81710811    1.55190171    2.09503466    1.53707346    1.70044635    1.61960573    1.75024566    1.94392903    1.53139802    1.61111309    1.59836454    1.78203497    1.46794489    1.59647446    1.99787333    1.93405902    1.71596479    1.76628766    1.74791754    2.07314407    1.27486283    1.60143690    1.55103435    1.60623180    1.24528802    1.23813077    1.38589227    1.36960340    1.27735933    1.44767905    1.54623537    1.70959784    1.53388205    1.54240712    1.36916795    1.42432596    1.35567033    1.45124879    1.50053656    1.87381404    1.75205489    1.72579187    1.67923269    1.61767794    1.63867359    1.24267539    1.45830187    1.42895948    1.37699813    1.43734578    1.82104301    1.59839277    1.79201418    1.71233984    1.52959115    1.47828888    1.81089911    1.67275427    1.84732691    1.66118706    1.47107804    1.71377259    1.82399752    1.36237506    1.52559819
W5KB54_ASTMX/37-87     1.13828661    1.16509760    1.00796912    1.19217395    1.10982968    1.21648589    1.31227284    1.21378064    1.03120731    0.00000000    0.89895487    1.05186987    0.77435758    1.21996990    0.89545115    0.97416211    0.99408333    1.42965523    1.34808007    1.57666519    1.31269781    1.70669467    1.39267037    1.28561725    1.25238331    1.59132980    1.38531029    1.56077575    1.45698535    1.64625718    1.75343574    1.73689891    1.47777189    1.48195441    1.40267583    1.16809146    1.67156117    1.53393535    1.50609684    1.51830349    1.75119814    1.68083546    1.68371191    1.92619803    1.71889752    1.66383269    1.67736138    1.67458390    1.79223821    1.25565467    1.76752000    1.44544130    1.49852580    1.51928521    1.34483963    1.39646482    1.56130974    1.48240641    1.35343585    1.37951542    1.86202955    1.16168275    1.30817515    1.44013106    1.27219948    1.57054812    1.35943048    1.38967482    1.98597369    2.15488721    1.82020721    1.98980447    1.87298866    1.74619016    1.67582824    1.91462176    1.87486942    1.69787087    1.54296610    1.53641156    1.59411557    1.69681488    1.40731355    1.60535753    1.35715454    1.91622628    1.83090331    1.89387841    1.88327212    1.48911303    1.50137551    1.60037601    1.54577407    1.63220444
H2T4I5_TAKRU/30-80     1.08833628    1.05177231    0.78389628    1.23788937    1.17786065    1.17518394    1.32994160    1.20334485    1.25055465    0.89895487    0.00000000    0.52126259    0.91161610    1.15385012    0.91470670    1.03481262    1.15220735    0.98940542    0.93262409    1.05592002    0.93833328    1.28367604    1.19847429    0.88366541    1.10264202    1.19276282    1.26146529    1.44501767    1.56084021    1.62911462    1.61728230    1.82945355    1.35272871    1.52331083    1.47954824    1.34065993    1.48903783    1.35474595    1.79673966    1.49071696    1.63190159    1.79949631    1.73197092    1.84989090    1.66720652    1.69113581    2.04014234    1.78558021    1.74036394    1.45241829    1.70837676    1.54313700    1.36758031    1.43494376    1.14196311    1.48219103    1.41988763    1.48983022    1.35418620    1.49505333    1.60986046    1.24399094    1.44358934    1.42151631    1.33930800    1.08456037    1.01737659    1.51712320    2.27936008    2.11077244    1.73681102    1.72903064    1.70865432    1.57185339    1.23277198    1.90360225    1.27064037    1.26758649    1.48956000    1.68913964    1.42600153    1.37922822    1.35137049    1.45706867    1.52781761    1.95941344    1.82693512    1.65509836    1.31818583    1.24170650    1.18763173    1.12894024    1.30275197    1.36615761
M3ZEH9_XIPMA/32-82     1.12078330    1.10760025    0.89942896    1.21794671    1.27088976    1.14109769    1.33466922    1.26793671    1.42654702    1.05186987    0.52126259    0.00000000    0.81915962    1.07356952    0.91863248    0.93515500    1.11518524    1.27404617    1.23861777    1.20687910    1.05668111    1.30326095    1.17357506    1.01607373    1.24143357    1.38498661    1.54321268    1.33651136    1.54137324    1.45660809    1.44110104    1.62245862    1.33628795    1.69768847    1.94893527    1.95777670    1.43993181    1.50778420    1.82382320    1.81206732    1.39787454    1.44605571    1.68603833    1.73704411    1.62492513    1.45806352    1.74915510    1.66350660    1.63214955    1.39477889    1.42782193    1.52386862    1.59567623    1.48894894    1.37229500    1.39822668    1.41956208    1.58257245    1.37773467    1.54362605    1.63751671    1.22480056    1.34397586    1.44380973    1.49215869    1.08223817    1.13180783    1.38862853    2.11086649    2.15313026    1.76592332    1.67842855    1.51559065    1.64068435    1.28623862    1.56849223    1.44829274    1.25726298    1.45108801    1.88660915    1.34925606    1.28456028    1.35562837    1.69053348    1.56570910    2.04429750    1.70022240    1.75531285    1.26305689    1.34790784    1.41971049    1.21832672    1.30450067    1.39809815
W5N0A1_LEPOC/32-82     1.00256514    1.35357505    1.13695070    1.24942146    1.24220789    1.03610238    1.09803297    1.16046912    1.22100137    0.77435758    0.91161610    0.81915962    0.00000000    1.05663903    0.72279906    1.01436525    0.98807369    1.22039957    1.17673400    1.24998248    1.21609180    1.43709784    1.06162058    0.96948242    1.06182344    1.19523003    1.54189966    1.41206777    1.62564999    1.81009684    1.71775742    1.64125438    1.26645144    1.64568556    2.03560866    1.76146613    1.66367153    1.67353510    1.77753503    1.56053739    1.56636299    1.41544121    1.60214999    1.79548115    1.62617206    1.53072654    1.53569288    1.61837003    1.83223110    1.29135880    1.59182229    1.52232141    1.33265643    1.51318493    1.52449353    1.38866680    1.38535602    1.51224214    1.26584100    1.39678006    1.44021620    1.41995932    1.49900776    1.38068316    1.53500214    1.19081586    1.42513114    1.40231670    1.93541973    1.95004888    1.87831928    2.20168799    2.06919404    1.57178748    1.32609738    1.62104561    1.43342141    1.03665616    1.33927206    1.71284226    1.18814392    1.26025475    1.24329481    1.56394050    1.59598485    2.15811093    1.84626646    2.22222049    1.19582670    1.21994845    1.28108589    1.31201719    1.11682999    0.95508228
C3Y1L6_BRAFL/47-95     1.02711619    1.14523103    1.16405483    1.34490997    1.15722949    0.99624392    1.09949046    1.19181191    1.06749396    1.21996990    1.15385012    1.07356952    1.05663903    0.00000000    0.93838424    1.18129301    1.30085167    1.07661175    1.06052913    1.17535048    1.13038044    1.29776710    1.24072640    1.03366411    1.21263102    1.26445083    1.41493887    0.99050785    1.29532780    1.44812946    1.23858266    1.61958194    1.15367336    1.65319838    1.73796194    1.60597853    1.41022622    1.34691364    1.71943064    1.62801032    1.35991267    1.52387179    1.72220711    1.67864752    1.57273255    1.52568055    1.41020486    1.62989100    1.38710946    1.24916816    1.45238989    1.59307906    1.34100793    1.22742804    1.07656312    1.30661346    1.16866989    1.52614155    1.38167143    1.30812230    1.38948184    1.17291076    1.14733523    1.25806295    1.45728366    1.00671881    1.04400047    1.15640634    2.07125961    1.48943170    1.23283781    1.66348531    1.78349977    1.36065312    1.23415218    1.36539825    1.31193694    1.16786807    1.23374306    1.45197630    1.30558646    1.42994437    1.30790505    1.43705282    1.33153119    1.64756152    1.36537139    1.77454949    1.49780506    1.29070605    1.32425746    1.30388878    1.10667098    1.45199557
G3RQ61_GORGO/45-95     0.94384089    0.89935426    1.08436842    1.04512111    1.10067825    0.93715709    1.18690586    1.15410754    1.12050508    0.89545115    0.91470670    0.91863248    0.72279906    0.93838424    0.00000000    0.41917222    0.46982308    0.90806775    1.06957886    1.06492693    1.05525260    1.21376497    0.93028192    0.85430183    1.07654014    1.23543634    1.14346975    1.07846579    1.65991564    1.74655086    1.75682154    1.67222664    1.17727538    1.58297413    1.66041573    1.47596169    1.55786470    1.75671959    1.73157926    1.40080968    1.61721896    1.67676699    1.66815817    1.84160638    1.53042885    1.63633288    1.64264704    1.51260488    1.40008057    1.35446857    1.55065027    1.37846145    1.12930530    1.53054775    1.36627443    1.62103591    1.48178492    1.64397752    1.47893752    1.36166476    1.81908811    1.34746895    1.41141457    1.38895592    1.49298324    1.35023793    1.41098619    1.44327141    1.76891959    2.01838911    1.54786527    1.91399508    1.88966567    1.36109157    1.09345664    1.61411273    1.33742018    1.13870546    1.14249727    1.20626725    0.93915745    1.09573871    1.11769799    1.58433236    1.38595274    1.79141223    1.67313407    1.79849108    1.15698631    1.08831718    1.27583399    1.21963005    0.91767777    1.20262036
F7BYS1_XENTR/18-68     0.77770099    0.86522150    1.07095951    1.14456210    1.07148708    0.92545398    1.12856497    1.06529428    1.22792233    0.97416211    1.03481262    0.93515500    1.01436525    1.18129301    0.41917222    0.00000000    0.46295499    0.96354704    1.06869647    1.01941681    1.02944417    1.07482702    0.94871484    0.99094526    1.15407377    1.22248537    1.31526911    1.28537814    1.61575074    1.66318959    1.71850242    1.59850890    1.36674548    1.61879268    1.73668709    1.47426142    1.37117941    1.96032901    1.81885267    1.34552695    1.54088377    1.58169489    1.28908140    1.67682835    1.59638785    1.49124563    1.53720755    1.54894069    1.56453829    1.29321105    1.48434707    1.34233528    1.16022617    1.53731480    1.29810233    1.37414521    1.46749113    1.52468205    1.50623411    1.25257537    1.64081845    1.28965243    1.29202501    1.32953500    1.29528859    1.39269226    1.23690549    1.26386821    1.76507711    1.84220303    1.44743525    1.48598880    1.54658982    1.40712964    1.16006457    1.56644694    1.35661468    1.20667509    1.17229543    1.35850592    1.01310974    1.20878702    1.11670851    1.32142885    1.24981768    1.73342948    1.47072635    1.81275889    1.10822168    1.27434521    1.33881528    1.38585492    0.86494920    1.06798917
G1KLF7_ANOCA/24-74     1.09660155    1.03981678    1.34080163    1.43010195    1.39252256    1.11763069    1.43151810    1.35424799    1.28076343    0.99408333    1.15220735    1.11518524    0.98807369    1.30085167    0.46982308    0.46295499    0.00000000    1.10363279    1.18894220    1.16906345    1.17327139    1.15604875    1.14892443    1.10298051    1.17135403    1.20235460    1.46930967    1.42370349    1.51667882    1.66508746    1.94884075    1.45825807    1.48452633    1.61153959    1.94016021    1.58489332    1.31381313    1.74936636    1.81773488    1.63154648    1.64709885    1.65789675    1.57948307    1.78413038    1.70189100    1.42372519    1.57241113    1.54684403    1.47565250    1.28984296    1.67745440    1.33850124    1.30381871    1.53073262    1.34795106    1.58200724    1.54191515    1.64740537    1.64582431    1.48665030    1.83690232    1.36726283    1.45905324    1.45580537    1.50131885    1.52357932    1.47227313    1.62520122    2.14532241    1.94924200    1.61358998    1.70198929    1.76102153    1.40600937    1.15480868    1.74154364    1.47926335    1.15201315    1.20787179    1.60498477    1.05896319    1.28052117    1.19896512    1.59393328    1.33297599    1.70973316    1.80250501    1.74292328    1.16620522    1.30060798    1.37125729    1.40299247    1.01562730    1.33803630
H0Z0Z3_TAEGU/36-86     0.86313566    1.09600443    1.02702842    1.06012446    1.21599994    0.86386853    1.03672922    1.09236749    1.41792758    1.42965523    0.98940542    1.27404617    1.22039957    1.07661175    0.90806775    0.96354704    1.10363279    0.00000000    0.28233211    0.42992945    0.44633513    0.88121779    0.77442457    0.59845721    0.71278860    0.74312517    1.10263651    1.18710028    1.22244462    1.37704915    1.50261626    1.59137475    1.26269909    1.36536159    1.36197779    1.37344534    1.36854105    1.86881320    1.65426604    1.55303770    1.51687940    1.45993677    1.63771167    1.46093264    1.48293449    1.31808705    1.54170475    1.52936963    1.34253551    1.36036677    1.40309352    1.14642903    1.02639568    1.59543654    1.50654509    1.64420749    1.66891141    1.43175490    1.57907796    1.37282742    1.74797596    1.42535068    1.48809994    1.43472096    1.47510139    1.39808628    1.41666566    1.24894156    1.75591059    1.65853711    1.48556265    1.36051874    1.44563038    1.32532952    0.93342245    1.77672910    1.35477781    1.22400861    1.14267897    1.41442649    0.97362458    1.16614064    1.09265322    1.62832226    1.32739067    1.69357931    1.45551048    1.61667935    1.22191383    1.10307689    1.22961530    1.16036232    1.12000954    1.17943125
ITB5_MOUSE/26-76     0.85145533    1.20699765    1.11271205    1.15617720    1.26687751    1.00467940    1.14389144    1.14797049    1.47420538    1.34808007    0.93262409    1.23861777    1.17673400    1.06052913    1.06957886    1.06869647    1.18894220    0.28233211    0.00000000    0.47419858    0.42850262    0.89450348    0.75417185    0.60455451    0.61337527    0.54746388    1.10558045    1.35829548    1.45504990    1.49992839    1.59449789    1.52139304    1.33804947    1.40711831    1.50238578    1.52807001    1.30427019    1.94458485    1.50215316    1.62288419    1.40291105    1.60271699    1.59063034    1.68585223    1.52413024    1.38492428    1.56452646    1.59504895    1.44846972    1.31516157    1.49728971    1.08647681    1.18149363    1.57592707    1.77755369    1.78730954    1.84949356    1.57876922    1.65592890    1.43988993    1.69801110    1.39876504    1.55707587    1.57978658    1.59789663    1.42883100    1.41797565    1.48902901    1.87422124    1.77674271    1.48772878    1.50574784    1.53258899    1.34570093    1.17687837    2.11570420    1.43784450    1.35768006    1.25538306    1.72425809    0.98863014    1.38191456    1.02328657    1.65148811    1.35549784    1.70050062    1.60796698    1.82850280    1.39130883    1.20817132    1.29256592    1.31991978    1.19155069    1.18214541
H3D1V2_TETNG/31-81     1.10458497    1.22969356    1.26068356    1.29702991    1.42077453    1.12957545    1.21630153    1.25197280    1.61929349    1.57666519    1.05592002    1.20687910    1.24998248    1.17535048    1.06492693    1.01941681    1.16906345    0.42992945    0.47419858    0.00000000    0.37304412    0.89489393    0.64133479    0.70558222    0.82019972    0.66446783    1.37478379    1.36100762    1.59650810    1.66011625    1.33963793    1.79872607    1.16408290    1.60690537    1.56803757    1.64361981    1.22321503    1.75942457    1.62352526    1.68511433    1.36235205    1.37816685    1.47001354    1.33890384    1.46194691    1.33431491    1.23461182    1.47673128    1.31111091    1.03691569    1.44210300    1.01976463    0.94840157    1.51758724    1.56464785    1.46270000    1.73953262    1.42210039    1.63330117    1.50595103    1.63125308    1.35474249    1.45963874    1.34805875    1.42889631    1.36416927    1.25891530    1.15171319    1.54384140    1.93404329    1.39213591    1.62090248    1.63516660    1.32220627    1.09071264    1.95804966    1.43954360    1.33075837    1.24536035    1.77640857    1.02902364    1.11793165    1.18741721    1.67516794    1.58505087    1.75856063    1.69289482    1.84244088    1.35271219    1.27439453    1.40017784    1.27976141    1.28939458    1.26085789
G3P1C9_GASAC/29-79     0.92059134    1.21662640    1.16765438    1.32689421    1.40909549    1.08734473    1.26038265    1.18424590    1.39363356    1.31269781    0.93833328    1.05668111    1.21609180    1.13038044    1.05525260    1.02944417    1.17327139    0.44633513    0.42850262    0.37304412    0.00000000    0.97777908    0.83691016    0.82518134    0.76541922    0.67208706    1.41533118    1.27230845    1.48623370    1.55205567    1.53862669    1.61103767    1.17231234    1.52872141    1.40255123    1.61146371    1.36479644    1.97911602    1.78229775    1.82121918    1.61815342    1.62420316    1.70506145    1.56222417    1.66846218    1.36142672    1.55617029    1.59294060    1.49770207    1.06828952    1.68529839    1.21919187    1.12927214    1.59823042    1.48467473    1.45470037    1.66368402    1.76028704    1.71469922    1.65711811    1.68029567    1.46242436    1.56504553    1.48904539    1.48490076    1.21890589    1.14365068    1.11714988    1.80649194    1.88673113    1.32569831    1.38712268    1.36340079    1.68428597    1.04958294    1.83213190    1.29710387    1.24436234    1.24105973    1.68630343    1.04327609    1.03768691    1.11379462    1.56289007    1.52588652    1.80467210    1.62527465    1.88177560    1.22618451    1.23215792    1.28726071    1.31573855    1.19209348    1.15267890
W5K1Q3_ASTMX/1-39     1.52147504    1.10956010    1.49849817    1.82272770    1.63989382    1.24684086    1.52403897    1.43408936    1.77290425    1.70669467    1.28367604    1.30326095    1.43709784    1.29776710    1.21376497    1.07482702    1.15604875    0.88121779    0.89450348    0.89489393    0.97777908    0.00000000    0.32098191    0.54128543    0.76871283    0.69061813    0.78569483    1.09398129    1.37900503    1.52066900    1.54437685    1.79853217    1.09613297    1.78400797    1.18168792    1.29837853    1.93139184    1.74974026    1.81411748    1.30005610    1.54196884    1.30464398    1.65533191    1.44104163    1.44764412    1.55068446    1.09529644    1.17678882    1.31763457    1.13207803    1.57970570    1.28183215    1.10438689    1.86859260    1.60270709    1.67634148    1.63690318    1.64313908    1.64258371    1.56999309    1.66769684    1.55557121    1.63658501    1.72459598    1.41276675    1.47314249    1.48375381    1.30355366    1.73550041    1.72477348    1.51076612    1.73208478    1.88134515    1.34608661    1.32237268    2.06821928    1.87396395    1.49173365    1.23136387    1.49717481    1.09937463    1.28791638    0.96764550    1.26785596    0.92846337    1.36338534    1.32567097    1.46199947    0.99847933    0.99709226    0.77196348    0.89965192    1.08425860    1.04248765
B3DIP9_DANRE/28-78     1.31071022    1.25378607    1.32473065    1.58644920    1.51077483    1.12725763    1.40810875    1.42677788    1.50738087    1.39267037    1.19847429    1.17357506    1.06162058    1.24072640    0.93028192    0.94871484    1.14892443    0.77442457    0.75417185    0.64133479    0.83691016    0.32098191    0.00000000    0.41851822    0.57207451    0.58365494    0.89647203    1.02836888    1.39600585    1.33472273    1.41232566    1.66832610    1.03275991    1.58677250    1.55542420    1.45363776    1.58926778    1.46737100    1.26238899    1.28491511    1.45492877    1.57733373    1.50420418    1.27331345    1.32421369    1.15211524    1.08463316    1.10872654    1.14050455    0.94947160    1.24325345    0.92038618    0.92309911    1.76289860    1.62936306    1.42056762    1.58313158    1.31522488    1.49547388    1.41238040    1.46968398    1.51626953    1.49472526    1.23768308    1.39761433    1.42855990    1.36503982    1.18430800    1.74357773    1.75021615    1.42035383    1.34939113    1.62404634    1.53232406    1.07639999    1.80842933    1.73436389    1.50263588    1.28785562    1.54807850    1.10903079    1.36179804    1.20383440    1.47643694    1.49562138    1.49286279    1.63081580    1.91174332    1.18701067    1.11495336    1.18270045    1.16380614    1.25518300    1.14542232
H3AM01_LATCH/5-52     1.26631509    1.04386264    1.02363695    1.26448036    1.33587067    0.97659105    1.30249838    1.23726469    1.38818444    1.28561725    0.88366541    1.01607373    0.96948242    1.03366411    0.85430183    0.99094526    1.10298051    0.59845721    0.60455451    0.70558222    0.82518134    0.54128543    0.41851822    0.00000000    0.51012284    0.46282325    0.90727008    1.15572659    1.35495464    1.40202387    1.37730910    1.76637939    1.07158668    1.45060235    1.41262753    1.48994346    1.50456963    1.31759610    1.44755983    1.41760231    1.11717024    1.37694044    1.57077322    1.50264302    1.30286558    1.09606103    1.17719637    1.20440134    1.13482819    1.12341806    1.50179015    1.19200488    1.10951441    1.44022685    1.44003251    1.59524591    1.54004641    1.68913091    1.28159448    1.34790959    1.45582488    1.22085477    1.25120449    1.24756510    1.28765267    1.41729284    1.33716629    1.20632282    1.81831930    1.80268330    1.36085383    1.33754733    1.46578366    1.33473826    1.17633719    1.69711166    1.42948139    1.34950363    1.18533152    1.54459145    0.97789431    1.38214931    1.08750015    1.67817864    1.45736701    1.59239895    1.54912864    1.67624708    1.45730603    1.19595249    1.30937782    1.21038615    1.18245748    1.16491214
B3DIV8_DANRE/23-73     1.20453359    1.21293207    1.37895999    1.52451461    1.43551493    1.09800193    1.33628326    1.26328999    1.62249436    1.25238331    1.10264202    1.24143357    1.06182344    1.21263102    1.07654014    1.15407377    1.17135403    0.71278860    0.61337527    0.82019972    0.76541922    0.76871283    0.57207451    0.51012284    0.00000000    0.34839516    1.10739572    1.21139578    1.39946166    1.32829684    1.41725184    1.71729262    1.17344679    1.44034419    1.31745859    1.40101181    1.21103609    1.75713817    1.30542274    1.00412588    1.11772507    1.48713441    1.57641931    1.56273496    1.53775930    1.39121185    1.13574463    1.24746612    1.09481974    0.93065999    1.20436277    0.99186865    1.05003133    1.67573763    1.49929542    1.56401726    1.47574340    1.37135291    1.40226281    1.57017006    1.50402271    1.31023901    1.43031008    1.45768178    1.20733487    1.21115444    1.29376873    1.31058853    1.56805488    1.80110566    1.15917112    1.29105920    1.39808657    1.32213367    1.16629986    2.08048677    1.56697260    1.43798225    1.37518142    1.55748195    1.12288005    1.41314963    1.11464309    1.60147413    1.39190050    1.43269100    1.40530518    1.51856541    1.38938538    1.01848281    1.03978751    1.21699014    1.24673057    0.97420272
M4A2K3_XIPMA/22-72     1.14817207    1.28529194    1.37295805    1.68295175    1.56712832    1.20751146    1.39578372    1.42872531    1.41065818    1.59132980    1.19276282    1.38498661    1.19523003    1.26445083    1.23543634    1.22248537    1.20235460    0.74312517    0.54746388    0.66446783    0.67208706    0.69061813    0.58365494    0.46282325    0.34839516    0.00000000    0.93253817    1.24122299    1.32282415    1.21125926    1.19538580    1.62266671    1.20238597    1.36679378    1.26947966    1.53097671    1.28607748    1.82864620    1.08026415    1.22212061    1.22395924    1.38621734    1.46242859    1.44180343    1.44748535    1.22442126    1.36510043    1.52759344    1.33391640    1.14163712    1.27091890    1.11624771    0.93381681    1.49423754    1.47592781    1.54859881    1.58601800    1.42610656    1.42265622    1.62192154    1.41806489    1.41833849    1.52394461    1.39433851    1.30842175    1.33938801    1.33834179    1.41721206    1.65833273    1.76110822    1.08749384    1.36819596    1.38299641    1.26534998    0.99952437    1.85492704    1.42041152    1.18565191    1.36968847    1.64040183    0.95908351    1.21600035    1.02846676    1.46575491    1.27145706    1.42417225    1.29445592    1.45087792    1.26060987    1.07918888    1.10744429    1.29025191    1.05127864    0.74935580
H0VIT4_CAVPO/1-44     1.29164946    1.12946552    1.34066985    1.74328604    1.53568295    1.34057116    1.48707985    1.47848043    1.63905133    1.38531029    1.26146529    1.54321268    1.54189966    1.41493887    1.14346975    1.31526911    1.46930967    1.10263651    1.10558045    1.37478379    1.41533118    0.78569483    0.89647203    0.90727008    1.10739572    0.93253817    0.00000000    1.04797790    1.17936865    1.22149135    1.36470246    1.58275948    1.30183139    1.23892409    1.26106849    1.40677507    1.30173670    1.47135181    1.38472015    1.38363464    1.34739472    1.56686641    1.49852246    1.68279992    1.60436781    1.66369308    1.56276722    1.58205765    1.41277730    1.34967008    1.63159883    1.31009034    1.35004700    1.67769277    1.69938521    1.63026539    1.71965883    1.76124963    1.44335859    1.53107934    1.71980081    1.57467614    1.79139089    1.47165294    1.42446843    1.81282263    1.76814721    1.86883808    2.18856482    1.86310661    1.30328116    1.60535947    1.48468178    1.45238172    1.37737101    1.62878702    1.33640980    1.42670238    1.42265641    1.34091522    0.98883394    1.44563306    0.98733713    1.55836517    1.16172061    1.59790794    1.34604289    1.37975671    1.35865125    1.26961750    1.02009954    1.19930577    1.20850270    1.08593572
B3RT93_TRIAD/25-69     1.34989144    1.34324989    1.41023201    1.68360611    1.60691421    1.30880077    1.50536696    1.69041646    1.46253000    1.56077575    1.44501767    1.33651136    1.41206777    0.99050785    1.07846579    1.28537814    1.42370349    1.18710028    1.35829548    1.36100762    1.27230845    1.09398129    1.02836888    1.15572659    1.21139578    1.24122299    1.04797790    0.00000000    1.28637622    1.25704158    1.04615141    1.31494309    1.53335412    1.27799459    1.12956694    1.18211704    1.21691834    1.62003342    1.48199260    1.37085304    1.55763466    1.63171689    1.72931598    1.34977370    1.63341118    1.37297144    1.10247572    1.35313444    1.46887475    1.19990903    1.42887521    1.28624865    1.35084723    1.56686718    1.32047776    1.48335821    1.42060784    1.49068674    1.51680383    1.64960355    1.71643993    1.65440667    1.62061799    1.26611289    1.46793714    1.33604947    1.35832752    1.23936581    1.91356009    1.55008767    1.77717568    1.48730933    1.45965082    1.77918024    1.36511656    1.37723312    1.58393798    1.54335718    1.52902207    1.23243458    1.11987902    1.43503606    1.33188294    1.69234475    1.49549542    1.42500183    1.12868553    1.43242821    1.30842582    1.38463867    1.42027595    1.25975332    1.04048137    1.30560157
E2BNA6_HARSA/32-80     1.37501926    1.41003302    1.36623943    1.50187325    1.52198834    1.58359401    1.55408396    1.50116303    1.78646781    1.45698535    1.56084021    1.54137324    1.62564999    1.29532780    1.65991564    1.61575074    1.51667882    1.22244462    1.45504990    1.59650810    1.48623370    1.37900503    1.39600585    1.35495464    1.39946166    1.32282415    1.17936865    1.28637622    0.00000000    0.34662922    1.08123784    1.45615153    1.46856518    1.64451590    1.33202352    1.51305321    1.51508905    1.70404015    1.75387893    1.69786739    1.16434209    1.37601061    1.67234061    1.45711744    1.62720856    1.38531942    1.44963645    1.58327801    1.89980196    1.50107301    1.52758176    1.62203411    1.57801005    1.57266199    1.56540098    1.48830253    1.41478379    1.25962939    1.58774633    1.57015300    1.56591139    1.50388327    1.54131002    1.57101764    1.47705849    1.72013376    1.43991927    1.64461123    2.09996499    1.45821443    1.24976203    1.48572991    1.24029437    1.59794621    1.73110185    1.70653245    1.50174638    1.67424024    1.66451335    1.97965408    1.22985092    1.61718780    1.41334088    1.84184616    1.33826878    1.41911351    1.12520854    1.20361918    1.50033838    1.38888425    1.07395620    1.18070567    1.40057387    1.33457817
