60
A0A0V2FAD7_CAUVI/674-783     0.00000000    1.09758405    1.01965535    1.67043671    1.99102997    1.69761678    1.70000777    1.74162016    1.86362692    2.11448215    2.76399488    2.06977668    1.87456433    1.83522624    2.10001106    1.89695436    1.74021920    2.27588570    2.28391648    1.78856148    1.73997315    2.24721080    2.08953219    2.13531474    2.15061358    1.83118615    2.01732685    2.33593473    1.89301872    1.92638422    1.71445013    2.02066859    1.83567755    1.72685383    1.80205300    1.49135252    2.33690305    2.17405321    2.00875119    2.20058632    2.30919634    2.13018741    1.88027288    2.24964610    2.35262118    1.83390609    1.99046847    2.15127611    2.59542212    2.84422427    3.22559903    3.07006395    2.82138434    2.73413792    2.65125555    2.72840738    2.77637891    2.56129590    3.12682262    2.47270203
F4QKK9_9CAUL/655-765     1.09758405    0.00000000    0.82572475    1.88984015    1.81827192    1.89464691    2.28017545    2.00615677    1.86335139    2.17891528    2.44731531    2.19346897    1.91483559    1.90008980    2.18848731    1.88920728    1.99428512    2.28058837    2.21533871    2.04841610    1.80190005    2.40144313    2.42447419    1.82248512    2.22408550    2.10054241    2.27786638    2.42677268    2.14083148    2.08124557    1.76411103    2.47955502    2.20385089    1.82424020    2.09995170    2.01197770    2.58811435    2.14089291    2.15959433    2.41721713    2.54545886    2.32721512    2.22726385    2.08833799    2.38314727    2.06651649    2.21911483    2.12271439    2.45792932    3.11718043    3.54948704    3.18864963    3.41517004    3.19285642    3.09694285    3.59024506    3.49052595    3.07714133    2.80605841    3.13304433
E8RNY2_ASTEC/650-761     1.01965535    0.82572475    0.00000000    1.52305864    2.07839362    1.69473525    2.25152623    1.77655678    1.72404392    2.33175201    2.41762268    1.91168801    1.99501907    1.67193140    1.77157663    1.65699758    1.81150282    2.05266505    2.14974894    1.82259223    1.60861068    2.42092342    2.08582786    1.91842436    1.98930843    2.01463913    1.91094429    2.03883447    2.05663613    1.95432902    1.78497564    2.08775681    1.82805931    1.58241397    2.37028618    1.96514485    2.56827629    2.17220610    2.03410237    2.14095869    2.38643981    2.34183389    1.99774768    2.12667007    2.17285898    1.77151599    2.53914438    2.00027483    2.50605245    2.71852739    3.20275384    2.92126892    2.87104388    3.05611943    3.06158950    3.44827307    3.06522843    2.53315832    3.07053826    3.10250707
C6XMS7_HIRBI/633-744     1.67043671    1.88984015    1.52305864    0.00000000    1.44177350    1.16073407    1.47509126    2.04088059    2.06287674    2.29720577    2.53425817    2.10392107    1.54873627    1.64800138    2.08502870    2.02093053    1.85012185    2.30970743    2.45852720    2.28997952    1.90384065    2.25111913    2.32956898    1.73062513    2.04581016    1.89044219    1.92226148    1.76112985    1.85964629    1.84995965    1.73877883    1.99392156    1.76221130    1.36927646    1.73696691    1.40872539    1.86896994    1.75673692    1.80357577    1.91953092    1.93345156    1.73546588    1.63469130    1.67634169    2.02104226    1.79047996    1.81734396    1.73690032    2.02091327    2.24453356    2.86966923    2.66312996    2.98438624    2.64157198    2.71262505    2.65002099    2.82143966    2.65680301    3.01339048    2.41781436
E0TCG7_PARBH/619-730     1.99102997    1.81827192    2.07839362    1.44177350    0.00000000    1.46868111    2.07460830    2.48057272    2.32027442    2.63260139    2.38750964    2.22169706    2.36155532    2.03521308    2.20043002    2.11278547    2.00922498    2.45924712    2.18781708    2.54790862    2.12515779    2.16746795    2.48222324    2.36099148    2.45292542    2.40042012    2.18316353    2.36873403    2.07468139    2.44235658    1.91056325    2.24956853    2.24501416    1.91725199    2.60762826    1.97912083    2.15120388    2.04888971    1.98505827    2.08808114    1.94948544    1.59459026    1.91622378    2.18060512    2.32012268    1.69970315    1.94576668    2.33037643    2.48769987    2.43820131    2.65272108    2.84924596    3.08324615    3.14921014    2.58378758    2.97440679    3.01997903    3.14468091    2.77380649    2.65035095
Q0AQI5_MARMM/619-730     1.69761678    1.89464691    1.69473525    1.16073407    1.46868111    0.00000000    1.12815789    1.87641770    2.18861724    2.48223800    2.50054847    1.87725058    1.75369104    1.57742839    2.04598794    1.89300518    2.32339318    2.16725027    2.47779534    2.32063989    1.65055986    2.33923953    2.05166835    2.05100703    2.07867488    1.89620602    1.71203175    1.92766371    1.89444434    2.03502376    2.01840261    2.07941375    1.76552162    1.63228775    2.06744879    1.81192729    2.33779467    1.95917156    1.72684484    2.25638201    1.76739318    2.02201910    1.88281881    1.51302663    2.16749783    1.60511216    2.09893333    1.99014692    2.69735794    2.75797039    2.36705657    2.23046903    2.36650067    2.27293029    2.26061203    2.24929249    2.32116710    2.01299696    2.26482108    2.22002686
A0A062TY71_9PROT/642-754     1.70000777    2.28017545    2.25152623    1.47509126    2.07460830    1.12815789    0.00000000    1.73558231    2.17588478    2.39076923    2.66059839    1.70395980    1.87453930    1.69142341    2.12189514    1.93621598    2.24032773    1.93786402    2.23890687    2.19239818    1.78120241    2.15491251    2.03117565    2.04551706    1.85045859    1.46901645    1.53001012    1.71794184    1.79694510    2.02984547    1.89882622    1.91712816    1.82310621    1.53606459    1.86747075    1.93492556    1.90731599    1.74490130    1.78914803    2.11777806    1.70044533    1.89522254    1.65694810    1.50972373    2.06439449    1.55934317    2.08641658    1.60734031    2.67655013    2.65682449    2.18297841    2.37039481    2.55912092    2.52343568    2.70116189    2.74135564    2.18317615    2.25618055    2.64830834    1.93478440
G7ZEJ9_AZOL4/602-713     1.74162016    2.00615677    1.77655678    2.04088059    2.48057272    1.87641770    1.73558231    0.00000000    1.03628518    1.81447165    2.04206873    1.11525271    1.33478178    1.03958606    1.80328194    1.54927948    1.66280663    1.86340769    1.91800128    1.71040133    1.46947826    1.81299726    1.74096561    1.48602150    1.91076668    1.10197662    1.31659827    1.34436489    1.30839060    1.58334699    1.54679268    1.67155967    1.28545391    1.57607149    1.38899117    1.22912672    1.97590420    1.73096720    2.02935444    1.86585131    1.61596596    1.88203293    1.44868152    1.19885829    1.32074481    1.38896661    2.27613046    1.91306651    2.43959140    3.21292951    2.98783257    2.41652131    2.57492605    2.20120353    2.84641289    2.60246068    2.44135747    2.47405416    3.15488359    2.59773276
A0A0Q9YI59_9COXI/746-857     1.86362692    1.86335139    1.72404392    2.06287674    2.32027442    2.18861724    2.17588478    1.03628518    0.00000000    2.00996165    2.32652092    1.58139332    1.64602219    1.33259663    1.47137460    1.55600459    1.53182699    1.71484927    1.67269720    1.77124488    1.42792173    1.56701615    1.95404245    1.56659588    1.60981242    1.53635451    1.59886579    1.65874632    1.60371705    1.86783431    1.67308260    1.66084060    1.66230397    1.55897277    1.87711761    1.52592000    1.89818020    1.54704419    1.95423878    2.22595583    1.87723586    1.75010274    2.02869256    1.59954620    2.22521348    1.54304465    2.34977054    2.18992904    2.62190492    2.81077483    2.70123997    2.94843723    3.20927207    3.09837336    2.23359272    2.85346886    2.72293337    3.20867086    2.53684834    2.15086152
D5RNC6_9PROT/678-788     2.11448215    2.17891528    2.33175201    2.29720577    2.63260139    2.48223800    2.39076923    1.81447165    2.00996165    0.00000000    1.72866496    1.78813222    1.84597661    1.69469550    2.04315129    2.24779100    1.82951764    2.07352220    2.19035501    2.04896548    2.01321165    2.18687687    2.26983982    1.92572133    1.97661195    1.82972459    1.93137624    1.78990895    1.68881648    1.83249211    2.09383925    2.20899871    1.87700782    1.84496193    1.93844655    1.86913893    2.91042971    2.24376377    2.72036575    2.47595311    2.55806795    2.35681896    2.43803943    2.03410562    1.77642985    1.67786360    1.82039235    2.48090529    2.72459364    2.95363582    2.45699574    2.62676054    3.18371213    2.87084237    2.83382224    3.08461268    2.76907850    2.43775327    2.93515824    2.49715356
B7J5P0_ACIF2/587-699     2.76399488    2.44731531    2.41762268    2.53425817    2.38750964    2.50054847    2.66059839    2.04206873    2.32652092    1.72866496    0.00000000    2.08851041    2.35478062    1.78523883    2.56721382    2.65685224    2.30446358    2.53653966    2.93238048    2.24156836    2.20590864    2.70221716    2.61478884    2.27334868    2.33287949    2.45536536    2.12243347    2.47918485    2.36109269    2.55430007    2.64090067    2.25527237    2.66355702    2.16666053    2.82188058    2.31976501    3.05019699    2.20867890    2.38322696    2.49661855    2.48225888    2.11181893    2.28375620    2.22634747    2.19712583    2.52452007    2.78525852    2.25075923    2.54723535    2.70330812    2.34554175    2.28472585    2.63747811    2.42684250    2.79228142    3.14979416    3.01140876    2.42841571    3.13663780    3.04937137
Q2RY86_RHORT/762-874     2.06977668    2.19346897    1.91168801    2.10392107    2.22169706    1.87725058    1.70395980    1.11525271    1.58139332    1.78813222    2.08851041    0.00000000    1.48846865    1.38019064    1.77804168    2.00098787    2.00380714    1.94599494    1.93769083    1.80199323    1.51680796    1.93120398    1.85750299    1.98551090    1.68535973    1.68400765    1.30135127    1.74849523    1.52015585    1.64704747    1.86712109    1.57221551    1.44832182    1.63974516    1.78337634    1.53915052    2.03707226    1.92379321    1.86562441    1.78299676    1.81352662    1.90538806    1.57133077    1.32266519    1.59960786    1.68314644    2.50269307    2.43191091    3.00244411    2.46798774    2.47988011    2.59524950    2.66741979    2.61211279    2.79864992    2.94587568    2.50869213    1.98005742    2.79849705    2.52661449
Q0BPJ8_GRABC/621-733     1.87456433    1.91483559    1.99501907    1.54873627    2.36155532    1.75369104    1.87453930    1.33478178    1.64602219    1.84597661    2.35478062    1.48846865    0.00000000    1.33558482    1.78304550    1.95052561    1.86120919    1.97310766    2.03736444    1.99301175    1.71228077    2.51869189    1.96716386    1.76200189    2.09908435    1.56477387    1.64330135    1.76680134    1.70079928    1.80943952    1.85317280    1.94042893    1.75551370    1.56529722    1.89637469    2.02009321    2.55639561    2.16470136    2.41432639    2.18671327    2.01752638    2.02462313    1.81540732    1.55727950    1.61029079    1.85617905    2.43305529    2.17197186    2.42685307    2.55892230    2.74014132    2.40035375    2.40466139    2.27606943    2.26895810    2.83774226    2.35712661    2.28889004    2.82939065    2.41602117
A8TWA4_9PROT/610-721     1.83522624    1.90008980    1.67193140    1.64800138    2.03521308    1.57742839    1.69142341    1.03958606    1.33259663    1.69469550    1.78523883    1.38019064    1.33558482    0.00000000    1.48301668    1.59997829    1.38120381    1.88626813    1.95693593    1.66326892    1.38886003    1.91887502    1.80360876    1.54005922    1.57006558    1.52734006    1.37057502    1.39465831    1.26929740    1.65872444    1.70382251    1.59111333    1.43776254    1.50770492    1.74326580    1.52748793    1.99375963    1.43677847    1.70423216    1.71426590    1.52709022    1.67398539    1.39326173    1.50320515    1.60048989    1.60305239    2.26195429    2.16850904    2.25333102    2.74867023    2.46785301    2.43586366    2.58440097    2.52915829    2.43843998    2.64703164    2.32137868    2.72405337    3.01373459    2.37675124
G4E490_9GAMM/750-862     2.10001106    2.18848731    1.77157663    2.08502870    2.20043002    2.04598794    2.12189514    1.80328194    1.47137460    2.04315129    2.56721382    1.77804168    1.78304550    1.48301668    0.00000000    1.56931764    1.86927131    1.74333369    1.69363453    1.93793156    1.54751460    1.94517181    1.93381591    1.90126062    1.61803170    1.93631939    1.72599206    1.86979916    1.70228230    1.89694229    1.62880688    1.50811941    2.03638432    1.71845681    1.95160577    1.77008011    2.06961160    2.05004690    2.15365519    1.95674990    2.06330252    2.02778334    2.49715656    1.83223840    1.99009201    1.55954742    2.40309323    2.05190836    2.52628782    2.32759362    2.38279499    2.49060002    2.50452957    2.59628531    2.41234093    2.77878054    2.24488528    2.67940648    2.65790821    2.09716477
S0G7U2_9DELT/579-690     1.89695436    1.88920728    1.65699758    2.02093053    2.11278547    1.89300518    1.93621598    1.54927948    1.55600459    2.24779100    2.65685224    2.00098787    1.95052561    1.59997829    1.56931764    0.00000000    1.29058626    1.61829243    1.79332898    1.35258370    1.34071783    1.58513113    1.94469259    1.22915489    1.44602241    1.42717811    1.64723300    1.84420801    1.60103259    2.02174477    1.68548467    2.05715183    1.91793772    1.69244074    1.75100101    1.57928188    1.90502065    1.75897293    2.24670742    2.40623174    2.18721351    2.11229245    2.20923903    1.77131784    2.11514637    1.65218768    2.20069212    2.33492233    2.53800229    2.66279775    2.43353756    2.22777165    2.75279286    2.31520184    2.22698220    2.61766591    2.04708319    2.43224322    2.81977399    2.25104594
S6GE71_9GAMM/588-699     1.74021920    1.99428512    1.81150282    1.85012185    2.00922498    2.32339318    2.24032773    1.66280663    1.53182699    1.82951764    2.30446358    2.00380714    1.86120919    1.38120381    1.86927131    1.29058626    0.00000000    1.13778283    1.37447274    1.07424957    1.14834413    1.24737303    1.51990004    1.16284365    1.38825178    1.76713223    1.86480252    1.78558006    1.50587788    1.98183796    1.67070036    1.89828389    1.56158769    1.44113839    1.91332941    1.71867029    1.80165585    1.78071037    2.27638861    2.25952311    1.76558946    1.89536725    1.86948940    1.87933076    1.90617297    1.75346699    1.68879904    2.03691940    2.47069062    2.57920857    2.76603693    2.61075058    2.90743386    2.78414473    2.87975838    3.27194357    3.30781224    2.79497917    2.35182018    2.97131890
D3VLN3_XENNA/641-767     2.27588570    2.28058837    2.05266505    2.30970743    2.45924712    2.16725027    1.93786402    1.86340769    1.71484927    2.07352220    2.53653966    1.94599494    1.97310766    1.88626813    1.74333369    1.61829243    1.13778283    0.00000000    1.17601864    1.24464503    1.10173768    1.50307140    1.31451286    1.41262116    1.52356898    1.77956461    1.74462948    1.84130389    1.69790515    2.06776346    1.69631166    1.61750741    1.62779197    1.66251663    1.87856675    2.03531503    2.02890332    2.10979509    2.44686726    2.43060477    2.23093262    2.41506128    2.34744477    2.21220565    2.30416327    1.97896142    2.40051739    2.14016769    2.87083359    2.52213888    2.59260861    2.16093424    3.00983633    3.13062681    2.82001407    3.26392681    2.99025106    2.70657854    2.22010561    2.75812307
A0A0K1XBH8_9GAMM/607-718     2.28391648    2.21533871    2.14974894    2.45852720    2.18781708    2.47779534    2.23890687    1.91800128    1.67269720    2.19035501    2.93238048    1.93769083    2.03736444    1.95693593    1.69363453    1.79332898    1.37447274    1.17601864    0.00000000    1.56830188    1.61267194    1.94342368    1.68954661    1.89817198    1.67939441    2.24309249    2.40464966    2.34719142    1.95260654    2.38146135    1.84488927    2.23509328    2.37146348    2.14486735    2.72650714    2.19216302    2.22134442    2.35974932    2.98338990    2.68170352    2.03796507    2.18995933    2.51630209    2.01687036    1.93757070    2.16828745    2.92975433    2.48631042    2.84024738    2.98767674    2.49402995    2.86606796    2.91491914    3.15698341    2.39327668    2.89057392    3.27154463    2.35992546    2.41886190    3.08670309
A0A0D8D0C2_9GAMM/614-726     1.78856148    2.04841610    1.82259223    2.28997952    2.54790862    2.32063989    2.19239818    1.71040133    1.77124488    2.04896548    2.24156836    1.80199323    1.99301175    1.66326892    1.93793156    1.35258370    1.07424957    1.24464503    1.56830188    0.00000000    1.03859305    1.49070446    1.69522446    1.30111180    1.40516080    1.63979015    1.89027212    1.80408612    1.77630453    1.77157796    1.82706210    1.77587009    1.74575532    1.71457970    2.08517582    1.91243284    1.87066326    2.27310107    2.70807153    2.61267138    2.29500707    2.48415869    2.25844713    1.89581419    2.05335345    1.91040300    2.26679916    2.38024112    2.14219733    2.33073377    2.77006160    2.37939819    2.49687250    2.44421298    2.34851496    3.04376802    2.65867129    2.29854732    2.36678652    2.47127405
C5BPG1_TERTT/627-739     1.73997315    1.80190005    1.60861068    1.90384065    2.12515779    1.65055986    1.78120241    1.46947826    1.42792173    2.01321165    2.20590864    1.51680796    1.71228077    1.38886003    1.54751460    1.34071783    1.14834413    1.10173768    1.61267194    1.03859305    0.00000000    1.40824967    1.46709036    1.57396904    1.18920609    1.37960932    1.38724465    1.46464938    1.53567367    1.88577954    1.29418303    1.50457767    1.63899398    1.36014380    1.90178148    1.59536174    2.08519414    1.92319873    1.93340025    2.37513833    1.91279278    1.84445764    2.02913489    1.43260820    1.80329097    1.72696168    2.09878806    1.96488572    2.43832729    2.25162661    1.87606474    2.05229425    2.60987442    2.18468352    2.15619600    2.48822490    2.34425750    2.27526603    2.39365022    2.01400664
Q2SKN6_HAHCH/620-731     2.24721080    2.40144313    2.42092342    2.25111913    2.16746795    2.33923953    2.15491251    1.81299726    1.56701615    2.18687687    2.70221716    1.93120398    2.51869189    1.91887502    1.94517181    1.58513113    1.24737303    1.50307140    1.94342368    1.49070446    1.40824967    0.00000000    1.49828264    1.31592250    1.52858283    2.01933716    1.81111133    2.12846746    1.99110206    2.75932332    2.27110667    2.33876545    1.86860403    2.06554649    2.09462763    1.91152098    1.90143158    2.29736212    2.66423099    2.72994033    1.84364936    2.14905617    2.63070687    2.09759258    2.14706576    1.92081548    2.20652560    2.12112614    2.51533937    2.74833705    2.89328532    2.65024312    2.84451774    2.87022716    2.64992139    3.08898598    3.30076085    2.74245302    2.88588750    2.57446378
Q7VVC2_BORPE/681-791     2.08953219    2.42447419    2.08582786    2.32956898    2.48222324    2.05166835    2.03117565    1.74096561    1.95404245    2.26983982    2.61478884    1.85750299    1.96716386    1.80360876    1.93381591    1.94469259    1.51990004    1.31451286    1.68954661    1.69522446    1.46709036    1.49828264    0.00000000    1.26082748    1.30107600    1.86300469    2.05485512    2.35663319    1.99226070    2.35649028    2.39810136    2.04726831    1.58043620    1.88052840    2.37743103    2.06592277    1.94149918    2.36539994    2.65387030    2.48225094    2.29143795    2.32577802    2.30438416    2.15172751    2.30010247    1.79616823    2.01869086    2.08361805    2.53234118    2.97516099    2.71945795    2.27881042    2.64258965    2.69837323    2.29056568    3.04579459    2.62262865    2.84342357    2.30954014    2.56660109
A0A0H1AW91_9GAMM/622-733     2.13531474    1.82248512    1.91842436    1.73062513    2.36099148    2.05100703    2.04551706    1.48602150    1.56659588    1.92572133    2.27334868    1.98551090    1.76200189    1.54005922    1.90126062    1.22915489    1.16284365    1.41262116    1.89817198    1.30111180    1.57396904    1.31592250    1.26082748    0.00000000    1.21220573    1.57975771    1.71463520    2.00299563    1.71097251    2.15565440    1.65693517    1.75023595    1.51827906    1.74242412    1.52772110    1.80325495    1.66226519    1.89432804    2.50877795    2.07731303    2.15005732    2.09857402    1.89208628    1.82028475    1.88049178    2.08052280    1.70238207    1.94823211    2.45517403    2.46492688    2.76275869    2.53342343    2.81667184    2.54011895    2.59742459    2.95996780    2.82721032    2.54318225    2.74520719    2.13472589
A0A656HB19_THINJ/615-728     2.15061358    2.22408550    1.98930843    2.04581016    2.45292542    2.07867488    1.85045859    1.91076668    1.60981242    1.97661195    2.33287949    1.68535973    2.09908435    1.57006558    1.61803170    1.44602241    1.38825178    1.52356898    1.67939441    1.40516080    1.18920609    1.52858283    1.30107600    1.21220573    0.00000000    1.67194889    1.69971135    1.88644145    1.85751819    1.84172831    2.05276644    1.77949106    1.78407001    1.61645167    2.00289050    2.10178524    2.31547461    2.08281184    1.96460611    2.18925891    1.90322109    2.11265890    2.24950111    1.88738918    2.23232770    1.86235627    2.17819903    2.35262927    2.74364571    3.04897807    2.42113842    2.49949836    2.71095953    2.95249500    2.61610880    2.43546985    2.92863000    2.56043897    2.75397319    2.38408786
E3I5S7_RHOVT/753-864     1.83118615    2.10054241    2.01463913    1.89044219    2.40042012    1.89620602    1.46901645    1.10197662    1.53635451    1.82972459    2.45536536    1.68400765    1.56477387    1.52734006    1.93631939    1.42717811    1.76713223    1.77956461    2.24309249    1.63979015    1.37960932    2.01933716    1.86300469    1.57975771    1.67194889    0.00000000    0.88465166    1.01285879    1.02194227    1.32178408    1.12573461    1.19186257    1.23461554    1.01040992    1.15797066    1.23818523    1.60398617    1.29121622    1.42385461    1.57231656    1.66273351    1.57763315    1.45707381    1.13143223    1.10563138    1.47068237    1.80335486    2.05387342    2.30978094    2.65053830    2.50137088    2.23074753    2.85682712    2.26219283    2.50102344    2.87041030    2.31601838    2.35282144    2.96870174    2.25837807
A0A109BFX0_HYPSL/741-854     2.01732685    2.27786638    1.91094429    1.92226148    2.18316353    1.71203175    1.53001012    1.31659827    1.59886579    1.93137624    2.12243347    1.30135127    1.64330135    1.37057502    1.72599206    1.64723300    1.86480252    1.74462948    2.40464966    1.89027212    1.38724465    1.81111133    2.05485512    1.71463520    1.69971135    0.88465166    0.00000000    1.07393379    0.94366968    1.30493294    0.91287689    1.15689473    1.14741775    0.92349215    1.14500535    1.18421771    1.57969184    1.34427662    1.42458971    1.45703598    1.38890915    1.51307571    1.52563087    0.99971135    1.09600225    1.48056596    1.51622885    1.63816633    2.36861573    2.27878254    2.30451864    1.96561130    1.95318433    1.90088400    2.53213154    2.55905202    1.70368962    1.75944754    2.49134876    1.92726686
A0A0D7F3W5_RHOPL/744-856     2.33593473    2.42677268    2.03883447    1.76112985    2.36873403    1.92766371    1.71794184    1.34436489    1.65874632    1.78990895    2.47918485    1.74849523    1.76680134    1.39465831    1.86979916    1.84420801    1.78558006    1.84130389    2.34719142    1.80408612    1.46464938    2.12846746    2.35663319    2.00299563    1.88644145    1.01285879    1.07393379    0.00000000    0.97850946    1.16681726    1.05568598    1.06646656    1.04481084    1.00042757    1.17993570    1.24609850    1.99660714    1.50557284    1.46527222    1.58099000    1.61683474    1.44513708    1.59341625    1.18102459    1.33155195    1.36969716    1.74945435    1.92160603    2.54172173    2.94831161    2.56843898    2.76536306    2.79067481    2.46097747    2.43406074    2.57555821    2.38390474    2.61507028    3.17113270    2.57810144
F2IW28_POLGS/861-972     1.89301872    2.14083148    2.05663613    1.85964629    2.07468139    1.89444434    1.79694510    1.30839060    1.60371705    1.68881648    2.36109269    1.52015585    1.70079928    1.26929740    1.70228230    1.60103259    1.50587788    1.69790515    1.95260654    1.77630453    1.53567367    1.99110206    1.99226070    1.71097251    1.85751819    1.02194227    0.94366968    0.97850946    0.00000000    0.86744318    1.02340238    0.98743510    1.02338991    1.04124617    1.07212321    1.10701158    1.42159120    1.22749377    1.21749465    1.41010235    1.31581850    1.17741084    1.42150036    1.03131125    1.28504191    1.45093866    1.47428266    1.79047027    2.41127546    2.77105907    2.65062995    2.39233872    2.86538317    2.33364844    2.61053924    2.50563568    2.27956992    2.31784411    3.02848220    2.50229429
A0A0Q4XVJ4_9RHIZ/757-868     1.92638422    2.08124557    1.95432902    1.84995965    2.44235658    2.03502376    2.02984547    1.58334699    1.86783431    1.83249211    2.55430007    1.64704747    1.80943952    1.65872444    1.89694229    2.02174477    1.98183796    2.06776346    2.38146135    1.77157796    1.88577954    2.75932332    2.35649028    2.15565440    1.84172831    1.32178408    1.30493294    1.16681726    0.86744318    0.00000000    0.98269862    0.86356291    1.24928737    1.15335285    1.25631861    1.28313396    1.74077384    1.51104013    1.67233886    1.53550408    1.82071292    1.55910496    1.60873511    1.14190985    1.47020444    1.60419973    1.56959437    2.51669628    2.98436419    3.05127750    2.97734282    2.49376850    2.79700276    2.86662668    3.09099539    3.19245106    2.90943152    2.45320169    3.52770283    2.77434977
A0A085F0U1_9BRAD/781-893     1.71445013    1.76411103    1.78497564    1.73877883    1.91056325    2.01840261    1.89882622    1.54679268    1.67308260    2.09383925    2.64090067    1.86712109    1.85317280    1.70382251    1.62880688    1.68548467    1.67070036    1.69631166    1.84488927    1.82706210    1.29418303    2.27110667    2.39810136    1.65693517    2.05276644    1.12573461    0.91287689    1.05568598    1.02340238    0.98269862    0.00000000    0.80646180    1.35949007    0.95813184    1.31025053    1.10307452    1.58682817    1.37062165    1.59518174    1.59124836    1.75467537    1.54251137    1.35505363    1.17244005    1.33036170    1.70867826    1.63976321    2.03461849    2.60006051    2.81001803    2.67412632    2.57498046    2.83953315    2.36350549    2.70959761    2.83321156    2.59308898    2.28969081    2.96806650    2.37265050
A0A0K2DHE2_9RHIZ/751-860     2.02066859    2.47955502    2.08775681    1.99392156    2.24956853    2.07941375    1.91712816    1.67155967    1.66084060    2.20899871    2.25527237    1.57221551    1.94042893    1.59111333    1.50811941    2.05715183    1.89828389    1.61750741    2.23509328    1.77587009    1.50457767    2.33876545    2.04726831    1.75023595    1.77949106    1.19186257    1.15689473    1.06646656    0.98743510    0.86356291    0.80646180    0.00000000    1.11255750    1.17573480    1.13192576    1.30855007    1.68008050    1.42645868    1.29181060    1.46626359    1.54798959    1.30051278    1.36139711    1.18003486    1.24945521    1.74233017    1.83301775    2.12529961    2.74520953    2.87933531    2.60711758    2.38921104    3.13290255    2.83018723    2.75495615    2.92338081    2.65822068    2.55003741    2.93061010    2.32898902
D7A6B7_STAND/829-938     1.83567755    2.20385089    1.82805931    1.76221130    2.24501416    1.76552162    1.82310621    1.28545391    1.66230397    1.87700782    2.66355702    1.44832182    1.75551370    1.43776254    2.03638432    1.91793772    1.56158769    1.62779197    2.37146348    1.74575532    1.63899398    1.86860403    1.58043620    1.51827906    1.78407001    1.23461554    1.14741775    1.04481084    1.02338991    1.24928737    1.35949007    1.11255750    0.00000000    0.98896089    1.21617012    1.01057131    1.42744435    1.46739255    1.39959136    1.18430144    1.34615586    1.44189434    1.41870779    1.24735143    1.33977696    1.57335916    1.50631759    2.02402449    2.58544268    3.03121610    3.02180240    2.45646538    3.10315268    2.64576276    2.86176509    2.90969380    2.89184423    2.30892882    2.94342144    2.53138348
A0A0F7PKQ6_9RHIZ/827-937     1.72685383    1.82424020    1.58241397    1.36927646    1.91725199    1.63228775    1.53606459    1.57607149    1.55897277    1.84496193    2.16666053    1.63974516    1.56529722    1.50770492    1.71845681    1.69244074    1.44113839    1.66251663    2.14486735    1.71457970    1.36014380    2.06554649    1.88052840    1.74242412    1.61645167    1.01040992    0.92349215    1.00042757    1.04124617    1.15335285    0.95813184    1.17573480    0.98896089    0.00000000    1.17638526    1.18983275    1.46901303    1.39045349    1.14484226    1.39112692    1.34566523    1.55819663    1.30037564    1.08164106    1.31926134    1.52241950    1.47446603    1.86662829    2.35902364    2.31297936    2.43048083    2.25295330    2.67510003    2.01051591    2.72184690    2.52072779    2.36275415    2.42977585    2.56978382    2.37070535
I3YA25_THIV6/836-947     1.80205300    2.09995170    2.37028618    1.73696691    2.60762826    2.06744879    1.86747075    1.38899117    1.87711761    1.93844655    2.82188058    1.78337634    1.89637469    1.74326580    1.95160577    1.75100101    1.91332941    1.87856675    2.72650714    2.08517582    1.90178148    2.09462763    2.37743103    1.52772110    2.00289050    1.15797066    1.14500535    1.17993570    1.07212321    1.25631861    1.31025053    1.13192576    1.21617012    1.17638526    0.00000000    0.89359107    1.42476813    1.21177851    1.34127215    1.31584217    1.41800334    1.59404806    1.43049533    1.16033675    1.33196980    1.67289339    1.74246011    2.07016786    2.62695979    2.93776891    3.13898730    2.99149572    3.14515144    2.77280007    3.10175254    3.01106065    2.44814730    2.49708888    3.56502044    2.68706251
A0A0Q6CNY5_9RHIZ/844-955     1.49135252    2.01197770    1.96514485    1.40872539    1.97912083    1.81192729    1.93492556    1.22912672    1.52592000    1.86913893    2.31976501    1.53915052    2.02009321    1.52748793    1.77008011    1.57928188    1.71867029    2.03531503    2.19216302    1.91243284    1.59536174    1.91152098    2.06592277    1.80325495    2.10178524    1.23818523    1.18421771    1.24609850    1.10701158    1.28313396    1.10307452    1.30855007    1.01057131    1.18983275    0.89359107    0.00000000    1.32694512    1.39834155    1.39828854    1.26824032    1.31288676    1.32398821    1.50344327    1.11962786    1.40611434    1.61365193    1.72768026    1.88396362    2.35123450    2.56738428    3.01134773    2.62000293    3.13498547    2.44931758    2.60960566    2.73290834    2.75137350    2.33812623    2.91952028    2.69806690
W1NCY1_9GAMM/806-918     2.33690305    2.58811435    2.56827629    1.86896994    2.15120388    2.33779467    1.90731599    1.97590420    1.89818020    2.91042971    3.05019699    2.03707226    2.55639561    1.99375963    2.06961160    1.90502065    1.80165585    2.02890332    2.22134442    1.87066326    2.08519414    1.90143158    1.94149918    1.66226519    2.31547461    1.60398617    1.57969184    1.99660714    1.42159120    1.74077384    1.58682817    1.68008050    1.42744435    1.46901303    1.42476813    1.32694512    0.00000000    1.40250442    1.74968970    1.42312178    1.54386086    1.58449481    1.59058904    1.37539492    1.83457758    1.47790838    1.80002207    1.98505631    2.85156088    2.73555599    3.04489132    3.22471401    2.99322207    3.26825364    3.00885467    3.44056110    3.19061854    3.33892818    3.05512707    2.62219858
K2I7J2_9RHOB/830-936     2.17405321    2.14089291    2.17220610    1.75673692    2.04888971    1.95917156    1.74490130    1.73096720    1.54704419    2.24376377    2.20867890    1.92379321    2.16470136    1.43677847    2.05004690    1.75897293    1.78071037    2.10979509    2.35974932    2.27310107    1.92319873    2.29736212    2.36539994    1.89432804    2.08281184    1.29121622    1.34427662    1.50557284    1.22749377    1.51104013    1.37062165    1.42645868    1.46739255    1.39045349    1.21177851    1.39834155    1.40250442    0.00000000    1.12454386    1.20239004    1.23399159    1.14711687    1.18758169    1.45662603    1.85308690    1.58490426    2.09923479    1.68368539    2.47819237    2.83655860    2.60721736    2.77045686    3.51807162    3.11728691    2.65768458    2.67707107    2.74372390    2.94331018    3.27640058    2.52156921
A0A086XX93_9RHOB/830-940     2.00875119    2.15959433    2.03410237    1.80357577    1.98505827    1.72684484    1.78914803    2.02935444    1.95423878    2.72036575    2.38322696    1.86562441    2.41432639    1.70423216    2.15365519    2.24670742    2.27638861    2.44686726    2.98338990    2.70807153    1.93340025    2.66423099    2.65387030    2.50877795    1.96460611    1.42385461    1.42458971    1.46527222    1.21749465    1.67233886    1.59518174    1.29181060    1.39959136    1.14484226    1.34127215    1.39828854    1.74968970    1.12454386    0.00000000    0.97792161    1.30905063    1.21751459    1.15432385    1.46070412    1.64109188    1.82974750    1.94372278    2.19691771    2.84018510    3.00606691    2.88866856    2.79340116    3.20384008    3.01642906    2.86539170    2.60595356    3.01838808    2.80727250    3.52701840    2.53530561
A0A0J5QAI6_9RHOB/829-938     2.20058632    2.41721713    2.14095869    1.91953092    2.08808114    2.25638201    2.11777806    1.86585131    2.22595583    2.47595311    2.49661855    1.78299676    2.18671327    1.71426590    1.95674990    2.40623174    2.25952311    2.43060477    2.68170352    2.61267138    2.37513833    2.72994033    2.48225094    2.07731303    2.18925891    1.57231656    1.45703598    1.58099000    1.41010235    1.53550408    1.59124836    1.46626359    1.18430144    1.39112692    1.31584217    1.26824032    1.42312178    1.20239004    0.97792161    0.00000000    0.86082430    0.89603864    1.01018523    1.27874202    1.63548651    1.53243301    1.91659220    2.16805187    2.83458339    2.82606415    3.27836867    3.21604505    4.03177878    3.37521533    2.93012625    3.30329576    3.01106493    3.24954489    3.42090403    2.98453172
A0A126UY30_9RHOB/827-936     2.30919634    2.54545886    2.38643981    1.93345156    1.94948544    1.76739318    1.70044533    1.61596596    1.87723586    2.55806795    2.48225888    1.81352662    2.01752638    1.52709022    2.06330252    2.18721351    1.76558946    2.23093262    2.03796507    2.29500707    1.91279278    1.84364936    2.29143795    2.15005732    1.90322109    1.66273351    1.38890915    1.61683474    1.31581850    1.82071292    1.75467537    1.54798959    1.34615586    1.34566523    1.41800334    1.31288676    1.54386086    1.23399159    1.30905063    0.86082430    0.00000000    0.93347706    1.15684139    1.23314506    1.58255281    1.59925246    2.13117902    1.56592012    2.51939690    2.70393854    2.56912379    2.92186539    2.79642939    2.46467589    2.75340018    2.58273520    2.75774189    2.60726752    3.26757156    2.52612094
A0A073ILQ0_9RHOB/832-936     2.13018741    2.32721512    2.34183389    1.73546588    1.59459026    2.02201910    1.89522254    1.88203293    1.75010274    2.35681896    2.11181893    1.90538806    2.02462313    1.67398539    2.02778334    2.11229245    1.89536725    2.41506128    2.18995933    2.48415869    1.84445764    2.14905617    2.32577802    2.09857402    2.11265890    1.57763315    1.51307571    1.44513708    1.17741084    1.55910496    1.54251137    1.30051278    1.44189434    1.55819663    1.59404806    1.32398821    1.58449481    1.14711687    1.21751459    0.89603864    0.93347706    0.00000000    0.93144247    1.44306255    1.70285727    1.96186655    2.03058635    2.15899532    2.49141286    2.36610684    2.48917231    2.75543851    2.84381578    2.78057117    2.39469132    2.63469450    2.61519983    3.00631576    2.68142644    2.25214609
A0A086XR69_9RHOB/827-938     1.88027288    2.22726385    1.99774768    1.63469130    1.91622378    1.88281881    1.65694810    1.44868152    2.02869256    2.43803943    2.28375620    1.57133077    1.81540732    1.39326173    2.49715656    2.20923903    1.86948940    2.34744477    2.51630209    2.25844713    2.02913489    2.63070687    2.30438416    1.89208628    2.24950111    1.45707381    1.52563087    1.59341625    1.42150036    1.60873511    1.35505363    1.36139711    1.41870779    1.30037564    1.43049533    1.50344327    1.59058904    1.18758169    1.15432385    1.01018523    1.15684139    0.93144247    0.00000000    1.30401240    1.40538152    1.84980933    2.10242246    1.90194489    2.33098422    2.46890856    2.44986458    2.75737994    3.10652170    2.98039828    2.88550668    2.71875691    2.45635220    2.42042595    3.29606326    2.50009905
A0A0Q7E2E7_9RHIZ/835-948     2.24964610    2.08833799    2.12667007    1.67634169    2.18060512    1.51302663    1.50972373    1.19885829    1.59954620    2.03410562    2.22634747    1.32266519    1.55727950    1.50320515    1.83223840    1.77131784    1.87933076    2.21220565    2.01687036    1.89581419    1.43260820    2.09759258    2.15172751    1.82028475    1.88738918    1.13143223    0.99971135    1.18102459    1.03131125    1.14190985    1.17244005    1.18003486    1.24735143    1.08164106    1.16033675    1.11962786    1.37539492    1.45662603    1.46070412    1.27874202    1.23314506    1.44306255    1.30401240    0.00000000    0.93485824    1.40522296    1.66755497    1.77982988    2.57666317    2.93791427    2.49727829    2.57422935    2.75720355    2.26984864    2.95227018    2.99189511    2.28603598    2.09424265    3.03016199    2.51595602
V5SA24_9RHIZ/745-857     2.35262118    2.38314727    2.17285898    2.02104226    2.32012268    2.16749783    2.06439449    1.32074481    2.22521348    1.77642985    2.19712583    1.59960786    1.61029079    1.60048989    1.99009201    2.11514637    1.90617297    2.30416327    1.93757070    2.05335345    1.80329097    2.14706576    2.30010247    1.88049178    2.23232770    1.10563138    1.09600225    1.33155195    1.28504191    1.47020444    1.33036170    1.24945521    1.33977696    1.31926134    1.33196980    1.40611434    1.83457758    1.85308690    1.64109188    1.63548651    1.58255281    1.70285727    1.40538152    0.93485824    0.00000000    1.66605941    1.59608226    2.38485505    2.49500879    3.02689855    2.74630207    2.40105918    2.47462016    2.41016974    3.19733981    3.00680437    2.16709479    2.01643681    3.19698607    2.68511785
V6F5M8_MAGGM/632-740     1.83390609    2.06651649    1.77151599    1.79047996    1.69970315    1.60511216    1.55934317    1.38896661    1.54304465    1.67786360    2.52452007    1.68314644    1.85617905    1.60305239    1.55954742    1.65218768    1.75346699    1.97896142    2.16828745    1.91040300    1.72696168    1.92081548    1.79616823    2.08052280    1.86235627    1.47068237    1.48056596    1.36969716    1.45093866    1.60419973    1.70867826    1.74233017    1.57335916    1.52241950    1.67289339    1.61365193    1.47790838    1.58490426    1.82974750    1.53243301    1.59925246    1.96186655    1.84980933    1.40522296    1.66605941    0.00000000    1.47274472    1.70330244    2.14770768    2.26086347    2.38361962    2.49370558    2.64066932    2.82793851    2.41465538    2.45467368    2.23502046    2.41489524    2.49282188    2.25579874
