8
U5H480_USTV1/443-481     0.00000000    1.04333517    1.20546583    1.40640085    1.76842349    1.56243526    1.82102700    1.17270632
H2ZL78_CIOSA/353-391     1.04333517    0.00000000    0.84242367    0.92038322    1.64150833    1.24116072    1.51668489    1.07695446
B0X8V7_CULQU/112-150     1.20546583    0.84242367    0.00000000    1.03268030    1.45886585    1.04334169    1.93634068    1.27330157
K1VN37_TRIAC/199-237     1.40640085    0.92038322    1.03268030    0.00000000    0.87779148    1.17632606    1.56711781    1.04931983
A0A166BS22_9AGAM/285-323     1.76842349    1.64150833    1.45886585    0.87779148    0.00000000    0.86885984    1.71297472    1.40024633
A0A139A2I6_GONPJ/115-153     1.56243526    1.24116072    1.04334169    1.17632606    0.86885984    0.00000000    0.89292412    1.00008773
G7IBW4_MEDTR/57-95     1.82102700    1.51668489    1.93634068    1.56711781    1.71297472    0.89292412    0.00000000    1.05087015
M3Y273_MUSPF/2099-2137     1.17270632    1.07695446    1.27330157    1.04931983    1.40024633    1.00008773    1.05087015    0.00000000

