33
A6NSJ3_9FIRM/120-212     0.00000000    0.93195652    1.30990571    1.61187981    2.46100291    2.21201736    2.24576390    2.06033792    2.30718948    3.49440111    2.71266984    2.62873446    3.18085138    3.33335220    1.81544245    2.37551441    2.52547065    3.10053397    2.87602057    2.61876531    2.97758765    3.15665874    3.17573022    3.26578615    2.87184020    2.22830761    2.98582405    1.73255076    3.02636523    4.78362733    2.79012402    7.18038195    2.53162053
A6BFU3_9FIRM/94-183     0.93195652    0.00000000    0.77150029    1.38940153    2.82513820    1.86436795    1.93820500    1.72717943    2.76953105    3.34712892    2.93807667    2.61132773    3.32117675    3.34163485    2.11226376    2.80099860    2.71201378    3.14281782    3.33178779    2.85877448    3.24372286    3.77011516    3.42760953    3.36826977    3.03460763    2.49702535    2.58164057    1.96004195    2.34214368    3.67499223    2.96538812    6.62639648    3.39351340
R5QTY1_9FIRM/77-166     1.30990571    0.77150029    0.00000000    1.69593882    2.69205868    2.25147117    2.26539636    1.84630216    3.06737110    3.29032486    2.67581016    3.89474438    3.36034770    3.30831391    2.35677180    2.55095679    2.95632907    3.33038139    3.45459865    3.26991868    3.91101082    3.83765722    3.41848803    3.31167310    3.04595901    3.20823350    2.87726720    1.97074139    2.60686351    4.04607837    3.08392065    6.42709587    4.01495609
Q03NM6_LACBA/91-177     1.61187981    1.38940153    1.69593882    0.00000000    1.36943995    1.20792939    1.23442326    1.38821939    2.17115105    2.41170624    2.31034139    1.77543521    1.57259155    1.63541072    1.27904176    1.21272135    1.40560298    1.65848240    1.61978334    1.75569488    1.62080292    1.76278982    1.66850103    1.33655888    1.27846628    1.59318439    1.53694347    1.01224825    1.75843813    3.26772418    2.84210984    5.76320081    1.83800737
A4ANG2_MARSH/32-113     2.46100291    2.82513820    2.69205868    1.36943995    0.00000000    1.08515245    1.48985184    1.27859390    1.95802797    2.00508292    2.30712456    2.04730621    1.59833920    1.78217084    1.54490924    1.65214685    1.74099627    1.69276524    1.56494005    1.63894970    1.69900483    1.87535163    1.83450776    1.97546292    1.86067243    1.81626524    2.30905863    1.34190995    1.91462426    4.66421016    2.91677572    4.36066177    2.20254102
B8FRJ0_DESHD/38-118     2.21201736    1.86436795    2.25147117    1.20792939    1.08515245    0.00000000    0.91761294    0.89537772    2.08933358    2.09179334    2.27984123    1.41030110    1.53219840    1.93060303    1.65240186    1.52486642    1.65592516    1.80325626    1.42999539    1.72224945    1.85633974    1.58800810    1.98085140    1.95633438    1.77926207    1.67721693    2.25301161    1.49997554    1.87995731    3.57934040    2.67546987    5.38610950    2.30825898
Q9AIW0_9FIRM/37-117     2.24576390    1.93820500    2.26539636    1.23442326    1.48985184    0.91761294    0.00000000    0.79967545    2.32905168    2.18338063    2.21951371    2.07443543    1.95674510    2.21106351    1.63246315    2.03923714    1.87704641    2.33762831    1.54970525    1.55409481    1.83480545    2.02670406    2.25545190    1.71133977    1.55763320    2.15599640    2.20035657    1.73747474    2.18669402    3.48429657    3.65755794    7.00026092    2.20552604
B8FZF6_DESHD/37-117     2.06033792    1.72717943    1.84630216    1.38821939    1.27859390    0.89537772    0.79967545    0.00000000    2.19292183    2.34938079    2.12446396    1.87677844    1.65472845    1.95660591    1.59856419    1.80409059    1.74135789    1.81715235    1.58536895    1.47149788    1.58180203    1.89625400    1.79652616    1.76420619    1.66380624    1.79029221    1.84365078    1.73050303    1.84308832    4.93082118    3.42358429    5.34829588    2.40351899
A4W909_ENT38/51-138     2.30718948    2.76953105    3.06737110    2.17115105    1.95802797    2.08933358    2.32905168    2.19292183    0.00000000    1.82616819    1.63433185    3.04018797    2.36849710    2.60672047    2.51004093    2.89769085    2.98278000    3.05349710    3.05202488    3.01850137    2.71511390    3.63277280    3.75369461    3.51832903    3.23572699    2.72302402    2.91302691    2.37712013    3.04913588    4.82970840    3.91448125    5.70291293    3.47924007
Q8ZRZ4_SALTY/53-143     3.49440111    3.34712892    3.29032486    2.41170624    2.00508292    2.09179334    2.18338063    2.34938079    1.82616819    0.00000000    1.12879734    2.56701343    2.82368152    2.59755705    2.18568519    2.04069281    2.64705088    2.88205721    2.75111008    2.57597799    3.21533305    3.24557967    3.66455210    2.78075442    2.85758695    2.44894536    3.24967245    2.30351635    3.12532728    4.09168860    4.41750917    5.70653116    3.23713323
Q8ZRZ9_SALTY/53-143     2.71266984    2.93807667    2.67581016    2.31034139    2.30712456    2.27984123    2.21951371    2.12446396    1.63433185    1.12879734    0.00000000    2.24554003    3.11729771    2.48354468    2.41133128    2.45642242    2.91811477    3.39784069    3.04371758    3.01526040    2.75837937    2.74169526    3.22428143    2.66166335    2.72435992    2.67597679    2.46234632    2.47958954    2.58093306    3.59647775    4.49769927    4.80112189    2.72535266
A6KXX7_BACV8/108-196     2.62873446    2.61132773    3.89474438    1.77543521    2.04730621    1.41030110    2.07443543    1.87677844    3.04018797    2.56701343    2.24554003    0.00000000    2.02331939    2.35785071    1.72555545    1.74131871    2.19274731    2.01445981    2.09917745    1.72060045    2.11223527    2.15681082    2.00684737    2.12646321    1.93032673    1.72032653    1.94970869    1.52631970    2.24599142    4.33738188    3.64546240    3.83893399    2.54153949
A8H9V0_SHEPA/46-133     3.18085138    3.32117675    3.36034770    1.57259155    1.59833920    1.53219840    1.95674510    1.65472845    2.36849710    2.82368152    3.11729771    2.02331939    0.00000000    0.43411531    0.76644560    0.69002486    1.01452179    0.73931320    0.76474319    0.90168876    0.88155582    1.03954700    1.10423117    1.10030093    1.11207877    1.01089353    1.49689992    1.60261368    2.41600177    3.38407867    2.43330948    6.11534160    2.12818057
B1KNG0_SHEWM/46-133     3.33335220    3.34163485    3.30831391    1.63541072    1.78217084    1.93060303    2.21106351    1.95660591    2.60672047    2.59755705    2.48354468    2.35785071    0.43411531    0.00000000    0.90894428    0.73896054    1.23007598    0.87767502    0.87289053    0.98140163    1.22295799    1.08184775    1.25140611    1.09286722    1.20049560    0.91117150    1.38952712    1.73977503    2.73983958    3.94172558    2.48914921    5.84425411    2.40369179
Q8EAM6_SHEON/39-126     1.81544245    2.11226376    2.35677180    1.27904176    1.54490924    1.65240186    1.63246315    1.59856419    2.51004093    2.18568519    2.41133128    1.72555545    0.76644560    0.90894428    0.00000000    0.38974983    0.94356537    1.06201846    1.06886502    1.12936617    1.16630269    1.24810364    1.31588387    1.12374755    1.05656081    0.76060114    1.25904924    1.31886104    2.25597991    3.58329921    2.21278065    4.28341559    1.92198607
A8G0I2_SHESH/34-121     2.37551441    2.80099860    2.55095679    1.21272135    1.65214685    1.52486642    2.03923714    1.80409059    2.89769085    2.04069281    2.45642242    1.74131871    0.69002486    0.73896054    0.38974983    0.00000000    1.04374446    1.05468515    1.05567221    1.05865169    1.25995003    1.26250348    1.31820060    1.09442543    1.16645798    0.85768290    1.44910032    1.28548071    2.31088498    3.93462778    2.85098036    4.38981139    2.31529097
Q57HB7_SALCH/48-136     2.52547065    2.71201378    2.95632907    1.40560298    1.74099627    1.65592516    1.87704641    1.74135789    2.98278000    2.64705088    2.91811477    2.19274731    1.01452179    1.23007598    0.94356537    1.04374446    0.00000000    0.96486423    0.80925054    0.95013855    1.03219036    1.25077873    1.17770646    1.31226372    1.18418137    0.90304581    1.47057658    1.98818927    3.04112421    3.67414303    2.92001356    5.44599097    2.19417398
A7ZG74_CAMC1/42-129     3.10053397    3.14281782    3.33038139    1.65848240    1.69276524    1.80325626    2.33762831    1.81715235    3.05349710    2.88205721    3.39784069    2.01445981    0.73931320    0.87767502    1.06201846    1.05468515    0.96486423    0.00000000    0.85816645    0.71641825    1.15039995    1.07777392    1.01545057    1.30157131    1.16611053    1.29613763    1.47800104    1.95652706    3.04244399    3.88634603    3.05446738    7.93179185    2.05626156
A0RN53_CAMFF/43-130     2.87602057    3.33178779    3.45459865    1.61978334    1.56494005    1.42999539    1.54970525    1.58536895    3.05202488    2.75111008    3.04371758    2.09917745    0.76474319    0.87289053    1.06886502    1.05567221    0.80925054    0.85816645    0.00000000    0.34696952    0.64459797    0.63883040    0.63155470    0.81951162    0.71944160    0.93201726    1.28929832    1.72894071    2.05206460    3.08852662    2.88519527    5.23468788    2.15891629
A7GYC0_CAMC5/41-127     2.61876531    2.85877448    3.26991868    1.75569488    1.63894970    1.72224945    1.55409481    1.47149788    3.01850137    2.57597799    3.01526040    1.72060045    0.90168876    0.98140163    1.12936617    1.05865169    0.95013855    0.71641825    0.34696952    0.00000000    0.64179153    0.63390535    0.73163482    0.88747260    0.68846821    1.11776454    0.99254329    1.75134472    2.13493631    3.17081348    2.93049673    5.97557767    2.29138643
A7ZFA9_CAMC1/39-129     2.97758765    3.24372286    3.91101082    1.62080292    1.69900483    1.85633974    1.83480545    1.58180203    2.71511390    3.21533305    2.75837937    2.11223527    0.88155582    1.22295799    1.16630269    1.25995003    1.03219036    1.15039995    0.64459797    0.64179153    0.00000000    0.43681582    0.42798766    0.77654833    0.71429984    1.07008927    1.26175047    1.77386220    2.30521372    3.71856264    3.27039869    5.20232652    2.51814159
B9M1J9_GEODF/53-143     3.15665874    3.77011516    3.83765722    1.76278982    1.87535163    1.58800810    2.02670406    1.89625400    3.63277280    3.24557967    2.74169526    2.15681082    1.03954700    1.08184775    1.24810364    1.26250348    1.25077873    1.07777392    0.63883040    0.63390535    0.43681582    0.00000000    0.36499466    0.91490996    0.84002956    1.14936541    1.35020876    1.91296515    2.47513729    3.60940858    3.20202063    6.52360949    2.18644930
Q8Z3C5_SALTI/45-135     3.17573022    3.42760953    3.41848803    1.66850103    1.83450776    1.98085140    2.25545190    1.79652616    3.75369461    3.66455210    3.22428143    2.00684737    1.10423117    1.25140611    1.31588387    1.31820060    1.17770646    1.01545057    0.63155470    0.73163482    0.42798766    0.36499466    0.00000000    0.78145164    0.71545004    1.20682468    1.34755324    1.99271902    2.16343639    3.68641698    3.77234975    6.21607648    2.01354244
B9KFQ9_CAMLR/43-134     3.26578615    3.36826977    3.31167310    1.33655888    1.97546292    1.95633438    1.71133977    1.76420619    3.51832903    2.78075442    2.66166335    2.12646321    1.10030093    1.09286722    1.12374755    1.09442543    1.31226372    1.30157131    0.81951162    0.88747260    0.77654833    0.91490996    0.78145164    0.00000000    0.28769166    1.34343434    1.35718406    1.84584246    2.38465342    3.46905882    3.30854362    5.80964438    2.27903138
A0A3X8M920_CAMJU/44-135     2.87184020    3.03460763    3.04595901    1.27846628    1.86067243    1.77926207    1.55763320    1.66380624    3.23572699    2.85758695    2.72435992    1.93032673    1.11207877    1.20049560    1.05656081    1.16645798    1.18418137    1.16611053    0.71944160    0.68846821    0.71429984    0.84002956    0.71545004    0.28769166    0.00000000    1.08994759    1.17768590    1.87078717    2.13557394    3.24890203    2.75085382    5.90975119    2.15181913
A0A029HHY5_ECOLX/41-128     2.22830761    2.49702535    3.20823350    1.59318439    1.81626524    1.67721693    2.15599640    1.79029221    2.72302402    2.44894536    2.67597679    1.72032653    1.01089353    0.91117150    0.76060114    0.85768290    0.90304581    1.29613763    0.93201726    1.11776454    1.07008927    1.14936541    1.20682468    1.34343434    1.08994759    0.00000000    0.96027446    1.63989278    2.60262128    3.92685815    2.85791206    5.40740984    2.11549229
A8H2X2_SHEPA/41-128     2.98582405    2.58164057    2.87726720    1.53694347    2.30905863    2.25301161    2.20035657    1.84365078    2.91302691    3.24967245    2.46234632    1.94970869    1.49689992    1.38952712    1.25904924    1.44910032    1.47057658    1.47800104    1.28929832    0.99254329    1.26175047    1.35020876    1.34755324    1.35718406    1.17768590    0.96027446    0.00000000    1.71332049    2.29427697    3.54506356    3.40306330    5.51248051    2.53988088
Q03TA5_LACBA/89-174     1.73255076    1.96004195    1.97074139    1.01224825    1.34190995    1.49997554    1.73747474    1.73050303    2.37712013    2.30351635    2.47958954    1.52631970    1.60261368    1.73977503    1.31886104    1.28548071    1.98818927    1.95652706    1.72894071    1.75134472    1.77386220    1.91296515    1.99271902    1.84584246    1.87078717    1.63989278    1.71332049    0.00000000    2.38995455    3.38226116    3.28609218    6.34372406    2.27491136
A7C070_9GAMM/44-130     3.02636523    2.34214368    2.60686351    1.75843813    1.91462426    1.87995731    2.18669402    1.84308832    3.04913588    3.12532728    2.58093306    2.24599142    2.41600177    2.73983958    2.25597991    2.31088498    3.04112421    3.04244399    2.05206460    2.13493631    2.30521372    2.47513729    2.16343639    2.38465342    2.13557394    2.60262128    2.29427697    2.38995455    0.00000000    2.87125002    2.25708079    3.46985303    2.39301534
A6GCX6_9DELT/49-136     4.78362733    3.67499223    4.04607837    3.26772418    4.66421016    3.57934040    3.48429657    4.93082118    4.82970840    4.09168860    3.59647775    4.33738188    3.38407867    3.94172558    3.58329921    3.93462778    3.67414303    3.88634603    3.08852662    3.17081348    3.71856264    3.60940858    3.68641698    3.46905882    3.24890203    3.92685815    3.54506356    3.38226116    2.87125002    0.00000000    3.98614290    5.77154971    6.47802692
Q12SB0_SHEDO/184-276     2.79012402    2.96538812    3.08392065    2.84210984    2.91677572    2.67546987    3.65755794    3.42358429    3.91448125    4.41750917    4.49769927    3.64546240    2.43330948    2.48914921    2.21278065    2.85098036    2.92001356    3.05446738    2.88519527    2.93049673    3.27039869    3.20202063    3.77234975    3.30854362    2.75085382    2.85791206    3.40306330    3.28609218    2.25708079    3.98614290    0.00000000    3.63842339    3.66041097
Q023I8_SOLUE/131-225     7.18038195    6.62639648    6.42709587    5.76320081    4.36066177    5.38610950    7.00026092    5.34829588    5.70291293    5.70653116    4.80112189    3.83893399    6.11534160    5.84425411    4.28341559    4.38981139    5.44599097    7.93179185    5.23468788    5.97557767    5.20232652    6.52360949    6.21607648    5.80964438    5.90975119    5.40740984    5.51248051    6.34372406    3.46985303    5.77154971    3.63842339    0.00000000   20.00000000
Q5YL00_AERHY/67-161     2.53162053    3.39351340    4.01495609    1.83800737    2.20254102    2.30825898    2.20552604    2.40351899    3.47924007    3.23713323    2.72535266    2.54153949    2.12818057    2.40369179    1.92198607    2.31529097    2.19417398    2.05626156    2.15891629    2.29138643    2.51814159    2.18644930    2.01354244    2.27903138    2.15181913    2.11549229    2.53988088    2.27491136    2.39301534    6.47802692    3.66041097   20.00000000    0.00000000

