6
I3EHQ1_NEMP3/220-417     0.00000000    0.29632304    2.24986357    1.64047795    2.06112342    2.08197286
H8ZDW6_NEMS1/218-415     0.29632304    0.00000000    2.17903903    1.66474675    2.10959413    1.93671574
A9CS98_ENTBH/165-350     2.24986357    2.17903903    0.00000000    0.99286234    1.71937797    1.39381267
L2GQ94_VITCO/163-345     1.64047795    1.66474675    0.99286234    0.00000000    1.35903651    1.13747453
Q8SV46_ENCCU/186-369     2.06112342    2.10959413    1.71937797    1.35903651    0.00000000    1.24205100
C4V8A1_NOSCE/121-302     2.08197286    1.93671574    1.39381267    1.13747453    1.24205100    0.00000000

