9
H3G262_PRIPA/1-125     0.00000000    2.04896914    1.96447301    1.95185048    2.26343749    2.76096935    2.06137886    1.92936793    1.93648024
A0A0B2UT57_TOXCA/9-149     2.04896914    0.00000000    1.09556443    1.19363147    2.92809223    2.71935721    2.43124458    2.42604612    2.23556141
A0A0K0J3P8_BRUMA/1-136     1.96447301    1.09556443    0.00000000    0.32061585    2.58953606    2.21350550    2.12753025    2.03417563    2.05393990
A0A044UWP9_ONCVO/1-135     1.95185048    1.19363147    0.32061585    0.00000000    2.58721892    2.34501403    2.26409960    2.23214900    2.23322791
A0A0N4X5Z6_HAEPC/1-139     2.26343749    2.92809223    2.58953606    2.58721892    0.00000000    2.89716078    2.32563003    2.12458639    2.04019776
E3LT11_CAERE/1-144     2.76096935    2.71935721    2.21350550    2.34501403    2.89716078    0.00000000    1.80095728    1.85718595    1.81779110
K7HWC2_CAEJA/6-145     2.06137886    2.43124458    2.12753025    2.26409960    2.32563003    1.80095728    0.00000000    0.70600279    0.62303088
E3LT10_CAERE/1-140     1.92936793    2.42604612    2.03417563    2.23214900    2.12458639    1.85718595    0.70600279    0.00000000    0.25597721
YKK2_CAEEL/1-127     1.93648024    2.23556141    2.05393990    2.23322791    2.04019776    1.81779110    0.62303088    0.25597721    0.00000000

