20
H3A2I4_LATCH/916-959     0.00000000    0.34673933    0.28717488    0.41980309    0.54702299    0.35255665    0.63756011    0.57416040    0.58117966    0.53870730    0.44760326    0.27883666    0.32797567    0.27998882    0.44450586    0.25010089    0.53046819    0.47000553    0.42469872    0.56776208
G1T4I8_RABIT/1264-1307     0.34673933    0.00000000    0.04348206    0.27611877    0.45856791    0.54648703    0.82110019    0.84240518    0.71613003    0.70883347    0.65039970    0.51521846    0.58126086    0.51189495    0.71729274    0.47852837    0.71382262    0.65520763    0.77511355    0.83015156
D3ZGX8_RAT/1360-1403     0.28717488    0.04348206    0.00000000    0.27982660    0.39071848    0.47607733    0.76199588    0.74664311    0.67173448    0.62247962    0.61078439    0.44328804    0.58917733    0.43994104    0.62828533    0.44839774    0.67617558    0.61839693    0.73555413    0.78725964
H3CCY0_TETNG/1249-1293     0.41980309    0.27611877    0.27982660    0.00000000    0.39713313    0.53968214    0.94274714    0.79577070    0.66208428    0.65918904    0.80091321    0.66042884    0.64773142    0.63000318    0.66409785    0.48820329    0.77704303    0.72054830    0.89042902    0.76478839
M4AHC7_XIPMA/1391-1434     0.54702299    0.45856791    0.39071848    0.39713313    0.00000000    0.72356591    1.09079168    0.75787272    0.67484110    0.76162199    0.99331338    0.80847441    1.00725197    0.77128845    0.87306489    0.72795849    1.07525636    1.06585533    1.08312475    1.12261643
BRDT_XENTR/890-933     0.35255665    0.54648703    0.47607733    0.53968214    0.72356591    0.00000000    0.67161185    0.74794264    0.60217728    0.58782021    0.55090607    0.38756774    0.44649046    0.39519355    0.57487164    0.45372614    0.67732278    0.57957864    0.73489272    0.79476987
F6SYK2_CIOIN/116-159     0.63756011    0.82110019    0.76199588    0.94274714    1.09079168    0.67161185    0.00000000    0.89086162    0.83139210    0.80391287    0.85064927    0.69145740    0.85928679    0.78562348    1.07804392    0.78681165    0.97801920    0.89778150    0.97684017    0.95445719
E9HM71_DAPPU/247-290     0.57416040    0.84240518    0.74664311    0.79577070    0.75787272    0.74794264    0.89086162    0.00000000    0.46166461    0.57596697    1.07160996    0.91446131    0.95340631    0.99523875    1.07064812    0.71051458    0.92021800    0.83464128    0.99923204    0.95187040
X1XFD6_ACYPI/63-106     0.58117966    0.71613003    0.67173448    0.66208428    0.67484110    0.60217728    0.83139210    0.46166461    0.00000000    0.28461809    0.74868889    0.65314623    0.86974291    0.67750077    0.99556636    0.66825599    0.85565022    0.67276639    0.79366478    0.89234883
B4JXE5_DROGR/676-719     0.53870730    0.70883347    0.62247962    0.65918904    0.76162199    0.58782021    0.80391287    0.57596697    0.28461809    0.00000000    0.81850880    0.59785121    0.74089964    0.61095030    0.86993748    0.59067315    0.77005693    0.65212115    0.69984834    0.91729687
H2PZD9_PANTR/858-901     0.44760326    0.65039970    0.61078439    0.80091321    0.99331338    0.55090607    0.85064927    1.07160996    0.74868889    0.81850880    0.00000000    0.30502899    0.38871458    0.44529736    0.74063649    0.50035243    0.52622963    0.46991994    0.63255144    0.53926555
F7EH96_MONDO/939-982     0.27883666    0.51521846    0.44328804    0.66042884    0.80847441    0.38756774    0.69145740    0.91446131    0.65314623    0.59785121    0.30502899    0.00000000    0.28659883    0.21248942    0.45672020    0.44841526    0.53318425    0.48855246    0.62332738    0.56968988
G1KD28_ANOCA/1029-1072     0.32797567    0.58126086    0.58917733    0.64773142    1.00725197    0.44649046    0.85928679    0.95340631    0.86974291    0.74089964    0.38871458    0.28659883    0.00000000    0.30712666    0.54940089    0.44811973    0.62638026    0.56773674    0.62628729    0.64049531
G1N8D0_MELGA/913-956     0.27998882    0.51189495    0.43994104    0.63000318    0.77128845    0.39519355    0.78562348    0.99523875    0.67750077    0.61095030    0.44529736    0.21248942    0.30712666    0.00000000    0.27094093    0.48436127    0.63398272    0.63765269    0.70855222    0.68267275
U3JGD2_FICAL/967-1010     0.44450586    0.71729274    0.62828533    0.66409785    0.87306489    0.57487164    1.07804392    1.07064812    0.99556636    0.86993748    0.74063649    0.45672020    0.54940089    0.27094093    0.00000000    0.58294400    0.65950898    0.63779366    0.76502338    0.71475803
W5LBL0_ASTMX/1071-1114     0.25010089    0.47852837    0.44839774    0.48820329    0.72795849    0.45372614    0.78681165    0.71051458    0.66825599    0.59067315    0.50035243    0.44841526    0.44811973    0.48436127    0.58294400    0.00000000    0.30385581    0.28659105    0.34192662    0.44059073
M4AAR7_XIPMA/874-916     0.53046819    0.71382262    0.67617558    0.77704303    1.07525636    0.67732278    0.97801920    0.92021800    0.85565022    0.77005693    0.52622963    0.53318425    0.62638026    0.63398272    0.65950898    0.30385581    0.00000000    0.17721064    0.33416350    0.39405387
G3NK30_GASAC/913-955     0.47000553    0.65520763    0.61839693    0.72054830    1.06585533    0.57957864    0.89778150    0.83464128    0.67276639    0.65212115    0.46991994    0.48855246    0.56773674    0.63765269    0.63779366    0.28659105    0.17721064    0.00000000    0.34346504    0.31133939
H2MFS6_ORYLA/927-969     0.42469872    0.77511355    0.73555413    0.89042902    1.08312475    0.73489272    0.97684017    0.99923204    0.79366478    0.69984834    0.63255144    0.62332738    0.62628729    0.70855222    0.76502338    0.34192662    0.33416350    0.34346504    0.00000000    0.37584158
H3CMN4_TETNG/864-906     0.56776208    0.83015156    0.78725964    0.76478839    1.12261643    0.79476987    0.95445719    0.95187040    0.89234883    0.91729687    0.53926555    0.56968988    0.64049531    0.68267275    0.71475803    0.44059073    0.39405387    0.31133939    0.37584158    0.00000000

