79
A0A0P7XZL5_SCLFO/463-587     0.00000000    0.91716861    1.12819537    1.03069477    1.48936228    0.84956926    1.08184241    0.93895400    1.01621249    1.14649568    0.90580123    0.99203642    1.11988858    1.38550024    1.05900445    1.13862205    1.16796363    0.97006976    1.47472450    1.71943072    1.23317104    1.91515283    1.92910087    2.33954427    2.09996142    2.26977663    1.79739480    2.06257928    2.96269726    2.93050178    3.32003460    2.70382154    2.47717997    2.25335790    2.34653862    2.39564700    2.51728536    3.16318517    2.63181109    2.52453236    2.06914709    2.19519938    2.38134102    2.31339607    2.79887942    2.91806547    3.00333708    2.91928918    2.90507295    2.18248095    3.44074860    2.39805387    2.85416504    2.63455929    2.50726174    1.98326420    3.09716781    3.04693434    2.48293060    2.33102240    2.67336954    2.58400441    2.79369496    1.96246440    2.17268517    2.41213473    2.57305049    2.59133000    3.41318296    3.15412587    3.41726013    1.21132707    1.17034804    1.18087612    0.91592695    1.03051033    0.80149176    1.12313216    0.87391137
A0A087YPF9_POEFO/473-603     0.91716861    0.00000000    1.55570852    1.18432815    1.41820062    1.06125568    1.17628944    1.04177957    0.99945829    1.15621111    0.97766725    1.15512006    1.34125485    1.87374893    1.15913782    1.47883971    1.55400162    1.33086972    1.67652272    2.03626237    1.64815095    1.89263968    2.34743086    2.57764178    2.68854357    2.49427215    2.09014320    2.64554719    2.95859108    3.28336550    3.34741984    2.83764873    2.48119535    2.22265524    1.89742847    2.02135745    2.59722358    2.68080734    2.84527477    3.05439928    2.40925718    2.51687561    2.67844443    2.32874221    3.09642869    2.82797171    2.78410609    3.27906986    3.72508914    2.77120145    3.20395589    2.51453916    2.95424634    2.61212719    2.55878071    1.86126323    2.53023327    3.16066140    2.61871286    2.26691451    2.80632041    2.53223642    2.58456769    2.02643205    2.35264512    2.30330908    2.94268530    2.68251589    3.00044955    2.94547682    3.95260656    1.43372416    1.26233957    1.40235903    1.26062008    1.32622501    0.95053812    1.32168886    1.01923725
A0A096LTS0_POEFO/495-619     1.12819537    1.55570852    0.00000000    1.42152089    1.83509924    1.29664829    1.52731141    1.12039367    1.46021250    1.43347253    1.12422291    1.21007479    1.51573415    1.88027059    1.42071184    1.48503028    1.15269409    1.57896378    1.59816199    2.01019576    1.77271737    2.29016720    2.42073826    3.04344395    2.28457395    2.47598571    2.36978227    3.16048538    2.94740723    3.60937616    4.52264134    2.74411796    3.02017594    2.27342534    2.27617733    2.56768702    2.72728248    2.87036970    2.52440699    2.46705653    2.25051195    2.69541595    3.08683258    3.01064771    3.04499063    2.42192875    3.48020236    3.16856677    3.28514606    3.16682848    3.42434943    2.61898414    3.18011896    3.13691277    2.36834220    2.21770984    2.83739782    3.51919763    2.86443736    2.42417846    2.31234093    2.66448829    2.80765936    2.50086745    2.43145612    3.25833721    2.43092207    2.91725410    3.20457530    3.48061001    3.75034503    1.45761727    1.42037478    1.60976678    1.18391179    1.37422793    1.06953718    1.32793044    1.18798633
A0A087YFC3_POEFO/428-557     1.03069477    1.18432815    1.42152089    0.00000000    1.41268928    0.99402926    1.01701217    0.92496154    0.87692264    1.08707526    0.97723969    0.96554472    1.07727301    1.48254714    1.22661142    1.12714215    1.34243909    1.46071864    1.55835678    1.85250566    1.73108870    1.58457084    1.78024371    2.14189533    1.95592986    2.14504372    1.92612741    2.37672637    2.83376720    3.47180762    3.27119122    2.69834936    2.14376696    2.18945676    1.75289941    1.98305933    2.59431088    2.80364469    2.68762455    2.45873361    2.37811357    2.53244159    2.16837626    2.43644247    3.02986144    2.97431239    3.12296740    2.79041784    2.80761415    2.51659187    3.23429897    2.61203342    3.22887446    2.74396799    2.03052604    1.74365900    2.71261416    2.86635323    2.44537365    2.08186141    2.03524910    2.40246150    3.32662243    2.29505189    2.46683328    2.50427848    2.76169984    2.96511797    2.97125842    3.10349673    3.49065712    1.33142903    1.11896408    1.31199053    1.17622238    1.12791646    0.99455105    1.11702479    1.03163076
I3JQZ0_ORENI/374-474     1.48936228    1.41820062    1.83509924    1.41268928    0.00000000    1.66880831    1.62558048    1.58628183    1.36921704    1.56489370    1.45998826    1.43548004    1.80639695    2.25198358    1.57102602    1.52394061    1.74700011    1.60825859    1.75417732    1.96986909    2.12320826    2.31787944    2.27557951    2.98276861    2.22989332    2.48154246    2.49587951    2.44955660    2.64341631    3.43555381    4.42827004    3.15412004    2.38723880    2.34110554    2.26522656    2.42570277    3.39246703    2.93275943    3.04005782    2.82520566    2.88535126    2.06775013    2.61277217    3.16248883    3.44096081    3.11139084    3.98790358    3.32275025    2.67790385    2.29393241    3.27654918    2.88061454    3.33984459    2.51950449    2.57552812    1.94543403    2.73034264    2.89188971    2.61861953    2.25020651    2.55761039    2.94718693    2.52142075    2.26368881    2.85598901    2.99819062    2.82558556    2.86681290    2.95079835    3.27250374    3.54799290    1.46697943    1.84785019    1.93382086    1.51357010    1.49400897    1.30556656    1.72643994    1.42942287
W5K004_ASTMX/483-612     0.84956926    1.06125568    1.29664829    0.99402926    1.66880831    0.00000000    1.06100040    0.91777608    0.94179345    1.08859111    0.90959017    0.97435791    1.18207695    1.66411178    1.14836664    1.15122100    1.10287976    1.07608600    1.42093837    1.85759907    1.47354167    1.88590852    2.14765612    2.41752059    2.48440633    2.39851564    2.33731060    2.52265016    2.99589963    2.80367467    3.19067943    2.32046117    2.59097018    2.46887350    1.89318851    2.19170801    3.05060182    3.18905862    2.95771298    2.67205869    2.21153346    2.60112607    2.56544301    2.40010502    3.15969462    2.64727710    2.75072346    3.24396027    2.88452301    2.91490211    3.48812508    2.56118033    3.31756430    2.21273570    2.36814385    1.66177798    2.68758571    2.61151783    2.64720143    2.43814150    2.42489896    2.54487402    2.69811590    2.24644757    2.44026220    2.18234852    2.21259439    2.50888923    2.81562847    3.11235410    3.07588146    1.31158505    1.23115763    1.34041949    1.23671836    1.16569253    0.87177909    1.10289512    0.96147057
E9QHN9_DANRE/688-813     1.08184241    1.17628944    1.52731141    1.01701217    1.62558048    1.06100040    0.00000000    0.88315206    1.08254551    1.21989906    1.10502767    1.06165617    1.36685793    1.69876462    1.13591424    1.29654911    1.50113363    1.39881952    1.68755923    2.21003542    1.55422583    2.31795101    1.97218465    2.58813225    2.97663393    2.92771927    2.61969727    2.58994393    3.08342305    3.42756546    3.76673657    2.84736161    2.36633738    2.56064622    2.05915176    2.35968585    3.33391944    3.01032102    2.90555864    3.75686913    2.40512359    3.03815863    2.27912286    2.67560200    3.39043294    3.03877707    3.10581563    3.31249211    3.13207611    3.00349666    3.96637568    2.72055936    3.08572130    2.98992405    2.55319339    2.03149418    3.07694795    3.45090081    2.78294322    2.57293866    2.97961848    2.88643243    3.26850458    2.35199652    2.59531929    2.39410271    2.57233011    2.81972094    2.49134613    3.34180215    3.41234087    1.75041549    1.33169034    1.48323450    1.22993236    1.20005989    1.01866731    1.39866880    1.02888113
A0A087XZJ6_POEFO/483-614     0.93895400    1.04177957    1.12039367    0.92496154    1.58628183    0.91777608    0.88315206    0.00000000    0.86589617    0.95421286    0.80585254    0.87778589    1.14248372    1.53573912    1.10687320    1.15672865    1.20261838    1.35008200    1.55103735    1.93590448    1.47692976    1.59152534    2.02898269    2.26148534    2.21653080    2.26430495    1.84375175    1.99788613    2.25810086    2.94319442    3.44073150    2.15300667    2.40860078    1.79164456    1.68604256    2.19076590    2.67177400    2.92218527    2.27798200    2.42545612    1.86403407    2.37869240    2.32404270    2.24488579    2.42485819    2.57354435    2.68757501    2.83527601    2.60612245    2.16093494    2.66169159    2.46255173    2.34590235    2.25746774    2.18550625    1.60439500    1.93012430    2.44681133    2.28041821    2.07283579    1.88380769    2.09060707    2.16901825    1.96273139    2.01993092    2.20784863    2.01034256    2.51423897    2.62609725    2.44224633    3.04376682    1.20605069    1.01615670    1.21439848    1.06278746    1.00172930    0.85174477    1.04838215    1.00904823
A0A096LR08_POEFO/543-676     1.01621249    0.99945829    1.46021250    0.87692264    1.36921704    0.94179345    1.08254551    0.86589617    0.00000000    0.84431350    0.84871908    0.95115408    1.27841063    1.82113490    1.23270522    1.10574083    1.14371322    1.04828348    1.67429110    1.90135438    1.41547132    1.96817160    1.74099636    2.77009928    2.32581697    2.50301975    2.12632560    2.66352675    3.13277899    3.78494626    4.13832842    3.49878297    2.75911017    2.23603231    1.97187816    2.56304585    3.01056790    3.51227932    2.75594042    3.20859500    2.57497861    2.46432770    2.61500964    3.09235884    3.02173293    2.91608677    3.25500123    2.77953229    2.74273660    2.91513809    3.54040113    2.53383406    3.14366343    2.81309817    2.38186929    1.81408689    3.01695282    2.92168998    2.87122374    2.23834843    2.45751899    2.65004470    3.55011111    2.13728402    2.54169650    2.52668473    2.44557964    2.65108362    3.71065393    2.97779397    3.59554249    1.33594058    1.28040639    1.61170648    1.16900976    1.31315121    0.94310969    1.16001260    1.15374856
A0A087XCM0_POEFO/888-1019     1.14649568    1.15621111    1.43347253    1.08707526    1.56489370    1.08859111    1.21989906    0.95421286    0.84431350    0.00000000    0.95453036    1.13729881    1.34619216    1.87570773    1.21131096    1.37662707    1.24872623    1.35245054    1.70317714    2.26342838    1.73137317    1.89356962    2.02443075    2.71472365    2.38804463    2.39675041    2.19653882    2.65161206    3.61550128    3.68317295    4.73734682    2.74973228    2.92346865    2.26898729    1.84371277    2.69467263    2.98038826    2.80314811    2.69801212    2.89042424    2.59300730    2.54968074    2.56903339    2.93875035    2.86223202    2.93399435    2.93886470    3.25147454    2.73519604    2.51915487    3.17912813    2.59771613    2.94437249    2.81009485    2.59342857    1.61476004    2.72174717    2.66406411    2.61495167    2.49793723    2.74159654    2.60534052    2.75749995    2.13407886    2.68937989    2.46936726    2.67997448    2.67698458    3.17315033    2.88545696    3.78093668    1.48204529    1.30178997    1.47817108    1.42468596    1.25991982    1.12195548    1.39546826    1.23436185
I3J0A8_ORENI/316-444     0.90580123    0.97766725    1.12422291    0.97723969    1.45998826    0.90959017    1.10502767    0.80585254    0.84871908    0.95453036    0.00000000    0.91875263    1.10144465    1.49256610    1.08119016    1.06934506    1.19955253    1.14400407    1.43645804    1.64350845    1.54560940    1.71005070    2.02335941    2.51464499    2.02192137    2.26475374    2.13189591    2.43152000    3.07419550    3.41005526    3.66476647    2.67182342    2.58920388    2.22430751    1.93133962    2.45817569    3.04796033    3.33433566    2.67706372    2.49659466    2.20605784    2.50413836    2.30162413    2.38780269    2.86496311    2.53786299    3.12537766    2.83554137    2.57752331    2.72089924    3.51376807    2.41957924    2.85419602    3.02871026    2.40131091    1.56168968    3.00561540    3.02743173    2.49814771    2.24644012    2.39328640    2.52781306    2.66778818    2.29366888    2.29602249    2.24221445    2.58754815    3.13145248    2.71213858    2.92275675    3.22384708    1.20448453    1.08729957    1.20159010    1.11863869    1.17939361    0.93563359    1.17090039    1.15008402
F1QLB9_DANRE/1006-1132     0.99203642    1.15512006    1.21007479    0.96554472    1.43548004    0.97435791    1.06165617    0.87778589    0.95115408    1.13729881    0.91875263    0.00000000    1.26489652    1.58706836    1.18384454    1.04729113    1.04662339    1.20490052    1.49491987    1.73935518    1.50389190    1.87835665    1.84042474    2.38030022    2.22521782    2.39238893    2.06645675    2.50090274    2.83711272    3.27681537    3.59757130    2.59883548    2.63888083    2.01847965    1.84351015    2.53828692    3.01670555    3.16324247    2.71320369    2.59959862    2.08631158    2.22262049    2.45297480    2.52366997    3.05987700    2.85562111    3.45366737    2.83901015    2.86591639    2.79069425    3.02812173    2.54014123    3.05935650    2.65816237    2.35483340    1.86095759    2.59513004    2.71789141    2.50856577    2.20575003    2.37001945    2.35715652    2.80337998    2.12954511    2.35145706    2.41555654    2.23694357    2.96506595    2.87664351    2.97453118    2.59528605    1.24057017    1.07511811    1.16386194    1.14217760    1.08342494    0.84366217    0.99796382    1.06669488
W5KRH0_ASTMX/482-609     1.11988858    1.34125485    1.51573415    1.07727301    1.80639695    1.18207695    1.36685793    1.14248372    1.27841063    1.34619216    1.10144465    1.26489652    0.00000000    1.59983714    1.14981035    1.14890892    1.32412634    1.21524231    1.18802477    1.90986790    1.54080956    1.87675033    2.25696929    2.26936423    2.26089061    2.14307293    1.86653589    2.47823279    2.40437367    3.04521083    2.96922451    2.37616817    2.55966161    2.16886602    2.10839713    1.91997164    2.61097163    3.12639078    2.42337277    2.57547017    2.21070742    2.48796665    2.59080271    2.66126909    2.26998783    2.38883065    2.74721966    2.86886408    2.57644681    2.30412903    2.95611980    2.75013133    2.82782674    2.53340108    2.37289230    1.90969645    2.59679704    2.77433486    2.48344146    2.45966964    2.57436102    2.50335403    2.59456712    2.24511504    2.12356718    2.43907825    2.41058413    2.49059442    2.73736808    2.84607401    2.52439584    1.47538285    1.24889719    1.56263685    1.15357923    1.34928098    1.17753921    1.35854138    1.23042065
A0A096LQU5_POEFO/444-585     1.38550024    1.87374893    1.88027059    1.48254714    2.25198358    1.66411178    1.69876462    1.53573912    1.82113490    1.87570773    1.49256610    1.58706836    1.59983714    0.00000000    1.29423119    1.35839535    1.61236460    1.32347839    1.40780289    2.17448055    1.60986555    1.73199884    2.13325881    2.57684168    2.15910750    2.07307423    2.13376997    2.43847864    3.91899154    3.68621371    3.88301441    2.84983469    3.35544153    2.57994028    2.75490775    2.68867258    3.24713284    3.81867521    2.68272761    3.44182102    2.40036885    2.94905327    2.87694363    2.63138928    2.93371393    2.95784401    3.05654569    3.35197787    2.79630720    2.61533933    3.09704852    3.03554757    3.59581291    3.27201726    2.42424516    2.01061016    2.90811912    3.19133724    3.02030769    2.77140010    3.35024447    2.58752341    2.98577178    3.01832010    2.36423655    2.54886516    2.85171505    3.14084954    3.17291847    2.95105680    2.79044945    1.64714203    1.38553666    1.29413624    1.85193702    1.29192913    1.45771886    1.53380610    1.64875879
A0A0P7UIJ9_SCLFO/320-446     1.05900445    1.15913782    1.42071184    1.22661142    1.57102602    1.14836664    1.13591424    1.10687320    1.23270522    1.21131096    1.08119016    1.18384454    1.14981035    1.29423119    0.00000000    0.96122590    1.13753961    1.07391282    1.31893560    1.73417063    1.28685788    1.88984549    2.12568747    2.44147980    2.23096998    2.40614590    2.28244680    2.75619080    3.10270474    3.33982899    3.87127527    2.53842504    2.50686333    2.44501910    2.26656548    2.63511835    3.39663809    3.41879695    3.20076249    3.57342224    2.25535838    2.89666826    2.90634227    2.64394393    4.09333687    3.12395942    3.39664057    2.90133226    3.42546241    3.09632840    3.64414080    4.02557723    3.35703531    3.68900510    2.80522892    1.75635087    2.70616823    3.16516390    3.12506700    3.03800162    3.23108942    2.78873725    3.81283989    3.04779927    2.62159905    2.62037669    2.76647055    3.03064609    2.98603291    2.88145211    2.83529642    1.49708921    1.33505052    1.57879584    1.08645178    1.14493376    0.99607784    1.39892997    1.01278722
A0A0G2KGE9_DANRE/387-520     1.13862205    1.47883971    1.48503028    1.12714215    1.52394061    1.15122100    1.29654911    1.15672865    1.10574083    1.37662707    1.06934506    1.04729113    1.14890892    1.35839535    0.96122590    0.00000000    1.00721833    0.88809372    1.28213635    1.45311165    1.22998325    1.81988515    1.85690961    2.47496475    1.70229952    2.33524901    2.43844969    2.51113412    2.87391710    3.42642044    3.45401791    2.68469593    2.90118495    2.32627535    2.41830903    2.63374578    2.54266231    3.37144702    2.65584388    2.42327449    2.33366908    2.38816334    2.70197137    2.35125342    2.74073160    2.62508674    2.91010333    2.73685146    2.90729320    2.87820254    3.26313929    2.89016902    3.19125735    3.10267110    2.49328044    1.88945224    2.79227080    2.74976156    2.51126498    2.36997025    2.73045590    2.52915281    3.00220607    2.77469463    2.82948523    2.38746569    2.55287710    2.20315204    2.59076390    2.92068650    2.84126286    1.31172215    1.16511818    1.25556970    1.35815577    1.19054434    1.12569931    1.27329194    1.18905734
A0A0G2L5A6_DANRE/486-624     1.16796363    1.55400162    1.15269409    1.34243909    1.74700011    1.10287976    1.50113363    1.20261838    1.14371322    1.24872623    1.19955253    1.04662339    1.32412634    1.61236460    1.13753961    1.00721833    0.00000000    0.77712048    1.13836479    2.07274671    1.52159946    1.96463121    2.17770194    2.45786140    2.45229686    2.57359583    2.13963684    2.97365841    2.69946242    2.78181670    4.15995758    2.51070198    3.02201915    2.39451323    2.25871923    2.24977136    2.53590176    3.53680255    2.32177473    2.67553063    2.12246099    2.46190596    2.74706261    2.54925899    2.87449725    2.47809057    2.64635513    2.65575327    2.67736694    2.90084048    2.64629395    2.70944978    2.84830274    2.80361488    2.26199381    1.77694367    2.59745695    2.49903474    2.20183425    2.23122483    2.68350488    2.64809407    2.94588078    2.43759054    2.51691985    2.56487209    2.16617052    2.76946001    3.14588644    3.18164427    3.43052682    1.46664353    1.35126483    1.36713015    1.15747266    1.32830928    0.97603830    1.32718201    1.33542326
W5KYK3_ASTMX/496-625     0.97006976    1.33086972    1.57896378    1.46071864    1.60825859    1.07608600    1.39881952    1.35008200    1.04828348    1.35245054    1.14400407    1.20490052    1.21524231    1.32347839    1.07391282    0.88809372    0.77712048    0.00000000    1.33241610    1.70308575    1.56697069    1.90822440    2.48237754    2.65086841    2.20412244    2.45813244    2.47531789    2.91863677    3.35238679    3.01677047    3.45049583    2.84106951    3.26955051    2.51644132    2.24448656    2.45350229    2.55582696    3.77212364    2.49634860    3.28318696    2.18109861    2.43676992    2.66913042    2.52451650    2.79716477    2.57243597    2.56351468    2.81195275    2.78290136    2.70762579    3.12055444    2.37434729    2.88602309    2.72358346    2.07049285    1.81452821    2.74047346    2.76489893    2.33361839    2.11496075    2.51485142    2.27692051    3.22542074    2.49508388    2.67060500    2.48679531    2.83567996    2.41560645    3.09279845    2.82591193    3.06540507    1.47044482    1.39162853    1.46662903    1.29111363    1.32108893    1.08375007    1.48720309    1.20439028
A0A096M7F6_POEFO/411-538     1.47472450    1.67652272    1.59816199    1.55835678    1.75417732    1.42093837    1.68755923    1.55103735    1.67429110    1.70317714    1.43645804    1.49491987    1.18802477    1.40780289    1.31893560    1.28213635    1.13836479    1.33241610    0.00000000    1.74978639    1.37949552    1.98874874    2.07447955    2.27119414    2.27161094    2.83495866    2.63062971    2.67321628    2.40988513    2.95759828    3.76607972    2.39053914    2.66218363    2.42454246    2.29128597    2.34144946    2.92882874    3.22510912    2.47879120    2.69033551    2.39016385    2.44347809    2.54053092    2.92715328    2.84445726    2.53211570    2.46173475    3.05068721    2.35054199    2.63954434    3.09218893    2.94056983    3.31665067    3.50795165    2.09829990    1.90542167    3.03353296    3.05556040    2.59879436    2.17334290    2.77375467    2.37084167    3.03904873    2.43228290    2.52032137    2.25434580    2.39315721    2.94831679    3.17335566    2.81735841    2.97316018    1.64072007    1.70546163    1.45979383    1.48866190    1.39357508    1.44230701    1.57891022    1.28731081
A0A087XJY8_POEFO/426-563     1.71943072    2.03626237    2.01019576    1.85250566    1.96986909    1.85759907    2.21003542    1.93590448    1.90135438    2.26342838    1.64350845    1.73935518    1.90986790    2.17448055    1.73417063    1.45311165    2.07274671    1.70308575    1.74978639    0.00000000    1.73971335    2.24603349    2.31239318    2.41418937    2.18752297    2.60848301    2.28668625    2.23772518    2.79617297    3.03902492    3.38617405    2.94519327    3.07368508    2.22087030    2.36994357    2.50764268    2.92897427    3.36597889    3.45651541    2.97826121    2.67133615    2.64373773    2.71087540    2.90164874    3.67448956    3.15923894    3.56070402    2.39735315    2.96218036    3.17253433    3.86211915    2.91103480    3.80966898    2.80340309    2.66849681    2.63397771    3.43354859    3.34834398    3.13470225    2.72280556    3.22205537    3.04017668    3.23406600    3.05779437    3.30528411    2.83363327    2.90706935    2.76674492    2.99842080    2.95997899    2.90863446    2.05813247    1.95058385    2.23432209    1.98362012    2.16215664    1.61301636    2.26448949    2.17862872
F1QJ83_DANRE/418-546     1.23317104    1.64815095    1.77271737    1.73108870    2.12320826    1.47354167    1.55422583    1.47692976    1.41547132    1.73137317    1.54560940    1.50389190    1.54080956    1.60986555    1.28685788    1.22998325    1.52159946    1.56697069    1.37949552    1.73971335    0.00000000    1.71082039    1.94770670    2.45637205    2.53149682    2.40405460    2.13192065    2.68734762    2.50842752    2.45101157    3.20964595    2.38942775    2.49327296    2.20067452    2.22517462    2.32278641    2.96486512    3.26441482    2.45059233    2.48511411    2.26064489    2.14218825    2.38979014    2.40340794    2.52378749    2.31467362    2.66195922    2.49169788    2.97380990    2.66082636    3.53035762    3.30695802    2.78028912    2.76278730    2.09877159    2.05658700    2.81379639    2.56867937    2.69583314    2.24005912    2.99312315    2.54773032    2.82285291    2.67458741    2.59310127    2.41524123    2.19646882    2.56151531    3.59606480    2.73439000    3.47535770    1.45002844    1.41941274    1.41800332    1.51294080    1.38731233    1.30391419    1.77049522    1.60698201
M7C2N3_CHEMY/541-653     1.91515283    1.89263968    2.29016720    1.58457084    2.31787944    1.88590852    2.31795101    1.59152534    1.96817160    1.89356962    1.71005070    1.87835665    1.87675033    1.73199884    1.88984549    1.81988515    1.96463121    1.90822440    1.98874874    2.24603349    1.71082039    0.00000000    2.06878891    2.72934059    2.05798484    2.17543633    1.89981841    2.20685285    2.45885770    2.67243263    3.06677722    2.27541215    2.54388419    2.56348450    2.33789734    2.56220487    2.51313015    2.38515114    2.26161535    1.89202648    2.21604932    2.04583351    2.43133773    2.05245533    2.18523252    2.15453249    2.26740387    2.25345360    2.76129636    2.48283446    2.24476345    2.83180966    3.38399995    2.92587466    2.46800789    2.18922499    2.25477096    1.97405247    2.63787460    2.22391880    2.46253572    2.29954386    2.66154710    2.67376426    2.15764363    2.24251668    2.39630935    2.16615474    2.83948929    2.33332848    2.63989567    2.07279512    1.87706795    1.82533256    1.85558708    1.82678096    1.79650396    1.85736085    1.81893602
A0A087YDD8_POEFO/523-651     1.92910087    2.34743086    2.42073826    1.78024371    2.27557951    2.14765612    1.97218465    2.02898269    1.74099636    2.02443075    2.02335941    1.84042474    2.25696929    2.13325881    2.12568747    1.85690961    2.17770194    2.48237754    2.07447955    2.31239318    1.94770670    2.06878891    0.00000000    3.12677033    2.49095091    2.26491804    1.99754599    2.56944058    2.76515093    3.02934728    3.36927030    2.92770048    3.02821047    2.71565907    2.06056347    2.36269326    3.26813263    3.08579913    2.59610823    3.16029155    2.74303525    3.11329921    2.82754217    3.28630904    3.97083524    3.40513099    3.26732781    3.17225193    3.02712759    2.68079199    3.27563435    3.15206725    3.34839440    2.89575813    2.46402461    2.19784180    2.75878126    2.97209039    2.67732174    2.24397328    2.45474241    2.36036174    2.58127750    2.16780800    2.36568433    2.68735241    2.65863928    2.32369492    3.13658952    2.78601921    3.75327509    1.84374259    1.93158589    1.70092892    1.92430690    1.60421960    1.92913178    2.05640144    2.14776139
H3AVW0_LATCH/314-446     2.33954427    2.57764178    3.04344395    2.14189533    2.98276861    2.41752059    2.58813225    2.26148534    2.77009928    2.71472365    2.51464499    2.38030022    2.26936423    2.57684168    2.44147980    2.47496475    2.45786140    2.65086841    2.27119414    2.41418937    2.45637205    2.72934059    3.12677033    0.00000000    1.87244567    2.08351479    1.99198181    2.23873279    2.32136212    2.31679915    3.16519920    2.82059863    3.02287024    1.86285309    2.10083807    1.84653309    3.33452829    3.37813051    2.75917246    2.77020043    2.38419408    2.25234506    2.41758100    2.76465956    2.80454462    2.70241659    3.00249659    3.35885951    2.84192487    2.51658470    2.64734632    2.79309500    2.73973162    2.57504019    2.44380415    2.18756926    2.48595841    2.62631053    2.42955010    2.40065849    2.58413054    2.26384933    2.59367225    2.89309519    2.65397541    3.06033252    2.45608817    2.69768392    2.79545867    2.81865897    2.63423369    2.26446339    2.46835421    2.01226595    2.76173016    2.62434870    2.38764593    2.12482926    2.71925520
W5MDU6_LEPOC/417-543     2.09996142    2.68854357    2.28457395    1.95592986    2.22989332    2.48440633    2.97663393    2.21653080    2.32581697    2.38804463    2.02192137    2.22521782    2.26089061    2.15910750    2.23096998    1.70229952    2.45229686    2.20412244    2.27161094    2.18752297    2.53149682    2.05798484    2.49095091    1.87244567    0.00000000    1.25890418    1.80482977    2.43799664    2.45469689    2.99915692    3.18734577    2.38405039    2.36673209    1.76956178    2.05445306    1.93626870    3.68225210    3.08713305    2.66391128    2.15850646    2.33791658    2.50796950    2.51312531    2.91108693    2.92586613    2.44904122    2.60735601    2.63015008    2.51353608    2.28292713    2.81498660    2.78584897    3.14062000    2.97307619    2.36979521    2.11608666    3.01465486    2.69472234    2.24266378    1.97389599    2.16783974    2.15042077    2.50118098    2.34504163    2.25121968    2.67608362    2.17129984    2.31936937    2.75774623    2.84557270    2.61077967    2.14575650    1.97782183    2.16713075    2.37217397    2.22901009    1.88507468    2.17424128    2.07616327
H9GQH1_ANOCA/325-447     2.26977663    2.49427215    2.47598571    2.14504372    2.48154246    2.39851564    2.92771927    2.26430495    2.50301975    2.39675041    2.26475374    2.39238893    2.14307293    2.07307423    2.40614590    2.33524901    2.57359583    2.45813244    2.83495866    2.60848301    2.40405460    2.17543633    2.26491804    2.08351479    1.25890418    0.00000000    2.16210429    2.37362480    2.63225502    3.25461347    3.17564698    2.60472228    2.63378283    1.71472466    2.11588139    1.70395770    3.58560394    2.94432628    2.36891934    3.04860580    2.49762847    2.12101742    2.28432373    3.12022882    2.10910531    2.33420236    2.78510147    3.02517911    2.84187631    2.27909082    2.94465170    2.89328455    3.13125000    2.96825189    2.21944846    2.18159031    2.63725539    2.21074839    2.42364547    1.93518395    2.33273441    2.22750953    2.44970211    2.65815361    2.01390238    2.91373673    2.41857106    2.88875036    2.59472307    2.63886289    2.34369958    2.07884893    2.25572629    2.12535874    2.24209421    2.16578028    2.16547465    2.59420268    2.78697843
W5N0U7_LEPOC/506-614     1.79739480    2.09014320    2.36978227    1.92612741    2.49587951    2.33731060    2.61969727    1.84375175    2.12632560    2.19653882    2.13189591    2.06645675    1.86653589    2.13376997    2.28244680    2.43844969    2.13963684    2.47531789    2.63062971    2.28668625    2.13192065    1.89981841    1.99754599    1.99198181    1.80482977    2.16210429    0.00000000    2.30448617    1.93079113    2.32504780    2.73024272    1.73356627    1.93951599    2.23271837    2.43605526    2.27062461    3.57564629    2.72836822    2.71973353    2.32952458    2.37147738    2.54173939    2.48152488    2.80158230    2.70487716    2.83763101    2.79592484    2.76806281    3.10998508    2.36097106    2.20194493    2.55455449    2.63205792    2.08416819    2.30713672    2.08040685    2.41578633    1.95840980    2.13505171    2.09058235    2.13399089    2.11059760    2.19604177    2.39497720    2.14555291    2.24515309    2.15272145    2.27855504    1.98025920    2.54784674    2.37817553    1.90716889    1.89727403    1.85909822    1.97485347    2.23456239    1.75992311    1.87241274    2.06986820
G3NEP1_GASAC/309-430     2.06257928    2.64554719    3.16048538    2.37672637    2.44955660    2.52265016    2.58994393    1.99788613    2.66352675    2.65161206    2.43152000    2.50090274    2.47823279    2.43847864    2.75619080    2.51113412    2.97365841    2.91863677    2.67321628    2.23772518    2.68734762    2.20685285    2.56944058    2.23873279    2.43799664    2.37362480    2.30448617    0.00000000    1.79230575    2.30944027    2.15590432    1.91573027    2.13118817    2.33684591    2.25618548    1.70382549    2.49224760    2.74080662    2.43614427    2.64668781    2.92393990    2.73984977    3.01953559    2.94979912    2.16652083    2.72089087    2.87277846    3.11901227    2.87482732    2.14533484    2.82265891    2.25303544    2.55204287    2.31380255    2.45534504    2.63939027    2.30337007    2.32475913    2.94606264    2.56094976    2.71919705    2.77100309    3.07851958    2.41734713    2.59152526    2.27196939    2.42593466    2.63266985    2.24081939    2.44869851    2.30159186    2.38939505    2.24997994    2.10511050    2.29607588    2.36638896    2.42529162    3.05565703    2.81034994
H2UG52_TAKRU/510-657     2.96269726    2.95859108    2.94740723    2.83376720    2.64341631    2.99589963    3.08342305    2.25810086    3.13277899    3.61550128    3.07419550    2.83711272    2.40437367    3.91899154    3.10270474    2.87391710    2.69946242    3.35238679    2.40988513    2.79617297    2.50842752    2.45885770    2.76515093    2.32136212    2.45469689    2.63225502    1.93079113    1.79230575    0.00000000    1.63303747    1.76585878    1.69405194    1.87898549    2.17359385    2.36731375    2.00920930    3.05965896    3.21155589    2.49958836    2.68001221    2.76311582    2.45757009    2.96980436    2.93974769    2.55619604    2.32292775    2.93787473    3.73789924    3.07411924    2.71411020    3.60057383    2.69827707    2.42790726    2.59584890    2.54823926    2.45210841    2.31999704    2.62587273    2.46752419    2.26552663    2.34151697    2.37921235    2.59285407    2.76562595    2.51102281    2.71897782    2.16717161    2.41355861    2.53106913    2.78555928    2.50613085    2.48330308    2.71682357    2.34749819    3.00325366    3.34560324    2.60222090    2.98922706    2.60836706
F7EXR1_MONDO/575-729     2.93050178    3.28336550    3.60937616    3.47180762    3.43555381    2.80367467    3.42756546    2.94319442    3.78494626    3.68317295    3.41005526    3.27681537    3.04521083    3.68621371    3.33982899    3.42642044    2.78181670    3.01677047    2.95759828    3.03902492    2.45101157    2.67243263    3.02934728    2.31679915    2.99915692    3.25461347    2.32504780    2.30944027    1.63303747    0.00000000    0.83180911    0.91811333    1.13027193    1.94538861    2.44419044    2.45833048    3.30487056    2.84743197    2.45841914    2.61420633    2.50851669    2.36646480    2.81085785    2.96691659    2.80708011    2.59613010    2.77698096    3.18170903    2.87141982    3.04412570    2.94322839    2.63381323    2.56321272    2.58979218    2.76649797    2.53986747    2.80237016    3.45035425    2.79989062    2.42891269    2.37607538    2.29955025    2.47770909    2.65260452    2.42453864    2.89232185    2.69455744    2.36421269    2.24878645    2.95445434    2.66540782    2.65538581    3.21472478    2.72564550    3.62123519    3.67487278    2.91073990    3.07457073    3.30165595
F7D4Y0_ORNAN/582-734     3.32003460    3.34741984    4.52264134    3.27119122    4.42827004    3.19067943    3.76673657    3.44073150    4.13832842    4.73734682    3.66476647    3.59757130    2.96922451    3.88301441    3.87127527    3.45401791    4.15995758    3.45049583    3.76607972    3.38617405    3.20964595    3.06677722    3.36927030    3.16519920    3.18734577    3.17564698    2.73024272    2.15590432    1.76585878    0.83180911    0.00000000    1.30449689    1.32189594    2.19087903    2.91372891    2.69302265    3.01162050    2.82576043    2.97232136    3.33067753    3.01984448    2.69970969    3.18652811    3.86097847    3.79198158    3.40748737    3.21262510    3.78153575    2.96514614    3.27549543    3.35600653    2.92861082    2.80298878    2.95059731    3.43198565    2.83358631    3.12578761    3.29509802    2.80411066    2.51332746    2.85569884    2.57794272    2.61336987    2.61317520    2.96974407    2.64975930    3.37755048    3.24515908    2.44699707    3.15649596    2.89041590    3.67498348    3.98504564    3.12880914    3.95931468    4.92131045    3.42251044    3.29449387    3.70201702
I3J3W7_ORENI/581-733     2.70382154    2.83764873    2.74411796    2.69834936    3.15412004    2.32046117    2.84736161    2.15300667    3.49878297    2.74973228    2.67182342    2.59883548    2.37616817    2.84983469    2.53842504    2.68469593    2.51070198    2.84106951    2.39053914    2.94519327    2.38942775    2.27541215    2.92770048    2.82059863    2.38405039    2.60472228    1.73356627    1.91573027    1.69405194    0.91811333    1.30449689    0.00000000    0.98738320    2.00266593    2.20161682    2.61984876    3.40366086    2.93098904    2.73202365    2.49352642    2.37726983    2.29476173    2.62756208    2.49964702    2.76219445    2.45309581    2.75646873    3.18043425    3.16810744    3.00979957    2.95061445    2.99471434    2.64054003    2.81818408    2.61246340    2.09471893    2.56042005    2.97327453    2.82250308    2.44614717    2.87078250    2.48687565    2.41643689    2.86399509    2.44698187    2.19100164    2.57400412    2.75157502    2.06676371    3.11725310    2.68286948    2.44157527    2.41846774    2.28742040    2.93070491    2.84573568    2.12509452    2.37244649    2.62606831
H3AQ46_LATCH/420-571     2.47717997    2.48119535    3.02017594    2.14376696    2.38723880    2.59097018    2.36633738    2.40860078    2.75911017    2.92346865    2.58920388    2.63888083    2.55966161    3.35544153    2.50686333    2.90118495    3.02201915    3.26955051    2.66218363    3.07368508    2.49327296    2.54388419    3.02821047    3.02287024    2.36673209    2.63378283    1.93951599    2.13118817    1.87898549    1.13027193    1.32189594    0.98738320    0.00000000    2.03498195    2.44579179    2.33999455    3.81047794    3.75133234    3.04114053    2.93314743    2.70853429    2.61605770    2.89371208    3.04086365    3.06490637    3.09796699    3.52579069    3.73671698    3.02203257    2.81669659    3.86323620    3.17813722    2.48237777    2.82433261    2.86865057    2.36215252    3.03091058    3.03251888    2.85671056    2.54356505    3.02823298    3.05172851    2.74008694    2.69119289    2.72703809    2.70674047    3.09583691    3.21287525    2.20998062    3.12783455    3.41635077    2.32328327    2.76467060    2.77163863    2.71333586    2.76964983    2.19360807    2.83769241    2.60748122
H3A7T5_LATCH/540-640     2.25335790    2.22265524    2.27342534    2.18945676    2.34110554    2.46887350    2.56064622    1.79164456    2.23603231    2.26898729    2.22430751    2.01847965    2.16886602    2.57994028    2.44501910    2.32627535    2.39451323    2.51644132    2.42454246    2.22087030    2.20067452    2.56348450    2.71565907    1.86285309    1.76956178    1.71472466    2.23271837    2.33684591    2.17359385    1.94538861    2.19087903    2.00266593    2.03498195    0.00000000    1.09118855    1.05409687    1.94668286    1.66274047    1.57409375    1.80189152    1.89850327    1.71449304    1.72204204    2.30733119    1.76508747    1.87548639    2.00693055    2.11576366    1.89544910    1.25110133    1.61640414    1.94777098    1.78692072    1.92270663    1.72899803    1.88978270    2.09183475    2.16721895    1.38678324    1.44941251    1.39029039    1.78094776    1.59515107    1.67003258    1.37194627    1.91977417    1.65971142    1.88382158    1.96988084    1.68712828    1.88417947    1.97918638    2.07564627    2.26336323    2.21298279    2.18236425    2.09586474    2.19732048    2.40977464
H3A1B6_LATCH/512-613     2.34653862    1.89742847    2.27617733    1.75289941    2.26522656    1.89318851    2.05915176    1.68604256    1.97187816    1.84371277    1.93133962    1.84351015    2.10839713    2.75490775    2.26656548    2.41830903    2.25871923    2.24448656    2.29128597    2.36994357    2.22517462    2.33789734    2.06056347    2.10083807    2.05445306    2.11588139    2.43605526    2.25618548    2.36731375    2.44419044    2.91372891    2.20161682    2.44579179    1.09118855    0.00000000    1.08994480    1.79834443    1.66342397    1.82875607    2.15123410    1.78374568    1.90255774    1.75265614    2.10580073    1.99954574    2.15604856    2.07353176    2.04594617    1.99057311    1.63372823    1.70844400    1.78215483    1.98320575    1.73382429    1.92684164    1.63019304    2.03095647    2.17172225    1.52170933    1.47798724    1.21597854    1.57508657    1.68792792    1.53311958    1.72185723    2.15916116    1.42419671    1.85889949    1.89740786    1.67785589    2.17606054    1.69887479    1.71342956    1.72075485    2.07498295    1.69706235    1.91710146    2.06273333    2.04187336
