100
Q608M1_METCA/229-326     0.00000000    1.24583354    1.07422146    1.30748895    1.43619837    1.36081371    2.05254162    1.86972167    1.98760833    2.04653147    2.00284994    1.87753675    1.76603529    1.93165623    1.48340687    2.36530207    1.73136902    2.04185785    1.94630935    2.03628214    2.04205421    2.10799882    2.16979872    1.63459792    1.98701676    1.97210230    1.72631943    1.54629283    1.75679541    1.81681717    2.21767307    2.71661917    1.70426716    1.95565252    2.00378010    1.86190715    1.91554316    1.80798367    1.81207692    1.69145822    1.53641685    2.14051890    1.89749396    2.08936159    1.82872694    2.06831415    1.96373254    1.84580096    1.85500973    1.76729551    2.02663554    2.01697449    1.42701690    1.79064024    1.63014032    1.57976116    1.66824772    1.57789738    1.64507821    1.45331990    1.52372510    1.36327898    1.66271159    1.50894220    1.68379256    1.58606454    1.49752101    1.74432372    1.55047538    1.56078684    1.61518368    1.76875381    1.85911470    1.75454429    1.69698093    1.76432985    1.62235315    1.87291113    1.90175516    2.05654257    1.66134767    1.61708036    1.85803671    1.55393818    1.43716526    1.28083555    1.47849526    1.68763130    1.76604653    1.62678165    1.46087373    1.71483435    1.49570362    1.61389935    1.56898618    1.51113665    1.48343741    1.33952713    1.47833467    1.37139634
G0A033_METMM/216-312     1.24583354    0.00000000    0.83562958    1.05960034    1.71450240    1.85494293    2.08614606    2.17615185    2.49226836    2.05513909    2.13570929    1.97504345    2.10939264    2.11069415    1.92183476    2.39465716    2.04725514    2.30610188    2.05302839    2.44168730    2.34453711    2.23837696    2.10004896    1.94747705    1.65440555    1.97546040    1.91232420    1.68079102    2.27716027    2.33096801    2.40679997    2.56086339    2.34755755    2.36771102    1.96472163    2.28735504    2.04178382    2.01869971    2.09113225    1.75179076    1.80625513    2.30510721    2.13896769    2.02736635    1.95930487    2.00116212    1.77143150    1.94648796    2.10433069    2.01972537    2.16708087    2.05542002    1.80181660    2.07226614    2.20579113    2.11513215    1.73011469    1.53652462    1.65852636    1.24780068    1.46519634    1.32528943    1.56391574    1.70779388    1.78246591    1.57480059    1.61188926    1.59065133    1.61685208    1.38895386    1.52070752    1.78357306    1.74752807    2.10696941    1.64192205    1.91634671    2.59495691    2.14966356    1.94538204    2.46039581    2.38717893    1.79407113    1.91049530    1.89613496    1.90701248    1.66844961    1.74492904    1.72710903    1.82671074    1.51366696    1.49409627    1.62525761    1.57230937    1.91864001    1.88374948    1.59065077    1.40448299    1.65500980    1.57311531    1.37717606
G4SZY4_META2/218-314     1.07422146    0.83562958    0.00000000    0.93365741    1.56854507    1.64613368    2.14131343    2.11882712    2.44342111    2.17744386    2.00762207    2.21111687    2.50222986    2.49664499    2.08872964    2.16918354    1.75161034    2.17877026    1.79536221    2.62567384    2.49846833    2.04833954    2.32867867    2.05010894    2.05801501    2.20832545    1.91894149    1.84698221    2.19425294    2.33178599    2.63228677    3.05114625    2.23748288    2.38460445    2.38327647    2.34819965    2.47643379    2.22405785    2.21136135    2.37714469    2.12857341    2.16650631    1.93929147    2.14563533    2.40833581    2.08941140    1.99565849    2.24641320    2.52672814    1.91885268    2.47064724    2.16596197    1.88922153    1.94190143    2.10170644    1.88025810    1.65060361    1.81426899    1.83933701    1.28512558    1.59557144    1.44781146    1.53872449    1.34425551    1.46901146    1.56571110    1.65968501    1.51646653    1.63331943    1.67998321    1.59709866    1.59543702    1.55138047    1.94974621    1.74031491    1.90391186    2.18956917    1.96137869    2.02560715    2.05980955    1.98458801    1.80857929    1.54116029    1.90730491    1.61396463    1.31956930    1.57644613    1.68040480    1.74410608    1.65075950    1.40862292    1.80258625    1.47986071    1.40488806    1.98257819    1.61493035    1.62158688    1.76079850    2.21313957    1.55106284
H8GID2_METAL/218-314     1.30748895    1.05960034    0.93365741    0.00000000    1.63251877    2.14453720    2.42972161    2.13214182    2.76326258    2.70966254    2.66541072    2.60163580    2.83190571    2.62738915    2.36641033    2.50928781    2.15336815    2.05997528    2.36289019    2.32914483    2.38069845    2.37651287    2.17321417    2.10954872    1.95969668    2.24629157    1.74817734    1.88242174    2.08952094    2.08383670    2.41042495    3.70459922    2.13358917    2.22982268    2.71089896    2.28690556    2.43574840    2.12087466    1.88661530    2.16607705    1.86892716    2.27201483    1.88048104    2.10119177    2.79398125    2.39689945    2.16704164    2.25776174    2.47411878    1.92153884    2.30729084    2.16655452    1.63231193    1.75522021    2.71733074    1.96182385    2.06445932    1.81623896    1.75488319    1.52932570    1.31126076    1.33577818    2.01342804    1.76778218    2.27110588    1.85326967    1.44164041    1.59288084    1.61299350    1.58768844    1.57617104    1.77148469    1.85283047    1.92052434    1.95417463    2.18444229    2.62300225    2.34784491    2.06601831    2.34295236    2.20228671    1.76991926    2.09526429    2.20537054    2.05673775    1.76720105    1.64678201    1.79886592    1.96704062    1.84278487    1.68479314    1.96008480    1.75354467    1.72582959    2.02247178    1.90466344    2.04522775    1.73769539    1.75301357    1.36163739
V4JVP9_9GAMM/254-348     1.43619837    1.71450240    1.56854507    1.63251877    0.00000000    1.61610606    2.23598241    1.98434224    1.95644333    2.40680414    1.97965226    2.23263017    1.74539504    1.83735717    1.93405778    1.82796352    2.28034551    2.54195503    2.55969724    2.75222050    2.48568888    2.23134006    2.35721682    2.14287044    2.49195021    2.29925330    2.74515269    2.36698998    2.25215425    2.54518568    2.86596424    3.09311172    2.49449813    2.69649383    2.55686168    2.61948001    2.50113938    2.56197210    2.42961214    1.83567792    1.76912166    2.24370963    2.13049680    2.14848141    1.82849666    2.18736966    2.16587449    1.92401333    2.09049712    1.97427120    2.04433369    1.95767622    1.80877484    2.00034710    1.79304658    1.80695112    1.68285215    1.54701065    1.53739085    1.47285021    1.55397549    1.74214825    1.87288686    1.64912545    1.71951942    1.98651497    1.88995067    1.92462928    1.95006225    2.00093618    2.04600987    2.03766937    1.71395314    1.74245480    1.84910700    2.43451959    2.50476768    2.08048274    1.99335045    2.09251353    1.84399093    2.17712715    1.97165011    2.04576387    2.10760910    1.61652242    2.15875690    2.02073841    2.21970826    2.03376880    1.86880284    1.59270989    1.39658505    1.40305763    1.62010278    1.24286011    1.42197111    1.28828689    1.52046076    1.72658141
Q0A8Z7_ALKEH/233-330     1.36081371    1.85494293    1.64613368    2.14453720    1.61610606    0.00000000    2.10278234    1.65169249    1.91016471    1.79572738    1.69006746    1.93872743    1.99693753    1.87018754    1.52149091    1.59271801    1.79955319    2.12509471    2.19075613    2.28322349    2.27601491    2.21870710    2.21059210    1.73369339    1.70319096    1.68376964    1.90170841    1.89060040    1.72148766    1.85754658    1.73614442    2.42079912    1.81101605    1.73940920    1.79346428    1.61470679    1.77910996    1.59313538    1.74369311    1.77808955    1.61958914    1.90624128    1.31501477    2.12524965    1.96115692    1.90046840    2.01097421    1.82744927    1.84587248    1.67941978    1.87961438    1.45673566    1.42454351    1.82745921    1.58528063    1.88756405    1.89221035    1.65227972    1.58509585    1.46902538    1.73108121    1.59984388    1.97568805    1.96302719    1.95696913    2.02259137    1.63945086    1.70400636    1.95297572    1.78646839    1.76623455    1.36459969    1.66570585    1.63431454    1.83361296    1.75465503    1.85450093    1.65317981    1.52266540    2.04364322    1.68599749    1.87869421    1.64279385    1.64680370    1.66434485    1.72915276    1.42071608    1.53202124    1.83647226    2.11279212    2.06279292    1.52131869    1.47383269    1.33637744    1.38654555    1.52328690    1.71295170    1.78401702    1.75140419    1.22460002
K0CE30_ALCDB/218-321     2.05254162    2.08614606    2.14131343    2.42972161    2.23598241    2.10278234    0.00000000    0.60756194    1.29170374    1.26619961    1.38381736    1.41466144    1.27491074    1.46490684    1.42459633    1.63665863    1.87321818    1.82642759    1.78632212    1.58792822    1.69844260    1.75506115    2.00553405    1.65202648    1.67988935    1.51879141    1.65882599    1.96348878    2.17717484    2.05967335    2.06759419    2.18521514    1.76501632    2.03704869    1.86214045    1.70711770    2.04696821    1.87171911    1.76988205    1.78554102    1.71502328    2.17847796    2.10795411    1.90078776    1.81540693    2.56233095    2.37398319    2.21593250    2.19443719    2.30162343    2.12734762    1.91795516    1.66193492    1.30651806    1.79217195    1.28325285    1.77610977    1.67362858    1.89294808    2.04334462    2.49642600    1.94813579    2.49096488    2.37765217    2.39218447    2.23165332    2.05883009    2.00390926    1.87810929    1.86206767    1.98956786    1.93126574    1.82523688    1.95504930    1.90126849    2.50804837    2.22084306    2.00972080    2.00344732    1.97178458    1.61654904    1.87608703    2.09858167    1.83892315    1.96422405    1.71172302    1.93223950    1.86700555    2.09350206    1.87864276    1.95962491    1.66247807    1.91394909    2.04113621    2.05264952    1.85213379    1.99947161    2.45309403    2.19230315    1.82964105
Q0VP13_ALCBS/217-320     1.86972167    2.17615185    2.11882712    2.13214182    1.98434224    1.65169249    0.60756194    0.00000000    1.09936528    1.04279016    1.19929333    1.21812203    1.11905108    1.25882750    1.42880968    1.60468090    1.77224981    1.87434312    1.95126198    1.59477890    1.50921175    1.91774340    1.71820506    1.53784277    1.68355199    1.72856608    1.73054559    1.85858596    1.92429696    1.85637906    2.13830033    2.03043313    1.59238560    2.05284558    2.13257977    1.70677519    1.95452399    1.89408455    1.75775313    1.78671541    1.75814808    2.10242851    1.97787132    1.99359830    1.88370521    2.37905297    2.17838477    2.09588044    2.38694351    1.93888079    1.95448898    2.32559663    1.66416318    1.44051481    1.63008905    1.32120716    1.58608204    1.69471886    1.76759587    1.91438919    2.34404234    1.80332369    1.96994818    1.69695088    1.83357877    1.75469094    1.85027662    1.84588731    1.76894429    1.77386131    1.79225987    1.66938332    1.68434363    1.70205737    1.63546282    2.42325756    2.15583092    1.78893219    2.01256147    2.12415080    1.74945653    1.84601732    2.00912226    1.57255054    1.93994908    1.40348921    1.79167234    1.60394635    1.80574376    1.66852410    1.87959338    1.59562346    1.82065561    1.80853282    2.09399223    1.58273286    1.55666519    1.84934586    1.79863921    1.67670344
MUCB_PSEAE/208-309     1.98760833    2.49226836    2.44342111    2.76326258    1.95644333    1.91016471    1.29170374    1.09936528    0.00000000    0.50744475    0.53045516    0.44886712    0.59902035    0.67028289    1.43955561    1.54874661    1.67461298    1.94470392    1.90888645    1.74355083    1.72171315    1.75630695    1.77483202    1.75239130    2.09484305    1.91853404    2.14197538    2.01059457    2.37610695    1.96264928    2.02523428    2.21516746    1.97613635    1.92174173    1.76576315    1.74920144    1.88259497    1.87886290    1.76428222    1.51713726    1.63597297    2.20733357    1.99764722    1.97436657    1.75345923    2.14925135    2.21555293    2.10364664    2.49104575    2.16761233    2.18674310    1.91208363    1.74490909    1.47719331    1.38691683    1.35132781    1.81020396    1.76601920    1.65229061    1.70084729    2.18308919    1.71120857    2.11407507    1.85027908    2.07487065    1.89173456    2.00907217    1.84263342    1.83762915    1.90395618    1.97930851    1.86096572    1.45937795    1.67786458    2.01754783    1.94208744    1.98143939    1.88601133    2.06619238    2.06111457    1.80368675    2.08317735    1.95533747    1.83235608    2.06517383    1.73170132    2.08125900    2.09640500    1.97235271    1.61749302    1.90760124    1.74505791    2.02002152    2.06506194    1.99980934    1.91129926    1.83434222    2.13388734    2.27801274    1.90218099
A4VIW9_PSEU5/205-306     2.04653147    2.05513909    2.17744386    2.70966254    2.40680414    1.79572738    1.26619961    1.04279016    0.50744475    0.00000000    0.41140680    0.47114141    0.64560796    0.67921287    1.47116052    1.65180974    1.64634525    1.92192334    1.87963745    1.79080762    1.91970613    1.69453776    1.86662294    1.89691510    1.92754175    1.91183389    1.92610046    1.82904803    2.24096212    2.19331287    2.10473695    2.05289313    2.04778447    1.69234505    1.70667614    1.84475805    2.19310697    1.79889320    1.87435172    1.24262143    1.48066043    1.92247004    1.74101416    1.66038833    1.70734867    1.97109548    1.82575021    1.84975111    2.32713161    2.13675305    1.87803623    1.92306026    1.69661255    1.48983922    1.47829831    1.38909496    1.65533721    1.62258601    1.77765618    1.91940274    2.30917798    1.90858712    2.29482462    2.29562705    2.22611988    1.84537258    2.09653485    1.79495557    1.90068811    1.88221587    1.95336686    1.76359149    1.55966537    1.79914023    1.90213012    2.08818478    2.04986015    1.88379475    1.82426248    1.96397161    1.83539931    2.05569204    1.84128299    1.79780844    1.86900820    1.67917869    1.98469352    1.91447767    2.09916087    1.56867270    2.01922512    1.90927076    1.97356927    1.76398441    2.03779164    1.81260934    1.55929310    2.02982213    2.10645172    1.79428921
A4XSB8_PSEMY/205-306     2.00284994    2.13570929    2.00762207    2.66541072    1.97965226    1.69006746    1.38381736    1.19929333    0.53045516    0.41140680    0.00000000    0.43677941    0.60719689    0.59352407    1.47428651    1.56799481    1.56852747    1.76349832    1.97811197    1.70137870    1.99915775    1.77107727    1.84716259    1.60202815    1.84107431    1.73754860    1.67642625    1.66676500    2.10011817    1.87861805    1.87503238    2.06089092    1.81203372    1.91080101    1.76220523    1.78771918    1.94341690    1.87480655    1.62043579    1.22604968    1.48812607    1.64695153    1.63488152    1.76534534    1.70304261    2.19119358    1.94623722    1.86971330    2.21349921    1.99240817    2.07045263    1.59696006    1.60863770    1.55128893    1.32525682    1.48605412    1.64608278    1.66194771    1.81033559    1.54989299    2.12878758    1.78201448    2.02668265    1.98716741    1.82771776    1.83991072    1.97329684    1.61044274    1.78492608    1.77317758    1.82095069    1.70016019    1.75368625    1.83765308    1.70110459    1.85668074    1.93750918    1.73866024    1.78281104    1.96867605    1.91712787    1.93140461    1.82490601    1.85133457    1.98127490    1.75799643    1.99492204    1.81450622    1.91548081    1.74154150    1.98843626    1.77207946    1.96777953    1.94121471    2.12824207    1.92545155    1.59452517    1.99790810    2.13307624    1.90277804
F6AA63_PSEF1/208-309     1.87753675    1.97504345    2.21111687    2.60163580    2.23263017    1.93872743    1.41466144    1.21812203    0.44886712    0.47114141    0.43677941    0.00000000    0.63652380    0.55412499    1.37400899    1.67992250    1.60975033    1.60311373    1.89666630    1.72319152    1.95011993    1.80628172    1.69436304    1.83541021    1.85854808    1.85095958    1.86059995    1.70006841    2.38741050    1.97002315    2.23213627    2.18484205    2.02070464    1.82285377    1.77182656    1.90217888    2.04911329    2.09560423    1.79746831    1.33804043    1.67807981    2.08157228    1.86063722    1.79055627    1.90301726    2.16075269    1.92885456    1.80484863    2.21998951    2.02773672    1.90497594    1.74893654    1.72528112    1.40109975    1.40511921    1.47950388    1.70234404    1.71946266    1.86369994    1.70835131    2.18083385    1.88074366    2.22100017    2.08947193    1.95996895    1.72050130    1.90192522    1.84254599    1.87325474    1.78815392    1.79641520    1.87683768    1.72513609    1.84198263    1.94599699    2.03969144    1.80751103    1.75787672    1.88961672    2.21997095    1.84151887    1.96057808    1.78093016    1.71251125    1.86248773    1.69445721    2.02224021    1.98667606    2.08961466    1.77635840    2.47122667    1.56637721    1.89677960    1.90851974    1.89501298    1.81290901    1.59133410    1.86800279    2.06301911    1.84289879
Q87XF6_PSESM/209-310     1.76603529    2.10939264    2.50222986    2.83190571    1.74539504    1.99693753    1.27491074    1.11905108    0.59902035    0.64560796    0.60719689    0.63652380    0.00000000    0.47068602    1.35662580    1.68031661    1.67990571    1.90122199    1.76150416    1.69599814    1.81679147    1.79133917    1.82269702    1.48180566    1.71018464    1.66112376    1.92604704    1.65752862    2.01640302    1.84413448    1.69302344    2.09513456    1.79406710    1.91412662    1.75840332    1.85392177    1.87068094    1.50338236    1.62349898    1.42346427    1.68694452    2.14200009    1.91123656    1.85863981    1.72287727    2.14535967    2.20745412    1.96461451    2.22995571    2.05590950    1.95643351    1.61229989    1.50723478    1.54800602    1.25091130    1.43524002    1.80897615    1.75051701    1.89213086    1.74510175    2.36271549    1.84807786    2.31372956    2.08650725    1.87468956    1.93473774    2.15285057    1.85375079    1.84627732    1.92020726    1.89526253    1.80496146    1.55236835    1.68841413    1.82857897    1.88580644    2.04926683    1.85292218    1.90578658    2.04865606    1.77983613    1.94680196    1.85293247    1.94724466    1.87172878    1.69140077    2.16694242    2.05613624    2.07949779    1.63289780    1.96950115    1.55165086    1.78997764    1.74394203    2.15019583    1.66592054    1.81475042    1.92999112    2.10892285    1.87527975
Q88MY9_PSEPK/212-313     1.93165623    2.11069415    2.49664499    2.62738915    1.83735717    1.87018754    1.46490684    1.25882750    0.67028289    0.67921287    0.59352407    0.55412499    0.47068602    0.00000000    1.30462503    1.55243982    1.71605987    1.84138254    1.96963400    1.54925213    1.66724191    1.75979941    1.76792877    1.55793269    1.64738778    1.80161703    1.84954844    1.84942606    2.09028809    1.61203211    1.77703420    1.99897393    1.73647145    1.84694047    1.59889556    1.82551058    1.62190272    1.60663001    1.53249221    1.32410297    1.46426783    2.12912220    1.74972269    1.74111873    1.80301377    2.01975000    2.01864306    1.96463213    2.14367919    2.25240825    2.12054500    1.73917675    1.71318598    1.55197218    1.32461266    1.38902738    1.61426655    1.69069011    1.79771520    1.82908797    2.27832145    1.86264613    2.13503691    2.06390056    1.96240758    1.92442291    1.90271760    1.54392165    1.80158151    1.84393176    1.79585374    1.94181251    1.45943486    1.74724542    1.80833896    1.82298878    2.15415069    1.87386253    2.02273135    2.12327979    2.07003920    2.02490552    2.02036130    2.04236625    2.04719022    1.80062069    2.06193555    1.98285204    2.03711096    1.80102510    1.86402288    1.70909343    2.13583861    1.83512463    2.10526517    1.71202972    1.44921950    1.56232783    1.76195236    2.02097309
B3PJ99_CELJU/235-330     1.48340687    1.92183476    2.08872964    2.36641033    1.93405778    1.52149091    1.42459633    1.42880968    1.43955561    1.47116052    1.47428651    1.37400899    1.35662580    1.30462503    0.00000000    0.91361020    1.71397557    1.68148687    1.74049068    1.67747567    1.58427048    1.68642757    1.84607781    1.44647442    1.62263928    1.59521497    1.70877938    1.78351587    1.93426156    1.69642571    1.73367121    1.80728067    1.65419173    1.74118769    1.82231434    1.68756488    1.69987336    1.62787815    1.61272390    1.33791165    1.26145972    2.21044649    1.50253365    1.75534857    1.92353841    2.09723806    1.97683376    1.82281791    2.09708886    1.89930045    2.03687299    1.63270861    1.63930254    1.43584801    1.38241232    1.46344616    1.34273859    1.53770141    1.57810669    1.59885118    2.03043734    1.56406565    1.92462509    1.86143299    1.87595177    1.65715046    1.73168531    1.53350018    1.52353920    1.59222066    1.50978983    1.53743510    1.49181499    1.52323335    1.48966658    1.73769071    1.90290081    1.77447502    1.90467501    2.04512794    1.56378574    1.69636937    1.82640720    1.69771595    1.82629561    1.77679881    1.61225987    1.71743263    1.63244794    1.61490401    1.90312791    1.80025386    1.68828671    1.67989844    1.72264608    1.53284740    1.23062043    1.54359186    1.53223267    1.64486682
C5BRN0_TERTT/219-321     2.36530207    2.39465716    2.16918354    2.50928781    1.82796352    1.59271801    1.63665863    1.60468090    1.54874661    1.65180974    1.56799481    1.67992250    1.68031661    1.55243982    0.91361020    0.00000000    1.86131066    1.81776820    1.99208896    2.02232199    1.86074657    1.90868222    2.19350661    1.58760416    1.75510647    1.90858005    1.82465748    1.71791523    2.11262030    1.75066830    2.19512994    1.90909441    1.82409561    1.98133685    1.94597084    1.65673666    1.62389279    1.55293339    1.53455593    1.50609787    1.53379628    2.53409685    1.63944458    1.71425865    1.84367850    2.22366255    2.24409250    2.00436799    2.36880572    2.12255030    2.19067496    1.69666388    1.65614964    1.56112769    1.68004689    1.26971805    1.41777164    1.47595081    1.40371578    1.36567672    2.21624082    1.71068749    2.36944016    2.16322363    1.99302035    2.26697402    1.98958129    2.00751427    2.00867135    1.80635296    1.69115538    1.36865336    1.47594949    1.41519452    1.70379348    1.76847043    2.27103206    1.57745583    2.14850963    1.97088485    1.55326082    1.85225376    1.89859889    2.11308628    2.01343027    2.10685002    1.79201022    1.63537346    2.03601939    1.81783259    1.89850162    1.68475113    2.07763785    1.82183737    1.73323567    1.75256403    1.68315185    1.91950096    1.73297198    1.85774264
Q5R102_IDILO/223-321     1.73136902    2.04725514    1.75161034    2.15336815    2.28034551    1.79955319    1.87321818    1.77224981    1.67461298    1.64634525    1.56852747    1.60975033    1.67990571    1.71605987    1.71397557    1.86131066    0.00000000    1.74676144    1.88197834    1.69553436    1.62198156    1.62797804    1.54114085    1.41994791    1.75499062    1.79203498    1.55017289    1.54947089    1.69724780    1.72348240    1.66805122    1.99388904    1.48257500    1.71128744    1.73553513    1.73073861    1.73204773    1.61153362    1.52821106    1.65333177    1.58751192    1.84343087    1.50263176    1.38786104    1.41421960    1.94197058    1.74318320    1.81579246    1.96209431    1.89218694    1.80828313    1.43974863    1.27562933    1.66244538    1.57723802    1.78231134    1.98266899    2.10546739    1.88693128    1.73559569    2.03739019    2.03842276    2.01646223    1.85641488    2.17051230    1.82360261    1.84167406    2.08090907    2.06639722    1.91873810    1.85525230    1.83267250    1.71522315    1.76942110    1.94012772    2.24831710    2.57797492    2.23989428    2.17300408    2.65859581    2.13430521    1.98957406    2.13015394    1.94832864    1.92107399    1.98476752    1.82119663    1.66016656    1.61587285    2.10337491    2.20417359    2.24774281    1.90396102    2.05398525    2.04480014    2.00283619    1.63086533    1.86963142    2.14056261    1.81276711
M4RA51_BIBTR/216-312     2.04185785    2.30610188    2.17877026    2.05997528    2.54195503    2.12509471    1.82642759    1.87434312    1.94470392    1.92192334    1.76349832    1.60311373    1.90122199    1.84138254    1.68148687    1.81776820    1.74676144    0.00000000    0.95165827    0.97950609    1.00396130    1.26865242    1.07929649    1.27340069    1.37831745    1.39222226    1.44170763    1.19918590    1.45580810    1.69603264    1.54559643    1.53797799    1.50002542    1.27330473    1.44288125    1.43524810    1.50210640    1.30286994    1.23232891    1.64727130    1.74015511    2.21209630    1.55723710    1.89460805    1.86423201    1.96379800    2.29386436    2.09335991    2.27586961    1.89032230    2.12194557    1.70671335    1.69528842    1.61776608    1.91651550    1.77102716    2.05218469    1.82961330    1.91364823    1.84118158    2.20791859    1.90435478    2.55968542    2.54980293    2.34188577    2.16292329    2.07313496    2.43488536    2.40757598    2.61765118    2.59093249    2.08171597    2.01290173    2.21609503    2.35414030    2.54825627    2.57251437    2.56611437    2.48840201    2.82290486    2.62194186    2.19572042    2.59833821    2.48162277    2.43682597    2.53304427    2.32087701    2.22632693    2.16290761    2.25525919    2.53690374    2.34254148    2.25470635    2.01491661    2.10211371    2.59205336    2.41366152    2.77656040    2.73676166    2.33692859
B8F3K5_HAEPS/213-313     1.94630935    2.05302839    1.79536221    2.36289019    2.55969724    2.19075613    1.78632212    1.95126198    1.90888645    1.87963745    1.97811197    1.89666630    1.76150416    1.96963400    1.74049068    1.99208896    1.88197834    0.95165827    0.00000000    1.09833262    1.20271453    1.28439474    1.23782736    1.17990001    1.33543945    1.30986627    1.34290098    1.14161662    1.46407713    1.54277632    1.32545042    1.76386947    1.42157462    1.35984484    1.52815545    1.26651045    1.15759592    1.37327028    1.23867986    1.71669944    1.74106840    2.34581816    1.63139123    2.18672808    1.63694749    2.20678291    2.13711304    2.05312285    2.31162897    2.23678788    1.87613956    1.91280595    1.60279264    1.76230916    1.84603510    1.87103659    2.03511757    2.12233164    1.95888036    1.84426500    2.03415451    1.64576923    2.82036440    2.68539776    2.58174606    2.42577554    2.19730018    2.11906853    2.00416561    2.13504487    2.17484964    2.02700090    1.95095433    1.96115260    2.36520824    2.30526975    2.61135434    2.30803665    1.98222208    2.30626896    2.57679865    2.29202545    2.19443134    2.74667024    2.25174609    2.10342883    2.23348545    2.21751897    2.31993005    1.95822394    2.63109793    2.41228298    2.16455852    2.16033175    1.85228362    2.18191242    2.38938558    2.73027851    2.74843956    1.84831762
B0URG9_HISS2/213-310     2.03628214    2.44168730    2.62567384    2.32914483    2.75222050    2.28322349    1.58792822    1.59477890    1.74355083    1.79080762    1.70137870    1.72319152    1.69599814    1.54925213    1.67747567    2.02232199    1.69553436    0.97950609    1.09833262    0.00000000    0.77729662    0.94561486    0.92051821    1.11025285    1.26992713    1.29566851    1.40813050    1.18809391    1.56456004    1.30286806    1.47110409    1.51029464    1.42126993    1.27986655    1.34013363    1.30863288    1.47168451    1.39003388    1.26114541    1.74042641    1.64685231    2.29134030    1.59396326    1.91077712    1.64102677    2.34375174    2.06815421    1.99836287    2.34222717    2.06884921    1.85989478    1.83550927    1.45040908    1.55187076    1.81881684    1.90718159    1.99165943    1.68794564    1.90277234    2.03075751    2.45154628    2.05093459    2.87862927    2.72783166    2.67765182    2.53129985    2.07231672    2.16108447    2.19682362    2.25144476    2.37407109    2.23962776    1.93617377    2.13885726    2.78643116    2.74226731    2.67874865    2.81591049    2.45100550    2.73387080    2.70914312    2.37192434    2.91569562    3.00742342    2.96789344    2.49921536    2.60620524    2.61385870    2.66398758    2.12284567    2.18759689    2.41256093    2.38344523    2.37063537    1.98114779    2.26088036    1.95621406    2.37767518    2.43620255    2.11291261
Q9CK47_PASMU/219-314     2.04205421    2.34453711    2.49846833    2.38069845    2.48568888    2.27601491    1.69844260    1.50921175    1.72171315    1.91970613    1.99915775    1.95011993    1.81679147    1.66724191    1.58427048    1.86074657    1.62198156    1.00396130    1.20271453    0.77729662    0.00000000    0.74013802    0.63605149    1.13302847    1.29516671    1.30717508    1.38817544    1.13479455    1.43862664    1.13590930    1.41487671    1.35743683    1.18641058    1.35349218    1.13302648    1.09199245    1.07238098    1.30893242    1.11375921    1.75972396    1.68370099    2.26422893    1.74675946    2.08527575    1.80288664    2.11743306    2.28341029    2.04066076    2.37882190    2.04972888    2.11953994    1.90048385    1.55670975    1.55929550    1.79862905    2.05416308    1.82465511    2.02030219    1.95526302    1.93508073    2.08158896    2.23258182    2.67876188    2.61717814    2.62838728    2.38179265    2.18924113    2.13649223    2.20769489    2.35969287    2.27774183    1.98003594    1.87167869    2.01966044    2.41348218    2.97500665    3.20781375    2.73125206    2.52801139    2.65538977    2.42435633    2.54715391    2.93995844    2.40871771    2.65515753    2.84228383    2.62441538    2.53867697    2.50808030    2.14671251    2.38468905    2.72003710    2.28887472    2.44169190    2.03649612    2.19024910    2.08129848    2.19990199    2.25360020    2.06914725
A6VKY3_ACTSZ/221-317     2.10799882    2.23837696    2.04833954    2.37651287    2.23134006    2.21870710    1.75506115    1.91774340    1.75630695    1.69453776    1.77107727    1.80628172    1.79133917    1.75979941    1.68642757    1.90868222    1.62797804    1.26865242    1.28439474    0.94561486    0.74013802    0.00000000    0.76985446    1.11424525    1.43115142    1.40399179    1.35319856    1.26059276    1.51037530    1.23453098    1.46288521    1.52836822    1.42409721    1.56721013    1.33425178    1.27857305    1.33245629    1.29569161    1.16145950    1.40506521    1.51771186    1.97559481    1.76434546    1.60552689    1.63967434    2.25386588    1.86268264    1.94594851    2.14926882    2.07932660    1.88868554    1.84804224    1.47216645    1.39991977    1.79747531    1.64883482    1.82230535    1.81564606    2.00897418    1.86493174    1.98202246    2.03946887    2.38132792    2.40887579    2.26556219    2.12073491    2.11488962    1.96160903    2.22446762    2.16610773    2.13735361    1.97965154    1.75287748    1.77939942    2.32821985    2.54916305    2.86320988    2.68083112    2.48986212    2.67854071    2.45931304    2.15369114    2.38278615    1.99347156    2.06634989    2.22475456    2.09850089    2.30335025    2.18241635    1.79684287    1.99959467    2.39783623    1.89119687    2.22803014    1.92893235    2.24787121    2.06877122    1.82183727    2.48542243    1.99180348
RSEB_HAEIN/218-313     2.16979872    2.10004896    2.32867867    2.17321417    2.35721682    2.21059210    2.00553405    1.71820506    1.77483202    1.86662294    1.84716259    1.69436304    1.82269702    1.76792877    1.84607781    2.19350661    1.54114085    1.07929649    1.23782736    0.92051821    0.63605149    0.76985446    0.00000000    1.11237418    1.37686526    1.42061363    1.37012850    1.20044523    1.52840460    1.16861954    1.31232431    1.48002307    1.19735330    1.34293310    1.21778054    1.03010044    1.25304017    1.18152941    1.18223591    1.48248856    1.55087847    2.04435075    1.59084409    1.77202122    2.06321238    1.76000678    1.77971257    1.69065787    2.02739744    1.73973333    1.82575939    1.74820928    1.48346827    1.54391048    1.66239963    1.70462049    1.76298559    1.69466527    1.72500768    1.59705235    2.00868764    2.04289890    2.17472845    2.29083885    1.92657561    2.02575784    2.16178887    2.13743801    2.17561279    2.14679256    2.17231447    2.18135471    1.76388897    2.00652458    2.12701752    2.80248990    2.65478285    2.24874718    2.24359522    2.66441380    2.39767976    2.59193640    2.68342688    2.45791470    2.73639583    2.52545102    2.27749356    2.16519476    2.24076819    2.04274081    2.25865358    2.21238884    2.10405066    2.01981242    2.39602257    2.18211403    2.32831435    2.29549907    2.28800693    1.93266296
Q6LMR8_PHOPR/218-315     1.63459792    1.94747705    2.05010894    2.10954872    2.14287044    1.73369339    1.65202648    1.53784277    1.75239130    1.89691510    1.60202815    1.83541021    1.48180566    1.55793269    1.44647442    1.58760416    1.41994791    1.27340069    1.17990001    1.11025285    1.13302847    1.11424525    1.11237418    0.00000000    0.63590628    0.55065399    0.68863015    0.61063397    0.93372068    0.98819876    0.92437864    1.17124777    0.82088863    0.91484236    0.98137125    0.75832784    0.89010540    0.74835057    0.84061816    1.20366910    1.24720169    1.71956198    1.29319234    1.59693543    1.36575964    1.69090472    1.32322221    1.28398986    1.58742265    1.45445738    1.33768851    0.90419592    0.81405822    1.55499734    1.80449544    1.39988577    1.78072610    1.66441711    1.67746926    1.39533073    1.96246085    1.47534808    2.38612322    2.35500986    2.06851487    1.89228248    1.95715996    1.78688142    1.72389840    1.77464484    1.87836937    1.73603908    1.61676359    1.59333248    1.73271976    2.03932232    2.57028254    2.27942736    1.85512124    2.37317823    2.05126468    1.81169627    2.61767317    2.31197371    2.20389809    1.64185226    2.03782098    1.98508386    2.26348821    1.60406363    1.71973473    2.14528866    1.54469907    1.53765668    2.13519401    2.01812714    2.20413918    2.30727522    2.50011296    1.67643377
Q5E310_ALIF1/200-297     1.98701676    1.65440555    2.05801501    1.95969668    2.49195021    1.70319096    1.67988935    1.68355199    2.09484305    1.92754175    1.84107431    1.85854808    1.71018464    1.64738778    1.62263928    1.75510647    1.75499062    1.37831745    1.33543945    1.26992713    1.29516671    1.43115142    1.37686526    0.63590628    0.00000000    0.46937971    0.57799103    0.59876983    1.00021341    1.17491215    1.07590009    1.25777843    1.06283836    0.90802806    1.16678020    1.00540447    0.92593800    0.94189702    1.01075382    1.22785515    1.26914427    1.83449983    1.44628135    1.38897375    1.40391282    1.67627915    1.53889953    1.50604405    1.74861358    1.61600964    1.59800701    1.07015253    0.92961062    1.71153781    1.82472578    1.69022660    1.94577058    1.70270942    1.64236434    1.55987292    1.91483931    1.66976088    2.49362205    2.54779404    2.37243648    1.98874362    2.10669565    2.25536215    2.13188153    2.09477462    2.22734379    1.63831470    1.55662528    1.58598928    2.01704091    2.17634766    2.50675847    2.38581282    2.19025949    2.63743714    2.40082142    2.12978763    2.65914153    2.31651621    2.29217677    1.94184719    1.99533690    2.08701427    2.20928543    1.47987046    2.10573231    2.19267130    1.59744065    1.54563843    2.11982510    2.41574409    2.21862472    2.32054132    2.24289334    1.58779349
Q9KPA8_VIBCH/215-312     1.97210230    1.97546040    2.20832545    2.24629157    2.29925330    1.68376964    1.51879141    1.72856608    1.91853404    1.91183389    1.73754860    1.85095958    1.66112376    1.80161703    1.59521497    1.90858005    1.79203498    1.39222226    1.30986627    1.29566851    1.30717508    1.40399179    1.42061363    0.55065399    0.46937971    0.00000000    0.36533960    0.35653956    0.97110869    1.22190208    0.91330737    1.50055893    1.13288424    1.04707743    1.18495451    0.93746617    1.05062775    1.01812662    1.08878845    1.28734797    1.32868371    1.65852243    1.57188890    1.70315524    1.36314233    1.92066106    1.67837920    1.60960718    1.71880242    1.76602646    1.70306606    0.98424132    0.99141486    1.81097715    1.71570802    1.76932759    1.93798022    1.76362829    1.71746970    1.70893689    2.05324464    1.71874020    2.40129068    2.66401585    2.44151117    2.10231909    2.01758524    1.95373255    1.89530144    2.04937230    2.07035699    1.79451227    1.83146967    1.81502171    2.33582355    2.48713178    2.64780500    2.66761123    2.40308133    2.61538051    2.42016917    2.20114506    2.60366110    2.49518559    2.70801308    1.98667352    1.97871135    2.05351720    2.35534432    1.75925989    2.11508099    2.44776408    1.81063167    1.53696131    2.08991250    2.32070336    2.28589041    2.45371301    2.43622828    1.84373877
Q87LN5_VIBPA/215-312     1.72631943    1.91232420    1.91894149    1.74817734    2.74515269    1.90170841    1.65882599    1.73054559    2.14197538    1.92610046    1.67642625    1.86059995    1.92604704    1.84954844    1.70877938    1.82465748    1.55017289    1.44170763    1.34290098    1.40813050    1.38817544    1.35319856    1.37012850    0.68863015    0.57799103    0.36533960    0.00000000    0.33298219    1.07032042    1.17733903    0.91940437    1.54309870    1.11870137    1.15384828    1.22274576    0.96868165    1.13553875    1.08965276    1.03119406    1.50123370    1.52074944    1.67990816    1.46148679    1.67961194    1.53854222    1.74273063    1.56935238    1.73480585    1.79986898    1.75120157    1.83613009    1.06939999    1.06654612    1.75268774    1.79220874    1.77401858    1.86324105    1.90334892    1.93848537    1.81416261    2.44486170    1.96128709    2.66010844    2.59295858    2.52911987    2.27972438    1.89313561    1.96547040    1.81377341    2.02104554    2.05463765    1.84279601    1.82611199    1.84656678    2.19708944    2.42341671    2.46893035    2.33182651    2.30320843    2.72123058    2.38775602    1.97476930    2.54006629    2.41687119    2.54982068    2.17406511    1.92734326    2.07498719    2.31237393    1.92946355    2.11309777    2.41794961    1.83585386    1.76300595    2.27429781    2.53262307    2.37026229    2.42872777    2.47685084    1.91676933
B7VK83_VIBA3/215-312     1.54629283    1.68079102    1.84698221    1.88242174    2.36698998    1.89060040    1.96348878    1.85858596    2.01059457    1.82904803    1.66676500    1.70006841    1.65752862    1.84942606    1.78351587    1.71791523    1.54947089    1.19918590    1.14161662    1.18809391    1.13479455    1.26059276    1.20044523    0.61063397    0.59876983    0.35653956    0.33298219    0.00000000    1.01639877    1.27361596    1.03076233    1.44331587    1.05668761    1.09218550    1.12966133    1.04597554    1.01402260    0.96208453    1.08555318    1.49739918    1.53927824    1.80584165    1.73595324    1.73893322    1.51348909    1.91622071    1.52563148    1.67351095    1.74109294    1.77424966    1.81355913    1.04284503    1.03465897    1.73622261    1.85388835    1.55089415    1.83446943    1.97968292    1.85209203    1.53397322    1.98804997    1.68776760    2.49345544    2.47811794    2.48531356    2.26119378    1.92767181    1.96215548    1.72658960    1.95913646    1.98748814    1.68987977    1.81072174    1.66432716    2.18484681    2.63457982    2.67813638    2.53691500    2.21749085    2.39155211    2.35667695    1.98119980    2.62159237    2.47684547    2.42407022    1.81393151    2.08537313    2.22583485    2.44929086    1.56727199    1.96746534    2.41197296    1.64907262    1.60254974    2.01980227    2.33851328    2.26777967    2.23669748    2.59720218    1.67931900
