27
J7RTN1_NAUDC/5-48     0.00000000    0.28374744    0.27682642    0.41166647    0.51639350    0.52726482    0.43981467    0.94847718    0.31305819    0.93473459    1.53135207    1.47950260    1.25081282    1.46097479    1.16931467    1.36767212    1.31745445    1.61061480    1.38102030    1.25890077    1.18761835    1.00693276    0.93214061    0.98112773    1.08650142    1.79783693    0.22993491
H2AXW4_KAZAF/5-48     0.28374744    0.00000000    0.40736575    0.47569232    0.59888445    0.60436065    0.55803440    0.85460324    0.41462253    1.07287240    1.76017465    1.44112453    1.59184152    1.85248974    1.51143485    1.43336578    1.34212241    1.63834299    1.77181190    1.49101619    1.38775172    1.17441423    1.20604874    1.16487212    1.48081322    2.03352774    0.35989321
B4UN48_CANGA/5-48     0.27682642    0.40736575    0.00000000    0.38240885    0.59654302    0.52260662    0.43217063    0.70789002    0.37084807    0.89621300    1.46925969    1.56038155    1.36872030    1.62299738    1.29330808    1.48466125    1.18180405    1.47486350    1.64967162    1.27092341    1.20664849    1.00105608    0.99896607    0.99481713    1.13400795    2.12544681    0.31700109
G8ZZC3_TORDC/5-48     0.41166647    0.47569232    0.38240885    0.00000000    0.40624511    0.60879745    0.32476312    0.90496582    0.37769161    1.03207149    1.68943645    1.29274761    1.35917219    1.56011430    1.33417804    1.34713574    1.24479682    1.32906269    1.33328874    1.44651536    1.31732693    1.14308976    0.95125178    1.18109963    1.04960191    2.30133875    0.27055762
I6ND37_ERECY/81-124     0.51639350    0.59888445    0.59654302    0.40624511    0.00000000    0.51997244    0.42491376    1.00842425    0.51638050    0.97259507    1.74309843    1.49379272    1.47706405    1.49861119    1.63629373    1.45726841    1.51244058    1.50399160    1.45190009    1.51784749    1.66086368    1.33771017    1.26849140    1.46982415    1.35455342    1.91599908    0.43907543
G8BPQ5_TETPH/5-48     0.52726482    0.60436065    0.52260662    0.60879745    0.51997244    0.00000000    0.35856501    0.86784980    0.61448126    1.18985460    1.67655472    1.69031798    1.47431277    1.57331201    1.53064977    1.56678828    1.37738189    1.37385367    1.89453710    1.43976953    1.51570679    1.24977542    1.37218763    1.16605158    1.30091556    1.97672867    0.57489336
A7TQY7_VANPO/5-48     0.43981467    0.55803440    0.43217063    0.32476312    0.42491376    0.35856501    0.00000000    0.96648915    0.40173974    0.98856221    1.68745016    1.33400623    1.20065958    1.49810747    1.44496116    1.31019150    1.17079060    1.20353072    1.47587821    1.33784554    1.24083985    1.12431615    1.13089169    1.08123086    0.99928590    1.84238036    0.32063306
I2GZP5_TETBL/5-48     0.94847718    0.85460324    0.70789002    0.90496582    1.00842425    0.86784980    0.96648915    0.00000000    0.72385214    1.23517582    1.72510675    1.38488233    2.06403318    2.13053128    2.05943716    1.93699173    1.41427874    1.61472771    2.17883827    1.64099692    1.75305940    1.70602829    1.56449368    1.58370717    1.37398662    2.29108149    0.78725530
J7S9X0_KAZNA/5-48     0.31305819    0.41462253    0.37084807    0.37769161    0.51638050    0.61448126    0.40173974    0.72385214    0.00000000    0.76028670    1.60074408    1.34244677    1.42045476    1.50380791    1.38756961    1.39007523    1.16021005    1.33940479    1.36362084    1.36957996    1.24483184    1.05936680    1.06162067    0.96064922    1.06810763    2.03661798    0.22008526
G8BJY9_CANPC/3-46     0.93473459    1.07287240    0.89621300    1.03207149    0.97259507    1.18985460    0.98856221    1.23517582    0.76028670    0.00000000    0.75592989    0.60792946    0.84471517    0.90589166    0.82750148    0.77150669    0.39195081    0.69511076    1.25508739    0.93177084    0.89308999    0.80702126    0.85569410    0.79429560    0.94993092    1.27007780    0.85425262
B6K2K5_SCHJY/2-45     1.53135207    1.76017465    1.46925969    1.68943645    1.74309843    1.67655472    1.68745016    1.72510675    1.60074408    0.75592989    0.00000000    0.45388473    0.91201285    0.83148706    0.71166997    0.78169906    0.56768749    0.65997731    1.15976771    1.25428369    1.39278628    1.20950710    1.20972318    1.15381450    0.94674993    1.48345942    1.55727485
YETJ_SCHPO/2-45     1.47950260    1.44112453    1.56038155    1.29274761    1.49379272    1.69031798    1.33400623    1.38488233    1.34244677    0.60792946    0.45388473    0.00000000    0.99827694    0.87210811    0.88033083    0.78797531    0.56973522    0.73284645    1.03320365    1.00236288    1.02199772    1.01964429    0.96734740    1.07600770    0.80806013    1.40059690    1.28017293
G4UWD0_NEUT9/4-47     1.25081282    1.59184152    1.36872030    1.35917219    1.47706405    1.47431277    1.20065958    2.06403318    1.42045476    0.84471517    0.91201285    0.99827694    0.00000000    0.30383617    0.31840195    0.37490685    0.60126340    0.76326127    1.14766480    1.14968216    0.99400087    1.15578060    1.13856631    1.14743083    0.74475221    1.57585480    1.10105087
G2XRG2_BOTF4/4-47     1.46097479    1.85248974    1.62299738    1.56011430    1.49861119    1.57331201    1.49810747    2.13053128    1.50380791    0.90589166    0.83148706    0.87210811    0.30383617    0.00000000    0.22225728    0.24441768    0.63196233    0.74111378    1.12770243    1.15627964    1.18711280    1.25264216    1.31909531    1.35924497    0.93514891    1.55082007    1.32534351
A0A017S4S5_9EURO/29-72     1.16931467    1.51143485    1.29330808    1.33417804    1.63629373    1.53064977    1.44496116    2.05943716    1.38756961    0.82750148    0.71166997    0.88033083    0.31840195    0.22225728    0.00000000    0.22262366    0.63364558    0.75301478    0.97009885    1.22118640    1.23924678    1.16667038    1.30850235    1.23571669    0.97507140    1.55548985    1.32824231
F9XDD1_ZYMTI/5-48     1.36767212    1.43336578    1.48466125    1.34713574    1.45726841    1.56678828    1.31019150    1.93699173    1.39007523    0.77150669    0.78169906    0.78797531    0.37490685    0.24441768    0.22262366    0.00000000    0.57479432    0.74264657    1.06439766    1.31598196    1.21858339    1.20453864    1.23456662    1.31942215    0.91994796    1.53896983    1.33489674
W6MWV6_9ASCO/2-45     1.31745445    1.34212241    1.18180405    1.24479682    1.51244058    1.37738189    1.17079060    1.41427874    1.16021005    0.39195081    0.56768749    0.56973522    0.60126340    0.63196233    0.63364558    0.57479432    0.00000000    0.41551975    1.13449932    0.89245308    0.90136878    0.83663350    0.80834061    0.76527655    0.86491641    1.34530894    1.05615905
C4R8C6_KOMPG/3-46     1.61061480    1.63834299    1.47486350    1.32906269    1.50399160    1.37385367    1.20353072    1.61472771    1.33940479    0.69511076    0.65997731    0.73284645    0.76326127    0.74111378    0.75301478    0.74264657    0.41551975    0.00000000    1.23507600    0.98345910    1.16745036    0.93934771    0.90260606    1.04601175    0.89002931    1.24539134    1.29952399
A0A0L6UEM5_9BASI/56-99     1.38102030    1.77181190    1.64967162    1.33328874    1.45190009    1.89453710    1.47587821    2.17883827    1.36362084    1.25508739    1.15976771    1.03320365    1.14766480    1.12770243    0.97009885    1.06439766    1.13449932    1.23507600    0.00000000    1.07630487    0.96515980    1.00734286    1.00334512    0.91966330    1.00864306    1.78665167    1.28675269
A0A0K6FT20_9AGAM/93-135     1.25890077    1.49101619    1.27092341    1.44651536    1.51784749    1.43976953    1.33784554    1.64099692    1.36957996    0.93177084    1.25428369    1.00236288    1.14968216    1.15627964    1.22118640    1.31598196    0.89245308    0.98345910    1.07630487    0.00000000    0.25488247    0.30369002    0.32991726    0.25255175    0.81259748    1.28328315    1.17909303
D8PPE2_SCHCM/34-76     1.18761835    1.38775172    1.20664849    1.31732693    1.66086368    1.51570679    1.24083985    1.75305940    1.24483184    0.89308999    1.39278628    1.02199772    0.99400087    1.18711280    1.23924678    1.21858339    0.90136878    1.16745036    0.96515980    0.25488247    0.00000000    0.32258946    0.35010752    0.26584529    0.70794366    1.51537439    1.05952321
V2XKZ5_MONRO/33-75     1.00693276    1.17441423    1.00105608    1.14308976    1.33771017    1.24977542    1.12431615    1.70602829    1.05936680    0.80702126    1.20950710    1.01964429    1.15578060    1.25264216    1.16667038    1.20453864    0.83663350    0.93934771    1.00734286    0.30369002    0.32258946    0.00000000    0.25370814    0.25160230    0.70198255    1.40304080    1.02777286
M2R7W0_CERS8/40-82     0.93214061    1.20604874    0.99896607    0.95125178    1.26849140    1.37218763    1.13089169    1.56449368    1.06162067    0.85569410    1.20972318    0.96734740    1.13856631    1.31909531    1.30850235    1.23456662    0.80834061    0.90260606    1.00334512    0.32991726    0.35010752    0.25370814    0.00000000    0.26951687    0.63965393    1.54756901    0.90005452
B0CXT1_LACBS/36-78     0.98112773    1.16487212    0.99481713    1.18109963    1.46982415    1.16605158    1.08123086    1.58370717    0.96064922    0.79429560    1.15381450    1.07600770    1.14743083    1.35924497    1.23571669    1.31942215    0.76527655    1.04601175    0.91966330    0.25255175    0.26584529    0.25160230    0.26951687    0.00000000    0.72217611    1.27671110    1.00432289
V5EYC5_KALBG/3-45     1.08650142    1.48081322    1.13400795    1.04960191    1.35455342    1.30091556    0.99928590    1.37398662    1.06810763    0.94993092    0.94674993    0.80806013    0.74475221    0.93514891    0.97507140    0.91994796    0.86491641    0.89002931    1.00864306    0.81259748    0.70794366    0.70198255    0.63965393    0.72217611    0.00000000    1.04148886    1.01719377
A0A0D2WPP2_CAPO3/3-46     1.79783693    2.03352774    2.12544681    2.30133875    1.91599908    1.97672867    1.84238036    2.29108149    2.03661798    1.27007780    1.48345942    1.40059690    1.57585480    1.55082007    1.55548985    1.53896983    1.34530894    1.24539134    1.78665167    1.28328315    1.51537439    1.40304080    1.54756901    1.27671110    1.04148886    0.00000000    1.80699553
G0V7T4_NAUCC/5-48     0.22993491    0.35989321    0.31700109    0.27055762    0.43907543    0.57489336    0.32063306    0.78725530    0.22008526    0.85425262    1.55727485    1.28017293    1.10105087    1.32534351    1.32824231    1.33489674    1.05615905    1.29952399    1.28675269    1.17909303    1.05952321    1.02777286    0.90005452    1.00432289    1.01719377    1.80699553    0.00000000

