13
A0A024QH46_9BACI/1-64     0.00000000    0.52808696    0.62629574    1.37620508    1.78986844    1.85716838    1.73745863    2.20298708    2.00149158    2.78540789    2.10479040    2.50035348    2.58004563
Q8ETQ0_OCEIH/1-64     0.52808696    0.00000000    0.70333634    1.33817014    1.56862797    1.47633740    1.84550557    2.20027105    1.71612964    2.34615677    2.02143029    2.13428741    2.36072500
I3E2T5_BACMM/1-66     0.62629574    0.70333634    0.00000000    1.15611367    1.36508216    1.86596551    1.86052343    1.89527889    1.60000733    2.18313152    2.12674942    2.62119884    2.32945958
G4L6K6_TETHN/1-59     1.37620508    1.33817014    1.15611367    0.00000000    0.92468581    1.28029644    2.99029062    2.95122387    2.02459117    2.93304601    3.09835558    2.40568684    2.80133947
K8E4A5_CARML/1-59     1.78986844    1.56862797    1.36508216    0.92468581    0.00000000    1.06061055    2.79476300    3.07150641    2.44338820    2.89707104    2.86789781    2.35333467    2.74838715
Q835C8_ENTFA/1-59     1.85716838    1.47633740    1.86596551    1.28029644    1.06061055    0.00000000    2.43001879    2.52823448    2.09901906    2.37637836    2.42247639    2.39652323    2.27817098
A0A075R7W3_BRELA/1-66     1.73745863    1.84550557    1.86052343    2.99029062    2.79476300    2.43001879    0.00000000    1.81760024    2.63819244    2.68185286    2.20354137    2.78683725    2.48504725
A0A098EVN8_9BACI/1-69     2.20298708    2.20027105    1.89527889    2.95122387    3.07150641    2.52823448    1.81760024    0.00000000    1.20595080    1.30512838    1.49459210    1.64458656    1.30695052
Q65KR7_BACLD/1-66     2.00149158    1.71612964    1.60000733    2.02459117    2.44338820    2.09901906    2.63819244    1.20595080    0.00000000    0.95768962    1.07872527    0.60538466    0.60935613
Q65L35_BACLD/1-67     2.78540789    2.34615677    2.18313152    2.93304601    2.89707104    2.37637836    2.68185286    1.30512838    0.95768962    0.00000000    0.57233358    0.96705176    0.92223493
XTRA_BACSU/1-67     2.10479040    2.02143029    2.12674942    3.09835558    2.86789781    2.42247639    2.20354137    1.49459210    1.07872527    0.57233358    0.00000000    1.13903217    1.17106288
A8FGR2_BACP2/2-67     2.50035348    2.13428741    2.62119884    2.40568684    2.35333467    2.39652323    2.78683725    1.64458656    0.60538466    0.96705176    1.13903217    0.00000000    0.57393954
YQAO_BACSU/2-67     2.58004563    2.36072500    2.32945958    2.80133947    2.74838715    2.27817098    2.48504725    1.30695052    0.60935613    0.92223493    1.17106288    0.57393954    0.00000000

