6
B6JWM9_SCHJY/819-962     0.00000000    2.10794856    2.28580698    1.96981227    1.62212223    1.04243734
B6JZ65_SCHJY/39-185     2.10794856    0.00000000    1.38656495    1.18317088    3.16397474    2.71361695
S9VWV7_SCHCR/61-205     2.28580698    1.38656495    0.00000000    0.74171822    3.19318125    2.84651319
YDEA_SCHPO/59-203     1.96981227    1.18317088    0.74171822    0.00000000    2.47966620    2.50287102
S9X7C9_SCHCR/824-967     1.62212223    3.16397474    3.19318125    2.47966620    0.00000000    1.24553508
GEF2_SCHPO/824-967     1.04243734    2.71361695    2.84651319    2.50287102    1.24553508    0.00000000

