51
H3NIB7_9LACT/162-269     0.00000000    1.55945881    1.73280778    2.12151562    1.84766678    2.38104195    1.72133123    1.41946882    1.45697896    1.91920538    2.08953219    2.33276898    2.18408037    2.07619715    2.37509397    2.08381056    2.40326216    2.07011437    1.78482289    3.08211626    2.46960931    2.08776871    2.06542426    2.75059718    2.12345459    2.67713714    2.13345974    2.22282030    1.88559495    3.10893807    3.32130334    2.80712241    2.79813352    3.25590817    2.62592894    2.82183512    2.30470889    3.00115870    2.95471946    2.42516303    2.74998852    2.25984128    2.67269448    2.32634631    1.58046263    2.98622713    1.59265867    1.84161972    1.51114575    1.68766885    1.98808912
C2BGP3_9FIRM/4532-4638     1.55945881    0.00000000    1.61984887    2.45877986    2.85603016    2.43177478    2.35291459    2.25949584    1.94675952    2.23539980    2.36573150    2.85526377    2.62625185    2.61417492    1.91632513    2.49420189    2.08880185    2.30008286    2.43613468    2.86372970    2.47736605    2.22710706    2.44331938    2.39297902    2.41806528    2.46235004    1.98588434    2.17685417    2.52299764    2.64740669    3.35421725    3.55989613    2.97656853    3.08582470    2.41258356    2.74931103    3.14278236    2.83865555    4.11543000    3.34199713    3.34111397    2.62316230    2.42838277    3.04972511    1.58241739    2.86073555    1.77053676    2.27644065    1.79031825    1.94096651    2.31145766
H3NL27_9FIRM/1441-1542     1.73280778    1.61984887    0.00000000    1.88085954    2.28570144    2.18675395    2.55679012    2.00868980    2.32447414    2.52142769    2.54939217    2.34927154    2.76324387    2.73726997    2.12580054    2.73040449    2.89379386    3.03026001    2.83748087    3.52653724    3.34373973    2.72160970    2.79183667    2.64616645    2.55058132    2.80128390    3.19543038    2.64161279    2.68894040    2.59354453    3.58381801    3.46582114    3.27058364    4.03297787    2.67540939    2.65495494    3.15511935    2.78725941    3.44813457    3.59718070    3.33035239    3.00947041    3.06197849    3.38385956    1.86035874    2.70631784    1.73247764    1.79001501    1.88866807    2.15003616    2.41928632
K1LBH0_9LACT/141-242     2.12151562    2.45877986    1.88085954    0.00000000    1.69868312    1.27756752    1.73057970    2.17103203    2.30365827    2.54681895    2.80382971    2.72485520    2.41313464    2.69311929    3.41379520    3.07833400    3.52664867    2.75589221    2.26649777    4.15400362    3.29024927    2.86031820    3.28256118    2.55683959    2.27799407    3.09153442    2.90548462    2.84482454    2.85355046    3.08852251    3.34837862    3.05901744    3.68286148    3.12314752    2.89169534    2.64164465    2.33785114    3.08817741    2.79746972    2.30956142    2.92439615    2.92102898    2.94232741    3.72878328    2.54383678    2.29254493    2.21886627    1.56303425    1.87323070    1.76130589    2.40577216
F2I830_AERUA/211-312     1.84766678    2.85603016    2.28570144    1.69868312    0.00000000    1.46600435    2.32852574    1.93199693    2.35862623    2.20040087    3.11292133    2.89282022    2.64901547    3.26533353    3.10156150    2.82536134    3.36788548    2.83874310    2.09382921    3.37110569    2.79420855    3.48467018    2.58894344    3.52876913    3.65853581    2.82111889    3.26969548    3.26145023    2.81517999    2.95814939    3.13555353    3.62561603    2.95839687    2.76291398    3.35106481    3.29569514    2.82999725    3.56145924    3.05596529    2.19312545    3.57852271    2.91203292    2.91845871    3.06582060    2.51067938    3.38579427    1.90157195    1.99361247    2.24728457    2.50902019    2.10324544
F9MW46_9FIRM/149-249     2.38104195    2.43177478    2.18675395    1.27756752    1.46600435    0.00000000    2.89907181    2.44087767    2.17780122    2.71286096    2.92901257    2.22725018    2.24954060    2.22694683    2.51695130    3.17347127    2.94621634    2.56817589    2.39089430    3.48451504    2.20032301    2.79776292    2.63849049    2.47541393    3.34628064    2.65483155    2.43032010    2.46979117    2.88592899    2.80890657    2.98014417    3.70906201    3.24223094    2.77611842    2.62335605    2.81755242    2.56174842    3.19832283    2.82798097    2.94394524    4.00736540    3.09969462    3.06755314    3.94100277    2.12366211    2.49116075    2.03040504    1.52667855    1.98067281    2.40683071    2.30566201
G5KHS5_9STRE/153-257     1.72133123    2.35291459    2.55679012    1.73057970    2.32852574    2.89907181    0.00000000    1.85977389    1.83263115    1.90348876    2.33381406    2.67736940    2.39502730    2.28168709    2.98143827    2.47115111    3.01598533    2.34382789    1.97654261    3.85242501    2.21848713    2.17354811    2.41847222    2.50073584    2.38151960    2.40811505    2.71567042    2.49587675    2.67762573    3.14578925    2.80593255    3.59655442    3.12666696    2.95243032    3.17158652    2.91865052    2.52196313    2.86017491    3.26586060    2.55033302    2.56339983    2.36551174    3.40096580    2.51493934    1.76384858    3.25288013    1.82602188    1.72333214    1.86980762    1.68387676    1.89437823
A0A0R2I985_9LACO/107-213     1.41946882    2.25949584    2.00868980    2.17103203    1.93199693    2.44087767    1.85977389    0.00000000    1.27914150    1.45981587    1.74323935    1.73125964    2.14877571    2.26179253    2.51023370    2.53695277    1.97645424    2.16097961    1.69055833    2.89366013    2.19281835    2.01981869    2.29231190    2.41185040    2.18823268    2.41923765    2.25053697    2.19614606    1.98457071    3.22008325    2.54970091    2.67057311    2.35652511    2.51525683    2.32478367    2.54520739    2.10622655    2.99896323    2.71912709    2.03612645    2.13659292    2.42061738    2.27241101    2.85992937    1.31756273    1.87849873    1.53734626    1.53914125    1.36773172    1.67868511    2.07075767
CLFB_STAA8/232-339     1.45697896    1.94675952    2.32447414    2.30365827    2.35862623    2.17780122    1.83263115    1.27914150    0.00000000    0.95006409    1.69382288    1.99149941    2.26501094    1.98821493    2.53381115    2.25418089    2.04330769    1.80040070    1.48368286    2.63109240    1.98000760    1.82518992    1.71825655    1.86372660    1.91273566    1.86620574    2.11002833    1.72982232    1.64746145    3.61514151    2.68930311    3.49322984    2.49821393    2.31091763    2.28614651    2.51148800    1.88340850    2.63818287    2.63996361    1.97650006    2.85121102    2.44036700    2.24939166    2.74964012    1.50489985    1.98463793    1.58328155    1.64372780    1.29438038    1.56042932    1.61890776
A0A0D6XSV0_9STAP/216-323     1.91920538    2.23539980    2.52142769    2.54681895    2.20040087    2.71286096    1.90348876    1.45981587    0.95006409    0.00000000    2.01428645    2.23761779    2.51666173    2.54037712    2.62377266    2.59814333    2.63072165    2.57691480    2.01431254    3.66516598    2.97354886    2.49539420    2.16239177    2.73338213    2.43361966    2.14999489    2.60892564    2.41068123    2.40480360    3.28312569    2.87843294    3.61307384    3.53894596    2.50347760    2.90879718    3.17710137    2.46152706    3.86720474    3.02964180    2.26842122    3.19646651    2.67919479    2.75516790    2.92734949    2.09526946    2.75492864    1.92540982    1.74666940    1.79287314    1.79070623    1.59765352
K0YDY7_9CORY/69-171     2.08953219    2.36573150    2.54939217    2.80382971    3.11292133    2.92901257    2.33381406    1.74323935    1.69382288    2.01428645    0.00000000    2.23199174    2.21719901    2.43842726    2.80763812    2.95516072    2.88737493    3.10404078    2.35610297    3.67141990    3.31904755    2.55433553    2.42511342    2.78273523    3.30513074    2.63153095    3.22062429    2.90243854    2.73215938    4.31289320    3.25326251    3.04980783    3.80814711    2.49411224    3.87015461    3.57875677    2.94351037    3.54664588    3.63706659    3.33053398    3.40293602    3.78504998    3.66962275    4.83991059    2.00096049    2.83507124    1.99070589    1.96576060    2.13729928    1.89370969    2.07408306
G4D2J9_9FIRM/2069-2171     2.33276898    2.85526377    2.34927154    2.72485520    2.89282022    2.22725018    2.67736940    1.73125964    1.99149941    2.23761779    2.23199174    0.00000000    2.97236569    2.87222158    3.23897819    3.48701783    3.12002447    2.82374267    3.00078810    4.81743221    3.21848967    2.82507608    3.13018774    3.18608446    3.65823609    3.93201131    3.75845279    3.21912753    2.73138671    4.20312839    3.25371124    4.77740043    4.07387723    2.72568419    3.29407904    3.52433619    2.73361062    3.45506264    3.18581931    2.83593102    3.43157609    2.95078438    2.99822913    4.58133395    2.13218081    2.14629473    2.57915788    2.40590787    2.58127396    2.13032331    2.61829911
G5K4P2_9STRE/253-366     2.18408037    2.62625185    2.76324387    2.41313464    2.64901547    2.24954060    2.39502730    2.14877571    2.26501094    2.51666173    2.21719901    2.97236569    0.00000000    2.35353849    2.13506433    2.85802934    2.25188293    2.47231703    2.01491123    3.50962831    2.55302245    2.29184869    2.18361526    2.15978053    2.31042387    2.77542206    2.70575208    2.30035330    1.93748389    2.68175808    2.30122353    2.87766303    3.52358800    3.45799532    2.47841214    2.63164335    1.93824016    2.68796362    2.30419137    1.91429582    2.39083860    2.65271550    3.09826147    2.95088617    1.88170409    2.18914017    2.04187941    2.40238861    2.44085948    2.60714900    2.65941566
A0A0M2NEH0_9FIRM/339-441     2.07619715    2.61417492    2.73726997    2.69311929    3.26533353    2.22694683    2.28168709    2.26179253    1.98821493    2.54037712    2.43842726    2.87222158    2.35353849    0.00000000    2.89131358    2.23890489    2.26616204    1.81613069    1.78098431    2.93740976    2.09819324    2.03791175    2.32028579    1.81216981    2.47116639    2.52896379    2.72114938    1.96374433    2.26647484    3.07352693    2.33955177    2.45888958    1.86170095    2.73222865    2.58795875    2.32600243    1.83039930    2.89119997    2.61727141    2.17312469    2.54473247    2.60580110    2.21848632    1.98293406    2.06443716    2.14324580    2.10369726    2.17100791    2.20700497    2.30189040    2.64662670
C2KV23_9FIRM/92-187     2.37509397    1.91632513    2.12580054    3.41379520    3.10156150    2.51695130    2.98143827    2.51023370    2.53381115    2.62377266    2.80763812    3.23897819    2.13506433    2.89131358    0.00000000    1.01777736    1.61318747    1.92623115    1.65138620    2.02192323    2.31431623    1.78536410    1.95006865    2.27202596    1.78072370    1.78474035    1.53391140    1.76233476    1.51047873    2.28379072    1.80312860    2.27518722    2.15401046    2.35210204    2.02752596    2.22495912    1.92656397    2.15563332    1.98702850    2.12759646    2.11998107    1.96139568    2.13873851    2.60056822    2.47385473    2.96618145    2.37074914    2.48110603    1.99687791    2.32492925    2.27362678
G9WNU7_9FIRM/141-243     2.08381056    2.49420189    2.73040449    3.07833400    2.82536134    3.17347127    2.47115111    2.53695277    2.25418089    2.59814333    2.95516072    3.48701783    2.85802934    2.23890489    1.01777736    0.00000000    1.84026574    2.12257553    1.71891519    2.98328303    2.67276905    1.84522577    2.11941018    1.94723856    1.92416635    2.04841772    2.50272712    2.08418633    1.46084658    2.74250314    2.41030988    3.13526967    2.54049415    2.32378363    2.13401197    2.54863884    1.85734979    1.99315107    2.56067188    2.39242080    2.93375286    2.30617079    2.13877044    2.07789886    2.10582450    3.40406707    2.31078964    1.92874088    1.96685862    2.50380401    2.24811804
V1CEX7_9FIRM/53-152     2.40326216    2.08880185    2.89379386    3.52664867    3.36788548    2.94621634    3.01598533    1.97645424    2.04330769    2.63072165    2.88737493    3.12002447    2.25188293    2.26616204    1.61318747    1.84026574    0.00000000    1.33829260    1.33763655    1.82102575    1.58381140    1.18028082    1.64808049    1.32791385    1.57546065    1.52792308    1.27754078    1.01618619    1.20466975    2.00779443    1.60062133    2.40038787    2.14438774    2.11947822    1.75017222    2.36098059    1.49858315    1.95948642    2.18051330    2.01506863    2.42811528    2.43737128    2.23443363    2.02370446    2.38805482    3.00985259    2.30538165    2.45061816    1.89483871    2.29206471    1.87293362
A0A139NNH3_9STRE/49-146     2.07011437    2.30008286    3.03026001    2.75589221    2.83874310    2.56817589    2.34382789    2.16097961    1.80040070    2.57691480    3.10404078    2.82374267    2.47231703    1.81613069    1.92623115    2.12257553    1.33829260    0.00000000    0.89598081    2.14471124    1.44654702    1.28549436    1.39367347    1.25830086    1.31244442    1.51251889    1.28962758    1.06528199    1.20723601    2.48155878    1.83850316    2.66195897    2.23669801    2.30082120    2.18580338    2.26693574    1.64254160    2.05818334    2.06659479    1.79663611    2.36692425    1.98861554    1.94579216    1.97652776    2.41312461    3.29838125    2.06797563    2.70856130    2.12767099    2.12065715    2.15159258
A0A172Q9N4_9STRE/55-152     1.78482289    2.43613468    2.83748087    2.26649777    2.09382921    2.39089430    1.97654261    1.69055833    1.48368286    2.01431254    2.35610297    3.00078810    2.01491123    1.78098431    1.65138620    1.71891519    1.33763655    0.89598081    0.00000000    2.20256812    1.46255676    1.11144962    1.25301998    1.14811944    1.17942909    1.41104292    1.28600392    1.24717623    1.09261811    2.29456270    1.75110177    2.61782804    1.73668945    2.05640105    1.83239008    2.08482511    1.39334243    1.93660556    2.36819026    1.69003178    2.34031307    1.92042333    2.32604559    2.06851585    1.95938813    2.68331997    1.91122501    1.78356825    1.81095777    1.72194839    1.56137940
M2PPQ4_9FIRM/55-151     3.08211626    2.86372970    3.52653724    4.15400362    3.37110569    3.48451504    3.85242501    2.89366013    2.63109240    3.66516598    3.67141990    4.81743221    3.50962831    2.93740976    2.02192323    2.98328303    1.82102575    2.14471124    2.20256812    0.00000000    1.30206170    2.08222410    2.02510782    1.71435481    1.97479266    1.63093493    1.65993106    1.60734585    2.09771848    3.18128771    2.48534015    3.14674511    2.23139468    2.73882910    2.69528562    2.81324362    2.34484173    2.72158621    2.24485770    2.51940175    2.57966378    2.40918856    2.79694213    2.42776366    3.22617948    3.29334516    2.60968139    3.51409676    2.41877763    2.81974344    3.02897543
C2KV22_9FIRM/104-199     2.46960931    2.47736605    3.34373973    3.29024927    2.79420855    2.20032301    2.21848713    2.19281835    1.98000760    2.97354886    3.31904755    3.21848967    2.55302245    2.09819324    2.31431623    2.67276905    1.58381140    1.44654702    1.46255676    1.30206170    0.00000000    1.60896915    1.50988146    1.32938479    1.88591710    1.37337516    1.68392662    1.28947991    1.47595979    2.37047751    2.20595259    2.03304376    1.92066872    2.27946858    1.86405214    2.30866777    1.68846812    2.32023737    2.19406735    2.32776980    2.63752286    2.09613565    2.30968253    2.04695957    1.96657225    2.96673911    2.21091269    2.72962748    1.93691264    2.50400108    2.07934057
W2C0C1_9FIRM/58-156     2.08776871    2.22710706    2.72160970    2.86031820    3.48467018    2.79776292    2.17354811    2.01981869    1.82518992    2.49539420    2.55433553    2.82507608    2.29184869    2.03791175    1.78536410    1.84522577    1.18028082    1.28549436    1.11144962    2.08222410    1.60896915    0.00000000    1.22795680    1.32710402    1.19613040    1.20454668    1.06528590    1.13915957    1.03618351    2.19206590    1.72342456    2.41238022    1.92694462    2.37270547    1.96588878    2.21684251    1.78809680    2.45190136    2.68269978    2.01665443    2.07399649    2.37924588    2.49032387    2.43182121    1.78970117    2.70906998    2.18662956    1.82245842    1.78067115    1.52571449    1.92940715
C8NGJ1_9LACT/62-159     2.06542426    2.44331938    2.79183667    3.28256118    2.58894344    2.63849049    2.41847222    2.29231190    1.71825655    2.16239177    2.42511342    3.13018774    2.18361526    2.32028579    1.95006865    2.11941018    1.64808049    1.39367347    1.25301998    2.02510782    1.50988146    1.22795680    0.00000000    1.23513405    1.21198454    1.16021451    1.32967420    1.56804548    1.17264761    1.91592428    1.80565041    2.75527824    1.89356170    2.10484504    1.93423848    2.29585343    1.76550393    2.34312973    2.39473293    2.15442608    2.83411353    2.10543931    2.56651961    2.06325411    1.85759022    2.83974642    1.83776561    2.07840138    1.57653084    1.94605496    1.72630079
W1Q431_ABIDE/101-200     2.75059718    2.39297902    2.64616645    2.55683959    3.52876913    2.47541393    2.50073584    2.41185040    1.86372660    2.73338213    2.78273523    3.18608446    2.15978053    1.81216981    2.27202596    1.94723856    1.32791385    1.25830086    1.14811944    1.71435481    1.32938479    1.32710402    1.23513405    0.00000000    0.96551383    0.99895908    0.92745375    0.94232675    1.25947820    2.30365139    1.90232679    3.09150659    2.45708833    2.35153255    1.68929297    2.09465236    1.50461224    1.90791505    2.07692215    2.10186590    2.13114615    2.13256199    2.06316869    2.05591630    2.26111756    2.65465046    1.99633918    2.07833869    1.80517344    1.55084137    2.16103603
A0A139NIE7_9STRE/147-244     2.12345459    2.41806528    2.55058132    2.27799407    3.65853581    3.34628064    2.38151960    2.18823268    1.91273566    2.43361966    3.30513074    3.65823609    2.31042387    2.47116639    1.78072370    1.92416635    1.57546065    1.31244442    1.17942909    1.97479266    1.88591710    1.19613040    1.21198454    0.96551383    0.00000000    1.09569752    1.16116868    1.22324708    1.01350299    2.17186163    2.06211120    3.21689564    2.38392830    2.70051074    1.77165846    1.95440505    1.50555891    2.41435007    1.98066098    1.84555920    2.33792465    2.02522473    2.64550503    1.88830471    2.17840988    2.93576460    2.21836088    2.31402874    1.92025642    1.71124399    2.16936533
C8NGA2_9LACT/54-150     2.67713714    2.46235004    2.80128390    3.09153442    2.82111889    2.65483155    2.40811505    2.41923765    1.86620574    2.14999489    2.63153095    3.93201131    2.77542206    2.52896379    1.78474035    2.04841772    1.52792308    1.51251889    1.41104292    1.63093493    1.37337516    1.20454668    1.16021451    0.99895908    1.09569752    0.00000000    1.10405579    1.03667537    1.15071260    2.17087306    1.99790122    2.79542542    2.16699722    2.22720891    1.88919328    2.20142742    1.59336422    2.66878958    2.13106907    2.20988742    2.03933930    2.32032749    2.13975743    2.39258951    2.10763504    3.11993172    1.91457688    2.19730220    1.64846505    1.64759336    1.90661394
E8RK80_FILAD/50-147     2.13345974    1.98588434    3.19543038    2.90548462    3.26969548    2.43032010    2.71567042    2.25053697    2.11002833    2.60892564    3.22062429    3.75845279    2.70575208    2.72114938    1.53391140    2.50272712    1.27754078    1.28962758    1.28600392    1.65993106    1.68392662    1.06528590    1.32967420    0.92745375    1.16116868    1.10405579    0.00000000    1.02954504    1.10543565    2.49535219    1.74278832    2.37453256    2.43893329    2.00985839    1.60098251    2.34621367    1.67192786    2.12125841    2.00314502    2.21330860    2.22739114    2.23030307    2.72585806    2.48488292    2.19023297    3.23863331    2.34697380    2.73169712    1.81126659    1.68641566    2.29849586
K8E5G9_CARML/60-158     2.22282030    2.17685417    2.64161279    2.84482454    3.26145023    2.46979117    2.49587675    2.19614606    1.72982232    2.41068123    2.90243854    3.21912753    2.30035330    1.96374433    1.76233476    2.08418633    1.01618619    1.06528199    1.24717623    1.60734585    1.28947991    1.13915957    1.56804548    0.94232675    1.22324708    1.03667537    1.02954504    0.00000000    0.92402006    2.20020557    1.72834887    2.37929345    2.01558618    1.96738251    1.89670345    2.48771197    1.50438090    2.40831446    2.04136944    1.97862608    2.03618345    2.32836958    2.19189593    2.30545905    1.95168481    2.39494803    1.99613118    2.15715123    1.63005051    1.90556166    2.60539748
A0A062XDC0_9LACO/107-205     1.88559495    2.52299764    2.68894040    2.85355046    2.81517999    2.88592899    2.67762573    1.98457071    1.64746145    2.40480360    2.73215938    2.73138671    1.93748389    2.26647484    1.51047873    1.46084658    1.20466975    1.20723601    1.09261811    2.09771848    1.47595979    1.03618351    1.17264761    1.25947820    1.01350299    1.15071260    1.10543565    0.92402006    0.00000000    2.71574076    1.58765153    2.36779850    1.96583062    2.32075097    1.57213580    1.86966451    1.44005817    2.16966215    1.90829413    1.88635123    2.00149872    2.25245560    2.08947558    2.30904532    1.78841499    2.46306759    1.98622345    2.35436160    1.77588282    2.00931585    1.97402109
A0A0X8FJS3_9LACT/124-224     3.10893807    2.64740669    2.59354453    3.08852251    2.95814939    2.80890657    3.14578925    3.22008325    3.61514151    3.28312569    4.31289320    4.20312839    2.68175808    3.07352693    2.28379072    2.74250314    2.00779443    2.48155878    2.29456270    3.18128771    2.37047751    2.19206590    1.91592428    2.30365139    2.17186163    2.17087306    2.49535219    2.20020557    2.71574076    0.00000000    2.24411717    3.41428459    2.04534706    2.86343685    2.20544150    2.40748265    2.36701117    2.37057581    2.39286978    2.50729030    2.82789611    2.34344645    3.48001702    2.61018736    2.80671049    3.10211113    2.69878061    3.24329601    2.75760108    3.48199258    2.69226111
Q8YAG6_LISMO/60-159     3.32130334    3.35421725    3.58381801    3.34837862    3.13555353    2.98014417    2.80593255    2.54970091    2.68930311    2.87843294    3.25326251    3.25371124    2.30122353    2.33955177    1.80312860    2.41030988    1.60062133    1.83850316    1.75110177    2.48534015    2.20595259    1.72342456    1.80565041    1.90232679    2.06211120    1.99790122    1.74278832    1.72834887    1.58765153    2.24411717    0.00000000    1.71913902    1.55916186    1.59637051    1.79183952    1.95606167    1.73704870    2.27882567    2.20874086    2.10748325    2.43739451    2.35261391    2.61243375    2.55292695    2.68822295    2.41851645    2.77380938    2.59569405    2.00590874    2.14761074    2.22582182
A0A0M0FZ94_9BACI/238-334     2.80712241    3.55989613    3.46582114    3.05901744    3.62561603    3.70906201    3.59655442    2.67057311    3.49322984    3.61307384    3.04980783    4.77740043    2.87766303    2.45888958    2.27518722    3.13526967    2.40038787    2.66195897    2.61782804    3.14674511    2.03304376    2.41238022    2.75527824    3.09150659    3.21689564    2.79542542    2.37453256    2.37929345    2.36779850    3.41428459    1.71913902    0.00000000    1.91055964    3.49854958    2.42941898    2.25128389    2.29845002    2.84952009    2.67028970    2.56701394    2.47009223    2.60905094    2.70571478    2.74625528    2.74154922    3.38260346    2.92028673    3.63721353    2.49291600    2.82598975    2.73164642
A0A089LN66_9BACL/60-158     2.79813352    2.97656853    3.27058364    3.68286148    2.95839687    3.24223094    3.12666696    2.35652511    2.49821393    3.53894596    3.80814711    4.07387723    3.52358800    1.86170095    2.15401046    2.54049415    2.14438774    2.23669801    1.73668945    2.23139468    1.92066872    1.92694462    1.89356170    2.45708833    2.38392830    2.16699722    2.43893329    2.01558618    1.96583062    2.04534706    1.55916186    1.91055964    0.00000000    1.83596474    2.38966388    1.99490529    2.48135058    2.64221273    2.49595274    2.52080437    2.37589411    2.29585219    2.71798517    2.55690816    2.71275131    3.14962033    2.52383725    2.58492212    2.49459067    2.65210041    2.76515400
A0Q263_CLONN/47-141     3.25590817    3.08582470    4.03297787    3.12314752    2.76291398    2.77611842    2.95243032    2.51525683    2.31091763    2.50347760    2.49411224    2.72568419    3.45799532    2.73222865    2.35210204    2.32378363    2.11947822    2.30082120    2.05640105    2.73882910    2.27946858    2.37270547    2.10484504    2.35153255    2.70051074    2.22720891    2.00985839    1.96738251    2.32075097    2.86343685    1.59637051    3.49854958    1.83596474    0.00000000    2.00200648    2.44033982    1.94921221    2.25400638    2.25280436    2.17017996    2.76161482    2.70722931    2.46539347    2.43908014    2.73473155    3.23531498    2.81442887    2.69761902    1.96282302    2.32471428    2.07076291
M2Q1X1_9FIRM/53-160     2.62592894    2.41258356    2.67540939    2.89169534    3.35106481    2.62335605    3.17158652    2.32478367    2.28614651    2.90879718    3.87015461    3.29407904    2.47841214    2.58795875    2.02752596    2.13401197    1.75017222    2.18580338    1.83239008    2.69528562    1.86405214    1.96588878    1.93423848    1.68929297    1.77165846    1.88919328    1.60098251    1.89670345    1.57213580    2.20544150    1.79183952    2.42941898    2.38966388    2.00200648    0.00000000    1.10062636    1.06305140    1.37229152    1.53521897    1.58738193    1.89433089    1.65267724    1.56687883    1.47579571    2.22649402    2.61251765    2.32247748    2.58172933    1.90962237    2.72567069    2.47013710
W2BXG7_9FIRM/61-165     2.82183512    2.74931103    2.65495494    2.64164465    3.29569514    2.81755242    2.91865052    2.54520739    2.51148800    3.17710137    3.57875677    3.52433619    2.63164335    2.32600243    2.22495912    2.54863884    2.36098059    2.26693574    2.08482511    2.81324362    2.30866777    2.21684251    2.29585343    2.09465236    1.95440505    2.20142742    2.34621367    2.48771197    1.86966451    2.40748265    1.95606167    2.25128389    1.99490529    2.44033982    1.10062636    0.00000000    1.35769201    1.53412933    1.61648005    1.84736606    2.02184935    1.79394804    1.66454584    1.69439306    2.68945853    2.76644206    2.49780269    2.63533339    2.46957979    3.21262266    2.24640185
M2PM79_9FIRM/59-163     2.30470889    3.14278236    3.15511935    2.33785114    2.82999725    2.56174842    2.52196313    2.10622655    1.88340850    2.46152706    2.94351037    2.73361062    1.93824016    1.83039930    1.92656397    1.85734979    1.49858315    1.64254160    1.39334243    2.34484173    1.68846812    1.78809680    1.76550393    1.50461224    1.50555891    1.59336422    1.67192786    1.50438090    1.44005817    2.36701117    1.73704870    2.29845002    2.48135058    1.94921221    1.06305140    1.35769201    0.00000000    1.44316802    1.23792797    1.02060073    1.72255700    1.26285062    1.31764144    0.99222118    2.15353642    2.29086672    2.35470624    2.72479405    1.99610023    2.50186526    2.10525965
N6X3J9_9ACTO/56-165     3.00115870    2.83865555    2.78725941    3.08817741    3.56145924    3.19832283    2.86017491    2.99896323    2.63818287    3.86720474    3.54664588    3.45506264    2.68796362    2.89119997    2.15563332    1.99315107    1.95948642    2.05818334    1.93660556    2.72158621    2.32023737    2.45190136    2.34312973    1.90791505    2.41435007    2.66878958    2.12125841    2.40831446    2.16966215    2.37057581    2.27882567    2.84952009    2.64221273    2.25400638    1.37229152    1.53412933    1.44316802    0.00000000    1.13871168    1.43394826    2.13861481    1.55392674    2.13721321    1.95580654    2.69433920    4.14156182    2.57069659    2.97286948    2.60120010    3.40450578    2.55847938
N6X699_9ACTO/50-161     2.95471946    4.11543000    3.44813457    2.79746972    3.05596529    2.82798097    3.26586060    2.71912709    2.63996361    3.02964180    3.63706659    3.18581931    2.30419137    2.61727141    1.98702850    2.56067188    2.18051330    2.06659479    2.36819026    2.24485770    2.19406735    2.68269978    2.39473293    2.07692215    1.98066098    2.13106907    2.00314502    2.04136944    1.90829413    2.39286978    2.20874086    2.67028970    2.49595274    2.25280436    1.53521897    1.61648005    1.23792797    1.13871168    0.00000000    1.05640996    1.27931740    1.16191005    1.68680345    1.33707692    3.29463436    2.74861487    2.31323851    2.99031553    2.99166114    3.47298097    3.21095417
C8NE88_9LACT/51-161     2.42516303    3.34199713    3.59718070    2.30956142    2.19312545    2.94394524    2.55033302    2.03612645    1.97650006    2.26842122    3.33053398    2.83593102    1.91429582    2.17312469    2.12759646    2.39242080    2.01506863    1.79663611    1.69003178    2.51940175    2.32776980    2.01665443    2.15442608    2.10186590    1.84555920    2.20988742    2.21330860    1.97862608    1.88635123    2.50729030    2.10748325    2.56701394    2.52080437    2.17017996    1.58738193    1.84736606    1.02060073    1.43394826    1.05640996    0.00000000    1.15044204    1.22428916    1.57320070    1.71153332    2.83080867    2.43840082    2.40463309    2.58785543    2.50235444    3.20256623    2.64362971
C4G9F0_9FIRM/54-161     2.74998852    3.34111397    3.33035239    2.92439615    3.57852271    4.00736540    2.56339983    2.13659292    2.85121102    3.19646651    3.40293602    3.43157609    2.39083860    2.54473247    2.11998107    2.93375286    2.42811528    2.36692425    2.34031307    2.57966378    2.63752286    2.07399649    2.83411353    2.13114615    2.33792465    2.03933930    2.22739114    2.03618345    2.00149872    2.82789611    2.43739451    2.47009223    2.37589411    2.76161482    1.89433089    2.02184935    1.72255700    2.13861481    1.27931740    1.15044204    0.00000000    1.79052873    2.07192236    1.91500633    2.86195098    2.74238332    2.39068127    3.11527922    2.80994930    3.70079293    3.41680833
F7V7A8_CLOSS/333-439     2.25984128    2.62316230    3.00947041    2.92102898    2.91203292    3.09969462    2.36551174    2.42061738    2.44036700    2.67919479    3.78504998    2.95078438    2.65271550    2.60580110    1.96139568    2.30617079    2.43737128    1.98861554    1.92042333    2.40918856    2.09613565    2.37924588    2.10543931    2.13256199    2.02522473    2.32032749    2.23030307    2.32836958    2.25245560    2.34344645    2.35261391    2.60905094    2.29585219    2.70722931    1.65267724    1.79394804    1.26285062    1.55392674    1.16191005    1.22428916    1.79052873    0.00000000    1.44895912    1.15248013    2.50586795    2.73814160    2.60827100    3.03920501    2.60546912    2.84300183    2.83009937
D7N7L5_9FIRM/211-313     2.67269448    2.42838277    3.06197849    2.94232741    2.91845871    3.06755314    3.40096580    2.27241101    2.24939166    2.75516790    3.66962275    2.99822913    3.09826147    2.21848632    2.13873851    2.13877044    2.23443363    1.94579216    2.32604559    2.79694213    2.30968253    2.49032387    2.56651961    2.06316869    2.64550503    2.13975743    2.72585806    2.19189593    2.08947558    3.48001702    2.61243375    2.70571478    2.71798517    2.46539347    1.56687883    1.66454584    1.31764144    2.13721321    1.68680345    1.57320070    2.07192236    1.44895912    0.00000000    1.25454657    2.88843327    2.65283026    2.43283260    3.08573732    2.65317478    3.17874454    2.46728417
D7N7L5_9FIRM/607-714     2.32634631    3.04972511    3.38385956    3.72878328    3.06582060    3.94100277    2.51493934    2.85992937    2.74964012    2.92734949    4.83991059    4.58133395    2.95088617    1.98293406    2.60056822    2.07789886    2.02370446    1.97652776    2.06851585    2.42776366    2.04695957    2.43182121    2.06325411    2.05591630    1.88830471    2.39258951    2.48488292    2.30545905    2.30904532    2.61018736    2.55292695    2.74625528    2.55690816    2.43908014    1.47579571    1.69439306    0.99222118    1.95580654    1.33707692    1.71153332    1.91500633    1.15248013    1.25454657    0.00000000    3.52673891    2.73341647    3.48545131    3.59433837    2.79449691    3.76554001    2.76141530
SDRD_STAA8/268-373     1.58046263    1.58241739    1.86035874    2.54383678    2.51067938    2.12366211    1.76384858    1.31756273    1.50489985    2.09526946    2.00096049    2.13218081    1.88170409    2.06443716    2.47385473    2.10582450    2.38805482    2.41312461    1.95938813    3.22617948    1.96657225    1.78970117    1.85759022    2.26111756    2.17840988    2.10763504    2.19023297    1.95168481    1.78841499    2.80671049    2.68822295    2.74154922    2.71275131    2.73473155    2.22649402    2.68945853    2.15353642    2.69433920    3.29463436    2.83080867    2.86195098    2.50586795    2.88843327    3.52673891    0.00000000    1.92543450    1.58064690    1.59473275    1.29978441    1.39172473    1.68875242
H3NE91_9LACT/370-474     2.98622713    2.86073555    2.70631784    2.29254493    3.38579427    2.49116075    3.25288013    1.87849873    1.98463793    2.75492864    2.83507124    2.14629473    2.18914017    2.14324580    2.96618145    3.40406707    3.00985259    3.29838125    2.68331997    3.29334516    2.96673911    2.70906998    2.83974642    2.65465046    2.93576460    3.11993172    3.23863331    2.39494803    2.46306759    3.10211113    2.41851645    3.38260346    3.14962033    3.23531498    2.61251765    2.76644206    2.29086672    4.14156182    2.74861487    2.43840082    2.74238332    2.73814160    2.65283026    2.73341647    1.92543450    0.00000000    2.25620162    2.71738084    2.33411687    2.65952461    2.84130260
Q8DYL7_STRA5/345-447     1.59265867    1.77053676    1.73247764    2.21886627    1.90157195    2.03040504    1.82602188    1.53734626    1.58328155    1.92540982    1.99070589    2.57915788    2.04187941    2.10369726    2.37074914    2.31078964    2.30538165    2.06797563    1.91122501    2.60968139    2.21091269    2.18662956    1.83776561    1.99633918    2.21836088    1.91457688    2.34697380    1.99613118    1.98622345    2.69878061    2.77380938    2.92028673    2.52383725    2.81442887    2.32247748    2.49780269    2.35470624    2.57069659    2.31323851    2.40463309    2.39068127    2.60827100    2.43283260    3.48545131    1.58064690    2.25620162    0.00000000    0.91486174    1.51980526    1.87396885    1.79317632
G5KI16_9STRE/223-321     1.84161972    2.27644065    1.79001501    1.56303425    1.99361247    1.52667855    1.72333214    1.53914125    1.64372780    1.74666940    1.96576060    2.40590787    2.40238861    2.17100791    2.48110603    1.92874088    2.45061816    2.70856130    1.78356825    3.51409676    2.72962748    1.82245842    2.07840138    2.07833869    2.31402874    2.19730220    2.73169712    2.15715123    2.35436160    3.24329601    2.59569405    3.63721353    2.58492212    2.69761902    2.58172933    2.63533339    2.72479405    2.97286948    2.99031553    2.58785543    3.11527922    3.03920501    3.08573732    3.59433837    1.59473275    2.71738084    0.91486174    0.00000000    1.61249483    1.72972388    1.80349696
Q5HRI6_STAEQ/263-365     1.51114575    1.79031825    1.88866807    1.87323070    2.24728457    1.98067281    1.86980762    1.36773172    1.29438038    1.79287314    2.13729928    2.58127396    2.44085948    2.20700497    1.99687791    1.96685862    1.89483871    2.12767099    1.81095777    2.41877763    1.93691264    1.78067115    1.57653084    1.80517344    1.92025642    1.64846505    1.81126659    1.63005051    1.77588282    2.75760108    2.00590874    2.49291600    2.49459067    1.96282302    1.90962237    2.46957979    1.99610023    2.60120010    2.99166114    2.50235444    2.80994930    2.60546912    2.65317478    2.79449691    1.29978441    2.33411687    1.51980526    1.61249483    0.00000000    0.90104912    1.47992861
G5KHS3_9STRE/107-210     1.68766885    1.94096651    2.15003616    1.76130589    2.50902019    2.40683071    1.68387676    1.67868511    1.56042932    1.79070623    1.89370969    2.13032331    2.60714900    2.30189040    2.32492925    2.50380401    2.29206471    2.12065715    1.72194839    2.81974344    2.50400108    1.52571449    1.94605496    1.55084137    1.71124399    1.64759336    1.68641566    1.90556166    2.00931585    3.48199258    2.14761074    2.82598975    2.65210041    2.32471428    2.72567069    3.21262266    2.50186526    3.40450578    3.47298097    3.20256623    3.70079293    2.84300183    3.17874454    3.76554001    1.39172473    2.65952461    1.87396885    1.72972388    0.90104912    0.00000000    1.33215185
SDRC_STAA8/211-315     1.98808912    2.31145766    2.41928632    2.40577216    2.10324544    2.30566201    1.89437823    2.07075767    1.61890776    1.59765352    2.07408306    2.61829911    2.65941566    2.64662670    2.27362678    2.24811804    1.87293362    2.15159258    1.56137940    3.02897543    2.07934057    1.92940715    1.72630079    2.16103603    2.16936533    1.90661394    2.29849586    2.60539748    1.97402109    2.69226111    2.22582182    2.73164642    2.76515400    2.07076291    2.47013710    2.24640185    2.10525965    2.55847938    3.21095417    2.64362971    3.41680833    2.83009937    2.46728417    2.76141530    1.68875242    2.84130260    1.79317632    1.80349696    1.47992861    1.33215185    0.00000000

