142
A7HDU9_ANADF/220-281     0.00000000    1.73310729    1.41849638    1.68835834    1.84887343    1.25121423    1.97606139    2.67079865    1.47661839    1.92005522    1.90461650    2.58173730    1.90549360    2.35586677    1.51888555    1.88977355    3.36659402    2.02734258    1.93654201    1.64853936    2.08775327    1.66140620    1.70033770    1.88149883    1.88743188    1.79920126    2.24311755    1.91435242    2.08696127    2.24184667    1.49025807    1.71156814    2.73014987    2.08727966    1.73119694    2.76101273    1.72236739    2.83136624    2.92713079    2.60860543    2.57233509    1.47061000    2.06559055    1.82480323    1.86541204    1.73224881    1.80854213    2.28456411    1.69780093    1.96268365    1.99505554    2.02958829    2.11786556    2.08068685    2.96279257    2.92487887    1.88858523    2.17067666    2.24012490    2.88722583    2.00597744    2.19717127    4.02468138    2.49168396    1.81827749    1.94409931    2.48164772    1.50315808    2.85077703    1.99432681    1.94746599    1.88381935    1.85805332    2.25075692    2.44532840    1.71067784    1.11627942    2.15808254    1.94527675    1.80722511    2.12118667    2.43992498    1.95300783    2.30366579    1.77565375    2.08085440    2.00568032    1.95587268    2.03490060    1.76574241    2.65295516    1.52031490    2.36794348    1.78186836    2.01529391    2.90693852    2.55996061    2.00344141    2.35670000    2.60748919    2.57131056    2.55577166    2.59544210    2.29777916    2.27897362    3.23566132    2.51894943    2.65012119    2.20216110    2.43750522    2.28510990    2.49704559    2.32124336    2.27397331    2.48839735    2.21643426    1.92529091    1.87015192    2.10887619    2.08330965    1.99775695    1.68398960    2.11940909    2.13411266    2.26653194    1.94038071    2.11394213    2.27446255    2.55746968    2.25858947    2.14092020    1.90325710    1.96586233    2.09204985    2.06720513    2.32962027    1.91331148    2.10905369    2.50838478    1.98918839    1.77891425    1.88760612
E9S874_RUMAL/304-365     1.73310729    0.00000000    1.55531903    1.85575990    1.58276139    1.31892216    1.99339199    1.92881180    2.30354620    1.93990947    1.99723613    2.33196189    2.32351720    2.05114499    2.28462189    2.06374753    2.03893454    2.09675034    2.00065682    2.24486507    2.11209140    1.44913645    1.77468069    2.09112222    1.75038179    1.81641082    2.07809100    1.75993168    1.60584617    2.42079840    1.73305868    1.55827617    2.14919178    1.87272911    1.63398395    2.18278846    1.52364581    1.60542189    2.87119360    1.66257157    1.40541238    1.72485252    1.62332284    2.26308927    2.11731136    1.93997246    2.04362140    2.04216204    1.77052146    1.98773761    2.14314747    1.77170794    1.51981266    2.29432947    2.44635534    2.13607521    2.05978151    2.04978083    2.38888437    1.63653115    1.95662948    2.10448909    2.56350541    2.30457510    1.58817862    2.10132279    2.05535982    2.21112306    2.40472352    1.82654178    1.64264212    1.53804326    1.97424006    2.06989373    2.07873743    2.22733105    1.81935807    2.29407435    1.63955775    1.77432172    1.94663567    1.73129524    2.16518472    2.10554645    1.82866530    2.10996417    1.96384454    1.76577520    1.89818038    1.61811591    2.04691528    2.02190842    2.16257655    1.54518823    2.07321756    1.82894658    2.00005050    1.71779892    2.23613539    3.10312117    2.69304312    1.85258067    3.23882682    2.14712307    2.40838175    2.66724552    1.87412599    2.43025426    1.62178614    2.40221466    2.40417050    2.34076086    2.26970307    2.62917037    2.42495133    1.71945149    2.18252937    2.38877490    2.65583143    2.23776596    2.00937846    2.32430365    2.43818617    2.50285236    2.51342541    2.21510625    2.20175530    2.12513264    2.42475435    2.21161929    2.15655470    2.09366614    2.48581420    1.89846324    2.82074372    1.69934765    2.17396217    1.90255534    2.51696826    2.34519184    1.90646598    2.32278627
R5Y5M7_9FIRM/334-394     1.41849638    1.55531903    0.00000000    1.52280886    1.43634500    1.53809397    1.67495750    2.16817101    1.84578044    2.04454186    1.56529012    2.20610647    2.19643154    2.30863129    2.17002919    2.45245132    3.06741125    2.31632396    1.75154093    2.23716963    2.28702455    1.84622781    2.16652377    2.68546013    2.39356942    2.18968986    2.91210515    1.83857546    2.41092998    2.34526467    2.37008469    2.13118842    1.87199726    2.12588936    1.94304362    1.81862878    1.81465350    1.46034266    2.69606478    2.21600853    2.26056755    1.73933534    2.14593622    1.64989011    2.53691027    2.24403776    1.91061195    2.31431674    2.50878147    2.29749589    2.71445677    2.42581589    2.35322324    1.75435959    2.54627293    2.25692486    1.84510947    1.70999025    2.07594240    2.28239094    2.19909863    2.13506370    2.70552578    1.86617324    2.44547878    1.84444157    2.28794120    2.20814556    2.36777529    2.21321357    2.64722912    2.23750560    2.35631055    2.46544638    2.22080593    2.47809681    1.69380218    2.00160621    2.02699059    1.98227588    2.28656973    2.96311734    2.56497603    2.70530525    2.73698455    2.58293403    2.17381219    3.09572700    2.42252252    1.93236451    2.16287873    1.89300066    2.04264912    2.19084582    2.15606823    2.15131969    1.80347949    2.02318455    2.04148315    2.96372076    2.96017668    2.27780364    3.07681577    2.53854225    2.54630652    2.41745904    2.40985406    2.20232255    2.13010949    2.82351001    2.72731476    2.68654965    2.34356859    2.63741365    2.46246300    1.71232483    2.31003055    2.20907528    2.27361757    2.69104325    2.56724817    2.34425669    2.35290227    2.53916593    2.59327387    2.26797853    1.95909314    2.70274308    2.38564691    2.27654846    2.19560111    2.03803535    2.80909229    2.46424353    2.76333483    2.17858929    2.34071945    2.37075840    2.51861197    2.20995822    2.93594566    3.00609124
D1PPW6_9FIRM/301-361     1.68835834    1.85575990    1.52280886    0.00000000    1.59124980    1.49625091    1.53965139    1.81746221    1.78280496    2.67483366    1.65846368    2.60062039    2.67587189    2.22847386    1.89568981    2.35557899    2.70921712    2.41348776    2.16780892    2.13620930    2.59384286    1.84711466    2.16178726    2.47937573    2.49016158    2.11048488    2.36896374    2.07832279    2.59318463    2.07373352    2.43525387    2.10598073    2.59329644    2.05063717    2.03721961    2.34368076    2.12042980    1.78904429    2.07049922    2.55891742    2.06379151    2.72431876    2.21109486    2.07371307    2.43706155    1.82155711    2.28594475    2.60494138    1.88660297    2.03965465    2.53689753    2.36448978    2.69452389    1.85104818    2.58250870    2.49312810    1.98431919    1.94283983    2.11423003    2.24174855    2.10857028    2.16249755    3.21252584    2.49626284    1.80201999    2.57297374    2.98226764    2.31006840    3.15700592    2.33283107    2.41320152    2.52544155    1.82785563    2.24552065    2.25571406    2.14327181    2.02857697    2.18290665    2.14292521    1.85741404    2.21737344    2.23582756    2.57069133    2.54365068    1.85484023    2.21483339    1.81115167    1.98000733    2.04572566    2.41297867    2.78287380    2.51047892    2.53847163    2.14056011    2.55956251    2.42428642    2.63945722    2.10243064    1.99389806    3.45604741    2.65989109    2.35999282    2.86851261    2.56849794    2.38756749    2.74417039    2.51317522    2.92721797    1.83378351    2.61701423    2.63597600    2.33946300    2.87071882    2.00635734    2.47221079    2.53318157    2.35070319    2.34732509    2.36204420    2.24047652    2.56590967    2.26642639    2.40787969    2.07129571    2.13432534    1.95416104    2.15528786    2.07367250    2.28260095    2.51005111    1.82800441    2.51008051    2.33820747    2.19366445    1.84630116    1.73078863    2.07272574    2.05480037    2.16126051    2.09363351    2.08451747    2.79947325
A4XNB5_PSEMY/302-362     1.84887343    1.58276139    1.43634500    1.59124980    0.00000000    1.32440734    1.99141913    2.06199086    1.71473392    2.15532938    1.86526580    2.60118097    2.38317650    2.09286721    2.21516211    2.79454168    3.04120835    2.45220315    2.45158612    2.59848794    2.34254635    1.84986297    1.88048065    2.38837048    2.50748191    2.90647306    2.43361178    1.85580801    2.13156069    2.61325878    2.47595936    2.79001276    2.59015687    2.18337133    2.08428015    1.92810544    1.84059214    2.18684392    1.66259061    2.91178538    2.01912107    2.49873295    2.20881761    2.41643314    2.05137800    1.69227559    2.16013578    2.10131492    2.18360374    2.22264810    2.85455769    2.15444296    2.19849250    2.05258631    2.10632243    2.54414720    2.48581337    1.74053238    1.84632184    2.00503323    2.01920573    2.67761235    2.66895550    2.35390090    1.94934071    1.85295694    3.02766884    2.64369501    2.74285801    2.24241707    3.03568542    2.35687809    1.85016580    2.25439178    2.40008064    2.28835434    1.96252660    2.29100600    2.49397288    2.46488124    2.49614269    2.28173760    2.67233656    2.29862130    1.86004989    2.04347615    1.45381408    1.95195073    2.17155510    1.77137520    1.80725917    2.31619933    1.83969893    2.16038294    2.26662612    2.05076000    2.16688056    2.03950956    1.80934244    2.74209221    2.05655632    2.13954316    2.92937639    2.09392520    2.21546052    1.87263672    1.97693454    2.29352285    1.74757448    2.25537128    2.50975450    2.63948232    2.05187875    1.73424332    1.88695991    1.43569309    1.97467945    2.24521510    2.30303347    2.50051852    2.58163215    2.16338901    2.05129643    2.55489978    2.19198117    1.99761764    1.86350373    2.07035966    2.58019170    2.09896532    2.23241414    3.11360232    1.93352003    2.27681084    2.38394234    2.14677864    2.06908371    2.02226048    2.43027235    2.76371133    2.23467612    2.65879716
E6U7W6_ETHHY/316-382     1.25121423    1.31892216    1.53809397    1.49625091    1.32440734    0.00000000    2.18113222    2.81286914    1.65022803    2.33151564    1.58364225    2.18323010    1.49929646    1.69559357    2.11460913    2.89123474    2.71044040    2.39933706    2.03989075    1.96833453    2.70810722    1.40577561    1.42287342    1.50870416    1.98524974    1.72940297    1.92104100    1.48530077    1.88916754    2.16031021    1.45699144    1.60075365    2.44915896    1.50226389    1.22120430    1.75235208    1.55697292    2.45921730    2.34557840    2.25161983    1.72481165    1.42395756    2.21554893    2.43095413    1.91322192    1.77949805    1.94923461    1.99830674    1.65123008    1.99357690    2.29357033    1.74879156    2.05890535    2.31620063    2.57281330    2.57585699    2.14443017    1.68794800    2.33537496    1.95259204    1.93825114    3.09181010    3.02045677    2.68059873    2.45595466    2.33473926    2.69720128    2.45402126    3.19315101    2.26054018    2.42332721    2.03855810    2.11993230    2.00830346    2.16896255    1.73978026    1.88770763    2.00513617    1.73597991    2.28392537    2.22572466    2.82745418    2.83278770    2.30957159    1.86135694    2.01420469    1.66817156    2.23590829    2.10075534    1.91989218    2.28381863    2.36383579    2.42613733    2.10479992    1.91303306    2.13803887    2.24367973    1.86808558    2.27378295    2.79891996    2.68992026    2.44817718    2.92344361    2.28436160    2.46921302    2.33851429    2.40508937    2.41306109    1.69474736    2.45372805    2.79746868    2.43572303    1.94973586    2.57535872    2.04965170    2.23583764    2.47869136    1.73701979    1.95164478    1.82999442    2.05761684    2.23083050    2.43950786    2.60378532    2.28207110    2.05663279    2.38752121    1.72752589    2.56735748    3.26756089    2.06833752    2.00733853    2.17346679    2.00578416    2.09346207    1.70613759    1.67336417    2.02621092    2.54491010    2.98440568    1.95679709    2.69882396
R8VYZ2_9CLOT/353-414     1.97606139    1.99339199    1.67495750    1.53965139    1.99141913    2.18113222    0.00000000    1.44171624    1.36641318    1.61243588    1.50156067    2.07568894    2.29382143    1.83818842    1.85412042    2.42423426    2.20513705    2.25680001    1.75258120    1.82567793    2.27441519    2.18661099    1.63474848    1.62294267    2.19346837    1.67963171    2.46771355    2.09507753    2.02971638    1.78895469    1.99429746    1.90632958    1.51229462    1.56194351    2.12357457    1.55228014    1.64426782    2.20435309    2.01549735    2.72069724    1.93118989    2.07522992    2.30339623    1.80611739    2.59373252    2.76531038    2.02909668    2.17223645    1.88073032    1.85452695    2.51672525    1.90738806    1.79931388    1.79727338    2.01123865    2.00376289    1.84314032    1.76570184    1.84751697    2.32454216    1.50850225    1.76768803    2.00953670    2.04296206    1.71586679    2.51186958    2.63728830    2.24947091    1.99678766    1.61421054    2.08018347    2.56976491    2.17414911    1.64698767    1.86216199    1.87986883    2.62362102    2.05423742    1.56805374    2.23265958    1.72295245    2.44570695    2.24197844    2.34627729    2.13583645    1.95909863    1.72100304    2.16828482    1.76541285    2.42693924    3.20994620    1.84279475    2.39599605    1.93147668    2.37205406    1.89322063    1.92470427    1.92293145    2.21603207    2.29233033    2.16812909    2.45887844    3.58465531    2.58145868    2.43214750    2.30429322    2.37686975    2.45479783    1.76579022    2.77679339    2.01112826    2.16680681    2.40352814    1.77276281    1.74552572    1.94728890    2.01968629    2.39627609    1.99195854    2.33979072    1.98335911    2.77257682    2.49138078    2.91519371    2.21870456    2.01042387    1.87811798    2.00213420    2.44232729    1.93802417    1.88211521    2.46000454    2.60718796    2.45711284    2.28630874    2.11635022    2.71482450    2.34290712    1.83761457    2.27441156    2.39041481    3.10576483
A0A063Y8F4_9GAMM/302-362     2.67079865    1.92881180    2.16817101    1.81746221    2.06199086    2.81286914    1.44171624    0.00000000    1.62030181    1.95453788    2.03710007    2.86536841    2.38425097    2.05638271    2.32396821    2.70864857    2.83700168    2.43527661    2.35422065    2.13228981    2.48426926    2.25143042    2.39419675    1.85660253    1.90645503    2.27329281    2.04156783    2.07150101    2.60012962    2.06367091    2.09412943    1.83089039    2.23117166    2.29408435    2.55479043    1.97573192    2.22073901    2.47216063    2.41629196    2.10529977    1.95652586    2.48269694    2.01839625    1.95445071    2.35726276    2.57698997    2.19405946    1.98135010    1.87762980    2.43715256    2.10254569    2.15516440    2.31343303    2.10706046    1.98878286    2.11799027    1.82988789    1.98851316    2.88416602    2.08951350    1.97531813    1.85399306    2.23136667    2.32375899    2.25318278    2.63667598    3.07180327    2.38688000    1.57837433    2.38574357    2.28935311    2.27802771    2.14240520    1.83593112    1.76456170    2.31205404    2.25102926    1.93432248    1.99294913    1.87087117    2.09538548    2.13299071    2.28481960    1.98356750    2.08966226    2.22075083    1.66662112    1.63870492    1.88295625    2.19487612    2.48634254    2.31845075    2.61613533    1.60613466    2.15980301    2.35655834    1.86837866    2.00415846    2.31237714    2.56076351    2.15424972    2.24090301    3.49100075    2.48486142    2.24366911    2.04211053    2.23052948    2.60846274    2.24325582    2.27869819    2.31140952    2.05462236    2.46537482    2.01135882    2.01709837    2.38340879    1.89645629    2.32134147    2.12194461    2.16881594    2.27266043    2.13345576    2.10160295    2.75797496    1.90530380    2.07172369    1.89597399    2.10979107    2.16654843    1.96143583    1.94041760    2.89277343    3.11113143    2.14952102    2.88316150    2.74264531    2.73747637    2.64378461    2.95474267    2.39843052    1.76785059    2.09973630
R9M4I2_9FIRM/314-382     1.47661839    2.30354620    1.84578044    1.78280496    1.71473392    1.65022803    1.36641318    1.62030181    0.00000000    1.79605826    1.91686049    2.73860062    1.94596480    1.79669933    1.91102250    2.73434635    2.85760183    2.31887010    2.77404037    2.11045175    2.58048147    1.65451801    1.66116311    1.81564456    1.93196181    2.23108459    2.01471117    2.41042903    2.37362031    1.88946940    1.96298615    1.84984961    2.02202743    2.20054769    1.88974830    1.96584774    1.89178911    1.98346610    1.78978489    2.86978365    2.05314893    2.29533187    1.78470370    2.80973235    1.69854457    2.01140518    2.29475475    1.80467257    1.31574496    1.74448883    2.94531530    1.54386851    1.70811245    1.84143663    2.69000201    2.69954813    2.44779178    1.59236276    1.98474120    1.95628852    1.87779964    1.94139854    2.68342673    2.10752925    1.90979713    2.00418439    3.43725445    2.31867617    2.47638215    2.00310303    2.39445044    2.60904838    2.39441000    2.16045529    2.18139643    2.02737067    1.60483766    2.03151131    1.70198716    1.82379139    1.77476694    1.71679239    1.81337656    2.47549635    1.93027732    1.61411130    1.56109071    2.09599325    2.08595342    1.85553265    2.78667041    2.26703967    2.19607567    1.99612130    2.96066103    2.73029540    2.58306913    1.93489536    2.69264313    2.79043559    2.20585557    2.01557628    2.70508677    2.26136529    1.84325305    2.24766874    2.22124168    2.29884739    1.80947273    3.12687213    2.28561368    2.14645470    2.26747149    1.78513799    1.70830419    1.46488897    1.69962784    1.93444413    1.71382267    1.73906851    1.95987842    1.66758057    1.46355558    2.50400879    2.00797870    1.37297267    1.96353938    2.10661665    2.40891021    1.62360385    2.21464101    3.09652876    2.19845621    2.17323842    2.38286010    2.26357123    1.91003499    2.60394975    2.35611530    2.37605879    1.87873166    2.37961763
A0A0Q8CBB1_9MICO/94-155     1.92005522    1.93990947    2.04454186    2.67483366    2.15532938    2.33151564    1.61243588    1.95453788    1.79605826    0.00000000    1.20060731    1.62535207    1.36470468    2.34320634    2.20579969    3.38254155    3.01900593    2.29972869    3.18998155    2.03879683    3.28274942    2.04321674    2.22473359    2.08788012    2.18821681    1.90240649    2.49405896    1.97461098    2.16504106    2.25697842    1.62607677    1.95465531    2.33672936    2.79649258    2.64228671    2.07900672    2.47788154    3.52358485    2.95109985    3.90114018    3.11415109    1.92745759    2.54292595    2.56856103    2.05064358    2.69094787    3.03283618    1.82466544    1.75395706    1.85540020    2.93550250    2.28446943    2.34599049    2.27532445    2.63383947    2.33210179    3.01534936    2.20776495    2.43583929    2.07641569    1.94506171    2.38235437    2.25807753    2.18291580    2.85593493    2.74912277    2.35996131    2.56321950    1.70842385    1.95229911    2.00051904    2.38534632    2.54302623    2.14117194    2.05105664    2.03796513    2.22410602    2.05868426    1.80708427    1.68579546    2.11082327    2.00261136    2.75918721    2.41748866    2.54334702    1.96848684    2.37589060    2.16696583    2.36361487    2.20210463    2.32069291    2.55579541    3.32354837    1.69512727    2.51751094    2.11184160    2.08092148    1.98078733    2.43210618    3.02529756    2.36465785    2.45324802    3.82272088    2.90224430    2.38014226    2.16216966    2.49126905    2.65381483    2.19206361    2.41559152    2.58513966    2.29011899    2.14742135    2.32303231    2.28897390    2.00823303    2.01267857    1.95949190    2.17451118    2.52154885    1.96547574    2.09908259    2.65400360    2.41024031    2.66085399    1.28685587    2.07935983    1.97012716    2.05497559    1.90422743    2.70259733    2.42315848    3.00939474    2.48783410    2.69038522    1.96757430    2.40272341    2.05572472    2.74081814    2.80077830    1.99297896    3.16120972
A0A172X9K6_9MICO/343-404     1.90461650    1.99723613    1.56529012    1.65846368    1.86526580    1.58364225    1.50156067    2.03710007    1.91686049    1.20060731    0.00000000    1.44067600    1.69181062    2.10217349    2.49666643    2.76990212    3.46682323    2.39474955    2.31251199    1.88334936    3.17728866    1.97930244    2.08485801    1.53794921    1.96574504    2.00308395    2.26367304    1.78976929    2.12334735    2.39455548    2.13196079    1.82575213    2.51176415    2.28739284    1.85134942    2.06722171    1.60265166    2.32754465    2.05921151    2.89422963    2.88067740    2.05440501    2.40599186    1.91042700    1.70129267    1.99295024    2.66446252    1.85459834    1.51173714    1.92300085    2.03074129    1.93461760    2.15529402    1.84693778    2.10970384    2.39026811    2.26385687    2.01706663    2.31700957    1.97868697    2.47114923    2.44895082    2.58716411    2.43407971    2.43040405    2.18913538    2.44360449    2.22457851    2.04138413    2.18023798    2.11395908    1.76801789    1.70467545    1.67686635    1.49308267    1.64768034    1.75759415    1.86784670    2.16506311    1.82581917    1.60324115    2.01805818    2.27098748    2.52233666    2.07400589    1.78512502    1.83442197    1.91821767    2.33388252    1.96163250    3.34192936    2.21702621    2.34545747    1.58516641    2.45923082    1.89447200    1.57946344    1.57870455    2.06339597    2.67458224    2.57512220    2.92398180    3.54329068    2.67861387    2.46385174    2.31235420    2.85083542    1.99744298    1.93240881    2.23175629    2.54833091    2.34039428    2.35020019    2.26043859    1.84926581    1.78437683    1.88069754    1.51122124    1.65507423    2.32320761    1.65777851    2.00559036    1.96078961    2.44129733    1.65468481    1.85601282    1.57179566    2.23256347    1.90592645    1.78928150    2.04187855    1.75766556    2.95991237    1.91846305    2.14459448    1.82841015    1.95818696    2.30764753    2.53077569    2.61759276    2.16732176    2.43444721
K6W636_9MICO/302-362     2.58173730    2.33196189    2.20610647    2.60062039    2.60118097    2.18323010    2.07568894    2.86536841    2.73860062    1.62535207    1.44067600    0.00000000    2.20290919    2.28185815    2.88893811    4.67307464    3.58668329    2.54308653    2.15665804    2.36259398    2.72096394    1.91316735    2.31586969    2.08343692    2.31201471    2.28072055    2.97025565    2.86287004    2.55983637    2.71220054    2.07366871    2.14066760    2.53434142    2.20284421    2.16600231    2.04535839    2.79441119    3.18984837    3.13720742    2.91865264    2.53572018    1.65258888    3.18310296    2.73711756    2.49966449    3.65585557    3.11634033    1.91569341    2.65969022    2.29855655    2.32329833    2.10035324    2.21352763    2.83920999    2.53011300    2.38923771    2.49678729    2.16938329    2.48865440    2.29815809    1.98303269    2.60934129    3.15224842    2.58734156    3.35749150    2.16080232    2.58528067    2.68176803    2.28271764    2.06781660    2.71125572    2.36407480    2.68951327    2.36454900    1.92258663    3.20358037    3.38734656    3.07812198    2.34920924    2.49312488    2.26596413    2.51756147    2.76523064    2.72017747    2.45290495    2.33988273    2.33770236    2.87219004    2.66599218    2.52345156    3.28170547    2.79012799    2.64013658    1.78580705    2.53123560    2.37272306    2.28909780    2.08713395    2.30974790    2.84726127    3.00501143    2.80662131    3.95271825    2.53965045    2.92669879    3.27477060    2.72270060    2.77440682    2.28706165    3.03102391    3.39756968    2.72882445    3.04646227    2.76757296    3.06532428    2.23997069    2.57782751    2.89886402    2.14907801    2.25629123    2.10205489    2.42238643    2.19034083    2.94934234    2.79719979    1.78787619    2.60570242    2.19483357    1.92498263    3.04192992    2.63577165    3.15673504    2.71486377    2.57512941    2.96669575    2.42790003    3.25046792    2.52649870    2.93427892    2.71510739    2.45590446    3.48537272
A0A031FYB9_9MICO/319-380     1.90549360    2.32351720    2.19643154    2.67587189    2.38317650    1.49929646    2.29382143    2.38425097    1.94596480    1.36470468    1.69181062    2.20290919    0.00000000    2.51972925    2.92704137    3.31915368    3.99210457    2.66079455    3.00415637    2.44166428    3.22736780    1.88233281    1.84230951    2.30198230    2.45855116    2.27759584    2.87460822    2.72230617    3.19686663    2.39597506    1.99977009    1.92524126    2.28437063    2.59998426    2.54428528    2.35953824    2.09049600    2.99455690    2.21774755    3.59126945    2.36096109    2.05807876    2.67685229    3.05913102    2.77881842    2.58137909    2.37875702    1.99244960    1.49752484    2.18002024    2.97942304    1.77370056    2.37439526    2.10470955    2.38118492    2.57164235    3.33426604    1.93236267    2.82876821    2.25212955    1.87247621    2.94035709    2.55810715    2.63273355    2.47596888    2.53114365    2.47546964    2.06229254    2.16467298    2.73176694    2.30130666    2.20856405    2.42078279    2.64653192    2.01070959    2.35922622    2.42396980    2.72228774    1.60471073    2.33422206    2.41251718    2.18913450    2.38902455    2.81507381    2.38160903    2.18450704    2.04639329    2.50643629    2.36498091    2.20460975    3.12398234    2.89126853    2.79627597    1.60394791    2.61832721    2.42396780    2.57780085    2.30517224    2.39522136    2.74467943    2.39738383    2.09487988    3.57030479    2.56910580    2.26835566    1.99667903    2.22905839    2.35498622    1.89608067    1.81507179    2.29425712    2.57507369    1.56948475    2.50983093    1.72437296    2.02469799    2.17770378    1.47105198    2.37511211    1.79308676    2.10964784    1.84323648    1.82984746    2.06764872    2.02585995    1.95974603    2.09219729    2.19202082    1.70648127    2.26552657    2.59912803    2.22366007    2.53850587    2.29142044    2.18997011    2.03124825    1.97474606    1.95988274    2.70575312    2.68560230    2.10570774    2.44753577
S0G4M0_9DELT/309-369     2.35586677    2.05114499    2.30863129    2.22847386    2.09286721    1.69559357    1.83818842    2.05638271    1.79669933    2.34320634    2.10217349    2.28185815    2.51972925    0.00000000    1.26621530    2.13665552    1.44253971    1.57929611    1.68340923    1.73650079    1.72488819    1.65623056    1.55335049    1.45767581    1.53274534    1.47397938    1.62972873    2.11452203    1.38043848    1.65228660    1.27133491    1.87559140    2.10553113    1.58160678    2.09512412    1.76981727    1.66362768    2.28270094    2.45690067    1.99479874    1.40965555    1.93702521    1.86901342    2.13997300    1.98773670    2.66696939    1.79483276    2.03368866    1.73192005    1.60123894    2.31795232    2.07329373    1.96090018    2.58362458    2.08241404    2.51044563    2.38326716    1.16803246    2.46664887    1.55898744    1.65721229    1.95089668    1.69498111    1.96299203    2.09829148    2.32635935    2.95477870    2.61958884    2.53407354    2.00884225    2.09694071    2.01943765    2.23635403    1.78944628    1.78435947    2.02785605    2.29561987    2.23593769    2.06052287    1.53073908    1.92906392    2.26978771    2.38556075    2.19692461    2.13905335    2.10310528    2.20134084    2.28571785    2.52414917    2.24865011    2.55118278    2.76531061    2.52956863    1.76461621    2.11892684    2.01472999    2.03720450    2.16194350    2.10269943    2.69906247    2.00012789    2.59469441    3.75148587    2.70951609    2.34680318    2.80062516    2.37409186    2.68145591    1.51788811    2.59427725    2.14158031    2.27418758    1.73554869    1.76622983    1.66514783    1.98090148    1.96343136    1.83762951    1.51483807    1.56051099    1.44532984    1.65732400    2.04055640    1.73252652    1.97834085    1.60477904    2.30863795    1.81236676    1.80902377    1.72783672    1.79810072    2.15453450    2.02847302    1.96599141    2.31387567    2.06751210    2.13049868    1.61288736    1.69058425    2.03445092    1.91425467    2.42217521
A0A0T7BVS2_9CYAN/310-370     1.51888555    2.28462189    2.17002919    1.89568981    2.21516211    2.11460913    1.85412042    2.32396821    1.91102250    2.20579969    2.49666643    2.88893811    2.92704137    1.26621530    0.00000000    0.95780292    0.97613371    0.90285723    1.17621791    1.06259196    1.38448170    1.86075197    1.39735630    1.62430054    1.77739803    1.39087918    1.56301620    1.54569552    1.48657084    1.35056873    1.64133623    1.93139077    1.96434066    1.70355756    2.16574509    2.11380840    1.57072658    2.04557980    3.16372001    1.90990465    1.71061234    1.63985637    1.65258179    2.09902979    1.97688914    1.91702914    1.95655075    2.25732713    2.04731780    1.65957514    2.33236040    2.35023109    2.22336723    1.66576495    2.16663515    1.91505871    1.90235807    1.32907415    1.92195971    1.69556281    1.49228775    1.54232063    2.14624342    1.96990174    1.94146689    1.89597045    2.43607937    2.03960990    2.15108758    1.55569544    1.80215349    1.89182862    2.46990729    1.66160979    1.48566360    1.56270870    1.86268748    1.94628182    1.89387568    1.80859048    2.16836937    2.07383523    1.80128270    2.07452551    1.80647219    1.92812748    1.89287882    1.56233728    2.06658350    2.10840934    2.46564933    2.23059933    2.42443389    1.64174414    2.18891736    1.88922384    1.92406862    2.19937696    1.71105395    2.24090369    1.88748930    2.10778379    3.17648080    1.94576359    1.86052859    2.38095266    2.23487458    3.11800437    1.46884970    2.08912542    2.03574423    2.59050332    2.01085545    1.75600838    1.75910185    1.95540458    1.78664202    1.89273133    2.10170043    2.18061132    2.12327590    1.96520692    2.12954441    2.16631097    2.12739055    1.90713245    2.00034455    2.31796514    2.41359546    1.91533419    1.68452715    2.05408527    1.77922786    2.32369096    2.34047401    1.95768505    2.03841566    1.83103231    2.17571023    2.36291105    1.80942011    2.63083847
B8HQJ0_CYAP4/302-365     1.88977355    2.06374753    2.45245132    2.35557899    2.79454168    2.89123474    2.42423426    2.70864857    2.73434635    3.38254155    2.76990212    4.67307464    3.31915368    2.13665552    0.95780292    0.00000000    1.49797333    1.18656110    1.55521410    1.48905567    1.78539905    2.37154449    2.34383311    2.34871134    2.45033459    1.65361362    2.14333234    2.52842190    2.08306998    1.70726676    2.01031849    1.97284084    2.86023278    2.18741090    2.47705508    2.77169026    2.05133927    2.73366540    4.34717733    3.03901125    2.05220308    2.42463055    2.15541976    2.77355809    2.70453780    2.03814756    1.97378952    2.95253184    2.71847716    1.87866764    2.37186041    2.54544526    2.97692347    2.15264935    2.82324133    2.46703752    2.06836990    1.70680321    2.39119324    2.01837060    2.31494177    1.74835883    2.37987936    2.82910288    2.16255569    2.03846323    2.86515097    1.80769603    2.73963281    1.91097110    1.75557617    2.12344939    2.77286486    2.12887028    1.94303515    2.17013171    2.23321320    2.83572613    2.76675422    2.23080517    2.30103321    2.64099270    2.35786650    3.26047179    2.83773719    2.74204068    2.88756271    2.73317052    2.19827783    2.05031894    2.97847282    2.15132832    2.25987686    2.37454019    2.49874005    2.92417240    2.77360771    2.49654643    2.02023629    2.64626589    2.51167394    2.72590285    2.85374590    1.79414556    2.63816780    3.14344448    2.52125636    2.98913841    2.12903862    2.31361007    2.07876078    2.19206886    2.92456116    2.55273051    2.34242351    2.59751756    2.52969728    2.14893306    2.66123481    2.95851299    2.17028407    2.42386735    2.16322240    2.64940507    3.18803218    2.24094522    2.33480116    2.72012634    3.21098859    2.44347267    1.62181954    2.47810776    1.85331331    1.78722820    3.73850510    2.44513037    2.38126151    2.81887709    2.06933196    2.87178776    2.00016582    2.58154486
B0JMT6_MICAN/317-377     3.36659402    2.03893454    3.06741125    2.70921712    3.04120835    2.71044040    2.20513705    2.83700168    2.85760183    3.01900593    3.46682323    3.58668329    3.99210457    1.44253971    0.97613371    1.49797333    0.00000000    0.93648311    1.56671007    1.73921634    1.66173270    1.88953815    1.86308730    1.82213269    1.47933300    1.64949574    2.53491266    1.55426327    2.02650657    1.72764725    1.64500637    2.06528263    1.92611352    2.41682218    2.84242262    2.25130310    1.72621599    2.62351505    3.46456870    1.75708434    1.86083278    2.07556843    2.48848196    2.65316270    2.73061690    2.85023314    1.94756706    2.88260487    3.12593062    2.37742300    2.56210384    2.54140526    2.40140339    2.05679489    2.46956738    2.92271750    2.12763740    1.61521556    3.07009400    1.95608939    2.08879397    2.45306642    2.31147334    3.00412038    1.99491146    1.95572954    2.19605539    2.33172610    2.42901345    1.94069591    1.90548922    2.15932625    2.30570858    2.08383710    2.23362301    2.45522911    2.71419305    2.58710617    1.98580271    2.13417747    2.37409103    2.62876563    2.87200455    2.74770892    2.82660320    2.40199828    2.71151654    2.11359678    2.76474577    2.87461088    2.75823184    2.86581316    2.82094591    1.93246514    2.42612757    2.42530934    2.23196493    2.64454177    2.93911689    3.23392850    2.67593948    3.33616097    6.49520808    3.02924167    2.98824575    3.25864942    2.78262684    3.57118786    1.92001489    2.99472270    2.74727475    2.68290105    2.56770740    2.48365305    2.54757949    2.59924643    2.55556564    2.87677708    3.08359099    2.74914519    2.00289857    2.82743834    3.05447906    2.79866062    2.89022137    2.45263600    2.71750258    2.12977814    3.00956946    2.93787022    2.24181691    1.97779109    2.68840785    2.91979675    3.61383481    2.11523474    2.41586989    2.49788305    2.97110713    2.89791057    2.23206321    2.94373395
A0A0M2PV60_PROHO/303-363     2.02734258    2.09675034    2.31632396    2.41348776    2.45220315    2.39933706    2.25680001    2.43527661    2.31887010    2.29972869    2.39474955    2.54308653    2.66079455    1.57929611    0.90285723    1.18656110    0.93648311    0.00000000    1.07674606    1.43565548    1.63520761    2.04838921    1.70074709    1.56485505    1.72600207    1.32713039    1.79199630    2.21736413    1.69508522    1.70431988    1.62138047    1.50925573    1.84302795    1.96712273    2.16309869    1.36991400    1.82451627    2.48337520    3.30992105    2.53856379    2.16032422    2.25534078    2.52621806    2.61417846    1.94017335    2.40105395    1.88320979    2.02829903    2.02008804    1.84837218    1.72750387    2.05332004    2.21584788    1.97545058    2.63336185    2.01554617    2.16182734    1.28852384    2.24198111    1.57161187    1.61961543    1.70818419    1.70985052    2.12411489    2.08650276    2.08189903    2.40514780    1.93308412    2.12235134    1.73186611    1.90581716    1.61536715    2.33462769    2.07602357    1.74567108    2.14093159    1.97873625    2.49155554    1.33097903    1.61994657    1.83426673    2.07522638    2.06503481    2.20105783    2.16372412    2.03339775    2.05784720    1.73001293    2.14410850    2.43047834    2.15442505    2.28498765    2.31189470    1.75783972    2.11823331    2.08862334    2.22299660    2.12425364    2.22759934    2.31449673    2.74756921    2.62480795    3.53023134    2.44921761    2.51134534    2.81347697    2.28226195    2.89361620    1.52916253    2.38756961    2.50494682    2.30771810    2.09620776    2.24413984    2.21288966    2.00234755    1.92666079    2.12811910    1.97701912    2.04272583    1.67103421    1.91560081    2.17698057    2.14285827    2.43736167    1.74760425    2.07438518    2.17992122    2.04724902    2.29087180    1.75501844    2.40938576    2.13665121    2.25948953    2.92524566    1.86850409    2.68257460    1.96238065    2.18946222    3.04694263    2.19887474    2.58491432
SMF_SYNY3/333-393     1.93654201    2.00065682    1.75154093    2.16780892    2.45158612    2.03989075    1.75258120    2.35422065    2.77404037    3.18998155    2.31251199    2.15665804    3.00415637    1.68340923    1.17621791    1.55521410    1.56671007    1.07674606    0.00000000    1.39129381    1.46646384    2.09393669    1.71334812    1.71902211    1.84493337    1.41098024    2.05467174    2.07306111    1.68512292    1.63768055    1.57717760    2.26330538    1.77410517    1.59895227    2.17274833    1.87620274    1.94120078    2.22910125    3.13216082    1.96884905    2.07932274    1.92975286    2.55695223    2.14042380    2.15203149    3.08770170    2.14389451    2.26000381    2.37872743    2.06068923    2.51092298    2.22337649    2.17113014    2.03661458    2.49871374    1.44759894    2.01314971    1.78631405    2.81495734    2.17875168    1.71064682    1.53378652    2.28279951    2.20921643    2.62285833    2.09836101    2.30864301    2.17125233    1.94307734    1.87631173    2.18190551    2.40384366    2.12814079    2.03894386    1.94357130    2.83860186    1.86138485    2.47832593    1.77110062    1.91780838    2.02465804    2.16101446    1.94662582    2.31189347    2.00866511    2.50946010    2.14248124    2.28435669    2.27224573    2.25022988    2.49779323    1.85027661    2.61266532    1.93404137    2.39619090    2.00917601    1.91861312    2.03838545    1.87354746    2.63783186    2.84649100    2.78059440    3.16380729    3.08962569    2.31982460    3.55606362    2.28216621    2.66535537    1.89557506    2.32543089    2.41652002    2.51638079    2.39747368    2.14249202    2.60894575    2.20315600    2.03892754    2.08950044    2.62518842    1.94458644    2.11073309    2.10535226    2.00793879    2.87426134    2.35448216    2.14983172    2.03429416    2.35167250    2.07788716    2.78497931    2.03962355    2.36246276    2.29508572    2.07877318    2.87046478    2.01581306    2.91010284    2.20189003    2.35910560    2.35114366    2.78123067    3.03797936
