42
Q8Y968_LISMO/1-87     0.00000000    1.90815039    1.73573101    1.63273533    1.36897630    1.28349403    1.76254337    1.45174261    1.37442331    2.04842954    2.09602908    2.04727629    2.05693157    1.88812195    1.78889432    1.47760415    1.92901325    2.65454410    1.67465525    1.54238146    1.95524202    2.10636347    2.64846996    2.07241871    2.30629435    2.50568849    2.27364659    2.58525032    1.93921519    2.43277738    2.34033990    2.34636410    2.61892002    2.59940972    2.82175885    1.81556728    1.96903947    2.19201994    1.53493390    1.49982041    1.72622728    1.61923474
U5LGP5_9BACI/1-93     1.90815039    0.00000000    0.88412045    1.02747805    1.09638655    0.97909407    0.80997539    0.93568532    0.96271805    1.13819872    1.22360769    1.35903657    1.48641990    1.70727111    1.21644484    1.06396049    1.18371178    1.88453799    1.72523812    1.57608703    1.95920003    1.74497313    1.95960651    1.44988326    1.75923647    1.70542992    1.41672829    1.49765474    1.69904305    1.90006166    1.83382526    1.81761864    1.87926075    2.08865361    2.20728131    1.16611430    1.63634292    1.33002177    1.33386785    1.51554700    1.24292069    1.12144882
I3EBQ8_BACMM/1-90     1.73573101    0.88412045    0.00000000    0.94522572    1.06805801    0.99602726    1.14273921    1.02456660    1.12894169    1.24226248    1.52660039    1.44549485    1.40276555    1.22194335    1.44206306    1.17298500    1.15487915    2.34025323    1.77290128    1.71999016    1.75818418    2.07092072    1.78816441    1.70600310    1.85751354    1.56849457    1.66563354    1.72290969    2.08178125    2.46589484    2.12775843    2.36662443    1.97020877    2.42352791    2.77206855    1.39287165    1.43165725    1.45490419    1.14879276    1.48700031    1.38499122    1.25489034
N0AY98_9BACI/1-86     1.63273533    1.02747805    0.94522572    0.00000000    0.78121254    0.83562385    0.95378224    0.87884363    1.07200082    1.05864523    1.31874113    1.46543914    1.41477359    1.31133125    1.15164025    1.12913524    1.07407296    1.81598273    1.73876273    1.82021867    1.91872770    1.65101336    1.53252005    1.33581549    1.35623896    1.68380843    1.57470514    1.47455209    1.95124101    2.26037696    1.80109026    2.22000774    2.32353876    2.05581391    2.48871745    1.28651080    1.43756853    1.49863808    0.84699566    1.35762304    1.21905520    1.05453942
A0A0M2SZQ3_9BACI/1-105     1.36897630    1.09638655    1.06805801    0.78121254    0.00000000    0.90685665    0.98496307    0.93609405    1.33742975    1.25879943    1.49236274    1.46113415    1.38870208    1.50706693    1.37802820    1.18145708    1.22642000    2.06664040    1.74127470    1.89715722    2.06775426    1.75373706    1.96642126    1.69644444    1.71312433    1.94084996    1.87251344    2.31370304    2.33166989    2.58042444    2.44033539    2.11743290    2.47976312    2.21901075    2.54862245    1.65170311    1.47244810    1.80581610    1.10926930    1.18158940    1.21157573    1.39012073
A0A077J713_9BACI/1-101     1.28349403    0.97909407    0.99602726    0.83562385    0.90685665    0.00000000    0.64794557    0.56995529    1.13994032    1.01210033    1.60222330    1.39890393    1.36063645    1.49972223    1.57821594    1.06619389    1.09438119    2.40532374    1.48024528    1.68688773    1.63356901    1.72513031    1.58807027    1.66007056    1.57671623    1.95362219    1.78699278    2.03120580    2.28690132    2.31562331    1.95750927    1.59587528    2.09011349    2.31918232    2.48626577    1.67406216    1.46955773    1.82020455    1.14709707    1.06704828    1.03500110    0.96400449
W1SKS6_9BACI/1-108     1.76254337    0.80997539    1.14273921    0.95378224    0.98496307    0.64794557    0.00000000    0.29619624    1.21884475    0.93245069    1.38470366    1.57798633    1.58362504    1.83094286    1.54314577    1.14068371    1.21223609    2.26439547    1.71855885    1.80094823    2.23798619    1.73213824    2.25325471    1.96694130    1.70608629    1.89630491    1.63987165    2.24605354    2.21779317    1.93530798    1.89746583    1.82773601    2.60845450    2.61529488    2.86294587    1.74906240    1.68150108    1.70529388    1.40232583    1.12944946    1.37897225    1.18612148
K6E7C9_9BACI/1-99     1.45174261    0.93568532    1.02456660    0.87884363    0.93609405    0.56995529    0.29619624    0.00000000    1.10736640    0.90550924    1.35284530    1.42785616    1.32694596    1.55666429    1.32350790    1.10923521    1.20242051    1.93104854    1.51642247    1.62098255    2.04382871    1.60062448    1.92281943    1.75059505    1.56317570    1.87695144    1.72164554    2.16424165    2.10914510    2.11922388    2.05172899    1.88505399    2.66265714    2.47711329    2.59019570    1.68277585    1.37617698    1.66706149    1.18289761    1.07398695    1.24860283    1.14887012
G2TIY5_BACCO/1-85     1.37442331    0.96271805    1.12894169    1.07200082    1.33742975    1.13994032    1.21884475    1.10736640    0.00000000    1.03620842    1.49051000    1.27038534    1.10497577    1.63581102    1.28771959    0.94942644    1.33432702    1.67680209    1.59460063    1.45141410    1.61754422    1.41764236    1.78813712    1.40174384    1.45326040    1.67557034    1.48810083    1.27260219    1.77228517    1.73910019    1.55865590    2.34511321    2.12018321    2.18048421    2.21782535    1.24088021    1.41902565    1.29048084    1.06230956    1.19825902    1.26269129    1.00524795
A0A098F508_9BACI/1-89     2.04842954    1.13819872    1.24226248    1.05864523    1.25879943    1.01210033    0.93245069    0.90550924    1.03620842    0.00000000    1.34545434    1.27054757    1.23914581    1.30827150    1.58339679    1.29208232    1.30795861    1.74563068    1.50652306    1.96416118    1.74933434    1.60296946    2.04676714    1.49719120    1.44167031    2.03850425    1.78210222    1.91539801    2.50319289    1.88635225    2.03698148    2.19995947    2.82997448    2.89074461    2.92939663    1.46300990    1.70947363    1.82053790    1.15181875    1.51700272    1.37943868    1.08710197
A8FIM6_BACP2/1-110     2.09602908    1.22360769    1.52660039    1.31874113    1.49236274    1.60222330    1.38470366    1.35284530    1.49051000    1.34545434    0.00000000    0.95088612    0.97300598    2.11606994    1.89706200    1.30569214    1.44393014    2.22531305    2.19978598    1.99920482    2.41063548    1.97325079    1.83582118    1.63489768    1.64818294    1.62122933    1.60446310    1.62836269    1.98407710    2.52454288    2.32864592    2.22092031    1.90829166    2.12555258    2.21379486    2.07474619    1.50949434    1.76587554    1.35425560    1.60909561    1.56959843    1.48161357
Q65DP1_BACLD/1-102     2.04727629    1.35903657    1.44549485    1.46543914    1.46113415    1.39890393    1.57798633    1.42785616    1.27038534    1.27054757    0.95088612    0.00000000    0.51925800    1.97762129    1.71352852    1.25828143    1.17510143    1.67223141    1.66100830    1.75231088    1.75189197    1.89164137    1.61324922    1.48592954    1.47734968    2.07033539    1.78110216    1.65781393    1.75615833    2.23838136    2.32170014    2.41035273    1.86690892    2.20852719    2.68820984    1.81967759    1.62827943    1.64411926    1.41638682    1.45066030    1.58879122    1.30758554
YWDI_BACSU/1-105     2.05693157    1.48641990    1.40276555    1.41477359    1.38870208    1.36063645    1.58362504    1.32694596    1.10497577    1.23914581    0.97300598    0.51925800    0.00000000    2.12459150    1.60414371    1.35294089    1.14930648    1.96369429    1.67752339    1.83884114    1.62188584    1.66393820    1.78934305    1.70798787    1.81352335    2.02777395    1.72582800    1.57983101    1.68501755    2.41666052    2.18393700    2.31053860    2.23087125    2.11375750    2.22391166    1.92980562    1.64050964    1.57594591    1.49021554    1.48491111    1.45673539    1.36649906
A0A1X7G8D0_9BACI/2-100     1.88812195    1.70727111    1.22194335    1.31133125    1.50706693    1.49972223    1.83094286    1.55666429    1.63581102    1.30827150    2.11606994    1.97762129    2.12459150    0.00000000    1.88803578    1.42743610    1.28975046    2.08765364    1.90137063    2.03049652    1.93721034    2.26497460    1.84877939    1.73700345    1.84905085    1.45564582    1.57576500    1.80026257    2.20297514    2.64272023    2.08225618    2.14276438    2.25284813    2.63009961    2.89005480    1.42853511    1.28790684    1.44254693    1.04702444    1.54095605    1.64209494    1.56472555
A0A0N0I773_9BACI/1-99     1.78889432    1.21644484    1.44206306    1.15164025    1.37802820    1.57821594    1.54314577    1.32350790    1.28771959    1.58339679    1.89706200    1.71352852    1.60414371    1.88803578    0.00000000    0.90268177    0.92996474    1.90753274    1.69941779    1.76339984    1.58968124    1.27178781    2.10281297    1.72923673    1.61133741    1.52573517    1.34470921    1.77266263    1.66166904    2.42479233    2.01164134    2.01371545    1.98699139    2.43196286    2.67763959    1.43354980    1.76954705    1.33717913    1.29754218    1.45348396    1.54550564    1.21828633
B7GML7_ANOFW/1-78     1.47760415    1.06396049    1.17298500    1.12913524    1.18145708    1.06619389    1.14068371    1.10923521    0.94942644    1.29208232    1.30569214    1.25828143    1.35294089    1.42743610    0.90268177    0.00000000    0.73654347    2.02794574    1.57248372    1.81864597    1.90144041    1.48705903    1.39510540    1.26335261    1.48126470    1.54889929    1.26369475    1.59216144    1.42846364    1.55656301    1.50767316    2.33395932    1.94998274    2.42720445    2.34663025    1.46015412    1.27556361    1.27748808    1.21058447    1.29479957    1.19523937    1.28099680
C5D9T2_GEOSW/1-85     1.92901325    1.18371178    1.15487915    1.07407296    1.22642000    1.09438119    1.21223609    1.20242051    1.33432702    1.30795861    1.44393014    1.17510143    1.14930648    1.28975046    0.92996474    0.73654347    0.00000000    1.64342908    1.58147780    1.93152326    1.28116870    1.58914415    1.94496873    1.36503787    1.32521083    1.36336621    1.17090315    1.79153369    1.55006560    1.97318821    1.82433714    1.86319559    2.09649674    2.18619046    2.48578692    1.45099123    1.56934701    1.34884190    1.20480861    1.59971307    1.45529932    1.23407529
A0A0K0G6U4_9FIRM/1-103     2.65454410    1.88453799    2.34025323    1.81598273    2.06664040    2.40532374    2.26439547    1.93104854    1.67680209    1.74563068    2.22531305    1.67223141    1.96369429    2.08765364    1.90753274    2.02794574    1.64342908    0.00000000    1.47813652    1.55484950    1.25314593    1.26623172    2.01310171    1.48950542    1.15449736    1.76750735    1.66992849    1.92166588    1.93518931    2.81990209    2.53333469    2.98695367    2.99074838    2.69283810    3.19564008    1.92527111    2.06418630    1.72229131    1.54420628    1.76975455    1.86745553    1.96742228
Q8EM33_OCEIH/1-111     1.67465525    1.72523812    1.77290128    1.73876273    1.74127470    1.48024528    1.71855885    1.51642247    1.59460063    1.50652306    2.19978598    1.66100830    1.67752339    1.90137063    1.69941779    1.57248372    1.58147780    1.47813652    0.00000000    0.82978174    1.22806341    1.19521247    1.60178791    1.66456160    1.52633891    2.22773410    2.14333559    2.37484241    2.34196553    2.40285624    2.03173199    2.10996406    2.30782447    3.17194349    2.78456928    1.75766082    1.85789821    1.83851161    1.41592073    1.68058134    1.66515357    1.65062876
A0A0A1MNP0_9BACI/1-105     1.54238146    1.57608703    1.71999016    1.82021867    1.89715722    1.68688773    1.80094823    1.62098255    1.45141410    1.96416118    1.99920482    1.75231088    1.83884114    2.03049652    1.76339984    1.81864597    1.93152326    1.55484950    0.82978174    0.00000000    1.49776046    1.18150601    1.68764247    1.33186059    1.51855556    1.92084441    1.62801290    2.19476292    2.20397134    2.33835841    2.41352357    2.48830128    2.69297741    3.31597023    3.09069972    1.99016199    1.87366971    1.71189022    1.60067101    1.92234978    1.76905598    1.48835814
A0A024Q6T8_9BACI/1-101     1.95524202    1.95920003    1.75818418    1.91872770    2.06775426    1.63356901    2.23798619    2.04382871    1.61754422    1.74933434    2.41063548    1.75189197    1.62188584    1.93721034    1.58968124    1.90144041    1.28116870    1.25314593    1.22806341    1.49776046    0.00000000    0.97559617    1.93324686    1.47913947    1.39484967    2.04014888    1.87270650    2.00703423    2.24283935    3.18280419    2.28652088    2.45506025    3.21104942    3.09856788    3.68211983    2.20599500    2.23857981    1.80264584    1.71755185    1.77050037    1.69768300    1.61502522
A0A075JVY9_9BACI/1-97     2.10636347    1.74497313    2.07092072    1.65101336    1.75373706    1.72513031    1.73213824    1.60062448    1.41764236    1.60296946    1.97325079    1.89164137    1.66393820    2.26497460    1.27178781    1.48705903    1.58914415    1.26623172    1.19521247    1.18150601    0.97559617    0.00000000    1.95552200    1.47890283    1.48892518    1.77332560    1.58539357    2.23939306    2.18547725    2.30592028    2.10363962    1.97337010    2.38356916    3.55565898    2.78653061    1.83728006    1.71971081    1.53174613    1.95233869    1.86295481    1.77875650    1.62344975
K0J083_AMPXN/1-95     2.64846996    1.95960651    1.78816441    1.53252005    1.96642126    1.58807027    2.25325471    1.92281943    1.78813712    2.04676714    1.83582118    1.61324922    1.78934305    1.84877939    2.10281297    1.39510540    1.94496873    2.01310171    1.60178791    1.68764247    1.93324686    1.95552200    0.00000000    1.26706312    1.55872730    2.11228741    1.95391125    2.11413347    2.23473067    2.02906455    2.31876140    2.85771263    2.68661373    2.77809880    2.46004137    1.94032414    1.82620303    1.75730674    1.76045987    1.85385068    1.67017799    1.96352140
I0JS81_HALH3/1-103     2.07241871    1.44988326    1.70600310    1.33581549    1.69644444    1.66007056    1.96694130    1.75059505    1.40174384    1.49719120    1.63489768    1.48592954    1.70798787    1.73700345    1.72923673    1.26335261    1.36503787    1.48950542    1.66456160    1.33186059    1.47913947    1.47890283    1.26706312    0.00000000    0.63507056    1.56190040    1.46647591    1.81797559    2.16058631    2.16191196    2.10299775    2.83898224    2.61275691    2.98325959    3.05599745    1.66277060    1.36066367    1.61336735    1.38388408    1.79644058    1.60111714    1.67243904
A0A024P4E4_9BACI/1-99     2.30629435    1.75923647    1.85751354    1.35623896    1.71312433    1.57671623    1.70608629    1.56317570    1.45326040    1.44167031    1.64818294    1.47734968    1.81352335    1.84905085    1.61133741    1.48126470    1.32521083    1.15449736    1.52633891    1.51855556    1.39484967    1.48892518    1.55872730    0.63507056    0.00000000    1.86642016    1.83003759    1.89246038    2.55341205    2.53951066    2.42362303    2.76553939    2.77728202    3.38627028    3.50824204    1.44143281    1.26130628    1.50416452    1.23796871    2.17652530    1.73419256    1.58266395
A0A0B4REP0_9BACL/1-88     2.50568849    1.70542992    1.56849457    1.68380843    1.94084996    1.95362219    1.89630491    1.87695144    1.67557034    2.03850425    1.62122933    2.07033539    2.02777395    1.45564582    1.52573517    1.54889929    1.36336621    1.76750735    2.22773410    1.92084441    2.04014888    1.77332560    2.11228741    1.56190040    1.86642016    0.00000000    0.39842486    1.58669144    1.78276682    2.78161685    2.62729056    2.03084694    1.81271634    2.69243833    2.53201793    1.43858509    1.55565704    1.34481130    1.73095755    2.05393391    1.85278617    1.63725030
A0A098EHZ0_9BACL/1-85     2.27364659    1.41672829    1.66563354    1.57470514    1.87251344    1.78699278    1.63987165    1.72164554    1.48810083    1.78210222    1.60446310    1.78110216    1.72582800    1.57576500    1.34470921    1.26369475    1.17090315    1.66992849    2.14333559    1.62801290    1.87270650    1.58539357    1.95391125    1.46647591    1.83003759    0.39842486    0.00000000    1.39648444    1.49078411    2.37126941    2.23149381    1.87979465    1.84600722    2.36471023    2.38473175    1.43298350    1.42913528    1.26228450    1.63817409    2.14673134    1.84906486    1.41647472
I8UA71_9BACI/1-96     2.58525032    1.49765474    1.72290969    1.47455209    2.31370304    2.03120580    2.24605354    2.16424165    1.27260219    1.91539801    1.62836269    1.65781393    1.57983101    1.80026257    1.77266263    1.59216144    1.79153369    1.92166588    2.37484241    2.19476292    2.00703423    2.23939306    2.11413347    1.81797559    1.89246038    1.58669144    1.39648444    0.00000000    1.88185657    2.13398235    1.73128047    2.20413099    2.31951907    1.85341363    3.03745105    1.59895085    2.14639243    1.84225005    1.69332152    2.10979726    1.48746231    1.56706121
Q9K699_BACHD/1-100     1.93921519    1.69904305    2.08178125    1.95124101    2.33166989    2.28690132    2.21779317    2.10914510    1.77228517    2.50319289    1.98407710    1.75615833    1.68501755    2.20297514    1.66166904    1.42846364    1.55006560    1.93518931    2.34196553    2.20397134    2.24283935    2.18547725    2.23473067    2.16058631    2.55341205    1.78276682    1.49078411    1.88185657    0.00000000    2.00341839    2.01841018    2.17656665    1.57955042    2.02474385    1.93044237    1.69119372    2.64646948    1.75158145    1.96991065    2.15923015    1.95817225    1.91456316
D6Y1C7_BACIE/1-134     2.43277738    1.90006166    2.46589484    2.26037696    2.58042444    2.31562331    1.93530798    2.11922388    1.73910019    1.88635225    2.52454288    2.23838136    2.41666052    2.64272023    2.42479233    1.55656301    1.97318821    2.81990209    2.40285624    2.33835841    3.18280419    2.30592028    2.02906455    2.16191196    2.53951066    2.78161685    2.37126941    2.13398235    2.00341839    0.00000000    1.48357278    2.24436641    2.10053914    2.35550638    2.14012810    2.82684866    2.15615205    2.59998346    2.09244244    2.87480928    2.00635108    1.97979386
E6TY51_BACCJ/1-103     2.34033990    1.83382526    2.12775843    1.80109026    2.44033539    1.95750927    1.89746583    2.05172899    1.55865590    2.03698148    2.32864592    2.32170014    2.18393700    2.08225618    2.01164134    1.50767316    1.82433714    2.53333469    2.03173199    2.41352357    2.28652088    2.10363962    2.31876140    2.10299775    2.42362303    2.62729056    2.23149381    1.73128047    2.01841018    1.48357278    0.00000000    1.97670624    1.68030367    2.34192563    2.18530711    2.14557268    2.28892926    2.05446953    1.96470715    2.22725918    1.84105746    1.98121551
A0A094WII8_ALKAL/1-100     2.34636410    1.81761864    2.36662443    2.22000774    2.11743290    1.59587528    1.82773601    1.88505399    2.34511321    2.19995947    2.22092031    2.41035273    2.31053860    2.14276438    2.01371545    2.33395932    1.86319559    2.98695367    2.10996406    2.48830128    2.45506025    1.97337010    2.85771263    2.83898224    2.76553939    2.03084694    1.87979465    2.20413099    2.17656665    2.24436641    1.97670624    0.00000000    1.49670325    1.88188674    1.70124627    2.26639432    2.19215551    2.12673384    2.28136071    2.42765791    1.79354178    1.44793150
D3FPV2_ALKPO/1-96     2.61892002    1.87926075    1.97020877    2.32353876    2.47976312    2.09011349    2.60845450    2.66265714    2.12018321    2.82997448    1.90829166    1.86690892    2.23087125    2.25284813    1.98699139    1.94998274    2.09649674    2.99074838    2.30782447    2.69297741    3.21104942    2.38356916    2.68661373    2.61275691    2.77728202    1.81271634    1.84600722    2.31951907    1.57955042    2.10053914    1.68030367    1.49670325    0.00000000    1.48096386    1.42814171    1.77799736    2.20060200    1.91992405    2.06273024    2.40567879    2.30328757    1.87362532
A0A060M6Y7_9BACI/1-97     2.59940972    2.08865361    2.42352791    2.05581391    2.21901075    2.31918232    2.61529488    2.47711329    2.18048421    2.89074461    2.12555258    2.20852719    2.11375750    2.63009961    2.43196286    2.42720445    2.18619046    2.69283810    3.17194349    3.31597023    3.09856788    3.55565898    2.77809880    2.98325959    3.38627028    2.69243833    2.36471023    1.85341363    2.02474385    2.35550638    2.34192563    1.88188674    1.48096386    0.00000000    1.32776882    2.54519309    2.72471835    2.74227709    2.01382948    2.69491644    2.83332458    2.25911037
Q5WB04_BACSK/1-98     2.82175885    2.20728131    2.77206855    2.48871745    2.54862245    2.48626577    2.86294587    2.59019570    2.21782535    2.92939663    2.21379486    2.68820984    2.22391166    2.89005480    2.67763959    2.34663025    2.48578692    3.19564008    2.78456928    3.09069972    3.68211983    2.78653061    2.46004137    3.05599745    3.50824204    2.53201793    2.38473175    3.03745105    1.93044237    2.14012810    2.18530711    1.70124627    1.42814171    1.32776882    0.00000000    2.56004315    2.57731532    2.22188181    2.33636539    2.56333972    2.30155782    2.66845287
A0A0M9GQF8_9BACI/1-114     1.81556728    1.16611430    1.39287165    1.28651080    1.65170311    1.67406216    1.74906240    1.68277585    1.24088021    1.46300990    2.07474619    1.81967759    1.92980562    1.42853511    1.43354980    1.46015412    1.45099123    1.92527111    1.75766082    1.99016199    2.20599500    1.83728006    1.94032414    1.66277060    1.44143281    1.43858509    1.43298350    1.59895085    1.69119372    2.82684866    2.14557268    2.26639432    1.77799736    2.54519309    2.56004315    0.00000000    1.53180364    1.31711099    1.66262952    1.68295730    1.61070958    1.47108140
D5DWL9_BACMQ/1-105     1.96903947    1.63634292    1.43165725    1.43756853    1.47244810    1.46955773    1.68150108    1.37617698    1.41902565    1.70947363    1.50949434    1.62827943    1.64050964    1.28790684    1.76954705    1.27556361    1.56934701    2.06418630    1.85789821    1.87366971    2.23857981    1.71971081    1.82620303    1.36066367    1.26130628    1.55565704    1.42913528    2.14639243    2.64646948    2.15615205    2.28892926    2.19215551    2.20060200    2.72471835    2.57731532    1.53180364    0.00000000    1.19744613    1.34889684    1.60228097    2.02516601    1.45625802
Q814N3_BACCR/1-95     2.19201994    1.33002177    1.45490419    1.49863808    1.80581610    1.82020455    1.70529388    1.66706149    1.29048084    1.82053790    1.76587554    1.64411926    1.57594591    1.44254693    1.33717913    1.27748808    1.34884190    1.72229131    1.83851161    1.71189022    1.80264584    1.53174613    1.75730674    1.61336735    1.50416452    1.34481130    1.26228450    1.84225005    1.75158145    2.59998346    2.05446953    2.12673384    1.91992405    2.74227709    2.22188181    1.31711099    1.19744613    0.00000000    1.55360783    1.91810826    1.84278966    1.39924613
A0A090KWQ1_9BACI/1-95     1.53493390    1.33386785    1.14879276    0.84699566    1.10926930    1.14709707    1.40232583    1.18289761    1.06230956    1.15181875    1.35425560    1.41638682    1.49021554    1.04702444    1.29754218    1.21058447    1.20480861    1.54420628    1.41592073    1.60067101    1.71755185    1.95233869    1.76045987    1.38388408    1.23796871    1.73095755    1.63817409    1.69332152    1.96991065    2.09244244    1.96470715    2.28136071    2.06273024    2.01382948    2.33636539    1.66262952    1.34889684    1.55360783    0.00000000    1.04516866    1.29771940    1.02183510
A0A0H4P4X8_9BACI/1-89     1.49982041    1.51554700    1.48700031    1.35762304    1.18158940    1.06704828    1.12944946    1.07398695    1.19825902    1.51700272    1.60909561    1.45066030    1.48491111    1.54095605    1.45348396    1.29479957    1.59971307    1.76975455    1.68058134    1.92234978    1.77050037    1.86295481    1.85385068    1.79644058    2.17652530    2.05393391    2.14673134    2.10979726    2.15923015    2.87480928    2.22725918    2.42765791    2.40567879    2.69491644    2.56333972    1.68295730    1.60228097    1.91810826    1.04516866    0.00000000    1.00681072    1.16407859
A0A0F5HUE0_9BACI/1-96     1.72622728    1.24292069    1.38499122    1.21905520    1.21157573    1.03500110    1.37897225    1.24860283    1.26269129    1.37943868    1.56959843    1.58879122    1.45673539    1.64209494    1.54550564    1.19523937    1.45529932    1.86745553    1.66515357    1.76905598    1.69768300    1.77875650    1.67017799    1.60111714    1.73419256    1.85278617    1.84906486    1.48746231    1.95817225    2.00635108    1.84105746    1.79354178    2.30328757    2.83332458    2.30155782    1.61070958    2.02516601    1.84278966    1.29771940    1.00681072    0.00000000    1.20361404
A6CR09_9BACI/1-98     1.61923474    1.12144882    1.25489034    1.05453942    1.39012073    0.96400449    1.18612148    1.14887012    1.00524795    1.08710197    1.48161357    1.30758554    1.36649906    1.56472555    1.21828633    1.28099680    1.23407529    1.96742228    1.65062876    1.48835814    1.61502522    1.62344975    1.96352140    1.67243904    1.58266395    1.63725030    1.41647472    1.56706121    1.91456316    1.97979386    1.98121551    1.44793150    1.87362532    2.25911037    2.66845287    1.47108140    1.45625802    1.39924613    1.02183510    1.16407859    1.20361404    0.00000000

