6
A0A0K9R4D4_SPIOL/73-105     0.00000000    0.24213199    0.24345434    0.85494976    0.42341842    0.38743122
A0A0K9QXT1_SPIOL/58-90     0.24213199    0.00000000    0.03760432    0.59329525    0.27868293    0.18446159
A0A0K9R2C8_SPIOL/73-105     0.24345434    0.03760432    0.00000000    0.49894429    0.27865339    0.18413208
A0A0K9R400_SPIOL/71-100     0.85494976    0.59329525    0.49894429    0.00000000    0.68466302    0.64606319
A0A0K9R0K7_SPIOL/79-111     0.42341842    0.27868293    0.27865339    0.68466302    0.00000000    0.35682814
A0A0K9QYI6_SPIOL/78-110     0.38743122    0.18446159    0.18413208    0.64606319    0.35682814    0.00000000

