7
A0A087XE40_POEFO/17-146     0.00000000    0.88515603    1.45462904    0.85538058    1.49088410    1.47945126    1.46934090
H0X1B8_OTOGA/12-141     0.88515603    0.00000000    1.60595121    1.08337087    1.92591350    1.71271854    1.83507591
A0A0V1N0R7_9BILA/17-153     1.45462904    1.60595121    0.00000000    1.44904651    2.12015711    2.63154330    2.22595486
A0A158NLC0_ATTCE/17-145     0.85538058    1.08337087    1.44904651    0.00000000    1.55456645    1.34877879    1.42262779
A7S279_NEMVE/11-144     1.49088410    1.92591350    2.12015711    1.55456645    0.00000000    1.23338888    1.48976332
L9KP95_TUPCH/12-140     1.47945126    1.71271854    2.63154330    1.34877879    1.23338888    0.00000000    0.91963843
E2A8H2_CAMFO/12-141     1.46934090    1.83507591    2.22595486    1.42262779    1.48976332    0.91963843    0.00000000

