15
V7CSP6_PHAVU/40-126     0.00000000    0.94391756    1.21838649    1.23797860    2.08069970    1.61437619    1.49384827    1.66902840    1.49924852    1.79378592    1.92480852    1.85038918    1.78979538    1.61534184    1.96150120
K3YUY6_SETIT/55-141     0.94391756    0.00000000    1.19382162    1.15278968    1.81257990    1.68763963    1.40251749    1.54067470    1.40172773    1.78906127    2.08512129    2.01504879    2.10319807    1.99281353    1.87258931
M4CAP2_BRARP/58-146     1.21838649    1.19382162    0.00000000    0.88562763    1.53171698    1.33106768    1.65532775    1.46707006    1.32921985    1.83714497    1.94315207    1.95147581    1.92651129    1.88426680    1.54368734
A0A0U9HJP3_KLENI/1-89     1.23797860    1.15278968    0.88562763    0.00000000    1.64569960    1.77361946    1.65344653    1.58748256    1.44634821    1.99958374    2.17515211    2.05206169    1.93790987    1.60005309    1.80696831
A0A068RJZ3_9FUNG/17-101     2.08069970    1.81257990    1.53171698    1.64569960    0.00000000    1.04031101    1.71598901    1.68321247    1.69195681    1.74084591    1.62846189    1.47735845    1.83731128    2.19944216    1.69097130
A0A015JMH0_RHIIW/126-215     1.61437619    1.68763963    1.33106768    1.77361946    1.04031101    0.00000000    1.36206985    1.55558603    1.46315381    1.55109147    1.53575723    1.49483811    1.89974457    1.90650771    1.82575981
A0A0V0VBQ8_9BILA/711-799     1.49384827    1.40251749    1.65532775    1.65344653    1.71598901    1.36206985    0.00000000    1.49496786    1.27012499    1.73897240    1.62852812    1.64031741    1.34452313    1.62899133    1.56173066
E9HCD5_DAPPU/114-204     1.66902840    1.54067470    1.46707006    1.58748256    1.68321247    1.55558603    1.49496786    0.00000000    1.08545226    1.48834459    1.22301631    1.27000171    1.35263412    1.64609860    1.46566371
J9NWN4_CANLF/41-129     1.49924852    1.40172773    1.32921985    1.44634821    1.69195681    1.46315381    1.27012499    1.08545226    0.00000000    1.28703135    1.10365038    1.07423809    1.26615997    1.28784089    1.00891529
A0A7M7GAI5_APIME/76-165     1.79378592    1.78906127    1.83714497    1.99958374    1.74084591    1.55109147    1.73897240    1.48834459    1.28703135    0.00000000    1.24785452    1.09211773    1.23852121    1.67091646    1.31377623
B3S463_TRIAD/53-141     1.92480852    2.08512129    1.94315207    2.17515211    1.62846189    1.53575723    1.62852812    1.22301631    1.10365038    1.24785452    0.00000000    0.94441110    1.42629529    1.43181758    1.18406058
A0A212EJA4_DANPL/58-145     1.85038918    2.01504879    1.95147581    2.05206169    1.47735845    1.49483811    1.64031741    1.27000171    1.07423809    1.09211773    0.94441110    0.00000000    1.30282163    1.31506878    1.16800167
J9M1T5_ACYPI/71-159     1.78979538    2.10319807    1.92651129    1.93790987    1.83731128    1.89974457    1.34452313    1.35263412    1.26615997    1.23852121    1.42629529    1.30282163    0.00000000    1.51235519    1.12108232
A0A1X7VGC8_AMPQE/50-138     1.61534184    1.99281353    1.88426680    1.60005309    2.19944216    1.90650771    1.62899133    1.64609860    1.28784089    1.67091646    1.43181758    1.31506878    1.51235519    0.00000000    1.46676161
T1H7X7_RHOPR/62-150     1.96150120    1.87258931    1.54368734    1.80696831    1.69097130    1.82575981    1.56173066    1.46566371    1.00891529    1.31377623    1.18406058    1.16800167    1.12108232    1.46676161    0.00000000

