134
A0A0U9HIA3_KLENI/254-370     0.00000000    1.20069801    1.32042840    1.65428387    1.48757518    1.61151580    1.52176061    2.91360989    1.57682678    2.14699969    1.90725466    2.06437766    2.38648328    2.21053621    2.02789803    2.11485071    1.80280183    2.06520753    2.04949122    2.34436739    2.16238870    2.14951775    1.67210916    2.47350256    1.64354628    1.53094322    2.28844217    2.66372096    1.96202466    3.50828501    2.99381808    2.38693470    2.11553796    2.30709470    2.33031730    1.89831533    2.24204735    2.21822180    2.35468306    2.29620684    2.17470572    2.20067025    2.22994896    2.20879648    2.91919659    2.46383938    2.94017489    3.02709848    2.17582881    1.85689510    2.22905004    3.34624439    2.72557495    1.70213418    1.44408844    1.23488843    1.73259728    1.33841670    1.75989567    1.46807100    1.66531060    1.79726613    2.03029466    1.94502564    1.93596417    1.76141750    1.91995200    2.17293375    1.91968949    2.07828192    2.04994341    2.06778592    2.02768647    1.95653954    1.75454756    1.80586603    1.89965620    1.70305272    1.75956365    1.69657778    1.64100899    1.61873203    1.67137083    1.84209312    1.66903190    1.74807241    2.11227576    1.66522924    1.79234066    1.94728946    1.72137638    1.65163473    1.67569968    1.79220356    1.93146679    3.14309695    2.06982024    1.88783378    2.18945068    1.55896134    1.80826101    1.76738199    1.63749111    2.24762648    1.89021900    2.15211840    2.26897496    1.98492166    2.07464798    2.13516016    1.89458022    1.78702667    1.66373567    1.81122692    1.91954137    2.39716898    1.92492062    1.77322899    1.82660934    1.87747514    2.04151845    2.05101663    2.12315247    1.95701381    1.88363062    2.10459079    1.84190984    2.16865731    1.86514702    1.88607655    1.67561134    1.70711431    1.86200986    1.32618808
A0A087SDC6_AUXPR/253-369     1.20069801    0.00000000    1.66878778    1.94805436    2.13787732    2.68969708    2.09645415    2.98770731    2.40951489    2.80540933    2.14799440    2.25486298    2.77827469    2.59242845    2.35583692    2.63014007    2.38683631    2.04549328    2.80972593    3.62858004    2.73783926    2.64374777    2.56746921    2.37978662    1.99161175    1.50278076    2.59199344    2.39637733    2.62566276    3.03914538    2.99325902    2.15880175    2.76290149    2.63998846    2.19389579    2.41348160    2.60479414    2.39875627    2.47987643    2.06517446    3.08909364    3.06972354    2.36593168    2.43148603    3.58969616    3.01398508    3.67904365    3.77192950    2.36860165    2.26133823    2.76845119    3.48603099    3.24206949    2.30240359    1.85290693    1.59861825    2.73638359    2.31469976    2.22914184    1.95588345    1.98135513    2.41477380    2.35885738    2.52193527    2.35654487    2.40329679    2.36748367    2.54079841    2.40158817    2.53331914    2.31133002    2.14457883    2.50730737    2.37378230    2.22652293    2.52158757    2.16093122    2.08895646    2.30436764    2.27748861    2.12760903    2.22165425    2.12576297    2.28435337    2.21058100    2.19682060    2.28729262    2.16236498    2.13048229    2.49992573    2.21414504    2.22260947    2.06343051    2.15934095    2.15824565    3.47647624    2.96827331    2.94744194    2.97377997    2.24089813    2.22708922    2.07819651    2.23815674    2.97857895    2.51153653    2.58672192    2.45328748    2.37874033    2.48422198    2.43649832    2.44099193    2.37084525    2.24110904    2.39496234    2.43843767    3.25293878    2.50282994    2.14355636    2.57599004    2.17599139    2.57352492    2.61645901    2.73582960    2.31877848    2.38257447    2.31813464    2.05867031    3.12367067    2.39052851    2.49148472    2.13933558    2.21513021    3.08301240    2.22110187
A0A0D2WJ55_CAPO3/260-376     1.32042840    1.66878778    0.00000000    1.53893944    2.13994193    2.54864015    2.21026491    2.63475534    2.22593139    2.29440601    2.06280222    2.18108006    2.62192900    2.25033766    2.20578238    2.15078936    1.71295483    2.18069236    2.11305828    2.41660548    2.35062391    2.57236800    2.02770837    2.30548356    2.00137184    1.84047034    2.24784466    2.74707642    1.83055341    2.64154449    2.67199226    1.95475325    2.54434436    2.45424864    2.29477159    2.26951472    1.95805444    1.94010535    2.10349801    2.07228102    1.81727743    2.10339636    1.77533027    1.92927794    2.42227839    2.33450416    2.17066395    2.00969043    2.16254075    1.80354647    1.80827470    3.16277816    2.99394583    1.75003148    1.69308242    1.45879637    1.97694386    1.64300108    1.70812113    2.00459483    2.17185185    1.99690429    2.00322247    1.84433504    1.88810879    1.95982403    1.74539244    2.16534559    1.87999656    2.20852488    1.95188729    1.76256049    2.27267827    2.09460728    1.86788935    2.18764604    2.00756925    2.01884164    1.92455330    1.94375295    2.00916295    2.09156959    1.82176540    1.99030032    2.07888468    2.07381892    2.25804845    1.84873039    2.18219498    2.09282029    2.10187403    1.91281389    1.92703460    2.01631301    2.10077474    2.71636290    2.33283757    1.96998042    1.93120710    1.84458467    1.89532025    1.96889541    1.61774896    2.19614566    2.19032856    2.15432853    2.09571517    1.80804251    2.03898318    2.11774055    1.81775224    1.73984928    1.56108101    1.70451128    1.70290668    1.76624701    1.94322746    1.70293567    1.64489424    1.73437721    1.97526881    1.92334665    1.95665850    2.03451038    1.71503552    1.84102981    1.87563251    2.26144923    1.91957702    1.93787458    1.70172983    1.66076069    2.22619082    1.61318093
D8LMS3_ECTSI/260-376     1.65428387    1.94805436    1.53893944    0.00000000    2.71430081    2.18283892    2.06198865    2.88780634    2.25318472    2.88407212    2.54061246    2.29379714    2.80855887    2.55435736    2.33483067    2.27024524    2.45008112    2.13952512    2.75490107    2.39340116    2.97112512    2.62538240    2.36248815    2.80310830    1.96420680    1.91751370    3.30638030    3.25444532    2.40305838    2.44771847    2.72673748    3.10331365    2.61153028    2.61244975    2.72691417    2.73089257    2.93263288    1.94497723    2.94705889    2.13934622    2.26900756    2.39960722    2.92544421    2.71586651    2.72400106    3.02376825    3.41917633    3.30745836    2.38828656    2.59866510    2.38238343    3.54410047    2.88231481    2.22757482    1.95519713    1.72046254    1.78898195    1.60161908    1.94594130    2.20537070    2.27563467    2.14305902    2.38702393    2.11340844    2.13356630    1.86564700    1.75970384    2.16455686    2.00257333    2.24554097    2.07170586    2.01141708    2.19094484    1.92733055    1.89718721    1.91863957    1.86055155    1.80464360    1.95101525    1.74295260    1.71391355    1.78889195    1.96103260    1.97275053    1.95749933    1.95142349    2.20360913    1.76998451    2.10188045    2.02080602    1.84824027    1.77186966    1.72734422    2.02975709    1.98693942    3.00955850    2.73803976    2.52583461    2.54235768    2.12952957    2.17796653    2.33387628    2.40151133    3.05215405    2.85125858    2.92196525    2.84045626    2.63647593    2.66060683    2.76950756    2.79258594    2.43830921    2.29784969    2.66746608    2.59239021    2.70858317    2.21664100    2.20368794    2.44275812    2.23999595    2.83417713    2.62722684    2.86660067    2.94598487    2.37619395    2.81721608    2.43922537    3.29227803    2.45901571    2.54232880    2.45773292    2.38105724    3.32077466    2.40241666
A4RUC0_OSTLU/234-350     1.48757518    2.13787732    2.13994193    2.71430081    0.00000000    1.42221618    1.11941349    2.58647807    2.02486432    2.46002223    2.13187185    2.39938603    2.50179870    2.87713818    2.66650915    2.29989388    1.98423157    2.40813521    2.33934297    2.62812832    2.56687290    2.47070030    2.66016922    2.11007844    1.97896961    2.14482142    2.72914211    2.77751592    2.29314062    2.42708770    2.92654677    2.24925073    2.67250634    2.34443673    2.71955983    2.77280628    2.56437866    2.28393650    2.93217713    2.81082905    2.54354313    2.80040862    2.25773735    2.66649153    2.51868704    3.16175181    3.04993263    3.58638803    2.18084323    2.02905322    1.92501997    2.84943744    2.63226672    2.22095067    1.98555201    1.90694775    2.33946824    1.77980265    2.01810164    2.02974819    2.57734716    2.74613213    2.86893569    2.80509476    2.69785050    2.73297469    2.70195677    2.95745236    2.97653051    3.14048193    3.01115808    2.88898631    2.71905085    3.07260302    2.74750026    2.90599320    2.88701753    2.74686464    2.74576565    2.57215369    2.69764469    2.83547797    2.99546382    2.60953669    2.64292345    2.86854572    3.36388709    3.01799870    2.95975223    2.48577416    2.24508662    2.65035041    2.50649015    2.69652977    2.65697481    3.33301250    2.85879212    2.36823060    2.44403299    2.02693030    2.18642164    2.03297283    2.10877540    2.21959429    2.28988913    2.16071528    2.12790764    2.04477399    2.32937317    2.20205452    2.18281298    2.11096679    2.08322656    2.15280345    2.16575207    2.44594552    2.12451961    1.94134882    2.24083946    2.05541066    2.07762655    2.18529740    2.21206870    2.01185338    2.25668575    2.13198017    2.56038940    2.67871298    2.38219827    2.05102613    1.79848222    1.54166933    1.91338717    1.69969946
C1N3K1_MICPC/263-379     1.61151580    2.68969708    2.54864015    2.18283892    1.42221618    0.00000000    1.24935648    3.18578942    2.46731385    2.71633516    2.73662629    2.52573075    2.76205107    2.89893255    2.66940125    2.06967360    2.13410670    2.58563808    2.46009111    2.60914966    2.57987339    2.68045812    2.16997361    2.49409000    1.89274884    1.84225423    2.07475342    3.14953874    2.69311454    3.21022959    2.75482766    2.15691132    3.08100196    3.35010763    3.01753110    2.48141018    2.78988217    2.50929490    3.39949720    2.98559221    2.83337835    2.89496489    2.96684515    2.73236376    2.58193158    2.92292201    3.04710269    3.18384181    2.40120579    2.61082434    2.32772717    3.14084133    2.93826508    2.22932663    2.20336203    2.03200643    2.07123545    2.07265132    2.61248787    2.49807500    2.45443875    2.44266678    2.66386103    2.49371122    2.27562670    2.47200342    2.44494916    2.69193719    2.48570905    2.68779474    2.67711548    2.57400808    2.64766758    2.45444561    2.21178265    2.63063753    2.55618697    2.39054781    2.43120952    2.28669566    2.45276899    2.59635235    2.32620886    2.24747665    2.44465641    2.80464318    2.67017030    2.22523816    2.55919243    2.42739224    2.44768695    2.09625745    1.95589800    2.25374717    2.54011916    3.12801210    2.63833430    2.53249113    2.68267597    2.33771417    2.40611404    2.44288013    2.16121174    2.52611092    2.14037105    2.50500869    2.26765619    2.15411910    2.29020802    2.06544468    2.31941898    2.27638555    2.18887896    2.31965610    2.39486691    1.96329749    1.86432499    1.89834076    2.05401171    2.02483949    2.15817323    2.12889531    2.10154005    2.39160848    2.24536060    2.38517367    2.31785384    2.77133130    2.22196759    2.54399092    2.01657638    2.00253741    2.77155629    1.98362576
C1E3K7_MICCC/271-387     1.52176061    2.09645415    2.21026491    2.06198865    1.11941349    1.24935648    0.00000000    2.72560196    2.34959781    2.95836100    2.35451370    2.83229709    3.05849648    2.98890983    2.82243148    2.49580973    2.38229663    2.09716792    2.32302593    2.53181715    2.72077101    2.90168318    2.25509247    2.25754685    2.14699002    2.30985311    2.79491501    2.78262608    2.59961580    2.81388467    2.58342032    2.05686428    2.45134192    2.64612674    2.47589062    2.13094168    2.49437967    1.95626993    2.85741914    2.82459646    2.12181658    2.42762058    2.22014304    2.59493832    3.38928217    3.35137034    3.30536407    3.50102000    2.13952322    2.39486174    1.97830196    3.34447825    3.12102897    2.05907000    2.16804394    1.81708636    2.31572759    2.00547583    1.93989520    2.12385329    2.20773743    2.41584178    2.67280233    2.53032955    2.24971661    2.55208674    2.36925201    2.66389366    2.59381991    2.45004929    2.60465333    2.36220010    2.52342443    2.52472085    2.34981841    2.53035869    2.47242310    2.07466419    2.25579570    2.19084585    2.43551296    2.40261371    2.27911252    2.34387608    2.29899027    2.51656576    2.61352256    2.30909709    2.55291356    2.40358863    2.16545503    2.11511493    2.01118085    2.33328785    2.40443681    3.75567676    2.51313476    2.51365023    2.61773546    2.10946140    2.38841828    2.47759903    2.43092095    2.40252570    2.20898188    2.37221671    2.30529813    2.17272060    2.28541078    2.26658753    2.01165269    2.09749603    1.98141504    2.22042437    2.29195164    2.33054645    2.18093181    2.02162084    1.98908005    1.83333011    2.04725248    1.96885861    2.11421095    2.33071084    2.11234591    2.21596877    2.33501281    3.06583299    2.84143447    1.99790215    1.87429756    1.77788920    2.16824020    2.26608542
A0A024UAU8_9STRA/253-369     2.91360989    2.98770731    2.63475534    2.88780634    2.58647807    3.18578942    2.72560196    0.00000000    0.90050733    1.23157880    1.47993071    2.09244496    2.17013995    2.40961045    2.24369587    1.90219435    2.73884937    2.83137006    3.43222643    4.02433307    2.95940915    2.71845375    3.43843640    3.16857069    3.14790739    3.02312219    4.82398752    4.42584114    2.49476976    3.31619840    3.16301206    3.58788174    2.56391504    2.94749551    3.27987562    2.72085687    2.78020490    2.51864093    3.40610756    3.29747872    3.05940693    2.92574209    2.51574953    2.98927757    3.32973580    3.62549333    3.16417740    3.44285514    2.59988158    2.78520948    3.06528234    3.45775978    3.36084887    3.72763331    2.21057970    2.56948862    3.34464272    3.00507591    2.65986906    2.75243457    3.01524602    2.95457718    2.81884732    2.72388837    2.88243373    2.74309758    2.53461850    2.39896369    2.45906217    2.58641490    2.73483605    2.59169383    3.47526723    2.57612775    2.47767238    2.56535456    2.65754800    2.46354125    2.66354610    2.89058191    2.44788574    2.73514175    2.44873763    2.51979206    2.41866149    2.45214117    2.84505514    2.66066096    2.51436319    2.84018371    2.59634680    2.48958702    2.63677989    2.70815006    2.58414231    3.99170901    2.69506378    2.88409090    2.92642688    2.59008182    2.66437304    2.89657825    2.56399414    2.98860224    2.65658620    2.60000217    2.62505010    2.40698770    2.40196280    2.53544333    2.69212640    2.52054139    2.51838801    2.70434787    2.86013089    3.35343387    2.75275623    2.75255486    2.45439784    2.36572097    2.80212543    2.88558324    2.72429041    2.61588918    2.65335246    2.55289937    2.86469348    3.43109926    2.69055509    3.04623033    2.67468933    2.62467595    2.54694273    2.65630377
A0A067CYB0_SAPPC/257-373     1.57682678    2.40951489    2.22593139    2.25318472    2.02486432    2.46731385    2.34959781    0.90050733    0.00000000    0.53403522    1.28724304    1.68212406    1.72440048    1.84275163    1.82591277    1.57904580    2.01287967    2.40332788    2.73137668    2.82805478    2.57518231    2.74929284    2.55373609    2.93129326    2.37399269    2.33782533    3.62391925    3.21421067    2.39469741    3.41871544    3.98350938    3.36012911    2.46314435    3.21039672    2.87157979    2.80173500    2.46019543    2.51892544    2.72906041    2.63002231    2.48366073    2.60053563    2.33738086    2.59816906    3.18960312    3.15066737    2.91446344    3.15363340    2.30285766    2.58679833    2.63144255    3.56247304    3.59752450    2.76869905    1.93377670    1.88567239    2.47518567    2.25312322    2.29730808    2.13228493    2.31822716    2.00262880    1.85209693    2.05453670    2.05877479    1.98351582    1.97481719    1.98370419    1.92409357    1.90516879    2.17487895    2.02263693    2.43419529    2.08295626    1.89518926    2.16256288    1.99990155    1.93386081    2.05509984    2.00119767    1.76289419    2.02028414    1.93193496    2.01051908    1.90264017    1.90146467    2.04174404    1.99219199    1.87077822    2.09356784    2.08307907    1.91468676    2.01354869    2.26237264    2.07628407    2.89019339    2.12889392    2.17143889    2.30761505    2.42454295    2.52488283    2.79578516    2.37622022    2.87861471    2.81083628    2.46835248    2.47167515    2.26861646    2.40755707    2.33463632    2.44690407    2.38992201    2.42697159    2.37497049    2.50028254    3.13514769    2.30862533    2.36546264    2.23645015    2.28856531    2.56684790    2.66154007    2.55532772    2.39947143    2.62700076    2.42627332    2.39062307    3.12271917    2.56409501    2.93960989    2.52848187    2.42955296    2.70438059    1.95054367
T0QME3_SAPDV/259-375     2.14699969    2.80540933    2.29440601    2.88407212    2.46002223    2.71633516    2.95836100    1.23157880    0.53403522    0.00000000    1.63028432    1.79495573    1.88629495    1.97214399    1.99740635    1.59766325    2.63196449    2.71076051    2.93111804    2.87759079    2.85965962    2.98407279    2.81044788    2.90357101    2.34643441    2.42073918    3.80598455    3.49494608    2.61402923    3.50989004    4.07807160    3.52428307    2.58209073    3.04319784    2.86339462    2.39584193    2.76166288    2.90085543    2.84445212    3.20853075    3.23533591    3.18901822    3.13563029    3.18029117    3.51531702    3.55341403    3.41937341    3.76758743    2.48860033    2.57737655    2.84651718    3.58477238    3.74175529    3.25028729    2.15703912    2.22219390    2.59869161    2.27226949    2.70791306    2.78424701    2.62029396    2.74843630    2.60653282    2.57253197    2.51242262    2.65129354    2.37361929    2.55456162    2.45577232    2.43131597    2.39629533    2.68851315    3.30025852    2.72103448    2.69376160    2.69528884    2.65498752    2.46878446    2.57339677    2.55882018    2.11691287    2.40322500    2.62426870    2.57042400    2.45707608    2.56285204    2.74385633    2.48852870    2.54364356    2.50203632    2.44151576    2.48718088    2.59243470    2.94759161    2.78231512    2.86015760    2.54951972    2.57855163    2.65428238    2.67290114    2.71692490    2.76720320    2.35066622    2.84647961    2.73182099    2.34630512    2.55347569    2.53345080    2.61686252    2.24776465    2.67976745    2.45362667    2.47274284    2.41498518    2.49905389    2.69943236    2.66153785    2.78852247    2.30386009    2.60200938    2.65524541    2.24398009    2.32614787    2.76052118    2.46961073    2.63957411    2.42558165    3.61776758    2.69705701    2.99603152    2.64687333    2.30634463    3.15301869    2.14176494
A0A024GR17_9STRA/274-390     1.90725466    2.14799440    2.06280222    2.54061246    2.13187185    2.73662629    2.35451370    1.47993071    1.28724304    1.63028432    0.00000000    1.49328070    1.55064471    1.54919800    1.31963450    1.35547021    2.68808303    2.26400670    2.98860925    3.04184008    2.76708734    2.53852852    2.57731237    2.87440316    2.57651858    3.04742294    4.39985745    3.14641871    2.25873576    2.74351449    3.37145897    2.96879296    3.31581386    3.41373553    2.92014012    3.48010946    2.99281500    2.13927493    2.90148864    2.42923139    2.82442389    2.83556818    2.58414876    2.82174434    3.11455280    2.66512711    3.16729942    3.35199593    2.66636064    2.70245195    2.26332479    2.44200292    2.69985130    2.48662961    2.27249446    2.33788235    2.84875257    2.42256684    2.92433218    2.64121011    2.79115190    2.75014908    3.00552109    2.97533063    3.01116403    2.82202827    2.15195803    2.86859793    2.55465429    2.35845743    2.29018287    2.37377877    3.10816879    3.39528829    3.03873261    2.85664874    2.87805258    2.91295554    2.89187919    3.13830610    2.78446658    3.08615581    2.90127130    2.69031095    2.87281308    3.03699860    2.81666385    3.03948272    2.69591455    2.99510216    2.63813732    2.60728819    2.64551329    2.74297002    2.90455968    3.10986944    2.57274130    2.71080237    2.72851162    2.52796279    2.84630751    2.31994092    2.51543260    2.22842329    2.21160091    2.23057791    2.43047785    2.08173180    2.32456199    2.36351800    2.16902144    2.29925740    2.18431569    2.23390389    2.35691324    3.12169455    2.46856785    2.22778095    2.10357978    2.07670779    2.39476652    2.37080957    2.45004331    2.38079461    2.14263656    2.28328104    2.30109216    2.81544529    2.68885732    2.98432472    2.43215490    2.27069742    3.29713932    2.40252096
G5AGE6_PHYSP/264-380     2.06437766    2.25486298    2.18108006    2.29379714    2.39938603    2.52573075    2.83229709    2.09244496    1.68212406    1.79495573    1.49328070    0.00000000    0.57141370    0.51936622    0.51426947    0.42789333    2.63166366    2.68184147    3.17899689    3.25897417    2.66598146    2.63277468    2.87560941    2.71023401    2.29352988    2.35490666    3.48555682    2.95544484    2.70504217    2.91614434    3.15807139    2.59748691    2.81127600    3.03882378    2.86459203    2.44162194    3.02539924    2.47355635    3.10106967    2.87100596    2.79196376    2.69480315    2.54514869    2.81714514    3.05131815    2.84024494    3.08199233    3.29896552    2.42028026    2.78751371    2.49075644    3.25619337    3.30897404    2.70654219    2.44380708    2.50743516    2.50255145    2.49870263    2.83233457    2.50950110    3.22063591    2.73661950    3.00696769    3.01717469    2.65818915    2.75038803    2.39962178    2.70618136    2.66918221    2.62296573    2.44711326    2.72322336    2.73924677    3.12115109    2.93441912    2.99387234    2.86029325    3.00712113    2.94790896    2.93730421    2.96332002    3.05346504    3.04620769    2.66950937    2.65589709    2.93304632    3.21409327    2.79172983    2.61091693    2.68061887    2.57330272    2.41778677    2.33306333    2.39851017    2.49201019    2.71078717    2.80995423    3.02930792    3.06796657    2.65606091    2.78274110    2.29579357    2.53677932    3.15698072    2.52147876    2.94559572    2.81507214    2.65673329    2.68655352    2.79842821    2.92575208    2.77579062    2.65981329    2.99914207    3.18222858    3.37151775    2.76933563    2.64281712    2.52789520    2.45628410    2.69376879    2.93627249    3.01516049    2.82702027    2.72001693    2.53048272    2.31562655    2.84028223    2.90019897    3.39801112    2.41727405    2.48099885    3.15607780    2.46779523
W2PQQ5_PHYPN/258-374     2.38648328    2.77827469    2.62192900    2.80855887    2.50179870    2.76205107    3.05849648    2.17013995    1.72440048    1.88629495    1.55064471    0.57141370    0.00000000    0.44998105    0.49232613    0.56420399    2.73918146    2.86273040    3.69643063    2.89665501    2.68537326    2.75355025    3.09195299    2.59202494    2.96799028    3.16028857    3.79322134    3.53371456    2.81211316    2.97266605    3.55384030    2.78934693    3.00417724    3.01958552    3.16034353    2.36957099    2.92291545    2.42301431    2.96060009    2.68624701    2.56385256    2.42450013    2.44041318    2.72857071    3.29091108    3.05823370    3.31627710    3.42309342    2.32698062    2.81128726    2.83722045    3.00799999    3.39410093    3.13467349    2.35727400    2.45513819    2.47760277    2.59331630    2.88801445    2.43805941    3.00920048    2.97350393    3.16779513    2.99028561    3.03136162    2.95088577    2.72267768    3.04344823    2.93878554    2.92481895    2.66524079    2.77656892    3.04098914    3.24292173    3.01039481    2.75837555    2.78302405    2.92782956    2.79793857    3.05674347    2.89878564    3.08424765    3.11078527    2.68792259    2.67446863    3.01921504    3.25005907    2.86432947    2.96042502    3.17697965    2.97594812    2.84292739    2.74706431    2.92229870    3.03324769    2.80806154    2.81665513    2.99038212    2.98360620    3.17673295    3.34016831    2.70230955    2.65175468    2.72716512    2.48083029    2.72775147    2.71131527    2.40935704    2.59659906    2.58741667    2.65736142    2.67253915    2.68339488    2.97396215    2.96914750    3.06359880    2.71955462    2.44109720    2.57840202    2.69060524    2.70293233    2.76646082    2.81968777    2.85542646    2.52722261    2.48052889    2.51644620    3.00647869    3.17152024    2.93562937    2.51170025    2.38755811    3.09186035    2.54715242
A0A0P1ALL1_PLAHL/262-378     2.21053621    2.59242845    2.25033766    2.55435736    2.87713818    2.89893255    2.98890983    2.40961045    1.84275163    1.97214399    1.54919800    0.51936622    0.44998105    0.00000000    0.44006008    0.42784733    2.66994733    3.10604386    3.69314493    3.31123246    2.31021184    2.67058884    2.82408728    2.76277658    2.86217881    2.72026500    3.75370798    3.43005564    2.98070294    3.02784931    3.53748634    3.05936759    3.26381747    3.21114555    3.33083795    2.73543428    3.26706827    2.69618882    3.29532143    3.17642483    2.85119514    2.66040000    2.45152165    2.87070715    3.13414542    3.23049767    3.26527872    3.27702024    2.52032997    2.93982889    3.06073899    3.51215921    3.95338527    3.04694612    2.34065004    2.27019964    2.71426668    2.68680767    2.99210361    2.53400620    3.03954381    2.70819574    3.39268025    3.18657256    3.07254531    3.18272449    2.66782980    2.88267569    2.72032842    2.64121343    2.55032429    2.89913254    2.99940292    3.54536849    3.08874266    2.86415482    3.10234618    3.20759465    2.97082113    3.17042330    3.12351878    3.28013885    3.34369895    2.83558904    2.89443127    3.12321839    3.39151709    2.81653610    2.88833478    3.13566428    2.94664544    2.54817539    2.59309781    2.88358554    3.05712163    3.01001676    2.72576711    3.18319388    3.15619825    3.09284467    3.41679761    2.82733797    2.84886683    3.06724174    2.74291086    3.10528322    3.00340443    2.67957830    2.67345185    2.77814095    2.79588207    2.77334558    2.71190545    3.04745554    2.96165469    3.04370984    2.84099160    2.48373659    2.51971122    2.61957790    2.88199136    3.03886064    3.05681259    2.93415263    2.71884342    2.52247147    2.48444857    2.85591353    2.90160482    3.26889925    2.62928512    2.63216346    2.92008410    2.64314279
M4BQH3_HYAAE/253-369     2.02789803    2.35583692    2.20578238    2.33483067    2.66650915    2.66940125    2.82243148    2.24369587    1.82591277    1.99740635    1.31963450    0.51426947    0.49232613    0.44006008    0.00000000    0.39759784    2.61931451    2.72313229    3.33914715    3.09669936    2.30640410    2.65380922    3.09483081    2.85620609    2.93274932    3.16527364    4.24460244    3.86199663    2.84246891    3.07321815    3.06423601    2.59102995    3.20355040    3.07944460    2.83738428    2.71403511    3.09956950    2.32562477    3.21023145    2.98331979    2.78376158    2.67687249    2.69021192    3.01250926    3.19498898    2.94591974    3.26007716    3.47981892    2.80177367    2.89633960    2.86017861    3.12793289    3.58182519    2.61500826    2.00618336    2.17943019    2.60235138    2.31768673    2.82757415    2.37608402    2.91957656    3.02570295    3.12909361    3.06408518    3.00258717    2.91392007    2.68166962    2.80960400    2.96686541    2.90249258    2.69021343    2.89734128    3.34273825    3.31934116    3.02129233    2.80718984    2.90967380    3.02161110    2.84518194    3.02473369    2.94327825    3.26837927    3.10826863    2.77901521    2.79478503    3.05939002    3.39735963    2.92980813    2.95351858    2.94588656    2.94083484    2.78676978    2.76648368    2.89024893    2.96996592    2.92097740    2.68485295    2.82173162    2.96563753    3.02405154    3.17760559    2.83772065    2.76105218    2.80922726    2.90939911    2.73110865    2.79006446    2.58716596    2.85621649    2.76235096    2.98717946    2.91921161    2.84342182    3.13027647    3.11887703    3.42379832    3.05455384    2.67824472    2.80660775    2.83263350    2.95397455    2.92673387    3.00608476    3.06330365    2.65374809    2.69379615    2.44685946    3.24874157    2.72224869    3.12213268    2.70794231    2.67817203    2.94866974    2.37178429
H3GUB6_PHYRM/261-377     2.11485071    2.63014007    2.15078936    2.27024524    2.29989388    2.06967360    2.49580973    1.90219435    1.57904580    1.59766325    1.35547021    0.42789333    0.56420399    0.42784733    0.39759784    0.00000000    2.58715111    2.51328599    2.97115110    2.79607406    2.66229156    2.81084892    2.50716769    2.82521392    2.55482798    2.62984403    3.56210049    3.49957465    2.77554861    2.95551223    2.87098616    2.46295197    2.69700441    2.84812670    2.63552960    2.10341669    2.68299600    2.33876466    3.23456042    2.99790093    2.70864048    2.64264969    2.23157054    2.79208070    2.85899497    2.91200643    3.07563058    3.33053302    2.46824734    2.76476662    2.42619296    2.86504386    3.13870185    2.45213176    2.22830112    2.16218508    2.48530562    2.34901689    2.80790427    2.35936432    2.48798684    2.78714984    3.09527987    2.95908165    2.68494987    2.82972273    2.45367434    2.49682526    2.51949882    2.58991435    2.51214006    2.95593931    3.14829882    3.32711242    2.94230250    2.84654815    3.05856290    3.18489610    2.89736383    3.01428087    2.94671242    3.24541354    3.07272050    2.83144241    2.95198385    2.96619443    3.27234399    3.06516036    2.86977193    2.94339634    2.81165472    2.54295784    2.57395138    2.88759184    2.92776621    2.97999209    2.52756403    2.88431954    2.89973400    2.65806080    2.68878376    2.76831215    2.42920492    2.84882138    2.45280140    2.77391648    2.67822845    2.47190381    2.60971127    2.56936955    2.73180377    2.69154908    2.65421491    2.89827302    2.78606017    2.96532699    2.76850766    2.59321568    2.34085995    2.52979446    2.52174540    2.57459230    2.75288689    2.98116307    2.48000300    2.58434537    2.22163086    3.00148708    2.84136359    2.88614221    2.43371799    2.42391365    2.37886804    2.30227086
M2Y9U9_GALSU/264-380     1.80280183    2.38683631    1.71295483    2.45008112    1.98423157    2.13410670    2.38229663    2.73884937    2.01287967    2.63196449    2.68808303    2.63166366    2.73918146    2.66994733    2.61931451    2.58715111    0.00000000    1.88018500    2.18692182    2.04626662    2.40020140    2.45766240    2.02792506    2.52320466    2.45602284    2.20457556    2.55242322    2.63317409    2.15636296    3.26626761    3.07894580    2.40287452    2.17620959    2.34191030    2.63754417    2.63730933    1.93171156    2.10754763    2.34571840    2.41284908    2.19769899    2.27019192    1.99209084    2.07702236    2.42951179    2.67412455    2.66998604    2.87393255    2.23985094    2.38457438    2.00410038    3.13081225    2.54000914    2.00487325    1.83958574    1.66458456    2.31802094    1.86218264    1.97912488    2.22482239    2.22457463    2.51157969    2.29173016    2.22928076    2.31153563    2.40704375    2.44079489    2.51119166    2.30835953    2.44201828    2.34160649    2.41816311    2.33658792    2.14431013    2.16222689    2.37769935    2.22688025    2.13956023    2.05956131    2.17274260    2.30516915    2.31060163    1.95095108    2.18733886    2.17889331    2.31157730    2.29421394    2.19846258    2.22112566    2.39346625    2.20654980    2.14964098    2.21615964    2.36614337    2.15549394    2.70526946    2.33724312    1.98812032    2.01230611    1.94711787    2.36927961    2.12313836    2.35282224    2.39990997    2.15396552    2.04237413    1.82592160    1.55035592    1.76971609    1.70372283    1.85164807    1.84209228    1.79813424    1.87484886    1.77713784    2.06658015    1.71024474    1.71140563    1.75565981    1.65677626    1.78956914    2.14395557    2.06374403    2.01711145    1.73479795    1.81555829    2.23927840    2.58537925    1.86506320    2.03860428    1.95766270    1.96164459    2.61571492    1.97639038
M1V6E2_CYAM1/304-420     2.06520753    2.04549328    2.18069236    2.13952512    2.40813521    2.58563808    2.09716792    2.83137006    2.40332788    2.71076051    2.26400670    2.68184147    2.86273040    3.10604386    2.72313229    2.51328599    1.88018500    0.00000000    2.36520433    2.11574735    2.59587370    2.57590817    2.00596643    2.52115965    2.40272062    2.08257689    2.64635106    2.64699770    2.48227452    3.20129029    3.07696578    2.28735224    2.72484067    2.49335796    2.75779232    2.51264304    2.22050903    1.89137967    2.37213332    2.04465231    1.95941940    2.03556323    2.31615268    2.41407139    2.52972463    3.07237224    2.79640116    3.01984309    1.85104206    2.68447565    1.83705150    2.95434120    3.03468747    2.51229137    2.02138629    1.82007483    2.22056591    2.20153486    2.08631917    2.22745173    2.15124132    2.21567607    2.50146114    2.31724980    2.48759699    2.42618803    2.22010459    2.31491307    2.18453737    2.21194249    2.31316001    1.99586565    2.35631226    2.09002460    2.07359907    2.11312861    2.10146482    1.99445506    2.03398875    2.09953391    1.89535616    2.06812577    1.99631429    1.97324862    2.08781804    2.21497438    2.22489567    2.12508693    2.17320383    1.93546564    1.96821637    1.95304559    1.84993870    2.11209607    2.19093730    3.28701438    2.30287147    2.32125693    2.23483645    2.11042594    2.42643787    2.73869532    2.38998388    3.02808926    2.97651277    2.28608493    2.32463995    2.44207023    2.43702606    2.54324836    2.47736397    2.35969677    2.38007679    2.47122774    2.53388918    2.77931407    2.49270104    2.21913357    2.35636600    2.23839106    2.42406595    2.64801373    2.55067191    2.52752120    2.27243528    2.46328995    2.60555446    2.87338905    2.59847518    2.92397697    2.48090715    2.22174609    2.59132180    2.24548905
F2U4G0_SALR5/253-369     2.04949122    2.80972593    2.11305828    2.75490107    2.33934297    2.46009111    2.32302593    3.43222643    2.73137668    2.93111804    2.98860925    3.17899689    3.69643063    3.69314493    3.33914715    2.97115110    2.18692182    2.36520433    0.00000000    2.33843293    3.09427838    3.03608693    2.70487305    2.98821718    2.44025888    2.62677218    3.35042888    3.03327813    2.50033236    3.46942303    3.19682712    2.54892161    3.52978079    3.01354376    2.95499278    2.50821744    2.35790829    2.75943048    3.49307241    3.34961585    2.97657006    3.11357827    2.87453749    3.30939102    3.13213889    3.31381466    3.43755230    3.57092369    2.90525886    3.04573916    2.47376178    3.77783840    3.49529391    2.59621474    2.44946489    2.14089512    2.40230530    2.56408435    2.23176315    2.78264822    2.76766789    2.62352726    2.70151344    2.45261999    2.64841263    2.74268409    2.33988224    2.76332334    2.58049402    2.65915921    2.57248138    2.25624398    2.86051422    2.85966950    2.70430813    2.67052340    2.81672197    2.95679682    2.83215358    2.97366268    2.90269787    2.67280141    2.62043384    3.37292237    2.77153657    2.95679694    3.30084688    2.72008888    2.53083211    2.52648024    2.46089285    2.53829354    2.36723831    2.61354196    2.27827077    3.95787887    3.95307969    2.94695927    3.22508568    2.95862988    3.03968158    2.69228089    2.55153580    3.06029096    3.08155653    2.90483009    2.81691839    2.73311965    2.64211044    2.63332427    2.84545144    2.56308361    2.63332930    2.49520532    2.84898163    2.74479902    2.81188942    2.66256480    2.64792942    2.46966283    2.57447959    2.79410284    3.02076035    3.03070817    2.71052369    3.00486114    2.74206831    3.43598082    3.05206485    3.19614995    2.80294429    2.73153486    2.82828741    2.31627849
A9USD7_MONBE/257-373     2.34436739    3.62858004    2.41660548    2.39340116    2.62812832    2.60914966    2.53181715    4.02433307    2.82805478    2.87759079    3.04184008    3.25897417    2.89665501    3.31123246    3.09669936    2.79607406    2.04626662    2.11574735    2.33843293    0.00000000    3.33288487    3.12662131    2.08182266    2.61919791    2.25105341    2.26501813    2.78941304    2.88267145    2.46314583    2.89340334    2.88572471    3.09476514    3.12915370    2.61895361    2.40275750    3.50993577    2.49168597    2.26189427    2.33521739    2.48644066    2.05778759    1.91839528    2.07472089    2.32431551    2.77791533    3.48995431    3.46335674    3.53184325    2.46609437    2.21090130    2.49961785    2.72247416    2.38998777    1.85109387    2.03812590    1.93520862    2.03310021    1.70559481    2.26961458    2.49136458    2.38657801    2.22297325    2.33261404    2.17404703    2.20221443    2.27384347    2.23561770    2.45226749    2.30068866    2.63000059    2.39702812    2.40398966    2.33742961    2.13804615    1.94612600    2.16321703    2.27464413    1.93878046    2.12785986    2.07196799    2.01075647    2.17348220    2.16318670    2.12605167    2.13405299    2.27339372    2.63247050    2.28284028    2.31712131    2.10119253    2.07548281    2.17890420    2.06507052    2.19154716    2.21523530    2.54408817    2.41265473    2.71572461    2.49734924    2.52680189    2.42967488    2.70467246    2.31034816    2.14329600    2.20312869    2.29929750    2.42481531    2.40321795    2.52739828    2.55642209    2.44575214    2.29599448    2.40385783    2.51186701    2.50394698    2.46344636    2.30484563    2.17823233    2.41259002    2.19975083    2.29862213    2.22675860    2.56910149    2.60157238    2.28614144    2.42569939    2.29321906    2.96603255    2.34427313    2.14126679    2.44095675    2.33190159    2.99495945    2.48331992
F4Q0F2_CAVFA/264-380     2.16238870    2.73783926    2.35062391    2.97112512    2.56687290    2.57987339    2.72077101    2.95940915    2.57518231    2.85965962    2.76708734    2.66598146    2.68537326    2.31021184    2.30640410    2.66229156    2.40020140    2.59587370    3.09427838    3.33288487    0.00000000    1.04124287    2.78065633    2.51718704    3.11284223    2.97856715    2.75166812    3.54076701    2.93762396    3.43864695    3.69664468    2.46769810    2.48549107    2.33551676    3.41002763    2.47609375    3.09849671    2.37648404    2.79777853    2.57826663    2.72596770    2.61832570    2.87684416    2.38213487    3.81247483    4.05591610    2.97824657    3.15799304    2.52052832    2.84830068    2.24411506    3.45798958    3.69997019    3.15552275    2.27033812    2.00311507    2.58265706    2.70810215    2.51811473    2.56801129    2.79240961    2.66579240    2.66003441    2.55875046    2.45773546    2.68868181    2.64238540    2.81290880    2.74896998    2.77839075    3.15137051    2.73091584    2.94469768    3.13566875    3.03908685    2.87216812    2.95591799    2.74601460    2.82723597    2.65302356    2.71955710    2.88286484    2.95375170    2.45559417    2.46179478    3.12482139    3.34611646    2.59593645    2.61084912    2.96360455    2.56905661    2.49619975    2.51675199    2.62243115    2.57564905    3.77461686    3.11157547    3.48359176    3.67459379    2.37033077    2.64875423    2.54734385    2.37374983    2.53271970    2.58103741    2.68731314    2.63183209    2.37151192    2.46319177    2.44334095    2.25723298    2.46946613    2.39523262    2.40963386    2.59719106    2.70500466    2.38369537    2.19452047    2.33145047    2.14814965    2.36993258    2.94788267    2.49532157    2.49816757    2.08624917    2.47137734    2.86961719    2.68058180    2.65900718    2.80898319    2.19328735    2.31506625    2.82614322    2.07797122
