108
D3Q3V0_STANL/7-117     0.00000000    1.38772793    1.27528474    2.06088663    1.11681914    1.10794256    1.34581881    2.02897934    1.63973799    2.18821119    1.91791517    1.58027431    1.24968571    1.56859428    2.00324466    1.39956851    2.46965172    2.56382794    2.34654498    2.15805018    2.36118110    2.26945475    2.37906911    2.30154789    2.03008292    2.41178987    1.93565968    1.73346439    2.05375986    2.23592751    1.94733272    1.16134097    1.59750959    1.56048076    1.82711245    2.15017171    1.40874033    1.77448625    1.71436192    2.24498416    2.02951141    2.95496350    2.57215927    2.40938688    1.75905950    1.97831581    2.02454351    1.79040145    2.27046355    2.16082741    2.12111738    1.76949383    2.03373294    2.67871871    2.21374023    1.29209974    1.34364356    1.40217789    1.56876883    1.59564002    1.42351005    1.47459914    1.68915534    1.50169462    1.44002177    2.10912389    1.83925640    1.61136565    1.90894258    2.25969017    2.41622855    3.02941686    2.79547398    2.99595417    2.90012281    2.65172424    2.04342685    2.19408528    2.62219722    3.49588725    1.95767429    1.30230726    1.90957904    1.36383199    1.69054083    2.36381256    2.60307295    1.78302236    1.45247397    1.87571199    1.58153172    1.49403022    1.50045379    2.41569006    1.70580795    1.62210905    1.92794565    2.06571958    1.92605377    2.21270429    2.39072272    2.28295720    2.05648653    1.86884274    1.67581713    1.36003335    1.26348726    1.47124913
A0A101JRA9_9ACTN/8-118     1.38772793    0.00000000    1.20479358    2.26157788    1.57274692    1.59704321    1.54098703    2.10396607    1.63820130    1.82360654    1.56300423    1.41594931    1.25827979    1.88601701    1.99541794    1.69939171    2.14118567    2.19517647    2.37935047    2.49444267    2.26836897    2.88516036    2.02803039    2.63487598    2.45812691    2.55843481    1.65278318    1.98713348    2.19408620    2.30979260    2.56798302    1.23081457    1.50801044    1.49535184    2.11017984    2.46907131    2.31226202    2.48040542    1.97545140    1.98727565    2.35925908    3.31325761    2.53107954    2.96215356    2.35537655    2.50631727    2.12949156    2.47935573    2.28894660    2.65119769    1.92633347    1.90407779    2.06417355    2.59652179    2.07915918    1.22869261    1.43323742    1.57360775    1.52023414    1.68950630    1.65096192    1.48352455    1.51182845    1.40388183    1.84746957    1.77655387    1.77380740    1.61149308    2.32887493    2.64514777    2.54048071    2.76493149    2.72323173    2.86762809    3.27188255    2.31760710    2.26289469    2.42894321    2.84163219    3.00458033    2.36873774    1.80213642    1.54744131    1.49593753    2.00787019    2.21703395    2.32872037    1.92153917    1.42326899    1.52470075    1.57554522    1.53954183    1.67294057    2.14697551    1.54810412    1.21496400    1.90730219    1.89479841    1.91537071    2.73765048    2.43778088    2.11068806    2.15819356    1.70256008    1.98099955    1.59859893    1.39139107    1.48822308
A0A0Q6PSS7_9MICO/4-138     1.27528474    1.20479358    0.00000000    1.81399523    1.30070025    1.33641086    1.42077398    1.72955740    1.73206033    1.54761056    1.46637635    1.47095073    1.15688765    1.93062349    1.99172304    1.60193958    1.78807160    2.01767162    1.73857719    1.81691446    1.81129646    2.37444892    2.46734755    2.74349694    2.24625340    2.63852883    1.58689411    1.90804590    1.74709951    1.69112340    1.88669001    1.35697220    1.17160844    1.35439154    2.11537287    2.10814950    2.08507566    1.74451277    1.78641624    1.65007491    2.36894495    2.26564145    2.05742139    2.44137882    1.54731924    2.15163320    1.73372642    2.66471252    2.15125647    2.15339167    1.72786552    2.03028910    2.01918446    2.15794445    1.58729777    1.07771054    1.62848998    1.47483597    1.40078387    1.45775270    1.51891537    1.59197902    1.36221210    1.42072001    1.68783723    1.68696302    2.08411154    1.73585943    1.98562163    1.89221086    2.70809230    2.96170629    2.94910037    2.84023294    3.04696926    2.60143173    2.73945492    2.94872326    2.86693688    2.80219992    1.94123891    1.33774696    1.48090445    1.49809285    2.02166556    1.99578606    2.05425914    1.68795469    1.59514860    1.83723929    1.48059867    1.47656882    1.58710639    2.46736731    1.69993562    1.40260435    2.00120900    2.17411063    2.07372859    2.33279114    2.39147015    2.28247398    2.57377147    1.61262099    1.72064941    1.34910796    1.51461396    1.90771191
K0EVP3_9NOCA/11-119     2.06088663    2.26157788    1.81399523    0.00000000    1.48842609    1.58044279    1.50104101    2.10485874    1.67469180    2.09395637    2.10089361    1.89743559    1.61979361    2.25932453    2.92695611    1.95721424    3.20085913    3.02621779    3.31264804    2.51599339    3.02472421    3.35530461    2.89865091    3.05156004    2.37154011    2.60708918    2.69469167    2.45266328    2.69405507    2.41485693    2.76337607    2.06587420    2.64850219    2.56729988    1.62902677    2.31244951    2.36877232    2.85000195    2.28771889    2.78903445    2.41678481    3.14944764    2.39359115    2.85125558    1.83063173    1.94689724    2.22501178    2.77153912    2.88017999    3.24794461    3.36519535    2.19027048    3.17304554    2.89924879    2.41069105    1.80961626    1.99161243    2.28832172    2.08340720    1.93425489    1.86649728    2.18207341    2.31478751    2.21437434    2.10046207    2.28981471    2.13018037    2.05514460    2.26094375    2.77200791    3.40628194    3.21808650    3.24692943    3.43181840    3.39663947    3.46463320    2.83167359    3.19510223    2.97304744    3.84912393    2.26551556    2.10299457    1.77556500    1.53925367    2.33511224    2.84174482    3.29880722    2.29085050    2.13240622    2.41380557    1.93708863    1.96732031    1.89834530    2.40769616    1.93539057    2.08574712    2.15699358    2.04339584    2.41677124    2.64214496    2.35593653    2.43835638    2.20108778    2.03728479    2.10978084    1.68871857    1.56428901    1.89676617
K6XGD1_9MICO/6-111     1.11681914    1.57274692    1.30070025    1.48842609    0.00000000    0.93188311    0.94789814    1.62643450    1.14538425    1.24635067    1.01776007    1.07721330    0.85360570    1.53796689    1.91433076    1.43515442    2.37021981    1.89673899    1.92215063    1.99107889    2.25167155    2.09638357    2.02201934    1.84102125    1.88548222    2.03668826    1.33042185    1.58960012    1.40479740    1.64342812    1.68091345    1.55712108    1.57673943    1.38856312    1.41389357    1.78387214    1.77143129    1.67893215    1.71177098    1.57126176    1.81942377    2.32546449    1.90311398    2.38537310    1.60893603    2.00569867    1.74271699    1.97467922    2.03253174    2.16472389    1.99503854    1.61195226    1.59586240    2.20681213    1.52092749    1.41326044    1.44132199    1.55762516    1.49095381    1.68564925    1.43348766    1.54367206    1.85521822    1.45273222    1.82413920    1.79408369    1.96843322    1.59881798    1.61127088    1.87552017    2.22676485    2.92004206    2.31822816    2.94453236    2.61103681    3.01037359    2.45715236    2.46846494    2.55856523    2.46907323    1.56331068    1.61056231    1.66947716    1.54508517    1.96728930    1.85824204    1.94485535    1.95190990    1.88233332    1.91333409    1.39960237    1.31993106    1.42573703    1.68236642    1.36818469    1.34757976    1.53469865    1.78394206    1.68337184    1.96153648    1.60835274    1.51696067    1.71589858    1.66857788    1.43966279    1.50498667    1.19400753    1.20559941
K6W7W9_9MICO/6-108     1.10794256    1.59704321    1.33641086    1.58044279    0.93188311    0.00000000    1.14739065    1.56928997    1.44944687    1.49272531    1.31301581    1.17149761    1.17371127    1.58482959    1.63894768    1.39790597    2.57405424    1.96888757    1.97788929    2.06105331    2.19354730    2.34470986    2.13913626    2.43769241    2.02988753    2.16163919    1.42481263    1.43668249    1.36213306    1.74050895    1.76005590    1.29580017    1.48925170    1.30148252    1.60059661    1.66580137    1.40355583    1.77226439    1.48291022    1.69032986    1.78530022    2.22958969    1.91268384    2.05007549    1.56316665    1.76599416    1.48700266    1.79666115    1.78017239    2.03486044    1.80162377    1.48032799    1.60637776    2.05788943    1.58333931    1.63207073    1.22060162    1.65861027    1.28901672    1.46591946    1.65533642    1.54891041    1.76404229    1.75484941    1.59327191    1.89871081    2.28380855    1.71919706    1.68926395    1.96509447    2.43533288    2.83818188    2.36152809    2.65911859    2.34751851    2.69337681    2.22876049    2.62937737    2.44881823    2.70996075    1.47566552    1.50576478    1.60563846    1.43879277    1.69813037    1.99964854    2.11791926    2.01753321    1.63417118    1.97488711    1.67522643    1.47236020    1.68286560    1.94614326    1.58969715    1.52466120    1.61236798    1.93565471    1.90156200    2.00050311    2.27822657    1.94016684    1.97629161    2.00678907    1.48793234    1.41461563    1.32954678    1.28216642
A0A0A0BV86_9CELL/5-109     1.34581881    1.54098703    1.42077398    1.50104101    0.94789814    1.14739065    0.00000000    1.27126569    0.83506121    1.08703180    0.79915491    0.98015578    0.83022455    1.67968760    1.59740709    1.40131611    1.81233504    1.89771440    2.14287428    1.75250431    1.89126012    2.52091051    2.15938392    2.17005725    2.24618382    1.93568355    1.74915479    1.87170629    1.97209292    2.00308162    2.26182176    1.68314733    1.82298978    1.66569111    1.31437042    1.93347507    2.06476524    2.02389631    1.59779776    2.08046342    1.98629027    2.45016694    2.23432922    2.59643542    1.54615085    2.29088492    1.88392832    2.20618620    2.24323401    2.39015621    2.07668566    1.65476339    1.78717594    2.13888477    1.84645112    1.38949136    1.44514756    1.72395595    1.66920074    1.77578786    1.71010967    1.55706113    1.69046830    1.48492114    1.84540712    1.91270567    1.89754027    1.69665732    1.60891191    1.94105634    2.34792401    2.22251544    2.63528485    3.44254355    2.76916007    3.03494970    2.26094696    2.52710755    2.90157378    2.72867962    1.73184884    1.69343714    1.44662560    1.27336012    1.91887971    1.70922865    2.25982514    1.80479595    1.63186532    2.15586047    1.75492612    1.66944453    1.69205237    2.07647648    1.50966000    1.27374940    1.72916421    1.97372549    1.99613881    2.16761897    2.10953649    1.89167575    2.18913454    1.82601110    1.64454393    1.74145161    1.45275021    1.60918950
E1VSH0_GLUAR/6-113     2.02897934    2.10396607    1.72955740    2.10485874    1.62643450    1.56928997    1.27126569    0.00000000    1.16310258    1.23926610    1.22248268    1.51875431    1.44269907    1.90545257    2.30080954    1.63384614    2.49000983    2.09563580    2.35544913    1.91493928    2.05156118    2.84728802    2.06733332    2.50952026    1.87592043    2.12273243    1.54167668    2.13545904    2.25478766    2.14510944    2.74183217    1.55766464    1.86465738    1.94215970    1.56225626    1.85217051    1.98282557    1.89302362    2.12514016    2.24643273    2.29248413    3.06598594    2.67529301    2.63544611    2.16775348    2.57445542    1.78312003    2.82139294    2.45438454    2.00241089    2.21264687    1.84750621    1.82281705    2.44176701    1.82199353    1.66045668    1.72572853    1.94237782    1.94122931    1.88604714    1.65524958    1.77743549    1.74606237    1.54924380    1.87517466    2.38068585    2.17954219    1.95572185    2.60517504    2.67633373    2.75723225    2.58243620    2.92896734    2.96079977    3.16482096    2.82462721    2.46274623    3.44091112    3.48908516    3.15691802    1.91292359    1.63528107    1.90018911    1.91698015    2.07947581    2.27085744    2.31789840    2.04612558    1.83673774    2.90241637    2.07227036    1.98564971    2.24930237    2.51151946    1.82497857    2.29441527    2.44426879    2.70562694    2.78931490    2.99652390    2.91361571    2.50148154    2.39252772    1.96970238    2.68931873    2.06798899    2.12342958    1.90227517
C8XE07_NAKMY/7-112     1.63973799    1.63820130    1.73206033    1.67469180    1.14538425    1.44944687    0.83506121    1.16310258    0.00000000    0.74039852    0.71717112    1.29875327    1.11348388    1.60467122    1.79780382    1.41567035    2.27548362    2.28255931    2.36964282    1.95585898    2.07735669    2.86311694    2.34951791    2.31811108    1.81490864    1.84504890    1.71818097    1.74077821    1.82963783    1.86896112    2.13389210    1.34831846    1.70771765    1.46907982    1.38818071    1.91870034    1.76707590    1.73493603    1.78410095    1.85616050    1.68180779    2.35431423    2.05909068    2.43266199    1.85388844    2.12785512    1.88158695    2.06057119    2.15557779    2.18607093    1.98671498    1.65731092    1.50776883    1.93072867    1.62522007    1.53834327    1.40376260    1.74641199    1.56953329    1.94088396    1.50380064    1.33282216    1.47765899    1.21954955    1.39134837    1.89735944    1.56677038    1.54147631    1.72746047    2.21603589    2.16799514    2.30566228    2.39238040    2.48072604    2.76153373    2.61505937    2.05790264    2.70231169    2.42507521    2.68669948    1.80772529    1.63318318    1.61940777    1.30997096    2.00958183    1.98078864    2.07914715    1.78042092    1.51796640    1.79238729    1.78587977    1.65770757    1.87387178    1.64339335    1.71050209    1.40824788    1.76249417    2.00692331    2.00816341    2.27848062    1.87530062    1.79577849    1.96781938    1.73632087    1.39485596    1.88315386    1.52817710    1.27712170
A0A147ESB6_9MICO/6-115     2.18821119    1.82360654    1.54761056    2.09395637    1.24635067    1.49272531    1.08703180    1.23926610    0.74039852    0.00000000    0.91524549    1.33682501    1.10218676    1.96455216    1.64820556    1.65790270    2.92722759    2.24577899    2.40659412    2.31041873    2.29335564    3.23853441    2.58187563    2.61405058    2.09064309    2.08438723    1.83495820    1.92230746    1.88786164    2.22979274    2.57693118    1.64678299    1.66319034    1.83155665    1.59467046    2.24782172    2.12968963    1.77142373    1.95513281    1.79749380    1.91441797    2.38519361    1.94748140    2.34930633    1.70293120    1.98038551    1.86079268    1.91233089    2.08338300    2.39243816    2.15574622    1.87091438    1.61044786    2.36085674    1.54512404    1.83986349    1.77912188    1.66623354    1.66356992    2.05103254    1.53738345    1.65264681    1.49288820    1.60198286    1.80886486    2.34563081    1.96925346    1.92800713    1.84987045    2.57027572    2.30404804    2.64664071    2.64660047    2.79285260    3.43621947    2.54212553    2.13559570    2.68269076    2.74543138    2.56195988    2.22989484    1.84912080    1.82074593    1.37329420    2.35284076    2.43132255    1.85646827    2.09602923    1.66703381    2.25141472    1.81776229    1.80057853    2.09403812    2.18052655    1.80927708    1.43542442    1.96723668    2.25014375    2.25625008    2.57339459    2.07366945    2.01243082    2.37447415    2.03744448    1.95889633    1.91358741    2.01170007    1.56155700
A0A164R6I0_9NOCA/7-113     1.91791517    1.56300423    1.46637635    2.10089361    1.01776007    1.31301581    0.79915491    1.22248268    0.71717112    0.91524549    0.00000000    1.07182241    1.10224365    1.94030051    1.98778310    1.47116007    2.26473994    1.94022042    2.00692903    2.05026294    2.06102021    2.47135769    2.26772063    2.41558263    2.12456633    2.01074322    1.65087035    1.86443706    1.76615042    2.02834970    2.39837761    1.69333018    1.55218322    1.82665896    1.50292829    1.88479090    2.00945060    1.86575428    1.88022261    1.67717625    1.63559301    2.56692515    2.03191696    2.72473044    1.76741905    1.86914743    1.82574274    2.05564780    2.14227642    2.32047443    1.89120666    1.56988073    1.35285716    1.96816810    1.51369607    1.68628813    1.82008183    1.61077040    1.87314341    1.88592679    1.81069583    1.85007293    1.79198382    1.60510770    1.92244619    2.34847547    1.75241158    1.96105426    1.87574051    2.09455445    2.50865814    2.23658415    2.41607732    2.68894326    3.00523307    2.36177031    2.48800355    2.72560023    2.97252163    2.39730993    1.80829345    1.80760171    1.64363521    1.68386312    2.35186671    2.19312213    1.81001719    2.01640606    1.85203581    2.04402551    1.67015309    1.73388519    1.83102850    1.82674904    1.80797924    1.30904286    1.79766774    2.16599010    1.97197875    2.51216893    2.39479925    2.17805825    2.21458200    1.94322466    1.76068102    1.77254623    1.58509932    1.52244715
E0DDB8_9CORY/9-114     1.58027431    1.41594931    1.47095073    1.89743559    1.07721330    1.17149761    0.98015578    1.51875431    1.29875327    1.33682501    1.07182241    0.00000000    0.80949107    1.88816376    2.43141486    1.57268595    2.84182589    2.46851294    2.53662524    2.01343029    2.60981389    2.58162563    2.31246345    2.12459041    2.24579862    2.20456912    1.66060253    2.00556587    2.11282775    2.40847084    2.23787748    1.35675601    1.57516752    1.74814439    1.94230822    2.65351684    1.94836504    1.92326270    1.91509300    1.98386689    2.15316913    2.73288047    2.67905269    2.54392978    2.03503215    2.10253365    2.27192817    1.70169532    2.12021733    2.60055092    1.80623294    1.54865930    1.71456813    2.69823771    1.57711254    1.69496559    1.59191893    1.78045541    1.81446582    2.09370617    1.57672533    1.70923543    1.77234708    1.80881243    1.92980754    1.54372733    2.17546043    1.89415998    2.22924157    2.49588661    2.30181703    2.97839815    2.91112113    3.42925315    3.29592743    3.09370329    2.64906474    2.93154030    2.76134796    2.97141365    2.08873402    1.83020857    1.54145528    1.46911763    2.17507249    2.84990837    2.57297966    2.43427236    1.36528649    2.20182383    1.52576450    1.73428274    1.71324593    1.87943585    2.08361775    1.55339847    1.98419585    1.98223791    1.99613929    2.56451977    2.52805366    2.08071442    2.53801225    1.55621719    1.84833965    2.00129039    1.64173744    1.63895579
A0A0K1RBD4_9CORY/10-112     1.24968571    1.25827979    1.15688765    1.61979361    0.85360570    1.17371127    0.83022455    1.44269907    1.11348388    1.10218676    1.10224365    0.80949107    0.00000000    1.68678198    1.86532286    1.25212656    2.15753733    1.65037301    1.79436552    1.79704362    2.02720682    2.42781588    1.80782620    2.04547542    2.31875854    1.87754446    1.48521943    1.80383422    1.48146392    1.93067284    1.90622122    1.45697595    1.50769463    1.51208438    1.61140416    1.87502884    1.75760298    2.04572546    1.82937646    1.78477468    1.86492637    2.33840001    1.98042930    2.51131596    1.66484221    1.63080105    1.84312078    2.23021886    2.00986346    2.18017422    1.97235630    1.68098420    1.63768232    2.07654479    1.50511539    1.50771626    1.30781393    1.52926281    1.33435078    1.57950257    1.53404317    1.50807647    1.68226850    1.62105870    1.62292938    1.42378058    1.67968592    1.31697998    1.41433227    1.74491942    2.40222052    2.30323659    2.57989586    3.17615220    2.45860650    2.71020970    2.21791375    2.39298005    2.67008505    2.30481997    1.75034948    1.51923170    1.39767013    1.27148054    1.61398810    1.75842096    1.83947337    1.75239073    1.37008553    1.74383702    1.50833934    1.50473495    1.50167003    1.64030102    1.42773423    1.41282309    1.67879807    1.87044852    1.87570283    1.82236228    2.06017850    1.77901971    2.02133871    1.57998230    1.39340866    1.78139734    1.44548270    1.33444549
R4LJ74_9ACTN/26-128     1.56859428    1.88601701    1.93062349    2.25932453    1.53796689    1.58482959    1.67968760    1.90545257    1.60467122    1.96455216    1.94030051    1.88816376    1.68678198    0.00000000    1.51787343    1.84608908    3.12644329    2.34920046    3.09279560    2.16513345    2.93684220    2.97249739    2.47248250    2.66290728    1.96725982    2.63211338    1.95500024    1.89828571    2.55668736    2.37491181    2.41446785    1.63347845    1.86659433    1.72310567    1.69557919    1.91798814    1.88138716    2.06810249    2.14008721    1.82574918    2.04202795    2.94309380    2.45335982    2.70587473    1.71895216    2.51917234    2.12664699    2.16919572    2.36716729    2.27813069    2.11276374    2.07516903    2.13893788    2.20101858    1.89606884    1.73231379    1.78384324    1.52499990    1.67605695    1.76659635    1.56904846    1.63942026    1.31421809    1.44810487    1.73062370    2.08715581    2.36972495    1.89910565    2.22135173    2.39155056    2.63393447    2.95578475    2.83691832    2.87199042    2.49645033    2.44175366    2.69779303    2.59171803    2.54831215    2.86147622    2.02258795    1.66011114    1.57431962    1.52207265    2.03305096    2.68080868    2.22775288    2.31511539    1.92410944    2.49267243    2.50740602    1.82780213    2.18502065    1.84122812    1.85399232    1.99573123    2.23317944    2.12489229    2.35451190    2.09974230    2.61835326    2.28158850    1.97993935    1.53888584    1.87162888    1.61042971    1.94486430    2.23949923
R4LJ74_9ACTN/140-249     2.00324466    1.99541794    1.99172304    2.92695611    1.91433076    1.63894768    1.59740709    2.30080954    1.79780382    1.64820556    1.98778310    2.43141486    1.86532286    1.51787343    0.00000000    1.77087029    3.48546235    3.20749333    3.54691831    2.75701025    3.08914359    2.78940100    3.34130175    3.20996938    2.27614322    2.84982088    1.84909575    2.24333585    2.68301499    2.98397213    3.12858341    1.85847098    2.01214735    1.88017579    1.90138399    2.31597455    2.36884796    2.20641092    2.23522079    2.20083258    2.09830247    3.30576638    2.78269359    3.07890797    2.02124570    2.43128318    2.65486408    2.14272590    2.54760838    2.43979267    3.05728982    1.98301534    3.22054929    3.13495821    2.56294068    1.88627379    1.83636367    1.82396391    1.91840361    2.12137361    1.78375169    1.68294980    1.74304070    1.56719386    2.05804331    2.25359839    2.73674580    2.06502430    1.97985073    2.02654083    3.31483052    3.41041986    3.35343905    3.82867018    3.80222153    2.52857314    2.47613044    2.41845227    2.26941474    2.94689714    2.18916840    1.74845201    1.76758093    2.08939412    2.73895004    2.88971023    3.13833520    2.56256822    1.76855833    2.62736149    1.96399733    2.16702567    2.24243427    2.65499546    2.45886982    2.32870504    2.77186321    2.65464936    2.40155318    3.08868981    3.34646930    2.80766413    2.78394386    1.93140376    1.75037575    1.74951004    1.60343018    1.96747403
F8JNL9_STREN/10-112     1.39956851    1.69939171    1.60193958    1.95721424    1.43515442    1.39790597    1.40131611    1.63384614    1.41567035    1.65790270    1.47116007    1.57268595    1.25212656    1.84608908    1.77087029    0.00000000    1.97257045    1.97281672    2.22012755    1.75420984    1.98717466    2.44299629    2.02627908    2.72711324    2.23942251    2.55226576    1.59959250    1.62089145    1.45933779    1.67785745    1.65283227    1.39995427    1.28532042    1.19864616    1.88032354    2.07667998    2.15532229    2.07258415    1.75911312    2.11854621    1.83252172    2.77513191    1.73649958    2.41416032    1.97099194    2.04771925    2.02659984    2.27845389    2.21674827    2.25838103    2.18152787    1.80493516    1.68500135    2.70088941    1.75768754    1.01937966    1.32299848    1.86899129    1.65574566    1.88130238    1.19064128    1.62629236    1.61121678    1.40180260    1.52829212    1.71975916    1.98628394    1.64040097    1.62063995    2.14537707    2.67642020    2.14957611    2.79486594    3.42070726    2.21264891    2.89749196    2.80310047    2.94182206    3.50340929    3.03080037    1.57556568    1.46119820    1.44599526    1.48777803    1.77014393    2.61126659    2.32839146    1.95437324    1.44865827    1.57182265    1.75023452    1.56582826    1.49009981    2.06661002    1.99546805    1.36817420    1.88966030    2.13521698    2.13465196    1.97010693    2.64766107    2.14211897    2.32591325    1.63519819    1.75688696    1.34375288    1.48769404    1.27870319
D0LB82_GORB4/134-245     2.46965172    2.14118567    1.78807160    3.20085913    2.37021981    2.57405424    1.81233504    2.49000983    2.27548362    2.92722759    2.26473994    2.84182589    2.15753733    3.12644329    3.48546235    1.97257045    0.00000000    1.28070851    1.13730388    1.09663045    1.26637442    2.23657778    2.16166399    2.44868042    2.03258839    2.00771756    1.98828206    2.26071752    2.12133433    1.96757401    1.75743863    2.20941052    2.86939665    2.30610809    2.02776313    2.99462537    2.59297133    2.31290449    2.35546307    2.44768005    2.36063458    2.88956357    2.84396284    2.67107713    2.30201448    3.02894983    2.56839121    3.17708737    2.85225283    2.56077422    2.91393460    2.15854120    2.90638467    3.40076871    2.69173896    1.92551845    2.26881641    2.35189844    2.17569406    2.83508665    2.35373144    2.87081875    2.83525770    2.27500300    1.99438423    2.19846682    2.55805970    1.98917238    2.26735157    2.09492831    3.03257734    2.59828267    3.33618723    2.93444167    2.76631605    3.31040442    2.96788723    2.87149454    3.26358920    4.63266467    2.39602662    2.11189150    2.09663624    2.50303797    2.52136578    2.53512180    3.02746077    2.32070555    2.58877281    3.06386045    2.89010206    2.57069085    2.42246772    3.78356410    2.36425443    2.09680526    2.72386281    2.85308214    3.04425190    3.17245222    3.32603473    3.43693291    3.25412207    2.49555442    1.98149455    2.49324073    2.53848315    2.85332683
Q5YT70_NOCFA/136-239     2.56382794    2.19517647    2.01767162    3.02621779    1.89673899    1.96888757    1.89771440    2.09563580    2.28255931    2.24577899    1.94022042    2.46851294    1.65037301    2.34920046    3.20749333    1.97281672    1.28070851    0.00000000    1.03057968    1.07597467    1.51290687    1.78431224    2.33135923    2.16098564    1.75893514    1.90248192    2.01563754    2.40281342    2.27547544    2.60172411    2.41224816    2.13810468    2.45781079    1.98313794    2.02276048    2.37611767    2.35681090    2.26237979    2.55260232    1.98002791    2.41350556    3.25308373    2.92862516    3.05072626    2.35186253    2.40637574    2.44172190    2.57740715    2.87999244    2.92198159    2.24868481    1.85645919    2.03637497    2.96474374    2.43460059    2.30961436    2.23590651    2.05581492    2.09926388    2.38470362    2.07941185    2.65570081    3.00504703    2.30071343    2.19786984    1.91482568    2.13407762    1.90500298    1.75893759    2.18103175    3.16714840    2.95990987    2.77913449    2.91534199    2.75623337    2.70276968    2.25350350    2.32617600    2.94166779    3.09918796    2.30169560    2.15691617    2.17372151    2.06697782    2.83805067    3.00402498    2.92566025    2.34022979    2.35004695    2.74515560    2.68719236    2.10166558    1.99663435    3.35347368    2.17851759    2.06582480    2.78466379    2.93670630    3.33860075    3.05335116    3.53070802    3.36373184    3.20989420    2.36564891    2.55341978    2.34161003    2.10329542    2.41289315
A0A0K1JM50_9MICO/131-239     2.34654498    2.37935047    1.73857719    3.31264804    1.92215063    1.97788929    2.14287428    2.35544913    2.36964282    2.40659412    2.00692903    2.53662524    1.79436552    3.09279560    3.54691831    2.22012755    1.13730388    1.03057968    0.00000000    1.20134905    1.70559461    2.77188976    1.96542064    2.38031001    1.80177175    1.82131249    2.03522033    2.33310259    2.35439329    2.81846203    2.31552797    1.96807196    2.25787103    1.94928123    2.25516272    2.66007063    2.80149928    2.11814629    2.24648077    2.26545305    2.15141032    2.95347735    2.66169350    2.50253578    2.24215971    2.29366559    2.41273580    2.95633929    2.52296078    2.88016091    2.67086615    1.95611800    2.13818639    3.11392879    2.38203142    1.92518283    2.20422621    1.92111886    2.14536099    2.57241237    2.24671221    2.86421041    2.90985983    2.33576635    1.91188781    2.59986761    2.49364153    1.88640583    2.42857647    2.33430777    3.14018132    2.97849239    3.10426293    2.65362333    2.50239799    3.03840389    2.56955536    3.38344625    2.84383464    3.67986700    3.04638263    2.04659040    2.49146476    2.10964930    2.86257530    2.66919999    3.01073980    2.65016090    2.44599086    2.53658185    2.65528342    2.40995247    2.28253543    3.26442987    2.55752625    2.34898432    2.77676853    2.84493706    2.99709282    3.49312836    3.11170881    3.92293408    3.38504418    2.29387421    2.54447629    2.27850798    2.16990731    2.45664288
A0A0Q7Z5N2_9ACTN/141-246     2.15805018    2.49444267    1.81691446    2.51599339    1.99107889    2.06105331    1.75250431    1.91493928    1.95585898    2.31041873    2.05026294    2.01343029    1.79704362    2.16513345    2.75701025    1.75420984    1.09663045    1.07597467    1.20134905    0.00000000    1.28909287    1.71285705    1.95826693    2.17391076    1.57068708    1.78730268    2.10797147    1.88585702    2.07391952    2.20624151    2.02484455    2.23540737    2.24633606    1.83536006    1.68630139    2.27543508    2.27632321    1.99660870    2.06312952    2.37698826    2.31235389    3.20203324    2.47220766    2.45880287    2.43179135    2.79688215    2.41870012    3.15685659    2.65980766    2.15221513    2.57009322    2.00859516    2.24077649    2.71145699    2.45652563    1.82958388    1.76712395    2.09770443    2.31119585    2.28570089    2.03936966    2.36281215    2.50047291    1.91346366    1.84490603    1.98806806    2.41898688    1.77550187    2.09470209    1.79287231    2.77584366    2.55559647    3.13822827    2.77047593    2.37796117    2.25861122    2.26156052    2.18736566    2.55257070    3.88687846    2.01881054    1.80887226    1.65602360    1.72335144    2.10035536    2.71772438    2.92874318    1.94843979    1.76151162    2.40608118    2.12674474    2.18877146    2.44879333    3.14093208    2.21794822    2.06530873    2.45048746    2.31171266    2.32890603    2.11886099    2.94287043    2.57951706    2.34867127    2.42369893    2.02113786    2.28765929    2.18199084    2.27644989
A0A0Q7BEZ1_9ACTN/77-182     2.36118110    2.26836897    1.81129646    3.02472421    2.25167155    2.19354730    1.89126012    2.05156118    2.07735669    2.29335564    2.06102021    2.60981389    2.02720682    2.93684220    3.08914359    1.98717466    1.26637442    1.51290687    1.70559461    1.28909287    0.00000000    2.33665840    2.18612913    2.30202479    1.57951893    1.97692549    2.17107718    2.28554931    2.37578431    2.00067369    2.45159533    2.44071156    2.08901175    2.30333976    2.19221295    2.79105602    2.33800075    2.39382994    2.32076803    2.53074027    1.99274601    3.18272736    2.52251928    2.64463639    2.40141142    2.70721160    2.68260835    3.04062903    3.10295175    2.89846484    2.38223887    1.65441413    2.17570621    2.94992585    2.23271806    1.72757072    2.46519053    2.29575512    2.51962303    2.55540498    2.39160529    2.66400348    2.74754649    2.49532023    2.07056895    2.10915874    2.45702743    2.16552048    2.32223945    2.31791227    2.90756455    2.92274771    3.24290013    3.03505177    2.74292937    2.67547656    2.61212094    2.42888696    2.78409397    3.48876264    2.01965193    2.27463538    2.04693059    2.61000366    3.13157838    2.95096914    3.12301861    2.72468327    2.33223156    3.01736785    2.45012869    2.42318484    2.14869920    3.38009114    2.61274106    2.11298859    2.71085069    3.01543851    2.87518741    3.65427584    3.89800965    3.32406468    3.31777389    2.41305384    2.70432579    2.10862696    2.35266329    2.14612174
D5UBT6_CELFN/7-108     2.26945475    2.88516036    2.37444892    3.35530461    2.09638357    2.34470986    2.52091051    2.84728802    2.86311694    3.23853441    2.47135769    2.58162563    2.42781588    2.97249739    2.78940100    2.44299629    2.23657778    1.78431224    2.77188976    1.71285705    2.33665840    0.00000000    1.85733083    1.89660204    1.15059648    1.50124815    2.03071712    2.27435423    2.09667665    2.13439910    1.90837631    2.92526098    2.42168599    2.32873290    2.21423521    2.42141977    2.25909701    1.83124165    1.97443814    2.16899030    2.32046156    3.02624483    2.22893593    2.89909106    2.46606354    2.51393880    1.98286844    2.31955143    2.60722817    2.60842866    2.51903388    2.11668886    2.26980406    3.39893626    2.51062248    1.87031965    2.31976779    2.68775831    2.40877532    2.93643851    2.23311757    3.03856933    3.03623862    2.74037756    2.31067173    3.17467398    2.67175094    2.17525750    2.70783895    2.29757166    2.69316394    2.28554591    2.64130488    2.89494118    2.78923786    2.53114497    2.05880995    2.88803671    2.86037678    4.03805588    2.32248696    2.37557640    2.35894272    2.87580854    2.72019030    3.64184456    3.16557091    2.64518544    2.84326964    3.49921429    2.05711893    2.57965087    2.51572773    2.86081717    2.91503440    2.61654114    3.24927387    3.61413440    3.18757296    3.76969402    3.60516235    3.43436159    3.52162002    2.46615110    2.26558029    2.26177701    2.37660327    2.97693186
K0F404_9NOCA/6-111     2.37906911    2.02803039    2.46734755    2.89865091    2.02201934    2.13913626    2.15938392    2.06733332    2.34951791    2.58187563    2.26772063    2.31246345    1.80782620    2.47248250    3.34130175    2.02627908    2.16166399    2.33135923    1.96542064    1.95826693    2.18612913    1.85733083    0.00000000    1.18858043    1.12752542    1.47757671    1.72394809    2.22580577    2.12452367    2.13098139    2.18831816    2.04639831    2.31124121    2.03805172    2.08739941    2.18436226    2.22014125    2.11387411    2.22998986    2.23783967    2.05144060    3.01508404    2.63221926    2.33397022    2.12771729    2.41937525    2.31307194    2.36105157    2.14399755    2.17826055    2.30005211    2.23339364    2.18136558    2.40612839    2.45623810    2.03905879    2.65693783    1.94907884    2.35335024    2.17011825    2.32102009    2.54897887    2.64582324    2.68580323    2.10851331    2.80686967    2.50875727    1.98286080    2.84843006    2.58348784    2.74932097    2.73475414    2.52828252    2.40611501    2.60508518    2.99389635    2.12845145    2.65992014    3.07727027    2.91711459    2.43681639    2.28989409    2.35973492    2.40877315    2.36307778    2.77347094    2.93210076    2.04112652    2.99299589    2.36141276    2.82501334    2.65901792    2.80533663    2.85920981    2.13501051    2.73937080    2.94854882    2.88990066    3.03379211    3.36286538    3.70144845    2.85422765    3.06432713    2.51028081    2.39137319    2.24118564    2.37928872    2.45004137
N0DZJ1_9MICO/8-126     2.30154789    2.63487598    2.74349694    3.05156004    1.84102125    2.43769241    2.17005725    2.50952026    2.31811108    2.61405058    2.41558263    2.12459041    2.04547542    2.66290728    3.20996938    2.72711324    2.44868042    2.16098564    2.38031001    2.17391076    2.30202479    1.89660204    1.18858043    0.00000000    1.27085143    1.57633704    1.93696925    2.47358673    2.55388303    1.74546194    2.25974424    2.44892899    2.26215710    2.52879472    2.56235940    2.40812305    2.14363801    2.13726516    2.16019488    2.45975485    2.66926952    3.01203116    2.72329141    2.66492010    2.64594994    3.02095873    2.34278903    2.79472615    2.45865744    2.85355808    2.74270976    2.07426589    2.83519389    3.23866013    2.82139060    2.55782234    2.61331065    2.24194813    2.46355913    2.28318533    2.37579633    2.45055047    3.24819865    2.88478342    2.29481895    2.93479321    2.61126748    2.37857723    2.87712571    2.44285240    3.43360336    3.65482336    3.60087136    2.81410654    3.30176161    3.30018498    3.13360109    3.37176122    2.98089771    2.96146812    2.11294486    2.98027032    2.54438415    2.59687001    2.85987507    3.32163155    3.14797199    2.78134009    3.03398551    3.27233667    2.80470928    3.03753407    2.44146130    2.84274981    2.66367714    2.98943892    2.84690774    3.11498603    2.98478665    4.24661436    2.84047230    2.64104621    2.93519210    2.07113012    2.31027369    2.35262136    2.63385207    2.48642070
D0LB82_GORB4/7-110     2.03008292    2.45812691    2.24625340    2.37154011    1.88548222    2.02988753    2.24618382    1.87592043    1.81490864    2.09064309    2.12456633    2.24579862    2.31875854    1.96725982    2.27614322    2.23942251    2.03258839    1.75893514    1.80177175    1.57068708    1.57951893    1.15059648    1.12752542    1.27085143    0.00000000    0.51026581    1.50606469    2.02382641    2.25644561    1.71135281    2.32334616    1.82403713    2.11075767    1.68634627    1.76599686    1.68249195    2.08145075    1.70228525    1.91906249    1.81401707    1.82081061    1.94898775    2.52011039    2.17691561    2.18680670    2.23129858    1.73780754    2.31368554    2.47411728    2.25693249    2.54407541    1.87251371    1.84751085    2.84327930    2.26021994    1.91119320    2.17424850    1.99100870    1.67615329    1.97275571    2.09327566    2.34137111    2.20067404    2.29941565    1.85137425    2.47336553    2.30590124    1.73413401    2.51509287    1.86927436    2.68555433    2.45748321    2.35669440    2.31586271    2.26979054    2.39994078    2.49548167    3.08552790    2.42720253    2.63834705    1.78274175    2.00917598    1.77756612    2.36701913    2.36582081    2.44213811    3.04744539    1.89008310    2.18894208    3.23756796    2.12520102    2.08304304    2.10614120    2.71467524    2.31334794    2.33245669    2.59666950    2.47901804    2.88683253    3.06541580    3.39492085    3.31883221    2.72502514    1.69131350    1.81842936    1.74964456    2.10271244    2.00109716
H0QVM2_9ACTN/7-111     2.41178987    2.55843481    2.63852883    2.60708918    2.03668826    2.16163919    1.93568355    2.12273243    1.84504890    2.08438723    2.01074322    2.20456912    1.87754446    2.63211338    2.84982088    2.55226576    2.00771756    1.90248192    1.82131249    1.78730268    1.97692549    1.50124815    1.47757671    1.57633704    0.51026581    0.00000000    1.80504192    2.50044883    2.40272908    2.10173013    2.49369403    2.34156660    2.40352080    2.06478063    1.97109500    2.05194997    2.27386041    1.72772114    1.92076830    2.09597049    1.61846600    1.91827563    2.71280709    3.40755995    2.25512874    1.84583008    2.25855774    2.57841293    2.54690410    2.22812268    2.51630369    2.01758825    1.84110147    2.46707270    2.30158476    2.32011020    2.23724889    1.82158643    1.85976680    2.17440749    2.23558306    2.35673212    2.34479412    2.48219073    1.97683660    2.60643527    2.60906078    1.97857928    2.80088327    2.25846640    3.26544624    2.48662533    3.20266174    3.14281023    3.00260540    3.58944361    2.80995840    3.57672894    2.71957332    2.89325539    2.62306520    2.43176986    2.44128586    2.41893969    2.39673804    2.60725722    2.38492529    2.57270788    2.21817184    3.68966333    3.18185291    2.41383366    2.47892581    3.06135548    2.63423881    2.49687767    3.29228113    2.61737250    3.36711720    3.77664010    3.86908479    3.07027474    2.95838948    2.26463381    1.94305785    2.85407989    2.50777618    2.80769717
