109
A0A158QE72_HYMDI/1231-1298     0.00000000    1.60883563    1.49988384    1.60097854    2.07824901    1.74799332    2.33646637    1.94425932    1.70381336    1.83219424    1.77186822    2.32391394    2.26160221    2.49840160    2.23460625    2.19436120    2.14821876    1.75275610    1.52142052    1.69346732    2.14169269    1.68635965    1.72717652    1.55673907    1.70227909    1.96259056    1.77137067    1.73720367    2.02606794    1.95617953    1.98512126    1.90256561    1.96312964    2.14592191    1.91194430    2.73687635    2.02687662    2.03395495    1.63910722    1.89688570    1.95479760    1.94028862    2.81708705    2.64425743    1.71357882    2.30255957    2.70437540    2.62508555    2.28371973    2.13703937    2.08128725    2.21335331    2.13142447    1.68249096    2.10442128    2.22465303    2.39431636    2.41605748    1.93728805    2.51101001    2.71129078    2.77335128    2.26137647    2.15308015    2.05643683    2.58251248    2.31347626    2.46205626    2.51920230    1.94498125    1.92316099    2.16081347    2.06480541    2.34176701    2.14228517    2.26811568    2.38323467    2.68672127    2.26474289    2.37864765    2.16776470    2.18288926    2.14182914    2.11474555    1.75428130    1.61800093    1.83158552    1.82389772    1.80532832    1.44529018    1.77559121    1.91071538    2.44401780    2.11122457    1.75088345    1.94479214    1.73602366    1.56810548    1.59464586    1.66062838    1.28376737    2.05489388    2.13726773    2.07235812    2.29141220    1.34196016    1.54444552    1.87522745    1.88526966
A0A2H2ID86_CAEJA/762-827     1.60883563    0.00000000    0.39129358    0.44637995    1.57436326    1.82841883    1.73104054    1.52960720    1.68049769    1.68196719    1.61353736    1.74786102    1.69774733    1.67698977    1.44946954    1.58962830    1.38753104    1.58064636    1.57224998    1.17657829    1.49949423    1.16208038    1.40014693    1.28747818    1.54790306    1.90831670    1.47377651    1.35410829    1.39333807    1.54132917    1.42890925    1.49384007    1.63249515    1.45875105    1.33096221    1.93254747    1.31301121    1.67072449    1.10921081    2.13061165    1.19399527    1.62191814    2.31767517    2.01805842    1.63779600    1.28030744    1.74041479    1.94519343    1.68034010    2.08514015    1.85545066    1.74150559    1.39892368    1.38371294    2.25118511    1.97305652    1.96437407    2.24304339    2.24266732    2.10193417    2.75459489    2.65113517    2.49081579    2.17565383    2.46170877    2.34804168    1.93956798    2.30363614    2.06115238    1.14680782    1.44998811    1.32449069    1.38952945    1.42329713    1.49468133    1.49729476    1.81784274    2.21371382    1.51223777    1.41392960    1.55409571    1.35461492    1.73045225    1.53022638    1.40943829    1.56772087    1.65792999    1.04692265    1.53959393    1.32808296    1.61181396    1.67985967    1.62477574    1.60152694    1.34390908    1.39152136    1.34922118    1.23743225    1.42497595    1.18244095    1.27304485    1.27673459    1.29304924    1.89140988    1.97925570    1.30624102    1.31422872    1.56367661    1.63029142
Q9BHK7_CAEEL/1179-1244     1.49988384    0.39129358    0.00000000    0.38245301    1.67091870    1.76949674    1.90779896    1.82215304    1.75611608    1.63956418    1.55960000    1.77172807    1.66507743    1.73089848    1.37795802    1.50904969    1.40927582    1.57182800    1.43051831    1.06573045    1.34199778    1.27721320    1.46466334    1.48041728    1.52289764    2.05919998    1.68375233    1.56673989    1.65407325    1.71837121    1.57970720    1.83525315    1.69198945    1.66813990    1.50568907    2.14083492    1.37441975    1.70703036    1.13579639    1.90254185    1.34573865    1.87211072    2.54914692    2.27853268    1.96972495    1.50683972    1.97111571    1.82938862    1.79189106    2.03375493    1.73079208    1.90462193    1.56089569    1.51457040    2.47934827    1.79407037    2.08255579    2.20600677    2.44413258    1.99364832    2.44611800    2.54933225    2.30067870    2.23279198    2.45075732    2.34961807    2.19607462    2.48114627    2.32930278    1.31314657    1.45362974    1.60305425    1.60705523    1.49321108    1.63151632    1.69140831    1.98258613    2.15211993    1.55776887    1.59104118    1.58737544    1.51290118    1.80109695    1.53489450    1.51022552    1.60919934    1.66253614    1.19585372    1.51088581    1.49293167    1.63441440    1.77184237    1.52968061    1.51782274    1.44259409    1.58154547    1.44431462    1.41954137    1.57110974    1.34160539    1.32275048    1.60380151    1.50405671    1.72789381    2.20524326    1.55378166    1.46038960    1.79292839    1.78718077
E3MMY7_CAERE/1174-1239     1.60097854    0.44637995    0.38245301    0.00000000    1.47660066    1.83569696    1.67395020    1.60980376    1.75744295    1.92900466    1.67765302    1.93517617    1.83638981    1.79523060    1.64161883    1.73188768    1.73873237    1.83297421    1.67134085    1.19578505    1.47043624    1.48530288    1.43527360    1.44913091    1.90259842    2.10895711    1.87440439    1.66032215    1.65652861    1.75746740    1.52625346    1.58644348    1.84227141    1.58809773    1.51762839    2.23411824    1.69346906    1.75428824    1.24475428    1.82323594    1.16967753    1.83288981    2.67234843    2.35473557    1.80547209    1.41774600    1.90029523    1.65634813    1.65868897    2.07578581    1.85899542    2.05441363    1.52643004    1.67096573    2.12740243    1.69507312    1.91823479    2.31467742    2.41261685    2.22495669    2.28407616    2.37312195    2.26351078    2.07823563    2.47715273    2.45274726    2.19698289    1.93800315    2.13732055    1.21057048    1.42515257    1.78563003    1.64862746    1.54772633    1.61455414    1.68085547    1.98598337    2.24341938    1.46242047    1.61971695    1.50406076    1.42488575    1.78853075    1.42471193    1.44371871    1.38100294    1.50073745    1.34149801    1.46714792    1.27314866    1.59127806    1.71809075    1.66547507    1.43115392    1.52500263    1.51562163    1.31348952    1.31158884    1.62834341    1.39543699    1.38539271    1.59088632    1.55747222    1.85522637    2.03803233    1.70727650    1.58888360    1.74181963    1.69418231
L8GMR4_ACACA/1079-1146     2.07824901    1.57436326    1.67091870    1.47660066    0.00000000    1.06822512    0.98714590    1.02592603    1.06527446    1.48180108    1.62791782    1.34637349    1.49754148    1.91798024    1.56567527    1.52828792    1.61775628    1.58550033    1.58173542    1.40636703    1.57492200    1.59067736    1.17682418    1.27294746    1.54496042    1.41842166    1.41676458    1.11830956    1.38446998    1.54298713    1.47389140    1.62635239    1.24263714    1.13526231    1.40868979    1.62325400    1.31464508    1.21611984    1.15125316    1.56215832    1.01180676    1.20087446    1.47042030    1.55702879    1.38481942    0.91551359    1.64116782    1.45673183    1.36508224    1.51190173    1.40604364    1.30884535    1.10680986    1.29509124    2.04229482    1.48501008    1.37093393    1.41528470    1.44905409    1.34945970    1.22074864    1.38636399    1.25626420    1.33496328    1.32456008    1.47919605    1.27219873    1.39742266    1.40351666    0.82816163    1.02495847    1.00905440    1.08288457    1.38989575    1.03719880    1.09203758    1.31375402    1.38249771    1.08917108    1.01517330    1.02998618    1.17585481    1.04672062    1.09252462    0.86424344    0.82137146    0.82328785    0.96463918    0.95242234    0.80626499    0.81330138    0.89957455    1.05021733    0.95870850    1.16738644    0.91859765    1.00477225    0.99400156    0.92323716    1.10344508    1.30314462    0.94390119    1.01324159    1.71471193    1.89079514    1.36367819    1.32496048    1.18510648    1.31723915
A0A0D2WRW6_CAPO3/1430-1496     1.74799332    1.82841883    1.76949674    1.83569696    1.06822512    0.00000000    1.32816008    1.18081306    1.04065327    1.46991663    1.40368221    1.39635388    1.59916194    1.90798483    1.98137886    1.81650600    1.90203932    2.01357726    2.17592341    1.54700082    1.39528807    1.35795397    1.80931269    1.91540884    2.39921525    2.30655972    1.74213161    1.59495110    1.59748854    1.74683882    1.79562325    2.18530563    1.44640554    1.45067373    1.73946267    1.83832227    1.76252713    1.61945044    1.38343090    1.47601754    1.46120104    1.32069121    1.58358936    1.54897557    1.26675731    1.18910981    1.66877229    1.71025577    1.40023615    1.59251739    1.33179717    1.61405375    1.84970722    1.38055026    2.09308240    1.45172478    1.36460603    1.66932449    1.65148686    1.46910085    1.48447878    1.64852950    1.51432198    1.64000424    1.51385579    1.80947367    1.58321630    1.85666130    1.64353792    1.17163788    1.35891327    1.19782935    1.18168324    1.67370015    1.13767136    1.40154037    1.85206073    1.59160948    1.34650779    1.06996228    1.15321842    1.39748615    1.31285048    1.15985659    1.16349445    1.20619663    1.25436304    1.10020663    1.31803176    1.23648826    1.20621165    1.33464500    1.42859668    1.27460940    1.22114321    1.18229004    1.24869454    1.07418361    0.95759548    1.24488408    1.24212733    1.33953512    1.13413661    1.70213114    2.21605855    1.43919777    1.39201654    1.52523544    1.51998576
B7FQA3_PHATC/480-551     2.33646637    1.73104054    1.90779896    1.67395020    0.98714590    1.32816008    0.00000000    0.77239227    0.92252227    1.10341924    1.25316639    1.49293122    1.84948273    2.04327469    1.91533854    2.01901509    1.88860188    1.44669800    1.59512940    1.60969315    1.60916677    1.66292707    1.44299975    1.28226639    1.74205062    1.86272902    1.22631894    1.32037216    1.56332323    1.70785203    1.80692388    2.03739326    1.70138281    1.58759840    1.55983404    2.28877736    1.49215161    1.31894823    1.23041055    1.60980076    1.27648218    1.37884293    1.62617989    1.62192507    1.14627037    1.20584619    1.74535438    1.89622638    1.68117198    1.91542289    1.69966851    1.88168560    1.42015820    1.43678624    2.52866427    1.63982800    1.34951664    1.62186039    1.67082790    1.82634109    2.00586120    1.51948200    1.71639820    1.58681184    1.58445944    1.70296448    1.83568601    1.80321740    1.88232110    1.00428668    1.27666299    1.16075726    1.39168193    1.94818381    1.35176999    1.58663155    1.84387387    2.31813450    1.40598125    1.42403010    1.47787162    1.21967059    1.50895062    1.47796700    1.26837653    1.24890278    1.29311508    1.17872185    1.32572942    1.14897708    1.19863368    1.29883832    1.35433594    1.31855834    1.35704109    1.28871120    1.26911462    1.06733606    1.35486147    1.24365100    1.08901222    1.20235205    1.37767185    1.53304901    2.07578046    1.57900135    1.26396546    1.36977403    0.98264715
D7FME4_ECTSI/567-634     1.94425932    1.52960720    1.82215304    1.60980376    1.02592603    1.18081306    0.77239227    0.00000000    0.67466848    0.87808668    1.01568229    1.62748775    1.60076406    1.83277961    1.85364885    2.13884974    1.98750866    1.69671435    1.39530867    1.50199410    1.68365060    1.64113840    1.11740605    1.15055941    1.77626569    1.94149553    1.38396063    1.19122406    1.57043925    1.53712397    1.66346702    1.95629621    1.47704729    1.21603351    1.51216152    2.07077817    1.40164344    1.22384059    1.20844156    1.53084730    1.14669350    1.36654994    1.34197626    1.36529686    1.36903285    1.37398045    1.95073208    1.71481618    1.63929886    1.91360981    1.81101829    1.73974351    1.37517525    1.28484591    2.16608831    1.42023471    1.33642314    1.49293174    1.74862327    1.90348496    2.05506176    1.75752331    1.86589626    1.37028592    1.42867214    1.57787172    1.59329750    1.83886569    1.81613926    0.92055652    1.27231602    1.07916733    1.29185840    1.85796723    1.31400436    1.48399173    1.81987106    2.44824435    1.36684617    1.33228637    1.17908699    1.18139358    1.35583875    1.43107564    1.29065046    1.30188675    1.37283496    1.27473954    1.50942496    1.22718452    1.34341884    1.48518383    1.53470710    1.43576800    1.45164801    1.21644325    1.27792608    1.19906523    1.14213259    1.19353731    1.24297634    1.01388174    1.46530522    1.76707357    2.31539913    1.18132828    1.00729309    1.34174615    1.39660029
A0A024TMH9_9STRA/1108-1175     1.70381336    1.68049769    1.75611608    1.75744295    1.06527446    1.04065327    0.92252227    0.67466848    0.00000000    0.54881859    0.68330890    1.67671021    1.54494748    1.78373852    1.82341557    2.00764274    2.02324822    1.77228155    1.33666003    1.67670470    1.76162816    1.89941388    1.25386776    1.14688702    1.59324408    1.71693135    1.41110512    1.03902704    1.55467794    1.54880885    1.67811425    1.90139048    1.31609139    1.28918037    1.43611685    2.16358191    1.30483258    1.39158627    1.12394371    1.86456427    1.30765463    1.10204834    1.22238152    1.11925204    1.20465492    1.31067932    2.06101949    1.92470774    1.85194815    1.89378389    1.93287343    1.81635106    1.80489467    1.32779493    2.07238494    1.53800019    1.48814787    1.79032487    1.68701804    1.60044115    1.80111317    1.85688139    1.76611964    1.46087209    1.57775211    1.71239284    1.40123652    1.49465693    1.47665908    0.93619714    1.23575728    1.15208363    1.23865989    1.60234187    1.22720631    1.43075843    1.91613648    2.20907949    1.30384432    1.36423363    1.29395808    1.19618079    1.40053108    1.20757354    1.16610890    1.25969330    1.26410328    1.25647075    1.47630596    1.16781402    1.08089222    1.27853111    1.33557275    1.27604062    1.25403685    1.17009899    1.21441672    1.16487328    1.15982053    1.06710403    1.26490140    0.97338901    1.50638449    1.56922199    2.08715557    1.43402406    1.20825183    1.62943932    1.30420939
A0A0W8B9R1_PHYNI/1205-1272     1.83219424    1.68196719    1.63956418    1.92900466    1.48180108    1.46991663    1.10341924    0.87808668    0.54881859    0.00000000    0.34047670    1.57662525    1.51091497    1.97130858    1.66880599    1.65463712    2.00828802    1.76072956    1.32062069    1.67149211    1.64748888    1.85930790    1.59286199    1.44076421    1.70718880    1.64240148    1.32096085    1.20700552    1.55980222    1.43547054    1.81205492    1.88281211    1.55783616    1.49984080    1.61564700    2.26246520    1.44627207    1.56744132    1.16282853    1.97424190    1.30279253    1.35669379    1.39719357    1.41237910    1.42836368    1.47338059    2.18392307    1.74751731    1.70719573    1.85405979    1.76717531    1.81278748    1.56079031    1.21728028    2.18839044    1.67937949    1.70570277    1.67863055    1.39366239    1.77295275    1.94623831    1.75418955    1.88324305    1.37472044    1.66234920    1.68838265    1.69310240    1.99714158    2.07359752    1.38428828    1.50188954    1.36128206    1.39599828    1.80053984    1.47893355    1.59386865    2.16433298    2.21875475    1.34457182    1.55572747    1.66649228    1.50401778    1.64986029    1.56078321    1.45582385    1.58211439    1.62416015    1.42149911    1.47593253    1.19921241    1.46062687    1.48493825    1.57930815    1.64427655    1.45803936    1.62080182    1.45958674    1.21655849    1.35663587    1.37437060    1.30462251    1.10707546    1.51163987    1.54811694    1.94366551    1.40379883    1.09701958    1.86685322    1.27815915
A0A024GA24_9STRA/1193-1260     1.77186822    1.61353736    1.55960000    1.67765302    1.62791782    1.40368221    1.25316639    1.01568229    0.68330890    0.34047670    0.00000000    1.68588292    1.52741672    1.97278118    1.83790882    2.17180072    2.22373670    1.96222179    1.34121092    1.75728644    1.80809056    1.82943824    1.67398715    1.50144181    1.79914319    2.03202874    1.45177004    1.21528261    1.48806744    1.46156894    1.90027714    1.89501415    1.54013843    1.58095213    1.49860505    2.17222292    1.48917668    1.45996922    1.38413421    2.01093762    1.49785494    1.45175700    1.68630038    1.72077229    1.55577901    1.57886773    2.32687554    1.69953968    1.76830909    2.24307889    1.88263879    1.86846346    1.72258848    1.45321621    2.30577670    1.80779406    1.89651908    1.84131989    1.57551859    1.86937494    1.90985611    1.94717236    1.99987352    1.48829592    1.61995058    1.95424558    2.06369224    1.96139412    2.31363646    1.51287938    1.58435517    1.48976777    1.50931204    1.85610395    1.54632561    1.77909283    2.19405163    2.45652564    1.48484816    1.80684572    1.73169935    1.63889971    1.94008452    1.73169612    1.58766715    1.73408075    1.71549770    1.55815094    1.56562448    1.17164988    1.55041061    1.55158086    1.85369227    1.87373427    1.60414204    1.76110476    1.51183722    1.27404493    1.41866383    1.38165870    1.31748961    1.32751913    1.65585651    1.78231991    2.06623080    1.57269803    1.25322700    2.07489048    1.56186848
E0W1H6_PEDHC/1068-1139     2.32391394    1.74786102    1.77172807    1.93517617    1.34637349    1.39635388    1.49293122    1.62748775    1.67671021    1.57662525    1.68588292    0.00000000    1.36819403    1.77373082    1.39744465    1.39589099    1.48653860    1.72512364    1.39694957    1.79256288    1.66152430    1.22819342    1.45531665    1.22678072    1.46585774    1.49321010    1.21144589    1.14733333    1.15378097    1.22434476    1.49806182    1.65717841    1.38664825    1.64315664    1.63301918    1.27246842    1.03338669    1.27348747    1.29900846    1.90297042    1.47975332    1.98367817    1.92496456    1.81352072    1.55937081    1.47247034    2.12362694    2.12504887    2.20117785    2.26819064    1.97822732    2.17174627    1.99811558    1.71769981    1.80143530    2.41752419    2.03056005    2.30258058    2.26857488    2.19677575    2.61330654    2.64978306    2.39485463    2.13612601    2.48692301    2.57991193    1.91753512    2.00762039    2.17002282    1.40760323    1.69823326    1.65159820    1.74494934    1.69404591    1.55657934    1.45926651    1.88508290    2.03390245    1.53598999    1.38010459    1.49175777    1.68800756    1.48953862    1.45594632    1.76675629    1.73383414    1.70044886    1.60811446    1.77730622    1.42480096    1.63089167    1.89746966    1.90548767    1.81330495    1.42650037    1.68859141    1.68767806    1.41696286    1.31250913    1.41967006    1.45478599    1.35636146    1.33766017    1.81578893    2.61189248    1.96628800    1.84530954    1.89559704    1.49598896
A0A0L0C3V2_LUCCU/1091-1172     2.26160221    1.69774733    1.66507743    1.83638981    1.49754148    1.59916194    1.84948273    1.60076406    1.54494748    1.51091497    1.52741672    1.36819403    0.00000000    0.58333303    0.87690693    1.20869087    1.15002716    1.93706303    1.24076094    1.64509448    1.76292439    1.78326027    1.44830895    1.51078534    1.62517350    2.07024080    1.95666465    1.57913659    1.78316145    1.31802741    1.49563245    1.66142140    1.78882114    1.62719817    1.44725777    2.19617912    1.32199238    1.79604803    1.47069512    2.37959488    2.34278845    1.87492874    1.91025773    1.95619395    2.38175827    1.62500028    2.04498830    2.42158106    1.70593170    1.97279615    1.87026969    2.05837902    1.60431027    1.55587845    1.87487849    2.23922028    1.98231707    1.64883819    1.57162491    1.57925414    2.12140467    2.35288081    1.82751280    1.99429039    2.25984934    2.29507077    2.08274526    2.60019174    2.17325667    1.40895664    1.69166569    1.53659740    1.73921186    1.86353249    1.49163782    1.83156835    2.66013597    2.75277335    1.56800445    1.56084207    1.44925979    1.84392781    2.00934735    1.92536729    1.56494220    1.73085901    1.71600004    1.47051792    1.52447059    1.42887707    1.54222502    1.76434756    1.72196348    1.78881187    1.91264258    1.74466206    1.79857126    1.57963467    1.45123289    1.69671662    1.76860925    1.28656721    1.51353518    2.07168233    2.22503628    1.94065272    1.95034440    2.19331383    1.60100613
B4JX24_DROGR/1055-1137     2.49840160    1.67698977    1.73089848    1.79523060    1.91798024    1.90798483    2.04327469    1.83277961    1.78373852    1.97130858    1.97278118    1.77373082    0.58333303    0.00000000    1.20992272    1.47239382    1.30713890    2.00933894    1.71509916    1.77926022    2.09741205    1.67878127    1.97958940    1.59352214    1.64828249    2.23357122    2.38824069    1.92253580    1.66905741    1.50620289    1.63833632    1.77189588    1.99466174    1.69787869    1.43801865    2.22468125    1.57559605    2.08196805    1.90070036    2.27543450    2.52808603    1.81696568    1.90013904    1.98219339    2.57206387    1.91681964    2.30440898    2.39208354    2.46785449    2.37915714    2.57667594    2.30368483    1.97125595    2.08735371    1.63494102    2.17729266    2.56785997    2.22609639    2.05157182    1.99646124    2.48108591    2.76052086    2.37245643    1.86075892    2.24381045    2.33719384    2.37103104    2.54891213    2.41561654    1.76372383    2.16377745    2.13803123    2.15749483    2.38514073    2.04952125    2.29455132    2.75596294    3.49472919    2.15285685    2.16436490    1.75766142    2.23252344    2.25880266    2.52426865    1.60433834    1.55333773    1.77181755    1.73682959    1.83265895    1.75396974    1.88140975    2.31674748    2.01648405    2.11216368    2.05993184    1.91035565    2.00368427    1.86549745    1.73844331    1.89179523    2.02125106    1.71198929    2.22191332    2.31163137    2.42156284    2.06998615    2.14854051    2.33238569    1.95352513
B0WKM2_CULQU/1072-1155     2.23460625    1.44946954    1.37795802    1.64161883    1.56567527    1.98137886    1.91533854    1.85364885    1.82341557    1.66880599    1.83790882    1.39744465    0.87690693    1.20992272    0.00000000    0.64379431    0.69527474    1.77381807    1.67363489    1.28169949    1.39935383    1.46167209    1.33164698    1.24123445    1.17420656    1.75322826    1.59596018    1.36419260    1.40372198    1.20942703    1.28412563    1.43168173    1.59744566    1.61514230    1.45923286    1.49676983    0.95186973    1.41239174    1.64002204    2.03639817    1.66311526    2.26666198    2.21210421    2.04720105    1.84757653    1.35426059    1.75847476    1.89291504    1.91691451    1.81065486    1.92512629    2.08912617    1.57810570    1.31756260    2.10698807    1.79534189    1.84052295    1.74237255    1.67684271    1.68410979    2.21197465    2.36165943    1.95556706    2.08364531    2.34399964    2.49580275    1.98117409    2.26869413    2.42678572    1.35393499    1.71894756    1.45845678    1.31523205    1.68358765    1.45599805    1.80825357    1.75534826    2.13671671    1.63242624    1.60105618    1.61179672    1.68221545    1.76484905    1.89643216    1.38932140    1.56799989    1.63002144    1.54592813    1.59098764    1.66359992    1.54072152    1.57719157    1.84668581    1.72461039    1.68163759    1.67851642    1.50909362    1.46270528    1.34099292    1.59344769    1.55351294    1.67494879    1.81002097    2.38175587    2.51113510    1.86765486    1.64356354    1.92428839    1.60163005
A0A084WPA2_ANOSI/1074-1157     2.19436120    1.58962830    1.50904969    1.73188768    1.52828792    1.81650600    2.01901509    2.13884974    2.00764274    1.65463712    2.17180072    1.39589099    1.20869087    1.47239382    0.64379431    0.00000000    0.29189519    1.71642489    1.38100880    1.51945107    1.34009549    1.28560838    1.53360650    1.25093249    1.40145816    1.49454194    1.43106640    1.27759246    1.49419063    1.23950376    1.60459520    1.53516924    1.83113502    1.69683755    1.71654940    1.76905699    1.12820152    1.46815871    1.81136399    2.25975989    1.74141696    2.19323397    2.75787804    2.46790905    1.66318604    1.53381537    2.05228150    1.79895778    1.87834910    2.16715073    2.25874859    2.08160485    1.66880393    1.26957358    2.26401752    2.02226095    1.99513218    2.07217659    2.19482205    2.13756540    2.64934529    2.72947065    2.40017996    2.24986529    2.99504871    2.98721659    2.17865239    2.47271477    2.60687726    1.67549119    2.10452419    1.56917284    1.55086312    1.59941964    1.51746965    1.75877428    1.64743589    2.02932430    1.79194781    1.79336431    1.84948506    1.95277602    1.68988465    2.10193341    1.73748031    1.53638813    1.78573966    1.57188202    1.75939329    1.67676480    1.67384489    1.84948386    2.06985856    1.79831284    1.81100538    1.48893583    1.74099404    1.74267552    1.68204152    1.73128256    1.51919763    1.56903243    1.70096984    1.95408318    2.16319972    1.85093871    1.60037863    2.00273465    1.72747619
Q7PQ65_ANOGA/1071-1154     2.14821876    1.38753104    1.40927582    1.73873237    1.61775628    1.90203932    1.88860188    1.98750866    2.02324822    2.00828802    2.22373670    1.48653860    1.15002716    1.30713890    0.69527474    0.29189519    0.00000000    1.55618052    1.57388810    1.45945697    1.40473730    1.28995864    1.46059476    1.33813790    1.40330866    1.47336598    1.43175617    1.35338915    1.19334342    1.14439226    1.51354836    1.45778486    1.58301032    1.48154257    1.60333081    1.73508590    0.96857702    1.53282156    1.91674251    2.05294322    1.94413746    1.94265032    2.72823512    2.52165311    1.64138152    1.63060708    1.88673843    1.96786130    1.75868484    1.96599479    1.75853373    1.47446004    1.46143748    1.21433015    2.19792818    1.88688384    2.03294941    2.03040360    2.04809354    1.89693598    2.45438844    2.29180677    1.94192653    1.82051781    2.79929537    3.00636325    2.12774111    2.42167041    2.10353964    1.58865655    1.75363776    1.47735635    1.33626965    1.58788613    1.59787786    1.75582144    1.63616278    1.86819444    1.86973135    1.60660553    1.60648608    1.70119783    1.59046313    1.96982476    1.56809895    1.47248706    1.59990260    1.52261743    1.80358607    1.60598007    1.58996399    1.79565587    1.74360376    1.85181139    1.66640564    1.35242154    1.54321730    1.70535329    1.61202205    1.50437141    1.46952090    1.38230405    1.85912659    1.82166467    2.34907409    1.94936836    1.56691072    1.87444560    1.67840895
A0A0V1HBN0_9BILA/1087-1160     1.75275610    1.58064636    1.57182800    1.83297421    1.58550033    2.01357726    1.44669800    1.69671435    1.77228155    1.76072956    1.96222179    1.72512364    1.93706303    2.00933894    1.77381807    1.71642489    1.55618052    0.00000000    1.09992853    1.30350161    1.35636061    1.33231962    1.42288425    1.18639266    1.38202106    1.73000617    1.31753388    1.23026698    1.50166753    1.49611700    1.92154109    1.70310899    1.54768198    1.46485949    1.64027725    1.99554348    1.30774869    1.56230323    1.71686340    1.61102777    1.52396501    2.00483511    1.78571789    1.74400155    1.81069640    2.00962919    2.15944413    2.09877173    2.12676970    2.58370973    1.92919525    2.04924858    1.93312553    1.46826230    2.05062625    1.95237191    2.00521906    2.40604777    2.33407631    2.37335770    2.83487058    3.14351447    2.62036989    2.56548678    2.41727094    2.41996067    2.27161615    1.99602342    2.60122890    1.80196799    2.03964484    1.62758084    1.84656808    2.39685819    1.89361391    1.94911933    2.02778845    1.81728620    1.85353425    1.77446449    1.70928628    2.03572891    2.06967811    1.97905032    1.94487653    1.81837792    2.23994118    1.97208324    2.02803797    1.72126494    2.07199068    2.24142702    2.26675691    2.58558844    1.79121947    1.55936059    1.98371451    1.86066058    1.82088790    1.75056126    1.35232585    1.80059075    1.97337200    2.11064264    2.43731358    1.93507239    1.93357762    1.44015644    1.69373467
A7S1K1_NEMVE/645-714     1.52142052    1.57224998    1.43051831    1.67134085    1.58173542    2.17592341    1.59512940    1.39530867    1.33666003    1.32062069    1.34121092    1.39694957    1.24076094    1.71509916    1.67363489    1.38100880    1.57388810    1.09992853    0.00000000    1.26075426    1.08085751    1.27646346    1.12792495    1.02297236    1.22121220    1.39758966    1.22076872    1.03241125    1.78110360    1.54279691    1.81236542    1.54076229    1.38462973    1.49691571    1.54272751    1.89822715    1.23379813    1.28205131    1.38834942    1.99546123    1.42663583    1.89325989    1.52000216    1.62072909    2.22791591    1.77072304    2.45303681    1.69217334    1.90060307    1.93424599    2.11363945    1.97057599    1.58353027    1.32930821    2.03859891    1.95211687    1.96889260    1.80351295    1.78775346    1.83158363    2.02067612    2.23753930    1.84765353    1.65894230    2.01260950    2.00947717    2.05623916    1.60138833    2.26461530    1.79253950    1.97709776    1.77261015    1.99681478    1.89969172    1.90833387    2.37879438    2.21662790    2.07054988    1.90625467    2.16189590    1.82291916    2.26954538    1.96666511    2.07813030    1.74255642    1.80704899    2.06344762    1.90368797    1.92699154    1.39829127    1.73277270    2.03601034    2.05662654    1.98869950    1.94267488    2.01325288    2.26448197    1.81022193    1.78149575    1.55116809    1.48123894    1.57808868    1.83721271    1.55112450    1.97457990    1.79714161    1.66943408    1.91342237    1.64350852
W2TUW0_NECAM/190-249     1.69346732    1.17657829    1.06573045    1.19578505    1.40636703    1.54700082    1.60969315    1.50199410    1.67670470    1.67149211    1.75728644    1.79256288    1.64509448    1.77926022    1.28169949    1.51945107    1.45945697    1.30350161    1.26075426    0.00000000    1.09602147    1.08558791    0.88508487    1.15833646    1.03638776    1.48279912    1.49459764    1.24737501    1.41845142    1.63437143    1.46126373    1.48801776    1.59790039    1.28303314    1.33727398    1.60892516    1.32215686    1.15398263    1.51449964    2.25044739    1.65909260    1.73711634    2.44081933    2.20059889    1.85761845    1.35693174    1.52969759    1.53716216    1.15581220    1.70615243    1.50642142    1.79728151    1.26422555    1.44675014    2.16794223    1.40534655    1.43309846    1.98787034    2.09665194    1.98933409    2.20469050    2.19784913    1.94021711    1.80877870    2.03013122    2.13722270    2.10074245    1.92727159    2.30366368    1.39021932    1.61763087    1.36204994    1.40309822    1.74997584    1.72167051    2.10539631    1.75866519    2.24383289    1.65189473    1.78868808    1.50496500    1.88212201    1.91340840    2.13675906    1.29044034    1.31953066    1.38955280    1.29395153    1.22663031    1.17533711    1.38587105    1.36288769    1.59467247    1.55267096    1.52753840    1.36708138    1.52688638    1.21910454    1.43891961    1.85236702    1.69897674    1.73239275    1.41527248    1.93294703    2.41586563    1.70478261    1.37540410    1.55667762    1.27757915
A0A0B2VGE3_TOXCA/105-180     2.14169269    1.49949423    1.34199778    1.47043624    1.57492200    1.39528807    1.60916677    1.68365060    1.76162816    1.64748888    1.80809056    1.66152430    1.76292439    2.09741205    1.39935383    1.34009549    1.40473730    1.35636061    1.08085751    1.09602147    0.00000000    0.80487502    1.46181056    1.12763147    1.53790659    1.73363335    1.42310474    1.30543518    1.35216314    1.38839714    1.36397595    1.72619499    1.64095042    1.55123290    1.57645833    1.74724696    1.14216523    1.45539931    1.08625633    1.61422827    1.51002851    1.69493077    1.54294917    1.69690326    1.74914436    1.59934418    2.09216757    1.68282254    1.60533182    2.07411342    1.50738531    1.74000572    1.40790599    1.48263352    2.69037952    1.74612072    1.89489449    1.91582474    1.98557947    1.73597614    2.00249319    2.43610382    1.83980367    2.05015997    2.55803425    2.41356948    1.89663904    2.21817587    1.90016265    1.36023292    1.67988983    1.45275147    1.36134477    1.77106813    1.40354983    1.66151993    2.46709489    2.20314345    1.74841402    1.67591852    1.60735898    1.71348446    1.60147497    1.75640457    1.59291492    1.53118085    1.69432405    1.40435420    1.60186570    1.27489640    1.34207735    1.52530116    1.40105814    1.55294377    1.56070875    1.39775136    1.78330416    1.54475006    1.47157621    1.36346069    1.06236534    1.63916095    1.63998070    1.82598152    2.04475048    1.83121916    1.55660660    1.64943212    1.46280347
A0A0N5D3U0_THECL/1073-1141     1.68635965    1.16208038    1.27721320    1.48530288    1.59067736    1.35795397    1.66292707    1.64113840    1.89941388    1.85930790    1.82943824    1.22819342    1.78326027    1.67878127    1.46167209    1.28560838    1.28995864    1.33231962    1.27646346    1.08558791    0.80487502    0.00000000    1.36510358    1.04731410    1.29359166    1.66288797    1.24583179    1.20548513    1.26041179    1.17565460    1.23092893    1.58875868    1.51819361    1.39587738    1.47901439    1.64513924    1.23409699    1.18416800    1.50670847    1.83748457    1.52012856    2.06851521    1.95255661    1.92457283    1.51179905    1.80407324    2.21862684    1.66357543    1.89443172    2.39927496    1.82139686    1.92416081    1.57550571    1.69786990    2.41059339    1.81942569    1.88625620    2.44819238    2.37029006    2.24876007    2.60249413    2.91616217    2.54214221    1.90178842    2.23721334    2.31462475    1.87214999    2.25935406    1.96823567    1.44335596    1.79467277    1.53148279    1.50335796    1.98232446    1.69219034    1.90460826    2.09740856    2.17698505    1.89329941    1.78486793    1.64562647    1.81554370    1.58811462    1.94234276    1.55349991    1.53309222    1.64405279    1.32861313    1.66540997    1.44998409    1.69212090    1.79541945    1.97847647    1.98081752    1.65668728    1.57302146    1.71153233    1.40642576    1.24175488    1.32117752    1.24612446    1.59361444    1.34143875    1.95368416    2.16219289    1.76499248    1.47073041    1.36274331    1.56499441
V4BK20_LOTGI/362-432     1.72717652    1.40014693    1.46466334    1.43527360    1.17682418    1.80931269    1.44299975    1.11740605    1.25386776    1.59286199    1.67398715    1.45531665    1.44830895    1.97958940    1.33164698    1.53360650    1.46059476    1.42288425    1.12792495    0.88508487    1.46181056    1.36510358    0.00000000    0.62247146    0.82224010    1.05879072    0.98501790    0.81748528    1.14877933    1.20802248    1.04715300    1.31247070    0.93787364    0.86260873    1.28055813    1.41277882    0.93091971    0.99038554    1.29179428    2.16434957    1.20429756    1.92298614    1.54290136    1.70624829    1.68173860    1.30661968    1.78971774    1.79277314    1.88122149    1.92138105    1.76175878    1.85262783    1.13890101    1.43209975    2.22285430    1.45206819    1.55530545    1.89742499    1.91432450    1.93252353    1.98454863    2.24019248    2.07641345    1.65993994    2.06822587    2.02220823    1.73485689    2.06073905    1.77152547    1.26886350    1.38828471    1.44813362    1.50950311    1.67541580    1.37291751    1.63075074    1.94422238    1.84095787    1.39639085    1.37139352    1.26953868    1.44540128    1.32804704    1.54780214    1.22512997    1.29902432    1.32700418    1.34758428    1.62278868    1.24017446    1.40803688    1.32290985    1.52476979    1.46068999    1.54005998    1.51919204    1.24497968    1.30615174    1.40181273    1.49749340    1.28773549    1.38826117    1.44325681    1.91028013    2.23054806    1.62971174    1.49860052    1.26406162    1.47664560
K1R3Z4_CRAGI/1107-1177     1.55673907    1.28747818    1.48041728    1.44913091    1.27294746    1.91540884    1.28226639    1.15055941    1.14688702    1.44076421    1.50144181    1.22678072    1.51078534    1.59352214    1.24123445    1.25093249    1.33813790    1.18639266    1.02297236    1.15833646    1.12763147    1.04731410    0.62247146    0.00000000    0.67856236    0.81674251    0.83693548    0.89081126    1.06508991    0.88870749    0.90466962    1.11143040    0.75317240    0.74358787    1.06311203    1.26643624    0.81467928    0.87220541    1.31139644    1.78267987    1.33291455    1.83849190    1.74594504    1.64623216    1.81604741    1.68915702    2.07657416    1.93651276    1.73564175    1.88992878    1.74289955    1.72101222    1.49721785    1.67609765    1.90500857    1.71919152    1.82153698    2.07263946    2.20741857    2.20590643    2.28473042    2.45003797    2.37782265    2.12610395    2.21318928    1.77435309    1.63401090    1.92350128    2.11783786    1.40519457    1.61583316    1.41765296    1.62607322    1.95176745    1.64963052    1.81509825    1.82712995    2.11416792    1.70955451    1.72838436    1.54213328    1.74559069    1.54017394    1.80918851    1.28624755    1.45436101    1.63141428    1.33482055    1.63966969    1.37236555    1.53402810    1.64116777    1.80788654    1.65622848    1.38580714    1.63796908    1.40119436    1.44533400    1.32336135    1.41383650    1.21105746    1.42667784    1.56998055    1.67021336    2.17927879    1.59765069    1.45726451    1.39270281    1.60622680
A0A164UEG2_9CRUS/1133-1206     1.70227909    1.54790306    1.52289764    1.90259842    1.54496042    2.39921525    1.74205062    1.77626569    1.59324408    1.70718880    1.79914319    1.46585774    1.62517350    1.64828249    1.17420656    1.40145816    1.40330866    1.38202106    1.22121220    1.03638776    1.53790659    1.29359166    0.82224010    0.67856236    0.00000000    0.87702553    1.03376190    1.04798043    1.14664945    1.12648586    1.21637207    1.25571504    1.00059961    1.10374680    1.24580270    1.26169195    0.90145709    0.86233451    1.73677180    2.52513816    1.80371520    2.12503683    2.23728568    2.05192961    2.17386673    1.97088279    2.35621643    1.84567653    2.06482820    1.94612834    1.98366211    2.16189386    1.56703371    1.73584470    2.19740428    1.99391708    2.12995007    1.83065598    2.10412611    2.24934795    2.55242217    2.45079407    2.32921757    2.22115825    2.56778150    2.50903175    2.18149797    2.14888151    2.30931879    1.91043492    2.09306249    1.79598207    1.94937329    2.17446976    1.98757933    2.12518633    2.01034973    2.38681310    2.01733659    2.12216477    1.86371753    2.22006217    1.92534912    2.43164966    1.45834490    1.75969349    1.85257865    1.70307200    1.85565386    1.58492253    2.03691895    1.78911292    2.14506885    2.12459940    1.90905853    1.99288079    1.83871651    1.83402972    1.60850769    1.82939918    1.64128733    1.78815031    1.75468346    2.43777272    2.82819128    1.91885717    1.86366240    1.80423561    2.11516926
