7
G9EKV6_9GAMM/266-355     0.00000000    0.78063649    0.84881735    1.53666366    1.49274934    1.39239786    0.82626682
W0BH84_9GAMM/296-385     0.78063649    0.00000000    0.81200662    1.21213878    1.32285712    1.46640025    0.75970866
A0A0W0YVI3_9GAMM/458-546     0.84881735    0.81200662    0.00000000    1.16247103    1.40615276    1.40856780    0.72505745
Q5ZWY9_LEGPH/256-372     1.53666366    1.21213878    1.16247103    0.00000000    1.67568280    1.94402460    1.19667971
Q5ZXT9_LEGPH/416-506     1.49274934    1.32285712    1.40615276    1.67568280    0.00000000    0.72191939    1.42271952
A0A0W0ZYV5_9GAMM/51-146     1.39239786    1.46640025    1.40856780    1.94402460    0.72191939    0.00000000    1.61755911
A0A0W0XWB3_9GAMM/30-117     0.82626682    0.75970866    0.72505745    1.19667971    1.42271952    1.61755911    0.00000000

