43
SYFA_DROME/133-165     0.00000000    0.33320766    0.50208881    0.33326309    0.79431120    1.22509068    1.28811323    1.15650348    1.17682100    1.41310153    1.22436090    1.63495039    2.08240570    1.16006047    1.52526709    1.19757639    1.30785196    1.09631380    0.92776645    1.49640965    1.31905413    1.28893295    1.48718910    1.53844851    1.33695783    1.10042437    0.90624608    1.01399869    0.83928231    0.93393309    0.93612005    0.96080446    0.89714969    0.90235340    1.23355109    0.95041572    1.30000398    1.11510880    1.30356938    1.28031242    1.34377150    1.67188748    1.47884168
Q29HD7_DROPS/134-165     0.33320766    0.00000000    0.52290741    0.31494702    0.96004519    1.02867540    1.38671067    0.88988159    1.49244075    1.76359987    0.94521923    1.37464110    1.78354718    1.03490676    1.66542253    1.19533384    1.10296202    0.78868173    0.77490924    1.43786523    1.19056633    1.27883425    1.41266365    1.23207231    1.38468400    1.21321430    1.01389365    1.18717107    1.06913486    0.92093445    0.99097900    0.95499531    0.99858409    1.04489743    1.18415792    1.07093538    1.29673395    1.57083606    1.46343787    1.55129409    1.03072082    1.38211664    1.24970485
B4L8H4_DROMO/133-164     0.50208881    0.52290741    0.00000000    0.49351753    1.15357309    1.04600068    1.05441312    1.39706277    1.39821581    1.49833854    1.11035490    1.20800741    1.74836882    0.99987125    1.81207581    1.50066255    1.43134885    1.21426773    1.32173222    1.40167653    1.42077782    1.54336851    1.44575796    1.13126381    1.14148159    1.39619909    0.67908681    1.06944945    1.31988105    1.08421019    0.96748317    1.04883327    0.84565683    0.89166709    1.15231178    0.91816912    0.88250299    1.34099506    1.30960810    1.49449583    1.45755708    1.58772408    1.62509944
B3MRL3_DROAN/133-165     0.33326309    0.31494702    0.49351753    0.00000000    0.82363366    1.00191616    1.40157027    0.89825547    1.62968494    1.88150082    1.13924056    1.35388246    1.65193457    0.96796649    1.30963606    1.19466356    1.33720556    1.08026649    1.03100506    1.13413447    1.21337757    1.26867940    1.41227771    1.05221302    1.19396501    1.11366986    0.78787251    1.07286315    0.85292259    0.72644965    0.96151549    0.88533516    1.02723659    1.12103974    1.19038854    1.00299351    1.13803577    1.27076097    1.21428867    1.08249607    1.12831703    1.48879777    1.63294155
A0A0B2V246_TOXCA/214-246     0.79431120    0.96004519    1.15357309    0.82363366    0.00000000    1.05120258    1.14799865    0.93911403    1.53417601    1.58296102    1.40603295    1.64114440    1.58773598    1.24171503    1.02225353    1.38656806    1.03856883    1.37245561    1.26166640    1.20589094    1.00405452    0.97251008    1.19508444    1.42296071    1.27205881    1.12588492    1.07924966    1.29382934    1.05788002    1.41520734    1.24329447    1.20467790    1.36143263    1.06806515    1.62373674    1.46924092    1.64505788    1.11071237    1.32268878    1.13259499    1.39488447    1.76141869    1.48620930
A0A0N4V9U5_ENTVE/152-184     1.22509068    1.02867540    1.04600068    1.00191616    1.05120258    0.00000000    1.09014128    1.08935118    1.34920146    1.54975975    1.46426024    1.24349780    1.31178947    1.21683132    1.28490514    1.24465476    1.37122741    1.12473796    1.23129806    1.39836219    1.23558292    1.47736803    1.08036998    1.27218605    1.34423034    1.55468597    1.36953252    1.25320852    1.50917207    1.23703882    1.42073801    1.54568859    1.07025349    1.12707031    1.37180704    1.28145653    1.28412912    1.28254927    1.23642991    1.39466657    1.87925343    1.46251313    1.37418052
A0A0N5D7B5_THECL/226-258     1.28811323    1.38671067    1.05441312    1.40157027    1.14799865    1.09014128    0.00000000    0.91464253    1.04962499    0.93193473    1.17490030    1.03178709    1.47554414    1.15622639    0.96948650    1.13942542    1.15184163    1.41001633    1.60633824    1.89705127    1.89706383    1.54502272    1.41149224    1.66111478    1.35935292    1.67801116    1.59087088    1.30723624    1.41258487    1.04144942    1.27774501    1.09598627    1.39950911    1.09379139    1.23444848    1.00482166    1.39334064    1.30128161    1.43957453    1.07702335    1.45500190    1.39916689    1.59100174
Q6FMJ0_CANGA/131-163     1.15650348    0.88988159    1.39706277    0.89825547    0.93911403    1.08935118    0.91464253    0.00000000    1.31926362    1.46324790    0.86223327    1.26171346    1.19752041    1.12280466    0.93480408    0.86181063    0.98337417    0.89065968    0.98114942    1.04686648    1.15200120    1.33888259    1.20584653    1.45819716    1.66527534    1.22270052    1.44505676    1.00456631    1.15058880    0.91776016    1.06158544    1.06559350    1.21647930    1.16078116    1.31102726    1.30510539    1.67304080    1.27223866    1.23489527    1.21859720    1.43739006    1.65904219    1.48013755
H2ZKP0_CIOSA/141-173     1.17682100    1.49244075    1.39821581    1.62968494    1.53417601    1.34920146    1.04962499    1.31926362    0.00000000    0.28548624    0.97500275    0.87122743    0.92250922    1.09556558    1.15265937    0.86595818    1.05977206    1.17469987    1.27681173    1.56275194    1.90271119    1.74930575    1.06276550    1.90520888    1.69566798    1.41619496    1.52242635    1.11875004    1.37333444    1.30025673    1.13001032    1.12590301    1.10733024    1.25052742    1.19755194    1.00497945    1.44885135    1.31965784    1.54787241    1.33323163    1.89436151    1.71396616    1.31787030
F6UF05_CIOIN/134-166     1.41310153    1.76359987    1.49833854    1.88150082    1.58296102    1.54975975    0.93193473    1.46324790    0.28548624    0.00000000    1.17202884    0.84094220    1.19913444    1.24977728    1.10920167    1.03562074    1.22330472    1.27281808    1.46106544    1.39724624    2.11379243    1.56467469    0.95679906    2.07426999    1.75665227    1.49949991    1.49124220    1.31849436    1.21823146    1.56220388    1.50166252    1.35800204    1.23821090    1.52288570    1.32885648    1.08099837    1.74258243    1.43308793    1.74798380    1.63278968    1.90789560    1.78697700    1.62579531
H2ASI2_KAZAF/132-164     1.22436090    0.94521923    1.11035490    1.13924056    1.40603295    1.46426024    1.17490030    0.86223327    0.97500275    1.17202884    0.00000000    0.65228520    0.85067653    0.82735603    1.11348077    0.52147704    0.99870179    1.43518246    1.38337394    1.60404161    1.73339864    1.65906741    1.46020291    1.81556886    1.89454357    1.33386146    1.23816083    1.67060006    1.49684474    1.20068100    1.20113800    1.28162891    1.31441087    1.45009166    1.26983963    1.32930863    1.30784981    1.53888109    1.63782431    1.25390793    1.39896949    1.21355622    0.96866057
C5DBJ3_LACTC/133-165     1.63495039    1.37464110    1.20800741    1.35388246    1.64114440    1.24349780    1.03178709    1.26171346    0.87122743    0.84094220    0.65228520    0.00000000    0.65184771    0.78876652    1.01420549    0.38320073    1.29039245    1.26449039    1.22488817    1.59919630    1.79378050    2.17920181    1.64474930    1.86353957    2.01885753    1.54637923    1.41199743    1.26583540    1.38499984    1.13242510    1.29774620    1.32920667    1.06466730    1.37189518    1.09182800    1.16445679    1.03609363    1.09190206    1.44161275    1.31993588    1.68095859    1.02838155    1.39588373
G8JMG8_ERECY/133-165     2.08240570    1.78354718    1.74836882    1.65193457    1.58773598    1.31178947    1.47554414    1.19752041    0.92250922    1.19913444    0.85067653    0.65184771    0.00000000    0.55915134    0.94129809    0.69725798    0.95830276    1.33064819    1.43829439    1.39361528    1.92016985    2.13497004    1.46752092    1.91809999    2.02665512    1.21585740    1.53099481    1.53350187    1.73613452    1.47752898    1.42228607    1.39781773    1.45190948    1.38452139    1.14005461    1.09222970    1.40797737    1.41736477    1.64437671    1.33213873    0.98840487    0.99988172    1.54982569
Q6CIN4_KLULA/133-165     1.16006047    1.03490676    0.99987125    0.96796649    1.24171503    1.21683132    1.15622639    1.12280466    1.09556558    1.24977728    0.82735603    0.78876652    0.55915134    0.00000000    0.79372031    0.92885646    0.94201256    1.28972866    1.32027516    1.61416797    1.88196395    1.93137918    1.50883031    1.46846510    1.67905492    1.22489034    0.81804125    1.08193442    1.43124424    1.21656591    1.19876368    1.33864325    1.15283823    1.35740540    1.11237368    1.11634982    1.06020788    0.99523529    1.18784477    1.33762707    1.05515884    1.08456677    1.12026477
C4R7D5_KOMPG/131-163     1.52526709    1.66542253    1.81207581    1.30963606    1.02225353    1.28490514    0.96948650    0.93480408    1.15265937    1.10920167    1.11348077    1.01420549    0.94129809    0.79372031    0.00000000    0.72185653    1.55766354    1.59404048    1.89252599    1.78327890    1.91403728    1.88564343    1.26993513    1.76470924    1.21857610    1.26819565    1.24531609    1.23461383    1.05340849    1.19456534    1.24852200    1.22071191    1.12607144    1.14286956    1.25998236    1.22353554    1.71481214    1.39211269    1.66736368    0.68578755    1.56502389    1.78325683    1.69442941
A0A0C7MUG8_9SACH/133-165     1.19757639    1.19533384    1.50066255    1.19466356    1.38656806    1.24465476    1.13942542    0.86181063    0.86595818    1.03562074    0.52147704    0.38320073    0.69725798    0.92885646    0.72185653    0.00000000    0.92599467    1.22926185    1.03200025    1.42936481    1.68114904    1.93727210    1.27128508    1.91832697    1.49044682    1.37333773    1.25795077    1.18988528    1.12353778    0.96208212    0.93613777    0.89731925    0.94376090    1.08094174    1.01104045    1.00005805    1.13571202    1.13267245    1.12834873    1.06629549    1.38881822    1.02904669    1.02459688
T1KVR0_TETUR/135-167     1.30785196    1.10296202    1.43134885    1.33720556    1.03856883    1.37122741    1.15184163    0.98337417    1.05977206    1.22330472    0.99870179    1.29039245    0.95830276    0.94201256    1.55766354    0.92599467    0.00000000    1.20794573    0.98859846    1.04523354    1.02740779    0.87422476    0.87712365    1.49314952    1.14939440    1.06185584    1.25256782    1.36694704    1.35333859    1.70859280    1.63538529    1.35852358    1.42863422    1.16420204    1.40344439    1.12517420    1.05045485    1.22395989    1.15737589    1.48090701    1.06366064    1.02407862    1.02278097
H9JXS0_BOMMO/38-69     1.09631380    0.78868173    1.21426773    1.08026649    1.37245561    1.12473796    1.41001633    0.89065968    1.17469987    1.27281808    1.43518246    1.26449039    1.33064819    1.28972866    1.59404048    1.22926185    1.20794573    0.00000000    0.24281331    0.97049941    1.09646530    1.42779408    0.74774722    1.11165835    1.15564069    0.89258792    0.91499188    0.83578859    0.87462515    1.01668275    0.89369151    0.89447082    1.10970320    1.09856116    1.17862450    1.09219257    1.16989063    1.04898131    0.97641941    1.32286721    1.36336614    1.12649219    0.93755336
A0A194RAE4_PAPMA/129-160     0.92776645    0.77490924    1.32173222    1.03100506    1.26166640    1.23129806    1.60633824    0.98114942    1.27681173    1.46106544    1.38337394    1.22488817    1.43829439    1.32027516    1.89252599    1.03200025    0.98859846    0.24281331    0.00000000    0.92977149    0.89603094    1.16002987    0.81271943    1.27010971    0.99355522    0.75688578    0.84226749    0.98712149    1.07174763    1.21505532    1.02274511    1.03669156    1.23501247    1.37338079    1.34186823    1.29348397    1.16163761    1.11962935    0.97611034    1.30230178    1.34017227    1.04078320    0.86881583
A0A084W725_ANOSI/131-163     1.49640965    1.43786523    1.40167653    1.13413447    1.20589094    1.39836219    1.89705127    1.04686648    1.56275194    1.39724624    1.60404161    1.59919630    1.39361528    1.61416797    1.78327890    1.42936481    1.04523354    0.97049941    0.92977149    0.00000000    0.54733504    0.56508837    0.90433777    0.93799471    0.88390934    0.90307876    1.05267813    1.24653690    1.37373937    1.37135996    1.44588067    1.40725506    1.38859439    1.43665895    1.48366569    1.28980523    1.47882652    1.07358519    1.27232267    0.93215449    1.31281245    1.55953748    1.60556412
Q17GX1_AEDAE/132-164     1.31905413    1.19056633    1.42077782    1.21337757    1.00405452    1.23558292    1.89706383    1.15200120    1.90271119    2.11379243    1.73339864    1.79378050    1.92016985    1.88196395    1.91403728    1.68114904    1.02740779    1.09646530    0.89603094    0.54733504    0.00000000    0.35576575    1.22797373    1.37961334    1.21428775    0.97151033    1.34064765    1.32966675    1.44223289    1.52055129    1.38985714    1.44592043    1.29481903    1.10347262    1.68783795    1.43742380    1.26742435    0.98172395    1.41345469    1.32749530    1.28693077    1.75954166    1.76861546
B0WA70_CULQU/132-164     1.28893295    1.27883425    1.54336851    1.26867940    0.97251008    1.47736803    1.54502272    1.33888259    1.74930575    1.56467469    1.65906741    2.17920181    2.13497004    1.93137918    1.88564343    1.93727210    0.87422476    1.42779408    1.16002987    0.56508837    0.35576575    0.00000000    1.02632553    1.06212111    1.00157878    1.22284237    1.27399427    1.49646642    1.31674105    1.83340662    1.85071980    1.42522513    1.48081355    1.33518186    1.91480510    1.61149232    1.59976358    1.34222766    1.46662794    1.18571152    1.04369968    1.50587781    1.44234996
D6X495_TRICA/129-161     1.48718910    1.41266365    1.44575796    1.41227771    1.19508444    1.08036998    1.41149224    1.20584653    1.06276550    0.95679906    1.46020291    1.64474930    1.46752092    1.50883031    1.26993513    1.27128508    0.87712365    0.74774722    0.81271943    0.90433777    1.22797373    1.02632553    0.00000000    0.69903784    0.68869463    0.75749875    0.87690232    0.96938310    1.02703094    1.37883006    1.11883036    0.95993039    0.93472020    1.26185253    1.38105154    0.96551680    1.51531466    1.54597670    0.83877121    1.02662825    1.29631787    1.42724049    1.18970727
A0A067QTY8_ZOONE/132-164     1.53844851    1.23207231    1.13126381    1.05221302    1.42296071    1.27218605    1.66111478    1.45819716    1.90520888    2.07426999    1.81556886    1.86353957    1.91809999    1.46846510    1.76470924    1.91832697    1.49314952    1.11165835    1.27010971    0.93799471    1.37961334    1.06212111    0.69903784    0.00000000    0.58104664    0.75583757    0.84676870    1.30905396    1.31391868    1.53471573    1.39272689    1.13214511    1.20755771    1.48957658    1.54364447    1.25001742    1.24135256    1.29186040    0.99712066    1.09205915    1.16340354    1.11545351    1.33818633
A0A067QH46_ZOONE/85-117     1.33695783    1.38468400    1.14148159    1.19396501    1.27205881    1.34423034    1.35935292    1.66527534    1.69566798    1.75665227    1.89454357    2.01885753    2.02665512    1.67905492    1.21857610    1.49044682    1.14939440    1.15564069    0.99355522    0.88390934    1.21428775    1.00157878    0.68869463    0.58104664    0.00000000    0.74190000    0.79152208    1.12086205    1.30887368    1.26762331    1.09224983    1.01502108    1.14636700    0.92902913    1.37984314    1.01596084    1.23507700    1.43434360    1.08727793    1.00412120    1.27746595    1.29591426    1.45688232
E0VRM2_PEDHC/133-165     1.10042437    1.21321430    1.39619909    1.11366986    1.12588492    1.55468597    1.67801116    1.22270052    1.41619496    1.49949991    1.33386146    1.54637923    1.21585740    1.22489034    1.26819565    1.37333773    1.06185584    0.89258792    0.75688578    0.90307876    0.97151033    1.22284237    0.75749875    0.75583757    0.74190000    0.00000000    0.92674627    1.42929693    1.24392685    1.66676526    1.23776904    1.37339503    1.27494989    1.30394106    1.48633800    1.34418708    1.66496508    1.09846335    1.47933158    1.05025078    0.85210253    1.25057842    1.15841498
N6TC13_DENPD/127-159     0.90624608    1.01389365    0.67908681    0.78787251    1.07924966    1.36953252    1.59087088    1.44505676    1.52242635    1.49124220    1.23816083    1.41199743    1.53099481    0.81804125    1.24531609    1.25795077    1.25256782    0.91499188    0.84226749    1.05267813    1.34064765    1.27399427    0.87690232    0.84676870    0.79152208    0.92674627    0.00000000    0.78630045    0.96449736    1.24810059    0.93558674    0.83167854    0.83074571    1.18304096    1.10271751    0.96728778    0.84827914    0.94056111    0.90437014    1.07225785    1.07858405    1.13599629    0.87079101
F6RI27_MONDO/229-261     1.01399869    1.18717107    1.06944945    1.07286315    1.29382934    1.25320852    1.30723624    1.00456631    1.11875004    1.31849436    1.67060006    1.26583540    1.53350187    1.08193442    1.23461383    1.18988528    1.36694704    0.83578859    0.98712149    1.24653690    1.32966675    1.49646642    0.96938310    1.30905396    1.12086205    1.42929693    0.78630045    0.00000000    0.67407114    0.54340839    0.27672307    0.41476097    0.42337932    0.62608412    0.48650717    0.47517264    0.59403039    0.82670682    0.73414095    1.28992632    1.59210837    1.45542237    1.27311180
SYFA_CHICK/137-169     0.83928231    1.06913486    1.31988105    0.85292259    1.05788002    1.50917207    1.41258487    1.15058880    1.37333444    1.21823146    1.49684474    1.38499984    1.73613452    1.43124424    1.05340849    1.12353778    1.35333859    0.87462515    1.07174763    1.37373937    1.44223289    1.31674105    1.02703094    1.31391868    1.30887368    1.24392685    0.96449736    0.67407114    0.00000000    0.84215620    0.79689987    0.80676400    0.89296864    0.95667768    1.04920727    0.88600903    1.12349971    1.27302193    1.23222082    1.51841911    1.21037846    1.19537354    1.27031589
A0A151MMM8_ALLMI/142-174     0.93393309    0.92093445    1.08421019    0.72644965    1.41520734    1.23703882    1.04144942    0.91776016    1.30025673    1.56220388    1.20068100    1.13242510    1.47752898    1.21656591    1.19456534    0.96208212    1.70859280    1.01668275    1.21505532    1.37135996    1.52055129    1.83340662    1.37883006    1.53471573    1.26762331    1.66676526    1.24810059    0.54340839    0.84215620    0.00000000    0.36654911    0.51005202    0.53193057    0.65661204    0.55815300    0.51038258    0.87520581    0.94178065    1.19466474    1.26851322    1.64908753    1.66146271    1.61616031
K7G1L7_PELSI/86-118     0.93612005    0.99097900    0.96748317    0.96151549    1.24329447    1.42073801    1.27774501    1.06158544    1.13001032    1.50166252    1.20113800    1.29774620    1.42228607    1.19876368    1.24852200    0.93613777    1.63538529    0.89369151    1.02274511    1.44588067    1.38985714    1.85071980    1.11883036    1.39272689    1.09224983    1.23776904    0.93558674    0.27672307    0.79689987    0.36654911    0.00000000    0.36219219    0.37350680    0.37655766    0.41215316    0.40747777    0.75239074    0.89424765    1.00843357    1.30104254    1.56742985    1.61369864    1.44411127
W5MP87_LEPOC/152-184     0.96080446    0.95499531    1.04883327    0.88533516    1.20467790    1.54568859    1.09598627    1.06559350    1.12590301    1.35800204    1.28162891    1.32920667    1.39781773    1.33864325    1.22071191    0.89731925    1.35852358    0.89447082    1.03669156    1.40725506    1.44592043    1.42522513    0.95993039    1.13214511    1.01502108    1.37339503    0.83167854    0.41476097    0.80676400    0.51005202    0.36219219    0.00000000    0.37874493    0.47830942    0.40640874    0.29963244    0.65331488    1.00954091    0.70733484    1.19156446    1.19055027    1.30405776    1.06408540
SYFA_DANRE/134-166     0.89714969    0.99858409    0.84565683    1.02723659    1.36143263    1.07025349    1.39950911    1.21647930    1.10733024    1.23821090    1.31441087    1.06466730    1.45190948    1.15283823    1.12607144    0.94376090    1.42863422    1.10970320    1.23501247    1.38859439    1.29481903    1.48081355    0.93472020    1.20755771    1.14636700    1.27494989    0.83074571    0.42337932    0.89296864    0.53193057    0.37350680    0.37874493    0.00000000    0.34150572    0.38130631    0.28310040    0.48021045    0.82190587    0.83997664    1.27515216    1.54778242    1.50365193    1.32581961
A0A0P7U7V8_SCLFO/134-166     0.90235340    1.04489743    0.89166709    1.12103974    1.06806515    1.12707031    1.09379139    1.16078116    1.25052742    1.52288570    1.45009166    1.37189518    1.38452139    1.35740540    1.14286956    1.08094174    1.16420204    1.09856116    1.37338079    1.43665895    1.10347262    1.33518186    1.26185253    1.48957658    0.92902913    1.30394106    1.18304096    0.62608412    0.95667768    0.65661204    0.37655766    0.47830942    0.34150572    0.00000000    0.40706783    0.32078398    0.51280433    0.79579396    0.91933358    1.59944270    1.39619397    1.57914293    1.52208150
M4A322_XIPMA/134-166     1.23355109    1.18415792    1.15231178    1.19038854    1.62373674    1.37180704    1.23444848    1.31102726    1.19755194    1.32885648    1.26983963    1.09182800    1.14005461    1.11237368    1.25998236    1.01104045    1.40344439    1.17862450    1.34186823    1.48366569    1.68783795    1.91480510    1.38105154    1.54364447    1.37984314    1.48633800    1.10271751    0.48650717    1.04920727    0.55815300    0.41215316    0.40640874    0.38130631    0.40706783    0.00000000    0.31047352    0.52079276    0.98209924    0.98027239    1.55631698    1.35259805    1.83927940    1.65751868
G3NSI9_GASAC/134-166     0.95041572    1.07093538    0.91816912    1.00299351    1.46924092    1.28145653    1.00482166    1.30510539    1.00497945    1.08099837    1.32930863    1.16445679    1.09222970    1.11634982    1.22353554    1.00005805    1.12517420    1.09219257    1.29348397    1.28980523    1.43742380    1.61149232    0.96551680    1.25001742    1.01596084    1.34418708    0.96728778    0.47517264    0.88600903    0.51038258    0.40747777    0.29963244    0.28310040    0.32078398    0.31047352    0.00000000    0.38820149    0.86782253    0.72909640    1.54518003    1.27699346    1.47378295    1.53846892
H3CSC6_TETNG/134-166     1.30000398    1.29673395    0.88250299    1.13803577    1.64505788    1.28412912    1.39334064    1.67304080    1.44885135    1.74258243    1.30784981    1.03609363    1.40797737    1.06020788    1.71481214    1.13571202    1.05045485    1.16989063    1.16163761    1.47882652    1.26742435    1.59976358    1.51531466    1.24135256    1.23507700    1.66496508    0.84827914    0.59403039    1.12349971    0.87520581    0.75239074    0.65331488    0.48021045    0.51280433    0.52079276    0.38820149    0.00000000    0.95237708    0.77403249    1.75041195    1.54178059    1.31358544    1.43760924
A0A2H2IDA2_CAEJA/138-170     1.11510880    1.57083606    1.34099506    1.27076097    1.11071237    1.28254927    1.30128161    1.27223866    1.31965784    1.43308793    1.53888109    1.09190206    1.41736477    0.99523529    1.39211269    1.13267245    1.22395989    1.04898131    1.11962935    1.07358519    0.98172395    1.34222766    1.54597670    1.29186040    1.43434360    1.09846335    0.94056111    0.82670682    1.27302193    0.94178065    0.89424765    1.00954091    0.82190587    0.79579396    0.98209924    0.86782253    0.95237708    0.00000000    0.73672134    1.08032291    1.45813353    1.24690787    1.21539481
T1G7R2_HELRO/134-166     1.30356938    1.46343787    1.30960810    1.21428867    1.32268878    1.23642991    1.43957453    1.23489527    1.54787241    1.74798380    1.63782431    1.44161275    1.64437671    1.18784477    1.66736368    1.12834873    1.15737589    0.97641941    0.97611034    1.27232267    1.41345469    1.46662794    0.83877121    0.99712066    1.08727793    1.47933158    0.90437014    0.73414095    1.23222082    1.19466474    1.00843357    0.70733484    0.83997664    0.91933358    0.98027239    0.72909640    0.77403249    0.73672134    0.00000000    1.16541478    1.45178205    1.14634923    0.83416011
C3Z5W5_BRAFL/133-165     1.28031242    1.55129409    1.49449583    1.08249607    1.13259499    1.39466657    1.07702335    1.21859720    1.33323163    1.63278968    1.25390793    1.31993588    1.33213873    1.33762707    0.68578755    1.06629549    1.48090701    1.32286721    1.30230178    0.93215449    1.32749530    1.18571152    1.02662825    1.09205915    1.00412120    1.05025078    1.07225785    1.28992632    1.51841911    1.26851322    1.30104254    1.19156446    1.27515216    1.59944270    1.55631698    1.54518003    1.75041195    1.08032291    1.16541478    0.00000000    1.21880572    1.37809309    1.19603530
K1PWP4_CRAGI/132-164     1.34377150    1.03072082    1.45755708    1.12831703    1.39488447    1.87925343    1.45500190    1.43739006    1.89436151    1.90789560    1.39896949    1.68095859    0.98840487    1.05515884    1.56502389    1.38881822    1.06366064    1.36336614    1.34017227    1.31281245    1.28693077    1.04369968    1.29631787    1.16340354    1.27746595    0.85210253    1.07858405    1.59210837    1.21037846    1.64908753    1.56742985    1.19055027    1.54778242    1.39619397    1.35259805    1.27699346    1.54178059    1.45813353    1.45178205    1.21880572    0.00000000    0.89960062    0.94512397
A0A0V0ZMN4_9BILA/132-164     1.67188748    1.38211664    1.58772408    1.48879777    1.76141869    1.46251313    1.39916689    1.65904219    1.71396616    1.78697700    1.21355622    1.02838155    0.99988172    1.08456677    1.78325683    1.02904669    1.02407862    1.12649219    1.04078320    1.55953748    1.75954166    1.50587781    1.42724049    1.11545351    1.29591426    1.25057842    1.13599629    1.45542237    1.19537354    1.66146271    1.61369864    1.30405776    1.50365193    1.57914293    1.83927940    1.47378295    1.31358544    1.24690787    1.14634923    1.37809309    0.89960062    0.00000000    0.60287988
A0A077Z553_TRITR/148-180     1.47884168    1.24970485    1.62509944    1.63294155    1.48620930    1.37418052    1.59100174    1.48013755    1.31787030    1.62579531    0.96866057    1.39588373    1.54982569    1.12026477    1.69442941    1.02459688    1.02278097    0.93755336    0.86881583    1.60556412    1.76861546    1.44234996    1.18970727    1.33818633    1.45688232    1.15841498    0.87079101    1.27311180    1.27031589    1.61616031    1.44411127    1.06408540    1.32581961    1.52208150    1.65751868    1.53846892    1.43760924    1.21539481    0.83416011    1.19603530    0.94512397    0.60287988    0.00000000

