50
A0A1D9GSS2_9BURK/1083-1217     0.00000000    0.50521257    0.83205678    0.82504471    0.98208171    0.73804335    0.61919807    0.62115620    0.64300605    0.63887265    0.56916940    0.64491076    0.63886557    0.62674587    0.68698004    0.76289593    0.61033985    0.67596620    0.63674476    0.73022882    0.65264435    0.81763721    0.84209409    0.73397230    0.86851731    0.81766788    0.81396322    1.04439042    0.87065186    0.75562085    1.29239527    2.01027708    0.74543798    1.20747921    0.83956219    0.68447129    0.98885617    0.80672271    0.77220945    0.80693968    0.91541529    0.80515224    1.34126970    0.87345227    0.88869606    1.20517634    1.00317697    2.07948604    1.97966267    0.69724754
A0A0S4K143_9BURK/824-958     0.50521257    0.00000000    0.85544542    0.87330914    0.97853881    0.71580266    0.68241741    0.62736503    0.66827165    0.58426732    0.54605606    0.91888184    0.63410155    0.61233281    0.89679127    0.66797697    0.64951145    0.80071507    0.73857113    0.76890538    0.80199777    0.84816220    0.83978853    0.78092282    1.03263280    0.92255958    1.02404320    1.01770856    0.95125916    0.85368781    1.56270787    1.99096303    0.95817605    1.35525418    0.88666032    0.90217110    1.03715651    0.89189684    0.92253131    0.92972952    0.99638246    0.91957955    1.29248344    0.89349473    1.06182349    1.23456523    1.17327067    1.81332651    1.87910138    0.84712866
A0A127CHD0_9RHIZ/1054-1190     0.83205678    0.85544542    0.00000000    1.07655393    1.13979454    1.05677134    0.91403595    0.88776163    0.97504593    1.05741345    0.97503980    1.09743103    1.05219106    1.07340014    0.88268051    0.97768418    0.91411439    1.02317795    0.90390049    0.95990914    0.85304625    1.11755377    1.12418414    0.96978479    1.10028649    1.07663031    1.22922496    1.11617943    1.20209852    1.18937202    1.53755967    2.02568016    1.06283581    1.50067495    1.24666799    1.14000676    1.40624442    1.29155521    1.26033930    1.23127365    1.15505902    1.28688802    1.68526654    1.35279907    1.11669815    1.26963309    1.12708299    2.20765888    2.32294146    0.86426505
A0A3N0V610_9PROT/590-729     0.82504471    0.87330914    1.07655393    0.00000000    1.01403893    0.89984393    0.85029598    0.80699216    0.75134306    0.81784457    0.73482340    1.07772287    0.87835127    1.04503353    1.02066914    0.86721753    0.93366121    0.98980539    1.02441060    0.92891665    0.92324946    1.03841510    1.22949425    1.04124156    0.98005496    1.02686482    1.15739081    1.20826606    1.07811181    1.08087394    1.94112336    2.22819201    1.10267358    1.45700922    1.18879200    1.02791033    1.40929032    1.19886655    1.16827663    1.18179071    1.33267359    1.16511662    1.66194777    1.20747543    1.11952398    1.29169610    1.29027218    2.03440688    1.78226993    0.97046842
A0A2T5UPZ7_9RHIZ/1228-1365     0.98208171    0.97853881    1.13979454    1.01403893    0.00000000    0.88019702    1.03804993    0.93384403    0.90065760    0.80615647    0.81678191    1.06534688    1.19440187    1.06089982    1.05167304    1.02856547    0.98197430    1.03834741    0.95576422    0.99122624    0.97943604    1.05467880    1.10846255    0.95818161    1.27621012    1.38354823    1.32637667    1.30229763    1.20213702    1.09568249    1.69745725    2.32538851    1.21690428    1.28866632    1.30344561    1.12733855    1.27050019    1.18649121    1.14250349    1.18427687    1.15788973    1.27746607    1.62074543    1.27737064    1.03918735    1.55568031    1.33686101    1.86788419    2.13953099    1.06969899
A0A1Y6CWK4_9GAMM/883-1019     0.73804335    0.71580266    1.05677134    0.89984393    0.88019702    0.00000000    0.58461789    0.66465397    0.53219123    0.59670775    0.54903167    0.99008135    0.93179919    0.83052637    0.80568789    0.69652408    0.76068891    0.85512096    0.74191269    0.69600025    0.80690271    0.92872015    1.06218812    0.88076639    1.03422021    1.15298686    1.18731883    1.23145037    1.13212297    0.86961564    1.83641753    2.67568836    1.17187732    1.26429460    1.12404003    0.99377288    1.18850112    1.05013160    1.11650784    1.09446717    1.21826330    1.14321704    1.57255681    1.08083348    1.12357904    1.50112385    1.31651248    2.26306748    2.15588493    0.94904912
A0A1I7N9L6_9RHIZ/897-1034     0.61919807    0.68241741    0.91403595    0.85029598    1.03804993    0.58461789    0.00000000    0.40804207    0.34545986    0.55398327    0.45813930    0.89546229    0.88234718    0.85180007    0.73126912    0.83557461    0.80011579    0.80977261    0.78654236    0.66835175    0.80005377    0.93202654    0.88028731    0.80924158    0.94980589    0.99172912    1.18420744    1.32673538    0.97492685    0.98726884    1.72017979    2.46499380    1.00644271    1.41101430    1.10105354    0.99786375    1.17022530    0.96941607    0.99706973    1.03907253    1.14214336    1.06311355    1.64715095    1.04632864    1.03278054    1.35958116    1.24618355    2.00645335    2.10362380    0.85137064
A0A223W0B5_9CAUD/1231-1369     0.62115620    0.62736503    0.88776163    0.80699216    0.93384403    0.66465397    0.40804207    0.00000000    0.22956519    0.48963881    0.42171103    0.89160593    0.85846654    0.80477707    0.74295941    0.77773215    0.79070231    0.83100352    0.80930715    0.77262890    0.78882251    0.92948267    0.94921164    0.88750383    0.81703097    0.95525823    1.05647613    1.18460858    1.11505181    1.01085429    1.62163368    2.09216848    0.84412491    1.19523850    0.92240745    0.99907632    1.28330767    0.97988101    0.99711259    0.99234150    1.05180414    0.96001282    1.51704326    0.96092993    1.00379257    1.26238553    1.02664164    2.05155384    1.92759657    0.84596152
Q8W6J4_9CAUD/1499-1637     0.64300605    0.66827165    0.97504593    0.75134306    0.90065760    0.53219123    0.34545986    0.22956519    0.00000000    0.49056919    0.48436223    0.83453027    0.90320825    0.82639849    0.73911487    0.77941889    0.79400995    0.77346632    0.78112044    0.79113690    0.77316734    0.95132657    0.93232860    0.89414488    0.95168821    0.90360826    1.06218672    1.26556483    1.03077169    0.88441497    1.69235419    2.08059993    0.90604162    1.21931838    0.95836829    1.01220154    1.21971897    0.95409670    0.95997001    0.97462563    1.11250493    0.97856657    1.60392049    1.03669302    0.96148819    1.20193517    1.05687897    2.04926658    2.08389260    0.87951759
A0A0A1Q2B4_9BACT/782-920     0.63887265    0.58426732    1.05741345    0.81784457    0.80615647    0.59670775    0.55398327    0.48963881    0.49056919    0.00000000    0.41990651    0.91106715    0.82613632    0.72126287    0.72210530    0.68263615    0.62398225    0.77980733    0.76153972    0.65529716    0.64883168    0.80796994    0.84110627    0.71555533    0.98168202    0.97174692    0.98706997    1.12147949    0.96925562    0.75422946    1.63760337    2.18947696    0.97780921    1.21388452    0.96357935    0.96615182    1.22550109    1.13883682    1.12615841    1.09273311    1.08210873    1.11069010    1.32672978    1.03419605    0.97188595    1.42584995    1.23680374    1.98988342    1.76891322    0.88346461
A0A240F4T3_9CAUD/1235-1373     0.56916940    0.54605606    0.97503980    0.73482340    0.81678191    0.54903167    0.45813930    0.42171103    0.48436223    0.41990651    0.00000000    0.87562668    0.72755152    0.72954690    0.73506155    0.67899234    0.56611250    0.72174230    0.70501972    0.63764094    0.71040221    0.67335691    0.71467429    0.62203382    0.95126602    0.94092281    0.98028780    1.16322673    1.04597061    0.93618214    1.63015614    2.17690670    0.93074992    1.20202585    1.10366501    1.03140902    1.32610609    1.08192310    1.07939021    1.07830577    1.14721781    1.10732276    1.54206436    1.02956832    0.91556682    1.21509381    1.18865621    1.85764179    1.86478828    0.78578912
M4M9L8_9CAUD/950-1084     0.64491076    0.91888184    1.09743103    1.07772287    1.06534688    0.99008135    0.89546229    0.89160593    0.83453027    0.91106715    0.87562668    0.00000000    0.64558946    0.70632759    0.88846617    0.84415489    0.79138536    0.71231648    0.78880650    0.71074963    0.64575704    0.87446424    0.98642143    0.87678164    0.88197698    1.08265096    1.15916948    1.16824409    1.10410286    0.96625915    1.77669415    2.12800923    1.04510173    1.17309838    1.03818700    0.92490026    1.02735974    0.89369915    0.94894529    0.87975659    1.03661387    0.89004741    1.25499750    1.08708307    0.99028742    1.18259274    1.08264306    1.86225423    2.09318623    0.82986141
A0A1H3X3D4_9GAMM/548-682     0.63886557    0.63410155    1.05219106    0.87835127    1.19440187    0.93179919    0.88234718    0.85846654    0.90320825    0.82613632    0.72755152    0.64558946    0.00000000    0.56337118    0.99356037    0.79779451    0.74010195    0.88690255    0.72422011    0.74023183    0.76155759    0.85210208    0.94157401    0.79071333    0.84216391    0.94260127    0.93994330    0.92015398    1.06223108    0.97902887    1.60380865    2.05075785    1.11312043    1.14846344    1.05535787    0.88313484    1.07069921    0.92946048    0.93054250    0.90456266    1.00332507    0.98922681    1.13742000    0.93672338    1.07638111    1.16145059    1.20583317    1.98917716    1.78272406    0.73075499
E1V334_HALED/590-723     0.62674587    0.61233281    1.07340014    1.04503353    1.06089982    0.83052637    0.85180007    0.80477707    0.82639849    0.72126287    0.72954690    0.70632759    0.56337118    0.00000000    0.80302880    0.67123055    0.66698253    0.69575089    0.65508951    0.73071218    0.72480932    0.77627620    0.75992653    0.70053156    0.82006842    1.01759912    0.98894414    1.06998882    1.20856440    0.90309385    1.59627790    2.17099535    0.93542827    1.15250539    1.00923950    0.97465199    0.99969520    0.90507385    0.97101572    0.86899218    0.98318774    0.96509869    1.28505955    1.07514750    1.21316902    1.19519704    1.10911702    1.95082750    1.88279578    0.87269597
A1TMX0_ACIAC/759-887     0.68698004    0.89679127    0.88268051    1.02066914    1.05167304    0.80568789    0.73126912    0.74295941    0.73911487    0.72210530    0.73506155    0.88846617    0.99356037    0.80302880    0.00000000    0.70225040    0.65378804    0.60142310    0.67427459    0.70588617    0.69854871    0.87248184    0.88356480    0.82272425    0.86534112    1.13212731    1.19557653    1.09719132    1.17306989    0.84294622    1.79262047    2.35136559    0.94525988    1.24921461    0.99598992    1.15451016    1.22403812    1.10316743    1.11124110    1.12587739    1.17874897    1.11885587    1.69628109    1.15261623    1.08027420    1.36669343    1.18044313    2.26400580    2.26494050    0.90367975
A0A1P8JXH6_9BURK/646-779     0.76289593    0.66797697    0.97768418    0.86721753    1.02856547    0.69652408    0.83557461    0.77773215    0.77941889    0.68263615    0.67899234    0.84415489    0.79779451    0.67123055    0.70225040    0.00000000    0.63178098    0.70362066    0.74732616    0.75812271    0.67392872    0.88806106    1.01636177    0.78733717    0.94142708    0.77059996    0.86600879    1.18447858    0.97437588    0.76560016    1.62129926    1.87482641    0.98758855    1.33992213    0.93194923    0.86439071    1.13493074    0.98034078    0.96538348    1.05568750    0.95207090    0.96577279    1.40249773    0.89160986    1.12271914    1.28753739    1.22134094    1.95952959    1.70227255    0.70600489
A0A3R6F3B8_9BACT/1255-1388     0.61033985    0.64951145    0.91411439    0.93366121    0.98197430    0.76068891    0.80011579    0.79070231    0.79400995    0.62398225    0.56611250    0.79138536    0.74010195    0.66698253    0.65378804    0.63178098    0.00000000    0.56889864    0.42387483    0.52701994    0.46771720    0.50427881    0.52534136    0.49869157    0.84310216    0.98264467    1.04018530    1.21065757    1.14172410    0.91837639    1.41115037    2.04117052    1.03517373    1.32837051    1.16271505    1.04001134    1.15163495    1.06085660    0.98000468    1.04561444    1.06023841    1.07436269    1.48715699    1.00940333    0.91937302    1.17062671    0.97787763    1.96619877    2.06858109    0.77909139
A0A2V1ISY7_9BACT/2048-2181     0.67596620    0.80071507    1.02317795    0.98980539    1.03834741    0.85512096    0.80977261    0.83100352    0.77346632    0.77980733    0.72174230    0.71231648    0.88690255    0.69575089    0.60142310    0.70362066    0.56889864    0.00000000    0.29153894    0.42676205    0.37846206    0.69142901    0.68473645    0.61958102    0.79802285    1.00668739    1.08171445    1.25446063    1.01154905    0.79269197    1.49544653    2.11834352    0.90584433    1.28805578    0.96693211    1.15939794    1.29149241    1.08045529    1.03481050    1.02377303    1.10463142    1.02506506    1.67811385    1.07607787    1.04505034    1.19078741    1.00913645    1.93981277    1.88852389    0.84004938
R5IJ41_9BACT/3011-3144     0.63674476    0.73857113    0.90390049    1.02441060    0.95576422    0.74191269    0.78654236    0.80930715    0.78112044    0.76153972    0.70501972    0.78880650    0.72422011    0.65508951    0.67427459    0.74732616    0.42387483    0.29153894    0.00000000    0.47272167    0.38747271    0.65921907    0.55738680    0.57683692    0.77155912    1.10651108    1.07742418    1.17302651    1.09836961    0.91153928    1.47325119    1.90061630    0.90328814    1.15456238    1.06881455    1.01692548    1.01508134    0.97312550    0.96718638    0.95638463    0.99087163    0.92512518    1.58783446    0.97694637    1.07214183    1.15065946    0.98544069    1.84727641    1.96230158    0.78578083
A0A0A2DRT1_9PORP/1066-1199     0.73022882    0.76890538    0.95990914    0.92891665    0.99122624    0.69600025    0.66835175    0.77262890    0.79113690    0.65529716    0.63764094    0.71074963    0.74023183    0.73071218    0.70588617    0.75812271    0.52701994    0.42676205    0.47272167    0.00000000    0.37808309    0.68861009    0.66727040    0.55278334    0.73437142    0.93103993    0.96122401    1.01642074    0.97412942    0.86874166    1.44490976    2.13459866    1.05105055    1.31021049    1.17678521    1.16605723    1.14892343    1.13096947    1.03557884    1.04428075    1.05374521    1.03573649    1.50933294    1.00415724    1.04174140    1.22805219    1.16041448    1.78883776    1.99260386    0.79336392
R5W0V5_9BACE/1428-1561     0.65264435    0.80199777    0.85304625    0.92324946    0.97943604    0.80690271    0.80005377    0.78882251    0.77316734    0.64883168    0.71040221    0.64575704    0.76155759    0.72480932    0.69854871    0.67392872    0.46771720    0.37846206    0.38747271    0.37808309    0.00000000    0.64802067    0.66314080    0.58547059    0.72166599    0.87777112    1.03622481    1.17287494    0.99157200    0.83017423    1.41221465    2.05644148    0.89277841    1.23024811    1.14349194    1.01044434    1.17602642    1.11588304    1.09165004    1.08264044    1.01653062    1.03331336    1.53441101    0.86347116    1.02803695    1.22179203    1.11545595    1.87920196    1.86085182    0.80672194
R5AN66_9BACT/131-270     0.81763721    0.84816220    1.11755377    1.03841510    1.05467880    0.92872015    0.93202654    0.92948267    0.95132657    0.80796994    0.67335691    0.87446424    0.85210208    0.77627620    0.87248184    0.88806106    0.50427881    0.69142901    0.65921907    0.68861009    0.64802067    0.00000000    0.53890627    0.54199126    0.92249430    1.22295443    1.19557459    1.26223386    1.26912279    1.17275550    1.49026892    2.20736134    1.07873791    1.30912468    1.26388581    1.16725858    1.34893520    1.27392524    1.24365829    1.20614816    1.31293657    1.13122421    1.46579878    1.08296430    1.03969087    1.20465452    1.10049948    2.09563259    2.12929919    0.94548365
R6AAX6_9BACT/2178-2316     0.84209409    0.83978853    1.12418414    1.22949425    1.10846255    1.06218812    0.88028731    0.94921164    0.93232860    0.84110627    0.71467429    0.98642143    0.94157401    0.75992653    0.88356480    1.01636177    0.52534136    0.68473645    0.55738680    0.66727040    0.66314080    0.53890627    0.00000000    0.28226138    0.97587242    1.21715321    1.24924489    1.36283433    1.24203203    1.23492711    1.52276191    1.85790299    1.03059030    1.58778955    1.40041926    1.23601960    1.18503337    1.15345819    1.17382237    1.11557126    1.14672069    1.10344795    1.66737178    1.23479083    1.20938475    1.32629960    1.24032088    1.97597413    2.27357665    1.02324035
A0A3N2MIR6_9BACT/2249-2387     0.73397230    0.78092282    0.96978479    1.04124156    0.95818161    0.88076639    0.80924158    0.88750383    0.89414488    0.71555533    0.62203382    0.87678164    0.79071333    0.70053156    0.82272425    0.78733717    0.49869157    0.61958102    0.57683692    0.55278334    0.58547059    0.54199126    0.28226138    0.00000000    0.89116492    1.12365993    1.17384567    1.16967443    1.15507880    0.99323131    1.35998548    2.02263904    1.01173943    1.35010004    1.35982826    1.17172864    1.29585866    1.16666373    1.13777990    1.18473373    1.21555872    1.15659858    1.49448256    1.11977758    1.04606575    1.30989421    1.23530211    1.99532769    2.15322045    0.86528279
M4T1U6_9CAUD/20-155     0.86851731    1.03263280    1.10028649    0.98005496    1.27621012    1.03422021    0.94980589    0.81703097    0.95168821    0.98168202    0.95126602    0.88197698    0.84216391    0.82006842    0.86534112    0.94142708    0.84310216    0.79802285    0.77155912    0.73437142    0.72166599    0.92249430    0.97587242    0.89116492    0.00000000    1.17533422    1.22385440    1.28673828    1.26007273    1.33160988    1.52465600    2.07946483    0.93268521    1.26555144    1.23437514    1.08875267    1.09205971    1.06499167    1.02910930    1.00120254    1.07435671    0.99566059    1.56949053    1.12422458    1.19137831    1.21683973    1.24067423    1.97990471    1.91863701    0.95369450
A0A1N7QB30_9RHOB/956-1092     0.81766788    0.92255958    1.07663031    1.02686482    1.38354823    1.15298686    0.99172912    0.95525823    0.90360826    0.97174692    0.94092281    1.08265096    0.94260127    1.01759912    1.13212731    0.77059996    0.98264467    1.00668739    1.10651108    0.93103993    0.87777112    1.22295443    1.21715321    1.12365993    1.17533422    0.00000000    0.50766024    0.97423039    0.86845824    0.71454372    1.53654254    2.10060960    1.06506987    1.49749094    1.11968950    1.07635315    1.36262454    1.31904392    1.32987521    1.29112281    1.21430858    1.31325848    1.45081116    1.10459829    1.27543935    1.33459623    1.20329007    1.95013289    1.73524139    0.82784730
A0A1H3E6D5_9RHOB/1104-1241     0.81396322    1.02404320    1.22922496    1.15739081    1.32637667    1.18731883    1.18420744    1.05647613    1.06218672    0.98706997    0.98028780    1.15916948    0.93994330    0.98894414    1.19557653    0.86600879    1.04018530    1.08171445    1.07742418    0.96122401    1.03622481    1.19557459    1.24924489    1.17384567    1.22385440    0.50766024    0.00000000    0.87551823    0.78114078    0.79401900    1.66230862    2.16294506    1.07312193    1.54930022    1.29032380    1.04719403    1.38562105    1.25301827    1.16773161    1.21303906    1.21059389    1.32179292    1.47624473    1.13036256    1.23075940    1.36171799    1.11961412    1.81997564    1.77446087    0.83482967
A0A0Q6CB00_9RHIZ/553-689     1.04439042    1.01770856    1.11617943    1.20826606    1.30229763    1.23145037    1.32673538    1.18460858    1.26556483    1.12147949    1.16322673    1.16824409    0.92015398    1.06998882    1.09719132    1.18447858    1.21065757    1.25446063    1.17302651    1.01642074    1.17287494    1.26223386    1.36283433    1.16967443    1.28673828    0.97423039    0.87551823    0.00000000    0.81179107    0.72368065    2.01998019    2.48278292    1.39586196    1.51948338    1.35525973    1.24686714    1.51643476    1.33206120    1.27650198    1.28277102    1.31360041    1.40675491    1.31590772    1.46559060    1.36383476    1.57387050    1.62257282    1.99623186    2.03749504    1.20985049
A0A074TF91_9RHOB/844-980     0.87065186    0.95125916    1.20209852    1.07811181    1.20213702    1.13212297    0.97492685    1.11505181    1.03077169    0.96925562    1.04597061    1.10410286    1.06223108    1.20856440    1.17306989    0.97437588    1.14172410    1.01154905    1.09836961    0.97412942    0.99157200    1.26912279    1.24203203    1.15507880    1.26007273    0.86845824    0.78114078    0.81179107    0.00000000    0.42288230    1.91429894    2.22029945    1.28842546    1.49062279    1.27018622    1.15853415    1.30001478    1.30579915    1.28259872    1.21177858    1.12814981    1.17041866    1.54632487    1.41663912    1.30726189    1.81196932    1.61985758    2.43050741    2.41171419    1.05973028
A0A1H8K320_9RHOB/870-1006     0.75562085    0.85368781    1.18937202    1.08087394    1.09568249    0.86961564    0.98726884    1.01085429    0.88441497    0.75422946    0.93618214    0.96625915    0.97902887    0.90309385    0.84294622    0.76560016    0.91837639    0.79269197    0.91153928    0.86874166    0.83017423    1.17275550    1.23492711    0.99323131    1.33160988    0.71454372    0.79401900    0.72368065    0.42288230    0.00000000    1.96531734    2.46336061    1.31633517    1.32017498    1.11515919    1.06718702    1.41296265    1.25067722    1.24158393    1.29661727    1.23637833    1.29363836    1.26943849    1.29224133    1.24778343    1.61774567    1.36335528    2.08804147    2.02451119    0.92318958
I0XRD0_9LEPT/123-258     1.29239527    1.56270787    1.53755967    1.94112336    1.69745725    1.83641753    1.72017979    1.62163368    1.69235419    1.63760337    1.63015614    1.77669415    1.60380865    1.59627790    1.79262047    1.62129926    1.41115037    1.49544653    1.47325119    1.44490976    1.41221465    1.49026892    1.52276191    1.35998548    1.52465600    1.53654254    1.66230862    2.01998019    1.91429894    1.96531734    0.00000000    2.15009678    1.14103278    2.16830806    1.47586388    1.44270310    1.54876298    1.39196161    1.26178106    1.23536391    1.33616086    1.27573367    2.04193207    1.66149687    1.43242460    1.55228861    1.48975044    2.54882508    2.31572578    1.52973842
S5VL78_9CAUD/73-210     2.01027708    1.99096303    2.02568016    2.22819201    2.32538851    2.67568836    2.46499380    2.09216848    2.08059993    2.18947696    2.17690670    2.12800923    2.05075785    2.17099535    2.35136559    1.87482641    2.04117052    2.11834352    1.90061630    2.13459866    2.05644148    2.20736134    1.85790299    2.02263904    2.07946483    2.10060960    2.16294506    2.48278292    2.22029945    2.46336061    2.15009678    0.00000000    1.53047666    3.21585747    2.11168214    2.21453677    2.47179589    1.98924800    1.94818283    1.82700560    1.98905165    1.93542536    2.78187292    2.23464769    2.29541850    2.14080500    2.22039428    2.54355564    2.79639776    1.91169513
S5W9E2_9CAUD/114-242     0.74543798    0.95817605    1.06283581    1.10267358    1.21690428    1.17187732    1.00644271    0.84412491    0.90604162    0.97780921    0.93074992    1.04510173    1.11312043    0.93542827    0.94525988    0.98758855    1.03517373    0.90584433    0.90328814    1.05105055    0.89277841    1.07873791    1.03059030    1.01173943    0.93268521    1.06506987    1.07312193    1.39586196    1.28842546    1.31633517    1.14103278    1.53047666    0.00000000    1.47054074    0.86979842    0.93734259    1.10672114    0.98066296    0.88814866    0.82413085    1.00568296    0.87542119    1.52345559    1.05447983    1.17317121    1.22454819    1.12206139    2.11127841    2.07458729    0.90583498
A0A2S2F845_9GAMM/168-323     1.20747921    1.35525418    1.50067495    1.45700922    1.28866632    1.26429460    1.41101430    1.19523850    1.21931838    1.21388452    1.20202585    1.17309838    1.14846344    1.15250539    1.24921461    1.33992213    1.32837051    1.28805578    1.15456238    1.31021049    1.23024811    1.30912468    1.58778955    1.35010004    1.26555144    1.49749094    1.54930022    1.51948338    1.49062279    1.32017498    2.16830806    3.21585747    1.47054074    0.00000000    1.35702986    1.12735854    1.49335959    1.39286660    1.39980453    1.35814660    1.42698977    1.38641117    1.66908528    1.33786108    1.47369586    1.47025738    1.46965897    2.47422615    2.62536446    1.18590811
A0A059KLI8_9BURK/27-160     0.83956219    0.88666032    1.24666799    1.18879200    1.30344561    1.12404003    1.10105354    0.92240745    0.95836829    0.96357935    1.10366501    1.03818700    1.05535787    1.00923950    0.99598992    0.93194923    1.16271505    0.96693211    1.06881455    1.17678521    1.14349194    1.26388581    1.40041926    1.35982826    1.23437514    1.11968950    1.29032380    1.35525973    1.27018622    1.11515919    1.47586388    2.11168214    0.86979842    1.35702986    0.00000000    0.76418094    0.81489077    0.81692532    0.76041523    0.75156603    0.82546832    0.80196586    1.30136387    1.41245358    1.34164700    1.26661055    1.03857018    2.38570234    1.94844481    1.04106352
A0A0C4Y720_9BURK/128-262     0.68447129    0.90217110    1.14000676    1.02791033    1.12733855    0.99377288    0.99786375    0.99907632    1.01220154    0.96615182    1.03140902    0.92490026    0.88313484    0.97465199    1.15451016    0.86439071    1.04001134    1.15939794    1.01692548    1.16605723    1.01044434    1.16725858    1.23601960    1.17172864    1.08875267    1.07635315    1.04719403    1.24686714    1.15853415    1.06718702    1.44270310    2.21453677    0.93734259    1.12735854    0.76418094    0.00000000    0.70021298    0.60522627    0.57074289    0.67509451    0.72884615    0.76391219    1.19462945    0.97657182    1.04911153    1.28367572    1.21749578    2.31164653    2.13130639    0.82416892
A0A1S1Y8M0_9GAMM/28-161     0.98885617    1.03715651    1.40624442    1.40929032    1.27050019    1.18850112    1.17022530    1.28330767    1.21971897    1.22550109    1.32610609    1.02735974    1.07069921    0.99969520    1.22403812    1.13493074    1.15163495    1.29149241    1.01508134    1.14892343    1.17602642    1.34893520    1.18503337    1.29585866    1.09205971    1.36262454    1.38562105    1.51643476    1.30001478    1.41296265    1.54876298    2.47179589    1.10672114    1.49335959    0.81489077    0.70021298    0.00000000    0.31657647    0.45124196    0.43178920    0.50245188    0.53278896    1.40762942    1.33532627    1.48470692    1.61258026    1.51219606    2.31465776    2.42944307    1.19653550
A0A208Y7H9_9BURK/31-164     0.80672271    0.89189684    1.29155521    1.19886655    1.18649121    1.05013160    0.96941607    0.97988101    0.95409670    1.13883682    1.08192310    0.89369915    0.92946048    0.90507385    1.10316743    0.98034078    1.06085660    1.08045529    0.97312550    1.13096947    1.11588304    1.27392524    1.15345819    1.16666373    1.06499167    1.31904392    1.25301827    1.33206120    1.30579915    1.25067722    1.39196161    1.98924800    0.98066296    1.39286660    0.81692532    0.60522627    0.31657647    0.00000000    0.20749749    0.29269189    0.37000994    0.36394253    1.36036631    1.21596587    1.34226538    1.35607547    1.23640500    2.12865353    2.17618510    1.05077159
A0A3P4B8L3_9BURK/27-159     0.77220945    0.92253131    1.26033930    1.16827663    1.14250349    1.11650784    0.99706973    0.99711259    0.95997001    1.12615841    1.07939021    0.94894529    0.93054250    0.97101572    1.11124110    0.96538348    0.98000468    1.03481050    0.96718638    1.03557884    1.09165004    1.24365829    1.17382237    1.13777990    1.02910930    1.32987521    1.16773161    1.27650198    1.28259872    1.24158393    1.26178106    1.94818283    0.88814866    1.39980453    0.76041523    0.57074289    0.45124196    0.20749749    0.00000000    0.35254693    0.44530732    0.43574255    1.22482837    1.13792574    1.27061959    1.28359807    1.24248695    1.98093355    1.99661804    0.97498215
F8GGQ5_NITSI/34-167     0.80693968    0.92972952    1.23127365    1.18179071    1.18427687    1.09446717    1.03907253    0.99234150    0.97462563    1.09273311    1.07830577    0.87975659    0.90456266    0.86899218    1.12587739    1.05568750    1.04561444    1.02377303    0.95638463    1.04428075    1.08264044    1.20614816    1.11557126    1.18473373    1.00120254    1.29112281    1.21303906    1.28277102    1.21177858    1.29661727    1.23536391    1.82700560    0.82413085    1.35814660    0.75156603    0.67509451    0.43178920    0.29269189    0.35254693    0.00000000    0.37211672    0.34714245    1.40664785    1.28639069    1.27720972    1.20808077    1.16003335    2.07110890    2.08802094    1.04532308
A0A1I4G2G9_9PROT/31-164     0.91541529    0.99638246    1.15505902    1.33267359    1.15788973    1.21826330    1.14214336    1.05180414    1.11250493    1.08210873    1.14721781    1.03661387    1.00332507    0.98318774    1.17874897    0.95207090    1.06023841    1.10463142    0.99087163    1.05374521    1.01653062    1.31293657    1.14672069    1.21555872    1.07435671    1.21430858    1.21059389    1.31360041    1.12814981    1.23637833    1.33616086    1.98905165    1.00568296    1.42698977    0.82546832    0.72884615    0.50245188    0.37000994    0.44530732    0.37211672    0.00000000    0.38238720    1.43677639    1.19726591    1.34187215    1.35682703    1.24215524    2.03880598    2.09672805    0.97417519
A0A2U1CMC5_9BURK/32-164     0.80515224    0.91957955    1.28688802    1.16511662    1.27746607    1.14321704    1.06311355    0.96001282    0.97856657    1.11069010    1.10732276    0.89004741    0.98922681    0.96509869    1.11885587    0.96577279    1.07436269    1.02506506    0.92512518    1.03573649    1.03331336    1.13122421    1.10344795    1.15659858    0.99566059    1.31325848    1.32179292    1.40675491    1.17041866    1.29363836    1.27573367    1.93542536    0.87542119    1.38641117    0.80196586    0.76391219    0.53278896    0.36394253    0.43574255    0.34714245    0.38238720    0.00000000    1.46369836    1.28542612    1.29291210    1.18758114    1.13774904    2.40619053    2.22579558    1.02051310
A0A384ZS30_9CAUD/34-165     1.34126970    1.29248344    1.68526654    1.66194777    1.62074543    1.57255681    1.64715095    1.51704326    1.60392049    1.32672978    1.54206436    1.25499750    1.13742000    1.28505955    1.69628109    1.40249773    1.48715699    1.67811385    1.58783446    1.50933294    1.53441101    1.46579878    1.66737178    1.49448256    1.56949053    1.45081116    1.47624473    1.31590772    1.54632487    1.26943849    2.04193207    2.78187292    1.52345559    1.66908528    1.30136387    1.19462945    1.40762942    1.36036631    1.22482837    1.40664785    1.43677639    1.46369836    0.00000000    1.65530847    1.57326403    1.89340700    1.78391286    2.58057721    2.59916027    1.32021737
E7NV08_TREPH/289-431     0.87345227    0.89349473    1.35279907    1.20747543    1.27737064    1.08083348    1.04632864    0.96092993    1.03669302    1.03419605    1.02956832    1.08708307    0.93672338    1.07514750    1.15261623    0.89160986    1.00940333    1.07607787    0.97694637    1.00415724    0.86347116    1.08296430    1.23479083    1.11977758    1.12422458    1.10459829    1.13036256    1.46559060    1.41663912    1.29224133    1.66149687    2.23464769    1.05447983    1.33786108    1.41245358    0.97657182    1.33532627    1.21596587    1.13792574    1.28639069    1.19726591    1.28542612    1.65530847    0.00000000    0.84025024    0.93226723    1.02804157    1.96816692    1.71594705    1.01892858
A0A1Y6CTG5_9GAMM/309-445     0.88869606    1.06182349    1.11669815    1.11952398    1.03918735    1.12357904    1.03278054    1.00379257    0.96148819    0.97188595    0.91556682    0.99028742    1.07638111    1.21316902    1.08027420    1.12271914    0.91937302    1.04505034    1.07214183    1.04174140    1.02803695    1.03969087    1.20938475    1.04606575    1.19137831    1.27543935    1.23075940    1.36383476    1.30726189    1.24778343    1.43242460    2.29541850    1.17317121    1.47369586    1.34164700    1.04911153    1.48470692    1.34226538    1.27061959    1.27720972    1.34187215    1.29291210    1.57326403    0.84025024    0.00000000    0.62517646    0.57949492    2.22014993    2.10951599    0.76175335
A0A1H3JGW7_9PROT/37-167     1.20517634    1.23456523    1.26963309    1.29169610    1.55568031    1.50112385    1.35958116    1.26238553    1.20193517    1.42584995    1.21509381    1.18259274    1.16145059    1.19519704    1.36669343    1.28753739    1.17062671    1.19078741    1.15065946    1.22805219    1.22179203    1.20465452    1.32629960    1.30989421    1.21683973    1.33459623    1.36171799    1.57387050    1.81196932    1.61774567    1.55228861    2.14080500    1.22454819    1.47025738    1.26661055    1.28367572    1.61258026    1.35607547    1.28359807    1.20808077    1.35682703    1.18758114    1.89340700    0.93226723    0.62517646    0.00000000    0.41448326    1.93804148    2.17965356    1.08047887
A0A291LAK2_9CAUD/17-147     1.00317697    1.17327067    1.12708299    1.29027218    1.33686101    1.31651248    1.24618355    1.02664164    1.05687897    1.23680374    1.18865621    1.08264306    1.20583317    1.10911702    1.18044313    1.22134094    0.97787763    1.00913645    0.98544069    1.16041448    1.11545595    1.10049948    1.24032088    1.23530211    1.24067423    1.20329007    1.11961412    1.62257282    1.61985758    1.36335528    1.48975044    2.22039428    1.12206139    1.46965897    1.03857018    1.21749578    1.51219606    1.23640500    1.24248695    1.16003335    1.24215524    1.13774904    1.78391286    1.02804157    0.57949492    0.41448326    0.00000000    2.16388997    2.00183973    0.87968058
A0A1L2BWQ1_9CAUD/284-417     2.07948604    1.81332651    2.20765888    2.03440688    1.86788419    2.26306748    2.00645335    2.05155384    2.04926658    1.98988342    1.85764179    1.86225423    1.98917716    1.95082750    2.26400580    1.95952959    1.96619877    1.93981277    1.84727641    1.78883776    1.87920196    2.09563259    1.97597413    1.99532769    1.97990471    1.95013289    1.81997564    1.99623186    2.43050741    2.08804147    2.54882508    2.54355564    2.11127841    2.47422615    2.38570234    2.31164653    2.31465776    2.12865353    1.98093355    2.07110890    2.03880598    2.40619053    2.58057721    1.96816692    2.22014993    1.93804148    2.16388997    0.00000000    1.59900950    1.89027622
G9BWG0_9CAUD/505-631     1.97966267    1.87910138    2.32294146    1.78226993    2.13953099    2.15588493    2.10362380    1.92759657    2.08389260    1.76891322    1.86478828    2.09318623    1.78272406    1.88279578    2.26494050    1.70227255    2.06858109    1.88852389    1.96230158    1.99260386    1.86085182    2.12929919    2.27357665    2.15322045    1.91863701    1.73524139    1.77446087    2.03749504    2.41171419    2.02451119    2.31572578    2.79639776    2.07458729    2.62536446    1.94844481    2.13130639    2.42944307    2.17618510    1.99661804    2.08802094    2.09672805    2.22579558    2.59916027    1.71594705    2.10951599    2.17965356    2.00183973    1.59900950    0.00000000    1.75975917
U2ZKJ5_PSEA4/632-765     0.69724754    0.84712866    0.86426505    0.97046842    1.06969899    0.94904912    0.85137064    0.84596152    0.87951759    0.88346461    0.78578912    0.82986141    0.73075499    0.87269597    0.90367975    0.70600489    0.77909139    0.84004938    0.78578083    0.79336392    0.80672194    0.94548365    1.02324035    0.86528279    0.95369450    0.82784730    0.83482967    1.20985049    1.05973028    0.92318958    1.52973842    1.91169513    0.90583498    1.18590811    1.04106352    0.82416892    1.19653550    1.05077159    0.97498215    1.04532308    0.97417519    1.02051310    1.32021737    1.01892858    0.76175335    1.08047887    0.87968058    1.89027622    1.75975917    0.00000000

