16
A0A1H8XES0_9PSEU/42-125     0.00000000    0.63920844    0.44210903    0.85398274    1.02450994    1.01821811    1.07232414    1.33860365    1.50112899    1.27569369    1.30679831    1.53547559    1.21943372    0.50880343    0.47339885    0.44187432
C7Q681_CATAD/84-167     0.63920844    0.00000000    0.37818447    1.00802433    1.49564019    1.41489629    1.43054030    1.22845356    1.52990525    1.55914562    1.63506243    1.55918339    1.83366073    0.65445388    0.62432034    0.57439541
A0A1Q5AT20_9ACTN/72-154     0.44210903    0.37818447    0.00000000    0.89598001    1.39056117    1.31471887    1.47575601    1.28303808    1.38621205    1.44929870    1.44024363    1.35509564    1.56499745    0.45903624    0.45056542    0.38379177
W7T5G9_9PSEU/58-142     0.85398274    1.00802433    0.89598001    0.00000000    1.17571163    1.20101723    1.33766084    1.36802976    1.44480804    1.64142393    1.39719297    1.55505914    1.21664400    0.61211777    0.60064861    0.82129674
A8L309_FRASN/10-92     1.02450994    1.49564019    1.39056117    1.17571163    0.00000000    0.20739725    0.47723631    0.72067063    1.74127239    1.86137638    1.77098442    1.44531402    1.14670451    1.30635045    1.30417556    1.21980297
D3CWB4_9ACTN/10-92     1.01821811    1.41489629    1.31471887    1.20101723    0.20739725    0.00000000    0.37943194    0.69941085    1.76512530    1.75443000    1.68915254    1.37426697    1.22383173    1.23596638    1.12281822    1.12676390
A0A1I4BLN0_9ACTN/10-92     1.07232414    1.43054030    1.47575601    1.33766084    0.47723631    0.37943194    0.00000000    0.68495011    1.75916081    1.89103069    1.72209034    1.38437534    1.32007898    1.22101917    1.18297772    1.17926908
F5XJ45_MICPN/12-96     1.33860365    1.22845356    1.28303808    1.36802976    0.72067063    0.69941085    0.68495011    0.00000000    1.68127303    1.65995029    1.62220011    1.24443274    1.44564892    1.52258492    1.46076668    1.16264636
A0A2A3HGH6_9ACTN/9-105     1.50112899    1.52990525    1.38621205    1.44480804    1.74127239    1.76512530    1.75916081    1.68127303    0.00000000    0.59548417    0.62109475    1.23699085    1.30119281    1.58936058    1.68805231    1.36783413
L7ETH1_9ACTN/7-102     1.27569369    1.55914562    1.44929870    1.64142393    1.86137638    1.75443000    1.89103069    1.65995029    0.59548417    0.00000000    0.30906474    1.48389512    1.37890166    1.69301099    1.65606347    1.64697317
A0A1M5ZLF0_9ACTN/9-104     1.30679831    1.63506243    1.44024363    1.39719297    1.77098442    1.68915254    1.72209034    1.62220011    0.62109475    0.30906474    0.00000000    1.40140744    1.21181890    1.69721273    1.67904398    1.56680313
A0A1M5DHV2_9ACTN/169-262     1.53547559    1.55918339    1.35509564    1.55505914    1.44531402    1.37426697    1.38437534    1.24443274    1.23699085    1.48389512    1.40140744    0.00000000    0.85389837    1.52050263    1.51759246    1.21125971
W7TA88_9PSEU/10-106     1.21943372    1.83366073    1.56499745    1.21664400    1.14670451    1.22383173    1.32007898    1.44564892    1.30119281    1.37890166    1.21181890    0.85389837    0.00000000    1.26225687    1.29363052    1.13785067
A0A0J7ADY3_9ACTN/27-113     0.50880343    0.65445388    0.45903624    0.61211777    1.30635045    1.23596638    1.22101917    1.52258492    1.58936058    1.69301099    1.69721273    1.52050263    1.26225687    0.00000000    0.08380951    0.46439405
D7CDH8_STRBB/30-116     0.47339885    0.62432034    0.45056542    0.60064861    1.30417556    1.12281822    1.18297772    1.46076668    1.68805231    1.65606347    1.67904398    1.51759246    1.29363052    0.08380951    0.00000000    0.42939159
A0A109IKQ1_9ACTN/98-188     0.44187432    0.57439541    0.38379177    0.82129674    1.21980297    1.12676390    1.17926908    1.16264636    1.36783413    1.64697317    1.56680313    1.21125971    1.13785067    0.46439405    0.42939159    0.00000000

