20
B5JFT2_9BACT/179-204     0.00000000    0.83778755    1.17171932    0.94431860    0.95467706    1.31950330    1.38053586    1.23594323    1.42858790    0.95637640    1.14445894    0.95857412    1.54148754    1.21054931    0.92067943    0.88007928    1.39246920    0.88649017    0.97009315    1.42715598
B5JNJ5_9BACT/200-225     0.83778755    0.00000000    1.35832253    0.95732430    1.04078603    1.43048475    1.63394701    2.05845860    1.84754156    1.45774312    1.77738631    0.84422113    1.71872433    1.29300538    1.24492950    1.16844451    1.96386403    1.12945376    0.90027655    1.79531628
B5JLW5_9BACT/185-210     1.17171932    1.35832253    0.00000000    0.84304117    1.25778467    1.36564218    1.52135516    1.78537951    1.54205384    1.09977886    1.27509445    0.85913468    1.77088009    1.54929586    1.08646997    1.15127394    1.74478716    1.01436705    1.32719409    1.54858332
B5JRF1_9BACT/198-223     0.94431860    0.95732430    0.84304117    0.00000000    0.68256939    0.78303507    0.62675622    1.14813769    1.33454571    0.98051839    0.76152303    0.54003811    1.72807864    1.20707721    0.96907513    1.03254285    1.20017732    0.67519012    0.75630365    1.99980282
B5JEA2_9BACT/168-193     0.95467706    1.04078603    1.25778467    0.68256939    0.00000000    0.48729033    0.85744077    1.15574240    0.91136396    0.87162522    1.12635416    0.74349408    1.37506493    1.28877804    1.26511951    0.93427325    1.74217462    0.95546940    0.89069763    1.48701783
B5JIB7_9BACT/228-253     1.31950330    1.43048475    1.36564218    0.78303507    0.48729033    0.00000000    0.59595820    1.04165263    0.81454265    1.05127938    1.43505941    0.98084528    1.13053785    1.13733532    1.19963772    0.89691267    1.39052135    1.45060748    1.38004777    1.97588982
B5JM50_9BACT/215-240     1.38053586    1.63394701    1.52135516    0.62675622    0.85744077    0.59595820    0.00000000    0.87190197    1.12670242    1.08222042    1.23076193    1.11879231    1.30343128    1.13637898    0.86684915    1.06689959    1.10974140    1.50745879    1.19489171    2.78844529
B5JDP6_9BACT/315-340     1.23594323    2.05845860    1.78537951    1.14813769    1.15574240    1.04165263    0.87190197    0.00000000    0.93276781    1.48853655    1.20619266    1.47786966    1.33131089    1.10545121    0.97018082    1.37080603    1.94116119    1.52106588    1.32241929    3.13882813
B5JHY8_9BACT/262-287     1.42858790    1.84754156    1.54205384    1.33454571    0.91136396    0.81454265    1.12670242    0.93276781    0.00000000    0.94763850    1.13894417    0.97624964    1.74552417    1.13919492    1.35759051    1.07341373    1.56672794    1.43711766    1.56298483    2.53784894
B5JM51_9BACT/246-271     0.95637640    1.45774312    1.09977886    0.98051839    0.87162522    1.05127938    1.08222042    1.48853655    0.94763850    0.00000000    0.88766089    1.15151157    1.68895901    1.31175046    1.45387408    1.22111513    1.41519720    1.53700995    1.43520664    1.82227204
B5JR99_9BACT/125-150     1.14445894    1.77738631    1.27509445    0.76152303    1.12635416    1.43505941    1.23076193    1.20619266    1.13894417    0.88766089    0.00000000    0.97343838    2.16383344    2.01755501    1.15624568    1.34363484    1.58949879    1.16657434    1.24563014    1.62698689
B5JR06_9BACT/32-57     0.95857412    0.84422113    0.85913468    0.54003811    0.74349408    0.98084528    1.11879231    1.47786966    0.97624964    1.15151157    0.97343838    0.00000000    1.99683264    1.10951050    1.24348146    0.94656138    0.93202591    1.00535673    0.76539891    1.70534430
B5JFE4_9BACT/225-250     1.54148754    1.71872433    1.77088009    1.72807864    1.37506493    1.13053785    1.30343128    1.33131089    1.74552417    1.68895901    2.16383344    1.99683264    0.00000000    0.78988132    1.71664907    1.83070766    1.51578501    1.43280778    1.31212946    2.10416577
B5JN13_9BACT/274-299     1.21054931    1.29300538    1.54929586    1.20707721    1.28877804    1.13733532    1.13637898    1.10545121    1.13919492    1.31175046    2.01755501    1.10951050    0.78988132    0.00000000    1.19256526    1.30649228    1.53307981    1.15049148    0.79430232    1.22780234
B9XT39_PEDPL/281-306     0.92067943    1.24492950    1.08646997    0.96907513    1.26511951    1.19963772    0.86684915    0.97018082    1.35759051    1.45387408    1.15624568    1.24348146    1.71664907    1.19256526    0.00000000    0.77780290    1.54149480    0.92988677    1.00650853    1.78639214
B5JD18_9BACT/199-224     0.88007928    1.16844451    1.15127394    1.03254285    0.93427325    0.89691267    1.06689959    1.37080603    1.07341373    1.22111513    1.34363484    0.94656138    1.83070766    1.30649228    0.77780290    0.00000000    1.06494385    1.14512200    1.19760655    1.99112129
B5JNC4_9BACT/259-284     1.39246920    1.96386403    1.74478716    1.20017732    1.74217462    1.39052135    1.10974140    1.94116119    1.56672794    1.41519720    1.58949879    0.93202591    1.51578501    1.53307981    1.54149480    1.06494385    0.00000000    1.83976391    1.83426507    2.05516439
B9XD47_PEDPL/154-179     0.88649017    1.12945376    1.01436705    0.67519012    0.95546940    1.45060748    1.50745879    1.52106588    1.43711766    1.53700995    1.16657434    1.00535673    1.43280778    1.15049148    0.92988677    1.14512200    1.83976391    0.00000000    0.65984903    1.43046632
A0A143PXQ2_9BACT/215-240     0.97009315    0.90027655    1.32719409    0.75630365    0.89069763    1.38004777    1.19489171    1.32241929    1.56298483    1.43520664    1.24563014    0.76539891    1.31212946    0.79430232    1.00650853    1.19760655    1.83426507    0.65984903    0.00000000    1.23343595
B5JRE6_9BACT/188-213     1.42715598    1.79531628    1.54858332    1.99980282    1.48701783    1.97588982    2.78844529    3.13882813    2.53784894    1.82227204    1.62698689    1.70534430    2.10416577    1.22780234    1.78639214    1.99112129    2.05516439    1.43046632    1.23343595    0.00000000

