115
A0A0S6XFS2_9FUNG/13-129     0.00000000    0.30940757    0.43465918    0.48044409    0.49952760    0.51164249    0.54738647    0.48431493    0.59249426    0.58370796    0.52192247    0.39186369    0.55612634    0.54181567    0.62803302    0.61899315    0.65857893    0.94395343    1.07140950    1.15251376    1.35291384    1.09642973    1.26297165    1.21057232    1.29165199    1.46347684    1.37669422    1.52891384    1.49506191    1.52812146    1.35649624    1.55361184    1.43774887    1.54780620    1.52659167    1.37399315    1.39692517    1.18526248    1.05570419    1.14660277    0.92010055    0.99134224    1.10155409    1.18271029    1.19054572    0.85216849    0.93504059    1.16354976    0.98040371    0.92427239    0.95567047    0.92883683    1.24362296    1.40444321    1.15559421    1.40002722    1.47859891    1.49338497    1.45519612    1.47456349    1.20412476    1.52555308    1.50202544    1.38053267    1.28250685    2.00943051    1.94312099    1.39315163    1.59733349    1.34391346    1.45561601    1.46883255    1.25043060    0.92945840    0.83085254    0.90401557    1.10479642    0.85333957    0.95555415    0.85426333    0.99491994    1.01427739    0.98898108    0.98572889    0.89565131    0.97510471    0.89430715    0.89255739    1.02939774    0.95308879    0.91119475    0.87107119    1.00899289    1.06941192    0.93751675    0.82574678    0.95156668    1.09627773    0.88922293    0.92298782    0.97332184    0.65679281    0.62310078    0.42127251    0.52467229    0.50084521    0.44793283    0.63902743    0.51466445    0.66534698    0.53435099    0.51167746    0.44058076    0.43046659    0.52297477
A0A177DBN7_ALTAL/13-129     0.30940757    0.00000000    0.31464832    0.32749117    0.41538853    0.42305368    0.42374629    0.41750532    0.54254084    0.51924646    0.45147845    0.36063450    0.47762755    0.45586166    0.54383453    0.53476275    0.60679226    0.90536880    1.01551337    1.10855970    1.27682429    1.15190205    1.17223384    1.27221745    1.27485005    1.38857899    1.39353350    1.32891012    1.37987815    1.42494739    1.28961779    1.36089900    1.36588233    1.43368275    1.30893600    1.27754932    1.31865273    1.10158024    0.99090958    1.12951870    0.73272943    0.92603132    0.99176399    1.08165857    1.04320502    0.74419988    0.98430215    1.08988939    0.93246272    0.98532036    0.89657700    0.98596247    1.27160685    1.31458749    1.19858615    1.37766385    1.40740700    1.43092158    1.38533029    1.42367794    1.16326775    1.38050358    1.38584962    1.44022127    1.27308542    1.89362955    1.80374301    1.27616487    1.64293648    1.32563695    1.27927553    1.42340519    1.35029493    0.93771116    0.73477745    0.85307638    0.94283072    0.76090876    0.79296630    0.74984476    0.83640361    0.84704991    0.85813932    0.83805844    0.87715500    0.96490157    0.87595124    0.84594969    0.93560786    0.94328381    0.88565012    0.89101931    0.86521199    0.92294381    0.71592016    0.75290862    0.85579131    1.03666976    0.80349923    0.84723063    0.91922785    0.51234338    0.48068319    0.42573032    0.42396155    0.49779421    0.52136046    0.51591291    0.39327956    0.63413350    0.49580737    0.49851980    0.39800334    0.48123065    0.45240520
A0A0G2GST7_9PEZI/15-131     0.43465918    0.31464832    0.00000000    0.30699126    0.35449286    0.45125087    0.47204960    0.36371763    0.57067002    0.52944607    0.44550989    0.43846548    0.48629110    0.46858715    0.60255315    0.56910939    0.57933540    0.99576862    1.14853800    1.11568277    1.35128539    1.19038985    1.16505001    1.27062770    1.33178524    1.42289435    1.36254069    1.31678648    1.41254336    1.38215322    1.32353156    1.43827690    1.39085523    1.42261002    1.30441967    1.33132285    1.36055530    1.19743988    1.00167154    1.15443192    0.88615363    1.03297042    1.12582522    1.15545509    1.02703734    0.70463749    1.02771086    1.11473966    0.96226845    0.93893794    0.92204440    0.99020901    1.19603175    1.24008329    1.22736220    1.35820465    1.39429099    1.35268029    1.48407909    1.45707924    1.27549511    1.38521879    1.36297650    1.47329587    1.36518233    1.86069860    1.84560189    1.41855277    1.61697735    1.25420882    1.30648077    1.38886653    1.38303466    1.01453183    0.84711891    0.97553718    1.09739818    0.84741677    0.79137940    0.85061704    0.96267955    0.98023054    0.95778499    1.05285152    0.99514024    1.01275897    0.96865406    0.93045624    0.94625612    1.06948633    0.94340298    0.97586748    0.90393780    1.04672514    0.91308199    0.90329393    0.89217154    1.15091266    0.81849442    0.84666268    1.06041418    0.55373991    0.52271334    0.40828187    0.44729020    0.53350902    0.54292110    0.53922496    0.47792560    0.64205799    0.45776186    0.50410389    0.39712317    0.45569601    0.41083433
R7Z0Y8_CONA1/15-131     0.48044409    0.32749117    0.30699126    0.00000000    0.31685684    0.39470373    0.43642730    0.36871468    0.56876609    0.52534276    0.49803588    0.40731182    0.43559239    0.43429587    0.57098210    0.51050069    0.63655356    1.00042070    1.05066787    1.04702005    1.22396917    1.25143039    1.16883178    1.34875666    1.21599808    1.42397174    1.33500007    1.34076769    1.36096531    1.49794134    1.34119111    1.51733611    1.41277222    1.47687788    1.50500945    1.51693772    1.54832553    1.23634836    1.01755700    1.15742414    0.88178601    1.11232650    1.17141093    1.06648651    1.09145778    0.89690957    1.03828850    1.14850069    1.05063272    1.06984505    0.95859915    0.97552217    1.32168175    1.20947979    1.19508982    1.41384362    1.37289339    1.38286736    1.43429700    1.39843160    1.09453134    1.36215029    1.46563410    1.44094194    1.34151523    1.90140564    1.83289344    1.35008677    1.61647000    1.45345167    1.30194879    1.63865798    1.38991280    1.00115999    0.76525215    0.94051468    1.08140444    0.86647600    0.81534646    0.81157546    0.94138315    0.91715135    0.90181885    1.01916205    0.99496570    0.95298345    0.97840519    0.95238106    1.03492430    1.00823636    0.93304186    0.87451593    0.95609766    1.02495744    0.91241110    0.91063522    1.03505408    1.19607254    0.77004423    0.87592087    0.95934986    0.50736902    0.45615934    0.45668951    0.48431682    0.58934873    0.57733513    0.52910243    0.47723761    0.59671170    0.47590085    0.54007012    0.38285489    0.53057646    0.47853181
A0A0D2AGR8_9PEZI/16-132     0.49952760    0.41538853    0.35449286    0.31685684    0.00000000    0.46780980    0.49763667    0.39229325    0.64952888    0.57342405    0.55574008    0.48590832    0.51160386    0.51548007    0.56454809    0.55838514    0.58884299    1.03813591    1.06838363    1.03963414    1.29000397    1.15313769    1.23077667    1.19943569    1.18915734    1.32276280    1.27876717    1.37794170    1.44837276    1.51013364    1.32737965    1.50467351    1.41500434    1.35146273    1.35645339    1.35010130    1.37428407    1.14757350    0.94709471    1.10829445    0.82967095    1.15051281    1.10706159    1.16673899    1.24619516    0.85362999    0.95529190    1.12868753    1.04902063    1.02755061    1.02148323    0.97153693    1.27825815    1.10318368    1.31822943    1.59233552    1.35805893    1.45228908    1.49984173    1.42007748    1.18218249    1.32423847    1.50786837    1.52524005    1.42670440    1.86335961    2.04149624    1.52856504    1.72268329    1.39314116    1.36835039    1.53180097    1.29064583    0.95629861    0.83295066    0.88384061    1.03911345    0.73426469    0.73983751    0.76983424    0.89010745    0.90683382    0.88000763    0.97168472    0.91651367    0.88353497    0.85981822    0.87415883    0.90307515    0.98064388    0.89699047    0.83161659    0.93600050    1.03673094    0.84381338    0.83345851    0.97563755    1.10445818    0.93857758    0.93922418    0.99334893    0.61173125    0.52354613    0.39379917    0.48679173    0.50810098    0.48046599    0.52262180    0.52309202    0.61378334    0.48145057    0.57170023    0.37315704    0.50906719    0.47689927
A0A167Z7V0_9PEZI/12-129     0.51164249    0.42305368    0.45125087    0.39470373    0.46780980    0.00000000    0.25449934    0.23085888    0.35203331    0.36458830    0.26622323    0.23796305    0.25291203    0.31762917    0.43432181    0.44304867    0.47440708    1.02001139    1.01754241    1.04310423    1.18999076    1.07534872    1.06062693    1.04824839    1.20945612    1.35144445    1.23814574    1.28270045    1.37956034    1.48098714    1.33858048    1.39664733    1.32634689    1.30483171    1.34087624    1.39099632    1.31559275    1.27110229    0.95344286    1.00464694    0.80207895    1.14857683    1.16739513    1.21041207    1.34538928    0.91190278    0.84254688    1.04584586    0.91376132    0.89048921    1.04064144    1.01892966    1.22097680    1.19545357    1.17959512    1.29710968    1.45049373    1.46020244    1.43627559    1.40440157    1.20093641    1.34810906    1.51066502    1.51521934    1.42253750    1.93780409    1.77281285    1.28194477    1.57861942    1.34084430    1.23190691    1.37753088    1.33683455    0.94288807    0.73936958    0.78788940    0.90888364    0.76544093    0.77296903    0.75018560    0.81813637    0.81446794    0.81883150    0.89522215    0.84376820    0.91481987    0.86498750    0.77983427    0.83713865    0.83915524    0.82722310    0.76263162    0.88756980    0.95648086    0.85433990    0.69701348    0.85210185    0.98424269    0.88504278    0.87039594    0.96849190    0.57445486    0.49931805    0.47750793    0.47867115    0.58759065    0.55492811    0.52990721    0.47526121    0.67479850    0.48479433    0.50513424    0.39675126    0.52424399    0.52943168
A0A0G2H466_9PEZI/12-128     0.54738647    0.42374629    0.47204960    0.43642730    0.49763667    0.25449934    0.00000000    0.30817972    0.36052998    0.39913119    0.36673311    0.27039585    0.29829997    0.33632909    0.42595370    0.45922383    0.50313652    0.94536411    0.91212857    0.96453770    1.16928334    1.02614309    1.01765451    1.14612980    1.23526795    1.31396059    1.21933513    1.29430819    1.37419825    1.52261646    1.40880597    1.42239467    1.36548238    1.33686976    1.38089955    1.37705430    1.44037536    1.29441252    0.98715858    1.01353324    0.75714164    1.12811543    1.15400308    1.09522370    1.22823761    0.91986991    0.98734814    1.26800913    1.08668875    0.96562821    1.18303945    1.00003175    1.18090837    1.39138031    1.24740760    1.37714043    1.56738907    1.53495182    1.43761468    1.40491780    1.21244635    1.46151807    1.48587037    1.36183486    1.52809135    1.96003211    1.69465314    1.47526050    1.71975295    1.32247329    1.25461671    1.42096536    1.35698577    0.93505786    0.67782186    0.79879054    0.93559192    0.69262656    0.71884051    0.75781431    0.83447438    0.73905104    0.80163154    0.80149535    0.76198484    0.85009086    0.90578010    0.75569286    0.85928241    0.88461473    0.87668288    0.75767845    0.86917455    0.98341291    0.84833132    0.75860692    0.85256436    0.91299076    0.87908096    0.92888079    0.88209513    0.55836037    0.52613272    0.47104151    0.44336359    0.54763702    0.55842190    0.53354851    0.52767513    0.71465329    0.60251523    0.56482764    0.47380902    0.48320770    0.48226542
G2Y1T9_BOTF4/12-129     0.48431493    0.41750532    0.36371763    0.36871468    0.39229325    0.23085888    0.30817972    0.00000000    0.35492539    0.27497156    0.28943367    0.23294365    0.26768460    0.22977302    0.44257401    0.34772461    0.47157728    0.96683938    0.93248559    1.02927878    1.19471704    1.13545219    1.07174747    1.06049980    1.17161099    1.28107722    1.28365662    1.28215996    1.30570534    1.50078857    1.37216856    1.47243505    1.33509858    1.34235784    1.41859737    1.26711673    1.32063000    1.14981413    0.91361537    1.05803584    0.77409155    1.07357150    1.10046446    1.02812608    1.11292157    0.86808588    0.94160888    1.10645637    1.00104092    0.90517431    0.98597995    0.95396709    1.17521932    1.19097497    1.13891167    1.29016970    1.42455560    1.47379586    1.49142691    1.47959628    1.26623491    1.44287308    1.42590435    1.43985152    1.36389693    1.89983124    1.79043314    1.37460263    1.65034424    1.23668293    1.22578069    1.42077906    1.30926436    0.89611024    0.72760943    0.69748111    0.92869272    0.68674818    0.66225220    0.73055477    0.78295474    0.81476155    0.83163326    0.93353839    0.76703792    0.83612520    0.82813565    0.79268243    0.79277035    0.83369658    0.84446664    0.74379083    0.89202072    0.96522045    0.77308565    0.74754536    0.84874930    1.06755219    0.87582019    0.80019467    0.97120772    0.52284673    0.46679027    0.49967014    0.47609821    0.50253142    0.45216555    0.50626033    0.41012503    0.56657399    0.45628477    0.50357924    0.42274966    0.50651819    0.45330346
A0A0B1P3T5_UNCNE/12-129     0.59249426    0.54254084    0.57067002    0.56876609    0.64952888    0.35203331    0.36052998    0.35492539    0.00000000    0.25152833    0.46121732    0.38741985    0.38616856    0.42431529    0.51580458    0.58059080    0.55472196    0.92861002    1.13741479    1.09161644    1.10091058    1.05006289    1.10249171    1.07616378    1.15068940    1.29885544    1.18249974    1.24026598    1.41837423    1.37766592    1.24321302    1.29271138    1.34096688    1.45604089    1.37472734    1.34180355    1.34117589    1.26329690    0.99354430    1.14629909    0.85487256    1.11986406    1.30044831    1.23529299    1.27994814    1.06864003    1.04449003    1.07540004    1.06261544    1.07438770    1.21887552    1.16895805    1.34558472    1.36196138    1.26556341    1.42838489    1.87625445    1.64574396    1.61774765    1.57541056    1.51538762    1.70556694    1.68061919    1.42081184    1.45878559    2.02428490    1.88076173    1.50149045    1.93590120    1.46235142    1.53593436    1.55420643    1.50955197    1.10047904    0.95373919    0.96677383    1.07903161    0.92015050    0.88518510    0.88166059    0.96289209    0.91740886    0.95496631    1.04581343    0.96286713    1.03955288    0.95198683    0.91771282    1.03276572    1.00016939    0.90823805    0.90595829    1.01736740    1.07938743    1.02150519    0.95262851    0.96234504    1.08374960    0.99538408    0.98437667    1.00877034    0.64812803    0.58826447    0.69951836    0.55605054    0.69791650    0.58927133    0.64362446    0.53659891    0.66867389    0.60609672    0.58676751    0.55737805    0.61129587    0.61991870
N1J666_BLUG1/12-129     0.58370796    0.51924646    0.52944607    0.52534276    0.57342405    0.36458830    0.39913119    0.27497156    0.25152833    0.00000000    0.43011040    0.33657937    0.33167343    0.36254271    0.49608408    0.49182002    0.58605278    0.84190949    1.02450412    1.04437380    1.13383681    1.04167394    1.10623329    0.97195802    1.00012875    1.17802328    1.22443422    1.15331911    1.35109777    1.45417520    1.32673767    1.37080520    1.26884983    1.33151729    1.43316248    1.33609306    1.40788102    1.13160981    0.85656557    1.07088354    0.79815141    1.10513024    1.09781870    1.04653022    1.29190531    1.05075347    1.00861388    1.16151173    1.06669801    0.93032356    1.10203949    1.11155234    1.09211460    1.25348434    1.25822484    1.33686494    1.55897756    1.56354299    1.50764660    1.52579677    1.36774737    1.45788849    1.52447331    1.36517953    1.49050108    1.83533509    1.94479500    1.32862412    1.74013790    1.14857106    1.26865955    1.46049403    1.42329242    1.05047396    0.86070351    0.80356456    0.95484400    0.90238807    0.84518234    0.85459220    0.91203084    0.88085760    0.90880769    0.96684681    0.84611691    0.98099485    0.93517925    0.85468622    0.89295786    0.89136562    0.86855881    0.74234991    0.89958904    0.95233985    0.82245769    0.83386963    0.87458713    1.06738380    0.99202163    0.89962123    0.98182970    0.57724106    0.59676510    0.68473690    0.55345600    0.61616441    0.56824144    0.66727272    0.54668463    0.67219681    0.53408894    0.57788709    0.56058691    0.54352946    0.64024849
G0RY95_CHATD/12-129     0.52192247    0.45147845    0.44550989    0.49803588    0.55574008    0.26622323    0.36673311    0.28943367    0.46121732    0.43011040    0.00000000    0.22523542    0.33787744    0.34193767    0.57679604    0.50767359    0.52480876    1.02322725    0.96166402    1.16844458    1.27091865    1.06186248    1.03582438    1.09317153    1.22607757    1.28228588    1.23146646    1.37678188    1.38935738    1.48680780    1.38223954    1.49458899    1.28481978    1.39993297    1.33000576    1.36494878    1.31786238    1.32744176    0.91242705    1.09988477    0.83798778    1.11522037    1.09547079    1.13477405    1.17511064    0.83993274    0.80479345    0.99800308    0.87718559    0.88992133    1.09125222    1.02149813    1.26143358    1.22260423    1.13729335    1.28069220    1.36280618    1.56551651    1.46083283    1.43347125    1.25018680    1.42821425    1.54528385    1.45847248    1.26759278    2.16217172    1.69709664    1.21298391    1.50434825    1.34310671    1.20551656    1.28140599    1.29664881    0.80986950    0.71650587    0.74049499    0.86330858    0.69706681    0.68971296    0.69491052    0.85062386    0.80449803    0.83444358    0.90328677    0.73660574    0.79432878    0.82829740    0.72635158    0.75835034    0.81716882    0.80843881    0.76893299    0.89993168    0.89720780    0.80681958    0.70327968    0.80468772    0.96112855    0.91170657    0.93240923    1.02078053    0.53524953    0.50088680    0.40522978    0.42064259    0.51863185    0.48231005    0.57749740    0.53078078    0.70105293    0.52962812    0.50741495    0.45955102    0.52498411    0.55731652
Q2GP96_CHAGB/12-129     0.39186369    0.36063450    0.43846548    0.40731182    0.48590832    0.23796305    0.27039585    0.23294365    0.38741985    0.33657937    0.22523542    0.00000000    0.23978777    0.22857187    0.41938370    0.39503955    0.51255653    0.84403510    0.87020314    1.02804394    1.17738453    0.99859448    0.95350330    1.02521868    1.12147858    1.26957968    1.23971329    1.15781498    1.31302435    1.37031307    1.22051919    1.37102700    1.17201844    1.19797467    1.36439945    1.24529019    1.26189141    1.09055199    0.89207132    0.95593556    0.68433450    0.94505628    0.98079940    0.96518343    1.10385743    0.88947074    0.87070026    1.11075152    0.95168555    0.88783462    0.96664744    0.98392419    1.13191584    1.32141450    1.24790235    1.38124845    1.48381714    1.54437841    1.48846991    1.43705654    1.18801257    1.42688394    1.49726519    1.32175479    1.37830883    1.86982094    1.77962364    1.37131612    1.84360860    1.33341114    1.26429782    1.35712643    1.31887319    0.87517297    0.66332193    0.73361217    0.91653420    0.73345287    0.72411950    0.70463870    0.75434985    0.73395456    0.82325705    0.85014155    0.76533044    0.84006346    0.83602342    0.72110102    0.79943064    0.77238093    0.83879195    0.78841206    0.84240485    0.80877807    0.71950147    0.71530802    0.74556114    0.99518389    0.80913949    0.77471183    0.91138148    0.51732902    0.44746761    0.45678748    0.43718037    0.48578108    0.47688242    0.55283129    0.48257996    0.65002008    0.49177590    0.49437609    0.41098302    0.49654547    0.50237347
G4NAA5_MAGO7/12-129     0.55612634    0.47762755    0.48629110    0.43559239    0.51160386    0.25291203    0.29829997    0.26768460    0.38616856    0.33167343    0.33787744    0.23978777    0.00000000    0.28215901    0.42637209    0.43933844    0.56983968    0.93285022    0.99733410    1.06886772    1.18730651    0.96519767    0.97759328    1.01960853    1.13030494    1.34797915    1.19374957    1.22112554    1.36674072    1.47045762    1.29438182    1.38484754    1.22043116    1.37359491    1.37419241    1.37256808    1.33390179    1.19420878    0.91059214    0.93906911    0.72002558    1.02509421    0.95178844    1.00297047    1.21728269    0.90316150    0.87532056    1.02328559    0.94681995    0.94890784    1.00807356    0.98451108    1.09921325    1.23617873    1.10472775    1.20502033    1.29723990    1.38279621    1.33271837    1.41185331    1.19165827    1.33061375    1.39600398    1.35230740    1.37496130    1.99880739    1.67351122    1.27277280    1.58307870    1.22740805    1.15804605    1.25274557    1.37150904    0.91891707    0.72836248    0.75691567    0.97939025    0.76712950    0.75327823    0.73101646    0.76027033    0.74114569    0.80974380    0.84689919    0.79656358    0.93638238    0.88546822    0.75728444    0.80922942    0.76503204    0.86211826    0.69295541    0.93560572    0.90589024    0.81853079    0.74487374    0.70437329    0.99519307    0.88612935    0.86295521    0.99757988    0.51594467    0.49122407    0.49939643    0.46844480    0.56758207    0.51484632    0.62853414    0.51825377    0.67475236    0.51577398    0.45841978    0.49574607    0.52320556    0.59302473
A0A010RL20_9PEZI/12-130     0.54181567    0.45586166    0.46858715    0.43429587    0.51548007    0.31762917    0.33632909    0.22977302    0.42431529    0.36254271    0.34193767    0.22857187    0.28215901    0.00000000    0.39024681    0.35469534    0.44353480    0.79620123    0.92322866    1.01143231    1.20810294    1.02677096    1.02444861    0.98225120    1.13927314    1.22658569    1.13493945    1.17320349    1.31620620    1.34063302    1.39015731    1.41944984    1.30074449    1.35603093    1.41078686    1.41542949    1.39903081    1.19171223    0.76988127    0.92490284    0.69967139    1.02029647    1.02778748    0.92157597    1.12560391    0.89987190    0.94675307    1.16107492    1.07146709    0.99614524    1.09689145    0.97508414    1.13465480    1.30593767    0.99715245    1.18460796    1.44832687    1.37774697    1.43345745    1.42793533    1.17361954    1.33856278    1.59663056    1.35984922    1.26444715    1.79979252    1.67708538    1.20791980    1.67927727    1.20706423    1.14288526    1.29106953    1.29550218    0.95154594    0.75218836    0.73930419    0.95352943    0.77584826    0.74529564    0.78234259    0.88915699    0.84400781    0.79134858    0.88039599    0.82838911    0.95655960    0.93853685    0.82993202    0.81470722    0.81510496    0.88151042    0.73756788    0.95638494    0.94083452    0.82363061    0.77789752    0.79540120    1.09233476    0.80538029    0.83292724    0.90774622    0.49314433    0.51314851    0.51215691    0.49556729    0.59510028    0.55619134    0.54639525    0.43550288    0.64559064    0.53898925    0.48246994    0.46823981    0.54812287    0.56034328
A0A0A1TCC6_9HYPO/12-129     0.62803302    0.54383453    0.60255315    0.57098210    0.56454809    0.43432181    0.42595370    0.44257401    0.51580458    0.49608408    0.57679604    0.41938370    0.42637209    0.39024681    0.00000000    0.24196437    0.35243376    0.96177963    1.11671082    1.29211647    1.45925537    1.21401375    1.17729367    1.26688628    1.33249634    1.39439637    1.28524182    1.32245740    1.42232542    1.49659510    1.37219997    1.39895870    1.43142191    1.48860192    1.51791552    1.56167778    1.54678717    1.19465778    0.88786502    1.01443538    0.80821884    1.12168554    0.91737680    0.95173820    1.26496887    0.97854369    0.99629475    1.12891281    1.14464454    1.06486040    1.05619602    1.01442984    1.16687767    1.34049921    1.08723291    1.17318193    1.60175378    1.44874846    1.55864038    1.30031883    1.25059673    1.31470954    1.54397136    1.49812970    1.52844531    1.99815767    1.78698506    1.50208756    1.90245182    1.22546939    1.41655135    1.51410663    1.42772256    0.94286646    0.86369001    0.84846960    1.10647904    0.84556782    0.76510319    0.84236132    0.91524496    0.86279162    0.87278293    0.92683528    0.96478396    0.95894791    0.90297942    0.88289197    0.96537833    0.90338371    0.87621599    0.78713545    0.84112464    0.90418506    0.82298864    0.79932902    0.87142239    1.14986898    0.98562516    0.95681566    1.06041560    0.71347339    0.67301986    0.61818106    0.65132348    0.68198297    0.65592755    0.63091613    0.51176538    0.63735579    0.56433053    0.52386741    0.51640713    0.66820437    0.65245790
A0A086TH40_ACRC1/12-129     0.61899315    0.53476275    0.56910939    0.51050069    0.55838514    0.44304867    0.45922383    0.34772461    0.58059080    0.49182002    0.50767359    0.39503955    0.43933844    0.35469534    0.24196437    0.00000000    0.30279669    0.92988279    1.01712171    1.26849424    1.50391256    1.29817725    1.23193793    1.33200003    1.42187170    1.55751845    1.44198967    1.43975194    1.54633338    1.65015139    1.50116848    1.59877510    1.46300973    1.49692778    1.64460063    1.47414769    1.50595175    1.28075979    0.96686333    1.10741756    0.89322933    1.21571717    1.16146800    1.01198156    1.31511819    1.03581340    1.04132483    1.24257870    1.18409639    1.05103766    1.07459906    0.98609383    1.30687521    1.34567000    1.15473026    1.32082230    1.64496509    1.51699107    1.57072885    1.40588206    1.26190839    1.44535865    1.56645745    1.47557551    1.47038134    2.02867887    1.81379634    1.44837168    1.87017065    1.24599742    1.28719810    1.46097057    1.38590598    1.04424771    0.92316466    0.91088870    1.15544538    0.87193973    0.89257626    0.98061037    1.00113029    0.93511221    1.01789765    1.08953111    1.02526150    1.09210056    0.95787096    0.97469485    1.04586496    1.05336806    0.99836696    0.88859454    1.09194786    0.90672862    0.92460904    0.82518101    1.01160480    1.27286714    0.94918184    0.96287645    1.07289557    0.69647213    0.59439126    0.60969904    0.62031543    0.67481101    0.68921132    0.60485302    0.49727013    0.60247270    0.58186931    0.58545152    0.51510244    0.65498287    0.68879648
A0A0M8N4W5_9HYPO/12-129     0.65857893    0.60679226    0.57933540    0.63655356    0.58884299    0.47440708    0.50313652    0.47157728    0.55472196    0.58605278    0.52480876    0.51255653    0.56983968    0.44353480    0.35243376    0.30279669    0.00000000    0.90997095    1.13593051    1.17993238    1.46570675    1.28197123    1.22735199    1.30366257    1.47017920    1.50606429    1.35600773    1.50424452    1.46091182    1.47725600    1.50987944    1.52500050    1.44294202    1.43819360    1.53238740    1.45555902    1.53774423    1.38367911    0.89031928    1.01379889    0.95502815    1.33263409    1.20502672    1.04455577    1.40344237    0.98716691    1.09232801    1.23309432    1.16241161    1.04600346    1.23571832    1.02320409    1.41541694    1.37112983    1.27643597    1.40509650    1.67153617    1.62268218    1.64666493    1.41453258    1.33642119    1.52067419    1.69138831    1.62776926    1.40500129    2.28448684    1.74901951    1.53518741    1.99061181    1.38086139    1.52709768    1.56845720    1.48826250    1.08247615    0.99654943    1.03392168    1.29240886    0.96465601    0.89389628    0.99835398    1.06135898    1.01853592    1.06961576    1.14892383    1.05015252    1.12307314    1.07741836    1.01218467    1.11052043    1.08503881    1.08831370    0.97685835    1.04956606    0.94252085    0.98517532    0.88447197    1.06718308    1.22960986    0.96451600    0.93134676    1.17834535    0.73077940    0.65261668    0.61988678    0.62601317    0.68040586    0.74601542    0.68645837    0.58280743    0.73461055    0.68863134    0.63095821    0.61147097    0.62611755    0.75771388
C4R6E6_KOMPG/18-141     0.94395343    0.90536880    0.99576862    1.00042070    1.03813591    1.02001139    0.94536411    0.96683938    0.92861002    0.84190949    1.02322725    0.84403510    0.93285022    0.79620123    0.96177963    0.92988279    0.90997095    0.00000000    0.87419862    0.79356368    1.13608160    0.80482173    1.01410609    0.99212020    0.91851111    0.93364044    0.96580950    1.14972812    1.18899379    1.31401783    1.24937333    1.20670218    1.35118399    1.17313339    1.36477161    1.00728405    1.05539683    0.93267040    0.88180503    1.07742920    1.01274746    1.05176212    1.05939519    1.03082888    1.14003732    0.89926281    1.17046208    1.15263332    1.04201611    1.05072118    1.29221431    1.25330105    1.34769578    1.72507053    1.30915751    1.40821737    1.76676469    1.60059493    1.57504645    1.54124481    1.31973332    1.45768490    1.34978051    1.44824766    1.46089198    2.35083208    2.12491161    1.44104626    1.92110966    1.44303631    1.45693407    1.61446307    1.55629736    1.11140772    1.22198906    1.15295354    1.44793748    1.27301950    1.17277716    1.07022921    1.24310663    1.25660850    1.09255453    1.15660860    1.26061237    1.25162006    1.27888516    1.16417341    1.19452711    1.18481460    1.08883115    1.11312461    1.06771725    1.10741866    1.13335785    1.02359238    1.18839938    1.02629549    1.03320531    1.03384252    1.14085329    0.88338402    0.93861156    0.89916565    0.95128724    1.11033207    1.11323779    1.03003332    0.96965398    1.02889145    0.97984734    1.00324164    0.99542523    1.07549397    1.02504893
A5DMN7_PICGU/6-123     1.07140950    1.01551337    1.14853800    1.05066787    1.06838363    1.01754241    0.91212857    0.93248559    1.13741479    1.02450412    0.96166402    0.87020314    0.99733410    0.92322866    1.11671082    1.01712171    1.13593051    0.87419862    0.00000000    0.65362832    0.91232049    0.69786743    0.70613150    0.70626871    0.80718943    0.80101671    0.81386789    1.17766206    1.25484975    1.24778079    1.19529649    1.24737083    1.29365054    1.24826521    1.26410800    1.04257441    1.01248377    1.03385771    1.01914619    1.01838752    1.15805126    1.30600142    1.17248305    1.24751788    1.12664714    1.06078159    1.25759944    1.37728413    1.26737324    0.95089442    1.17838878    1.21350641    1.47224036    1.74535205    1.35922591    1.36320865    1.87792306    1.70657091    1.70290399    1.29148200    1.28698731    1.49254412    1.39693220    1.45512579    1.34511740    1.86382786    1.94696440    1.39341747    1.82978570    1.39730172    1.41897301    1.42728171    1.45492225    1.16447394    0.98789291    0.92442393    1.20182240    1.08857248    1.08712539    1.02092701    1.14038659    1.08264022    1.04929338    1.11985069    1.04888243    1.07043552    0.93958793    1.03696398    1.02378279    0.96836083    0.99315959    1.07421847    0.99292001    1.18608818    1.10632042    1.12149606    1.07462522    1.17493352    1.08731961    1.18130418    1.10922947    1.02365548    1.04187825    1.02974977    0.92915204    1.15125932    1.01184506    1.02554847    0.98371311    1.21192175    1.06260157    1.06971879    1.09102028    1.16493039    1.09265306
G3B6P5_CANTC/11-131     1.15251376    1.10855970    1.11568277    1.04702005    1.03963414    1.04310423    0.96453770    1.02927878    1.09161644    1.04437380    1.16844458    1.02804394    1.06886772    1.01143231    1.29211647    1.26849424    1.17993238    0.79356368    0.65362832    0.00000000    0.60995293    0.44693930    0.49757612    0.54923439    0.52229740    0.61262961    0.56222996    1.05005939    1.13993444    1.13324541    1.24142324    1.21126768    1.32677713    1.11747916    1.20309955    1.02510817    1.05506456    1.04109824    1.09979051    1.01466924    1.07249316    1.33888355    1.31714652    1.32698702    1.29490169    1.09177757    1.15032009    1.29019766    1.16910580    1.11471763    1.28575681    1.28455473    1.67111218    1.40765539    1.46327362    1.53716127    1.83684013    1.77761734    1.66680048    1.68395061    1.40593451    1.75002342    1.68216693    1.47717325    1.69847392    1.84348865    2.38009064    1.44528073    2.00111980    1.58260850    1.50546445    1.67226977    1.57571422    1.47171530    1.26930817    1.32292757    1.37353296    1.20545198    1.32045746    1.29913353    1.32662781    1.30082212    1.31418323    1.33972638    1.29792761    1.30009889    1.34598753    1.24110703    1.28624249    1.29134719    1.17651058    1.09601100    1.32705962    1.40628442    1.36738865    1.18029085    1.28765174    1.29917206    1.15191693    1.19474750    1.22421196    0.94472185    0.98081901    1.08284980    0.98579482    1.33951884    1.11319589    1.07292341    1.05671897    1.20493039    1.17323670    1.09349264    1.16833428    1.18991380    1.16038675
C4Y6S4_CLAL4/11-133     1.35291384    1.27682429    1.35128539    1.22396917    1.29000397    1.18999076    1.16928334    1.19471704    1.10091058    1.13383681    1.27091865    1.17738453    1.18730651    1.20810294    1.45925537    1.50391256    1.46570675    1.13608160    0.91232049    0.60995293    0.00000000    0.58959975    0.72532562    0.66784506    0.60346551    0.91486607    0.85833912    1.22939905    1.36466420    1.30690521    1.31074146    1.36544787    1.52175230    1.35318936    1.25393827    1.10084560    1.14388720    1.26910055    0.97746037    0.97207190    1.14315979    1.47456276    1.43567365    1.57294921    1.41298208    1.29852378    1.34607259    1.46678466    1.16950363    1.28990928    1.49872900    1.47789578    1.62444750    1.59607967    1.84682793    1.66108737    1.97641687    1.83396298    1.74188425    1.86684583    1.52774900    1.95618126    2.00171974    1.59496633    1.34679584    2.16240886    2.02304616    1.48291765    2.18487865    1.84771836    1.63378628    1.64636350    1.57123503    1.41549064    1.41719682    1.29565354    1.57344572    1.25671646    1.26682240    1.33599053    1.38420972    1.44840848    1.37147665    1.40937685    1.35339390    1.35207956    1.23124274    1.22993895    1.23767256    1.28657929    1.25758136    1.15861770    1.27654116    1.58190593    1.35654124    1.36266098    1.41046842    1.24865809    1.26311244    1.25379983    1.25652905    1.20236944    1.31697777    1.22053968    1.21852589    1.57324778    1.25565248    1.27366380    1.22803852    1.48702351    1.16806055    1.20212720    1.42159057    1.35825167    1.25950640
Q6BHN7_DEBHA/11-131     1.09642973    1.15190205    1.19038985    1.25143039    1.15313769    1.07534872    1.02614309    1.13545219    1.05006289    1.04167394    1.06186248    0.99859448    0.96519767    1.02677096    1.21401375    1.29817725    1.28197123    0.80482173    0.69786743    0.44693930    0.58959975    0.00000000    0.58861013    0.53896997    0.56600532    0.66788251    0.60002708    1.09225819    1.23846954    1.15409262    1.15436142    1.26022725    1.27176120    1.25207167    1.32065414    1.03026550    1.07776217    1.08930853    0.83850720    0.94559049    1.11098034    1.27295308    1.24260027    1.25565570    1.23252074    1.00299328    1.06322792    1.23305449    1.15797085    0.99359238    1.23938749    1.31550651    1.50955469    1.61655580    1.36630547    1.44146560    1.98145252    1.80156414    1.69808737    1.58694889    1.47139819    1.70701248    1.52780748    1.34385422    1.39695027    2.03616471    2.19269814    1.42400086    1.85399109    1.53108618    1.61600437    1.55703236    1.73870437    1.24024564    1.29516547    1.11409666    1.34868618    1.16374329    1.12285402    1.10825486    1.10053284    1.04989421    1.17450410    1.07985571    1.16004437    1.13888774    1.17032240    0.99638605    1.09068049    1.08756026    1.07962363    1.06146876    1.17980484    1.39921386    1.17834412    1.15493162    1.07949559    1.21100953    1.18684847    1.16883260    1.17022052    1.04081864    1.06320768    1.09526168    0.86841145    1.17232834    0.95807466    1.08590565    1.11392189    1.32017284    1.01452852    0.91993122    1.18377408    1.11829350    1.18472076
A3LTN8_PICST/11-130     1.26297165    1.17223384    1.16505001    1.16883178    1.23077667    1.06062693    1.01765451    1.07174747    1.10249171    1.10623329    1.03582438    0.95350330    0.97759328    1.02444861    1.17729367    1.23193793    1.22735199    1.01410609    0.70613150    0.49757612    0.72532562    0.58861013    0.00000000    0.45340979    0.50234054    0.66654552    0.64815351    0.98378034    1.07944081    1.03869450    1.23272157    1.08957741    1.18249521    0.99729415    1.13364831    0.94226136    1.04448464    1.01463828    0.94305343    0.92106458    1.13748769    1.15037886    1.30221520    1.39237967    1.15948328    1.07865868    1.21754758    1.20544672    1.15314919    1.05470620    1.31833129    1.33507738    1.54489638    1.42582612    1.49617792    1.37207100    1.64769453    1.79751614    1.75756873    1.68979759    1.44856567    1.62552260    1.50986275    1.38612606    1.61956550    1.97767369    1.98126510    1.35415977    1.72254087    1.41452800    1.45507701    1.58208070    1.84545613    1.38465971    1.22158710    1.26704365    1.42728968    1.26318728    1.15293765    1.18817387    1.19115900    1.15246438    1.25296001    1.29751718    1.30179887    1.25183954    1.27752470    1.19170939    1.23519181    1.28326973    1.26051036    1.27856957    1.31904214    1.47323494    1.36696065    1.28585763    1.22306359    1.40423853    1.32290735    1.16232403    1.17047797    1.04716681    0.95148322    1.14872849    1.05453749    1.32419134    1.17004110    1.14409814    1.15203748    1.39862934    1.26156199    1.18733719    1.28410888    1.19885152    1.19980773
G3AH80_SPAPN/9-129     1.21057232    1.27221745    1.27062770    1.34875666    1.19943569    1.04824839    1.14612980    1.06049980    1.07616378    0.97195802    1.09317153    1.02521868    1.01960853    0.98225120    1.26688628    1.33200003    1.30366257    0.99212020    0.70626871    0.54923439    0.66784506    0.53896997    0.45340979    0.00000000    0.47063607    0.63446598    0.46976490    0.92251448    1.01757708    1.08696046    1.16736157    1.04438617    1.18112820    1.04881077    1.11145538    0.87194847    0.95643785    0.89477235    0.91099713    1.02951776    1.11110725    1.17872755    1.18177054    1.25633546    1.28371922    1.13805940    1.10864772    1.21354127    1.08220346    1.06025740    1.31099479    1.20617019    1.41871864    1.41114126    1.55245603    1.57133125    1.72723783    1.73199267    1.74712416    1.74011422    1.50356507    1.67508864    1.57982800    1.43220437    1.59001694    1.93949443    2.25760433    1.17258531    1.71567470    1.28946294    1.36289479    1.40362831    1.64786148    1.27134818    1.18555827    1.12288001    1.28312649    1.07741647    1.08437644    1.16322294    1.17941314    1.23182362    1.15999660    1.15298986    1.03835219    1.08095636    1.13112057    1.07257932    1.04735443    1.05019604    1.11548801    1.00166732    1.26051972    1.44183900    1.18998337    1.16714804    1.16100872    1.22772668    1.24920300    1.16819141    1.11899853    1.00336565    1.10458058    1.21010296    0.98618836    1.40386327    1.12649405    1.23961812    1.30921437    1.42355118    1.22736096    1.17386974    1.31320829    1.20095415    1.22638570
