17
A0A143Y2M1_9FIRM/1-212     0.00000000    0.24209519    0.47224528    1.17930866    1.15759429    1.46418065    1.10312273    0.97761988    1.05557385    1.28595726    1.58421905    1.58722870    1.16438204    0.46456945    0.47799236    0.46676757    0.42074238
U2AJW9_9CLOT/1-213     0.24209519    0.00000000    0.43803591    1.11686586    1.10668476    1.47501074    1.01893087    0.89769888    0.92867349    1.28921659    1.54748928    1.56212676    1.04521242    0.45054464    0.56034312    0.55871373    0.42881457
A0A1Q9JFF9_9FIRM/1-213     0.47224528    0.43803591    0.00000000    1.08451067    1.10588772    1.53046705    0.99453867    0.94602504    0.95214450    1.23914216    1.64176287    1.57835599    1.03264624    0.57198880    0.67765514    0.65493688    0.54562539
A0A1Y4WHP5_9FIRM/1-209     1.17930866    1.11686586    1.08451067    0.00000000    1.57195551    1.59992948    1.40549433    1.33196921    1.25064845    1.38566038    1.67365879    1.64894807    1.35069344    1.14442657    1.17694404    1.09844211    1.16554534
A0A1Y4NJ87_9FIRM/5-218     1.15759429    1.10668476    1.10588772    1.57195551    0.00000000    1.08886057    0.96577129    0.93970008    0.91703491    1.30101034    1.54386299    1.61286195    1.34594727    1.08178145    1.16939826    1.12182000    0.95618298
A0A1Y4NJH1_9FIRM/2-215     1.46418065    1.47501074    1.53046705    1.59992948    1.08886057    0.00000000    0.83798960    0.75895936    0.84045626    1.63585048    1.69464388    1.70925317    1.10165780    1.43707589    1.58901264    1.53767827    1.41897343
R9LL20_9FIRM/5-217     1.10312273    1.01893087    0.99453867    1.40549433    0.96577129    0.83798960    0.00000000    0.43399370    0.40775922    1.27750923    1.45301296    1.49659639    0.93457128    1.07729659    1.14345771    1.21402974    1.05124504
N1ZYL2_9FIRM/9-221     0.97761988    0.89769888    0.94602504    1.33196921    0.93970008    0.75895936    0.43399370    0.00000000    0.29670463    1.28124642    1.45670287    1.54338353    0.97300429    0.96722141    1.18878621    1.16618868    0.98599613
A0A1Y4HDG5_9FIRM/5-218     1.05557385    0.92867349    0.95214450    1.25064845    0.91703491    0.84045626    0.40775922    0.29670463    0.00000000    1.16642372    1.39257387    1.51257195    1.00782850    0.94536641    1.15729197    1.10734929    0.97885437
V2YBZ0_9FIRM/6-222     1.28595726    1.28921659    1.23914216    1.38566038    1.30101034    1.63585048    1.27750923    1.28124642    1.16642372    0.00000000    1.25537237    1.10295910    1.32026664    1.22298252    1.29484645    1.36247834    1.26677076
A0A1Y4W164_9FIRM/5-218     1.58421905    1.54748928    1.64176287    1.67365879    1.54386299    1.69464388    1.45301296    1.45670287    1.39257387    1.25537237    0.00000000    0.57738061    1.69437468    1.61384791    1.63239349    1.64947324    1.58449618
R9M6Z5_9FIRM/6-219     1.58722870    1.56212676    1.57835599    1.64894807    1.61286195    1.70925317    1.49659639    1.54338353    1.51257195    1.10295910    0.57738061    0.00000000    1.83605406    1.66235122    1.59522723    1.70465027    1.66045400
R6NKH1_9FIRM/6-214     1.16438204    1.04521242    1.03264624    1.35069344    1.34594727    1.10165780    0.93457128    0.97300429    1.00782850    1.32026664    1.69437468    1.83605406    0.00000000    1.01019935    1.31394885    1.23294148    1.11257217
N2AFM5_9FIRM/5-216     0.46456945    0.45054464    0.57198880    1.14442657    1.08178145    1.43707589    1.07729659    0.96722141    0.94536641    1.22298252    1.61384791    1.66235122    1.01019935    0.00000000    0.50419989    0.51896687    0.37074993
E7GU87_CLOSY/1-212     0.47799236    0.56034312    0.67765514    1.17694404    1.16939826    1.58901264    1.14345771    1.18878621    1.15729197    1.29484645    1.63239349    1.59522723    1.31394885    0.50419989    0.00000000    0.25282700    0.46994766
S2LAH6_9FIRM/1-213     0.46676757    0.55871373    0.65493688    1.09844211    1.12182000    1.53767827    1.21402974    1.16618868    1.10734929    1.36247834    1.64947324    1.70465027    1.23294148    0.51896687    0.25282700    0.00000000    0.52983302
C7H1D6_FAEPA/172-384     0.42074238    0.42881457    0.54562539    1.16554534    0.95618298    1.41897343    1.05124504    0.98599613    0.97885437    1.26677076    1.58449618    1.66045400    1.11257217    0.37074993    0.46994766    0.52983302    0.00000000

