76
A0A1F5ZLN4_9BACT/16-76     0.00000000    1.55358574    1.94528675    1.77133609    1.74983928    1.35935882    1.37208273    1.23686792    2.08160529    1.90629205    1.84514526    1.81069732    2.38910988    2.40846189    2.10442607    1.89890828    1.99560673    1.18557908    1.15506720    2.27792297    1.42726583    1.56368797    1.31501617    1.69946549    1.39414534    1.55293972    2.30131959    1.21430770    1.81369873    2.65042560    1.55399745    1.74541990    2.43766720    2.44104208    2.69836450    1.68388841    1.80706656    1.78048517    2.03702015    1.55947014    2.10744456    2.01277253    1.69610470    1.92086972    2.11924591    1.72525247    1.62045834    1.77833910    2.14093717    1.51143627    1.23812011    1.75044346    1.71118720    2.48641146    1.89489748    1.88491751    2.33328813    1.98704456    1.74712385    1.95700184    1.63170374    1.74492487    2.10035687    1.70343578    1.66845976    2.01906333    2.14341110    1.46515623    1.59911719    1.69605528    1.49615288    1.70106129    1.88851758    2.01863671    1.67040583    2.33635679
A0A0G0T8J4_9BACT/14-74     1.55358574    0.00000000    1.08786146    1.32167066    1.26607202    1.17918611    1.15854210    1.47371918    1.79029591    1.50094520    1.98913944    1.51439101    1.79534964    2.00336135    1.57414169    1.78275561    1.39308531    1.78358857    1.75438714    2.20730223    1.71341762    2.01449029    1.13564532    2.32611358    1.94958514    1.72588621    2.43742133    1.48987179    1.77946586    2.30311249    1.85916055    1.89704772    1.97031079    2.20347026    2.06184299    1.93499840    1.54194151    1.40790194    1.80811941    1.71342025    1.85219781    2.01772007    2.05370047    2.40438411    2.73685174    1.90238568    1.79387896    1.65418318    2.03814683    1.64402676    1.58685630    1.49551818    1.59148986    2.14117113    1.45411886    1.57891937    1.68189770    2.12113712    1.97848223    1.87429700    1.38915912    1.47480497    1.47123407    1.79646302    1.86488211    1.88785157    1.84611591    1.96682729    1.71681096    1.86339582    1.40480324    1.90070465    2.77690575    2.48509406    1.80787504    2.59230743
A0A1F6GXH1_9BACT/15-76     1.94528675    1.08786146    0.00000000    1.67002717    1.63334381    1.54100708    1.47833606    1.90746356    1.91712025    2.76267703    2.35260712    2.28564056    2.46144347    2.41315537    2.10943416    1.77089838    1.57131467    1.72343104    1.99160207    2.14125157    2.11481819    3.05585014    1.75173177    2.63222519    2.17461146    1.86815284    2.60052253    1.79612607    1.92349630    1.99716671    2.21589495    2.35581948    2.35558726    3.26410308    2.35187717    2.48290171    1.90231410    2.27498892    2.25939515    2.56938132    2.95770403    2.70085548    2.45296184    2.60690303    2.79477005    2.06992672    2.12935858    2.54949462    2.63399198    2.33526303    2.43267535    2.72563018    2.33251432    2.74280732    2.16149670    2.44797787    2.04838949    2.45784000    2.45952577    2.66960913    1.90860973    1.66385384    1.89565223    2.07687803    2.17556683    2.14299681    2.35387107    2.69246552    1.90246298    2.71285985    1.94271898    2.89817385    2.90559716    3.17482150    2.75136427    2.81723263
A0A4V0X9Y0_9BACT/7-67     1.77133609    1.32167066    1.67002717    0.00000000    1.22250883    1.09681218    1.20663643    1.86617799    2.28664581    1.68142475    2.11300023    1.65972874    2.16801034    2.01341843    1.89814555    2.00859209    1.86756823    1.66594733    1.84079538    3.00533646    1.54590557    1.65466146    1.13500315    2.04053298    1.70405845    1.58012114    1.95255019    2.03970183    2.26681309    2.07591325    1.89494891    2.60537220    1.85661964    2.79164206    2.96268642    1.63246823    1.48191050    1.52447530    1.71051943    1.67570702    2.59659280    1.84568710    1.75851626    2.08092071    1.71939961    1.86544837    1.71570048    1.81776784    2.16852513    1.84990291    1.81849969    1.94859103    1.60283782    1.83606379    1.72534204    1.86821641    1.72617720    1.86674054    1.78463259    1.50264260    1.42877600    2.04113468    1.43716343    1.87128747    1.85911296    1.84718629    1.71510599    1.41724847    1.32969377    1.57110689    1.49270654    1.68984077    2.54446801    2.23733484    2.04010657    2.04634094
A0A1F6K620_9BACT/17-79     1.74983928    1.26607202    1.63334381    1.22250883    0.00000000    1.47941145    1.46261788    1.47171575    2.49248314    2.08054424    1.95331286    1.90880629    2.23082828    2.17884315    2.03915905    1.44520460    2.10902810    1.61490365    1.93423038    2.64231863    2.26016310    2.37510267    1.51533433    2.52855008    1.73722511    2.15261518    2.13873111    2.04757736    2.01166773    2.01700504    1.91031929    2.01064092    2.18283241    3.81226574    3.76632516    1.70967854    1.91181355    1.92580456    2.49727672    2.03888617    1.93696670    1.74370261    2.01555535    2.25700190    2.04377380    1.75384824    2.03321195    2.36378221    2.55730083    2.03259305    2.06664482    1.72613534    1.71715754    1.84846320    1.79567512    1.88640579    2.08473085    1.86279734    1.63467273    1.72551282    1.54471799    1.46803386    1.65301135    1.76718081    1.79995514    1.81869701    1.98720179    2.09106977    1.89808437    2.40386045    1.56260406    2.54237536    2.93879146    3.00164207    1.49159820    2.32361454
A0A1F6IBM3_9BACT/13-74     1.35935882    1.17918611    1.54100708    1.09681218    1.47941145    0.00000000    1.11510533    1.58578099    2.41913077    1.77584125    1.86455106    1.79120435    2.18820743    2.61246441    2.07573492    2.14872261    1.52471001    1.58404540    1.42472369    2.39520943    1.74256202    1.34407397    1.26488153    1.82024940    1.67339532    1.47240793    1.99642737    1.61663006    1.50493586    1.78948418    1.91739067    1.67017377    1.84680525    2.23557858    2.29740080    1.73406439    1.49841577    1.50086132    1.60950896    1.60433594    1.72764045    1.87550475    1.52055014    1.83181601    1.89967540    1.56569563    1.37440919    1.62649426    1.51539896    1.49592035    1.49503091    1.75442960    1.63418879    1.85587173    1.43363896    1.44263565    1.88114510    1.72858158    1.95960280    1.80390778    1.39577304    1.91394582    1.27845835    1.32803778    1.39423934    1.85491956    1.88663459    1.36919539    1.52793601    1.61923843    1.65035232    1.52348007    1.74416809    2.16852622    1.48372509    2.20714974
A0A1F6IFU0_9BACT/13-74     1.37208273    1.15854210    1.47833606    1.20663643    1.46261788    1.11510533    0.00000000    1.63621106    2.39953641    1.94875619    2.12341724    1.61928153    1.91879005    2.26283059    1.68527122    1.37238193    1.59012762    1.57875772    1.62624193    2.22086838    1.41645028    1.71279577    1.22787137    2.41385239    2.01802796    1.49611156    2.33005407    2.10758082    2.18488703    2.22927003    2.40134471    2.01624369    1.81504823    3.57438871    2.68831426    2.30307733    1.85468829    1.93162927    2.23239672    1.80123336    2.57732209    2.05963606    1.95774345    2.09438965    2.57929367    2.10182339    1.67441528    2.47327409    1.90325365    1.96217752    1.94489922    2.57306059    2.09020281    2.39035889    1.92419777    1.76518316    1.89611686    1.78949125    2.26402879    1.85012557    1.72307807    2.13251174    1.57259844    1.90735400    2.09582086    2.16168403    2.42601987    1.75571239    1.79443243    2.00904013    1.76094964    2.09027907    2.25651354    2.08127454    1.53097315    2.27955992
A0A1F7IJ83_9BACT/19-79     1.23686792    1.47371918    1.90746356    1.86617799    1.47171575    1.58578099    1.63621106    0.00000000    1.42800210    1.10085335    1.27154874    1.48840029    1.82962396    1.86800917    1.78188537    1.28376174    2.04971694    1.45460914    1.58410088    1.99404994    1.85262802    2.06209915    1.64597914    2.28656347    1.72508349    1.51032329    1.85486860    1.40583012    1.61147385    2.39459319    1.53312337    1.97826319    2.07030916    2.70860098    2.63096215    1.54304786    1.75013492    1.90865754    2.28154341    1.45423930    1.93685339    2.29474258    1.54107455    2.26919553    2.14658825    1.47765245    1.64330994    1.93036536    2.66648318    1.45727836    1.61475701    1.97649320    1.68142799    1.82433352    1.77575813    1.95989519    2.02496560    2.15771473    2.11739586    1.88075406    1.74214002    1.94858400    1.70365639    1.68413660    1.62236052    1.34489969    1.50469668    1.47935387    1.54052628    1.52014151    1.53196090    1.51492466    2.47271112    2.43023674    1.45009116    1.78079719
A0A2M7QI71_9BACT/23-83     2.08160529    1.79029591    1.91712025    2.28664581    2.49248314    2.41913077    2.39953641    1.42800210    0.00000000    1.20595212    1.77778618    1.69496045    2.28269306    1.99197595    1.72574282    1.86812607    1.84662861    2.15652060    1.69014920    2.87244829    2.30020691    3.04779221    2.67913285    3.18189924    2.34834850    1.98994164    2.93057723    1.91991491    1.83432329    2.46948991    2.18173790    2.31909540    2.51553442    2.55354814    3.22117049    2.26891451    2.08320264    2.32138274    2.54418185    2.16330435    2.26562050    2.52043537    1.95663095    2.24682321    2.90343670    1.89905495    2.19285396    2.25244646    3.49171009    2.10558074    2.41616784    2.06635252    2.05719234    2.44231661    2.27051465    2.12875729    2.00132680    2.32269835    2.06716384    2.50128925    2.49985473    1.57576720    1.79569358    2.19271027    2.20200151    1.98400421    2.27160623    2.24805587    2.16568169    2.28730001    2.25555543    2.05122298    2.94128273    3.38859675    2.78713437    2.48557958
A0A2M8GNN4_9BACT/16-76     1.90629205    1.50094520    2.76267703    1.68142475    2.08054424    1.77584125    1.94875619    1.10085335    1.20595212    0.00000000    1.16828812    1.71727598    1.92545185    2.12491296    1.49011594    1.96727023    1.76034139    2.24692982    1.55033132    1.76703846    1.92108006    1.76444798    2.10252988    2.68014606    1.97096011    1.81092886    1.72281171    1.72966385    2.10058473    2.94334397    1.68471838    2.09012131    2.29302648    2.55690708    2.97881106    1.85487591    1.97603864    1.92812393    2.53067089    1.65857943    1.93725695    1.98124661    1.75685116    2.46981847    2.08760878    1.82954168    1.74945416    2.38447863    2.39975861    2.02981667    1.69770473    1.67724168    1.58594967    1.77992853    1.55614866    1.90204899    1.88633465    2.02823151    2.17999154    2.08770148    1.86841490    1.68894208    1.52360987    2.07147214    1.85834660    1.71599043    1.71685115    2.15247242    1.73260820    1.76902357    1.97408419    1.70733415    2.58415130    2.44850827    2.15304092    2.16288570
A0A2M7QGF8_9BACT/19-79     1.84514526    1.98913944    2.35260712    2.11300023    1.95331286    1.86455106    2.12341724    1.27154874    1.77778618    1.16828812    0.00000000    2.17993137    1.69904182    1.82805115    1.72994428    1.90795596    1.74510547    1.56786701    1.63647918    2.72388657    1.74273776    1.76287475    2.07914028    2.35410274    2.02456548    2.03720448    1.97012904    1.46913911    1.52754698    1.86011155    1.95760388    2.22661013    2.11987962    2.73131916    2.48916581    1.89616349    2.48474281    1.94590142    2.14003801    2.08727432    2.20599707    2.31999746    1.85937375    2.68034925    2.53534931    2.13269010    2.31853356    2.61720293    2.78084687    1.99593859    1.71306503    1.60060578    1.76429410    1.69699794    1.85772547    2.09843749    2.05781234    2.32493675    2.18463615    1.85000050    2.36767843    1.80981071    1.57261425    1.89846628    1.89717286    1.77348607    1.84753176    2.27889061    1.93509317    1.81040950    2.33850410    2.01503001    2.76714609    3.11249208    2.36782508    2.28310304
A0A1J4YUK4_9BACT/13-73     1.81069732    1.51439101    2.28564056    1.65972874    1.90880629    1.79120435    1.61928153    1.48840029    1.69496045    1.71727598    2.17993137    0.00000000    2.23824423    1.79497917    1.85367273    1.92217049    2.50280150    2.13230244    2.47330514    2.90739401    2.37596476    1.86928968    1.84848158    2.16013167    2.87979699    2.40663388    3.13056516    2.31242026    2.52595894    2.76499735    2.39205258    2.21611862    2.49542758    4.06916198    2.93182730    2.38459609    2.42152743    2.29895573    2.28344865    2.71465351    2.45466363    2.31893401    2.37915830    2.19025897    2.86389186    2.33975211    2.18191597    2.30336832    2.34740940    2.13768499    2.14246918    2.33317049    2.08026263    2.76701961    1.78134884    2.14974825    2.34941050    2.31047252    2.87689429    2.27000839    2.54260182    2.51567851    1.86287315    2.17170744    3.20503609    1.99349446    2.16077372    2.70769068    1.80967333    2.04891477    2.45191678    2.20740847    2.34730714    2.39493156    2.00371239    2.31707426
A0A2M8KTG3_9BACT/17-77     2.38910988    1.79534964    2.46144347    2.16801034    2.23082828    2.18820743    1.91879005    1.82962396    2.28269306    1.92545185    1.69904182    2.23824423    0.00000000    1.69441135    1.48153440    2.19446421    2.85625185    2.22937714    2.32772075    2.83779000    2.35291810    2.52830400    2.39338789    2.65310011    2.48761070    2.00368969    2.82655609    2.30357865    2.31799961    2.98278865    2.52554231    2.41353454    2.44728551    3.35496417    2.97166468    2.85739700    2.47660299    2.53853737    2.22433578    1.88743862    2.57114333    2.48333661    2.05990808    2.72339892    2.92987495    2.85382515    2.54921238    2.38278596    2.82002975    2.06471288    2.19676450    2.05631363    2.35561823    2.51911576    2.13053358    2.34532282    2.55868154    3.07129906    2.54120556    2.14873149    2.09477663    2.01890508    2.39628236    3.01592881    2.47142663    2.29983734    2.03766517    2.63132877    2.09429855    2.02413185    3.20139201    2.38515643    2.48207191    2.40627368    2.23059467    1.66795308
A0A1F7JNM5_9BACT/14-74     2.40846189    2.00336135    2.41315537    2.01341843    2.17884315    2.61246441    2.26283059    1.86800917    1.99197595    2.12491296    1.82805115    1.79497917    1.69441135    0.00000000    1.28185162    1.52863110    2.94430751    2.20446520    2.30468148    3.37936223    2.02471765    2.54696693    1.91626924    2.92710739    3.02803907    2.24999461    2.56546361    2.44887628    2.15829797    3.08824346    2.83601216    3.22309445    2.40173895    4.13415926    3.71111058    2.21574056    1.76425382    2.48132422    2.04983889    2.53211611    2.52552534    2.57925632    1.95361611    3.17481416    3.44159590    2.25764407    2.16204545    2.69955339    2.91977623    2.06956395    2.51146234    2.43317507    2.07061265    2.38910728    1.89161507    2.53258871    2.71175917    2.87384255    2.40873982    2.07351687    2.53714900    2.48929310    2.69507713    1.64142254    2.11049484    1.73598355    1.94365503    2.27060953    2.06030560    1.85440557    2.18974104    2.46460459    2.39503483    3.04551813    2.30273321    3.09458771
A0A136KKI4_9BACT/14-74     2.10442607    1.57414169    2.10943416    1.89814555    2.03915905    2.07573492    1.68527122    1.78188537    1.72574282    1.49011594    1.72994428    1.85367273    1.48153440    1.28185162    0.00000000    1.09992985    2.00418853    2.12609019    2.36295193    2.47144923    2.10858851    1.95466061    1.85010151    2.55472773    2.14097094    1.81042246    2.06885146    1.76884963    1.98514754    2.86584847    2.29532677    2.45130245    1.67702208    2.76296890    2.91951587    2.32329795    1.69843347    2.30088264    1.98976968    1.89957804    2.63574289    2.14347847    1.89624096    2.90524166    2.50718169    1.70291783    1.97991938    2.06847613    1.99800086    1.92510608    2.17659101    1.67661846    1.62916756    1.77961756    1.62454154    1.76422917    2.30082938    2.09093322    1.82410515    2.27000184    1.86629983    1.97725765    1.89866961    2.21706491    1.82186210    1.60474208    1.72578943    2.27431803    1.99191875    1.71779203    2.13122086    2.09661976    2.19204606    2.93784111    2.26120872    2.19375687
A0A1F7GDV9_9BACT/20-80     1.89890828    1.78275561    1.77089838    2.00859209    1.44520460    2.14872261    1.37238193    1.28376174    1.86812607    1.96727023    1.90795596    1.92217049    2.19446421    1.52863110    1.09992985    0.00000000    1.65408569    1.51513642    1.95343697    2.84870585    1.77301482    2.49295739    2.13501583    3.11632168    1.90870014    1.94664704    2.34207982    1.86174898    2.28932647    2.60024023    2.85974232    2.44187696    1.64702825    2.62792962    3.86868145    2.20405516    1.98734760    1.96610637    2.08946126    1.71772137    2.65298656    1.93073870    1.76600101    3.32059615    2.67848547    1.66083327    1.93118651    2.09511420    2.41237169    1.45802646    1.88471667    2.04469097    1.76253274    1.79198805    1.80309541    2.00539596    2.01100065    1.70112770    1.55822283    2.37764972    2.28726799    1.88848513    1.77418646    2.70968376    1.75305736    1.95453409    2.14422667    2.63739824    1.90356420    1.68946397    1.99526069    1.97681141    2.27734766    3.26842662    1.89283355    2.17914937
A0A1F6HP01_9BACT/21-81     1.99560673    1.39308531    1.57131467    1.86756823    2.10902810    1.52471001    1.59012762    2.04971694    1.84662861    1.76034139    1.74510547    2.50280150    2.85625185    2.94430751    2.00418853    1.65408569    0.00000000    1.10698653    1.55269651    1.88787410    1.93019207    1.49009931    1.54370872    1.85269466    1.79952671    1.88125323    1.93192191    1.39928068    1.81458015    1.69951531    1.85080248    2.13401393    1.81139747    2.01096506    2.23045789    2.01106797    1.47798197    1.62087139    1.92421558    2.14725159    1.78456902    2.00050953    2.02675749    1.64808389    2.16556414    1.58126296    1.80904352    1.80516359    1.67126734    1.77790731    1.58078817    1.59567217    1.75939718    1.94981668    1.42968774    1.52146084    2.00440141    1.63572557    1.99383046    1.65655411    1.90369893    1.55247581    1.37971346    1.96414421    1.48121754    1.86864977    1.87093240    2.41127661    1.22287542    1.72735361    1.66877905    1.95895077    2.67276806    3.19568071    2.20475946    2.92710279
A0A1F6KIQ2_9BACT/17-78     1.18557908    1.78358857    1.72343104    1.66594733    1.61490365    1.58404540    1.57875772    1.45460914    2.15652060    2.24692982    1.56786701    2.13230244    2.22937714    2.20446520    2.12609019    1.51513642    1.10698653    0.00000000    1.25977752    1.79198530    1.54566718    1.98715306    1.79063120    1.79910446    1.72797093    1.39985190    1.74496636    1.48327273    1.88315238    1.89481200    1.77033387    1.88699601    1.73646788    2.53258870    2.35306362    1.42101515    1.64154399    1.59591003    1.65425697    1.57537327    2.30306462    2.18993963    1.90660412    2.06840165    2.10947830    1.87128165    1.95856640    1.95025930    2.18879320    1.73402065    1.61432715    2.01486394    1.64574359    1.73707079    1.48690183    1.45680798    1.67544561    1.72218958    1.36086367    1.45191607    2.03624779    1.63355723    2.02403881    1.84241520    1.41766992    1.58242325    1.44920323    1.95090394    1.58617761    1.53594644    1.66906071    1.67110178    2.16716921    2.01809134    1.40164215    1.81489680
A0A2M7RQ50_9BACT/43-103     1.15506720    1.75438714    1.99160207    1.84079538    1.93423038    1.42472369    1.62624193    1.58410088    1.69014920    1.55033132    1.63647918    2.47330514    2.32772075    2.30468148    2.36295193    1.95343697    1.55269651    1.25977752    0.00000000    2.45193837    1.22431776    1.73447047    1.64657105    2.20632180    1.46760187    1.65100538    2.12227011    1.58289906    1.78029636    1.90780118    1.80883382    1.82701908    1.62562929    2.34409908    2.41684525    1.76511810    1.68535079    1.70351677    2.10919911    1.38970796    1.39934225    1.71523862    1.39668192    1.78396103    1.85119111    1.45647670    1.55147337    1.68321127    1.88258378    1.84552730    1.17880232    1.66960781    1.78812470    2.00634780    1.78855400    1.63588677    1.91501739    1.94037955    1.50345233    1.58953404    1.47685165    1.73628720    1.19038846    1.62101432    1.65674609    1.86195557    1.63208504    1.70609519    1.31924838    1.45355564    1.49407120    1.38351490    2.31046521    1.78686981    2.00180191    2.12800171
A0A1F4VL94_9BACT/25-84     2.27792297    2.20730223    2.14125157    3.00533646    2.64231863    2.39520943    2.22086838    1.99404994    2.87244829    1.76703846    2.72388657    2.90739401    2.83779000    3.37936223    2.47144923    2.84870585    1.88787410    1.79198530    2.45193837    0.00000000    2.32054335    1.84867436    2.49951540    2.35759575    2.50736416    2.46158821    2.43120778    2.37741527    3.00762995    3.24983552    1.93419851    3.15041233    2.08066796    2.91766939    2.90185881    2.26648373    2.33432843    2.20117715    2.52346738    2.07719168    2.02086796    2.85662874    2.81572098    2.62018697    2.65871545    2.26244736    3.02253415    2.76747859    2.40402269    2.24359799    2.01075340    2.24849184    2.14572802    2.70694854    1.94436053    2.18564321    2.15237344    3.02651018    2.52745640    2.26463509    2.04064395    1.92662050    2.58270780    2.70194787    2.76586541    1.96161381    1.82991141    2.49221976    1.99383218    2.57088015    3.06374395    2.53112968    2.42123572    3.45782845    2.06232713    2.57585039
A0A0G1CEI0_9BACT/18-78     1.42726583    1.71341762    2.11481819    1.54590557    2.26016310    1.74256202    1.41645028    1.85262802    2.30020691    1.92108006    1.74273776    2.37596476    2.35291810    2.02471765    2.10858851    1.77301482    1.93019207    1.54566718    1.22431776    2.32054335    0.00000000    1.76291837    1.42365317    1.62144532    1.73526563    1.37572685    1.67095473    1.65799120    1.72130664    1.93869752    2.07227627    2.32153425    1.58570119    2.62857041    2.65313059    1.63760439    1.61256661    1.24662345    1.63091297    1.20710964    2.15619955    1.68979090    1.81411057    1.79056903    2.40091360    1.70857750    1.64598131    1.54226278    1.64435614    1.70277519    1.53366524    1.85551830    1.52330191    1.38722018    1.98722031    1.75673128    1.95803203    2.19649397    1.96957281    1.45343983    1.44935006    1.88304138    1.74753733    1.92774391    1.92712513    1.95100866    1.76455832    1.79431607    1.17750735    1.35255712    1.62476901    1.53037064    2.37828102    2.53790031    2.59513696    2.03622752
A0A2H0R935_9BACT/17-79     1.56368797    2.01449029    3.05585014    1.65466146    2.37510267    1.34407397    1.71279577    2.06209915    3.04779221    1.76444798    1.76287475    1.86928968    2.52830400    2.54696693    1.95466061    2.49295739    1.49009931    1.98715306    1.73447047    1.84867436    1.76291837    0.00000000    1.15250340    1.31040151    1.53499139    1.46203914    1.30227038    1.59001729    1.54082953    2.14295884    1.86132431    2.63188010    1.69910692    2.52293785    2.19571176    1.51417692    1.67699070    1.51446640    2.06650286    1.72573451    1.69128954    2.08745968    1.41022781    1.70621119    2.39880709    1.72038431    1.51363051    1.50173952    1.52044285    1.66972569    1.66335103    1.68166766    2.10661469    1.64618948    1.68839653    1.62935199    2.33455237    1.69112493    2.12668597    1.68735997    1.88993223    1.82498426    1.87396732    1.88703063    1.89488276    1.61517353    1.99380424    1.45929248    1.48285249    1.25313926    1.96460741    1.95810310    1.95554718    2.04439922    2.12459052    2.80366885
A0A0G0MMQ3_9BACT/8-69     1.31501617    1.13564532    1.75173177    1.13500315    1.51533433    1.26488153    1.22787137    1.64597914    2.67913285    2.10252988    2.07914028    1.84848158    2.39338789    1.91626924    1.85010151    2.13501583    1.54370872    1.79063120    1.64657105    2.49951540    1.42365317    1.15250340    0.00000000    1.32501980    1.59542680    1.47096761    2.27892173    1.59543702    1.99750182    2.04094185    2.11551626    2.07741306    1.98849895    2.53963744    2.37611035    1.58246357    1.44514581    1.47400729    1.57513764    1.65752523    2.03073178    1.39942372    1.71425809    1.95902134    1.99034935    1.73315856    1.29427711    1.61273813    1.97514232    1.62867617    1.49479557    1.75438168    1.74205642    1.98044322    1.75627691    1.47661367    1.95497612    1.82988992    2.29267600    1.47665628    1.44160822    1.68789314    1.43791077    1.59248241    1.78906759    1.47439301    2.26271567    1.62399297    1.38410695    1.75410386    1.32007744    1.76046453    2.50232687    2.24517526    1.84586881    3.14541795
A0A2M7WW03_9BACT/28-88     1.69946549    2.32611358    2.63222519    2.04053298    2.52855008    1.82024940    2.41385239    2.28656347    3.18189924    2.68014606    2.35410274    2.16013167    2.65310011    2.92710739    2.55472773    3.11632168    1.85269466    1.79910446    2.20632180    2.35759575    1.62144532    1.31040151    1.32501980    0.00000000    1.25396101    1.12234108    1.81082956    1.51670037    1.62750197    1.62866330    1.67841057    2.24836793    1.76791259    2.42698099    1.72747688    1.54237740    1.68304201    1.44750840    1.55940521    1.69663532    2.17603880    1.82429534    1.45004504    1.43962895    2.66581926    1.71026282    1.47121315    1.49877613    1.96731133    1.66679997    1.62096242    1.59783166    1.75538385    1.74185893    1.80189172    1.67539007    1.97253871    2.28600877    1.96015066    1.90187088    2.09995490    1.81577205    2.41185501    1.97032482    1.53183510    1.20160163    2.21422781    1.42463182    1.44199502    1.28680976    1.94331902    1.72885213    2.25025715    2.35085699    2.24991618    3.04437918
A0A1G1WL51_9BACT/18-78     1.39414534    1.94958514    2.17461146    1.70405845    1.73722511    1.67339532    2.01802796    1.72508349    2.34834850    1.97096011    2.02456548    2.87979699    2.48761070    3.02803907    2.14097094    1.90870014    1.79952671    1.72797093    1.46760187    2.50736416    1.73526563    1.53499139    1.59542680    1.25396101    0.00000000    1.35071516    1.55187280    1.17320280    1.73370588    1.84955601    2.13638180    1.88592825    2.00305571    2.58152291    2.14067975    1.40979137    1.45454496    1.50907218    2.00127439    1.35792687    1.88696089    2.64610802    1.85118992    1.88682727    2.42786991    1.27970106    1.35703141    1.46143880    2.16465308    1.49315006    1.53402217    1.64567419    1.79170039    1.52571937    1.63742607    1.63332291    2.05437790    1.92792669    1.57017249    1.55096004    2.15027173    2.34185133    2.28883487    2.17081030    1.52461149    1.90214111    2.00327360    1.40910003    1.55079165    1.62809611    1.58405484    1.48728699    2.70333959    2.38011014    2.25109080    2.04426776
A0A0G0KFX9_9BACT/29-89     1.55293972    1.72588621    1.86815284    1.58012114    2.15261518    1.47240793    1.49611156    1.51032329    1.98994164    1.81092886    2.03720448    2.40663388    2.00368969    2.24999461    1.81042246    1.94664704    1.88125323    1.39985190    1.65100538    2.46158821    1.37572685    1.46203914    1.47096761    1.12234108    1.35071516    0.00000000    1.12396969    1.29416730    1.25604291    1.45509656    1.21720637    1.76630866    1.41129239    1.96409829    2.06914534    1.26696799    1.25833876    1.15906642    1.70406054    1.33694977    1.85765796    1.89443743    1.46059557    1.60051696    1.85309144    1.59086177    1.40593832    1.80351981    2.24608070    1.72290901    1.45376253    1.33741487    1.36014787    1.49084027    1.22993144    1.51428772    1.43156168    1.63782019    1.60362095    1.82193641    1.47877999    1.62351583    1.69621286    1.67835784    1.31497108    1.49678288    1.93687753    1.44996709    1.52410964    1.45208257    1.45523598    1.48577147    2.03178093    2.27884600    2.08697775    1.80159720
A0A0G0WN21_9BACT/12-72     2.30131959    2.43742133    2.60052253    1.95255019    2.13873111    1.99642737    2.33005407    1.85486860    2.93057723    1.72281171    1.97012904    3.13056516    2.82655609    2.56546361    2.06885146    2.34207982    1.93192191    1.74496636    2.12227011    2.43120778    1.67095473    1.30227038    2.27892173    1.81082956    1.55187280    1.12396969    0.00000000    1.42331267    1.61298369    2.15786077    1.64713011    2.21754398    1.88985620    2.83420509    3.05315745    1.88732442    1.70139713    1.99061641    2.92459729    2.17107033    1.96301034    3.56780033    2.21548534    2.33275163    2.30504042    1.82626365    2.42655570    2.47536640    2.83270788    2.41075335    1.98004837    1.43110512    1.70227905    1.46493545    1.71915493    1.87476496    2.34605507    2.29324369    2.09821181    1.92840460    1.98070060    2.34341501    2.31911546    1.78292872    1.51367844    2.18840957    1.82130479    2.09443863    1.74674211    1.78282826    1.61603119    2.35742379    2.45921714    2.96907955    2.23040425    2.32566208
A0A0G1U8Q7_9BACT/16-75     1.21430770    1.48987179    1.79612607    2.03970183    2.04757736    1.61663006    2.10758082    1.40583012    1.91991491    1.72966385    1.46913911    2.31242026    2.30357865    2.44887628    1.76884963    1.86174898    1.39928068    1.48327273    1.58289906    2.37741527    1.65799120    1.59001729    1.59543702    1.51670037    1.17320280    1.29416730    1.42331267    0.00000000    1.18477014    1.53954018    1.55633486    1.57570118    2.18795258    1.86043938    2.05845972    1.47942628    1.58925762    1.82539096    2.03422813    1.76475199    1.94289869    2.17190949    1.92341734    1.71496854    1.67661575    1.40665660    1.39973705    1.79168967    2.31058186    1.33646444    1.54090837    1.32476811    1.95947858    1.96732266    1.82524094    1.68193022    1.73073946    1.79230948    1.62385565    2.00426580    1.95086651    1.94362032    1.77580157    1.59190511    1.47938969    1.70189034    1.73745902    1.84229812    1.72570971    1.61868515    1.40896070    1.61067436    2.23133568    2.12715372    2.02041866    1.49157470
A0A1F4VC91_9BACT/22-82     1.81369873    1.77946586    1.92349630    2.26681309    2.01166773    1.50493586    2.18488703    1.61147385    1.83432329    2.10058473    1.52754698    2.52595894    2.31799961    2.15829797    1.98514754    2.28932647    1.81458015    1.88315238    1.78029636    3.00762995    1.72130664    1.54082953    1.99750182    1.62750197    1.73370588    1.25604291    1.61298369    1.18477014    0.00000000    1.52824455    1.58337539    1.64126688    1.74516039    2.50903871    1.88062385    1.90035384    1.63358101    1.57258155    2.01990625    1.85798926    1.98752557    2.23180209    1.43565588    1.59417431    2.13799048    1.89949947    1.65980244    2.03121537    2.42412045    1.52125590    1.49510005    1.80999083    1.57265480    1.51538819    1.54500024    1.60778696    2.03310506    1.88660806    1.84058990    2.04844750    1.71715291    1.45288898    1.82759406    1.69554162    1.40836249    1.50046117    1.95851772    1.86201015    1.84778280    1.77017368    1.76938984    1.78600790    2.55954343    2.74236587    2.43798002    2.05209927
A0A1W9NYI7_9BACT/23-83     2.65042560    2.30311249    1.99716671    2.07591325    2.01700504    1.78948418    2.22927003    2.39459319    2.46948991    2.94334397    1.86011155    2.76499735    2.98278865    3.08824346    2.86584847    2.60024023    1.69951531    1.89481200    1.90780118    3.24983552    1.93869752    2.14295884    2.04094185    1.62866330    1.84955601    1.45509656    2.15786077    1.53954018    1.52824455    0.00000000    1.85760625    1.88543869    2.00674104    2.63289357    2.05669681    2.13846722    2.14377417    2.11437908    2.09942864    2.43471998    2.56444502    2.34012177    2.76316942    2.37443332    2.30427825    2.14656082    2.31060423    2.41977848    2.23208662    2.03806705    1.92433329    1.91939246    2.14872228    1.64581421    1.62627997    1.84752591    2.02498533    1.94393203    2.40511090    1.83961057    1.95100707    1.99142933    2.06481157    2.24334069    2.05333447    2.24739974    2.52437923    2.26321999    1.99066260    2.26062527    1.88898972    1.97452876    2.83794262    2.42979241    2.54022648    2.10206276
A0A1F5H567_9BACT/15-75     1.55399745    1.85916055    2.21589495    1.89494891    1.91031929    1.91739067    2.40134471    1.53312337    2.18173790    1.68471838    1.95760388    2.39205258    2.52554231    2.83601216    2.29532677    2.85974232    1.85080248    1.77033387    1.80883382    1.93419851    2.07227627    1.86132431    2.11551626    1.67841057    2.13638180    1.21720637    1.64713011    1.55633486    1.58337539    1.85760625    0.00000000    1.56559717    1.80894827    2.18307209    2.52130685    1.65375433    1.46381210    1.48448571    1.79814370    1.67998578    1.82236051    2.00303674    2.52779413    1.65784822    2.04187014    1.69006572    1.74929950    2.25830097    2.33937538    2.08396829    1.34031010    1.41170970    1.55058846    1.85969247    1.86722096    1.64370746    1.66043235    2.39974146    2.19820296    2.12154185    1.33537258    1.98043445    1.43979439    1.95806166    1.76247033    1.91294138    1.92611046    1.86582100    1.70606959    1.63487215    2.13723315    1.52419170    3.02920463    2.84121752    2.16673708    1.75173070
A0A1G1WZW4_9BACT/13-73     1.74541990    1.89704772    2.35581948    2.60537220    2.01064092    1.67017377    2.01624369    1.97826319    2.31909540    2.09012131    2.22661013    2.21611862    2.41353454    3.22309445    2.45130245    2.44187696    2.13401393    1.88699601    1.82701908    3.15041233    2.32153425    2.63188010    2.07741306    2.24836793    1.88592825    1.76630866    2.21754398    1.57570118    1.64126688    1.88543869    1.56559717    0.00000000    2.14101611    4.38148366    2.97353572    2.57852668    2.31084309    2.08970526    2.97678051    2.18923955    2.23257433    3.39176511    2.92682592    1.95020798    2.64438871    1.60754656    1.77854953    2.34113150    2.46583921    1.84204754    1.57880284    2.02617021    2.10384796    2.06697637    1.73797838    1.84201191    1.54649196    1.85540318    2.09715174    2.21453466    1.93014220    2.16730327    2.12228423    2.58871371    2.02994025    2.77459097    2.52590805    2.24141997    2.18136026    2.79481554    1.89288489    2.18051819    2.45476914    2.56562000    1.92430824    2.17484613
A0A0G1MYF0_9BACT/15-75     2.43766720    1.97031079    2.35558726    1.85661964    2.18283241    1.84680525    1.81504823    2.07030916    2.51553442    2.29302648    2.11987962    2.49542758    2.44728551    2.40173895    1.67702208    1.64702825    1.81139747    1.73646788    1.62562929    2.08066796    1.58570119    1.69910692    1.98849895    1.76791259    2.00305571    1.41129239    1.88985620    2.18795258    1.74516039    2.00674104    1.80894827    2.14101611    0.00000000    2.24007230    2.09204001    1.64316976    1.51905310    1.54028993    1.58784014    1.41405954    1.88399750    1.64009398    1.60040713    1.98929451    2.24765689    1.81641361    1.70016688    1.92080325    2.05250479    1.87756716    1.74726657    1.86339369    1.88679899    1.40223217    1.93311397    1.81111250    1.96064871    1.81494521    2.24050069    1.82656151    1.63282940    1.99564034    1.58984857    2.41209302    1.50337869    1.77362013    1.99692422    1.72565836    1.41012910    1.67034347    1.78507183    2.12383077    2.25688704    2.28524470    2.33064178    2.00340964
A0A1V5UUK1_9BACT/16-76     2.44104208    2.20347026    3.26410308    2.79164206    3.81226574    2.23557858    3.57438871    2.70860098    2.55354814    2.55690708    2.73131916    4.06916198    3.35496417    4.13415926    2.76296890    2.62792962    2.01096506    2.53258870    2.34409908    2.91766939    2.62857041    2.52293785    2.53963744    2.42698099    2.58152291    1.96409829    2.83420509    1.86043938    2.50903871    2.63289357    2.18307209    4.38148366    2.24007230    0.00000000    1.80359093    1.41417993    1.93392539    1.48885621    1.84996585    1.68610716    2.69112839    1.70498526    2.21688709    2.81235189    2.74018414    2.56965665    2.02365231    1.72168686    2.41278246    2.67746664    1.76941209    1.92017939    2.78870481    2.17445682    2.73124209    2.40722402    1.93837340    1.74964330    2.71140977    2.80503474    2.24350467    2.53848335    2.24378228    2.71332389    1.91643065    1.81626417    2.06315674    2.14797578    1.84588071    1.80593153    2.48155692    2.67176098    4.31337066    3.19184708    3.21092826    4.24253026
A0A101HW27_9BACT/15-75     2.69836450    2.06184299    2.35187717    2.96268642    3.76632516    2.29740080    2.68831426    2.63096215    3.22117049    2.97881106    2.48916581    2.93182730    2.97166468    3.71111058    2.91951587    3.86868145    2.23045789    2.35306362    2.41684525    2.90185881    2.65313059    2.19571176    2.37611035    1.72747688    2.14067975    2.06914534    3.05315745    2.05845972    1.88062385    2.05669681    2.52130685    2.97353572    2.09204001    1.80359093    0.00000000    1.57722961    1.63533138    2.41680781    2.17855610    2.29297576    2.30435968    2.14099348    1.91053908    2.99913777    2.97799752    2.38733685    2.08047675    2.10045278    2.76085075    2.74773835    2.78812854    2.22203330    2.12157572    2.37473128    1.77998682    1.41599134    2.22373978    2.48418818    2.93071220    2.04321133    2.62903246    2.64576453    2.38814909    2.72208566    1.95049915    2.01408703    2.19352603    2.86803328    2.30462689    2.29528277    2.55195287    2.05468527    2.70161312    2.17916037    2.33794694    3.03578540
A0A317JPT3_9BACT/27-86     1.68388841    1.93499840    2.48290171    1.63246823    1.70967854    1.73406439    2.30307733    1.54304786    2.26891451    1.85487591    1.89616349    2.38459609    2.85739700    2.21574056    2.32329795    2.20405516    2.01106797    1.42101515    1.76511810    2.26648373    1.63760439    1.51417692    1.58246357    1.54237740    1.40979137    1.26696799    1.88732442    1.47942628    1.90035384    2.13846722    1.65375433    2.57852668    1.64316976    1.41417993    1.57722961    0.00000000    0.96788101    1.23662096    1.32271386    1.14917726    1.68534387    1.44190504    1.46627907    1.81594296    2.09277888    1.30090479    1.37262540    1.76471153    1.91937312    1.87330046    1.54412608    1.40166173    1.60980719    1.35267012    1.54081649    1.49316021    1.42133230    1.91689524    1.89543118    1.59348787    1.55610335    1.61606767    1.69322278    1.55704154    1.23316317    1.21528704    1.48545120    1.40393435    1.10595217    1.26519804    1.74369916    1.36626496    2.23046399    2.27055310    1.88664849    2.49317013
