30
B8N152_ASPFN/375-474     0.00000000    1.00907363    1.23485126    1.22640560    1.29624855    1.37297043    1.31863552    1.31745208    1.13489943    1.37500461    1.19491692    1.21852155    1.38982671    1.06131676    2.22818256    1.97937551    1.83066125    1.67521453    1.76268935    1.63112454    1.31908376    1.42047932    1.29493483    1.64566096    1.47245218    1.56191798    1.50181791    1.24805004    1.15437243    1.36934139
A0A117DZJ0_ASPNG/422-521     1.00907363    0.00000000    0.67862135    0.83730584    0.68350982    0.96205730    0.79825017    0.91084541    0.75624662    0.76379927    0.96659448    0.87682843    1.32333043    0.89890413    1.54915319    1.47784345    1.35841029    1.29131534    1.40062870    1.16212426    1.06153108    1.20526280    0.91549426    0.98972864    1.14023692    1.29677662    1.26811194    0.90397659    1.00247651    0.90349548
J3P7A0_GAET3/490-589     1.23485126    0.67862135    0.00000000    0.36521230    0.53318709    0.87958227    0.65443764    0.70749183    0.63400576    0.75965722    0.78039223    0.75761174    1.03495196    0.69636563    1.85700640    1.68275549    1.34847981    1.12869777    1.30296000    1.18553752    0.90685561    1.12386792    0.91550748    1.01915090    1.02082615    1.17666607    1.26970069    0.92517204    0.95246032    0.77178861
A0A136ITY3_9PEZI/442-542     1.22640560    0.83730584    0.36521230    0.00000000    0.66159863    0.99754644    0.62878013    0.70087456    0.52472863    0.71116453    0.73396138    0.79406679    0.98310188    0.79766161    1.86034505    1.79816277    1.43394093    1.04102003    1.23810776    1.28514334    0.80118984    1.09887260    0.95574236    1.19986031    1.16639509    1.10886857    1.25449788    1.10303116    1.00663711    0.75330033
A0A166T4F2_9PEZI/471-570     1.29624855    0.68350982    0.53318709    0.66159863    0.00000000    0.73494010    0.73310334    0.81114254    0.76125294    0.79554726    0.79246079    0.76645419    1.10029002    0.72097211    1.47391482    1.34642702    1.36613567    1.00351858    1.20031604    1.15493241    0.89705050    1.23316329    0.87074222    1.15221198    0.89364499    0.97093945    1.04734352    0.83505311    0.94289751    0.80136707
F7WAI7_SORMK/86-185     1.37297043    0.96205730    0.87958227    0.99754644    0.73494010    0.00000000    0.90823138    1.00457268    1.15535170    1.29440435    1.13794575    1.12709554    1.28033173    1.17731785    1.82195803    1.74882398    1.70362904    1.53882848    1.66007699    1.39279766    1.19610419    1.16320589    1.19217405    1.51589989    1.39758571    1.36324056    1.33460142    1.28382246    1.35721784    1.09382785
F0XAQ1_GROCL/475-576     1.31863552    0.79825017    0.65443764    0.62878013    0.73310334    0.90823138    0.00000000    0.25286541    0.62295289    0.79592270    0.86129253    0.80873239    1.11036883    0.78000371    1.63367905    1.52973052    1.20127149    1.09280971    1.24052250    1.25395902    0.80656557    0.87796305    0.74530269    0.92423580    1.04484848    1.03682649    1.08589642    0.99927458    0.90645766    0.66642692
A0A167W654_9PEZI/474-575     1.31745208    0.91084541    0.70749183    0.70087456    0.81114254    1.00457268    0.25286541    0.00000000    0.64247884    0.81132861    0.96049176    0.90899812    1.15511191    0.88761327    1.78560499    1.74505063    1.33177422    1.15896092    1.30965890    1.30040075    0.85986976    0.95425232    0.74266064    1.02817218    1.07426898    1.01608162    1.01657277    1.10717461    1.01470356    0.71092188
E4V2F7_ARTGP/439-538     1.13489943    0.75624662    0.63400576    0.52472863    0.76125294    1.15535170    0.62295289    0.64247884    0.00000000    0.32867950    0.74040506    0.73788606    1.08210811    0.69872712    1.64407488    1.58902662    1.30452363    0.94316612    1.27309265    1.31391985    0.96656173    1.12358717    0.88330549    1.05691345    1.11344943    0.98686268    0.99681352    0.97236181    0.88709390    0.66265294
C5G176_ARTOC/99-198     1.37500461    0.76379927    0.75965722    0.71116453    0.79554726    1.29440435    0.79592270    0.81132861    0.32867950    0.00000000    0.97469379    0.94387766    1.12661234    0.81312463    1.62928444    1.65438051    1.42880115    1.08892759    1.42601931    1.30369446    1.02933986    1.18127988    1.03585309    1.02142791    1.20947129    1.12030198    1.19418929    1.02336880    0.91864221    0.76606114
A0A166L7K8_9PEZI/398-497     1.19491692    0.96659448    0.78039223    0.73396138    0.79246079    1.13794575    0.86129253    0.96049176    0.74040506    0.97469379    0.00000000    0.34169492    1.03487309    0.72938560    1.37811274    1.31294720    1.33042045    0.95031907    1.25573661    0.96621127    1.04030459    1.23797546    0.92841554    1.06080024    1.04548494    0.94214300    1.01716896    0.90245034    0.93271701    0.82842545
A0A161WDI5_9PEZI/464-563     1.21852155    0.87682843    0.75761174    0.79406679    0.76645419    1.12709554    0.80873239    0.90899812    0.73788606    0.94387766    0.34169492    0.00000000    1.00346672    0.67544392    1.41748884    1.32928120    1.12585822    0.89398927    1.10068233    0.87795570    1.02879392    1.14943042    0.87295956    1.08159297    0.92544355    1.03468055    0.95045910    0.78625403    0.84480952    0.77456032
Q2GQ51_CHAGB/482-581     1.38982671    1.32333043    1.03495196    0.98310188    1.10029002    1.28033173    1.11036883    1.15511191    1.08210811    1.12661234    1.03487309    1.00346672    0.00000000    0.95372021    1.65628344    1.57182233    1.49393228    1.23420431    1.42603138    1.36177694    1.24711489    1.42145578    1.11715215    1.56644619    1.34294498    1.46854213    1.39530230    1.02998483    1.12402095    1.06794487
C5FMR6_ARTOC/444-543     1.06131676    0.89890413    0.69636563    0.79766161    0.72097211    1.17731785    0.78000371    0.88761327    0.69872712    0.81312463    0.72938560    0.67544392    0.95372021    0.00000000    1.48941634    1.37159257    1.27373536    1.12464818    1.40620262    1.03761845    1.05530068    1.23269380    0.93799307    1.02659766    0.89158248    0.87021834    0.99001242    0.74466283    0.89371918    0.71391380
A0A0A2LBJ2_PENIT/242-343     2.22818256    1.54915319    1.85700640    1.86034505    1.47391482    1.82195803    1.63367905    1.78560499    1.64407488    1.62928444    1.37811274    1.41748884    1.65628344    1.48941634    0.00000000    0.26449938    1.40561638    1.17568650    1.34072986    1.22680029    1.32950720    1.85018716    1.37409938    1.58754933    1.39243882    1.58407910    1.55509806    1.66085103    1.47476115    1.24873931
A0A0G4PEB8_PENCA/413-514     1.97937551    1.47784345    1.68275549    1.79816277    1.34642702    1.74882398    1.52973052    1.74505063    1.58902662    1.65438051    1.31294720    1.32928120    1.57182233    1.37159257    0.26449938    0.00000000    1.48059705    1.06149552    1.15807455    1.46026765    1.39520795    1.81459128    1.29472396    1.54484573    1.27193950    1.36113075    1.34861795    1.45936420    1.43173356    1.20358227
A0A094AWF4_9PEZI/205-307     1.83066125    1.35841029    1.34847981    1.43394093    1.36613567    1.70362904    1.20127149    1.33177422    1.30452363    1.42880115    1.33042045    1.12585822    1.49393228    1.27373536    1.40561638    1.48059705    0.00000000    0.72142672    0.83445131    1.31907052    1.04952427    1.07695745    1.12959087    1.56909272    1.56400178    1.35347795    1.52769264    1.58318239    1.40888781    1.09196838
A0A094A1Y3_9PEZI/390-492     1.67521453    1.29131534    1.12869777    1.04102003    1.00351858    1.53882848    1.09280971    1.15896092    0.94316612    1.08892759    0.95031907    0.89398927    1.23420431    1.12464818    1.17568650    1.06149552    0.72142672    0.00000000    0.25375110    1.35050444    0.99340911    1.23533451    1.02288588    1.41804411    1.25781557    1.04848762    1.17264467    1.37162727    1.02423661    0.88690566
L8FQB2_PSED2/390-492     1.76268935    1.40062870    1.30296000    1.23810776    1.20031604    1.66007699    1.24052250    1.30965890    1.27309265    1.42601931    1.25573661    1.10068233    1.42603138    1.40620262    1.34072986    1.15807455    0.83445131    0.25375110    0.00000000    1.47800987    1.24024140    1.49311631    1.06024798    1.44319149    1.24530781    1.19060217    1.23029811    1.65422442    1.26066446    1.03685753
C7ZER8_FUSV7/455-553     1.63112454    1.16212426    1.18553752    1.28514334    1.15493241    1.39279766    1.25395902    1.30040075    1.31391985    1.30369446    0.96621127    0.87795570    1.36177694    1.03761845    1.22680029    1.46026765    1.31907052    1.35050444    1.47800987    0.00000000    0.97207734    1.11304744    1.10360683    1.07129196    1.27515403    1.41804471    1.44756010    1.35368395    1.28747054    0.91173369
A0A177D3C1_ALTAL/499-600     1.31908376    1.06153108    0.90685561    0.80118984    0.89705050    1.19610419    0.80656557    0.85986976    0.96656173    1.02933986    1.04030459    1.02879392    1.24711489    1.05530068    1.32950720    1.39520795    1.04952427    0.99340911    1.24024140    0.97207734    0.00000000    0.44593172    1.04050959    1.21739406    1.23135560    1.20583155    1.11586553    1.29480261    1.08100211    0.85493613
M2V3U9_COCH5/356-457     1.42047932    1.20526280    1.12386792    1.09887260    1.23316329    1.16320589    0.87796305    0.95425232    1.12358717    1.18127988    1.23797546    1.14943042    1.42145578    1.23269380    1.85018716    1.81459128    1.07695745    1.23533451    1.49311631    1.11304744    0.44593172    0.00000000    1.03466287    1.14286974    1.43907412    1.36524451    1.25897693    1.41667980    1.38441942    1.06825105
A0A167CLN2_9PEZI/453-552     1.29493483    0.91549426    0.91550748    0.95574236    0.87074222    1.19217405    0.74530269    0.74266064    0.88330549    1.03585309    0.92841554    0.87295956    1.11715215    0.93799307    1.37409938    1.29472396    1.12959087    1.02288588    1.06024798    1.10360683    1.04050959    1.03466287    0.00000000    0.88887504    0.88290835    0.82994592    0.89519387    1.07915852    0.82549108    0.68792617
A0A093YKB5_9PEZI/445-543     1.64566096    0.98972864    1.01915090    1.19986031    1.15221198    1.51589989    0.92423580    1.02817218    1.05691345    1.02142791    1.06080024    1.08159297    1.56644619    1.02659766    1.58754933    1.54484573    1.56909272    1.41804411    1.44319149    1.07129196    1.21739406    1.14286974    0.88887504    0.00000000    1.00821537    1.24036617    1.22103587    1.19685681    1.06798980    0.91489451
T0KI87_COLGC/453-551     1.47245218    1.14023692    1.02082615    1.16639509    0.89364499    1.39758571    1.04484848    1.07426898    1.11344943    1.20947129    1.04548494    0.92544355    1.34294498    0.89158248    1.39243882    1.27193950    1.56400178    1.25781557    1.24530781    1.27515403    1.23135560    1.43907412    0.88290835    1.00821537    0.00000000    0.92243242    0.92775408    1.04423323    0.99770240    1.05176047
Q2H898_CHAGB/429-531     1.56191798    1.29677662    1.17666607    1.10886857    0.97093945    1.36324056    1.03682649    1.01608162    0.98686268    1.12030198    0.94214300    1.03468055    1.46854213    0.87021834    1.58407910    1.36113075    1.35347795    1.04848762    1.19060217    1.41804471    1.20583155    1.36524451    0.82994592    1.24036617    0.92243242    0.00000000    0.32965937    1.16146535    1.22961374    0.83658470
G2R9D3_THETT/435-537     1.50181791    1.26811194    1.26970069    1.25449788    1.04734352    1.33460142    1.08589642    1.01657277    0.99681352    1.19418929    1.01716896    0.95045910    1.39530230    0.99001242    1.55509806    1.34861795    1.52769264    1.17264467    1.23029811    1.44756010    1.11586553    1.25897693    0.89519387    1.22103587    0.92775408    0.32965937    0.00000000    1.06617601    1.12293105    0.82359871
C4JYD4_UNCRE/474-574     1.24805004    0.90397659    0.92517204    1.10303116    0.83505311    1.28382246    0.99927458    1.10717461    0.97236181    1.02336880    0.90245034    0.78625403    1.02998483    0.74466283    1.66085103    1.45936420    1.58318239    1.37162727    1.65422442    1.35368395    1.29480261    1.41667980    1.07915852    1.19685681    1.04423323    1.16146535    1.06617601    0.00000000    0.72613270    0.75272190
A0A168JJE6_CORDF/493-593     1.15437243    1.00247651    0.95246032    1.00663711    0.94289751    1.35721784    0.90645766    1.01470356    0.88709390    0.91864221    0.93271701    0.84480952    1.12402095    0.89371918    1.47476115    1.43173356    1.40888781    1.02423661    1.26066446    1.28747054    1.08100211    1.38441942    0.82549108    1.06798980    0.99770240    1.22961374    1.12293105    0.72613270    0.00000000    0.76234209
A0A162LS08_CORDF/448-546     1.36934139    0.90349548    0.77178861    0.75330033    0.80136707    1.09382785    0.66642692    0.71092188    0.66265294    0.76606114    0.82842545    0.77456032    1.06794487    0.71391380    1.24873931    1.20358227    1.09196838    0.88690566    1.03685753    0.91173369    0.85493613    1.06825105    0.68792617    0.91489451    1.05176047    0.83658470    0.82359871    0.75272190    0.76234209    0.00000000

