8
Q39YH2_GEOMG/8-100     0.00000000    0.35081120    1.47387351    1.32519513    1.70407707    2.51322775    2.33082607    1.98548309
Q748G9_GEOSL/11-103     0.35081120    0.00000000    1.41923707    1.49252425    1.78965537    2.14544566    2.46130689    2.09240132
A5G8V7_GEOUR/10-102     1.47387351    1.41923707    0.00000000    0.70229665    1.62350491    2.34686790    1.83138223    1.96122622
B9M0G8_GEODF/11-103     1.32519513    1.49252425    0.70229665    0.00000000    1.73139072    2.31926907    1.83142090    1.98253629
A0A0A8WPX8_9DELT/11-102     1.70407707    1.78965537    1.62350491    1.73139072    0.00000000    2.40993569    2.37485075    2.48957144
B5EC73_GEOBB/11-102     2.51322775    2.14544566    2.34686790    2.31926907    2.40993569    0.00000000    1.41891084    1.36465447
A5GDT5_GEOUR/11-103     2.33082607    2.46130689    1.83138223    1.83142090    2.37485075    1.41891084    0.00000000    0.59590836
B9M7W0_GEODF/11-102     1.98548309    2.09240132    1.96122622    1.98253629    2.48957144    1.36465447    0.59590836    0.00000000

