24
W5KIR9_ASTMX/7-134     0.00000000    0.48317259    0.51148548    1.00118815    1.09117574    1.11234760    1.19496091    0.97955846    1.11895765    1.41131072    1.35520150    1.35453838    2.13584508    2.18350983    2.34419760    2.18098103    2.04416631    2.29944101    2.06443023    2.44804185    2.05022888    1.71806667    2.18402654    2.26919323
I3K732_ORENI/61-188     0.48317259    0.00000000    0.44397359    1.11223809    1.11903603    1.19328937    1.22950967    1.09291507    1.22556562    1.32495450    1.42463529    1.29037471    1.94832099    1.98588449    2.04384620    2.10955504    1.90942946    2.15448080    1.91952716    2.21494927    1.74160551    1.87672729    1.94147435    1.98164681
A0A087X2Q4_POEFO/9-135     0.51148548    0.44397359    0.00000000    1.24718389    1.20699559    1.21843277    1.33231034    1.12429612    1.24921665    1.46467365    1.62655244    1.44586468    2.06753670    2.31962646    2.35694467    2.40240597    2.26926344    2.60101607    2.19396960    2.59072474    2.00730680    2.05045118    2.11893108    2.15159123
A0A091JLJ5_EGRGA/4-130     1.00118815    1.11223809    1.24718389    0.00000000    0.31117798    0.24530683    0.33744163    0.46104109    0.27880818    0.86373626    0.75111420    0.71301148    1.75138254    1.62232517    1.68971326    1.67591190    1.75675805    1.77858518    1.81143286    1.74279911    1.99090957    1.84009947    1.84144492    2.01140702
A0A151NMB1_ALLMI/29-155     1.09117574    1.11903603    1.20699559    0.31117798    0.00000000    0.29423997    0.52130389    0.38102245    0.49666536    0.78084527    0.71246638    0.61024100    1.61245757    1.53880935    1.59217012    1.65951002    1.69864189    1.54660398    1.64611027    1.56163528    1.81107730    1.84718360    1.73449665    1.86482573
A0A093KF19_STRCA/4-130     1.11234760    1.19328937    1.21843277    0.24530683    0.29423997    0.00000000    0.41692678    0.42411305    0.39953738    0.83426244    0.66456848    0.66507442    1.80521048    1.66680696    1.69909585    1.82089433    1.70008594    1.67248531    1.77963827    1.67957049    1.94264586    2.01084375    1.75346091    1.92892545
U3J1D7_ANAPP/10-136     1.19496091    1.22950967    1.33231034    0.33744163    0.52130389    0.41692678    0.00000000    0.36536536    0.31049285    0.77686743    0.86933632    0.82412179    1.87736846    1.79164595    1.74527684    1.85906725    1.94714177    1.97376383    1.97143653    1.87174390    1.84302190    1.74910162    1.58271998    1.94709257
M7B4J8_CHEMY/4-130     0.97955846    1.09291507    1.12429612    0.46104109    0.38102245    0.42411305    0.36536536    0.00000000    0.40315280    0.63267721    0.82159855    0.81567031    1.60300455    1.62083254    1.64861134    1.70241946    1.67027699    1.71514691    1.91083484    1.78227459    1.88919444    1.93142568    1.62719916    1.85826406
H0YZE3_TAEGU/9-135     1.11895765    1.22556562    1.24921665    0.27880818    0.49666536    0.39953738    0.31049285    0.40315280    0.00000000    0.68488245    0.78023576    0.73218492    1.55623586    1.56879895    1.57272079    1.65838865    1.60797976    1.64490729    1.81469980    1.70097185    1.79000005    1.83802854    1.64264362    2.02492386
F7DL98_MONDO/9-135     1.41131072    1.32495450    1.46467365    0.86373626    0.78084527    0.83426244    0.77686743    0.63267721    0.68488245    0.00000000    0.48415684    0.44550144    1.57152842    1.62443827    1.60167206    1.60362138    1.57398592    1.66308963    2.00213392    1.85723708    1.67547539    2.01098500    1.57252644    1.76614128
F6PLS6_HORSE/149-275     1.35520150    1.42463529    1.62655244    0.75111420    0.71246638    0.66456848    0.86933632    0.82159855    0.78023576    0.48415684    0.00000000    0.25956527    1.77399239    1.70708149    1.79384825    1.86411335    1.75459827    1.52837827    1.90442193    1.67241583    1.82221795    1.90044810    1.76146036    1.96159319
A0A096MZC7_PAPAN/13-139     1.35453838    1.29037471    1.44586468    0.71301148    0.61024100    0.66507442    0.82412179    0.81567031    0.73218492    0.44550144    0.25956527    0.00000000    1.55750240    1.51441848    1.54203582    1.51847756    1.50917641    1.47671829    1.72603177    1.59275457    1.53017851    1.88422858    1.85850379    1.94148661
H3AKE2_LATCH/15-145     2.13584508    1.94832099    2.06753670    1.75138254    1.61245757    1.80521048    1.87736846    1.60300455    1.55623586    1.57152842    1.77399239    1.55750240    0.00000000    1.01784112    0.97621277    1.05067191    1.07261991    0.75099549    0.93296096    0.84841339    1.06472447    1.06672058    1.25605467    1.29115602
A0A0G2K0I8_RAT/11-142     2.18350983    1.98588449    2.31962646    1.62232517    1.53880935    1.66680696    1.79164595    1.62083254    1.56879895    1.62443827    1.70708149    1.51441848    1.01784112    0.00000000    0.30508877    0.38510188    0.41256168    0.72335968    0.94776507    0.79153779    1.40664531    1.56068278    1.47709397    1.49328041
G1L006_AILME/11-141     2.34419760    2.04384620    2.35694467    1.68971326    1.59217012    1.69909585    1.74527684    1.64861134    1.57272079    1.60167206    1.79384825    1.54203582    0.97621277    0.30508877    0.00000000    0.29632314    0.26691831    0.65903229    0.88700621    0.71899307    1.38678993    1.45858506    1.32937095    1.27826405
I3M146_ICTTR/14-145     2.18098103    2.10955504    2.40240597    1.67591190    1.65951002    1.82089433    1.85906725    1.70241946    1.65838865    1.60362138    1.86411335    1.51847756    1.05067191    0.38510188    0.29632314    0.00000000    0.32833633    0.67301097    0.95690024    0.74765229    1.38295287    1.55359958    1.53029316    1.54255440
H0VMH2_CAVPO/11-142     2.04416631    1.90942946    2.26926344    1.75675805    1.69864189    1.70008594    1.94714177    1.67027699    1.60797976    1.57398592    1.75459827    1.50917641    1.07261991    0.41256168    0.26691831    0.32833633    0.00000000    0.71363585    0.94857167    0.79794052    1.46676233    1.61554350    1.51731242    1.34623561
A0A151PHC2_ALLMI/77-207     2.29944101    2.15448080    2.60101607    1.77858518    1.54660398    1.67248531    1.97376383    1.71514691    1.64490729    1.66308963    1.52837827    1.47671829    0.75099549    0.72335968    0.65903229    0.67301097    0.71363585    0.00000000    0.52597058    0.43106359    0.97606621    1.38084526    1.55068586    1.34584985
H9GLG4_ANOCA/11-136     2.06443023    1.91952716    2.19396960    1.81143286    1.64611027    1.77963827    1.97143653    1.91083484    1.81469980    2.00213392    1.90442193    1.72603177    0.93296096    0.94776507    0.88700621    0.95690024    0.94857167    0.52597058    0.00000000    0.58306120    0.98467004    1.37179670    1.48573668    1.36420794
A0A091IM42_CALAN/8-138     2.44804185    2.21494927    2.59072474    1.74279911    1.56163528    1.67957049    1.87174390    1.78227459    1.70097185    1.85723708    1.67241583    1.59275457    0.84841339    0.79153779    0.71899307    0.74765229    0.79794052    0.43106359    0.58306120    0.00000000    1.04458094    1.34104090    1.50617186    1.46475120
W5N0V2_LEPOC/11-141     2.05022888    1.74160551    2.00730680    1.99090957    1.81107730    1.94264586    1.84302190    1.88919444    1.79000005    1.67547539    1.82221795    1.53017851    1.06472447    1.40664531    1.38678993    1.38295287    1.46676233    0.97606621    0.98467004    1.04458094    0.00000000    1.12352126    1.06720377    1.10375682
F1QIR0_DANRE/3-130     1.71806667    1.87672729    2.05045118    1.84009947    1.84718360    2.01084375    1.74910162    1.93142568    1.83802854    2.01098500    1.90044810    1.88422858    1.06672058    1.56068278    1.45858506    1.55359958    1.61554350    1.38084526    1.37179670    1.34104090    1.12352126    0.00000000    1.06325979    0.90738286
G3NFW0_GASAC/7-137     2.18402654    1.94147435    2.11893108    1.84144492    1.73449665    1.75346091    1.58271998    1.62719916    1.64264362    1.57252644    1.76146036    1.85850379    1.25605467    1.47709397    1.32937095    1.53029316    1.51731242    1.55068586    1.48573668    1.50617186    1.06720377    1.06325979    0.00000000    0.52060204
A0A087XQY5_POEFO/20-150     2.26919323    1.98164681    2.15159123    2.01140702    1.86482573    1.92892545    1.94709257    1.85826406    2.02492386    1.76614128    1.96159319    1.94148661    1.29115602    1.49328041    1.27826405    1.54255440    1.34623561    1.34584985    1.36420794    1.46475120    1.10375682    0.90738286    0.52060204    0.00000000

