13
U6EEY0_9EURY/1-127     0.00000000    0.55716932    0.51724252    0.86085299    0.79191243    0.90746022    0.86797123    0.79487888    0.81613396    1.85043477    1.83663771    1.69835302    0.71650653
F0T946_METLA/1-127     0.55716932    0.00000000    0.64662207    0.96622139    1.19878498    1.24527484    1.07981573    1.09150545    1.02872261    1.98282481    2.47503413    2.31131095    0.87161597
C6A443_THESM/1-127     0.51724252    0.64662207    0.00000000    0.65906429    0.85583120    0.90078043    0.96860222    0.87815086    0.95215268    1.64227374    1.91215645    1.87400606    0.80387591
O27056_METTH/7-133     0.86085299    0.96622139    0.65906429    0.00000000    0.93506463    0.82460104    0.80942510    0.92292074    0.91580428    1.99572385    2.10647624    2.09865497    0.98543833
R9SJH7_9EURY/1-127     0.79191243    1.19878498    0.85583120    0.93506463    0.00000000    0.36776110    0.72188558    0.75779764    0.68726297    2.12981900    2.03314477    1.90179407    1.16308517
D3E1W3_METRM/1-127     0.90746022    1.24527484    0.90078043    0.82460104    0.36776110    0.00000000    0.79490679    0.74776536    0.74378646    2.14798298    2.13607302    1.96741586    1.17266592
A0A166AV85_9EURY/1-127     0.86797123    1.07981573    0.96860222    0.80942510    0.72188558    0.79490679    0.00000000    0.66681364    0.63634660    2.12538595    1.90272013    1.80511383    1.05125034
A0A166E4L3_9EURY/1-127     0.79487888    1.09150545    0.87815086    0.92292074    0.75779764    0.74776536    0.66681364    0.00000000    0.51109316    2.25332083    2.28610422    2.11446935    1.09156087
A0A166F489_9EURY/1-127     0.81613396    1.02872261    0.95215268    0.91580428    0.68726297    0.74378646    0.63634660    0.51109316    0.00000000    2.06260963    1.84949394    1.93728139    1.14660345
G0EHC0_PYRF1/1-121     1.85043477    1.98282481    1.64227374    1.99572385    2.12981900    2.14798298    2.12538595    2.25332083    2.06260963    0.00000000    0.60575476    0.65494530    2.00541962
A0A0V8RTX0_PYROC/1-121     1.83663771    2.47503413    1.91215645    2.10647624    2.03314477    2.13607302    1.90272013    2.28610422    1.84949394    0.60575476    0.00000000    0.68758047    2.17833713
A2BJS3_HYPBU/1-121     1.69835302    2.31131095    1.87400606    2.09865497    1.90179407    1.96741586    1.80511383    2.11446935    1.93728139    0.65494530    0.68758047    0.00000000    2.13729220
Q2NF72_METST/4-130     0.71650653    0.87161597    0.80387591    0.98543833    1.16308517    1.17266592    1.05125034    1.09156087    1.14660345    2.00541962    2.17833713    2.13729220    0.00000000

