16
A0A164KQ24_9NOCA/28-119     0.00000000    1.76185954    1.65689189    1.87335989    1.60540463    1.62258264    1.73279789    1.86544747    1.85785080    2.02165029    2.11350075    2.17586476    1.82359365    1.95564899    1.84260257    2.10646458
A0A0G3IWR8_9MYCO/4-96     1.76185954    0.00000000    0.36473756    0.49795286    0.41489495    0.32770802    1.36570905    1.56412584    1.66279209    2.06429296    2.12823209    2.25322371    2.12395883    1.92038760    1.88318360    1.82605138
A0R5E5_MYCS2/4-96     1.65689189    0.36473756    0.00000000    0.35613682    0.27472874    0.33964322    1.58492896    1.46015579    1.74992772    2.13675202    2.14048182    2.33808420    1.97636423    2.03371197    2.05840340    1.96831878
G7CFB9_MYCT3/4-96     1.87335989    0.49795286    0.35613682    0.00000000    0.38424058    0.45111479    1.62965826    1.77504684    1.85144976    2.24769701    2.32395464    2.17131519    2.13820979    1.95099059    2.17051577    2.09219893
A0A0D1L858_9MYCO/4-96     1.60540463    0.41489495    0.27472874    0.38424058    0.00000000    0.35859442    1.38797920    1.48716604    1.82800764    2.32465983    2.32269353    2.15019981    1.92627516    2.04383099    1.98359539    2.20055373
A1TG71_MYCVP/4-96     1.62258264    0.32770802    0.33964322    0.45111479    0.35859442    0.00000000    1.55968267    1.57759321    1.94532746    1.95760889    2.35010878    2.12836546    1.91824279    1.93463776    2.19117131    2.22131677
U5EFK1_NOCAS/4-98     1.73279789    1.36570905    1.58492896    1.62965826    1.38797920    1.55968267    0.00000000    1.51735036    1.81851663    1.99075011    2.08327811    1.92061919    2.03062832    1.79980761    1.44365067    1.69654814
A0A161XEQ6_9NOCA/5-98     1.86544747    1.56412584    1.46015579    1.77504684    1.48716604    1.57759321    1.51735036    0.00000000    1.67214384    1.86653884    1.89182135    2.32262840    1.79236989    1.62821320    2.01587984    2.21959101
M0QLQ4_9ACTN/4-106     1.85785080    1.66279209    1.74992772    1.85144976    1.82800764    1.94532746    1.81851663    1.67214384    0.00000000    1.50196224    2.06286621    2.16748878    1.90638834    2.64310340    2.17123695    2.14803620
V8D173_9NOCA/8-106     2.02165029    2.06429296    2.13675202    2.24769701    2.32465983    1.95760889    1.99075011    1.86653884    1.50196224    0.00000000    1.99370519    2.10942227    2.07169498    1.83968537    1.92213976    2.13324646
A0A0D0LI55_9NOCA/17-115     2.11350075    2.12823209    2.14048182    2.32395464    2.32269353    2.35010878    2.08327811    1.89182135    2.06286621    1.99370519    0.00000000    1.92702066    1.79915476    1.80875702    1.65182582    1.70831404
H6N221_GORPV/4-96     2.17586476    2.25322371    2.33808420    2.17131519    2.15019981    2.12836546    1.92061919    2.32262840    2.16748878    2.10942227    1.92702066    0.00000000    2.03602477    2.25301517    2.02942382    2.24855998
A0A059MG07_9NOCA/6-103     1.82359365    2.12395883    1.97636423    2.13820979    1.92627516    1.91824279    2.03062832    1.79236989    1.90638834    2.07169498    1.79915476    2.03602477    0.00000000    1.87767926    1.68777062    1.81494018
D0LFE5_GORB4/6-99     1.95564899    1.92038760    2.03371197    1.95099059    2.04383099    1.93463776    1.79980761    1.62821320    2.64310340    1.83968537    1.80875702    2.25301517    1.87767926    0.00000000    1.99612834    1.93271097
A0A164I8W3_9NOCA/5-99     1.84260257    1.88318360    2.05840340    2.17051577    1.98359539    2.19117131    1.44365067    2.01587984    2.17123695    1.92213976    1.65182582    2.02942382    1.68777062    1.99612834    0.00000000    0.53405221
W5T9E8_9NOCA/5-99     2.10646458    1.82605138    1.96831878    2.09219893    2.20055373    2.22131677    1.69654814    2.21959101    2.14803620    2.13324646    1.70831404    2.24855998    1.81494018    1.93271097    0.53405221    0.00000000

