10
Q9RTM8_DEIRA/138-219     0.00000000    0.90004279    0.85455595    1.33123280    1.06971764    1.42657219    1.39317098    0.77294711    0.47762940    0.88645809
A0A172T8K2_9DEIO/121-202     0.90004279    0.00000000    1.50251290    2.23846489    1.76522176    1.68362833    1.63038828    1.24388772    0.96250476    1.29619636
A0A0F7JU17_9DEIO/119-196     0.85455595    1.50251290    0.00000000    1.55000801    1.25844835    1.43483670    1.42265174    1.14245657    0.99107602    1.25093751
E4U4Z7_OCEP5/121-196     1.33123280    2.23846489    1.55000801    0.00000000    0.79841573    1.43933493    0.99304322    1.53354163    1.32712550    1.34716832
F2NKY0_MARHT/121-200     1.06971764    1.76522176    1.25844835    0.79841573    0.00000000    0.91759958    0.87048960    1.40688667    0.94860924    1.24544314
Q5SM78_THET8/119-202     1.42657219    1.68362833    1.43483670    1.43933493    0.91759958    0.00000000    0.92146054    1.58390676    1.29246498    1.51951509
D7BDP5_MEISD/142-217     1.39317098    1.63038828    1.42265174    0.99304322    0.87048960    0.92146054    0.00000000    1.36134914    1.44326789    1.27587950
H8GYW3_DEIGI/121-205     0.77294711    1.24388772    1.14245657    1.53354163    1.40688667    1.58390676    1.36134914    0.00000000    0.72503957    0.96851090
Q1J0Q7_DEIGD/121-201     0.47762940    0.96250476    0.99107602    1.32712550    0.94860924    1.29246498    1.44326789    0.72503957    0.00000000    0.68030258
C1CVY3_DEIDV/121-201     0.88645809    1.29619636    1.25093751    1.34716832    1.24544314    1.51951509    1.27587950    0.96851090    0.68030258    0.00000000

