10
Q2NHZ2_METST/155-232     0.00000000    0.87437532    0.76436689    1.08479310    1.60572002    1.81639600    1.43247577    1.94767195    1.89234679    2.10665506
A0A165ZQL6_9EURY/155-231     0.87437532    0.00000000    0.76152929    1.21822361    1.82404674    1.74574432    1.60316087    1.67099141    2.08567118    2.14688689
F0T905_METLA/155-232     0.76436689    0.76152929    0.00000000    0.96071343    1.43697131    1.70758624    1.51816950    1.95415646    1.85901256    2.22961415
E3GY74_METFV/155-230     1.08479310    1.21822361    0.96071343    0.00000000    1.26253762    1.79446838    1.60952838    1.64252489    1.41780749    1.90368757
FKBPL_METJA/152-221     1.60572002    1.82404674    1.43697131    1.26253762    0.00000000    0.70803046    0.85682574    1.28034815    1.27158856    1.64028436
D7DRN0_METV3/151-221     1.81639600    1.74574432    1.70758624    1.79446838    0.70803046    0.00000000    0.80257772    1.46460403    1.33354063    1.49936295
A6UX29_META3/152-223     1.43247577    1.60316087    1.51816950    1.60952838    0.85682574    0.80257772    0.00000000    1.40989124    1.52292038    1.84282891
E1QR17_VULDI/155-228     1.94767195    1.67099141    1.95415646    1.64252489    1.28034815    1.46460403    1.40989124    0.00000000    1.28770550    1.34805284
A0A0U3FM58_9CREN/156-221     1.89234679    2.08567118    1.85901256    1.41780749    1.27158856    1.33354063    1.52292038    1.28770550    0.00000000    1.11719604
A8A8J0_IGNH4/156-222     2.10665506    2.14688689    2.22961415    1.90368757    1.64028436    1.49936295    1.84282891    1.34805284    1.11719604    0.00000000

