63
F6QQ57_CIOIN/103-177     0.00000000    0.56974687    0.63456530    0.83402703    0.93362682    0.41603756    0.58727577    0.55206024    0.53344360    0.51741128    0.52639761    0.41807107    0.36532282    0.56797357    1.36786561    1.56841051    1.78975463    1.86085582    2.01226978    2.05663115    1.57599160    1.46272919    1.79983137    1.68705061    1.36151119    1.90608325    1.50368309    1.54589978    1.78275706    1.72490806    1.78976001    1.03662115    1.08696833    1.32812737    0.96158030    0.94872819    1.92629668    1.71127568    2.18276985    3.51851205    2.16527895    2.39166331    2.11314826    2.44460794    2.35462139    2.37291178    2.36841718    3.51289850    2.09304201    2.29564882    2.18208794    2.16140021    2.33878976    2.49479768    2.70684485    2.68972042    2.73713021    2.67515770    3.42450007    2.69116673    1.07049884    1.37722355    0.41253834
W5MTM8_LEPOC/102-176     0.56974687    0.00000000    0.60973926    0.74372074    0.79050532    0.55583318    0.70640824    0.58081836    0.58994710    0.55452530    0.66517492    0.61664294    0.49711337    0.74265445    1.44948012    1.38281560    1.48515769    1.61221174    1.50569931    1.67950768    1.72180414    1.66688120    2.08118977    1.81438350    1.65271543    2.13119177    1.84590731    1.61375542    1.88505986    1.79788670    2.13597444    1.05318211    1.10244267    1.45848938    1.02074680    1.15942696    2.08144044    1.89275483    2.23921359    4.40228501    2.87901230    2.68062369    2.48250836    2.55745047    2.48881806    2.58173183    3.03493129    3.95687630    2.64271133    2.82816044    2.74664724    2.23751019    2.31849278    2.17741577    2.73787871    2.74738047    2.62874466    2.68002454    3.58962177    2.73944465    1.16463500    1.43225049    0.63429233
W5L978_ASTMX/102-176     0.63456530    0.60973926    0.00000000    0.72697861    0.83850528    0.54676932    0.70806548    0.63554657    0.59070012    0.57912279    0.77371926    0.79473128    0.65948906    0.79696889    1.40713128    1.54958868    1.52346876    1.86761397    1.70599894    1.92608643    1.64396034    1.62435807    2.00989824    1.51073988    1.74808857    2.09504840    1.89249733    1.81258383    2.08067085    2.21387101    2.27029340    0.98096351    1.19773410    1.60469162    1.14113198    1.25614360    2.15172784    1.85065478    2.05627356    3.48309527    3.02732282    2.89662605    2.57135974    3.11660876    2.84157040    2.52985010    2.57696772    3.69154077    3.42766812    3.19230987    2.71060122    2.65929284    2.88084641    2.72227021    2.96186281    3.19591467    2.68612993    2.89078150    3.96079069    3.26110585    1.71541115    1.73396001    0.68627372
G3PQT0_GASAC/80-154     0.83402703    0.74372074    0.72697861    0.00000000    0.37826378    0.78965797    0.85926319    0.79220532    0.77990108    0.76742217    0.88590716    0.94120637    0.75510420    0.98985109    1.27776117    1.34203106    1.37784503    1.71710446    1.47670025    1.63416836    1.78020713    1.56162125    1.72031976    1.94914469    1.66742815    2.12478962    1.93771351    1.94112933    1.97138363    1.93026265    1.92642699    1.01871251    1.15589305    1.90829366    1.01174716    1.05902485    1.66980468    1.78128661    2.02365636    3.12077587    2.73860035    2.36047649    2.37383093    2.54120718    2.69823519    2.43703929    2.57642035    3.36251469    3.24857456    2.52372739    2.47560246    2.59243598    2.73631455    2.36773841    2.71202638    2.82218283    2.65885657    2.61339859    3.41791854    2.73895396    1.48573253    1.48335163    0.79340976
A0A087YFC8_POEFO/104-178     0.93362682    0.79050532    0.83850528    0.37826378    0.00000000    0.89762798    0.85326664    0.95174941    0.87791612    0.84610337    0.96006630    0.88752301    0.82326168    1.03171507    1.64553273    1.46510469    1.57916530    2.06409163    1.86449001    1.88384690    1.46430686    1.35769618    1.64022607    1.75338573    1.45468805    2.48227581    2.00457144    2.00936289    2.02693639    1.84487433    1.76784911    1.29838648    1.22630654    1.99667385    1.16830625    1.07011303    1.63802776    1.67389701    2.06853520    3.33443335    2.62144108    2.44329368    2.37194926    2.30024048    2.92683457    2.29213170    2.87160792    3.31516551    2.89444915    2.45317088    2.35590299    2.55709349    2.62605126    2.31736017    2.75243170    2.62275732    2.64237465    2.50673904    3.52939623    2.69802870    1.61119177    1.42383451    0.83696882
H3AX84_LATCH/103-177     0.41603756    0.55583318    0.54676932    0.78965797    0.89762798    0.00000000    0.53342899    0.52002129    0.44961530    0.42361200    0.58164168    0.57474903    0.45380809    0.54124903    1.28497704    1.48551417    1.65327662    1.70234429    1.78572238    1.92386452    1.58990650    1.41883295    1.67225997    1.70077206    1.45682428    1.86731454    1.65972977    1.66848126    1.77148603    1.72072635    1.76791106    1.01913531    1.32119245    1.47892576    0.98769321    1.00398699    2.10740825    1.88023972    2.16233673    4.06402736    2.46442199    2.64201025    2.44513957    2.63396242    2.75442225    2.11241128    2.57651076    3.97852249    2.50212568    2.71780738    2.47636351    2.22000950    2.55648476    2.75412602    2.91667113    2.72098748    2.61325495    2.72571158    3.15147180    3.01212796    1.34410162    1.54019200    0.46247426
F6UDG4_XENTR/99-173     0.58727577    0.70640824    0.70806548    0.85926319    0.85326664    0.53342899    0.00000000    0.49735702    0.53059349    0.52198416    0.58965134    0.64766306    0.61754930    0.69261706    1.28446311    1.29507479    1.47446291    1.73184247    1.68086501    1.78004411    1.52227904    1.26937215    1.56303115    1.46400259    1.27515523    1.97966273    1.49028951    1.72054022    1.89534448    1.80920771    1.98085192    0.98404434    1.21904462    1.51847731    0.81813735    0.83615430    2.16131116    2.10257856    2.03055371    3.17214091    2.32472826    2.52325026    2.09227834    2.35020986    2.40610131    2.27336655    2.80890284    3.57127209    2.44505175    2.54362960    2.65243780    2.60037211    2.53232990    2.71639891    3.24054094    3.16878886    3.23182071    2.97589563    3.64727609    2.68606911    1.38470079    1.65662350    0.54912663
G1KAY3_ANOCA/103-177     0.55206024    0.58081836    0.63554657    0.79220532    0.95174941    0.52002129    0.49735702    0.00000000    0.42674477    0.28573426    0.63645181    0.73286731    0.50556703    0.69841334    1.20190931    1.29413968    1.43617732    1.55371199    1.63356243    1.76669852    1.55266751    1.53438045    1.84294542    1.72476684    1.35840157    1.82274457    1.64309101    1.64108158    1.78414669    1.65191380    1.81719129    0.74347858    0.91694645    1.53722412    0.97631042    1.06373470    2.28674986    2.12531208    2.11620557    3.44415761    2.51144716    2.64472996    2.25703493    2.44313597    2.27637088    2.21133217    2.85757826    3.79052251    2.62115856    2.35441240    2.47864456    2.24537585    2.79059409    2.58190501    3.15612332    2.81280657    2.65637722    2.85084875    3.49211752    3.05862493    1.57130023    1.64763843    0.54413708
M3WZ97_FELCA/125-199     0.53344360    0.58994710    0.59070012    0.77990108    0.87791612    0.44961530    0.53059349    0.42674477    0.00000000    0.23752382    0.58270298    0.68346140    0.53530696    0.69004397    1.17256094    1.36210267    1.29034546    1.61627629    1.67917652    1.79154979    1.26220075    1.29838451    1.63564299    1.72905967    1.30078685    1.75425738    1.45956334    1.45968707    1.51568429    1.57080735    1.59819632    0.90515667    1.19912061    1.54399139    1.10709233    0.97703890    2.06379034    1.81474866    1.97216605    3.83046599    2.47989120    2.78580016    2.32432941    2.69843220    2.29077905    2.39539468    2.93552672    3.58244724    2.54487908    2.48531669    2.38867833    2.53869166    2.50502700    2.76820970    2.87626782    2.81122584    2.48363719    2.65128539    3.44751683    3.17092144    1.32548287    1.54675282    0.46908119
A0A096MMA8_PAPAN/103-177     0.51741128    0.55452530    0.57912279    0.76742217    0.84610337    0.42361200    0.52198416    0.28573426    0.23752382    0.00000000    0.59756241    0.70822484    0.47923360    0.62692567    1.14508191    1.13151736    1.34141166    1.57043211    1.49981259    1.64451487    1.38849802    1.36418496    1.64248390    1.64519344    1.36160269    2.02007837    1.55894934    1.57198030    1.72404178    1.75622807    1.75026584    0.80221195    1.12249024    1.50187904    1.03420357    0.95355989    1.99674012    2.08744207    1.99306133    3.81217386    2.61435531    2.63340668    2.48421440    2.57157952    2.68807748    2.25325394    2.67047793    4.03657801    2.70117984    2.42970598    2.47507128    2.58812669    2.76477307    2.61546202    3.08776995    2.80575713    2.57196469    2.72384885    3.61481903    3.47842584    1.57888673    1.59970377    0.47736276
K1Q9X3_CRAGI/104-178     0.52639761    0.66517492    0.77371926    0.88590716    0.96006630    0.58164168    0.58965134    0.63645181    0.58270298    0.59756241    0.00000000    0.37413787    0.37294976    0.53867017    1.36593087    1.42562725    1.69564331    1.84353807    2.01399069    2.04298776    1.82768298    1.70804990    1.86235475    1.87179492    1.73931217    1.96111673    1.66196330    1.70705688    1.73071783    1.97601487    1.97592252    1.24799957    1.56549456    1.41121535    0.80102538    0.75633763    2.06086103    1.97212646    2.14860977    3.59064709    2.18937446    2.56751478    2.24391966    2.16900446    1.95029189    2.26565935    2.42101335    3.57759684    2.50272789    2.23142735    2.26131690    2.07362326    2.27951809    2.49561953    2.52449486    2.28265397    2.61524584    2.42890805    2.98872719    2.55660333    1.10796492    1.47408641    0.48033738
V3Z0T0_LOTGI/104-178     0.41807107    0.61664294    0.79473128    0.94120637    0.88752301    0.57474903    0.64766306    0.73286731    0.68346140    0.70822484    0.37413787    0.00000000    0.47219397    0.57999951    1.64381941    1.39924694    1.66714005    1.70375390    1.91890883    1.94455859    1.59995479    1.53900644    1.74904122    1.80234399    1.55943984    1.88415914    1.82208965    1.57810671    1.78600150    1.87318647    1.85961510    1.14421845    1.29271184    1.12918322    0.84843367    0.72199811    1.91159750    1.76240083    2.10477107    3.83923168    2.18981982    2.92277515    2.41376707    2.16915242    1.95522414    2.41455819    2.83745824    3.52558086    2.37316776    2.26578900    2.50824024    2.20655395    2.58853916    2.67851584    2.67695443    2.77615700    3.07631237    2.83939139    3.40524311    2.87184240    1.11467691    1.30096829    0.49682214
C3XUW7_BRAFL/103-177     0.36532282    0.49711337    0.65948906    0.75510420    0.82326168    0.45380809    0.61754930    0.50556703    0.53530696    0.47923360    0.37294976    0.47219397    0.00000000    0.44381013    1.33975334    1.35552582    1.64169044    2.06730084    1.94830590    2.02917420    1.69199281    1.63554470    1.80155066    1.79400012    1.57210941    1.88291415    1.50522076    1.76861590    1.82711308    1.79938672    1.95917277    0.94506764    1.26442481    1.23860552    0.75433077    0.81251780    1.82567621    1.71193248    1.91907596    3.46101119    2.30490870    2.60154885    2.17222934    2.27363836    2.32681470    2.03389952    2.51234447    3.58508096    2.38678552    2.21464273    2.28536283    1.97002931    2.40541366    2.43211081    2.67310853    2.54549324    2.57526685    2.55281772    3.31632523    2.66754191    1.09151774    1.17216529    0.30375963
B3SBF1_TRIAD/99-173     0.56797357    0.74265445    0.79696889    0.98985109    1.03171507    0.54124903    0.69261706    0.69841334    0.69004397    0.62692567    0.53867017    0.57999951    0.44381013    0.00000000    1.32815804    1.56357755    2.02509737    2.15765212    1.97092133    2.06508532    2.03077230    1.82263041    2.08899961    2.02925793    1.70252627    2.07363733    1.77230667    2.10733465    2.02432949    2.28208464    2.20853890    1.10626986    1.34474143    1.29554684    0.69512015    0.94818595    1.65058699    1.86564098    2.04055768    3.42673040    1.79920321    2.61027852    2.35493749    2.39865098    2.43668630    2.03778650    2.69570878    3.36804283    2.32246026    2.15711285    2.42776860    1.97270009    2.25966783    2.65920023    2.37428158    2.50793008    2.33836123    2.41915132    3.29229835    2.79831047    1.15629048    1.17241807    0.48095303
A0A099ZMV0_TINGU/57-131     1.36786561    1.44948012    1.40713128    1.27776117    1.64553273    1.28497704    1.28446311    1.20190931    1.17256094    1.14508191    1.36593087    1.64381941    1.33975334    1.32815804    0.00000000    0.86571706    1.17144431    1.23261476    1.23840343    1.14200154    1.63555538    1.25343231    1.65823371    1.79924434    1.39924484    1.59870800    1.32915222    1.84599087    2.07331894    1.99162077    1.99975043    1.58897673    1.81937954    2.13498340    1.86494219    1.55437772    2.47777397    2.74025303    2.53962604    3.23181070    3.17689214    2.90562699    2.61070784    3.54183704    2.94326061    3.04910006    2.81982110    3.15536186    3.04596427    2.61016189    2.42744827    2.77259721    2.55625974    3.31640145    3.23399323    3.27941731    3.07666263    3.07959116    3.62978836    3.43671520    2.16054364    2.01391331    1.28551607
A0A091VAQ7_OPIHO/50-124     1.56841051    1.38281560    1.54958868    1.34203106    1.46510469    1.48551417    1.29507479    1.29413968    1.36210267    1.13151736    1.42562725    1.39924694    1.35552582    1.56357755    0.86571706    0.00000000    0.64559426    0.76340343    0.66893879    0.65219753    1.68213229    1.69729027    1.66727785    2.27292426    1.60057283    2.36461676    2.02159738    1.93662782    2.08155377    1.70265702    1.65989325    1.77949651    1.78773609    2.03844004    1.47383400    1.61352048    2.26985648    2.86720594    2.32113172    3.38118795    3.08855451    3.09980092    3.11667435    3.03690741    3.15850225    2.89160831    3.38245518    3.83580846    3.51873402    3.03057072    2.64566928    2.62787867    4.07586066    3.67013893    3.63581174    3.39728756    3.15656258    3.38735405    5.00720484    4.41571707    2.15261755    2.18955324    1.36914196
G3UQI7_MELGA/98-172     1.78975463    1.48515769    1.52346876    1.37784503    1.57916530    1.65327662    1.47446291    1.43617732    1.29034546    1.34141166    1.69564331    1.66714005    1.64169044    2.02509737    1.17144431    0.64559426    0.00000000    0.69713657    0.82449945    0.75286136    1.75683292    1.88220348    1.67323212    2.05695720    1.69491738    2.10149343    1.80138925    1.98957637    2.35197704    1.93986485    1.99510663    1.71161928    1.65812695    2.39675949    1.90215316    2.18677037    2.48301978    2.98616433    2.44596690    3.49127491    3.44452539    4.25551071    2.35330635    2.77804066    3.43956518    2.45302841    2.94108342    4.25823145    3.84900082    3.44802593    3.03998258    3.80564020    4.51745209    4.03185471    3.31819772    2.53743810    2.68776950    3.11696621    5.19507404    3.77072204    2.96538467    2.97356218    1.62372446
H9H1N6_MELGA/99-173     1.86085582    1.61221174    1.86761397    1.71710446    2.06409163    1.70234429    1.73184247    1.55371199    1.61627629    1.57043211    1.84353807    1.70375390    2.06730084    2.15765212    1.23261476    0.76340343    0.69713657    0.00000000    0.97805654    1.08716080    1.72460563    1.67536669    1.77738378    2.05848597    1.72189980    2.09897431    2.15563807    1.85482313    2.00322915    1.86582035    2.01372813    1.52984922    1.74857284    2.11813346    1.87211482    2.05624896    2.41705749    3.01821780    2.59701311    4.09008181    3.71604245    4.15487973    2.95595966    3.05318161    3.02721399    3.18714382    2.98954625    4.06452052    3.44576631    3.51328941    3.27977106    3.77714484    3.91664960    4.02440003    3.42465440    2.72753525    2.76394407    3.38048020    4.24700966    4.50260121    2.62021037    2.45400065    1.96340109
U3JWD7_FICAL/60-134     2.01226978    1.50569931    1.70599894    1.47670025    1.86449001    1.78572238    1.68086501    1.63356243    1.67917652    1.49981259    2.01399069    1.91890883    1.94830590    1.97092133    1.23840343    0.66893879    0.82449945    0.97805654    0.00000000    0.25676040    2.48839845    1.97631211    2.42711409    2.44825067    2.00422003    2.29572001    2.24849974    2.21812272    2.25647355    2.40853560    2.33520777    1.76743934    1.91661599    2.65069901    1.97038529    2.29662729    2.94056195    3.81720956    2.99387248    3.78284861    4.29444503    4.69796601    3.30100259    2.92059381    3.84807460    2.52280295    3.46103897    4.79868448    3.61156434    3.35626040    2.83313009    3.68608122    4.40275223    3.80324049    2.89217752    2.91781186    2.69284056    2.92121720    4.88681586    3.77001508    2.75362948    2.59637235    1.74114584
A0A093SW22_9PASS/56-130     2.05663115    1.67950768    1.92608643    1.63416836    1.88384690    1.92386452    1.78004411    1.76669852    1.79154979    1.64451487    2.04298776    1.94455859    2.02917420    2.06508532    1.14200154    0.65219753    0.75286136    1.08716080    0.25676040    0.00000000    2.19783043    1.97427833    2.16982467    2.53430449    1.82760059    2.16576928    2.00913314    2.11123023    2.30144146    2.16283576    2.01971182    1.74790056    1.71048978    2.48780241    2.17492571    2.13644571    2.43380356    3.82223417    3.05708575    3.70342408    3.90746191    4.14648212    2.91255229    3.05727751    3.81409081    2.77017325    3.15755588    4.12185391    3.29660928    3.02525718    2.52529655    3.64226532    3.81476944    3.47267545    2.90039147    2.67453251    2.53405897    2.88900091    4.33725718    3.52373481    2.80913139    2.48015650    1.74034699
U3K9X4_FICAL/83-157     1.57599160    1.72180414    1.64396034    1.78020713    1.46430686    1.58990650    1.52227904    1.55266751    1.26220075    1.38849802    1.82768298    1.59995479    1.69199281    2.03077230    1.63555538    1.68213229    1.75683292    1.72460563    2.48839845    2.19783043    0.00000000    0.54600436    0.68428803    1.06074448    0.60618746    1.43142406    1.11401863    1.52913610    1.77439189    1.51962043    1.55493574    1.60135594    1.68546657    1.70826742    2.27741216    1.87033381    2.18574513    2.01896583    2.31508776    3.81222831    3.32800592    2.87559461    2.70227633    3.51759428    3.83281858    2.61040595    2.84434711    3.31968604    2.90941216    3.09013984    2.44289937    3.09469235    3.04077401    3.53114327    2.87172177    2.65325513    2.80326655    2.93454998    3.57321003    4.84898719    2.66390610    2.39401883    1.64326014
A0A093G266_DRYPU/5-79     1.46272919    1.66688120    1.62435807    1.56162125    1.35769618    1.41883295    1.26937215    1.53438045    1.29838451    1.36418496    1.70804990    1.53900644    1.63554470    1.82263041    1.25343231    1.69729027    1.88220348    1.67536669    1.97631211    1.97427833    0.54600436    0.00000000    0.55036887    0.72515167    0.42459927    1.39276907    0.99642292    1.66748526    1.72904681    1.60321716    1.56327793    1.86026145    1.84329504    1.63658244    1.92240005    1.91079022    2.33940744    1.98779178    2.28872004    3.83148819    2.92181508    2.67063618    2.67456890    2.90595011    3.43046704    2.28793703    2.59965041    3.16645062    2.74854584    2.92595977    2.70098162    3.35235747    2.41875286    3.26308597    2.73732118    2.67122578    2.85384552    2.43329174    3.39241796    3.55653069    2.35649599    2.28986188    1.61288882
A0A091HVL4_CALAN/4-78     1.79983137    2.08118977    2.00989824    1.72031976    1.64022607    1.67225997    1.56303115    1.84294542    1.63564299    1.64248390    1.86235475    1.74904122    1.80155066    2.08899961    1.65823371    1.66727785    1.67323212    1.77738378    2.42711409    2.16982467    0.68428803    0.55036887    0.00000000    0.76741783    0.63238163    1.70824082    1.12719370    1.48853312    1.97412620    2.04796705    2.09357926    1.80558572    1.99876630    1.88601494    1.75883966    1.87356191    2.69682567    2.87448037    2.32309029    3.79659752    2.89956454    3.23247296    3.37452683    2.54042061    3.66801614    3.11360019    3.59215058    4.36248647    3.93280200    4.06540721    3.73517038    3.42440040    3.30634872    3.84203565    3.39529612    2.97333381    3.37196463    3.35059653    3.93354462    4.20302481    2.83107338    2.27525000    1.88240798
A0A091UR01_NIPNI/5-79     1.68705061    1.81438350    1.51073988    1.94914469    1.75338573    1.70077206    1.46400259    1.72476684    1.72905967    1.64519344    1.87179492    1.80234399    1.79400012    2.02925793    1.79924434    2.27292426    2.05695720    2.05848597    2.44825067    2.53430449    1.06074448    0.72515167    0.76741783    0.00000000    0.92889690    1.57434837    1.15421736    1.86488879    2.13342387    2.40914817    2.41179146    2.09818462    2.02369246    1.87046948    2.10531918    1.96522748    2.74216230    2.78536940    2.48989557    4.11217261    3.52755968    3.82287370    3.10188289    3.14374348    3.56552743    2.83868573    3.05489449    4.26951991    4.07231484    4.04010630    3.58951137    3.47461389    2.98857069    4.08277795    3.25263084    2.98287824    3.15151776    3.17628890    3.04151954    3.82896835    2.56723080    2.44247988    1.96366765
A0A091XWI1_OPIHO/5-79     1.36151119    1.65271543    1.74808857    1.66742815    1.45468805    1.45682428    1.27515523    1.35840157    1.30078685    1.36160269    1.73931217    1.55943984    1.57210941    1.70252627    1.39924484    1.60057283    1.69491738    1.72189980    2.00422003    1.82760059    0.60618746    0.42459927    0.63238163    0.92889690    0.00000000    1.47396215    1.12146748    1.68000565    1.93075158    1.79040302    1.76310703    1.49995317    1.74200549    1.56318592    1.94628568    1.73976481    2.40750768    2.42071809    2.72521344    3.94310979    3.09652471    3.11167022    2.38456511    2.26254468    3.14449474    2.62987496    2.91524698    3.20069844    2.62409107    2.85200438    2.68941656    2.87188832    2.68360339    3.18022356    2.66076747    2.45059138    2.68855487    2.45085018    3.43601270    3.90740875    2.41509572    2.38571726    1.59727930
A0A0Q3NS02_AMAAE/97-171     1.90608325    2.13119177    2.09504840    2.12478962    2.48227581    1.86731454    1.97966273    1.82274457    1.75425738    2.02007837    1.96111673    1.88415914    1.88291415    2.07363733    1.59870800    2.36461676    2.10149343    2.09897431    2.29572001    2.16576928    1.43142406    1.39276907    1.70824082    1.57434837    1.47396215    0.00000000    0.85704427    2.23092041    2.00471483    1.71411017    1.79945896    1.92465104    2.59080601    2.20061574    2.08039507    1.95840506    2.49455051    2.44066823    2.54544759    4.29708569    3.68579042    3.30084515    2.91008283    3.48516201    3.21939226    3.01092786    2.89285975    3.79642963    2.97929931    3.38585251    3.28323192    3.66749159    3.36412150    3.54058966    2.69085804    2.71311698    2.77207558    2.61143385    3.91366637    3.11279073    2.99967697    2.70664047    1.74891218
G1MTI7_MELGA/106-180     1.50368309    1.84590731    1.89249733    1.93771351    2.00457144    1.65972977    1.49028951    1.64309101    1.45956334    1.55894934    1.66196330    1.82208965    1.50522076    1.77230667    1.32915222    2.02159738    1.80138925    2.15563807    2.24849974    2.00913314    1.11401863    0.99642292    1.12719370    1.15421736    1.12146748    0.85704427    0.00000000    1.65625241    1.90738738    1.76310902    1.86538440    1.83010334    2.22045442    1.92801486    1.82764377    1.74208303    2.68521023    2.64421896    2.29361437    4.80538750    3.47806647    3.43484567    2.97142395    2.83636395    2.94995990    2.47470132    2.20409772    2.99553699    2.18642231    2.84548833    2.71272642    3.08476377    2.53811818    3.32609753    3.11604870    3.03094777    3.11850292    3.15154377    2.98372903    3.04824955    2.84409956    2.38616577    1.64288445
A0A091V0J6_NIPNI/10-84     1.54589978    1.61375542    1.81258383    1.94112933    2.00936289    1.66848126    1.72054022    1.64108158    1.45968707    1.57198030    1.70705688    1.57810671    1.76861590    2.10733465    1.84599087    1.93662782    1.98957637    1.85482313    2.21812272    2.11123023    1.52913610    1.66748526    1.48853312    1.86488879    1.68000565    2.23092041    1.65625241    0.00000000    0.44631493    0.59550703    0.66247763    2.00875019    2.06832342    1.88173735    1.88347574    1.66517993    2.62606650    2.45867901    3.07764852    3.57976684    3.55471242    4.03434092    2.64224680    2.26937471    2.92087344    2.66631200    3.28635322    3.19618350    2.73854841    2.43542150    2.22008594    3.26360514    2.51419472    3.07019094    2.93498603    2.72956477    2.78945645    3.06021908    3.23603430    4.73422930    3.00548371    2.47537221    1.73739659
A0A087RAH0_APTFO/9-83     1.78275706    1.88505986    2.08067085    1.97138363    2.02693639    1.77148603    1.89534448    1.78414669    1.51568429    1.72404178    1.73071783    1.78600150    1.82711308    2.02432949    2.07331894    2.08155377    2.35197704    2.00322915    2.25647355    2.30144146    1.77439189    1.72904681    1.97412620    2.13342387    1.93075158    2.00471483    1.90738738    0.44631493    0.00000000    0.75365777    0.68514209    2.04562202    2.22097299    2.07625958    2.18513930    1.94437900    3.42156639    3.67422168    4.04527157    3.57737908    3.67326877    3.93335957    3.00330369    2.84022851    3.07859246    2.95798536    4.12013155    4.62750002    2.96877887    2.77304927    2.63244849    3.73991315    3.45195307    3.70934793    2.75755971    3.03649355    2.92762870    2.91950279    3.19347361    3.99459355    2.96665672    2.80874614    1.77582729
A0A093Q8Q2_9PASS/8-82     1.72490806    1.79788670    2.21387101    1.93026265    1.84487433    1.72072635    1.80920771    1.65191380    1.57080735    1.75622807    1.97601487    1.87318647    1.79938672    2.28208464    1.99162077    1.70265702    1.93986485    1.86582035    2.40853560    2.16283576    1.51962043    1.60321716    2.04796705    2.40914817    1.79040302    1.71411017    1.76310902    0.59550703    0.75365777    0.00000000    0.27228651    2.19286991    2.47434469    2.64029222    2.29950349    2.10680915    3.10656128    2.87368604    3.54378636    3.53427337    3.14940809    3.88444766    3.01063863    2.81472231    3.49164292    3.04737070    3.30832981    3.09718446    2.72781308    2.82703611    2.34719225    3.92963604    3.42265839    3.78950007    3.40362090    3.51962377    3.47826951    3.38363348    3.05151865    3.95036749    3.29417936    2.82950826    1.78715977
U3KJV0_FICAL/10-84     1.78976001    2.13597444    2.27029340    1.92642699    1.76784911    1.76791106    1.98085192    1.81719129    1.59819632    1.75026584    1.97592252    1.85961510    1.95917277    2.20853890    1.99975043    1.65989325    1.99510663    2.01372813    2.33520777    2.01971182    1.55493574    1.56327793    2.09357926    2.41179146    1.76310703    1.79945896    1.86538440    0.66247763    0.68514209    0.27228651    0.00000000    2.24370042    2.47762494    2.56090465    2.35536682    2.13539876    2.94402748    2.84601662    3.46502789    3.60540084    3.33547147    4.82047635    2.95604603    2.60098724    3.88300986    3.04565531    3.42859615    3.59125426    2.63100878    2.68486679    2.45658595    4.09940167    3.17597389    3.52647677    3.03982015    3.07434871    2.95960566    3.00696754    3.58216565    4.44215788    3.57034966    2.77174668    1.94828385
A0A151MVQ1_ALLMI/395-469     1.03662115    1.05318211    0.98096351    1.01871251    1.29838648    1.01913531    0.98404434    0.74347858    0.90515667    0.80221195    1.24799957    1.14421845    0.94506764    1.10626986    1.58897673    1.77949651    1.71161928    1.52984922    1.76743934    1.74790056    1.60135594    1.86026145    1.80558572    2.09818462    1.49995317    1.92465104    1.83010334    2.00875019    2.04562202    2.19286991    2.24370042    0.00000000    0.76057828    1.51002565    1.30616608    1.17879432    2.31804634    2.40743373    2.39447916    2.80823981    2.49637718    2.41862637    2.32434413    2.23491045    2.51302104    3.13922351    2.98993089    4.21056402    3.00526522    3.18993304    2.61574728    3.33333218    3.47384844    2.66332898    2.94009068    2.75145412    2.83187476    2.91198824    4.21803440    3.58234680    2.02583582    1.78817728    1.11606573
A0A151M3X8_ALLMI/102-176     1.08696833    1.10244267    1.19773410    1.15589305    1.22630654    1.32119245    1.21904462    0.91694645    1.19912061    1.12249024    1.56549456    1.29271184    1.26442481    1.34474143    1.81937954    1.78773609    1.65812695    1.74857284    1.91661599    1.71048978    1.68546657    1.84329504    1.99876630    2.02369246    1.74200549    2.59080601    2.22045442    2.06832342    2.22097299    2.47434469    2.47762494    0.76057828    0.00000000    1.78651722    1.53671808    1.64507710    2.13775240    2.28051751    2.22343171    3.55283636    2.59087423    3.30187048    2.46812633    2.71148501    3.23428035    2.82105127    2.90405941    3.98436757    3.33210081    2.57405307    2.59946601    3.02990456    2.91721645    2.93919593    2.62884109    2.49184949    2.53240267    2.58682339    4.21910446    3.65391992    1.69039727    2.17084149    1.26260575
A0A183VTV4_TRIRE/16-90     1.32812737    1.45848938    1.60469162    1.90829366    1.99667385    1.47892576    1.51847731    1.53722412    1.54399139    1.50187904    1.41121535    1.12918322    1.23860552    1.29554684    2.13498340    2.03844004    2.39675949    2.11813346    2.65069901    2.48780241    1.70826742    1.63658244    1.88601494    1.87046948    1.56318592    2.20061574    1.92801486    1.88173735    2.07625958    2.64029222    2.56090465    1.51002565    1.78651722    0.00000000    1.43167479    1.39030696    2.25408056    2.07898794    2.76761253    3.02340481    3.03307025    3.02626132    2.81604922    2.19633755    2.29418471    2.64710252    2.69552007    3.69794699    2.73179263    2.26410745    2.49575679    2.75546290    2.20504213    2.64587989    2.30755142    2.41296657    2.84718672    2.56702196    2.79899995    3.78334141    1.94720102    1.62901700    1.25088862
A0A1X7U8L2_AMPQE/103-177     0.96158030    1.02074680    1.14113198    1.01174716    1.16830625    0.98769321    0.81813735    0.97631042    1.10709233    1.03420357    0.80102538    0.84843367    0.75433077    0.69512015    1.86494219    1.47383400    1.90215316    1.87211482    1.97038529    2.17492571    2.27741216    1.92240005    1.75883966    2.10531918    1.94628568    2.08039507    1.82764377    1.88347574    2.18513930    2.29950349    2.35536682    1.30616608    1.53671808    1.43167479    0.00000000    0.90667160    1.82560093    2.02145932    1.98916470    3.72390466    2.13918232    2.73975994    1.98601107    1.91060327    2.42244649    1.98915374    2.36727292    3.06764873    2.62387626    2.53761627    2.45660019    2.33908052    2.49814915    2.56558240    2.51239265    2.59285766    2.74519854    2.68089433    3.15830334    2.67275798    1.46436418    1.36061957    0.76533161
A0A0L8FLJ1_OCTBM/4-78     0.94872819    1.15942696    1.25614360    1.05902485    1.07011303    1.00398699    0.83615430    1.06373470    0.97703890    0.95355989    0.75633763    0.72199811    0.81251780    0.94818595    1.55437772    1.61352048    2.18677037    2.05624896    2.29662729    2.13644571    1.87033381    1.91079022    1.87356191    1.96522748    1.73976481    1.95840506    1.74208303    1.66517993    1.94437900    2.10680915    2.13539876    1.17879432    1.64507710    1.39030696    0.90667160    0.00000000    1.68359198    2.28069240    2.32170058    3.22656220    2.54378572    2.58288242    2.23224750    2.59615888    2.21411126    2.14125435    2.87788294    3.37795464    2.44299694    2.76540157    2.47704282    2.36525104    2.26913911    2.09886761    2.82304605    2.90423274    3.21066702    2.90815590    3.40025754    3.82840313    1.43800032    1.35899821    0.83089980
F4P9X6_BATDJ/99-173     1.92629668    2.08144044    2.15172784    1.66980468    1.63802776    2.10740825    2.16131116    2.28674986    2.06379034    1.99674012    2.06086103    1.91159750    1.82567621    1.65058699    2.47777397    2.26985648    2.48301978    2.41705749    2.94056195    2.43380356    2.18574513    2.33940744    2.69682567    2.74216230    2.40750768    2.49455051    2.68521023    2.62606650    3.42156639    3.10656128    2.94402748    2.31804634    2.13775240    2.25408056    1.82560093    1.68359198    0.00000000    1.24057470    1.85515584    2.73771072    2.25885363    2.05027622    1.95369676    2.25187696    2.55645851    2.78161291    2.88183781    3.44144754    2.83763400    2.86226718    2.57212014    2.70494172    2.44297404    2.80459188    2.35638550    2.36758017    2.44510647    2.54017157    4.09993630    3.25264244    1.87130615    1.98791132    1.64271175
A0A0L0H8H5_SPIPD/105-179     1.71127568    1.89275483    1.85065478    1.78128661    1.67389701    1.88023972    2.10257856    2.12531208    1.81474866    2.08744207    1.97212646    1.76240083    1.71193248    1.86564098    2.74025303    2.86720594    2.98616433    3.01821780    3.81720956    3.82223417    2.01896583    1.98779178    2.87448037    2.78536940    2.42071809    2.44066823    2.64421896    2.45867901    3.67422168    2.87368604    2.84601662    2.40743373    2.28051751    2.07898794    2.02145932    2.28069240    1.24057470    0.00000000    1.85654295    2.76934640    2.08464816    2.15327615    2.11844389    2.34816236    2.53786491    3.26837686    2.37529542    2.65223597    2.79212204    2.59528169    3.23547694    3.00563680    2.32341010    2.97863132    2.91922024    3.02492285    3.16546085    3.00450968    3.88688375    3.62537124    2.03467227    1.88194516    1.61401310
A4IDT3_LEIIN/121-196     2.18276985    2.23921359    2.05627356    2.02365636    2.06853520    2.16233673    2.03055371    2.11620557    1.97216605    1.99306133    2.14860977    2.10477107    1.91907596    2.04055768    2.53962604    2.32113172    2.44596690    2.59701311    2.99387248    3.05708575    2.31508776    2.28872004    2.32309029    2.48989557    2.72521344    2.54544759    2.29361437    3.07764852    4.04527157    3.54378636    3.46502789    2.39447916    2.22343171    2.76761253    1.98916470    2.32170058    1.85515584    1.85654295    0.00000000    2.96171358    2.53188308    3.53841907    2.72531334    2.98918015    3.67910132    1.91592060    2.47086945    3.37328900    3.20075745    2.88073208    2.96517326    3.66764434    3.40250351    3.67739949    2.75853297    2.75114967    2.45018090    2.78757533    3.61882428    4.14860131    2.36298414    2.80219990    1.79116316
A0A0G4ESC5_VITBC/411-487     3.51851205    4.40228501    3.48309527    3.12077587    3.33443335    4.06402736    3.17214091    3.44415761    3.83046599    3.81217386    3.59064709    3.83923168    3.46101119    3.42673040    3.23181070    3.38118795    3.49127491    4.09008181    3.78284861    3.70342408    3.81222831    3.83148819    3.79659752    4.11217261    3.94310979    4.29708569    4.80538750    3.57976684    3.57737908    3.53427337    3.60540084    2.80823981    3.55283636    3.02340481    3.72390466    3.22656220    2.73771072    2.76934640    2.96171358    0.00000000    2.31773145    1.97495650    3.46668700    3.07618555    3.10074601    3.57470004    4.36982798    4.33787860    3.58455538    3.07996771    3.08258847    5.43097077    3.53230620    3.09439619    3.11107730    3.29067376    3.43531085    3.00476976    3.49948857    2.78813456    4.06906091    3.60755740    2.94381115
A0CDE3_PARTE/138-211     2.16527895    2.87901230    3.02732282    2.73860035    2.62144108    2.46442199    2.32472826    2.51144716    2.47989120    2.61435531    2.18937446    2.18981982    2.30490870    1.79920321    3.17689214    3.08855451    3.44452539    3.71604245    4.29444503    3.90746191    3.32800592    2.92181508    2.89956454    3.52755968    3.09652471    3.68579042    3.47806647    3.55471242    3.67326877    3.14940809    3.33547147    2.49637718    2.59087423    3.03307025    2.13918232    2.54378572    2.25885363    2.08464816    2.53188308    2.31773145    0.00000000    1.33411296    2.66570139    2.28024463    2.59892331    2.64057741    3.55114452    3.18632190    3.14611194    3.03365562    2.99652775    2.91462301    3.42618890    4.15845722    2.62966171    2.49230257    2.58068047    2.72418985    4.25636999    2.96672879    2.24328326    2.58003949    1.82967831
G0QR18_ICHMG/145-218     2.39166331    2.68062369    2.89662605    2.36047649    2.44329368    2.64201025    2.52325026    2.64472996    2.78580016    2.63340668    2.56751478    2.92277515    2.60154885    2.61027852    2.90562699    3.09980092    4.25551071    4.15487973    4.69796601    4.14648212    2.87559461    2.67063618    3.23247296    3.82287370    3.11167022    3.30084515    3.43484567    4.03434092    3.93335957    3.88444766    4.82047635    2.41862637    3.30187048    3.02626132    2.73975994    2.58288242    2.05027622    2.15327615    3.53841907    1.97495650    1.33411296    0.00000000    3.03675594    2.13996732    2.86637270    4.33138518    3.86895325    3.51031804    4.01054724    3.75337572    3.73571811    3.86719996    4.74543380    4.40178892    4.05647472    3.80853896    3.76849262    4.23055410    4.90679751    3.02366321    2.71047315    2.98694815    2.40771945
A0A067BSZ3_SAPPC/101-177     2.11314826    2.48250836    2.57135974    2.37383093    2.37194926    2.44513957    2.09227834    2.25703493    2.32432941    2.48421440    2.24391966    2.41376707    2.17222934    2.35493749    2.61070784    3.11667435    2.35330635    2.95595966    3.30100259    2.91255229    2.70227633    2.67456890    3.37452683    3.10188289    2.38456511    2.91008283    2.97142395    2.64224680    3.00330369    3.01063863    2.95604603    2.32434413    2.46812633    2.81604922    1.98601107    2.23224750    1.95369676    2.11844389    2.72531334    3.46668700    2.66570139    3.03675594    0.00000000    1.77976771    2.76936622    2.64971449    2.19856561    2.40906996    2.45315290    2.24058048    2.06167134    2.66621097    3.09504383    2.84707399    2.66752536    2.55602851    2.76108872    2.55667428    3.15083305    2.56763729    2.40167718    2.64937172    2.14573901
D2VFT1_NAEGR/172-247     2.44460794    2.55745047    3.11660876    2.54120718    2.30024048    2.63396242    2.35020986    2.44313597    2.69843220    2.57157952    2.16900446    2.16915242    2.27363836    2.39865098    3.54183704    3.03690741    2.77804066    3.05318161    2.92059381    3.05727751    3.51759428    2.90595011    2.54042061    3.14374348    2.26254468    3.48516201    2.83636395    2.26937471    2.84022851    2.81472231    2.60098724    2.23491045    2.71148501    2.19633755    1.91060327    2.59615888    2.25187696    2.34816236    2.98918015    3.07618555    2.28024463    2.13996732    1.77976771    0.00000000    2.41239287    3.52751762    2.38935010    2.84896569    2.73957234    2.77119311    2.88194932    2.04380389    3.03595684    2.98742949    2.98920313    2.84591753    2.96765779    3.11267063    3.14170368    2.70450734    2.62801296    2.62123383    2.12663334
