9
A0A098GH05_TATMI/38-325     0.00000000    0.97493228    0.82194512    1.01568176    0.93377445    2.17598647    2.09290077    2.06656607    2.18478401
A0A098G7K4_9GAMM/38-331     0.97493228    0.00000000    0.81793513    0.93964710    0.99452137    2.23506314    2.18116688    1.99927780    2.14873480
A0A078KTX4_9GAMM/37-326     0.82194512    0.81793513    0.00000000    0.68610085    0.92290098    2.15860588    2.14396668    1.98949381    2.11774720
A0A0W0ZY72_9GAMM/173-458     1.01568176    0.93964710    0.68610085    0.00000000    0.91075681    2.32775128    2.24218039    2.07852480    2.22124271
G9EIQ5_9GAMM/29-322     0.93377445    0.99452137    0.92290098    0.91075681    0.00000000    2.12903512    2.05080133    1.97203193    1.99211720
A0A0W0VLF0_9GAMM/23-296     2.17598647    2.23506314    2.15860588    2.32775128    2.12903512    0.00000000    0.51630459    0.50886670    0.48311508
A0A0W0VC51_9GAMM/21-301     2.09290077    2.18116688    2.14396668    2.24218039    2.05080133    0.51630459    0.00000000    0.54446253    0.58354760
A0A0W0VJH6_9GAMM/23-307     2.06656607    1.99927780    1.98949381    2.07852480    1.97203193    0.50886670    0.54446253    0.00000000    0.42337525
Q5ZWE8_LEGPH/26-304     2.18478401    2.14873480    2.11774720    2.22124271    1.99211720    0.48311508    0.58354760    0.42337525    0.00000000

