6
F8L247_PARAV/249-401     0.00000000    0.74417552    0.85506651    0.86871082    0.80291019    2.16878253
A0A090E0C4_9BACT/251-403     0.74417552    0.00000000    0.82690759    0.83736923    0.86367818    2.39204700
D6YT85_WADCW/230-381     0.85506651    0.82690759    0.00000000    0.91715040    0.80128671    2.34564541
Q6MEU1_PARUW/282-434     0.86871082    0.83736923    0.91715040    0.00000000    0.28190462    2.19727714
A0A0U5JAE2_9BACT/289-441     0.80291019    0.86367818    0.80128671    0.28190462    0.00000000    1.93648998
Y616_CHLTR/266-417     2.16878253    2.39204700    2.34564541    2.19727714    1.93648998    0.00000000

