39
A6VL37_ACTSZ/24-276     0.00000000    0.30972928    0.37941231    0.31519786    0.41339920    0.55753033    0.79902183    0.99996314    0.89013030    0.96229210    0.93643144    1.17804062    1.08380928    1.05284662    1.13708047    1.25783477    1.11354127    1.10380763    1.15150666    1.25739580    0.82939770    0.89163376    0.75779113    0.98878541    0.88163835    0.88393027    0.94763218    0.88120173    0.72942747    0.55483081    0.54150058    0.54560392    0.54865130    0.52978311    0.56280576    0.62626685    0.51022688    0.38204983    0.47922371
A0A0J5P214_9PAST/23-274     0.30972928    0.00000000    0.32586697    0.30227984    0.41835872    0.55659232    0.80439235    0.92399193    0.91505846    1.01625192    0.94670869    1.22160499    1.16750777    1.05164203    1.15678067    1.23175869    1.09451665    1.11113558    1.14088193    1.13423493    0.85261446    0.81557838    0.78710825    0.93836341    0.84551233    0.89630347    0.97074500    0.96655279    0.73977082    0.50051678    0.48922928    0.51109361    0.48411779    0.48845956    0.55566430    0.56779570    0.45295786    0.39564709    0.43271681
A0A1T0AV47_9PAST/22-274     0.37941231    0.32586697    0.00000000    0.31891733    0.38823418    0.59435886    0.84798229    0.99365458    0.87950682    1.04555158    0.98124450    1.25765469    1.22716436    1.10747461    1.16281638    1.21226373    1.14244753    1.08043416    1.11850767    1.23817026    0.89225016    0.84458008    0.83035142    0.95938067    0.89493908    0.91968871    1.01145786    0.96563378    0.78383521    0.43407517    0.46070535    0.53981631    0.49390977    0.49378976    0.53845405    0.55702143    0.43248445    0.42962759    0.45459062
M4R445_BIBTR/28-279     0.31519786    0.30227984    0.31891733    0.00000000    0.32525237    0.60145729    0.81771354    0.90103964    0.86112486    0.95974165    0.98725465    1.14076631    1.08533226    1.05439619    1.14699695    1.18011790    1.13751788    1.11973956    1.11739194    1.16989017    0.88380750    0.87439076    0.68877164    0.86185810    0.82408004    0.88828700    0.99602937    0.87149669    0.79691190    0.52117071    0.51976166    0.52038032    0.51951565    0.48901941    0.53478662    0.58292012    0.49108139    0.38900754    0.49433068
B8F835_HAEPS/24-277     0.41339920    0.41835872    0.38823418    0.32525237    0.00000000    0.64601597    0.90087764    1.02089436    0.91338233    1.07942787    1.03373440    1.19694735    1.10235331    1.04505395    1.10979540    1.28272317    1.16717377    1.11180388    1.16239889    1.18548150    0.91594313    0.91281085    0.74007713    0.94863397    0.89798822    0.96857894    1.09700467    1.04019753    0.81838695    0.60873713    0.61060771    0.60861441    0.57792934    0.60378991    0.59252913    0.68494809    0.55560119    0.50503101    0.49285157
C4LE49_TOLAT/24-273     0.55753033    0.55659232    0.59435886    0.60145729    0.64601597    0.00000000    0.71722956    0.94968082    0.92844544    1.02049954    0.95303047    1.11448900    1.06291297    1.05564398    1.03567618    1.15001737    1.09557055    1.08999447    1.06693535    1.09540105    0.77996040    0.86602065    0.68233147    0.81068436    0.76151239    0.78762461    0.84373320    0.86714650    0.75123585    0.59300064    0.59928101    0.64820081    0.62437779    0.62154882    0.65602511    0.67398751    0.66460792    0.57736075    0.62418488
A0A1N6VB65_9GAMM/27-278     0.79902183    0.80439235    0.84798229    0.81771354    0.90087764    0.71722956    0.00000000    1.08241182    0.94885943    1.11012990    1.17490669    1.28333874    1.32446130    1.23726791    1.34958510    1.29992417    1.32681535    1.18301427    1.20772186    1.35808192    1.01988917    1.08746322    0.90979480    0.90129714    0.94206912    0.94511777    0.89083671    0.97343294    1.00442640    0.80453945    0.78241925    0.77544269    0.79748949    0.74815421    0.81213114    0.69147793    0.85775657    0.76713934    0.94403602
Q31F85_HYDCU/29-281     0.99996314    0.92399193    0.99365458    0.90103964    1.02089436    0.94968082    1.08241182    0.00000000    0.94763916    1.04967998    0.99799242    1.10860542    1.22102561    1.10923843    1.10113125    1.26936851    1.11950787    1.17055053    1.06400987    1.21148973    1.01739549    1.16507532    1.00093176    1.06057823    1.07384593    1.10215553    1.16890299    1.14854397    1.09399887    0.90795317    0.95474857    0.95434694    0.89600875    0.94141378    1.00124791    0.92343369    0.87494096    0.91270838    1.00652711
A0A091AM02_9PROT/25-275     0.89013030    0.91505846    0.87950682    0.86112486    0.91338233    0.92844544    0.94885943    0.94763916    0.00000000    0.71160425    0.71386745    1.04620175    1.05112919    1.08703681    1.08139422    1.19598621    1.11673023    0.96074014    1.12309292    1.23480109    0.89155963    1.03401164    0.84868936    0.95233492    0.84742920    0.97491963    0.97630605    0.91180765    0.98381112    0.78238009    0.76883532    0.80269005    0.83996550    0.76552327    0.84023837    0.87008958    0.93933340    0.82080322    0.93970514
E0UQ09_SULAO/25-281     0.96229210    1.01625192    1.04555158    0.95974165    1.07942787    1.02049954    1.11012990    1.04967998    0.71160425    0.00000000    0.51676577    0.91820157    1.06962045    0.97473352    1.05577909    1.09502710    1.00910677    1.00001209    1.01403112    1.16077549    0.95023973    1.08953377    0.92381550    1.10378311    1.02202350    1.15478557    1.21778638    1.24384360    1.08001576    0.94363566    0.91086264    0.95653887    1.02249627    0.89195005    1.00255817    0.91348084    1.00455494    1.07989604    1.08481652
Q30QE6_SULDN/25-277     0.93643144    0.94670869    0.98124450    0.98725465    1.03373440    0.95303047    1.17490669    0.99799242    0.71386745    0.51676577    0.00000000    0.98193079    1.06472089    1.03345885    1.00300892    1.25772545    1.02475598    1.00580814    0.90571103    1.03881161    0.96839960    1.01464677    0.97387939    1.13200990    0.96403273    1.13131274    1.15373627    1.09836955    1.08107159    0.92623308    0.95699723    0.89800343    0.93483047    0.90032031    1.03243433    1.01098865    0.93913926    0.98561397    1.07817518
A0A268TZT8_9HELI/22-272     1.17804062    1.22160499    1.25765469    1.14076631    1.19694735    1.11448900    1.28333874    1.10860542    1.04620175    0.91820157    0.98193079    0.00000000    0.55406070    0.48442794    0.57376756    0.80610301    0.69028601    0.62589439    0.70430084    1.24031968    1.11938898    1.24973049    0.97879645    1.09287685    1.04653540    1.18880262    1.06737455    1.05954785    1.24574814    1.15489755    1.16751322    1.18166526    1.20626800    1.12264508    1.19754500    1.12901175    1.27247931    1.21684278    1.28726396
A0A099TY23_9HELI/23-272     1.08380928    1.16750777    1.22716436    1.08533226    1.10235331    1.06291297    1.32446130    1.22102561    1.05112919    1.06962045    1.06472089    0.55406070    0.00000000    0.37371462    0.50240773    0.81582113    0.74406641    0.59089757    0.75378130    1.28674908    1.07822673    1.24301186    1.03142447    1.16564281    1.24664368    1.10917584    1.22107185    1.21352743    1.26164604    1.20728402    1.20766045    1.27962512    1.22589754    1.17576791    1.20069076    1.18955362    1.20617618    1.22804714    1.24548789
A0A4U8U5S0_9HELI/22-271     1.05284662    1.05164203    1.10747461    1.05439619    1.04505395    1.05564398    1.23726791    1.10923843    1.08703681    0.97473352    1.03345885    0.48442794    0.37371462    0.00000000    0.40193264    0.81282425    0.73676596    0.57453264    0.72683067    1.22934536    1.10054441    1.15549438    0.99288266    1.14863235    1.14309592    1.25027954    1.18464600    1.19011832    1.25456313    1.15071581    1.19906799    1.30594000    1.24063155    1.14797346    1.13923832    1.10786364    1.13327946    1.12293002    1.17145868
A0A347VN91_9HELI/22-271     1.13708047    1.15678067    1.16281638    1.14699695    1.10979540    1.03567618    1.34958510    1.10113125    1.08139422    1.05577909    1.00300892    0.57376756    0.50240773    0.40193264    0.00000000    0.89375282    0.81294242    0.69944201    0.77157149    1.29567062    1.20664117    1.19170458    1.08076045    1.27012942    1.20486473    1.23959639    1.30135163    1.19359791    1.34236040    1.11233422    1.22054700    1.21380007    1.25030690    1.17348722    1.14429074    1.12979820    1.21233531    1.23801787    1.24252971
D3UFM6_HELM1/22-272     1.25783477    1.23175869    1.21226373    1.18011790    1.28272317    1.15001737    1.29992417    1.26936851    1.19598621    1.09502710    1.25772545    0.80610301    0.81582113    0.81282425    0.89375282    0.00000000    0.84896008    0.78407052    0.92103265    1.37724588    1.28266840    1.22851300    1.18621350    1.33150291    1.29507529    1.34568014    1.32655778    1.47777213    1.30971069    1.23644418    1.23138267    1.31993008    1.32042704    1.10707825    1.26992161    1.23362495    1.26673017    1.26420830    1.30206502
T1CZ25_9HELI/46-295     1.11354127    1.09451665    1.14244753    1.13751788    1.16717377    1.09557055    1.32681535    1.11950787    1.11673023    1.00910677    1.02475598    0.69028601    0.74406641    0.73676596    0.81294242    0.84896008    0.00000000    0.63371763    0.83219710    1.17921569    1.12399902    1.25303107    1.12349036    1.18170625    1.11378528    1.26472267    1.26593634    1.35381239    1.29711279    1.09450875    1.08353505    1.13184295    1.04964747    1.08298460    1.17280085    1.18638179    1.18114616    1.22158536    1.19706711
A0A268TA62_9HELI/22-273     1.10380763    1.11113558    1.08043416    1.11973956    1.11180388    1.08999447    1.18301427    1.17055053    0.96074014    1.00001209    1.00580814    0.62589439    0.59089757    0.57453264    0.69944201    0.78407052    0.63371763    0.00000000    0.65587170    1.19643376    1.15005987    1.13174230    1.02639728    1.15810760    1.07539278    1.28017495    1.13462544    1.23372999    1.22820497    1.05423282    1.11678791    1.22057066    1.04972916    1.10996660    1.21974154    1.13892404    1.11448392    1.15974340    1.24080985
A0A1X9SQ52_9PROT/22-271     1.15150666    1.14088193    1.11850767    1.11739194    1.16239889    1.06693535    1.20772186    1.06400987    1.12309292    1.01403112    0.90571103    0.70430084    0.75378130    0.72683067    0.77157149    0.92103265    0.83219710    0.65587170    0.00000000    1.31971071    1.05036866    1.18609361    1.19301438    1.34761919    1.13860728    1.42817266    1.37049060    1.33318678    1.27981811    1.03067693    1.10956530    1.16656161    1.09643464    1.11674094    1.19963939    1.17433995    1.14750906    1.21184655    1.29605114
D5V7M3_ARCNC/32-279     1.25739580    1.13423493    1.23817026    1.16989017    1.18548150    1.09540105    1.35808192    1.21148973    1.23480109    1.16077549    1.03881161    1.24031968    1.28674908    1.22934536    1.29567062    1.37724588    1.17921569    1.19643376    1.31971071    0.00000000    1.13537228    1.18784975    1.16814655    1.14061468    1.06652698    1.21630545    1.24529331    1.15840214    1.21723662    1.15834295    1.15683373    1.28466094    1.23941905    1.13476641    1.27055075    1.21810429    1.28604799    1.24884123    1.23038753
A0A1Y6J146_9VIBR/25-267     0.82939770    0.85261446    0.89225016    0.88380750    0.91594313    0.77996040    1.01988917    1.01739549    0.89155963    0.95023973    0.96839960    1.11938898    1.07822673    1.10054441    1.20664117    1.28266840    1.12399902    1.15005987    1.05036866    1.13537228    0.00000000    0.78058807    0.91696656    1.06395305    0.92304032    1.07950047    1.06697968    1.17791840    1.12214617    0.86263527    0.82544750    0.79705421    0.87523268    0.85293429    0.92963349    0.91651033    0.98177221    0.93093241    0.99195131
A0A1M5ZJW0_9VIBR/24-266     0.89163376    0.81557838    0.84458008    0.87439076    0.91281085    0.86602065    1.08746322    1.16507532    1.03401164    1.08953377    1.01464677    1.24973049    1.24301186    1.15549438    1.19170458    1.22851300    1.25303107    1.13174230    1.18609361    1.18784975    0.78058807    0.00000000    1.06767876    1.01005400    1.03586488    1.14711449    1.12811123    1.15520497    1.06630928    1.00683248    1.06655290    1.01430627    0.95892542    0.90110203    1.03429650    0.93340849    0.88969517    0.97357764    1.08393011
E1WXN4_HALMS/24-273     0.75779113    0.78710825    0.83035142    0.68877164    0.74007713    0.68233147    0.90979480    1.00093176    0.84868936    0.92381550    0.97387939    0.97879645    1.03142447    0.99288266    1.08076045    1.18621350    1.12349036    1.02639728    1.19301438    1.16814655    0.91696656    1.06767876    0.00000000    0.78998499    0.70042934    0.79769289    0.73433470    0.81135599    0.77122595    0.69327676    0.70454190    0.76320157    0.69164559    0.71704306    0.72270705    0.74880727    0.76265839    0.76576172    0.83331050
I0XB57_9SPIO/26-284     0.98878541    0.93836341    0.95938067    0.86185810    0.94863397    0.81068436    0.90129714    1.06057823    0.95233492    1.10378311    1.13200990    1.09287685    1.16564281    1.14863235    1.27012942    1.33150291    1.18170625    1.15810760    1.34761919    1.14061468    1.06395305    1.01005400    0.78998499    0.00000000    0.45858326    0.65599291    0.55697166    0.61162410    0.98411643    0.77679498    0.86320244    0.91166127    0.90319372    0.91100343    0.85032843    0.80117952    0.91388948    1.00709505    1.00173028
E8LJG9_SUCHY/26-278     0.88163835    0.84551233    0.89493908    0.82408004    0.89798822    0.76151239    0.94206912    1.07384593    0.84742920    1.02202350    0.96403273    1.04653540    1.24664368    1.14309592    1.20486473    1.29507529    1.11378528    1.07539278    1.13860728    1.06652698    0.92304032    1.03586488    0.70042934    0.45858326    0.00000000    0.56849620    0.50586954    0.64616731    0.87572391    0.68905201    0.78271720    0.80347675    0.87558130    0.83378658    0.83560205    0.80038284    0.87768046    0.86950317    0.92635611
A0A1H9B6W9_9SPIO/27-286     0.88393027    0.89630347    0.91968871    0.88828700    0.96857894    0.78762461    0.94511777    1.10215553    0.97491963    1.15478557    1.13131274    1.18880262    1.10917584    1.25027954    1.23959639    1.34568014    1.26472267    1.28017495    1.42817266    1.21630545    1.07950047    1.14711449    0.79769289    0.65599291    0.56849620    0.00000000    0.59194367    0.61432701    0.97274593    0.77108406    0.88026108    0.82875350    0.90232605    0.82531774    0.90389044    0.93537312    0.90318335    0.95497738    0.96163935
A0A1T4LDS0_9SPIO/26-277     0.94763218    0.97074500    1.01145786    0.99602937    1.09700467    0.84373320    0.89083671    1.16890299    0.97630605    1.21778638    1.15373627    1.06737455    1.22107185    1.18464600    1.30135163    1.32655778    1.26593634    1.13462544    1.37049060    1.24529331    1.06697968    1.12811123    0.73433470    0.55697166    0.50586954    0.59194367    0.00000000    0.57210012    1.05599186    0.88454669    0.94293603    1.07043772    0.97691880    0.94219665    0.95939247    0.92613638    0.93000899    0.97579137    1.01175157
F2NRJ6_TRES6/26-277     0.88120173    0.96655279    0.96563378    0.87149669    1.04019753    0.86714650    0.97343294    1.14854397    0.91180765    1.24384360    1.09836955    1.05954785    1.21352743    1.19011832    1.19359791    1.47777213    1.35381239    1.23372999    1.33318678    1.15840214    1.17791840    1.15520497    0.81135599    0.61162410    0.64616731    0.61432701    0.57210012    0.00000000    1.06277918    0.77030990    0.84229772    0.91389739    0.90168857    0.88569488    0.91325600    0.94198064    0.90734939    0.95106239    0.96913178
Q6LPV1_PHOPR/24-273     0.72942747    0.73977082    0.78383521    0.79691190    0.81838695    0.75123585    1.00442640    1.09399887    0.98381112    1.08001576    1.08107159    1.24574814    1.26164604    1.25456313    1.34236040    1.30971069    1.29711279    1.22820497    1.27981811    1.21723662    1.12214617    1.06630928    0.77122595    0.98411643    0.87572391    0.97274593    1.05599186    1.06277918    0.00000000    0.67302686    0.67393446    0.69340475    0.71369372    0.71188924    0.77879746    0.78106641    0.79836718    0.81948009    0.92324975
A0A081MZS5_9GAMM/24-273     0.55483081    0.50051678    0.43407517    0.52117071    0.60873713    0.59300064    0.80453945    0.90795317    0.78238009    0.94363566    0.92623308    1.15489755    1.20728402    1.15071581    1.11233422    1.23644418    1.09450875    1.05423282    1.03067693    1.15834295    0.86263527    1.00683248    0.69327676    0.77679498    0.68905201    0.77108406    0.88454669    0.77030990    0.67302686    0.00000000    0.29101170    0.39636065    0.37668215    0.44049277    0.42412562    0.50986725    0.57515022    0.49058485    0.58762675
Q6LIY2_PHOPR/24-273     0.54150058    0.48922928    0.46070535    0.51976166    0.61060771    0.59928101    0.78241925    0.95474857    0.76883532    0.91086264    0.95699723    1.16751322    1.20766045    1.19906799    1.22054700    1.23138267    1.08353505    1.11678791    1.10956530    1.15683373    0.82544750    1.06655290    0.70454190    0.86320244    0.78271720    0.88026108    0.94293603    0.84229772    0.67393446    0.29101170    0.00000000    0.29309347    0.26859444    0.33804919    0.42463273    0.47649312    0.58192452    0.49231364    0.52742021
A0A0J1GRK0_9GAMM/24-273     0.54560392    0.51109361    0.53981631    0.52038032    0.60861441    0.64820081    0.77544269    0.95434694    0.80269005    0.95653887    0.89800343    1.18166526    1.27962512    1.30594000    1.21380007    1.31993008    1.13184295    1.22057066    1.16656161    1.28466094    0.79705421    1.01430627    0.76320157    0.91166127    0.80347675    0.82875350    1.07043772    0.91389739    0.69340475    0.39636065    0.29309347    0.00000000    0.30974386    0.35202769    0.51687350    0.59612892    0.64617431    0.55914499    0.59852890
A0A0C5WSA4_9GAMM/24-273     0.54865130    0.48411779    0.49390977    0.51951565    0.57792934    0.62437779    0.79748949    0.89600875    0.83996550    1.02249627    0.93483047    1.20626800    1.22589754    1.24063155    1.25030690    1.32042704    1.04964747    1.04972916    1.09643464    1.23941905    0.87523268    0.95892542    0.69164559    0.90319372    0.87558130    0.90232605    0.97691880    0.90168857    0.71369372    0.37668215    0.26859444    0.30974386    0.00000000    0.37825159    0.49550350    0.53422978    0.52169856    0.58313985    0.62709758
D0Z2D9_PHODD/24-273     0.52978311    0.48845956    0.49378976    0.48901941    0.60378991    0.62154882    0.74815421    0.94141378    0.76552327    0.89195005    0.90032031    1.12264508    1.17576791    1.14797346    1.17348722    1.10707825    1.08298460    1.10996660    1.11674094    1.13476641    0.85293429    0.90110203    0.71704306    0.91100343    0.83378658    0.82531774    0.94219665    0.88569488    0.71188924    0.44049277    0.33804919    0.35202769    0.37825159    0.00000000    0.41018542    0.50120931    0.49423772    0.53705409    0.53626548
A0A081NJ20_9GAMM/24-279     0.56280576    0.55566430    0.53845405    0.53478662    0.59252913    0.65602511    0.81213114    1.00124791    0.84023837    1.00255817    1.03243433    1.19754500    1.20069076    1.13923832    1.14429074    1.26992161    1.17280085    1.21974154    1.19963939    1.27055075    0.92963349    1.03429650    0.72270705    0.85032843    0.83560205    0.90389044    0.95939247    0.91325600    0.77879746    0.42412562    0.42463273    0.51687350    0.49550350    0.41018542    0.00000000    0.54167775    0.57888291    0.56467206    0.59567563
R8AV32_PLESH/24-273     0.62626685    0.56779570    0.55702143    0.58292012    0.68494809    0.67398751    0.69147793    0.92343369    0.87008958    0.91348084    1.01098865    1.12901175    1.18955362    1.10786364    1.12979820    1.23362495    1.18638179    1.13892404    1.17433995    1.21810429    0.91651033    0.93340849    0.74880727    0.80117952    0.80038284    0.93537312    0.92613638    0.94198064    0.78106641    0.50986725    0.47649312    0.59612892    0.53422978    0.50120931    0.54167775    0.00000000    0.66899504    0.61404247    0.67355924
A0A1A7P399_9PAST/24-272     0.51022688    0.45295786    0.43248445    0.49108139    0.55560119    0.66460792    0.85775657    0.87494096    0.93933340    1.00455494    0.93913926    1.27247931    1.20617618    1.13327946    1.21233531    1.26673017    1.18114616    1.11448392    1.14750906    1.28604799    0.98177221    0.88969517    0.76265839    0.91388948    0.87768046    0.90318335    0.93000899    0.90734939    0.79836718    0.57515022    0.58192452    0.64617431    0.52169856    0.49423772    0.57888291    0.66899504    0.00000000    0.47816678    0.52507438
A0A263H9P9_9PAST/25-277     0.38204983    0.39564709    0.42962759    0.38900754    0.50503101    0.57736075    0.76713934    0.91270838    0.82080322    1.07989604    0.98561397    1.21684278    1.22804714    1.12293002    1.23801787    1.26420830    1.22158536    1.15974340    1.21184655    1.24884123    0.93093241    0.97357764    0.76576172    1.00709505    0.86950317    0.95497738    0.97579137    0.95106239    0.81948009    0.49058485    0.49231364    0.55914499    0.58313985    0.53705409    0.56467206    0.61404247    0.47816678    0.00000000    0.42889958
Q9CNX5_PASMU/39-293     0.47922371    0.43271681    0.45459062    0.49433068    0.49285157    0.62418488    0.94403602    1.00652711    0.93970514    1.08481652    1.07817518    1.28726396    1.24548789    1.17145868    1.24252971    1.30206502    1.19706711    1.24080985    1.29605114    1.23038753    0.99195131    1.08393011    0.83331050    1.00173028    0.92635611    0.96163935    1.01175157    0.96913178    0.92324975    0.58762675    0.52742021    0.59852890    0.62709758    0.53626548    0.59567563    0.67355924    0.52507438    0.42889958    0.00000000

