24
A1RYC8_THEPD/15-198     0.00000000    2.73581529    2.82438546    2.58621349    2.80995891    2.58025408    2.87901060    2.80523039    2.70045311    2.55175942    2.21245974    2.53702173    2.50571219    2.74742718    2.46367413    2.26856671    2.39366770    2.49852817    2.36572746    2.32145529    2.42097414    2.63652740    2.25535758    2.52239419
A0A0W0WG77_9GAMM/104-293     2.73581529    0.00000000    0.97019177    1.63981600    1.64519392    1.51157522    1.37845357    1.41613570    1.35247602    1.76603247    1.77522696    1.86362213    1.59389458    1.70627174    2.10209329    1.62379133    1.84838995    1.99365362    2.08158844    1.91534466    1.92780222    2.20874701    1.78216054    1.87285958
A0A0W0YXK1_LEGSP/105-294     2.82438546    0.97019177    0.00000000    1.59988875    1.54779996    1.42204208    1.55000687    1.64684779    1.47810737    1.75714327    1.78333997    1.70687892    1.63720658    1.67319104    2.16932076    1.76930202    1.59967909    1.94214190    2.04563628    2.07742670    2.01250687    2.31856385    1.84845780    2.02513028
D1B803_THEAS/96-283     2.58621349    1.63981600    1.59988875    0.00000000    1.15821949    1.15156340    1.43026043    1.42665876    1.57077486    1.80044884    1.45274752    1.47266420    1.44168785    1.60598869    2.03694193    1.69052127    1.88743137    1.97195826    2.33062504    2.01673947    2.12956486    2.08310292    1.90800545    1.83370226
D2Z6C5_9BACT/112-297     2.80995891    1.64519392    1.54779996    1.15821949    0.00000000    0.82031258    1.49856077    1.44949729    1.43595593    1.56160533    1.49869323    1.57046159    1.45264367    1.48108982    2.21943341    1.86329898    2.01327119    1.85690248    1.97688502    2.06066634    2.02550490    2.05813835    1.76493902    1.87975625
G7V694_THELD/112-299     2.58025408    1.51157522    1.42204208    1.15156340    0.82031258    0.00000000    1.41961419    1.38751389    1.29834272    1.49376535    1.39798636    1.42356144    1.37247160    1.29252875    1.89152274    1.74143090    1.62046485    1.80706853    1.89773097    2.02177617    1.96868369    1.89275744    1.89634324    1.82510853
F8GLE4_NITSI/123-310     2.87901060    1.37845357    1.55000687    1.43026043    1.49856077    1.41961419    0.00000000    0.36441122    1.35439495    1.37471964    1.42435082    1.53293125    1.26870966    1.15551710    1.94389901    1.77482786    1.80497866    2.11564449    2.19326395    2.17162905    2.31592884    1.91389516    1.84816644    1.93927087
F9ZDX7_9PROT/108-295     2.80523039    1.41613570    1.64684779    1.42665876    1.44949729    1.38751389    0.36441122    0.00000000    1.36258198    1.40540694    1.41800298    1.41009394    1.19253735    1.23041618    1.92745467    1.86005676    1.97763362    2.16625256    2.13396602    2.08854225    2.37833014    2.06986869    1.89777071    1.98796756
D0YX90_PHODD/94-279     2.70045311    1.35247602    1.47810737    1.57077486    1.43595593    1.29834272    1.35439495    1.36258198    0.00000000    1.07180205    1.19572202    1.08813825    1.20559645    1.23937849    1.70689289    1.51118481    1.77397392    1.78638871    1.99056579    1.98400795    1.88268600    1.98521884    1.88552000    1.91191137
B7VSZ9_VIBA3/101-288     2.55175942    1.76603247    1.75714327    1.80044884    1.56160533    1.49376535    1.37471964    1.40540694    1.07180205    0.00000000    0.99309512    1.15107852    1.20934093    1.36804682    1.84163789    1.78148517    1.82555056    1.86464376    1.96121313    1.95515693    1.86557108    1.84956478    2.11179978    2.19896379
Q5E099_ALIF1/103-290     2.21245974    1.77522696    1.78333997    1.45274752    1.49869323    1.39798636    1.42435082    1.41800298    1.19572202    0.99309512    0.00000000    0.51265178    1.14762334    1.24819000    1.90515616    1.57504107    1.84861046    1.88370251    1.99119672    1.99867362    1.97116855    1.95727551    1.88507364    1.86703218
Q5E0B1_ALIF1/103-290     2.53702173    1.86362213    1.70687892    1.47266420    1.57046159    1.42356144    1.53293125    1.41009394    1.08813825    1.15107852    0.51265178    0.00000000    1.24064398    1.23937410    2.01015844    1.59348071    1.82680427    1.92468574    2.28061616    2.05523270    2.11648907    1.93346410    1.98678172    1.88078376
I1DVX6_9GAMM/114-300     2.50571219    1.59389458    1.63720658    1.44168785    1.45264367    1.37247160    1.26870966    1.19253735    1.20559645    1.20934093    1.14762334    1.24064398    0.00000000    0.43244936    1.69322384    1.56916118    1.90161924    1.76735078    1.93237299    2.03545875    1.89425020    1.71666728    1.98505372    1.92720262
Q8E9T3_SHEON/114-301     2.74742718    1.70627174    1.67319104    1.60598869    1.48108982    1.29252875    1.15551710    1.23041618    1.23937849    1.36804682    1.24819000    1.23937410    0.43244936    0.00000000    1.79850784    1.70721575    1.73372681    2.02248068    2.17194430    2.16217439    2.00685560    1.89004990    2.03353994    2.01985273
R6BLV3_9BACT/116-307     2.46367413    2.10209329    2.16932076    2.03694193    2.21943341    1.89152274    1.94389901    1.92745467    1.70689289    1.84163789    1.90515616    2.01015844    1.69322384    1.79850784    0.00000000    1.49384919    1.89805876    1.89970543    2.01202559    1.89224657    2.06555693    1.96089666    1.82260365    1.85483600
A0A150XET9_9BACT/138-324     2.26856671    1.62379133    1.76930202    1.69052127    1.86329898    1.74143090    1.77482786    1.86005676    1.51118481    1.78148517    1.57504107    1.59348071    1.56916118    1.70721575    1.49384919    0.00000000    1.40479931    1.61519391    1.98462154    1.91155907    1.77872664    1.85909756    1.58078070    1.65020867
G4QJ31_GLANF/118-304     2.39366770    1.84838995    1.59967909    1.88743137    2.01327119    1.62046485    1.80497866    1.97763362    1.77397392    1.82555056    1.84861046    1.82680427    1.90161924    1.73372681    1.89805876    1.40479931    0.00000000    1.90543287    2.35817204    2.08032949    1.98107651    1.84203090    1.94370820    1.95462861
A0A0Q3I5A4_9BRAD/57-238     2.49852817    1.99365362    1.94214190    1.97195826    1.85690248    1.80706853    2.11564449    2.16625256    1.78638871    1.86464376    1.88370251    1.92468574    1.76735078    2.02248068    1.89970543    1.61519391    1.90543287    0.00000000    1.36796678    1.46219993    1.19610445    1.30451525    1.76554689    1.78285192
A0A0K2DHW7_9RHIZ/122-303     2.36572746    2.08158844    2.04563628    2.33062504    1.97688502    1.89773097    2.19326395    2.13396602    1.99056579    1.96121313    1.99119672    2.28061616    1.93237299    2.17194430    2.01202559    1.98462154    2.35817204    1.36796678    0.00000000    0.84020865    1.19619036    1.37234115    1.78481519    1.83015884
A0A0Q6LK98_9RHIZ/112-293     2.32145529    1.91534466    2.07742670    2.01673947    2.06066634    2.02177617    2.17162905    2.08854225    1.98400795    1.95515693    1.99867362    2.05523270    2.03545875    2.16217439    1.89224657    1.91155907    2.08032949    1.46219993    0.84020865    0.00000000    1.10564827    1.33589694    1.76719509    1.74710682
A0A0A8K9B9_9RHIZ/251-432     2.42097414    1.92780222    2.01250687    2.12956486    2.02550490    1.96868369    2.31592884    2.37833014    1.88268600    1.86557108    1.97116855    2.11648907    1.89425020    2.00685560    2.06555693    1.77872664    1.98107651    1.19610445    1.19619036    1.10564827    0.00000000    0.99703314    1.78409107    1.88617860
A0A0M6YJU5_9RHOB/245-426     2.63652740    2.20874701    2.31856385    2.08310292    2.05813835    1.89275744    1.91389516    2.06986869    1.98521884    1.84956478    1.95727551    1.93346410    1.71666728    1.89004990    1.96089666    1.85909756    1.84203090    1.30451525    1.37234115    1.33589694    0.99703314    0.00000000    1.81344283    1.87440856
A0A0F7M3G2_9GAMM/134-320     2.25535758    1.78216054    1.84845780    1.90800545    1.76493902    1.89634324    1.84816644    1.89777071    1.88552000    2.11179978    1.88507364    1.98678172    1.98505372    2.03353994    1.82260365    1.58078070    1.94370820    1.76554689    1.78481519    1.76719509    1.78409107    1.81344283    0.00000000    0.35243938
I2JK22_9GAMM/134-320     2.52239419    1.87285958    2.02513028    1.83370226    1.87975625    1.82510853    1.93927087    1.98796756    1.91191137    2.19896379    1.86703218    1.88078376    1.92720262    2.01985273    1.85483600    1.65020867    1.95462861    1.78285192    1.83015884    1.74710682    1.88617860    1.87440856    0.35243938    0.00000000

