32
A0A1Y4NIG9_9FIRM/74-173     0.00000000    0.39285145    0.39385989    0.76759613    0.73100876    0.73666472    0.82510837    0.62485982    0.69924949    0.80379399    0.76511014    0.36366730    1.01307809    1.02438347    1.01242087    1.09510586    1.28809974    1.06652585    0.63562528    1.28689869    1.43508830    1.57288541    1.12734263    1.16702429    0.94725726    1.06081420    1.30758355    0.42880649    0.45405390    0.38691548    0.44741245    0.74055643
C0CTT6_9FIRM/74-173     0.39285145    0.00000000    0.23297115    0.74929469    0.67855236    0.60613461    0.66547293    0.51896080    0.61989232    0.74607469    0.52262302    0.37952190    0.93874951    0.96210194    0.87216186    0.99098516    1.07465374    0.91894153    0.56999195    1.42360816    1.66107938    1.56093784    1.21303954    1.17028880    1.04293299    1.09382739    1.36030669    0.43760630    0.44379793    0.36147265    0.41161855    0.65599506
A0A143WVD8_9FIRM/74-173     0.39385989    0.23297115    0.00000000    0.69944208    0.71790881    0.68099802    0.82592255    0.51212241    0.66299286    0.80666851    0.58223354    0.40296065    1.05612637    1.02469934    0.97441008    1.11590429    1.18378864    1.03821277    0.55202392    1.34977225    1.65185775    1.59750272    1.28274970    1.35037590    1.12271237    1.19519401    1.54222187    0.42758812    0.47760481    0.40754788    0.41680196    0.76797341
R5E2A7_9CLOT/4-103     0.76759613    0.74929469    0.69944208    0.00000000    0.37397297    0.41554997    0.67119873    0.51193957    0.41864679    0.61724803    0.49740365    0.61206255    1.10567302    1.29719953    1.17595025    1.39408122    1.29393832    1.31819299    0.71615987    2.04010657    1.73140572    2.04827384    1.20364706    1.37119449    1.27141357    1.33482853    1.57126756    0.93076542    1.01393476    0.99873094    0.78836207    1.05134039
R6Z8J0_9CLOT/2-101     0.73100876    0.67855236    0.71790881    0.37397297    0.00000000    0.47741954    0.66379152    0.56998862    0.54907908    0.57795441    0.57540161    0.64520380    1.20755345    1.30753232    1.14764423    1.25010385    1.26216595    1.24493524    0.93689025    1.94518038    1.81037196    2.35028431    1.37546687    1.45035716    1.35285310    1.37200782    1.68954138    1.01232800    0.96389497    0.97418015    0.95929419    1.09885114
R8W104_9CLOT/3-102     0.73666472    0.60613461    0.68099802    0.41554997    0.47741954    0.00000000    0.42167932    0.34248613    0.35352202    0.51418446    0.25701836    0.59358022    1.09198057    1.11212100    1.02708017    1.12947809    1.26822762    1.19301840    0.75847927    1.67102271    1.73562289    1.91486387    1.23536912    1.38083866    1.20165973    1.37430591    1.55058743    0.91242624    0.98650424    0.86666171    0.81810687    1.05186305
D4K4R4_9FIRM/4-103     0.82510837    0.66547293    0.82592255    0.67119873    0.66379152    0.42167932    0.00000000    0.51439722    0.58010605    0.67038508    0.55937557    0.74030539    1.05244799    1.20386671    1.22383208    1.20171335    1.28647763    1.17425757    0.86610759    2.06220609    2.08884378    2.11278636    1.44675782    1.44399986    1.38843130    1.42269272    1.64668209    0.88186001    1.00224912    0.81681156    0.83793164    1.09798077
D4MQQ1_9FIRM/4-103     0.62485982    0.51896080    0.51212241    0.51193957    0.56998862    0.34248613    0.51439722    0.00000000    0.24257562    0.40570432    0.25096415    0.58540278    1.05957666    1.14724765    1.02669942    1.08531268    1.26810303    1.19531949    0.66559778    1.66828450    1.69478688    1.88438082    1.23638452    1.40113529    1.20597851    1.25971535    1.48493449    0.70423185    0.85603225    0.76560945    0.68799898    0.88750696
R9KYL7_9FIRM/4-103     0.69924949    0.61989232    0.66299286    0.41864679    0.54907908    0.35352202    0.58010605    0.24257562    0.00000000    0.41496360    0.34289937    0.59605302    1.08397780    1.21537542    1.21024162    1.23261276    1.36186481    1.23448609    0.80675636    1.73443427    1.70808214    1.76131247    1.32109068    1.39182811    1.27488316    1.32957737    1.60202515    0.81864688    1.00332526    0.85009236    0.80073354    1.05828985
N2AHB3_9FIRM/9-108     0.80379399    0.74607469    0.80666851    0.61724803    0.57795441    0.51418446    0.67038508    0.40570432    0.41496360    0.00000000    0.52923290    0.66906816    1.20690966    1.24277833    1.17568882    1.30526420    1.45990335    1.15386450    0.87767735    1.73864067    1.83782904    1.81385217    1.22491971    1.55369314    1.34513772    1.36808442    1.49686013    0.84127050    0.96913647    0.98868211    0.97627896    1.09000429
B9Y990_9FIRM/13-112     0.76511014    0.52262302    0.58223354    0.49740365    0.57540161    0.25701836    0.55937557    0.25096415    0.34289937    0.52923290    0.00000000    0.56470687    1.03454113    1.04425675    1.05558527    1.10522583    1.18056867    1.13119477    0.63349163    1.82642118    1.73583924    1.76343680    1.14454517    1.35128796    1.26791930    1.34448319    1.52528740    0.79293870    0.87630029    0.80728239    0.74915460    0.90759543
J0WTX0_9CLOT/4-103     0.36366730    0.37952190    0.40296065    0.61206255    0.64520380    0.59358022    0.74030539    0.58540278    0.59605302    0.66906816    0.56470687    0.00000000    0.80563938    0.80991654    0.76914925    0.93095411    1.00840425    0.75624173    0.42793271    1.50645571    1.45328333    1.44488118    0.98554502    1.23200398    1.02792506    1.01693135    1.32088208    0.44916505    0.56473497    0.45182300    0.43457115    0.73044109
R9LK22_9FIRM/73-172     1.01307809    0.93874951    1.05612637    1.10567302    1.20755345    1.09198057    1.05244799    1.05957666    1.08397780    1.20690966    1.03454113    0.80563938    0.00000000    0.30273263    0.33500138    0.52941165    0.48569115    0.35669980    0.91564873    1.80194475    1.77171009    1.88929961    1.21743510    1.51880230    1.42332614    1.38661642    1.66632269    1.16326284    1.37473927    1.06313378    1.01799082    1.17805609
R9JGS1_9FIRM/73-172     1.02438347    0.96210194    1.02469934    1.29719953    1.30753232    1.11212100    1.20386671    1.14724765    1.21537542    1.24277833    1.04425675    0.80991654    0.30273263    0.00000000    0.41668555    0.59650459    0.55422405    0.36131662    0.96538783    1.91180020    1.97851811    2.01676250    1.31812182    1.88173556    1.53880816    1.70997809    1.94285630    1.25727273    1.36150752    1.03905883    1.04936117    1.22558178
R9MC37_9FIRM/73-172     1.01242087    0.87216186    0.97441008    1.17595025    1.14764423    1.02708017    1.22383208    1.02669942    1.21024162    1.17568882    1.05558527    0.76914925    0.33500138    0.41668555    0.00000000    0.32984333    0.51195593    0.42572465    0.91579116    1.75644753    1.78823093    1.81064350    1.19173981    1.40939823    1.24395612    1.31499943    1.51316334    1.20613772    1.29866195    1.10994535    1.02162516    1.10610282
S0JDP1_9FIRM/73-172     1.09510586    0.99098516    1.11590429    1.39408122    1.25010385    1.12947809    1.20171335    1.08531268    1.23261276    1.30526420    1.10522583    0.93095411    0.52941165    0.59650459    0.32984333    0.00000000    0.76669500    0.54951698    0.98979789    1.86824757    1.92098781    1.94164064    1.27170703    1.57962417    1.44625925    1.48248876    1.68040177    1.37791111    1.45570583    1.19944494    1.20994533    1.40085522
R9MLI3_9FIRM/73-169     1.28809974    1.07465374    1.18378864    1.29393832    1.26216595    1.26822762    1.28647763    1.26810303    1.36186481    1.45990335    1.18056867    1.00840425    0.48569115    0.55422405    0.51195593    0.76669500    0.00000000    0.48660043    1.09685286    2.10384397    2.14669778    2.30977829    1.40587758    1.40783525    1.29575057    1.34097004    1.72175439    1.47577969    1.53809135    1.29775159    1.23087368    1.39378898
R9K9C3_9FIRM/76-175     1.06652585    0.91894153    1.03821277    1.31819299    1.24493524    1.19301840    1.17425757    1.19531949    1.23448609    1.15386450    1.13119477    0.75624173    0.35669980    0.36131662    0.42572465    0.54951698    0.48660043    0.00000000    1.01520896    1.99506692    1.81613922    1.82045783    1.17333271    1.61868491    1.42282075    1.47862493    1.61281767    1.16141791    1.31698882    1.05828946    1.06277731    1.20066583
A0A1M7MMS3_9FIRM/4-103     0.63562528    0.56999195    0.55202392    0.71615987    0.93689025    0.75847927    0.86610759    0.66559778    0.80675636    0.87767735    0.63349163    0.42793271    0.91564873    0.96538783    0.91579116    0.98979789    1.09685286    1.01520896    0.00000000    1.44891106    1.41769944    1.56548757    0.98887551    1.17312970    0.93476100    1.03946832    1.27292292    0.57382932    0.70126396    0.74244524    0.56487454    0.71368963
A0A1M6KVE8_9FIRM/2-101     1.28689869    1.42360816    1.34977225    2.04010657    1.94518038    1.67102271    2.06220609    1.66828450    1.73443427    1.73864067    1.82642118    1.50645571    1.80194475    1.91180020    1.75644753    1.86824757    2.10384397    1.99506692    1.44891106    0.00000000    1.17066030    1.44320548    1.75376186    1.73416344    1.50980131    1.70414912    1.90961058    1.44410688    1.42374457    1.49267247    1.48138029    1.49796860
R9JZ49_9FIRM/2-101     1.43508830    1.66107938    1.65185775    1.73140572    1.81037196    1.73562289    2.08884378    1.69478688    1.70808214    1.83782904    1.73583924    1.45328333    1.77171009    1.97851811    1.78823093    1.92098781    2.14669778    1.81613922    1.41769944    1.17066030    0.00000000    1.07308680    1.52630436    1.47026492    1.74016666    1.66396435    1.83868836    1.51987271    1.61019129    1.60509913    1.55407116    1.47748645
R9NJ87_9FIRM/72-171     1.57288541    1.56093784    1.59750272    2.04827384    2.35028431    1.91486387    2.11278636    1.88438082    1.76131247    1.81385217    1.76343680    1.44488118    1.88929961    2.01676250    1.81064350    1.94164064    2.30977829    1.82045783    1.56548757    1.44320548    1.07308680    0.00000000    1.65513186    1.97877476    2.01564131    2.08857013    2.04250006    1.52608667    1.68392999    1.62102318    1.57718358    1.71995840
C0D7E8_9FIRM/1-90     1.12734263    1.21303954    1.28274970    1.20364706    1.37546687    1.23536912    1.44675782    1.23638452    1.32109068    1.22491971    1.14454517    0.98554502    1.21743510    1.31812182    1.19173981    1.27170703    1.40587758    1.17333271    0.98887551    1.75376186    1.52630436    1.65513186    0.00000000    0.86942813    0.83614614    0.86042840    0.86578802    1.16523753    1.24708182    1.32338975    1.23541442    1.16243104
A0A1Y4EL99_9FIRM/1-89     1.16702429    1.17028880    1.35037590    1.37119449    1.45035716    1.38083866    1.44399986    1.40113529    1.39182811    1.55369314    1.35128796    1.23200398    1.51880230    1.88173556    1.40939823    1.57962417    1.40783525    1.61868491    1.17312970    1.73416344    1.47026492    1.97877476    0.86942813    0.00000000    0.28610993    0.28547544    0.34935842    1.25685279    1.23366356    1.35460344    1.30800567    1.31473752
A0A1Y4LD84_9FIRM/1-88     0.94725726    1.04293299    1.12271237    1.27141357    1.35285310    1.20165973    1.38843130    1.20597851    1.27488316    1.34513772    1.26791930    1.02792506    1.42332614    1.53880816    1.24395612    1.44625925    1.29575057    1.42282075    0.93476100    1.50980131    1.74016666    2.01564131    0.83614614    0.28610993    0.00000000    0.22892852    0.27371308    1.09899395    1.16096355    1.08924530    1.10453443    1.24631909
A0A1Y3Y550_9FIRM/1-88     1.06081420    1.09382739    1.19519401    1.33482853    1.37200782    1.37430591    1.42269272    1.25971535    1.32957737    1.36808442    1.34448319    1.01693135    1.38661642    1.70997809    1.31499943    1.48248876    1.34097004    1.47862493    1.03946832    1.70414912    1.66396435    2.08857013    0.86042840    0.28547544    0.22892852    0.00000000    0.25364063    1.14978624    1.28361436    1.14152621    1.15300679    1.29705637
A0A1C7GQH1_9FIRM/1-89     1.30758355    1.36030669    1.54222187    1.57126756    1.68954138    1.55058743    1.64668209    1.48493449    1.60202515    1.49686013    1.52528740    1.32088208    1.66632269    1.94285630    1.51316334    1.68040177    1.72175439    1.61281767    1.27292292    1.90961058    1.83868836    2.04250006    0.86578802    0.34935842    0.27371308    0.25364063    0.00000000    1.41589990    1.52056014    1.33781813    1.34133545    1.35668565
N2AAQ5_9FIRM/75-174     0.42880649    0.43760630    0.42758812    0.93076542    1.01232800    0.91242624    0.88186001    0.70423185    0.81864688    0.84127050    0.79293870    0.44916505    1.16326284    1.25727273    1.20613772    1.37791111    1.47577969    1.16141791    0.57382932    1.44410688    1.51987271    1.52608667    1.16523753    1.25685279    1.09899395    1.14978624    1.41589990    0.00000000    0.24966970    0.39536840    0.49038114    0.76771604
R9L0Z4_9FIRM/75-174     0.45405390    0.44379793    0.47760481    1.01393476    0.96389497    0.98650424    1.00224912    0.85603225    1.00332526    0.96913647    0.87630029    0.56473497    1.37473927    1.36150752    1.29866195    1.45570583    1.53809135    1.31698882    0.70126396    1.42374457    1.61019129    1.68392999    1.24708182    1.23366356    1.16096355    1.28361436    1.52056014    0.24966970    0.00000000    0.46402652    0.58260889    0.70755158
A0A1Y4HD61_9FIRM/73-172     0.38691548    0.36147265    0.40754788    0.99873094    0.97418015    0.86666171    0.81681156    0.76560945    0.85009236    0.98868211    0.80728239    0.45182300    1.06313378    1.03905883    1.10994535    1.19944494    1.29775159    1.05828946    0.74244524    1.49267247    1.60509913    1.62102318    1.32338975    1.35460344    1.08924530    1.14152621    1.33781813    0.39536840    0.46402652    0.00000000    0.31702621    0.62715074
A0A1V0QDR4_9FIRM/74-174     0.44741245    0.41161855    0.41680196    0.78836207    0.95929419    0.81810687    0.83793164    0.68799898    0.80073354    0.97627896    0.74915460    0.43457115    1.01799082    1.04936117    1.02162516    1.20994533    1.23087368    1.06277731    0.56487454    1.48138029    1.55407116    1.57718358    1.23541442    1.30800567    1.10453443    1.15300679    1.34133545    0.49038114    0.58260889    0.31702621    0.00000000    0.52147424
R9MRV4_9FIRM/74-174     0.74055643    0.65599506    0.76797341    1.05134039    1.09885114    1.05186305    1.09798077    0.88750696    1.05828985    1.09000429    0.90759543    0.73044109    1.17805609    1.22558178    1.10610282    1.40085522    1.39378898    1.20066583    0.71368963    1.49796860    1.47748645    1.71995840    1.16243104    1.31473752    1.24631909    1.29705637    1.35668565    0.76771604    0.70755158    0.62715074    0.52147424    0.00000000

