26
F4GRH1_PUSST/35-108     0.00000000    1.56473766    0.84563185    1.00346996    0.98668728    1.00894047    0.93901423    1.11741960    1.85493830    1.37284566    1.45597392    1.55450471    1.49321720    1.57429194    1.61542405    1.52629342    1.47019672    1.59489847    1.55637368    1.74250873    1.92111662    1.18650296    0.97260682    1.02062068    0.93749777    1.14857969
A0A096A8J5_9BURK/35-109     1.56473766    0.00000000    0.88744912    1.24642164    1.05294883    1.16191131    1.31166831    1.11708436    2.08886863    1.22938019    1.86502819    2.46940066    2.15482421    2.02238259    2.16941875    2.16389036    2.02682615    2.16120938    2.20578065    2.00920010    1.92276397    1.29401259    1.52431819    1.10325783    1.29127788    1.07633678
U1ZSY8_9BURK/43-113     0.84563185    0.88744912    0.00000000    0.78524810    0.82156302    0.89880862    0.81021861    0.95617624    1.73599689    1.22014252    1.65191403    2.05455823    1.66455986    1.63446550    1.93786111    1.80257443    1.72982747    1.64149790    1.70467729    1.81499734    1.61262325    0.93260453    0.88146917    0.85469492    1.04287787    0.94315381
A0A157SJH0_9BORD/43-116     1.00346996    1.24642164    0.78524810    0.00000000    0.54238570    0.57967893    0.87843443    0.90023077    1.75980435    1.21739893    1.86446569    2.21487246    2.00109728    1.94245724    2.06662093    2.04325703    2.06875475    1.71716590    1.85392377    1.86599500    1.82612924    0.88737302    0.87201716    0.88721179    0.78943910    0.77145703
A0A0H4VWG4_9BORD/26-99     0.98668728    1.05294883    0.82156302    0.54238570    0.00000000    0.91910174    1.03481571    0.85900662    1.49550213    1.22607749    1.72327064    2.22984810    1.84815064    1.77582106    1.83152733    1.82436181    1.79243053    1.67442461    1.79858064    1.67111698    1.82627651    0.88888563    1.00241971    0.79809030    1.00751939    0.81811516
F6AFC7_PSEF1/27-96     1.00894047    1.16191131    0.89880862    0.57967893    0.91910174    0.00000000    0.39907830    0.63354375    1.53001970    0.90624386    1.71190221    1.81147842    1.63600008    1.82306752    1.84900582    1.71900374    1.56966889    1.72832291    1.60165382    1.54052427    1.57621096    0.72332501    0.63291974    0.47508156    0.49693767    0.46339143
A0A0A1YL87_9PSED/28-101     0.93901423    1.31166831    0.81021861    0.87843443    1.03481571    0.39907830    0.00000000    0.78774614    1.49759371    0.88414854    1.36933800    1.77947687    1.63862044    1.50620304    1.59040031    1.50273868    1.57145719    1.70151082    1.73880246    1.49250010    1.56166507    0.91054540    0.65169348    0.70078047    0.66474879    0.67484154
A0A0K1XCX1_9GAMM/27-95     1.11741960    1.11708436    0.95617624    0.90023077    0.85900662    0.63354375    0.78774614    0.00000000    1.29205740    0.91302777    1.54813664    1.98899593    1.69624486    1.75829049    1.67997466    1.52259386    1.66806132    1.68186264    1.58293072    1.41967496    1.68140868    0.88886470    1.03984700    0.80139740    0.74903970    0.70548230
E6W2M3_DESIS/24-98     1.85493830    2.08886863    1.73599689    1.75980435    1.49550213    1.53001970    1.49759371    1.29205740    0.00000000    1.40276153    2.11291397    2.56717815    2.59657723    2.07120234    2.30578275    2.05221651    2.70623171    2.71770113    2.60582851    2.43514275    2.77342258    1.41806043    1.53307149    1.33798472    1.63095033    1.40316665
K0C2A0_CYCSP/25-94     1.37284566    1.22938019    1.22014252    1.21739893    1.22607749    0.90624386    0.88414854    0.91302777    1.40276153    0.00000000    1.26124213    1.55759162    1.26140957    1.39571030    1.38532125    1.26584670    1.45960893    1.55048014    1.38075040    1.32463383    1.14213608    1.16667082    1.43434546    1.11617631    1.09445723    1.08417918
A0A0W0XW31_9GAMM/27-99     1.45597392    1.86502819    1.65191403    1.86446569    1.72327064    1.71190221    1.36933800    1.54813664    2.11291397    1.26124213    0.00000000    0.66400266    0.60255470    0.42712421    0.39782646    0.44619019    0.49424749    0.54518692    0.58681233    0.48221123    0.57319276    1.54878533    1.59977610    1.55569692    1.78261663    1.73343704
A0A0W0VQI3_9GAMM/29-101     1.55450471    2.46940066    2.05455823    2.21487246    2.22984810    1.81147842    1.77947687    1.98899593    2.56717815    1.55759162    0.66400266    0.00000000    0.42848440    0.53845259    0.53122373    0.49413711    0.61185428    0.68404845    0.63640291    0.63711192    0.70213966    1.94276910    1.94462585    1.88518718    1.88530454    1.93900529
W0B887_9GAMM/29-101     1.49321720    2.15482421    1.66455986    2.00109728    1.84815064    1.63600008    1.63862044    1.69624486    2.59657723    1.26140957    0.60255470    0.42848440    0.00000000    0.47618457    0.46185207    0.44014275    0.57191407    0.55942893    0.69262871    0.64345588    0.65623848    1.43436185    1.58181425    1.49437385    1.87393808    1.71406320
A0A0W0WS41_9GAMM/30-102     1.57429194    2.02238259    1.63446550    1.94245724    1.77582106    1.82306752    1.50620304    1.75829049    2.07120234    1.39571030    0.42712421    0.53845259    0.47618457    0.00000000    0.37349713    0.48598899    0.50365699    0.49432207    0.57827060    0.45630226    0.61164354    1.51842087    1.64768904    1.52774914    1.77007336    1.77301701
A0A0W0U4U5_9GAMM/33-105     1.61542405    2.16941875    1.93786111    2.06662093    1.83152733    1.84900582    1.59040031    1.67997466    2.30578275    1.38532125    0.39782646    0.53122373    0.46185207    0.37349713    0.00000000    0.25718288    0.38636613    0.42164546    0.49472669    0.47408182    0.58364131    1.82406844    1.73291704    1.59482170    1.95972267    1.87254687
A0A0W0W084_9GAMM/32-104     1.52629342    2.16389036    1.80257443    2.04325703    1.82436181    1.71900374    1.50273868    1.52259386    2.05221651    1.26584670    0.44619019    0.49413711    0.44014275    0.48598899    0.25718288    0.00000000    0.41854013    0.51699827    0.60202369    0.51928020    0.55703314    1.73817415    1.64427832    1.56056023    1.86455844    1.82142255
A0A0W1ANA6_9GAMM/27-99     1.47019672    2.02682615    1.72982747    2.06875475    1.79243053    1.56966889    1.57145719    1.66806132    2.70623171    1.45960893    0.49424749    0.61185428    0.57191407    0.50365699    0.38636613    0.41854013    0.00000000    0.31515186    0.38871423    0.34845383    0.49722460    1.51307950    1.76908780    1.61473722    1.84987726    1.55595773
Q5ZXA7_LEGPH/33-105     1.59489847    2.16120938    1.64149790    1.71716590    1.67442461    1.72832291    1.70151082    1.68186264    2.71770113    1.55048014    0.54518692    0.68404845    0.55942893    0.49432207    0.42164546    0.51699827    0.31515186    0.00000000    0.36968656    0.34306146    0.45620354    1.52053487    1.60910329    1.58270385    1.88250669    1.70419767
A0A0W0YV47_9GAMM/28-100     1.55637368    2.20578065    1.70467729    1.85392377    1.79858064    1.60165382    1.73880246    1.58293072    2.60582851    1.38075040    0.58681233    0.63640291    0.69262871    0.57827060    0.49472669    0.60202369    0.38871423    0.36968656    0.00000000    0.33899302    0.49361516    1.61562656    1.95742025    1.75954718    1.89215422    1.76020609
A0A098G2V6_9GAMM/27-99     1.74250873    2.00920010    1.81499734    1.86599500    1.67111698    1.54052427    1.49250010    1.41967496    2.43514275    1.32463383    0.48221123    0.63711192    0.64345588    0.45630226    0.47408182    0.51928020    0.34845383    0.34306146    0.33899302    0.00000000    0.34557167    1.60432587    1.77400757    1.54194456    1.62551228    1.64883224
A0A0W1A3L1_9GAMM/26-98     1.92111662    1.92276397    1.61262325    1.82612924    1.82627651    1.57621096    1.56166507    1.68140868    2.77342258    1.14213608    0.57319276    0.70213966    0.65623848    0.61164354    0.58364131    0.55703314    0.49722460    0.45620354    0.49361516    0.34557167    0.00000000    1.75103426    1.86829857    1.56137130    1.73824366    1.67892665
A0A157S5X1_9BORD/41-114     1.18650296    1.29401259    0.93260453    0.88737302    0.88888563    0.72332501    0.91054540    0.88886470    1.41806043    1.16667082    1.54878533    1.94276910    1.43436185    1.51842087    1.82406844    1.73817415    1.51307950    1.52053487    1.61562656    1.60432587    1.75103426    0.00000000    0.70840640    0.53281797    0.59858434    0.63480679
I4N8C1_9PSED/28-97     0.97260682    1.52431819    0.88146917    0.87201716    1.00241971    0.63291974    0.65169348    1.03984700    1.53307149    1.43434546    1.59977610    1.94462585    1.58181425    1.64768904    1.73291704    1.64427832    1.76908780    1.60910329    1.95742025    1.77400757    1.86829857    0.70840640    0.00000000    0.41450361    0.76829446    0.71987618
A0A089YS69_9PSED/28-96     1.02062068    1.10325783    0.85469492    0.88721179    0.79809030    0.47508156    0.70078047    0.80139740    1.33798472    1.11617631    1.55569692    1.88518718    1.49437385    1.52774914    1.59482170    1.56056023    1.61473722    1.58270385    1.75954718    1.54194456    1.56137130    0.53281797    0.41450361    0.00000000    0.68606101    0.46960620
Q9HXK8_PSEAE/32-105     0.93749777    1.29127788    1.04287787    0.78943910    1.00751939    0.49693767    0.66474879    0.74903970    1.63095033    1.09445723    1.78261663    1.88530454    1.87393808    1.77007336    1.95972267    1.86455844    1.84987726    1.88250669    1.89215422    1.62551228    1.73824366    0.59858434    0.76829446    0.68606101    0.00000000    0.53915054
A0A024HBJ3_PSEKB/28-101     1.14857969    1.07633678    0.94315381    0.77145703    0.81811516    0.46339143    0.67484154    0.70548230    1.40316665    1.08417918    1.73343704    1.93900529    1.71406320    1.77301701    1.87254687    1.82142255    1.55595773    1.70419767    1.76020609    1.64883224    1.67892665    0.63480679    0.71987618    0.46960620    0.53915054    0.00000000

