7
A0A0A5HNI7_9BACI/287-394     0.00000000    0.87768923    1.21018862    1.45995820    1.73186948    1.39910283    1.50722342
A0A075LNX4_9BACI/286-393     0.87768923    0.00000000    1.24026186    1.64823017    1.72164274    1.67808245    1.52900856
A0A0K0G900_9FIRM/279-389     1.21018862    1.24026186    0.00000000    1.32160324    1.83749025    1.90777813    1.67727486
U5SD15_9LACT/282-389     1.45995820    1.64823017    1.32160324    0.00000000    1.09653854    1.27538791    1.41580450
A0A0D1JBK4_9LACO/275-383     1.73186948    1.72164274    1.83749025    1.09653854    0.00000000    0.72539892    0.66566332
A0A0R1VUL5_9LACO/278-386     1.39910283    1.67808245    1.90777813    1.27538791    0.72539892    0.00000000    0.42126984
A0A0R2NGQ6_9LACO/301-409     1.50722342    1.52900856    1.67727486    1.41580450    0.66566332    0.42126984    0.00000000

