23
K7F2A4_PELSI/103-220     0.00000000    0.24245362    0.31264039    0.38173208    0.40968556    0.35288104    0.29297654    0.31220513    0.30141728    0.38072108    0.43195417    0.57311210    0.70317701    0.75675223    0.66137911    0.67385286    0.82365803    0.74025223    0.38191998    0.70219500    0.86432262    0.67955001    0.34097972
A0A093GLI8_DRYPU/70-183     0.24245362    0.00000000    0.32127968    0.35002426    0.43709710    0.30476659    0.30449897    0.36683400    0.35218008    0.34622892    0.41469549    0.57595924    0.69899555    0.69910630    0.67656633    0.65778840    0.79180992    0.67233947    0.41642780    0.78886164    0.86594753    0.80126591    0.35965060
W5PTV4_SHEEP/203-319     0.31264039    0.32127968    0.00000000    0.27748371    0.53523691    0.41488087    0.38731456    0.40079318    0.40142439    0.47442135    0.55917497    0.73218708    0.74285616    0.81885064    0.72636980    0.71368080    0.83881501    0.78910491    0.48267612    0.93124358    0.94419634    0.76456825    0.42197905
PDE4C_RAT/19-135     0.38173208    0.35002426    0.27748371    0.00000000    0.62026496    0.42793510    0.42246901    0.44143121    0.40590489    0.42122134    0.44358577    0.59386665    0.76067425    0.66601903    0.66147452    0.69998529    0.72241591    0.64931761    0.50187268    0.84863994    0.94697708    0.83625885    0.39632642
H3B0V9_LATCH/89-204     0.40968556    0.43709710    0.53523691    0.62026496    0.00000000    0.50456580    0.45475411    0.44951106    0.44050658    0.55932498    0.57065555    0.69546524    0.85160332    0.93506037    0.83941850    0.77073017    0.94789495    0.92222757    0.51231330    0.97854605    1.14087470    0.93952773    0.47612561
H3D0H2_TETNG/75-192     0.35288104    0.30476659    0.41488087    0.42793510    0.50456580    0.00000000    0.23257841    0.29886777    0.27657035    0.38405093    0.37179621    0.60305686    0.70155570    0.75665157    0.75487762    0.75058853    0.82299581    0.62487053    0.43261255    0.71303119    0.87987737    0.68631761    0.37752266
G3NZR0_GASAC/71-188     0.29297654    0.30449897    0.38731456    0.42246901    0.45475411    0.23257841    0.00000000    0.17756311    0.15839119    0.38917565    0.39229063    0.56691846    0.72859436    0.68933392    0.69381371    0.74355538    0.80147330    0.71256982    0.35086828    0.70588566    0.83854943    0.68832482    0.33367181
A0A674PJA5_TAKRU/116-232     0.31220513    0.36683400    0.40079318    0.44143121    0.44951106    0.29886777    0.17756311    0.00000000    0.13653195    0.42760127    0.42130452    0.50503848    0.68218054    0.73358510    0.68522787    0.68738760    0.76330623    0.75883494    0.36788331    0.71506141    0.77661482    0.66707025    0.31899619
H2LWI7_ORYLA/130-246     0.30141728    0.35218008    0.40142439    0.40590489    0.44050658    0.27657035    0.15839119    0.13653195    0.00000000    0.38575254    0.40900658    0.49046418    0.68426014    0.71143732    0.71600407    0.73906588    0.72314686    0.72602429    0.29639364    0.70465996    0.77414683    0.64871874    0.29748429
H2TMU7_TAKRU/135-250     0.38072108    0.34622892    0.47442135    0.42122134    0.55932498    0.38405093    0.38917565    0.42760127    0.38575254    0.00000000    0.26150060    0.53498134    0.62699022    0.63506438    0.63361620    0.59859001    0.69218791    0.65930809    0.29993069    0.57661456    0.69008673    0.66478160    0.23569935
F1M8I9_RAT/173-286     0.43195417    0.41469549    0.55917497    0.44358577    0.57065555    0.37179621    0.39229063    0.42130452    0.40900658    0.26150060    0.00000000    0.56411562    0.70687104    0.68468131    0.76140314    0.75825560    0.75225854    0.72468291    0.34552945    0.43790333    0.82646726    0.72145501    0.29665886
K1QVW6_CRAGI/11-131     0.57311210    0.57595924    0.73218708    0.59386665    0.69546524    0.60305686    0.56691846    0.50503848    0.49046418    0.53498134    0.56411562    0.00000000    0.67878512    0.58921775    0.57839084    0.60997900    0.65003465    0.71704497    0.47421287    1.04264474    1.03280436    0.98607986    0.46984157
A7RQM4_NEMVE/38-148     0.70317701    0.69899555    0.74285616    0.76067425    0.85160332    0.70155570    0.72859436    0.68218054    0.68426014    0.62699022    0.70687104    0.67878512    0.00000000    0.77862652    0.81102308    0.84531193    0.84168349    0.94001715    0.68728078    1.24126079    1.17511736    1.19207341    0.62155566
B7PZJ5_IXOSC/7-127     0.75675223    0.69910630    0.81885064    0.66601903    0.93506037    0.75665157    0.68933392    0.73358510    0.71143732    0.63506438    0.68468131    0.58921775    0.77862652    0.00000000    0.68037844    0.82918824    0.77558668    0.65587201    0.62532719    1.11078485    1.18326918    1.05272133    0.60498094
A0A0N4UPG7_DRAME/13-127     0.66137911    0.67656633    0.72636980    0.66147452    0.83941850    0.75487762    0.69381371    0.68522787    0.71600407    0.63361620    0.76140314    0.57839084    0.81102308    0.68037844    0.00000000    0.30246084    0.24140388    0.58032573    0.70864812    1.19104891    1.30760942    1.21775378    0.64057786
A0A0N4VSL4_HAEPC/24-140     0.67385286    0.65778840    0.71368080    0.69998529    0.77073017    0.75058853    0.74355538    0.68738760    0.73906588    0.59859001    0.75825560    0.60997900    0.84531193    0.82918824    0.30246084    0.00000000    0.32630708    0.63901981    0.67077065    1.23136483    1.37724929    1.22899569    0.61625687
A0A044QQH1_ONCVO/92-206     0.82365803    0.79180992    0.83881501    0.72241591    0.94789495    0.82299581    0.80147330    0.76330623    0.72314686    0.69218791    0.75225854    0.65003465    0.84168349    0.77558668    0.24140388    0.32630708    0.00000000    0.77810878    0.73672045    1.20487335    1.34040009    1.27544011    0.67905271
A0A077Z781_TRITR/71-179     0.74025223    0.67233947    0.78910491    0.64931761    0.92222757    0.62487053    0.71256982    0.75883494    0.72602429    0.65930809    0.72468291    0.71704497    0.94001715    0.65587201    0.58032573    0.63901981    0.77810878    0.00000000    0.68297056    1.19539923    1.34846537    1.38028101    0.66648256
A0A669BGG6_ORENI/106-222     0.38191998    0.41642780    0.48267612    0.50187268    0.51231330    0.43261255    0.35086828    0.36788331    0.29639364    0.29993069    0.34552945    0.47421287    0.68728078    0.62532719    0.70864812    0.67077065    0.73672045    0.68297056    0.00000000    0.54460055    0.58663872    0.57231673    0.16666116
G3TVY9_LOXAF/178-288     0.70219500    0.78886164    0.93124358    0.84863994    0.97854605    0.71303119    0.70588566    0.71506141    0.70465996    0.57661456    0.43790333    1.04264474    1.24126079    1.11078485    1.19104891    1.23136483    1.20487335    1.19539923    0.54460055    0.00000000    0.61053377    0.64108274    0.55757583
A0A099ZIP9_TINGU/36-146     0.86432262    0.86594753    0.94419634    0.94697708    1.14087470    0.87987737    0.83854943    0.77661482    0.77414683    0.69008673    0.82646726    1.03280436    1.17511736    1.18326918    1.30760942    1.37724929    1.34040009    1.34846537    0.58663872    0.61053377    0.00000000    0.61811489    0.46474927
A0A091IAV6_CALAN/71-181     0.67955001    0.80126591    0.76456825    0.83625885    0.93952773    0.68631761    0.68832482    0.66707025    0.64871874    0.66478160    0.72145501    0.98607986    1.19207341    1.05272133    1.21775378    1.22899569    1.27544011    1.38028101    0.57231673    0.64108274    0.61811489    0.00000000    0.57900181
G7NW27_MACFA/166-281     0.34097972    0.35965060    0.42197905    0.39632642    0.47612561    0.37752266    0.33367181    0.31899619    0.29748429    0.23569935    0.29665886    0.46984157    0.62155566    0.60498094    0.64057786    0.61625687    0.67905271    0.66648256    0.16666116    0.55757583    0.46474927    0.57900181    0.00000000

