112
A0A0R1V0T3_9LACO/44-185     0.00000000    0.86070169    1.47726003    1.37830637    1.09689470    1.55719766    1.46637626    1.75531422    2.35157973    1.80584831    2.03791361    2.27828769    1.99071632    2.16328908    2.56229964    2.18517738    2.52291212    2.22892854    2.17697076    2.67461730    2.31214614    2.41161367    2.33101851    2.82879860    2.25864899    2.24323233    1.79934433    2.06690153    2.10932907    2.02702795    1.93670020    2.15475484    2.18280844    2.33474608    2.13087376    2.41428695    2.75085637    2.31662925    2.07497004    1.62859439    1.57609319    1.72295809    1.78166669    1.77100739    1.44754397    1.67040114    1.61610330    2.20002390    1.47855128    1.91119658    1.67660542    2.14089945    2.04867879    3.15254420    3.07079691    2.58874291    3.05844821    3.36074396    3.33930859    2.76450169    3.02899470    2.59264426    2.99797506    3.08587745    3.06964426    2.66332180    2.31600186    2.89608447    2.96381495    3.57486648    3.67179868    3.45258441    2.79289004    2.78051358    2.64363598    3.25192282    2.69564868    2.82930595    3.82330892    3.03917143    2.99305222    3.04870756    3.05369456    2.29719345    2.53243813    3.26827242    3.19619526    2.59102858    2.72745932    2.75812353    2.70313035    3.03576477    3.44517107    2.91156465    3.04781077    3.05061193    3.05697980    3.63055072    3.85560786    3.13095248    4.09509773    3.46953176    3.94859364    4.23932611    2.12364892    2.35577297    2.27525304    2.08697324    1.72861947    2.29904248    1.99392807    1.71000047
H4GI58_9LACO/40-178     0.86070169    0.00000000    1.08958418    1.11998973    1.02996338    1.21143295    1.30314455    1.45043342    1.69440337    1.68478130    1.72976292    2.18497829    2.09818156    2.48593502    2.26607745    2.17785844    2.22209995    2.55601146    2.39241220    2.25688666    1.89596575    2.15320334    2.34037640    2.47713466    2.60681087    2.06844266    1.59528175    2.07585198    1.99244305    1.81375397    1.76393877    2.08626811    2.13509873    2.08759996    1.76426421    1.86111760    2.28222645    2.05730884    1.91159610    1.49585090    1.78806486    1.58712431    1.63143896    1.46802635    1.40332709    1.77783505    1.72436088    2.09443904    1.61886968    1.53224564    1.68851015    1.76585344    1.70969487    2.43994455    2.65847962    2.49958959    2.68745755    2.75523909    3.06538401    2.53560050    3.04230710    2.48786370    3.13619585    2.55754028    3.27024756    2.48528253    2.00584759    2.81712340    2.77258658    3.36677302    4.04151297    3.07908468    2.76313695    2.35708758    2.48464960    2.87773809    2.33014670    2.87741884    3.40208508    3.21544210    3.20423911    2.53885947    2.80123422    2.54651845    2.79429296    2.95847602    3.00554707    2.82637500    2.96642187    2.30743131    2.44859776    3.25709113    3.26990819    2.81714261    3.00638160    2.54212005    2.74083152    2.85560735    3.27952639    2.70464656    3.07039252    3.00549310    3.34157412    3.48359508    2.35663567    2.00076498    1.85453097    1.73133772    1.61949347    1.81576917    1.66101696    1.68912164
A0A0R2H522_9LACO/40-184     1.47726003    1.08958418    0.00000000    1.15973448    1.20434578    1.20993239    1.39611735    1.53067612    1.77101593    1.84160893    2.43141019    2.37313816    2.17190990    2.49342842    2.16952385    2.41131408    2.05653423    2.71361958    2.27065051    2.36130973    2.04720783    2.22982847    2.08709608    2.68706050    2.55313029    2.15415174    1.57834680    2.05678603    2.23260941    2.02919387    1.73395436    2.01231506    2.06580084    2.46461766    2.15025804    2.02425998    2.49155072    2.13424746    1.73697298    2.17734375    1.95334846    1.95396912    2.03179078    1.96213633    2.07532966    2.01516548    1.79184030    2.53906800    1.83894601    1.50017425    1.92867084    2.12548651    2.13675263    2.72704667    3.45986932    2.70992003    3.21868079    3.79849455    4.17113073    3.48602397    3.29654898    2.81599565    3.57509171    3.75119463    3.83074399    2.96685980    2.77828533    3.06088615    3.10848174    3.86188920    3.84155359    3.68930042    2.78001758    3.11935822    2.81666591    3.14660255    2.83902483    3.22095071    4.01183280    3.23232828    4.07950134    2.59408475    2.85865368    2.41854113    3.02831278    4.08007507    3.32019008    3.35805909    3.41052666    2.93194862    2.89984919    3.84959604    3.15780605    2.79590607    3.31338143    3.29913216    3.19255030    3.25253824    3.08592505    3.19193857    3.41004547    3.74580845    3.37491302    3.41584765    4.16915706    1.95380744    1.71489064    1.95245027    1.88074588    1.71984478    1.82169115    2.09751007
A0A0R2IC76_9LACO/43-185     1.37830637    1.11998973    1.15973448    0.00000000    1.10985473    1.52803352    1.61207924    1.80029929    1.97950132    1.76775366    2.29468421    2.54637002    2.18008597    2.40683900    2.58948719    1.97652782    2.45119293    2.58545571    2.34821520    2.63839094    1.86497524    2.85036303    2.43790411    2.82231245    2.13002497    2.54963190    1.81233824    2.23523197    2.35944144    2.03133696    1.92091455    1.87414167    2.19033583    2.24637894    2.00656730    2.05959837    2.44872134    2.03695795    1.95451584    2.22600551    1.88065454    2.10371176    2.16153150    1.90124821    1.89287854    2.17417704    1.87117994    2.36342489    1.81493746    1.63884377    2.06626316    1.82099393    2.11767529    2.82879527    3.32654725    2.59715680    3.06819561    3.36135294    3.34085829    2.48123337    3.11330678    3.01419709    3.21126743    3.10130203    4.00696528    2.70687070    2.38236144    2.67060219    2.76459770    3.40541173    3.59077285    3.04702068    2.67527159    2.67635279    2.15637503    2.72758909    2.34103185    2.31005434    3.57879418    3.19608540    3.37179876    2.68418354    2.78524023    2.39062173    2.69526970    3.55869974    3.17259379    3.09578883    3.14891126    2.56338791    2.50331162    3.69391289    3.17895193    2.74543282    3.25478735    2.91589226    2.85995212    2.83326663    3.19640947    2.80280814    3.77012525    3.45621810    3.48725963    3.97459847    3.71397472    2.11421749    1.97184190    1.95561833    1.54497857    2.31113685    1.95786143    2.13212125
A0A0D4CJW3_LACMC/41-180     1.09689470    1.02996338    1.20434578    1.10985473    0.00000000    1.33918889    1.45433507    1.32325221    1.91123790    1.82350399    1.83975849    1.99885270    2.05429276    2.27880973    2.28237150    2.29233981    2.37242399    1.97336748    2.10689435    2.21177195    1.90558424    2.08173291    2.24626385    2.39743494    2.56371680    1.72022413    1.60536861    2.10343764    1.95142350    1.67417434    1.50417117    1.85117158    2.25803698    2.35704046    1.83164945    2.11531097    2.76485750    2.10828184    2.09130319    1.78119300    1.71614331    1.78530438    1.94153273    1.68349296    1.70271414    1.77686556    1.79586078    2.32426808    1.62315581    1.62252553    1.81655592    1.94387900    1.92317111    2.56679465    2.98332397    2.84971270    2.53367768    3.09679838    3.24038601    2.35118721    2.94728463    2.54927410    3.43106499    2.80973454    3.30198786    2.76536488    2.22940785    2.87165439    2.92922268    2.97010836    3.34295828    3.36868927    2.69513708    2.56663982    2.40129901    3.15054381    2.25942122    3.09509697    3.48624200    2.93422902    3.02336459    2.59623075    3.10274889    2.66260582    2.57024844    3.06147086    2.85446839    2.98045922    2.67762950    3.10243103    2.32804685    2.77410150    2.82627643    2.30373289    2.48120860    2.42791886    2.83543991    2.93272402    3.26683950    2.74973860    3.35022618    3.09486691    3.19232266    2.95699434    2.71050139    1.99451840    1.92005277    1.69631368    1.69095723    2.00659649    1.82555846    1.90619407
A0A0R1P433_9LACO/40-181     1.55719766    1.21143295    1.20993239    1.52803352    1.33918889    0.00000000    1.72726513    1.82106497    2.26540122    2.24175541    2.51463999    2.28346324    2.67414628    3.05573265    2.08666122    2.83018259    2.17459578    2.59075608    2.43980220    2.66148472    1.95954737    2.23752621    2.62337048    2.54860064    2.64455689    2.03543208    2.20523836    2.40253620    2.29703903    2.42734874    2.18946056    2.50837903    2.52441895    2.32133624    2.50930471    2.29527951    2.60795161    2.25767570    2.39453279    2.51487128    2.12154236    2.23312558    2.58462835    2.54564579    2.17408223    2.19353660    1.78294324    2.28713832    2.09197291    1.86726252    2.20425430    2.01924604    1.87955580    3.48259395    3.47014263    3.23961181    4.27771924    3.92480919    4.21683083    3.96444549    3.41349989    2.61188727    3.59306240    3.41696949    3.42812838    3.14674257    2.26862600    3.20793624    4.05783561    3.95142321    4.52204305    3.71440965    2.94235105    3.07542120    2.75196042    3.21554250    2.49443155    3.72039179    3.31171286    3.08780426    3.34223400    3.06356866    3.44090520    3.06081289    3.19782237    4.05822218    3.15462657    2.95044944    3.43533603    2.96039105    3.38145538    3.36169754    3.36631989    2.48956997    4.02144657    3.06570984    3.43532730    3.07501580    3.53663084    3.20065465    3.03449298    3.66667576    3.62986069    4.18690050    3.74316121    2.19773282    2.10229441    2.28740737    1.93286366    2.28084176    2.03079371    2.17044617
A0A0R1RGT9_9LACO/43-177     1.46637626    1.30314455    1.39611735    1.61207924    1.45433507    1.72726513    0.00000000    1.50220895    1.92538193    1.49458278    1.88191706    2.29946745    2.18029399    2.28102743    2.47808414    2.12105307    2.11723465    2.36036869    2.32162401    2.36127475    1.88327095    2.33952147    2.10995762    2.24719189    2.42088004    2.18617006    2.12055845    2.21395143    2.09232980    2.01496475    1.87266084    2.09997566    2.21891580    2.40317365    2.34886461    1.89073614    2.46636748    2.13575942    1.75214619    1.85575948    2.13514749    1.78864480    1.79917034    1.83529126    1.71312244    1.55277569    1.92383677    1.71394865    1.81917451    1.90048188    1.89256130    2.70181812    1.91619010    3.14248698    3.59215649    2.84788961    2.74742672    3.27017300    3.22263136    2.78652294    2.88998897    2.78262457    3.36008167    3.45294901    2.92551288    2.76365694    2.05105293    3.40378780    3.42135379    3.92029101    4.21646741    3.58391906    2.67477898    2.98161170    2.40796252    3.24028279    2.70112753    3.01474439    3.49719004    2.91932185    3.65422552    2.79097169    3.22152033    2.57783174    2.63151768    3.98563045    3.50110006    2.40274480    3.08205734    2.54572522    2.97187526    3.16438515    3.49529944    2.89481111    3.54943944    3.35215321    3.77613802    3.94635339    3.83876176    3.76051203    4.14485331    4.06378124    3.82563149    4.65513917    3.46568204    1.86554570    2.18900318    2.02335605    1.46032623    2.08262579    1.56612770    2.08677664
A0A0R2A6Y6_9LACO/30-173     1.75531422    1.45043342    1.53067612    1.80029929    1.32325221    1.82106497    1.50220895    0.00000000    1.85437115    1.90519408    1.83049919    2.20609142    2.39509958    2.83061009    2.38508901    2.29663308    2.42039343    2.69151840    2.13711553    2.26125444    2.02976662    1.97293231    2.08839655    2.34832449    2.41899414    1.86692976    1.78503659    2.13376101    1.64512853    1.92512257    1.93759696    1.76076010    2.21745319    2.12863727    1.70401394    1.67666062    2.17030673    1.87772102    1.90433544    1.70628269    1.93293879    1.89236933    1.71461738    1.49942323    1.66805783    1.66484439    1.83007640    2.35781670    1.76554227    1.76429783    1.71492264    2.22875799    2.09527868    2.73492699    2.94344881    2.78763303    3.22045724    3.40094502    3.60942004    2.98481637    2.93268996    2.54685793    3.19847846    3.48593191    2.81828987    2.52350237    2.02985496    2.63267145    3.28072136    3.26789359    3.83357967    3.56130498    2.97042219    3.33327580    2.79369456    3.19952281    2.58927590    2.91126745    3.13924724    2.89796813    3.99650837    2.58195291    2.64303481    2.64251247    3.04667156    3.57012055    3.97123364    2.48391319    2.58199831    2.45780723    2.99771328    3.22623088    3.69883871    3.23081727    3.51137975    3.87891353    3.64322894    4.76365073    5.06042511    4.47337085    3.69799085    3.95536192    4.52354884    4.12577559    3.08555812    1.82477564    2.01238264    2.05887628    1.95915937    1.96687905    1.95043166    2.10200559
A0A0R2BJV7_9LACO/48-192     2.35157973    1.69440337    1.77101593    1.97950132    1.91123790    2.26540122    1.92538193    1.85437115    0.00000000    1.97049819    2.25894460    1.94356797    2.83211371    2.95807272    2.56502149    2.45810835    2.75071226    2.48716899    2.39300457    2.15322416    2.33584686    2.19759829    2.68639185    2.98948082    2.92573847    1.79459520    1.97749068    1.95060887    1.73276425    1.93598791    1.56393866    1.93533094    1.86767724    2.13581109    2.03718513    2.12927144    2.13682298    1.78172894    1.91102635    1.71640816    1.91032411    1.73099228    1.91096839    1.91197459    1.64388570    1.89116919    1.75233136    2.62714845    1.75918125    1.67251222    1.87623320    1.93595558    1.88766508    2.51406057    2.57985431    3.19120960    2.72102506    2.69042795    2.67534015    2.34385022    2.74815823    2.52864316    3.12993215    2.90123783    3.71097822    3.06830655    2.61728221    2.63953255    3.39797956    3.88026650    3.85558115    3.42287201    3.16326471    3.89103293    3.09734177    2.84601352    3.43757629    3.15890093    4.04164435    3.89382350    3.86536879    2.70436275    3.25987027    2.93920651    3.05539714    3.33124352    3.43267926    2.69380875    3.31218984    3.03772763    2.65676015    3.59183323    3.14385488    2.58693373    2.63125997    2.55007048    3.72384740    3.87861774    3.97228594    3.63547593    3.97651444    3.48896418    3.41692597    3.10588157    3.30272669    1.76249525    1.87603359    1.75179188    1.92170974    1.88076466    1.94844132    1.92494700
A0A2V1N5E1_9LACO/46-182     1.80584831    1.68478130    1.84160893    1.76775366    1.82350399    2.24175541    1.49458278    1.90519408    1.97049819    0.00000000    1.39633964    1.66824854    1.86532059    2.05519318    2.54417767    2.38506764    2.75109768    1.94751688    2.42094561    2.23029239    1.80715033    2.14133809    2.25718221    2.63771234    2.36295309    1.83245026    1.45206759    1.66001821    1.27965474    1.61770057    1.87998784    1.60514686    2.24930884    2.16695362    2.77169707    2.35371092    3.14031869    1.93849124    1.73077129    1.19808647    1.56227802    1.76842130    1.42390574    1.48448568    1.58985117    1.54873290    1.63813414    2.04004074    1.48514220    1.53600304    1.79179112    1.99734167    2.14667957    2.25739940    3.48801404    3.31046677    3.56924895    3.10413898    3.06948295    2.81944903    3.42413568    2.83801716    2.99673545    3.20672515    3.74941094    2.48463395    2.17484196    2.81009474    3.14472431    3.09279384    2.75231453    3.36389708    2.84145160    2.47095327    2.35447815    3.40394293    2.77117488    2.97542068    3.66500852    3.32330551    4.43272740    2.44870195    2.79009972    3.14062052    2.76097878    3.72784221    3.67549431    2.60171830    3.43314713    2.62635376    2.51474065    3.20185570    2.89157842    3.78043384    2.93453208    3.00454634    2.71200202    3.12471753    3.37451946    3.43764534    3.73356732    2.87225987    2.59909217    3.16273940    3.44677833    1.75539476    1.92101599    1.78670571    1.73547163    2.11587300    1.83561411    1.72037547
A0A1H9UGZ2_9LACT/47-191     2.03791361    1.72976292    2.43141019    2.29468421    1.83975849    2.51463999    1.88191706    1.83049919    2.25894460    1.39633964    0.00000000    1.35521210    2.12573569    2.23645118    2.25471518    2.58980322    2.54681642    2.38906234    1.99373952    2.30988125    1.97002276    1.86968602    2.70295435    2.49805007    2.56723391    1.83866799    1.77880069    1.94165375    2.18752091    2.19863817    1.83303667    2.16637700    2.41880330    2.89367865    3.19150489    2.82958282    3.17875259    2.17550186    1.76471547    1.59988164    1.99738348    2.08571366    1.65955173    2.10560253    1.87851549    1.81927992    2.03599570    2.23341883    2.04714042    2.23165547    2.22581583    2.23442997    1.74823323    2.80382432    2.96387069    3.55634986    3.72421722    3.65856341    4.24690733    3.55320214    3.20999106    2.60249749    4.42213335    3.63453938    3.24639297    2.66348363    1.92544269    3.79367760    3.82248369    3.56904059    4.21424998    4.14683579    3.41507730    3.86287927    3.36162185    3.80993704    2.96218734    3.55059730    3.53826078    3.69209728    4.37375299    2.88985830    3.14830210    3.45958312    3.35824502    4.28642475    4.32624492    3.43609515    4.15707927    2.93846365    2.54221483    3.68824526    3.85601873    3.18044646    3.26696556    3.38343624    3.95969724    3.99704232    4.06157425    3.73366247    3.64809629    4.25256108    4.23676786    4.02090824    3.73761138    2.35775986    2.25533837    2.11198444    2.17493686    2.24766935    2.10827585    2.44245265
A0A1X7NR71_9LACT/43-197     2.27828769    2.18497829    2.37313816    2.54637002    1.99885270    2.28346324    2.29946745    2.20609142    1.94356797    1.66824854    1.35521210    0.00000000    2.24538080    2.26951460    2.12441822    2.17958469    2.28628226    2.45956336    2.04669840    2.45457159    2.18601801    2.29964055    3.13740123    2.72540129    2.43549062    1.99564831    1.91251353    1.98215055    1.85407561    1.85586549    2.16966167    2.24367272    2.69395266    2.57389208    2.92143042    2.88748856    3.08912320    2.09426528    1.78101739    1.60568281    1.90387177    2.01390533    1.80157847    2.28374545    2.03278463    1.61204446    1.96187175    2.57631931    2.04934319    2.34126422    2.60733142    2.60411470    2.48819689    2.54331641    3.27611591    3.85755541    3.69578144    3.54045297    4.31142287    3.45346332    3.58838024    2.69727910    4.52125030    3.77003715    3.79661601    2.71144460    2.43339757    3.06498852    3.71151874    3.47301261    4.52176351    3.55668394    3.60141310    3.19476126    2.99006283    3.28125979    3.10741345    2.96474983    3.70363238    3.77238145    4.32621762    2.68986461    4.12106896    4.18748905    3.65674128    3.58641086    4.41727647    3.20478094    3.53008862    2.93409909    3.71448599    3.97438146    4.02878941    3.29993666    3.01843167    4.18468173    3.45852998    4.10758061    3.95636237    3.95449697    3.98683366    4.52906769    4.28605997    4.33126295    3.11379598    2.04753107    2.31534426    2.60502939    2.49339815    2.15357565    2.43140515    2.07623425
A0A1U7EAY2_9LACT/42-184     1.99071632    2.09818156    2.17190990    2.18008597    2.05429276    2.67414628    2.18029399    2.39509958    2.83211371    1.86532059    2.12573569    2.24538080    0.00000000    0.76006408    2.60984779    2.40875711    2.58380903    1.97435740    2.39508585    2.31550118    2.10001402    2.26424627    2.60682880    2.89351328    2.54749589    2.37842014    2.02494443    2.26917718    2.20050561    1.83856366    2.11402787    2.12031129    2.52935620    2.83092483    2.87626843    2.97710157    2.95906107    2.35557698    2.44011786    2.50681158    2.44726048    2.13978431    2.28012473    2.20867839    2.33014925    1.91532501    2.32295805    2.52552280    2.19081027    2.40801220    2.31863010    2.53343739    2.35662631    2.81363012    3.00465886    3.27746708    3.28101510    3.68798982    3.82998507    3.09148566    2.94457519    3.29124095    3.32142874    3.59821186    3.33285473    2.56441988    1.90464285    3.77570706    4.24419842    3.43426678    3.90578167    4.09567154    3.49224610    3.66749989    3.47033979    3.60610074    2.89305408    3.55317654    4.13706051    4.09329772    3.85986125    2.65533428    3.23053661    3.20653464    3.24753626    3.81131824    3.69227049    3.08780504    3.54665933    2.92317881    2.57057221    3.13542158    3.63856848    3.35271671    3.36305786    3.51841263    3.51923258    3.55333340    3.41680394    4.16923605    4.97651465    3.56550648    3.48698198    4.61804936    3.65108934    2.50829453    2.38712099    2.79545893    2.32971576    2.90588398    2.12863211    2.70355137
A0A1S6IN77_9LACT/42-184     2.16328908    2.48593502    2.49342842    2.40683900    2.27880973    3.05573265    2.28102743    2.83061009    2.95807272    2.05519318    2.23645118    2.26951460    0.76006408    0.00000000    2.38347502    2.52665623    2.44877943    2.59433727    2.64038177    2.20050689    2.21771924    2.60622478    2.71479627    3.17606908    2.76586742    2.80489232    2.33773106    2.37106197    2.31434107    2.20161518    2.65974718    2.45263415    2.89508094    3.30270071    3.38163670    3.67120066    3.37676525    3.27146754    2.42186047    2.82233322    2.48844956    2.42994684    2.60409886    2.33431909    2.71587909    2.28793653    2.74269255    2.74268846    2.20660057    2.85535403    2.62126459    2.61810575    2.97677699    3.68973695    2.96125314    3.60741446    3.13117724    3.71593308    3.97172829    3.08933251    3.11835366    3.23638562    3.75479353    3.59667575    4.26897889    3.06165383    2.46338032    3.69822120    4.35379059    3.16994978    4.26628658    4.23659147    3.57227535    3.47572035    3.39216086    3.54797811    2.85270131    3.61650272    4.35020084    4.33268255    4.69046537    2.84257487    3.33539293    3.84056416    3.91905919    4.07753733    3.89552892    3.10274922    3.83063552    2.99851689    3.41152121    3.21631039    3.99833687    3.07834994    4.18184554    3.42508209    3.53891638    4.30505032    4.34620659    5.14436424    6.51418339    4.43708154    3.44203031    4.98760111    4.07896204    2.86393518    3.01533957    2.59472183    2.49259479    3.27891966    2.49778929    2.87127065
A0A1M4TQ71_9LACT/46-193     2.56229964    2.26607745    2.16952385    2.58948719    2.28237150    2.08666122    2.47808414    2.38508901    2.56502149    2.54417767    2.25471518    2.12441822    2.60984779    2.38347502    0.00000000    2.55803669    2.04920583    2.83215023    2.92346622    2.43479415    2.21329820    2.90757814    3.47281582    2.76730160    3.29872138    2.47728480    2.41753692    2.44716117    2.45177371    2.67547193    2.50760675    2.73249977    3.18572322    3.13742442    3.30992490    3.33568172    3.43899651    3.03825357    2.08905357    2.61775821    2.51360893    2.72551349    2.44248821    2.44955944    2.28693335    2.37628833    2.41838936    2.20214900    2.47481091    2.86691064    2.87094109    3.11141514    2.69573852    2.67120785    2.72326634    3.53578874    3.07553757    2.88999324    2.87837057    2.26949553    2.40769916    2.76111177    3.69354965    4.18566898    3.40002447    2.65757267    2.99368760    2.72387832    3.24090463    3.42362063    4.41781678    3.09654381    3.36678506    3.40079043    2.45782178    3.03995428    2.63644719    3.20077989    3.17293768    3.32493900    4.60337241    2.74550890    3.84894455    3.37782392    3.17270666    3.62346716    3.67848622    3.05641148    2.91110151    2.55887449    3.45191325    3.67754705    2.80413502    2.67404446    2.85406023    2.82330110    4.14009929    3.69295750    3.53039521    3.64080794    3.21482009    3.01312070    3.10435876    3.33122355    2.49656552    2.38796879    2.67690520    2.62818039    2.96684750    2.47864786    2.52876750    2.53511722
K9E8S1_9LACT/42-186     2.18517738    2.17785844    2.41131408    1.97652782    2.29233981    2.83018259    2.12105307    2.29663308    2.45810835    2.38506764    2.58980322    2.17958469    2.40875711    2.52665623    2.55803669    0.00000000    2.25350367    2.27609129    2.25576011    2.61167228    2.48492015    2.70284962    2.75091158    3.50084362    2.35897718    2.95542979    2.06058321    2.37714375    2.20562193    2.17397229    2.07340263    2.09868660    2.74474544    2.96081992    3.03709243    2.67033237    3.00626926    2.82362359    2.24905176    2.69361038    2.21889329    2.50844002    2.32697719    2.54273727    2.25498916    2.66304370    2.72339983    3.08263369    2.01714923    2.36605332    2.37779014    2.74335672    2.84431939    3.39098362    3.22469251    3.48800842    2.74440179    3.35970655    3.18948110    3.15669980    2.92087979    3.22674250    3.57374468    3.92745314    3.99400161    3.19357958    2.60190470    3.32229900    3.30932325    3.37571218    3.66826121    3.45675059    3.31226899    3.11552515    3.13879545    2.91215750    2.84100918    3.18299986    3.65008085    3.84874660    3.75691716    2.64030208    3.50018954    3.12941374    2.71505691    3.28898025    3.85497877    3.21882114    4.24957943    3.65729842    3.67216972    4.66745572    3.76458335    3.19846672    3.19106134    3.13461007    3.30890031    4.13549582    3.63175641    3.75454286    4.96238083    3.84497219    4.48050021    3.93105511    3.47953168    2.82404181    2.45886425    2.04629616    2.16164382    2.66873610    2.18066333    2.24600386
H3NEG8_9LACT/40-184     2.52291212    2.22209995    2.05653423    2.45119293    2.37242399    2.17459578    2.11723465    2.42039343    2.75071226    2.75109768    2.54681642    2.28628226    2.58380903    2.44877943    2.04920583    2.25350367    0.00000000    2.18307601    2.22659579    2.41761408    2.28127769    2.44565501    2.88595974    3.04514552    2.91433631    2.45550906    2.24048249    2.32934531    2.47782091    2.49719326    2.77020741    2.61260079    3.46952047    2.88133358    2.78009683    2.81177173    3.05915435    2.49665469    2.07980291    2.42582840    2.64451297    2.61786605    2.69218256    2.29747464    2.29855969    2.51214418    2.35116560    2.64566461    2.24935783    2.69598025    2.41119324    2.54728584    2.50505058    3.06781538    2.68645410    2.73871055    3.02980685    3.00601863    2.51791778    2.46275605    2.43710550    2.44935718    2.95058287    3.34902895    3.09723821    3.08121589    2.37412542    2.56805226    3.01343172    3.46283866    3.93991345    2.96151741    2.71248089    3.29171873    2.76937798    2.83728234    2.70663232    2.58947120    3.08448331    2.80140638    2.86413652    2.64647927    3.44241075    2.88835678    2.68658031    3.17814777    3.55056625    2.71983208    3.08460326    2.40042228    3.57527657    4.01322487    4.14131614    3.31168349    3.25800017    3.29324069    4.72077468    3.19641655    2.61613572    2.76977821    3.83031244    4.10248386    3.89648864    4.07593066    3.32844610    2.52554439    2.18029588    2.23044663    2.08051304    3.00527187    2.07571944    2.25912801
A0A1D2KQU3_BROTH/41-171     2.22892854    2.55601146    2.71361958    2.58545571    1.97336748    2.59075608    2.36036869    2.69151840    2.48716899    1.94751688    2.38906234    2.45956336    1.97435740    2.59433727    2.83215023    2.27609129    2.18307601    0.00000000    2.63868470    2.65170029    2.38839553    2.59681435    2.85238177    3.22749467    2.42297119    2.68609549    2.06611797    2.41301990    2.15908404    2.00498118    1.85351352    2.26835061    2.82525794    3.45302744    2.76971180    3.81362847    3.85910692    2.33385419    2.16202880    2.37924617    1.93417514    1.98677882    2.28246427    2.41699870    2.12790688    2.29921855    2.30921461    2.86268582    2.07156871    2.45656075    2.07379944    1.88046696    2.20044219    3.22223883    3.18148173    3.31992643    2.64801751    3.09877139    3.33695449    3.48483139    2.99291024    2.36848161    2.61565459    3.44478711    3.39935057    2.32038589    1.73103559    2.95409718    4.33986846    3.55725770    3.43009158    3.61634313    3.01625151    3.04456078    3.14543928    2.47314413    2.52203789    3.50747385    3.43390310    3.12122814    3.21666231    2.74715122    2.74580311    2.94121199    2.65873367    3.41146980    3.71948900    2.29884048    3.85987334    2.66262218    3.07534587    3.04096285    3.38555514    2.89083940    2.51718553    2.62947447    3.14797380    2.76695975    2.98839860    2.88903138    5.36316087    3.70785929    3.27655729    4.09065767    3.38600881    2.53980604    2.67446027    2.48455483    2.69169761    2.74120800    2.02465025    2.59634355
R2QMN3_9ENTE/43-192     2.17697076    2.39241220    2.27065051    2.34821520    2.10689435    2.43980220    2.32162401    2.13711553    2.39300457    2.42094561    1.99373952    2.04669840    2.39508585    2.64038177    2.92346622    2.25576011    2.22659579    2.63868470    0.00000000    1.36598235    1.00345988    1.14237099    1.88002482    1.86769936    1.95272613    2.09420095    1.97798717    2.30544757    2.32203798    2.03352237    2.06064379    2.26684603    2.63497355    2.77565645    2.93501598    2.80902552    3.12175879    2.19681027    1.64224065    2.20159694    2.41203786    2.15353301    1.88001038    2.06214128    2.23069957    2.32691130    1.95325119    2.39617150    2.30190268    2.57186856    2.21117854    2.48513800    1.99344024    3.68133775    3.53711777    3.44059675    3.02470065    3.92028424    3.48737524    3.14429498    2.87377593    2.25650136    2.92837183    3.34969798    3.84528517    2.78820767    2.79109457    3.05970804    3.19286790    3.42271723    3.81467170    3.46199489    3.30109185    3.55328665    2.88934108    2.85769998    3.40178023    3.06337593    4.05631447    3.63377020    3.57208624    2.72323597    3.57199093    3.48773262    3.45779625    3.64793214    3.88275909    2.98990335    3.48750120    2.94533110    3.61117480    4.16047387    3.27689551    4.04231811    4.08302841    3.85927553    4.27143870    4.47865749    4.45946204    4.64035271    4.61122566    4.84508493    4.47549303    5.14326188    3.78990827    2.49515446    2.33525911    2.34488571    2.42911963    2.40470220    2.72646974    2.37424476
A0A430AVS1_9ENTE/42-191     2.67461730    2.25688666    2.36130973    2.63839094    2.21177195    2.66148472    2.36127475    2.26125444    2.15322416    2.23029239    2.30988125    2.45457159    2.31550118    2.20050689    2.43479415    2.61167228    2.41761408    2.65170029    1.36598235    0.00000000    1.04707685    1.31011870    2.16656248    2.49653923    2.52526843    2.34436120    1.58650852    1.89019782    1.96453215    2.24548406    2.10070282    2.21507931    2.62414214    2.54274544    2.58002409    2.69664533    2.52430529    2.32160659    1.73778497    2.15374861    2.15174238    2.15098894    1.76443586    1.95210982    2.11523300    1.90672436    1.60612745    2.73560857    2.17697077    2.23473382    2.41839749    2.60543948    2.38866278    2.91215670    3.22361398    3.33433717    2.97065731    3.85262865    2.77885958    2.82772218    3.50280874    2.60474044    3.62256727    3.64832773    3.76189402    2.91301025    2.49754806    3.56265109    3.36248922    3.84704391    4.64181076    4.14272715    3.51391704    3.14257272    3.38452088    3.21668518    3.43212560    3.30740724    4.26860341    4.12196735    4.28123608    2.98637248    3.46115342    3.55936642    3.87851776    3.79624192    4.51242335    2.77679721    3.45576710    3.04758474    3.75668904    4.10169317    4.33495625    3.65444022    4.08182119    3.69943654    4.11014776    3.98402288    4.02717928    3.63033052    5.90332946    5.32304693    4.65399889    4.25629978    3.88947464    2.54406634    2.59609750    2.22154968    2.31861970    2.65976102    2.26464518    2.81652728
A0A430AJU9_9ENTE/51-196     2.31214614    1.89596575    2.04720783    1.86497524    1.90558424    1.95954737    1.88327095    2.02976662    2.33584686    1.80715033    1.97002276    2.18601801    2.10001402    2.21771924    2.21329820    2.48492015    2.28127769    2.38839553    1.00345988    1.04707685    0.00000000    1.24511598    2.17359416    1.92925194    2.02574198    2.00212212    1.48221515    2.05029018    1.56883066    2.00600223    1.89010699    1.98877787    2.43823983    2.19884131    2.65305548    1.96312725    2.70179128    2.00036685    1.39756029    2.00704033    1.71541490    2.03986630    1.91651638    2.07267143    2.00896608    1.89607850    1.67965260    2.04656405    1.95588599    1.90362787    1.89786176    2.29689514    2.31954023    3.17787357    3.00938304    2.91000757    2.91400960    3.17532963    2.72499687    2.48789283    3.23295503    2.20701859    2.64677562    3.48282296    3.77860008    2.53303474    2.31358884    3.44318143    3.25068027    3.82181289    3.71212754    3.10519891    2.92657970    3.24128237    3.10916170    3.13023689    3.29234292    3.01640940    4.19426509    3.66211528    3.71362168    2.77639020    3.51531662    3.21709377    3.26257037    3.77349577    3.98743013    2.50647419    2.79174386    3.26495774    3.13551957    3.63669078    3.55496221    2.82587002    3.23330975    2.58947065    3.35984261    3.11598180    3.35335818    3.72579912    3.80934256    3.57285896    3.62218608    4.13042399    3.03583452    2.25945144    2.10621278    2.17779554    2.14038379    2.58536292    2.20118614    2.24120898
A0A430ACX0_9ENTE/45-187     2.41161367    2.15320334    2.22982847    2.85036303    2.08173291    2.23752621    2.33952147    1.97293231    2.19759829    2.14133809    1.86968602    2.29964055    2.26424627    2.60622478    2.90757814    2.70284962    2.44565501    2.59681435    1.14237099    1.31011870    1.24511598    0.00000000    2.19665714    2.20577703    2.15620010    2.16702543    1.92144867    2.29246623    1.83203656    2.16685999    1.97765936    2.17956141    2.08440920    2.20361891    2.20907671    2.43409994    2.65405694    2.07660709    1.86819874    1.82515572    2.06061579    2.16642081    2.07598096    2.35690325    2.54280334    1.83635902    1.84986348    2.24292143    1.93015237    2.22671862    2.17758658    2.53671698    2.24737665    2.74111621    3.05275914    3.24258944    3.11407447    3.45158102    3.06855495    2.97734128    2.80762843    2.17872367    3.35267363    3.57055713    3.41287739    2.90074066    2.48541188    3.05094970    3.10193220    2.99458256    3.92065932    3.06733058    2.88233324    2.90713624    3.02028799    3.08345115    3.11122843    3.14276578    3.53947489    3.16487979    3.06932888    2.50480426    3.29758727    3.26757648    2.71795230    3.70402134    3.80710960    2.45997489    3.12491037    2.59935836    3.39487983    4.19989068    3.82145789    3.72185999    3.16645105    3.09791757    4.00852505    4.41511910    4.53504001    4.12550761    4.28670526    4.81844406    4.55731641    4.46430514    3.80059590    2.58946787    2.60007219    1.97635721    2.31195399    2.69932910    2.32921318    2.65203738
Q8DY69_STRA5/42-188     2.33101851    2.34037640    2.08709608    2.43790411    2.24626385    2.62337048    2.10995762    2.08839655    2.68639185    2.25718221    2.70295435    3.13740123    2.60682880    2.71479627    3.47281582    2.75091158    2.88595974    2.85238177    1.88002482    2.16656248    2.17359416    2.19665714    0.00000000    2.21909679    2.20682490    2.37800998    2.33244488    2.25640225    2.64196754    2.32208104    2.57683499    2.58470506    3.41330879    3.38731377    3.72546018    3.30349384    3.58191010    2.80901609    2.16494922    2.38306714    2.49008931    2.38350274    2.52898720    2.25723212    2.26576819    2.38055129    2.08821965    2.47266922    2.41484757    2.33469538    2.37088873    3.29728280    2.70656581    4.75452274    3.77474603    3.10034796    3.62221782    3.15758385    4.10142657    4.13455424    3.42274180    2.55121242    2.97992875    3.60680600    2.94605312    2.77845842    2.74940846    2.75288241    3.26586597    3.15056058    4.85843031    3.46089349    2.84402778    3.91358619    3.12992387    3.09489609    2.86766148    2.86410699    3.46729111    3.39545605    3.31773250    2.89147371    2.58326364    2.51738525    3.76932984    3.65246196    3.73170543    2.80997921    3.30327058    2.70613181    4.30425101    4.11433979    4.16907631    4.13202367    5.13214901    5.11144991    6.39070312    5.01030265    4.49064363    5.20331065    7.67099774    6.19323742    6.26370524    5.85076081    4.91303021    2.82396606    2.38690718    2.41468609    2.55331765    3.32598806    2.99227506    2.66704337
Q5M5X9_STRT2/37-189     2.82879860    2.47713466    2.68706050    2.82231245    2.39743494    2.54860064    2.24719189    2.34832449    2.98948082    2.63771234    2.49805007    2.72540129    2.89351328    3.17606908    2.76730160    3.50084362    3.04514552    3.22749467    1.86769936    2.49653923    1.92925194    2.20577703    2.21909679    0.00000000    2.09572114    2.41822461    2.42977244    2.38378220    2.63464185    2.82652078    2.81652032    2.85671513    3.44256368    3.46494408    3.29009647    3.40400126    3.70715818    3.31933860    2.46517531    2.93969525    2.80328142    2.95425011    2.52807568    2.76169800    2.95977058    2.47146911    2.65836781    2.50420350    2.46778259    2.35280319    2.61645788    2.98065057    2.89161930    3.02746939    3.55254156    3.12283428    3.58589478    3.22397784    3.27843164    3.06989055    3.57872636    2.45796360    2.94002728    2.90552803    2.62651349    2.26829624    2.18568135    2.46235959    3.13954338    3.43515958    4.01358475    2.74455612    2.94632872    2.71213139    2.69660649    2.72208418    2.49878387    2.66318248    2.52389911    2.74598985    3.06629808    2.52113784    2.75853088    2.71121090    2.37377247    3.46788041    3.50185011    2.41003839    3.04273278    2.28479326    3.94448763    3.67186458    2.96790679    3.88146877    4.12444454    4.19149938    5.00216882    3.18544240    2.93351438    3.41940061    3.76399944    3.94519074    3.92659598    4.52693148    3.67604445    2.85870967    3.08058831    2.76451400    2.53526386    2.95530520    2.78306935    3.09218878
A0A387BQ73_9LACT/49-187     2.25864899    2.60681087    2.55313029    2.13002497    2.56371680    2.64455689    2.42088004    2.41899414    2.92573847    2.36295309    2.56723391    2.43549062    2.54749589    2.76586742    3.29872138    2.35897718    2.91433631    2.42297119    1.95272613    2.52526843    2.02574198    2.15620010    2.20682490    2.09572114    0.00000000    2.92545767    2.54578279    2.44241570    2.35023559    2.27908926    2.60030110    2.73817099    2.82060017    3.28357334    3.19933527    3.16511228    4.02695272    2.80627871    2.23055832    2.78690585    2.60676456    3.23997473    2.66739773    2.63351344    2.87567927    2.39845246    2.59492457    2.46205086    2.75989472    2.95315026    2.69165798    3.18290162    3.21440719    3.78507951    2.97805069    3.39222513    3.27923679    3.79634331    4.12101767    3.05103381    2.72349732    2.66481266    2.95896367    3.70035061    3.03102104    2.69424292    2.68864670    2.86951182    3.89397697    4.06297773    5.30339098    3.56694751    3.80823031    3.49039081    3.14178323    2.88665120    3.31946569    3.13218072    3.49980653    3.46641165    4.09922063    2.56877091    3.19399788    2.95028930    3.04830347    3.40235846    3.76022455    2.37934539    3.40884619    3.09612881    3.68687937    3.66500482    3.25193065    2.95585461    3.53661448    3.11353336    4.81659742    3.90151452    4.44078263    4.49965272    5.45177322    3.65564393    4.05359107    3.96032053    5.11248062    2.85036153    2.87601128    2.84541771    2.74601913    3.36588857    3.09848920    2.78523775
