23
F8GGQ5_NITSI/239-361     0.00000000    0.23699533    0.76131124    0.82201956    3.36853486    2.51236892    2.50126627    2.57900935    3.21749112    2.66879852    3.02542670    3.04344780    2.65018026    2.94534228    1.33598398    1.33598398    1.74663900    1.44287941    0.53279052    0.76476776    0.60935729    0.36366350    0.24433686
A0A1I4G2G9_9PROT/235-357     0.23699533    0.00000000    0.66411028    0.74110004    2.95862236    2.26501537    2.27347830    2.27446930    3.16049377    2.57307313    2.89185496    2.86053980    2.58247169    2.88312606    1.41233717    1.41233717    1.78093365    1.61370767    0.59861931    0.66829526    0.52210525    0.34581404    0.24610225
V9HBE6_9NEIS/182-306     0.76131124    0.66411028    0.00000000    0.12891676    3.07038338    2.31621276    2.33811467    2.61272146    2.84157529    2.75027439    2.58026197    2.51342657    2.38508855    2.74650429    1.36442134    1.36442134    1.47176830    1.45208468    0.86956560    0.96675120    0.86130004    0.78739463    0.68500435
A0A238HDH7_9NEIS/50-174     0.82201956    0.74110004    0.12891676    0.00000000    3.24673240    2.38906643    2.34707055    2.32781105    3.06613830    2.64476870    2.62699510    2.50743469    2.49607480    2.66773416    1.48335316    1.48335316    1.63398431    1.50975169    0.94930028    0.99684605    0.88972654    0.82442036    0.75963625
A0A222YXB2_9CAUD/10-107     3.36853486    2.95862236    3.07038338    3.24673240    0.00000000    1.24502976    1.26804329    2.25920445    2.07404032    1.96039637    2.18776943    2.13291548    2.00770357    2.19249540    3.06477589    3.06477589    3.34544739    2.81007634    3.25546836    3.36881035    3.12833692    3.47780645    2.96407431
O21969_BPP1/12-109     2.51236892    2.26501537    2.31621276    2.38906643    1.24502976    0.00000000    0.02892722    1.73115177    2.03237524    1.71719477    2.00280283    1.97766463    2.05811019    2.02159965    2.26333255    2.26333255    2.48201496    2.29628946    2.51991104    2.52524532    2.22036907    2.37580502    2.22253152
A0A1B0V7G7_9CAUD/9-106     2.50126627    2.27347830    2.33811467    2.34707055    1.26804329    0.02892722    0.00000000    1.77147150    2.00533451    1.75570591    2.04852761    2.01418342    2.11584600    2.05744520    2.30773356    2.30773356    2.53042003    2.32343820    2.59642166    2.58511390    2.26371777    2.49524274    2.21703480
V9HLM2_9NEIS/1-104     2.57900935    2.27446930    2.61272146    2.32781105    2.25920445    1.73115177    1.77147150    0.00000000    1.60344044    0.92249321    0.77886248    0.84948408    1.00581169    1.18617672    2.65951507    2.65951507    3.09401970    2.65365618    2.95533129    2.83272387    3.06469545    2.43959220    2.84557864
A0A059KHB7_9BURK/5-104     3.21749112    3.16049377    2.84157529    3.06613830    2.07404032    2.03237524    2.00533451    1.60344044    0.00000000    1.29437751    1.39455127    1.41809637    1.38898854    1.73088866    3.12994236    3.12994236    3.13699232    2.75050267    3.40712611    2.86028086    3.14695626    3.24997311    2.95020866
A0A0C4Y731_9BURK/3-102     2.66879852    2.57307313    2.75027439    2.64476870    1.96039637    1.71719477    1.75570591    0.92249321    1.29437751    0.00000000    0.62738977    0.57537051    0.66876712    0.79904214    2.49154213    2.49154213    2.63449185    2.29905725    2.99948808    2.96365208    2.92594764    2.70060974    2.48044117
F8GGQ3_NITSI/6-105     3.02542670    2.89185496    2.58026197    2.62699510    2.18776943    2.00280283    2.04852761    0.77886248    1.39455127    0.62738977    0.00000000    0.18588109    0.36644703    0.56706407    2.82284260    2.82284260    3.28618302    2.72565195    3.23868886    3.12193191    3.26381596    2.95761170    2.95530848
A0A208Y7F1_9BURK/6-105     3.04344780    2.86053980    2.51342657    2.50743469    2.13291548    1.97766463    2.01418342    0.84948408    1.41809637    0.57537051    0.18588109    0.00000000    0.39558873    0.57998860    2.62570271    2.62570271    3.09626768    2.55203533    3.28429230    3.32714729    3.09686074    2.91832969    2.90955625
A0A1I4G189_9PROT/6-105     2.65018026    2.58247169    2.38508855    2.49607480    2.00770357    2.05811019    2.11584600    1.00581169    1.38898854    0.66876712    0.36644703    0.39558873    0.00000000    0.66970323    2.86141543    2.86141543    3.36637052    2.71736373    2.86206027    3.23524136    2.70460545    2.74092157    2.66482969
A0A1Z4BV93_9GAMM/11-111     2.94534228    2.88312606    2.74650429    2.66773416    2.19249540    2.02159965    2.05744520    1.18617672    1.73088866    0.79904214    0.56706407    0.57998860    0.66970323    0.00000000    2.95709766    2.95709766    3.17767032    2.57483561    3.69920437    3.84353157    3.34523004    3.19470401    3.07898388
A0A1B0V7H1_9CAUD/65-204     1.33598398    1.41233717    1.36442134    1.48335316    3.06477589    2.26333255    2.30773356    2.65951507    3.12994236    2.49154213    2.82284260    2.62570271    2.86141543    2.95709766    0.00000000    0.00000000    0.57724142    0.57354226    1.32538603    1.50386160    1.23176443    1.18166889    1.37447499
DARA_BPP1/65-204     1.33598398    1.41233717    1.36442134    1.48335316    3.06477589    2.26333255    2.30773356    2.65951507    3.12994236    2.49154213    2.82284260    2.62570271    2.86141543    2.95709766    0.00000000    0.00000000    0.57724142    0.57354226    1.32538603    1.50386160    1.23176443    1.18166889    1.37447499
W1J380_9GAMM/25-159     1.74663900    1.78093365    1.47176830    1.63398431    3.34544739    2.48201496    2.53042003    3.09401970    3.13699232    2.63449185    3.28618302    3.09626768    3.36637052    3.17767032    0.57724142    0.57724142    0.00000000    0.40038810    1.65396094    1.75927977    1.49137210    1.76671733    1.71775486
A0A222YWA3_9CAUD/62-201     1.44287941    1.61370767    1.45208468    1.50975169    2.81007634    2.29628946    2.32343820    2.65365618    2.75050267    2.29905725    2.72565195    2.55203533    2.71736373    2.57483561    0.57354226    0.57354226    0.40038810    0.00000000    1.44815835    1.80324829    1.42131860    1.56416045    1.58519434
A0A0C4Y720_9BURK/330-453     0.53279052    0.59861931    0.86956560    0.94930028    3.25546836    2.51991104    2.59642166    2.95533129    3.40712611    2.99948808    3.23868886    3.28429230    2.86206027    3.69920437    1.32538603    1.32538603    1.65396094    1.44815835    0.00000000    0.92835923    0.72140619    0.64589367    0.50602388
A0A059KLI8_9BURK/235-357     0.76476776    0.66829526    0.96675120    0.99684605    3.36881035    2.52524532    2.58511390    2.83272387    2.86028086    2.96365208    3.12193191    3.32714729    3.23524136    3.84353157    1.50386160    1.50386160    1.75927977    1.80324829    0.92835923    0.00000000    0.76693494    0.75850919    0.72275830
A0A1Z4BV75_9GAMM/52-174     0.60935729    0.52210525    0.86130004    0.88972654    3.12833692    2.22036907    2.26371777    3.06469545    3.14695626    2.92594764    3.26381596    3.09686074    2.70460545    3.34523004    1.23176443    1.23176443    1.49137210    1.42131860    0.72140619    0.76693494    0.00000000    0.60576909    0.58629223
A0A140E5E9_9GAMM/37-159     0.36366350    0.34581404    0.78739463    0.82442036    3.47780645    2.37580502    2.49524274    2.43959220    3.24997311    2.70060974    2.95761170    2.91832969    2.74092157    3.19470401    1.18166889    1.18166889    1.76671733    1.56416045    0.64589367    0.75850919    0.60576909    0.00000000    0.28999852
A0A208Y7H9_9BURK/236-358     0.24433686    0.24610225    0.68500435    0.75963625    2.96407431    2.22253152    2.21703480    2.84557864    2.95020866    2.48044117    2.95530848    2.90955625    2.66482969    3.07898388    1.37447499    1.37447499    1.71775486    1.58519434    0.50602388    0.72275830    0.58629223    0.28999852    0.00000000

