17
H9ZYQ1_DROME/630-694     0.00000000    1.01447147    1.03887644    1.32587768    1.78686640    2.24639649    1.81630370    1.75860389    1.85233876    1.88404033    2.26905484    2.69305283    2.78590275    2.56866555    2.93295913    1.81517886    1.43457445
A0A0L7L0Z2_9NEOP/36-96     1.01447147    0.00000000    1.09405344    0.98906303    1.43854096    1.89050009    1.33649700    1.58378182    1.40781410    1.89602722    1.82945495    2.36771035    2.01277118    2.60517348    2.51791739    1.77732430    1.30228833
A0A0L0CP03_LUCCU/72-136     1.03887644    1.09405344    0.00000000    0.97473467    1.40887012    2.02835010    1.57949687    1.48434214    1.70855326    1.91215956    1.72042591    2.21122722    1.94501184    1.95565541    1.99229849    1.74048575    1.46658021
A0A139WNW3_TRICA/16-80     1.32587768    0.98906303    0.97473467    0.00000000    1.40504872    1.69520065    1.93352569    1.78390050    1.81810520    1.84303275    1.59655872    1.92311945    1.83346828    2.08587118    1.71444912    1.40961695    1.43795011
K7GGH1_PELSI/626-688     1.78686640    1.43854096    1.40887012    1.40504872    0.00000000    1.05347496    0.87501282    0.95218501    1.06674060    1.43973608    1.40876345    1.82060151    1.65144155    1.85121415    1.74276372    1.75765066    1.54625141
F2U837_SALR5/911-974     2.24639649    1.89050009    2.02835010    1.69520065    1.05347496    0.00000000    1.59857061    1.37472190    1.20075637    1.52248017    1.48040554    1.85010456    1.82141375    1.83381392    1.61947116    2.33312121    2.08794474
H2M6K1_ORYLA/416-479     1.81630370    1.33649700    1.57949687    1.93352569    0.87501282    1.59857061    0.00000000    0.90367298    0.95776759    1.44692244    1.54381656    2.24044430    2.07601823    2.14445112    2.09668390    2.21211353    1.54685171
G1KLR3_ANOCA/523-586     1.75860389    1.58378182    1.48434214    1.78390050    0.95218501    1.37472190    0.90367298    0.00000000    0.83882644    1.15809801    1.56683365    1.85437252    1.59976462    1.69466106    1.95710593    2.06698210    1.92723506
A0A0P7UEL7_SCLFO/563-626     1.85233876    1.40781410    1.70855326    1.81810520    1.06674060    1.20075637    0.95776759    0.83882644    0.00000000    1.09591738    1.71444337    1.60916557    1.73441107    1.83125325    2.12693352    2.25963051    1.59957565
L9KRL0_TUPCH/654-717     1.88404033    1.89602722    1.91215956    1.84303275    1.43973608    1.52248017    1.44692244    1.15809801    1.09591738    0.00000000    1.84406056    2.55447143    2.04551661    2.17759270    2.47916014    2.59902834    2.46672964
B3S5L2_TRIAD/825-889     2.26905484    1.82945495    1.72042591    1.59655872    1.40876345    1.48040554    1.54381656    1.56683365    1.71444337    1.84406056    0.00000000    1.81928657    1.34045739    1.67078995    1.73724939    1.88803300    1.93486442
A9VBS2_MONBE/454-517     2.69305283    2.36771035    2.21122722    1.92311945    1.82060151    1.85010456    2.24044430    1.85437252    1.60916557    2.55447143    1.81928657    0.00000000    1.49686897    1.41283598    1.36231486    1.83869605    2.08243604
A0A093PZ09_9PASS/286-349     2.78590275    2.01277118    1.94501184    1.83346828    1.65144155    1.82141375    2.07601823    1.59976462    1.73441107    2.04551661    1.34045739    1.49686897    0.00000000    0.92064829    0.82991582    2.06622387    2.00605695
A0A0B4LG06_DROME/67-130     2.56866555    2.60517348    1.95565541    2.08587118    1.85121415    1.83381392    2.14445112    1.69466106    1.83125325    2.17759270    1.67078995    1.41283598    0.92064829    0.00000000    0.74962661    2.13981691    1.72060296
U4UHH5_DENPD/146-209     2.93295913    2.51791739    1.99229849    1.71444912    1.74276372    1.61947116    2.09668390    1.95710593    2.12693352    2.47916014    1.73724939    1.36231486    0.82991582    0.74962661    0.00000000    1.90792641    1.95900013
A0A0K0G4S8_STRVS/865-928     1.81517886    1.77732430    1.74048575    1.40961695    1.75765066    2.33312121    2.21211353    2.06698210    2.25963051    2.59902834    1.88803300    1.83869605    2.06622387    2.13981691    1.90792641    0.00000000    1.53497334
T1FSV0_HELRO/72-136     1.43457445    1.30228833    1.46658021    1.43795011    1.54625141    2.08794474    1.54685171    1.92723506    1.59957565    2.46672964    1.93486442    2.08243604    2.00605695    1.72060296    1.95900013    1.53497334    0.00000000

