7
A0A061PDI2_9BACL/430-522     0.00000000    1.03678053    1.34847125    1.26492627    1.29783091    0.80515041    1.00517325
A0A069DKX3_9BACL/622-713     1.03678053    0.00000000    1.06543176    1.35095860    1.27701644    0.99954712    1.03458181
W1Q1W2_ABIDE/1100-1194     1.34847125    1.06543176    0.00000000    1.22997141    1.04873644    1.32912667    1.46185348
Q8DRA6_STRR6/1030-1126     1.26492627    1.35095860    1.22997141    0.00000000    0.96069613    1.49289972    1.37460297
A0A139NR89_9STRE/1046-1142     1.29783091    1.27701644    1.04873644    0.96069613    0.00000000    1.25841642    1.39999898
S2YKQ0_9BACL/1761-1853     0.80515041    0.99954712    1.32912667    1.49289972    1.25841642    0.00000000    0.80469753
D3FXS5_ALKPO/682-773     1.00517325    1.03458181    1.46185348    1.37460297    1.39999898    0.80469753    0.00000000

