102
A0A1G9R935_9PSEU/87-219     0.00000000    0.39895815    0.50797506    0.37194044    0.35347121    0.28014601    0.37605621    0.33490161    0.46082164    0.44700065    0.43633608    0.40279487    0.44812083    0.45178140    0.45253417    0.40719496    0.47515879    0.40148495    0.42098620    2.17092154    2.22922832    2.64212021    1.80762591    2.04711118    2.28298719    1.98939192    2.14537748    2.19351243    1.97394493    2.54909886    2.68763068    2.85594744    2.82759976    2.21697330    2.07658146    2.04460587    2.11107491    2.15942331    1.93992762    1.98067039    2.21644636    2.00560732    2.01901128    2.94270476    2.24111505    2.45937189    2.80034482    2.98869124    3.01749326    0.69657726    0.76722537    0.81153493    0.86094797    0.80163274    0.82272284    0.83131942    1.20989777    0.93506869    0.99158707    1.00234457    0.92508289    1.14376163    1.14788637    1.13417043    1.02335621    0.94272873    1.07902507    0.94538585    1.13639395    0.94621234    1.09961225    1.26603181    0.88113259    0.89622777    0.74967201    1.02932661    1.00635980    1.33384765    1.25555855    1.29821742    1.44392044    1.27637270    1.17908377    1.18377060    1.32540157    1.28426107    1.37275083    1.20049537    1.28964914    1.36057717    1.48575822    1.40144754    1.38145361    1.38081110    1.35518367    1.13711970    1.24500587    1.29826769    1.41259445    1.35218951    1.25369934    0.98963663
A0A1I6RXP2_9PSEU/87-219     0.39895815    0.00000000    0.34793714    0.29063840    0.44182786    0.37352034    0.36416904    0.45744271    0.62232763    0.56280030    0.51663755    0.52559931    0.56459896    0.54949818    0.59041949    0.60898607    0.59582452    0.51443125    0.55589051    2.08317150    2.59407030    3.02049021    2.20811543    2.35698592    2.72782598    2.56899253    2.45397750    3.04626062    2.14920350    2.66445621    2.95700333    2.88192425    2.95275382    2.43332924    2.08490566    2.33789767    2.30494158    2.22719150    1.98878245    2.19603353    2.52577390    2.04762898    2.29737089    2.73046898    2.44430490    2.70807693    2.50929070    2.89312307    3.19055347    0.88184115    0.92461793    0.97253976    0.92705512    1.00661780    0.84135947    1.06079621    1.24414868    0.98797709    1.07317573    1.09851201    1.05289875    1.22652617    1.17710039    1.15503585    1.25712166    1.12427209    1.22535159    1.14649032    1.33841488    1.11165765    1.34335212    1.33283482    0.94259489    0.91451351    0.90281547    1.24260606    1.11959343    1.41388888    1.35938748    1.42218501    1.53474407    1.24906579    1.28324479    1.19132305    1.30162402    1.35763754    1.24611144    1.37463739    1.43653948    1.44066634    1.41292697    1.37120169    1.35310668    1.53002368    1.25062401    1.35331539    1.33063619    1.19303490    1.35707209    1.35882466    1.19249403    1.08990697
A0A073AZX2_9PSEU/81-211     0.50797506    0.34793714    0.00000000    0.28378018    0.53992002    0.45679014    0.49133765    0.52894115    0.57268260    0.49058267    0.49627529    0.61468095    0.60552913    0.63500646    0.57980302    0.61106745    0.60099063    0.50321165    0.50258921    2.13319129    2.29033172    2.78353706    2.30647557    2.48124012    2.52054325    2.50260816    2.36594165    2.93513186    2.45743452    2.82909941    2.64851068    2.69938198    2.74472323    2.29637776    2.20896311    2.64907747    2.68513424    2.50659153    2.13950553    2.42570982    2.21645907    2.19404535    2.00398835    2.48913372    2.57286232    2.38079658    2.57522962    2.85383135    3.43890755    1.06867585    0.98546844    1.04463891    1.08977834    1.10812073    0.97350429    1.07948375    1.18179678    1.04638954    1.10243023    1.12786395    0.91218704    1.20446221    1.10610893    1.18718776    1.05426787    1.01269477    0.98882383    0.98781766    1.07429926    1.00887975    1.26372285    1.27802317    0.99437154    0.90231808    1.00386887    1.24279074    1.10529656    1.40104805    1.25869003    1.37944478    1.46818781    1.06458186    1.22337091    1.10574751    1.12420755    1.09657178    1.18658057    1.18871943    1.33455604    1.23036020    1.33510489    1.23755903    1.21374899    1.32856574    1.18111321    1.17071947    1.35918797    1.20608526    1.27922465    1.27391287    1.24090589    0.94268307
A4FBR7_SACEN/88-220     0.37194044    0.29063840    0.28378018    0.00000000    0.36570944    0.34359496    0.37026362    0.40926529    0.54959121    0.48793109    0.47467564    0.48065588    0.50773690    0.45477164    0.43662904    0.45176028    0.46279724    0.40597547    0.35826090    2.05736372    2.27108796    2.81148240    2.08029033    2.27209378    2.31847478    2.43103069    2.25675777    2.61662078    2.00148849    2.68181526    2.58896231    2.82914590    2.81715024    2.21045646    2.15949605    2.44490458    2.44333627    2.28101279    1.88094588    2.20618771    2.20243453    2.21582886    2.16160304    2.65206581    2.38637970    2.46435254    2.71542544    2.90049535    3.26084091    0.74644208    0.77221590    0.79944963    0.83571314    0.90169540    0.84340227    0.93925187    1.21887696    0.90847267    1.01257847    1.17341348    1.03410991    1.27280279    1.11590733    1.17034400    1.04819979    0.95439430    1.00594480    1.07026751    1.16077918    0.94371907    1.29772280    1.14017818    0.94437257    0.95579009    0.89953000    1.24602985    1.02020815    1.41530868    1.28243123    1.46703020    1.52301034    1.23756588    1.23603948    1.15914898    1.20836996    1.29380666    1.32279575    1.33606343    1.44351850    1.39126017    1.36786662    1.39656109    1.38426153    1.37898642    1.09097826    1.18316666    1.36627502    1.19360219    1.27403262    1.35283223    1.23113597    0.86370375
A0A221W2U0_9PSEU/95-227     0.35347121    0.44182786    0.53992002    0.36570944    0.00000000    0.29396106    0.41236295    0.41673500    0.51078310    0.43375721    0.47972142    0.42955381    0.48864590    0.43595620    0.47800641    0.40580174    0.40552046    0.37872433    0.39411794    1.95705227    2.30275495    2.83591851    2.08256821    2.33937267    2.48592181    2.20229689    2.34158111    2.42269183    2.26581426    2.52676873    2.65849546    2.82362493    2.87745221    2.23603435    2.00691446    2.50027245    2.42826933    2.18097765    2.03284725    2.13549655    2.31759443    2.09017988    2.10908137    3.13089427    2.63892954    2.94384743    3.40574640    3.57722089    3.60859434    0.73192125    0.85740821    0.81312485    0.84158335    0.80150443    0.88832128    0.84872949    1.12887701    1.02691971    1.10981876    1.05103903    0.93919989    1.21296297    1.11285126    1.31837999    1.14186398    1.00346400    0.92573683    0.97431955    1.23139261    1.02029829    1.23293103    1.26817697    0.88736367    0.97493406    0.82823238    1.15595055    0.95454873    1.26711598    1.06388352    1.24011584    1.22802654    1.05302786    1.22307939    1.24512915    1.19359929    1.15890859    1.14265962    1.15295989    1.16425981    1.20155181    1.24159346    1.14643584    1.19170764    1.25928889    1.14330368    1.11864241    1.22388194    1.12727613    1.12183488    1.25128407    1.28641606    0.97496640
A0A1M4YEE9_STRHI/87-219     0.28014601    0.37352034    0.45679014    0.34359496    0.29396106    0.00000000    0.29844559    0.32141135    0.49611370    0.48391732    0.43156712    0.38647618    0.50568235    0.43223070    0.50013674    0.40928581    0.43790989    0.33232768    0.40120652    1.94135729    2.11030736    2.47161019    2.02958775    2.34425504    2.42759732    2.35147473    2.36586033    2.54136205    2.16065775    2.44076771    2.69976248    2.69912296    2.68879653    2.28836086    1.91977993    2.29560317    2.24260534    2.34970581    1.97062710    2.12131890    2.12523518    2.12025246    2.05324461    2.63187060    2.67841636    2.33922643    2.74798427    2.96815703    3.08218223    0.67093270    0.77111494    0.71475336    0.64973086    0.79675839    0.77777979    0.76901561    1.12591603    0.94016502    1.00295938    1.04083580    1.00983492    1.13052616    1.02644852    1.06467430    1.02778377    0.93297116    0.98606428    0.91576468    1.13466365    1.02079166    1.11631137    1.22546092    0.88430140    0.93660107    0.79222673    1.06638252    1.09564647    1.26140181    1.17068693    1.17717455    1.37962540    1.15304425    0.99724080    1.10037970    1.16090059    1.14433772    1.17506017    1.13276774    1.16577245    1.26032765    1.24687907    1.26976716    1.16728344    1.26911499    1.14400620    1.12817872    1.33111876    1.11657729    1.30196757    1.16484992    1.10683217    0.83756692
W5W859_9PSEU/87-219     0.37605621    0.36416904    0.49133765    0.37026362    0.41236295    0.29844559    0.00000000    0.25776721    0.39124580    0.47048264    0.37115047    0.38884286    0.55552424    0.44205532    0.46471694    0.47128725    0.48435117    0.47644461    0.39661384    1.96025218    2.45728815    2.90075008    2.15655660    2.32968124    2.52678529    2.47746393    2.30748406    2.96250514    2.24708630    2.62148304    2.85158821    2.90895991    2.96647754    2.51316138    2.16045315    2.70398232    2.50903349    2.48302387    2.15734800    2.47415571    2.50207027    2.39606947    2.32324897    2.71807611    2.61677941    2.61215882    2.98403562    3.11701903    3.50312249    0.71814256    0.74763224    0.84948806    0.76117826    0.75856797    0.85468962    0.78379805    1.30577015    0.90351625    1.05955465    0.97285200    0.92550425    1.12746677    1.14062278    0.97538019    1.08232481    0.91961350    1.04262725    1.04386212    1.26098786    1.02454147    1.12968417    1.25284860    0.93555721    0.91421490    0.72500916    1.08859525    1.10848863    1.23925329    1.24872392    1.37146697    1.31620831    1.23955137    1.15944841    1.05350066    1.28357751    1.20128423    1.14705848    1.26524358    1.28956218    1.33222589    1.32711881    1.34554192    1.27813488    1.47270418    1.13528430    1.14030040    1.27309391    1.10949214    1.12750263    1.24976042    1.14851604    1.05008016
A0A1V2QRQ1_9PSEU/86-218     0.33490161    0.45744271    0.52894115    0.40926529    0.41673500    0.32141135    0.25776721    0.00000000    0.44695275    0.48428697    0.44063272    0.33007627    0.42672342    0.36322303    0.41483442    0.39800135    0.37781997    0.37780390    0.31717496    2.11814416    2.60437335    2.80122241    2.21941654    2.40479383    2.52344105    2.39253984    2.17688225    2.88268119    2.31006690    2.53181981    2.86734812    3.19578218    2.95241156    2.38862875    2.10565292    2.53308854    2.39337568    2.42393614    2.15211308    2.31434256    2.27832715    2.27374440    2.26262303    2.71006639    2.92010712    2.56066135    2.81923996    2.94180452    3.06691608    0.76204528    0.66216835    0.69671762    0.72626482    0.62524017    0.77426476    0.81600777    1.30601884    1.02573663    1.15456572    0.96270010    0.93874820    1.06601524    0.97920476    1.07185164    1.02669491    0.92742147    1.08192099    0.90545599    1.17447498    0.98986664    1.14853928    1.24726870    0.80936869    0.89409764    0.77110811    1.06347791    1.14065525    1.29083105    1.23030869    1.27995693    1.26885330    1.22670515    1.15544670    1.11017544    1.28135971    1.24625271    1.24623404    1.14233963    1.18455296    1.18848336    1.38878075    1.23219534    1.16185470    1.36545979    1.18316985    1.03392322    1.22106612    1.04185458    1.09842164    1.25922427    1.17123870    0.88891936
D9UZI6_9ACTN/99-231     0.46082164    0.62232763    0.57268260    0.54959121    0.51078310    0.49611370    0.39124580    0.44695275    0.00000000    0.32611746    0.30422043    0.37474826    0.50050195    0.47648063    0.49657090    0.40156115    0.46337224    0.49457881    0.40951644    2.40999521    2.52702370    3.15147066    2.25986753    2.42975462    2.51688431    2.37442179    2.47206022    2.85550707    2.58194745    2.99257195    2.57482447    3.16370289    2.85469976    2.44814929    2.21585788    2.59869679    2.39877203    2.53408032    2.31731678    2.52360724    2.48895756    2.64837296    2.48926988    2.62269448    2.95380465    2.62702204    3.47468953    2.83753817    3.26235626    0.95450696    0.87266529    0.86976095    0.90296169    0.91295816    0.80166922    1.02659055    1.46320699    1.11907514    1.21533795    1.15230613    1.10834885    1.28716358    1.23246260    1.15862645    1.13190584    0.99522660    1.13530643    1.10028385    1.28953921    1.09370083    1.20457978    1.31711454    0.93217048    0.99329632    0.81274687    1.05858202    1.09408167    1.31528018    1.24333633    1.34226684    1.31849985    1.27491797    1.21974691    1.21191544    1.24759949    1.34428281    1.35227715    1.24314692    1.33144762    1.24760416    1.41878231    1.28665209    1.36511337    1.34033131    1.23821205    1.06675830    1.19046816    1.32319737    1.24769739    1.29863212    1.36230796    1.03918454
G0FI19_AMYMS/79-211     0.44700065    0.56280030    0.49058267    0.48793109    0.43375721    0.48391732    0.47048264    0.48428697    0.32611746    0.00000000    0.27885827    0.39210563    0.55348821    0.40821275    0.43114749    0.36940765    0.36424904    0.45400178    0.41602068    2.26286304    2.40930066    2.69859414    1.95738385    2.22584262    2.36382002    2.09588426    2.27183832    2.69015419    2.15691263    2.45720598    2.45386615    2.80359122    2.64900706    2.02056711    1.99108672    2.29922353    2.23641141    2.38282983    1.84727368    2.22869221    2.20262847    2.19794447    2.26684680    3.08797341    2.29210670    2.69627450    2.96437872    2.88068819    3.05356338    1.02527412    0.89514293    0.87717719    0.90521596    0.94567949    0.86327612    1.04805900    1.29167000    1.20347038    1.13716354    1.25658140    1.18702929    1.24809524    1.27203318    1.27067876    1.15246230    1.18083886    1.26663202    1.21279456    1.35492208    1.16312077    1.20937993    1.10665659    0.91755847    0.92958756    0.85205385    0.99625390    1.13161218    1.26014730    1.13586683    1.27081255    1.40222110    1.24736801    1.23277469    1.18752657    1.23457287    1.36491332    1.36353292    1.25304211    1.25386152    1.36305651    1.45840422    1.34356782    1.31062300    1.25217527    1.25849993    1.12089819    1.33780694    1.23726320    1.20022590    1.20903759    1.21998988    1.01381127
R4T455_9PSEU/86-218     0.43633608    0.51663755    0.49627529    0.47467564    0.47972142    0.43156712    0.37115047    0.44063272    0.30422043    0.27885827    0.00000000    0.31319257    0.48679171    0.38290318    0.42037787    0.38871661    0.33532705    0.39925388    0.39631590    2.21371494    2.47231286    2.87869674    1.88438800    2.24348778    2.32884260    2.13798580    2.10101354    2.66203293    2.05993599    2.61704437    2.74294294    3.01295743    2.85072428    2.37111118    2.21192881    2.45872943    2.45263787    2.41584640    2.04054992    2.37847210    2.21796571    2.28065312    2.21579402    2.58321211    2.46828781    2.57427425    3.08043722    2.72073540    3.09657606    0.89344488    0.77770390    0.83989974    0.73474567    0.76872140    0.73575450    0.89653580    1.25759190    1.07427840    1.15640321    1.06147144    0.99584563    1.23684670    1.22597972    1.10816711    1.12210207    1.05738133    1.17607907    1.12153359    1.28352491    1.02546903    1.20988176    1.18621288    0.95683491    0.90320400    0.80185938    1.06027161    1.16606212    1.18601103    1.05391432    1.20532254    1.42370755    1.27706734    1.13350288    1.11545924    1.10172979    1.08106269    1.26802561    1.20571917    1.24076250    1.28730470    1.36812077    1.22134669    1.24668222    1.34606961    1.07578025    1.04251696    1.23131674    1.13938222    1.15069564    1.20723423    1.13890064    0.91361510
A0A1I3T5T0_9PSEU/82-214     0.40279487    0.52559931    0.61468095    0.48065588    0.42955381    0.38647618    0.38884286    0.33007627    0.37474826    0.39210563    0.31319257    0.00000000    0.34677960    0.32869015    0.41941149    0.31236609    0.32767560    0.31708734    0.28011447    2.10627385    2.53438815    2.69357176    1.98372261    2.48881007    2.42386873    2.30313168    2.44283809    2.55746049    2.25715920    2.67564303    2.68682221    3.01052321    2.88060843    2.21807102    2.18586138    2.40776301    2.22639630    2.33818683    2.05430819    2.03234273    2.19073882    2.16502636    2.18667283    2.82030028    2.38885267    2.30757514    3.09107249    2.69911914    2.89501292    0.79390115    0.72423454    0.70891017    0.73260081    0.72253433    0.78331110    0.83035825    1.32245545    1.13524050    1.14908400    1.04580828    1.03134975    1.20360530    1.19825410    1.19283128    1.07935643    1.03722383    1.15198524    1.05805911    1.20398568    1.08417224    1.07806130    1.10571695    0.76668436    0.75726891    0.67002764    0.92578071    1.23367001    1.33637722    1.12520612    1.14193697    1.32475394    1.25986448    1.06068935    1.15994748    1.18224916    1.23697927    1.27908063    1.21146295    1.28799574    1.29428688    1.37590898    1.31006713    1.26686773    1.43619065    1.19757099    1.17791119    1.26646736    1.24496507    1.25465357    1.34342349    1.28610371    0.94112199
A0A238Z3P7_9PSEU/89-221     0.44812083    0.56459896    0.60552913    0.50773690    0.48864590    0.50568235    0.55552424    0.42672342    0.50050195    0.55348821    0.48679171    0.34677960    0.00000000    0.44331631    0.47893390    0.42141462    0.38118270    0.35972385    0.39521443    2.02168656    2.15065753    2.48064026    1.78274208    2.17766844    2.18206136    2.18131458    2.14478654    2.33011538    1.81100539    2.48489572    2.47570267    2.78477844    2.81449471    2.27584146    2.11897424    2.08353629    2.02170489    2.02149544    1.77068372    1.80515579    1.94248398    1.77672944    1.98105019    2.92179838    2.35537876    2.36450694    3.20767072    2.80941845    2.56370955    0.86594049    0.73780165    0.83736981    0.91682991    0.79745454    0.91059562    0.84534813    0.95559029    1.12113399    1.06938626    0.94450690    1.06764867    1.17974229    0.93026926    1.03138766    1.02229204    1.04517898    1.06037784    1.01889997    1.13680817    0.90703734    1.07106611    1.19392826    0.70030590    0.79520686    0.74599037    0.93855735    1.13514915    1.20608329    1.02101876    1.07411934    1.30769277    1.20129408    1.26169581    1.25137809    1.03171353    1.10363040    1.37667126    1.08628552    1.20346297    1.21325528    1.27169695    1.09359445    1.03150603    1.28289031    1.12529817    1.14934496    1.19042592    1.16172636    1.17601128    1.24483377    1.21427020    0.88914723
A0A1G6J6S6_9PSEU/83-215     0.45178140    0.54949818    0.63500646    0.45477164    0.43595620    0.43223070    0.44205532    0.36322303    0.47648063    0.40821275    0.38290318    0.32869015    0.44331631    0.00000000    0.27518010    0.31350701    0.31350837    0.32666951    0.29634172    1.86469147    2.31643164    2.57410761    1.83278403    2.11857389    2.21174559    2.12798747    2.23192633    2.58217661    2.09718492    2.37378351    2.68932534    2.94871189    2.80684448    2.20598250    2.11499571    2.21814126    2.30026191    2.42143411    2.12996020    2.31325607    2.34066279    2.30724295    2.19786619    2.87328177    2.39072528    2.51187190    3.15954393    2.88303761    2.83243331    0.80376192    0.79450632    0.82091528    0.78610702    0.69505663    0.87746610    0.83858744    1.26471698    1.06646226    1.20254584    1.09196888    1.10319356    1.24139784    1.20585977    1.11504974    1.10352433    1.01958251    1.22474948    1.05489598    1.23112302    1.08787398    1.36249601    1.18764263    0.96652244    1.00714615    0.84319814    1.17556999    1.18756727    1.36604423    1.26950781    1.33555979    1.45058611    1.38666903    1.21119466    1.30378336    1.32324101    1.33126724    1.27041470    1.23479661    1.35207655    1.36054598    1.38163835    1.36342197    1.37836859    1.32145162    1.11822351    1.16360050    1.29163752    1.01613957    1.16066075    1.25153684    1.20956260    1.00869071
A0A1H9V6L0_9PSEU/81-213     0.45253417    0.59041949    0.57980302    0.43662904    0.47800641    0.50013674    0.46471694    0.41483442    0.49657090    0.43114749    0.42037787    0.41941149    0.47893390    0.27518010    0.00000000    0.42733987    0.34056994    0.37323535    0.41251101    1.92951798    2.52087287    2.57179269    1.83029773    2.15831365    2.16222197    2.24733007    2.24349028    2.49339620    1.97723049    2.45067817    2.56839338    2.79539823    2.78644998    2.13269241    2.13059085    2.41840729    2.41387544    2.38164531    2.15204879    2.40412861    2.24258345    2.39663845    2.24908429    3.12923719    2.52085476    2.54303832    3.30177110    2.82116096    2.99277443    0.84810044    0.79393863    0.80823830    0.83965979    0.80238792    0.84310086    0.87959155    1.12676971    1.14243009    1.17696327    1.19879764    1.11142300    1.38332980    1.26575835    1.27787880    1.15374560    1.14015858    1.26374713    1.16031301    1.39785323    1.13350962    1.39755934    1.26441234    0.88903503    0.97084942    0.84824838    1.11850620    1.12316075    1.38307206    1.24726805    1.42237382    1.51117043    1.39843301    1.18432360    1.16933057    1.31753590    1.34586171    1.45405297    1.25299668    1.38669965    1.35986813    1.42428869    1.31455721    1.35160515    1.46159521    1.10241866    1.18173445    1.36749034    1.20527394    1.12216909    1.24642455    1.12178584    0.90492977
A0A222VSE8_9PSEU/86-218     0.40719496    0.60898607    0.61106745    0.45176028    0.40580174    0.40928581    0.47128725    0.39800135    0.40156115    0.36940765    0.38871661    0.31236609    0.42141462    0.31350701    0.42733987    0.00000000    0.25598401    0.29041441    0.29042190    2.09647829    2.41015111    2.55540724    2.00301597    2.35775247    2.26261506    2.08613656    2.27731972    2.57735008    2.26373913    2.74474400    2.74295540    2.93259368    2.85538901    2.09996688    1.99659833    2.28358945    2.47106974    2.37071332    2.13436281    2.33703323    2.20410996    2.23504996    2.21959533    2.94922117    2.51094244    2.39792165    3.24616214    3.09093259    3.16749050    0.76685032    0.67418934    0.71815933    0.77889797    0.75086879    0.82492047    0.84566295    1.30730123    1.06061420    1.22452999    1.10557997    1.00347266    1.11064557    1.12519321    1.14508759    0.99889753    0.99830325    1.08290753    0.99218213    1.09646564    0.97877318    1.23437005    1.11851682    0.95704233    0.94472806    0.84514902    1.05519731    1.14888352    1.37761760    1.06242842    1.14232902    1.28422618    1.22144995    1.09127073    1.17906760    1.25445545    1.29443681    1.33927714    1.14650061    1.23710463    1.23438818    1.26875348    1.21001532    1.29174317    1.30012795    1.14282186    1.10233872    1.22120637    1.06843331    1.11933081    1.23041635    1.22267495    0.91454848
A0A1I5Z031_9PSEU/89-221     0.47515879    0.59582452    0.60099063    0.46279724    0.40552046    0.43790989    0.48435117    0.37781997    0.46337224    0.36424904    0.33532705    0.32767560    0.38118270    0.31350837    0.34056994    0.25598401    0.00000000    0.28962473    0.26799074    2.17116390    2.60150395    2.55644632    2.14093147    2.42474101    2.53086012    2.21302249    2.36286533    2.56009048    2.14817925    2.79069668    2.79001250    3.01443651    3.00623027    2.28074410    2.25505486    2.45271494    2.33595232    2.41292611    2.13479417    2.42904909    2.42416110    2.23337456    2.39363993    2.84384074    2.74619658    2.45061397    3.25609811    3.04450554    3.32156988    0.85058141    0.70129467    0.78370838    0.76469538    0.70924469    0.90192762    0.89467208    1.15380122    1.20842644    1.33499788    1.20619114    0.97915364    1.24873363    1.15137270    1.20113464    1.18533046    1.17456758    1.15629493    1.12580210    1.25451499    1.07826452    1.25153181    1.23031673    0.87659839    0.90288670    0.87864124    1.17022482    1.32105478    1.29006382    1.03302345    1.14472826    1.32940329    1.20729580    1.23934920    1.16608230    1.27763566    1.27350174    1.27874203    1.16346851    1.26203074    1.27255796    1.34062813    1.17699671    1.22571778    1.25422295    1.08238248    1.13291238    1.36758375    1.02874459    1.11612533    1.21106245    1.17287830    0.91821036
A0A1V9A9B7_9PSEU/88-220     0.40148495    0.51443125    0.50321165    0.40597547    0.37872433    0.33232768    0.47644461    0.37780390    0.49457881    0.45400178    0.39925388    0.31708734    0.35972385    0.32666951    0.37323535    0.29041441    0.28962473    0.00000000    0.24738700    2.04295946    2.23179452    2.13134802    1.72225124    2.15340571    2.17585898    2.08756874    2.06535824    2.37855699    2.14114124    2.21019437    2.43824602    2.54668739    2.42411789    1.93389766    1.96434166    2.28315569    2.35068576    2.28985915    1.98997580    2.22935536    1.95678962    2.11890610    1.87647966    2.55162929    2.63930596    2.54801209    2.73150345    2.75920590    2.90894802    0.82608826    0.65955919    0.70004065    0.69210900    0.79550452    0.84411877    0.89571924    1.17902360    1.09295902    1.05712810    1.08898423    0.95644963    1.22207400    1.07610823    1.18251865    1.09617971    1.05203336    1.08261816    1.07849672    1.21318265    1.03218022    1.23261054    1.13653208    0.80753674    0.88170919    0.78156326    1.07094900    1.11786600    1.37845095    1.18523933    1.22413662    1.35548878    1.17387098    1.17718393    1.19510225    1.07470666    1.16498851    1.39570436    1.13557638    1.17154166    1.26045984    1.35631292    1.14081929    1.26607122    1.30108189    1.22666213    1.15319315    1.13546311    1.12292256    1.12288241    1.18976582    1.02575770    0.91530282
H5X9P5_9PSEU/89-221     0.42098620    0.55589051    0.50258921    0.35826090    0.39411794    0.40120652    0.39661384    0.31717496    0.40951644    0.41602068    0.39631590    0.28011447    0.39521443    0.29634172    0.41251101    0.29042190    0.26799074    0.24738700    0.00000000    2.17044241    2.54536756    2.80124984    2.15901277    2.51216180    2.37495122    2.36559526    2.22771902    2.69373514    2.12167472    2.72149267    2.71615462    3.13219558    3.00901789    2.27851068    2.29714943    2.53188087    2.56274517    2.38568394    2.13878878    2.17366688    2.14990233    2.09588460    2.19329958    2.85214044    2.67787235    2.34578701    2.94212440    2.99251851    2.99311740    0.83160505    0.67846459    0.69866898    0.72364272    0.72220878    0.83095607    0.85269004    1.27933578    1.04683311    1.28075538    1.07559851    0.98508562    1.18714040    1.04618497    1.18602863    1.07953548    0.97891838    0.98775878    0.96092450    1.11953080    0.96902207    1.10885915    1.06789621    0.85299965    0.92792473    0.77988762    1.07254288    1.02505961    1.27017356    1.09656580    1.21016141    1.23813943    1.18598343    1.13599199    1.20016736    1.34558025    1.21725735    1.28649751    1.14090456    1.16733454    1.26607496    1.31000558    1.15247114    1.26836431    1.23251227    1.18461298    1.17359153    1.20773403    1.09774573    1.15189063    1.25387324    1.23496863    0.91066938
U1P506_9EURY/176-294     2.17092154    2.08317150    2.13319129    2.05736372    1.95705227    1.94135729    1.96025218    2.11814416    2.40999521    2.26286304    2.21371494    2.10627385    2.02168656    1.86469147    1.92951798    2.09647829    2.17116390    2.04295946    2.17044241    0.00000000    1.10689573    0.81926592    0.94254988    0.92613692    0.94783531    1.04104240    0.89481302    1.00441758    0.92215993    0.82686291    0.94302289    1.08907512    1.00761486    1.03040811    0.87862019    0.82476249    0.80200947    1.01547254    0.88266349    0.83218905    0.76220596    0.76112557    0.64101652    3.33997680    2.50341314    3.30139655    3.44544607    3.12491530    3.18850894    2.13700061    2.29822437    2.40697081    2.08211514    2.13728490    2.32820227    2.04880873    2.63867204    2.67359348    2.83545753    2.02091008    2.43081761    2.33297033    2.25806439    2.39764686    2.67889734    2.46096655    2.65211220    2.66690461    2.66735385    2.33814756    2.41278991    2.23079209    2.30478786    2.30879408    2.34907989    2.46672435    2.34518417    2.36536692    2.36912510    2.31578514    2.27414640    2.62984146    2.46844989    2.40820806    2.43820395    2.23758329    2.14814975    2.36532911    2.51597365    2.31265192    2.35556919    2.63581499    2.44648673    2.75469294    2.34246709    2.24912849    2.79858116    2.32202789    2.84616494    2.26370396    2.18364838    2.33687784
A0A1H3GHD3_9EURY/176-307     2.22922832    2.59407030    2.29033172    2.27108796    2.30275495    2.11030736    2.45728815    2.60437335    2.52702370    2.40930066    2.47231286    2.53438815    2.15065753    2.31643164    2.52087287    2.41015111    2.60150395    2.23179452    2.54536756    1.10689573    0.00000000    0.89575997    0.83099558    0.88861691    0.93509861    0.86537333    0.88689824    0.92806863    0.86097304    0.94979774    0.82874874    0.70088346    0.76665689    1.20640940    0.95370209    0.99357669    0.92435109    1.04937066    0.90216974    0.85687223    0.74999143    0.93785579    0.83700753    3.39549913    2.69841089    3.60324224    3.33885114    3.24184279    2.67879874    2.01395380    2.11739096    2.31340914    2.06599319    2.04450027    2.37108162    1.68392943    2.05594911    2.44105014    2.21634542    2.12452722    2.26425375    2.43879397    2.40934956    2.28243176    2.35980534    2.31643565    2.45486021    2.54390597    2.44396336    2.39099590    2.16833254    2.11383195    2.54281124    2.21698000    2.41981529    2.50265736    2.30893577    2.37239642    2.30062245    2.08455147    2.36946494    2.54339916    2.22404473    2.15469505    2.50310505    2.29641638    2.10735798    2.21913003    2.33276311    2.51107110    2.48531094    2.14750715    2.30390952    2.59329648    2.56599250    2.28296084    2.34005207    2.52784980    2.73566015    2.38734060    2.18304277    2.04179165
A0A1H6XGP3_9EURY/177-299     2.64212021    3.02049021    2.78353706    2.81148240    2.83591851    2.47161019    2.90075008    2.80122241    3.15147066    2.69859414    2.87869674    2.69357176    2.48064026    2.57410761    2.57179269    2.55540724    2.55644632    2.13134802    2.80124984    0.81926592    0.89575997    0.00000000    0.73370271    0.87504733    0.85732946    0.84659986    0.85047614    0.82019438    0.93046696    0.92433467    1.00988629    0.90221690    0.95039082    0.91556248    0.91594392    0.81553692    0.83799730    0.81383752    0.79885480    0.86183736    0.77421904    0.89154733    0.67308833    2.71942138    2.99382008    3.48314247    3.51619603    3.30376797    2.96486534    2.71229396    2.36659655    2.60513348    2.30642191    2.55642471    2.70239380    2.43560122    2.92264454    3.25971406    3.17614373    2.75125122    2.69970794    2.49566698    2.57188805    2.61514193    2.86633488    2.88688881    2.78489578    3.18692909    2.87123555    2.78019817    2.84531978    2.64146987    3.09096579    2.49274021    2.88466288    3.28038510    2.76596574    2.73601869    2.46829634    2.33467973    2.54964552    3.01944444    2.55676044    2.79349437    2.56899643    2.19064125    2.40060157    2.24898837    2.63286816    2.75953676    2.43271801    2.73520962    2.59634370    2.92226172    2.92176242    2.54652805    2.72608903    2.68430256    2.95334808    2.68840669    2.60850228    2.72014360
D3SWX3_NATMM/235-361     1.80762591    2.20811543    2.30647557    2.08029033    2.08256821    2.02958775    2.15655660    2.21941654    2.25986753    1.95738385    1.88438800    1.98372261    1.78274208    1.83278403    1.83029773    2.00301597    2.14093147    1.72225124    2.15901277    0.94254988    0.83099558    0.73370271    0.00000000    0.36748290    0.39036804    0.36227813    0.36996588    0.54726286    0.40671713    0.66352259    0.71075757    0.74009149    0.80626576    0.80353130    0.92326011    0.83085278    0.83493798    0.66490632    0.94860928    0.76627295    0.81226963    0.97938287    0.76172376    3.27998165    3.01699721    3.57991742    4.47307185    3.83589841    3.41879141    1.87180532    1.95799874    2.12740268    1.79833639    1.93842646    1.99456849    1.68002216    2.08324692    2.62011326    2.36248624    2.08111539    2.28965173    2.45416480    2.41871518    2.07579771    2.26862498    2.14378810    2.41889008    2.59201485    2.44036874    2.11529603    1.87521534    2.13640591    2.15384766    2.03842611    2.01449993    2.31272820    2.09265594    2.41895424    2.20166473    2.19476347    2.29518208    2.68651351    2.44619269    2.39338269    2.21984665    1.94756836    2.20857326    2.34786149    2.62052931    2.48982402    2.54347486    2.37141988    2.49287380    2.76620393    2.52191814    2.42090384    2.56885890    2.59613882    2.65970279    2.43661508    2.14352360    2.28415430
A0A063ZHK6_9EURY/189-311     2.04711118    2.35698592    2.48124012    2.27209378    2.33937267    2.34425504    2.32968124    2.40479383    2.42975462    2.22584262    2.24348778    2.48881007    2.17766844    2.11857389    2.15831365    2.35775247    2.42474101    2.15340571    2.51216180    0.92613692    0.88861691    0.87504733    0.36748290    0.00000000    0.34659268    0.35511356    0.40007238    0.57293641    0.42542698    0.77476424    0.77076673    0.89293365    0.80827417    0.96267869    0.93485786    0.91288502    0.88461383    0.73669155    0.95587557    0.89332926    0.85234807    0.99409141    0.84567703    3.60765298    3.57155180    3.82065942    4.04762183    3.79678024    3.49436810    2.19469002    2.14486597    2.43879686    2.24096247    2.31573223    2.47640330    2.08760023    2.48445771    2.82106742    2.79633243    2.41985143    2.47094117    2.22902098    2.65265873    2.32989484    2.40739018    2.13797402    2.62199923    2.42912209    2.47273016    2.21686787    2.31692841    2.32815362    2.63366826    2.35063084    2.50118443    2.86835644    2.42424411    2.86218849    2.59016671    2.36009522    2.58080255    2.66402320    2.73672706    2.47875262    2.75783585    2.24753651    2.34629420    2.35470264    2.57824850    2.45294566    2.48273393    2.59981643    2.83265011    2.56601754    2.42177292    2.39110738    2.77106008    2.84517202    2.69943766    2.79514872    2.45385741    2.59167445
A0A1N7CY20_9EURY/186-308     2.28298719    2.72782598    2.52054325    2.31847478    2.48592181    2.42759732    2.52678529    2.52344105    2.51688431    2.36382002    2.32884260    2.42386873    2.18206136    2.21174559    2.16222197    2.26261506    2.53086012    2.17585898    2.37495122    0.94783531    0.93509861    0.85732946    0.39036804    0.34659268    0.00000000    0.35795681    0.36491605    0.61892654    0.47640617    0.76437376    0.69027376    0.78629013    0.68065367    0.81732392    0.83450120    0.95831689    0.91294960    0.69984524    0.94454323    0.85307917    0.73205278    0.97300324    0.83633676    3.57586015    3.54646977    3.50715157    4.37252564    3.67944651    3.30183617    2.17743448    2.12286708    2.32164918    2.06379190    2.10023116    2.22129960    2.04562649    2.41388338    2.72349570    2.73266669    2.44158590    2.44210397    2.29794641    2.55749451    2.18879146    2.38829053    2.28395603    2.55794328    2.66330435    2.56470834    2.29399250    2.16240305    2.27885775    2.43053008    2.36770659    2.35707137    2.44788475    2.37503570    2.86347798    2.29646806    2.30861720    2.50571947    2.68486842    2.60340073    2.51843361    2.68958505    2.41001700    2.41854748    2.67185914    2.91412824    2.71266183    2.60739611    2.64497233    2.78656852    2.43682138    2.37493102    2.62662933    2.81354760    2.81415798    2.68233065    2.44226217    2.26864001    2.34813984
F8D434_HALXS/184-318     1.98939192    2.56899253    2.50260816    2.43103069    2.20229689    2.35147473    2.47746393    2.39253984    2.37442179    2.09588426    2.13798580    2.30313168    2.18131458    2.12798747    2.24733007    2.08613656    2.21302249    2.08756874    2.36559526    1.04104240    0.86537333    0.84659986    0.36227813    0.35511356    0.35795681    0.00000000    0.32544417    0.61534182    0.51240735    0.66893730    0.78721791    0.83830312    0.75986750    0.87993087    0.92389047    0.87102191    0.87531355    0.67909725    0.96914138    0.87204263    0.79369625    1.04935558    0.97127677    3.34706022    2.92869198    3.20307365    3.69716949    3.45950993    3.08935139    2.11514926    2.27434495    2.45654117    2.23577668    2.06531521    2.30230866    2.03926120    2.51795000    2.81557771    2.89837383    2.36271628    2.20626437    2.40653387    2.54865713    2.28137179    2.54103412    2.28254351    2.65734469    2.67891568    2.43257347    2.31499387    2.19000056    2.23566321    2.59657132    2.36623066    2.40761350    2.64810275    2.40202182    2.90047713    2.37562518    2.20338694    2.46584917    2.57857604    2.64907157    2.53861963    2.63883048    2.33068420    2.11256052    2.50007812    2.69371763    2.73024393    2.34892319    2.41235630    2.54895767    2.40262374    2.61202203    2.37521681    2.83098643    2.59870001    2.79467208    2.74354292    2.44238231    2.62772943
A0A202E670_9EURY/184-338     2.14537748    2.45397750    2.36594165    2.25675777    2.34158111    2.36586033    2.30748406    2.17688225    2.47206022    2.27183832    2.10101354    2.44283809    2.14478654    2.23192633    2.24349028    2.27731972    2.36286533    2.06535824    2.22771902    0.89481302    0.88689824    0.85047614    0.36996588    0.40007238    0.36491605    0.32544417    0.00000000    0.63211208    0.40033105    0.59995034    0.71216288    0.76229023    0.66713681    0.82521416    0.95396392    0.90383533    0.88239192    0.68003858    1.02692634    0.96120709    0.78775860    1.01856412    0.90507662    3.25689597    3.12776825    3.62676741    3.74854696    3.42062217    3.32714841    2.21705285    2.20247183    2.32791341    2.06447535    1.99123969    2.12018165    2.02451116    2.45029346    2.70582541    2.79073123    2.25592338    2.29285616    2.19255269    2.34989186    2.34089449    2.44607408    2.21351618    2.62979939    2.73251359    2.43499714    2.36769137    2.03864659    2.06862379    2.44352201    2.30507736    2.20812716    2.34319692    2.35242513    2.68422175    2.32995105    2.24185396    2.50052644    2.58150465    2.81630217    2.67859315    2.36350249    2.29220278    2.06747888    2.36539786    2.66378072    2.69209124    2.59789702    2.64701404    2.68554396    2.74288062    2.52046106    2.40208698    2.79310648    2.63463923    2.83752493    2.55877942    2.34089792    2.48820751
