14
A0A0A0YU75_9CAUD/3-206     0.00000000    2.39314501    2.20941159    2.87548726    2.96594015    2.29629050    1.84806972    1.97530612    2.43329440    2.73096700    2.45181044    1.86526962    1.94051006    3.93726526
Q6J1N7_9CAUD/1-166     2.39314501    0.00000000    0.69670386    3.23391641    5.13832892    3.23082355    3.26883328    3.49034925    3.47946356    3.36940188    3.30318388    3.25875973    3.63170846    5.30810345
A0A118DTA8_9BURK/1-166     2.20941159    0.69670386    0.00000000    3.28671575    4.05144815    2.78507024    2.46987206    3.08204440    3.02390861    2.94221392    2.76028456    3.00535073    3.40050298    3.84909777
C0LP77_9CAUD/1-253     2.87548726    3.23391641    3.28671575    0.00000000    3.84331301    2.16408543    3.33467172    3.08903252    3.35639417    2.78278498    3.03638789    3.00475921    2.76794613    5.13817271
A0A1V0DYG5_9CAUD/5-207     2.96594015    5.13832892    4.05144815    3.84331301    0.00000000    2.02850754    2.33235391    2.90137267    3.06170137    3.50643997    3.18079134    3.06963585    2.97609891    4.94845659
A9J514_BPPYU/3-180     2.29629050    3.23082355    2.78507024    2.16408543    2.02850754    0.00000000    1.28861810    2.16794286    2.57077069    2.53984551    2.06478323    2.11878689    2.14520333    3.77141450
H8FYC4_MAGML/2-176     1.84806972    3.26883328    2.46987206    3.33467172    2.33235391    1.28861810    0.00000000    2.50612612    2.72248900    2.87058975    2.81874651    2.50248645    2.21818953    3.98325160
H6WRY3_9CAUD/3-204     1.97530612    3.49034925    3.08204440    3.08903252    2.90137267    2.16794286    2.50612612    0.00000000    1.60357125    2.38175311    1.57506524    1.67619153    1.59010290    3.79454193
E7EKT1_9CAUD/3-211     2.43329440    3.47946356    3.02390861    3.35639417    3.06170137    2.57077069    2.72248900    1.60357125    0.00000000    1.35619827    1.75633126    2.30466268    2.00183796    3.79575116
D5LH24_9CAUD/2-219     2.73096700    3.36940188    2.94221392    2.78278498    3.50643997    2.53984551    2.87058975    2.38175311    1.35619827    0.00000000    2.00302634    2.42036216    2.25527930    3.27544158
H9C134_9CAUD/2-200     2.45181044    3.30318388    2.76028456    3.03638789    3.18079134    2.06478323    2.81874651    1.57506524    1.75633126    2.00302634    0.00000000    2.00070347    1.79794559    3.93121594
A4KWT2_9CAUD/4-203     1.86526962    3.25875973    3.00535073    3.00475921    3.06963585    2.11878689    2.50248645    1.67619153    2.30466268    2.42036216    2.00070347    0.00000000    1.22732139    3.30436371
A0A0G3CIH4_9GAMM/4-203     1.94051006    3.63170846    3.40050298    2.76794613    2.97609891    2.14520333    2.21818953    1.59010290    2.00183796    2.25527930    1.79794559    1.22732139    0.00000000    3.52791573
A0A081N7R3_9GAMM/1-209     3.93726526    5.30810345    3.84909777    5.13817271    4.94845659    3.77141450    3.98325160    3.79454193    3.79575116    3.27544158    3.93121594    3.30436371    3.52791573    0.00000000

