8
G8ZQP4_TORDC/3-109     0.00000000    0.56220751    0.66372254    0.89445145    1.17622035    1.96130018    0.93784500    1.16597945
C5DZ06_ZYGRC/3-110     0.56220751    0.00000000    0.38082331    0.88679805    1.24778742    1.97148931    0.94254364    1.20950545
A0A1U7EQ80_9SACH/3-112     0.66372254    0.38082331    0.00000000    0.86240871    1.29277056    2.08247736    0.91583477    1.30491337
G0VAS3_NAUCC/3-108     0.89445145    0.88679805    0.86240871    0.00000000    1.02186836    2.05089249    0.96901402    1.31080926
G0W330_NAUDC/18-116     1.17622035    1.24778742    1.29277056    1.02186836    0.00000000    1.85025499    1.26369978    1.62168367
C5DK52_LACTC/6-99     1.96130018    1.97148931    2.08247736    2.05089249    1.85025499    0.00000000    2.00366895    2.20794444
H2ATK5_KAZAF/3-119     0.93784500    0.94254364    0.91583477    0.96901402    1.26369978    2.00366895    0.00000000    1.29020071
J7S4A3_KAZNA/1-114     1.16597945    1.20950545    1.30491337    1.31080926    1.62168367    2.20794444    1.29020071    0.00000000

