6
B5HKH9_STRE2/19-193     0.00000000    0.92725800    0.83929185    1.00440317    0.90613578    1.09657799
I0HB73_ACTM4/18-193     0.92725800    0.00000000    1.18993447    1.21823386    1.19154011    1.24157014
K0JVK6_SACES/18-192     0.83929185    1.18993447    0.00000000    0.40432290    0.85673139    0.98790666
D9T191_MICAI/17-191     1.00440317    1.21823386    0.40432290    0.00000000    0.98697681    1.06587658
C7PXR4_CATAD/24-199     0.90613578    1.19154011    0.85673139    0.98697681    0.00000000    0.96905028
A0A0F7CPM9_9ACTN/25-206     1.09657799    1.24157014    0.98790666    1.06587658    0.96905028    0.00000000

