50
A0A1X7CL63_CELCE/39-242     0.00000000    0.46049822    0.43899914    0.55762021    0.57171926    0.48757386    0.53032040    0.54357775    0.65266230    0.63976017    0.63472886    0.45272201    0.43233977    0.64101534    0.55460336    0.58812646    0.59289929    0.66159855    0.70045032    0.51298983    0.57036348    0.58718123    0.85666134    1.48223649    1.28116399    1.50307443    1.60237951    1.53298601    1.21079469    1.39556125    1.32104027    1.21420167    1.40553622    1.28273582    1.30001755    1.40559586    1.60561770    1.43821800    1.50467203    1.41146785    1.65195032    1.84497621    1.56046709    1.58657334    1.40117065    1.62846310    1.73254631    0.84295536    0.67541531    0.69713037
A0A1H7KPK1_9ACTN/32-227     0.46049822    0.00000000    0.39707305    0.52249939    0.57547302    0.45789039    0.42393718    0.54403650    0.71617976    0.59707002    0.59197517    0.39609734    0.44780799    0.57660257    0.65690095    0.54700498    0.57728361    0.64536329    0.61664626    0.58431195    0.63525042    0.65227308    0.77214630    1.34092929    1.34026026    1.38794710    1.46320182    1.38238104    1.29581263    1.33624180    1.42158653    1.28113174    1.48946537    1.39029918    1.29399840    1.28355094    1.39480580    1.34286990    1.48660893    1.30214016    1.48124116    1.64258810    1.55486032    1.53822032    1.50982166    1.78967141    1.85159501    0.79439046    0.59925408    0.69928710
D2S5P2_GEOOG/17-211     0.43899914    0.39707305    0.00000000    0.44893882    0.53042711    0.42407163    0.40889383    0.51800457    0.53274730    0.46434411    0.46050327    0.32712811    0.40986436    0.55668500    0.58595846    0.42136340    0.59184017    0.64593870    0.65062914    0.49842961    0.52378411    0.56938733    0.83584198    1.23318327    1.18909561    1.34241517    1.40338391    1.33552482    1.33824123    1.41801083    1.30336929    1.20314197    1.41179033    1.26874645    1.29894587    1.39243666    1.47917306    1.33092122    1.53280298    1.35527796    1.50845266    1.64589428    1.56335159    1.45428604    1.48680474    1.54658211    1.69628877    0.81425925    0.57505943    0.63398953
A0A0D8I3J2_RHOSX/11-206     0.55762021    0.52249939    0.44893882    0.00000000    0.49101695    0.52189786    0.52334726    0.56976048    0.57018337    0.58017663    0.52354907    0.43637066    0.51904726    0.74081763    0.64512174    0.67871632    0.54827989    0.61891401    0.70476169    0.65984815    0.55604761    0.76350062    0.91591053    1.30274486    1.48712773    1.44334788    1.62824982    1.56611000    1.36360148    1.48313598    1.34708167    1.34864798    1.50496332    1.37016986    1.46162090    1.35078164    1.37944471    1.29651537    1.34217211    1.43650426    1.47744926    1.72403428    1.58927264    1.72924641    1.54755999    1.61368856    1.66725672    0.87185541    0.71036846    0.77863143
A0A1E8CXE9_9MICO/14-210     0.57171926    0.57547302    0.53042711    0.49101695    0.00000000    0.52113805    0.48228729    0.54419405    0.58815807    0.61485805    0.58242977    0.45808115    0.62300845    0.83738593    0.69499474    0.70924676    0.76757092    0.83123696    0.80234235    0.74825145    0.61780518    0.78111758    0.76993320    1.25423019    1.28586775    1.39805800    1.50566416    1.48173066    1.32688921    1.35428028    1.41917763    1.32123528    1.46103239    1.38173251    1.43002439    1.39947569    1.32370585    1.26472017    1.31114116    1.28862469    1.46376224    1.76961696    1.78311270    1.68653473    1.56155115    1.74219545    1.96855984    0.75646120    0.80958486    0.85183307
I4EQA1_9ACTN/13-210     0.48757386    0.45789039    0.42407163    0.52189786    0.52113805    0.00000000    0.28252513    0.54314595    0.57736434    0.54867937    0.53850172    0.43315333    0.49323502    0.68688547    0.60326578    0.59993336    0.67936308    0.75900590    0.62999152    0.59086499    0.57427187    0.63562248    0.70531151    1.33210057    1.26811045    1.34020338    1.51185573    1.36747841    1.21875632    1.38350813    1.32747284    1.37699894    1.52446043    1.36249085    1.34313332    1.40300753    1.43132753    1.30314226    1.45418259    1.43832322    1.53153153    1.87378578    1.61125480    1.60858857    1.65248560    1.76107875    1.89845674    0.70992731    0.69241186    0.74089910
A0A098Y9Q6_9ACTN/13-210     0.53032040    0.42393718    0.40889383    0.52334726    0.48228729    0.28252513    0.00000000    0.57582029    0.57562236    0.57698126    0.57038111    0.45354553    0.60404713    0.62756263    0.65654716    0.53036778    0.65834762    0.69723876    0.70452191    0.67718491    0.57382389    0.60468518    0.79395734    1.24270293    1.32621861    1.37465403    1.48466900    1.42280311    1.29762241    1.28172723    1.29670663    1.25148680    1.42798866    1.35546661    1.32867365    1.36427331    1.31062661    1.30491295    1.38262902    1.30373240    1.47418408    1.77157257    1.59073567    1.66823196    1.65958486    1.70789939    1.86809384    0.72102557    0.70733413    0.69654819
A0A1G6N5L2_9ACTN/16-211     0.54357775    0.54403650    0.51800457    0.56976048    0.54419405    0.54314595    0.57582029    0.00000000    0.50848745    0.57290444    0.54117940    0.54869439    0.53019212    0.62833619    0.69424311    0.62645353    0.71308524    0.84040790    0.80493653    0.66514773    0.65086665    0.80507969    0.86091655    1.38248216    1.42612063    1.48915733    1.56304455    1.64214824    1.52544747    1.47271048    1.42091092    1.37943012    1.58046508    1.50050609    1.45291845    1.52277948    1.53448168    1.46673782    1.37655344    1.46441541    1.61952850    1.54060613    1.61437872    1.52435355    1.49300267    1.64486624    1.76759669    0.79223793    0.74443764    0.74993848
A0A0T1WD08_9MYCO/17-210     0.65266230    0.71617976    0.53274730    0.57018337    0.58815807    0.57736434    0.57562236    0.50848745    0.00000000    0.60384401    0.54558086    0.56393797    0.66635552    0.80261699    0.70432112    0.65598732    0.77310493    0.91453326    0.88334485    0.63652930    0.62420751    0.70849762    0.87236286    1.33223554    1.26409118    1.31081774    1.49249416    1.27680196    1.38331519    1.44599274    1.43441050    1.34637055    1.57054872    1.33692330    1.42490004    1.41495381    1.45464490    1.33326404    1.49888617    1.34586193    1.42703998    1.52750599    1.59653429    1.65301428    1.71806056    1.65142615    1.73175993    0.82998822    0.73154504    0.74201944
A0A1A0TB91_9MYCO/17-210     0.63976017    0.59707002    0.46434411    0.58017663    0.61485805    0.54867937    0.57698126    0.57290444    0.60384401    0.00000000    0.51859025    0.48860354    0.60495570    0.64576694    0.68865232    0.60010209    0.64633777    0.74645587    0.76193312    0.65850394    0.60190753    0.64446468    0.83409908    1.30667807    1.43268895    1.47327781    1.55985401    1.55409194    1.58813957    1.61811329    1.43814270    1.48038136    1.64835333    1.57672591    1.62553411    1.49130640    1.54680125    1.51302799    1.47619085    1.50699392    1.67695589    1.71072925    1.78939302    1.53882795    1.80175077    1.93419531    1.94053862    0.86325533    0.69927482    0.79275868
A0A132PBD6_9MYCO/31-227     0.63472886    0.59197517    0.46050327    0.52354907    0.58242977    0.53850172    0.57038111    0.54117940    0.54558086    0.51859025    0.00000000    0.50799096    0.52375694    0.69939596    0.69318192    0.62852348    0.70056230    0.70248415    0.74901045    0.65168107    0.57873612    0.70693636    0.83000836    1.31819438    1.22663105    1.34631354    1.49311606    1.41362451    1.36984776    1.48319197    1.23913147    1.20566026    1.35828948    1.30305100    1.31523441    1.28300766    1.40032970    1.39960096    1.42368412    1.29772007    1.30934379    1.57319187    1.42940877    1.54935592    1.50655388    1.60357194    1.64428981    0.85319322    0.75523831    0.78124568
A0A285E918_9ACTN/14-210     0.45272201    0.39609734    0.32712811    0.43637066    0.45808115    0.43315333    0.45354553    0.54869439    0.56393797    0.48860354    0.50799096    0.00000000    0.42392906    0.68789329    0.59654198    0.47964173    0.58616211    0.64252784    0.61265925    0.48780081    0.53961604    0.57800411    0.74669129    1.32115133    1.24136494    1.39924256    1.40289866    1.43448021    1.23531465    1.42144556    1.33135663    1.34602703    1.47425239    1.41730050    1.35172299    1.28254478    1.29201644    1.24294017    1.28916929    1.31514685    1.40155551    1.77911853    1.51575921    1.50885273    1.43486513    1.58321039    1.69758656    0.86536479    0.61297298    0.68225792
A0A511YYB1_9CELL/27-223     0.43233977    0.44780799    0.40986436    0.51904726    0.62300845    0.49323502    0.60404713    0.53019212    0.66635552    0.60495570    0.52375694    0.42392906    0.00000000    0.64706587    0.56999671    0.61585049    0.56954634    0.63561331    0.65505346    0.54132294    0.62694247    0.68900515    0.82264565    1.43604120    1.34634697    1.40872783    1.63050573    1.61496781    1.48627639    1.54453250    1.42804359    1.31666538    1.52089928    1.46069558    1.44464471    1.52877471    1.57419227    1.41784432    1.46293883    1.44112357    1.61814842    1.75388935    1.49271025    1.61648597    1.52197173    1.54286030    1.58631749    0.80821757    0.67177932    0.64629105
A0A161I657_9MICO/29-237     0.64101534    0.57660257    0.55668500    0.74081763    0.83738593    0.68688547    0.62756263    0.62833619    0.80261699    0.64576694    0.69939596    0.68789329    0.64706587    0.00000000    0.64157367    0.52237232    0.71464441    0.71266605    0.62065205    0.61078119    0.65373696    0.74360035    0.81397674    1.38624818    1.55403735    1.64155307    1.64865003    1.69949348    1.44322295    1.57413918    1.44806989    1.40409407    1.70985797    1.62379665    1.54461335    1.58389970    1.59151614    1.52301481    1.72085145    1.53238491    1.66126147    1.67057000    1.33416543    1.50178139    1.52610212    1.85829746    2.05865632    0.82720099    0.78299151    0.61911514
A0A1H1MSJ3_9CELL/15-220     0.55460336    0.65690095    0.58595846    0.64512174    0.69499474    0.60326578    0.65654716    0.69424311    0.70432112    0.68865232    0.69318192    0.59654198    0.56999671    0.64157367    0.00000000    0.56939703    0.66396108    0.73390061    0.79338528    0.69893683    0.61546384    0.71354007    0.84108798    1.62847428    1.53496667    1.51443388    1.78942696    1.66604088    1.39720056    1.44812063    1.41916515    1.35952380    1.63088737    1.63932071    1.42281694    1.54347299    1.60474066    1.65816813    1.68159120    1.58049245    1.59630062    1.96378558    1.63380911    1.56976873    1.74518858    1.67543583    1.87598524    0.82100725    0.81440243    0.88865120
F8A7T6_CELGA/21-216     0.58812646    0.54700498    0.42136340    0.67871632    0.70924676    0.59993336    0.53036778    0.62645353    0.65598732    0.60010209    0.62852348    0.47964173    0.61585049    0.52237232    0.56939703    0.00000000    0.65551166    0.71709000    0.64131336    0.47384269    0.58223317    0.59874250    0.81804698    1.31685640    1.28659670    1.42446963    1.46703299    1.44798855    1.30864152    1.36887068    1.37543766    1.37125701    1.59024033    1.44863338    1.48634732    1.45124669    1.53488699    1.46639646    1.47628904    1.39354806    1.57581526    1.62194814    1.49226157    1.68011253    1.39114243    1.76441973    1.82042582    0.81181597    0.65396254    0.64508838
A0A2A9E970_9MICO/20-225     0.59289929    0.57728361    0.59184017    0.54827989    0.76757092    0.67936308    0.65834762    0.71308524    0.77310493    0.64633777    0.70056230    0.58616211    0.56954634    0.71464441    0.66396108    0.65551166    0.00000000    0.37415446    0.65084256    0.77372199    0.70331400    0.74745279    0.86546368    1.45272742    1.48985185    1.57409181    1.84507196    1.68130547    1.47181127    1.63807763    1.53406235    1.46441596    1.52199622    1.53703105    1.56409543    1.58165267    1.57024799    1.40691039    1.70035403    1.44976831    1.58464681    1.76130808    1.54239885    1.83133314    1.62657065    1.68201942    1.77854206    0.92156617    0.74965822    0.80478023
A0A239QV71_9MICO/20-227     0.66159855    0.64536329    0.64593870    0.61891401    0.83123696    0.75900590    0.69723876    0.84040790    0.91453326    0.74645587    0.70248415    0.64252784    0.63561331    0.71266605    0.73390061    0.71709000    0.37415446    0.00000000    0.69665925    0.82980830    0.67780026    0.85337453    0.82504558    1.69704224    1.38192910    1.59362367    1.75417929    1.63446971    1.46042113    1.51392047    1.36220939    1.44011917    1.39569539    1.50968480    1.52143902    1.45048420    1.61053146    1.52458927    1.66295167    1.66277230    1.70838884    1.67510290    1.54033877    1.61601312    1.49819339    1.86918844    1.89554593    0.90435596    0.83398680    0.93902237
N0E3Z8_9MICO/12-201     0.70045032    0.61664626    0.65062914    0.70476169    0.80234235    0.62999152    0.70452191    0.80493653    0.88334485    0.76193312    0.74901045    0.61265925    0.65505346    0.62065205    0.79338528    0.64131336    0.65084256    0.69665925    0.00000000    0.60461462    0.60042365    0.63560465    0.87665808    1.44118942    1.46393879    1.55741113    1.66123951    1.59529395    1.27930991    1.39339902    1.25324736    1.32680569    1.44855386    1.45276316    1.39879907    1.60883840    1.63643978    1.61632725    1.73528075    1.52436352    1.53257374    1.64842599    1.50115413    1.55584799    1.61698351    1.69061859    1.77450311    0.83274840    0.80916002    0.85300099
A0A222XFH9_9CELL/10-232     0.51298983    0.58431195    0.49842961    0.65984815    0.74825145    0.59086499    0.67718491    0.66514773    0.63652930    0.65850394    0.65168107    0.48780081    0.54132294    0.61078119    0.69893683    0.47384269    0.77372199    0.82980830    0.60461462    0.00000000    0.62583408    0.63620226    0.84846647    1.56214078    1.38131612    1.51398582    1.50192735    1.64687789    1.42362466    1.66010802    1.46488647    1.52020625    1.69210470    1.64124559    1.65412350    1.59161940    1.79861823    1.64752920    1.70972286    1.61562781    1.63274525    1.63449654    1.37264962    1.72146750    1.55524108    1.76913174    1.87272619    0.82514276    0.65376195    0.66830031
A0A1G8EYS9_9NOCA/22-219     0.57036348    0.63525042    0.52378411    0.55604761    0.61780518    0.57427187    0.57382389    0.65086665    0.62420751    0.60190753    0.57873612    0.53961604    0.62694247    0.65373696    0.61546384    0.58223317    0.70331400    0.67780026    0.60042365    0.62583408    0.00000000    0.46886784    0.73024793    1.31828923    1.29534944    1.37873872    1.48750983    1.49540195    1.42436727    1.48509460    1.30673222    1.37750670    1.54861282    1.51520613    1.48165653    1.42820403    1.59827463    1.45223750    1.49024612    1.55053452    1.59855742    1.92766467    1.58059764    1.71807107    1.66648085    1.59286324    1.65949047    0.78156321    0.66339852    0.67103025
C7MI19_BRAFD/85-282     0.58718123    0.65227308    0.56938733    0.76350062    0.78111758    0.63562248    0.60468518    0.80507969    0.70849762    0.64446468    0.70693636    0.57800411    0.68900515    0.74360035    0.71354007    0.59874250    0.74745279    0.85337453    0.63560465    0.63620226    0.46886784    0.00000000    0.82816617    1.35187035    1.54139908    1.49265807    1.61012090    1.45249788    1.29794260    1.48978939    1.37104920    1.34006963    1.65350879    1.47170662    1.43251466    1.61867291    1.73064618    1.61108273    1.76359248    1.53413616    1.59598340    1.92894301    1.64912519    1.58818458    1.62098370    1.70019615    1.83528090    0.78568145    0.67064229    0.66837174
A0A2A9D2H1_9MICO/19-220     0.85666134    0.77214630    0.83584198    0.91591053    0.76993320    0.70531151    0.79395734    0.86091655    0.87236286    0.83409908    0.83000836    0.74669129    0.82264565    0.81397674    0.84108798    0.81804698    0.86546368    0.82504558    0.87665808    0.84846647    0.73024793    0.82816617    0.00000000    1.50354413    1.32686086    1.41672660    1.59807188    1.56079882    1.34198956    1.45513873    1.55204508    1.29362012    1.52990735    1.49226222    1.41554498    1.43818122    1.53023796    1.43918412    1.54574772    1.53233151    1.58485284    1.87993682    1.52224346    1.56030844    1.56161408    1.92368583    2.05558457    0.73372060    0.75807658    0.93531764
A0A1Y2R623_9BURK/13-208     1.48223649    1.34092929    1.23318327    1.30274486    1.25423019    1.33210057    1.24270293    1.38248216    1.33223554    1.30667807    1.31819438    1.32115133    1.43604120    1.38624818    1.62847428    1.31685640    1.45272742    1.69704224    1.44118942    1.56214078    1.31828923    1.35187035    1.50354413    0.00000000    1.47777127    1.39558173    1.42043760    1.55940936    1.44091150    1.57155457    1.31064936    1.30096140    1.42840564    1.33498316    1.39740104    1.33825097    1.21077397    1.38644994    1.33269577    1.37808789    1.39566468    1.33632156    1.50159936    1.77646517    1.65643918    1.91530780    1.85008678    1.42525936    1.44721470    1.35659503
A0A1N7F7M9_9ACTN/37-237     1.28116399    1.34026026    1.18909561    1.48712773    1.28586775    1.26811045    1.32621861    1.42612063    1.26409118    1.43268895    1.22663105    1.24136494    1.34634697    1.55403735    1.53496667    1.28659670    1.48985185    1.38192910    1.46393879    1.38131612    1.29534944    1.54139908    1.32686086    1.47777127    0.00000000    0.29178185    0.46785513    0.34679385    0.71105727    0.82229320    0.81415079    0.80977675    0.78823064    0.76740996    0.84247291    0.98943568    1.10596184    1.16040544    1.20436312    1.00299624    1.04805038    1.18766047    1.31700348    1.57007729    1.34877013    1.45226462    1.51209294    1.23021642    1.47575762    1.35504444
A0A1C6REP2_9ACTN/18-218     1.50307443    1.38794710    1.34241517    1.44334788    1.39805800    1.34020338    1.37465403    1.48915733    1.31081774    1.47327781    1.34631354    1.39924256    1.40872783    1.64155307    1.51443388    1.42446963    1.57409181    1.59362367    1.55741113    1.51398582    1.37873872    1.49265807    1.41672660    1.39558173    0.29178185    0.00000000    0.34913478    0.26608394    0.75947480    0.76305785    0.75082626    0.84430424    0.76557697    0.75350787    0.81726461    0.94750262    1.06319359    1.10016410    1.08927953    0.92062073    0.95519716    1.26068252    1.38316848    1.66373501    1.50011885    1.47697628    1.55384809    1.27532291    1.56277628    1.41150539
A0A1C5GV05_9ACTN/17-219     1.60237951    1.46320182    1.40338391    1.62824982    1.50566416    1.51185573    1.48466900    1.56304455    1.49249416    1.55985401    1.49311606    1.40289866    1.63050573    1.64865003    1.78942696    1.46703299    1.84507196    1.75417929    1.66123951    1.50192735    1.48750983    1.61012090    1.59807188    1.42043760    0.46785513    0.34913478    0.00000000    0.44564404    0.92690003    0.98013224    0.83344081    0.93869994    0.88329349    0.92564514    0.99869590    1.01924488    1.17857570    1.20108067    1.18983073    0.94812048    1.06172755    1.33807730    1.39012393    1.57225068    1.43573745    1.42645686    1.47788886    1.41762405    1.56420804    1.34962287
A0A1C5HXY8_9ACTN/18-218     1.53298601    1.38238104    1.33552482    1.56611000    1.48173066    1.36747841    1.42280311    1.64214824    1.27680196    1.55409194    1.41362451    1.43448021    1.61496781    1.69949348    1.66604088    1.44798855    1.68130547    1.63446971    1.59529395    1.64687789    1.49540195    1.45249788    1.56079882    1.55940936    0.34679385    0.26608394    0.44564404    0.00000000    0.68296310    0.81193974    0.80064234    0.89207775    0.88224470    0.77724433    0.86065345    1.02690440    1.19642896    1.18161519    1.19141677    0.99027988    1.03653139    1.32577606    1.47525921    1.46464726    1.48723787    1.59043885    1.58257000    1.35541873    1.61233639    1.44998892
A0A1Q4XJU5_9ACTN/34-234     1.21079469    1.29581263    1.33824123    1.36360148    1.32688921    1.21875632    1.29762241    1.52544747    1.38331519    1.58813957    1.36984776    1.23531465    1.48627639    1.44322295    1.39720056    1.30864152    1.47181127    1.46042113    1.27930991    1.42362466    1.42436727    1.29794260    1.34198956    1.44091150    0.71105727    0.75947480    0.92690003    0.68296310    0.00000000    0.55989697    0.57975325    0.66899684    0.67842123    0.66230272    0.59753046    0.97181496    1.12686868    1.12319047    1.30455842    1.10866066    1.00190738    1.40756427    1.38680006    1.28385763    1.30094744    1.57861249    1.62042144    1.39589255    1.59231309    1.50113721
A0A0F0HNR6_9PSEU/24-217     1.39556125    1.33624180    1.41801083    1.48313598    1.35428028    1.38350813    1.28172723    1.47271048    1.44599274    1.61811329    1.48319197    1.42144556    1.54453250    1.57413918    1.44812063    1.36887068    1.63807763    1.51392047    1.39339902    1.66010802    1.48509460    1.48978939    1.45513873    1.57155457    0.82229320    0.76305785    0.98013224    0.81193974    0.55989697    0.00000000    0.69102951    0.82549739    0.66732008    0.69993013    0.67339126    1.14655366    1.22956426    1.30364016    1.33738995    1.10651266    1.16864318    1.64413158    1.51508131    1.50351627    1.38505512    1.65683672    1.72245968    1.36768386    1.60430027    1.28091394
A0A1T4PUA2_9ACTN/21-221     1.32104027    1.42158653    1.30336929    1.34708167    1.41917763    1.32747284    1.29670663    1.42091092    1.43441050    1.43814270    1.23913147    1.33135663    1.42804359    1.44806989    1.41916515    1.37543766    1.53406235    1.36220939    1.25324736    1.46488647    1.30673222    1.37104920    1.55204508    1.31064936    0.81415079    0.75082626    0.83344081    0.80064234    0.57975325    0.69102951    0.00000000    0.59318628    0.51499167    0.49957126    0.57287791    0.89951320    1.00738873    0.99917438    1.08609764    0.98418271    0.98352668    1.29594003    1.27975056    1.28688203    1.28408150    1.47759653    1.46273130    1.37888211    1.53167718    1.43587311
I0V0Z7_9PSEU/18-218     1.21420167    1.28113174    1.20314197    1.34864798    1.32123528    1.37699894    1.25148680    1.37943012    1.34637055    1.48038136    1.20566026    1.34602703    1.31666538    1.40409407    1.35952380    1.37125701    1.46441596    1.44011917    1.32680569    1.52020625    1.37750670    1.34006963    1.29362012    1.30096140    0.80977675    0.84430424    0.93869994    0.89207775    0.66899684    0.82549739    0.59318628    0.00000000    0.50518598    0.48814896    0.52569153    1.02927940    1.08103138    1.19238024    1.18395155    0.94795142    1.01738188    1.36424154    1.49851997    1.45341281    1.38002665    1.47946809    1.55473744    1.29548867    1.33623068    1.32361056
A0A1P8XRR1_9ACTN/18-223     1.40553622    1.48946537    1.41179033    1.50496332    1.46103239    1.52446043    1.42798866    1.58046508    1.57054872    1.64835333    1.35828948    1.47425239    1.52089928    1.70985797    1.63088737    1.59024033    1.52199622    1.39569539    1.44855386    1.69210470    1.54861282    1.65350879    1.52990735    1.42840564    0.78823064    0.76557697    0.88329349    0.88224470    0.67842123    0.66732008    0.51499167    0.50518598    0.00000000    0.33838716    0.36634857    1.01014006    1.06470082    1.09148816    1.17568111    0.87815989    0.85470754    1.30823430    1.38699918    1.70180944    1.31542268    1.55073925    1.65538945    1.51358383    1.41947312    1.43177390
A0A1C4ZYD5_MICEC/19-219     1.28273582    1.39029918    1.26874645    1.37016986    1.38173251    1.36249085    1.35546661    1.50050609    1.33692330    1.57672591    1.30305100    1.41730050    1.46069558    1.62379665    1.63932071    1.44863338    1.53703105    1.50968480    1.45276316    1.64124559    1.51520613    1.47170662    1.49226222    1.33498316    0.76740996    0.75350787    0.92564514    0.77724433    0.66230272    0.69993013    0.49957126    0.48814896    0.33838716    0.00000000    0.35816701    0.90290183    1.09701560    1.08204658    1.15252186    0.89555674    1.00651271    1.37845746    1.40420221    1.55314780    1.38043806    1.71200760    1.78549869    1.31483584    1.52878528    1.36378784
A0A1Q5KQL3_9ACTN/19-217     1.30001755    1.29399840    1.29894587    1.46162090    1.43002439    1.34313332    1.32867365    1.45291845    1.42490004    1.62553411    1.31523441    1.35172299    1.44464471    1.54461335    1.42281694    1.48634732    1.56409543    1.52143902    1.39879907    1.65412350    1.48165653    1.43251466    1.41554498    1.39740104    0.84247291    0.81726461    0.99869590    0.86065345    0.59753046    0.67339126    0.57287791    0.52569153    0.36634857    0.35816701    0.00000000    0.96065755    1.00638275    1.15151840    1.21325355    1.00711233    0.94818020    1.40551064    1.31838166    1.38000553    1.27912807    1.68563045    1.88063678    1.33897136    1.53780699    1.36425820
A0A132MZA8_9ACTN/20-211     1.40559586    1.28355094    1.39243666    1.35078164    1.39947569    1.40300753    1.36427331    1.52277948    1.41495381    1.49130640    1.28300766    1.28254478    1.52877471    1.58389970    1.54347299    1.45124669    1.58165267    1.45048420    1.60883840    1.59161940    1.42820403    1.61867291    1.43818122    1.33825097    0.98943568    0.94750262    1.01924488    1.02690440    0.97181496    1.14655366    0.89951320    1.02927940    1.01014006    0.90290183    0.96065755    0.00000000    0.53419362    0.62541580    0.74973712    1.02891893    0.89180289    1.02044055    1.34545419    1.30457979    1.29642657    1.36778518    1.43378188    1.27314782    1.45322133    1.52782139
H3SLV8_9BACL/15-212     1.60561770    1.39480580    1.47917306    1.37944471    1.32370585    1.43132753    1.31062661    1.53448168    1.45464490    1.54680125    1.40032970    1.29201644    1.57419227    1.59151614    1.60474066    1.53488699    1.57024799    1.61053146    1.63643978    1.79861823    1.59827463    1.73064618    1.53023796    1.21077397    1.10596184    1.06319359    1.17857570    1.19642896    1.12686868    1.22956426    1.00738873    1.08103138    1.06470082    1.09701560    1.00638275    0.53419362    0.00000000    0.49135537    0.59999250    0.88843360    0.87021620    1.17969300    1.22094077    1.34778645    1.40027969    1.59963509    1.71024242    1.32098436    1.56213217    1.50133918
A0A1X7HBM0_9BACL/12-207     1.43821800    1.34286990    1.33092122    1.29651537    1.26472017    1.30314226    1.30491295    1.46673782    1.33326404    1.51302799    1.39960096    1.24294017    1.41784432    1.52301481    1.65816813    1.46639646    1.40691039    1.52458927    1.61632725    1.64752920    1.45223750    1.61108273    1.43918412    1.38644994    1.16040544    1.10016410    1.20108067    1.18161519    1.12319047    1.30364016    0.99917438    1.19238024    1.09148816    1.08204658    1.15151840    0.62541580    0.49135537    0.00000000    0.53993217    0.96540802    0.92448608    1.34636902    1.31509067    1.33791557    1.35279095    1.40801211    1.50992626    1.38544821    1.40448791    1.55830524
C0Z8Y0_BREBN/12-208     1.50467203    1.48660893    1.53280298    1.34217211    1.31114116    1.45418259    1.38262902    1.37655344    1.49888617    1.47619085    1.42368412    1.28916929    1.46293883    1.72085145    1.68159120    1.47628904    1.70035403    1.66295167    1.73528075    1.70972286    1.49024612    1.76359248    1.54574772    1.33269577    1.20436312    1.08927953    1.18983073    1.19141677    1.30455842    1.33738995    1.08609764    1.18395155    1.17568111    1.15252186    1.21325355    0.74973712    0.59999250    0.53993217    0.00000000    0.93588525    0.92005815    1.32716219    1.26891011    1.42575683    1.36327463    1.52199968    1.50746991    1.39596151    1.53340601    1.52657334
A0A1G6MT30_9NOCA/16-216     1.41146785    1.30214016    1.35527796    1.43650426    1.28862469    1.43832322    1.30373240    1.46441541    1.34586193    1.50699392    1.29772007    1.31514685    1.44112357    1.53238491    1.58049245    1.39354806    1.44976831    1.66277230    1.52436352    1.61562781    1.55053452    1.53413616    1.53233151    1.37808789    1.00299624    0.92062073    0.94812048    0.99027988    1.10866066    1.10651266    0.98418271    0.94795142    0.87815989    0.89555674    1.00711233    1.02891893    0.88843360    0.96540802    0.93588525    0.00000000    0.48120962    1.03335466    0.95415639    1.06798738    1.11801922    1.51690577    1.58909708    1.36554275    1.50913172    1.46715569
A0A0K2YPL0_9NOCA/14-211     1.65195032    1.48124116    1.50845266    1.47744926    1.46376224    1.53153153    1.47418408    1.61952850    1.42703998    1.67695589    1.30934379    1.40155551    1.61814842    1.66126147    1.59630062    1.57581526    1.58464681    1.70838884    1.53257374    1.63274525    1.59855742    1.59598340    1.58485284    1.39566468    1.04805038    0.95519716    1.06172755    1.03653139    1.00190738    1.16864318    0.98352668    1.01738188    0.85470754    1.00651271    0.94818020    0.89180289    0.87021620    0.92448608    0.92005815    0.48120962    0.00000000    1.02093970    0.95460769    1.16418135    1.13592072    1.46891248    1.61408828    1.62147778    1.57203864    1.56253342
A0A1H8WD37_9ACTN/26-213     1.84497621    1.64258810    1.64589428    1.72403428    1.76961696    1.87378578    1.77157257    1.54060613    1.52750599    1.71072925    1.57319187    1.77911853    1.75388935    1.67057000    1.96378558    1.62194814    1.76130808    1.67510290    1.64842599    1.63449654    1.92766467    1.92894301    1.87993682    1.33632156    1.18766047    1.26068252    1.33807730    1.32577606    1.40756427    1.64413158    1.29594003    1.36424154    1.30823430    1.37845746    1.40551064    1.02044055    1.17969300    1.34636902    1.32716219    1.03335466    1.02093970    0.00000000    1.14923625    1.31726572    1.08995281    1.78626778    1.81484620    1.51236828    1.87726783    1.79132571
A0A0T0MMQ3_9CELL/42-235     1.56046709    1.55486032    1.56335159    1.58927264    1.78311270    1.61125480    1.59073567    1.61437872    1.59653429    1.78939302    1.42940877    1.51575921    1.49271025    1.33416543    1.63380911    1.49226157    1.54239885    1.54033877    1.50115413    1.37264962    1.58059764    1.64912519    1.52224346    1.50159936    1.31700348    1.38316848    1.39012393    1.47525921    1.38680006    1.51508131    1.27975056    1.49851997    1.38699918    1.40420221    1.31838166    1.34545419    1.22094077    1.31509067    1.26891011    0.95415639    0.95460769    1.14923625    0.00000000    0.91634288    0.74233809    1.84585550    2.07353088    1.56643175    1.65612768    1.51653654
A0A021VTD1_9CELL/40-240     1.58657334    1.53822032    1.45428604    1.72924641    1.68653473    1.60858857    1.66823196    1.52435355    1.65301428    1.53882795    1.54935592    1.50885273    1.61648597    1.50178139    1.56976873    1.68011253    1.83133314    1.61601312    1.55584799    1.72146750    1.71807107    1.58818458    1.56030844    1.77646517    1.57007729    1.66373501    1.57225068    1.46464726    1.28385763    1.50351627    1.28688203    1.45341281    1.70180944    1.55314780    1.38000553    1.30457979    1.34778645    1.33791557    1.42575683    1.06798738    1.16418135    1.31726572    0.91634288    0.00000000    0.69977306    1.81015484    1.80649668    1.57647922    1.83691521    1.72742525
A0A0A0BLI9_9CELL/40-242     1.40117065    1.50982166    1.48680474    1.54755999    1.56155115    1.65248560    1.65958486    1.49300267    1.71806056    1.80175077    1.50655388    1.43486513    1.52197173    1.52610212    1.74518858    1.39114243    1.62657065    1.49819339    1.61698351    1.55524108    1.66648085    1.62098370    1.56161408    1.65643918    1.34877013    1.50011885    1.43573745    1.48723787    1.30094744    1.38505512    1.28408150    1.38002665    1.31542268    1.38043806    1.27912807    1.29642657    1.40027969    1.35279095    1.36327463    1.11801922    1.13592072    1.08995281    0.74233809    0.69977306    0.00000000    1.88887625    2.05334603    1.39180886    1.49073982    1.47784747
U1RDD2_9BIFI/17-208     1.62846310    1.78967141    1.54658211    1.61368856    1.74219545    1.76107875    1.70789939    1.64486624    1.65142615    1.93419531    1.60357194    1.58321039    1.54286030    1.85829746    1.67543583    1.76441973    1.68201942    1.86918844    1.69061859    1.76913174    1.59286324    1.70019615    1.92368583    1.91530780    1.45226462    1.47697628    1.42645686    1.59043885    1.57861249    1.65683672    1.47759653    1.47946809    1.55073925    1.71200760    1.68563045    1.36778518    1.59963509    1.40801211    1.52199968    1.51690577    1.46891248    1.78626778    1.84585550    1.81015484    1.88887625    0.00000000    0.38742049    1.80194014    1.84750350    1.85371698
A0A261EV73_9BIFI/14-203     1.73254631    1.85159501    1.69628877    1.66725672    1.96855984    1.89845674    1.86809384    1.76759669    1.73175993    1.94053862    1.64428981    1.69758656    1.58631749    2.05865632    1.87598524    1.82042582    1.77854206    1.89554593    1.77450311    1.87272619    1.65949047    1.83528090    2.05558457    1.85008678    1.51209294    1.55384809    1.47788886    1.58257000    1.62042144    1.72245968    1.46273130    1.55473744    1.65538945    1.78549869    1.88063678    1.43378188    1.71024242    1.50992626    1.50746991    1.58909708    1.61408828    1.81484620    2.07353088    1.80649668    2.05334603    0.38742049    0.00000000    2.03901292    1.96141500    1.97506995
A0A176QFB3_9MICO/9-206     0.84295536    0.79439046    0.81425925    0.87185541    0.75646120    0.70992731    0.72102557    0.79223793    0.82998822    0.86325533    0.85319322    0.86536479    0.80821757    0.82720099    0.82100725    0.81181597    0.92156617    0.90435596    0.83274840    0.82514276    0.78156321    0.78568145    0.73372060    1.42525936    1.23021642    1.27532291    1.41762405    1.35541873    1.39589255    1.36768386    1.37888211    1.29548867    1.51358383    1.31483584    1.33897136    1.27314782    1.32098436    1.38544821    1.39596151    1.36554275    1.62147778    1.51236828    1.56643175    1.57647922    1.39180886    1.80194014    2.03901292    0.00000000    1.03959808    0.93314761
A0A1G7JR10_9PSEU/8-198     0.67541531    0.59925408    0.57505943    0.71036846    0.80958486    0.69241186    0.70733413    0.74443764    0.73154504    0.69927482    0.75523831    0.61297298    0.67177932    0.78299151    0.81440243    0.65396254    0.74965822    0.83398680    0.80916002    0.65376195    0.66339852    0.67064229    0.75807658    1.44721470    1.47575762    1.56277628    1.56420804    1.61233639    1.59231309    1.60430027    1.53167718    1.33623068    1.41947312    1.52878528    1.53780699    1.45322133    1.56213217    1.40448791    1.53340601    1.50913172    1.57203864    1.87726783    1.65612768    1.83691521    1.49073982    1.84750350    1.96141500    1.03959808    0.00000000    0.53214322
A0A1I5FEW5_9PSEU/15-204     0.69713037    0.69928710    0.63398953    0.77863143    0.85183307    0.74089910    0.69654819    0.74993848    0.74201944    0.79275868    0.78124568    0.68225792    0.64629105    0.61911514    0.88865120    0.64508838    0.80478023    0.93902237    0.85300099    0.66830031    0.67103025    0.66837174    0.93531764    1.35659503    1.35504444    1.41150539    1.34962287    1.44998892    1.50113721    1.28091394    1.43587311    1.32361056    1.43177390    1.36378784    1.36425820    1.52782139    1.50133918    1.55830524    1.52657334    1.46715569    1.56253342    1.79132571    1.51653654    1.72742525    1.47784747    1.85371698    1.97506995    0.93314761    0.53214322    0.00000000

