6
W7KWQ0_9CREN/1-90     0.00000000    0.73290081    0.66886571    0.86958784    0.60740650    0.57464887
Q97ZE1_SACS2/4-93     0.73290081    0.00000000    0.76167997    0.89055091    0.86019360    0.89263856
F9VP09_SULTO/1-90     0.66886571    0.76167997    0.00000000    0.73295058    0.87488780    0.77011891
Q4J987_SULAC/1-90     0.86958784    0.89055091    0.73295058    0.00000000    1.02147752    0.89460769
A4YHL7_METS5/1-89     0.60740650    0.86019360    0.87488780    1.02147752    0.00000000    0.56292328
F4B511_ACIHW/1-90     0.57464887    0.89263856    0.77011891    0.89460769    0.56292328    0.00000000

