12
B5CRW0_9FIRM/25-212     0.00000000    1.07884345    1.21457761    1.11130818    1.24337150    1.94386129    2.18769897    2.50214447    2.64855829    2.48893066    1.15037754    1.42997357
A0A162MYC7_9FIRM/26-212     1.07884345    0.00000000    0.93886870    0.97666062    1.28548914    2.19363971    2.27792493    2.42667123    2.72732761    2.23027335    1.03118026    1.03865002
A0A0V8JFZ9_9BACI/16-202     1.21457761    0.93886870    0.00000000    0.99100134    1.14149925    2.02018037    2.37122671    2.64844726    2.96856236    2.52751592    1.01501236    1.03261282
A0A0D8D479_9GAMM/22-212     1.11130818    0.97666062    0.99100134    0.00000000    1.16046231    2.06173999    2.37087373    2.62841746    2.73405081    2.43622975    0.94831400    1.03346439
A1K2B7_AZOSB/25-209     1.24337150    1.28548914    1.14149925    1.16046231    0.00000000    1.74957489    2.38169861    2.66336202    2.68880026    2.57087256    0.95179791    1.09657181
G2MPQ2_9EURY/19-204     1.94386129    2.19363971    2.02018037    2.06173999    1.74957489    0.00000000    1.61575472    1.70165985    2.34299190    1.64414401    1.67375917    1.91722729
D5EQ08_CORAD/16-212     2.18769897    2.27792493    2.37122671    2.37087373    2.38169861    1.61575472    0.00000000    1.81090643    2.60167852    1.85045898    2.23301892    2.19427443
A0A0W1RFI7_9EURY/16-213     2.50214447    2.42667123    2.64844726    2.62841746    2.66336202    1.70165985    1.81090643    0.00000000    2.66295542    1.50607736    2.57242971    2.46070598
J7L5C2_NOCAA/35-227     2.64855829    2.72732761    2.96856236    2.73405081    2.68880026    2.34299190    2.60167852    2.66295542    0.00000000    2.15877979    2.69059407    2.93194219
A0A0F8AYJ6_9EURY/19-203     2.48893066    2.23027335    2.52751592    2.43622975    2.57087256    1.64414401    1.85045898    1.50607736    2.15877979    0.00000000    2.45865792    2.32794065
A0A0M8Y2X2_9ACTN/30-219     1.15037754    1.03118026    1.01501236    0.94831400    0.95179791    1.67375917    2.23301892    2.57242971    2.69059407    2.45865792    0.00000000    1.05758734
Q5ZW53_LEGPH/25-214     1.42997357    1.03865002    1.03261282    1.03346439    1.09657181    1.91722729    2.19427443    2.46070598    2.93194219    2.32794065    1.05758734    0.00000000

