95
Q02CH1_SOLUE/379-490     0.00000000    0.31437442    0.31440235    0.32222964    0.31175712    0.32345612    0.33077251    0.34671095    0.35275221    0.42587761    0.36086387    0.45572408    0.39502976    0.47754702    0.52579654    0.44262629    0.52419425    0.34103473    0.46589794    0.48767028    0.79977074    0.92382567    0.98767071    1.03239286    0.98024749    0.83748982    0.83555023    1.03629393    1.05750779    0.96184020    1.03493822    0.96846275    0.89084218    0.92336800    1.04306371    1.00911827    1.58218034    1.54051488    1.16038387    1.17227803    1.20307008    1.13006214    1.03260525    1.11946785    1.00510417    1.17107674    1.18593768    1.16472417    1.16138765    1.06441248    1.03337332    1.14022348    1.05825729    1.18963926    1.27753561    1.07786460    1.17708138    1.05605420    1.09137464    0.91804999    1.10618627    1.12061068    1.05056778    1.06483284    1.54868268    1.66044613    1.42537677    1.46141943    1.71133556    1.73388556    1.09176369    1.00102576    0.94328114    0.81555634    0.72402137    0.62737047    0.76542209    0.71051088    0.70591538    0.74439929    0.74768256    0.73267799    0.59647214    0.63636207    0.65319166    0.68465074    0.63861647    0.60199123    0.68309850    0.64557622    0.62563899    0.67514882    0.64130654    0.87716059    1.02370689
G8NPU0_GRAMM/383-494     0.31437442    0.00000000    0.29883983    0.37390648    0.38139923    0.35802623    0.46125677    0.44575087    0.31824195    0.52744668    0.38594649    0.45791696    0.37038977    0.45530676    0.43479480    0.39341509    0.59046740    0.34039910    0.53152852    0.50539725    0.81434641    0.89917591    0.86580702    0.85693052    0.96276623    0.78272486    0.77564805    0.95904478    1.07300115    0.94104121    0.96287560    1.03639838    0.89103320    0.91741799    1.15754147    0.94134160    1.52219731    1.51677233    1.19329539    1.18710199    1.29380050    1.24479416    1.13131263    1.30288895    1.10316132    1.22147615    1.27819024    1.28970485    1.21927537    1.27889863    1.20670443    1.26376635    1.22468496    1.31514207    1.35409734    1.15391800    1.20223020    1.08852125    1.16890849    1.03891731    1.13482203    1.17657750    1.16098922    1.17568473    1.48541481    1.66247554    1.34136557    1.76019455    1.75037996    1.65104147    1.13510694    1.11673777    1.03118716    0.89972377    0.75923894    0.67171351    0.76802984    0.71338837    0.72858241    0.70927064    0.67441172    0.79355288    0.65813380    0.69743579    0.69626582    0.60821971    0.59012402    0.62216758    0.75431653    0.64558514    0.57804851    0.70566621    0.65734257    0.85131302    0.88728546
E8X5R6_GRATM/381-492     0.31440235    0.29883983    0.00000000    0.39829548    0.42015874    0.37460456    0.51932639    0.50985585    0.45271803    0.55053277    0.47799352    0.46442109    0.49609790    0.56512882    0.58527657    0.55279005    0.61221100    0.48173374    0.52435237    0.54745757    0.98740169    0.92254062    0.99875726    1.02237080    1.12567504    0.90399237    0.85314568    1.13441457    1.31627419    0.96895884    1.14064151    1.14109441    0.95017082    1.02882434    1.05212674    1.01381382    1.64836256    1.70835215    1.16436917    1.16203003    1.18935688    1.14548596    1.08742399    1.37324376    1.07991196    1.28272627    1.19521742    1.17658634    1.27361825    1.14588839    1.18886004    1.09638087    1.25431130    1.17162572    1.25341270    1.20585365    1.22148679    0.98471177    1.14429118    1.06658558    1.07931502    1.10750689    1.18706317    1.13482299    1.47295701    1.58068880    1.43839525    1.67160458    1.75040455    1.72634870    1.04748469    1.00829558    0.86983011    0.86969261    0.78447896    0.75768895    0.82762794    0.77420346    0.78025058    0.71702772    0.71584606    0.77525425    0.62992009    0.66569476    0.67302727    0.71961313    0.68312662    0.68428040    0.71212066    0.68141802    0.62159871    0.63817252    0.59134744    0.81100018    0.93759323
L0DDH1_SINAD/379-490     0.32222964    0.37390648    0.39829548    0.00000000    0.27085532    0.30550174    0.33845053    0.41506459    0.36305562    0.37861703    0.37283977    0.52261168    0.45374657    0.48754362    0.53131714    0.54045637    0.51116630    0.36144293    0.50957164    0.50511240    0.85190774    0.94368697    0.94043263    0.96625381    0.94085802    0.86757424    0.84257549    1.02582787    1.00506737    0.93934433    0.92423548    0.90951379    0.89277084    0.85110895    0.89837085    0.91220307    1.38766675    1.31327715    1.18742527    1.25160024    1.22806222    1.16363180    1.05701290    1.16874323    1.12245721    1.28550698    1.21507804    1.20872794    1.26210967    1.17268879    1.17641117    1.08050819    1.21023338    1.23569828    1.29271878    1.16024611    1.15368953    1.09149856    1.16972501    1.09609003    1.14245655    1.16587483    1.17431077    1.19671870    1.68646224    1.51494542    1.30426170    1.40615012    1.51379440    1.52904629    1.18977918    1.00928959    0.93227306    0.91027115    0.83397018    0.71191665    0.97172563    0.72684188    0.72823597    0.71670995    0.81640748    0.74796090    0.53671875    0.62780248    0.66003741    0.63823379    0.62420339    0.60029076    0.71054686    0.60351966    0.57406989    0.67181346    0.63455747    0.77469468    0.84328222
G2IZZ5_PSEUL/378-489     0.31175712    0.38139923    0.42015874    0.27085532    0.00000000    0.11725465    0.29745330    0.41792108    0.32110144    0.35344867    0.33448198    0.50908772    0.36805168    0.42498595    0.46797370    0.40019629    0.46230995    0.34179338    0.50270814    0.54645557    0.80806996    0.86401417    0.90541079    0.92630098    1.09168177    0.87264975    0.81114919    1.07482416    1.05265534    1.06810056    0.93818488    0.89160462    0.88610910    0.93488830    1.00196571    0.98031660    1.53824806    1.60536127    1.10235563    1.18155513    1.17498711    1.09325626    1.00013225    1.07287466    0.96821600    1.17172916    1.22836647    1.11263415    1.16623940    1.11340311    1.14598779    1.11409604    1.13640691    1.19040686    1.26209328    1.19318881    1.28439767    1.09603254    1.10726514    1.01117160    1.16425489    1.17412408    1.12719398    1.10839634    1.53999209    1.56026379    1.31456488    1.50882967    1.40030297    1.42178582    1.12028202    0.97514687    0.93805522    0.85797761    0.76076215    0.67709616    0.84409852    0.63542935    0.71249009    0.69125066    0.69931035    0.67364151    0.68887317    0.75234727    0.74916033    0.69170427    0.74099465    0.71511179    0.75735277    0.70099207    0.66324225    0.72559155    0.65232377    0.86317497    0.96515794
A1K516_AZOSB/381-492     0.32345612    0.35802623    0.37460456    0.30550174    0.11725465    0.00000000    0.31221367    0.35944628    0.33014839    0.33083247    0.28709916    0.49001884    0.38663914    0.44530144    0.45192029    0.40904691    0.43616511    0.41219879    0.54145828    0.55486175    0.83743012    0.80430800    0.91870540    0.89599788    1.04776328    0.84059634    0.81148070    1.09487746    1.07615562    1.01389365    0.94757852    0.96123484    0.89518151    0.95539710    1.03631884    0.97412791    1.54601726    1.48144959    1.16582662    1.22507418    1.23502306    1.14173396    0.99710374    1.11924707    0.98876123    1.21668389    1.31050232    1.15884273    1.21355549    1.16102824    1.21202920    1.17933169    1.18614169    1.21678125    1.34037582    1.24660437    1.36143822    1.09394586    1.08849032    1.09086755    1.23299280    1.18885396    1.22986348    1.20864183    1.59186320    1.55369729    1.37315868    1.57201568    1.53450458    1.57174266    1.06031817    1.01418202    0.96827143    0.79474488    0.78059287    0.69245478    0.82490631    0.67518507    0.70571503    0.68945390    0.72367691    0.68688917    0.62800018    0.66594276    0.71649606    0.67945343    0.70284433    0.66053770    0.68645890    0.62636347    0.57429586    0.66607287    0.61721202    0.75088777    0.80633936
I0HSC7_RUBGI/375-486     0.33077251    0.46125677    0.51932639    0.33845053    0.29745330    0.31221367    0.00000000    0.22857495    0.25854527    0.36672941    0.43432417    0.62414975    0.49379926    0.54469108    0.63146835    0.47167057    0.59336658    0.44218544    0.61520031    0.57031487    0.77576406    0.88567313    1.00975167    1.00217373    0.94996635    0.85118153    0.85813180    1.03476306    0.98261521    0.99798419    0.99542354    0.84303100    0.86892002    0.88671395    0.91813880    0.94288877    1.40104129    1.42394365    1.20661584    1.27078944    1.26251425    1.20662715    0.99562827    1.13531988    1.08310862    1.14645093    1.23245043    1.12869160    1.11839895    1.13117570    1.01782788    1.09098354    1.05321655    1.22350713    1.29911343    1.14908230    1.24336667    1.15968253    1.27994782    1.02538162    1.16747499    1.15174962    1.13474445    1.13168162    1.28857992    1.46022155    1.22141482    1.26401516    1.36246707    1.32316898    1.05562887    1.13097157    1.05771352    0.78140829    0.84337887    0.71581497    0.85830719    0.68925074    0.70445014    0.78083784    0.76655685    0.70458768    0.62250827    0.74784892    0.76328180    0.73737554    0.71226003    0.70548350    0.70008979    0.69506162    0.65611277    0.72566734    0.67802966    0.90405755    0.95823991
I0HTN7_RUBGI/374-485     0.34671095    0.44575087    0.50985585    0.41506459    0.41792108    0.35944628    0.22857495    0.00000000    0.24682000    0.36771005    0.40813384    0.60636898    0.53005278    0.57660053    0.62528139    0.50086569    0.68832554    0.51059567    0.61806843    0.62716070    0.74776866    0.86651551    0.96691676    0.97198375    0.93687962    0.84276891    0.85378735    1.06018883    1.08158744    1.08048857    1.14308840    0.94738415    0.98804009    0.91957969    1.02546450    1.04517863    1.30340529    1.28427358    1.21221787    1.22254924    1.24976288    1.18847831    1.01400962    1.23268930    1.13877330    1.21352266    1.27595468    1.20533271    1.12478598    1.19801517    1.14386513    1.20458851    1.12702710    1.28840463    1.32595424    1.10807511    1.14147963    1.06008142    1.17690014    1.07084772    1.31679637    1.20654924    1.19276932    1.15561874    1.34425644    1.45175052    1.35137522    1.38233999    1.49667613    1.42845868    1.17736822    1.32368767    1.15035017    0.85151676    0.84389760    0.80601884    0.91311324    0.85649478    0.79786693    0.90260391    0.87062854    0.82219525    0.63265238    0.74520444    0.78437749    0.72865958    0.71691779    0.66965032    0.70579162    0.70203532    0.65309526    0.76978161    0.72079384    0.96139181    1.04125617
Q8XRT7_RALSO/379-490     0.35275221    0.31824195    0.45271803    0.36305562    0.32110144    0.33014839    0.25854527    0.24682000    0.00000000    0.30206489    0.33900391    0.51850893    0.41740946    0.53918521    0.54299087    0.43161034    0.56495782    0.43105334    0.56076350    0.58136417    0.73931757    0.88862052    0.80954954    0.85365567    0.95275031    0.71904522    0.77640277    0.96788330    0.98547224    0.96404341    0.98791287    0.96889927    0.94766272    0.79094986    0.94937517    0.98090519    1.45397158    1.49365817    1.24635404    1.25027515    1.32890845    1.27390677    1.04296808    1.24598600    1.11083135    1.27885374    1.33656407    1.23824198    1.19623981    1.18281724    1.19863622    1.22459889    1.18045450    1.28219697    1.31021563    1.17874138    1.21116277    1.27926271    1.31603627    1.11011100    1.26690325    1.20669739    1.17547011    1.16224610    1.42069935    1.47177898    1.26356910    1.43874713    1.50725892    1.41846995    1.07078930    1.13875435    1.03974105    0.82019525    0.82813087    0.81965155    0.85740314    0.77128141    0.76315107    0.85569641    0.84705503    0.79973770    0.63007310    0.65619342    0.69245397    0.66347019    0.65157953    0.65249343    0.69905344    0.60908596    0.64440756    0.66714186    0.66583252    0.83554121    0.95232915
Q6F921_ACIAD/382-493     0.42587761    0.52744668    0.55053277    0.37861703    0.35344867    0.33083247    0.36672941    0.36771005    0.30206489    0.00000000    0.38132781    0.68762077    0.54271136    0.65502998    0.64835583    0.52861688    0.68022893    0.57831670    0.63140478    0.62878359    0.77845057    0.88863486    0.96988160    0.93997384    0.88924976    0.78185077    0.85134792    0.95367275    0.90475099    0.91147696    0.82506748    0.86713238    0.84363005    0.84516301    0.80463485    0.92465537    1.38355053    1.32339609    1.35241711    1.33328416    1.42108997    1.24986758    1.13674603    1.30652402    1.25481049    1.43455751    1.49699617    1.36535609    1.37841909    1.38584173    1.35444845    1.36647877    1.32349162    1.37328505    1.38787148    1.27426369    1.38351939    1.34110149    1.34272791    1.24958044    1.34362578    1.28766033    1.36802810    1.38406669    1.40269800    1.49527370    1.31631804    1.38958360    1.50768710    1.44114946    1.08905075    1.02095429    0.98369229    0.85364934    0.87696628    0.81975889    0.96086125    0.86159540    0.81707135    0.89456236    0.94833739    0.74686343    0.69674041    0.74357523    0.78392114    0.75357964    0.73560976    0.73340808    0.73805664    0.74423659    0.66872811    0.70034792    0.62456012    0.91821367    0.96330411
B5E875_GEOBB/378-489     0.36086387    0.38594649    0.47799352    0.37283977    0.33448198    0.28709916    0.43432417    0.40813384    0.33900391    0.38132781    0.00000000    0.46736873    0.32938093    0.48839493    0.41624622    0.33745860    0.50187127    0.29652368    0.56893152    0.58671589    0.75032164    0.83787385    0.81811635    0.83175826    0.90464360    0.84017309    0.73897335    0.99780557    1.06153835    0.87007871    0.88319023    0.94959252    0.90726899    0.86945033    1.10850830    0.99621685    1.59470733    1.51469137    1.20044650    1.26580916    1.22293219    1.15369667    1.03095742    1.17441023    1.06353906    1.29445326    1.40520303    1.27346540    1.29489946    1.22410422    1.28654508    1.25837196    1.26241303    1.33769694    1.42552270    1.32993627    1.39681782    1.32407027    1.34048829    1.17564977    1.31142592    1.29359959    1.31765706    1.29044842    1.65653193    1.69875362    1.52613797    1.64896691    1.69393754    1.54882050    1.06941809    1.02358118    0.95035836    1.01840356    0.81880487    0.78486368    0.93600091    0.71487404    0.78023096    0.81346466    0.86902699    0.81406095    0.62981330    0.68614684    0.65438643    0.61062229    0.64637570    0.64115788    0.68748738    0.54374608    0.60336527    0.69387160    0.73391839    0.87918607    1.01549241
C1AEI6_GEMAT/377-487     0.45572408    0.45791696    0.46442109    0.52261168    0.50908772    0.49001884    0.62414975    0.60636898    0.51850893    0.68762077    0.46736873    0.00000000    0.41915793    0.54119854    0.55229111    0.60291789    0.57993112    0.51138588    0.56562252    0.63885532    0.99874233    0.93874767    0.95261983    0.96636136    1.00207575    0.97032048    0.96016241    1.15584891    1.21616723    1.04723727    1.11042325    0.99189686    1.02896233    0.91508886    1.09254221    1.14713123    1.54362322    1.62491920    1.25767465    1.34728930    1.31499446    1.21671722    1.16482061    1.34381027    1.12911816    1.28121279    1.29312959    1.26833108    1.35722892    1.22770153    1.23579642    1.20133298    1.25442471    1.31019680    1.32713951    1.22947136    1.31258210    1.18311831    1.26691130    1.17513417    1.30698091    1.27519020    1.26326583    1.21656292    1.53539504    1.56740466    1.62430593    1.83529660    1.85292782    1.73197346    1.04264531    0.97168927    0.88808428    0.90209958    0.86123493    0.82659386    0.92632526    0.86185188    0.77709207    0.80870570    0.79603058    0.85818879    0.71709951    0.76157232    0.68941297    0.74683542    0.72164070    0.67942701    0.75037125    0.69841722    0.73581120    0.85452386    0.74419600    0.86299116    0.98318473
A9GHL5_SORC5/379-490     0.39502976    0.37038977    0.49609790    0.45374657    0.36805168    0.38663914    0.49379926    0.53005278    0.41740946    0.54271136    0.32938093    0.41915793    0.00000000    0.37145416    0.34213127    0.37123308    0.42189351    0.44181376    0.53768356    0.57824112    0.74410985    0.77195748    0.82249632    0.78741869    0.94658886    0.84127014    0.73464150    1.05054208    1.06679959    1.01240053    0.94714904    0.97157582    0.92211051    0.86291410    1.10087289    0.93649980    1.55128972    1.55021585    1.22241070    1.29459781    1.28607433    1.17928162    1.03449680    1.20119633    1.03538389    1.23085615    1.24385758    1.22099415    1.24838409    1.12736838    1.13454303    1.21299754    1.22154585    1.27946013    1.35323243    1.17194603    1.22347729    1.16590782    1.27932210    1.08643271    1.18219749    1.24136395    1.14999627    1.12493684    1.70519107    1.71751550    1.34703460    1.52475082    1.58858355    1.54561237    1.13939656    1.08531795    0.91691805    0.93482391    0.84965058    0.76468784    0.89416771    0.76369552    0.75478229    0.74002985    0.79905935    0.76984895    0.68093964    0.71732866    0.69369451    0.66357079    0.69115783    0.66247806    0.71223618    0.58164130    0.70234674    0.72253226    0.77995039    0.88771964    1.04265521
Q2L046_BORA1/380-491     0.47754702    0.45530676    0.56512882    0.48754362    0.42498595    0.44530144    0.54469108    0.57660053    0.53918521    0.65502998    0.48839493    0.54119854    0.37145416    0.00000000    0.16223569    0.34495537    0.48121189    0.53485964    0.58990060    0.67123822    0.78804064    0.90179705    0.88256229    0.86771758    1.01119019    0.89054121    0.80040273    0.95231504    1.08889564    1.00281537    0.98660073    0.94390263    0.86251949    0.92472169    1.05667629    1.02497271    1.44225826    1.40063036    1.17575488    1.19994075    1.22159438    1.13358858    1.03749472    1.20129807    0.97391720    1.37314983    1.27828201    1.32199415    1.28074920    1.16725869    1.24311889    1.29180994    1.26901666    1.47304766    1.38783987    1.32563799    1.47766074    1.24121128    1.24200326    1.16863152    1.20630360    1.31023939    1.22589599    1.22459517    1.72187408    1.77844450    1.41481222    1.58590368    1.59407123    1.57309479    1.10066421    1.08188402    0.96949892    0.82659511    0.70610658    0.66792677    0.75762745    0.63739688    0.60160867    0.65668869    0.69414704    0.68245745    0.59685543    0.71922994    0.60296327    0.61604822    0.64614718    0.60905075    0.65047668    0.59026485    0.58791837    0.60855988    0.61188392    0.80579178    0.88799220
Q0JYF9_CUPNH/387-498     0.52579654    0.43479480    0.58527657    0.53131714    0.46797370    0.45192029    0.63146835    0.62528139    0.54299087    0.64835583    0.41624622    0.55229111    0.34213127    0.16223569    0.00000000    0.37430192    0.48719794    0.50480387    0.60424291    0.69124357    0.83341858    0.90994987    0.86600425    0.78975411    0.99222854    0.91828017    0.85895065    1.06184180    1.17812422    1.05497623    1.00449457    0.97796641    0.92828137    0.96345790    1.13342915    1.03576471    1.50231588    1.38228083    1.25246535    1.28196613    1.29747641    1.18267264    1.07490839    1.26464658    1.08262392    1.18674110    1.25527006    1.22344012    1.23371689    1.10485767    1.17353341    1.21404462    1.18396919    1.35947054    1.35132436    1.27429051    1.45988160    1.25523241    1.18210082    1.15242081    1.11717447    1.23588416    1.15657326    1.22369480    1.72452156    1.89302115    1.41011383    1.66913054    1.46981027    1.49166041    1.01994877    1.05656092    0.99694789    0.85581648    0.68337400    0.64615827    0.80930273    0.67341171    0.62827209    0.62909344    0.70352603    0.65994824    0.64402113    0.75791313    0.64013918    0.64671206    0.67989000    0.65388424    0.68587262    0.61073635    0.57625393    0.64036856    0.65196353    0.85903577    0.93483723
C5AMW6_BURGB/613-724     0.44262629    0.39341509    0.55279005    0.54045637    0.40019629    0.40904691    0.47167057    0.50086569    0.43161034    0.52861688    0.33745860    0.60291789    0.37123308    0.34495537    0.37430192    0.00000000    0.40400275    0.46462830    0.63666393    0.64801645    0.78246339    0.83075291    0.84133444    0.86254476    0.99698108    0.78282898    0.76331894    0.99403194    1.15531182    0.96813543    0.93610328    0.87583448    0.91690981    0.91686089    1.02628281    0.92990803    1.51167485    1.56053103    1.12467307    1.16110296    1.20329532    1.17028200    1.01819051    1.14857880    0.96993353    1.10502127    1.22254535    1.17184218    1.18883421    1.09094373    1.13054920    1.23183969    1.15686372    1.31151174    1.34965199    1.12429240    1.30102535    1.21044394    1.23265220    0.98560287    1.03185170    1.12051176    1.10651285    1.12179678    1.73525213    1.72386196    1.40801564    1.68700719    1.61478502    1.57838053    1.20372776    1.14750398    1.11584670    0.97277757    0.84639713    0.75879259    0.90278042    0.65837766    0.67478809    0.74110538    0.75713829    0.80990736    0.56654367    0.67063621    0.65137816    0.51616831    0.55147564    0.59597893    0.65267717    0.56243965    0.60085153    0.70196782    0.70584553    0.92125180    0.97084758
G8APE4_9PROT/373-484     0.52419425    0.59046740    0.61221100    0.51116630    0.46230995    0.43616511    0.59336658    0.68832554    0.56495782    0.68022893    0.50187127    0.57993112    0.42189351    0.48121189    0.48719794    0.40400275    0.00000000    0.55509824    0.71275495    0.75133079    0.84439209    0.82443224    0.88317050    0.87207175    1.04291651    0.81334210    0.83437710    1.17383134    1.21594394    0.99395619    1.09330955    1.04058932    0.97276727    0.95676380    1.06720009    1.08808903    1.66662402    1.66928730    1.20226534    1.25262387    1.25560604    1.12093649    1.07950648    1.32679551    1.13359018    1.23188825    1.23207237    1.27302565    1.34424078    1.18417519    1.25215058    1.20676421    1.22662227    1.34906678    1.45727558    1.37346887    1.39095396    1.16601269    1.28634077    1.11036815    1.12251883    1.20801645    1.19666977    1.17344603    1.80556484    1.74743024    1.43836272    1.84858949    1.72932513    1.65874193    1.16506373    1.10847116    0.97328911    0.97595792    0.93119796    0.84882640    0.88803972    0.79886240    0.74795267    0.73043841    0.79264685    0.88002199    0.64698179    0.69281998    0.71952275    0.69446506    0.69788687    0.73239374    0.79057530    0.65677403    0.74996217    0.83446406    0.79407198    0.86614651    0.88776817
D8PEP3_9BACT/380-491     0.34103473    0.34039910    0.48173374    0.36144293    0.34179338    0.41219879    0.44218544    0.51059567    0.43105334    0.57831670    0.29652368    0.51138588    0.44181376    0.53485964    0.50480387    0.46462830    0.55509824    0.00000000    0.48016668    0.46677251    0.83694891    0.85986850    0.93378861    0.94593263    0.96632819    0.91750505    0.88216104    0.91042572    1.06772535    0.94500632    0.88620205    0.90817075    0.81246967    0.79886145    1.08293279    0.95001263    1.36477224    1.45068465    1.10117356    1.22680291    1.15243197    1.16089278    1.08635725    1.14703532    1.05002246    1.25548794    1.32073762    1.20082448    1.21452737    1.10281892    1.15084027    1.12643973    1.16206325    1.23666681    1.20661445    1.26277111    1.39328999    1.20834949    1.24674517    1.06964185    1.13026853    1.26728752    1.22656647    1.19594677    1.60410396    1.53366659    1.44929678    1.63689536    1.52607279    1.52959461    1.24633634    1.07472776    1.12143625    0.91999854    0.71531016    0.72406118    0.85029996    0.65853577    0.69936776    0.73486364    0.79200521    0.83092157    0.64869954    0.70162030    0.63915583    0.60564612    0.63239448    0.60552750    0.59971881    0.57221940    0.58901041    0.69421066    0.65839918    0.92478748    1.06536113
Q7N4M5_PHOLL/376-487     0.46589794    0.53152852    0.52435237    0.50957164    0.50270814    0.54145828    0.61520031    0.61806843    0.56076350    0.63140478    0.56893152    0.56562252    0.53768356    0.58990060    0.60424291    0.63666393    0.71275495    0.48016668    0.00000000    0.15035862    0.82816565    0.90000829    0.98080658    0.97867364    1.10933662    0.88094740    0.87117808    1.04225289    1.00570037    0.89896859    0.84955435    1.08136975    0.84686375    0.93579893    1.00608820    0.96119937    1.59971574    1.37930842    1.14545262    1.18709780    1.15738397    1.18441894    1.09603347    1.23721386    1.10130942    1.20440441    1.21611397    1.15806133    1.23457046    1.10118793    1.12412581    1.14627381    1.18157542    1.29069115    1.28039128    1.23100116    1.28407668    1.10307531    1.12895132    1.10020827    1.08418749    1.23557157    1.07040151    1.04022246    1.71874558    1.57408854    1.44700062    1.49325669    1.65980739    1.73979149    1.12098328    0.95791620    0.88529633    0.82492880    0.82951210    0.77483272    0.88218794    0.71036109    0.81691521    0.74820068    0.77735216    0.79030022    0.67697110    0.68312903    0.70719707    0.69988905    0.75847554    0.69966703    0.73447433    0.70077516    0.67386905    0.72824356    0.67164430    0.85613451    0.95513609
H2J1Y4_RAHAC/376-487     0.48767028    0.50539725    0.54745757    0.50511240    0.54645557    0.55486175    0.57031487    0.62716070    0.58136417    0.62878359    0.58671589    0.63885532    0.57824112    0.67123822    0.69124357    0.64801645    0.75133079    0.46677251    0.15035862    0.00000000    0.90773039    0.90308341    1.00380278    0.97092797    1.06593629    0.87977170    0.89043986    0.99110741    1.06316573    0.92771431    0.84138000    1.02876390    0.81332220    0.98192876    1.03579687    0.97509314    1.52112243    1.47384783    1.14788226    1.14788154    1.21362131    1.17041034    1.09567225    1.22749799    0.98502443    1.16786970    1.22882383    1.21029307    1.27543881    1.18676640    1.13657805    1.19333338    1.19826478    1.31582304    1.33251307    1.27988796    1.18803583    1.20518290    1.23103437    1.10352501    1.06471578    1.20217753    1.06012919    1.04805019    1.64789406    1.54361993    1.32151567    1.40807956    1.62546827    1.66154813    1.06201958    0.93017715    0.94483064    0.77359134    0.81557328    0.76163970    0.86041262    0.68130408    0.82180866    0.78049790    0.72426774    0.75583609    0.68682786    0.66970855    0.76155169    0.70643833    0.76696562    0.72217464    0.74970386    0.68407237    0.71949936    0.72343134    0.75351497    0.91161489    0.95530728
I3TRV2_TISMK/347-456     0.79977074    0.81434641    0.98740169    0.85190774    0.80806996    0.83743012    0.77576406    0.74776866    0.73931757    0.77845057    0.75032164    0.99874233    0.74410985    0.78804064    0.83341858    0.78246339    0.84439209    0.83694891    0.82816565    0.90773039    0.00000000    0.81121510    0.73588307    0.79692257    0.74762604    0.54486894    0.53866282    0.84701348    0.82601491    0.83389891    0.85912612    0.74319371    0.71026867    0.71543309    0.74265472    0.73998984    1.58442333    1.37597041    1.56214531    1.47520099    1.57912905    1.39494625    1.32234028    1.30658305    1.27561268    1.49698009    1.49824463    1.51274758    1.51042351    1.52999975    1.46864878    1.54824290    1.50375669    1.71147771    1.47120856    1.66831997    1.55120334    1.49347167    1.53784657    1.44641530    1.48649884    1.50914865    1.50859782    1.52574182    1.79950384    1.88353805    1.29490389    1.60522360    1.52217001    1.57203053    1.36021909    1.39399652    1.26848658    1.15370123    1.09652041    1.06778268    1.01003272    1.02328879    1.06307303    1.11907119    1.18418401    1.19671890    0.81384714    0.96565287    0.82156452    0.77371871    0.84911283    0.87595355    0.93934387    0.88087664    0.92791002    0.92197034    0.94691689    1.08954924    1.15795937
Q28MW8_JANSC/345-456     0.92382567    0.89917591    0.92254062    0.94368697    0.86401417    0.80430800    0.88567313    0.86651551    0.88862052    0.88863486    0.83787385    0.93874767    0.77195748    0.90179705    0.90994987    0.83075291    0.82443224    0.85986850    0.90000829    0.90308341    0.81121510    0.00000000    0.57638839    0.45010644    0.80231167    0.72859927    0.65759105    0.91286287    1.04784154    1.08419416    1.03399605    0.96331588    0.96348820    1.02148493    1.10872483    0.90925289    1.62927840    1.67146598    1.25653893    1.32703033    1.24589594    1.23793155    1.28535530    1.30538503    1.12678734    1.70687178    1.55907695    1.58037813    1.49781981    1.55889417    1.51606895    1.49296263    1.54550728    1.53930541    1.63019810    1.55410601    1.57221242    1.58323872    1.64235410    1.57785823    1.63342068    1.63847266    1.59627605    1.53280203    1.92342269    1.78574171    1.33343606    1.60712433    1.64766835    1.58120759    1.33719595    1.31496807    1.30783686    1.10812620    1.33682305    1.19608912    1.06270339    1.02943172    1.18982599    1.13440103    1.10951458    1.12417749    1.02193588    0.89615374    1.02235222    0.98478569    0.94870642    0.93215355    0.99009657    0.92840895    0.92103508    0.92436207    0.96102349    1.15341698    1.19661803
A9CGG4_AGRFC/334-444     0.98767071    0.86580702    0.99875726    0.94043263    0.90541079    0.91870540    1.00975167    0.96691676    0.80954954    0.96988160    0.81811635    0.95261983    0.82249632    0.88256229    0.86600425    0.84133444    0.88317050    0.93378861    0.98080658    1.00380278    0.73588307    0.57638839    0.00000000    0.17661290    0.84953088    0.80356697    0.74727806    0.91108824    1.09933035    1.08197297    1.04288809    1.04212237    0.90234418    0.90739231    0.92449686    0.88501520    1.62780860    1.60323458    1.45079730    1.43171331    1.47852822    1.35043355    1.33751543    1.35347871    1.38234055    1.44453896    1.32176707    1.37550915    1.39236539    1.45457870    1.48380355    1.35281719    1.41725441    1.48405327    1.45173066    1.47548564    1.45355266    1.38336929    1.35549557    1.33756931    1.26955701    1.34430593    1.34608755    1.25223361    1.82004497    1.76609743    1.35351976    1.60809974    1.54458246    1.34803094    1.36368656    1.33405596    1.42918067    1.23088983    1.27786278    1.27499786    1.19996444    1.21134171    1.22055346    1.25300783    1.34951827    1.29456049    1.12649152    1.12302096    1.08454698    0.99528777    1.00239179    1.10088951    1.15892377    1.05220889    1.03934251    1.05755894    1.10759140    1.17601702    1.19289134
B9K2G3_AGRVS/324-435     1.03239286    0.85693052    1.02237080    0.96625381    0.92630098    0.89599788    1.00217373    0.97198375    0.85365567    0.93997384    0.83175826    0.96636136    0.78741869    0.86771758    0.78975411    0.86254476    0.87207175    0.94593263    0.97867364    0.97092797    0.79692257    0.45010644    0.17661290    0.00000000    0.79945249    0.76418102    0.75533117    0.88614252    1.04989276    1.08234857    0.92288410    1.05209924    0.86668524    0.95735085    1.05070087    0.82984451    1.58408183    1.56712806    1.47952886    1.44774494    1.52191867    1.31025717    1.40493138    1.44269069    1.31494953    1.55027425    1.38160327    1.56572863    1.43922899    1.54689775    1.59891061    1.50197507    1.50752943    1.63597432    1.61503291    1.48837167    1.50615688    1.45818925    1.48994696    1.37948103    1.34191651    1.44248324    1.39471942    1.37780032    1.85858474    1.78333999    1.32663004    1.52131898    1.47361933    1.43569243    1.39625520    1.38444617    1.46589304    1.19786529    1.29875845    1.22348441    1.13238226    1.15477814    1.20550554    1.15075500    1.22830497    1.15994609    1.11949115    1.05985794    1.14407465    0.99957143    0.98839926    1.08802555    1.17255718    1.03585512    1.00175088    1.06432802    1.10509305    1.17256373    1.10644238
A5G327_ACICJ/380-491     0.98024749    0.96276623    1.12567504    0.94085802    1.09168177    1.04776328    0.94996635    0.93687962    0.95275031    0.88924976    0.90464360    1.00207575    0.94658886    1.01119019    0.99222854    0.99698108    1.04291651    0.96632819    1.10933662    1.06593629    0.74762604    0.80231167    0.84953088    0.79945249    0.00000000    0.69418456    0.77704047    0.85278143    0.91120527    0.94239175    1.06265959    0.89536373    0.87483745    0.89902572    0.91837519    0.92432315    1.27372431    1.21842598    1.58320515    1.59317935    1.56204485    1.44314332    1.32366309    1.42757658    1.32226718    1.62073425    1.60350011    1.54722829    1.43145540    1.76530837    1.60184146    1.61521273    1.53432892    1.70425209    1.66697400    1.59147080    1.64377310    1.55417044    1.67831164    1.69468186    1.66179457    1.74476088    1.65603181    1.69989228    1.89661052    1.89515661    1.46538011    1.82209686    1.90962543    1.92757944    1.37713146    1.50919173    1.36727659    1.12307096    1.23816732    1.16701141    1.09955427    1.12423876    1.07180192    1.18845593    1.19223592    1.21564383    0.99543973    1.05697110    0.93628739    0.91751388    0.87383038    0.94429552    0.88746543    0.88647902    0.89210570    0.84079203    0.93987519    1.05006705    1.04088555
G7Z4J3_AZOL4/398-509     0.83748982    0.78272486    0.90399237    0.86757424    0.87264975    0.84059634    0.85118153    0.84276891    0.71904522    0.78185077    0.84017309    0.97032048    0.84127014    0.89054121    0.91828017    0.78282898    0.81334210    0.91750505    0.88094740    0.87977170    0.54486894    0.72859927    0.80356697    0.76418102    0.69418456    0.00000000    0.36556535    0.75623582    0.73122418    0.73107836    0.77748188    0.83991782    0.69527643    0.69224147    0.77711969    0.75043225    1.46700652    1.63773547    1.53975125    1.43478093    1.55944776    1.44359660    1.21468036    1.33826585    1.16985148    1.45364926    1.49946824    1.34184000    1.35676271    1.42332003    1.51293118    1.40914765    1.37685840    1.62658965    1.57426672    1.50455567    1.50349734    1.32620364    1.35113375    1.30483499    1.41820510    1.42029426    1.49031590    1.46590557    1.71514078    1.94853780    1.30362024    1.74091571    1.76261075    1.77531990    1.17387671    1.22745888    1.24663026    1.08771003    1.03600159    1.02447641    1.00073706    0.96366718    0.96771580    0.97490749    1.09473194    1.05999059    0.91395904    0.91150043    0.92819484    0.90242103    0.86373087    0.89856392    1.00677269    0.83313597    0.87746144    0.89784707    0.95482970    1.11076427    1.13590252
A8IB29_AZOC5/406-517     0.83555023    0.77564805    0.85314568    0.84257549    0.81114919    0.81148070    0.85813180    0.85378735    0.77640277    0.85134792    0.73897335    0.96016241    0.73464150    0.80040273    0.85895065    0.76331894    0.83437710    0.88216104    0.87117808    0.89043986    0.53866282    0.65759105    0.74727806    0.75533117    0.77704047    0.36556535    0.00000000    0.76996439    0.83261675    0.73946342    0.73735823    0.86552954    0.71889609    0.73019665    0.72058855    0.71436420    1.43430672    1.45869299    1.37464209    1.33712963    1.39350755    1.34678064    1.19046317    1.34417382    1.17782177    1.49814254    1.56845337    1.44879525    1.41520960    1.47445127    1.52345478    1.37479938    1.47985287    1.65923442    1.66141723    1.51617949    1.55145921    1.41790804    1.36965581    1.32514722    1.40632741    1.50806819    1.45404421    1.46783699    1.68586896    2.17810442    1.31859574    1.71572504    1.79844888    1.72336808    1.21172819    1.31187143    1.26534771    1.10401260    1.16460492    1.18739222    1.07678618    1.02478215    1.07530305    1.08442466    1.16943109    1.10107678    0.90175834    0.98542706    0.85096994    0.91407942    0.95092266    0.86211705    0.95922229    0.83620848    0.80131522    0.79746376    0.83974976    1.11144940    1.13993820
Q2SEG8_HAHCH/387-498     1.03629393    0.95904478    1.13441457    1.02582787    1.07482416    1.09487746    1.03476306    1.06018883    0.96788330    0.95367275    0.99780557    1.15584891    1.05054208    0.95231504    1.06184180    0.99403194    1.17383134    0.91042572    1.04225289    0.99110741    0.84701348    0.91286287    0.91108824    0.88614252    0.85278143    0.75623582    0.76996439    0.00000000    0.70368468    0.69701749    0.68073527    0.83538836    0.75559215    0.85942467    0.88161927    0.81051330    1.40071112    1.38671876    1.33826672    1.26353403    1.36427940    1.21272041    1.17276299    1.33699017    1.17398814    1.60368090    1.42933133    1.39827249    1.32360283    1.40205873    1.41882889    1.42661870    1.47356204    1.60619076    1.39377681    1.49985459    1.51496359    1.52315990    1.44076348    1.39734153    1.41908931    1.58649481    1.51507412    1.53709774    1.67844991    1.89831337    1.30253067    1.70153721    1.58829195    1.50764760    1.30592281    1.43169664    1.32924244    1.27985266    1.22361132    1.19716076    1.22770635    1.06303774    1.19182623    1.30629993    1.21967822    1.08957672    0.99051943    1.10555098    1.00487356    0.96293270    0.99805290    0.98702997    1.06331710    0.91300093    0.95448913    1.01787536    0.97282516    1.23238328    1.18047756
C5BU02_TERTT/363-474     1.05750779    1.07300115    1.31627419    1.00506737    1.05265534    1.07615562    0.98261521    1.08158744    0.98547224    0.90475099    1.06153835    1.21616723    1.06679959    1.08889564    1.17812422    1.15531182    1.21594394    1.06772535    1.00570037    1.06316573    0.82601491    1.04784154    1.09933035    1.04989276    0.91120527    0.73122418    0.83261675    0.70368468    0.00000000    0.58542550    0.63765027    0.76500169    0.87997202    0.76598816    0.76782087    0.73734823    1.37264953    1.19817750    1.43670179    1.50358292    1.48947156    1.47399612    1.34591751    1.38916921    1.42025829    1.59560325    1.54761143    1.51938891    1.55117585    1.62629139    1.51259267    1.53332219    1.51228371    1.72525911    1.67114973    1.56759242    1.54635155    1.69086701    1.72154913    1.55353235    1.61724237    1.70138348    1.56032044    1.54994079    1.95397215    2.03522242    1.36338427    1.65401901    1.69596862    1.65602076    1.39555510    1.34484199    1.43812417    1.35511427    1.47048164    1.42387389    1.35993647    1.25898504    1.45550450    1.38767540    1.34350196    1.26196279    1.10834350    1.21602857    1.15229733    1.23077838    1.10879302    1.18744655    1.26590189    1.10672240    1.07321303    1.05710729    1.13412412    1.26328929    1.30221105
