15
A0A095Y326_9ACTO/996-1103     0.00000000    1.17658626    1.88735447    1.71953565    1.36610961    1.40179197    1.22799532    2.41895229    1.55935247    1.36758399    1.17695373    1.33548329    1.17089907    1.46038317    1.24566866
E6KTN8_9ACTO/1063-1181     1.17658626    0.00000000    2.29048051    1.62397374    1.85856293    1.70858372    1.76534277    2.66608148    1.33984677    1.59139797    1.45528459    1.48676626    1.51742321    1.80230809    1.22779759
A0LWB3_ACIC1/1009-1128     1.88735447    2.29048051    0.00000000    1.94564606    1.75498721    1.90823557    1.85384053    2.98592974    2.15300457    2.02743295    1.97634013    1.98809176    2.12085150    2.14673254    1.71507011
A0A087A6R2_9BIFI/1016-1136     1.71953565    1.62397374    1.94564606    0.00000000    1.20358129    1.24201099    1.41583639    2.94315652    1.94837119    1.54905480    1.49571723    1.40265788    1.59311403    1.51151282    1.64915318
W5IIZ2_SCAIO/1036-1164     1.36610961    1.85856293    1.75498721    1.20358129    0.00000000    1.10974386    1.02665611    3.01501958    1.85912454    1.48646842    1.33362986    1.47416073    1.48319264    1.43593928    1.40480368
A0A087EJZ4_9BIFI/1021-1136     1.40179197    1.70858372    1.90823557    1.24201099    1.10974386    0.00000000    0.83437121    3.20894076    1.99100219    1.61960761    1.44792231    1.49069581    1.28526954    1.63802610    1.73173649
U1SJC0_9BIFI/1017-1132     1.22799532    1.76534277    1.85384053    1.41583639    1.02665611    0.83437121    0.00000000    2.84713177    1.80648669    1.49272496    1.11003259    1.42512550    1.16257802    1.58364801    1.63700352
A0A080N644_9BIFI/1114-1237     2.41895229    2.66608148    2.98592974    2.94315652    3.01501958    3.20894076    2.84713177    0.00000000    2.39706493    2.17343005    2.05963133    2.10292254    2.54206177    2.69138267    2.41981638
E0DGS4_9CORY/982-1089     1.55935247    1.33984677    2.15300457    1.94837119    1.85912454    1.99100219    1.80648669    2.39706493    0.00000000    0.85791118    0.76776438    0.82383498    0.86187481    1.45177530    1.20617726
W5Y2L4_9CORY/984-1100     1.36758399    1.59139797    2.02743295    1.54905480    1.48646842    1.61960761    1.49272496    2.17343005    0.85791118    0.00000000    0.54926151    0.54290961    0.60771241    1.26334312    1.32918304
A0A0F6QV12_9CORY/988-1095     1.17695373    1.45528459    1.97634013    1.49571723    1.33362986    1.44792231    1.11003259    2.05963133    0.76776438    0.54926151    0.00000000    0.40968910    0.53616059    1.17651792    1.29392227
U7MNV4_9CORY/186-293     1.33548329    1.48676626    1.98809176    1.40265788    1.47416073    1.49069581    1.42512550    2.10292254    0.82383498    0.54290961    0.40968910    0.00000000    0.50383359    1.11346008    1.06353302
CAS9_CORDI/977-1084     1.17089907    1.51742321    2.12085150    1.59311403    1.48319264    1.28526954    1.16257802    2.54206177    0.86187481    0.60771241    0.53616059    0.50383359    0.00000000    1.31987969    1.36647052
K0YTG1_9ACTO/1007-1114     1.46038317    1.80230809    2.14673254    1.51151282    1.43593928    1.63802610    1.58364801    2.69138267    1.45177530    1.26334312    1.17651792    1.11346008    1.31987969    0.00000000    1.28586816
F9PLJ4_9ACTO/990-1095     1.24566866    1.22779759    1.71507011    1.64915318    1.40480368    1.73173649    1.63700352    2.41981638    1.20617726    1.32918304    1.29392227    1.06353302    1.36647052    1.28586816    0.00000000

