40
A0A0F6QWC8_9CORY/7-53     0.00000000    1.40188830    1.16778349    1.27732455    1.30522615    1.57387212    0.75658801    0.99553144    1.03839492    1.02066232    1.09553965    1.08144639    1.40501219    1.97662414    2.42037591    2.31739045    2.03385251    2.06733700    2.55087613    2.47464052    3.14673606    2.28541156    1.98225064    3.00941308    2.36288519    2.29410035    1.99419571    2.12684840    1.85966578    2.60784599    2.97400865    1.64590112    1.87769243    2.10369855    1.36684643    1.77580993    1.50923428    1.50171310    1.67942520    0.98385430
A0A087E0R2_9BIFI/7-53     1.40188830    0.00000000    1.62561655    1.42482640    1.15865873    1.34242382    1.31436938    1.46400265    2.09095234    1.53973364    1.45135877    1.59949464    1.98176518    2.25303072    2.68741824    3.44307431    3.15281740    2.80129504    3.14686617    3.45527384    4.49917472    4.13239946    2.62581610    3.57133076    3.50004490    3.41243591    3.14955563    3.52184595    2.39715933    3.14500095    3.71508614    2.59432549    2.69014666    2.43574388    2.58858880    1.95636559    2.73731539    3.54963864    3.36358113    1.63726871
I6Y464_MYCTU/14-60     1.16778349    1.62561655    0.00000000    0.25728671    0.65388479    0.69514661    1.11669032    1.49718209    1.64121810    1.46803431    1.53696211    1.83418541    1.21375366    2.18771526    2.21810533    2.32088895    2.42062660    2.11509338    2.69479373    2.60280433    1.92925187    3.18150750    2.54839615    2.71274827    2.56230509    2.26287648    2.21348189    2.65189505    2.42884429    1.95007753    2.38659517    1.86011849    2.01567916    2.00697504    1.77232543    2.06586077    1.95463219    2.13074875    2.66681996    1.47036691
W5TMS7_9NOCA/10-56     1.27732455    1.42482640    0.25728671    0.00000000    0.53029674    0.58767757    1.23729451    1.66677821    1.80367091    1.42186593    1.67721066    1.57114796    1.10216844    2.47530756    2.34065799    2.61890094    2.46659133    2.27448715    2.78681782    2.60158061    2.49421380    3.37700628    2.53583578    2.58898567    2.41416963    1.95443370    2.09024107    2.48141952    2.53666413    1.99538966    2.53116494    1.64153505    1.90104163    1.91427989    1.82409865    2.48166021    1.72999902    2.18205616    2.51144753    1.54562468
A0A0Q8VNA8_9ACTN/11-57     1.30522615    1.15865873    0.65388479    0.53029674    0.00000000    0.34172365    0.88450205    1.58967365    1.49700936    1.41633676    1.51908440    1.09622309    1.02975350    1.97534511    1.83495792    2.18149307    1.89241198    1.60547016    2.63459432    2.48009423    2.24601819    2.94411525    2.36700145    1.62630884    1.90484632    1.73934537    1.63929292    1.90948484    1.89835179    2.27467339    3.01324754    1.59469690    1.83951108    2.07783388    1.67422684    1.83494553    1.96367438    2.07972129    2.45768368    1.56410422
A0A0S9PZY8_9ACTN/9-55     1.57387212    1.34242382    0.69514661    0.58767757    0.34172365    0.00000000    1.06079122    1.99679897    1.85112124    1.81715901    1.77230546    1.55158064    1.02621998    2.29468097    2.15796783    1.99507245    2.17892729    1.79436347    3.10589807    2.79121326    2.57582823    3.57318377    3.18982029    1.94036751    2.71505165    2.19560243    2.25437246    2.69260096    2.27748634    2.23744073    3.07314714    1.41865773    1.94262004    1.81743647    1.56736235    1.90572622    2.03343635    2.73838197    3.14610340    1.69416526
B0RBR7_CLAMS/13-59     0.75658801    1.31436938    1.11669032    1.23729451    0.88450205    1.06079122    0.00000000    1.16075567    1.32994815    1.14057442    1.02132833    1.19730352    1.07939072    2.33058687    1.94192734    2.55023515    2.59302314    1.65360070    2.50908337    2.03481722    2.28231952    2.24027771    1.92496567    2.35908019    1.98546900    1.97098751    1.70007305    1.87500988    1.70238862    2.24428183    2.59440973    1.66765684    2.10843238    2.44690949    1.76784809    1.72685403    1.36558578    1.71882648    2.64768362    1.07498361
W1TKH8_9ACTO/5-51     0.99553144    1.46400265    1.49718209    1.66677821    1.58967365    1.99679897    1.16075567    0.00000000    1.51169293    1.19079781    1.24768816    1.45349863    1.40421855    2.23300580    2.08089027    2.47073201    2.05732533    2.06883959    2.35236687    2.35863618    2.16587033    1.75522808    2.17372225    2.98971243    2.47702599    2.54932457    2.22074265    2.43309058    2.48501926    2.54135217    3.21563282    1.92380759    2.22416714    2.52869916    2.18080234    2.23346634    2.50542200    1.70471972    1.81146492    1.05233330
A0A0K1RDR7_9CORY/15-61     1.03839492    2.09095234    1.64121810    1.80367091    1.49700936    1.85112124    1.32994815    1.51169293    0.00000000    1.03066360    1.13869736    1.85717403    1.70450508    2.51132980    2.48315347    3.00852376    2.40208556    2.58596508    3.40452262    3.30519091    3.16121783    3.19585443    1.99499129    2.13542073    2.10189986    2.52284931    1.74503337    1.95178407    2.16322526    1.93004495    2.37825323    1.89566409    1.73436032    1.84365287    1.51322275    1.57141611    1.90464688    1.99336764    1.91707333    1.26664215
M7MPG6_9MICC/7-53     1.02066232    1.53973364    1.46803431    1.42186593    1.41633676    1.81715901    1.14057442    1.19079781    1.03066360    0.00000000    0.78158444    1.25962590    1.77841276    1.50101088    2.07147373    2.71792654    2.34386665    1.98135730    3.13291686    2.69814615    2.12114357    2.17071596    1.98988542    2.72991610    2.29228919    2.12561005    1.61258070    2.06444585    1.72552522    2.09060526    2.55720687    1.90185133    1.86592410    1.92801812    1.54546575    1.75801131    1.70784699    1.57596440    1.60234177    1.05808372
K6WA89_9MICO/19-65     1.09553965    1.45135877    1.53696211    1.67721066    1.51908440    1.77230546    1.02132833    1.24768816    1.13869736    0.78158444    0.00000000    1.60899426    1.54746724    2.15214602    2.54663414    1.83534597    2.17121858    2.33228381    2.48626293    2.25555415    2.76959434    2.89763063    2.34662677    2.83673214    3.03777724    3.12852224    2.51118000    3.14482414    2.62727892    2.68081438    3.66989694    2.18322823    2.54672930    2.73604763    1.70092963    2.27058301    1.85161921    2.30095436    2.71993734    1.30909099
B5HBR4_STRE2/60-106     1.08144639    1.59949464    1.83418541    1.57114796    1.09622309    1.55158064    1.19730352    1.45349863    1.85717403    1.25962590    1.60899426    0.00000000    0.68457013    2.00750392    1.99138311    2.14902948    1.85322023    2.00965525    2.85064665    2.49280193    3.03089049    3.04494164    2.88972426    2.13588890    2.39211337    2.10191198    2.26170214    2.18582467    1.94625458    1.81959135    2.19716727    1.32469490    1.44036542    1.68624605    1.68789182    1.79876602    1.73094554    1.62533936    1.54189918    0.75390341
A0A101UT06_9ACTN/185-231     1.40501219    1.98176518    1.21375366    1.10216844    1.02975350    1.02621998    1.07939072    1.40421855    1.70450508    1.77841276    1.54746724    0.68457013    0.00000000    2.35446823    2.00637699    1.66324060    1.98483650    1.68479749    2.06796608    1.69011441    2.48688131    2.80638150    2.41844840    2.15107913    2.54631533    2.48525351    2.25504276    2.51437048    1.79729124    1.56890619    2.01718234    0.84705180    1.27168347    1.51049620    0.95966691    1.84296615    1.20459937    1.12081681    1.89490111    0.85602888
A0A0C1QYD2_9CLOT/11-57     1.97662414    2.25303072    2.18771526    2.47530756    1.97534511    2.29468097    2.33058687    2.23300580    2.51132980    1.50101088    2.15214602    2.00750392    2.35446823    0.00000000    1.77896240    2.31587867    2.58592761    1.85996624    2.39902070    2.75849776    2.06341840    2.49130901    2.78470257    2.79475256    2.98499457    2.67686805    2.86033399    2.78693966    2.94916887    1.89139333    1.84326091    1.82666440    2.10841144    2.18581512    1.90733541    1.73308863    2.51496623    2.13605807    2.49031509    2.28270715
A0A136Q3P4_9FIRM/9-55     2.42037591    2.68741824    2.21810533    2.34065799    1.83495792    2.15796783    1.94192734    2.08089027    2.48315347    2.07147373    2.54663414    1.99138311    2.00637699    1.77896240    0.00000000    2.58913841    2.81270489    2.26010560    3.23329828    2.74463491    1.95118187    2.63681323    1.83539735    2.46988491    2.04439249    2.07828908    2.05800561    1.75526271    2.12673382    1.54285702    1.94320253    2.74680769    2.36307100    2.05950243    2.75017545    2.02451909    2.21258192    2.28278772    2.67175122    2.01371374
V8CUD5_9NOCA/25-71     2.31739045    3.44307431    2.32088895    2.61890094    2.18149307    1.99507245    2.55023515    2.47073201    3.00852376    2.71792654    1.83534597    2.14902948    1.66324060    2.31587867    2.58913841    0.00000000    0.36554953    1.42785261    1.24335255    1.15518149    1.43839078    2.01924163    2.51369545    2.53274147    2.84836753    2.43952939    2.72326408    3.21181142    4.35735092    3.69968105    5.40395067    1.30880148    1.86705480    2.13268841    1.85579294    1.98483166    1.75006652    2.20481230    2.33607191    2.29807586
V8CVC1_9NOCA/22-68     2.03385251    3.15281740    2.42062660    2.46659133    1.89241198    2.17892729    2.59302314    2.05732533    2.40208556    2.34386665    2.17121858    1.85322023    1.98483650    2.58592761    2.81270489    0.36554953    0.00000000    1.32319400    1.12116679    1.14922092    1.37460009    2.11174534    2.89525977    2.88651319    2.99390627    2.60723443    2.31164546    3.14948744    3.83723330    3.55162033    4.58825550    1.59239608    2.09004242    2.32487075    2.17904927    2.39375632    2.15241935    2.14132626    2.53911532    1.81735943
G9PDD8_9ACTO/22-68     2.06733700    2.80129504    2.11509338    2.27448715    1.60547016    1.79436347    1.65360070    2.06883959    2.58596508    1.98135730    2.33228381    2.00965525    1.68479749    1.85996624    2.26010560    1.42785261    1.32319400    0.00000000    0.50305518    0.41163488    0.80328874    1.78828879    2.48995147    1.83219235    2.16159259    1.75742259    1.68947002    2.17895129    2.47724795    2.72831423    4.16563949    1.77798074    2.61756617    2.89900796    2.51189056    2.37865256    2.15151034    1.77320865    3.38726262    1.68382669
E1VTE5_GLUAR/22-68     2.55087613    3.14686617    2.69479373    2.78681782    2.63459432    3.10589807    2.50908337    2.35236687    3.40452262    3.13291686    2.48626293    2.85064665    2.06796608    2.39902070    3.23329828    1.24335255    1.12116679    0.50305518    0.00000000    0.25461595    1.23632222    1.76432602    3.72236364    1.97700184    3.12965017    2.49311084    2.53109347    3.13614024    3.27990417    3.45883826    6.52789688    1.93361192    2.20338439    2.49350670    2.29362896    2.47877510    2.81384405    1.99946905    3.73671493    1.89345864
M7NKA8_9MICC/22-68     2.47464052    3.45527384    2.60280433    2.60158061    2.48009423    2.79121326    2.03481722    2.35863618    3.30519091    2.69814615    2.25555415    2.49280193    1.69011441    2.75849776    2.74463491    1.15518149    1.14922092    0.41163488    0.25461595    0.00000000    0.97557761    1.79404201    3.03600755    2.17507946    2.70330529    2.50481658    2.10995753    2.52633617    2.89373715    3.40443213    6.02568402    1.68653557    2.26466338    2.73623940    2.29944656    2.44793015    2.12156484    1.62241523    3.73587420    1.82503603
D2NQM9_ROTMD/22-68     3.14673606    4.49917472    1.92925187    2.49421380    2.24601819    2.57582823    2.28231952    2.16587033    3.16121783    2.12114357    2.76959434    3.03089049    2.48688131    2.06341840    1.95118187    1.43839078    1.37460009    0.80328874    1.23632222    0.97557761    0.00000000    1.87662619    2.05425911    3.36273888    2.68515647    2.62444995    2.18388103    2.60155104    2.80307561    2.66918365    4.16081276    2.20356249    2.63510061    3.39295806    2.75865365    2.34897977    2.33989754    1.72464849    2.72124903    1.93289311
D5UQP1_TSUPD/29-75     2.28541156    4.13239946    3.18150750    3.37700628    2.94411525    3.57318377    2.24027771    1.75522808    3.19585443    2.17071596    2.89763063    3.04494164    2.80638150    2.49130901    2.63681323    2.01924163    2.11174534    1.78828879    1.76432602    1.79404201    1.87662619    0.00000000    1.75910424    3.53551431    2.93678944    4.08171680    3.14749236    2.92789097    2.44278306    3.77137175    4.97856393    2.12580152    1.65076879    1.92092069    2.00812421    2.62080545    2.87308512    2.17850817    2.48137301    2.90607593
E0DC01_9CORY/13-59     1.98225064    2.62581610    2.54839615    2.53583578    2.36700145    3.18982029    1.92496567    2.17372225    1.99499129    1.98988542    2.34662677    2.88972426    2.41844840    2.78470257    1.83539735    2.51369545    2.89525977    2.48995147    3.72236364    3.03600755    2.05425911    1.75910424    0.00000000    3.22905096    1.79368162    2.17101019    2.05261466    1.69119021    2.74671596    2.54210889    3.11677231    2.05792311    1.88260490    2.06095493    1.67761529    2.05907288    1.84439471    1.79431182    2.49674514    2.35266863
A0A0D6PK69_9PROT/16-62     3.00941308    3.57133076    2.71274827    2.58898567    1.62630884    1.94036751    2.35908019    2.98971243    2.13542073    2.72991610    2.83673214    2.13588890    2.15107913    2.79475256    2.46988491    2.53274147    2.88651319    1.83219235    1.97700184    2.17507946    3.36273888    3.53551431    3.22905096    0.00000000    0.44853109    0.82012213    0.58464198    0.82038559    2.09406891    1.77407116    2.35534838    2.07883392    2.41948498    2.31317333    2.14280154    2.19959818    3.15661557    3.19228765    3.11339989    2.48515960
Q92N53_RHIME/18-64     2.36288519    3.50004490    2.56230509    2.41416963    1.90484632    2.71505165    1.98546900    2.47702599    2.10189986    2.29228919    3.03777724    2.39211337    2.54631533    2.98499457    2.04439249    2.84836753    2.99390627    2.16159259    3.12965017    2.70330529    2.68515647    2.93678944    1.79368162    0.44853109    0.00000000    0.49289057    0.27128636    0.36660118    1.75770577    1.95581365    2.33379497    2.47524772    2.55980513    2.23813907    2.24312547    2.64541620    2.06866466    1.94167422    2.02321023    2.13850286
A6X7M5_OCHA4/18-64     2.29410035    3.41243591    2.26287648    1.95443370    1.73934537    2.19560243    1.97098751    2.54932457    2.52284931    2.12561005    3.12852224    2.10191198    2.48525351    2.67686805    2.07828908    2.43952939    2.60723443    1.75742259    2.49311084    2.50481658    2.62444995    4.08171680    2.17101019    0.82012213    0.49289057    0.00000000    0.39465382    0.51770070    2.09899195    1.88075642    2.30469807    2.34229646    2.67327660    2.70585650    2.35686060    2.22769920    2.02710966    1.95511593    2.15841506    1.87256803
H0I2J4_9RHIZ/18-64     1.99419571    3.14955563    2.21348189    2.09024107    1.63929292    2.25437246    1.70007305    2.22074265    1.74503337    1.61258070    2.51118000    2.26170214    2.25504276    2.86033399    2.05800561    2.72326408    2.31164546    1.68947002    2.53109347    2.10995753    2.18388103    3.14749236    2.05261466    0.58464198    0.27128636    0.39465382    0.00000000    0.25681722    1.48753673    1.81111283    2.16967718    2.59339072    2.31701386    2.29043123    2.21124331    2.22289534    2.00690183    2.02281572    2.22044516    1.59335603
A0A0Q7YTM2_9RHIZ/18-64     2.12684840    3.52184595    2.65189505    2.48141952    1.90948484    2.69260096    1.87500988    2.43309058    1.95178407    2.06444585    3.14482414    2.18582467    2.51437048    2.78693966    1.75526271    3.21181142    3.14948744    2.17895129    3.13614024    2.52633617    2.60155104    2.92789097    1.69119021    0.82038559    0.36660118    0.51770070    0.25681722    0.00000000    1.60952267    1.87874290    2.04127121    2.84555135    2.82045724    2.50759104    2.33558144    2.38648241    2.15956047    2.10322597    2.22775160    1.91693759
L0A7E5_DEIPD/12-58     1.85966578    2.39715933    2.42884429    2.53666413    1.89835179    2.27748634    1.70238862    2.48501926    2.16322526    1.72552522    2.62727892    1.94625458    1.79729124    2.94916887    2.12673382    4.35735092    3.83723330    2.47724795    3.27990417    2.89373715    2.80307561    2.44278306    2.74671596    2.09406891    1.75770577    2.09899195    1.48753673    1.60952267    0.00000000    1.60112254    1.84073810    2.37652196    2.22508174    2.23351949    1.53018920    1.59110638    2.28523897    1.88042457    1.87971101    1.88404490
S0FMP3_RUMCE/240-286     2.60784599    3.14500095    1.95007753    1.99538966    2.27467339    2.23744073    2.24428183    2.54135217    1.93004495    2.09060526    2.68081438    1.81959135    1.56890619    1.89139333    1.54285702    3.69968105    3.55162033    2.72831423    3.45883826    3.40443213    2.66918365    3.77137175    2.54210889    1.77407116    1.95581365    1.88075642    1.81111283    1.87874290    1.60112254    0.00000000    0.39031538    1.64112441    1.52681211    1.41992907    1.76110491    2.30306181    1.94750662    1.95978126    2.10145727    2.23881513
R5N3D6_9FIRM/8-54     2.97400865    3.71508614    2.38659517    2.53116494    3.01324754    3.07314714    2.59440973    3.21563282    2.37825323    2.55720687    3.66989694    2.19716727    2.01718234    1.84326091    1.94320253    5.40395067    4.58825550    4.16563949    6.52789688    6.02568402    4.16081276    4.97856393    3.11677231    2.35534838    2.33379497    2.30469807    2.16967718    2.04127121    1.84073810    0.39031538    0.00000000    2.50966797    2.11539532    1.79571192    2.28241331    3.03978495    2.37757500    2.81696695    2.37838903    2.96686628
A0A167WSV2_9BURK/10-56     1.64590112    2.59432549    1.86011849    1.64153505    1.59469690    1.41865773    1.66765684    1.92380759    1.89566409    1.90185133    2.18322823    1.32469490    0.84705180    1.82666440    2.74680769    1.30880148    1.59239608    1.77798074    1.93361192    1.68653557    2.20356249    2.12580152    2.05792311    2.07883392    2.47524772    2.34229646    2.59339072    2.84555135    2.37652196    1.64112441    2.50966797    0.00000000    0.69225640    0.92182046    0.70813301    1.10382317    1.27879970    1.13821792    1.61605516    1.71276853
Q9PCU9_XYLFA/10-56     1.87769243    2.69014666    2.01567916    1.90104163    1.83951108    1.94262004    2.10843238    2.22416714    1.73436032    1.86592410    2.54672930    1.44036542    1.27168347    2.10841144    2.36307100    1.86705480    2.09004242    2.61756617    2.20338439    2.26466338    2.63510061    1.65076879    1.88260490    2.41948498    2.55980513    2.67327660    2.31701386    2.82045724    2.22508174    1.52681211    2.11539532    0.69225640    0.00000000    0.40217451    1.02917286    1.05580183    1.40726135    1.27560340    1.62110776    1.38070806
A0A157SG48_9BORD/28-74     2.10369855    2.43574388    2.00697504    1.91427989    2.07783388    1.81743647    2.44690949    2.52869916    1.84365287    1.92801812    2.73604763    1.68624605    1.51049620    2.18581512    2.05950243    2.13268841    2.32487075    2.89900796    2.49350670    2.73623940    3.39295806    1.92092069    2.06095493    2.31317333    2.23813907    2.70585650    2.29043123    2.50759104    2.23351949    1.41992907    1.79571192    0.92182046    0.40217451    0.00000000    1.04328898    1.17035546    1.57208417    1.68309715    1.85969271    1.35801618
D6CK74_XANAP/10-56     1.36684643    2.58858880    1.77232543    1.82409865    1.67422684    1.56736235    1.76784809    2.18080234    1.51322275    1.54546575    1.70092963    1.68789182    0.95966691    1.90733541    2.75017545    1.85579294    2.17904927    2.51189056    2.29362896    2.29944656    2.75865365    2.00812421    1.67761529    2.14280154    2.24312547    2.35686060    2.21124331    2.33558144    1.53018920    1.76110491    2.28241331    0.70813301    1.02917286    1.04328898    0.00000000    0.77096711    1.32553480    1.31762630    1.26646638    1.44693367
A0A157ST88_9BORD/10-56     1.77580993    1.95636559    2.06586077    2.48166021    1.83494553    1.90572622    1.72685403    2.23346634    1.57141611    1.75801131    2.27058301    1.79876602    1.84296615    1.73308863    2.02451909    1.98483166    2.39375632    2.37865256    2.47877510    2.44793015    2.34897977    2.62080545    2.05907288    2.19959818    2.64541620    2.22769920    2.22289534    2.38648241    1.59110638    2.30306181    3.03978495    1.10382317    1.05580183    1.17035546    0.77096711    0.00000000    1.71605477    1.50008634    1.91544474    1.65682194
A0A086XS98_9RHOB/18-64     1.50923428    2.73731539    1.95463219    1.72999902    1.96367438    2.03343635    1.36558578    2.50542200    1.90464688    1.70784699    1.85161921    1.73094554    1.20459937    2.51496623    2.21258192    1.75006652    2.15241935    2.15151034    2.81384405    2.12156484    2.33989754    2.87308512    1.84439471    3.15661557    2.06866466    2.02710966    2.00690183    2.15956047    2.28523897    1.94750662    2.37757500    1.27879970    1.40726135    1.57208417    1.32553480    1.71605477    0.00000000    1.33651780    1.59330437    1.42280236
A0A0M4QCW0_9PSEU/13-59     1.50171310    3.54963864    2.13074875    2.18205616    2.07972129    2.73838197    1.71882648    1.70471972    1.99336764    1.57596440    2.30095436    1.62533936    1.12081681    2.13605807    2.28278772    2.20481230    2.14132626    1.77320865    1.99946905    1.62241523    1.72464849    2.17850817    1.79431182    3.19228765    1.94167422    1.95511593    2.02281572    2.10322597    1.88042457    1.95978126    2.81696695    1.13821792    1.27560340    1.68309715    1.31762630    1.50008634    1.33651780    0.00000000    1.09824490    1.07760218
A1WDL8_ACISJ/23-69     1.67942520    3.36358113    2.66681996    2.51144753    2.45768368    3.14610340    2.64768362    1.81146492    1.91707333    1.60234177    2.71993734    1.54189918    1.89490111    2.49031509    2.67175122    2.33607191    2.53911532    3.38726262    3.73671493    3.73587420    2.72124903    2.48137301    2.49674514    3.11339989    2.02321023    2.15841506    2.22044516    2.22775160    1.87971101    2.10145727    2.37838903    1.61605516    1.62110776    1.85969271    1.26646638    1.91544474    1.59330437    1.09824490    0.00000000    1.58297370
A0A0F2TB43_STRR3/10-56     0.98385430    1.63726871    1.47036691    1.54562468    1.56410422    1.69416526    1.07498361    1.05233330    1.26664215    1.05808372    1.30909099    0.75390341    0.85602888    2.28270715    2.01371374    2.29807586    1.81735943    1.68382669    1.89345864    1.82503603    1.93289311    2.90607593    2.35266863    2.48515960    2.13850286    1.87256803    1.59335603    1.91693759    1.88404490    2.23881513    2.96686628    1.71276853    1.38070806    1.35801618    1.44693367    1.65682194    1.42280236    1.07760218    1.58297370    0.00000000

