16
A0A4R3Z7U5_9FIRM/119-219     0.00000000    1.28250523    1.33808254    1.47155462    1.40711376    2.37557974    1.13007781    1.48106039    1.50087207    1.53422903    1.24546005    1.38426067    0.94965932    1.23553760    0.99564990    1.04199337
A0A1Y1RT51_9SPIO/44-147     1.28250523    0.00000000    0.92008929    1.34582146    1.44119125    2.26767396    1.47025147    1.36328536    1.69680412    1.67395717    1.52589219    1.29251321    1.26291189    1.32070516    1.32479621    1.55257786
A0A174GIR0_9CLOT/47-150     1.33808254    0.92008929    0.00000000    1.81492403    1.92034931    2.48438831    1.37053198    1.70952312    1.93246657    2.03962197    1.89905167    1.47600740    1.42482174    1.42479869    1.14207596    1.39779546
A0A1Q4V3N8_9ACTN/54-159     1.47155462    1.34582146    1.81492403    0.00000000    1.03349366    2.50069904    1.56758203    1.55422830    1.73106243    2.34552355    1.80949192    2.04518731    1.69355932    1.65087053    1.69023162    1.62308676
A0A1T4V6P4_9GAMM/49-154     1.40711376    1.44119125    1.92034931    1.03349366    0.00000000    2.70532503    1.53309178    1.71403201    2.14678025    2.19661929    1.73581855    2.08946757    1.49653876    2.07958909    1.89098447    1.49025295
F0T2F8_SYNGF/58-166     2.37557974    2.26767396    2.48438831    2.50069904    2.70532503    0.00000000    2.36902184    2.26955479    2.80791853    2.57865549    2.48251489    2.40482609    2.51694273    2.53612950    2.40053305    2.23164976
A0A1I3UQQ2_9BACL/50-159     1.13007781    1.47025147    1.37053198    1.56758203    1.53309178    2.36902184    0.00000000    1.11670323    1.26738073    1.17934531    1.20421729    1.36786783    1.47360645    1.45579869    1.45184880    1.44347965
D9RYR6_THEOJ/42-148     1.48106039    1.36328536    1.70952312    1.55422830    1.71403201    2.26955479    1.11670323    0.00000000    1.15438889    1.16892263    1.03596547    1.02321124    1.30639949    1.58190479    1.37400178    1.30387102
A0A218ZTR6_9ARCH/47-151     1.50087207    1.69680412    1.93246657    1.73106243    2.14678025    2.80791853    1.26738073    1.15438889    0.00000000    1.16125890    1.14579276    1.20408847    1.48253085    1.70058358    1.64169075    1.53663831
T0NEF3_9ARCH/50-154     1.53422903    1.67395717    2.03962197    2.34552355    2.19661929    2.57865549    1.17934531    1.16892263    1.16125890    0.00000000    1.23088927    1.25250729    1.42616297    1.62815131    1.60552968    1.81328340
A0A1V4HET2_9BACL/50-157     1.24546005    1.52589219    1.89905167    1.80949192    1.73581855    2.48251489    1.20421729    1.03596547    1.14579276    1.23088927    0.00000000    1.07698106    1.34557499    1.72654199    1.69423474    1.55344176
A0A0N8GMU7_9CHLR/46-150     1.38426067    1.29251321    1.47600740    2.04518731    2.08946757    2.40482609    1.36786783    1.02321124    1.20408847    1.25250729    1.07698106    0.00000000    1.42715410    1.47943089    1.40279049    1.68873612
R3W413_9ENTE/42-142     0.94965932    1.26291189    1.42482174    1.69355932    1.49653876    2.51694273    1.47360645    1.30639949    1.48253085    1.42616297    1.34557499    1.42715410    0.00000000    1.05538753    1.08677359    1.10124905
A0A173XRY7_9CLOT/123-223     1.23553760    1.32070516    1.42479869    1.65087053    2.07958909    2.53612950    1.45579869    1.58190479    1.70058358    1.62815131    1.72654199    1.47943089    1.05538753    0.00000000    1.19786243    1.30966342
A0A1I7IS25_9FIRM/45-145     0.99564990    1.32479621    1.14207596    1.69023162    1.89098447    2.40053305    1.45184880    1.37400178    1.64169075    1.60552968    1.69423474    1.40279049    1.08677359    1.19786243    0.00000000    0.90929537
G4D6F0_9FIRM/46-146     1.04199337    1.55257786    1.39779546    1.62308676    1.49025295    2.23164976    1.44347965    1.30387102    1.53663831    1.81328340    1.55344176    1.68873612    1.10124905    1.30966342    0.90929537    0.00000000

