46
A0A225VIS1_9STRA/47-94     0.00000000    0.54011011    0.73324939    0.69125679    1.22450187    1.21100827    2.05649161    1.94539318    1.56782362    1.40702438    1.86434998    1.66758011    1.69207492    1.77895279    1.42785171    2.20325879    1.43436906    1.72628883    1.16851818    1.24605889    1.11672322    1.26319635    1.79364614    1.78777793    1.40525561    1.21411492    1.23314375    1.16181799    1.37077562    1.10387723    0.86733932    0.86656317    0.80411153    0.86613752    1.06543248    1.12263643    1.00981249    1.00064024    1.03120054    1.32961306    1.06292052    0.85453776    0.98718920    0.93177925    1.12775658    1.07276731
RD18_PHYIT/244-294     0.54011011    0.00000000    0.67564977    0.72869730    1.22529908    0.89609919    2.59818040    1.57532536    1.27277766    1.41318959    1.52264666    1.66818844    1.58853668    1.42298906    1.42171729    2.00224873    1.41121720    1.65081602    1.52004599    1.77815503    1.71532257    1.67500696    1.63955221    1.63715792    1.30324735    1.13023820    1.31653438    1.23834494    1.61743068    1.34277914    0.93855361    0.84034654    0.91509237    1.00476194    1.21996700    1.31779968    1.04509268    0.86047129    1.00397677    1.31292382    1.17379360    1.01888404    1.09506024    1.10738758    1.26298422    1.04496473
D0N5N1_PHYIT/231-281     0.73324939    0.67564977    0.00000000    0.62205769    0.94836133    0.94713006    1.83711609    1.33251944    0.86267755    0.87076636    1.16781674    1.15995489    1.12399007    1.22143844    1.12958982    1.37667309    1.13014016    1.18738120    1.06203691    1.12936596    1.05277278    1.19250969    1.11020456    1.08704189    1.04766393    0.86395843    1.14697688    1.32444445    1.50564409    1.24234611    0.89247252    0.93624937    0.86306607    1.00830145    0.94244618    1.27214233    1.10286001    0.81595212    0.98639921    0.92960772    1.06175061    0.87499822    0.94649537    0.76817322    0.99108267    1.09069035
A0A329SKE1_9STRA/236-286     0.69125679    0.72869730    0.62205769    0.00000000    1.14506392    1.17204566    1.46496902    1.35941128    1.01934892    0.94182477    1.08079161    1.13518767    1.11904795    1.24532988    1.36414491    1.26769076    1.21892933    1.32432720    1.16517511    1.39321773    1.23321820    1.11014633    1.40199737    1.43166411    1.36195252    1.20670109    0.94162388    1.16360890    1.34639557    0.92613109    0.88694241    0.93623800    0.83927193    0.89740063    1.35584819    1.40058715    1.36217046    1.01887396    1.18441395    1.31405530    1.12058978    0.93792391    0.94523545    0.90986230    1.13310181    1.21449128
G4ZA47_PHYSP/99-149     1.22450187    1.22529908    0.94836133    1.14506392    0.00000000    0.81526277    1.49625401    1.30133638    1.21689026    1.04817856    1.36003937    1.27191851    1.27368536    1.38079965    1.24913495    1.32972656    1.33407018    1.12006747    1.21106201    1.49780199    1.21696971    1.27046020    1.70251165    1.65259267    1.52976043    1.18509043    1.40669993    1.25517909    1.66435209    1.35169652    1.17067998    1.17778235    1.16933276    1.15731605    1.15308713    1.37616305    1.44455240    0.99386234    1.20846905    1.51523595    1.27707395    1.12701992    1.10360530    0.80528314    1.02181835    0.92448533
G4ZA46_PHYSP/52-102     1.21100827    0.89609919    0.94713006    1.17204566    0.81526277    0.00000000    1.94255699    1.26647304    1.12252454    1.15013415    1.36308962    1.59434934    1.44889259    1.21754166    1.23938144    1.75985847    1.46102501    1.12410385    1.34933221    1.37500932    1.20761086    1.30581753    1.44004376    1.34827240    1.41519665    1.00036924    1.18339073    1.40717474    1.51471570    1.38295414    1.13852274    0.99390860    1.26718657    1.31054989    1.30933380    1.36394588    1.44466621    0.90693670    1.22802129    1.52825706    1.35360120    1.02577326    1.10379374    1.10837702    1.16090839    1.08253066
A0A0W8CCZ7_PHYNI/144-194     2.05649161    2.59818040    1.83711609    1.46496902    1.49625401    1.94255699    0.00000000    1.48073084    1.38159320    1.39787325    1.44118798    1.13727623    1.68197842    1.65616008    1.45189536    1.63943148    1.52247357    1.70293818    1.20780204    1.36105332    1.11266455    1.26216379    1.73738330    1.94739178    1.61307973    1.36233757    1.55349326    1.83252707    1.39469402    1.35936347    1.86750940    1.82797764    1.55074221    1.88098502    1.97964006    1.92036696    2.63061230    1.74878964    1.85379726    2.03826086    1.64706247    1.62398553    1.49317877    1.66659635    1.20409437    1.59608950
G4Z977_PHYSP/68-119     1.94539318    1.57532536    1.33251944    1.35941128    1.30133638    1.26647304    1.48073084    0.00000000    1.12635687    0.97231917    1.36918459    1.38094370    1.36164859    1.34952121    1.32223898    1.24885532    1.22800715    1.52668357    1.23580990    1.51751186    1.31230040    1.38501056    1.62041380    1.58819665    1.35646190    1.30168105    1.32853757    1.39717237    1.68874729    1.46379458    1.27298020    1.40110014    1.43967780    1.37912443    1.39631467    1.78361811    1.85231639    1.56929936    1.43714735    1.36916483    1.57234734    1.19871035    1.38221961    0.96326933    1.53036484    1.25611246
A0A329SKE1_9STRA/138-188     1.56782362    1.27277766    0.86267755    1.01934892    1.21689026    1.12252454    1.38159320    1.12635687    0.00000000    0.39665084    0.62658815    0.51890122    0.52149082    0.46504192    0.44279142    0.70474833    0.42654978    0.91736154    1.33874273    1.48078571    1.28427464    1.21109479    1.07561029    1.10589001    1.08706261    1.05616495    1.25385845    1.32019702    1.47370582    1.36671327    1.18027119    1.18236804    1.26567419    1.30139464    1.09764896    1.44287137    1.30565473    1.09603176    1.20082540    1.25584393    1.09752763    1.10030680    1.13356667    1.02965372    1.39206262    1.15983807
A0A0W8B9A7_PHYNI/144-194     1.40702438    1.41318959    0.87076636    0.94182477    1.04817856    1.15013415    1.39787325    0.97231917    0.39665084    0.00000000    0.41579244    0.48857375    0.55351632    0.51291917    0.54960808    0.80874572    0.56559069    0.84984972    1.01094696    1.17749161    1.03404852    0.96808892    1.20518013    1.11589369    1.28846709    1.16825833    1.28210680    1.54335600    1.31170126    1.19540021    1.15916353    1.31512951    1.28572839    1.15659145    1.21524371    1.37329606    1.23573046    1.19878454    1.25389498    1.25853670    1.23886063    0.88992020    0.99455660    0.92537685    1.20655261    1.23169610
RD18_PHYIT/146-196     1.86434998    1.52264666    1.16781674    1.08079161    1.36003937    1.36308962    1.44118798    1.36918459    0.62658815    0.41579244    0.00000000    0.65516143    0.60528567    0.53719305    0.76487519    1.09838768    0.69074958    1.12411266    1.32906215    1.45040405    1.22257188    1.00809215    1.23241881    1.18703255    1.59743167    1.39228152    1.38853944    1.59662149    1.84781470    1.48246583    1.62195243    1.75550825    1.57023758    1.61899600    1.64702737    1.68387025    1.58079430    1.57268054    1.49382382    1.74356276    1.44881698    1.05432973    1.31189780    1.26193030    1.63441055    1.74655945
A0A329SI61_9STRA/133-183     1.66758011    1.66818844    1.15995489    1.13518767    1.27191851    1.59434934    1.13727623    1.38094370    0.51890122    0.48857375    0.65516143    0.00000000    0.52214045    0.48869260    0.67265256    0.84659738    0.59039822    1.23319792    1.28986599    1.62361658    1.37145754    1.39723038    1.60335377    1.62881526    1.38459203    1.23855924    1.51041814    1.63661590    1.72233409    1.40056840    1.52054948    1.45357445    1.62239810    1.49616243    1.31321602    1.56657297    1.36206338    1.34869270    1.29376854    1.40377694    1.28592776    1.18204590    1.23477695    0.97392901    1.54124821    1.60304138
A0A0W8DZ98_PHYNI/136-186     1.69207492    1.58853668    1.12399007    1.11904795    1.27368536    1.44889259    1.68197842    1.36164859    0.52149082    0.55351632    0.60528567    0.52214045    0.00000000    0.41760381    0.74691362    1.00721013    0.58663352    1.30663596    1.37407359    1.61292228    1.41511840    1.16653266    1.39601300    1.36400051    1.25491508    1.12514644    1.51202208    1.70443046    1.78683542    1.52186476    1.52037165    1.52304112    1.59215606    1.55726723    1.36817418    1.61806217    1.73488575    1.64948533    1.41313519    1.18774516    1.38604306    1.38173735    1.45769284    1.10598523    1.70238544    1.61638876
RD54_PHYIT/144-194     1.77895279    1.42298906    1.22143844    1.24532988    1.38079965    1.21754166    1.65616008    1.34952121    0.46504192    0.51291917    0.53719305    0.48869260    0.41760381    0.00000000    0.72049938    1.06645919    0.61819583    1.25517388    1.47922036    1.59799858    1.33452899    1.16228654    1.52995375    1.45113128    1.45851174    1.31817765    1.47050277    1.57174099    1.97995682    1.59803238    1.64221035    1.55345136    1.53831829    1.51205366    1.41608463    1.46545569    1.57106793    1.57474737    1.50754525    1.35331868    1.30644266    1.31483857    1.54186071    1.13756996    1.86978072    1.53541856
W2RJQ2_PHYPN/23-73     1.42785171    1.42171729    1.12958982    1.36414491    1.24913495    1.23938144    1.45189536    1.32223898    0.44279142    0.54960808    0.76487519    0.67265256    0.74691362    0.72049938    0.00000000    0.82244134    0.53251345    1.05739074    1.13405755    1.67797214    1.21496402    1.31437744    1.48504375    1.50161693    1.32169987    1.21061251    1.41486090    1.50435965    1.62345552    1.31404993    1.44002663    1.38996077    1.54835421    1.55282204    1.50789457    1.70459571    1.62256912    1.36878606    1.45718869    1.56712526    1.43578638    1.27974731    1.37016753    1.20371502    1.43928627    1.44325161
D0N5N1_PHYIT/133-183     2.20325879    2.00224873    1.37667309    1.26769076    1.32972656    1.75985847    1.63943148    1.24885532    0.70474833    0.80874572    1.09838768    0.84659738    1.00721013    1.06645919    0.82244134    0.00000000    0.76606928    1.36084971    1.64278550    1.80731771    1.88059418    1.92663085    1.85245546    1.86873288    1.67619605    1.51759911    1.50736394    1.47020336    2.19438751    1.69795682    1.78239922    1.56777069    1.58124314    1.53421319    1.21456063    1.98364292    2.00584257    1.80271102    1.69217374    1.49987661    1.79874456    1.50304208    1.47729179    1.34805562    1.63088990    1.69766047
D0MUA9_PHYIT/137-187     1.43436906    1.41121720    1.13014016    1.21892933    1.33407018    1.46102501    1.52247357    1.22800715    0.42654978    0.56559069    0.69074958    0.59039822    0.58663352    0.61819583    0.53251345    0.76606928    0.00000000    1.01757369    1.30275766    1.71592560    1.33681835    1.26658919    1.41631175    1.38743000    1.12418920    0.96196058    1.41469466    1.48551251    1.54059616    1.38563856    1.37394912    1.27812677    1.46622029    1.37269176    1.34314095    1.50007695    1.34717932    1.25121800    1.15644291    1.39417886    1.10026834    1.21998029    1.33781472    1.10788030    1.33269077    1.44899091
A0A225VSB8_9STRA/102-152     1.72628883    1.65081602    1.18738120    1.32432720    1.12006747    1.12410385    1.70293818    1.52668357    0.91736154    0.84984972    1.12411266    1.23319792    1.30663596    1.25517388    1.05739074    1.36084971    1.01757369    0.00000000    1.20444607    1.33459221    1.08933032    1.19397611    1.46424013    1.48803092    1.39816623    1.25787878    1.16698508    1.76137574    2.07712144    1.49744704    1.38748578    1.25980154    1.25658658    1.34515185    1.52583709    1.73036440    1.37534496    1.23950468    1.20447825    1.44519407    1.23068368    1.10279567    1.22686700    0.99260405    1.19202556    1.22404366
G5A456_PHYSP/135-185     1.16851818    1.52004599    1.06203691    1.16517511    1.21106201    1.34933221    1.20780204    1.23580990    1.33874273    1.01094696    1.32906215    1.28986599    1.37407359    1.47922036    1.13405755    1.64278550    1.30275766    1.20444607    0.00000000    0.30480852    0.31003436    0.49569262    1.50366621    1.47114940    0.95145969    0.76090507    1.18639047    1.80321005    1.44918995    1.14527023    1.28876537    1.25924312    1.27948695    1.11522854    1.38307231    1.63932518    1.56609345    1.24952353    1.32559665    1.54403324    1.18844384    1.09676510    1.16555694    1.03861359    1.03863994    1.18325323
G4YGP8_PHYSP/128-178     1.24605889    1.77815503    1.12936596    1.39321773    1.49780199    1.37500932    1.36105332    1.51751186    1.48078571    1.17749161    1.45040405    1.62361658    1.61292228    1.59799858    1.67797214    1.80731771    1.71592560    1.33459221    0.30480852    0.00000000    0.33909576    0.56719606    1.47563193    1.48740847    1.01723475    0.80519924    1.33351099    1.65415963    1.93550821    1.23478489    1.33040523    1.40989216    1.36382426    1.23337562    1.32411637    1.57460095    1.73271716    1.37587136    1.47780777    1.74062728    1.43036118    1.25769637    1.32798803    1.24749054    1.06960245    1.26103387
G4ZLN9_PHYSP/33-83     1.11672322    1.71532257    1.05277278    1.23321820    1.21696971    1.20761086    1.11266455    1.31230040    1.28427464    1.03404852    1.22257188    1.37145754    1.41511840    1.33452899    1.21496402    1.88059418    1.33681835    1.08933032    0.31003436    0.33909576    0.00000000    0.25008062    1.19857956    1.20885487    0.99027777    0.72499114    1.14575309    1.58967763    1.49496342    1.04730827    1.16124933    1.35079787    1.33037694    1.25621631    1.38232796    1.44456265    1.55627969    1.24614472    1.29703653    1.57354633    1.27044478    1.19454773    1.30871034    1.10630836    0.88448175    0.96880799
G4ZLP0_PHYSP/121-171     1.26319635    1.67500696    1.19250969    1.11014633    1.27046020    1.30581753    1.26216379    1.38501056    1.21109479    0.96808892    1.00809215    1.39723038    1.16653266    1.16228654    1.31437744    1.92663085    1.26658919    1.19397611    0.49569262    0.56719606    0.25008062    0.00000000    1.08903571    1.07810782    1.10100586    0.79906319    1.35141573    1.64334273    1.84523604    1.20059296    1.26716425    1.49029855    1.35656630    1.30707040    1.47237309    1.62334665    1.77626070    1.43448148    1.38595489    1.73384941    1.37382831    1.25111474    1.27737765    1.19243913    1.05188600    1.10308842
A0A225UFG3_9STRA/71-123     1.79364614    1.63955221    1.11020456    1.40199737    1.70251165    1.44004376    1.73738330    1.62041380    1.07561029    1.20518013    1.23241881    1.60335377    1.39601300    1.52995375    1.48504375    1.85245546    1.41631175    1.46424013    1.50366621    1.47563193    1.19857956    1.08903571    0.00000000    0.25875810    1.10705392    1.08153604    1.32157140    1.47967682    2.01754088    1.40246072    1.38251337    1.41854678    1.31565473    1.53676421    1.57772012    1.52500759    1.48028153    1.30108518    1.32037652    1.53117757    1.51420197    1.29564638    1.34387086    1.53872683    1.57253307    1.71777037
A0A225VE91_9STRA/55-107     1.78777793    1.63715792    1.08704189    1.43166411    1.65259267    1.34827240    1.94739178    1.58819665    1.10589001    1.11589369    1.18703255    1.62881526    1.36400051    1.45113128    1.50161693    1.86873288    1.38743000    1.48803092    1.47114940    1.48740847    1.20885487    1.07810782    0.25875810    0.00000000    0.98376679    1.02143288    1.40888098    1.69640703    1.97382177    1.53447243    1.37565804    1.50082727    1.30137880    1.49331971    1.54203891    1.39564682    1.26624301    1.19568877    1.44766216    1.51719188    1.48840768    1.27324628    1.26836548    1.53035330    1.78239905    1.86893450
A0A225WFH1_9STRA/130-177     1.40525561    1.30324735    1.04766393    1.36195252    1.52976043    1.41519665    1.61307973    1.35646190    1.08706261    1.28846709    1.59743167    1.38459203    1.25491508    1.45851174    1.32169987    1.67619605    1.12418920    1.39816623    0.95145969    1.01723475    0.99027777    1.10100586    1.10705392    0.98376679    0.00000000    0.14149824    1.11601449    1.40916026    1.07599381    1.12212838    1.00571058    1.06737796    1.05413992    1.15774075    1.15664922    1.24312678    1.41304001    1.17489163    1.12623017    1.14486148    1.09887119    1.12333194    1.23473758    1.13192829    0.93796462    1.29094045
A0A225ULX0_9STRA/130-179     1.21411492    1.13023820    0.86395843    1.20670109    1.18509043    1.00036924    1.36233757    1.30168105    1.05616495    1.16825833    1.39228152    1.23855924    1.12514644    1.31817765    1.21061251    1.51759911    0.96196058    1.25787878    0.76090507    0.80519924    0.72499114    0.79906319    1.08153604    1.02143288    0.14149824    0.00000000    0.96885283    1.25188325    1.05724391    0.90835294    0.95914791    0.98527405    0.99903292    1.08719836    0.95082964    1.14292192    1.24575871    0.84286378    1.00387580    1.11009075    1.05400178    0.96479248    1.04853436    1.00193829    0.70772266    1.02983954
A0A225WRH2_9STRA/131-179     1.23314375    1.31653438    1.14697688    0.94162388    1.40669993    1.18339073    1.55349326    1.32853757    1.25385845    1.28210680    1.38853944    1.51041814    1.51202208    1.47050277    1.41486090    1.50736394    1.41469466    1.16698508    1.18639047    1.33351099    1.14575309    1.35141573    1.32157140    1.40888098    1.11601449    0.96885283    0.00000000    0.93666295    1.18871817    0.80043817    0.92604375    1.03401273    0.88245777    0.95343725    0.97995638    1.41166606    1.26607133    1.06049638    1.01419127    1.30961323    0.97348787    0.95476305    0.88902104    1.00361786    0.94634981    1.17758332
G4ZAZ1_PHYSP/128-177     1.16181799    1.23834494    1.32444445    1.16360890    1.25517909    1.40717474    1.83252707    1.39717237    1.32019702    1.54335600    1.59662149    1.63661590    1.70443046    1.57174099    1.50435965    1.47020336    1.48551251    1.76137574    1.80321005    1.65415963    1.58967763    1.64334273    1.47967682    1.69640703    1.40916026    1.25188325    0.93666295    0.00000000    1.07296375    0.64513629    1.02057832    0.91836845    0.92313176    0.88717234    0.72749113    1.35436769    1.24371976    1.07283591    0.98005003    1.41447533    0.97158194    0.93727255    0.96745393    0.97206668    1.38223235    1.08343653
G4ZAZ4_PHYSP/134-183     1.37077562    1.61743068    1.50564409    1.34639557    1.66435209    1.51471570    1.39469402    1.68874729    1.47370582    1.31170126    1.84781470    1.72233409    1.78683542    1.97995682    1.62345552    2.19438751    1.54059616    2.07712144    1.44918995    1.93550821    1.49496342    1.84523604    2.01754088    1.97382177    1.07599381    1.05724391    1.18871817    1.07296375    0.00000000    0.53276562    0.77730117    0.89604722    1.01034537    0.90928055    1.31295999    1.23260335    1.43298846    1.18385280    1.25058492    1.46084958    0.98236146    0.98991644    0.95545773    1.10253099    1.57204611    1.11967297
G4ZA51_PHYSP/148-197     1.10387723    1.34277914    1.24234611    0.92613109    1.35169652    1.38295414    1.35936347    1.46379458    1.36671327    1.19540021    1.48246583    1.40056840    1.52186476    1.59803238    1.31404993    1.69795682    1.38563856    1.49744704    1.14527023    1.23478489    1.04730827    1.20059296    1.40246072    1.53447243    1.12212838    0.90835294    0.80043817    0.64513629    0.53276562    0.00000000    0.83323827    0.79020513    0.76031957    0.76880417    1.15289631    1.42261766    1.22083257    1.17518673    1.16716994    1.39461812    1.07716456    0.92175211    0.72078301    0.95862879    1.10643875    1.02901019
A0A225UUW5_9STRA/108-157     0.86733932    0.93855361    0.89247252    0.88694241    1.17067998    1.13852274    1.86750940    1.27298020    1.18027119    1.15916353    1.62195243    1.52054948    1.52037165    1.64221035    1.44002663    1.78239922    1.37394912    1.38748578    1.28876537    1.33040523    1.16124933    1.26716425    1.38251337    1.37565804    1.00571058    0.95914791    0.92604375    1.02057832    0.77730117    0.83323827    0.00000000    0.47367119    0.47775714    0.40425864    0.84626243    0.91857412    0.96216024    0.77462607    0.71143929    1.02959691    0.76363844    0.72909927    0.68531532    0.84970011    1.14805931    0.84742092
A0A225VLX7_9STRA/119-168     0.86656317    0.84034654    0.93624937    0.93623800    1.17778235    0.99390860    1.82797764    1.40110014    1.18236804    1.31512951    1.75550825    1.45357445    1.52304112    1.55345136    1.38996077    1.56777069    1.27812677    1.25980154    1.25924312    1.40989216    1.35079787    1.49029855    1.41854678    1.50082727    1.06737796    0.98527405    1.03401273    0.91836845    0.89604722    0.79020513    0.47367119    0.00000000    0.38183898    0.34258063    0.79700100    1.17875943    1.09577958    0.88309019    0.81975143    1.22968183    0.96851357    0.74799709    0.54414903    0.74877980    1.21875764    0.82688584
A0A225VKC3_9STRA/133-182     0.80411153    0.91509237    0.86306607    0.83927193    1.16933276    1.26718657    1.55074221    1.43967780    1.26567419    1.28572839    1.57023758    1.62239810    1.59215606    1.53831829    1.54835421    1.58124314    1.46622029    1.25658658    1.27948695    1.36382426    1.33037694    1.35656630    1.31565473    1.30137880    1.05413992    0.99903292    0.88245777    0.92313176    1.01034537    0.76031957    0.47775714    0.38183898    0.00000000    0.40094595    0.85481259    1.15793739    1.12860450    0.96346336    0.97403338    1.17424431    1.08493994    0.91620650    0.76546677    0.83276738    1.17658480    0.96408475
A0A225V0Y2_9STRA/114-163     0.86613752    1.00476194    1.00830145    0.89740063    1.15731605    1.31054989    1.88098502    1.37912443    1.30139464    1.15659145    1.61899600    1.49616243    1.55726723    1.51205366    1.55282204    1.53421319    1.37269176    1.34515185    1.11522854    1.23337562    1.25621631    1.30707040    1.53676421    1.49331971    1.15774075    1.08719836    0.95343725    0.88717234    0.90928055    0.76880417    0.40425864    0.34258063    0.40094595    0.00000000    0.88639399    0.99541752    0.96295680    0.86501943    0.82838062    1.18799864    0.85540551    0.87085597    0.67768843    0.73231723    1.21979680    0.63610359
V9E0K5_PHYPR/37-87     1.06543248    1.21996700    0.94244618    1.35584819    1.15308713    1.30933380    1.97964006    1.39631467    1.09764896    1.21524371    1.64702737    1.31321602    1.36817418    1.41608463    1.50789457    1.21456063    1.34314095    1.52583709    1.38307231    1.32411637    1.38232796    1.47237309    1.57772012    1.54203891    1.15664922    0.95082964    0.97995638    0.72749113    1.31295999    1.15289631    0.84626243    0.79700100    0.85481259    0.88639399    0.00000000    1.06878103    0.95085077    1.04928829    0.82264287    1.13706416    0.98308261    0.81257598    0.76315775    0.65385028    1.29515687    0.94061648
A0A329RQY3_9STRA/132-184     1.12263643    1.31779968    1.27214233    1.40058715    1.37616305    1.36394588    1.92036696    1.78361811    1.44287137    1.37329606    1.68387025    1.56657297    1.61806217    1.46545569    1.70459571    1.98364292    1.50007695    1.73036440    1.63932518    1.57460095    1.44456265    1.62334665    1.52500759    1.39564682    1.24312678    1.14292192    1.41166606    1.35436769    1.23260335    1.42261766    0.91857412    1.17875943    1.15793739    0.99541752    1.06878103    0.00000000    0.89936798    0.68945634    0.63657611    0.97001192    0.85977607    0.66275631    0.68992039    0.97879852    1.31598036    1.24381631
D0NSH8_PHYIT/129-180     1.00981249    1.04509268    1.10286001    1.36217046    1.44455240    1.44466621    2.63061230    1.85231639    1.30565473    1.23573046    1.58079430    1.36206338    1.73488575    1.57106793    1.62256912    2.00584257    1.34717932    1.37534496    1.56609345    1.73271716    1.55627969    1.77626070    1.48028153    1.26624301    1.41304001    1.24575871    1.26607133    1.24371976    1.43298846    1.22083257    0.96216024    1.09577958    1.12860450    0.96295680    0.95085077    0.89936798    0.00000000    0.52959773    0.53851751    0.93589334    0.85497751    0.63088661    0.71519267    0.80841867    1.35193110    1.12675784
D0N0F7_PHYIT/128-179     1.00064024    0.86047129    0.81595212    1.01887396    0.99386234    0.90693670    1.74878964    1.56929936    1.09603176    1.19878454    1.57268054    1.34869270    1.64948533    1.57474737    1.36878606    1.80271102    1.25121800    1.23950468    1.24952353    1.37587136    1.24614472    1.43448148    1.30108518    1.19568877    1.17489163    0.84286378    1.06049638    1.07283591    1.18385280    1.17518673    0.77462607    0.88309019    0.96346336    0.86501943    1.04928829    0.68945634    0.52959773    0.00000000    0.36701417    0.91899956    0.59842728    0.44584339    0.48145488    0.68322246    1.02821789    0.91292613
A0A329S315_9STRA/50-101     1.03120054    1.00397677    0.98639921    1.18441395    1.20846905    1.22802129    1.85379726    1.43714735    1.20082540    1.25389498    1.49382382    1.29376854    1.41313519    1.50754525    1.45718869    1.69217374    1.15644291    1.20447825    1.32559665    1.47780777    1.29703653    1.38595489    1.32037652    1.44766216    1.12623017    1.00387580    1.01419127    0.98005003    1.25058492    1.16716994    0.71143929    0.81975143    0.97403338    0.82838062    0.82264287    0.63657611    0.53851751    0.36701417    0.00000000    0.58889881    0.39982511    0.37041773    0.49619646    0.67461969    1.11262676    0.91925909
D0NSH7_PHYIT/127-176     1.32961306    1.31292382    0.92960772    1.31405530    1.51523595    1.52825706    2.03826086    1.36916483    1.25584393    1.25853670    1.74356276    1.40377694    1.18774516    1.35331868    1.56712526    1.49987661    1.39417886    1.44519407    1.54403324    1.74062728    1.57354633    1.73384941    1.53117757    1.51719188    1.14486148    1.11009075    1.30961323    1.41447533    1.46084958    1.39461812    1.02959691    1.22968183    1.17424431    1.18799864    1.13706416    0.97001192    0.93589334    0.91899956    0.58889881    0.00000000    0.57222190    0.72580940    0.83833493    0.78680660    1.43673445    1.18618574
D0NSH6_PHYIT/126-177     1.06292052    1.17379360    1.06175061    1.12058978    1.27707395    1.35360120    1.64706247    1.57234734    1.09752763    1.23886063    1.44881698    1.28592776    1.38604306    1.30644266    1.43578638    1.79874456    1.10026834    1.23068368    1.18844384    1.43036118    1.27044478    1.37382831    1.51420197    1.48840768    1.09887119    1.05400178    0.97348787    0.97158194    0.98236146    1.07716456    0.76363844    0.96851357    1.08493994    0.85540551    0.98308261    0.85977607    0.85497751    0.59842728    0.39982511    0.57222190    0.00000000    0.43150530    0.58594001    0.68631589    1.23369966    1.04897325
A0A0W8CZL9_PHYNI/9-60     0.85453776    1.01888404    0.87499822    0.93792391    1.12701992    1.02577326    1.62398553    1.19871035    1.10030680    0.88992020    1.05432973    1.18204590    1.38173735    1.31483857    1.27974731    1.50304208    1.21998029    1.10279567    1.09676510    1.25769637    1.19454773    1.25111474    1.29564638    1.27324628    1.12333194    0.96479248    0.95476305    0.93727255    0.98991644    0.92175211    0.72909927    0.74799709    0.91620650    0.87085597    0.81257598    0.66275631    0.63088661    0.44584339    0.37041773    0.72580940    0.43150530    0.00000000    0.28507526    0.56718987    1.00373367    1.03325214
A0A0W8CPY6_PHYNI/48-99     0.98718920    1.09506024    0.94649537    0.94523545    1.10360530    1.10379374    1.49317877    1.38221961    1.13356667    0.99455660    1.31189780    1.23477695    1.45769284    1.54186071    1.37016753    1.47729179    1.33781472    1.22686700    1.16555694    1.32798803    1.30871034    1.27737765    1.34387086    1.26836548    1.23473758    1.04853436    0.88902104    0.96745393    0.95545773    0.72078301    0.68531532    0.54414903    0.76546677    0.67768843    0.76315775    0.68992039    0.71519267    0.48145488    0.49619646    0.83833493    0.58594001    0.28507526    0.00000000    0.57235675    0.91763924    0.91255605
V9F0J8_PHYPR/115-166     0.93177925    1.10738758    0.76817322    0.90986230    0.80528314    1.10837702    1.66659635    0.96326933    1.02965372    0.92537685    1.26193030    0.97392901    1.10598523    1.13756996    1.20371502    1.34805562    1.10788030    0.99260405    1.03861359    1.24749054    1.10630836    1.19243913    1.53872683    1.53035330    1.13192829    1.00193829    1.00361786    0.97206668    1.10253099    0.95862879    0.84970011    0.74877980    0.83276738    0.73231723    0.65385028    0.97879852    0.80841867    0.68322246    0.67461969    0.78680660    0.68631589    0.56718987    0.57235675    0.00000000    0.99864279    0.80046135
A0A225VEL5_9STRA/79-129     1.12775658    1.26298422    0.99108267    1.13310181    1.02181835    1.16090839    1.20409437    1.53036484    1.39206262    1.20655261    1.63441055    1.54124821    1.70238544    1.86978072    1.43928627    1.63088990    1.33269077    1.19202556    1.03863994    1.06960245    0.88448175    1.05188600    1.57253307    1.78239905    0.93796462    0.70772266    0.94634981    1.38223235    1.57204611    1.10643875    1.14805931    1.21875764    1.17658480    1.21979680    1.29515687    1.31598036    1.35193110    1.02821789    1.11262676    1.43673445    1.23369966    1.00373367    0.91763924    0.99864279    0.00000000    0.76051768
A0A225UTQ3_9STRA/120-171     1.07276731    1.04496473    1.09069035    1.21449128    0.92448533    1.08253066    1.59608950    1.25611246    1.15983807    1.23169610    1.74655945    1.60304138    1.61638876    1.53541856    1.44325161    1.69766047    1.44899091    1.22404366    1.18325323    1.26103387    0.96880799    1.10308842    1.71777037    1.86893450    1.29094045    1.02983954    1.17758332    1.08343653    1.11967297    1.02901019    0.84742092    0.82688584    0.96408475    0.63610359    0.94061648    1.24381631    1.12675784    0.91292613    0.91925909    1.18618574    1.04897325    1.03325214    0.91255605    0.80046135    0.76051768    0.00000000

