78
N6Y9A1_9RHOO/1184-1557     0.00000000    0.92266387    0.93283754    0.99158380    1.29707517    1.10635678    1.28214447    1.22311313    1.20532815    1.02610266    1.01423080    1.17946122    1.03678058    1.33247758    1.25542695    1.11110991    1.29131186    1.30660691    1.37167952    1.19144654    1.40771984    1.29820103    1.37398721    1.27036441    1.38462278    2.47543225    3.31340821    2.78506421    2.79444670    2.67513453    2.68856185    2.70726134    3.14660994    2.90037424    2.42908735    2.70907956    3.00024856    2.60159527    2.78267424    2.63267154    2.75574591    3.08873448    3.40385371    2.76823019    2.79242447    2.70557780    2.76832779    2.55723746    2.77020692    3.06878407    2.48135478    2.78777912    2.66189914    2.69073697    2.91311668    3.00509643    2.64536448    2.96196068    2.75083169    2.99004048    2.48287988    2.91954978    2.69243752    2.88930306    1.49757163    1.93188257    1.86800801    1.68560398    1.49308963    1.93578710    1.96677246    1.78657209    1.12544177    1.05117413    1.27737780    1.17684509    1.12790198    1.09192978
Q72A22_DESVH/1200-1572     0.92266387    0.00000000    0.83338529    0.95378337    1.26426758    1.13889342    1.38682510    1.31553473    1.37341718    1.06548189    1.13001744    1.30602257    1.13226980    1.23482502    1.37126243    1.23507360    1.38054645    1.30448670    1.34805480    1.19915995    1.47187013    1.48031557    1.45486831    1.38690203    1.31958174    3.00475566    3.40504116    3.46013144    3.12011177    3.05276447    3.05500760    3.23869997    3.50214087    3.28750569    2.72901257    3.09319170    3.72655495    3.15753200    3.42093023    3.09155196    3.34844764    3.31885593    3.92309862    2.85329631    2.81387875    2.58179141    2.71472183    2.57912416    2.50348875    2.87901646    2.40975843    2.86841601    2.55367377    2.68071551    2.84815772    3.00267344    2.54858065    2.86616425    2.58688748    2.88475051    2.76765133    3.09594572    2.62330759    3.08679188    1.51437909    2.06828957    1.98222832    1.78630163    1.64073589    1.92454645    2.27287878    2.06734757    1.22715148    1.22827433    1.26545837    1.12180265    1.16053160    1.30278790
A0A171KUM0_9BURK/1187-1570     0.93283754    0.83338529    0.00000000    0.92081721    1.26287927    1.11621341    1.34366569    1.23814055    1.34202080    1.00885896    1.16023585    1.27893649    1.09453997    1.29678349    1.28172382    1.16488402    1.23199212    1.29955832    1.29121602    1.19864926    1.40430417    1.19014765    1.27724014    1.38167815    1.35456649    2.73410088    3.14644865    3.10136465    3.01146480    2.81033249    2.76587098    3.04721597    3.39423653    2.90686488    2.63972848    2.79786149    3.32812299    2.96705612    3.34995572    2.74560837    3.11677708    3.12072965    3.41667695    3.06548407    2.54806592    2.61133285    2.47988174    2.71825721    2.70228442    2.76486481    2.45997152    2.67413079    2.67804411    2.85834647    2.78188835    3.14682001    2.47561634    2.82946007    2.67547149    2.70552615    2.75774054    3.06018949    2.56708861    3.13222499    1.40215745    1.80473500    1.91136391    1.55552278    1.47468813    1.61165891    1.86063167    1.72755264    1.12129067    1.06034274    1.25102536    1.10286973    1.00770391    1.28259848
C6HZL5_9BACT/1213-1584     0.99158380    0.95378337    0.92081721    0.00000000    1.17457532    1.19786957    1.38518461    1.16538894    1.27423162    1.15201178    1.28484165    1.34097235    1.11083826    1.38973593    1.53379562    1.41109226    1.41422101    1.23479710    1.24066559    1.21329114    1.41285203    1.33810865    1.27051885    1.34775231    1.37979488    3.18338911    3.28959075    3.41589010    3.15995696    3.14391897    3.16296982    3.12461278    3.52745023    2.96100863    3.08094261    3.43312632    3.65094585    3.13002529    3.23183174    3.01654994    3.19134254    3.01978939    4.00566825    3.23657885    2.63690079    2.64231965    2.49990470    2.58573252    2.46558872    2.86531821    2.61540142    2.71928480    2.46299223    3.08525301    2.91552587    3.14272923    2.78007105    2.75512643    2.50925136    2.83105913    2.77976805    3.03586873    2.53049712    3.61544285    1.51056139    1.85511129    1.83785399    1.68846698    1.73038244    1.92276307    2.21154932    2.05305519    1.25865227    1.15454766    1.40318998    1.23981372    1.11363170    1.34309762
E6KT54_9ACTO/1278-1672     1.29707517    1.26426758    1.26287927    1.17457532    0.00000000    1.06569295    1.17605092    1.12194719    1.29869542    1.24353857    1.33458226    1.71352442    1.25745844    1.47589558    1.44950049    1.43522308    1.32372200    1.49504877    1.52110165    1.33778384    1.67716353    1.45294564    1.48835640    1.55761570    1.63477733    2.71587126    2.80525948    2.90029195    2.81255477    2.96082791    3.02919994    3.10626722    3.06124517    2.82860245    2.56824296    2.93275363    3.11584495    2.88587036    2.75415823    2.81201809    2.81899785    2.94455008    3.73402881    3.02901410    2.74265964    2.54155562    2.51198358    2.82433293    2.63962135    2.85035871    2.66251146    2.61598004    2.66720471    2.94441285    2.88544527    3.28626067    2.84605287    3.09271815    2.74275998    3.00724555    2.98528665    3.24567436    2.78837261    3.12712135    1.60365843    1.87228329    1.85405417    1.51221155    1.61160381    2.09077410    2.08312432    1.99138698    1.38593237    1.39322926    1.50698837    1.32764449    1.34536691    1.42711576
A0A075JIY3_9MICO/1205-1580     1.10635678    1.13889342    1.11621341    1.19786957    1.06569295    0.00000000    1.07010084    1.24926979    1.37328948    1.05250070    1.31724260    1.43134279    1.35179090    1.48913141    1.41986757    1.30939625    1.20459439    1.37758271    1.32313738    1.20064324    1.50895086    1.31103370    1.33303207    1.62004140    1.35640486    2.70532879    3.05660352    3.11437659    3.02186093    3.12810216    2.77396145    2.95158805    3.22041433    3.02552843    2.61247831    2.81537800    3.06186158    2.90491076    3.32388072    2.82320416    2.89791939    2.94564311    3.71386014    2.63092539    2.63791623    2.67621501    2.49888808    2.77922108    2.48101024    2.94035172    2.60217141    2.60741411    2.61603473    2.67556633    2.87909817    3.15632518    2.83390017    3.13196364    2.38838891    2.77483202    2.75457685    2.75006299    2.48593973    2.77504387    1.65255809    1.73609657    1.91371709    1.76032272    1.58279919    1.66285512    1.93567891    1.72878057    1.34452272    1.32803758    1.37814670    1.32870957    1.26319413    1.28340979
D7GIA2_PROFC/1211-1570     1.28214447    1.38682510    1.34366569    1.38518461    1.17605092    1.07010084    0.00000000    1.32647631    1.37064845    1.31387087    1.40210845    1.71325349    1.37515243    1.46462364    1.31964307    1.48778464    1.38450111    1.39465432    1.34505555    1.29388732    1.46119599    1.44667112    1.46699346    1.75167502    1.66279946    2.63089359    3.07050601    2.92690183    3.04882841    2.91096334    3.01451262    3.06456506    3.31626730    3.14193009    2.96694650    3.09335742    3.22570421    2.96339415    3.13967671    2.76694583    3.05184710    3.10525319    3.86984229    3.23425949    2.98152269    2.57011105    2.62592285    2.67851013    2.87159522    2.83976347    2.94739136    2.68264265    2.73310687    3.12935910    3.04066277    3.47074543    2.53054902    2.92943015    2.78391226    3.07115096    3.13020545    3.21948732    2.94711571    2.98409459    1.63183706    1.85880974    1.93490715    1.77154647    1.82651323    1.90185098    2.08185962    2.05007468    1.33463229    1.31289376    1.40383504    1.33194278    1.28121015    1.39828268
A0A0S6VST1_9BACT/665-1035     1.22311313    1.31553473    1.23814055    1.16538894    1.12194719    1.24926979    1.32647631    0.00000000    0.86055993    1.13669128    1.24132082    1.37857034    1.10009367    1.51768994    1.43830169    1.27272027    1.43032760    1.35851961    1.36305049    1.20311499    1.38895305    1.26916277    1.35418426    1.40860933    1.35925621    2.92195930    3.37147349    3.43678760    3.14899959    3.20557323    3.11725930    3.08536359    3.68237414    3.04347162    2.82749420    3.10220457    3.47672299    3.01016923    3.11996658    2.89423727    3.38291679    3.29612068    3.69946614    2.75239143    2.56619134    2.32668288    2.37693800    2.38120851    2.40466394    2.65940421    2.30702797    2.33523801    2.64404118    2.67842859    2.83534603    2.93200102    2.47652340    2.79285966    2.59808478    2.61912338    2.73014338    2.51599997    2.49545435    2.87109362    1.39432596    1.77343860    1.65562357    1.46133549    1.56252408    1.87414774    1.84392658    1.90950511    1.27562675    1.35054456    1.49135961    1.37072908    1.28920247    1.46426061
A0A0S6VUJ2_9BACT/666-1005     1.20532815    1.37341718    1.34202080    1.27423162    1.29869542    1.37328948    1.37064845    0.86055993    0.00000000    1.20886843    1.31629515    1.43470934    1.21865250    1.57715875    1.55170194    1.55696961    1.42639339    1.40549775    1.63828795    1.43057343    1.45698730    1.30967869    1.42693325    1.56558463    1.45125844    3.11877824    3.40489995    3.35811123    3.40420010    3.40057530    3.37108787    3.05385187    3.38725622    3.35976364    2.78917472    3.18190559    3.36564638    3.16421320    3.35501008    3.17438014    3.22406312    3.43258086    3.92884777    2.46811406    2.56931906    2.48921581    2.49342713    2.43503763    2.41215865    2.59551069    2.41068942    2.59449778    2.54081364    2.60495961    2.97026526    3.03359078    2.49467350    2.75572191    2.45384285    2.67891581    2.64381242    2.63871727    2.41320545    2.90193834    1.43131911    1.42695413    1.58135803    1.47577824    1.51151799    1.68592523    1.77862203    1.74880654    1.54522826    1.49844820    1.49310745    1.59250803    1.63060947    1.41844584
D5BNI0_PUNMI/1208-1572     1.02610266    1.06548189    1.00885896    1.15201178    1.24353857    1.05250070    1.31387087    1.13669128    1.20886843    0.00000000    1.00578797    1.27491342    1.11495523    1.42485830    1.29617257    1.17274732    1.32395529    1.45769266    1.28967603    1.28321140    1.41522427    1.25916098    1.37509660    1.45967233    1.42441524    2.73262217    2.92572193    3.01358740    2.99966725    3.02530870    2.88506810    3.15841239    3.18958860    2.96417666    2.63103182    3.02833678    3.19211570    2.89792477    3.23317837    2.73615416    3.11397744    3.04307331    3.87934137    2.76285859    2.71233620    2.55859049    2.71744049    2.82860692    2.69866384    2.90748215    2.47655118    2.66163647    2.74639678    2.56935299    2.84070172    2.79410334    2.68825953    2.99304667    2.72227443    2.71724271    2.70226741    2.93547769    2.56092413    3.13655946    1.43790292    1.89441616    1.99404023    1.71250807    1.49759320    1.72324802    2.04996715    2.08266309    1.36498311    1.37531433    1.41547162    1.46567832    1.21740658    1.35551344
M1WMP2_PSEP2/1229-1607     1.01423080    1.13001744    1.16023585    1.28484165    1.33458226    1.31724260    1.40210845    1.24132082    1.31629515    1.00578797    0.00000000    1.01908307    0.85429157    1.08545404    0.94815215    1.09040892    1.00339447    1.35886695    1.34552562    1.17417521    1.39162842    1.37102581    1.33947653    1.44515661    1.40005907    2.79469695    3.23985660    3.35683083    2.80057686    3.03882246    3.07872231    3.09428148    3.56636669    2.99266028    2.78231229    2.85667566    3.29066970    2.95458925    3.16827047    2.86817171    3.13682876    3.36507794    3.95590750    2.89756510    2.71082462    2.49728214    2.72873914    2.73271778    2.85111895    3.03538687    2.64129633    2.60593980    2.65363104    2.74590634    2.93206327    3.01254303    2.91421245    2.99208549    2.59200550    3.03955182    2.85725571    2.99608508    2.52066046    3.00088121    1.63149246    1.88900476    1.83556108    1.76524759    1.88338496    2.00472471    2.16509507    2.04068562    1.14071569    1.17343883    1.22879492    1.30574372    1.23230749    1.24340026
A0A0S4P5D7_9BURK/1231-1618     1.17946122    1.30602257    1.27893649    1.34097235    1.71352442    1.43134279    1.71325349    1.37857034    1.43470934    1.27491342    1.01908307    0.00000000    0.99502149    1.23534588    1.04361232    1.23642644    1.12803484    1.60684558    1.46233074    1.40284604    1.49866267    1.41612419    1.53216705    1.59285226    1.51285033    3.14847612    3.61068669    3.67347535    3.11583080    3.13556469    3.11842949    3.15813788    3.37937847    3.19293397    2.82605837    2.98757285    3.41622249    3.20076638    3.19265930    3.10814155    3.31937859    3.41521166    3.88614746    2.80056271    2.66773815    2.73924792    2.73319598    2.69680434    3.00759370    3.21757837    2.59333063    2.74644243    2.55876594    2.98005597    2.78231033    3.10112920    2.67165007    2.91725091    2.52102303    3.06668957    2.77883886    2.94518881    2.66589857    3.38566077    1.76290769    1.98015225    2.13875077    1.91154958    1.94059376    2.15895265    2.22927018    2.07720091    1.35839620    1.46296583    1.33153015    1.34029247    1.35511103    1.45264577
B0SUG3_LEPBP/1240-1624     1.03678058    1.13226980    1.09453997    1.11083826    1.25745844    1.35179090    1.37515243    1.10009367    1.21865250    1.11495523    0.85429157    0.99502149    0.00000000    0.96514476    1.14255574    1.23260552    1.16946053    1.27681479    1.17238813    1.03335351    1.36029691    1.25808674    1.09226171    1.18446409    1.23952297    3.00099924    3.44545310    3.34143371    3.17898888    3.14881204    3.41052791    3.25911337    3.74811193    3.31393725    2.70710785    3.23582778    3.33919953    3.18234565    3.24929848    3.15266749    3.45835739    3.40890103    3.82414724    2.77973847    2.57253219    2.37587639    2.43377739    2.56174539    2.65824519    2.71573323    2.27247650    2.37469272    2.57525609    2.70502571    2.96725926    2.83953501    2.54419526    2.63627933    2.51392641    2.75180872    2.65999347    2.76513113    2.46182675    3.19381183    1.31443656    1.66995089    1.72108188    1.50268528    1.69464845    1.82089887    2.09582983    1.84846533    1.11294442    1.22792868    1.18449925    1.11922508    1.14671244    1.24921612
A0A142YA37_9BACT/1240-1629     1.33247758    1.23482502    1.29678349    1.38973593    1.47589558    1.48913141    1.46462364    1.51768994    1.57715875    1.42485830    1.08545404    1.23534588    0.96514476    0.00000000    1.25891639    1.40329037    1.23555153    1.39508659    1.49140976    1.37091967    1.45649794    1.69337062    1.38870433    1.35541806    1.42857242    2.89945370    3.33642477    3.06373366    2.97789660    3.12330729    3.05661962    3.03705975    3.35975038    3.47623954    2.96140010    3.46867452    3.52477241    3.18881226    3.29959318    3.18569211    3.24202275    3.35595046    3.72030274    2.80103036    2.79579182    2.53967806    2.97109266    2.91913963    2.81722097    2.86125195    2.63211228    2.77620984    2.81054083    2.92219570    2.93355286    2.74192214    2.51416228    2.76126409    2.80793441    2.86701446    3.01110986    3.16686482    2.71486661    3.16125252    1.98133049    1.81132014    1.94317714    1.88571343    2.05137477    2.28951299    2.25274264    2.21054380    1.38539888    1.36017071    1.58424213    1.41813992    1.31760066    1.49675661
A0A0N0D9P0_9RHOB/1218-1582     1.25542695    1.37126243    1.28172382    1.53379562    1.44950049    1.41986757    1.31964307    1.43830169    1.55170194    1.29617257    0.94815215    1.04361232    1.14255574    1.25891639    0.00000000    1.07219694    1.00243153    1.30817677    1.47653207    1.38280714    1.50995148    1.40741171    1.42749973    1.49535579    1.52997527    3.31522601    3.45665930    3.52648130    3.39994735    3.35859990    3.19337365    3.43035585    3.41956708    3.31401129    2.93315058    3.26021078    3.34034459    3.31515925    3.39053672    3.13644105    3.44523657    3.75912632    4.32137890    2.93192497    3.01737386    2.65037459    2.82954523    2.80230698    2.87162360    3.29762236    2.75442548    2.89566022    3.11274223    2.85155625    3.13954573    3.43415634    2.93655414    2.78204636    3.06577724    2.93325976    3.13617518    3.13640895    2.99089446    3.54867773    1.92907800    2.17670447    2.18219768    1.88760538    2.11082248    2.04493873    2.45365457    2.23708652    1.42957253    1.26796497    1.33563688    1.44379210    1.47132295    1.37712142
A0A0M4DEH4_SPHS1/1229-1614     1.11110991    1.23507360    1.16488402    1.41109226    1.43522308    1.30939625    1.48778464    1.27272027    1.55696961    1.17274732    1.09040892    1.23642644    1.23260552    1.40329037    1.07219694    0.00000000    1.00443988    1.46142344    1.43594520    1.40862896    1.58715322    1.48085832    1.57013934    1.47246405    1.57654263    2.73225175    3.42762178    3.11498028    3.06160344    3.14587762    2.94332808    3.28282100    3.50493450    3.13217408    2.81442379    3.15537760    3.22074402    3.15768813    3.35006043    2.82695933    3.26984562    3.34553435    3.64845306    2.81082239    2.64036412    2.59085558    2.57180869    2.77599183    2.83513217    3.29995705    2.77515859    2.71743052    2.87151153    2.75481598    2.83497962    3.15977815    2.74360285    2.98074749    2.98393125    2.93348293    2.85877857    3.08206837    2.83199605    3.17385081    1.77198169    2.20819757    2.18413024    1.87875857    1.66375500    1.90125520    2.24202212    2.18479020    1.33710953    1.40720326    1.45201179    1.48548277    1.25069459    1.35191178
A0A0M6XVK6_9RHOB/1227-1608     1.29131186    1.38054645    1.23199212    1.41422101    1.32372200    1.20459439    1.38450111    1.43032760    1.42639339    1.32395529    1.00339447    1.12803484    1.16946053    1.23555153    1.00243153    1.00443988    0.00000000    1.38380334    1.51642286    1.41383776    1.63250899    1.37138298    1.43811712    1.56616566    1.48127650    2.88690128    3.04549307    3.28077518    3.12489633    3.05367846    3.12161478    3.10764467    3.62270286    3.17815329    2.91636471    3.21229483    3.37966452    3.13241931    3.36204446    3.25570640    3.29737319    3.15723941    3.85576449    2.86919885    2.76383999    2.78349934    2.63328289    2.82330933    2.99477731    3.03149403    2.82608493    2.69988782    2.73444275    2.65524294    2.97210505    2.86567557    2.68100021    3.26329023    3.08884038    2.98442113    2.78835042    3.08413986    2.87413878    3.29441786    1.77082079    1.80628400    2.08729955    1.69197957    1.69554554    1.91125151    2.12679833    1.92211654    1.44417805    1.30022761    1.51565153    1.46974193    1.29529537    1.46401786
E6K2R6_PARDN/1268-1637     1.30660691    1.30448670    1.29955832    1.23479710    1.49504877    1.37758271    1.39465432    1.35851961    1.40549775    1.45769266    1.35886695    1.60684558    1.27681479    1.39508659    1.30817677    1.46142344    1.38380334    0.00000000    1.32061759    1.38599747    1.48904028    1.43915889    1.48463836    1.51123090    1.52208961    2.94581668    3.16704702    3.17512998    2.99859629    2.93502052    3.00508653    3.12082257    3.56586412    3.15786714    2.95532421    3.23464727    3.44270905    3.37068168    3.47196084    3.24011529    3.28553959    3.04151137    4.19632100    2.97102169    2.82734612    2.46415901    2.43306099    2.36464877    2.59305938    3.13640873    2.62558348    2.89444447    2.78647716    2.64632445    2.89251959    2.98108613    2.54782416    2.99694697    2.82727454    2.89585726    3.26337570    3.07097542    2.66513716    3.01979762    1.75596219    1.89790393    2.11115562    1.87567254    1.84436206    1.92800652    2.10474598    2.07855335    1.28890768    1.32171200    1.35624380    1.43360773    1.48990177    1.32314862
A0A094WD31_ALKAL/1212-1550     1.37167952    1.34805480    1.29121602    1.24066559    1.52110165    1.32313738    1.34505555    1.36305049    1.63828795    1.28967603    1.34552562    1.46233074    1.17238813    1.49140976    1.47653207    1.43594520    1.51642286    1.32061759    0.00000000    0.99074666    1.12405867    1.19991294    0.98395029    1.22689459    1.44299617    2.68136240    2.98109293    3.13084647    3.18577243    2.91989146    2.96636571    3.39978097    3.45024798    3.27312686    2.53494655    3.02828247    3.30732165    3.02705760    3.41843861    3.02262456    3.13440955    3.15880237    3.95258566    2.96720616    2.85204180    2.29513404    2.38729123    2.44955878    2.37034011    2.78065404    2.61194493    2.49719945    2.60444238    2.62507078    2.95737706    3.16001050    3.01352105    2.71359704    2.59328349    2.92087972    2.87743147    3.16418208    2.53582735    2.92753855    1.51725285    1.71505571    2.16860164    1.82967003    1.89220679    1.88482702    2.13344781    2.05593316    1.36361022    1.44396398    1.15646681    1.22967218    1.46515924    1.48120004
A0A0R2CN45_9LACO/103-431     1.19144654    1.19915995    1.19864926    1.21329114    1.33778384    1.20064324    1.29388732    1.20311499    1.43057343    1.28321140    1.17417521    1.40284604    1.03335351    1.37091967    1.38280714    1.40862896    1.41383776    1.38599747    0.99074666    0.00000000    0.93680755    1.06709436    0.86177458    1.36176861    1.31630571    2.84680561    3.28406201    3.22759013    3.29609806    2.87435698    3.04663282    3.20572363    3.05681428    3.09787380    2.56055952    2.74157174    3.26572682    3.15821542    3.12385823    2.82984587    3.18567258    2.98047815    3.54816414    2.43936696    2.51440977    2.52845452    2.37239830    2.54063117    2.44097763    2.70685966    2.49116247    2.49734725    2.57135348    2.44084932    2.51910661    2.69887978    2.64359932    2.46617429    2.47519203    2.66772166    2.61454408    2.73150627    2.54942263    2.92445232    1.50661137    1.86440086    1.94217891    1.87023871    1.90544650    1.88795741    2.12322248    1.94472493    1.11494406    1.11502536    1.30822734    1.16885029    1.34738256    1.28505566
A0A0J6CZS5_9BACI/1213-1547     1.40771984    1.47187013    1.40430417    1.41285203    1.67716353    1.50895086    1.46119599    1.38895305    1.45698730    1.41522427    1.39162842    1.49866267    1.36029691    1.45649794    1.50995148    1.58715322    1.63250899    1.48904028    1.12405867    0.93680755    0.00000000    1.02828271    0.89772571    1.45926253    1.56847101    2.81892886    3.02983745    3.12133421    3.34118969    2.99161294    3.07441672    3.37564530    3.22198623    2.89986098    2.62642058    3.53422042    3.40611715    3.10763629    3.10656618    2.73052388    2.98716557    2.98155833    3.45958848    2.65134982    2.76894592    2.71981216    2.80308034    2.48597581    2.50101940    2.91348085    2.48838093    2.72598994    2.78580181    2.80805191    2.71827999    2.98633947    2.90864357    2.45765085    2.50043912    3.10952823    2.89968633    3.12774185    2.43256085    2.92134674    1.59713068    1.77068608    2.05906420    1.88166741    1.90032270    2.03627867    2.08703898    2.06532370    1.35158795    1.37265269    1.25450425    1.41480756    1.39978274    1.31757529
A0A0R1ZTQ7_9LACO/1226-1556     1.29820103    1.48031557    1.19014765    1.33810865    1.45294564    1.31103370    1.44667112    1.26916277    1.30967869    1.25916098    1.37102581    1.41612419    1.25808674    1.69337062    1.40741171    1.48085832    1.37138298    1.43915889    1.19991294    1.06709436    1.02828271    0.00000000    0.84235814    1.49003628    1.55023637    2.64858103    2.88142592    3.06353324    2.97325584    3.12450572    2.63197108    3.08758640    3.39217215    3.05372135    2.50149045    3.15988886    3.11081567    3.01828293    3.32238482    2.87774045    3.06622710    3.03790936    3.48367820    2.98004166    2.53207155    2.47430709    2.59645426    2.36990910    2.76086057    2.69447913    2.39646733    2.68360346    2.71873306    2.79230237    2.68465105    3.02361819    2.67425439    2.61703886    2.75110775    2.63780424    2.67867645    2.79310663    2.49937710    2.89949098    1.56258976    1.86029056    1.80109906    1.69569646    1.76798025    1.71516820    1.96986969    1.81693567    1.21645999    1.19744580    1.29881611    1.46995010    1.41250565    1.42692154
E6LGC8_ENTI1/111-437     1.37398721    1.45486831    1.27724014    1.27051885    1.48835640    1.33303207    1.46699346    1.35418426    1.42693325    1.37509660    1.33947653    1.53216705    1.09226171    1.38870433    1.42749973    1.57013934    1.43811712    1.48463836    0.98395029    0.86177458    0.89772571    0.84235814    0.00000000    1.36984352    1.34004218    2.85908234    2.94405709    3.08298988    3.25267425    3.13831485    2.93687761    3.02146661    3.23267778    2.78621442    2.58995055    2.92084391    3.06334606    3.15360939    3.13844933    2.60924446    3.07013261    2.98302640    3.60469489    2.70142118    2.57000833    2.55404046    2.35679177    2.41605314    2.46360462    2.49383656    2.37509923    2.50478038    2.66843586    2.63790352    2.54880502    2.73822826    2.64218424    2.55742805    2.41573053    2.72933815    2.64300233    2.69669234    2.59578038    2.74581767    1.51787290    1.80397396    1.87192457    1.93398351    1.82631451    1.95860211    2.00939550    1.99166450    1.27329614    1.42238116    1.17825886    1.22986390    1.52622738    1.39777134
O25380_HELPY/554-909     1.27036441    1.38690203    1.38167815    1.34775231    1.55761570    1.62004140    1.75167502    1.40860933    1.56558463    1.45967233    1.44515661    1.59285226    1.18446409    1.35541806    1.49535579    1.47246405    1.56616566    1.51123090    1.22689459    1.36176861    1.45926253    1.49003628    1.36984352    0.00000000    1.14072091    2.88720478    3.30523425    2.98160205    3.06601742    3.10683448    3.00804991    3.10313010    3.20286866    2.90518461    2.71908282    2.80238892    3.35226787    2.78742563    3.27464235    2.91231810    2.94192966    2.97368157    3.61048909    2.60571264    2.68460092    2.34843976    2.55419916    2.49575663    2.57320254    2.82789763    2.36359500    2.38971997    2.36458693    2.82319752    2.70364572    3.02312367    2.64794255    2.84007546    2.53356880    2.69233401    2.49386558    2.57888576    2.50027914    2.86858835    1.53960074    1.88396146    1.89103954    1.75669654    1.86108593    2.15843165    2.05183276    2.11746548    1.15481084    1.25486002    1.38315236    1.32828725    1.47827860    1.60858705
I7H4Y8_9HELI/421-852     1.38462278    1.31958174    1.35456649    1.37979488    1.63477733    1.35640486    1.66279946    1.35925621    1.45125844    1.42441524    1.40005907    1.51285033    1.23952297    1.42857242    1.52997527    1.57654263    1.48127650    1.52208961    1.44299617    1.31630571    1.56847101    1.55023637    1.34004218    1.14072091    0.00000000    2.70379938    2.97759183    3.10329584    3.13604252    3.05078007    2.84148948    3.08549508    3.46824166    3.23533816    2.65193214    2.88346053    3.41590139    2.87308542    3.32589523    2.91463288    3.01601092    3.16868580    3.88283863    2.73528719    2.82172866    2.34932692    2.33119854    2.63324375    2.67760671    2.95417601    2.72328328    2.39654766    2.78187389    2.61821142    3.06019376    2.96748235    3.05014976    2.71671473    2.56263132    2.83798810    2.58566493    2.80249975    2.54045243    2.99002907    1.54169535    1.84104739    1.87043500    1.75064627    1.87059683    2.10550535    2.18401186    1.92480211    1.66650861    1.38164272    1.45937680    1.73945785    1.64332348    1.49225193
D1C6V4_SPHTD/691-1042     2.47543225    3.00475566    2.73410088    3.18338911    2.71587126    2.70532879    2.63089359    2.92195930    3.11877824    2.73262217    2.79469695    3.14847612    3.00099924    2.89945370    3.31522601    2.73225175    2.88690128    2.94581668    2.68136240    2.84680561    2.81892886    2.64858103    2.85908234    2.88720478    2.70379938    0.00000000    1.14352606    1.25509443    1.27002807    1.17018283    1.05986094    1.57193988    1.81885786    1.85582121    1.65513084    1.67616813    1.71609805    1.51586730    1.79312276    1.65633423    1.54068189    1.56262102    2.41434820    2.66886145    3.13291718    2.52012361    2.78656236    2.64103689    2.87007518    2.73003940    2.49350051    2.56456060    2.91611067    2.80046992    3.33284445    3.58900980    3.13460704    3.35260122    3.06672360    2.83342845    2.66284598    2.85038716    2.84636450    2.94008065    2.86935979    3.02445310    3.12401439    2.93300987    2.93770397    2.98162503    3.25755284    3.02066455    3.15154495    3.00465594    2.73468029    2.76846763    2.70132020    2.75719701
A0A0W0GL62_9CHLR/680-1031     3.31340821    3.40504116    3.14644865    3.28959075    2.80525948    3.05660352    3.07050601    3.37147349    3.40489995    2.92572193    3.23985660    3.61068669    3.44545310    3.33642477    3.45665930    3.42762178    3.04549307    3.16704702    2.98109293    3.28406201    3.02983745    2.88142592    2.94405709    3.30523425    2.97759183    1.14352606    0.00000000    1.38207573    1.29133530    1.17415858    1.08967250    1.53055704    1.71840743    1.73519549    1.66920888    1.86563074    1.76289356    1.76401570    1.84110129    1.74141640    1.55311459    1.57523376    2.13982018    3.07258674    3.09080142    2.90334402    2.91725015    2.97113326    2.98215997    2.95525185    2.77540536    3.08962056    3.33203711    3.18579368    3.37634079    3.35162328    3.44339059    3.45870835    3.14746905    2.95714294    2.98675880    3.02979048    2.99625223    3.15573863    3.49217193    3.66783369    3.43865258    3.21468236    3.05164272    2.97250509    3.26982874    3.07157748    3.48171183    3.45215630    3.04384214    3.13409097    3.11025201    3.19080448
Q8FLJ4_COREF/150-497     2.78506421    3.46013144    3.10136465    3.41589010    2.90029195    3.11437659    2.92690183    3.43678760    3.35811123    3.01358740    3.35683083    3.67347535    3.34143371    3.06373366    3.52648130    3.11498028    3.28077518    3.17512998    3.13084647    3.22759013    3.12133421    3.06353324    3.08298988    2.98160205    3.10329584    1.25509443    1.38207573    0.00000000    1.47518059    1.47494981    1.67063253    1.89925409    1.80853129    1.96759196    1.84361196    2.23469689    2.06026583    1.91363255    1.80326369    1.86036014    1.66085644    1.77983269    2.33421582    2.80826192    3.45688543    3.04327783    2.72752866    2.83320490    2.85740366    2.87651073    2.96796185    2.69113788    3.10165870    3.31276688    3.59419253    3.86237885    3.45440886    3.69072160    3.31038109    2.90883856    2.89920653    3.00334704    3.27166454    3.12065509    3.09547631    3.58444374    3.27973742    3.14835764    3.08913241    3.30072646    3.46031062    3.38461770    3.15669828    3.42545356    3.16402546    2.96991644    3.22897741    2.94510924
E4UAV1_OCEP5/699-1044     2.79444670    3.12011177    3.01146480    3.15995696    2.81255477    3.02186093    3.04882841    3.14899959    3.40420010    2.99966725    2.80057686    3.11583080    3.17898888    2.97789660    3.39994735    3.06160344    3.12489633    2.99859629    3.18577243    3.29609806    3.34118969    2.97325584    3.25267425    3.06601742    3.13604252    1.27002807    1.29133530    1.47518059    0.00000000    1.09796122    1.10358006    1.51048828    1.56130145    1.84590253    1.77891189    1.80246754    1.73309347    1.59071018    1.79941855    1.61386730    1.14741895    1.40394234    2.03654020    3.05060843    3.21217175    2.63012887    2.84161092    2.74048796    2.89435551    2.86370091    2.74218318    2.86059785    2.99793120    3.29908458    3.28721932    3.44922656    3.00649654    3.25458728    3.26106574    2.98343089    2.69043829    3.22606303    3.09918861    2.97995930    3.11634497    3.61342583    3.35991637    3.38382589    3.20110216    3.36699501    3.43939149    3.36965417    3.29399314    3.35933010    3.36292742    3.11475450    3.11336904    3.10599483
A0A081BWI8_9BACT/689-1035     2.67513453    3.05276447    2.81033249    3.14391897    2.96082791    3.12810216    2.91096334    3.20557323    3.40057530    3.02530870    3.03882246    3.13556469    3.14881204    3.12330729    3.35859990    3.14587762    3.05367846    2.93502052    2.91989146    2.87435698    2.99161294    3.12450572    3.13831485    3.10683448    3.05078007    1.17018283    1.17415858    1.47494981    1.09796122    0.00000000    1.02406955    1.58880857    1.73953479    1.93391125    1.86532639    1.86233105    1.75079720    1.87136954    1.87623578    1.66886336    1.42881956    1.80106760    2.29211431    2.92093094    3.16748965    2.62575585    2.78768058    2.80903790    2.60602315    2.88646000    2.43201125    2.70823351    2.93986457    3.26648852    3.44825541    3.77835060    3.23671222    3.03173011    3.38851763    2.86773393    2.52229591    3.08759367    2.79171660    2.99141562    3.18700567    3.51386186    3.26189096    3.41106271    3.02100752    3.66782872    3.47947137    3.19825667    3.06944724    3.13749676    3.17632603    3.11383391    2.77641129    3.09825647
K2JUP8_9PROT/706-1053     2.68856185    3.05500760    2.76587098    3.16296982    3.02919994    2.77396145    3.01451262    3.11725930    3.37108787    2.88506810    3.07872231    3.11842949    3.41052791    3.05661962    3.19337365    2.94332808    3.12161478    3.00508653    2.96636571    3.04663282    3.07441672    2.63197108    2.93687761    3.00804991    2.84148948    1.05986094    1.08967250    1.67063253    1.10358006    1.02406955    0.00000000    1.53775988    1.82985582    1.82020504    1.96068768    1.98785930    1.91075930    1.85839225    2.17545774    1.73536536    1.42344483    1.65891303    2.26749628    3.04939384    2.76260392    2.38440731    2.89868680    2.47724223    2.53916177    3.20854220    2.53540745    2.63300411    3.13318040    2.98386654    3.33151547    3.63111402    3.08258798    3.15747228    3.32525661    2.87929717    2.54289214    3.12498472    2.88436527    3.02411421    3.14213773    3.46712213    3.25071854    3.21068116    2.80669726    3.06068085    3.16465830    3.05051142    3.40019536    3.15201477    3.12325083    2.91476195    2.80797598    2.91912680
F3NPM6_9ACTN/706-1056     2.70726134    3.23869997    3.04721597    3.12461278    3.10626722    2.95158805    3.06456506    3.08536359    3.05385187    3.15841239    3.09428148    3.15813788    3.25911337    3.03705975    3.43035585    3.28282100    3.10764467    3.12082257    3.39978097    3.20572363    3.37564530    3.08758640    3.02146661    3.10313010    3.08549508    1.57193988    1.53055704    1.89925409    1.51048828    1.58880857    1.53775988    0.00000000    1.43390924    1.61148665    1.56411339    1.64685348    1.38052696    1.61536669    1.50968555    1.42034679    1.10643898    1.35725507    1.80228855    2.97808964    3.18121639    2.85920778    3.11513207    2.58215948    2.71077233    3.11319329    2.64034324    2.70305879    3.10399617    3.30348632    3.17639462    3.58592621    3.08676637    3.78265216    3.56434659    2.95634352    2.87609015    3.00553920    3.06176171    2.63513166    2.97000924    3.63808335    3.08527811    3.41380920    3.03310301    3.41931162    3.15810831    3.38942881    3.42061871    2.90717731    3.13957143    3.02466633    2.80098084    2.85171081
Q2JE10_FRACC/690-1039     3.14660994    3.50214087    3.39423653    3.52745023    3.06124517    3.22041433    3.31626730    3.68237414    3.38725622    3.18958860    3.56636669    3.37937847    3.74811193    3.35975038    3.41956708    3.50493450    3.62270286    3.56586412    3.45024798    3.05681428    3.22198623    3.39217215    3.23267778    3.20286866    3.46824166    1.81885786    1.71840743    1.80853129    1.56130145    1.73953479    1.82985582    1.43390924    0.00000000    1.42765112    1.30543569    1.49253733    1.18561655    1.35776885    1.28668625    1.52473891    1.18449335    1.39359276    1.90566954    3.05915173    3.28632474    3.27280826    3.65047775    3.56589213    3.15042921    3.73337583    3.07447183    3.53864116    3.58723006    3.41927504    3.10062578    4.00266457    3.42480113    3.77594805    3.39558368    3.49485905    3.19980821    3.73286624    3.68247711    2.94992063    3.17784779    3.80708529    3.31458953    3.31995158    3.32422386    3.57649767    3.47875441    3.36596408    3.63955211    3.71258839    3.94626410    3.54306380    3.38988262    3.39773056
A0A177YF25_9NOCA/691-1042     2.90037424    3.28750569    2.90686488    2.96100863    2.82860245    3.02552843    3.14193009    3.04347162    3.35976364    2.96417666    2.99266028    3.19293397    3.31393725    3.47623954    3.31401129    3.13217408    3.17815329    3.15786714    3.27312686    3.09787380    2.89986098    3.05372135    2.78621442    2.90518461    3.23533816    1.85582121    1.73519549    1.96759196    1.84590253    1.93391125    1.82020504    1.61148665    1.42765112    0.00000000    1.13730252    1.30313134    1.08274900    1.15200111    1.31755467    1.58728368    1.37315217    1.65505311    2.12196082    2.84396385    3.22351220    3.00207378    3.25564055    3.28743043    3.19444342    3.58314970    3.02938332    2.92725743    3.16783554    3.47507638    3.54171125    3.62644348    3.66572181    3.42640668    3.53616558    3.14756643    3.34655593    3.32343571    3.33868097    2.93871761    2.78884689    3.56781874    3.23750594    3.36266698    3.16732479    3.41693451    3.10353229    3.22885439    3.21309589    3.17465471    3.18677810    2.96228312    3.16275932    2.82226244
E1W038_GLUAR/686-1036     2.42908735    2.72901257    2.63972848    3.08094261    2.56824296    2.61247831    2.96694650    2.82749420    2.78917472    2.63103182    2.78231229    2.82605837    2.70710785    2.96140010    2.93315058    2.81442379    2.91636471    2.95532421    2.53494655    2.56055952    2.62642058    2.50149045    2.58995055    2.71908282    2.65193214    1.65513084    1.66920888    1.84361196    1.77891189    1.86532639    1.96068768    1.56411339    1.30543569    1.13730252    0.00000000    1.30814146    1.23571697    1.18786399    1.43632479    1.64419265    1.28450477    1.72538371    2.27595458    2.91401608    3.05362221    2.93698192    2.85796378    2.94237401    2.97282829    2.84573734    2.77895470    2.88939676    3.08067306    3.24343855    2.84257566    3.29636540    3.38202983    3.06591162    3.30589598    3.15552082    2.84529072    3.18735081    3.41968582    3.47838108    2.73264483    2.92355527    2.56678586    2.87539709    2.53032892    2.77701618    3.03739584    2.82023276    3.02086504    2.92838143    2.80653371    2.48440187    2.82906033    2.68625030
