13
C0D7C8_9FIRM/591-647     0.00000000    1.68453303    1.70875854    2.66097169    2.50219192    2.40181616    2.77956211    1.95311238    2.07133682    1.40158712    1.58758037    1.66399893    1.85623271
A0A1Y4LDF5_9FIRM/906-967     1.68453303    0.00000000    1.00673083    0.93158132    0.85207274    0.79116704    0.89316818    1.26048895    1.55292105    1.52514641    1.93344726    1.62135212    1.61907211
R9M5G5_9FIRM/210-271     1.70875854    1.00673083    0.00000000    1.01662092    1.11308463    1.02295294    1.10381649    1.47407493    1.52965102    1.70934066    1.79158607    1.69248296    1.69155430
F0Z1Z3_9CLOT/771-833     2.66097169    0.93158132    1.01662092    0.00000000    0.24461493    0.44837099    0.36098271    1.70155741    2.40797330    2.23011465    2.80678410    2.41266719    2.35594065
A0A1I5VY04_9FIRM/554-616     2.50219192    0.85207274    1.11308463    0.24461493    0.00000000    0.25798952    0.42094782    1.75558762    2.45385894    2.04124191    2.87751457    2.34197223    2.14411192
A0A1Y4TJP8_9FIRM/728-790     2.40181616    0.79116704    1.02295294    0.44837099    0.25798952    0.00000000    0.38549725    1.78985430    2.47372665    2.12402203    2.40080769    2.30790106    2.14754229
A0A1Y4EV43_9FIRM/805-867     2.77956211    0.89316818    1.10381649    0.36098271    0.42094782    0.38549725    0.00000000    1.78949949    2.27924857    2.02518375    2.37000983    2.23410256    2.17398244
C4ZEQ4_AGARV/10-66     1.95311238    1.26048895    1.47407493    1.70155741    1.75558762    1.78985430    1.78949949    0.00000000    0.48450717    1.00305666    0.87989334    0.75372381    0.75904668
U2CH59_9CLOT/10-66     2.07133682    1.55292105    1.52965102    2.40797330    2.45385894    2.47372665    2.27924857    0.48450717    0.00000000    0.96645648    0.82530894    0.84092217    0.85018819
R9JCC7_9FIRM/15-71     1.40158712    1.52514641    1.70934066    2.23011465    2.04124191    2.12402203    2.02518375    1.00305666    0.96645648    0.00000000    0.80080716    0.64767529    0.53114596
C0EI13_9FIRM/11-67     1.58758037    1.93344726    1.79158607    2.80678410    2.87751457    2.40080769    2.37000983    0.87989334    0.82530894    0.80080716    0.00000000    0.66728471    0.66095399
V2YEN2_9FIRM/10-66     1.66399893    1.62135212    1.69248296    2.41266719    2.34197223    2.30790106    2.23410256    0.75372381    0.84092217    0.64767529    0.66728471    0.00000000    0.32499899
C0EFU8_9FIRM/10-66     1.85623271    1.61907211    1.69155430    2.35594065    2.14411192    2.14754229    2.17398244    0.75904668    0.85018819    0.53114596    0.66095399    0.32499899    0.00000000

