46
B2HMR0_MYCMM/71-156     0.00000000    0.53086296    0.62836382    0.51193037    0.60397586    0.77230720    0.51891444    0.58039564    0.76850412    0.58229972    0.74428597    0.66231173    0.77942777    0.67835635    0.77444629    0.67204638    0.69144253    0.68698118    0.70546063    0.75436450    0.75733950    1.43375003    1.43229313    1.35076432    1.53234197    1.46230517    1.63585403    2.00401312    2.01714317    2.14402182    1.74163847    1.58214288    1.81066342    1.37953734    1.64455396    2.31822900    2.08245339    1.50248156    1.72716010    1.73819528    1.62638637    1.58779617    1.58290523    1.29630741    1.20283975    1.27791256
B2HMR6_MYCMM/13-96     0.53086296    0.00000000    0.37000067    0.34170740    0.60131041    0.70531844    0.59291115    0.59093926    0.76897108    0.68656733    0.74111535    0.65414130    0.83402105    0.68914538    0.83977082    0.70433126    0.78435608    0.67481007    0.74684305    0.77740831    0.65763538    1.69500662    1.73759440    1.70027095    1.75963768    1.59187972    1.66999513    2.33364966    1.98704507    2.55505143    1.98107626    1.96277034    1.92699299    1.52690307    1.98675115    2.60483462    2.27662603    1.89343876    1.97840241    2.23504847    1.81550977    1.65006179    1.54925051    1.42431996    1.23593687    1.24780072
B2HMR9_MYCMM/71-154     0.62836382    0.37000067    0.00000000    0.45456767    0.59284068    0.78725704    0.50192357    0.44186942    0.76460635    0.72592991    0.78521110    0.70540145    0.76648188    0.73657813    0.93788502    0.83527021    0.79009220    0.57970007    0.73267692    0.79781846    0.86054840    1.50911904    1.61058521    1.64771286    1.68528480    1.56004521    1.74996700    2.31772121    1.96051587    2.35117872    1.82884445    1.65408079    1.61142887    1.74339526    1.83142325    2.19682261    2.16286632    1.51111963    2.21880621    2.21435012    1.85038139    1.73913531    1.43700246    1.30771777    1.23884039    1.15484292
B2HMR7_MYCMM/54-137     0.51193037    0.34170740    0.45456767    0.00000000    0.43210838    0.62091792    0.52351282    0.53887696    0.66602203    0.64178821    0.71802646    0.60519029    0.68632640    0.57620880    0.78971496    0.71485349    0.71551394    0.59765738    0.62736874    0.75173432    0.64916353    1.47977879    1.56480277    1.52936389    1.70419890    1.46054809    1.44187150    2.28689838    2.22886715    2.40783142    2.09264439    1.78297233    1.73710323    1.63279627    1.94422576    2.20218287    1.97787338    1.73079445    1.97545499    2.22979201    1.77224289    1.54199696    1.53733825    1.52921296    1.28728509    1.28828755
B2HMR8_MYCMM/50-133     0.60397586    0.60131041    0.59284068    0.43210838    0.00000000    0.83010234    0.49640444    0.53299445    0.74419273    0.80176720    0.83248579    0.75558914    0.86486450    0.67361703    0.72868148    0.71316634    0.77004538    0.73475480    0.56874602    0.81510162    0.74106723    1.64544151    1.69361686    1.67246427    1.89973113    1.60142467    1.57417526    1.97837453    2.04166311    2.40690515    1.63781375    1.95488854    1.86880804    1.46924450    1.87510895    2.39453503    2.11079459    1.88267965    1.79135427    2.03266675    1.58082727    1.71747504    1.70813796    1.57242394    1.25231703    1.33591598
B2HMR1_MYCMM/83-166     0.77230720    0.70531844    0.78725704    0.62091792    0.83010234    0.00000000    0.70981027    0.80638744    0.72133998    0.76911780    0.73062506    0.77662440    0.67854022    0.77971344    0.85537909    0.83459130    0.92012867    0.82953088    0.72096797    0.78943792    0.78795232    1.75836747    1.72533149    1.62664363    1.86818564    1.75399843    1.81706895    2.40667755    2.26964084    2.27025018    2.12595624    1.91725405    1.76840958    1.51817404    1.57491516    2.20540761    1.94960699    1.74529046    1.91126120    1.85525363    1.78043492    1.46385282    1.89752285    1.51072591    1.42131482    1.34121719
B2HMQ9_MYCMM/74-157     0.51891444    0.59291115    0.50192357    0.52351282    0.49640444    0.70981027    0.00000000    0.41265553    0.69072200    0.69314708    0.66183291    0.69698134    0.57170940    0.58535257    0.66367638    0.67441327    0.57392427    0.43467809    0.59350675    0.67044876    0.56243648    1.45551283    1.55326810    1.43047159    1.63867213    1.88148841    1.71338730    2.09251871    1.99892119    2.30647432    1.87790445    1.73946501    1.82856925    1.46152559    1.82958876    2.17858110    2.06116402    1.53115492    2.07004778    1.80889528    1.93933036    1.56602252    1.59087056    1.28613671    1.04006007    1.03213574
B2HNQ6_MYCMM/87-170     0.58039564    0.59093926    0.44186942    0.53887696    0.53299445    0.80638744    0.41265553    0.00000000    0.69441280    0.61855670    0.69807068    0.72360673    0.61577247    0.56335859    0.66830835    0.71799243    0.61095489    0.62875598    0.63451102    0.84249169    0.64462298    1.69757885    1.76980269    1.71714932    1.73540693    1.62614871    1.47945409    2.23095009    2.10073987    2.29133459    1.74114177    1.76859763    1.81312502    1.41099471    1.76762023    2.12422132    1.88828445    1.59517248    1.91092428    1.89111771    1.68604837    1.76570824    1.60828071    1.25781623    1.27344015    1.17994138
X7Y2K6_MYCKA/63-146     0.76850412    0.76897108    0.76460635    0.66602203    0.74419273    0.72133998    0.69072200    0.69441280    0.00000000    0.37506346    0.32778178    0.46314320    0.43809693    0.47924434    0.52160010    0.64517858    0.66180448    0.66159742    0.62509044    0.66428103    0.72814183    1.54935820    1.86743719    1.69285495    1.85884241    1.72392039    1.65971916    2.40362349    2.20702547    2.32061364    1.92661663    2.21307737    1.89052445    1.44396476    1.89055582    2.40475262    2.02996382    1.75369008    2.02524427    2.06752045    1.74230623    1.72248160    1.50349565    1.20044638    1.11796224    1.05338923
B2HEJ6_MYCMM/93-176     0.58229972    0.68656733    0.72592991    0.64178821    0.80176720    0.76911780    0.69314708    0.61855670    0.37506346    0.00000000    0.42782659    0.49718136    0.51268512    0.47000436    0.63297563    0.72523716    0.59383962    0.75305729    0.72310141    0.67357930    0.82044732    1.41564875    1.69982616    1.61025391    1.78471243    1.53638923    1.57753530    2.16186100    2.05994129    2.41585164    2.07760635    1.99231943    1.80854056    1.56206408    1.72684806    2.07957584    1.81096597    1.73662561    1.99403773    1.82267327    1.60311227    1.78198570    1.51678071    1.18019682    1.32025327    1.25505882
X7Y5G2_MYCKA/56-141     0.74428597    0.74111535    0.78521110    0.71802646    0.83248579    0.73062506    0.66183291    0.69807068    0.32778178    0.42782659    0.00000000    0.52148483    0.45386733    0.52176989    0.62967103    0.59387580    0.63719014    0.53066602    0.53369193    0.61623970    0.69155260    1.51721046    1.61556184    1.44584345    1.57544723    1.61242833    1.71067499    2.18438203    1.86973362    2.42064173    2.18052311    1.94869184    1.75687198    1.37059481    1.63658557    2.11692257    1.90729517    1.72246412    2.07731295    1.86268362    1.48034169    1.51073261    1.33997399    1.11698736    1.09859261    1.07403413
X7Y5B9_MYCKA/44-129     0.66231173    0.65414130    0.70540145    0.60519029    0.75558914    0.77662440    0.69698134    0.72360673    0.46314320    0.49718136    0.52148483    0.00000000    0.50904908    0.60770230    0.78268717    0.70787467    0.71846761    0.74017136    0.76895243    0.83443605    0.81636928    1.40669241    1.63329092    1.57271385    1.59259387    1.41123852    1.51678763    2.10874542    1.89905839    2.20874563    1.89697576    1.99229827    1.72032057    1.45493649    1.83652489    2.07428847    1.89338722    1.70095981    1.82340935    1.97554543    1.58152452    1.38413666    1.36987686    1.22256947    1.11221892    1.16229799
B2HMQ4_MYCMM/59-142     0.77942777    0.83402105    0.76648188    0.68632640    0.86486450    0.67854022    0.57170940    0.61577247    0.43809693    0.51268512    0.45386733    0.50904908    0.00000000    0.53631630    0.61716730    0.62760374    0.53339420    0.57280976    0.62051575    0.75632543    0.83602843    1.60409744    1.67125420    1.67747612    1.75907037    1.74337999    1.50363422    2.25028456    2.04223171    2.33506481    2.01050702    2.01340228    1.96516911    1.62001545    1.72794000    2.19313786    2.15506289    1.57918257    2.18357623    2.16344634    1.69987094    1.68859268    1.59725929    1.34214788    1.19164782    1.01006090
X7YEL1_MYCKA/88-171     0.67835635    0.68914538    0.73657813    0.57620880    0.67361703    0.77971344    0.58535257    0.56335859    0.47924434    0.47000436    0.52176989    0.60770230    0.53631630    0.00000000    0.45816523    0.64185627    0.51920071    0.70089896    0.61185367    0.70803168    0.76800737    1.77191258    1.72529067    1.69983399    1.95352702    1.55609400    1.63027659    2.48303926    2.05837043    2.67028998    1.91002340    2.12116804    1.84411470    1.53932390    1.84151904    2.49740735    2.09400509    1.88552819    1.92592189    2.01844130    1.59551043    1.58727474    1.83410080    1.39661250    1.28813920    1.14904252
X7XTM9_MYCKA/81-164     0.77444629    0.83977082    0.93788502    0.78971496    0.72868148    0.85537909    0.66367638    0.66830835    0.52160010    0.63297563    0.62967103    0.78268717    0.61716730    0.45816523    0.00000000    0.62011016    0.60851221    0.74317481    0.78641528    0.75345132    0.74052732    1.87168595    1.87510756    1.90668241    2.21075307    1.63291399    1.70438939    2.33710151    2.10580490    2.54900561    1.87410001    2.24341383    1.92783250    1.41448682    1.80594358    2.74061066    2.29082293    1.84704357    1.95415573    1.95501078    1.84881615    1.87940679    1.80631664    1.41966157    1.28135768    1.21465620
X7Y4B4_MYCKA/52-135     0.67204638    0.70433126    0.83527021    0.71485349    0.71316634    0.83459130    0.67441327    0.71799243    0.64517858    0.72523716    0.59387580    0.70787467    0.62760374    0.64185627    0.62011016    0.00000000    0.52861872    0.61150734    0.75925262    0.73001479    0.80739303    1.61016875    1.62843407    1.43285214    1.67208405    1.51314046    1.52033616    1.93301758    1.69879020    2.26576023    1.82244797    1.68965008    1.65876197    1.43715434    1.80178573    2.22096294    1.96344210    1.65946975    1.68856624    1.84526465    1.67881518    1.50431802    1.55766321    1.40527410    1.20078744    1.19303147
X7Y2U6_MYCKA/39-122     0.69144253    0.78435608    0.79009220    0.71551394    0.77004538    0.92012867    0.57392427    0.61095489    0.66180448    0.59383962    0.63719014    0.71846761    0.53339420    0.51920071    0.60851221    0.52861872    0.00000000    0.63207969    0.64623505    0.64707778    0.91576786    1.86016028    1.89608117    1.90893261    2.00956262    1.43347745    1.48036433    2.27974295    2.05926593    2.37787767    1.98925709    1.96127870    1.96315666    1.49016444    1.66751265    2.46207840    2.01006326    1.64802795    2.02714373    1.98518614    1.74010513    1.56978083    1.79365991    1.47611624    1.29488723    1.24413463
B2HMQ3_MYCMM/93-176     0.68698118    0.67481007    0.57970007    0.59765738    0.73475480    0.82953088    0.43467809    0.62875598    0.66159742    0.75305729    0.53066602    0.74017136    0.57280976    0.70089896    0.74317481    0.61150734    0.63207969    0.00000000    0.54466141    0.73501449    0.71050712    1.45642811    1.32993970    1.38611228    1.46429720    1.71429110    1.60364365    1.80734223    1.82839982    2.21620112    1.89875794    1.72820782    1.79919540    1.37916495    1.86267640    2.22722624    2.01525138    1.58850677    2.03669069    1.85946359    1.90767495    1.66180671    1.54416883    1.36167717    1.18206704    1.07772846
B2HMQ8_MYCMM/37-120     0.70546063    0.74684305    0.73267692    0.62736874    0.56874602    0.72096797    0.59350675    0.63451102    0.62509044    0.72310141    0.53369193    0.76895243    0.62051575    0.61185367    0.78641528    0.75925262    0.64623505    0.54466141    0.00000000    0.71849316    0.64131937    1.70668824    1.74441573    1.74191853    1.90412709    1.89112200    1.84584388    2.21438495    2.17243753    2.51823720    2.20978864    2.14145323    2.16069441    1.48187234    2.09284862    2.79634457    2.30153014    1.92055177    1.76527497    1.76780777    1.50360843    1.56214818    1.80417813    1.59192979    1.17967870    1.14166898
B2HMR2_MYCMM/43-126     0.75436450    0.77740831    0.79781846    0.75173432    0.81510162    0.78943792    0.67044876    0.84249169    0.66428103    0.67357930    0.61623970    0.83443605    0.75632543    0.70803168    0.75345132    0.73001479    0.64707778    0.73501449    0.71849316    0.00000000    0.76383245    1.41694244    1.54997731    1.44223225    1.55151391    1.32501438    1.49150185    2.09885867    1.96885660    2.45380045    1.84630575    1.94188192    1.99826071    1.62705383    1.38657616    2.10177265    1.79629477    1.66002842    1.67842312    1.79794831    1.64132064    1.53662390    1.50287328    1.38062399    1.23133636    1.46070736
X7YBI7_MYCKA/170-254     0.75733950    0.65763538    0.86054840    0.64916353    0.74106723    0.78795232    0.56243648    0.64462298    0.72814183    0.82044732    0.69155260    0.81636928    0.83602843    0.76800737    0.74052732    0.80739303    0.91576786    0.71050712    0.64131937    0.76383245    0.00000000    1.49586909    1.69060073    1.56020134    1.68212798    1.67430731    1.72543927    2.06159095    1.98650603    2.29868096    1.76215882    1.71616939    1.69815474    1.25171861    1.50414044    2.33903264    2.14316270    1.54252526    1.68740594    1.73155041    1.50415797    1.40501979    1.68065189    1.41084247    1.04547761    1.04760408
X7XR68_MYCKA/21-104     1.43375003    1.69500662    1.50911904    1.47977879    1.64544151    1.75836747    1.45551283    1.69757885    1.54935820    1.41564875    1.51721046    1.40669241    1.60409744    1.77191258    1.87168595    1.61016875    1.86016028    1.45642811    1.70668824    1.41694244    1.49586909    0.00000000    0.48002839    0.54036174    0.33575379    1.38833199    1.57995630    1.75589687    1.91276531    1.65927531    1.69239292    1.70996331    1.54872979    1.32806994    1.41726469    1.93370415    2.20167288    1.83135146    1.84480909    1.83234176    1.56700145    1.54989624    1.24033230    1.30180559    1.56379078    1.48089712
A0A0I9UIY8_9MYCO/21-104     1.43229313    1.73759440    1.61058521    1.56480277    1.69361686    1.72533149    1.55326810    1.76980269    1.86743719    1.69982616    1.61556184    1.63329092    1.67125420    1.72529067    1.87510756    1.62843407    1.89608117    1.32993970    1.74441573    1.54997731    1.69060073    0.48002839    0.00000000    0.28676573    0.47276293    1.47810154    1.76845653    1.74409344    1.71757158    1.85119777    1.90576127    1.68671512    1.78670559    1.74111728    1.74551617    1.97685796    2.13808221    1.97787350    1.89125841    1.79580881    1.77149694    1.88734060    1.37896267    1.47510926    1.63384494    1.57406752
Q49722_MYCLE/21-104     1.35076432    1.70027095    1.64771286    1.52936389    1.67246427    1.62664363    1.43047159    1.71714932    1.69285495    1.61025391    1.44584345    1.57271385    1.67747612    1.69983399    1.90668241    1.43285214    1.90893261    1.38611228    1.74191853    1.44223225    1.56020134    0.54036174    0.28676573    0.00000000    0.48554444    1.27196215    1.53905247    1.64529918    1.69384377    1.62705117    1.82029362    1.54359566    1.69499606    1.58913879    1.81564636    1.79581246    2.25032871    1.82161368    1.93096480    1.89284875    1.56698389    1.89352054    1.40913933    1.48146839    1.62702302    1.56961589
B2HRE2_MYCMM/21-104     1.53234197    1.75963768    1.68528480    1.70419890    1.89973113    1.86818564    1.63867213    1.73540693    1.85884241    1.78471243    1.57544723    1.59259387    1.75907037    1.95352702    2.21075307    1.67208405    2.00956262    1.46429720    1.90412709    1.55151391    1.68212798    0.33575379    0.47276293    0.48554444    0.00000000    1.49640607    1.72633797    1.75593066    1.76053056    1.61224600    1.76424051    1.58030435    1.60259770    1.70145754    1.46806456    1.81066374    2.14486997    1.80547685    1.91161047    1.82278017    1.78646799    1.71365547    1.37326644    1.46218975    1.64842883    1.54210219
A0R2F1_MYCS2/18-100     1.46230517    1.59187972    1.56004521    1.46054809    1.60142467    1.75399843    1.88148841    1.62614871    1.72392039    1.53638923    1.61242833    1.41123852    1.74337999    1.55609400    1.63291399    1.51314046    1.43347745    1.71429110    1.89112200    1.32501438    1.67430731    1.38833199    1.47810154    1.27196215    1.49640607    0.00000000    0.28188935    1.26152034    1.29853446    1.06610338    0.88003990    0.67304042    0.69757861    1.36225716    1.59771293    1.78865718    1.74713725    1.40319349    1.44883433    1.80545665    1.32680282    1.44621144    1.67219084    1.47306231    1.80893498    1.81174209
A0A132PLI3_9MYCO/18-100     1.63585403    1.66999513    1.74996700    1.44187150    1.57417526    1.81706895    1.71338730    1.47945409    1.65971916    1.57753530    1.71067499    1.51678763    1.50363422    1.63027659    1.70438939    1.52033616    1.48036433    1.60364365    1.84584388    1.49150185    1.72543927    1.57995630    1.76845653    1.53905247    1.72633797    0.28188935    0.00000000    1.34900052    1.31276343    1.12821278    0.90243273    0.84430713    0.93128648    1.47696941    1.76243203    1.85394300    1.80023083    1.56378657    1.75807403    1.89261031    1.33972820    1.51661495    1.90667484    1.55290043    1.91908046    1.89966406
I4BEA7_MYCCN/18-100     2.00401312    2.33364966    2.31772121    2.28689838    1.97837453    2.40667755    2.09251871    2.23095009    2.40362349    2.16186100    2.18438203    2.10874542    2.25028456    2.48303926    2.33710151    1.93301758    2.27974295    1.80734223    2.21438495    2.09885867    2.06159095    1.75589687    1.74409344    1.64529918    1.75593066    1.26152034    1.34900052    0.00000000    0.90865191    0.94974822    1.01847719    1.07448249    1.12442165    1.75617499    1.99976719    1.98426762    2.02004629    2.22379199    2.26922718    2.32174238    2.24840466    2.08293281    2.27981359    2.04992115    1.95114055    1.78174101
V5XGC2_MYCNE/18-100     2.01714317    1.98704507    1.96051587    2.22886715    2.04166311    2.26964084    1.99892119    2.10073987    2.20702547    2.05994129    1.86973362    1.89905839    2.04223171    2.05837043    2.10580490    1.69879020    2.05926593    1.82839982    2.17243753    1.96885660    1.98650603    1.91276531    1.71757158    1.69384377    1.76053056    1.29853446    1.31276343    0.90865191    0.00000000    0.87484354    1.12322962    1.12369923    1.14457986    1.89086327    1.78046865    1.94879915    2.29300947    1.84415947    1.86166395    2.02939474    2.24218693    2.20459022    1.70407788    1.70343502    1.96186029    1.87904513
A1TCD7_MYCVP/18-100     2.14402182    2.55505143    2.35117872    2.40783142    2.40690515    2.27025018    2.30647432    2.29133459    2.32061364    2.41585164    2.42064173    2.20874563    2.33506481    2.67028998    2.54900561    2.26576023    2.37787767    2.21620112    2.51823720    2.45380045    2.29868096    1.65927531    1.85119777    1.62705117    1.61224600    1.06610338    1.12821278    0.94974822    0.87484354    0.00000000    1.19252947    0.96860954    1.02120140    2.01010226    1.84060478    1.91320702    2.08088873    1.64547558    2.32041935    2.15444684    1.89783698    1.89590251    2.51774622    1.72256753    2.05859939    1.85259885
A1UMK9_MYCSK/20-102     1.74163847    1.98107626    1.82884445    2.09264439    1.63781375    2.12595624    1.87790445    1.74114177    1.92661663    2.07760635    2.18052311    1.89697576    2.01050702    1.91002340    1.87410001    1.82244797    1.98925709    1.89875794    2.20978864    1.84630575    1.76215882    1.69239292    1.90576127    1.82029362    1.76424051    0.88003990    0.90243273    1.01847719    1.12322962    1.19252947    0.00000000    0.70482489    0.68394446    2.07880835    1.81937236    1.93224698    1.90149031    1.68693462    1.67908375    2.01038222    2.02220339    1.95598805    1.92317460    1.67213945    1.88857451    1.77143352
V5XCF7_MYCNE/18-100     1.58214288    1.96277034    1.65408079    1.78297233    1.95488854    1.91725405    1.73946501    1.76859763    2.21307737    1.99231943    1.94869184    1.99229827    2.01340228    2.12116804    2.24341383    1.68965008    1.96127870    1.72820782    2.14145323    1.94188192    1.71616939    1.70996331    1.68671512    1.54359566    1.58030435    0.67304042    0.84430713    1.07448249    1.12369923    0.96860954    0.70482489    0.00000000    0.36331642    1.73864417    1.45554127    1.56418082    1.78487713    1.42930052    1.62859251    1.70002907    1.97114029    1.75750187    1.62381005    1.65315818    1.79417778    1.83651054
W9BIN4_9MYCO/18-100     1.81066342    1.92699299    1.61142887    1.73710323    1.86880804    1.76840958    1.82856925    1.81312502    1.89052445    1.80854056    1.75687198    1.72032057    1.96516911    1.84411470    1.92783250    1.65876197    1.96315666    1.79919540    2.16069441    1.99826071    1.69815474    1.54872979    1.78670559    1.69499606    1.60259770    0.69757861    0.93128648    1.12442165    1.14457986    1.02120140    0.68394446    0.36331642    0.00000000    1.71997926    1.48942457    1.64307138    1.79055096    1.65742596    1.56906357    1.51254941    1.56445518    1.80229776    1.49695139    1.47917035    1.59775665    1.68034047
X8FAP4_MYCUL/100-183     1.37953734    1.52690307    1.74339526    1.63279627    1.46924450    1.51817404    1.46152559    1.41099471    1.44396476    1.56206408    1.37059481    1.45493649    1.62001545    1.53932390    1.41448682    1.43715434    1.49016444    1.37916495    1.48187234    1.62705383    1.25171861    1.32806994    1.74111728    1.58913879    1.70145754    1.36225716    1.47696941    1.75617499    1.89086327    2.01010226    2.07880835    1.73864417    1.71997926    0.00000000    1.74196379    2.20855102    2.33161681    1.95508435    2.09341617    1.76462628    1.43528752    1.38063282    1.58724025    1.61369918    1.49530810    1.51560405
I4BC90_MYCCN/42-125     1.64455396    1.98675115    1.83142325    1.94422576    1.87510895    1.57491516    1.82958876    1.76762023    1.89055582    1.72684806    1.63658557    1.83652489    1.72794000    1.84151904    1.80594358    1.80178573    1.66751265    1.86267640    2.09284862    1.38657616    1.50414044    1.41726469    1.74551617    1.81564636    1.46806456    1.59771293    1.76243203    1.99976719    1.78046865    1.84060478    1.81937236    1.45554127    1.48942457    1.74196379    0.00000000    1.18036861    1.28108078    1.35157290    1.16338828    1.17435230    1.46221059    1.21898380    1.97848854    1.30437839    1.72489729    1.78044486
W9AZ60_9MYCO/105-189     2.31822900    2.60483462    2.19682261    2.20218287    2.39453503    2.20540761    2.17858110    2.12422132    2.40475262    2.07957584    2.11692257    2.07428847    2.19313786    2.49740735    2.74061066    2.22096294    2.46207840    2.22722624    2.79634457    2.10177265    2.33903264    1.93370415    1.97685796    1.79581246    1.81066374    1.78865718    1.85394300    1.98426762    1.94879915    1.91320702    1.93224698    1.56418082    1.64307138    2.20855102    1.18036861    0.00000000    0.56437852    1.31769560    1.36719060    1.32160848    1.62888152    1.76665134    1.97128412    1.87793522    2.06728217    1.90815877
A0A0J6VUB9_MYCCU/95-179     2.08245339    2.27662603    2.16286632    1.97787338    2.11079459    1.94960699    2.06116402    1.88828445    2.02996382    1.81096597    1.90729517    1.89338722    2.15506289    2.09400509    2.29082293    1.96344210    2.01006326    2.01525138    2.30153014    1.79629477    2.14316270    2.20167288    2.13808221    2.25032871    2.14486997    1.74713725    1.80023083    2.02004629    2.29300947    2.08088873    1.90149031    1.78487713    1.79055096    2.33161681    1.28108078    0.56437852    0.00000000    1.32271837    1.40437985    1.37486422    1.51852830    1.79739044    2.20443757    1.70182263    1.99480781    2.12648779
A1T2U4_MYCVP/93-177     1.50248156    1.89343876    1.51111963    1.73079445    1.88267965    1.74529046    1.53115492    1.59517248    1.75369008    1.73662561    1.72246412    1.70095981    1.57918257    1.88552819    1.84704357    1.65946975    1.64802795    1.58850677    1.92055177    1.66002842    1.54252526    1.83135146    1.97787350    1.82161368    1.80547685    1.40319349    1.56378657    2.22379199    1.84415947    1.64547558    1.68693462    1.42930052    1.65742596    1.95508435    1.35157290    1.31769560    1.32271837    0.00000000    1.63930426    1.43739136    1.49789534    1.42732449    1.61699046    1.44093579    1.61365192    1.84327601
A0A132PM96_9MYCO/93-176     1.72716010    1.97840241    2.21880621    1.97545499    1.79135427    1.91126120    2.07004778    1.91092428    2.02524427    1.99403773    2.07731295    1.82340935    2.18357623    1.92592189    1.95415573    1.68856624    2.02714373    2.03669069    1.76527497    1.67842312    1.68740594    1.84480909    1.89125841    1.93096480    1.91161047    1.44883433    1.75807403    2.26922718    1.86166395    2.32041935    1.67908375    1.62859251    1.56906357    2.09341617    1.16338828    1.36719060    1.40437985    1.63930426    0.00000000    0.56654106    1.43726666    1.44352291    1.86933152    1.47245542    1.64456673    1.84121116
ESPE_MYCS2/93-176     1.73819528    2.23504847    2.21435012    2.22979201    2.03266675    1.85525363    1.80889528    1.89111771    2.06752045    1.82267327    1.86268362    1.97554543    2.16344634    2.01844130    1.95501078    1.84526465    1.98518614    1.85946359    1.76780777    1.79794831    1.73155041    1.83234176    1.79580881    1.89284875    1.82278017    1.80545665    1.89261031    2.32174238    2.02939474    2.15444684    2.01038222    1.70002907    1.51254941    1.76462628    1.17435230    1.32160848    1.37486422    1.43739136    0.56654106    0.00000000    1.26325920    1.32300977    1.99743991    1.34923960    1.65473861    1.65111243
A0QQE1_MYCS2/25-108     1.62638637    1.81550977    1.85038139    1.77224289    1.58082727    1.78043492    1.93933036    1.68604837    1.74230623    1.60311227    1.48034169    1.58152452    1.69987094    1.59551043    1.84881615    1.67881518    1.74010513    1.90767495    1.50360843    1.64132064    1.50415797    1.56700145    1.77149694    1.56698389    1.78646799    1.32680282    1.33972820    2.24840466    2.24218693    1.89783698    2.02220339    1.97114029    1.56445518    1.43528752    1.46221059    1.62888152    1.51852830    1.49789534    1.43726666    1.26325920    0.00000000    1.19159035    1.64589900    1.44878156    1.63454494    1.54778416
A0A0D1J2A9_9MYCO/82-165     1.58779617    1.65006179    1.73913531    1.54199696    1.71747504    1.46385282    1.56602252    1.76570824    1.72248160    1.78198570    1.51073261    1.38413666    1.68859268    1.58727474    1.87940679    1.50431802    1.56978083    1.66180671    1.56214818    1.53662390    1.40501979    1.54989624    1.88734060    1.89352054    1.71365547    1.44621144    1.51661495    2.08293281    2.20459022    1.89590251    1.95598805    1.75750187    1.80229776    1.38063282    1.21898380    1.76665134    1.79739044    1.42732449    1.44352291    1.32300977    1.19159035    0.00000000    1.76334802    1.86350568    1.52326246    1.36316818
X7XTK6_MYCKA/3-86     1.58290523    1.54925051    1.43700246    1.53733825    1.70813796    1.89752285    1.59087056    1.60828071    1.50349565    1.51678071    1.33997399    1.36987686    1.59725929    1.83410080    1.80631664    1.55766321    1.79365991    1.54416883    1.80417813    1.50287328    1.68065189    1.24033230    1.37896267    1.40913933    1.37326644    1.67219084    1.90667484    2.27981359    1.70407788    2.51774622    1.92317460    1.62381005    1.49695139    1.58724025    1.97848854    1.97128412    2.20443757    1.61699046    1.86933152    1.99743991    1.64589900    1.76334802    0.00000000    0.66167457    1.22738580    1.21829011
A0A0I9TZE1_9MYCO/20-103     1.29630741    1.42431996    1.30771777    1.52921296    1.57242394    1.51072591    1.28613671    1.25781623    1.20044638    1.18019682    1.11698736    1.22256947    1.34214788    1.39661250    1.41966157    1.40527410    1.47611624    1.36167717    1.59192979    1.38062399    1.41084247    1.30180559    1.47510926    1.48146839    1.46218975    1.47306231    1.55290043    2.04992115    1.70343502    1.72256753    1.67213945    1.65315818    1.47917035    1.61369918    1.30437839    1.87793522    1.70182263    1.44093579    1.47245542    1.34923960    1.44878156    1.86350568    0.66167457    0.00000000    1.00458385    1.01506170
X7XS70_MYCKA/1-84     1.20283975    1.23593687    1.23884039    1.28728509    1.25231703    1.42131482    1.04006007    1.27344015    1.11796224    1.32025327    1.09859261    1.11221892    1.19164782    1.28813920    1.28135768    1.20078744    1.29488723    1.18206704    1.17967870    1.23133636    1.04547761    1.56379078    1.63384494    1.62702302    1.64842883    1.80893498    1.91908046    1.95114055    1.96186029    2.05859939    1.88857451    1.79417778    1.59775665    1.49530810    1.72489729    2.06728217    1.99480781    1.61365192    1.64456673    1.65473861    1.63454494    1.52326246    1.22738580    1.00458385    0.00000000    0.71035668
A0A0I9TWB5_9MYCO/21-104     1.27791256    1.24780072    1.15484292    1.28828755    1.33591598    1.34121719    1.03213574    1.17994138    1.05338923    1.25505882    1.07403413    1.16229799    1.01006090    1.14904252    1.21465620    1.19303147    1.24413463    1.07772846    1.14166898    1.46070736    1.04760408    1.48089712    1.57406752    1.56961589    1.54210219    1.81174209    1.89966406    1.78174101    1.87904513    1.85259885    1.77143352    1.83651054    1.68034047    1.51560405    1.78044486    1.90815877    2.12648779    1.84327601    1.84121116    1.65111243    1.54778416    1.36316818    1.21829011    1.01506170    0.71035668    0.00000000

