25
R7L2A0_9FIRM/36-162     0.00000000    1.95941837    1.32811146    1.59015657    1.92809568    1.47028098    2.42703920    2.51259771    2.39263136    2.54805841    2.59860706    2.83412434    2.74664607    2.76925669    2.49560435    1.73174890    1.25886274    1.25825466    1.69200059    1.99824543    1.94250509    1.19338271    1.23389593    1.14287653    1.37058036
R7KTG2_9FIRM/190-304     1.95941837    0.00000000    1.72306320    1.75060698    1.70243676    1.50355617    2.61862817    2.24489438    2.38557861    2.01404655    2.38475825    2.15644094    2.03541994    1.98748016    2.38733509    1.93152372    1.52715338    2.04953063    1.98006375    2.29736297    2.52141753    1.83686678    2.61370127    2.42233748    2.03080400
F2JMH0_CELLD/209-323     1.32811146    1.72306320    0.00000000    1.40129127    1.33318604    0.66760261    1.93598021    2.01069309    2.13304424    1.89301910    1.96837949    2.15405070    2.32738722    1.89643731    1.84483394    1.46024536    1.22914050    1.41366087    1.36756087    2.03449250    2.12616582    1.25054987    1.44284000    1.72137749    1.70438270
D9SV64_CLOC7/887-1004     1.59015657    1.75060698    1.40129127    0.00000000    0.49461307    1.16675272    3.25511557    2.77207479    2.80505103    2.38578198    2.61067635    2.55369739    2.88903842    2.44771455    2.64148551    1.94848027    1.98990441    1.94931617    2.11755751    2.06170007    2.24648777    1.85962893    1.68063553    1.63446933    1.67467542
Q97DK6_CLOAB/727-844     1.92809568    1.70243676    1.33318604    0.49461307    0.00000000    1.10139153    3.02314698    2.92061965    2.89001355    2.36292997    2.55021919    2.45975776    2.49192456    2.52646392    2.81237182    2.19344272    1.97455554    1.79028776    1.97116991    2.13005057    2.29562932    1.90590885    1.89793795    1.92325245    1.62097935
F2JMH0_CELLD/855-969     1.47028098    1.50355617    0.66760261    1.16675272    1.10139153    0.00000000    2.54312823    2.67485656    2.63149165    1.98881808    1.97480514    2.28822113    2.49183812    2.13460122    2.14851814    1.81407907    1.45861685    1.50526809    1.66876116    2.25815433    2.30349860    1.49970664    1.55192638    1.79144381    1.54410587
A9KK57_LACP7/383-495     2.42703920    2.61862817    1.93598021    3.25511557    3.02314698    2.54312823    0.00000000    0.41113598    0.29234774    1.01633588    1.10965937    1.04543998    1.09917473    1.08257456    0.96953140    2.23595276    2.12257532    2.30768441    2.43382671    3.14935313    2.93071406    2.18640395    2.38067399    2.65781180    2.41661565
A9KK57_LACP7/253-365     2.51259771    2.24489438    2.01069309    2.77207479    2.92061965    2.67485656    0.41113598    0.00000000    0.49531016    1.10037957    1.19781143    1.40588954    1.20592533    1.00217087    1.07746008    1.96676370    1.98202626    1.97742684    2.39114775    2.72257639    2.74254186    2.40768164    2.42261808    2.66681380    2.45503747
A9KK57_LACP7/513-625     2.39263136    2.38557861    2.13304424    2.80505103    2.89001355    2.63149165    0.29234774    0.49531016    0.00000000    1.12648688    1.17233898    1.12647022    1.02040636    1.05666294    0.94560481    2.10250397    1.98106957    2.26789714    2.50008828    3.40661459    3.24162042    2.09070379    2.27971958    2.82775469    2.53976621
R6C799_9CLOT/249-360     2.54805841    2.01404655    1.89301910    2.38578198    2.36292997    1.98881808    1.01633588    1.10037957    1.12648688    0.00000000    0.28326986    0.53039289    0.65929269    0.60022876    0.61979335    2.94246542    2.34775311    2.71190516    2.86061231    3.36639613    3.29425491    2.51439693    2.43340665    2.88238734    2.67857726
R6C799_9CLOT/377-488     2.59860706    2.38475825    1.96837949    2.61067635    2.55021919    1.97480514    1.10965937    1.19781143    1.17233898    0.28326986    0.00000000    0.71913606    0.91529690    0.84732739    0.65095505    3.37925944    2.76269892    2.85786615    3.14130681    3.75778453    3.58922839    2.75969099    2.83159149    2.97162306    2.90660012
R7BNE9_9FIRM/384-491     2.83412434    2.15644094    2.15405070    2.55369739    2.45975776    2.28822113    1.04543998    1.40588954    1.12647022    0.53039289    0.71913606    0.00000000    0.32218548    0.56082738    0.61196048    2.73628294    2.25886957    2.95279636    2.88689567    3.59653455    3.37870946    2.53730199    2.59511413    2.84439122    2.64250747
R7BNE9_9FIRM/508-615     2.74664607    2.03541994    2.32738722    2.88903842    2.49192456    2.49183812    1.09917473    1.20592533    1.02040636    0.65929269    0.91529690    0.32218548    0.00000000    0.53971475    0.76971093    2.74698045    2.20181363    2.59926623    2.53198418    3.57587898    3.63912658    2.44255499    2.78573772    2.87942518    2.47216470
R7ID64_9FIRM/494-597     2.76925669    1.98748016    1.89643731    2.44771455    2.52646392    2.13460122    1.08257456    1.00217087    1.05666294    0.60022876    0.84732739    0.56082738    0.53971475    0.00000000    0.56896011    2.46602412    2.20940889    2.41179740    2.44301636    3.59308264    3.41747119    2.54564733    2.29606539    2.91687592    2.68929053
R7ID64_9FIRM/374-477     2.49560435    2.38733509    1.84483394    2.64148551    2.81237182    2.14851814    0.96953140    1.07746008    0.94560481    0.61979335    0.65095505    0.61196048    0.76971093    0.56896011    0.00000000    2.53557733    2.51664011    2.91991893    2.93644121    3.23554811    2.93074897    2.61381821    2.60116311    2.72258889    2.72373240
R7IDR0_9FIRM/31-146     1.73174890    1.93152372    1.46024536    1.94848027    2.19344272    1.81407907    2.23595276    1.96676370    2.10250397    2.94246542    3.37925944    2.73628294    2.74698045    2.46602412    2.53557733    0.00000000    1.29876104    1.50885161    1.59280990    1.90044903    1.83065321    1.55419467    1.85382658    1.83833355    2.19987284
R6SZY6_9FIRM/1061-1173     1.25886274    1.52715338    1.22914050    1.98990441    1.97455554    1.45861685    2.12257532    1.98202626    1.98106957    2.34775311    2.76269892    2.25886957    2.20181363    2.20940889    2.51664011    1.29876104    0.00000000    0.97555495    0.98229532    2.20646111    2.28006104    1.28002057    1.59888595    1.49642582    1.69385263
E9S7B6_RUMAL/371-485     1.25825466    2.04953063    1.41366087    1.94931617    1.79028776    1.50526809    2.30768441    1.97742684    2.26789714    2.71190516    2.85786615    2.95279636    2.59926623    2.41179740    2.91991893    1.50885161    0.97555495    0.00000000    0.61133833    2.20053424    2.08008673    1.51244801    1.79598077    1.49801574    1.47577329
R6SZY6_9FIRM/1204-1315     1.69200059    1.98006375    1.36756087    2.11755751    1.97116991    1.66876116    2.43382671    2.39114775    2.50008828    2.86061231    3.14130681    2.88689567    2.53198418    2.44301636    2.93644121    1.59280990    0.98229532    0.61133833    0.00000000    2.21862662    2.44607512    1.99771918    1.80185180    1.63692619    1.96923970
I5AVP3_EUBCE/44-159     1.99824543    2.29736297    2.03449250    2.06170007    2.13005057    2.25815433    3.14935313    2.72257639    3.40661459    3.36639613    3.75778453    3.59653455    3.57587898    3.59308264    3.23554811    1.90044903    2.20646111    2.20053424    2.21862662    0.00000000    0.26512450    1.66983088    2.09813349    1.43009933    2.01156204
I5AVP3_EUBCE/591-702     1.94250509    2.52141753    2.12616582    2.24648777    2.29562932    2.30349860    2.93071406    2.74254186    3.24162042    3.29425491    3.58922839    3.37870946    3.63912658    3.41747119    2.93074897    1.83065321    2.28006104    2.08008673    2.44607512    0.26512450    0.00000000    1.65990672    2.08939546    1.51822325    2.04723364
R6U331_9FIRM/37-160     1.19338271    1.83686678    1.25054987    1.85962893    1.90590885    1.49970664    2.18640395    2.40768164    2.09070379    2.51439693    2.75969099    2.53730199    2.44255499    2.54564733    2.61381821    1.55419467    1.28002057    1.51244801    1.99771918    1.66983088    1.65990672    0.00000000    1.05449975    1.00050435    1.29278664
E9SE58_RUMAL/34-170     1.23389593    2.61370127    1.44284000    1.68063553    1.89793795    1.55192638    2.38067399    2.42261808    2.27971958    2.43340665    2.83159149    2.59511413    2.78573772    2.29606539    2.60116311    1.85382658    1.59888595    1.79598077    1.80185180    2.09813349    2.08939546    1.05449975    0.00000000    0.86369183    1.62910204
R6D4H3_9FIRM/38-161     1.14287653    2.42233748    1.72137749    1.63446933    1.92325245    1.79144381    2.65781180    2.66681380    2.82775469    2.88238734    2.97162306    2.84439122    2.87942518    2.91687592    2.72258889    1.83833355    1.49642582    1.49801574    1.63692619    1.43009933    1.51822325    1.00050435    0.86369183    0.00000000    1.57872943
R7KY23_9FIRM/34-160     1.37058036    2.03080400    1.70438270    1.67467542    1.62097935    1.54410587    2.41661565    2.45503747    2.53976621    2.67857726    2.90660012    2.64250747    2.47216470    2.68929053    2.72373240    2.19987284    1.69385263    1.47577329    1.96923970    2.01156204    2.04723364    1.29278664    1.62910204    1.57872943    0.00000000

