15
A0A091CRB5_FUKDA/185-211     0.00000000    0.31509687    0.37387439    0.66451354    0.89683828    0.81968470    1.01053013    0.81418793    0.35978832    0.25313540    0.40877301    0.24897211    0.35499338    0.40634485    0.47130371
A0A5N4DMY6_CAMDR/158-184     0.31509687    0.00000000    0.40227327    0.69571292    0.76816949    0.69032649    1.03600474    0.77947141    0.37373186    0.25880470    0.34157161    0.24773786    0.34738607    0.41287099    0.51757489
TRAF6_RAT/157-183     0.37387439    0.40227327    0.00000000    0.87338212    0.86975776    0.78112509    0.96730289    0.84012312    0.53796796    0.47579095    0.32921011    0.33850162    0.49993616    0.60191351    0.67093565
A0A7N4PPL3_SARHA/157-183     0.66451354    0.69571292    0.87338212    0.00000000    0.46157504    0.89890570    0.84309470    0.55008850    0.82199836    0.78651901    0.89970963    0.86785594    0.84458714    1.03296560    0.92057169
F6S636_ORNAN/157-183     0.89683828    0.76816949    0.86975776    0.46157504    0.00000000    0.67436673    0.83231523    0.93587915    0.95530810    0.84344475    0.87875704    0.97721205    0.97513609    1.21895210    1.16489721
A0A402EZD4_9SAUR/160-186     0.81968470    0.69032649    0.78112509    0.89890570    0.67436673    0.00000000    0.65877560    0.69822857    0.90380394    0.76228999    0.90937135    0.80153324    0.91506356    1.05781616    1.00534341
A0A3L8SWV3_CHLGU/157-183     1.01053013    1.03600474    0.96730289    0.84309470    0.83231523    0.65877560    0.00000000    0.70844660    0.91088856    0.88586030    1.03826222    1.09637756    1.15402829    1.25687689    0.86952345
F6Q0W8_XENTR/159-185     0.81418793    0.77947141    0.84012312    0.55008850    0.93587915    0.69822857    0.70844660    0.00000000    1.14825802    0.95837986    0.98489135    1.08180800    1.01258710    0.99872966    0.87950991
G1P0K0_MYOLU/157-183     0.35978832    0.37373186    0.53796796    0.82199836    0.95530810    0.90380394    0.91088856    1.14825802    0.00000000    0.35572039    0.49823168    0.40463240    0.59159136    0.53443794    0.60148956
A0A212DIB6_CEREH/140-166     0.25313540    0.25880470    0.47579095    0.78651901    0.84344475    0.76228999    0.88586030    0.95837986    0.35572039    0.00000000    0.29890081    0.24085355    0.25428340    0.49912606    0.43464081
A0A1U8C5B2_MESAU/157-183     0.40877301    0.34157161    0.32921011    0.89970963    0.87875704    0.90937135    1.03826222    0.98489135    0.49823168    0.29890081    0.00000000    0.24536433    0.35553097    0.40085610    0.52666739
A0A5E4B0U9_MARMO/157-183     0.24897211    0.24773786    0.33850162    0.86785594    0.97721205    0.80153324    1.09637756    1.08180800    0.40463240    0.24085355    0.24536433    0.00000000    0.25389682    0.30000459    0.36500548
A0A2I3G7Q8_NOMLE/157-183     0.35499338    0.34738607    0.49993616    0.84458714    0.97513609    0.91506356    1.15402829    1.01258710    0.59159136    0.25428340    0.35553097    0.25389682    0.00000000    0.36282936    0.51899032
A0A1S3FGD6_DIPOR/157-183     0.40634485    0.41287099    0.60191351    1.03296560    1.21895210    1.05781616    1.25687689    0.99872966    0.53443794    0.49912606    0.40085610    0.30000459    0.36282936    0.00000000    0.47054554
A0A1S2ZN24_ERIEU/157-183     0.47130371    0.51757489    0.67093565    0.92057169    1.16489721    1.00534341    0.86952345    0.87950991    0.60148956    0.43464081    0.52666739    0.36500548    0.51899032    0.47054554    0.00000000

