46
A0A117RT77_9ACTN/34-131     0.00000000    0.31211809    0.55464495    0.35996876    0.49360108    0.81069934    0.84458897    0.80211820    1.03401143    1.21763666    1.08104206    0.83025383    0.90292907    0.88497101    0.86515102    0.85743369    0.95715063    0.86692978    0.77164694    0.83989604    0.84488625    0.82828740    0.74966669    1.01743758    1.15694334    2.23800333    0.87787519    1.79614391    0.88702762    0.42216509    0.56870070    0.54827962    0.53126383    0.58627975    0.50206714    0.49442241    0.48635879    0.62366900    0.47480992    0.56311534    0.45272879    0.47071252    0.44291386    0.49390298    0.41227858    0.54072403
A0A327WL53_9ACTN/34-131     0.31211809    0.00000000    0.55950627    0.40981156    0.53680242    0.86821796    0.93644617    0.91809428    1.07168104    1.34670928    1.16668810    0.87972208    1.01833025    0.91681859    0.78701668    0.91089897    0.94536192    0.90925269    0.84636398    0.85825411    0.89186888    0.90018283    0.76447486    0.97456645    1.15896526    2.05411584    0.99867861    1.70144638    0.95012673    0.49253144    0.52748796    0.64753725    0.54376085    0.53105719    0.48487124    0.41763010    0.58044129    0.57959674    0.47211822    0.66528005    0.47036046    0.43486707    0.49639295    0.45638491    0.48400694    0.55358228
A0A1H5NXQ5_9ACTN/36-133     0.55464495    0.55950627    0.00000000    0.38585800    0.59449514    0.84879169    0.97375952    1.04956760    1.09802451    1.18543395    1.17095224    0.87276154    1.10812691    1.02496497    0.96510993    1.01935746    1.15565373    0.97086857    1.00259101    0.98705827    0.94243195    0.95425806    0.85202961    1.22926735    0.98167887    2.29467802    1.07572110    1.42581199    0.91876382    0.51541379    0.58829320    0.58512943    0.53374173    0.55290628    0.54352336    0.58268584    0.63309310    0.55680200    0.47858306    0.58112909    0.65064020    0.49624778    0.56486090    0.53960775    0.48982257    0.57002307
A0A1Q5KC69_9ACTN/34-131     0.35996876    0.40981156    0.38585800    0.00000000    0.38561898    0.77884569    0.92364134    1.00974113    1.08914673    1.22228590    1.13983775    0.87102618    1.11317088    0.97043518    0.91118921    0.92654620    1.00727298    0.98141010    0.90639900    0.89372084    0.84602703    0.84793617    0.76196777    1.14989404    0.92087004    2.03599072    0.88163266    1.40936550    0.87235570    0.41061884    0.46964915    0.51183675    0.47222323    0.43423596    0.44398415    0.46301311    0.56406964    0.53982520    0.42143999    0.59563818    0.45035042    0.42623336    0.52643244    0.41389029    0.43303486    0.58494851
G2G9C8_9ACTN/38-135     0.49360108    0.53680242    0.59449514    0.38561898    0.00000000    0.72204125    0.96938654    0.93177679    1.04764113    1.12810799    1.05253552    0.87782649    1.05159974    0.94586699    0.83959752    0.85774359    1.01469717    0.94214695    0.83805283    0.84496157    0.95129693    0.90913232    0.74871423    1.22386551    1.04922957    1.83606289    0.97396144    1.49242521    0.84845517    0.42485807    0.56417319    0.44884320    0.43013092    0.40660245    0.43153016    0.45993262    0.52108357    0.50905323    0.36880288    0.53199804    0.42588838    0.41639109    0.42615367    0.40651989    0.42972444    0.56803800
A0A3N6EH30_9ACTN/35-129     0.81069934    0.86821796    0.84879169    0.77884569    0.72204125    0.00000000    0.60914440    0.65592444    0.63997484    0.77176798    0.73720830    0.62043080    0.72553960    0.58270132    0.66216037    0.98206646    0.92806164    0.83203088    0.64045885    0.71496419    0.60831703    0.51736687    0.51233906    0.90078723    0.87656412    1.87129234    0.86019635    1.54921735    0.84825754    0.83364411    0.90267324    0.74577415    0.72888955    0.79014325    0.80310889    0.90566066    0.80728472    0.91988773    0.82082971    0.88612602    0.88170566    0.92841884    0.93749821    0.86450406    0.83168748    0.84194193
A0A1V6MKQ7_9ACTN/37-131     0.84458897    0.93644617    0.97375952    0.92364134    0.96938654    0.60914440    0.00000000    0.40807165    0.50103810    0.72260617    0.60661693    0.59044937    0.64637499    0.35126003    0.50064374    0.56164176    0.65761130    0.63667500    0.42135505    0.47865886    0.36675812    0.52431590    0.53591454    0.79201202    0.76985056    1.73489879    0.66128630    1.36184358    0.70926995    1.00874711    1.05991647    0.86272588    0.87466964    1.01159180    0.98421779    1.11096763    1.01319889    1.12930968    1.00676412    1.09753700    1.00329671    0.93251950    1.02099265    1.02694710    0.89935168    0.84704851
A0A1Q5NE29_9ACTN/35-129     0.80211820    0.91809428    1.04956760    1.00974113    0.93177679    0.65592444    0.40807165    0.00000000    0.43125722    0.62181617    0.49559024    0.42840942    0.40955771    0.24206090    0.39644928    0.52295119    0.50343345    0.49384995    0.30403467    0.36690350    0.41096352    0.41166460    0.46544915    0.84682945    0.83476255    1.65844018    0.78284322    1.33342296    0.84496996    0.93243691    0.98900160    0.87942575    0.85419720    1.02038037    0.93872709    1.05605293    1.01203816    1.15014908    0.98399873    1.11816049    0.96281222    0.98316830    1.00745268    0.99168653    0.92665783    0.84510664
A0A0M8QFT0_9ACTN/35-129     1.03401143    1.07168104    1.09802451    1.08914673    1.04764113    0.63997484    0.50103810    0.43125722    0.00000000    0.50864300    0.37613598    0.59394204    0.57203820    0.44779659    0.48060955    0.62054434    0.65335717    0.67501648    0.49421579    0.52955988    0.49488770    0.48759697    0.60314345    0.89166889    0.83561075    1.73750250    0.93853377    1.54634443    0.81914203    1.07612274    1.20638212    0.96427425    0.91510139    1.08182801    1.03614655    1.12663109    1.10634466    1.14982993    1.13319584    1.17568867    1.12204712    1.11214297    0.95903908    1.12749534    1.11750518    1.19078824
A0A2M9IB25_9ACTN/35-129     1.21763666    1.34670928    1.18543395    1.22228590    1.12810799    0.77176798    0.72260617    0.62181617    0.50864300    0.00000000    0.34052383    0.67597216    0.69186332    0.58387307    0.69585830    0.82560050    0.69057787    0.73611145    0.71104599    0.67683412    0.66801416    0.61382508    0.73483741    1.06497065    1.05600209    1.73932700    1.10612002    1.48279549    1.05634459    1.22025523    1.19913963    0.94450457    0.97127651    1.25919240    1.09926062    1.24929831    1.13858807    1.18719079    1.11183239    1.20225590    1.17961700    1.22444123    1.11111038    1.21760872    1.19795110    1.19104867
A0A2M9IB26_9ACTN/36-130     1.08104206    1.16668810    1.17095224    1.13983775    1.05253552    0.73720830    0.60661693    0.49559024    0.37613598    0.34052383    0.00000000    0.59814261    0.54743067    0.51015671    0.59886777    0.62447155    0.55599017    0.60283253    0.55008038    0.56827806    0.50923977    0.55348506    0.64246413    0.88641058    0.94070783    1.70373462    0.97755830    1.57928581    0.95293123    1.06609428    1.16875788    1.00967217    0.90535451    1.06666489    1.04437033    1.15034679    1.07486214    1.22350180    1.09562442    1.16981450    1.03433512    1.07817838    1.06271131    1.10908197    1.12646626    1.15390156
A0A1H5E4R4_9ACTN/41-135     0.83025383    0.87972208    0.87276154    0.87102618    0.87782649    0.62043080    0.59044937    0.42840942    0.59394204    0.67597216    0.59814261    0.00000000    0.35828414    0.43680367    0.56890187    0.65359713    0.61548894    0.70572093    0.48778045    0.57503807    0.53400543    0.56668947    0.52896896    1.00624481    0.99149912    1.60633014    0.76915969    1.30032577    0.90180617    0.87463662    0.84926833    0.78819229    0.72976602    0.80251896    0.85173139    0.99894685    1.01145828    1.00010457    0.87247097    0.94116439    0.92835046    0.89707694    0.90669368    0.94246446    0.80774282    0.79011984
A0A3N4UJI1_9ACTN/35-129     0.90292907    1.01833025    1.10812691    1.11317088    1.05159974    0.72553960    0.64637499    0.40955771    0.57203820    0.69186332    0.54743067    0.35828414    0.00000000    0.37505572    0.54014758    0.71611928    0.55316438    0.69952374    0.44639328    0.47180276    0.51604349    0.47382170    0.61421895    0.88863380    1.00152964    1.91779197    0.83850105    1.68241249    0.94934286    1.02149732    1.17122947    1.01554276    0.92535471    1.06450793    0.97790682    1.15720394    1.04808184    1.13127607    1.05827325    1.15616665    1.07092597    1.10224660    1.03509535    1.13884801    0.98880144    0.94640647
A0A1V6MHW9_9ACTN/35-129     0.88497101    0.91681859    1.02496497    0.97043518    0.94586699    0.58270132    0.35126003    0.24206090    0.44779659    0.58387307    0.51015671    0.43680367    0.37505572    0.00000000    0.26678712    0.45572775    0.44704510    0.46299545    0.27045868    0.31838585    0.32916042    0.34503047    0.38297508    0.78881635    0.69981935    1.57887105    0.75273072    1.45009509    0.69189513    1.03981742    0.96276507    0.85633140    0.87339840    0.99430806    0.92962522    1.01514746    0.98984954    1.12970455    0.97078801    1.13250329    0.95310544    0.97395864    0.98821703    0.99282936    0.90478792    0.81847410
D5ZPJ5_STRV1/143-237     0.86515102    0.78701668    0.96510993    0.91118921    0.83959752    0.66216037    0.50064374    0.39644928    0.48060955    0.69585830    0.59886777    0.56890187    0.54014758    0.26678712    0.00000000    0.46568397    0.52388637    0.45055326    0.41846871    0.38142586    0.42610254    0.42416588    0.48424868    0.81995876    0.77558425    1.63293063    0.86087030    1.37258710    0.74117134    0.87517087    0.97233429    0.75408365    0.72457132    0.82176689    0.76407681    0.86427065    0.82737271    0.91931843    0.87025603    1.01784399    0.82080032    0.85341032    0.88375588    0.86000363    0.88496345    0.84579871
A0A0X3WEA4_9ACTN/37-131     0.85743369    0.91089897    1.01935746    0.92654620    0.85774359    0.98206646    0.56164176    0.52295119    0.62054434    0.82560050    0.62447155    0.65359713    0.71611928    0.45572775    0.46568397    0.00000000    0.58283868    0.59594791    0.52084924    0.55047386    0.47219181    0.69149672    0.70698752    1.08500334    0.88972657    1.63074331    0.91184037    1.24143813    0.78963545    0.89163797    0.89998495    0.78371574    0.77826240    0.89224712    0.80080180    0.89642868    0.88587232    0.88692634    0.85475263    0.94450495    0.81691168    0.80871931    0.77553218    0.86114795    0.87628780    0.80708830
A0A1D2I6I7_9ACTN/34-128     0.95715063    0.94536192    1.15565373    1.00727298    1.01469717    0.92806164    0.65761130    0.50343345    0.65335717    0.69057787    0.55599017    0.61548894    0.55316438    0.44704510    0.52388637    0.58283868    0.00000000    0.45427039    0.41291359    0.56173206    0.50200420    0.52385567    0.62332374    1.03355635    0.80817711    1.48200415    0.84622147    1.38710691    0.75494062    0.90770724    1.02523874    1.00118591    0.99620258    1.11238910    1.03029866    1.04424737    1.02729276    1.06209054    0.99372964    1.07669271    0.99236796    1.00411935    1.01151024    1.08815760    1.02044039    0.88695302
A0A1A5P142_9ACTN/34-129     0.86692978    0.90925269    0.97086857    0.98141010    0.94214695    0.83203088    0.63667500    0.49384995    0.67501648    0.73611145    0.60283253    0.70572093    0.69952374    0.46299545    0.45055326    0.59594791    0.45427039    0.00000000    0.47194259    0.54337798    0.57816091    0.61711163    0.60169258    0.86258441    0.84238500    1.48239720    1.05320791    1.38458266    0.78154872    0.86254865    0.87359861    0.93602553    0.91619149    1.00381683    0.89959526    0.95130485    0.91167249    1.02537902    0.93561559    1.17791307    0.95520555    0.89456597    0.92104292    0.93661033    0.84703787    0.76452583
A0A2P8Q6K3_9ACTN/37-131     0.77164694    0.84636398    1.00259101    0.90639900    0.83805283    0.64045885    0.42135505    0.30403467    0.49421579    0.71104599    0.55008038    0.48778045    0.44639328    0.27045868    0.41846871    0.52084924    0.41291359    0.47194259    0.00000000    0.32627125    0.39791538    0.40648689    0.52973363    0.95567841    0.72895407    1.58527042    0.79851011    1.46496273    0.64658137    0.78613935    0.94900215    0.88301678    0.73493471    0.92371078    0.86010062    0.88245747    0.87285062    1.03904876    0.87442336    1.00911585    0.90970579    0.89204433    0.88549482    0.89340729    0.88156718    0.75918732
L1KR90_9ACTN/35-129     0.83989604    0.85825411    0.98705827    0.89372084    0.84496157    0.71496419    0.47865886    0.36690350    0.52955988    0.67683412    0.56827806    0.57503807    0.47180276    0.31838585    0.38142586    0.55047386    0.56173206    0.54337798    0.32627125    0.00000000    0.42599523    0.52212673    0.53799506    0.87704573    0.78218287    1.76380096    0.75711273    1.50065070    0.84891227    0.77103352    0.96013857    0.78076388    0.69719276    0.87527244    0.82206991    0.84721738    0.89495955    1.01607790    0.90772287    1.04268807    0.88129637    0.88822885    0.82706044    0.86339346    0.81562202    0.76648743
A0A1H9XGF4_9ACTN/50-142     0.84488625    0.89186888    0.94243195    0.84602703    0.95129693    0.60831703    0.36675812    0.41096352    0.49488770    0.66801416    0.50923977    0.53400543    0.51604349    0.32916042    0.42610254    0.47219181    0.50200420    0.57816091    0.39791538    0.42599523    0.00000000    0.39044180    0.51061217    0.91008967    0.75297579    1.81048697    0.73016818    1.34654281    0.74316469    0.91522449    0.98075927    0.83324397    0.78005042    0.93122282    0.84913206    0.98022347    1.02308461    1.08556064    0.97426399    1.10608422    0.99423005    0.94135450    0.95603870    0.99283036    0.84511123    0.88613728
A0A0N1GKX2_9ACTN/35-131     0.82828740    0.90018283    0.95425806    0.84793617    0.90913232    0.51736687    0.52431590    0.41166460    0.48759697    0.61382508    0.55348506    0.56668947    0.47382170    0.34503047    0.42416588    0.69149672    0.52385567    0.61711163    0.40648689    0.52212673    0.39044180    0.00000000    0.49210794    0.84100466    0.67418776    1.71766667    0.90058380    1.52092974    0.75654757    0.88356346    0.93916755    0.78085807    0.69760304    0.88272109    0.79149700    0.90772400    0.91260472    0.94350560    0.84502064    0.98908809    0.87249605    0.89732335    0.89654117    0.90962657    0.87972919    0.86146894
A0A2T7T597_9ACTN/11-99     0.74966669    0.76447486    0.85202961    0.76196777    0.74871423    0.51233906    0.53591454    0.46544915    0.60314345    0.73483741    0.64246413    0.52896896    0.61421895    0.38297508    0.48424868    0.70698752    0.62332374    0.60169258    0.52973363    0.53799506    0.51061217    0.49210794    0.00000000    0.59529611    0.67141586    1.53654184    0.56392845    1.21497063    0.64649442    0.73212814    0.84339259    0.67725580    0.64406339    0.79844780    0.80507712    0.91114411    0.78539290    0.92178197    0.74251504    0.84020898    0.72808835    0.82128640    0.85530476    0.85051280    0.77821500    0.85936651
V6KHP4_STRNV/35-129     1.01743758    0.97456645    1.22926735    1.14989404    1.22386551    0.90078723    0.79201202    0.84682945    0.89166889    1.06497065    0.88641058    1.00624481    0.88863380    0.78881635    0.81995876    1.08500334    1.03355635    0.86258441    0.95567841    0.87704573    0.91008967    0.84100466    0.59529611    0.00000000    0.94286986    2.07463322    0.99050272    1.84312168    0.99466706    1.10298398    1.19215246    1.13991957    1.16486910    1.09139785    1.03085368    1.11253802    1.02292833    1.21946914    1.07345556    1.24234129    0.97703698    1.11725703    1.20056391    1.10613545    0.93990909    1.16884326
A0A1C4P0F3_9ACTN/35-129     1.15694334    1.15896526    0.98167887    0.92087004    1.04922957    0.87656412    0.76985056    0.83476255    0.83561075    1.05600209    0.94070783    0.99149912    1.00152964    0.69981935    0.77558425    0.88972657    0.80817711    0.84238500    0.72895407    0.78218287    0.75297579    0.67418776    0.67141586    0.94286986    0.00000000    2.03555489    0.89201286    1.63145641    0.75782073    1.01555146    1.05050391    1.07647399    1.03976231    1.15142715    0.98944162    1.10613276    1.12498316    1.02362619    1.00853908    1.17142766    1.07564727    1.11503176    1.18640695    1.19447027    1.07348680    1.00172883
A0A1C5EB97_9ACTN/80-165     2.23800333    2.05411584    2.29467802    2.03599072    1.83606289    1.87129234    1.73489879    1.65844018    1.73750250    1.73932700    1.70373462    1.60633014    1.91779197    1.57887105    1.63293063    1.63074331    1.48200415    1.48239720    1.58527042    1.76380096    1.81048697    1.71766667    1.53654184    2.07463322    2.03555489    0.00000000    1.55797277    1.75246847    1.56178247    1.82981279    2.05703652    1.75551511    1.72502512    2.09061035    2.05544556    1.88971888    2.10093677    1.82238210    1.82997589    1.99308167    2.06453703    1.97563918    2.11546515    1.99402002    1.95497036    1.80765671
A0A1H0Q2D4_9ACTN/37-131     0.87787519    0.99867861    1.07572110    0.88163266    0.97396144    0.86019635    0.66128630    0.78284322    0.93853377    1.10612002    0.97755830    0.76915969    0.83850105    0.75273072    0.86087030    0.91184037    0.84622147    1.05320791    0.79851011    0.75711273    0.73016818    0.90058380    0.56392845    0.99050272    0.89201286    1.55797277    0.00000000    1.07806769    0.43610092    0.88552522    1.05917924    0.97503960    0.93319236    1.07104381    1.02812297    1.09929924    0.98021125    1.21274096    0.99607126    0.96282504    0.95823480    1.00247629    1.08643966    1.04078197    0.98570927    1.10586431
A0A345STK9_9ACTN/46-133     1.79614391    1.70144638    1.42581199    1.40936550    1.49242521    1.54921735    1.36184358    1.33342296    1.54634443    1.48279549    1.57928581    1.30032577    1.68241249    1.45009509    1.37258710    1.24143813    1.38710691    1.38458266    1.46496273    1.50065070    1.34654281    1.52092974    1.21497063    1.84312168    1.63145641    1.75246847    1.07806769    0.00000000    1.19299962    1.44768865    1.39531804    1.51328294    1.59208106    1.45763910    1.26533314    1.64197883    1.67024975    1.54699378    1.41271204    1.65049577    1.39175476    1.44703365    1.60949024    1.56079498    1.50919957    1.47592365
A0A1C4NG17_9ACTN/37-130     0.88702762    0.95012673    0.91876382    0.87235570    0.84845517    0.84825754    0.70926995    0.84496996    0.81914203    1.05634459    0.95293123    0.90180617    0.94934286    0.69189513    0.74117134    0.78963545    0.75494062    0.78154872    0.64658137    0.84891227    0.74316469    0.75654757    0.64649442    0.99466706    0.75782073    1.56178247    0.43610092    1.19299962    0.00000000    0.94246499    1.01275751    1.00626266    0.91827233    1.00357871    0.91691267    1.01637312    0.97925401    1.02552879    0.89455910    0.93199300    1.08712594    1.02440125    1.07630644    1.00114407    1.01181282    0.97394884
K4QWI8_STRDJ/34-131     0.42216509    0.49253144    0.51541379    0.41061884    0.42485807    0.83364411    1.00874711    0.93243691    1.07612274    1.22025523    1.06609428    0.87463662    1.02149732    1.03981742    0.87517087    0.89163797    0.90770724    0.86254865    0.78613935    0.77103352    0.91522449    0.88356346    0.73212814    1.10298398    1.01555146    1.82981279    0.88552522    1.44768865    0.94246499    0.00000000    0.43183288    0.50087595    0.41860795    0.45308898    0.46161090    0.40327049    0.44740017    0.58791950    0.42426835    0.54622728    0.47134759    0.35647645    0.40704152    0.46655445    0.34587439    0.55043542
A0A0X3S2B4_9ACTN/34-131     0.56870070    0.52748796    0.58829320    0.46964915    0.56417319    0.90267324    1.05991647    0.98900160    1.20638212    1.19913963    1.16875788    0.84926833    1.17122947    0.96276507    0.97233429    0.89998495    1.02523874    0.87359861    0.94900215    0.96013857    0.98075927    0.93916755    0.84339259    1.19215246    1.05050391    2.05703652    1.05917924    1.39531804    1.01275751    0.43183288    0.00000000    0.50622747    0.53679892    0.52593939    0.47487912    0.58287554    0.63842578    0.60132821    0.52619022    0.71557247    0.60532755    0.51252068    0.50286507    0.48243420    0.41416067    0.54105534
A0A498B2H2_9ACTN/67-165     0.54827962    0.64753725    0.58512943    0.51183675    0.44884320    0.74577415    0.86272588    0.87942575    0.96427425    0.94450457    1.00967217    0.78819229    1.01554276    0.85633140    0.75408365    0.78371574    1.00118591    0.93602553    0.88301678    0.78076388    0.83324397    0.78085807    0.67725580    1.13991957    1.07647399    1.75551511    0.97503960    1.51328294    1.00626266    0.50087595    0.50622747    0.00000000    0.25384433    0.33558057    0.38060468    0.45951691    0.46989640    0.41118116    0.34987371    0.42120336    0.48212327    0.37027980    0.44956637    0.29480004    0.34850751    0.43166199
A0A0M8V5C7_9ACTN/34-131     0.53126383    0.54376085    0.53374173    0.47222323    0.43013092    0.72888955    0.87466964    0.85419720    0.91510139    0.97127651    0.90535451    0.72976602    0.92535471    0.87339840    0.72457132    0.77826240    0.99620258    0.91619149    0.73493471    0.69719276    0.78005042    0.69760304    0.64406339    1.16486910    1.03976231    1.72502512    0.93319236    1.59208106    0.91827233    0.41860795    0.53679892    0.25384433    0.00000000    0.26449330    0.28868685    0.35457637    0.40614823    0.39239746    0.28893627    0.43339698    0.40940420    0.35218993    0.39394966    0.26510700    0.37365024    0.47174789
A0A117PML9_9ACTN/43-140     0.58627975    0.53105719    0.55290628    0.43423596    0.40660245    0.79014325    1.01159180    1.02038037    1.08182801    1.25919240    1.06666489    0.80251896    1.06450793    0.99430806    0.82176689    0.89224712    1.11238910    1.00381683    0.92371078    0.87527244    0.93122282    0.88272109    0.79844780    1.09139785    1.15142715    2.09061035    1.07104381    1.45763910    1.00357871    0.45308898    0.52593939    0.33558057    0.26449330    0.00000000    0.24400676    0.38872185    0.47918755    0.45058353    0.29490467    0.50711388    0.40451446    0.37164436    0.44356633    0.25006173    0.38765359    0.42987171
A0A0U3FXN3_9ACTN/34-131     0.50206714    0.48487124    0.54352336    0.44398415    0.43153016    0.80310889    0.98421779    0.93872709    1.03614655    1.09926062    1.04437033    0.85173139    0.97790682    0.92962522    0.76407681    0.80080180    1.03029866    0.89959526    0.86010062    0.82206991    0.84913206    0.79149700    0.80507712    1.03085368    0.98944162    2.05544556    1.02812297    1.26533314    0.91691267    0.46161090    0.47487912    0.38060468    0.28868685    0.24400676    0.00000000    0.38234118    0.45711512    0.44337041    0.32539240    0.49218172    0.42638829    0.34441200    0.44330746    0.30802252    0.39816536    0.48947676
A0A2U2ZKY5_9ACTN/36-133     0.49442241    0.41763010    0.58268584    0.46301311    0.45993262    0.90566066    1.11096763    1.05605293    1.12663109    1.24929831    1.15034679    0.99894685    1.15720394    1.01514746    0.86427065    0.89642868    1.04424737    0.95130485    0.88245747    0.84721738    0.98022347    0.90772400    0.91114411    1.11253802    1.10613276    1.88971888    1.09929924    1.64197883    1.01637312    0.40327049    0.58287554    0.45951691    0.35457637    0.38872185    0.38234118    0.00000000    0.32045240    0.38773608    0.29013206    0.47455314    0.38788619    0.30327115    0.33372041    0.31359415    0.43188875    0.50203219
A0A101SJ44_9ACTN/34-131     0.48635879    0.58044129    0.63309310    0.56406964    0.52108357    0.80728472    1.01319889    1.01203816    1.10634466    1.13858807    1.07486214    1.01145828    1.04808184    0.98984954    0.82737271    0.88587232    1.02729276    0.91167249    0.87285062    0.89495955    1.02308461    0.91260472    0.78539290    1.02292833    1.12498316    2.10093677    0.98021125    1.67024975    0.97925401    0.44740017    0.63842578    0.46989640    0.40614823    0.47918755    0.45711512    0.32045240    0.00000000    0.48341048    0.33930281    0.43090397    0.37764945    0.34093780    0.35825799    0.42932842    0.45388046    0.64173380
A0A1J4NRN1_9ACTN/34-131     0.62366900    0.57959674    0.55680200    0.53982520    0.50905323    0.91988773    1.12930968    1.15014908    1.14982993    1.18719079    1.22350180    1.00010457    1.13127607    1.12970455    0.91931843    0.88692634    1.06209054    1.02537902    1.03904876    1.01607790    1.08556064    0.94350560    0.92178197    1.21946914    1.02362619    1.82238210    1.21274096    1.54699378    1.02552879    0.58791950    0.60132821    0.41118116    0.39239746    0.45058353    0.44337041    0.38773608    0.48341048    0.00000000    0.31657662    0.41420195    0.48227632    0.42081431    0.48744852    0.39047273    0.53158635    0.58949182
A0A2G9DML8_9ACTN/34-132     0.47480992    0.47211822    0.47858306    0.42143999    0.36880288    0.82082971    1.00676412    0.98399873    1.13319584    1.11183239    1.09562442    0.87247097    1.05827325    0.97078801    0.87025603    0.85475263    0.99372964    0.93561559    0.87442336    0.90772287    0.97426399    0.84502064    0.74251504    1.07345556    1.00853908    1.82997589    0.99607126    1.41271204    0.89455910    0.42426835    0.52619022    0.34987371    0.28893627    0.29490467    0.32539240    0.29013206    0.33930281    0.31657662    0.00000000    0.26721634    0.31117370    0.25910858    0.29046141    0.33093022    0.33593500    0.40443343
A0A0Q9B727_9ACTN/34-131     0.56311534    0.66528005    0.58112909    0.59563818    0.53199804    0.88612602    1.09753700    1.11816049    1.17568867    1.20225590    1.16981450    0.94116439    1.15616665    1.13250329    1.01784399    0.94450495    1.07669271    1.17791307    1.00911585    1.04268807    1.10608422    0.98908809    0.84020898    1.24234129    1.17142766    1.99308167    0.96282504    1.65049577    0.93199300    0.54622728    0.71557247    0.42120336    0.43339698    0.50711388    0.49218172    0.47455314    0.43090397    0.41420195    0.26721634    0.00000000    0.48808309    0.40872323    0.51227265    0.46249014    0.48486657    0.64764666
A0A2M9IS05_9ACTN/34-131     0.45272879    0.47036046    0.65064020    0.45035042    0.42588838    0.88170566    1.00329671    0.96281222    1.12204712    1.17961700    1.03433512    0.92835046    1.07092597    0.95310544    0.82080032    0.81691168    0.99236796    0.95520555    0.90970579    0.88129637    0.99423005    0.87249605    0.72808835    0.97703698    1.07564727    2.06453703    0.95823480    1.39175476    1.08712594    0.47134759    0.60532755    0.48212327    0.40940420    0.40451446    0.42638829    0.38788619    0.37764945    0.48227632    0.31117370    0.48808309    0.00000000    0.28423160    0.37655002    0.35997187    0.43841629    0.65820160
A0A3M0HZ94_9ACTN/36-133     0.47071252    0.43486707    0.49624778    0.42623336    0.41639109    0.92841884    0.93251950    0.98316830    1.11214297    1.22444123    1.07817838    0.89707694    1.10224660    0.97395864    0.85341032    0.80871931    1.00411935    0.89456597    0.89204433    0.88822885    0.94135450    0.89732335    0.82128640    1.11725703    1.11503176    1.97563918    1.00247629    1.44703365    1.02440125    0.35647645    0.51252068    0.37027980    0.35218993    0.37164436    0.34441200    0.30327115    0.34093780    0.42081431    0.25910858    0.40872323    0.28423160    0.00000000    0.27010129    0.34241382    0.34096016    0.54663978
A0A1X7DCQ0_9ACTN/67-164     0.44291386    0.49639295    0.56486090    0.52643244    0.42615367    0.93749821    1.02099265    1.00745268    0.95903908    1.11111038    1.06271131    0.90669368    1.03509535    0.98821703    0.88375588    0.77553218    1.01151024    0.92104292    0.88549482    0.82706044    0.95603870    0.89654117    0.85530476    1.20056391    1.18640695    2.11546515    1.08643966    1.60949024    1.07630644    0.40704152    0.50286507    0.44956637    0.39394966    0.44356633    0.44330746    0.33372041    0.35825799    0.48744852    0.29046141    0.51227265    0.37655002    0.27010129    0.00000000    0.40333027    0.39212628    0.56393668
A0A1M5SS72_9ACTN/44-141     0.49390298    0.45638491    0.53960775    0.41389029    0.40651989    0.86450406    1.02694710    0.99168653    1.12749534    1.21760872    1.10908197    0.94246446    1.13884801    0.99282936    0.86000363    0.86114795    1.08815760    0.93661033    0.89340729    0.86339346    0.99283036    0.90962657    0.85051280    1.10613545    1.19447027    1.99402002    1.04078197    1.56079498    1.00114407    0.46655445    0.48243420    0.29480004    0.26510700    0.25006173    0.30802252    0.31359415    0.42932842    0.39047273    0.33093022    0.46249014    0.35997187    0.34241382    0.40333027    0.00000000    0.38141789    0.44548418
A0A1C5F3X1_9ACTN/34-131     0.41227858    0.48400694    0.48982257    0.43303486    0.42972444    0.83168748    0.89935168    0.92665783    1.11750518    1.19795110    1.12646626    0.80774282    0.98880144    0.90478792    0.88496345    0.87628780    1.02044039    0.84703787    0.88156718    0.81562202    0.84511123    0.87972919    0.77821500    0.93990909    1.07348680    1.95497036    0.98570927    1.50919957    1.01181282    0.34587439    0.41416067    0.34850751    0.37365024    0.38765359    0.39816536    0.43188875    0.45388046    0.53158635    0.33593500    0.48486657    0.43841629    0.34096016    0.39212628    0.38141789    0.00000000    0.40668975
A0A117RUJ1_9ACTN/43-140     0.54072403    0.55358228    0.57002307    0.58494851    0.56803800    0.84194193    0.84704851    0.84510664    1.19078824    1.19104867    1.15390156    0.79011984    0.94640647    0.81847410    0.84579871    0.80708830    0.88695302    0.76452583    0.75918732    0.76648743    0.88613728    0.86146894    0.85936651    1.16884326    1.00172883    1.80765671    1.10586431    1.47592365    0.97394884    0.55043542    0.54105534    0.43166199    0.47174789    0.42987171    0.48947676    0.50203219    0.64173380    0.58949182    0.40443343    0.64764666    0.65820160    0.54663978    0.56393668    0.44548418    0.40668975    0.00000000

