25
M7NUT0_PNEMU/251-362     0.00000000    0.93087702    1.20059380    0.97335469    1.09894145    1.12947503    1.19355919    1.36525821    1.23510661    1.12643562    1.64459062    1.48184977    1.51261332    1.31626657    1.46036607    1.50918140    1.61084721    1.29103298    1.06406526    1.24774763    1.11124123    1.61995137    1.61237827    1.68452378    1.50582416
D5GI52_TUBMM/274-388     0.93087702    0.00000000    1.01305075    1.02324944    1.14223176    1.06145562    1.03376376    1.22336828    1.23468688    1.07467791    1.69070629    1.78308406    1.56755516    1.46119282    1.56292545    1.77261663    1.71388101    1.48592932    1.06186221    1.19325165    1.20880624    1.70380873    2.05820592    1.91691795    1.74983565
S8BM92_DACHA/253-373     1.20059380    1.01305075    0.00000000    1.19639393    1.21979867    1.31681804    1.31747060    1.44650246    1.29069678    1.21117672    1.72141413    1.52336402    1.59412561    1.52879091    1.68249393    1.58822428    1.63007778    1.48325694    1.30950199    1.35305374    1.37480228    1.67506821    1.81522149    1.72241583    1.57811477
R4XDL5_TAPDE/267-379     0.97335469    1.02324944    1.19639393    0.00000000    0.95643250    0.92192823    1.01402823    1.14337168    1.16289312    1.04360366    1.31464359    1.59059883    1.61391690    1.49832923    1.33869671    1.50535629    1.58821464    1.23971838    1.10554695    1.29992463    1.04006871    1.37201327    1.44150589    1.51490945    1.42823774
A0A2B7YRF0_9EURO/308-418     1.09894145    1.14223176    1.21979867    0.95643250    0.00000000    0.37642918    0.85488142    0.94518560    0.89138385    1.04173804    1.24738895    1.25772496    1.38402692    1.38212196    1.26780632    1.40351085    1.56113243    1.20822631    1.06247952    1.26384118    1.00990762    1.64260032    1.70794520    1.75525654    1.49270150
C5FWK1_ARTOC/297-407     1.12947503    1.06145562    1.31681804    0.92192823    0.37642918    0.00000000    0.91707106    1.00521016    0.92877934    1.08919160    1.61052189    1.45886554    1.51229477    1.50329350    1.29728005    1.56043599    1.65664932    1.46185905    1.28718478    1.41953338    1.15040906    1.96513924    1.99387237    1.90138148    1.61776343
S3BRW9_OPHP1/330-448     1.19355919    1.03376376    1.31747060    1.01402823    0.85488142    0.91707106    0.00000000    0.83143794    0.76472533    0.86323955    1.24018589    1.57124628    1.43436584    1.60497802    1.29106716    1.57649365    1.62287352    1.57354454    1.24008999    1.57074985    1.12229249    1.66542017    1.70481543    1.83763838    1.85221073
G4MZZ9_MAGO7/334-444     1.36525821    1.22336828    1.44650246    1.14337168    0.94518560    1.00521016    0.83143794    0.00000000    0.28975008    1.13025490    1.65961474    1.52633350    1.45832186    1.50690263    1.49745165    1.56798611    1.49307912    1.48756514    1.08834181    1.49906305    1.13667925    1.49295709    1.57652465    1.97210775    1.77142576
J3P5P5_GAET3/306-417     1.23510661    1.23468688    1.29069678    1.16289312    0.89138385    0.92877934    0.76472533    0.28975008    0.00000000    1.10190262    1.65923093    1.45369573    1.49504259    1.56778770    1.37321754    1.50936500    1.57150012    1.69913682    1.26949377    1.58167403    1.20805049    1.56817669    1.64426526    2.00939707    1.85648058
A0A0E9NPZ4_SAICN/247-362     1.12643562    1.07467791    1.21117672    1.04360366    1.04173804    1.08919160    0.86323955    1.13025490    1.10190262    0.00000000    1.59035930    1.37741761    1.20747737    1.20920241    1.20138920    1.45412437    1.49597253    1.47749930    0.90273056    1.31385811    1.18503769    1.60689358    1.66671021    1.56122202    1.65813601
I1BZG4_RHIO9/238-355     1.64459062    1.69070629    1.72141413    1.31464359    1.24738895    1.61052189    1.24018589    1.65961474    1.65923093    1.59035930    0.00000000    1.29143026    1.16526125    1.30441609    1.40349280    1.45178686    1.53864196    1.86179595    1.52444015    1.96221454    1.37497608    2.29131154    2.04676547    2.38941376    2.15560778
A0A1Y1UFN6_9TREE/231-391     1.48184977    1.78308406    1.52336402    1.59059883    1.25772496    1.45886554    1.57124628    1.52633350    1.45369573    1.37741761    1.29143026    0.00000000    0.52966247    0.56435431    0.90258132    0.76716734    0.76382957    1.90478459    1.47048567    1.73894301    1.62399768    1.84053460    2.16927548    1.94915104    1.86082578
A0A1B9GH13_9TREE/291-438     1.51261332    1.56755516    1.59412561    1.61391690    1.38402692    1.51229477    1.43436584    1.45832186    1.49504259    1.20747737    1.16526125    0.52966247    0.00000000    0.49528849    0.92816310    0.85619844    0.84869167    1.74322320    1.45134462    1.69963346    1.69459222    2.07054156    1.98886142    2.08646586    2.03775493
A0A1Y2AV67_9TREE/247-391     1.31626657    1.46119282    1.52879091    1.49832923    1.38212196    1.50329350    1.60497802    1.50690263    1.56778770    1.20920241    1.30441609    0.56435431    0.49528849    0.00000000    0.96850612    0.82282232    0.79876153    1.66336575    1.33780107    1.59810190    1.61386123    2.29174947    2.06054929    2.14385314    2.02486176
A0A0H2SGY7_9AGAM/227-353     1.46036607    1.56292545    1.68249393    1.33869671    1.26780632    1.29728005    1.29106716    1.49745165    1.37321754    1.20138920    1.40349280    0.90258132    0.92816310    0.96850612    0.00000000    0.71020831    0.68094825    1.73318040    1.64197929    1.69666910    1.75912661    2.19566449    2.31828323    2.16035261    2.21008355
A0A0D0E3M0_9AGAM/230-356     1.50918140    1.77261663    1.58822428    1.50535629    1.40351085    1.56043599    1.57649365    1.56798611    1.50936500    1.45412437    1.45178686    0.76716734    0.85619844    0.82282232    0.71020831    0.00000000    0.40365777    2.02449376    1.87747827    1.69493095    1.86477862    2.39572783    2.52263971    2.23396518    2.07089247
A0A060S2W9_PYCCI/203-329     1.61084721    1.71388101    1.63007778    1.58821464    1.56113243    1.65664932    1.62287352    1.49307912    1.57150012    1.49597253    1.53864196    0.76382957    0.84869167    0.79876153    0.68094825    0.40365777    0.00000000    2.28506141    1.89368590    1.80459748    1.88843827    2.37794816    2.35402830    2.14957652    2.30426231
CNS1_SCHPO/236-348     1.29103298    1.48592932    1.48325694    1.23971838    1.20822631    1.46185905    1.57354454    1.48756514    1.69913682    1.47749930    1.86179595    1.90478459    1.74322320    1.66336575    1.73318040    2.02449376    2.28506141    0.00000000    0.70510864    1.26713541    1.33893651    1.50455406    1.68044165    1.63790120    1.44293702
B6JZ88_SCHJY/241-353     1.06406526    1.06186221    1.30950199    1.10554695    1.06247952    1.28718478    1.24008999    1.08834181    1.26949377    0.90273056    1.52444015    1.47048567    1.45134462    1.33780107    1.64197929    1.87747827    1.89368590    0.70510864    0.00000000    1.07068937    1.01191654    1.38651862    1.48703292    1.50046133    1.42412569
Q6C275_YARLI/283-400     1.24774763    1.19325165    1.35305374    1.29992463    1.26384118    1.41953338    1.57074985    1.49906305    1.58167403    1.31385811    1.96221454    1.73894301    1.69963346    1.59810190    1.69666910    1.69493095    1.80459748    1.26713541    1.07068937    0.00000000    0.94292721    1.68379187    1.79709309    1.45007832    1.36272644
A0A1E3PF06_9ASCO/252-370     1.11124123    1.20880624    1.37480228    1.04006871    1.00990762    1.15040906    1.12229249    1.13667925    1.20805049    1.18503769    1.37497608    1.62399768    1.69459222    1.61386123    1.75912661    1.86477862    1.88843827    1.33893651    1.01191654    0.94292721    0.00000000    1.36291516    1.60484909    1.36152954    1.46798906
A0A1D2VF10_9ASCO/274-385     1.61995137    1.70380873    1.67506821    1.37201327    1.64260032    1.96513924    1.66542017    1.49295709    1.56817669    1.60689358    2.29131154    1.84053460    2.07054156    2.29174947    2.19566449    2.39572783    2.37794816    1.50455406    1.38651862    1.68379187    1.36291516    0.00000000    1.22688409    1.28905596    1.08055998
G8JQC0_ERECY/252-369     1.61237827    2.05820592    1.81522149    1.44150589    1.70794520    1.99387237    1.70481543    1.57652465    1.64426526    1.66671021    2.04676547    2.16927548    1.98886142    2.06054929    2.31828323    2.52263971    2.35402830    1.68044165    1.48703292    1.79709309    1.60484909    1.22688409    0.00000000    0.93632994    1.03807830
C4R0S3_KOMPG/258-374     1.68452378    1.91691795    1.72241583    1.51490945    1.75525654    1.90138148    1.83763838    1.97210775    2.00939707    1.56122202    2.38941376    1.94915104    2.08646586    2.14385314    2.16035261    2.23396518    2.14957652    1.63790120    1.50046133    1.45007832    1.36152954    1.28905596    0.93632994    0.00000000    0.78979270
W6MKQ1_9ASCO/249-366     1.50582416    1.74983565    1.57811477    1.42823774    1.49270150    1.61776343    1.85221073    1.77142576    1.85648058    1.65813601    2.15560778    1.86082578    2.03775493    2.02486176    2.21008355    2.07089247    2.30426231    1.44293702    1.42412569    1.36272644    1.46798906    1.08055998    1.03807830    0.78979270    0.00000000

