75
G1WCE0_9BACT/353-423     0.00000000    0.61269193    0.81446548    1.28112104    0.96542890    1.51785987    1.39344837    1.17999463    1.31373857    1.44939000    1.45849959    1.25250749    1.06473368    1.19798543    1.53739702    1.64187021    1.88118233    2.17893429    2.01311867    2.30685574    2.04247245    1.91714544    1.65392877    2.31398638    3.00121323    2.60155560    2.22953113    1.76203506    1.88580277    2.67887230    2.19087643    2.30260569    1.71400954    2.52311638    2.18539925    1.80380910    2.11662364    2.07021039    2.19653504    1.64415177    2.62598490    1.98847563    2.03036216    1.99231207    1.87892395    2.07966680    2.41038325    2.03843216    2.15785562    2.16283035    2.28247062    2.33482235    3.01282334    1.90701480    2.04610360    1.89667264    1.61737438    1.26469910    1.16042077    1.19806840    1.16188800    1.50361132    1.28572568    1.28380537    1.09503451    1.12900445    1.53244138    1.48695631    1.42998671    1.30479192    1.51413700    1.15491217    1.22514534    1.03420782    0.98556547
A0A095Y5Y0_9BACT/335-405     0.61269193    0.00000000    0.78628373    1.17234535    1.03622935    1.50132951    1.40971927    1.37148092    1.63926696    1.64407152    1.84210223    1.47746897    1.43147405    1.42672026    1.51895845    1.59892117    2.52263567    2.14022549    2.08882380    2.55952427    2.00829133    2.36701481    2.01479785    2.47385145    3.07032051    2.24990274    2.12658219    1.92698352    1.89645540    2.91161263    2.20669281    2.38925471    1.90463131    3.16420990    2.21465068    2.16309405    2.75554070    2.19360336    2.40439406    2.12696543    3.10685174    2.25924533    2.20277609    2.22293589    2.60980569    2.44574653    2.74611301    2.23196609    2.36388372    2.33862410    2.55126642    2.64571898    3.10144673    1.97451451    1.83052689    1.87895968    2.20673461    1.18692560    1.11679918    1.20773100    1.37173436    1.68660969    1.29387180    1.12155727    1.07663018    1.24887026    1.49094744    1.79253715    1.40761044    1.41812090    1.56847862    1.51999250    1.29756007    1.13124473    1.18029093
A0A087BAM2_9BIFI/334-404     0.81446548    0.78628373    0.00000000    1.45133118    1.11305471    1.62515518    1.56957362    1.49472332    1.43692260    1.73882725    1.64476700    1.24052295    1.26730942    1.26899860    1.63944498    1.66120714    2.33168548    2.51458545    2.59716382    2.53647163    2.07798709    2.39318429    2.05724336    2.84499862    3.49583739    2.48096705    2.27157839    2.20088205    2.21513967    2.62801460    2.76902885    2.70865969    2.01103259    3.03370356    2.26341367    2.54031026    2.88772703    2.87148204    2.68747937    2.31587926    3.64331361    2.30189651    2.27168540    2.23077281    2.55145738    2.66098770    2.58477914    2.23891009    2.36496133    2.54069543    2.56600598    3.05638579    2.67702709    2.31300731    1.98682698    2.09440014    1.98996548    1.34072817    1.40891064    1.30328824    1.38108938    1.38334816    1.20672598    1.21417178    1.27386410    0.96929846    1.63016097    2.00699835    1.70982637    1.70261012    1.65436011    1.34752682    1.56756233    1.35330560    1.40162575
A0A142HHT3_9BACT/324-395     1.28112104    1.17234535    1.45133118    0.00000000    1.11850212    1.87632670    1.85514156    1.29422161    1.85163602    2.00867534    2.03742621    1.65247577    2.01910467    1.81081313    1.74431661    1.63419925    2.41989336    3.24891902    3.54201519    3.15602574    3.29532803    2.53446101    3.01391741    2.68285194    3.94998341    3.41593585    2.95061440    2.21888827    2.30049954    2.99047712    3.01555844    2.81177785    3.00331471    5.11576849    2.66664396    3.20943520    3.51981063    3.18729935    3.31558653    3.39413101    3.38071268    3.17601363    3.07230453    2.27641237    3.63711834    3.12798023    3.16250521    3.23259897    3.30915651    2.53367783    3.00858213    3.11915267    3.14459883    2.19281447    2.26083568    3.38927227    2.42602473    1.63885117    1.24121403    1.43302356    1.21335907    1.57341455    1.78081911    1.64660077    1.72290803    1.43715843    2.07048793    1.96596005    1.76900448    1.86999044    1.97675280    1.66648992    1.39712759    1.50515607    1.76525298
A2U0M7_9FLAO/320-390     0.96542890    1.03622935    1.11305471    1.11850212    0.00000000    1.65718524    1.43765675    1.19996225    1.45907234    1.67061330    1.90092722    1.49098629    1.19726045    1.36328569    1.74697294    1.74287227    1.81336001    2.21799705    2.88091061    2.66588763    2.61046847    3.24393453    2.16922351    2.27265900    2.98238742    2.36984337    1.94276902    2.00146279    2.08851307    2.54207297    2.55749728    2.03559196    2.36589804    3.17071422    2.58159885    2.52467852    2.91277907    2.84044889    2.11236337    2.31776907    2.69959588    2.00614215    2.25915158    2.89575134    2.65035483    2.28910787    2.03934990    1.88768166    1.79142113    2.11015283    2.16587270    2.57868860    2.46619939    1.92986385    2.25499270    2.03613271    1.95208125    0.86076269    0.97136345    1.27150769    1.26250666    1.47091385    1.66831880    1.03271753    1.21472723    1.29169063    1.89332086    2.07087303    1.38551528    1.74039693    2.17548042    1.43267582    1.28810828    1.11777437    1.34475195
L1NVP8_9FLAO/319-381     1.51785987    1.50132951    1.62515518    1.87632670    1.65718524    0.00000000    0.62317754    1.16123163    1.24170001    1.85521365    2.06981244    1.19619342    1.75763129    1.54442192    1.48769103    1.76757265    1.92472322    2.29596422    3.45178319    3.56809308    3.25688673    2.79524780    2.86970526    3.06821019    2.97542677    2.99804398    2.42883376    2.49022552    2.31351592    2.42272850    2.59485430    2.79219664    2.08240358    3.15411813    2.66477780    2.91940130    3.41288569    3.38836340    2.56630324    2.66679136    2.91282811    3.04095955    2.81895252    2.56342052    2.59268458    2.29447033    3.31503441    2.45245600    2.75703649    3.24206874    2.72392477    2.86044745    2.91786022    2.37197138    2.38532526    2.33217203    2.24473456    1.54839664    1.32482802    1.65387978    1.70202061    1.29024001    1.66217537    1.44758009    1.49715705    1.53331715    2.30082232    2.13373897    2.40959264    2.01131978    1.91964777    2.19679716    1.87991614    1.74453696    2.02738114
A0A0B7IH27_9FLAO/325-387     1.39344837    1.40971927    1.56957362    1.85514156    1.43765675    0.62317754    0.00000000    1.41632902    1.50279180    1.49037109    2.01464238    1.45717882    1.86425950    1.35713114    1.54522708    1.75645208    2.34573915    2.55455472    3.49393980    3.27498387    3.75552181    3.00107683    2.68477160    2.98202102    2.91853913    3.22421590    2.82319480    2.60933936    2.56702101    3.27234559    2.53545655    2.80569011    2.42600301    3.47819092    3.01319049    3.15061648    3.37613569    3.49812000    2.62733320    2.92736086    3.50482468    3.04266798    2.85291568    2.31400046    2.64074735    2.96620420    3.30167696    3.03823113    3.53136176    3.51219550    2.77403785    3.10319772    2.81905395    2.42013429    2.34970622    2.68092345    2.00457652    1.32766303    1.24892079    1.54051034    1.53770004    1.12650878    1.55227740    1.33827945    1.41162333    1.50387237    2.51833007    2.21853298    2.76647173    2.17586383    2.18599782    2.00185181    1.91802185    1.57801247    1.32457752
I4AQE8_BERLS/378-451     1.17999463    1.37148092    1.49472332    1.29422161    1.19996225    1.16123163    1.41632902    0.00000000    0.86377386    1.84558670    1.52762226    1.33544621    1.28592395    1.40894521    1.28346893    1.74024747    1.97568646    2.42557788    2.43175055    3.03970730    3.20108479    2.89389454    2.18603730    2.58819339    2.73842137    2.96350208    2.27237117    2.24834449    1.97614280    2.63475108    2.40439103    3.04968341    2.27920960    3.04564259    2.66918645    2.72972756    2.80100543    2.81405993    2.43879903    2.58843785    2.70678650    2.27658072    2.41683517    2.27656179    2.75712898    2.18297165    2.45025472    2.46527274    2.40778495    2.47797675    2.13574723    2.39981252    3.07635032    1.94065276    1.89742116    2.13171819    1.98232868    1.22443169    1.18628598    1.30063208    1.17744315    1.33903228    1.20823224    1.22239017    1.10306495    1.29087009    1.56773311    1.76926549    1.65564964    1.58580782    1.68117516    1.57428446    1.40943551    1.05912453    1.32429367
A0A090Q589_9FLAO/320-389     1.31373857    1.63926696    1.43692260    1.85163602    1.45907234    1.24170001    1.50279180    0.86377386    0.00000000    1.52958433    2.00178091    1.59501117    1.56973248    1.39776697    1.30471362    1.45479594    1.79149846    2.70270766    2.67904804    2.91839245    2.59550618    2.33259783    2.12331391    2.79159164    2.69715220    2.50614716    2.18402184    2.60765543    2.18763408    2.48051729    2.36892781    3.38049202    2.33458776    2.45947600    2.06990720    2.47290398    2.47111090    2.76781231    3.08896797    2.69556759    3.69011890    2.23989362    2.28818411    2.78628260    2.36635638    2.41917286    3.32389468    2.33014776    2.74794102    2.35200262    2.52657382    2.46215537    2.65485279    2.32313156    2.20950906    2.03596235    2.08269160    1.34458564    1.28945333    1.56864659    1.66650726    1.38576436    1.57609907    1.48105413    1.30592897    1.52731070    1.86779185    2.08611514    1.97954454    1.75317055    2.11941458    1.96953713    1.86777119    1.38292475    1.52172934
H6L583_SAPGL/320-389     1.44939000    1.64407152    1.73882725    2.00867534    1.67061330    1.85521365    1.49037109    1.84558670    1.52958433    0.00000000    1.30728834    1.40825118    1.89663368    1.65976693    2.16045060    1.73768130    2.22793095    2.64581283    3.96310323    3.47311010    3.60701583    2.43227640    3.11096390    2.44579170    3.34721447    3.73378668    2.93789458    3.05795773    1.94478016    3.07991827    2.93194313    2.59179619    2.31964434    2.75815380    2.90621154    2.73134372    2.52755703    2.99058065    2.41232848    2.22001294    3.20115892    2.28654371    3.01644965    2.45368262    2.81509142    3.16548955    3.40785875    2.30632030    2.84999398    2.27752472    2.51410033    2.64173775    2.86879499    2.55451228    2.37934638    2.91573693    2.64239019    1.35885725    1.30086975    1.24497170    1.67660824    1.66437692    1.90217416    2.12536189    1.72429736    1.88178096    1.73764583    1.83377842    2.08988396    1.71756755    1.54230549    1.77590795    1.56026855    1.48767643    1.47702320
B5JHB0_9BACT/322-392     1.45849959    1.84210223    1.64476700    2.03742621    1.90092722    2.06981244    2.01464238    1.52762226    2.00178091    1.30728834    0.00000000    0.92429092    2.26411895    2.36288682    2.27450545    2.88019293    2.14464645    3.25576855    3.44336149    2.93115490    2.79601901    2.36339109    2.63810167    2.79146781    2.78633201    2.97885495    2.92889373    2.06294289    2.45350873    2.47127185    3.13861897    2.29838625    2.53226677    3.01834446    3.15125711    2.91877773    2.39624403    2.52080776    2.05515222    2.04659663    2.79947246    2.41810671    2.97353680    2.35304843    2.89119338    2.33145246    2.57787689    2.27465319    2.12479122    2.50398858    2.27156031    3.24444946    3.78204274    1.97105497    1.98935049    2.46290520    2.49637603    1.89919522    1.70487460    1.58555414    1.63937728    1.64269266    1.94082555    1.87441345    1.73642134    1.96080248    1.83155300    1.91113276    2.43336402    1.91043175    1.62086511    1.55144759    1.46786822    1.85778443    1.84609448
S2E0R8_9BACT/6-75     1.25250749    1.47746897    1.24052295    1.65247577    1.49098629    1.19619342    1.45717882    1.33544621    1.59501117    1.40825118    0.92429092    0.00000000    1.75967266    1.74828782    1.80481361    1.92777540    2.42412997    2.39340640    2.80569435    3.20014384    2.80121336    2.08280983    2.60300721    2.80279366    2.88098844    2.97306237    3.35414199    1.98333749    2.34921214    3.19524018    2.91745630    2.50589767    2.32940673    3.38817768    3.25845592    3.18787329    2.46454232    2.28259159    2.13046673    2.01901763    2.86269909    2.93735098    3.20050134    3.01277245    2.51032382    2.59730659    2.95113155    2.41107301    2.46087444    3.28625335    2.85565441    3.07356560    3.54071938    2.29984412    1.70508770    2.10370798    2.52634471    1.74733064    1.47741672    1.59116606    1.41031191    1.25487646    1.63582166    1.55470784    1.37072680    1.41275924    2.44173169    2.17479477    2.51922770    1.98463311    1.68796935    1.40614650    1.48913667    1.52749181    1.71238229
B3QVD7_CHLT3/328-401     1.06473368    1.43147405    1.26730942    2.01910467    1.19726045    1.75763129    1.86425950    1.28592395    1.56973248    1.89663368    2.26411895    1.75967266    0.00000000    0.91958603    1.31322280    1.21996513    2.20650634    2.18572315    2.74015860    2.38611163    2.39263310    2.11402972    2.03510560    2.55676376    3.08349111    2.18093792    2.06083452    2.43976497    1.91369008    3.14823628    2.83099185    2.77114423    2.23658708    2.94782770    2.50454487    2.39607200    2.55977143    2.29254245    2.22700189    2.29872275    3.21927027    2.20848877    2.34072162    2.29267376    2.20860043    2.47180250    2.39359565    1.97021765    2.07434403    2.25089499    2.32280468    2.23943236    2.42931941    2.33163944    2.29592351    2.05909395    1.75841861    1.48897937    1.25225287    2.08082177    1.50777247    1.65988924    1.66545209    1.50100980    1.71218402    1.43398296    1.79548251    2.42047960    1.97200246    1.66710558    2.28212584    1.31441949    1.37564075    1.58630275    1.51658146
Q8KG68_CHLTE/325-398     1.19798543    1.42672026    1.26899860    1.81081313    1.36328569    1.54442192    1.35713114    1.40894521    1.39776697    1.65976693    2.36288682    1.74828782    0.91958603    0.00000000    1.32557811    1.00059531    2.09983229    2.18333538    2.82732368    2.64124243    3.09663765    2.48753733    2.36363691    2.74647654    3.16101507    2.42731323    2.31158159    2.42800876    1.54078078    2.89461883    2.66156791    2.59984001    1.61192502    2.52141885    2.23821665    2.15451073    2.22306029    2.14676627    2.70148061    2.09181608    3.42202848    2.19378758    2.28198029    2.25986478    2.19528675    2.12233548    2.52368254    2.17248719    2.33628968    2.53139948    2.40387684    2.45375971    2.52100727    2.37479422    2.23063558    2.49822826    1.81248623    1.51491865    1.27119370    1.82418827    1.65573926    1.58740606    1.72555018    1.47478382    1.50703533    1.40635833    1.89612940    2.28242827    2.19995768    1.65984784    1.96842317    1.96224832    1.76871507    1.52784401    1.65616581
U7D5N0_9BACT/334-408     1.53739702    1.51895845    1.63944498    1.74431661    1.74697294    1.48769103    1.54522708    1.28346893    1.30471362    2.16045060    2.27450545    1.80481361    1.31322280    1.32557811    0.00000000    1.09377674    2.36062309    2.55645949    3.50011202    3.18195077    2.84770439    3.01624336    3.08368533    3.26037379    3.34105378    2.76015071    2.54529953    2.74546834    2.24844431    3.03402051    2.87933227    2.36880311    2.36733999    3.68375976    2.42657006    2.77331269    2.97578224    2.65284728    3.41747883    3.07695672    4.26852333    2.29271074    2.48058201    2.38438263    2.69285766    2.41601295    2.68166830    2.33575928    2.59064836    2.78969208    2.76921809    2.19230804    2.89257743    2.09539192    2.38552011    2.51815466    1.84224383    1.64457577    1.42533827    1.83716406    1.71792637    1.61552886    1.38038734    1.64465044    1.12606519    1.71232856    1.79630401    2.44445070    1.90737906    2.02037814    2.40940134    2.15802138    1.89493453    1.59865077    1.68858710
B3EI35_CHLL2/326-399     1.64187021    1.59892117    1.66120714    1.63419925    1.74287227    1.76757265    1.75645208    1.74024747    1.45479594    1.73768130    2.88019293    1.92777540    1.21996513    1.00059531    1.09377674    0.00000000    2.32754518    2.32430908    2.44119830    2.66457766    2.49576101    2.42335052    2.60921360    2.23803911    2.83798444    2.27502361    2.67972993    2.64041204    1.83375911    2.87854725    2.94659818    2.72943377    2.17034582    2.77147762    1.95677015    2.15827019    2.33503784    2.38868961    2.94510435    2.25466594    2.94879984    1.98987804    2.26490427    2.19619223    2.55414456    2.28825876    2.49213334    2.23122605    2.12184803    2.48572620    2.53819587    2.14155361    2.63245487    2.26447400    2.38069375    2.50276291    1.88795685    1.81499368    1.33004292    2.07106525    1.79127180    1.60475098    1.84500995    1.62993514    1.57577671    1.63827761    1.95130820    2.57292383    2.39908417    1.60250616    2.45364024    1.82569312    1.85974721    2.15804148    1.65692051
G5HAK0_9BACT/410-483     1.88118233    2.52263567    2.33168548    2.41989336    1.81336001    1.92472322    2.34573915    1.97568646    1.79149846    2.22793095    2.14464645    2.42412997    2.20650634    2.09983229    2.36062309    2.32754518    0.00000000    1.98529200    3.36444973    3.24595580    3.33434600    3.12375763    2.52085583    2.66792366    3.38606867    3.42665539    2.84656608    3.61853016    2.35735453    2.02411927    2.96747995    2.61937097    2.74013958    2.22579800    2.49316089    2.43660402    3.22533978    2.78062852    2.73840525    2.87119445    2.42290448    2.20273821    2.27164723    2.58289782    2.22574076    2.26331098    2.08031697    2.21151514    2.36935061    2.58451985    1.94151407    3.14595447    2.92321887    2.53057601    2.50601711    3.20710353    1.80316940    2.05054257    1.29609509    2.07328993    2.36364812    2.41455843    2.46666100    2.02033047    2.40518203    2.61044943    2.26023739    2.13249506    2.49488979    2.20433115    2.17396331    2.24808553    2.03912337    2.60080406    2.69779852
I0HZG6_CALAS/327-400     2.17893429    2.14022549    2.51458545    3.24891902    2.21799705    2.29596422    2.55455472    2.42557788    2.70270766    2.64581283    3.25576855    2.39340640    2.18572315    2.18333538    2.55645949    2.32430908    1.98529200    0.00000000    2.43692697    2.23837642    1.88048506    2.11723277    1.94340399    2.45484881    2.03960264    2.08674854    2.17292904    2.81518863    1.29709457    2.95259975    2.76979694    2.00295199    1.83040849    1.98079648    1.76939513    2.06249742    2.62536471    1.80945274    2.80175862    2.37039951    3.10380757    2.04995922    2.77327206    2.77506667    2.04016447    2.18818559    2.32273591    1.62033718    1.80860125    2.87532384    1.95139081    2.25960477    2.19749160    2.46856398    2.18908194    2.28915423    1.95554963    2.49348990    2.42821641    2.47786999    2.89329966    2.05483825    2.47884908    2.45609070    2.39681942    2.29031912    3.64105751    3.05673606    3.26792037    1.79134621    2.88978807    3.08098573    2.58577134    2.30878798    2.68517424
C9RLN1_FIBSS/369-441     2.01311867    2.08882380    2.59716382    3.54201519    2.88091061    3.45178319    3.49393980    2.43175055    2.67904804    3.96310323    3.44336149    2.80569435    2.74015860    2.82732368    3.50011202    2.44119830    3.36444973    2.43692697    0.00000000    1.62103906    1.96380400    2.13578465    1.81501290    1.68987067    1.93856619    2.36243441    1.91940155    1.70375662    1.54061405    2.10343651    2.03555773    2.32644948    1.92195000    1.84098860    2.20918430    1.75468881    2.08850028    1.75049919    1.95531090    1.95609766    1.98375729    1.78038252    2.11766895    1.90138117    1.93324110    1.81106475    2.40672006    1.85080212    1.49947637    2.07555112    1.78014021    1.96711696    2.45859848    2.18770013    1.94103292    1.83941673    1.60311636    2.89336477    2.40825788    3.20780847    2.84436098    2.83559563    2.17460816    2.56202615    2.45445166    2.82749192    3.28048601    3.24639038    3.00881402    2.30629419    2.61391824    3.21892252    2.98554720    2.94409099    1.98656193
U1F9Y0_9ACTN/336-408     2.30685574    2.55952427    2.53647163    3.15602574    2.66588763    3.56809308    3.27498387    3.03970730    2.91839245    3.47311010    2.93115490    3.20014384    2.38611163    2.64124243    3.18195077    2.66457766    3.24595580    2.23837642    1.62103906    0.00000000    0.97982702    1.16554865    1.23890221    0.82180368    1.38046376    1.63808044    1.54244988    1.28112037    1.35954247    1.73076533    1.68526090    1.64485374    2.00640934    1.38362168    1.86888367    1.81877489    1.61706850    1.48524167    1.73237480    1.58633045    1.69866270    1.56830271    1.63737044    1.71703223    1.60835505    1.39630582    1.87568469    1.22826217    1.39688510    1.78725012    1.11543840    1.56173138    2.15156960    1.50877007    1.78148795    1.87127487    1.39845083    2.81249992    2.39102340    2.67132627    3.04728543    2.27370240    2.42261372    2.47743897    2.66020213    3.15637263    2.71648881    2.61626391    3.20088460    2.28402332    2.62842723    2.86277689    2.98398166    2.47029185    2.99454940
D7BK50_ARCHD/339-413     2.04247245    2.00829133    2.07798709    3.29532803    2.61046847    3.25688673    3.75552181    3.20108479    2.59550618    3.60701583    2.79601901    2.80121336    2.39263310    3.09663765    2.84770439    2.49576101    3.33434600    1.88048506    1.96380400    0.97982702    0.00000000    1.08393812    1.56041930    1.72495572    1.54700731    1.56516068    1.34369958    1.35151266    1.21361622    1.75574037    1.62511885    2.05633638    2.16330648    2.04887102    2.16374631    1.87335294    2.06997273    2.10084742    2.06854069    1.69216431    3.04871910    2.06594400    1.82903207    2.16919576    1.55623333    1.83819476    2.14457263    1.62012753    1.54652721    2.33940481    1.65111983    2.03519312    2.65990437    1.81240907    1.93223095    1.90614460    1.78508782    3.41116102    2.90021527    2.88384557    3.64242315    2.86854848    2.37817194    2.04872238    2.89348599    3.79522979    3.03782391    3.16200729    2.86806089    2.17491558    3.05747224    3.54793700    3.72198639    2.77887053    2.88059304
A0A0W1KJM5_9ACTO/317-392     1.91714544    2.36701481    2.39318429    2.53446101    3.24393453    2.79524780    3.00107683    2.89389454    2.33259783    2.43227640    2.36339109    2.08280983    2.11402972    2.48753733    3.01624336    2.42335052    3.12375763    2.11723277    2.13578465    1.16554865    1.08393812    0.00000000    1.12955787    1.41696858    1.62891958    2.03136399    1.65820960    1.69365353    1.15733691    2.46226097    1.91203249    2.79699821    2.04609025    2.19666490    2.03910658    2.27601109    2.00421267    1.84923453    2.21499973    2.02681033    2.42136893    2.48556939    2.17136748    2.34062116    1.91446988    2.28380679    2.58895075    2.02011313    1.91263833    1.98766298    1.98332838    2.08422384    2.79567013    1.58523376    1.49553008    2.34131284    1.46225532    3.14317155    2.03346017    2.74356606    2.44249632    2.16346012    2.08764210    2.75515389    2.61972754    2.55255934    3.87923272    2.86096900    3.61418231    2.21158340    2.69598408    2.86827664    2.66427303    2.65245208    2.36726635
A3ZQ24_9BACT/319-391     1.65392877    2.01479785    2.05724336    3.01391741    2.16922351    2.86970526    2.68477160    2.18603730    2.12331391    3.11096390    2.63810167    2.60300721    2.03510560    2.36363691    3.08368533    2.60921360    2.52085583    1.94340399    1.81501290    1.23890221    1.56041930    1.12955787    0.00000000    1.22967860    1.43379296    1.76838022    1.55322607    1.65567185    1.19003490    2.22226226    1.59855434    2.07618796    1.70723071    1.71273585    1.79097952    1.70281309    1.78355778    1.98917136    1.63160574    1.58282025    1.87716922    1.67841443    1.63376760    1.92739656    1.62747756    2.27470768    2.17377467    1.43398276    1.69711695    1.81693974    1.76201384    1.96520366    2.32730526    1.76594438    1.48873903    2.01453940    1.29396777    2.52433216    2.00746358    2.66911207    2.12193480    2.18690510    2.12231745    1.95384651    2.18772491    2.71437168    2.95745656    2.47045154    2.23796011    2.05986235    2.70276787    2.48972188    3.23725329    2.69430720    2.53007057
I6Y5A1_PSEPQ/304-376     2.31398638    2.47385145    2.84499862    2.68285194    2.27265900    3.06821019    2.98202102    2.58819339    2.79159164    2.44579170    2.79146781    2.80279366    2.55676376    2.74647654    3.26037379    2.23803911    2.66792366    2.45484881    1.68987067    0.82180368    1.72495572    1.41696858    1.22967860    0.00000000    1.28931017    1.65993418    1.47226596    1.72608383    1.09598801    1.88766020    1.79534056    1.95463782    2.11799695    1.50126255    1.88321718    1.80670949    1.49777713    1.92733590    1.92772935    1.89856171    1.50405226    1.29508894    1.47336346    1.50389769    1.71402662    2.11764151    2.33637273    1.54805992    1.58656151    1.76680747    1.04822845    1.23722076    1.58180164    1.22716251    1.45215326    1.89991638    1.63106530    2.46938022    1.79895615    1.93638770    2.74323450    2.75999097    2.46385463    2.91855863    2.90572015    2.82933857    2.90703993    1.83508979    3.32994771    2.27776708    3.11316463    2.80025693    2.89630873    3.11971297    2.37282325
L0DLW3_SINAD/320-392     3.00121323    3.07032051    3.49583739    3.94998341    2.98238742    2.97542677    2.91853913    2.73842137    2.69715220    3.34721447    2.78633201    2.88098844    3.08349111    3.16101507    3.34105378    2.83798444    3.38606867    2.03960264    1.93856619    1.38046376    1.54700731    1.62891958    1.43379296    1.28931017    0.00000000    1.03327706    1.71344530    1.57438610    1.45087078    2.17609979    1.78842562    2.09484646    2.65896261    1.39064849    2.34637529    2.16764918    2.06318838    1.71150828    2.03739822    2.20721133    2.36722881    2.28963012    2.48307002    2.10517453    2.44513163    2.14069250    2.51127475    1.74579833    1.68130480    2.18712885    1.56329106    1.98794516    2.74466850    2.39091261    1.87048995    2.42234632    2.36062319    2.29436910    2.76286210    2.46124206    3.44821973    2.52111392    2.38728909    2.45314571    2.12450500    2.33426745    2.94982002    2.33033462    4.13180151    1.77718219    3.17496660    3.18786266    2.74068816    3.18957158    2.55927980
A0A142YG80_9PLAN/338-410     2.60155560    2.24990274    2.48096705    3.41593585    2.36984337    2.99804398    3.22421590    2.96350208    2.50614716    3.73378668    2.97885495    2.97306237    2.18093792    2.42731323    2.76015071    2.27502361    3.42665539    2.08674854    2.36243441    1.63808044    1.56516068    2.03136399    1.76838022    1.65993418    1.03327706    0.00000000    1.82922300    2.06516230    1.94968299    2.89064514    2.33130495    2.46445086    3.09893777    1.89226593    2.34171629    2.33099054    2.57291512    2.00860182    2.47426993    2.46167324    3.41968541    2.34065352    2.16759690    2.40561560    2.33031920    2.14234822    2.11763646    2.03335909    1.80152551    2.64611355    2.10652766    2.13615780    2.53134085    2.24285934    2.30205847    2.35786840    2.08509694    2.20920564    2.24056887    2.76036170    2.58070331    2.37847720    2.17318898    2.48639624    2.39779389    2.56234301    3.05602943    2.43413348    3.66504281    1.79362450    3.32010552    2.94676980    2.42211166    2.72218898    2.20695780
K0YUS1_9ACTO/299-377     2.22953113    2.12658219    2.27157839    2.95061440    1.94276902    2.42883376    2.82319480    2.27237117    2.18402184    2.93789458    2.92889373    3.35414199    2.06083452    2.31158159    2.54529953    2.67972993    2.84656608    2.17292904    1.91940155    1.54244988    1.34369958    1.65820960    1.55322607    1.47226596    1.71344530    1.82922300    0.00000000    1.18655213    1.18539423    1.74802517    2.03964746    1.76660410    2.04984372    1.76258384    1.44629804    1.76053990    2.07916325    1.84892192    1.78173777    1.74731877    1.72294156    1.68476630    1.51849603    1.60321465    1.71531907    2.02991606    2.06505164    1.68286317    1.42972739    1.84721384    1.61598076    1.49334588    1.60153071    2.18202328    1.95543786    1.81181777    2.02555389    2.31209387    2.25050984    2.68004162    2.50661260    2.39750932    2.47996784    2.10841031    2.21896824    2.97094927    2.40238153    2.30868184    3.03281230    2.41950832    3.00152471    3.26217381    3.13190591    2.74438871    2.61017150
D6ZGT5_MOBCV/342-417     1.76203506    1.92698352    2.20088205    2.21888827    2.00146279    2.49022552    2.60933936    2.24834449    2.60765543    3.05795773    2.06294289    1.98333749    2.43976497    2.42800876    2.74546834    2.64041204    3.61853016    2.81518863    1.70375662    1.28112037    1.35151266    1.69365353    1.65567185    1.72608383    1.57438610    2.06516230    1.18655213    0.00000000    1.23171296    1.70303286    1.63704986    1.72179183    1.70844964    1.78488450    2.35661808    1.87974575    1.65709103    1.57127691    1.53831403    1.61574534    1.82802536    1.76273583    1.73424082    2.21423314    1.65839687    1.54981554    2.14789940    1.58438825    1.58535924    2.33888735    1.60794299    1.36503161    2.05498288    1.85461846    1.74339747    1.66853714    1.93403898    2.62069292    2.12287962    2.56370174    2.41151614    2.91160336    2.69660172    2.22083848    2.04828320    2.26012850    2.18478260    2.39896320    2.65007063    1.71231305    2.13758510    2.45144249    2.26275393    1.84155470    2.16452171
A0A147EB32_9MICO/190-263     1.88580277    1.89645540    2.21513967    2.30049954    2.08851307    2.31351592    2.56702101    1.97614280    2.18763408    1.94478016    2.45350873    2.34921214    1.91369008    1.54078078    2.24844431    1.83375911    2.35735453    1.29709457    1.54061405    1.35954247    1.21361622    1.15733691    1.19003490    1.09598801    1.45087078    1.94968299    1.18539423    1.23171296    0.00000000    1.63297482    1.67061426    1.86014172    1.21349842    1.37083549    1.46983587    1.41825580    1.60570746    1.25077518    1.40756135    1.44019314    1.63158447    1.21379011    1.39116156    1.49489301    1.17973924    1.60086073    1.87706099    1.37306141    1.45512704    1.74551614    1.18257899    1.46024602    1.74395630    1.63267345    1.34235495    1.43222957    1.26922716    2.17458086    1.56122882    2.00467878    2.10611380    1.82116569    1.92740299    2.14025992    2.15692469    2.37190851    2.61512495    1.82808715    2.68837096    2.24071299    2.70178467    2.42938197    2.43104708    2.44079411    2.38849683
W1TJL3_9ACTO/325-402     2.67887230    2.91161263    2.62801460    2.99047712    2.54207297    2.42272850    3.27234559    2.63475108    2.48051729    3.07991827    2.47127185    3.19524018    3.14823628    2.89461883    3.03402051    2.87854725    2.02411927    2.95259975    2.10343651    1.73076533    1.75574037    2.46226097    2.22226226    1.88766020    2.17609979    2.89064514    1.74802517    1.70303286    1.63297482    0.00000000    1.65153430    1.56133463    1.90634285    1.80889210    1.82639514    2.02872061    2.43904941    2.35335646    2.03733530    1.90888800    1.91731542    1.58971258    1.77345537    2.11221978    2.19770784    1.63885980    2.39739134    1.99971564    1.59760267    2.08942696    1.71940353    2.37625216    2.36859349    2.10511070    2.00176733    2.78702654    1.75065511    2.78721192    2.06104563    2.39049031    3.07040782    2.83125212    2.69049054    2.43521088    2.81521118    3.52491353    2.92470246    2.73127991    3.09496995    3.37876888    3.13867752    3.07449291    3.01228560    3.51123586    3.24642972
A0A142Y4W1_9BACT/327-401     2.19087643    2.20669281    2.76902885    3.01555844    2.55749728    2.59485430    2.53545655    2.40439103    2.36892781    2.93194313    3.13861897    2.91745630    2.83099185    2.66156791    2.87933227    2.94659818    2.96747995    2.76979694    2.03555773    1.68526090    1.62511885    1.91203249    1.59855434    1.79534056    1.78842562    2.33130495    2.03964746    1.63704986    1.67061426    1.65153430    0.00000000    2.21797574    1.49528122    1.78951361    1.67130075    1.59390994    1.68918121    1.82257783    1.95476027    1.64711616    2.51339189    1.75087042    2.06808840    2.23427912    2.25301015    1.62557043    1.88835767    2.02284591    2.23058442    2.79479307    1.81858329    1.74896978    2.82966346    1.48100773    1.53336763    1.81574998    1.91876278    2.31044706    2.31421824    2.42882186    2.71996627    2.46271566    1.99242199    2.45297781    2.31939126    3.05248706    2.21444082    2.82481818    2.96969343    2.76722201    2.77050043    2.83050827    3.09002241    2.96411121    2.47784127
Q2JEV6_FRACC/382-460     2.30260569    2.38925471    2.70865969    2.81177785    2.03559196    2.79219664    2.80569011    3.04968341    3.38049202    2.59179619    2.29838625    2.50589767    2.77114423    2.59984001    2.36880311    2.72943377    2.61937097    2.00295199    2.32644948    1.64485374    2.05633638    2.79699821    2.07618796    1.95463782    2.09484646    2.46445086    1.76660410    1.72179183    1.86014172    1.56133463    2.21797574    0.00000000    1.19531209    1.67631230    1.76774097    1.87003959    1.94422806    1.81131310    1.84107372    2.11473916    1.86257091    1.66066148    1.91737081    1.75645220    2.17329120    1.52945920    1.74378167    1.48399547    1.21159069    1.98573547    1.41943922    1.93426603    1.82767242    2.04532624    1.69102489    2.39359969    1.72354919    2.64481705    2.33133263    2.59689839    2.50590525    2.89725101    3.33558754    2.02005316    2.51006452    3.46277521    2.28683780    3.77132376    2.89767247    2.51085848    2.77383874    3.08894879    3.01020325    2.51921228    3.29019012
F8AYL7_9ACTN/330-402     1.71400954    1.90463131    2.01103259    3.00331471    2.36589804    2.08240358    2.42600301    2.27920960    2.33458776    2.31964434    2.53226677    2.32940673    2.23658708    1.61192502    2.36733999    2.17034582    2.74013958    1.83040849    1.92195000    2.00640934    2.16330648    2.04609025    1.70723071    2.11799695    2.65896261    3.09893777    2.04984372    1.70844964    1.21349842    1.90634285    1.49528122    1.19531209    0.00000000    1.58397822    1.63485281    1.47471927    1.40604463    1.76180504    1.67511537    1.48670892    2.24843817    1.47487036    2.09859696    1.58297499    1.75490645    1.32216532    1.53169436    1.36595664    1.64838419    2.16267581    1.44785008    1.72346947    2.02689838    1.46251866    1.90919893    1.90872737    1.43855495    2.79635744    1.85114637    2.07202925    1.97514635    2.34356313    2.30869048    2.26439894    1.95574720    2.46265569    2.61419390    2.98895679    2.76940439    2.79130750    2.35270003    2.64389045    2.94490482    2.63107504    2.43639195
C0W6I0_9ACTO/351-426     2.52311638    3.16420990    3.03370356    5.11576849    3.17071422    3.15411813    3.47819092    3.04564259    2.45947600    2.75815380    3.01834446    3.38817768    2.94782770    2.52141885    3.68375976    2.77147762    2.22579800    1.98079648    1.84098860    1.38362168    2.04887102    2.19666490    1.71273585    1.50126255    1.39064849    1.89226593    1.76258384    1.78488450    1.37083549    1.80889210    1.78951361    1.67631230    1.58397822    0.00000000    1.96373126    1.87356585    1.89558280    1.69489247    1.86432836    2.17491230    2.03855314    1.53451810    1.62802544    1.76047312    1.36656296    1.77139324    1.93178291    1.50414196    1.57811157    1.78548425    1.26246406    1.61848807    1.73984863    2.05505288    1.71747547    2.17349109    1.92228029    2.81348799    2.21564734    2.92469241    3.34893476    2.73180613    3.21301517    2.96585318    2.74628593    4.00934559    3.00147793    3.03912562    3.81258645    2.08658002    2.97442800    4.10597174    3.19798622    3.16022429    3.07107548
A0A0M9UDP9_9CHLR/319-392     2.18539925    2.21465068    2.26341367    2.66664396    2.58159885    2.66477780    3.01319049    2.66918645    2.06990720    2.90621154    3.15125711    3.25845592    2.50454487    2.23821665    2.42657006    1.95677015    2.49316089    1.76939513    2.20918430    1.86888367    2.16374631    2.03910658    1.79097952    1.88321718    2.34637529    2.34171629    1.44629804    2.35661808    1.46983587    1.82639514    1.67130075    1.76774097    1.63485281    1.96373126    0.00000000    1.14852648    2.09179325    2.30671194    2.41539201    2.09685291    2.41530480    1.36903611    1.40861292    1.83010761    1.82005480    1.35421496    1.44814172    1.29507113    1.20992580    2.22839762    1.77662014    1.97278073    1.97210997    1.76984677    1.67268610    2.20053722    1.67544186    2.60405504    1.82877712    2.56986537    2.21383067    2.36111880    2.19096092    2.38380837    3.07184780    2.84612690    2.00280859    2.49632241    3.35096582    2.34862981    2.88519372    2.63126538    2.90110253    2.96978949    2.31031325
E4U622_OCEP5/313-388     1.80380910    2.16309405    2.54031026    3.20943520    2.52467852    2.91940130    3.15061648    2.72972756    2.47290398    2.73134372    2.91877773    3.18787329    2.39607200    2.15451073    2.77331269    2.15827019    2.43660402    2.06249742    1.75468881    1.81877489    1.87335294    2.27601109    1.70281309    1.80670949    2.16764918    2.33099054    1.76053990    1.87974575    1.41825580    2.02872061    1.59390994    1.87003959    1.47471927    1.87356585    1.14852648    0.00000000    1.32106332    1.84933563    2.03115845    1.70349942    2.35681987    1.68827756    1.85450646    1.77417126    1.83798661    1.46040993    1.62006729    1.57686099    1.40154248    2.38960025    1.89024295    1.72536798    2.45486871    2.04543426    2.11293276    1.93538370    1.71431195    2.77406938    2.33302832    2.37599815    2.45829479    2.70241468    2.49283356    1.93108345    2.28598566    2.45363365    2.39542597    2.84806491    3.01271808    2.34572526    2.51658938    2.74546988    2.69833517    3.08632894    2.58765393
C8XBR7_NAKMY/327-403     2.11662364    2.75554070    2.88772703    3.51981063    2.91277907    3.41288569    3.37613569    2.80100543    2.47111090    2.52755703    2.39624403    2.46454232    2.55977143    2.22306029    2.97578224    2.33503784    3.22533978    2.62536471    2.08850028    1.61706850    2.06997273    2.00421267    1.78355778    1.49777713    2.06318838    2.57291512    2.07916325    1.65709103    1.60570746    2.43904941    1.68918121    1.94422806    1.40604463    1.89558280    2.09179325    1.32106332    0.00000000    1.46924396    1.80745817    1.48492305    1.66192800    1.56802945    2.11793231    1.77288424    1.75125782    1.45626375    2.12492062    1.56263528    1.69720007    2.30650303    1.29550520    1.20939965    1.68506862    1.69623276    1.56588780    2.05275359    2.05868027    3.14383006    2.27613505    2.82709860    3.04760696    2.64192103    2.91192441    2.51845499    2.37774655    2.67924174    2.62457985    3.35298187    3.10322923    2.43947294    2.56291218    2.79255658    2.65880719    3.32647025    2.77867151
