40
A0A139A6M0_GONPJ/391-458     0.00000000    1.66329138    1.31517665    1.73087887    1.58145709    1.86533187    2.33879291    1.80595864    1.65548353    1.60127783    1.79002664    2.05016069    2.01098618    2.26702901    1.91256987    1.42421139    1.54118661    1.82240578    1.91390741    2.41356825    1.11338832    1.13467736    1.44081722    1.64270662    1.37821642    1.32580055    1.30114199    1.42909355    1.55116839    1.64085229    1.49668334    1.72151423    1.74480697    1.29147664    1.51378459    1.37646873    1.58409469    1.13304055    1.39756286    1.42843991
G4YSH4_PHYSP/416-483     1.66329138    0.00000000    0.88704641    1.86928240    1.58054232    1.64745958    1.63234115    1.59695392    1.95756932    1.77826911    1.91809372    1.91875134    1.55988342    2.01302922    1.89654505    1.80151465    2.09582918    2.30295680    1.92856854    1.45695600    1.37490322    1.08877716    1.39485845    1.42039645    1.19945223    1.43416500    1.27562216    1.48913478    1.36513826    1.62146522    1.72819768    2.48251816    1.65828546    1.56747547    1.03960216    1.23840982    1.83810633    1.16247850    1.39973046    1.24992119
A0A024TBA0_9STRA/405-470     1.31517665    0.88704641    0.00000000    1.68998909    1.41424195    2.00949784    1.63531378    1.44202487    1.58724355    1.73553730    1.78875796    2.04089959    1.75153701    2.46266751    2.13013392    1.97525256    2.15343905    1.82714536    1.70375389    1.48116619    1.21760252    1.27206022    1.36141198    1.43280497    1.19573007    1.60946262    1.23276974    1.47219522    1.53343630    1.76662252    1.63752075    2.21470181    1.90907571    1.62532354    1.19204511    1.44536777    1.50054025    1.00650287    1.41963722    1.35480000
R1CUX6_EMIHU/242-316     1.73087887    1.86928240    1.68998909    0.00000000    1.27926092    1.88427448    1.41153764    1.51192349    1.36156820    1.86001730    2.43081825    1.85779661    1.84282424    2.38233369    1.83296158    2.09996369    2.24015159    2.11867393    1.97382334    1.72244156    1.75966442    1.62323579    1.54695683    1.83258924    1.38914646    1.81011269    1.87663047    1.90134550    2.14477107    1.71940404    2.03680510    2.59092372    2.50926718    1.57043858    1.62966442    1.50221273    1.49907947    1.27681902    1.61144057    1.54118339
M1C1Q0_SOLTU/31-98     1.58145709    1.58054232    1.41424195    1.27926092    0.00000000    1.34874873    1.33143916    1.19310413    1.24126078    1.20992389    1.57488345    2.12072003    1.85723308    2.25121185    2.33123825    1.72518753    1.77262402    2.12645034    1.54466076    1.81996367    1.63185120    1.70039630    1.65865595    1.56391339    1.26241522    1.52322735    1.72436912    1.71462393    1.57552734    1.84747447    1.80755699    2.50353877    1.90115888    1.70561424    1.49376286    1.71705391    1.79603027    1.47843342    1.59989527    1.59205368
A0A0L0SDK9_ALLM3/383-450     1.86533187    1.64745958    2.00949784    1.88427448    1.34874873    0.00000000    2.22480524    2.34000214    2.15513353    2.01564773    1.68839501    1.83501202    1.77613851    2.79678340    1.88911056    2.02282940    2.37894071    2.28828529    1.90542359    1.85858361    1.51597775    1.43281791    1.46504916    1.68207021    2.02401746    1.73548867    1.72427845    1.91221740    1.75851041    1.81936313    2.15031600    1.99066600    1.99628547    1.74602720    1.62461385    1.55603129    1.52215115    1.54594839    1.95388290    1.60389994
C1MIF1_MICPC/401-469     2.33879291    1.63234115    1.63531378    1.41153764    1.33143916    2.22480524    0.00000000    1.03319526    1.72433525    1.45798917    2.00525151    1.62185824    1.78882610    2.41430310    2.59064504    2.01957490    2.09833192    2.04983144    2.01818553    2.10244834    1.56147199    1.74100544    1.65718168    1.84690711    1.31848355    1.73437467    1.59964809    1.79327579    2.01382926    1.77081343    1.87743881    3.08554520    2.41599894    1.90614354    1.48751900    1.43933438    1.91778047    1.38820758    1.33531912    1.48369664
I0YPN8_COCSC/379-448     1.80595864    1.59695392    1.44202487    1.51192349    1.19310413    2.34000214    1.03319526    0.00000000    1.64484792    1.30175872    1.92499510    1.94894368    2.29518008    2.63446751    2.49751816    2.52955857    2.54152360    2.14836355    2.15260637    2.01441468    1.79807881    1.94425711    1.58444455    1.71417658    1.36213621    1.62557058    1.30836544    1.58457415    1.86825210    1.40452971    1.96416855    2.44522873    2.15115594    1.85733033    1.20586827    1.51714244    1.80935615    1.44977522    1.41644111    1.26717043
D2VHK9_NAEGR/460-527     1.65548353    1.95756932    1.58724355    1.36156820    1.24126078    2.15513353    1.72433525    1.64484792    0.00000000    1.19193978    1.58650794    1.58072453    1.35862372    1.88652402    2.01858382    1.67051870    1.30666763    1.61922207    1.82913831    1.72360723    1.61228019    1.66456425    1.27832501    1.50907986    1.47483653    1.57880415    1.91763288    1.37556856    2.05437257    1.71814326    1.55536492    2.61445772    2.11269310    1.72698437    1.50884199    1.49933008    1.39322543    1.21657285    1.28020548    1.44986993
A0A0D2K8Y6_9CHLO/404-471     1.60127783    1.77826911    1.73553730    1.86001730    1.20992389    2.01564773    1.45798917    1.30175872    1.19193978    0.00000000    1.43615683    1.56535104    1.70686882    2.34376211    1.89163468    1.58766585    1.28767025    1.90452612    1.65536039    1.81487503    1.35207569    1.74005168    1.46648245    1.36910168    1.32956383    1.38288316    1.49742573    1.56247084    1.67416222    1.40040052    1.73689897    2.26512964    1.59427762    1.62365189    1.28487069    1.41476444    1.70144581    1.24716335    1.55720748    1.75468717
A0A0G4IK92_PLABS/388-455     1.79002664    1.91809372    1.78875796    2.43081825    1.57488345    1.68839501    2.00525151    1.92499510    1.58650794    1.43615683    0.00000000    1.42172794    2.51751336    2.16372351    2.32905616    1.91899179    1.82774857    1.88381954    1.69000662    2.14147788    1.89568470    1.98093397    1.49462656    1.46305134    1.51041172    1.54285007    1.64432980    1.39319937    1.81916239    1.50070599    1.71467073    2.29798485    1.80209100    1.93660475    1.68284021    1.36351639    1.71768935    1.62016365    1.63134969    1.60674404
A0A137NZA0_CONC2/438-507     2.05016069    1.91875134    2.04089959    1.85779661    2.12072003    1.83501202    1.62185824    1.94894368    1.58072453    1.56535104    1.42172794    0.00000000    2.17720236    1.94681302    2.08337922    1.47551787    1.67343994    1.87868417    1.96171842    2.14978525    1.67263704    1.46219819    1.41472897    1.48740472    1.73574853    1.57925220    1.59290451    1.58114759    2.02147462    1.69544468    1.72430165    2.84535883    2.16507303    1.51321121    1.54676285    1.30122859    1.36775327    1.36498244    1.77141632    1.59042497
L2GV76_VAVCU/353-420     2.01098618    1.55988342    1.75153701    1.84282424    1.85723308    1.77613851    1.78882610    2.29518008    1.35862372    1.70686882    2.51751336    2.17720236    0.00000000    1.46515831    1.40614875    1.35145686    1.22301674    1.36109806    1.90718687    1.96713625    1.44745234    1.22212996    1.27078254    1.62431881    1.61565477    1.85735738    1.89207386    1.76999546    1.74600612    1.87295486    2.24347588    2.66335311    2.35580204    1.81167004    1.70270350    1.50942079    1.82558834    1.47933005    1.33251895    1.54962989
J9D1M0_EDHAE/393-460     2.26702901    2.01302922    2.46266751    2.38233369    2.25121185    2.79678340    2.41430310    2.63446751    1.88652402    2.34376211    2.16372351    1.94681302    1.46515831    0.00000000    1.69252253    1.38278491    1.31015013    1.73620150    2.14868023    2.36816474    2.02669985    2.36543852    1.73248908    1.89082138    2.22250997    2.23382824    2.16125952    1.91942506    2.24452011    2.08845596    1.96862472    2.26249400    2.18011618    1.68786732    1.58487588    1.75137849    2.16684563    1.98763704    1.92508180    1.68533189
H8ZEB5_NEMS1/325-392     1.91256987    1.89654505    2.13013392    1.83296158    2.33123825    1.88911056    2.59064504    2.49751816    2.01858382    1.89163468    2.32905616    2.08337922    1.40614875    1.69252253    0.00000000    1.44431387    1.30853514    1.53972081    2.37372399    1.89339709    1.49571775    1.89438602    1.31109701    1.54012251    1.92785334    1.81869389    1.74054940    1.75274727    1.82984591    2.30152361    2.30138282    2.08973435    2.44423572    1.91861674    1.78102257    1.45428286    1.74676039    1.34115337    1.93111314    1.49495002
S7W585_SPRLO/327-394     1.42421139    1.80151465    1.97525256    2.09996369    1.72518753    2.02282940    2.01957490    2.52955857    1.67051870    1.58766585    1.91899179    1.47551787    1.35145686    1.38278491    1.44431387    0.00000000    0.86706553    1.56801697    1.69525074    1.98996467    1.44373624    1.46217956    1.59310403    1.42954961    1.53976968    1.47776961    1.89050014    1.46012428    1.76117568    1.85229500    1.79638207    2.37072267    2.32953881    1.73564084    1.72844910    1.50469063    1.41889964    1.52889776    1.51608036    1.61580892
Q8SWM3_ENCCU/344-411     1.54118661    2.09582918    2.15343905    2.24015159    1.77262402    2.37894071    2.09833192    2.54152360    1.30666763    1.28767025    1.82774857    1.67343994    1.22301674    1.31015013    1.30853514    0.86706553    0.00000000    1.14288689    2.07149084    2.03103225    1.52439899    1.66798959    1.40652156    1.65212296    1.72166171    1.47380223    2.00870317    1.36627047    1.87212229    2.15560623    2.47055114    3.03789939    2.36465886    1.74430259    1.63177643    1.26118845    1.59649098    1.55802153    1.58241375    1.87974897
L2GLG8_VITCO/378-445     1.82240578    2.30295680    1.82714536    2.11867393    2.12645034    2.28828529    2.04983144    2.14836355    1.61922207    1.90452612    1.88381954    1.87868417    1.36109806    1.73620150    1.53972081    1.56801697    1.14288689    0.00000000    1.85704663    1.79177100    1.79472450    1.61573434    1.39347858    1.79759755    1.70689383    1.61899607    1.52937872    1.46237327    1.87600664    1.68274624    1.95065896    2.33953571    1.87935829    1.69363724    1.47563246    1.29660805    1.66781456    1.39205915    1.70121660    1.64108928
A0A090LDK4_STRRB/430-497     1.91390741    1.92856854    1.70375389    1.97382334    1.54466076    1.90542359    2.01818553    2.15260637    1.82913831    1.65536039    1.69000662    1.96171842    1.90718687    2.14868023    2.37372399    1.69525074    2.07149084    1.85704663    0.00000000    1.39093745    1.63870858    1.76397822    1.51464176    1.75899891    1.65550069    1.65234147    1.78678394    1.87258855    1.93857239    1.65475996    2.03964951    2.53538473    1.40010694    1.89992827    1.63636432    1.87343593    1.60341602    1.52682546    1.21856964    1.47079074
M1UTC0_CYAM1/615-686     2.41356825    1.45695600    1.48116619    1.72244156    1.81996367    1.85858361    2.10244834    2.01441468    1.72360723    1.81487503    2.14147788    2.14978525    1.96713625    2.36816474    1.89339709    1.98996467    2.03103225    1.79177100    1.39093745    0.00000000    1.73516208    1.71515096    1.44158811    1.55158431    1.71321120    1.80451676    1.69973538    1.86851857    1.55512872    1.63224092    1.97146072    2.48601749    2.10416933    1.65089700    1.47980916    1.74429939    1.67051247    1.55309457    1.80461912    1.52348643
A0A0V0XLH8_TRIPS/172-239     1.11338832    1.37490322    1.21760252    1.75966442    1.63185120    1.51597775    1.56147199    1.79807881    1.61228019    1.35207569    1.89568470    1.67263704    1.44745234    2.02669985    1.49571775    1.44373624    1.52439899    1.79472450    1.63870858    1.73516208    0.00000000    1.00346926    0.92638062    1.03001074    1.14015502    1.31747364    1.25518755    1.44714022    1.37376974    1.48461353    1.35386574    1.70442433    1.36951647    1.24457092    1.22476335    1.30343557    1.01826621    1.01621496    1.54023235    1.36796181
J9JX49_ACYPI/395-462     1.13467736    1.08877716    1.27206022    1.62323579    1.70039630    1.43281791    1.74100544    1.94425711    1.66456425    1.74005168    1.98093397    1.46219819    1.22212996    2.36543852    1.89438602    1.46217956    1.66798959    1.61573434    1.76397822    1.71515096    1.00346926    0.00000000    0.84148614    1.29213852    1.36367705    1.51741576    1.34905388    1.52750421    1.24487301    1.18723397    1.79601993    2.02123165    1.69560630    1.20403858    1.29342409    1.25437806    1.27200671    0.97521927    1.28628723    1.45595094
U4UR34_DENPD/402-469     1.44081722    1.39485845    1.36141198    1.54695683    1.65865595    1.46504916    1.65718168    1.58444455    1.27832501    1.46648245    1.49462656    1.41472897    1.27078254    1.73248908    1.31109701    1.59310403    1.40652156    1.39347858    1.51464176    1.44158811    0.92638062    0.84148614    0.00000000    0.93156215    1.32850309    1.43192239    1.49055764    1.28832769    1.19819783    1.41907284    1.83179131    1.90991839    1.71987097    1.36077963    1.19421057    1.08319606    1.34386936    0.79442026    1.04373930    1.15106842
A0A183TF29_SCHSO/466-533     1.64270662    1.42039645    1.43280497    1.83258924    1.56391339    1.68207021    1.84690711    1.71417658    1.50907986    1.36910168    1.46305134    1.48740472    1.62431881    1.89082138    1.54012251    1.42954961    1.65212296    1.79759755    1.75899891    1.55158431    1.03001074    1.29213852    0.93156215    0.00000000    1.41644943    1.44031205    1.26514553    1.38198907    1.57083389    1.45574892    1.93765211    2.11295385    1.81821788    1.62473558    1.20458448    1.01834033    1.17528518    1.09619761    1.56804258    1.34746006
G7E1I6_MIXOS/392-460     1.37821642    1.19945223    1.19573007    1.38914646    1.26241522    2.02401746    1.31848355    1.36213621    1.47483653    1.32956383    1.51041172    1.73574853    1.61565477    2.22250997    1.92785334    1.53976968    1.72166171    1.70689383    1.65550069    1.71321120    1.14015502    1.36367705    1.32850309    1.41644943    0.00000000    0.86726867    1.08423581    1.04219441    1.13062991    1.35349144    1.18900103    2.18152963    1.45224152    1.45684671    0.91673529    0.92595693    1.53680462    1.04670775    1.63830361    1.48748680
A0A0K6GIZ1_9AGAM/314-381     1.32580055    1.43416500    1.60946262    1.81011269    1.52322735    1.73548867    1.73437467    1.62557058    1.57880415    1.38288316    1.54285007    1.57925220    1.85735738    2.23382824    1.81869389    1.47776961    1.47380223    1.61899607    1.65234147    1.80451676    1.31747364    1.51741576    1.43192239    1.44031205    0.86726867    0.00000000    0.85921128    0.80812618    1.24608991    1.33828290    1.56965507    2.12263706    1.45540162    1.17264353    1.04462509    0.79601067    1.23761487    1.06424440    1.50106135    1.40638658
A0A0E9NCB8_SAICN/393-460     1.30114199    1.27562216    1.23276974    1.87663047    1.72436912    1.72427845    1.59964809    1.30836544    1.91763288    1.49742573    1.64432980    1.59290451    1.89207386    2.16125952    1.74054940    1.89050014    2.00870317    1.52937872    1.78678394    1.69973538    1.25518755    1.34905388    1.49055764    1.26514553    1.08423581    0.85921128    0.00000000    0.91695919    1.25437960    1.28275014    1.20912567    1.93893135    1.25118179    0.96747215    0.84020006    0.88748099    1.07308106    1.03140443    1.35808243    1.26567569
A0A0C3QNK0_9AGAM/402-469     1.42909355    1.48913478    1.47219522    1.90134550    1.71462393    1.91221740    1.79327579    1.58457415    1.37556856    1.56247084    1.39319937    1.58114759    1.76999546    1.91942506    1.75274727    1.46012428    1.36627047    1.46237327    1.87258855    1.86851857    1.44714022    1.52750421    1.28832769    1.38198907    1.04219441    0.80812618    0.91695919    0.00000000    1.18744888    1.31223467    1.43744746    2.21779036    1.32610606    1.14510019    1.07699227    0.85202381    1.26314935    1.20942600    1.35342383    1.47402927
M3J8Z5_CANMX/422-489     1.55116839    1.36513826    1.53343630    2.14477107    1.57552734    1.75851041    2.01382926    1.86825210    2.05437257    1.67416222    1.81916239    2.02147462    1.74600612    2.24452011    1.82984591    1.76117568    1.87212229    1.87600664    1.93857239    1.55512872    1.37376974    1.24487301    1.19819783    1.57083389    1.13062991    1.24608991    1.25437960    1.18744888    0.00000000    0.94110229    1.16935648    1.31077419    1.28776447    1.12425091    1.11312142    1.14647757    1.50311892    1.27417847    2.01867867    1.67252887
A0A167CDC3_9PEZI/422-487     1.64085229    1.62146522    1.76662252    1.71940404    1.84747447    1.81936313    1.77081343    1.40452971    1.71814326    1.40040052    1.50070599    1.69544468    1.87295486    2.08845596    2.30152361    1.85229500    2.15560623    1.68274624    1.65475996    1.63224092    1.48461353    1.18723397    1.41907284    1.45574892    1.35349144    1.33828290    1.28275014    1.31223467    0.94110229    0.00000000    0.80587712    1.06351970    0.90854555    1.01481542    1.04785340    1.08605565    1.36095266    1.32485160    1.54400956    1.95185558
A0A0D1Z679_9PEZI/398-463     1.49668334    1.72819768    1.63752075    2.03680510    1.80755699    2.15031600    1.87743881    1.96416855    1.55536492    1.73689897    1.71467073    1.72430165    2.24347588    1.96862472    2.30138282    1.79638207    2.47055114    1.95065896    2.03964951    1.97146072    1.35386574    1.79601993    1.83179131    1.93765211    1.18900103    1.56965507    1.20912567    1.43744746    1.16935648    0.80587712    0.00000000    1.06896192    0.94072050    1.01970494    1.26231899    1.41745875    1.42740688    1.34095683    1.80019298    1.94345790
F9X6L5_ZYMTI/410-475     1.72151423    2.48251816    2.21470181    2.59092372    2.50353877    1.99066600    3.08554520    2.44522873    2.61445772    2.26512964    2.29798485    2.84535883    2.66335311    2.26249400    2.08973435    2.37072267    3.03789939    2.33953571    2.53538473    2.48601749    1.70442433    2.02123165    1.90991839    2.11295385    2.18152963    2.12263706    1.93893135    2.21779036    1.31077419    1.06351970    1.06896192    0.00000000    1.11463046    1.45926420    1.82971713    1.97533006    1.81375509    1.72489400    2.65656597    2.19510185
A0A178E2H2_9PLEO/416-481     1.74480697    1.65828546    1.90907571    2.50926718    1.90115888    1.99628547    2.41599894    2.15115594    2.11269310    1.59427762    1.80209100    2.16507303    2.35580204    2.18011618    2.44423572    2.32953881    2.36465886    1.87935829    1.40010694    2.10416933    1.36951647    1.69560630    1.71987097    1.81821788    1.45224152    1.45540162    1.25118179    1.32610606    1.28776447    0.90854555    0.94072050    1.11463046    0.00000000    1.09122890    1.19525523    1.26633532    1.21701332    1.36669117    1.83690837    1.78663233
R4XAU2_TAPDE/380-447     1.29147664    1.56747547    1.62532354    1.57043858    1.70561424    1.74602720    1.90614354    1.85733033    1.72698437    1.62365189    1.93660475    1.51321121    1.81167004    1.68786732    1.91861674    1.73564084    1.74430259    1.69363724    1.89992827    1.65089700    1.24457092    1.20403858    1.36077963    1.62473558    1.45684671    1.17264353    0.96747215    1.14510019    1.12425091    1.01481542    1.01970494    1.45926420    1.09122890    0.00000000    0.87809080    1.09369955    1.16993217    0.89706416    1.73044824    1.55514930
I2FNN2_USTH4/421-488     1.51378459    1.03960216    1.19204511    1.62966442    1.49376286    1.62461385    1.48751900    1.20586827    1.50884199    1.28487069    1.68284021    1.54676285    1.70270350    1.58487588    1.78102257    1.72844910    1.63177643    1.47563246    1.63636432    1.47980916    1.22476335    1.29342409    1.19421057    1.20458448    0.91673529    1.04462509    0.84020006    1.07699227    1.11312142    1.04785340    1.26231899    1.82971713    1.19525523    0.87809080    0.00000000    0.90462571    1.36359893    1.02230139    1.38908645    1.25240948
A0A015NFU5_RHIIW/252-319     1.37646873    1.23840982    1.44536777    1.50221273    1.71705391    1.55603129    1.43933438    1.51714244    1.49933008    1.41476444    1.36351639    1.30122859    1.50942079    1.75137849    1.45428286    1.50469063    1.26118845    1.29660805    1.87343593    1.74429939    1.30343557    1.25437806    1.08319606    1.01834033    0.92595693    0.79601067    0.88748099    0.85202381    1.14647757    1.08605565    1.41745875    1.97533006    1.26633532    1.09369955    0.90462571    0.00000000    0.91345389    0.79416812    1.11442891    1.14234107
A0A177WY26_BATDL/336-403     1.58409469    1.83810633    1.50054025    1.49907947    1.79603027    1.52215115    1.91778047    1.80935615    1.39322543    1.70144581    1.71768935    1.36775327    1.82558834    2.16684563    1.74676039    1.41889964    1.59649098    1.66781456    1.60341602    1.67051247    1.01826621    1.27200671    1.34386936    1.17528518    1.53680462    1.23761487    1.07308106    1.26314935    1.50311892    1.36095266    1.42740688    1.81375509    1.21701332    1.16993217    1.36359893    0.91345389    0.00000000    0.96010941    1.38203421    1.29084692
S2JR12_MUCC1/397-464     1.13304055    1.16247850    1.00650287    1.27681902    1.47843342    1.54594839    1.38820758    1.44977522    1.21657285    1.24716335    1.62016365    1.36498244    1.47933005    1.98763704    1.34115337    1.52889776    1.55802153    1.39205915    1.52682546    1.55309457    1.01621496    0.97521927    0.79442026    1.09619761    1.04670775    1.06424440    1.03140443    1.20942600    1.27417847    1.32485160    1.34095683    1.72489400    1.36669117    0.89706416    1.02230139    0.79416812    0.96010941    0.00000000    1.06112465    1.10545600
F0ZGU8_DICPU/400-467     1.39756286    1.39973046    1.41963722    1.61144057    1.59989527    1.95388290    1.33531912    1.41644111    1.28020548    1.55720748    1.63134969    1.77141632    1.33251895    1.92508180    1.93111314    1.51608036    1.58241375    1.70121660    1.21856964    1.80461912    1.54023235    1.28628723    1.04373930    1.56804258    1.63830361    1.50106135    1.35808243    1.35342383    2.01867867    1.54400956    1.80019298    2.65656597    1.83690837    1.73044824    1.38908645    1.11442891    1.38203421    1.06112465    0.00000000    0.68215171
D3B7P9_POLPP/387-454     1.42843991    1.24992119    1.35480000    1.54118339    1.59205368    1.60389994    1.48369664    1.26717043    1.44986993    1.75468717    1.60674404    1.59042497    1.54962989    1.68533189    1.49495002    1.61580892    1.87974897    1.64108928    1.47079074    1.52348643    1.36796181    1.45595094    1.15106842    1.34746006    1.48748680    1.40638658    1.26567569    1.47402927    1.67252887    1.95185558    1.94345790    2.19510185    1.78663233    1.55514930    1.25240948    1.14234107    1.29084692    1.10545600    0.68215171    0.00000000

