15
A0A0N0D627_9DELT/64-261     0.00000000    1.19893753    1.10459789    1.41536224    1.40222808    1.60727483    1.55871912    1.63030012    1.52900393    1.41760760    1.48775959    1.35409153    1.47299873    2.22348913    2.61692466
B5GQQ3_STRCL/37-235     1.19893753    0.00000000    0.85678277    1.57112344    1.52036565    1.55356764    1.63993617    1.59601172    1.66265972    1.38921449    1.50255197    1.70091152    1.41728623    2.23608161    2.45187478
A0A126ZV93_9MICC/66-264     1.10459789    0.85678277    0.00000000    1.63206853    1.54652056    1.61348490    1.59114045    1.66468570    1.57785113    1.62679973    1.47501002    1.55238259    1.40807918    2.16298860    2.24699264
A0A172U1A9_9BACT/69-266     1.41536224    1.57112344    1.63206853    0.00000000    1.45757210    1.67025108    1.73669026    1.77091672    1.23127536    1.61625279    1.89669431    1.52366386    1.49627348    2.63922536    2.97851475
A0A090JLU7_9FIRM/109-309     1.40222808    1.52036565    1.54652056    1.45757210    0.00000000    0.64782930    0.69416753    0.65974497    1.19308326    1.55391462    1.65347719    1.55077792    1.49313459    2.36376818    2.77903053
R9J5F3_9FIRM/77-278     1.60727483    1.55356764    1.61348490    1.67025108    0.64782930    0.00000000    0.34386044    0.33788139    1.38386237    1.67114934    1.86876974    1.70884759    1.55393636    2.70131563    2.82215877
C8NHD1_9LACT/92-293     1.55871912    1.63993617    1.59114045    1.73669026    0.69416753    0.34386044    0.00000000    0.24053573    1.32069613    1.64919824    1.90964767    1.68043366    1.53277466    2.72732740    2.83421888
X0RR11_9BACI/92-294     1.63030012    1.59601172    1.66468570    1.77091672    0.65974497    0.33788139    0.24053573    0.00000000    1.42860062    1.55267391    1.79251264    1.71011953    1.57136477    2.64622278    2.78148331
L0G3J7_ECHVK/68-265     1.52900393    1.66265972    1.57785113    1.23127536    1.19308326    1.38386237    1.32069613    1.42860062    0.00000000    1.51997293    1.72479074    1.43718512    1.75902455    2.10345558    2.42528478
G0IV52_CYCMS/44-249     1.41760760    1.38921449    1.62679973    1.61625279    1.55391462    1.67114934    1.64919824    1.55267391    1.51997293    0.00000000    1.33504390    1.51767247    1.47798728    2.42822630    3.36603853
A0A150X7Z9_ROSEK/79-279     1.48775959    1.50255197    1.47501002    1.89669431    1.65347719    1.86876974    1.90964767    1.79251264    1.72479074    1.33504390    0.00000000    1.22286551    1.56389027    2.38889764    2.75384957
F2IJV3_FLUTR/53-251     1.35409153    1.70091152    1.55238259    1.52366386    1.55077792    1.70884759    1.68043366    1.71011953    1.43718512    1.51767247    1.22286551    0.00000000    1.65081666    2.06892814    2.62884121
A6TJR6_ALKMQ/48-244     1.47299873    1.41728623    1.40807918    1.49627348    1.49313459    1.55393636    1.53277466    1.57136477    1.75902455    1.47798728    1.56389027    1.65081666    0.00000000    2.31304382    2.73365487
C9ZG32_STRSW/40-240     2.22348913    2.23608161    2.16298860    2.63922536    2.36376818    2.70131563    2.72732740    2.64622278    2.10345558    2.42822630    2.38889764    2.06892814    2.31304382    0.00000000    0.85622632
A0A0U2WE52_9ACTN/68-269     2.61692466    2.45187478    2.24699264    2.97851475    2.77903053    2.82215877    2.83421888    2.78148331    2.42528478    3.36603853    2.75384957    2.62884121    2.73365487    0.85622632    0.00000000

