8
A0A1D5PCA6_CHICK/138-820     0.00000000    0.17134198    0.19116129    0.22693463    0.43895523    0.30210056    0.31595444    0.31543688
F7E7Y3_MONDO/245-957     0.17134198    0.00000000    0.19087616    0.29082745    0.52930354    0.35403617    0.38374251    0.39486333
W5P8S6_SHEEP/250-1024     0.19116129    0.19087616    0.00000000    0.31545649    0.55322249    0.36059831    0.38854703    0.41851550
A0A1L8EXF6_XENLA/244-1015     0.22693463    0.29082745    0.31545649    0.00000000    0.57391031    0.39420204    0.38847100    0.41130152
H3D223_TETNG/255-1000     0.43895523    0.52930354    0.55322249    0.57391031    0.00000000    0.32992702    0.53129341    0.60123705
A0A3Q2CHV0_CYPVA/253-1027     0.30210056    0.35403617    0.36059831    0.39420204    0.32992702    0.00000000    0.29138083    0.35410446
A0A498LZA6_LABRO/1293-1985     0.31595444    0.38374251    0.38854703    0.38847100    0.53129341    0.29138083    0.00000000    0.27339326
A0A0N8K1H7_SCLFO/241-1049     0.31543688    0.39486333    0.41851550    0.41130152    0.60123705    0.35410446    0.27339326    0.00000000

