12
A0A2U7U8G4_9VIRU/317-478     0.00000000    0.37274990    0.53414139    1.08996210    1.02276450    2.41374897    2.62763329    1.88152258    1.80176077    1.34825036    1.38624512    1.39224582
S4VPU8_9VIRU/304-467     0.37274990    0.00000000    0.46165083    1.04192964    0.93144539    2.21391415    2.48928431    1.87703388    1.97792682    1.27528289    1.27280046    1.25980316
A0A291ATI4_9VIRU/364-525     0.53414139    0.46165083    0.00000000    1.06430797    1.06849130    2.23781368    2.48725500    1.81208065    1.98659260    1.39876929    1.39113453    1.39359177
A0A2U7U7U7_9VIRU/338-499     1.08996210    1.04192964    1.06430797    0.00000000    0.37248296    2.56259210    2.50704503    1.90114565    1.92679404    1.49637408    1.47857189    1.61170652
A0A2U7UFX7_9VIRU/324-486     1.02276450    0.93144539    1.06849130    0.37248296    0.00000000    2.52729101    2.43530334    1.90776721    2.05968393    1.42761942    1.42137805    1.34326810
A0A2U7UDG3_9VIRU/407-573     2.41374897    2.21391415    2.23781368    2.56259210    2.52729101    0.00000000    0.28162517    1.45285927    1.54088090    2.23437578    2.23438095    2.14901279
A0A2U7UG86_9VIRU/370-536     2.62763329    2.48928431    2.48725500    2.50704503    2.43530334    0.28162517    0.00000000    1.49919637    1.53565105    2.19078384    2.23612545    2.06064093
A0A0B5J083_9VIRU/419-579     1.88152258    1.87703388    1.81208065    1.90114565    1.90776721    1.45285927    1.49919637    0.00000000    0.27936498    1.74152690    2.01337397    1.95351339
S4VZ08_9VIRU/428-588     1.80176077    1.97792682    1.98659260    1.92679404    2.05968393    1.54088090    1.53565105    0.27936498    0.00000000    1.74353582    1.86431836    1.96179156
A0A0B5JAC7_9VIRU/205-368     1.34825036    1.27528289    1.39876929    1.49637408    1.42761942    2.23437578    2.19078384    1.74152690    1.74353582    0.00000000    0.33339289    0.38698125
S4VT96_9VIRU/274-437     1.38624512    1.27280046    1.39113453    1.47857189    1.42137805    2.23438095    2.23612545    2.01337397    1.86431836    0.33339289    0.00000000    0.45873189
S4W1H1_9VIRU/278-444     1.39224582    1.25980316    1.39359177    1.61170652    1.34326810    2.14901279    2.06064093    1.95351339    1.96179156    0.38698125    0.45873189    0.00000000

