29
A0A2M9BPR8_9BACT/744-826     0.00000000    2.65815832    2.68164988    2.44044611    2.77152928    2.97853148    0.75165669    1.49268100    0.83260937    0.97806753    1.24238601    1.45653192    2.33510968    2.15339259    1.81996403    2.10111589    1.90176167    1.57821799    2.09603119    2.21789871    1.98817187    1.60429127    1.09829009    1.39421240    1.41157021    0.75452552    0.90408533    0.91367120    0.71517513
A0A142XHZ4_9BACT/861-941     2.65815832    0.00000000    0.70194304    1.44597909    1.66306072    3.69433489    3.22435047    3.80202109    2.99141054    3.41975220    4.13970371    3.36206007    4.10262371    4.43560728    3.52355603    3.43543355    4.82141507    3.61985530    3.68351873    4.55710667    3.80219072    3.35736952    3.34425604    4.35480040    3.31914465    3.07688582    2.79471193    3.28084734    3.28849575
A0A225DZD3_9BACT/888-968     2.68164988    0.70194304    0.00000000    1.44227343    1.47691112    3.93130730    2.80359531    3.71114414    2.97453514    2.76853443    3.60448969    3.34819278    4.34762196    4.48904382    3.56377728    3.42103381    4.32508527    3.24807557    3.47191021    3.72242490    3.11940839    3.20331890    3.05234051    4.36830554    2.92298965    2.41362343    2.92376444    2.82597071    2.81511738
A0A432MGV0_9BACT/879-957     2.44044611    1.44597909    1.44227343    0.00000000    1.11430548    4.05248562    2.95939572    3.88878263    2.83622823    3.30566150    4.13057042    3.42271089    4.90124634    4.49760645    3.20095175    4.80280884    4.78184904    4.35631774    4.71685542    3.79814790    3.32554196    3.36950923    3.71781262    4.36207825    2.53390181    2.84675653    3.34256905    3.19654859    3.13459146
L0DC97_SINAD/847-925     2.77152928    1.66306072    1.47691112    1.11430548    0.00000000    4.04299191    3.11484014    3.64095399    2.79289709    3.16302175    3.90989465    3.49122570    3.99804470    3.75304277    2.36943843    3.85735732    2.99835407    4.23484359    3.67555760    3.62167303    3.32983162    3.68186291    3.73785943    4.96047965    2.83511309    2.97691862    3.39890200    3.10983269    3.07265516
A0A366H2Z9_9BACT/743-822     2.97853148    3.69433489    3.93130730    4.05248562    4.04299191    0.00000000    2.43643496    2.69854085    2.67259015    3.01605549    3.24683787    3.15077957    3.54473807    3.98853280    3.46431458    3.04007860    3.41427392    4.25044227    5.17931230    2.67797678    2.95794212    3.11555486    2.46988206    3.13158515    2.24337702    2.57047808    2.24323063    2.61746193    2.78450613
A0A2P8HKB3_9BACT/706-788     0.75165669    3.22435047    2.80359531    2.95939572    3.11484014    2.43643496    0.00000000    1.55065689    0.93310710    1.17837670    1.16688664    1.39757990    1.90862540    2.10606937    1.84523159    2.00017481    1.94427915    1.77368534    2.25350124    2.70127446    2.43045664    1.73219421    1.70995033    1.47730603    1.35023322    1.06287827    0.96253514    1.04705442    0.80589829
F4L0C9_HALH1/736-818     1.49268100    3.80202109    3.71114414    3.88878263    3.64095399    2.69854085    1.55065689    0.00000000    1.40034512    2.03067328    2.35393966    2.12864200    2.52421603    2.90220231    2.79838290    2.25401765    2.31578550    2.23239711    2.76863678    2.29163336    2.85611218    2.76381946    2.08588677    1.81862319    1.95055776    1.44734826    1.39306667    1.40437911    1.54052590
A0A1I0R714_9BACT/516-596     0.83260937    2.99141054    2.97453514    2.83622823    2.79289709    2.67259015    0.93310710    1.40034512    0.00000000    0.79248540    1.12456961    1.59942034    1.85564396    1.78513588    1.81475211    1.84628350    2.06821154    2.01346656    2.18283429    2.27575408    1.99760388    1.65632522    1.54275990    1.63778239    1.27907031    0.83321872    0.87612726    0.91935206    0.86621673
A0A1K1RPS1_9BACT/689-771     0.97806753    3.41975220    2.76853443    3.30566150    3.16302175    3.01605549    1.17837670    2.03067328    0.79248540    0.00000000    1.30161401    1.84921315    2.40995501    2.51323282    1.84100596    2.33412151    2.51810187    2.27197161    2.54520624    2.23360737    1.86484786    1.91431060    1.38830370    1.69440023    1.52842614    0.91483345    1.03819403    0.98155926    0.85615957
C7PD35_CHIPD/739-821     1.24238601    4.13970371    3.60448969    4.13057042    3.90989465    3.24683787    1.16688664    2.35393966    1.12456961    1.30161401    0.00000000    1.39896872    1.73289169    1.92948020    1.69803645    1.94145180    2.26617372    1.71370903    2.50633970    3.02758534    2.65716486    2.35478252    1.73304795    1.56426263    1.85386444    1.20100031    1.38042025    1.36769958    1.10099953
A0A3N7CEG6_9BACT/699-782     1.45653192    3.36206007    3.34819278    3.42271089    3.49122570    3.15077957    1.39757990    2.12864200    1.59942034    1.84921315    1.39896872    0.00000000    1.56241222    0.99919272    1.22151062    1.39756559    1.53773336    0.93708150    1.42464093    3.02358661    3.20730855    2.68299374    2.06922536    2.05338281    1.74374773    1.47833662    1.58330394    1.75017928    1.41479258
A0A345H5F7_9FLAO/711-793     2.33510968    4.10262371    4.34762196    4.90124634    3.99804470    3.54473807    1.90862540    2.52421603    1.85564396    2.40995501    1.73289169    1.56241222    0.00000000    1.03819209    1.33646110    1.34654793    1.87352024    1.37923181    2.19954965    3.73151762    2.94947829    2.95608606    2.29672231    2.35443283    3.23891772    2.17627234    1.94412666    2.27061483    1.97589914
I4ANR6_BERLS/787-869     2.15339259    4.43560728    4.48904382    4.49760645    3.75304277    3.98853280    2.10606937    2.90220231    1.78513588    2.51323282    1.92948020    0.99919272    1.03819209    0.00000000    1.32960449    1.48545539    1.69931212    0.89647858    1.59088879    3.48313302    3.66152719    3.27183775    2.29584162    2.22352144    2.54929124    2.17439966    2.00223853    2.50946605    2.02440307
A0A2S1R1V0_9FLAO/714-796     1.81996403    3.52355603    3.56377728    3.20095175    2.36943843    3.46431458    1.84523159    2.79838290    1.81475211    1.84100596    1.69803645    1.22151062    1.33646110    1.32960449    0.00000000    1.28276361    1.59875524    1.37325741    1.62781119    4.67019466    3.44890719    3.04493226    2.65318071    3.01220500    3.13162398    1.78272654    2.13029441    2.10500497    1.49536571
A0A0C1KY40_9BACT/689-771     2.10111589    3.43543355    3.42103381    4.80280884    3.85735732    3.04007860    2.00017481    2.25401765    1.84628350    2.33412151    1.94145180    1.39756559    1.34654793    1.48545539    1.28276361    0.00000000    1.39328603    1.21517732    1.42481363    3.65190467    3.21556528    3.25137173    2.47633095    2.67736677    2.77174560    1.97580786    1.73851779    2.30293563    2.10083242
A0A0M9DSE5_9BACT/681-762     1.90176167    4.82141507    4.32508527    4.78184904    2.99835407    3.41427392    1.94427915    2.31578550    2.06821154    2.51810187    2.26617372    1.53773336    1.87352024    1.69931212    1.59875524    1.39328603    0.00000000    1.25484090    1.80762474    3.89962682    3.08745260    2.68115659    2.50097289    2.52092101    2.66874354    2.18996937    2.16500839    1.92959877    2.26998096
A0A172TQY6_9BACT/689-771     1.57821799    3.61985530    3.24807557    4.35631774    4.23484359    4.25044227    1.77368534    2.23239711    2.01346656    2.27197161    1.71370903    0.93708150    1.37923181    0.89647858    1.37325741    1.21517732    1.25484090    0.00000000    1.20469748    3.27945814    3.19613901    3.15124473    2.06449967    1.95182240    2.88082713    1.56696466    1.86774130    1.83180995    1.82803769
A0A316ECJ9_9BACT/708-795     2.09603119    3.68351873    3.47191021    4.71685542    3.67555760    5.17931230    2.25350124    2.76863678    2.18283429    2.54520624    2.50633970    1.42464093    2.19954965    1.59088879    1.62781119    1.42481363    1.80762474    1.20469748    0.00000000    4.01488400    3.84268826    3.73131481    2.82274635    3.04625248    3.05423401    2.33733584    2.19186489    2.56393320    2.21507586
A0A255R7N9_9BACT/841-917     2.21789871    4.55710667    3.72242490    3.79814790    3.62167303    2.67797678    2.70127446    2.29163336    2.27575408    2.23360737    3.02758534    3.02358661    3.73151762    3.48313302    4.67019466    3.65190467    3.89962682    3.27945814    4.01488400    0.00000000    1.44514773    1.87142197    1.68003110    1.50667712    1.85921446    2.09462246    2.24493297    2.02808749    2.22168349
M5THQ4_9BACT/854-935     1.98817187    3.80219072    3.11940839    3.32554196    3.32983162    2.95794212    2.43045664    2.85611218    1.99760388    1.86484786    2.65716486    3.20730855    2.94947829    3.66152719    3.44890719    3.21556528    3.08745260    3.19613901    3.84268826    1.44514773    0.00000000    1.98370595    1.79762899    2.12126395    1.53989044    2.14661358    2.20333810    1.99605314    2.15827793
B4D8S6_9BACT/849-927     1.60429127    3.35736952    3.20331890    3.36950923    3.68186291    3.11555486    1.73219421    2.76381946    1.65632522    1.91431060    2.35478252    2.68299374    2.95608606    3.27183775    3.04493226    3.25137173    2.68115659    3.15124473    3.73131481    1.87142197    1.98370595    0.00000000    1.42023058    1.47656879    1.36855772    1.86572223    1.75827227    1.96416564    2.11436483
A0A142WVY5_9PLAN/858-938     1.09829009    3.34425604    3.05234051    3.71781262    3.73785943    2.46988206    1.70995033    2.08588677    1.54275990    1.38830370    1.73304795    2.06922536    2.29672231    2.29584162    2.65318071    2.47633095    2.50097289    2.06449967    2.82274635    1.68003110    1.79762899    1.42023058    0.00000000    0.89132968    1.65776248    1.27231207    1.27737915    1.31462946    1.51697335
A0A1I3E1R9_9PLAN/823-903     1.39421240    4.35480040    4.36830554    4.36207825    4.96047965    3.13158515    1.47730603    1.81862319    1.63778239    1.69440023    1.56426263    2.05338281    2.35443283    2.22352144    3.01220500    2.67736677    2.52092101    1.95182240    3.04625248    1.50667712    2.12126395    1.47656879    0.89132968    0.00000000    1.78764387    1.33163851    1.31532619    1.18532245    1.32193559
A0A2T6DNQ1_9BACT/948-1027     1.41157021    3.31914465    2.92298965    2.53390181    2.83511309    2.24337702    1.35023322    1.95055776    1.27907031    1.52842614    1.85386444    1.74374773    3.23891772    2.54929124    3.13162398    2.77174560    2.66874354    2.88082713    3.05423401    1.85921446    1.53989044    1.36855772    1.65776248    1.78764387    0.00000000    1.38670557    1.26739813    1.34529724    1.36971521
H1YH71_9SPHI/701-783     0.75452552    3.07688582    2.41362343    2.84675653    2.97691862    2.57047808    1.06287827    1.44734826    0.83321872    0.91483345    1.20100031    1.47833662    2.17627234    2.17439966    1.78272654    1.97580786    2.18996937    1.56696466    2.33733584    2.09462246    2.14661358    1.86572223    1.27231207    1.33163851    1.38670557    0.00000000    0.72664964    0.64481895    0.67907789
A0A3S2Y3U6_9SPHI/708-790     0.90408533    2.79471193    2.92376444    3.34256905    3.39890200    2.24323063    0.96253514    1.39306667    0.87612726    1.03819403    1.38042025    1.58330394    1.94412666    2.00223853    2.13029441    1.73851779    2.16500839    1.86774130    2.19186489    2.24493297    2.20333810    1.75827227    1.27737915    1.31532619    1.26739813    0.72664964    0.00000000    0.42093646    0.81812202
A0A495J4Z6_9SPHI/705-787     0.91367120    3.28084734    2.82597071    3.19654859    3.10983269    2.61746193    1.04705442    1.40437911    0.91935206    0.98155926    1.36769958    1.75017928    2.27061483    2.50946605    2.10500497    2.30293563    1.92959877    1.83180995    2.56393320    2.02808749    1.99605314    1.96416564    1.31462946    1.18532245    1.34529724    0.64481895    0.42093646    0.00000000    0.74291311
G8TQB2_NIAKG/747-829     0.71517513    3.28849575    2.81511738    3.13459146    3.07265516    2.78450613    0.80589829    1.54052590    0.86621673    0.85615957    1.10099953    1.41479258    1.97589914    2.02440307    1.49536571    2.10083242    2.26998096    1.82803769    2.21507586    2.22168349    2.15827793    2.11436483    1.51697335    1.32193559    1.36971521    0.67907789    0.81812202    0.74291311    0.00000000

