42
A0A1H3MB67_9RHOB/6-276     0.00000000    0.33331573    0.41331273    0.64367312    0.69273231    0.65737815    0.56519035    0.61599441    2.48448074    2.52646866    2.43337213    2.56850358    2.55625833    2.31953099    2.29663587    2.37067622    2.35614826    2.29444931    2.49564936    0.86534442    1.34239299    0.86297541    0.35608468    0.51811722    0.40738814    0.30064906    0.36938743    0.31348950    0.38612971    0.38703369    0.51010769    0.45859868    0.41046389    0.30802965    0.32706486    0.38974498    0.37675364    0.34747616    0.42542987    0.38833123    0.48231887    0.42901059
A0A1X6YG25_9RHOB/6-276     0.33331573    0.00000000    0.27288328    0.56964017    0.66643631    0.60878720    0.46660386    0.57767937    2.39153637    2.54686173    2.11805594    2.46109419    2.29966409    2.37664194    2.07979302    2.21673717    2.18254028    2.22299971    2.33671523    0.88979708    1.40965054    0.85921480    0.30682734    0.47071184    0.36045516    0.30470073    0.35990619    0.31528981    0.41325682    0.41031660    0.58657924    0.48294049    0.44053160    0.34058887    0.34962734    0.42290912    0.38572972    0.33122578    0.38661027    0.36097781    0.47090651    0.42530987
W4HJD6_9RHOB/6-276     0.41331273    0.27288328    0.00000000    0.61660768    0.70128070    0.67828209    0.55549783    0.57258143    2.36635288    2.30720377    2.19205266    2.46091139    2.10353920    2.22745587    2.06394752    2.24608961    2.19231693    2.17827369    2.37405250    0.88982560    1.43415872    0.84156016    0.39247390    0.57120918    0.44538410    0.42727394    0.40176316    0.42538429    0.48446268    0.45399254    0.56727549    0.48713105    0.46220638    0.43729223    0.41505576    0.49660156    0.47966922    0.42835837    0.45212275    0.45237958    0.53799522    0.49637074
A0A2T0RRN6_9RHOB/7-277     0.64367312    0.56964017    0.61660768    0.00000000    0.48893822    0.45408764    0.64759892    0.67762108    2.45759498    2.70136980    2.43033376    2.48429624    2.39404102    2.45792086    2.27204497    2.38389822    2.51658341    2.50891902    2.44246037    0.96160961    1.52903774    0.94157913    0.59071837    0.67677950    0.55135392    0.59691127    0.63651722    0.59500064    0.59748501    0.57990327    0.58472140    0.63788764    0.64782458    0.63968600    0.56160284    0.56704614    0.57579685    0.56706776    0.59327540    0.59479907    0.60363213    0.59099633
A0A239LVA2_9RHOB/7-277     0.69273231    0.66643631    0.70128070    0.48893822    0.00000000    0.47931997    0.59976605    0.68694480    2.45820803    2.68244314    2.45719671    2.55930192    2.40562912    2.43798915    2.16745856    2.39833206    2.34955253    2.44696946    2.50735108    0.95059327    1.49700030    0.89708214    0.62381496    0.72310628    0.67105872    0.69567678    0.73699395    0.73016078    0.74777800    0.68399713    0.73875539    0.70356673    0.68758940    0.70320729    0.61762759    0.67101046    0.70528989    0.65027519    0.72869335    0.65609344    0.64084437    0.69646439
A0A1I1NTH0_9RHOB/9-279     0.65737815    0.60878720    0.67828209    0.45408764    0.47931997    0.00000000    0.57689688    0.74571354    2.62189462    2.70075674    2.52704787    2.60642676    2.58570490    2.50448430    2.59868982    2.54593378    2.64164113    2.59528085    2.51913642    0.88600279    1.43557726    0.84601680    0.56977652    0.71143484    0.63953328    0.59363683    0.66462105    0.63402618    0.63106035    0.61850519    0.67841495    0.60147078    0.74854985    0.65949036    0.61383231    0.60046804    0.56921160    0.62401937    0.62943599    0.65086137    0.59943015    0.62449954
A0A3D9BPM5_9RHOB/7-277     0.56519035    0.46660386    0.55549783    0.64759892    0.59976605    0.57689688    0.00000000    0.57529444    2.21308157    2.23188034    2.18320829    2.44187902    2.24495407    2.33759440    2.09786556    2.17416290    2.21434022    2.28858680    2.43050711    0.82065406    1.33009223    0.73716956    0.52135260    0.68657583    0.61458134    0.58465438    0.59162475    0.58478907    0.64101850    0.63527557    0.66173061    0.52045011    0.70413932    0.62293171    0.53681663    0.65628232    0.58095502    0.52459251    0.59751535    0.54907749    0.60487768    0.59171795
A0A0L1JR28_9RHOB/9-275     0.61599441    0.57767937    0.57258143    0.67762108    0.68694480    0.74571354    0.57529444    0.00000000    2.33149806    2.44321323    2.27238585    2.53863758    2.27528101    2.26273329    2.22150894    2.32971495    2.48337574    2.36420053    2.62848524    0.77358037    1.21808528    0.80446710    0.60127189    0.76028984    0.72156764    0.64865505    0.63943897    0.66368723    0.70540248    0.64109165    0.70303621    0.64166039    0.72148222    0.71556533    0.65894735    0.69059455    0.64852960    0.63178596    0.67417043    0.72291621    0.69471768    0.58286846
A0A2T0STS9_9PSEU/12-275     2.48448074    2.39153637    2.36635288    2.45759498    2.45820803    2.62189462    2.21308157    2.33149806    0.00000000    0.61612576    0.55663218    0.59446414    0.62682809    0.65298784    0.64311306    0.67244469    0.66494428    0.71189607    0.76021964    2.60192863    2.77661049    2.53794486    2.41660463    2.50594792    2.55623982    2.23150863    2.44765724    2.42275157    2.20529766    2.37055893    2.43602065    2.55136626    2.32732151    2.54018657    2.42153980    2.48739424    2.24845001    2.47614938    2.37664581    2.34953171    2.39909214    2.64299102
A0A1I5Y1K4_9ACTN/12-275     2.52646866    2.54686173    2.30720377    2.70136980    2.68244314    2.70075674    2.23188034    2.44321323    0.61612576    0.00000000    0.37854540    0.40847464    0.37909622    0.39631004    0.42011556    0.44874771    0.47000531    0.45315633    0.45898348    2.78061228    2.95230443    2.65507817    2.37623808    2.59560563    2.67682100    2.46385751    2.35715107    2.55056984    2.50081211    2.53778658    2.67649392    2.59775481    2.63244334    2.77882002    2.65293152    2.56983659    2.44526537    2.67155331    2.44119572    2.47409368    2.57697712    2.83739621
A0A2M8LWN4_9ACTN/20-283     2.43337213    2.11805594    2.19205266    2.43033376    2.45719671    2.52704787    2.18320829    2.27238585    0.55663218    0.37854540    0.00000000    0.29552333    0.30685356    0.36025822    0.38914843    0.42516025    0.39150509    0.48101695    0.46010174    2.71886858    2.77717365    2.70699603    2.28948565    2.36857215    2.54699741    2.25082938    2.21765370    2.26123880    2.22542737    2.33473592    2.55874950    2.49068736    2.34036003    2.48321556    2.55458517    2.44244773    2.23179721    2.41353860    2.38389934    2.28997527    2.36485675    2.63836235
A0A2P8Q8Q0_9ACTN/12-275     2.56850358    2.46109419    2.46091139    2.48429624    2.55930192    2.60642676    2.44187902    2.53863758    0.59446414    0.40847464    0.29552333    0.00000000    0.30521245    0.31724796    0.47410280    0.45139488    0.42102291    0.54440774    0.49563634    2.89711017    3.21405536    2.86598903    2.56753011    2.50406969    2.68341541    2.34784080    2.57255047    2.63744044    2.34460133    2.54263046    2.63258285    2.78493150    2.53117656    2.78443537    2.58229163    2.49596684    2.44645198    2.58535621    2.58510107    2.45508466    2.51170213    2.72303542
F3NN65_9ACTN/12-275     2.55625833    2.29966409    2.10353920    2.39404102    2.40562912    2.58570490    2.24495407    2.27528101    0.62682809    0.37909622    0.30685356    0.30521245    0.00000000    0.27175486    0.44209269    0.42789828    0.40504268    0.52059524    0.51856276    2.82832569    3.19960259    2.71692470    2.25395912    2.50163245    2.51683075    2.30257456    2.30884866    2.37081247    2.36278290    2.43467434    2.59387624    2.55389086    2.26053038    2.57325842    2.45841576    2.39921869    2.35888141    2.45479381    2.46495916    2.30640234    2.40418137    2.67636068
S4AXW0_9ACTN/12-275     2.31953099    2.37664194    2.22745587    2.45792086    2.43798915    2.50448430    2.33759440    2.26273329    0.65298784    0.39631004    0.36025822    0.31724796    0.27175486    0.00000000    0.44157299    0.44224617    0.41505505    0.47325215    0.49345595    2.72592300    2.95063409    2.54608476    2.30522960    2.41960513    2.43297672    2.17918919    2.16239803    2.31936215    2.21517694    2.36002358    2.49298422    2.58601292    2.38135630    2.55309439    2.44550966    2.28776035    2.23334588    2.35448711    2.56644247    2.31109030    2.45979150    2.68122398
O54147_STRCO/12-275     2.29663587    2.07979302    2.06394752    2.27204497    2.16745856    2.59868982    2.09786556    2.22150894    0.64311306    0.42011556    0.38914843    0.47410280    0.44209269    0.44157299    0.00000000    0.46914397    0.43572808    0.47682664    0.45656792    2.53169477    2.82622329    2.63412323    2.10047839    2.35692201    2.32977760    2.19657825    2.13356113    2.22575536    2.25407151    2.25176496    2.51018268    2.42858750    2.21870105    2.48769585    2.30231927    2.38542572    2.23545270    2.11689338    2.20924282    2.18944385    2.34505310    2.44293756
V6L3Y1_9ACTN/12-275     2.37067622    2.21673717    2.24608961    2.38389822    2.39833206    2.54593378    2.17416290    2.32971495    0.67244469    0.44874771    0.42516025    0.45139488    0.42789828    0.44224617    0.46914397    0.00000000    0.36252676    0.42069172    0.47337369    2.63410940    2.96130082    2.68354295    2.16680180    2.40638444    2.40960646    2.19645619    2.21451219    2.27588689    2.25557172    2.24860938    2.30398899    2.46106256    2.26672338    2.52083282    2.45196353    2.33227829    2.34123267    2.18833245    2.23583364    2.30602230    2.30102697    2.45415115
A0A1E7KEU7_9ACTN/12-275     2.35614826    2.18254028    2.19231693    2.51658341    2.34955253    2.64164113    2.21434022    2.48337574    0.66494428    0.47000531    0.39150509    0.42102291    0.40504268    0.41505505    0.43572808    0.36252676    0.00000000    0.44704292    0.44022792    2.73261704    3.04969150    2.59846424    2.09324754    2.38286977    2.25260047    2.31535912    2.22269208    2.40660664    2.37956991    2.35215925    2.52244590    2.57469578    2.41265590    2.50196513    2.34411152    2.52503019    2.53736987    2.32176654    2.27529097    2.26219557    2.34824086    2.68424658
A0A2P7PJF1_9ACTN/12-275     2.29444931    2.22299971    2.17827369    2.50891902    2.44696946    2.59528085    2.28858680    2.36420053    0.71189607    0.45315633    0.48101695    0.54440774    0.52059524    0.47325215    0.47682664    0.42069172    0.44704292    0.00000000    0.49838474    2.70907738    2.87194613    2.51795175    2.20924940    2.42708192    2.45438861    2.33102697    2.30206395    2.50737078    2.35793722    2.39823790    2.40578565    2.55563673    2.47826584    2.64827728    2.43218596    2.38703158    2.46992063    2.36740598    2.37484268    2.52713901    2.50116640    2.67770827
A0A2G9DS52_9ACTN/12-275     2.49564936    2.33671523    2.37405250    2.44246037    2.50735108    2.51913642    2.43050711    2.62848524    0.76021964    0.45898348    0.46010174    0.49563634    0.51856276    0.49345595    0.45656792    0.47337369    0.44022792    0.49838474    0.00000000    2.83497810    3.08406733    2.79304104    2.34518639    2.45632276    2.53398243    2.41091390    2.29652000    2.50479098    2.31600412    2.46098286    2.61820352    2.66127527    2.55556089    2.78530645    2.51589550    2.43006330    2.49109351    2.45601851    2.43531103    2.41140424    2.59943886    2.71487042
A0A316GCZ0_9RHOB/3-274     0.86534442    0.88979708    0.88982560    0.96160961    0.95059327    0.88600279    0.82065406    0.77358037    2.60192863    2.78061228    2.71886858    2.89711017    2.82832569    2.72592300    2.53169477    2.63410940    2.73261704    2.70907738    2.83497810    0.00000000    0.93971319    0.42859238    0.83848985    0.91469654    0.98646384    0.94023818    0.87923540    0.88717801    0.89927757    0.88139072    0.91079862    0.85209131    0.96950739    0.90421676    0.85865631    0.94312492    0.91805384    0.92394990    0.92204446    0.84261245    0.86498462    0.94240098
Q28L84_JANSC/3-271     1.34239299    1.40965054    1.43415872    1.52903774    1.49700030    1.43557726    1.33009223    1.21808528    2.77661049    2.95230443    2.77717365    3.21405536    3.19960259    2.95063409    2.82622329    2.96130082    3.04969150    2.87194613    3.08406733    0.93971319    0.00000000    0.85591964    1.38669834    1.40176583    1.53886581    1.47480039    1.45009954    1.40260116    1.44037564    1.33046382    1.41968414    1.38934853    1.52575450    1.45528244    1.41315670    1.44339629    1.40166032    1.50118449    1.50588700    1.49866775    1.59714678    1.53022584
A0A3L9Y2F8_9RHOB/5-276     0.86297541    0.85921480    0.84156016    0.94157913    0.89708214    0.84601680    0.73716956    0.80446710    2.53794486    2.65507817    2.70699603    2.86598903    2.71692470    2.54608476    2.63412323    2.68354295    2.59846424    2.51795175    2.79304104    0.42859238    0.85591964    0.00000000    0.83035813    0.93866781    0.94011028    0.88318880    0.87848730    0.87374744    0.94294496    0.89716850    0.92169454    0.85814477    0.96674457    0.90913870    0.80915193    0.89756625    0.92673158    0.92448557    0.89313440    0.88846510    0.90684888    0.90219378
X7ED42_9RHOB/6-277     0.35608468    0.30682734    0.39247390    0.59071837    0.62381496    0.56977652    0.52135260    0.60127189    2.41660463    2.37623808    2.28948565    2.56753011    2.25395912    2.30522960    2.10047839    2.16680180    2.09324754    2.20924940    2.34518639    0.83848985    1.38669834    0.83035813    0.00000000    0.55155106    0.39496787    0.36230156    0.36331165    0.36566117    0.44639102    0.35812180    0.53832889    0.51471635    0.46421641    0.37494831    0.32405372    0.43575769    0.39114465    0.37251787    0.37329520    0.42217745    0.47185446    0.43974822
A0A177H9K4_9RHOB/6-276     0.51811722    0.47071184    0.57120918    0.67677950    0.72310628    0.71143484    0.68657583    0.76028984    2.50594792    2.59560563    2.36857215    2.50406969    2.50163245    2.41960513    2.35692201    2.40638444    2.38286977    2.42708192    2.45632276    0.91469654    1.40176583    0.93866781    0.55155106    0.00000000    0.50054060    0.50768024    0.52616033    0.52240181    0.51662947    0.49235531    0.57480798    0.60115958    0.53125733    0.47508058    0.54289627    0.54390299    0.56787210    0.52383956    0.55278545    0.55498494    0.56291841    0.59314498
A0A1N7MCP1_9RHOB/6-278     0.40738814    0.36045516    0.44538410    0.55135392    0.67105872    0.63953328    0.61458134    0.72156764    2.55623982    2.67682100    2.54699741    2.68341541    2.51683075    2.43297672    2.32977760    2.40960646    2.25260047    2.45438861    2.53398243    0.98646384    1.53886581    0.94011028    0.39496787    0.50054060    0.00000000    0.42613056    0.42637172    0.41291863    0.48109479    0.41898068    0.47992353    0.51285647    0.51999804    0.38492855    0.38964462    0.44734231    0.42674423    0.43227033    0.46291923    0.46663866    0.47703606    0.52376540
A0A2T6AZQ8_9RHOB/7-277     0.30064906    0.30470073    0.42727394    0.59691127    0.69567678    0.59363683    0.58465438    0.64865505    2.23150863    2.46385751    2.25082938    2.34784080    2.30257456    2.17918919    2.19657825    2.19645619    2.31535912    2.33102697    2.41091390    0.94023818    1.47480039    0.88318880    0.36230156    0.50768024    0.42613056    0.00000000    0.30683351    0.25805024    0.30798278    0.34958268    0.49865908    0.44695135    0.41927293    0.32557563    0.30531962    0.33861404    0.38722959    0.33638697    0.38938204    0.41976770    0.46568580    0.38646312
A0A0W7WQH1_9RHOB/6-276     0.36938743    0.35990619    0.40176316    0.63651722    0.73699395    0.66462105    0.59162475    0.63943897    2.44765724    2.35715107    2.21765370    2.57255047    2.30884866    2.16239803    2.13356113    2.21451219    2.22269208    2.30206395    2.29652000    0.87923540    1.45009954    0.87848730    0.36331165    0.52616033    0.42637172    0.30683351    0.00000000    0.27910416    0.39383664    0.41441870    0.49006047    0.49840098    0.48028956    0.37990810    0.40791643    0.42682115    0.42573537    0.35031744    0.40515293    0.47667016    0.48594745    0.45230675
A0A222E358_9RHOB/6-276     0.31348950    0.31528981    0.42538429    0.59500064    0.73016078    0.63402618    0.58478907    0.66368723    2.42275157    2.55056984    2.26123880    2.63744044    2.37081247    2.31936215    2.22575536    2.27588689    2.40660664    2.50737078    2.50479098    0.88717801    1.40260116    0.87374744    0.36566117    0.52240181    0.41291863    0.25805024    0.27910416    0.00000000    0.30302010    0.35861645    0.42143049    0.44655365    0.43771788    0.31205253    0.36854602    0.34362817    0.36117426    0.34423732    0.41326056    0.39055595    0.45246123    0.39985132
A0A0P1G1A0_9RHOB/6-276     0.38612971    0.41325682    0.48446268    0.59748501    0.74777800    0.63106035    0.64101850    0.70540248    2.20529766    2.50081211    2.22542737    2.34460133    2.36278290    2.21517694    2.25407151    2.25557172    2.37956991    2.35793722    2.31600412    0.89927757    1.44037564    0.94294496    0.44639102    0.51662947    0.48109479    0.30798278    0.39383664    0.30302010    0.00000000    0.32841945    0.48025679    0.50956699    0.44368511    0.41889185    0.38522408    0.30201250    0.37422010    0.41931963    0.46077328    0.46340287    0.49314624    0.41221798
A0A1X4NMD0_9RHOB/6-276     0.38703369    0.41031660    0.45399254    0.57990327    0.68399713    0.61850519    0.63527557    0.64109165    2.37055893    2.53778658    2.33473592    2.54263046    2.43467434    2.36002358    2.25176496    2.24860938    2.35215925    2.39823790    2.46098286    0.88139072    1.33046382    0.89716850    0.35812180    0.49235531    0.41898068    0.34958268    0.41441870    0.35861645    0.32841945    0.00000000    0.33094586    0.35874585    0.32371723    0.27405422    0.27841034    0.28764914    0.35695237    0.40351009    0.37954410    0.38921916    0.38328681    0.41958059
B6B413_9RHOB/6-276     0.51010769    0.58657924    0.56727549    0.58472140    0.73875539    0.67841495    0.66173061    0.70303621    2.43602065    2.67649392    2.55874950    2.63258285    2.59387624    2.49298422    2.51018268    2.30398899    2.52244590    2.40578565    2.61820352    0.91079862    1.41968414    0.92169454    0.53832889    0.57480798    0.47992353    0.49865908    0.49006047    0.42143049    0.48025679    0.33094586    0.00000000    0.42910320    0.43097719    0.39144506    0.43243861    0.33757902    0.48261553    0.47600848    0.49426933    0.54157932    0.47420262    0.56265737
A0A0H4KXY7_9RHOB/6-276     0.45859868    0.48294049    0.48713105    0.63788764    0.70356673    0.60147078    0.52045011    0.64166039    2.55136626    2.59775481    2.49068736    2.78493150    2.55389086    2.58601292    2.42858750    2.46106256    2.57469578    2.55563673    2.66127527    0.85209131    1.38934853    0.85814477    0.51471635    0.60115958    0.51285647    0.44695135    0.49840098    0.44655365    0.50956699    0.35874585    0.42910320    0.00000000    0.50548879    0.41983678    0.42420146    0.44412811    0.51222420    0.42283190    0.38160200    0.41675923    0.47910278    0.50639494
A0A2R8AQU9_9RHOB/6-276     0.41046389    0.44053160    0.46220638    0.64782458    0.68758940    0.74854985    0.70413932    0.72148222    2.32732151    2.63244334    2.34036003    2.53117656    2.26053038    2.38135630    2.21870105    2.26672338    2.41265590    2.47826584    2.55556089    0.96950739    1.52575450    0.96674457    0.46421641    0.53125733    0.51999804    0.41927293    0.48028956    0.43771788    0.44368511    0.32371723    0.43097719    0.50548879    0.00000000    0.29681676    0.36171095    0.36339882    0.41438520    0.42740854    0.42320014    0.42484397    0.43808392    0.48014530
A0A0J5QEY1_9RHOB/6-276     0.30802965    0.34058887    0.43729223    0.63968600    0.70320729    0.65949036    0.62293171    0.71556533    2.54018657    2.77882002    2.48321556    2.78443537    2.57325842    2.55309439    2.48769585    2.52083282    2.50196513    2.64827728    2.78530645    0.90421676    1.45528244    0.90913870    0.37494831    0.47508058    0.38492855    0.32557563    0.37990810    0.31205253    0.41889185    0.27405422    0.39144506    0.41983678    0.29681676    0.00000000    0.26637096    0.35844732    0.33511872    0.37794987    0.36325843    0.35128713    0.39262720    0.49694223
A0A369TNK4_9RHOB/6-276     0.32706486    0.34962734    0.41505576    0.56160284    0.61762759    0.61383231    0.53681663    0.65894735    2.42153980    2.65293152    2.55458517    2.58229163    2.45841576    2.44550966    2.30231927    2.45196353    2.34411152    2.43218596    2.51589550    0.85865631    1.41315670    0.80915193    0.32405372    0.54289627    0.38964462    0.30531962    0.40791643    0.36854602    0.38522408    0.27841034    0.43243861    0.42420146    0.36171095    0.26637096    0.00000000    0.31065904    0.37531858    0.33971701    0.31997826    0.30783100    0.40862459    0.38163546
A0A238JH31_9RHOB/6-276     0.38974498    0.42290912    0.49660156    0.56704614    0.67101046    0.60046804    0.65628232    0.69059455    2.48739424    2.56983659    2.44244773    2.49596684    2.39921869    2.28776035    2.38542572    2.33227829    2.52503019    2.38703158    2.43006330    0.94312492    1.44339629    0.89756625    0.43575769    0.54390299    0.44734231    0.33861404    0.42682115    0.34362817    0.30201250    0.28764914    0.33757902    0.44412811    0.36339882    0.35844732    0.31065904    0.00000000    0.33812323    0.39957054    0.44324556    0.45190094    0.46161182    0.39797153
A0A1W2D1B6_9RHOB/6-276     0.37675364    0.38572972    0.47966922    0.57579685    0.70528989    0.56921160    0.58095502    0.64852960    2.24845001    2.44526537    2.23179721    2.44645198    2.35888141    2.23334588    2.23545270    2.34123267    2.53736987    2.46992063    2.49109351    0.91805384    1.40166032    0.92673158    0.39114465    0.56787210    0.42674423    0.38722959    0.42573537    0.36117426    0.37422010    0.35695237    0.48261553    0.51222420    0.41438520    0.33511872    0.37531858    0.33812323    0.00000000    0.39832491    0.41959563    0.45760524    0.51098205    0.44367083
S9SK41_9RHOB/6-274     0.34747616    0.33122578    0.42835837    0.56706776    0.65027519    0.62401937    0.52459251    0.63178596    2.47614938    2.67155331    2.41353860    2.58535621    2.45479381    2.35448711    2.11689338    2.18833245    2.32176654    2.36740598    2.45601851    0.92394990    1.50118449    0.92448557    0.37251787    0.52383956    0.43227033    0.33638697    0.35031744    0.34423732    0.41931963    0.40351009    0.47600848    0.42283190    0.42740854    0.37794987    0.33971701    0.39957054    0.39832491    0.00000000    0.28162978    0.32569094    0.38238022    0.37421150
Q0FPI2_SALBH/6-276     0.42542987    0.38661027    0.45212275    0.59327540    0.72869335    0.62943599    0.59751535    0.67417043    2.37664581    2.44119572    2.38389934    2.58510107    2.46495916    2.56644247    2.20924282    2.23583364    2.27529097    2.37484268    2.43531103    0.92204446    1.50588700    0.89313440    0.37329520    0.55278545    0.46291923    0.38938204    0.40515293    0.41326056    0.46077328    0.37954410    0.49426933    0.38160200    0.42320014    0.36325843    0.31997826    0.44324556    0.41959563    0.28162978    0.00000000    0.28099840    0.32454018    0.39987898
A0A1G8IWT9_9RHOB/6-276     0.38833123    0.36097781    0.45237958    0.59479907    0.65609344    0.65086137    0.54907749    0.72291621    2.34953171    2.47409368    2.28997527    2.45508466    2.30640234    2.31109030    2.18944385    2.30602230    2.26219557    2.52713901    2.41140424    0.84261245    1.49866775    0.88846510    0.42217745    0.55498494    0.46663866    0.41976770    0.47667016    0.39055595    0.46340287    0.38921916    0.54157932    0.41675923    0.42484397    0.35128713    0.30783100    0.45190094    0.45760524    0.32569094    0.28099840    0.00000000    0.26900359    0.42698631
A0A1B1PSF0_9RHOB/9-279     0.48231887    0.47090651    0.53799522    0.60363213    0.64084437    0.59943015    0.60487768    0.69471768    2.39909214    2.57697712    2.36485675    2.51170213    2.40418137    2.45979150    2.34505310    2.30102697    2.34824086    2.50116640    2.59943886    0.86498462    1.59714678    0.90684888    0.47185446    0.56291841    0.47703606    0.46568580    0.48594745    0.45246123    0.49314624    0.38328681    0.47420262    0.47910278    0.43808392    0.39262720    0.40862459    0.46161182    0.51098205    0.38238022    0.32454018    0.26900359    0.00000000    0.43926129
A3K422_9RHOB/11-282     0.42901059    0.42530987    0.49637074    0.59099633    0.69646439    0.62449954    0.59171795    0.58286846    2.64299102    2.83739621    2.63836235    2.72303542    2.67636068    2.68122398    2.44293756    2.45415115    2.68424658    2.67770827    2.71487042    0.94240098    1.53022584    0.90219378    0.43974822    0.59314498    0.52376540    0.38646312    0.45230675    0.39985132    0.41221798    0.41958059    0.56265737    0.50639494    0.48014530    0.49694223    0.38163546    0.39797153    0.44367083    0.37421150    0.39987898    0.42698631    0.43926129    0.00000000

