39
A0A067PSG3_9AGAM/20-84     0.00000000    0.48062652    0.46808092    0.51908625    0.46824543    1.45660721    1.93324768    2.00553574    1.78351600    1.88131820    1.91741631    1.61892907    1.76318122    1.61908579    1.74882775    1.66129163    1.76175566    1.82828207    1.63615165    1.62686674    1.69381332    1.90186505    1.66742542    1.86231591    1.51059515    1.47420358    1.67041088    1.67244245    0.87385169    1.19804978    1.06063801    0.86613693    0.97217606    1.14714141    1.24028491    1.08913776    0.62307265    0.64868101    0.44475587
A0A067M2T9_9AGAM/22-86     0.48062652    0.00000000    0.34545874    0.68220082    0.54055962    1.37860311    1.88559819    2.00268509    1.87981377    1.66340757    1.85356694    1.77692725    1.82338901    1.61882049    1.85244620    1.83317031    1.58695842    1.77579564    1.71730855    1.69024367    1.78087257    1.89532039    1.75484265    1.95311760    1.61759506    1.67361662    1.81390549    1.80338303    0.90780155    1.02835368    1.10922657    0.61788019    0.98063667    1.28517734    1.29441552    1.15195722    0.75751551    0.75590477    0.63157211
A0A067M3E7_9AGAM/21-85     0.46808092    0.34545874    0.00000000    0.68975354    0.49977559    1.54103777    1.88983242    2.04578503    2.06062241    1.82774404    2.10902369    1.88238058    2.01015218    1.86052469    1.91073557    1.89433900    1.96286440    1.90877469    1.70575892    1.78651310    1.62926812    1.76312396    1.71534556    1.77040484    1.62339115    1.80058135    1.72454298    1.75960246    0.87263551    1.10192855    1.15383160    0.84526349    1.08114182    1.30600428    1.47138546    1.28367668    0.87296617    0.65448812    0.54602464
A0A067M3F2_9AGAM/21-86     0.51908625    0.68220082    0.68975354    0.00000000    0.31771400    1.62675118    2.00634426    2.57279954    2.19978298    1.99363574    2.07907772    1.97357515    2.07942662    1.79232548    1.99420858    1.97751059    1.82375699    2.00958551    1.92333301    1.81372841    1.94334041    1.98561154    1.98844130    2.17615917    1.71057300    1.71350720    2.01522354    1.89470262    1.07424891    1.17565829    1.33763047    1.02333723    0.92886708    1.07157014    1.56972729    1.34745845    0.71563043    0.60729385    0.49397081
A0A067MDX9_9AGAM/48-114     0.46824543    0.54055962    0.49977559    0.31771400    0.00000000    1.68565836    1.69196980    2.02719472    2.06701389    1.95652745    2.05221187    1.91050881    1.94323488    1.73569155    1.92529803    1.86467780    1.80275784    1.98156450    1.77700256    1.68232176    1.74694654    1.75943675    1.75325611    2.02230550    1.63618437    1.67653496    1.85653175    1.88947401    0.84091498    1.14661096    1.23664826    0.92250289    1.06635231    1.20475765    1.43708528    1.42329625    0.65427755    0.50042015    0.43028142
A0A0C3FFB9_PILCF/23-95     1.45660721    1.37860311    1.54103777    1.62675118    1.68565836    0.00000000    1.96764526    2.30346078    2.02996431    2.05938862    2.38503041    2.27324163    2.64143142    2.41612972    2.40199436    2.40512170    2.41289853    2.25068461    1.99583715    1.93585353    1.93675318    2.14166506    2.10562359    2.26082499    2.10491783    2.31444298    1.96197140    1.72669959    2.14863846    2.01456367    1.94242134    1.54259005    1.64074108    1.63848327    1.81911662    1.81333295    1.40580649    1.64605659    1.43799809
A0A1E1KPF7_9HELO/23-85     1.93324768    1.88559819    1.88983242    2.00634426    1.69196980    1.96764526    0.00000000    2.00652638    1.77411282    2.01570897    2.06357542    2.14107002    2.44009689    2.15891984    2.29718132    1.99223452    2.11187403    2.16861362    1.64242799    1.79458625    1.55943671    1.97801311    1.76784939    2.44053752    2.03446434    1.76550736    1.80115601    1.65017239    2.02796670    2.39016026    2.19730414    2.12209938    1.98832211    1.89758952    2.52691852    2.41020211    1.76582317    1.94649522    1.89250307
I4Y8K2_WALMC/26-95     2.00553574    2.00268509    2.04578503    2.57279954    2.02719472    2.30346078    2.00652638    0.00000000    1.20036912    1.48053746    2.29056514    2.08045786    2.26988576    1.97724844    1.92221572    1.97198666    1.99554505    2.09045062    1.85709393    1.90937686    1.99787968    2.38111304    1.93734825    2.30625075    2.24842107    1.97037293    1.93525557    1.81538769    2.11534419    2.64982264    2.37085106    2.33666172    2.37351334    2.60227168    2.82568814    2.75231943    2.27037874    2.20698424    1.90995228
I4Y8T0_WALMC/21-94     1.78351600    1.87981377    2.06062241    2.19978298    2.06701389    2.02996431    1.77411282    1.20036912    0.00000000    0.36984399    1.81017446    1.77007590    1.76984950    1.67531487    1.74177235    1.70395230    1.51807483    1.62158149    1.52231512    1.38149845    1.44856377    1.68012578    1.66506431    1.80913852    2.06348552    2.21921153    1.66529822    1.38931284    2.07342758    1.99273245    2.18047725    1.92741390    2.07377538    2.08723905    2.13506020    2.02799160    1.79382869    1.91691245    1.62882296
I4Y8S9_WALMC/53-126     1.88131820    1.66340757    1.82774404    1.99363574    1.95652745    2.05938862    2.01570897    1.48053746    0.36984399    0.00000000    1.94693502    1.87508997    1.93499999    1.60073340    1.78255400    1.74245394    1.41360935    1.55089025    1.65336539    1.57742990    1.62270468    1.79672259    1.76502808    1.94920064    2.09201295    1.98980716    1.71594561    1.49862257    2.24179674    2.00751002    2.01310589    1.77541743    1.95444792    2.07445484    2.05133139    1.94945092    1.68565609    1.95359855    1.72888460
K5WIN7_AGABU/33-103     1.91741631    1.85356694    2.10902369    2.07907772    2.05221187    2.38503041    2.06357542    2.29056514    1.81017446    1.94693502    0.00000000    1.04418033    0.96977163    0.89494058    1.04046770    1.09952940    0.46546601    0.63002881    1.33047134    1.26265913    1.39102484    1.68160568    1.33613303    1.66859530    1.48896283    1.65401099    1.13920748    0.95935831    2.14566577    2.22025099    2.49538608    2.35943312    1.83950481    2.28400063    2.28795203    2.49786954    1.84851562    1.93345439    1.75455892
I4Y7W2_WALMC/28-92     1.61892907    1.77692725    1.88238058    1.97357515    1.91050881    2.27324163    2.14107002    2.08045786    1.77007590    1.87508997    1.04418033    0.00000000    0.49280574    0.52390599    0.41777995    0.62630063    0.78910848    0.91989814    1.04382397    0.96652692    1.01330023    1.41968859    1.10893493    1.52430404    0.93323476    1.30334477    1.12117298    0.86385090    1.81683223    2.28670474    2.60022767    2.25594593    2.08920207    2.65429992    2.63911114    2.69830316    1.69071291    1.60083043    1.69930209
R9A9J2_WALI9/21-86     1.76318122    1.82338901    2.01015218    2.07942662    1.94323488    2.64143142    2.44009689    2.26988576    1.76984950    1.93499999    0.96977163    0.49280574    0.00000000    0.39019211    0.34381206    0.49157457    0.70803912    0.79440334    0.98130896    0.97570738    1.02741406    1.41004115    0.97313218    1.15260758    1.07249779    1.25037652    1.20196459    1.04399952    1.87120484    2.02557501    2.71838596    2.25212070    2.02954669    2.61207585    2.69134070    2.64583356    1.84068466    1.75514614    1.69871145
R9A9R1_WALI9/21-84     1.61908579    1.61882049    1.86052469    1.79232548    1.73569155    2.41612972    2.15891984    1.97724844    1.67531487    1.60073340    0.89494058    0.52390599    0.39019211    0.00000000    0.36918525    0.56402162    0.57119470    0.72637783    1.21304182    1.13921649    1.25762504    1.68378725    1.16687466    1.42506471    1.16714606    1.39265005    1.12925187    0.89689079    1.78278708    1.90878697    2.79587630    2.25843102    2.07106802    2.52298972    2.75562963    2.73750558    1.63910454    1.48021008    1.71870818
A0A0D7B6C8_9AGAR/18-83     1.74882775    1.85244620    1.91073557    1.99420858    1.92529803    2.40199436    2.29718132    1.92221572    1.74177235    1.78255400    1.04046770    0.41777995    0.34381206    0.36918525    0.00000000    0.31839307    0.68623833    0.81393449    1.15548602    1.14507425    1.20746713    1.61451762    1.17735282    1.44487673    0.99988684    1.35488993    1.17909602    0.95057106    1.96930157    2.34550955    3.06833813    2.38267991    2.34059697    2.76855434    2.75355870    2.79206440    1.79772356    1.62826360    1.78790201
I4YAB8_WALMC/21-87     1.66129163    1.83317031    1.89433900    1.97751059    1.86467780    2.40512170    1.99223452    1.97198666    1.70395230    1.74245394    1.09952940    0.62630063    0.49157457    0.56402162    0.31839307    0.00000000    0.75781615    0.78485037    1.28493445    1.35556073    1.41959260    1.73272928    1.44696773    1.56560564    1.24939700    1.38228748    1.36758911    1.06367716    1.85335836    2.23431047    2.63430269    2.16779387    2.12038255    2.33891108    2.13793702    2.18280912    1.77711722    1.68950306    1.78969651
K5WX41_AGABU/33-102     1.76175566    1.58695842    1.96286440    1.82375699    1.80275784    2.41289853    2.11187403    1.99554505    1.51807483    1.41360935    0.46546601    0.78910848    0.70803912    0.57119470    0.68623833    0.75781615    0.00000000    0.30676714    1.15997515    1.11810056    1.24266867    1.49830617    1.21343639    1.49764397    1.32935708    1.50083666    1.31339329    0.94419340    1.80885549    1.95524923    2.50219002    2.23222448    1.84186315    2.31717401    2.37408529    2.36381834    1.73901161    1.63898517    1.59240089
K5XKV5_AGABU/34-103     1.82828207    1.77579564    1.90877469    2.00958551    1.98156450    2.25068461    2.16861362    2.09045062    1.62158149    1.55089025    0.63002881    0.91989814    0.79440334    0.72637783    0.81393449    0.78485037    0.30676714    0.00000000    1.22011893    1.17909553    1.28125853    1.68984520    1.22944725    1.31601263    1.38061495    1.32870456    1.21886399    0.89150281    1.88674154    2.01394285    2.36169068    2.22333526    1.95344124    2.17050576    2.54160543    2.32925463    1.83900290    1.78394178    1.77806347
A0A0D1E8I5_USTMA/24-95     1.63615165    1.71730855    1.70575892    1.92333301    1.77700256    1.99583715    1.64242799    1.85709393    1.52231512    1.65336539    1.33047134    1.04382397    0.98130896    1.21304182    1.15548602    1.28493445    1.15997515    1.22011893    0.00000000    0.40523913    0.44736430    0.66320663    0.49627616    0.60413361    0.53252029    1.17277682    0.70101824    0.52666312    1.80246546    1.85455917    2.37306821    2.01368277    1.97276961    2.11971470    2.47416335    2.14656765    1.58126973    1.90374669    1.62055892
R9PD08_PSEHS/25-97     1.62686674    1.69024367    1.78651310    1.81372841    1.68232176    1.93585353    1.79458625    1.90937686    1.38149845    1.57742990    1.26265913    0.96652692    0.97570738    1.13921649    1.14507425    1.35556073    1.11810056    1.17909553    0.40523913    0.00000000    0.36060400    0.65466656    0.43560284    0.77512863    0.79289206    1.14817679    0.81181115    0.51792148    1.83731229    1.96111000    2.30503445    1.91447336    1.81227900    1.88587240    2.24699549    2.06557612    1.68039140    1.71828310    1.54964700
A0A0D1DME2_USTMA/22-93     1.69381332    1.78087257    1.62926812    1.94334041    1.74694654    1.93675318    1.55943671    1.99787968    1.44856377    1.62270468    1.39102484    1.01330023    1.02741406    1.25762504    1.20746713    1.41959260    1.24266867    1.28125853    0.44736430    0.36060400    0.00000000    0.46609574    0.25997978    0.74714679    0.77218567    1.20420956    0.70013694    0.53962710    1.82683160    2.07416866    2.55458962    2.12395008    1.88490578    2.06864212    2.48293983    2.17124887    1.66482225    1.76731622    1.51130885
A0A0D1CGR1_USTMA/25-96     1.90186505    1.89532039    1.76312396    1.98561154    1.75943675    2.14166506    1.97801311    2.38111304    1.68012578    1.79672259    1.68160568    1.41968859    1.41004115    1.68378725    1.61451762    1.73272928    1.49830617    1.68984520    0.66320663    0.65466656    0.46609574    0.00000000    0.45972925    1.02178056    1.13683210    1.62990004    0.81586665    0.77121558    1.78817648    2.07630819    2.63419027    2.40832111    2.03971078    2.10855124    2.23209166    2.11961553    1.55073486    1.54354249    1.44484906
R9P7R4_PSEHS/115-186     1.66742542    1.75484265    1.71534556    1.98844130    1.75325611    2.10562359    1.76784939    1.93734825    1.66506431    1.76502808    1.33613303    1.10893493    0.97313218    1.16687466    1.17735282    1.44696773    1.21343639    1.22944725    0.49627616    0.43560284    0.25997978    0.45972925    0.00000000    0.78912589    0.69465846    1.12387570    0.74168553    0.57440661    1.88113290    1.97580482    2.37747640    2.01550727    1.81648643    2.05945197    2.23329415    2.10176857    1.79766368    1.90560015    1.64023545
A0A317XUC4_9BASI/20-91     1.86231591    1.95311760    1.77040484    2.17615917    2.02230550    2.26082499    2.44053752    2.30625075    1.80913852    1.94920064    1.66859530    1.52430404    1.15260758    1.42506471    1.44487673    1.56560564    1.49764397    1.31601263    0.60413361    0.77512863    0.74714679    1.02178056    0.78912589    0.00000000    0.75953765    1.26396889    0.96739298    0.88377551    2.06766650    1.98669338    2.64088568    2.32956908    1.94001912    2.13114560    2.71813796    2.05278639    1.69897796    1.87790346    1.69003567
A0A317XVV1_9BASI/21-88     1.51059515    1.61759506    1.62339115    1.71057300    1.63618437    2.10491783    2.03446434    2.24842107    2.06348552    2.09201295    1.48896283    0.93323476    1.07249779    1.16714606    0.99988684    1.24939700    1.32935708    1.38061495    0.53252029    0.79289206    0.77218567    1.13683210    0.69465846    0.75953765    0.00000000    0.84450947    0.82520127    0.68604619    1.70655675    1.86197179    2.41678490    2.01103666    1.77348411    1.81003335    2.14434234    1.92108525    1.39247454    1.80157980    1.60130689
A0A1X2ISA0_9FUNG/2-69     1.47420358    1.67361662    1.80058135    1.71350720    1.67653496    2.31444298    1.76550736    1.97037293    2.21921153    1.98980716    1.65401099    1.30334477    1.25037652    1.39265005    1.35488993    1.38228748    1.50083666    1.32870456    1.17277682    1.14817679    1.20420956    1.62990004    1.12387570    1.26396889    0.84450947    0.00000000    1.40541252    1.17401600    1.79547656    1.96699216    2.47931025    2.15086602    1.47087761    1.52471566    1.98698210    1.54985060    1.26435718    1.66496152    1.59924383
I2FN99_USTH4/22-93     1.67041088    1.81390549    1.72454298    2.01522354    1.85653175    1.96197140    1.80115601    1.93525557    1.66529822    1.71594561    1.13920748    1.12117298    1.20196459    1.12925187    1.17909602    1.36758911    1.31339329    1.21886399    0.70101824    0.81181115    0.70013694    0.81586665    0.74168553    0.96739298    0.82520127    1.40541252    0.00000000    0.31265652    2.03655899    2.24756672    2.67932858    2.20076337    1.99937425    2.18531403    2.34614890    2.18358141    1.73845149    1.84686971    1.70287802
I2FNA0_USTH4/21-92     1.67244245    1.80338303    1.75960246    1.89470262    1.88947401    1.72669959    1.65017239    1.81538769    1.38931284    1.49862257    0.95935831    0.86385090    1.04399952    0.89689079    0.95057106    1.06367716    0.94419340    0.89150281    0.52666312    0.51792148    0.53962710    0.77121558    0.57440661    0.88377551    0.68604619    1.17401600    0.31265652    0.00000000    1.84729784    2.05921442    2.70875093    2.14101097    1.89501761    1.92457334    2.27411828    2.08813770    1.64637687    1.77398505    1.57687212
T0K4B9_COLGC/19-88     0.87385169    0.90780155    0.87263551    1.07424891    0.84091498    2.14863846    2.02796670    2.11534419    2.07342758    2.24179674    2.14566577    1.81683223    1.87120484    1.78278708    1.96930157    1.85335836    1.80885549    1.88674154    1.80246546    1.83731229    1.82683160    1.78817648    1.88113290    2.06766650    1.70655675    1.79547656    2.03655899    1.84729784    0.00000000    0.69412328    1.04277005    0.83740617    1.12542758    1.21534138    1.48768348    1.50382707    0.75352379    0.94267553    0.77879975
A0A2S6BVW4_9PEZI/22-93     1.19804978    1.02835368    1.10192855    1.17565829    1.14661096    2.01456367    2.39016026    2.64982264    1.99273245    2.00751002    2.22025099    2.28670474    2.02557501    1.90878697    2.34550955    2.23431047    1.95524923    2.01394285    1.85455917    1.96111000    2.07416866    2.07630819    1.97580482    1.98669338    1.86197179    1.96699216    2.24756672    2.05921442    0.69412328    0.00000000    1.19607991    1.04242722    1.43370678    1.52930610    1.79130984    1.68917607    1.01747337    1.09717530    1.08899490
G4UIS4_NEUT9/19-90     1.06063801    1.10922657    1.15383160    1.33763047    1.23664826    1.94242134    2.19730414    2.37085106    2.18047725    2.01310589    2.49538608    2.60022767    2.71838596    2.79587630    3.06833813    2.63430269    2.50219002    2.36169068    2.37306821    2.30503445    2.55458962    2.63419027    2.37747640    2.64088568    2.41678490    2.47931025    2.67932858    2.70875093    1.04277005    1.19607991    0.00000000    0.75605861    0.91252240    0.99491889    1.29481641    1.23071158    1.02396833    1.28482173    1.05858341
B2VQV6_PYRTR/21-94     0.86613693    0.61788019    0.84526349    1.02333723    0.92250289    1.54259005    2.12209938    2.33666172    1.92741390    1.77541743    2.35943312    2.25594593    2.25212070    2.25843102    2.38267991    2.16779387    2.23222448    2.22333526    2.01368277    1.91447336    2.12395008    2.40832111    2.01550727    2.32956908    2.01103666    2.15086602    2.20076337    2.14101097    0.83740617    1.04242722    0.75605861    0.00000000    0.90117980    1.09804980    1.31136869    1.26354800    0.98116751    1.00209922    0.90036899
A0A2V1BMD1_9HELO/23-84     0.97217606    0.98063667    1.08114182    0.92886708    1.06635231    1.64074108    1.98832211    2.37351334    2.07377538    1.95444792    1.83950481    2.08920207    2.02954669    2.07106802    2.34059697    2.12038255    1.84186315    1.95344124    1.97276961    1.81227900    1.88490578    2.03971078    1.81648643    1.94001912    1.77348411    1.47087761    1.99937425    1.89501761    1.12542758    1.43370678    0.91252240    0.90117980    0.00000000    0.46713967    1.07813036    0.74576376    0.96397086    0.97436839    0.88278490
A0A2V1B6A0_9HELO/24-85     1.14714141    1.28517734    1.30600428    1.07157014    1.20475765    1.63848327    1.89758952    2.60227168    2.08723905    2.07445484    2.28400063    2.65429992    2.61207585    2.52298972    2.76855434    2.33891108    2.31717401    2.17050576    2.11971470    1.88587240    2.06864212    2.10855124    2.05945197    2.13114560    1.81003335    1.52471566    2.18531403    1.92457334    1.21534138    1.52930610    0.99491889    1.09804980    0.46713967    0.00000000    0.84504574    0.72966249    1.27815285    1.28379054    1.15634211
A0A2V1BP86_9HELO/23-86     1.24028491    1.29441552    1.47138546    1.56972729    1.43708528    1.81911662    2.52691852    2.82568814    2.13506020    2.05133139    2.28795203    2.63911114    2.69134070    2.75562963    2.75355870    2.13793702    2.37408529    2.54160543    2.47416335    2.24699549    2.48293983    2.23209166    2.23329415    2.71813796    2.14434234    1.98698210    2.34614890    2.27411828    1.48768348    1.79130984    1.29481641    1.31136869    1.07813036    0.84504574    0.00000000    0.65286555    1.33048940    1.55188122    1.36174106
A0A2V1B4K6_9HELO/25-88     1.08913776    1.15195722    1.28367668    1.34745845    1.42329625    1.81333295    2.41020211    2.75231943    2.02799160    1.94945092    2.49786954    2.69830316    2.64583356    2.73750558    2.79206440    2.18280912    2.36381834    2.32925463    2.14656765    2.06557612    2.17124887    2.11961553    2.10176857    2.05278639    1.92108525    1.54985060    2.18358141    2.08813770    1.50382707    1.68917607    1.23071158    1.26354800    0.74576376    0.72966249    0.65286555    0.00000000    1.17409258    1.40473687    1.10312276
A0A3N4K8N8_9PEZI/21-83     0.62307265    0.75751551    0.87296617    0.71563043    0.65427755    1.40580649    1.76582317    2.27037874    1.79382869    1.68565609    1.84851562    1.69071291    1.84068466    1.63910454    1.79772356    1.77711722    1.73901161    1.83900290    1.58126973    1.68039140    1.66482225    1.55073486    1.79766368    1.69897796    1.39247454    1.26435718    1.73845149    1.64637687    0.75352379    1.01747337    1.02396833    0.98116751    0.96397086    1.27815285    1.33048940    1.17409258    0.00000000    0.57067227    0.66036059
A0A067QDR3_9AGAM/21-85     0.64868101    0.75590477    0.65448812    0.60729385    0.50042015    1.64605659    1.94649522    2.20698424    1.91691245    1.95359855    1.93345439    1.60083043    1.75514614    1.48021008    1.62826360    1.68950306    1.63898517    1.78394178    1.90374669    1.71828310    1.76731622    1.54354249    1.90560015    1.87790346    1.80157980    1.66496152    1.84686971    1.77398505    0.94267553    1.09717530    1.28482173    1.00209922    0.97436839    1.28379054    1.55188122    1.40473687    0.57067227    0.00000000    0.31700486
A0A067PSP9_9AGAM/21-84     0.44475587    0.63157211    0.54602464    0.49397081    0.43028142    1.43799809    1.89250307    1.90995228    1.62882296    1.72888460    1.75455892    1.69930209    1.69871145    1.71870818    1.78790201    1.78969651    1.59240089    1.77806347    1.62055892    1.54964700    1.51130885    1.44484906    1.64023545    1.69003567    1.60130689    1.59924383    1.70287802    1.57687212    0.77879975    1.08899490    1.05858341    0.90036899    0.88278490    1.15634211    1.36174106    1.10312276    0.66036059    0.31700486    0.00000000

