26
B0RC83_CLAMS/26-471     0.00000000    0.32523753    0.48230293    0.38701321    0.54943644    0.67425089    0.60400208    0.63267269    0.67866950    0.66218763    0.61522985    0.62230636    0.35809764    0.36454510    0.37747781    0.41007628    0.40088784    0.51447682    0.45401301    0.39989711    0.34463577    0.36976550    0.34800924    0.31202221    0.32162773    0.41804619
A0A1X9LQR0_9MICO/27-463     0.32523753    0.00000000    0.45518520    0.40965752    0.62805682    0.64744713    0.62853395    0.66158953    0.66372112    0.70555085    0.66440482    0.64178904    0.30450326    0.41058302    0.43402765    0.41471854    0.39328428    0.43735814    0.43818246    0.41521867    0.38594244    0.37402774    0.35956689    0.34263628    0.42419874    0.43221439
A0A239VCR8_9MICO/48-489     0.48230293    0.45518520    0.00000000    0.48267787    0.59884044    0.65415571    0.65467395    0.63732994    0.64773527    0.69952096    0.67635078    0.63224470    0.43069400    0.44578541    0.49756660    0.49433778    0.46614334    0.54320235    0.50998380    0.52792999    0.45905601    0.45713280    0.48256009    0.46694782    0.48606834    0.55162346
A0A495Y2P3_9MICO/205-642     0.38701321    0.40965752    0.48267787    0.00000000    0.54234002    0.61935169    0.53272998    0.57071103    0.57227204    0.64099221    0.60720459    0.55241042    0.37779247    0.38162732    0.42506530    0.46049480    0.41394681    0.47872684    0.49806709    0.41963520    0.40212686    0.37849583    0.39918644    0.39210152    0.40046320    0.47564803
A0A1T3P3X0_9ACTN/15-444     0.54943644    0.62805682    0.59884044    0.54234002    0.00000000    0.59760994    0.49056656    0.57853990    0.51253888    0.55361848    0.51910866    0.47939914    0.59762528    0.62653733    0.61443477    0.65211004    0.62400964    0.64972647    0.65342038    0.65118102    0.58605241    0.62635300    0.62111824    0.62363058    0.60593366    0.71324429
A0A1I1MN82_9ACTN/8-440     0.67425089    0.64744713    0.65415571    0.61935169    0.59760994    0.00000000    0.47390478    0.46500634    0.46800494    0.48429014    0.50763282    0.48899454    0.65230284    0.73557623    0.74580065    0.75909040    0.70380513    0.72590760    0.72212277    0.72994755    0.70176955    0.63968324    0.72553663    0.64264855    0.64485483    0.79021757
A0A2N5XB35_9ACTN/22-457     0.60400208    0.62853395    0.65467395    0.53272998    0.49056656    0.47390478    0.00000000    0.36144357    0.31058408    0.38631862    0.34034310    0.29517493    0.59149481    0.66486670    0.69204559    0.75715403    0.67867365    0.63679632    0.68742958    0.71406792    0.63025467    0.62284667    0.66797605    0.63830495    0.68741396    0.69655513
A0A0F7G032_9ACTN/26-461     0.63267269    0.66158953    0.63732994    0.57071103    0.57853990    0.46500634    0.36144357    0.00000000    0.33966514    0.37260177    0.41924533    0.45460717    0.61256385    0.64995332    0.68725183    0.72222880    0.66667283    0.64389833    0.67522336    0.69319992    0.63411451    0.66641633    0.68755164    0.67515176    0.66495168    0.68008307
A0A327WAR0_9ACTN/27-462     0.67866950    0.66372112    0.64773527    0.57227204    0.51253888    0.46800494    0.31058408    0.33966514    0.00000000    0.27029190    0.37400506    0.37202849    0.63461460    0.66979807    0.72966781    0.75902060    0.72063821    0.66554801    0.64752880    0.67659349    0.65805116    0.66520713    0.69906854    0.67792923    0.67469398    0.69043615
A0A0Q8V234_9ACTN/21-456     0.66218763    0.70555085    0.69952096    0.64099221    0.55361848    0.48429014    0.38631862    0.37260177    0.27029190    0.00000000    0.42944021    0.42251955    0.67802020    0.72684778    0.70372322    0.79767685    0.73936629    0.68922393    0.68324826    0.73613836    0.70252855    0.71131132    0.74579154    0.69607727    0.68341544    0.76069820
E4N8J9_KITSK/30-467     0.61522985    0.66440482    0.67635078    0.60720459    0.51910866    0.50763282    0.34034310    0.41924533    0.37400506    0.42944021    0.00000000    0.29395162    0.65356532    0.71638239    0.70950566    0.74910370    0.70289141    0.71286329    0.75745962    0.76807308    0.64391912    0.66965189    0.71667576    0.70470736    0.62729604    0.74733831
A0A1H7X091_STRJI/21-462     0.62230636    0.64178904    0.63224470    0.55241042    0.47939914    0.48899454    0.29517493    0.45460717    0.37202849    0.42251955    0.29395162    0.00000000    0.60665002    0.64942464    0.66517450    0.69350575    0.61946705    0.62514396    0.67954656    0.68747982    0.60208272    0.61989005    0.67074003    0.63679903    0.63510341    0.72052007
A0A0Q5E3M4_9MICO/28-474     0.35809764    0.30450326    0.43069400    0.37779247    0.59762528    0.65230284    0.59149481    0.61256385    0.63461460    0.67802020    0.65356532    0.60665002    0.00000000    0.30836644    0.34842188    0.34484518    0.34494994    0.41519696    0.40808298    0.32772240    0.32073939    0.31911487    0.34646637    0.31656130    0.30706895    0.39570841
A0A164BDW2_9MICO/27-470     0.36454510    0.41058302    0.44578541    0.38162732    0.62653733    0.73557623    0.66486670    0.64995332    0.66979807    0.72684778    0.71638239    0.64942464    0.30836644    0.00000000    0.24345100    0.25138887    0.26017500    0.38677216    0.37408509    0.32739076    0.33103309    0.34793526    0.38610029    0.33595240    0.30446046    0.41256617
A0A031FXG1_9MICO/25-467     0.37747781    0.43402765    0.49756660    0.42506530    0.61443477    0.74580065    0.69204559    0.68725183    0.72966781    0.70372322    0.70950566    0.66517450    0.34842188    0.24345100    0.00000000    0.30288236    0.29874381    0.43075549    0.42660349    0.34710693    0.38770822    0.36715395    0.38987420    0.35130054    0.36777182    0.47102644
A0A2U0H5P8_9MICO/34-486     0.41007628    0.41471854    0.49433778    0.46049480    0.65211004    0.75909040    0.75715403    0.72222880    0.75902060    0.79767685    0.74910370    0.69350575    0.34484518    0.25138887    0.30288236    0.00000000    0.27479470    0.43566264    0.41317865    0.32718158    0.38920094    0.37158016    0.37430441    0.36523652    0.34766335    0.40996769
A0A3A5H500_9ACTN/32-485     0.40088784    0.39328428    0.46614334    0.41394681    0.62400964    0.70380513    0.67867365    0.66667283    0.72063821    0.73936629    0.70289141    0.61946705    0.34494994    0.26017500    0.29874381    0.27479470    0.00000000    0.40850752    0.40086790    0.32806689    0.39204135    0.35951467    0.36500161    0.34335118    0.33827442    0.42842421
A0A075JM45_9MICO/26-472     0.51447682    0.43735814    0.54320235    0.47872684    0.64972647    0.72590760    0.63679632    0.64389833    0.66554801    0.68922393    0.71286329    0.62514396    0.41519696    0.38677216    0.43075549    0.43566264    0.40850752    0.00000000    0.42951574    0.41575948    0.45915290    0.43776166    0.50310993    0.47000624    0.44453651    0.52547422
A0A2U1ZSJ1_9MICO/31-478     0.45401301    0.43818246    0.50998380    0.49806709    0.65342038    0.72212277    0.68742958    0.67522336    0.64752880    0.68324826    0.75745962    0.67954656    0.40808298    0.37408509    0.42660349    0.41317865    0.40086790    0.42951574    0.00000000    0.31859896    0.44141444    0.39613381    0.47412683    0.43361980    0.40049025    0.50885723
A0A3M8AJI6_9MICO/37-484     0.39989711    0.41521867    0.52792999    0.41963520    0.65118102    0.72994755    0.71406792    0.69319992    0.67659349    0.73613836    0.76807308    0.68747982    0.32772240    0.32739076    0.34710693    0.32718158    0.32806689    0.41575948    0.31859896    0.00000000    0.36943940    0.35592979    0.40905689    0.38783186    0.35145773    0.41016443
A0A1I5AZS5_9MICO/30-475     0.34463577    0.38594244    0.45905601    0.40212686    0.58605241    0.70176955    0.63025467    0.63411451    0.65805116    0.70252855    0.64391912    0.60208272    0.32073939    0.33103309    0.38770822    0.38920094    0.39204135    0.45915290    0.44141444    0.36943940    0.00000000    0.35314831    0.35351145    0.33918162    0.33003463    0.41718214
A0A2V1HS61_9MICO/21-457     0.36976550    0.37402774    0.45713280    0.37849583    0.62635300    0.63968324    0.62284667    0.66641633    0.66520713    0.71131132    0.66965189    0.61989005    0.31911487    0.34793526    0.36715395    0.37158016    0.35951467    0.43776166    0.39613381    0.35592979    0.35314831    0.00000000    0.36039954    0.28204322    0.35305770    0.45325828
A0A2T0VD14_9MICO/30-464     0.34800924    0.35956689    0.48256009    0.39918644    0.62111824    0.72553663    0.66797605    0.68755164    0.69906854    0.74579154    0.71667576    0.67074003    0.34646637    0.38610029    0.38987420    0.37430441    0.36500161    0.50310993    0.47412683    0.40905689    0.35351145    0.36039954    0.00000000    0.27322225    0.37793909    0.38795426
A0A2R2WBP5_9MICO/23-457     0.31202221    0.34263628    0.46694782    0.39210152    0.62363058    0.64264855    0.63830495    0.67515176    0.67792923    0.69607727    0.70470736    0.63679903    0.31656130    0.33595240    0.35130054    0.36523652    0.34335118    0.47000624    0.43361980    0.38783186    0.33918162    0.28204322    0.27322225    0.00000000    0.30089573    0.38069242
A0A0Q4UJ45_9MICO/32-477     0.32162773    0.42419874    0.48606834    0.40046320    0.60593366    0.64485483    0.68741396    0.66495168    0.67469398    0.68341544    0.62729604    0.63510341    0.30706895    0.30446046    0.36777182    0.34766335    0.33827442    0.44453651    0.40049025    0.35145773    0.33003463    0.35305770    0.37793909    0.30089573    0.00000000    0.37390719
A0A0Q6RKS3_9MICO/41-490     0.41804619    0.43221439    0.55162346    0.47564803    0.71324429    0.79021757    0.69655513    0.68008307    0.69043615    0.76069820    0.74733831    0.72052007    0.39570841    0.41256617    0.47102644    0.40996769    0.42842421    0.52547422    0.50885723    0.41016443    0.41718214    0.45325828    0.38795426    0.38069242    0.37390719    0.00000000

