58
E0W1T1_PEDHC/317-399     0.00000000    1.12822791    1.39905358    1.63921230    1.46463875    1.38761477    1.47214785    1.30804377    1.24499887    1.07154665    1.01677463    1.32712482    1.20227104    1.05111602    1.21293738    1.52339195    1.97724754    1.86179440    2.01000619    2.15809986    1.89276340    1.93648018    1.34315917    1.07475278    1.05108979    1.57819573    2.62942057    2.45186183    3.03279793    2.23169388    2.05479427    3.19105973    3.11632579    3.02049690    2.54137229    3.22862096    2.49071909    2.92087344    3.24115009    2.90056755    2.65734190    3.51617233    3.52740479    3.34443719    3.17791177    3.77410195    3.31587406    3.85295244    3.12038360    2.92088578    3.45294862    3.33220043    3.72549182    3.34633571    3.54736345    3.00964682    3.28210304    1.48827391
A0A267DCG3_9PLAT/151-235     1.12822791    0.00000000    1.13487726    1.81251574    1.64016649    1.48144382    1.57456018    1.20939723    1.52374881    1.12012338    1.20468738    1.21721528    1.19901965    1.09827356    0.99439328    1.36598260    1.52700519    1.30753825    1.54419603    1.48305844    1.70957009    1.59323859    1.04809220    1.02195828    1.12544913    1.34228435    2.36784743    2.13616859    2.31756098    1.96859015    1.98288254    2.68563703    2.67972050    2.72215223    2.19722360    2.68917031    2.00027507    2.40584264    2.50881040    2.68557872    2.29974830    2.61281732    3.40093109    2.98741207    3.25369123    3.65372559    3.09313269    3.33240871    2.92004243    2.41415271    2.94745130    2.84577402    3.62091825    2.78619647    3.00135556    2.44015779    2.27908585    1.17346760
A0A183K3A2_9TREM/118-201     1.39905358    1.13487726    0.00000000    1.12545783    1.16583101    1.25103262    1.68768720    1.66123741    1.74646447    1.28974414    1.32482688    1.25387450    1.10254294    1.03345407    1.23142265    1.28476122    1.96313584    1.32694272    1.76471437    1.99402591    1.92307825    1.78361106    1.06887988    1.16834212    1.18603702    1.59877688    2.81106777    2.54896944    2.52400532    2.09780340    2.20400550    3.32355005    2.72962358    2.59766575    2.33379617    2.89749575    2.92457691    2.53357750    2.72362251    2.70392516    2.34373035    2.98962643    3.27803241    3.56038949    2.60645785    4.35871342    2.93136394    4.28110149    3.21306286    2.27990505    3.52084465    2.91709461    3.45999285    3.31885357    3.10870015    2.63274904    2.56661190    1.24429933
A0A0R3SQ68_HYMDI/119-202     1.63921230    1.81251574    1.12545783    0.00000000    0.31898171    1.62980307    1.77724755    2.02499433    2.19030636    1.69020773    1.74671455    1.67964021    1.45864410    1.36100065    1.62263803    1.77634840    2.47195704    2.05400700    2.45348018    2.69602233    2.34099810    2.14068214    1.47837270    1.53037941    1.75014212    1.87300554    3.12274328    2.76895826    2.88987815    2.11589803    2.34032249    2.95156156    3.25385065    3.35429395    2.63127235    3.15765428    2.95644178    2.75219726    3.64977914    3.01908103    2.34467040    4.32867053    4.07287860    3.53580616    3.32250009    4.48082750    3.59790187    4.85921255    3.26262913    3.38368161    3.24904025    3.08197161    3.53476749    3.57061495    3.67534447    3.53514501    3.31102645    1.82254681
A0A0R3U3U3_9CEST/120-211     1.46463875    1.64016649    1.16583101    0.31898171    0.00000000    1.79606005    1.75379473    1.82898549    1.89977798    1.50963655    1.56509388    1.51899651    1.35055480    1.34086168    1.39397256    1.57558292    2.05941283    1.97641791    2.56295933    2.83064837    2.56297098    2.34360544    1.48159179    1.31633328    1.59411410    1.78284061    3.30087128    3.24896983    3.00512626    2.07113720    2.46166480    5.30723499    4.28010946    4.38741360    3.43122664    4.62773108    3.95065082    3.58094695    4.31124761    3.12041012    2.35290793    4.93978046    5.57964526    4.23100013    3.75619622    6.15430329    5.05906053    5.04932018    4.09236624    4.38867585    4.14268074    3.73235617    4.50657624    3.87917532    4.61385000    3.97264599    4.46178817    1.65162056
A0A158Q5Z0_DRAME/341-426     1.38761477    1.48144382    1.25103262    1.62980307    1.79606005    0.00000000    1.18482418    1.12649769    1.48109598    1.35660034    1.26051956    1.48006478    1.24502697    1.14169241    1.23035697    1.63103778    2.09562839    1.72810225    1.97933320    2.38501142    2.15911821    2.12102590    1.36382091    1.34570688    1.15775319    1.70268660    2.26956764    2.13355389    2.45829452    1.97767965    2.09900330    2.46100238    2.89040452    3.23670076    2.64532932    2.98434200    2.39657388    2.82170406    3.46527012    2.82445191    2.66144235    3.19255228    3.07963869    3.25520627    2.58011986    2.95823440    2.29586523    2.93525292    2.16119051    2.13223299    2.37744714    2.49222756    2.92317300    2.48730854    2.46653939    2.83359722    2.69051869    1.48411282
A0A4X3NU21_PRIPA/362-444     1.47214785    1.57456018    1.68768720    1.77724755    1.75379473    1.18482418    0.00000000    1.07088906    1.04127641    1.78678256    1.57496380    1.79350978    1.44674869    1.51123192    1.52871657    1.74543680    2.24214349    1.71145835    2.02268132    2.20247093    2.04169175    2.08582741    1.70167403    1.40406844    1.60781916    1.50881827    2.52248745    2.60376032    2.56884676    2.01582419    1.81227164    2.65923067    2.63123858    2.81648657    2.45940902    3.17929919    2.57751333    3.25641358    2.94471566    2.83061681    2.88579041    3.48443561    3.12741362    2.98731369    2.92596136    3.05687833    2.70764835    3.01785227    2.20061694    2.54028785    2.57143629    2.61701562    2.66315146    3.02406495    3.01703356    3.22687875    2.75487067    2.02151029
A0A0N4WME3_HAEPC/268-353     1.30804377    1.20939723    1.66123741    2.02499433    1.82898549    1.12649769    1.07088906    0.00000000    0.72130166    1.37639033    1.63876640    1.46348179    1.11372149    1.55352892    1.41121771    1.75820360    2.39580373    1.91154156    2.20602557    2.09101055    2.35693751    2.15029244    1.49845374    1.39585429    1.33677406    2.05875227    2.48331411    2.27727977    2.59310790    1.75710875    1.78819452    3.13530674    3.11128461    2.95253155    2.35826560    2.77607896    2.29869028    2.98343452    2.67539158    2.39733669    2.57875228    2.51905940    2.43359553    2.57430051    2.49062412    2.81033281    2.63770300    2.47236260    2.60698106    2.22854894    2.39876175    2.48204934    2.78316397    2.47910741    2.60155219    2.26199166    2.04854689    1.85162589
A0A2G5TY54_9PELO/310-392     1.24499887    1.52374881    1.74646447    2.19030636    1.89977798    1.48109598    1.04127641    0.72130166    0.00000000    1.56516783    1.60513819    1.95212802    1.41552866    1.46343449    1.44480796    1.62761082    2.30382060    2.01799951    2.56929348    2.42722090    2.51862936    1.94275769    1.64344047    1.43687690    1.56893833    2.02667300    2.98218421    2.89995129    2.94209631    2.13659368    2.23421352    3.52361191    3.26407967    2.90975080    2.60555384    2.64782791    3.05906533    3.88944576    2.80564188    2.52687674    3.01826327    3.73412190    3.59995104    3.02156331    3.48329376    3.30531047    3.39212649    4.31169218    2.95580673    2.73962170    3.20997979    2.84753743    3.06147511    2.94553980    3.08011851    2.51931946    2.78673153    2.21421066
A0A067R071_ZOONE/235-317     1.07154665    1.12012338    1.28974414    1.69020773    1.50963655    1.35660034    1.78678256    1.37639033    1.56516783    0.00000000    0.65221467    0.73579096    0.75870679    0.66277851    0.72034460    0.96929736    1.51859249    1.29004405    1.46191334    1.53811227    1.42786985    1.50065232    0.72314833    0.72132777    0.70630908    1.28487485    2.02651860    1.77882088    2.65657424    2.15277550    2.15049050    3.07353454    3.29108958    3.31336346    2.96509385    3.79141878    2.36819595    2.89678792    2.90148274    2.35653438    2.08165273    2.35081126    3.21560774    2.95186929    2.64796074    3.07196837    2.54077539    3.03593065    2.63674110    2.31743979    2.54965717    2.40799380    2.85189825    2.53746845    2.58022808    3.05563943    2.20192127    0.88790590
A0A482WN97_LAOST/309-393     1.01677463    1.20468738    1.32482688    1.74671455    1.56509388    1.26051956    1.57496380    1.63876640    1.60513819    0.65221467    0.00000000    0.76031040    0.74172737    0.83885198    0.71374333    1.04945261    1.53237436    1.41649070    1.32565059    1.86579974    1.54142212    1.51834832    0.94082910    0.72096179    0.90967676    1.33892869    2.34369200    2.22123978    2.26285277    2.17004971    2.14013972    2.83850084    3.34632475    3.12328675    2.81365143    3.76569116    2.21388058    2.58918448    2.48079865    2.35071337    2.17593735    2.71182012    3.31391342    2.65538733    2.83978044    3.20657241    2.81477466    3.17778787    2.61714519    2.39572817    2.86949499    2.56177013    3.10134335    2.66797351    2.79450420    2.87071294    2.59245138    0.99392283
A0A3R7MGG7_PENVA/364-446     1.32712482    1.21721528    1.25387450    1.67964021    1.51899651    1.48006478    1.79350978    1.46348179    1.95212802    0.73579096    0.76031040    0.00000000    0.89610851    0.98964844    0.81674592    1.13057795    2.02659495    1.65172238    1.82526806    1.88484733    1.59186865    1.58886188    1.09904650    0.83712741    0.93972696    1.50621409    2.04472675    1.81062609    2.39809340    2.19227641    2.15441851    3.42060191    3.73722376    3.97796587    3.34938902    3.96178891    2.41416595    2.99400073    3.08367667    2.82380445    2.80935694    2.77390049    3.37290782    3.05579275    2.87928311    2.72506267    2.41392021    4.03726176    2.91869282    2.21725530    2.80689125    2.78210266    3.17793826    2.66731983    2.68865665    3.43746805    2.47251737    1.14774603
E9G368_DAPPU/293-378     1.20227104    1.19901965    1.10254294    1.45864410    1.35055480    1.24502697    1.44674869    1.11372149    1.41552866    0.75870679    0.74172737    0.89610851    0.00000000    0.95220469    0.66591451    0.92577142    1.57253517    1.24460542    1.41090250    1.49277737    1.34996390    1.29492892    0.97841343    0.84120391    1.04403087    1.48105152    1.75809616    1.93355867    2.07614731    1.81658437    1.73992579    2.61902871    3.24164165    2.89397682    2.51996704    3.57193571    2.55523543    2.65506724    2.52462471    2.33011191    2.32687532    1.85399522    2.21316257    2.48937297    2.44141730    2.87434701    2.32383682    3.27831434    2.60330857    2.22085821    2.63499896    2.22134006    2.69097537    2.20609544    2.90546690    2.32909864    2.30647942    1.14546473
W5JWV5_ANODA/319-404     1.05111602    1.09827356    1.03345407    1.36100065    1.34086168    1.14169241    1.51123192    1.55352892    1.46343449    0.66277851    0.83885198    0.98964844    0.95220469    0.00000000    0.66388768    0.97873768    1.62846529    1.31573841    1.48190203    1.60315627    1.43331935    1.23473361    0.91573667    0.80671369    0.78977541    1.28008104    2.33079722    2.01045191    2.05464492    1.88473982    1.98060041    2.85683253    2.75809075    3.59339125    2.76842992    2.83646440    2.34680363    2.70812184    2.82197758    2.20408787    2.03309620    2.62017970    2.85575693    3.17510832    2.62977873    2.45202417    2.40116350    2.97011217    2.21161998    1.82114126    2.59811195    2.23705284    2.59219569    2.65840917    2.28994999    2.63635061    2.63243675    1.14926602
T1HC97_RHOPR/310-392     1.21293738    0.99439328    1.23142265    1.62263803    1.39397256    1.23035697    1.52871657    1.41121771    1.44480796    0.72034460    0.71374333    0.81674592    0.66591451    0.66388768    0.00000000    0.81220031    1.38463480    1.00306899    1.38090259    1.70617678    1.47900844    1.32842305    0.81958854    0.68920230    0.94579771    1.33270023    2.05530957    1.82187552    2.04966620    2.00041505    1.80832449    3.04292223    2.74748785    2.64036997    2.72201603    2.55817130    2.15662880    3.23740192    2.39586198    2.15275411    2.04924012    2.51558900    2.50873292    2.66439808    2.81562382    2.80940125    2.46109620    2.84133487    2.25057274    1.78429792    2.51719809    2.36087519    3.06176414    2.50410027    2.12606546    2.50344976    2.34129871    1.02776977
H3ATA2_LATCH/232-314     1.52339195    1.36598260    1.28476122    1.77634840    1.57558292    1.63103778    1.74543680    1.75820360    1.62761082    0.96929736    1.04945261    1.13057795    0.92577142    0.97873768    0.81220031    0.00000000    0.86786693    0.91104377    0.85504012    1.31431352    1.19776189    1.26076766    1.03198523    0.94918211    1.04390142    1.52934878    2.17431617    2.18937812    2.52714335    2.18709995    2.24057061    2.24851765    2.93923052    2.60575751    2.61328480    3.28944446    2.45311832    2.77824820    2.25672947    2.31138658    2.15084393    2.31993792    2.86362187    2.29165225    3.05570937    3.15390210    2.97731836    3.33728641    2.33048571    2.39340928    2.84644984    2.63240679    2.89886320    3.07948329    2.73092165    2.30390911    2.24894351    1.03443078
A0A452HML5_9SAUR/235-320     1.97724754    1.52700519    1.96313584    2.47195704    2.05941283    2.09562839    2.24214349    2.39580373    2.30382060    1.51859249    1.53237436    2.02659495    1.57253517    1.62846529    1.38463480    0.86786693    0.00000000    1.11710744    0.97671250    1.57159424    1.51833008    1.40858747    1.40174138    1.46231932    1.68841955    1.70555025    2.30808419    2.36196201    2.76011415    2.16205305    1.96720955    2.71182488    2.86262188    3.96890259    3.19328635    3.73770783    2.73475733    3.49423765    2.70982430    2.36751244    2.68629182    2.55514537    2.88028065    2.31458212    3.39301435    3.45969854    3.30646362    3.82784743    2.33814243    3.17099368    3.53624542    2.73169423    3.17222047    3.60693179    2.53950185    2.71148754    2.61472978    1.45097888
A0A401T725_CHIPU/244-326     1.86179440    1.30753825    1.32694272    2.05400700    1.97641791    1.72810225    1.71145835    1.91154156    2.01799951    1.29004405    1.41649070    1.65172238    1.24460542    1.31573841    1.00306899    0.91104377    1.11710744    0.00000000    0.91404251    1.24196379    1.29406764    1.34624539    1.13280425    1.33935417    1.47902307    1.51759700    2.44624535    2.38040145    2.69138689    2.22514964    2.06009611    2.81538642    2.13123826    2.03054477    2.34046746    2.72043990    2.21813062    2.44953962    2.40664897    2.58986119    2.27658595    2.59252063    3.15950342    3.15988854    3.08687793    3.19533563    2.88593268    3.90459209    2.49629239    2.23905467    2.74421587    2.61378554    3.13321039    2.82891726    3.19940243    2.30697205    2.57628947    1.34640880
W5NF59_LEPOC/239-316     2.01000619    1.54419603    1.76471437    2.45348018    2.56295933    1.97933320    2.02268132    2.20602557    2.56929348    1.46191334    1.32565059    1.82526806    1.41090250    1.48190203    1.38090259    0.85504012    0.97671250    0.91404251    0.00000000    1.01810505    1.06549459    1.03256885    1.32476120    1.60437929    1.55957421    1.64003706    2.19657185    2.15283543    2.11505140    2.03642974    1.80487259    2.71511717    2.78753081    2.53542313    2.32814033    2.71208039    2.12055390    3.05533115    2.17611527    2.36705770    2.25562526    2.33581863    2.52751690    2.24067583    2.26504348    3.59986360    2.90113031    3.01038557    2.43416169    2.81457537    2.77724347    2.66887201    3.10553893    2.95791976    2.47188198    2.08680587    2.31941042    1.35343692
A0A060XZF0_ONCMY/197-275     2.15809986    1.48305844    1.99402591    2.69602233    2.83064837    2.38501142    2.20247093    2.09101055    2.42722090    1.53811227    1.86579974    1.88484733    1.49277737    1.60315627    1.70617678    1.31431352    1.57159424    1.24196379    1.01810505    0.00000000    0.75637802    0.74986609    1.61329055    1.93912007    1.64997507    1.80505440    2.84847308    2.77853350    2.93649258    2.52535139    1.95917855    3.15432143    3.80967172    3.23595719    2.74875307    2.95941909    2.46403991    3.82392587    2.60384098    3.24697584    2.59213267    2.49784709    3.18450805    2.83620529    3.06107743    3.25887375    2.74360772    3.18759081    2.72418347    2.63841005    2.87935927    3.22709853    3.07478949    3.38079361    3.14573672    2.33254110    3.24515162    1.74441619
W5LJC1_ASTMX/195-272     1.89276340    1.70957009    1.92307825    2.34099810    2.56297098    2.15911821    2.04169175    2.35693751    2.51862936    1.42786985    1.54142212    1.59186865    1.34996390    1.43331935    1.47900844    1.19776189    1.51833008    1.29406764    1.06549459    0.75637802    0.00000000    0.44128849    1.68609417    1.49084055    1.35585583    1.92545523    2.35528083    2.42002695    2.69152912    2.38707708    1.91112987    3.45919137    3.31588000    3.38040087    2.88058795    2.99263662    2.66741248    2.83926366    2.81723866    3.01859972    2.43219760    2.52474905    2.57874323    2.93185977    2.31101377    3.07682670    2.48675831    3.35997595    2.61451862    2.19793240    2.58063367    2.67581958    2.57919542    2.96222248    2.73157676    2.44782658    2.92392021    1.42952768
E7FGT1_DANRE/205-282     1.93648018    1.59323859    1.78361106    2.14068214    2.34360544    2.12102590    2.08582741    2.15029244    1.94275769    1.50065232    1.51834832    1.58886188    1.29492892    1.23473361    1.32842305    1.26076766    1.40858747    1.34624539    1.03256885    0.74986609    0.44128849    0.00000000    1.48481646    1.49701360    1.44933958    1.85149630    2.64575203    2.53544131    2.63404796    2.39484977    1.89925023    3.04108577    3.34021083    3.05144498    2.67473782    2.73609201    2.54453847    2.97520611    2.40559407    2.46006336    2.50242177    3.14714728    2.75024055    2.72945260    2.95592973    2.88702731    2.68441535    2.84809415    2.43685401    2.36164914    2.83364900    2.58942343    2.55481591    3.24660091    2.66267762    2.37020019    2.49819322    1.38318167
S4R9W0_PETMA/372-455     1.34315917    1.04809220    1.06887988    1.47837270    1.48159179    1.36382091    1.70167403    1.49845374    1.64344047    0.72314833    0.94082910    1.09904650    0.97841343    0.91573667    0.81958854    1.03198523    1.40174138    1.13280425    1.32476120    1.61329055    1.68609417    1.48481646    0.00000000    0.77401718    1.05782632    1.22426280    2.06671805    1.79776485    2.53692721    2.24844245    2.29038881    3.11776566    2.98325351    3.45236426    2.91945846    3.33124934    2.23643379    2.90736235    2.75065901    2.45123247    2.04006938    2.66788962    3.39101425    3.11178545    2.82763284    3.31875529    2.58472319    3.67633087    2.91083114    2.53959128    3.06911634    2.62342903    3.46930010    3.15269539    2.45679045    2.88188440    2.23709147    1.26042860
R7UH85_CAPTE/354-437     1.07475278    1.02195828    1.16834212    1.53037941    1.31633328    1.34570688    1.40406844    1.39585429    1.43687690    0.72132777    0.72096179    0.83712741    0.84120391    0.80671369    0.68920230    0.94918211    1.46231932    1.33935417    1.60437929    1.93912007    1.49084055    1.49701360    0.77401718    0.00000000    0.79050670    1.43926079    2.35963313    1.94833050    2.38674271    1.87567151    2.00684086    3.33829142    3.33559507    3.61618529    3.00932464    3.84774059    2.45580435    2.74605485    3.30761048    3.00905222    2.57095315    3.12008438    3.70354936    3.23814156    2.89982038    3.24597356    3.08580533    3.25040531    2.74978013    2.55850023    3.11071259    2.66888188    3.49939152    2.98552434    2.92179454    2.60621029    2.36481140    0.94409791
A0A3S2NIJ8_CHISP/265-347     1.05108979    1.12544913    1.18603702    1.75014212    1.59411410    1.15775319    1.60781916    1.33677406    1.56893833    0.70630908    0.90967676    0.93972696    1.04403087    0.78977541    0.94579771    1.04390142    1.68841955    1.47902307    1.55957421    1.64997507    1.35585583    1.44933958    1.05782632    0.79050670    0.00000000    1.20796445    2.23629783    1.74955196    2.14579428    1.71292456    1.88651007    2.56777610    2.89637823    3.76386940    2.54398279    3.40639851    2.54447951    2.78253351    3.32948376    2.72576329    2.70079305    2.59989651    3.12495760    3.08728819    2.74075867    3.05141266    3.06221302    3.20174265    2.65509827    2.49221725    3.00724360    2.86735534    3.27130282    3.00418631    2.77989217    2.66837484    2.39901216    0.82978716
A0A1V9XM36_9ACAR/182-265     1.57819573    1.34228435    1.59877688    1.87300554    1.78284061    1.70268660    1.50881827    2.05875227    2.02667300    1.28487485    1.33892869    1.50621409    1.48105152    1.28008104    1.33270023    1.52934878    1.70555025    1.51759700    1.64003706    1.80505440    1.92545523    1.85149630    1.22426280    1.43926079    1.20796445    0.00000000    2.43106970    2.20869367    2.33113016    1.97843118    2.15382279    2.46027171    2.72234076    3.54185207    3.33221575    3.92523377    2.87213894    2.84661692    2.93380902    2.41594613    2.58266098    3.68198233    3.65370541    3.56152995    3.20799532    4.03136382    3.32082928    3.71462390    2.54077304    2.93523852    3.29501645    3.13146471    3.16135198    3.10383871    3.49061802    3.82399391    2.71948105    1.10436071
A0A2P6V3U9_9CHLO/392-493     2.62942057    2.36784743    2.81106777    3.12274328    3.30087128    2.26956764    2.52248745    2.48331411    2.98218421    2.02651860    2.34369200    2.04472675    1.75809616    2.33079722    2.05530957    2.17431617    2.30808419    2.44624535    2.19657185    2.84847308    2.35528083    2.64575203    2.06671805    2.35963313    2.23629783    2.43106970    0.00000000    0.53987093    1.30298742    1.22226529    1.08691046    1.98448023    2.43224274    3.09213071    2.67709229    3.09888323    2.94108341    3.15130370    2.61581565    2.07199861    1.90870155    1.22350693    1.59082707    1.65917315    1.55488305    2.25045633    2.05983984    2.10218454    1.69291852    1.79467905    1.96158806    1.86103199    1.82219273    1.97397555    1.50838803    2.06208873    2.04348705    1.62313370
A0A2P6TDE4_CHLSO/1091-1195     2.45186183    2.13616859    2.54896944    2.76895826    3.24896983    2.13355389    2.60376032    2.27727977    2.89995129    1.77882088    2.22123978    1.81062609    1.93355867    2.01045191    1.82187552    2.18937812    2.36196201    2.38040145    2.15283543    2.77853350    2.42002695    2.53544131    1.79776485    1.94833050    1.74955196    2.20869367    0.53987093    0.00000000    1.24413873    1.07637454    1.05914673    1.95201122    2.50082665    3.16379061    2.89968931    3.57921544    2.74248982    3.17729526    2.97890430    2.42137141    2.28011399    1.74093694    1.80884597    1.96891477    1.97033712    2.21877034    2.38532040    2.34573455    2.11897855    2.00655129    2.31508970    2.18479174    1.99800339    1.98368405    1.88582183    2.04337977    2.05737333    1.43070929
A0A250X5K7_9CHLO/524-634     3.03279793    2.31756098    2.52400532    2.88987815    3.00512626    2.45829452    2.56884676    2.59310790    2.94209631    2.65657424    2.26285277    2.39809340    2.07614731    2.05464492    2.04966620    2.52714335    2.76011415    2.69138689    2.11505140    2.93649258    2.69152912    2.63404796    2.53692721    2.38674271    2.14579428    2.33113016    1.30298742    1.24413873    0.00000000    0.87993295    1.00021366    2.34913928    2.63900951    3.11725293    2.75573152    2.54554496    2.24828654    2.67928978    2.66864090    2.74366277    3.03342401    2.09417306    2.00366331    2.03112167    1.81173648    2.53056042    2.53274639    1.93056037    2.02500296    2.10433074    2.34613918    2.11914841    2.34298943    2.34453128    2.09151068    2.31108209    2.30818875    1.63192839
A0A150G986_GONPE/523-641     2.23169388    1.96859015    2.09780340    2.11589803    2.07113720    1.97767965    2.01582419    1.75710875    2.13659368    2.15277550    2.17004971    2.19227641    1.81658437    1.88473982    2.00041505    2.18709995    2.16205305    2.22514964    2.03642974    2.52535139    2.38707708    2.39484977    2.24844245    1.87567151    1.71292456    1.97843118    1.22226529    1.07637454    0.87993295    0.00000000    0.56507662    2.09731414    2.90029376    3.21099038    2.77907578    3.12456317    2.62991160    2.49972814    2.40156189    2.27277143    2.72800883    1.97267006    1.97898451    2.09120137    1.93277386    2.63902754    2.77443656    2.27306179    2.06061421    1.98113959    2.25629206    2.23493515    2.36185074    2.38607832    2.29239913    1.79373333    1.87181416    1.61001234
D8U9M9_VOLCA/417-545     2.05479427    1.98288254    2.20400550    2.34032249    2.46166480    2.09900330    1.81227164    1.78819452    2.23421352    2.15049050    2.14013972    2.15441851    1.73992579    1.98060041    1.80832449    2.24057061    1.96720955    2.06009611    1.80487259    1.95917855    1.91112987    1.89925023    2.29038881    2.00684086    1.88651007    2.15382279    1.08691046    1.05914673    1.00021366    0.56507662    0.00000000    2.34396039    2.32366085    2.72409811    2.37567050    2.28499496    2.04109025    2.63610984    2.06550932    1.99098013    2.38122509    1.93354336    1.71467235    1.67449138    1.87060735    2.30338665    2.69099015    2.58767097    2.21622148    1.90914264    2.20179444    1.89527975    2.14526854    2.42509507    1.78789146    1.87506583    1.71010459    1.57367688
A0A250XQD8_9CHLO/775-879     3.19105973    2.68563703    3.32355005    2.95156156    5.30723499    2.46100238    2.65923067    3.13530674    3.52361191    3.07353454    2.83850084    3.42060191    2.61902871    2.85683253    3.04292223    2.24851765    2.71182488    2.81538642    2.71511717    3.15432143    3.45919137    3.04108577    3.11776566    3.33829142    2.56777610    2.46027171    1.98448023    1.95201122    2.34913928    2.09731414    2.34396039    0.00000000    3.24492718    2.52220387    3.46550520    4.02682047    2.62003988    2.56089417    2.02540733    2.79425168    2.77620151    1.66986972    2.19507020    1.70702377    2.19832888    1.74483273    2.23816895    3.03647063    1.85517126    2.15512215    1.99261610    2.24802064    2.12531493    1.99082015    2.25074365    2.77507523    2.21692892    2.13761248
A0A196SE92_BLAHN/386-484     3.11632579    2.67972050    2.72962358    3.25385065    4.28010946    2.89040452    2.63123858    3.11128461    3.26407967    3.29108958    3.34632475    3.73722376    3.24164165    2.75809075    2.74748785    2.93923052    2.86262188    2.13123826    2.78753081    3.80967172    3.31588000    3.34021083    2.98325351    3.33559507    2.89637823    2.72234076    2.43224274    2.50082665    2.63900951    2.90029376    2.32366085    3.24492718    0.00000000    3.31399201    2.67940944    2.84388056    3.37478455    3.13574356    3.07217476    2.71206222    2.84314133    2.57798264    2.39860840    2.25909144    2.35177946    2.58379538    2.86738416    3.49235012    2.93086738    2.71810455    2.86033060    2.39627265    2.59156213    2.58606748    2.69635456    2.58422715    2.50008523    2.41930693
F4PHY0_CAVFA/509-604     3.02049690    2.72215223    2.59766575    3.35429395    4.38741360    3.23670076    2.81648657    2.95253155    2.90975080    3.31336346    3.12328675    3.97796587    2.89397682    3.59339125    2.64036997    2.60575751    3.96890259    2.03054477    2.53542313    3.23595719    3.38040087    3.05144498    3.45236426    3.61618529    3.76386940    3.54185207    3.09213071    3.16379061    3.11725293    3.21099038    2.72409811    2.52220387    3.31399201    0.00000000    1.10719468    1.14382433    0.76511354    1.95151646    2.42526898    2.44386039    2.61162980    1.98449078    2.01487187    1.99631630    2.35236381    2.67151170    2.67745037    3.02750774    2.55018649    1.96902502    2.14745606    2.13452248    2.25320881    1.64349152    2.49877600    2.12547142    2.72950352    2.81666019
Q86A78_DICDI/497-597     2.54137229    2.19722360    2.33379617    2.63127235    3.43122664    2.64532932    2.45940902    2.35826560    2.60555384    2.96509385    2.81365143    3.34938902    2.51996704    2.76842992    2.72201603    2.61328480    3.19328635    2.34046746    2.32814033    2.74875307    2.88058795    2.67473782    2.91945846    3.00932464    2.54398279    3.33221575    2.67709229    2.89968931    2.75573152    2.77907578    2.37567050    3.46550520    2.67940944    1.10719468    0.00000000    0.84963129    0.94897790    2.19365575    2.99644957    2.19306658    2.64178257    1.87840044    2.40021923    1.94374331    2.23354711    2.98101053    2.85525858    2.97058296    2.58966992    2.29179168    2.24955325    2.29784443    2.29325948    2.18991119    2.15911246    2.00090909    2.75341326    2.80107415
A0A151ZF00_9MYCE/440-537     3.22862096    2.68917031    2.89749575    3.15765428    4.62773108    2.98434200    3.17929919    2.77607896    2.64782791    3.79141878    3.76569116    3.96178891    3.57193571    2.83646440    2.55817130    3.28944446    3.73770783    2.72043990    2.71208039    2.95941909    2.99263662    2.73609201    3.33124934    3.84774059    3.40639851    3.92523377    3.09888323    3.57921544    2.54554496    3.12456317    2.28499496    4.02682047    2.84388056    1.14382433    0.84963129    0.00000000    0.97112402    2.18841946    2.28295920    2.12392287    2.35880356    2.19080108    2.36737308    2.17925938    2.34722824    3.05578709    2.94589978    2.88907123    2.47385840    1.98839278    2.14325532    1.95512895    2.25898601    2.19581577    1.98695037    2.02440518    2.78501690    3.45463283
D3AZV5_POLPP/458-545     2.49071909    2.00027507    2.92457691    2.95644178    3.95065082    2.39657388    2.57751333    2.29869028    3.05906533    2.36819595    2.21388058    2.41416595    2.55523543    2.34680363    2.15662880    2.45311832    2.73475733    2.21813062    2.12055390    2.46403991    2.66741248    2.54453847    2.23643379    2.45580435    2.54447951    2.87213894    2.94108341    2.74248982    2.24828654    2.62991160    2.04109025    2.62003988    3.37478455    0.76511354    0.94897790    0.97112402    0.00000000    1.80461666    2.83714757    1.86448029    2.33341672    1.68825548    2.12121496    1.82844516    2.16106817    2.16937722    2.46326964    2.52115351    2.48534347    2.10755640    1.76945057    1.92106471    2.07434959    1.95725306    2.14973390    2.26158570    1.93583972    2.33988103
L1IE93_GUITC/56-142     2.92087344    2.40584264    2.53357750    2.75219726    3.58094695    2.82170406    3.25641358    2.98343452    3.88944576    2.89678792    2.58918448    2.99400073    2.65506724    2.70812184    3.23740192    2.77824820    3.49423765    2.44953962    3.05533115    3.82392587    2.83926366    2.97520611    2.90736235    2.74605485    2.78253351    2.84661692    3.15130370    3.17729526    2.67928978    2.49972814    2.63610984    2.56089417    3.13574356    1.95151646    2.19365575    2.18841946    1.80461666    0.00000000    2.08593634    2.72936142    2.96996620    1.96182995    2.16829327    2.61540799    2.30458436    2.58309424    2.87013391    3.26993370    2.08381497    2.42292495    2.06636477    2.29418096    2.09463379    2.32648285    2.74321295    2.20729809    2.14486562    2.24436210
A0A2K3DPT9_CHLRE/953-1057     3.24115009    2.50881040    2.72362251    3.64977914    4.31124761    3.46527012    2.94471566    2.67539158    2.80564188    2.90148274    2.48079865    3.08367667    2.52462471    2.82197758    2.39586198    2.25672947    2.70982430    2.40664897    2.17611527    2.60384098    2.81723866    2.40559407    2.75065901    3.30761048    3.32948376    2.93380902    2.61581565    2.97890430    2.66864090    2.40156189    2.06550932    2.02540733    3.07217476    2.42526898    2.99644957    2.28295920    2.83714757    2.08593634    0.00000000    1.99943602    2.12047819    1.98244431    2.26159238    2.19115008    2.18932924    2.24368802    2.29348013    2.72927241    1.85350432    1.72154909    2.31287708    2.08483413    2.41403134    2.54447025    1.98223863    1.74783777    1.94802649    1.85450403
A0A2P6VJ93_9CHLO/545-635     2.90056755    2.68557872    2.70392516    3.01908103    3.12041012    2.82445191    2.83061681    2.39733669    2.52687674    2.35653438    2.35071337    2.82380445    2.33011191    2.20408787    2.15275411    2.31138658    2.36751244    2.58986119    2.36705770    3.24697584    3.01859972    2.46006336    2.45123247    3.00905222    2.72576329    2.41594613    2.07199861    2.42137141    2.74366277    2.27277143    1.99098013    2.79425168    2.71206222    2.44386039    2.19306658    2.12392287    1.86448029    2.72936142    1.99943602    0.00000000    0.65438765    1.51680469    1.83863564    1.65774133    1.85710361    2.01574697    2.43131866    2.57164945    1.86389204    1.67215343    1.88866898    1.57086146    1.84789962    1.93448007    1.87354909    2.00057086    2.06403970    2.27851827
A0A2P6U430_CHLSO/532-621     2.65734190    2.29974830    2.34373035    2.34467040    2.35290793    2.66144235    2.88579041    2.57875228    3.01826327    2.08165273    2.17593735    2.80935694    2.32687532    2.03309620    2.04924012    2.15084393    2.68629182    2.27658595    2.25562526    2.59213267    2.43219760    2.50242177    2.04006938    2.57095315    2.70079305    2.58266098    1.90870155    2.28011399    3.03342401    2.72800883    2.38122509    2.77620151    2.84314133    2.61162980    2.64178257    2.35880356    2.33341672    2.96996620    2.12047819    0.65438765    0.00000000    1.70040613    2.12422929    2.04712193    2.11452609    2.59729306    2.78836998    2.88021266    2.36040605    2.06355843    2.58273070    2.15445047    2.49794537    2.19547965    2.12061821    1.85412227    2.21629310    2.25387213
A0A388KJA8_CHABU/633-734     3.51617233    2.61281732    2.98962643    4.32867053    4.93978046    3.19255228    3.48443561    2.51905940    3.73412190    2.35081126    2.71182012    2.77390049    1.85399522    2.62017970    2.51558900    2.31993792    2.55514537    2.59252063    2.33581863    2.49784709    2.52474905    3.14714728    2.66788962    3.12008438    2.59989651    3.68198233    1.22350693    1.74093694    2.09417306    1.97267006    1.93354336    1.66986972    2.57798264    1.98449078    1.87840044    2.19080108    1.68825548    1.96182995    1.98244431    1.51680469    1.70040613    0.00000000    0.70032315    0.71604001    0.92685936    1.14371846    1.20252866    1.43408054    1.23990925    0.94446994    0.98050108    1.19550130    1.15877731    1.19322019    0.96973709    1.07858578    1.24789425    2.13153737
A0A2K1KMY0_PHYPA/669-772     3.52740479    3.40093109    3.27803241    4.07287860    5.57964526    3.07963869    3.12741362    2.43359553    3.59995104    3.21560774    3.31391342    3.37290782    2.21316257    2.85575693    2.50873292    2.86362187    2.88028065    3.15950342    2.52751690    3.18450805    2.57874323    2.75024055    3.39101425    3.70354936    3.12495760    3.65370541    1.59082707    1.80884597    2.00366331    1.97898451    1.71467235    2.19507020    2.39860840    2.01487187    2.40021923    2.36737308    2.12121496    2.16829327    2.26159238    1.83863564    2.12422929    0.70032315    0.00000000    0.82374556    1.12197948    1.16621929    1.19422487    1.82100938    1.30556636    1.02619066    1.07295950    1.25417965    1.21228967    1.07478202    1.07262383    1.26989981    1.47082886    2.23175488
D8SBC9_SELML/487-570     3.34443719    2.98741207    3.56038949    3.53580616    4.23100013    3.25520627    2.98731369    2.57430051    3.02156331    2.95186929    2.65538733    3.05579275    2.48937297    3.17510832    2.66439808    2.29165225    2.31458212    3.15988854    2.24067583    2.83620529    2.93185977    2.72945260    3.11178545    3.23814156    3.08728819    3.56152995    1.65917315    1.96891477    2.03112167    2.09120137    1.67449138    1.70702377    2.25909144    1.99631630    1.94374331    2.17925938    1.82844516    2.61540799    2.19115008    1.65774133    2.04712193    0.71604001    0.82374556    0.00000000    0.94800138    0.99753868    1.18187384    1.60126852    1.22277114    1.06899566    1.04192282    1.13402563    1.08071986    1.35144903    0.75481356    1.19317165    1.69015815    2.54572822
A0A3S3M9U3_9MAGN/407-495     3.17791177    3.25369123    2.60645785    3.32250009    3.75619622    2.58011986    2.92596136    2.49062412    3.48329376    2.64796074    2.83978044    2.87928311    2.44141730    2.62977873    2.81562382    3.05570937    3.39301435    3.08687793    2.26504348    3.06107743    2.31101377    2.95592973    2.82763284    2.89982038    2.74075867    3.20799532    1.55488305    1.97033712    1.81173648    1.93277386    1.87060735    2.19832888    2.35177946    2.35236381    2.23354711    2.34722824    2.16106817    2.30458436    2.18932924    1.85710361    2.11452609    0.92685936    1.12197948    0.94800138    0.00000000    1.09955526    1.02583636    1.52825139    1.02601583    0.88479784    0.91166786    0.97231713    0.92527082    0.98970098    0.77089570    0.93532329    1.47835827    2.36635696
A0A2U1PMJ5_ARTAN/427-512     3.77410195    3.65372559    4.35871342    4.48082750    6.15430329    2.95823440    3.05687833    2.81033281    3.30531047    3.07196837    3.20657241    2.72506267    2.87434701    2.45202417    2.80940125    3.15390210    3.45969854    3.19533563    3.59986360    3.25887375    3.07682670    2.88702731    3.31875529    3.24597356    3.05141266    4.03136382    2.25045633    2.21877034    2.53056042    2.63902754    2.30338665    1.74483273    2.58379538    2.67151170    2.98101053    3.05578709    2.16937722    2.58309424    2.24368802    2.01574697    2.59729306    1.14371846    1.16621929    0.99753868    1.09955526    0.00000000    0.87995431    1.75820410    1.09061334    0.76915432    0.87338972    1.04521618    1.05551054    1.10240671    0.97116549    1.40166960    1.67346141    2.70540310
A0A2R6PC02_ACTCC/135-226     3.31587406    3.09313269    2.93136394    3.59790187    5.05906053    2.29586523    2.70764835    2.63770300    3.39212649    2.54077539    2.81477466    2.41392021    2.32383682    2.40116350    2.46109620    2.97731836    3.30646362    2.88593268    2.90113031    2.74360772    2.48675831    2.68441535    2.58472319    3.08580533    3.06221302    3.32082928    2.05983984    2.38532040    2.53274639    2.77443656    2.69099015    2.23816895    2.86738416    2.67745037    2.85525858    2.94589978    2.46326964    2.87013391    2.29348013    2.43131866    2.78836998    1.20252866    1.19422487    1.18187384    1.02583636    0.87995431    0.00000000    0.94066443    0.64783502    0.65800626    0.83431491    1.06589227    0.92301477    1.03976115    0.89315318    1.55723979    1.82938462    2.31763032
