42
A0A411CTI8_9CAUD/13-261     0.00000000    1.26607605    1.00113179    1.19272676    1.39191431    1.55800750    1.53079303    1.67467512    1.77801232    1.56539543    2.72574054    2.72038538    2.68796287    2.50286942    2.72122932    2.44667558    2.53413392    3.03061961    2.63946365    2.48020624    2.53512959    2.42546552    2.65767291    2.49800449    2.51312448    2.22962331    2.64367553    2.49504258    1.81418852    1.98406926    1.96842657    1.74401238    2.24992513    1.97172837    2.18240967    1.31050430    1.32287919    1.46058475    0.77474764    0.88945780    0.93617887    0.93185952
A0A2D1GNP1_9CAUD/13-262     1.26607605    0.00000000    1.18476431    1.18486428    1.37212254    1.75384452    1.52133906    1.60011163    1.96090793    1.77667509    3.24866945    3.10576369    2.80695124    2.85093635    2.67013968    2.34308724    2.60471283    2.85025532    2.89777461    2.61528304    3.07051839    2.64216898    2.70036388    2.83657850    2.71527829    2.45635830    2.69383859    2.61982752    1.78126846    1.94041937    2.02889307    1.97441562    2.29665088    2.07060704    2.18435235    1.33873001    1.36133314    1.56834799    0.96329148    1.32930261    1.29122090    1.29938619
A0A5P8DB00_9CAUD/13-253     1.00113179    1.18476431    0.00000000    0.56490652    1.09587498    1.41992676    1.34850070    1.48783738    1.48481940    1.40605664    2.50585299    2.49089112    2.18523352    2.29474437    2.10571763    2.08646761    2.03038659    2.46844056    2.05036443    1.91481309    2.51878649    2.07147665    2.20683078    2.21172908    2.15727577    2.16279034    2.27050622    2.25640727    1.55974584    1.71345334    1.77067722    1.65901650    2.41157550    1.79112094    1.96082924    1.08602128    1.25320493    1.23609069    0.78396509    0.89539532    1.10991943    1.14065175
D4P7G6_9CAUD/13-261     1.19272676    1.18486428    0.56490652    0.00000000    1.08526189    1.47705712    1.51748891    1.59428690    1.81962501    1.58150303    2.48972395    2.74448683    2.25888146    2.27492367    2.21631327    1.84217604    2.08045531    2.38326010    2.03440787    1.94039407    2.42786679    2.12906055    2.25684187    2.23257304    2.31241624    2.04326085    2.23084232    2.34477471    1.81013413    1.71688940    1.85499788    1.74401612    2.46799363    1.72777892    1.95024764    1.13689366    1.34530290    1.39906029    0.92372364    1.12311520    1.18957782    1.20094065
A0A140G6X3_9CAUD/14-249     1.39191431    1.37212254    1.09587498    1.08526189    0.00000000    1.48631825    1.50034855    1.68578118    1.69180549    1.43692128    2.35776816    2.63627904    2.50796777    2.49780976    2.51424595    2.10204783    2.28236387    2.52433575    2.20293821    2.19832444    2.43809304    2.28898321    2.38529677    2.48416841    2.31374406    2.12900622    2.38353153    2.07216604    1.56277021    2.06374819    1.81445536    1.73827015    2.50909007    1.92480014    1.93312754    1.12431434    1.33999324    1.31351871    1.09833478    1.21013092    1.45082317    1.19933385
A0A2U8UI85_9CAUD/13-265     1.55800750    1.75384452    1.41992676    1.47705712    1.48631825    0.00000000    1.51628116    1.78448284    1.97254637    1.72440824    2.66085282    2.69797492    2.45359591    2.80576550    2.82582001    2.70488294    2.57535287    3.04977918    2.59280895    2.72480264    2.83369685    2.69858239    3.01606964    2.67829795    2.65507439    2.63229379    2.65923494    2.71611052    1.85559078    2.16645344    2.02734840    1.89301509    2.56280184    2.07349432    2.23330599    1.41220425    1.63818402    1.57425545    1.26445917    1.58080022    1.54636995    1.61941489
A0A2U8UI29_9CAUD/13-247     1.53079303    1.52133906    1.34850070    1.51748891    1.50034855    1.51628116    0.00000000    1.71667516    2.09514722    1.57706424    2.48863134    2.46082890    2.66140990    2.91201514    2.94554134    2.44024196    2.40535872    3.06184415    2.32651593    2.47928637    2.84735355    2.81896905    2.97410165    2.84039215    2.62387832    2.54110510    2.57281950    2.52109305    2.14256033    2.30840988    1.90848928    2.04103470    2.20022985    2.16132275    2.24683716    1.34438243    1.57681379    1.44260121    1.54211530    1.42319177    1.53364907    1.39862995
A0A2K9V374_9CAUD/13-260     1.67467512    1.60011163    1.48783738    1.59428690    1.68578118    1.78448284    1.71667516    0.00000000    1.86358210    1.51074527    2.68527477    2.81445537    2.71863410    2.66745632    2.79703804    2.53230829    2.54234743    3.15718060    2.68875410    2.21628673    2.82813405    2.62925196    2.63689419    2.66547265    2.81701054    2.45305527    2.49547667    2.62668077    2.04444291    2.21604332    2.31776618    2.03740814    2.35320754    2.08541576    2.34348948    1.13130781    1.46299594    1.49969015    1.73842841    1.67442564    1.99330306    1.74038029
A0A1I7F949_9FIRM/17-274     1.77801232    1.96090793    1.48481940    1.81962501    1.69180549    1.97254637    2.09514722    1.86358210    0.00000000    1.81916093    3.07917454    2.93124762    2.65607439    2.86648745    2.39311722    2.50139893    2.44036403    2.77008399    2.66238969    2.19662698    2.83127798    2.42940030    2.66681978    2.33926127    2.55459284    2.37811523    2.66615681    2.46708559    2.06290150    2.14777661    2.24422468    1.95298288    3.26243823    2.45761047    2.40338974    1.26912974    1.83856263    1.53793139    1.52720794    2.08314499    1.65790189    1.96120479
A0A1Y4SME5_9FIRM/15-274     1.56539543    1.77667509    1.40605664    1.58150303    1.43692128    1.72440824    1.57706424    1.51074527    1.81916093    0.00000000    2.32915747    2.30039669    2.03941019    2.13731346    2.19635346    1.93580229    2.38392175    2.34075015    2.11055598    1.77579245    2.47876489    2.02719574    2.28221604    2.15603870    2.20037377    1.88420273    2.10373177    2.07594162    1.87691473    1.82211403    1.80096658    1.76403896    2.50362176    1.74511730    2.01306049    0.96653846    1.24953216    1.15718929    1.41368745    1.42742557    1.38555753    1.52376321
X4YUS5_9CAUD/18-268     2.72574054    3.24866945    2.50585299    2.48972395    2.35776816    2.66085282    2.48863134    2.68527477    3.07917454    2.32915747    0.00000000    1.37716776    2.28240327    2.41262144    2.30019362    2.07910943    2.21820882    2.68140311    2.73555361    1.98929475    2.54060065    2.05849376    2.26848824    2.20052766    2.20850805    1.91542008    1.98761321    2.31769655    2.58020150    2.79210065    2.93081744    2.52461745    3.02317933    2.68488795    2.75087558    2.07630745    2.55137768    2.15014215    2.21432873    2.50027734    2.54046057    2.43880405
B2BTL5_9CAUD/18-265     2.72038538    3.10576369    2.49089112    2.74448683    2.63627904    2.69797492    2.46082890    2.81445537    2.93124762    2.30039669    1.37716776    0.00000000    2.64083930    2.80440331    2.55565137    2.37522809    2.75362553    2.82131695    2.62193399    2.01715532    2.63324751    2.30508729    2.45789651    2.35407616    2.30062086    2.18745514    2.09006342    2.24008140    2.71534791    2.47732843    2.46349920    2.74972896    3.38587603    3.07963173    2.66056122    2.12214034    2.35307227    2.25522465    2.51838679    2.49686208    2.50085330    2.49083276
A0A2U8UIE0_9CAUD/17-276     2.68796287    2.80695124    2.18523352    2.25888146    2.50796777    2.45359591    2.66140990    2.71863410    2.65607439    2.03941019    2.28240327    2.64083930    0.00000000    0.87576767    1.05293453    1.05344439    1.43449681    1.45769937    1.47158641    1.12084967    1.74384233    1.34291328    1.49632587    1.14213290    1.23941934    1.15843687    1.23870068    1.18490796    2.55237621    2.49982175    2.58888326    2.59248452    2.87482357    2.74270289    2.68290533    1.99241147    2.08424343    2.38008942    2.10066146    2.35751367    2.14437215    2.27845345
A0A2U8UI95_9CAUD/17-285     2.50286942    2.85093635    2.29474437    2.27492367    2.49780976    2.80576550    2.91201514    2.66745632    2.86648745    2.13731346    2.41262144    2.80440331    0.87576767    0.00000000    1.53728879    1.23029121    1.75789022    1.62821832    1.57612772    1.34640223    1.83089869    1.49430016    1.65070256    1.41084870    1.43759141    1.38250356    1.45931591    1.43622526    2.82006638    2.84896816    2.60151662    2.42002970    3.17334769    2.58638047    3.15653224    2.22924525    2.11863876    2.43616218    2.16898680    2.21625818    2.10448790    2.33784601
A0A140G6Y6_9CAUD/25-303     2.72122932    2.67013968    2.10571763    2.21631327    2.51424595    2.82582001    2.94554134    2.79703804    2.39311722    2.19635346    2.30019362    2.55565137    1.05293453    1.53728879    0.00000000    1.16832724    1.60233715    1.56795620    1.45913588    1.14122209    1.80776901    1.40122223    1.52285828    1.09309740    1.21596504    1.27882958    1.34417850    1.24593674    2.46493410    2.29396782    2.38756964    2.58555279    3.12045200    2.69066823    2.78647138    2.07970505    2.01912830    2.45391047    2.00476789    2.28444231    2.15075192    2.52538585
D4P7I0_9CAUD/21-292     2.44667558    2.34308724    2.08646761    1.84217604    2.10204783    2.70488294    2.44024196    2.53230829    2.50139893    1.93580229    2.07910943    2.37522809    1.05344439    1.23029121    1.16832724    0.00000000    1.21513677    1.22420286    1.24579632    0.87807246    1.36102113    1.07789186    1.22779555    1.09404155    1.10991514    0.99638573    1.07808302    1.02187393    2.45190018    2.38637547    2.31822420    2.43210188    2.85982307    2.20126580    2.87945607    1.98269916    1.99609242    1.97854501    2.00279518    2.26399343    1.96730797    2.28511462
A0A385DR54_9CAUD/20-301     2.53413392    2.60471283    2.03038659    2.08045531    2.28236387    2.57535287    2.40535872    2.54234743    2.44036403    2.38392175    2.21820882    2.75362553    1.43449681    1.75789022    1.60233715    1.21513677    0.00000000    1.02011027    1.00971457    0.99004983    1.63596949    1.50028491    1.82396353    1.47760284    1.38330022    1.45842827    1.35660359    1.36617047    2.57075385    2.67468157    2.26321308    2.25764268    2.69669982    2.58500334    2.65543571    2.13765472    2.42704535    2.31087748    2.10147848    2.63061464    2.28075610    2.33898163
A0A2U8UQQ0_9CAUD/20-309     3.03061961    2.85025532    2.46844056    2.38326010    2.52433575    3.04977918    3.06184415    3.15718060    2.77008399    2.34075015    2.68140311    2.82131695    1.45769937    1.62821832    1.56795620    1.22420286    1.02011027    0.00000000    0.67872579    1.01664066    1.85519798    1.40555072    1.67059614    1.49542571    1.36339677    1.44459807    1.48441623    1.45998948    2.82707154    3.18953628    2.66959026    2.85999402    3.52986791    2.82782119    2.84794460    2.44776823    2.62752656    2.50941021    2.30160504    2.71595672    2.29732392    2.68605780
A0A2L1IWJ3_9CAUD/20-303     2.63946365    2.89777461    2.05036443    2.03440787    2.20293821    2.59280895    2.32651593    2.68875410    2.66238969    2.11055598    2.73555361    2.62193399    1.47158641    1.57612772    1.45913588    1.24579632    1.00971457    0.67872579    0.00000000    0.96015348    1.69752389    1.45206655    1.74149212    1.42067081    1.37803534    1.38750240    1.47638833    1.28465243    2.62475093    2.50855974    2.55714103    2.36976529    3.18240682    2.61756313    2.57346939    2.25839019    2.37923892    2.41812719    2.07855253    2.17731243    2.04238165    2.01823055
A0A4D6E4M6_9CAUD/20-297     2.48020624    2.61528304    1.91481309    1.94039407    2.19832444    2.72480264    2.47928637    2.21628673    2.19662698    1.77579245    1.98929475    2.01715532    1.12084967    1.34640223    1.14122209    0.87807246    0.99004983    1.01664066    0.96015348    0.00000000    1.39298649    1.17216264    1.35804777    1.03030202    1.11420977    1.06928384    1.15743118    1.07640318    2.16083364    2.42258633    2.31984724    2.18916877    2.65319103    2.18335082    2.13156147    1.80737774    2.10552413    2.07022033    2.05352949    2.30309184    1.88685318    2.10614794
A0A1I7F9Q5_9FIRM/18-309     2.53512959    3.07051839    2.51878649    2.42786679    2.43809304    2.83369685    2.84735355    2.82813405    2.83127798    2.47876489    2.54060065    2.63324751    1.74384233    1.83089869    1.80776901    1.36102113    1.63596949    1.85519798    1.69752389    1.39298649    0.00000000    1.31412046    1.60056673    1.31119430    1.27341947    1.21661743    1.18858966    1.21888171    2.84145281    2.74408586    2.52019191    2.71386313    2.97254799    2.55771526    2.87900191    2.50321498    2.36565964    2.37143237    2.48663687    2.35139442    2.20265901    2.22156260
D4N0M8_ANAHA/17-307     2.42546552    2.64216898    2.07147665    2.12906055    2.28898321    2.69858239    2.81896905    2.62925196    2.42940030    2.02719574    2.05849376    2.30508729    1.34291328    1.49430016    1.40122223    1.07789186    1.50028491    1.40555072    1.45206655    1.17216264    1.31412046    0.00000000    0.94338892    0.73336730    0.79394459    0.67564520    0.79836093    0.82237928    2.38963232    2.32367374    2.56136265    2.37924835    2.85175556    2.46411116    2.54493246    1.80227332    2.23910992    2.08072293    2.09789367    2.25079109    2.00866300    2.14552083
A0A2K9V351_9CAUD/26-328     2.65767291    2.70036388    2.20683078    2.25684187    2.38529677    3.01606964    2.97410165    2.63689419    2.66681978    2.28221604    2.26848824    2.45789651    1.49632587    1.65070256    1.52285828    1.22779555    1.82396353    1.67059614    1.74149212    1.35804777    1.60056673    0.94338892    0.00000000    1.04035339    0.98672310    1.04331452    1.20928861    1.22087539    2.34562933    2.03166059    2.48860260    2.21463343    3.33450449    2.17424768    2.43067219    2.14756073    2.23062490    2.27684375    2.35228440    2.39695975    2.32441519    2.73561860
C6LIT5_9FIRM/2-292     2.49800449    2.83657850    2.21172908    2.23257304    2.48416841    2.67829795    2.84039215    2.66547265    2.33926127    2.15603870    2.20052766    2.35407616    1.14213290    1.41084870    1.09309740    1.09404155    1.47760284    1.49542571    1.42067081    1.03030202    1.31119430    0.73336730    1.04035339    0.00000000    0.66204769    0.62554903    0.86019038    0.76969875    2.37780946    2.40017889    2.35473573    2.42993035    2.94271969    2.46096801    2.35452310    2.13379052    2.26612613    2.23936260    2.16956714    2.29878150    2.25125450    2.51052036
A0A1Y4SNT3_9FIRM/15-308     2.51312448    2.71527829    2.15727577    2.31241624    2.31374406    2.65507439    2.62387832    2.81701054    2.55459284    2.20037377    2.20850805    2.30062086    1.23941934    1.43759141    1.21596504    1.10991514    1.38330022    1.36339677    1.37803534    1.11420977    1.27341947    0.79394459    0.98672310    0.66204769    0.00000000    0.74987046    0.84861795    0.73540852    2.49204172    2.29863837    2.45078410    2.54255057    2.99755524    2.53005602    2.47579881    2.05783862    2.55140934    2.11912333    2.17231684    2.23218028    2.01917730    2.41826935
A0A416JV94_9FIRM/20-307     2.22962331    2.45635830    2.16279034    2.04326085    2.12900622    2.63229379    2.54110510    2.45305527    2.37811523    1.88420273    1.91542008    2.18745514    1.15843687    1.38250356    1.27882958    0.99638573    1.45842827    1.44459807    1.38750240    1.06928384    1.21661743    0.67564520    1.04331452    0.62554903    0.74987046    0.00000000    0.62050802    0.56986440    2.27565367    2.18550146    2.14453099    2.26670055    2.72573120    2.08001242    2.18814273    1.94623427    1.97599043    2.08738765    1.99721707    2.04233090    1.97435575    2.30134858
R5AAC1_9FIRM/21-305     2.64367553    2.69383859    2.27050622    2.23084232    2.38353153    2.65923494    2.57281950    2.49547667    2.66615681    2.10373177    1.98761321    2.09006342    1.23870068    1.45931591    1.34417850    1.07808302    1.35660359    1.48441623    1.47638833    1.15743118    1.18858966    0.79836093    1.20928861    0.86019038    0.84861795    0.62050802    0.00000000    0.59850118    2.30174763    2.47281088    2.36059247    2.39761066    2.85832932    2.14476365    2.30578068    2.09566694    2.33190032    2.16973834    2.32074852    2.20693543    2.21584268    2.35049204
G5IHU0_9CLOT/11-312     2.49504258    2.61982752    2.25640727    2.34477471    2.07216604    2.71611052    2.52109305    2.62668077    2.46708559    2.07594162    2.31769655    2.24008140    1.18490796    1.43622526    1.24593674    1.02187393    1.36617047    1.45998948    1.28465243    1.07640318    1.21888171    0.82237928    1.22087539    0.76969875    0.73540852    0.56986440    0.59850118    0.00000000    2.44214176    2.34840853    2.24687350    2.35999328    2.73799306    2.20898851    2.15765809    2.12299682    2.32204418    2.11492688    2.06943320    2.31125476    2.24172412    2.42759665
A0A3A9JBJ4_9FIRM/7-253     1.81418852    1.78126846    1.55974584    1.81013413    1.56277021    1.85559078    2.14256033    2.04444291    2.06290150    1.87691473    2.58020150    2.71534791    2.55237621    2.82006638    2.46493410    2.45190018    2.57075385    2.82707154    2.62475093    2.16083364    2.84145281    2.38963232    2.34562933    2.37780946    2.49204172    2.27565367    2.30174763    2.44214176    0.00000000    1.25672783    1.28160598    1.12868956    1.90208650    1.43866426    1.52146100    1.43639006    1.59478290    1.61846982    1.75712682    1.77924216    1.82031095    1.80883656
A0A1Y4SMA9_9FIRM/11-255     1.98406926    1.94041937    1.71345334    1.71688940    2.06374819    2.16645344    2.30840988    2.21604332    2.14777661    1.82211403    2.79210065    2.47732843    2.49982175    2.84896816    2.29396782    2.38637547    2.67468157    3.18953628    2.50855974    2.42258633    2.74408586    2.32367374    2.03166059    2.40017889    2.29863837    2.18550146    2.47281088    2.34840853    1.25672783    0.00000000    1.24051708    1.04375232    2.16387589    1.63379229    1.48948959    1.55618956    2.03031052    1.82345480    1.89464661    1.98392927    1.85621340    1.86263646
R5AKS1_9FIRM/17-271     1.96842657    2.02889307    1.77067722    1.85499788    1.81445536    2.02734840    1.90848928    2.31776618    2.24422468    1.80096658    2.93081744    2.46349920    2.58888326    2.60151662    2.38756964    2.31822420    2.26321308    2.66959026    2.55714103    2.31984724    2.52019191    2.56136265    2.48860260    2.35473573    2.45078410    2.14453099    2.36059247    2.24687350    1.28160598    1.24051708    0.00000000    0.75164302    1.97507881    1.26734864    1.26501203    1.48481666    1.77753730    1.66505764    2.06089453    1.89172646    1.93589790    1.97798937
A0A416JVL8_9FIRM/17-269     1.74401238    1.97441562    1.65901650    1.74401612    1.73827015    1.89301509    2.04103470    2.03740814    1.95298288    1.76403896    2.52461745    2.74972896    2.59248452    2.42002970    2.58555279    2.43210188    2.25764268    2.85999402    2.36976529    2.18916877    2.71386313    2.37924835    2.21463343    2.42993035    2.54255057    2.26670055    2.39761066    2.35999328    1.12868956    1.04375232    0.75164302    0.00000000    1.70457532    1.47882350    1.45123391    1.29549163    1.85200413    1.52533023    1.95421533    1.93111735    1.72258359    1.82103595
A0A1I7F8Q7_9FIRM/5-282     2.24992513    2.29665088    2.41157550    2.46799363    2.50909007    2.56280184    2.20022985    2.35320754    3.26243823    2.50362176    3.02317933    3.38587603    2.87482357    3.17334769    3.12045200    2.85982307    2.69669982    3.52986791    3.18240682    2.65319103    2.97254799    2.85175556    3.33450449    2.94271969    2.99755524    2.72573120    2.85832932    2.73799306    1.90208650    2.16387589    1.97507881    1.70457532    0.00000000    1.93444783    1.82887392    2.00488320    2.38507640    2.38226116    2.31779914    2.78648096    2.52525627    2.22260811
A0A2K9V393_9CAUD/10-259     1.97172837    2.07060704    1.79112094    1.72777892    1.92480014    2.07349432    2.16132275    2.08541576    2.45761047    1.74511730    2.68488795    3.07963173    2.74270289    2.58638047    2.69066823    2.20126580    2.58500334    2.82782119    2.61756313    2.18335082    2.55771526    2.46411116    2.17424768    2.46096801    2.53005602    2.08001242    2.14476365    2.20898851    1.43866426    1.63379229    1.26734864    1.47882350    1.93444783    0.00000000    1.36774083    1.72821765    1.97179424    1.99732434    1.98681719    1.95188403    1.91466546    2.08840670
D4N0K8_ANAHA/9-252     2.18240967    2.18435235    1.96082924    1.95024764    1.93312754    2.23330599    2.24683716    2.34348948    2.40338974    2.01306049    2.75087558    2.66056122    2.68290533    3.15653224    2.78647138    2.87945607    2.65543571    2.84794460    2.57346939    2.13156147    2.87900191    2.54493246    2.43067219    2.35452310    2.47579881    2.18814273    2.30578068    2.15765809    1.52146100    1.48948959    1.26501203    1.45123391    1.82887392    1.36774083    0.00000000    1.86809552    2.09190395    2.11216982    2.14269122    2.01283029    1.98757429    1.96318215
A0A416JV34_9FIRM/16-254     1.31050430    1.33873001    1.08602128    1.13689366    1.12431434    1.41220425    1.34438243    1.13130781    1.26912974    0.96653846    2.07630745    2.12214034    1.99241147    2.22924525    2.07970505    1.98269916    2.13765472    2.44776823    2.25839019    1.80737774    2.50321498    1.80227332    2.14756073    2.13379052    2.05783862    1.94623427    2.09566694    2.12299682    1.43639006    1.55618956    1.48481666    1.29549163    2.00488320    1.72821765    1.86809552    0.00000000    0.92375716    0.79696402    1.22571246    1.21127103    1.29552498    1.32722952
D4N0M3_ANAHA/15-252     1.32287919    1.36133314    1.25320493    1.34530290    1.33999324    1.63818402    1.57681379    1.46299594    1.83856263    1.24953216    2.55137768    2.35307227    2.08424343    2.11863876    2.01912830    1.99609242    2.42704535    2.62752656    2.37923892    2.10552413    2.36565964    2.23910992    2.23062490    2.26612613    2.55140934    1.97599043    2.33190032    2.32204418    1.59478290    2.03031052    1.77753730    1.85200413    2.38507640    1.97179424    2.09190395    0.92375716    0.00000000    0.99093031    1.26046577    1.24019803    1.23911658    1.48325247
C6LIT9_9FIRM/16-272     1.46058475    1.56834799    1.23609069    1.39906029    1.31351871    1.57425545    1.44260121    1.49969015    1.53793139    1.15718929    2.15014215    2.25522465    2.38008942    2.43616218    2.45391047    1.97854501    2.31087748    2.50941021    2.41812719    2.07022033    2.37143237    2.08072293    2.27684375    2.23936260    2.11912333    2.08738765    2.16973834    2.11492688    1.61846982    1.82345480    1.66505764    1.52533023    2.38226116    1.99732434    2.11216982    0.79696402    0.99093031    0.00000000    1.21892446    1.42368409    1.46130426    1.41706384
A0A4D6E4X5_9CAUD/13-254     0.77474764    0.96329148    0.78396509    0.92372364    1.09833478    1.26445917    1.54211530    1.73842841    1.52720794    1.41368745    2.21432873    2.51838679    2.10066146    2.16898680    2.00476789    2.00279518    2.10147848    2.30160504    2.07855253    2.05352949    2.48663687    2.09789367    2.35228440    2.16956714    2.17231684    1.99721707    2.32074852    2.06943320    1.75712682    1.89464661    2.06089453    1.95421533    2.31779914    1.98681719    2.14269122    1.22571246    1.26046577    1.21892446    0.00000000    0.88511121    0.95335460    0.96691864
A0A2U8UQL2_9CAUD/13-274     0.88945780    1.32930261    0.89539532    1.12311520    1.21013092    1.58080022    1.42319177    1.67442564    2.08314499    1.42742557    2.50027734    2.49686208    2.35751367    2.21625818    2.28444231    2.26399343    2.63061464    2.71595672    2.17731243    2.30309184    2.35139442    2.25079109    2.39695975    2.29878150    2.23218028    2.04233090    2.20693543    2.31125476    1.77924216    1.98392927    1.89172646    1.93111735    2.78648096    1.95188403    2.01283029    1.21127103    1.24019803    1.42368409    0.88511121    0.00000000    0.93914960    0.96968492
A0A385DPC3_9CAUD/13-259     0.93617887    1.29122090    1.10991943    1.18957782    1.45082317    1.54636995    1.53364907    1.99330306    1.65790189    1.38555753    2.54046057    2.50085330    2.14437215    2.10448790    2.15075192    1.96730797    2.28075610    2.29732392    2.04238165    1.88685318    2.20265901    2.00866300    2.32441519    2.25125450    2.01917730    1.97435575    2.21584268    2.24172412    1.82031095    1.85621340    1.93589790    1.72258359    2.52525627    1.91466546    1.98757429    1.29552498    1.23911658    1.46130426    0.95335460    0.93914960    0.00000000    0.97506366
A0A2L1IWC9_9CAUD/14-264     0.93185952    1.29938619    1.14065175    1.20094065    1.19933385    1.61941489    1.39862995    1.74038029    1.96120479    1.52376321    2.43880405    2.49083276    2.27845345    2.33784601    2.52538585    2.28511462    2.33898163    2.68605780    2.01823055    2.10614794    2.22156260    2.14552083    2.73561860    2.51052036    2.41826935    2.30134858    2.35049204    2.42759665    1.80883656    1.86263646    1.97798937    1.82103595    2.22260811    2.08840670    1.96318215    1.32722952    1.48325247    1.41706384    0.96691864    0.96968492    0.97506366    0.00000000

