20
M4B091_XIPMA/74-168     0.00000000    0.33166059    0.31295387    0.41401923    0.72442468    1.37952029    1.54614115    2.18162769    2.08018933    2.18860464    1.97414032    2.08716398    1.00611238    1.03760175    1.10986122    1.15369501    1.38040952    0.77523764    0.54910248    0.88221656
A0A2I4BWV8_9TELE/74-170     0.33166059    0.00000000    0.31017181    0.44079581    0.86000160    1.29543982    1.52310799    2.16385588    2.09234930    2.15736546    1.91793526    1.96316607    1.19149135    1.12926307    1.12452163    1.32297351    1.58970784    0.90310033    0.73297850    0.93325467
H3D464_TETNG/73-158     0.31295387    0.31017181    0.00000000    0.31948552    0.73233967    1.22671525    1.37812157    2.12702625    2.17332077    2.05447435    2.09524707    2.12238363    1.06726638    1.02154133    1.10160405    1.18463828    1.47128295    0.79856467    0.59407605    0.79747674
A0A1S3P9B5_SALSA/74-160     0.41401923    0.44079581    0.31948552    0.00000000    0.63987292    1.28116741    1.27493605    2.25957077    2.12425665    2.03835022    1.97876331    1.96855539    0.95530410    0.99806905    1.16941738    1.05992592    1.35659733    0.71838115    0.58450615    0.94006704
W5NMI7_LEPOC/74-154     0.72442468    0.86000160    0.73233967    0.63987292    0.00000000    1.08870646    1.14022625    1.52999091    1.51887487    1.61359304    1.47044805    1.58738880    0.56003688    0.62395637    0.66935611    0.58929834    0.77683021    0.42500519    0.76577596    0.89485108
A0A1S3QYT5_SALSA/62-146     1.37952029    1.29543982    1.22671525    1.28116741    1.08870646    0.00000000    0.35092655    1.47675945    1.46475361    1.38260360    1.25949559    1.45530454    1.23665775    1.11945673    1.27230285    1.24998232    1.44769819    1.07742247    1.28543512    1.38375341
A0A1S3LVD7_SALSA/60-140     1.54614115    1.52310799    1.37812157    1.27493605    1.14022625    0.35092655    0.00000000    1.51513532    1.40483482    1.33833209    1.40613059    1.37265189    1.36208961    1.10573316    1.40209774    1.28139982    1.53310828    1.12616439    1.50282622    1.32238120
H3CQU0_TETNG/56-137     2.18162769    2.16385588    2.12702625    2.25957077    1.52999091    1.47675945    1.51513532    0.00000000    1.25812963    1.32378968    1.39918674    1.13840234    1.87683485    1.74600178    1.67281643    1.84583180    1.73223153    1.72026048    2.46447026    1.94919728
G3PUG7_GASAC/65-146     2.08018933    2.09234930    2.17332077    2.12425665    1.51887487    1.46475361    1.40483482    1.25812963    0.00000000    0.95202207    0.87592353    0.98597833    1.59677356    1.56099646    1.55538261    1.61934928    1.34892512    1.47520938    2.01627385    1.88973392
M4AYR3_XIPMA/63-143     2.18860464    2.15736546    2.05447435    2.03835022    1.61359304    1.38260360    1.33833209    1.32378968    0.95202207    0.00000000    0.85971476    0.74973511    1.76844778    1.76623234    1.89263237    1.60693968    1.74620597    1.62520554    2.08626663    2.44227198
I3KZL0_ORENI/63-149     1.97414032    1.91793526    2.09524707    1.97876331    1.47044805    1.25949559    1.40613059    1.39918674    0.87592353    0.85971476    0.00000000    0.70877591    1.58115338    1.37256261    1.49239428    1.61738007    1.52200502    1.50492444    1.92803747    1.96799173
A0A2I4CB02_9TELE/63-149     2.08716398    1.96316607    2.12238363    1.96855539    1.58738880    1.45530454    1.37265189    1.13840234    0.98597833    0.74973511    0.70877591    0.00000000    2.10320489    1.60377665    1.70935058    1.72321616    1.56921234    1.58368578    2.35973138    2.48028589
F6V488_ORNAN/75-154     1.00611238    1.19149135    1.06726638    0.95530410    0.56003688    1.23665775    1.36208961    1.87683485    1.59677356    1.76844778    1.58115338    2.10320489    0.00000000    0.58702808    0.55485176    0.43265937    0.49901934    0.66266485    1.02040803    1.33276562
H3B0K4_LATCH/76-154     1.03760175    1.12926307    1.02154133    0.99806905    0.62395637    1.11945673    1.10573316    1.74600178    1.56099646    1.76623234    1.37256261    1.60377665    0.58702808    0.00000000    0.55814010    0.38002318    0.52015153    0.88469162    1.16898632    1.09222219
Q640C6_XENLA/75-153     1.10986122    1.12452163    1.10160405    1.16941738    0.66935611    1.27230285    1.40209774    1.67281643    1.55538261    1.89263237    1.49239428    1.70935058    0.55485176    0.55814010    0.00000000    0.42019008    0.50700219    0.80585108    1.09029681    1.10424084
A0A0Q3TDI8_AMAAE/83-162     1.15369501    1.32297351    1.18463828    1.05992592    0.58929834    1.24998232    1.28139982    1.84583180    1.61934928    1.60693968    1.61738007    1.72321616    0.43265937    0.38002318    0.42019008    0.00000000    0.26914253    0.70912776    1.20641235    1.34389051
A0A099Z2H9_TINGU/75-154     1.38040952    1.58970784    1.47128295    1.35659733    0.77683021    1.44769819    1.53310828    1.73223153    1.34892512    1.74620597    1.52200502    1.56921234    0.49901934    0.52015153    0.50700219    0.26914253    0.00000000    0.80097592    1.35251242    1.63958848
A0A0P7ZAE2_SCLFO/74-154     0.77523764    0.90310033    0.79856467    0.71838115    0.42500519    1.07742247    1.12616439    1.72026048    1.47520938    1.62520554    1.50492444    1.58368578    0.66266485    0.88469162    0.80585108    0.70912776    0.80097592    0.00000000    0.69819599    1.02332137
W5LTQ6_ASTMX/74-160     0.54910248    0.73297850    0.59407605    0.58450615    0.76577596    1.28543512    1.50282622    2.46447026    2.01627385    2.08626663    1.92803747    2.35973138    1.02040803    1.16898632    1.09029681    1.20641235    1.35251242    0.69819599    0.00000000    0.69081945
A0A0R4IW37_DANRE/74-166     0.88221656    0.93325467    0.79747674    0.94006704    0.89485108    1.38375341    1.32238120    1.94919728    1.88973392    2.44227198    1.96799173    2.48028589    1.33276562    1.09222219    1.10424084    1.34389051    1.63958848    1.02332137    0.69081945    0.00000000

