8
M1PG45_9VIRU/9-423     0.00000000    1.00611878    1.24515839    1.18966366    1.21704976    1.07413847    1.11943080    1.13492944
G5CQU8_9VIRU/9-407     1.00611878    0.00000000    1.28098889    1.26514859    1.30325394    1.05419322    1.15118375    1.20697917
YR706_MIMIV/13-420     1.24515839    1.28098889    0.00000000    0.45240115    0.41150471    1.22049590    1.19503359    1.19300004
G5CRW2_9VIRU/13-418     1.18966366    1.26514859    0.45240115    0.00000000    0.26365559    1.20793121    1.10419164    1.11526269
L7RFT3_9VIRU/13-418     1.21704976    1.30325394    0.41150471    0.26365559    0.00000000    1.18967379    1.19023547    1.17105827
G5CRM3_9VIRU/9-419     1.07413847    1.05419322    1.22049590    1.20793121    1.18967379    0.00000000    0.68011528    0.78219459
M1PM59_9VIRU/9-421     1.11943080    1.15118375    1.19503359    1.10419164    1.19023547    0.68011528    0.00000000    0.26452007
A0A2P1EMJ1_9VIRU/9-421     1.13492944    1.20697917    1.19300004    1.11526269    1.17105827    0.78219459    0.26452007    0.00000000

