14
A0A1U7UXD1_CARSF/1-110     0.00000000    0.24981330    0.36854273    0.35904849    0.36976615    0.70200907    0.37349848    0.31941563    0.29310921    0.48327911    0.51977065    0.62609677    0.50396373    0.52837198
H0XBR2_OTOGA/1-111     0.24981330    0.00000000    0.28415960    0.31686489    0.35779176    0.68272220    0.37365917    0.31565450    0.23616570    0.46931051    0.44212439    0.70649370    0.41677143    0.49456150
G1NWA1_MYOLU/1-111     0.36854273    0.28415960    0.00000000    0.34187567    0.41761061    0.75649372    0.35291417    0.33258549    0.33295037    0.45135254    0.52236934    0.73106683    0.48432949    0.57166770
J9PAL9_CANLF/3-113     0.35904849    0.31686489    0.34187567    0.00000000    0.27957540    0.66541579    0.34433064    0.29062480    0.26754386    0.56536362    0.47898411    0.70726575    0.42688906    0.54973734
W5NTQ1_SHEEP/1-111     0.36976615    0.35779176    0.41761061    0.27957540    0.00000000    0.72137503    0.39783776    0.35523685    0.33370301    0.57215939    0.55521032    0.75212361    0.49188970    0.57672810
G3WZD5_SARHA/1-109     0.70200907    0.68272220    0.75649372    0.66541579    0.72137503    0.00000000    0.61393696    0.64598352    0.76023767    0.88416231    0.82960953    1.24628295    0.81078804    0.96997781
A0A1S2ZBF1_ERIEU/1-111     0.37349848    0.37365917    0.35291417    0.34433064    0.39783776    0.61393696    0.00000000    0.38468720    0.35672238    0.60412417    0.59922022    0.71818826    0.50781354    0.58543133
G3TXX5_LOXAF/1-111     0.31941563    0.31565450    0.33258549    0.29062480    0.35523685    0.64598352    0.38468720    0.00000000    0.28448034    0.54892714    0.54111817    0.63531308    0.48610157    0.56204824
G7PD74_MACFA/1-111     0.29310921    0.23616570    0.33295037    0.26754386    0.33370301    0.76023767    0.35672238    0.28448034    0.00000000    0.48169403    0.49810569    0.64141465    0.39217300    0.51022107
Q8CC29_MOUSE/1-109     0.48327911    0.46931051    0.45135254    0.56536362    0.57215939    0.88416231    0.60412417    0.54892714    0.48169403    0.00000000    0.33098009    0.73713007    0.59462783    0.63369324
G3H1K0_CRIGR/1-109     0.51977065    0.44212439    0.52236934    0.47898411    0.55521032    0.82960953    0.59922022    0.54111817    0.49810569    0.33098009    0.00000000    0.70550420    0.53896170    0.67956432
A0A286XD28_CAVPO/1-111     0.62609677    0.70649370    0.73106683    0.70726575    0.75212361    1.24628295    0.71818826    0.63531308    0.64141465    0.73713007    0.70550420    0.00000000    0.69223521    0.83890971
A0A1S3G1R7_DIPOR/1-111     0.50396373    0.41677143    0.48432949    0.42688906    0.49188970    0.81078804    0.50781354    0.48610157    0.39217300    0.59462783    0.53896170    0.69223521    0.00000000    0.66078779
G1SL58_RABIT/1-110     0.52837198    0.49456150    0.57166770    0.54973734    0.57672810    0.96997781    0.58543133    0.56204824    0.51022107    0.63369324    0.67956432    0.83890971    0.66078779    0.00000000

