89
K9SD30_9CYAN/46-190     0.00000000    0.42669575    0.43389557    0.50027527    0.39072400    0.47612030    0.46985714    0.47897259    0.46698178    0.40727361    0.47886117    0.56249703    0.57319826    0.50008714    0.62066056    0.54054923    0.58373732    0.44325727    0.39212253    0.53707521    0.47786192    0.45873660    0.47958070    0.51901217    0.52720162    0.62138022    0.48637914    0.54745694    0.54634032    0.61955193    0.53333123    0.49915624    0.71371945    0.74608363    0.67105444    0.73253379    0.51891563    0.45630681    0.46774808    0.46552698    0.56401569    0.45023448    0.64514578    1.62709861    1.66089980    1.78585561    1.28391435    1.22462448    1.34731261    1.56767435    1.44483625    1.22967803    1.20751899    1.39190903    1.65056432    1.84817090    1.59342768    1.56324393    1.64302830    1.58615081    1.56876273    1.47141452    1.35407805    1.58419902    1.49811234    1.42615084    1.69609221    1.71885502    1.89734603    1.78834824    1.80139602    1.69262232    1.18519201    1.70646261    1.46276809    1.65192708    1.69552522    1.70925238    1.58032386    1.41548516    1.67154274    1.36036638    1.45810333    1.32205722    1.88853252    2.37071911    0.64224337    0.53408697    0.59381110
A0A0X8WQP3_9CYAN/40-183     0.42669575    0.00000000    0.56158963    0.67134192    0.56948528    0.62342275    0.61588627    0.67645688    0.70563229    0.63741995    0.67021419    0.71674173    0.67030658    0.65430314    0.73080045    0.64533708    0.75059853    0.59201671    0.55239111    0.62643522    0.63857554    0.50712832    0.59035275    0.68819200    0.63699177    0.68425889    0.60324048    0.72918289    0.60349663    0.76421689    0.57788457    0.67439752    0.77874076    0.77367379    0.69347504    0.74738946    0.66397001    0.57071212    0.59472419    0.51707436    0.66385079    0.61692049    0.73739018    1.73497098    1.65220467    1.77670184    1.22194729    1.20950038    1.35603740    1.47531400    1.41578765    1.20128505    1.12737690    1.35567067    1.49186047    1.81422060    1.30824780    1.63710647    1.66239602    1.50869079    1.43692952    1.38952613    1.40971542    1.48729158    1.44378729    1.39011428    1.56929943    1.62261952    1.72024820    1.56720315    1.53356824    1.59717715    1.20574872    1.60807104    1.38973051    1.50454327    1.64131540    1.48568791    1.49917983    1.34985775    1.49885674    1.38328951    1.38530850    1.29110638    1.88843491    2.04431020    0.63230121    0.54831596    0.68682815
B4VQR1_9CYAN/40-198     0.43389557    0.56158963    0.00000000    0.32064615    0.40701096    0.38588201    0.39075261    0.39413976    0.40464680    0.36680042    0.44196100    0.43405266    0.49946180    0.44956969    0.50076710    0.51646855    0.54988030    0.43744004    0.46640452    0.40255395    0.55975315    0.51732083    0.45348497    0.51358915    0.59322881    0.69624109    0.48505702    0.44647694    0.53182293    0.52180684    0.52349305    0.41652427    0.60198486    0.58104419    0.62004822    0.63151081    0.42932209    0.46249218    0.48975251    0.50236040    0.51352699    0.40256998    0.69851440    1.58009388    1.53240707    1.80066911    1.33762935    1.39315662    1.40090571    1.49705727    1.49121151    1.45933164    1.40940500    1.40739011    1.56232649    1.84569525    1.51548103    1.55055451    1.51984593    1.58273095    1.49732641    1.42825705    1.54263808    1.69097386    1.61749846    1.45234129    1.63273778    1.62288749    1.70176417    1.71978686    1.68254936    1.66486295    1.35682858    1.68386423    1.51439761    1.62608702    1.70195362    1.65755756    1.55340915    1.42508567    1.54486129    1.38699078    1.64113799    1.50228567    1.94623216    2.36531393    0.68156039    0.49566571    0.59237079
K9WJB4_9CYAN/43-192     0.50027527    0.67134192    0.32064615    0.00000000    0.40477850    0.47445443    0.42151913    0.46630231    0.51543960    0.45338351    0.50698144    0.54701383    0.62506453    0.51720888    0.57023061    0.51549881    0.60105774    0.48843593    0.49394348    0.40468047    0.57262469    0.58662200    0.52265560    0.60286255    0.71734293    0.76152675    0.51377998    0.51965201    0.64644276    0.55603584    0.57788948    0.46865113    0.72718521    0.71905812    0.72680576    0.68134869    0.43439809    0.45705448    0.49083080    0.53764505    0.55067252    0.53303471    0.70782948    1.58188088    1.54519298    1.71917398    1.27092492    1.36207334    1.41752733    1.49473909    1.54238864    1.39972358    1.39630213    1.49619667    1.46968551    1.75791320    1.35517668    1.44404875    1.58481344    1.45953736    1.39780898    1.54308057    1.45023531    1.56307089    1.55391975    1.48635341    1.47220165    1.54981028    1.62914276    1.62659762    1.62563895    1.51319252    1.26503737    1.70082182    1.42127045    1.59853842    1.57584379    1.61546344    1.58748852    1.38633942    1.55434235    1.39344637    1.51389645    1.41912644    1.76036031    2.31286387    0.72076826    0.49689333    0.56086943
K9XBM5_9CHRO/40-181     0.39072400    0.56948528    0.40701096    0.40477850    0.00000000    0.38846536    0.45765762    0.42875996    0.43111485    0.35499049    0.46666496    0.47122208    0.52359813    0.44071588    0.53670105    0.46773626    0.50141948    0.44709159    0.40381871    0.45562950    0.43973505    0.50645170    0.51779778    0.62226762    0.62242815    0.69173595    0.49732978    0.53251131    0.53407255    0.56602603    0.57380977    0.49484664    0.66045573    0.59778796    0.67761559    0.68569382    0.45183010    0.43785303    0.51935337    0.55400786    0.54039714    0.50165274    0.70266139    1.54632660    1.60262641    1.75248430    1.23543038    1.37311042    1.48777056    1.59703024    1.62572555    1.42647258    1.42024145    1.33022107    1.50308701    1.68615999    1.44721874    1.35140033    1.49019542    1.30149492    1.39195860    1.44551903    1.39081754    1.51149244    1.52527309    1.39031383    1.54143278    1.52693004    1.63707239    1.60369517    1.66853993    1.55963106    1.22955216    1.54547544    1.24764894    1.56897065    1.66025690    1.47146372    1.53058101    1.29563583    1.42278648    1.41407873    1.59126368    1.41168615    1.67370343    2.09867356    0.69367381    0.54633361    0.56663944
K9V6Q9_9CYAN/47-197     0.47612030    0.62342275    0.38588201    0.47445443    0.38846536    0.00000000    0.37374437    0.34410161    0.42851910    0.27493746    0.41887983    0.39144432    0.41135446    0.34189781    0.41477037    0.33805290    0.43731416    0.34090755    0.46099399    0.50096704    0.48537635    0.48655864    0.48793818    0.53344150    0.58472733    0.67616240    0.47581158    0.49037820    0.58678666    0.56824380    0.53756826    0.46122335    0.66791231    0.63968017    0.68983741    0.65967368    0.39425923    0.41739781    0.48355446    0.50794595    0.50307209    0.49360646    0.72361326    1.58547200    1.62715158    1.93912348    1.29275685    1.33047871    1.46187334    1.55413214    1.56048291    1.39772243    1.30275041    1.34146017    1.55812439    1.82964861    1.50611362    1.50521695    1.60219104    1.42976773    1.44051881    1.37156343    1.49413002    1.58003441    1.58264466    1.45753806    1.59608538    1.53389381    1.61943339    1.59286929    1.47545815    1.37998566    1.39897164    1.55477030    1.39981320    1.52752371    1.63670294    1.59388747    1.45536380    1.44634041    1.66791928    1.45123867    1.61985210    1.42843398    1.78763052    2.14626647    0.69921014    0.55534428    0.58125528
A0A0C1QRG5_9CYAN/37-188     0.46985714    0.61588627    0.39075261    0.42151913    0.45765762    0.37374437    0.00000000    0.25816477    0.40709304    0.29275983    0.37651792    0.35588856    0.40884395    0.31034208    0.40365854    0.38812461    0.45764028    0.34553021    0.48258027    0.56376580    0.55975039    0.56837317    0.57821255    0.55699515    0.57824694    0.64671826    0.46406444    0.56524235    0.62990600    0.54277459    0.49737120    0.44564968    0.64369075    0.59273167    0.57585889    0.64216017    0.46349936    0.47257820    0.53003117    0.51027808    0.53161965    0.55546751    0.75980178    1.61267629    1.57459510    1.97070469    1.18104064    1.38972558    1.44826650    1.59415924    1.55599135    1.35758273    1.25561452    1.44818792    1.72292359    1.80702599    1.40866143    1.69945782    1.68981704    1.48713372    1.54612496    1.51430813    1.38808112    1.52934296    1.54981695    1.51408046    1.55894766    1.64868332    1.78429208    1.70601236    1.71166234    1.65405963    1.36966370    1.57590897    1.41748448    1.66126852    1.59586802    1.60620162    1.52170237    1.38889353    1.71206528    1.55332267    1.69893160    1.51541306    1.69554735    2.23535054    0.70543093    0.59662826    0.56912154
A0A0C2MBY2_9CYAN/47-199     0.47897259    0.67645688    0.39413976    0.46630231    0.42875996    0.34410161    0.25816477    0.00000000    0.34027023    0.24072023    0.35000532    0.28555034    0.42634710    0.23711718    0.35817710    0.32477907    0.33235487    0.29675063    0.47498279    0.55437986    0.42414893    0.54773700    0.58022030    0.54103634    0.62997932    0.71193034    0.46088193    0.51741995    0.65358888    0.53147525    0.52687533    0.49218170    0.64878635    0.65709851    0.54196828    0.57451866    0.44155325    0.43576967    0.49348696    0.49239704    0.51474449    0.54790525    0.72764068    1.58420429    1.60839513    1.93557625    1.21887488    1.43952840    1.44118474    1.58275392    1.57766263    1.38711720    1.26091071    1.52993169    1.66540147    1.82196962    1.51809262    1.57486636    1.62576801    1.41387295    1.63949625    1.54359070    1.41370421    1.53450191    1.48663162    1.52338197    1.72150733    1.60707328    1.79090865    1.68497986    1.81647292    1.61696226    1.36826968    1.64960944    1.48712925    1.60791494    1.66463510    1.65178951    1.63464027    1.42424058    1.68589371    1.54211254    1.71050632    1.55406991    1.75788725    2.20250317    0.67925245    0.55039325    0.56731634
K9RMX0_9CYAN/47-197     0.46698178    0.70563229    0.40464680    0.51543960    0.43111485    0.42851910    0.40709304    0.34027023    0.00000000    0.32072482    0.41590674    0.39720362    0.50391538    0.35275753    0.46208638    0.45492776    0.49767081    0.43275824    0.51966902    0.61579095    0.57352096    0.56563925    0.58353571    0.60143720    0.62923917    0.67371737    0.55147720    0.58513163    0.64821239    0.59897090    0.63136155    0.55647918    0.68463744    0.69610441    0.67464378    0.68589034    0.54787873    0.52564867    0.58098208    0.56534527    0.54828224    0.58007924    0.74511006    1.54606561    1.61165905    1.89375504    1.35817423    1.48581599    1.40890769    1.44429357    1.51557620    1.41970925    1.42447795    1.53175901    1.70942629    1.74395975    1.62047907    1.45929893    1.53684768    1.39855732    1.55799493    1.52655193    1.47878824    1.69439735    1.57844141    1.59992319    1.75618200    1.70396221    1.82478530    1.67053874    1.81425247    1.64131919    1.30865546    1.66348856    1.43721260    1.62096244    1.72286353    1.63362730    1.50659209    1.37357711    1.53294727    1.43801713    1.58396856    1.47164750    1.73163084    2.24291261    0.75331152    0.64743898    0.70441403
A0A433NMD9_CHLFR/47-197     0.40727361    0.63741995    0.36680042    0.45338351    0.35499049    0.27493746    0.29275983    0.24072023    0.32072482    0.00000000    0.37452602    0.33366296    0.44737369    0.26246207    0.40096826    0.34547570    0.42428380    0.35600925    0.45979347    0.53495203    0.44377637    0.48102749    0.52432115    0.52842602    0.60752916    0.64444243    0.43913286    0.52415058    0.57352437    0.54832209    0.50518332    0.43991066    0.68644319    0.64560543    0.60551015    0.67109153    0.43306936    0.39801270    0.47124321    0.47628528    0.50593323    0.46518767    0.70624953    1.56096512    1.48456940    1.88424089    1.29277248    1.37918658    1.43826809    1.49872495    1.56348699    1.37736568    1.27434440    1.37260860    1.51446968    1.72476402    1.51520719    1.42935592    1.60608470    1.39832926    1.50467618    1.44329851    1.40701887    1.59180690    1.42718237    1.49865494    1.62949546    1.61479210    1.64645137    1.62995791    1.65691062    1.54096190    1.35398727    1.61706809    1.45709769    1.69912969    1.68853810    1.64669771    1.47772664    1.39330227    1.60297706    1.44478268    1.59260191    1.42545874    1.83658718    2.13213788    0.64584600    0.53441634    0.54916329
A0A0D8ZN99_9CYAN/40-177     0.47886117    0.67021419    0.44196100    0.50698144    0.46666496    0.41887983    0.37651792    0.35000532    0.41590674    0.37452602    0.00000000    0.38799354    0.45710088    0.32074000    0.47601946    0.41190353    0.46193451    0.46673243    0.46327478    0.50766384    0.44785064    0.54532178    0.55352313    0.53632827    0.55106315    0.63483298    0.48585134    0.56040208    0.57742524    0.65749103    0.57210716    0.50615595    0.61145691    0.63719546    0.65698553    0.68776503    0.46863927    0.46452843    0.51353956    0.56100615    0.58812590    0.54820819    0.70344043    1.60272980    1.59206172    1.91928572    1.22817273    1.37706759    1.36959312    1.51906669    1.48471583    1.46159284    1.39349765    1.27909359    1.61539994    1.68010712    1.37969774    1.46972181    1.58085356    1.39826343    1.39300501    1.42006824    1.20283563    1.52077305    1.45100920    1.35354101    1.57347588    1.51715278    1.54822171    1.57186165    1.52729952    1.52384047    1.24758986    1.50619918    1.33827003    1.53908126    1.57894844    1.62204949    1.45473466    1.39423579    1.54349465    1.29212519    1.40149266    1.33699337    1.74747560    2.24590780    0.68315451    0.54294526    0.61099272
A0A1Z4NIC6_9CYAN/50-200     0.56249703    0.71674173    0.43405266    0.54701383    0.47122208    0.39144432    0.35588856    0.28555034    0.39720362    0.33366296    0.38799354    0.00000000    0.42371406    0.36900629    0.47460905    0.37228627    0.42092568    0.37805621    0.58059968    0.64645758    0.52601778    0.63665093    0.60743631    0.54699997    0.62258936    0.69536996    0.53388462    0.59501431    0.64800253    0.59689347    0.48160110    0.53866066    0.72817671    0.69318834    0.61641952    0.67760557    0.49278835    0.58181379    0.52900958    0.56572820    0.56089478    0.55356720    0.69087732    1.60333850    1.45848175    1.79200152    1.27554920    1.33180820    1.45540987    1.50224650    1.55550701    1.51858422    1.41720960    1.55902137    1.67381026    1.67905917    1.58215205    1.54575636    1.54868442    1.48562075    1.55887861    1.63562145    1.43370510    1.60661769    1.50206542    1.55368788    1.60572516    1.60239803    1.76870777    1.77905877    1.82284858    1.65588163    1.49743732    1.57886620    1.47990737    1.53341221    1.66334140    1.62294263    1.53813441    1.43965618    1.72427949    1.49975453    1.76953284    1.57702555    1.86717983    2.17463035    0.70609575    0.61421011    0.64510200
A0A0V7ZGZ6_9CYAN/47-198     0.57319826    0.67030658    0.49946180    0.62506453    0.52359813    0.41135446    0.40884395    0.42634710    0.50391538    0.44737369    0.45710088    0.42371406    0.00000000    0.43233937    0.51159955    0.42409653    0.51981669    0.48225887    0.55604814    0.67653430    0.59256536    0.54485210    0.57342749    0.55473911    0.66609805    0.75296195    0.55928429    0.52098935    0.59089681    0.69317557    0.55831982    0.61738908    0.70261370    0.75848492    0.64480944    0.70814235    0.51662359    0.49057053    0.61032681    0.59754890    0.60642969    0.57441920    0.77640299    1.59585392    1.50520496    1.96836022    1.35370140    1.46110779    1.56566164    1.61854237    1.71601854    1.42100863    1.30059242    1.51163068    1.88102224    1.67182342    1.55342165    1.70400951    1.71711498    1.55425406    1.56789981    1.55637272    1.39048721    1.75237857    1.60102802    1.56949331    1.57960128    1.59104191    1.77061974    1.76458782    1.76393156    1.64326238    1.54022914    1.69895184    1.41887393    1.61083935    1.57054173    1.50469258    1.50761327    1.45063441    1.65916319    1.56365046    1.79965303    1.53653434    1.93644742    2.25804624    0.69438843    0.62503553    0.62823977
G6FWU4_9CYAN/47-197     0.50008714    0.65430314    0.44956969    0.51720888    0.44071588    0.34189781    0.31034208    0.23711718    0.35275753    0.26246207    0.32074000    0.36900629    0.43233937    0.00000000    0.35863474    0.40399135    0.39374776    0.32321087    0.50302802    0.60165769    0.50167644    0.53603057    0.55948673    0.62083829    0.62417208    0.63394841    0.55357183    0.54731429    0.70002849    0.57276543    0.54178739    0.50232783    0.64364634    0.65472927    0.66237629    0.63771400    0.51205801    0.45609417    0.53041528    0.53722487    0.58894976    0.56378348    0.75916613    1.71386032    1.57037606    2.04034452    1.23164087    1.37559568    1.46859348    1.61492588    1.59893791    1.36319265    1.27061558    1.44941023    1.70586830    1.67715796    1.53941810    1.44355527    1.56423625    1.40837763    1.54590693    1.41598385    1.42136264    1.52719108    1.50155828    1.51069294    1.60137410    1.62616935    1.76169076    1.56417508    1.72706260    1.59193453    1.37191891    1.63753794    1.38018103    1.68803938    1.73618198    1.67162687    1.61133948    1.35684143    1.64932587    1.47500160    1.62138631    1.46965106    1.77138523    2.22283615    0.73868531    0.61984293    0.65233679
A0A2S6CZK2_9CYAN/42-189     0.62066056    0.73080045    0.50076710    0.57023061    0.53670105    0.41477037    0.40365854    0.35817710    0.46208638    0.40096826    0.47601946    0.47460905    0.51159955    0.35863474    0.00000000    0.46825214    0.48778114    0.44262455    0.63321548    0.62513866    0.52394065    0.60652306    0.65877964    0.65404495    0.63055305    0.68133883    0.58637370    0.68715193    0.70358038    0.64935688    0.66890397    0.56209409    0.69088735    0.63275046    0.62852941    0.69595045    0.56917361    0.55027670    0.66648930    0.65651283    0.69744926    0.66415318    0.84714383    1.81127391    1.65029013    2.01583677    1.25174325    1.45003565    1.54817084    1.55993652    1.65686731    1.34881847    1.26466401    1.55150215    1.87031895    1.92055282    1.61400542    1.63522817    1.70247260    1.54949118    1.65256861    1.53002186    1.49899180    1.65685754    1.55364296    1.63196060    1.65672179    1.58507039    1.75172910    1.70959898    1.76567367    1.55788463    1.45825173    1.69395827    1.50785587    1.75237834    1.69153968    1.68412368    1.55637347    1.59720578    1.59344498    1.57629057    1.64593952    1.55268723    1.88308776    2.31591811    0.83971518    0.60731446    0.75590519
A0A0T7BPS3_9CYAN/46-198     0.54054923    0.64533708    0.51646855    0.51549881    0.46773626    0.33805290    0.38812461    0.32477907    0.45492776    0.34547570    0.41190353    0.37228627    0.42409653    0.40399135    0.46825214    0.00000000    0.42718572    0.37880580    0.46419232    0.60401095    0.51945185    0.55023516    0.53794666    0.56092408    0.67354860    0.75889577    0.54375957    0.51729370    0.63451817    0.57062244    0.55763823    0.56437977    0.72325003    0.77519970    0.63738392    0.71102820    0.52647769    0.42726949    0.49923335    0.52057803    0.56285936    0.55484470    0.71172253    1.54305126    1.54994644    1.73595486    1.29053474    1.33426588    1.45297765    1.49162823    1.46316582    1.34012671    1.31478086    1.43627593    1.58354549    1.86977690    1.56492113    1.51655530    1.60405164    1.41253361    1.59625054    1.52129163    1.40211882    1.58937512    1.48281764    1.41034615    1.63390109    1.64707868    1.78476261    1.72766201    1.75566124    1.63801181    1.22968686    1.51626887    1.38641274    1.54080482    1.56061719    1.66199859    1.70204580    1.38091074    1.70506150    1.40615990    1.54866734    1.42751829    1.84131867    2.03885236    0.73238137    0.57592262    0.56654522
A0A1Q4RAH5_9CYAN/50-200     0.58373732    0.75059853    0.54988030    0.60105774    0.50141948    0.43731416    0.45764028    0.33235487    0.49767081    0.42428380    0.46193451    0.42092568    0.51981669    0.39374776    0.48778114    0.42718572    0.00000000    0.33473340    0.54985155    0.68252784    0.56202427    0.65071521    0.60263283    0.64660452    0.74656224    0.80795535    0.60747289    0.56475092    0.70903848    0.62774121    0.66040670    0.57912699    0.72448231    0.79973910    0.73369175    0.75078472    0.63272165    0.61307843    0.68641070    0.67208652    0.62830985    0.67479887    0.83736556    1.55452254    1.55900180    1.77701747    1.24360647    1.43821170    1.41380241    1.57828900    1.63261244    1.35615375    1.30986833    1.46522954    1.56828097    1.62758699    1.54081338    1.54223152    1.52462368    1.33628750    1.52529870    1.53619997    1.51942023    1.64525359    1.67423107    1.47357327    1.65589702    1.53702957    1.64296333    1.67338587    1.71039649    1.62372650    1.27913116    1.53151318    1.25277019    1.55248562    1.62307428    1.50190081    1.49610949    1.35542380    1.64645297    1.41104589    1.61401182    1.46874051    1.84871337    2.16973168    0.77879790    0.71763954    0.62783469
A0A1Z4R6I8_9CYAN/48-198     0.44325727    0.59201671    0.43744004    0.48843593    0.44709159    0.34090755    0.34553021    0.29675063    0.43275824    0.35600925    0.46673243    0.37805621    0.48225887    0.32321087    0.44262455    0.37880580    0.33473340    0.00000000    0.50114254    0.60588712    0.51853844    0.54525069    0.52514825    0.59249156    0.59817681    0.64406934    0.55064118    0.51060562    0.65522338    0.57223279    0.59365113    0.47773505    0.66712679    0.63905413    0.63378606    0.65019179    0.47790396    0.48185691    0.50480172    0.52317894    0.52434742    0.57510962    0.71128805    1.51106504    1.59370561    1.81194612    1.29800532    1.33484752    1.48317444    1.58891894    1.55870818    1.29425473    1.27863433    1.33525194    1.64667863    1.76711683    1.47630216    1.51818239    1.55064488    1.34946473    1.46317353    1.43035152    1.34188129    1.49654633    1.48602528    1.42538008    1.55015664    1.67571413    1.82689075    1.73105827    1.74440092    1.61720989    1.26356114    1.47669907    1.29737307    1.42132122    1.55187986    1.48578271    1.44348703    1.30052984    1.69954289    1.43342580    1.55941368    1.33715276    1.72934707    2.33515341    0.72554640    0.54624965    0.52915158
A0A1E5QPD8_9CYAN/39-182     0.39212253    0.55239111    0.46640452    0.49394348    0.40381871    0.46099399    0.48258027    0.47498279    0.51966902    0.45979347    0.46327478    0.58059968    0.55604814    0.50302802    0.63321548    0.46419232    0.54985155    0.50114254    0.00000000    0.41343050    0.54190785    0.48145715    0.45804777    0.56573188    0.60073941    0.66877041    0.51248411    0.61366417    0.59501833    0.61610404    0.61975465    0.54558893    0.69996956    0.74475683    0.67671467    0.68612751    0.51401756    0.43247807    0.45662279    0.46959092    0.48525886    0.55877511    0.66767888    1.61239982    1.48800182    1.76316268    1.07008888    1.18693322    1.26801040    1.38534815    1.43184137    1.30303781    1.30245444    1.26666776    1.54842145    1.47437928    1.45892519    1.33340447    1.46005153    1.36977504    1.48742389    1.48020780    1.29773349    1.48257233    1.68440719    1.48767252    1.59753025    1.68414180    1.65094221    1.63766421    1.63091966    1.61467340    1.27086071    1.57732990    1.35045571    1.60534904    1.67019221    1.64771316    1.43883278    1.42982335    1.58619463    1.31447679    1.50869585    1.26209725    1.73244183    2.30955154    0.55694299    0.45958096    0.51847178
F4XYE2_9CYAN/43-193     0.53707521    0.62643522    0.40255395    0.40468047    0.45562950    0.50096704    0.56376580    0.55437986    0.61579095    0.53495203    0.50766384    0.64645758    0.67653430    0.60165769    0.62513866    0.60401095    0.68252784    0.60588712    0.41343050    0.00000000    0.49332958    0.52528163    0.46814014    0.56208417    0.73986179    0.82140049    0.54168227    0.62973506    0.62270688    0.54783121    0.55549412    0.57524547    0.65307047    0.69721869    0.76783387    0.66787109    0.52817037    0.54783912    0.56323784    0.63126751    0.56932803    0.56191603    0.81746286    1.54720325    1.54900046    1.82793732    1.22208092    1.32613639    1.36595250    1.46662023    1.50654436    1.43939471    1.30856990    1.24838804    1.58042334    1.47593316    1.52917453    1.40871698    1.66298268    1.49158458    1.55743606    1.40559868    1.23385013    1.49676725    1.72193006    1.40959529    1.38796246    1.36639160    1.37631066    1.35761764    1.34344058    1.35505562    1.36781064    1.60556040    1.34924485    1.62013735    1.60907615    1.63925736    1.54282582    1.22816147    1.54366383    1.33069811    1.49823140    1.29884244    1.94800202    2.52439752    0.66373832    0.51521723    0.52689904
K9U040_CHRTP/47-195     0.47786192    0.63857554    0.55975315    0.57262469    0.43973505    0.48537635    0.55975039    0.42414893    0.57352096    0.44377637    0.44785064    0.52601778    0.59256536    0.50167644    0.52394065    0.51945185    0.56202427    0.51853844    0.54190785    0.49332958    0.00000000    0.49607099    0.55572575    0.59458409    0.54557036    0.62397034    0.48107229    0.56887149    0.63761552    0.63214300    0.54935389    0.56632584    0.64377350    0.69441377    0.68045034    0.69491100    0.52034883    0.55809765    0.57985561    0.53334307    0.57215563    0.61830660    0.78471779    1.58965714    1.78123113    2.07188802    1.30704985    1.45916151    1.50453867    1.57267108    1.49932600    1.35340352    1.34157945    1.37714586    1.74483174    1.62253190    1.38811283    1.53752400    1.54241317    1.58488079    1.56520299    1.71532099    1.40584820    1.55324290    1.59969482    1.71390083    1.63090453    1.56079573    1.73513210    1.68245757    1.70196276    1.73716067    1.31499203    1.70361738    1.43203059    1.68693920    1.72418850    1.68983199    1.63162968    1.50987353    1.64356340    1.55236432    1.73316257    1.52549318    2.07689329    2.35589632    0.71828536    0.60470122    0.59565867
A0A1L9QU35_9CYAN/40-177     0.45873660    0.50712832    0.51732083    0.58662200    0.50645170    0.48655864    0.56837317    0.54773700    0.56563925    0.48102749    0.54532178    0.63665093    0.54485210    0.53603057    0.60652306    0.55023516    0.65071521    0.54525069    0.48145715    0.52528163    0.49607099    0.00000000    0.40153687    0.50942305    0.50402180    0.55341546    0.48634470    0.58284373    0.54491199    0.63975332    0.59776691    0.53791654    0.69650973    0.67713273    0.63349347    0.69150766    0.51781548    0.41756612    0.49421148    0.47723235    0.51677878    0.56504262    0.69139138    1.52805740    1.57631944    1.72767879    1.36274394    1.47038627    1.49069685    1.54299001    1.51063984    1.31805179    1.29076062    1.21023660    1.57098683    1.71870382    1.28111993    1.44919855    1.53396261    1.44686655    1.41450017    1.35731948    1.22763529    1.50529125    1.52777898    1.40246989    1.49253345    1.48382566    1.48844004    1.41599436    1.47032402    1.61110605    1.20909944    1.60205460    1.39859332    1.57341494    1.50339231    1.50873172    1.53580432    1.37200923    1.48484216    1.43666115    1.37166725    1.27567279    1.95507282    2.05735316    0.68816901    0.49889338    0.55891711
A0A261KP82_9CYAN/43-186     0.47958070    0.59035275    0.45348497    0.52265560    0.51779778    0.48793818    0.57821255    0.58022030    0.58353571    0.52432115    0.55352313    0.60743631    0.57342749    0.55948673    0.65877964    0.53794666    0.60263283    0.52514825    0.45804777    0.46814014    0.55572575    0.40153687    0.00000000    0.51849709    0.60955053    0.67357958    0.48984385    0.57186811    0.52547016    0.67901042    0.58467177    0.52892339    0.59011356    0.63832564    0.61120541    0.68900731    0.48373110    0.47039146    0.48778228    0.51124342    0.49069457    0.44392371    0.70912552    1.43320855    1.59421578    1.76723016    1.27572284    1.21628739    1.27602558    1.35183136    1.36689589    1.27524286    1.25541993    1.30023827    1.51089400    1.64702845    1.40531902    1.38331403    1.50893668    1.53928797    1.58137372    1.48715664    1.21090669    1.35835482    1.50668071    1.35923814    1.49579930    1.44732859    1.50183391    1.46446375    1.44807177    1.60760766    1.34780007    1.67563863    1.41383197    1.48213680    1.57711694    1.51643578    1.50333060    1.26347642    1.50893725    1.38175342    1.38947919    1.25429399    1.85679821    2.29693020    0.69857713    0.55352612    0.62944471
A0A2T1LXA9_9CHRO/40-190     0.51901217    0.68819200    0.51358915    0.60286255    0.62226762    0.53344150    0.55699515    0.54103634    0.60143720    0.52842602    0.53632827    0.54699997    0.55473911    0.62083829    0.65404495    0.56092408    0.64660452    0.59249156    0.56573188    0.56208417    0.59458409    0.50942305    0.51849709    0.00000000    0.64585144    0.70538115    0.42512642    0.46541432    0.48859687    0.56987019    0.45969549    0.43042649    0.71947553    0.80135025    0.63541242    0.72472260    0.47189923    0.52625299    0.58975103    0.60386612    0.53155032    0.56838635    0.74594977    1.53634594    1.53610299    1.83334839    1.43423635    1.46879145    1.55873250    1.56474065    1.51771151    1.46425711    1.29727197    1.35792615    1.64276539    1.61490595    1.46130461    1.48982758    1.48351699    1.54520118    1.48947144    1.57971311    1.39882292    1.79437156    1.61551802    1.49278050    1.27356897    1.45378902    1.52895961    1.43499977    1.54904035    1.58828029    1.29224188    1.52666951    1.31947088    1.43242243    1.45093108    1.44299724    1.47697269    1.53752291    1.65711161    1.54000104    1.58970612    1.41580989    1.80610251    2.44637459    0.69165903    0.58707271    0.65818387
K9Y6U4_HALP7/33-183     0.52720162    0.63699177    0.59322881    0.71734293    0.62242815    0.58472733    0.57824694    0.62997932    0.62923917    0.60752916    0.55106315    0.62258936    0.66609805    0.62417208    0.63055305    0.67354860    0.74656224    0.59817681    0.60073941    0.73986179    0.54557036    0.50402180    0.60955053    0.64585144    0.00000000    0.24822944    0.56958002    0.53237670    0.61412026    0.58115215    0.58979392    0.59340126    0.67754126    0.67503546    0.65887213    0.64633723    0.56890416    0.65307019    0.66960908    0.60521710    0.68393710    0.69371016    0.76315944    1.66850087    1.74163074    1.66300617    1.34201447    1.30417383    1.32060133    1.50179559    1.42755974    1.39566905    1.36137284    1.48533342    1.63490650    1.72930388    1.55938073    1.67046361    1.59209789    1.47846175    1.33172516    1.49983027    1.50610605    1.67155160    1.55249227    1.67196552    1.56366958    1.74678590    1.75221888    1.72581559    1.83133310    1.69755361    1.49499606    1.68710820    1.54559549    1.58801092    1.60238668    1.55040358    1.46295527    1.62782664    1.62228605    1.48388410    1.50263856    1.42348746    1.77086652    2.27573606    0.87737058    0.73967681    0.61608486
K9YUN9_DACSA/35-185     0.62138022    0.68425889    0.69624109    0.76152675    0.69173595    0.67616240    0.64671826    0.71193034    0.67371737    0.64444243    0.63483298    0.69536996    0.75296195    0.63394841    0.68133883    0.75889577    0.80795535    0.64406934    0.66877041    0.82140049    0.62397034    0.55341546    0.67357958    0.70538115    0.24822944    0.00000000    0.57586648    0.52169268    0.67333641    0.57134996    0.66721081    0.64460928    0.69345706    0.70109566    0.73136656    0.63954362    0.57053588    0.68381156    0.74752401    0.66717064    0.74956662    0.76408686    0.89667830    1.63044979    1.79444786    1.77365994    1.39540086    1.31564004    1.36096757    1.51370292    1.45491998    1.48349295    1.47161783    1.57248978    1.67747682    1.80998588    1.52845250    1.64946535    1.63520129    1.41372946    1.56571370    1.47983475    1.58238662    1.78653999    1.71235106    1.77470038    1.54133660    1.86051957    1.81858133    1.92067550    1.88355923    1.89599928    1.40445364    1.65185350    1.46248293    1.62048480    1.71163118    1.61489151    1.69215800    1.71971891    1.76608262    1.61637226    1.68709286    1.58486813    1.92306809    2.29942304    0.91336991    0.76275308    0.69496547
A0A401ICC8_APHSA/43-193     0.48637914    0.60324048    0.48505702    0.51377998    0.49732978    0.47581158    0.46406444    0.46088193    0.55147720    0.43913286    0.48585134    0.53388462    0.55928429    0.55357183    0.58637370    0.54375957    0.60747289    0.55064118    0.51248411    0.54168227    0.48107229    0.48634470    0.48984385    0.42512642    0.56958002    0.57586648    0.00000000    0.35737648    0.41634177    0.45046769    0.42732866    0.43421788    0.61903912    0.62788693    0.57581508    0.59505273    0.36367052    0.46591687    0.52626921    0.50568088    0.49520648    0.57170838    0.77446606    1.39065313    1.43973179    1.74625114    1.22884550    1.25555995    1.29667090    1.35187931    1.40623733    1.39017327    1.23070044    1.30699725    1.55660804    1.57232128    1.44521600    1.42304197    1.47031472    1.46000013    1.51540264    1.46945687    1.23400269    1.63016497    1.52819242    1.55540644    1.41511721    1.38480951    1.51031063    1.42005201    1.53732251    1.61884478    1.26785863    1.54061300    1.44400231    1.48055773    1.64137255    1.48802154    1.42495880    1.47152621    1.43578218    1.36132021    1.46844098    1.29723913    1.81236593    2.34939014    0.64711159    0.58541836    0.48049614
Q4BUS5_CROWT/43-183     0.54745694    0.72918289    0.44647694    0.51965201    0.53251131    0.49037820    0.56524235    0.51741995    0.58513163    0.52415058    0.56040208    0.59501431    0.52098935    0.54731429    0.68715193    0.51729370    0.56475092    0.51060562    0.61366417    0.62973506    0.56887149    0.58284373    0.57186811    0.46541432    0.53237670    0.52169268    0.35737648    0.00000000    0.46014090    0.60199584    0.58547085    0.48271874    0.67113711    0.66939249    0.65185721    0.67543665    0.39496143    0.54918128    0.55360286    0.65321188    0.57360384    0.56927987    0.68822625    1.56686852    1.62175551    1.80143411    1.38658228    1.39270930    1.58387645    1.69063561    1.63705326    1.42638259    1.46334243    1.51712626    1.74002406    1.80115985    1.64850298    1.66866544    1.54836308    1.52598959    1.49742476    1.76762217    1.55086193    1.97920810    1.70760410    1.65619223    1.52498971    1.64526666    1.65798298    1.70377756    1.70437326    1.77653408    1.38281319    1.80719079    1.68359748    1.53624872    1.61523338    1.67143933    1.68390376    1.50783569    1.68195505    1.61185280    1.77859155    1.55239028    2.13059142    2.82973059    0.83525220    0.57535476    0.62019630
B7K1S9_RIPO1/41-191     0.54634032    0.60349663    0.53182293    0.64644276    0.53407255    0.58678666    0.62990600    0.65358888    0.64821239    0.57352437    0.57742524    0.64800253    0.59089681    0.70002849    0.70358038    0.63451817    0.70903848    0.65522338    0.59501833    0.62270688    0.63761552    0.54491199    0.52547016    0.48859687    0.61412026    0.67333641    0.41634177    0.46014090    0.00000000    0.56758889    0.53485340    0.54144866    0.69504872    0.73927641    0.65794785    0.71888920    0.42504460    0.60307387    0.64081833    0.65675060    0.56890761    0.59342998    0.81438819    1.41269730    1.56421049    1.69131708    1.26075995    1.24518102    1.32666330    1.39303397    1.44682075    1.32030601    1.18237084    1.24540965    1.53936966    1.66342332    1.40055749    1.37480032    1.51730651    1.46280161    1.47996777    1.35126061    1.28525616    1.57456453    1.53000121    1.50824423    1.44357249    1.42393644    1.51608586    1.55900985    1.56153480    1.64566808    1.33806731    1.59003832    1.42663913    1.56581105    1.50082726    1.43650813    1.57813628    1.46970973    1.57785303    1.52007358    1.46129945    1.37874261    1.72261051    2.41984736    0.73969324    0.62544278    0.53333754
L8LR72_9CHRO/36-172     0.61955193    0.76421689    0.52180684    0.55603584    0.56602603    0.56824380    0.54277459    0.53147525    0.59897090    0.54832209    0.65749103    0.59689347    0.69317557    0.57276543    0.64935688    0.57062244    0.62774121    0.57223279    0.61610404    0.54783121    0.63214300    0.63975332    0.67901042    0.56987019    0.58115215    0.57134996    0.45046769    0.60199584    0.56758889    0.00000000    0.51970024    0.48290329    0.62606398    0.63744265    0.66748909    0.61925335    0.46912291    0.62079844    0.68593696    0.68669413    0.65050376    0.61929535    0.71444536    1.48320903    1.53858628    1.73354985    1.24516882    1.32370922    1.27582058    1.40901547    1.40166241    1.41505924    1.27366193    1.47091227    1.61079432    1.67960279    1.46880643    1.42558648    1.53158550    1.50663362    1.61266041    1.41534122    1.47122472    1.75649335    1.78846753    1.61987829    1.53974868    1.68313562    1.78773382    1.68078138    1.76614174    1.59714056    1.37596833    1.64438427    1.48390326    1.77238583    1.61444249    1.67653697    1.68551644    1.65578274    1.58118576    1.57775358    1.72950210    1.62921058    1.93276191    2.22606334    0.86309685    0.69566007    0.63216944
B0JLH9_MICAN/39-187     0.53333123    0.57788457    0.52349305    0.57788948    0.57380977    0.53756826    0.49737120    0.52687533    0.63136155    0.50518332    0.57210716    0.48160110    0.55831982    0.54178739    0.66890397    0.55763823    0.66040670    0.59365113    0.61975465    0.55549412    0.54935389    0.59776691    0.58467177    0.45969549    0.58979392    0.66721081    0.42732866    0.58547085    0.53485340    0.51970024    0.00000000    0.42848972    0.65046253    0.69794339    0.68159809    0.63681178    0.48509311    0.54923218    0.56654511    0.60860184    0.65396179    0.61010213    0.75402875    1.43436919    1.35401068    1.66646915    1.24092345    1.33168960    1.35881780    1.42871602    1.46913583    1.33956814    1.20803941    1.44488014    1.58037568    1.62534836    1.44787432    1.57352728    1.68459928    1.66892659    1.55529215    1.35150258    1.41881251    1.48072418    1.63708454    1.37790074    1.30130979    1.41540563    1.63237179    1.46210089    1.58960461    1.54366749    1.30888624    1.60326693    1.47170276    1.58475519    1.52245636    1.55003764    1.48143245    1.56060821    1.51807670    1.36533860    1.55260192    1.36615882    1.78587518    2.23122373    0.72997093    0.61541301    0.65370605
