26
A0A1N7SF16_9BURK/1-187     0.00000000    0.24057348    0.28887564    0.33770073    0.24447823    0.35662044    0.31781959    0.88803699    0.86813787    0.62337739    0.64551422    0.60372809    0.63013167    0.64695363    0.68218717    0.73366536    0.98333249    0.82820998    0.75121507    0.75909765    0.84052435    0.54464129    0.49934463    0.52618899    0.52405334    0.55404744
A0A1N7S7V3_9BURK/1-188     0.24057348    0.00000000    0.23689392    0.35903232    0.30568130    0.42269346    0.38507943    0.87204687    0.89056458    0.62651864    0.64377722    0.61099455    0.66898098    0.71672707    0.71274348    0.81501177    0.98866596    0.84820894    0.79398219    0.80286512    0.81778411    0.57176039    0.53467980    0.53433281    0.58249035    0.59648570
A0A1L6I354_9BURK/1-185     0.28887564    0.23689392    0.00000000    0.32546306    0.29904661    0.37911452    0.38173173    0.85719216    0.79843060    0.59271527    0.56549195    0.57491590    0.66223357    0.62241305    0.67618168    0.81499981    0.89112222    0.77160571    0.79274422    0.76020093    0.80860272    0.52326048    0.46702608    0.44986282    0.49200658    0.52301005
A0A372K682_9BURK/1-199     0.33770073    0.35903232    0.32546306    0.00000000    0.26023568    0.38446851    0.43895879    0.84693301    0.77059615    0.67896318    0.67939300    0.64330702    0.62754955    0.68862441    0.68204746    0.83045922    0.94696706    0.80628381    0.73498485    0.81595705    0.82819410    0.51301306    0.52596821    0.52342546    0.58657375    0.56532839
A0A1N6KNQ6_9BURK/1-186     0.24447823    0.30568130    0.29904661    0.26023568    0.00000000    0.33780525    0.40949713    0.77902248    0.84059072    0.62672726    0.66272222    0.62944212    0.61660083    0.70012084    0.66404421    0.78980972    0.93077428    0.77689929    0.76024734    0.76240665    0.82244073    0.56067819    0.54724822    0.50298791    0.56616414    0.61420674
A0A1I3RLR2_9BURK/1-187     0.35662044    0.42269346    0.37911452    0.38446851    0.33780525    0.00000000    0.39263258    0.89345182    0.87010854    0.68379265    0.65347355    0.61821610    0.69305961    0.69892161    0.67128504    0.81181583    0.88504979    0.80496900    0.75900950    0.77370223    0.78764848    0.57311111    0.54805056    0.48914425    0.58440079    0.61709470
A0A1H4E4H1_9BURK/1-182     0.31781959    0.38507943    0.38173173    0.43895879    0.40949713    0.39263258    0.00000000    0.76769448    0.77572648    0.57056271    0.59589625    0.51492292    0.59765503    0.59665436    0.65811455    0.75386632    0.92649308    0.84292090    0.76113800    0.78138182    0.82139045    0.58062888    0.57248944    0.56024882    0.61620666    0.61726303
A0A2Z6EVS0_9BURK/1-180     0.88803699    0.87204687    0.85719216    0.84693301    0.77902248    0.89345182    0.76769448    0.00000000    0.96913800    0.88250313    0.94553145    0.93171359    0.91417512    0.90906814    1.02547874    1.03821197    1.13800840    1.06978099    0.96915742    0.91994807    1.03705062    0.81215956    0.87414786    0.80862361    0.78276175    0.80747856
A0A494XW72_9BURK/1-164     0.86813787    0.89056458    0.79843060    0.77059615    0.84059072    0.87010854    0.77572648    0.96913800    0.00000000    0.89989888    0.81841917    0.78134411    0.82583123    0.85300195    0.92318029    0.87665626    1.23180971    1.15497335    1.07706557    1.00052492    1.12816735    0.79727138    0.84331059    0.77466730    0.85223212    0.72687909
A0A494XY13_9BURK/1-184     0.62337739    0.62651864    0.59271527    0.67896318    0.62672726    0.68379265    0.57056271    0.88250313    0.89989888    0.00000000    0.42828396    0.40128836    0.45183341    0.57538473    0.79972337    0.88791909    0.97397482    0.92334397    0.85194939    0.82061170    0.88222825    0.67542680    0.72242674    0.75853709    0.77853814    0.76325938
A0A2N7WE39_9BURK/1-184     0.64551422    0.64377722    0.56549195    0.67939300    0.66272222    0.65347355    0.59589625    0.94553145    0.81841917    0.42828396    0.00000000    0.28625106    0.50795684    0.56012981    0.84499549    0.93093430    0.99128353    0.91936257    0.86683429    0.83973780    0.88667302    0.63511983    0.67993270    0.65731780    0.72200241    0.71238632
A0A3D8JQF8_9BURK/3-186     0.60372809    0.61099455    0.57491590    0.64330702    0.62944212    0.61821610    0.51492292    0.93171359    0.78134411    0.40128836    0.28625106    0.00000000    0.43719524    0.48845367    0.76319732    0.92544534    0.85253706    0.75520948    0.79459492    0.72894862    0.85462550    0.62711902    0.66530339    0.66153868    0.67419317    0.66990061
A0A1X7FXU6_TRICW/1-183     0.63013167    0.66898098    0.66223357    0.62754955    0.61660083    0.69305961    0.59765503    0.91417512    0.82583123    0.45183341    0.50795684    0.43719524    0.00000000    0.43997134    0.72748333    0.85234974    0.87810304    0.84190099    0.84765296    0.77191264    0.86777082    0.59283852    0.68311744    0.76855460    0.68803094    0.64839886
A0A2N7WR17_9BURK/1-189     0.64695363    0.71672707    0.62241305    0.68862441    0.70012084    0.69892161    0.59665436    0.90906814    0.85300195    0.57538473    0.56012981    0.48845367    0.43997134    0.00000000    0.74944134    0.89438450    0.94107626    0.85943118    0.73939372    0.72451811    0.85284408    0.60067805    0.67259045    0.73240165    0.70590643    0.67991074
A0A103EMH6_9BURK/1-181     0.68218717    0.71274348    0.67618168    0.68204746    0.66404421    0.67128504    0.65811455    1.02547874    0.92318029    0.79972337    0.84499549    0.76319732    0.72748333    0.74944134    0.00000000    0.39600834    0.82613254    0.86152217    0.79561798    0.70360508    0.81963977    0.62474361    0.65114472    0.61946654    0.63568233    0.69083308
C5AFY3_BURGB/1-181     0.73366536    0.81501177    0.81499981    0.83045922    0.78980972    0.81181583    0.75386632    1.03821197    0.87665626    0.88791909    0.93093430    0.92544534    0.85234974    0.89438450    0.39600834    0.00000000    1.06019392    1.03028906    0.94725655    0.89263440    0.96770510    0.68224226    0.71718346    0.74348287    0.70160155    0.79307326
A0A0J1CJD2_9BURK/1-193     0.98333249    0.98866596    0.89112222    0.94696706    0.93077428    0.88504979    0.92649308    1.13800840    1.23180971    0.97397482    0.99128353    0.85253706    0.87810304    0.94107626    0.82613254    1.06019392    0.00000000    0.26335940    0.58414947    0.64279794    0.58927701    0.83492356    0.88144595    0.92581988    0.98742562    0.99875075
A0A0Q5Q150_9BURK/1-184     0.82820998    0.84820894    0.77160571    0.80628381    0.77689929    0.80496900    0.84292090    1.06978099    1.15497335    0.92334397    0.91936257    0.75520948    0.84190099    0.85943118    0.86152217    1.03028906    0.26335940    0.00000000    0.52719235    0.57066294    0.51586868    0.76467257    0.77365018    0.73956561    0.82862207    0.82024102
A0A0L0ME80_9BURK/1-183     0.75121507    0.79398219    0.79274422    0.73498485    0.76024734    0.75900950    0.76113800    0.96915742    1.07706557    0.85194939    0.86683429    0.79459492    0.84765296    0.73939372    0.79561798    0.94725655    0.58414947    0.52719235    0.00000000    0.37640540    0.40238496    0.71530645    0.77562023    0.73875547    0.83049989    0.81831344
A0A158HFI1_9BURK/1-188     0.75909765    0.80286512    0.76020093    0.81595705    0.76240665    0.77370223    0.78138182    0.91994807    1.00052492    0.82061170    0.83973780    0.72894862    0.77191264    0.72451811    0.70360508    0.89263440    0.64279794    0.57066294    0.37640540    0.00000000    0.38451916    0.73115155    0.80751292    0.76764262    0.85159885    0.84619883
A0A069PH02_9BURK/1-189     0.84052435    0.81778411    0.80860272    0.82819410    0.82244073    0.78764848    0.82139045    1.03705062    1.12816735    0.88222825    0.88667302    0.85462550    0.86777082    0.85284408    0.81963977    0.96770510    0.58927701    0.51586868    0.40238496    0.38451916    0.00000000    0.74858604    0.78432277    0.80086789    0.90888306    0.85952286
A0A2W7FDC3_9BURK/1-185     0.54464129    0.57176039    0.52326048    0.51301306    0.56067819    0.57311111    0.58062888    0.81215956    0.79727138    0.67542680    0.63511983    0.62711902    0.59283852    0.60067805    0.62474361    0.68224226    0.83492356    0.76467257    0.71530645    0.73115155    0.74858604    0.00000000    0.23764649    0.37559399    0.32730670    0.44710019
A0A1H7JJH8_9BURK/1-185     0.49934463    0.53467980    0.46702608    0.52596821    0.54724822    0.54805056    0.57248944    0.87414786    0.84331059    0.72242674    0.67993270    0.66530339    0.68311744    0.67259045    0.65114472    0.71718346    0.88144595    0.77365018    0.77562023    0.80751292    0.78432277    0.23764649    0.00000000    0.36475951    0.34552025    0.41785673
A0A3N6NFJ4_9BURK/1-186     0.52618899    0.53433281    0.44986282    0.52342546    0.50298791    0.48914425    0.56024882    0.80862361    0.77466730    0.75853709    0.65731780    0.66153868    0.76855460    0.73240165    0.61946654    0.74348287    0.92581988    0.73956561    0.73875547    0.76764262    0.80086789    0.37559399    0.36475951    0.00000000    0.29858421    0.34938725
A0A1G6ZYM4_9BURK/1-188     0.52405334    0.58249035    0.49200658    0.58657375    0.56616414    0.58440079    0.61620666    0.78276175    0.85223212    0.77853814    0.72200241    0.67419317    0.68803094    0.70590643    0.63568233    0.70160155    0.98742562    0.82862207    0.83049989    0.85159885    0.90888306    0.32730670    0.34552025    0.29858421    0.00000000    0.32652225
A0A0A6Q647_9BURK/1-185     0.55404744    0.59648570    0.52301005    0.56532839    0.61420674    0.61709470    0.61726303    0.80747856    0.72687909    0.76325938    0.71238632    0.66990061    0.64839886    0.67991074    0.69083308    0.79307326    0.99875075    0.82024102    0.81831344    0.84619883    0.85952286    0.44710019    0.41785673    0.34938725    0.32652225    0.00000000

