25
H2ZGE0_CIOSA/47-107     0.00000000    1.85655234    1.97444813    1.99774179    2.07713313    1.89973624    1.95937095    1.49827544    1.56798729    1.50007277    1.57926434    1.30955917    1.22488126    1.02742354    0.91950667    1.35859334    1.32507406    1.89459867    1.40792247    1.12582584    1.16854276    1.12065467    1.24458327    1.94487705    1.17320246
A0A1Y1XTG0_9FUNG/64-123     1.85655234    0.00000000    1.94543192    1.96448994    2.07129949    2.04150857    2.02540022    1.92307165    1.90686090    1.90954107    1.72091533    1.40937780    1.53688758    1.66858779    1.64470142    1.84131640    1.72129249    1.62063377    2.10549484    1.77830908    1.86323583    1.86601909    1.82168802    2.21400529    1.81394821
W6UA31_ECHGR/62-118     1.97444813    1.94543192    0.00000000    0.23333234    0.59428081    0.61936165    2.12337046    2.01203803    2.12909030    1.57715834    2.36763894    1.47931882    1.79055247    1.74366304    1.58116226    2.12733704    2.45747159    2.29738116    2.02967997    1.75600824    2.76200459    1.94244797    2.50083791    2.43855486    2.37577426
A0A0R3X1Q8_HYDTA/62-118     1.99774179    1.96448994    0.23333234    0.00000000    0.66285384    0.64425310    2.65905552    1.99980014    1.99448594    1.56752755    2.37744202    1.71469702    2.03905490    1.75606816    1.59077884    2.02818369    2.52088288    2.01614078    1.81630495    1.93162744    2.40660587    1.96028492    2.84670520    2.69750274    2.71583084
A0A0R3SID0_HYMDI/55-111     2.07713313    2.07129949    0.59428081    0.66285384    0.00000000    0.22758674    2.03979119    1.75907026    1.86077463    1.44506390    2.07363933    1.81951875    1.64003272    1.66385176    1.66645054    1.71693339    1.75703490    1.96401830    1.77588760    1.67429162    2.01069007    1.90428519    2.28180312    2.03080489    2.21678358
A0A0R3TLA3_RODNA/45-101     1.89973624    2.04150857    0.61936165    0.64425310    0.22758674    0.00000000    1.99114389    1.68206106    1.98105374    1.53761791    2.60990888    1.74968474    1.72475706    1.69945471    1.72287959    1.97620992    1.81175277    2.26429331    1.79830733    1.66012540    2.01996276    1.86995557    2.32655523    1.92383949    2.09307010
G4LZ89_SCHMA/57-112     1.95937095    2.02540022    2.12337046    2.65905552    2.03979119    1.99114389    0.00000000    2.28358908    2.37920238    2.15543957    2.36046701    1.73489095    1.96073724    2.00110542    2.19238581    2.23122219    2.30813529    2.75946464    2.30603402    1.90425795    2.65335074    2.20513813    2.38287560    2.78965319    2.20576742
G1X6F5_ARTOA/70-129     1.49827544    1.92307165    2.01203803    1.99980014    1.75907026    1.68206106    2.28358908    0.00000000    0.89552266    1.15964043    1.66079932    1.92764794    1.55542864    1.44183545    1.46155738    1.80488651    1.60463890    1.83987768    1.70417647    1.54542635    1.79903028    1.56626250    1.69564755    2.31490468    1.74186953
A0A0E9N7L4_SAICN/68-129     1.56798729    1.90686090    2.12909030    1.99448594    1.86077463    1.98105374    2.37920238    0.89552266    0.00000000    0.84957190    1.13210371    1.50535792    1.22871990    1.69615372    1.78037188    1.71444577    1.44046991    1.46645062    1.91838626    1.79152445    1.56570714    1.49399295    1.50629894    2.04273498    1.46932598
A0A1U7LR46_NEOID/46-107     1.50007277    1.90954107    1.57715834    1.56752755    1.44506390    1.53761791    2.15543957    1.15964043    0.84957190    0.00000000    1.10238223    1.39233118    1.43622717    1.82319686    1.55075631    1.56588372    1.58801401    1.65634727    1.76731297    1.55623282    1.40754027    1.52768270    1.67637107    2.44163188    1.70528602
A0A0W4ZP09_PNEJ7/57-116     1.57926434    1.72091533    2.36763894    2.37744202    2.07363933    2.60990888    2.36046701    1.66079932    1.13210371    1.10238223    0.00000000    1.90371281    1.65650028    1.78645927    1.93840546    1.56258737    1.67226938    2.28701037    2.01889017    2.04148654    1.64387161    1.91806150    2.03653471    2.20136834    1.99104334
A0A0L0HMW8_SPIPD/96-156     1.30955917    1.40937780    1.47931882    1.71469702    1.81951875    1.74968474    1.73489095    1.92764794    1.50535792    1.39233118    1.90371281    0.00000000    1.07305904    1.16998869    1.11883163    1.26350192    1.19663265    1.58149169    1.27529387    1.07951290    1.48892881    1.16568757    1.34516871    1.85789411    1.14658693
A0A1S3H7K8_LINUN/47-106     1.22488126    1.53688758    1.79055247    2.03905490    1.64003272    1.72475706    1.96073724    1.55542864    1.22871990    1.43622717    1.65650028    1.07305904    0.00000000    0.63122658    0.67594229    0.66554590    0.61354076    1.11898781    0.93334508    0.67331638    0.94577445    0.70777762    0.84831889    1.25255092    0.84141560
A0A2I4CTP3_9TELE/50-109     1.02742354    1.66858779    1.74366304    1.75606816    1.66385176    1.69945471    2.00110542    1.44183545    1.69615372    1.82319686    1.78645927    1.16998869    0.63122658    0.00000000    0.38633667    0.81378366    0.71594771    1.01154005    1.04258461    0.72792716    1.04002880    0.87063555    1.14064346    1.21988890    1.17817174
A0A1L8EV11_XENLA/48-107     0.91950667    1.64470142    1.58116226    1.59077884    1.66645054    1.72287959    2.19238581    1.46155738    1.78037188    1.55075631    1.93840546    1.11883163    0.67594229    0.38633667    0.00000000    0.93491802    0.89649252    1.12025964    1.07335283    0.73452302    1.03740316    0.81472946    0.99541643    1.22539907    1.09593286
V4BCB4_LOTGI/42-101     1.35859334    1.84131640    2.12733704    2.02818369    1.71693339    1.97620992    2.23122219    1.80488651    1.71444577    1.56588372    1.56258737    1.26350192    0.66554590    0.81378366    0.93491802    0.00000000    0.67200714    1.21471361    1.05305571    0.76293178    0.88872287    1.11171708    1.20155714    1.78161042    0.75299265
K1PYC5_CRAGI/98-157     1.32507406    1.72129249    2.45747159    2.52088288    1.75703490    1.81175277    2.30813529    1.60463890    1.44046991    1.58801401    1.67226938    1.19663265    0.61354076    0.71594771    0.89649252    0.67200714    0.00000000    0.82221787    0.68909754    0.77668785    0.66279997    0.83741811    1.11217147    1.33971703    0.93503632
B7Q5U6_IXOSC/48-107     1.89459867    1.62063377    2.29738116    2.01614078    1.96401830    2.26429331    2.75946464    1.83987768    1.46645062    1.65634727    2.28701037    1.58149169    1.11898781    1.01154005    1.12025964    1.21471361    0.82221787    0.00000000    1.11180171    1.42481051    1.41290428    1.35057372    1.55621122    1.78575043    1.40778878
T1FAX1_HELRO/286-345     1.40792247    2.10549484    2.02967997    1.81630495    1.77588760    1.79830733    2.30603402    1.70417647    1.91838626    1.76731297    2.01889017    1.27529387    0.93334508    1.04258461    1.07335283    1.05305571    0.68909754    1.11180171    0.00000000    0.74972519    0.92919836    1.01499476    1.32843096    1.28836038    1.04468377
A0A0L8H3G0_OCTBM/51-110     1.12582584    1.77830908    1.75600824    1.93162744    1.67429162    1.66012540    1.90425795    1.54542635    1.79152445    1.55623282    2.04148654    1.07951290    0.67331638    0.72792716    0.73452302    0.76293178    0.77668785    1.42481051    0.74972519    0.00000000    1.03941522    0.85838810    0.86754278    1.15492278    0.80553092
A0A2G8LB90_STIJA/35-94     1.16854276    1.86323583    2.76200459    2.40660587    2.01069007    2.01996276    2.65335074    1.79903028    1.56570714    1.40754027    1.64387161    1.48892881    0.94577445    1.04002880    1.03740316    0.88872287    0.66279997    1.41290428    0.92919836    1.03941522    0.00000000    0.99328931    1.17761667    1.56858259    0.90701004
A0A2B4SQI9_STYPI/50-108     1.12065467    1.86601909    1.94244797    1.96028492    1.90428519    1.86995557    2.20513813    1.56626250    1.49399295    1.52768270    1.91806150    1.16568757    0.70777762    0.87063555    0.81472946    1.11171708    0.83741811    1.35057372    1.01499476    0.85838810    0.99328931    0.00000000    0.88325219    1.24159570    0.68678246
D7FJ17_ECTSI/67-125     1.24458327    1.82168802    2.50083791    2.84670520    2.28180312    2.32655523    2.38287560    1.69564755    1.50629894    1.67637107    2.03653471    1.34516871    0.84831889    1.14064346    0.99541643    1.20155714    1.11217147    1.55621122    1.32843096    0.86754278    1.17761667    0.88325219    0.00000000    1.23640288    0.93470200
A0A1X7VE05_AMPQE/48-105     1.94487705    2.21400529    2.43855486    2.69750274    2.03080489    1.92383949    2.78965319    2.31490468    2.04273498    2.44163188    2.20136834    1.85789411    1.25255092    1.21988890    1.22539907    1.78161042    1.33971703    1.78575043    1.28836038    1.15492278    1.56858259    1.24159570    1.23640288    0.00000000    1.17853132
A7RKG8_NEMVE/52-111     1.17320246    1.81394821    2.37577426    2.71583084    2.21678358    2.09307010    2.20576742    1.74186953    1.46932598    1.70528602    1.99104334    1.14658693    0.84141560    1.17817174    1.09593286    0.75299265    0.93503632    1.40778878    1.04468377    0.80553092    0.90701004    0.68678246    0.93470200    1.17853132    0.00000000

