22
A0A0P7WPU7_SCLFO/558-1271     0.00000000    0.30499531    0.33833241    0.28961931    0.28661772    0.72535758    1.33139746    1.26859824    1.25451475    1.30803499    1.21190005    1.39401308    1.49450356    0.58030395    0.66808539    0.56198391    0.64868636    0.64954003    0.68974135    0.28640455    0.30047461    0.36307615
G3QAJ8_GASAC/558-1263     0.30499531    0.00000000    0.33643320    0.33668080    0.34510003    0.78534259    1.35830040    1.34124295    1.31324659    1.40651171    1.26697693    1.40872965    1.49643173    0.65022622    0.77377099    0.62849673    0.72279395    0.71140585    0.75236468    0.35012886    0.37110641    0.43268842
A5PF53_DANRE/558-1266     0.33833241    0.33643320    0.00000000    0.35605110    0.36495954    0.74125848    1.32066801    1.27934970    1.24221995    1.30681793    1.17926309    1.38388580    1.47290471    0.62419235    0.69802155    0.61317267    0.67411745    0.70356803    0.74101225    0.34735842    0.36801095    0.42323935
A0A060XSC3_ONCMY/557-1128     0.28961931    0.33668080    0.35605110    0.00000000    0.29174024    0.65666394    1.20215297    1.19131691    1.17942311    1.23042733    1.13160242    1.37129071    1.46417631    0.50984866    0.58197852    0.51810364    0.60127168    0.55327293    0.59107429    0.26180876    0.27829668    0.34253518
W5NCI1_LEPOC/558-1274     0.28661772    0.34510003    0.36495954    0.29174024    0.00000000    0.63883819    1.27732686    1.23224517    1.20644639    1.27631160    1.13816729    1.30880813    1.40351956    0.50489851    0.61177316    0.47960656    0.56809652    0.56819529    0.68900334    0.28358689    0.34574759    0.41503379
A0A401SVN8_CHIPU/557-1261     0.72535758    0.78534259    0.74125848    0.65666394    0.63883819    0.00000000    1.14622849    1.06942133    1.07750291    1.10764076    0.96296884    1.15114188    1.20246571    0.52369252    0.65604123    0.50585078    0.63742876    0.62410467    0.72519196    0.72330997    0.76563997    0.77726327
S4RJ88_PETMA/556-1224     1.33139746    1.35830040    1.32066801    1.20215297    1.27732686    1.14622849    0.00000000    1.09327474    1.06328834    1.09887591    1.00181798    1.14050323    1.15963857    1.14926758    1.24703372    1.18090536    1.32213164    1.19839648    1.29325112    1.36371833    1.34854566    1.37742120
A0A401S190_CHIPU/554-1264     1.26859824    1.34124295    1.27934970    1.19131691    1.23224517    1.06942133    1.09327474    0.00000000    0.49897517    0.51831267    0.44255070    0.63365342    0.68570087    1.12146566    1.25350844    1.09786367    1.27751200    1.19715413    1.31506724    1.24856811    1.26370004    1.28223934
W5MTF4_LEPOC/557-1270     1.25451475    1.31324659    1.24221995    1.17942311    1.20644639    1.07750291    1.06328834    0.49897517    0.00000000    0.39280739    0.29533412    0.44801191    0.49227831    1.13198074    1.24500354    1.11119439    1.28885633    1.19826129    1.25210687    1.26483227    1.26817056    1.25266887
F6QPU0_XENTR/557-1260     1.30803499    1.40651171    1.30681793    1.23042733    1.27631160    1.10764076    1.09887591    0.51831267    0.39280739    0.00000000    0.26016573    0.41768846    0.44853251    1.20660519    1.27911072    1.20353277    1.36297774    1.27313560    1.35102438    1.30270126    1.30901025    1.30610380
M7B5G1_CHEMY/556-1267     1.21190005    1.26697693    1.17926309    1.13160242    1.13816729    0.96296884    1.00181798    0.44255070    0.29533412    0.26016573    0.00000000    0.18371795    0.23335799    1.07581447    1.14771515    1.05181131    1.21729667    1.17083807    1.24515060    1.19787157    1.21236258    1.17682230
A0A2K5Z627_MANLE/467-1058     1.39401308    1.40872965    1.38388580    1.37129071    1.30880813    1.15114188    1.14050323    0.63365342    0.44801191    0.41768846    0.18371795    0.00000000    0.08049320    1.24419116    1.36741737    1.24305358    1.42581416    1.38909174    1.45234949    1.41570714    1.43217966    1.34364389
A0A2K6D5N6_MACNE/455-1050     1.49450356    1.49643173    1.47290471    1.46417631    1.40351956    1.20246571    1.15963857    0.68570087    0.49227831    0.44853251    0.23335799    0.08049320    0.00000000    1.30842398    1.45438726    1.29842695    1.44872133    1.46059223    1.51301485    1.49708584    1.51813131    1.44684607
H3APY3_LATCH/558-1240     0.58030395    0.65022622    0.62419235    0.50984866    0.50489851    0.52369252    1.14926758    1.12146566    1.13198074    1.20660519    1.07581447    1.24419116    1.30842398    0.00000000    0.44463287    0.29613567    0.43771350    0.43315792    0.60284099    0.58513688    0.60241773    0.67570165
A0A803JMX2_XENTR/557-1238     0.66808539    0.77377099    0.69802155    0.58197852    0.61177316    0.65604123    1.24703372    1.25350844    1.24500354    1.27911072    1.14771515    1.36741737    1.45438726    0.44463287    0.00000000    0.33125773    0.43803363    0.43833160    0.59302179    0.67298648    0.65828519    0.73430752
M7AP96_CHEMY/630-1376     0.56198391    0.62849673    0.61317267    0.51810364    0.47960656    0.50585078    1.18090536    1.09786367    1.11119439    1.20353277    1.05181131    1.24305358    1.29842695    0.29613567    0.33125773    0.00000000    0.23765855    0.27824758    0.50541799    0.57351047    0.59365806    0.66235665
A0A0Q3RG01_AMAAE/558-1242     0.64868636    0.72279395    0.67411745    0.60127168    0.56809652    0.63742876    1.32213164    1.27751200    1.28885633    1.36297774    1.21729667    1.42581416    1.44872133    0.43771350    0.43803363    0.23765855    0.00000000    0.27277886    0.45603819    0.63642287    0.66175786    0.69574376
A0A1D5P6Q7_CHICK/676-1363     0.64954003    0.71140585    0.70356803    0.55327293    0.56819529    0.62410467    1.19839648    1.19715413    1.19826129    1.27313560    1.17083807    1.38909174    1.46059223    0.43315792    0.43833160    0.27824758    0.27277886    0.00000000    0.42019707    0.64840283    0.66709665    0.73010019
A0A218U8W5_9PASE/558-1215     0.68974135    0.75236468    0.74101225    0.59107429    0.68900334    0.72519196    1.29325112    1.31506724    1.25210687    1.35102438    1.24515060    1.45234949    1.51301485    0.60284099    0.59302179    0.50541799    0.45603819    0.42019707    0.00000000    0.70479359    0.71827886    0.78497518
W5LM73_ASTMX/558-1270     0.28640455    0.35012886    0.34735842    0.26180876    0.28358689    0.72330997    1.36371833    1.24856811    1.26483227    1.30270126    1.19787157    1.41570714    1.49708584    0.58513688    0.67298648    0.57351047    0.63642287    0.64840283    0.70479359    0.00000000    0.24410159    0.37823754
E7F8G5_DANRE/558-1270     0.30047461    0.37110641    0.36801095    0.27829668    0.34574759    0.76563997    1.34854566    1.26370004    1.26817056    1.30901025    1.21236258    1.43217966    1.51813131    0.60241773    0.65828519    0.59365806    0.66175786    0.66709665    0.71827886    0.24410159    0.00000000    0.38911594
A0A2I4CV38_9TELE/557-1267     0.36307615    0.43268842    0.42323935    0.34253518    0.41503379    0.77726327    1.37742120    1.28223934    1.25266887    1.30610380    1.17682230    1.34364389    1.44684607    0.67570165    0.73430752    0.66235665    0.69574376    0.73010019    0.78497518    0.37823754    0.38911594    0.00000000

