16
A0A151ZEC6_9MYCE/469-580     0.00000000    0.24682740    1.35044229    1.17827043    1.11939451    1.42619086    1.56837350    1.66284083    1.35259843    2.43124975    1.22118056    1.07557077    1.41397006    1.89678754    1.82530776    1.59624633
A0A151Z738_9MYCE/409-515     0.24682740    0.00000000    1.38470742    1.27041255    1.17572716    1.40797424    1.40328444    1.58123594    1.45385576    2.69102460    1.33161300    1.07259362    1.64347224    2.00519589    1.87140061    1.78479254
A0A151ZDE4_9MYCE/417-527     1.35044229    1.38470742    0.00000000    1.31059404    1.58133012    1.55248959    1.81197290    1.90448612    1.92825561    2.86712141    1.42269129    1.56852482    1.80034451    2.11612327    2.03198762    1.91787277
Q55BG2_DICDI/56-168     1.17827043    1.27041255    1.31059404    0.00000000    0.75556042    1.12412566    1.79056505    1.64962559    1.58334474    2.36900080    1.61570274    1.26358301    1.80519613    1.69500228    1.74013235    1.57332032
F1A165_DICPU/56-162     1.11939451    1.17572716    1.58133012    0.75556042    0.00000000    0.64387306    1.52050086    1.65552286    1.65017751    2.56956994    1.38856804    1.06818743    1.63357464    1.85254302    1.67344625    1.57935710
F1A166_DICPU/386-495     1.42619086    1.40797424    1.55248959    1.12412566    0.64387306    0.00000000    1.70420014    2.23264092    2.23253014    3.29875339    1.62364802    1.37318387    1.91847600    2.22298990    2.11330512    1.81797217
Q86KA9_DICDI/216-325     1.56837350    1.40328444    1.81197290    1.79056505    1.52050086    1.70420014    0.00000000    1.21244296    1.48246168    2.60607767    1.51407297    1.51276616    1.53157344    2.35674308    2.31382640    1.84018443
Q54JW4_DICDI/14-127     1.66284083    1.58123594    1.90448612    1.64962559    1.65552286    2.23264092    1.21244296    0.00000000    1.56374387    2.23422049    1.43736657    1.58690325    1.68069722    2.34940708    2.36755914    1.51032954
Q54RX3_DICDI/311-418     1.35259843    1.45385576    1.92825561    1.58334474    1.65017751    2.23253014    1.48246168    1.56374387    0.00000000    0.78430882    1.39287819    1.57313167    1.56676311    2.75024652    2.33544362    1.86371065
Q54FF9_DICDI/193-310     2.43124975    2.69102460    2.86712141    2.36900080    2.56956994    3.29875339    2.60607767    2.23422049    0.78430882    0.00000000    2.00457404    2.85651354    2.79147377    4.17414070    3.27275296    2.57745065
Q54RZ1_DICDI/346-451     1.22118056    1.33161300    1.42269129    1.61570274    1.38856804    1.62364802    1.51407297    1.43736657    1.39287819    2.00457404    0.00000000    1.38650008    1.27630725    2.06120441    1.68852453    1.54869748
A0A1X7UMG5_AMPQE/343-447     1.07557077    1.07259362    1.56852482    1.26358301    1.06818743    1.37318387    1.51276616    1.58690325    1.57313167    2.85651354    1.38650008    0.00000000    1.08350543    1.41802772    1.53199042    1.18643695
A0A0D2WLZ9_CAPO3/502-614     1.41397006    1.64347224    1.80034451    1.80519613    1.63357464    1.91847600    1.53157344    1.68069722    1.56676311    2.79147377    1.27630725    1.08350543    0.00000000    1.79869568    1.60067293    1.20350373
A0A2P6MQL4_9EUKA/302-413     1.89678754    2.00519589    2.11612327    1.69500228    1.85254302    2.22298990    2.35674308    2.34940708    2.75024652    4.17414070    2.06120441    1.41802772    1.79869568    0.00000000    1.97018034    1.54204948
A0A2U7U847_9VIRU/273-400     1.82530776    1.87140061    2.03198762    1.74013235    1.67344625    2.11330512    2.31382640    2.36755914    2.33544362    3.27275296    1.68852453    1.53199042    1.60067293    1.97018034    0.00000000    1.06955642
L8H4S1_ACACA/327-436     1.59624633    1.78479254    1.91787277    1.57332032    1.57935710    1.81797217    1.84018443    1.51032954    1.86371065    2.57745065    1.54869748    1.18643695    1.20350373    1.54204948    1.06955642    0.00000000

