53
A0A3M7T6R5_BRAPC/573-917     0.00000000    0.94590296    1.01342572    1.01412307    1.14181558    1.17136073    1.00696463    1.07497388    1.05795644    0.71280907    0.68506819    0.72996576    0.65994169    0.71999277    0.82471505    0.79471139    0.92425026    0.93968747    1.01107117    1.37333139    1.50694741    1.10308327    1.08998873    1.11606584    1.16774692    1.41252385    1.18411153    0.89335843    0.79619292    0.89022588    0.89968072    0.84786612    0.96731248    0.94291090    0.82809409    1.40740615    1.11323843    1.41780627    0.90436834    0.88417061    0.91154138    0.92986701    0.79137242    0.83638825    0.84911653    1.04967607    0.80114833    0.76000550    0.78597292    0.70727693    0.73348072    0.89672913    0.81240432
A0A0V1BY44_TRISP/2092-2434     0.94590296    0.00000000    1.08312944    1.05768112    1.18991668    1.17413412    1.06729924    0.98589448    0.98139486    1.04189863    0.96445861    0.98010384    1.03599346    0.98396493    0.96882997    1.01821360    1.18272807    1.16449622    1.14281229    1.42674273    1.56985356    1.34459454    1.23098056    1.28808330    1.35814893    1.65540289    1.50312830    1.07269144    1.02497116    1.08069827    1.15624381    1.02604839    1.10259088    1.07317226    1.03472219    1.33578070    1.27421783    1.51743953    1.11798975    1.06596456    1.13105516    1.24445199    1.12051276    1.13520235    1.05124256    1.20685741    1.05330220    1.00801845    1.03801120    1.03592674    0.93451672    1.03377418    0.98225057
A0A0N4UN76_DRAME/600-944     1.01342572    1.08312944    0.00000000    0.46977551    0.70936965    0.58157530    0.65563136    0.61551036    0.62758825    0.97858343    0.98737185    0.99697198    1.11916357    1.00444309    1.04211033    1.00363922    1.20888175    1.06885522    1.20143522    1.40696733    1.72640783    1.23357596    1.21871444    1.27994464    1.28844770    1.52230572    1.35844705    1.12372702    1.05158976    1.10838438    1.17126317    1.06308985    1.08062200    1.09749909    0.99873501    1.64362133    1.36740185    1.69828873    1.03465999    0.96646283    0.97990711    1.17764369    0.99766741    1.08325174    1.04894801    1.09550222    0.93828695    1.00383235    1.00061886    0.96402485    0.88373401    0.98329396    0.98850891
A0A158QAK1_ENTVE/569-935     1.01412307    1.05768112    0.46977551    0.00000000    0.74773436    0.69821010    0.66677140    0.66812025    0.68835554    1.02065397    0.95788381    1.02701302    1.03857250    1.00959204    0.99015463    1.00665829    1.10507644    1.12085093    1.17493486    1.39916877    1.70718137    1.19867300    1.21975867    1.23703387    1.28015704    1.48583094    1.46263707    1.11548616    1.05967608    1.11158623    1.18319760    1.09719001    1.08957883    1.06381851    0.96818584    1.61065098    1.31310193    1.48798732    1.03728436    1.02408780    1.08698264    1.21986523    1.02716623    1.05875282    1.09006133    1.11774787    0.99492054    0.98342620    1.02002835    1.00314012    0.88196625    1.13479512    0.97072925
A0A090LLG6_STRRB/574-920     1.14181558    1.18991668    0.70936965    0.74773436    0.00000000    0.77430994    0.76133783    0.75404144    0.75122423    1.17339067    1.12625944    1.22451922    1.29516089    1.25119328    1.19944280    1.15151962    1.40637170    1.25250466    1.42319033    1.52871481    1.85377893    1.40219471    1.34020215    1.35026703    1.40645377    1.81952014    1.46905624    1.32448887    1.26515301    1.30260328    1.38367911    1.28395584    1.32095984    1.21520502    1.15126804    1.60954950    1.46910114    1.78819169    1.28837425    1.23960300    1.26810119    1.44652625    1.20760532    1.20731010    1.28001350    1.24052949    1.16506605    1.21233817    1.12608663    1.23071535    1.11581440    1.15792956    1.20541706
A0A2A2JPR9_9BILA/566-912     1.17136073    1.17413412    0.58157530    0.69821010    0.77430994    0.00000000    0.45843077    0.45157229    0.47277893    1.13427703    1.12509947    1.18004943    1.26315556    1.18587115    1.15994809    1.15771617    1.29443424    1.19438610    1.21892425    1.53926167    1.81283522    1.26982365    1.28474520    1.28139891    1.35118141    1.58073482    1.53904107    1.23509285    1.19340625    1.20578065    1.20699699    1.12470422    1.19878691    1.17548702    1.06311945    1.52143200    1.45892725    1.71581485    1.13865548    1.03500652    1.09748095    1.20924075    1.04556148    1.06606604    1.13333613    1.16202153    1.04371548    0.98031943    1.02096466    1.02589969    0.97280310    0.99980484    1.01530376
Q18965_CAEEL/616-963     1.00696463    1.06729924    0.65563136    0.66677140    0.76133783    0.45843077    0.00000000    0.40483715    0.41247025    0.98116540    0.97279094    1.00391319    1.10726847    1.03660877    1.06736360    1.05991639    1.31770707    1.20956459    1.11552837    1.41008982    1.71558784    1.24869461    1.23608752    1.23491631    1.27751853    1.48967157    1.41818629    1.12634756    1.00338359    1.02974688    1.14021164    1.02969391    1.10579950    1.04869589    1.00263946    1.42421833    1.39631343    1.63814018    1.04212781    0.94465393    1.00024828    1.19511128    0.94516399    0.98098520    1.00546589    1.08657015    0.90260115    0.88580536    0.92371020    0.94598271    0.86062704    0.92041173    0.89920266
A0A0N4W2F1_HAEPC/598-944     1.07497388    0.98589448    0.61551036    0.66812025    0.75404144    0.45157229    0.40483715    0.00000000    0.24208341    0.97973854    0.98079247    0.98267694    1.12265690    1.03933656    1.08371251    1.03494856    1.24315439    1.13676779    1.10749237    1.46685668    1.69418812    1.27044831    1.17212616    1.20081130    1.25991859    1.49451565    1.37871755    1.14545398    1.06421356    1.12031800    1.18175400    1.07609371    1.12517110    1.08024646    1.05654231    1.52002748    1.38138077    1.64419818    1.06935756    0.95527782    1.02545005    1.16675552    0.93947709    1.02105874    1.05727205    1.06562750    0.95611280    0.96014754    0.97716458    0.99591892    0.87111317    0.95337729    0.97023260
A0A0D8Y0J8_DICVI/593-939     1.05795644    0.98139486    0.62758825    0.68835554    0.75122423    0.47277893    0.41247025    0.24208341    0.00000000    0.97139288    0.97549119    0.96159117    1.09018699    1.04165370    1.04648747    1.04862461    1.30334836    1.13894098    1.16257174    1.51332449    1.75200904    1.25593604    1.19258128    1.22281604    1.26758707    1.52653112    1.36485722    1.10537526    1.05676215    1.10683970    1.15866006    1.03489858    1.09843637    1.08524717    1.03833587    1.50964925    1.34798441    1.56683630    1.06428840    0.99217743    1.04811621    1.21294291    0.92565011    1.01221866    1.05146286    1.11472527    0.93551605    0.96967873    0.96128532    0.93933637    0.89235318    0.95800014    0.94694163
A0A1S3HQH8_LINUN/865-1209     0.71280907    1.04189863    0.97858343    1.02065397    1.17339067    1.13427703    0.98116540    0.97973854    0.97139288    0.00000000    0.43917097    0.39035039    0.45718986    0.48386018    0.58012593    0.55089746    0.71082814    0.80812268    0.82355795    1.29271745    1.51254719    0.96537544    0.93312399    0.99908534    1.06413151    1.34358198    1.18670085    0.72309987    0.61587308    0.65721349    0.69998827    0.67172444    0.72613531    0.80637638    0.57057240    1.27278678    1.08601967    1.43048959    0.74379087    0.63014539    0.71089056    0.85890111    0.75979485    0.63116600    0.71601909    0.84675816    0.60014527    0.60836506    0.62143811    0.60950717    0.50392948    0.64992622    0.58721819
K1QAA1_CRAGI/649-993     0.68506819    0.96445861    0.98737185    0.95788381    1.12625944    1.12509947    0.97279094    0.98079247    0.97549119    0.43917097    0.00000000    0.29766704    0.39837306    0.37284278    0.46359512    0.53552957    0.78535858    0.79468573    0.91489338    1.29242383    1.48975036    0.99039237    0.89531719    0.94806199    1.00894872    1.36004979    1.24010147    0.73395260    0.62939701    0.67508099    0.70955462    0.68620333    0.74049433    0.78750532    0.61964302    1.21706814    0.97224647    1.38019764    0.73706435    0.68932665    0.78217795    0.88780996    0.70757985    0.68762192    0.74192936    0.87466895    0.68863491    0.65712868    0.68358554    0.65122385    0.57353882    0.67635758    0.63915244
A0A210PXP1_MIZYE/676-1020     0.72996576    0.98010384    0.99697198    1.02701302    1.22451922    1.18004943    1.00391319    0.98267694    0.96159117    0.39035039    0.29766704    0.00000000    0.40231186    0.39802472    0.47123975    0.57129199    0.80290423    0.79376212    0.94392186    1.32964891    1.56451702    1.08262276    0.92134660    0.99716620    1.06149226    1.33386364    1.27066786    0.71870675    0.61633805    0.66591389    0.72048922    0.68623256    0.76132137    0.77413438    0.63178089    1.19307145    1.03286212    1.37967949    0.72203610    0.69251652    0.71343831    0.87565816    0.65129213    0.67871441    0.72083951    0.90824281    0.62931727    0.65409560    0.62821108    0.61703056    0.55265041    0.67466736    0.62120049
V3ZJI5_LOTGI/396-740     0.65994169    1.03599346    1.11916357    1.03857250    1.29516089    1.26315556    1.10726847    1.12265690    1.09018699    0.45718986    0.39837306    0.40231186    0.00000000    0.37539648    0.48468007    0.63120904    0.78900783    0.81202962    0.93467233    1.28763777    1.50928325    1.00716527    0.97208765    1.01447426    1.05600852    1.40370778    1.21319525    0.74469816    0.67705548    0.71684479    0.75472022    0.71176187    0.80781184    0.80063231    0.62266089    1.25052210    0.99658804    1.39457238    0.87196430    0.72180529    0.80030479    0.88169324    0.68267802    0.66887794    0.73503422    0.87088019    0.65402647    0.65161962    0.69670599    0.61046597    0.62325417    0.73477476    0.69447989
A0A2T7PUG2_POMCA/469-813     0.71999277    0.98396493    1.00444309    1.00959204    1.25119328    1.18587115    1.03660877    1.03933656    1.04165370    0.48386018    0.37284278    0.39802472    0.37539648    0.00000000    0.41374059    0.59747906    0.74600592    0.76835711    0.91241472    1.23753688    1.40160862    1.06400010    0.95342437    1.00908481    1.06556546    1.29246939    1.22794379    0.74613752    0.66867297    0.70819472    0.74719479    0.70362342    0.78254051    0.83524031    0.59647345    1.24819772    0.97677716    1.38620416    0.84692622    0.72858060    0.85600371    0.90039610    0.73710524    0.69762162    0.76964539    0.85148391    0.66308252    0.66360805    0.70937020    0.65997060    0.61774107    0.66992686    0.64562913
A0A3S1AT78_ELYCH/757-1101     0.82471505    0.96882997    1.04211033    0.99015463    1.19944280    1.15994809    1.06736360    1.08371251    1.04648747    0.58012593    0.46359512    0.47123975    0.48468007    0.41374059    0.00000000    0.71151098    0.83952996    0.88423547    0.95963294    1.24144452    1.51847445    1.01430683    1.01907178    1.06463881    1.13338219    1.42607546    1.33923877    0.85476213    0.71270612    0.78616613    0.84911340    0.76376390    0.86491201    0.92506115    0.69165466    1.25676336    1.01619587    1.27630753    0.85267696    0.77312568    0.82191767    0.96521711    0.79884222    0.78071267    0.84735790    0.90148511    0.70047764    0.74185440    0.73916872    0.70767348    0.65876678    0.74601554    0.71712321
R7UYX3_CAPTE/559-903     0.79471139    1.01821360    1.00363922    1.00665829    1.15151962    1.15771617    1.05991639    1.03494856    1.04862461    0.55089746    0.53552957    0.57129199    0.63120904    0.59747906    0.71151098    0.00000000    0.66817371    0.75627773    0.90093001    1.22714181    1.40629630    0.98287907    0.99494714    0.96690046    1.02917528    1.27442596    1.20776218    0.83811005    0.72212225    0.74995239    0.80680095    0.80182404    0.79396387    0.82272364    0.67781756    1.27019807    1.04288295    1.47911845    0.82726912    0.69598279    0.82863680    0.92301224    0.73852528    0.77054150    0.79889893    1.00368464    0.69824897    0.73818052    0.72807112    0.70429031    0.65239675    0.71450987    0.71545393
T1G210_HELRO/513-839     0.92425026    1.18272807    1.20888175    1.10507644    1.40637170    1.29443424    1.31770707    1.24315439    1.30334836    0.71082814    0.78535858    0.80290423    0.78900783    0.74600592    0.83952996    0.66817371    0.00000000    0.83001202    1.02435037    1.33708049    1.49694158    1.14254232    1.18333211    1.17681007    1.26543568    1.41647820    1.25282735    0.98691418    0.88659563    0.96510174    0.99910491    0.99174415    1.02971860    1.00479031    0.85404005    1.31765149    1.27285950    1.44244304    0.91265650    0.88197021    0.95669531    1.10027851    0.93943003    0.94219176    0.98438396    1.15995160    0.88309287    0.84536445    0.86593846    0.80961964    0.81716036    0.91487577    0.86758106
T1G4N7_HELRO/392-743     0.93968747    1.16449622    1.06885522    1.12085093    1.25250466    1.19438610    1.20956459    1.13676779    1.13894098    0.80812268    0.79468573    0.79376212    0.81202962    0.76835711    0.88423547    0.75627773    0.83001202    0.00000000    1.01095312    1.30241796    1.65128220    1.18448184    1.12308056    1.16801435    1.23696385    1.39727269    1.30301766    0.97962604    0.85022887    0.89958050    0.91043395    0.90805730    0.92192239    1.01320364    0.80565287    1.29083252    1.12878370    1.37316425    0.85275187    0.84736610    0.92838803    1.09734014    0.91203121    0.94362144    0.94695659    1.05429754    0.86670409    0.83753225    0.79032908    0.88940451    0.82870664    0.90785497    0.89731219
A0A194Q768_PAPXU/601-968     1.01107117    1.14281229    1.20143522    1.17493486    1.42319033    1.21892425    1.11552837    1.10749237    1.16257174    0.82355795    0.91489338    0.94392186    0.93467233    0.91241472    0.95963294    0.90093001    1.02435037    1.01095312    0.00000000    1.30438836    1.49049700    1.18889344    1.18286499    1.30126369    1.36706295    1.47488447    1.25008855    1.07852736    0.99627450    1.05207605    1.12107133    1.01005618    1.04614008    1.00521340    0.86121246    1.34457619    1.26445757    1.46503917    0.96818981    0.79678262    1.01589383    1.09858677    0.95779070    0.76670158    0.83506335    0.99641476    0.79086419    0.73278013    0.76616309    0.78457573    0.80455443    0.92994604    0.90304721
A0A267GFJ6_9PLAT/612-966     1.37333139    1.42674273    1.40696733    1.39916877    1.52871481    1.53926167    1.41008982    1.46685668    1.51332449    1.29271745    1.29242383    1.32964891    1.28763777    1.23753688    1.24144452    1.22714181    1.33708049    1.30241796    1.30438836    0.00000000    0.68473440    1.16966038    1.28232178    1.35058496    1.40090099    1.78852153    1.82304058    1.43619039    1.33238548    1.37716766    1.45116419    1.41651434    1.42528525    1.48761756    1.28902669    1.68675515    1.79786681    1.77027514    1.37180485    1.31233229    1.53281051    1.49955636    1.29663747    1.49003056    1.45562579    1.54831815    1.35098824    1.28634360    1.30798107    1.37001119    1.22236695    1.28543709    1.30409783
A0A267F4U6_9PLAT/585-937     1.50694741    1.56985356    1.72640783    1.70718137    1.85377893    1.81283522    1.71558784    1.69418812    1.75200904    1.51254719    1.48975036    1.56451702    1.50928325    1.40160862    1.51847445    1.40629630    1.49694158    1.65128220    1.49049700    0.68473440    0.00000000    1.39696240    1.47311066    1.55279985    1.67385667    2.03563504    1.80520618    1.56024553    1.55218128    1.60360030    1.65740097    1.54491729    1.56761805    1.65259282    1.55257475    1.97171047    1.91901345    1.97064155    1.66398260    1.53888758    1.76667302    1.68486111    1.52271742    1.52555101    1.60625005    1.76958085    1.58997992    1.44179172    1.65162365    1.58313385    1.49535333    1.60422954    1.50642808
A0A3Q0KDR5_SCHMA/544-917     1.10308327    1.34459454    1.23357596    1.19867300    1.40219471    1.26982365    1.24869461    1.27044831    1.25593604    0.96537544    0.99039237    1.08262276    1.00716527    1.06400010    1.01430683    0.98287907    1.14254232    1.18448184    1.18889344    1.16966038    1.39696240    0.00000000    0.79184066    0.86046561    0.86115337    1.70271465    1.54952161    1.17197970    1.09729605    1.12971147    1.23381642    1.15400840    1.15486028    1.25313008    1.12327397    1.62886745    1.45055869    1.77172995    1.22991403    1.01957072    1.20784921    1.24754990    1.02839898    1.12839186    1.15919622    1.34334289    1.13565688    1.05601846    1.08672621    1.10474570    1.10215892    1.12874391    1.12764037
A0A183SF08_SCHSO/450-854     1.08998873    1.23098056    1.21871444    1.21975867    1.34020215    1.28474520    1.23608752    1.17212616    1.19258128    0.93312399    0.89531719    0.92134660    0.97208765    0.95342437    1.01907178    0.99494714    1.18333211    1.12308056    1.18286499    1.28232178    1.47311066    0.79184066    0.00000000    0.40813330    0.47350997    1.65942097    1.42129133    1.11825578    1.08066235    1.13587416    1.19562974    1.13974064    1.16883178    1.27139495    1.10264479    1.49053631    1.39715048    1.64545459    1.12141679    1.05556413    1.22869652    1.28253667    1.05641056    1.06407253    1.16137712    1.28717673    1.10201997    1.02797627    1.06622592    1.03083271    1.02007606    0.99327937    0.97851370
A0A0R3W207_TAEAS/482-907     1.11606584    1.28808330    1.27994464    1.23703387    1.35026703    1.28139891    1.23491631    1.20081130    1.22281604    0.99908534    0.94806199    0.99716620    1.01447426    1.00908481    1.06463881    0.96690046    1.17681007    1.16801435    1.30126369    1.35058496    1.55279985    0.86046561    0.40813330    0.00000000    0.16593715    1.67927337    1.40995624    1.16944783    1.09229008    1.11511346    1.15690062    1.10878132    1.25852900    1.28256157    1.12804961    1.54904938    1.34348472    1.64741524    1.13306057    1.02568090    1.24057764    1.30781161    1.10797986    1.12793789    1.13811711    1.34012766    1.12949339    1.04383885    1.07798686    1.04885196    1.06351171    1.05239871    1.04082002
A0A087W299_ECHMU/488-912     1.16774692    1.35814893    1.28844770    1.28015704    1.40645377    1.35118141    1.27751853    1.25991859    1.26758707    1.06413151    1.00894872    1.06149226    1.05600852    1.06556546    1.13338219    1.02917528    1.26543568    1.23696385    1.36706295    1.40090099    1.67385667    0.86115337    0.47350997    0.16593715    0.00000000    1.65184476    1.45611626    1.22774850    1.13845987    1.09793150    1.13606111    1.12628993    1.26601833    1.36454927    1.17276879    1.59037764    1.40863981    1.66157351    1.19377729    1.10292778    1.32260329    1.37730655    1.16917956    1.19760922    1.24327265    1.45457463    1.21238698    1.11734352    1.15836752    1.13177144    1.12568475    1.14114533    1.14114433
A0A1D1VC69_RAMVA/544-889     1.41252385    1.65540289    1.52230572    1.48583094    1.81952014    1.58073482    1.48967157    1.49451565    1.52653112    1.34358198    1.36004979    1.33386364    1.40370778    1.29246939    1.42607546    1.27442596    1.41647820    1.39727269    1.47488447    1.78852153    2.03563504    1.70271465    1.65942097    1.67927337    1.65184476    0.00000000    1.70836633    1.60252760    1.51351835    1.36803446    1.44091914    1.37534764    1.43829996    1.54933168    1.29715040    1.90138902    1.75176262    1.98027327    1.52311276    1.37921179    1.43160284    1.64576093    1.47015423    1.42142342    1.51980033    1.65015813    1.36551410    1.36938056    1.37832949    1.31696148    1.35515764    1.33830103    1.32317246
A0A1D1VAF4_RAMVA/615-963     1.18411153    1.50312830    1.35844705    1.46263707    1.46905624    1.53904107    1.41818629    1.37871755    1.36485722    1.18670085    1.24010147    1.27066786    1.21319525    1.22794379    1.33923877    1.20776218    1.25282735    1.30301766    1.25008855    1.82304058    1.80520618    1.54952161    1.42129133    1.40995624    1.45611626    1.70836633    0.00000000    1.47318752    1.29747218    1.35577679    1.43175076    1.31537475    1.40599765    1.40016209    1.28778493    1.81223396    1.41675930    1.61208774    1.44355398    1.31519347    1.43754171    1.41162090    1.17942436    1.26779915    1.38820860    1.46292721    1.35657636    1.30588106    1.36077569    1.23933946    1.29002764    1.33665166    1.24930226
S4RAS2_PETMA/549-894     0.89335843    1.07269144    1.12372702    1.11548616    1.32448887    1.23509285    1.12634756    1.14545398    1.10537526    0.72309987    0.73395260    0.71870675    0.74469816    0.74613752    0.85476213    0.83811005    0.98691418    0.97962604    1.07852736    1.43619039    1.56024553    1.17197970    1.11825578    1.16944783    1.22774850    1.60252760    1.47318752    0.00000000    0.39819184    0.39590408    0.39476310    0.38061966    0.49484844    0.78017565    0.69595339    1.36294932    1.19226228    1.46707699    0.85620000    0.85264076    0.90174169    1.04216393    0.85126405    0.87757194    0.95170051    0.96744002    0.77496758    0.81515729    0.82489623    0.77362062    0.74010606    0.84177663    0.84632139
A0A2Y9QR15_TRIMA/670-977     0.79619292    1.02497116    1.05158976    1.05967608    1.26515301    1.19340625    1.00338359    1.06421356    1.05676215    0.61587308    0.62939701    0.61633805    0.67705548    0.66867297    0.71270612    0.72212225    0.88659563    0.85022887    0.99627450    1.33238548    1.55218128    1.09729605    1.08066235    1.09229008    1.13845987    1.51351835    1.29747218    0.39819184    0.00000000    0.14250714    0.30579963    0.29093807    0.37968570    0.66549586    0.56117460    1.36611243    1.09019285    1.27901133    0.76699298    0.69306673    0.79880481    0.94515434    0.80512540    0.71793010    0.83783996    0.92194460    0.66597039    0.72416891    0.71129718    0.73138744    0.69708174    0.76096370    0.70552196
A0A340XEM6_LIPVE/672-1028     0.89022588    1.08069827    1.10838438    1.11158623    1.30260328    1.20578065    1.02974688    1.12031800    1.10683970    0.65721349    0.67508099    0.66591389    0.71684479    0.70819472    0.78616613    0.74995239    0.96510174    0.89958050    1.05207605    1.37716766    1.60360030    1.12971147    1.13587416    1.11511346    1.09793150    1.36803446    1.35577679    0.39590408    0.14250714    0.00000000    0.21858913    0.25044556    0.32980540    0.73295859    0.61723419    1.36382659    1.15979042    1.41452750    0.80699755    0.74983600    0.88110295    0.98516603    0.80961247    0.81783297    0.89138895    0.99780959    0.73344755    0.75792428    0.76458310    0.76427582    0.73023093    0.79941303    0.78759359
A0A1L8G9X8_XENLA/717-1060     0.89968072    1.15624381    1.17126317    1.18319760    1.38367911    1.20699699    1.14021164    1.18175400    1.15866006    0.69998827    0.70955462    0.72048922    0.75472022    0.74719479    0.84911340    0.80680095    0.99910491    0.91043395    1.12107133    1.45116419    1.65740097    1.23381642    1.19562974    1.15690062    1.13606111    1.44091914    1.43175076    0.39476310    0.30579963    0.21858913    0.00000000    0.23018185    0.34055015    0.80044340    0.65807519    1.39516411    1.16580502    1.48947018    0.81640319    0.79137028    0.93695983    1.04707755    0.85021374    0.84200306    0.91740942    1.05633777    0.75316080    0.76619136    0.76543406    0.80772419    0.75947876    0.80450342    0.80592119
H2V5S6_TAKRU/627-965     0.84786612    1.02604839    1.06308985    1.09719001    1.28395584    1.12470422    1.02969391    1.07609371    1.03489858    0.67172444    0.68620333    0.68623256    0.71176187    0.70362342    0.76376390    0.80182404    0.99174415    0.90805730    1.01005618    1.41651434    1.54491729    1.15400840    1.13974064    1.10878132    1.12628993    1.37534764    1.31537475    0.38061966    0.29093807    0.25044556    0.23018185    0.00000000    0.28310465    0.73563187    0.64344747    1.33375082    1.09581687    1.33485013    0.77942404    0.76027918    0.89127326    0.98896942    0.81083696    0.80667150    0.88281423    0.94929772    0.74445042    0.78354068    0.77451319    0.77325452    0.70218422    0.76562966    0.76292777
A0A0P7V5B7_SCLFO/615-1017     0.96731248    1.10259088    1.08062200    1.08957883    1.32095984    1.19878691    1.10579950    1.12517110    1.09843637    0.72613531    0.74049433    0.76132137    0.80781184    0.78254051    0.86491201    0.79396387    1.02971860    0.92192239    1.04614008    1.42528525    1.56761805    1.15486028    1.16883178    1.25852900    1.26601833    1.43829996    1.40599765    0.49484844    0.37968570    0.32980540    0.34055015    0.28310465    0.00000000    0.83319943    0.67580913    1.36185217    1.17909008    1.43409824    0.83259544    0.81803612    0.96702070    1.05094998    0.88775340    0.85427337    0.97173093    1.03678022    0.78274418    0.81459717    0.81327425    0.83335547    0.74175246    0.84463792    0.87258907
F7B997_CIOIN/406-758     0.94291090    1.07317226    1.09749909    1.06381851    1.21520502    1.17548702    1.04869589    1.08024646    1.08524717    0.80637638    0.78750532    0.77413438    0.80063231    0.83524031    0.92506115    0.82272364    1.00479031    1.01320364    1.00521340    1.48761756    1.65259282    1.25313008    1.27139495    1.28256157    1.36454927    1.54933168    1.40016209    0.78017565    0.66549586    0.73295859    0.80044340    0.73563187    0.83319943    0.00000000    0.78122259    1.25630328    1.15929885    1.50877961    0.80829445    0.81359561    0.89843487    1.01389317    0.79603735    0.79767769    0.83746436    0.98227762    0.78635229    0.80820825    0.82103201    0.75729923    0.75978964    0.87594539    0.82236034
C3YN24_BRAFL/545-889     0.82809409    1.03472219    0.99873501    0.96818584    1.15126804    1.06311945    1.00263946    1.05654231    1.03833587    0.57057240    0.61964302    0.63178089    0.62266089    0.59647345    0.69165466    0.67781756    0.85404005    0.80565287    0.86121246    1.28902669    1.55257475    1.12327397    1.10264479    1.12804961    1.17276879    1.29715040    1.28778493    0.69595339    0.56117460    0.61723419    0.65807519    0.64344747    0.67580913    0.78122259    0.00000000    1.28785559    1.02327659    1.29146362    0.72239778    0.70744701    0.81118411    0.88340560    0.74312227    0.71608248    0.74645609    0.88500929    0.59331923    0.60185319    0.62845544    0.63796557    0.59621783    0.75821627    0.66878843
A0A0D2X3K3_CAPO3/758-1107     1.40740615    1.33578070    1.64362133    1.61065098    1.60954950    1.52143200    1.42421833    1.52002748    1.50964925    1.27278678    1.21706814    1.19307145    1.25052210    1.24819772    1.25676336    1.27019807    1.31765149    1.29083252    1.34457619    1.68675515    1.97171047    1.62886745    1.49053631    1.54904938    1.59037764    1.90138902    1.81223396    1.36294932    1.36611243    1.36382659    1.39516411    1.33375082    1.36185217    1.25630328    1.28785559    0.00000000    1.38748853    1.48055869    1.15903733    1.18973911    1.30598132    1.35209630    1.26322604    1.25081991    1.24782765    1.39541011    1.25707998    1.17298745    1.20962137    1.25447728    1.16379765    1.37120040    1.37980798
B3RZ80_TRIAD/416-765     1.11323843    1.27421783    1.36740185    1.31310193    1.46910114    1.45892725    1.39631343    1.38138077    1.34798441    1.08601967    0.97224647    1.03286212    0.99658804    0.97677716    1.01619587    1.04288295    1.27285950    1.12878370    1.26445757    1.79786681    1.91901345    1.45055869    1.39715048    1.34348472    1.40863981    1.75176262    1.41675930    1.19226228    1.09019285    1.15979042    1.16580502    1.09581687    1.17909008    1.15929885    1.02327659    1.38748853    0.00000000    1.34525428    0.95771211    1.16143543    1.19086934    1.26302393    1.12945032    1.10427831    1.23546963    1.21917067    1.14108496    1.10359251    1.09379283    1.09859027    1.07349154    1.10632279    1.14338487
A0A1X7TNR3_AMPQE/550-894     1.41780627    1.51743953    1.69828873    1.48798732    1.78819169    1.71581485    1.63814018    1.64419818    1.56683630    1.43048959    1.38019764    1.37967949    1.39457238    1.38620416    1.27630753    1.47911845    1.44244304    1.37316425    1.46503917    1.77027514    1.97064155    1.77172995    1.64545459    1.64741524    1.66157351    1.98027327    1.61208774    1.46707699    1.27901133    1.41452750    1.48947018    1.33485013    1.43409824    1.50877961    1.29146362    1.48055869    1.34525428    0.00000000    1.26332601    1.30855431    1.42988756    1.57979539    1.42533972    1.34975927    1.46221636    1.50082987    1.32765686    1.30008882    1.28105852    1.29283136    1.27313234    1.46727574    1.46660626
A0A3M6UTG4_POCDA/553-896     0.90436834    1.11798975    1.03465999    1.03728436    1.28837425    1.13865548    1.04212781    1.06935756    1.06428840    0.74379087    0.73706435    0.72203610    0.87196430    0.84692622    0.85267696    0.82726912    0.91265650    0.85275187    0.96818981    1.37180485    1.66398260    1.22991403    1.12141679    1.13306057    1.19377729    1.52311276    1.44355398    0.85620000    0.76699298    0.80699755    0.81640319    0.77942404    0.83259544    0.80829445    0.72239778    1.15903733    0.95771211    1.26332601    0.00000000    0.75884416    0.89599479    0.94671699    0.81246830    0.88855328    0.83079209    1.03757637    0.74294587    0.78266831    0.78104510    0.74367383    0.77647666    0.87133768    0.83855821
B7PX40_IXOSC/603-948     0.88417061    1.06596456    0.96646283    1.02408780    1.23960300    1.03500652    0.94465393    0.95527782    0.99217743    0.63014539    0.68932665    0.69251652    0.72180529    0.72858060    0.77312568    0.69598279    0.88197021    0.84736610    0.79678262    1.31233229    1.53888758    1.01957072    1.05556413    1.02568090    1.10292778    1.37921179    1.31519347    0.85264076    0.69306673    0.74983600    0.79137028    0.76027918    0.81803612    0.81359561    0.70744701    1.18973911    1.16143543    1.30855431    0.75884416    0.00000000    0.67869814    0.87730625    0.66848255    0.65844373    0.70305777    0.83269660    0.59208147    0.61157882    0.63383562    0.57187266    0.58430648    0.63925215    0.61189375
A0A1V9X9J6_9ACAR/393-743     0.91154138    1.13105516    0.97990711    1.08698264    1.26810119    1.09748095    1.00024828    1.02545005    1.04811621    0.71089056    0.78217795    0.71343831    0.80030479    0.85600371    0.82191767    0.82863680    0.95669531    0.92838803    1.01589383    1.53281051    1.76667302    1.20784921    1.22869652    1.24057764    1.32260329    1.43160284    1.43754171    0.90174169    0.79880481    0.88110295    0.93695983    0.89127326    0.96702070    0.89843487    0.81118411    1.30598132    1.19086934    1.42988756    0.89599479    0.67869814    0.00000000    1.01808718    0.83630062    0.85152162    0.85460919    0.98330570    0.78941167    0.78490298    0.77722485    0.75420859    0.78142817    0.83429685    0.79578851
T1KZV3_TETUR/564-909     0.92986701    1.24445199    1.17764369    1.21986523    1.44652625    1.20924075    1.19511128    1.16675552    1.21294291    0.85890111    0.88780996    0.87565816    0.88169324    0.90039610    0.96521711    0.92301224    1.10027851    1.09734014    1.09858677    1.49955636    1.68486111    1.24754990    1.28253667    1.30781161    1.37730655    1.64576093    1.41162090    1.04216393    0.94515434    0.98516603    1.04707755    0.98896942    1.05094998    1.01389317    0.88340560    1.35209630    1.26302393    1.57979539    0.94671699    0.87730625    1.01808718    0.00000000    0.66827765    0.80055506    0.83617676    0.99877757    0.81292405    0.75804882    0.80951009    0.81345650    0.80419295    0.87038002    0.88458377
A0A443SG65_9ACAR/611-956     0.79137242    1.12051276    0.99766741    1.02716623    1.20760532    1.04556148    0.94516399    0.93947709    0.92565011    0.75979485    0.70757985    0.65129213    0.68267802    0.73710524    0.79884222    0.73852528    0.93943003    0.91203121    0.95779070    1.29663747    1.52271742    1.02839898    1.05641056    1.10797986    1.16917956    1.47015423    1.17942436    0.85126405    0.80512540    0.80961247    0.85021374    0.81083696    0.88775340    0.79603735    0.74312227    1.26322604    1.12945032    1.42533972    0.81246830    0.66848255    0.83630062    0.66827765    0.00000000    0.69689296    0.69884571    0.92909849    0.58781518    0.60922405    0.69750578    0.55214397    0.58820717    0.72193800    0.64804928
T1IBX0_RHOPR/561-904     0.83638825    1.13520235    1.08325174    1.05875282    1.20731010    1.06606604    0.98098520    1.02105874    1.01221866    0.63116600    0.68762192    0.67871441    0.66887794    0.69762162    0.78071267    0.77054150    0.94219176    0.94362144    0.76670158    1.49003056    1.52555101    1.12839186    1.06407253    1.12793789    1.19760922    1.42142342    1.26779915    0.87757194    0.71793010    0.81783297    0.84200306    0.80667150    0.85427337    0.79767769    0.71608248    1.25081991    1.10427831    1.34975927    0.88855328    0.65844373    0.85152162    0.80055506    0.69689296    0.00000000    0.56835266    0.74243698    0.46202720    0.48449187    0.51875815    0.49980306    0.58641363    0.68141389    0.67466375
A0A482WMJ8_LAOST/636-979     0.84911653    1.05124256    1.04894801    1.09006133    1.28001350    1.13333613    1.00546589    1.05727205    1.05146286    0.71601909    0.74192936    0.72083951    0.73503422    0.76964539    0.84735790    0.79889893    0.98438396    0.94695659    0.83506335    1.45562579    1.60625005    1.15919622    1.16137712    1.13811711    1.24327265    1.51980033    1.38820860    0.95170051    0.83783996    0.89138895    0.91740942    0.88281423    0.97173093    0.83746436    0.74645609    1.24782765    1.23546963    1.46221636    0.83079209    0.70305777    0.85460919    0.83617676    0.69884571    0.56835266    0.00000000    0.75785944    0.52075565    0.48129116    0.59474551    0.54595231    0.58004677    0.69209332    0.67504580
J9JJJ3_ACYPI/596-946     1.04967607    1.20685741    1.09550222    1.11774787    1.24052949    1.16202153    1.08657015    1.06562750    1.11472527    0.84675816    0.87466895    0.90824281    0.87088019    0.85148391    0.90148511    1.00368464    1.15995160    1.05429754    0.99641476    1.54831815    1.76958085    1.34334289    1.28717673    1.34012766    1.45457463    1.65015813    1.46292721    0.96744002    0.92194460    0.99780959    1.05633777    0.94929772    1.03678022    0.98227762    0.88500929    1.39541011    1.21917067    1.50082987    1.03757637    0.83269660    0.98330570    0.99877757    0.92909849    0.74243698    0.75785944    0.00000000    0.71388372    0.70594183    0.83052666    0.76709258    0.77766077    0.86466809    0.83038586
A0A2J7QG87_9NEOP/624-967     0.80114833    1.05330220    0.93828695    0.99492054    1.16506605    1.04371548    0.90260115    0.95611280    0.93551605    0.60014527    0.68863491    0.62931727    0.65402647    0.66308252    0.70047764    0.69824897    0.88309287    0.86670409    0.79086419    1.35098824    1.58997992    1.13565688    1.10201997    1.12949339    1.21238698    1.36551410    1.35657636    0.77496758    0.66597039    0.73344755    0.75316080    0.74445042    0.78274418    0.78635229    0.59331923    1.25707998    1.14108496    1.32765686    0.74294587    0.59208147    0.78941167    0.81292405    0.58781518    0.46202720    0.52075565    0.71388372    0.00000000    0.30540536    0.34943015    0.33233327    0.42329413    0.56735603    0.56758349
D6WKP0_TRICA/612-954     0.76000550    1.00801845    1.00383235    0.98342620    1.21233817    0.98031943    0.88580536    0.96014754    0.96967873    0.60836506    0.65712868    0.65409560    0.65161962    0.66360805    0.74185440    0.73818052    0.84536445    0.83753225    0.73278013    1.28634360    1.44179172    1.05601846    1.02797627    1.04383885    1.11734352    1.36938056    1.30588106    0.81515729    0.72416891    0.75792428    0.76619136    0.78354068    0.81459717    0.80820825    0.60185319    1.17298745    1.10359251    1.30008882    0.78266831    0.61157882    0.78490298    0.75804882    0.60922405    0.48449187    0.48129116    0.70594183    0.30540536    0.00000000    0.34882072    0.39217274    0.43299274    0.58903960    0.56031460
E2BGA5_HARSA/568-911     0.78597292    1.03801120    1.00061886    1.02002835    1.12608663    1.02096466    0.92371020    0.97716458    0.96128532    0.62143811    0.68358554    0.62821108    0.69670599    0.70937020    0.73916872    0.72807112    0.86593846    0.79032908    0.76616309    1.30798107    1.65162365    1.08672621    1.06622592    1.07798686    1.15836752    1.37832949    1.36077569    0.82489623    0.71129718    0.76458310    0.76543406    0.77451319    0.81327425    0.82103201    0.62845544    1.20962137    1.09379283    1.28105852    0.78104510    0.63383562    0.77722485    0.80951009    0.69750578    0.51875815    0.59474551    0.83052666    0.34943015    0.34882072    0.00000000    0.47795359    0.45948196    0.62427403    0.56946127
E0VXD9_PEDHC/596-939     0.70727693    1.03592674    0.96402485    1.00314012    1.23071535    1.02589969    0.94598271    0.99591892    0.93933637    0.60950717    0.65122385    0.61703056    0.61046597    0.65997060    0.70767348    0.70429031    0.80961964    0.88940451    0.78457573    1.37001119    1.58313385    1.10474570    1.03083271    1.04885196    1.13177144    1.31696148    1.23933946    0.77362062    0.73138744    0.76427582    0.80772419    0.77325452    0.83335547    0.75729923    0.63796557    1.25447728    1.09859027    1.29283136    0.74367383    0.57187266    0.75420859    0.81345650    0.55214397    0.49980306    0.54595231    0.76709258    0.33233327    0.39217274    0.47795359    0.00000000    0.44635708    0.60761209    0.57216847
E9FYT2_DAPPU/557-902     0.73348072    0.93451672    0.88373401    0.88196625    1.11581440    0.97280310    0.86062704    0.87111317    0.89235318    0.50392948    0.57353882    0.55265041    0.62325417    0.61774107    0.65876678    0.65239675    0.81716036    0.82870664    0.80455443    1.22236695    1.49535333    1.10215892    1.02007606    1.06351171    1.12568475    1.35515764    1.29002764    0.74010606    0.69708174    0.73023093    0.75947876    0.70218422    0.74175246    0.75978964    0.59621783    1.16379765    1.07349154    1.27313234    0.77647666    0.58430648    0.78142817    0.80419295    0.58820717    0.58641363    0.58004677    0.77766077    0.42329413    0.43299274    0.45948196    0.44635708    0.00000000    0.51567405    0.46917759
A0A226ELD1_FOLCA/599-945     0.89672913    1.03377418    0.98329396    1.13479512    1.15792956    0.99980484    0.92041173    0.95337729    0.95800014    0.64992622    0.67635758    0.67466736    0.73477476    0.66992686    0.74601554    0.71450987    0.91487577    0.90785497    0.92994604    1.28543709    1.60422954    1.12874391    0.99327937    1.05239871    1.14114533    1.33830103    1.33665166    0.84177663    0.76096370    0.79941303    0.80450342    0.76562966    0.84463792    0.87594539    0.75821627    1.37120040    1.10632279    1.46727574    0.87133768    0.63925215    0.83429685    0.87038002    0.72193800    0.68141389    0.69209332    0.86466809    0.56735603    0.58903960    0.62427403    0.60761209    0.51567405    0.00000000    0.33092575
