12
A0A090IUR1_9BACI/2-91     0.00000000    0.76007255    0.78188111    0.92882729    0.69445331    0.74002317    0.74137304    0.80319283    0.67090584    0.61260681    0.60215766    0.98072019
A0A370GMD2_9BACI/1-90     0.76007255    0.00000000    0.62140775    0.53874547    0.80054131    0.75917548    0.66098901    0.68481367    0.70018255    0.63838886    0.62462987    0.89896436
A0A150LAB8_9BACI/1-91     0.78188111    0.62140775    0.00000000    0.53285603    0.76418958    0.74873761    0.73404731    0.81112220    0.76219490    0.69001948    0.65466064    0.83881759
A0A0Q3TJN0_9BACI/3-91     0.92882729    0.53874547    0.53285603    0.00000000    0.84027093    0.77201088    0.87166723    0.79292793    0.76564427    0.83201831    0.78249088    0.97702767
A0A398BHW3_9BACI/11-99     0.69445331    0.80054131    0.76418958    0.84027093    0.00000000    0.48093112    0.42748777    0.46716688    0.63196382    0.54866668    0.52384351    0.82782897
A0A372LDM0_9BACI/1-88     0.74002317    0.75917548    0.74873761    0.77201088    0.48093112    0.00000000    0.45085349    0.42539296    0.54426166    0.56245542    0.55290667    0.89484916
A0A0K9GV69_9BACI/2-90     0.74137304    0.66098901    0.73404731    0.87166723    0.42748777    0.45085349    0.00000000    0.33366007    0.61273641    0.53247442    0.52532132    0.86354644
A0A0M1NXE4_9BACI/7-96     0.80319283    0.68481367    0.81112220    0.79292793    0.46716688    0.42539296    0.33366007    0.00000000    0.65172840    0.57189830    0.57083296    0.99241741
I3E9Q2_BACMM/1-91     0.67090584    0.70018255    0.76219490    0.76564427    0.63196382    0.54426166    0.61273641    0.65172840    0.00000000    0.33377256    0.32016690    0.74329458
A0A2A8IB27_9BACI/1-87     0.61260681    0.63838886    0.69001948    0.83201831    0.54866668    0.56245542    0.53247442    0.57189830    0.33377256    0.00000000    0.23418879    0.77986315
A0A1Q9PTY9_9BACI/1-87     0.60215766    0.62462987    0.65466064    0.78249088    0.52384351    0.55290667    0.52532132    0.57083296    0.32016690    0.23418879    0.00000000    0.83430408
A0A0V8JLA5_9BACI/3-88     0.98072019    0.89896436    0.83881759    0.97702767    0.82782897    0.89484916    0.86354644    0.99241741    0.74329458    0.77986315    0.83430408    0.00000000

