37
A0A0D6S2W9_9PSED/5-59     0.00000000    0.23399969    0.42237258    0.66495846    0.57762036    0.66156693    1.81371899    1.78972718    1.69091748    1.35608624    1.76662078    1.74974567    1.39204321    1.35899850    1.15370865    1.29496707    1.33568856    1.39768128    1.16753493    0.65764235    0.86770506    0.76924225    0.78935976    0.72712670    0.37303823    0.52991230    0.44199375    0.56377865    0.40135114    0.27104962    0.27366436    0.40984855    0.42644602    0.36629602    0.36591048    0.34440461    0.34027973
A0A2T5PCN4_9PSED/5-59     0.23399969    0.00000000    0.58350977    0.57478252    0.65169019    0.76996771    1.78896112    1.87131289    1.68256665    1.43547355    1.70523511    1.87978689    1.49928181    1.32333183    1.33526471    1.38776298    1.26060416    1.46915564    1.10230300    0.71373345    0.84688262    0.80456498    0.81625558    0.78319309    0.38835889    0.55448191    0.45109211    0.61255432    0.48853395    0.34533671    0.37336417    0.49580215    0.46433042    0.39852298    0.31329530    0.37897614    0.30753846
N2ISZ7_9PSED/5-59     0.42237258    0.58350977    0.00000000    0.45023908    0.46958134    0.62671103    1.40324251    1.30351030    1.26693879    1.36391722    1.74564299    1.79059860    1.51377811    1.21371885    1.24360536    1.30320315    1.15912764    1.33621461    1.24288014    0.63251863    0.71038348    0.80821119    0.60495732    0.73748014    0.47004271    0.61234894    0.57756519    0.52667759    0.57260216    0.42035278    0.38812297    0.55801693    0.59131556    0.54817037    0.52332946    0.47885937    0.47257474
A0A0U4WSP1_9PSED/5-59     0.66495846    0.57478252    0.45023908    0.00000000    0.54659631    0.67207946    1.38514020    1.68018360    1.34644532    1.19738200    1.38095437    1.74323688    1.45020678    1.42765426    1.55083899    1.66881883    1.08662313    1.29577527    1.12353998    0.74581820    0.71998644    0.96503622    0.83253220    0.89090410    0.60334989    0.68574213    0.57704243    0.63372117    0.73187456    0.65441371    0.68106527    0.87843553    0.79728305    0.62947744    0.57158212    0.61902787    0.58253185
F6A925_PSEF1/6-60     0.57762036    0.65169019    0.46958134    0.54659631    0.00000000    0.61559027    1.65436210    1.75469136    1.59551436    1.43413785    1.78010698    1.90536080    1.66501731    1.27580695    1.38401702    1.37301499    1.22732728    1.34430141    1.23668043    0.69145855    0.78924530    0.85129644    0.60896179    0.93683841    0.56148445    0.79980627    0.71367208    0.61175785    0.56016198    0.53929935    0.56953351    0.73314364    0.59507320    0.60797593    0.50772972    0.53067647    0.54987552
A0A1H7SF00_9PSED/7-61     0.66156693    0.76996771    0.62671103    0.67207946    0.61559027    0.00000000    1.60309825    1.65298019    1.44485901    1.12511030    1.39616340    1.77156685    1.32456698    1.44794939    1.74253455    1.54912935    1.13682238    1.04090167    1.08352917    0.74278730    0.83835885    0.91889435    0.91589647    1.00149315    0.65715327    0.74357439    0.86798969    0.89322755    0.66733739    0.57974070    0.61471058    0.69515898    0.71251452    0.77092913    0.61960224    0.78588096    0.74514389
A0A1I3X4S2_9ALTE/5-59     1.81371899    1.78896112    1.40324251    1.38514020    1.65436210    1.60309825    0.00000000    0.33253720    0.37280111    1.72209244    1.54978564    1.75409937    1.27237116    1.48438206    1.21653218    1.41361559    1.50141516    1.54815722    1.39854052    1.27293140    1.43471762    1.81553862    1.59568671    1.36814568    1.77370073    1.75201042    1.23396960    1.52213074    1.84965551    1.72756494    1.59651211    1.54393485    1.58929496    1.80536493    1.78698825    1.63184493    1.79568155
A0A1I6K4K6_9ALTE/5-59     1.78972718    1.87131289    1.30351030    1.68018360    1.75469136    1.65298019    0.33253720    0.00000000    0.40948601    1.66911534    1.60488337    1.94576207    1.52182765    1.23467082    1.51180501    1.40510853    1.60163605    1.72901141    1.46030942    1.24045409    1.72531371    1.69824571    1.64171078    1.30854774    1.78930805    1.77777253    1.48840479    1.50702437    1.60395555    1.50631282    1.54984618    1.64349196    1.72012517    1.80975701    1.77630406    1.56108480    1.77466742
A0A1E7PXT4_9ALTE/5-59     1.69091748    1.68256665    1.26693879    1.34644532    1.59551436    1.44485901    0.37280111    0.40948601    0.00000000    1.93335084    1.71229661    1.90056594    1.59801402    1.61925076    1.65071038    1.50512482    1.59630248    1.95944700    1.64618379    1.27169586    1.54421660    1.59739866    1.95473436    1.32221933    1.68882222    1.61878041    1.58711175    1.17813083    1.57960760    1.55274595    1.43383279    1.54524068    1.31697659    1.56056758    1.52930931    1.40958465    1.62963735
Q2SJ64_HAHCH/6-61     1.35608624    1.43547355    1.36391722    1.19738200    1.43413785    1.12511030    1.72209244    1.66911534    1.93335084    0.00000000    0.67798724    0.96869962    0.85200773    1.80814706    1.48834569    1.74176806    1.57966775    1.65426028    1.31075557    1.34112443    1.17932828    1.78065167    1.40926775    1.18319046    1.80447631    1.52528421    1.31251597    1.44649834    1.53001128    1.40210647    1.38565160    1.38787331    1.34845756    1.84046619    1.35597067    1.55381454    1.73269310
A0A261GQ10_9GAMM/6-61     1.76662078    1.70523511    1.74564299    1.38095437    1.78010698    1.39616340    1.54978564    1.60488337    1.71229661    0.67798724    0.00000000    0.96529904    1.02927930    2.16132260    2.11407004    2.35278800    1.61150484    1.63465243    1.27424879    1.37176822    1.15256947    2.02193819    1.68655241    1.25115484    2.06576381    1.95642897    1.83232695    1.87122882    1.87217937    1.52752189    1.87916949    1.67025564    1.56451750    1.99154921    1.53580098    1.92919480    1.95484492
Q2S7Y6_HAHCH/6-60     1.74974567    1.87978689    1.79059860    1.74323688    1.90536080    1.77156685    1.75409937    1.94576207    1.90056594    0.96869962    0.96529904    0.00000000    0.67066328    2.11047031    1.99077989    2.14324526    2.12113928    1.43044684    1.34350441    1.87945530    1.74336192    2.04376830    1.75798847    1.47040444    2.20470107    1.78096490    1.77314300    1.90134274    1.92677211    1.77065096    1.91546453    1.81713004    1.68331770    1.75732239    1.64555088    2.07713440    1.87949770
Q2SD44_HAHCH/6-60     1.39204321    1.49928181    1.51377811    1.45020678    1.66501731    1.32456698    1.27237116    1.52182765    1.59801402    0.85200773    1.02927930    0.67066328    0.00000000    1.74297733    1.53124763    1.63083518    1.79799771    1.42710139    1.40203127    1.44538357    1.42140464    1.87965223    1.49246391    1.26617248    1.77845347    1.75156501    1.32909843    1.64707571    1.60790637    1.45098049    1.52446921    1.39511127    1.58495030    1.44760957    1.42517530    1.59199284    1.47091321
A0A3N2QGN3_9ALTE/3-57     1.35899850    1.32333183    1.21371885    1.42765426    1.27580695    1.44794939    1.48438206    1.23467082    1.61925076    1.80814706    2.16132260    2.11047031    1.74297733    0.00000000    0.88954985    0.92149841    1.54458296    1.39495962    1.18488875    1.28247750    1.72014534    1.19460217    1.13942799    1.39467411    1.42745640    1.37618349    1.48941191    1.11706634    1.32704411    1.21280682    1.30843489    1.23119736    1.36022955    1.45015945    1.38940892    1.37637744    1.33580193
A0A2K9LKY7_9GAMM/3-57     1.15370865    1.33526471    1.24360536    1.55083899    1.38401702    1.74253455    1.21653218    1.51180501    1.65071038    1.48834569    2.11407004    1.99077989    1.53124763    0.88954985    0.00000000    0.75003956    1.53607349    1.32850215    1.18341372    1.32770539    1.21185500    1.48189173    1.47661849    1.36615634    1.37673622    1.26753229    1.19457478    1.57161414    1.52505348    1.23036335    1.28452413    1.20242509    1.24221662    1.25536192    1.35942399    1.36263055    1.30195213
Q2S8S2_HAHCH/3-57     1.29496707    1.38776298    1.30320315    1.66881883    1.37301499    1.54912935    1.41361559    1.40510853    1.50512482    1.74176806    2.35278800    2.14324526    1.63083518    0.92149841    0.75003956    0.00000000    1.05472010    1.46053807    1.24562423    1.28173521    1.48644748    1.50165117    1.48221801    1.64597624    1.55613917    1.75441344    1.64049495    1.60931298    1.30480977    1.36637915    1.52224404    1.34467153    1.43151082    1.34883666    1.27317929    1.61538014    1.29684440
A0A166HDX9_9GAMM/4-58     1.33568856    1.26060416    1.15912764    1.08662313    1.22732728    1.13682238    1.50141516    1.60163605    1.59630248    1.57966775    1.61150484    2.12113928    1.79799771    1.54458296    1.53607349    1.05472010    0.00000000    1.09017110    1.03608159    1.05953519    1.38394315    1.70266710    1.67268261    1.24865183    1.37953448    1.52094827    1.33982299    1.27761493    1.36430370    1.06967009    1.27721895    1.18730321    1.05730420    1.21962069    1.00158448    1.33191156    1.14510078
A0A2N5WZ85_9GAMM/5-59     1.39768128    1.46915564    1.33621461    1.29577527    1.34430141    1.04090167    1.54815722    1.72901141    1.95944700    1.65426028    1.63465243    1.43044684    1.42710139    1.39495962    1.32850215    1.46053807    1.09017110    0.00000000    0.53719251    1.05286905    1.35860333    1.25152856    1.22650907    1.61286670    1.21532567    1.11366439    1.26109053    1.59574079    1.66706142    1.07480604    1.18493129    1.33645186    1.12165299    1.36857592    1.31631852    1.40412792    1.27021022
A0A162GZS8_9GAMM/5-59     1.16753493    1.10230300    1.24288014    1.12353998    1.23668043    1.08352917    1.39854052    1.46030942    1.64618379    1.31075557    1.27424879    1.34350441    1.40203127    1.18488875    1.18341372    1.24562423    1.03608159    0.53719251    0.00000000    1.03577703    1.25830016    1.27302852    1.15278702    1.46846721    1.13523833    1.11861589    1.15351745    1.33805043    1.36986521    1.04715898    1.17839751    1.10762259    1.00590596    1.11870068    1.07658703    1.18909234    1.17955287
G8Q1P6_PSEF3/5-59     0.65764235    0.71373345    0.63251863    0.74581820    0.69145855    0.74278730    1.27293140    1.24045409    1.27169586    1.34112443    1.37176822    1.87945530    1.44538357    1.28247750    1.32770539    1.28173521    1.05953519    1.05286905    1.03577703    0.00000000    0.57024766    0.57354601    0.74831615    0.97864494    0.59395124    1.00655474    0.80723502    0.91342303    0.68192462    0.51270926    0.63593012    0.56434528    0.58523479    0.68608024    0.61626220    0.73277009    0.74721777
I4N2H4_9PSED/5-59     0.86770506    0.84688262    0.71038348    0.71998644    0.78924530    0.83835885    1.43471762    1.72531371    1.54421660    1.17932828    1.15256947    1.74336192    1.42140464    1.72014534    1.21185500    1.48644748    1.38394315    1.35860333    1.25830016    0.57024766    0.00000000    0.62964943    0.68867955    0.83939121    0.89090786    0.95535519    0.87285081    1.09535673    0.89817345    0.81148266    0.77248367    0.76935104    0.69284826    0.91496833    0.77420298    0.71742355    1.01520071
A0A285N8I2_9PSED/5-59     0.76924225    0.80456498    0.80821119    0.96503622    0.85129644    0.91889435    1.81553862    1.69824571    1.59739866    1.78065167    2.02193819    2.04376830    1.87965223    1.19460217    1.48189173    1.50165117    1.70266710    1.25152856    1.27302852    0.57354601    0.62964943    0.00000000    0.57788830    1.25333419    0.79825630    0.89362949    0.97718982    0.80948829    0.69385602    0.64178483    0.71905201    0.86988893    0.85118907    0.85637298    0.85150418    0.58204502    0.86898173
A0A089ZQ49_9PSED/5-59     0.78935976    0.81625558    0.60495732    0.83253220    0.60896179    0.91589647    1.59568671    1.64171078    1.95473436    1.40926775    1.68655241    1.75798847    1.49246391    1.13942799    1.47661849    1.48221801    1.67268261    1.22650907    1.15278702    0.74831615    0.68867955    0.57788830    0.00000000    1.04959452    0.82291841    0.85185257    0.94019813    0.75637172    0.71415635    0.71010205    0.69971839    0.85425253    0.84292966    0.69705994    0.82497323    0.71124370    0.64595184
A0A1H7K8L7_9PSED/5-59     0.72712670    0.78319309    0.73748014    0.89090410    0.93683841    1.00149315    1.36814568    1.30854774    1.32221933    1.18319046    1.25115484    1.47040444    1.26617248    1.39467411    1.36615634    1.64597624    1.24865183    1.61286670    1.46846721    0.97864494    0.83939121    1.25333419    1.04959452    0.00000000    0.87510397    0.91336120    0.71109769    1.05221573    0.95074176    0.78485368    0.70972267    0.71961418    0.71792253    0.77981554    0.75619224    0.84279259    0.84309503
A0A1Y0KRA7_9PSED/5-59     0.37303823    0.38835889    0.47004271    0.60334989    0.56148445    0.65715327    1.77370073    1.78930805    1.68882222    1.80447631    2.06576381    2.20470107    1.77845347    1.42745640    1.37673622    1.55613917    1.37953448    1.21532567    1.13523833    0.59395124    0.89090786    0.79825630    0.82291841    0.87510397    0.00000000    0.51300572    0.51205660    0.69131035    0.52233674    0.38938913    0.41259821    0.52598314    0.51354644    0.46206382    0.39762136    0.45451152    0.39051398
A0A1H1UM10_9PSED/5-59     0.52991230    0.55448191    0.61234894    0.68574213    0.79980627    0.74357439    1.75201042    1.77777253    1.61878041    1.52528421    1.95642897    1.78096490    1.75156501    1.37618349    1.26753229    1.75441344    1.52094827    1.11366439    1.11861589    1.00655474    0.95535519    0.89362949    0.85185257    0.91336120    0.51300572    0.00000000    0.64179514    0.70060523    0.73310312    0.56826718    0.44996513    0.67072539    0.62356446    0.61672542    0.67947629    0.48106823    0.52937729
A4XSY3_PSEMY/5-59     0.44199375    0.45109211    0.57756519    0.57704243    0.71367208    0.86798969    1.23396960    1.48840479    1.58711175    1.31251597    1.83232695    1.77314300    1.32909843    1.48941191    1.19457478    1.64049495    1.33982299    1.26109053    1.15351745    0.80723502    0.87285081    0.97718982    0.94019813    0.71109769    0.51205660    0.64179514    0.00000000    0.57433847    0.61349113    0.54324418    0.46811105    0.52586696    0.62857602    0.53541411    0.51249403    0.51706900    0.62242792
A0A1H3CCF3_9PSED/5-59     0.56377865    0.61255432    0.52667759    0.63372117    0.61175785    0.89322755    1.52213074    1.50702437    1.17813083    1.44649834    1.87122882    1.90134274    1.64707571    1.11706634    1.57161414    1.60931298    1.27761493    1.59574079    1.33805043    0.91342303    1.09535673    0.80948829    0.75637172    1.05221573    0.69131035    0.70060523    0.57433847    0.00000000    0.59196712    0.55738054    0.49675243    0.76329787    0.69753434    0.59659058    0.63831658    0.47028560    0.61184085
A0A1H2GAR6_9PSED/5-59     0.40135114    0.48853395    0.57260216    0.73187456    0.56016198    0.66733739    1.84965551    1.60395555    1.57960760    1.53001128    1.87217937    1.92677211    1.60790637    1.32704411    1.52505348    1.30480977    1.36430370    1.66706142    1.36986521    0.68192462    0.89817345    0.69385602    0.71415635    0.95074176    0.52233674    0.73310312    0.61349113    0.59196712    0.00000000    0.33030951    0.46891102    0.57057543    0.63563651    0.40713617    0.47339916    0.51627610    0.39887105
Q9HYF5_PSEAE/5-59     0.27104962    0.34533671    0.42035278    0.65441371    0.53929935    0.57974070    1.72756494    1.50631282    1.55274595    1.40210647    1.52752189    1.77065096    1.45098049    1.21280682    1.23036335    1.36637915    1.06967009    1.07480604    1.04715898    0.51270926    0.81148266    0.64178483    0.71010205    0.78485368    0.38938913    0.56826718    0.54324418    0.55738054    0.33030951    0.00000000    0.27432307    0.44589963    0.40694488    0.40177360    0.30880497    0.44672972    0.31483341
A0A024HLK1_PSEKB/5-59     0.27366436    0.37336417    0.38812297    0.68106527    0.56953351    0.61471058    1.59651211    1.54984618    1.43383279    1.38565160    1.87916949    1.91546453    1.52446921    1.30843489    1.28452413    1.52224404    1.27721895    1.18493129    1.17839751    0.63593012    0.77248367    0.71905201    0.69971839    0.70972267    0.41259821    0.44996513    0.46811105    0.49675243    0.46891102    0.27432307    0.00000000    0.38306841    0.25402036    0.34699795    0.37584646    0.31034695    0.33816574
A0A2I0CTP1_9PSED/5-59     0.40984855    0.49580215    0.55801693    0.87843553    0.73314364    0.69515898    1.54393485    1.64349196    1.54524068    1.38787331    1.67025564    1.81713004    1.39511127    1.23119736    1.20242509    1.34467153    1.18730321    1.33645186    1.10762259    0.56434528    0.76935104    0.86988893    0.85425253    0.71961418    0.52598314    0.67072539    0.52586696    0.76329787    0.57057543    0.44589963    0.38306841    0.00000000    0.40746376    0.42507933    0.40930801    0.55393449    0.53059022
A0A1H0AQJ2_9PSED/5-59     0.42644602    0.46433042    0.59131556    0.79728305    0.59507320    0.71251452    1.58929496    1.72012517    1.31697659    1.34845756    1.56451750    1.68331770    1.58495030    1.36022955    1.24221662    1.43151082    1.05730420    1.12165299    1.00590596    0.58523479    0.69284826    0.85118907    0.84292966    0.71792253    0.51354644    0.62356446    0.62857602    0.69753434    0.63563651    0.40694488    0.25402036    0.40746376    0.00000000    0.48360755    0.45550760    0.37067236    0.43839757
S6ASL2_PSERE/5-59     0.36629602    0.39852298    0.54817037    0.62947744    0.60797593    0.77092913    1.80536493    1.80975701    1.56056758    1.84046619    1.99154921    1.75732239    1.44760957    1.45015945    1.25536192    1.34883666    1.21962069    1.36857592    1.11870068    0.68608024    0.91496833    0.85637298    0.69705994    0.77981554    0.46206382    0.61672542    0.53541411    0.59659058    0.40713617    0.40177360    0.34699795    0.42507933    0.48360755    0.00000000    0.29786822    0.42094258    0.32006926
A0A2A2IYQ8_9PSED/5-59     0.36591048    0.31329530    0.52332946    0.57158212    0.50772972    0.61960224    1.78698825    1.77630406    1.52930931    1.35597067    1.53580098    1.64555088    1.42517530    1.38940892    1.35942399    1.27317929    1.00158448    1.31631852    1.07658703    0.61626220    0.77420298    0.85150418    0.82497323    0.75619224    0.39762136    0.67947629    0.51249403    0.63831658    0.47339916    0.30880497    0.37584646    0.40930801    0.45550760    0.29786822    0.00000000    0.49547423    0.34188293
A0A0T6UQM9_9PSED/5-59     0.34440461    0.37897614    0.47885937    0.61902787    0.53067647    0.78588096    1.63184493    1.56108480    1.40958465    1.55381454    1.92919480    2.07713440    1.59199284    1.37637744    1.36263055    1.61538014    1.33191156    1.40412792    1.18909234    0.73277009    0.71742355    0.58204502    0.71124370    0.84279259    0.45451152    0.48106823    0.51706900    0.47028560    0.51627610    0.44672972    0.31034695    0.55393449    0.37067236    0.42094258    0.49547423    0.00000000    0.30974445
A0A385Z4D1_9PSED/5-59     0.34027973    0.30753846    0.47257474    0.58253185    0.54987552    0.74514389    1.79568155    1.77466742    1.62963735    1.73269310    1.95484492    1.87949770    1.47091321    1.33580193    1.30195213    1.29684440    1.14510078    1.27021022    1.17955287    0.74721777    1.01520071    0.86898173    0.64595184    0.84309503    0.39051398    0.52937729    0.62242792    0.61184085    0.39887105    0.31483341    0.33816574    0.53059022    0.43839757    0.32006926    0.34188293    0.30974445    0.00000000

