48
V4Y8T4_9ARCH/5-132     0.00000000    0.41544638    0.48328202    0.47629112    0.44225676    0.45497507    0.43953634    0.48116206    0.53949151    0.49368019    0.49637163    0.56481520    0.55074227    0.82377400    0.75873878    0.65320143    0.70923171    0.73337865    0.65341940    0.65022946    0.82041063    0.73179482    0.71464620    0.82631143    0.75672685    0.99089042    0.71987030    0.85739920    0.79398914    0.86705528    0.80283841    0.91890961    0.87672715    0.86333482    0.86463101    0.90688965    0.91220681    1.03888003    1.01233784    0.87645425    0.93208295    0.92693545    0.92821687    0.53122063    0.53035394    0.67083181    0.49849004    0.46137777
Q18F31_HALWD/5-132     0.41544638    0.00000000    0.37222656    0.46233135    0.38586828    0.37338081    0.49535840    0.42866270    0.50058625    0.40152030    0.40724479    0.43696792    0.53309894    0.79259946    0.75193212    0.63513415    0.76218840    0.72211432    0.72436755    0.74856049    0.76955536    0.72679610    0.79635216    0.76915996    0.84006601    0.96201957    0.61746620    0.75038539    0.78037967    0.89409535    0.79031825    0.88090295    0.87775886    0.90749972    0.77647900    0.82927314    0.86059289    1.07389469    0.97884919    0.89018209    0.82760297    0.94037766    0.90260590    0.47473935    0.48577604    0.57721078    0.46497066    0.47938785
E4NNH4_HALBP/5-132     0.48328202    0.37222656    0.00000000    0.35394461    0.28130590    0.29579729    0.35125594    0.42151035    0.42832447    0.30041887    0.33069477    0.42707199    0.35674693    0.65797210    0.57517095    0.58568940    0.62648420    0.67223407    0.68657854    0.72234707    0.63796153    0.60548297    0.60743709    0.72367924    0.69330555    0.81463469    0.53854039    0.66885140    0.63564124    0.74629174    0.68418245    0.82004820    0.70999919    0.82509154    0.73156324    0.69056501    0.81649222    0.96912616    0.85363843    0.71047067    0.77570778    0.86788729    0.76720524    0.35804150    0.41839293    0.46811216    0.38293904    0.39360628
U1Q0T7_9EURY/19-146     0.47629112    0.46233135    0.35394461    0.00000000    0.40387494    0.36893224    0.41717277    0.40213394    0.50437257    0.46148396    0.42741448    0.44040649    0.41382482    0.66462983    0.64582117    0.63973356    0.66579958    0.66184950    0.60249212    0.64025327    0.68520414    0.69052876    0.64749539    0.80469119    0.75965621    0.89458775    0.60520214    0.84947635    0.78427098    0.84078088    0.85916666    0.79249136    0.81328834    0.95112676    0.83007906    0.80917321    0.84353884    1.01294337    0.90840455    0.77499064    0.85935710    0.86930070    0.81144887    0.45832503    0.46945939    0.50975991    0.45128224    0.43795603
A0A1H5V7F3_9EURY/5-132     0.44225676    0.38586828    0.28130590    0.40387494    0.00000000    0.24079258    0.31954310    0.43450484    0.42422059    0.38454384    0.36929478    0.43145231    0.44379347    0.71998766    0.62367848    0.52237753    0.66340396    0.62574862    0.69656602    0.65490938    0.62216175    0.59261296    0.58123031    0.74557878    0.75015486    0.87580389    0.54255976    0.69535184    0.62591799    0.71928716    0.79707131    0.71445181    0.63269370    0.74766222    0.68196612    0.70983677    0.88153383    1.00851196    0.83486743    0.73705325    0.75434126    0.94532020    0.71985209    0.39612805    0.47142638    0.52225968    0.51919935    0.46388818
A0A498G5T5_9EURY/5-132     0.45497507    0.37338081    0.29579729    0.36893224    0.24079258    0.00000000    0.31652725    0.37109737    0.45419455    0.35840393    0.39883432    0.42536016    0.44160944    0.73849438    0.62034608    0.55752050    0.62155662    0.62075258    0.68454167    0.65774660    0.60131575    0.59426395    0.59183836    0.76669625    0.70417413    0.88501956    0.51053987    0.75698604    0.64470649    0.76177772    0.76451198    0.76322135    0.76588142    0.79727725    0.77768496    0.77344360    0.91857764    1.02723406    0.81770978    0.71062300    0.70115153    0.97636690    0.67840079    0.40855398    0.44480153    0.47451998    0.45364296    0.40598526
A0A343TJP9_9EURY/5-132     0.43953634    0.49535840    0.35125594    0.41717277    0.31954310    0.31652725    0.00000000    0.31978023    0.43576097    0.37910294    0.44394676    0.41510219    0.42300769    0.68759551    0.60000087    0.49916460    0.56631362    0.55652914    0.58078699    0.57408764    0.58396707    0.64321187    0.56220347    0.78127612    0.78237232    0.93690553    0.55789985    0.73747388    0.71066344    0.80188521    0.75948991    0.75017306    0.69315313    0.74603300    0.75749660    0.66769296    0.93199182    0.92107693    0.89358896    0.82266445    0.89168659    1.02718904    0.78759829    0.40824507    0.40247054    0.54462062    0.45541757    0.38099320
A0A1M5MAN8_9EURY/5-132     0.48116206    0.42866270    0.42151035    0.40213394    0.43450484    0.37109737    0.31978023    0.00000000    0.42440055    0.39713200    0.40452392    0.41775601    0.41919769    0.74426311    0.57665206    0.52045625    0.60034904    0.49669871    0.53643175    0.64000694    0.57307571    0.68912580    0.62543447    0.80293935    0.76504962    0.91247945    0.50885712    0.77804711    0.71150797    0.73977578    0.74705908    0.77581766    0.82132950    0.84468957    0.77912128    0.73709930    0.83577160    1.05825939    0.88324928    0.86128634    0.81684696    0.87052450    0.89708716    0.30661594    0.40483307    0.47690448    0.41375661    0.43184046
A0A1H6K365_9EURY/5-132     0.53949151    0.50058625    0.42832447    0.50437257    0.42422059    0.45419455    0.43576097    0.42440055    0.00000000    0.40054239    0.42985183    0.45124285    0.45023513    0.69915670    0.64302721    0.61277447    0.61269627    0.56754985    0.62975615    0.68746379    0.57303772    0.67412409    0.61711521    0.85746403    0.87703406    0.88376764    0.57374061    0.77615510    0.83093828    0.86255010    0.81738374    0.77582462    0.73294966    0.86806706    0.87976122    0.77788777    0.78304930    1.04864557    0.91546689    0.81615785    0.87307182    0.83535494    0.78626500    0.45141016    0.46979422    0.54578479    0.45680652    0.51724974
G2MGR3_9EURY/5-132     0.49368019    0.40152030    0.30041887    0.46148396    0.38454384    0.35840393    0.37910294    0.39713200    0.40054239    0.00000000    0.37456423    0.44762349    0.47463674    0.72624187    0.63229796    0.61915963    0.64281603    0.63856546    0.72251454    0.72251452    0.69979604    0.61818508    0.66725127    0.77480873    0.68260017    0.80202900    0.62006945    0.70960820    0.69179386    0.74713271    0.75627188    0.82303464    0.86680057    0.94481813    0.77028974    0.84018462    0.84340207    1.03443103    0.86087423    0.82583119    0.84871210    0.94116280    0.82817919    0.40424458    0.44958000    0.50524409    0.43686109    0.44764103
A0A2I8VPP5_9EURY/5-132     0.49637163    0.40724479    0.33069477    0.42741448    0.36929478    0.39883432    0.44394676    0.40452392    0.42985183    0.37456423    0.00000000    0.36217123    0.34062918    0.72506663    0.77517326    0.66440329    0.72556590    0.67449818    0.75543566    0.70856687    0.68872577    0.65171855    0.63845278    0.70212234    0.71976392    0.91168956    0.60575644    0.67338352    0.66296103    0.68992145    0.79804004    0.72267248    0.78861541    0.93352168    0.72541601    0.76976435    0.80985961    1.01793893    0.88481986    0.76262791    0.78009901    0.87202444    0.83980237    0.43847339    0.44320717    0.42540487    0.45775288    0.43060881
A0A1H6TFW1_9EURY/5-130     0.56481520    0.43696792    0.42707199    0.44040649    0.43145231    0.42536016    0.41510219    0.41775601    0.45124285    0.44762349    0.36217123    0.00000000    0.32897933    0.60784879    0.59033575    0.55726104    0.62552883    0.59505331    0.61539457    0.52321438    0.53903793    0.52354317    0.47930405    0.62755348    0.71907225    0.86524125    0.45742475    0.60196149    0.63805875    0.61293960    0.66953879    0.61868327    0.60561209    0.79999438    0.64865937    0.66393001    0.82344982    0.92909677    0.87413745    0.81912476    0.75523181    0.80479132    0.83660145    0.46123682    0.33409950    0.41371293    0.43039460    0.41317005
A0A0W1R8H4_9EURY/5-130     0.55074227    0.53309894    0.35674693    0.41382482    0.44379347    0.44160944    0.42300769    0.41919769    0.45023513    0.47463674    0.34062918    0.32897933    0.00000000    0.51956157    0.48435357    0.49081792    0.56313036    0.54338007    0.49552314    0.53105261    0.53734278    0.51870675    0.46456479    0.63952390    0.70981064    0.84555098    0.44305572    0.66123288    0.71637606    0.69953448    0.70129154    0.61965039    0.64022060    0.75885051    0.65050902    0.60823894    0.86284900    1.05993168    0.92730205    0.75000518    0.79970327    0.87891635    0.82622123    0.37184019    0.32530046    0.36274903    0.49141570    0.45776785
Q5V1I4_HALMA/7-134     0.82377400    0.79259946    0.65797210    0.66462983    0.71998766    0.73849438    0.68759551    0.74426311    0.69915670    0.72624187    0.72506663    0.60784879    0.51956157    0.00000000    0.39691861    0.35389415    0.43473605    0.42507543    0.36157675    0.30597518    0.39541352    0.55995984    0.37110647    0.49311189    0.61883843    0.52911352    0.36200020    0.60324062    0.60461376    0.64522089    0.62533420    0.54942829    0.53666830    0.69132427    0.48530609    0.52887294    0.80187192    1.02340084    0.80006591    0.71104340    0.78730762    0.83557884    0.69945269    0.62912880    0.63163777    0.57823097    0.67237361    0.76444020
A0A1G9X432_9EURY/5-132     0.75873878    0.75193212    0.57517095    0.64582117    0.62367848    0.62034608    0.60000087    0.57665206    0.64302721    0.63229796    0.77517326    0.59033575    0.48435357    0.39691861    0.00000000    0.27915088    0.33853649    0.33063712    0.29024568    0.29376358    0.34259579    0.49854515    0.33882227    0.63644694    0.65255794    0.63493685    0.32087089    0.72649923    0.63260924    0.74649575    0.55742828    0.46888819    0.51464427    0.56935922    0.51717699    0.56835096    0.90754849    1.29520905    0.72609293    0.67430763    0.67538512    0.81828637    0.68316804    0.45575018    0.60855839    0.58529116    0.55563746    0.67392481
C7P3J4_HALMD/6-133     0.65320143    0.63513415    0.58568940    0.63973356    0.52237753    0.55752050    0.49916460    0.52045625    0.61277447    0.61915963    0.66440329    0.55726104    0.49081792    0.35389415    0.27915088    0.00000000    0.30550116    0.28372132    0.30646499    0.28441857    0.29893111    0.43863818    0.35678520    0.51304316    0.60533197    0.70963145    0.36048969    0.57517166    0.49102283    0.57614420    0.53703818    0.51713342    0.48440247    0.53909986    0.43346640    0.42128621    0.90201090    1.12502770    0.78703369    0.73462558    0.66420563    0.73134242    0.76172957    0.44555204    0.56950030    0.58111045    0.54124986    0.66240686
A0A1I6KR78_9EURY/16-143     0.70923171    0.76218840    0.62648420    0.66579958    0.66340396    0.62155662    0.56631362    0.60034904    0.61269627    0.64281603    0.72556590    0.62552883    0.56313036    0.43473605    0.33853649    0.30550116    0.00000000    0.30399320    0.35305958    0.46193770    0.46411886    0.50500792    0.45174529    0.63259126    0.72397182    0.76239009    0.49312908    0.64415298    0.57348424    0.60554961    0.48117992    0.57541361    0.57106435    0.60188398    0.57867677    0.61064287    0.85753498    1.12783691    0.87999122    0.81424932    0.77298507    0.81637038    0.82491425    0.46576013    0.56318734    0.68157445    0.53572512    0.66400312
L0IDA1_HALRX/5-132     0.73337865    0.72211432    0.67223407    0.66184950    0.62574862    0.62075258    0.55652914    0.49669871    0.56754985    0.63856546    0.67449818    0.59505331    0.54338007    0.42507543    0.33063712    0.28372132    0.30399320    0.00000000    0.27664840    0.36402945    0.31675923    0.47809221    0.39664318    0.71969928    0.71972708    0.73493267    0.43223303    0.62760429    0.62421639    0.66566922    0.52407907    0.49483550    0.57109614    0.69582245    0.50275937    0.54702099    0.78630920    1.10115966    0.84340812    0.75924932    0.70747342    0.74911538    0.71373642    0.48075045    0.58856094    0.58010924    0.60238458    0.69229253
A0A063ZUL1_9EURY/5-132     0.65341940    0.72436755    0.68657854    0.60249212    0.69656602    0.68454167    0.58078699    0.53643175    0.62975615    0.72251454    0.75543566    0.61539457    0.49552314    0.36157675    0.29024568    0.30646499    0.35305958    0.27664840    0.00000000    0.27333604    0.35723261    0.52703362    0.40829572    0.55363895    0.64993356    0.65794071    0.31522136    0.67909868    0.66132515    0.73625141    0.60008484    0.56740812    0.57995624    0.68692708    0.52067547    0.47846174    0.84363977    1.16355239    0.86516892    0.67992225    0.73646719    0.76137209    0.77725482    0.54815701    0.60759397    0.67150131    0.60685008    0.73709107
A0A285NCB2_9EURY/5-132     0.65022946    0.74856049    0.72234707    0.64025327    0.65490938    0.65774660    0.57408764    0.64000694    0.68746379    0.72251452    0.70856687    0.52321438    0.53105261    0.30597518    0.29376358    0.28441857    0.46193770    0.36402945    0.27333604    0.00000000    0.36262477    0.49176190    0.32758840    0.52607206    0.65433858    0.66269849    0.35625120    0.62620516    0.61198198    0.65365233    0.61898618    0.50037661    0.52270904    0.69969922    0.50967675    0.52854088    0.87123665    1.10460155    0.76591621    0.67884580    0.66631981    0.70308425    0.67947659    0.52372081    0.61768197    0.55222361    0.58466965    0.71707873
A0A1N7B5Z5_9EURY/5-132     0.82041063    0.76955536    0.63796153    0.68520414    0.62216175    0.60131575    0.58396707    0.57307571    0.57303772    0.69979604    0.68872577    0.53903793    0.53734278    0.39541352    0.34259579    0.29893111    0.46411886    0.31675923    0.35723261    0.36262477    0.00000000    0.46188424    0.25969908    0.50954226    0.56740738    0.70840674    0.25120085    0.57493755    0.52107859    0.59136750    0.59069248    0.46261515    0.55511822    0.63631769    0.45542577    0.49134484    0.85412986    1.24799636    0.80546301    0.74531476    0.71985013    0.79795834    0.73640235    0.52352330    0.66720702    0.58124809    0.57645007    0.69364019
R4W5Q5_9EURY/5-133     0.73179482    0.72679610    0.60548297    0.69052876    0.59261296    0.59426395    0.64321187    0.68912580    0.67412409    0.61818508    0.65171855    0.52354317    0.51870675    0.55995984    0.49854515    0.43863818    0.50500792    0.47809221    0.52703362    0.49176190    0.46188424    0.00000000    0.44429720    0.61451883    0.62023007    0.75237022    0.44665491    0.65896187    0.54099455    0.62297109    0.56963370    0.56512722    0.62190384    0.71804497    0.64935902    0.65002603    0.88664399    1.04481810    0.85112867    0.85507374    0.84242422    0.94422961    0.89447119    0.57894496    0.60597786    0.67006513    0.59510992    0.56755157
D8JA94_HALJB/5-132     0.71464620    0.79635216    0.60743709    0.64749539    0.58123031    0.59183836    0.56220347    0.62543447    0.61711521    0.66725127    0.63845278    0.47930405    0.46456479    0.37110647    0.33882227    0.35678520    0.45174529    0.39664318    0.40829572    0.32758840    0.25969908    0.44429720    0.00000000    0.44839556    0.61463963    0.73467924    0.32359174    0.59198870    0.55295031    0.56614088    0.58469160    0.48386320    0.45418683    0.57573299    0.41368767    0.50831294    0.87001910    1.07325617    0.82107476    0.74497989    0.66686937    0.79207911    0.70184957    0.51942673    0.58501842    0.60659320    0.65657582    0.59140391
U1PGW8_9EURY/6-133     0.82631143    0.76915996    0.72367924    0.80469119    0.74557878    0.76669625    0.78127612    0.80293935    0.85746403    0.77480873    0.70212234    0.62755348    0.63952390    0.49311189    0.63644694    0.51304316    0.63259126    0.71969928    0.55363895    0.52607206    0.50954226    0.61451883    0.44839556    0.00000000    0.43828561    0.50695276    0.44693296    0.66439466    0.73500725    0.74765309    0.76747729    0.72484769    0.61566309    0.67586744    0.57965612    0.56607807    1.05476545    1.13462300    0.88165425    0.75581152    0.74592982    0.85497885    0.85235964    0.75820916    0.82518360    0.68550473    0.77011254    0.78528671
A0A1G8YS60_9EURY/5-132     0.75672685    0.84006601    0.69330555    0.75965621    0.75015486    0.70417413    0.78237232    0.76504962    0.87703406    0.68260017    0.71976392    0.71907225    0.70981064    0.61883843    0.65255794    0.60533197    0.72397182    0.71972708    0.64993356    0.65433858    0.56740738    0.62023007    0.61463963    0.43828561    0.00000000    0.48235878    0.52927170    0.72848522    0.65392537    0.72348818    0.68572171    0.80164439    0.77174295    0.74061979    0.66095549    0.67239380    1.02933140    1.17969701    0.89089733    0.79016632    0.78132762    0.87115558    0.94947289    0.74103773    0.73081911    0.79859669    0.64428937    0.61776649
U1MWV3_9EURY/5-132     0.99089042    0.96201957    0.81463469    0.89458775    0.87580389    0.88501956    0.93690553    0.91247945    0.88376764    0.80202900    0.91168956    0.86524125    0.84555098    0.52911352    0.63493685    0.70963145    0.76239009    0.73493267    0.65794071    0.66269849    0.70840674    0.75237022    0.73467924    0.50695276    0.48235878    0.00000000    0.59216737    0.80908014    0.69999280    0.83626673    0.78135767    0.85252219    0.73439794    0.72859770    0.72664336    0.72082967    0.94416025    1.05477524    0.88273648    0.88112071    0.92499284    0.99452133    0.95513624    0.82259454    0.84199000    0.72200155    0.85671596    0.79809146
A0A365TAF4_9EURY/5-132     0.71987030    0.61746620    0.53854039    0.60520214    0.54255976    0.51053987    0.55789985    0.50885712    0.57374061    0.62006945    0.60575644    0.45742475    0.44305572    0.36200020    0.32087089    0.36048969    0.49312908    0.43223303    0.31522136    0.35625120    0.25120085    0.44665491    0.32359174    0.44693296    0.52927170    0.59216737    0.00000000    0.55516374    0.57914265    0.65489774    0.52898963    0.48530282    0.48499571    0.61618263    0.46829701    0.39151757    0.82832758    1.07748643    0.67966729    0.55766157    0.59097148    0.70689471    0.66513398    0.52537003    0.51620633    0.47011230    0.52395059    0.63237842
A0A4D6HHH6_9EURY/6-132     0.85739920    0.75038539    0.66885140    0.84947635    0.69535184    0.75698604    0.73747388    0.77804711    0.77615510    0.70960820    0.67338352    0.60196149    0.66123288    0.60324062    0.72649923    0.57517166    0.64415298    0.62760429    0.67909868    0.62620516    0.57493755    0.65896187    0.59198870    0.66439466    0.72848522    0.80908014    0.55516374    0.00000000    0.46477868    0.39509828    0.54775914    0.54835289    0.54604861    0.56433086    0.46480200    0.49572031    0.78073273    0.92912823    0.79870155    0.72421295    0.71578352    0.78013918    0.74407314    0.66341783    0.67184390    0.65408404    0.78312912    0.66974973
M0CQF2_9EURY/7-134     0.79398914    0.78037967    0.63564124    0.78427098    0.62591799    0.64470649    0.71066344    0.71150797    0.83093828    0.69179386    0.66296103    0.63805875    0.71637606    0.60461376    0.63260924    0.49102283    0.57348424    0.62421639    0.66132515    0.61198198    0.52107859    0.54099455    0.55295031    0.73500725    0.65392537    0.69999280    0.57914265    0.46477868    0.00000000    0.31093493    0.47187775    0.36272639    0.50545863    0.57900812    0.47129509    0.56483005    0.76188408    0.92836836    0.65029522    0.73270669    0.64924206    0.79762327    0.68830788    0.57602862    0.71966385    0.73042292    0.67797774    0.66828521
A0A1Q1FLD8_9EURY/7-134     0.86705528    0.89409535    0.74629174    0.84078088    0.71928716    0.76177772    0.80188521    0.73977578    0.86255010    0.74713271    0.68992145    0.61293960    0.69953448    0.64522089    0.74649575    0.57614420    0.60554961    0.66566922    0.73625141    0.65365233    0.59136750    0.62297109    0.56614088    0.74765309    0.72348818    0.83626673    0.65489774    0.39509828    0.31093493    0.00000000    0.52024393    0.56440642    0.55505142    0.63759211    0.45730617    0.63907636    0.91175983    0.94602239    0.77399475    0.82665597    0.73258703    0.79623132    0.83736622    0.63319595    0.73756110    0.75561672    0.75938217    0.76500623
A0A3M9VT10_9EURY/5-132     0.80283841    0.79031825    0.68418245    0.85916666    0.79707131    0.76451198    0.75948991    0.74705908    0.81738374    0.75627188    0.79804004    0.66953879    0.70129154    0.62533420    0.55742828    0.53703818    0.48117992    0.52407907    0.60008484    0.61898618    0.59069248    0.56963370    0.58469160    0.76747729    0.68572171    0.78135767    0.52898963    0.54775914    0.47187775    0.52024393    0.00000000    0.44403581    0.54717283    0.61249119    0.48138962    0.53781509    0.81301413    0.99883993    0.66816702    0.71876506    0.71927978    0.74520738    0.76169355    0.55594387    0.56178400    0.73686295    0.67390593    0.76254648
M1Y222_NATM8/5-132     0.91890961    0.88090295    0.82004820    0.79249136    0.71445181    0.76322135    0.75017306    0.77581766    0.77582462    0.82303464    0.72267248    0.61868327    0.61965039    0.54942829    0.46888819    0.51713342    0.57541361    0.49483550    0.56740812    0.50037661    0.46261515    0.56512722    0.48386320    0.72484769    0.80164439    0.85252219    0.48530282    0.54835289    0.36272639    0.56440642    0.44403581    0.00000000    0.50726996    0.66260714    0.50906375    0.59631838    0.79577209    1.17281170    0.68616428    0.73641289    0.74234136    0.80483449    0.69112258    0.63314210    0.80756566    0.67557625    0.73360136    0.82156677
M0M7L4_HALMO/5-130     0.87672715    0.87775886    0.70999919    0.81328834    0.63269370    0.76588142    0.69315313    0.82132950    0.73294966    0.86680057    0.78861541    0.60561209    0.64022060    0.53666830    0.51464427    0.48440247    0.57106435    0.57109614    0.57995624    0.52270904    0.55511822    0.62190384    0.45418683    0.61566309    0.77174295    0.73439794    0.48499571    0.54604861    0.50545863    0.55505142    0.54717283    0.50726996    0.00000000    0.42380392    0.29048506    0.33531854    0.93500741    1.02473824    0.67447822    0.61443655    0.58429946    0.77330823    0.65860597    0.65010204    0.74049894    0.66386899    0.77294033    0.83419843
F7PIF7_9EURY/5-130     0.86333482    0.90749972    0.82509154    0.95112676    0.74766222    0.79727725    0.74603300    0.84468957    0.86806706    0.94481813    0.93352168    0.79999438    0.75885051    0.69132427    0.56935922    0.53909986    0.60188398    0.69582245    0.68692708    0.69969922    0.63631769    0.71804497    0.57573299    0.67586744    0.74061979    0.72859770    0.61618263    0.56433086    0.57900812    0.63759211    0.61249119    0.66260714    0.42380392    0.00000000    0.46271444    0.53068684    0.89666752    1.08817143    0.85651554    0.78761747    0.73480136    0.92439437    0.84802568    0.72592156    0.73436575    0.85044845    0.77970504    0.87236912
M0MI54_9EURY/5-130     0.86463101    0.77647900    0.73156324    0.83007906    0.68196612    0.77768496    0.75749660    0.77912128    0.87976122    0.77028974    0.72541601    0.64865937    0.65050902    0.48530609    0.51717699    0.43346640    0.57867677    0.50275937    0.52067547    0.50967675    0.45542577    0.64935902    0.41368767    0.57965612    0.66095549    0.72664336    0.46829701    0.46480200    0.47129509    0.45730617    0.48138962    0.50906375    0.29048506    0.46271444    0.00000000    0.28799006    0.86383501    1.00121087    0.63257983    0.61561247    0.59692173    0.71074019    0.67086206    0.61920296    0.69067519    0.67800612    0.80017397    0.82781785
M0LRJ8_9EURY/5-130     0.90688965    0.82927314    0.69056501    0.80917321    0.70983677    0.77344360    0.66769296    0.73709930    0.77788777    0.84018462    0.76976435    0.66393001    0.60823894    0.52887294    0.56835096    0.42128621    0.61064287    0.54702099    0.47846174    0.52854088    0.49134484    0.65002603    0.50831294    0.56607807    0.67239380    0.72082967    0.39151757    0.49572031    0.56483005    0.63907636    0.53781509    0.59631838    0.33531854    0.53068684    0.28799006    0.00000000    0.85274968    0.96800777    0.70488101    0.61494838    0.63136005    0.73177949    0.71633594    0.62797313    0.72374621    0.67061125    0.78864751    0.81545909
A0A0F7PDP7_9EURY/5-129     0.91220681    0.86059289    0.81649222    0.84353884    0.88153383    0.91857764    0.93199182    0.83577160    0.78304930    0.84340207    0.80985961    0.82344982    0.86284900    0.80187192    0.90754849    0.90201090    0.85753498    0.78630920    0.84363977    0.87123665    0.85412986    0.88664399    0.87001910    1.05476545    1.02933140    0.94416025    0.82832758    0.78073273    0.76188408    0.91175983    0.81301413    0.79577209    0.93500741    0.89666752    0.86383501    0.85274968    0.00000000    0.64538460    0.79472724    0.85938948    0.92871779    0.75875463    0.85079318    0.75011374    0.74739713    0.79924905    0.91449702    0.92406092
A0A1D8S2M0_9EURY/5-130     1.03888003    1.07389469    0.96912616    1.01294337    1.00851196    1.02723406    0.92107693    1.05825939    1.04864557    1.03443103    1.01793893    0.92909677    1.05993168    1.02340084    1.29520905    1.12502770    1.12783691    1.10115966    1.16355239    1.10460155    1.24799636    1.04481810    1.07325617    1.13462300    1.17969701    1.05477524    1.07748643    0.92912823    0.92836836    0.94602239    0.99883993    1.17281170    1.02473824    1.08817143    1.00121087    0.96800777    0.64538460    0.00000000    0.90129241    0.85066940    0.88554765    0.93713953    0.94530057    1.01247552    0.98943971    0.91353682    1.17977647    1.06629498
U2YWZ6_9EURY/5-134     1.01233784    0.97884919    0.85363843    0.90840455    0.83486743    0.81770978    0.89358896    0.88324928    0.91546689    0.86087423    0.88481986    0.87413745    0.92730205    0.80006591    0.72609293    0.78703369    0.87999122    0.84340812    0.86516892    0.76591621    0.80546301    0.85112867    0.82107476    0.88165425    0.89089733    0.88273648    0.67966729    0.79870155    0.65029522    0.77399475    0.66816702    0.68616428    0.67447822    0.85651554    0.63257983    0.70488101    0.79472724    0.90129241    0.00000000    0.49650838    0.54948032    0.57955418    0.46348563    0.83335965    0.89079283    0.69080813    0.82526526    0.91143381
W0K0X1_9EURY/5-132     0.87645425    0.89018209    0.71047067    0.77499064    0.73705325    0.71062300    0.82266445    0.86128634    0.81615785    0.82583119    0.76262791    0.81912476    0.75000518    0.71104340    0.67430763    0.73462558    0.81424932    0.75924932    0.67992225    0.67884580    0.74531476    0.85507374    0.74497989    0.75581152    0.79016632    0.88112071    0.55766157    0.72421295    0.73270669    0.82665597    0.71876506    0.73641289    0.61443655    0.78761747    0.61561247    0.61494838    0.85938948    0.85066940    0.49650838    0.00000000    0.24732918    0.46664570    0.28274700    0.82405205    0.73896357    0.76291313    0.87479855    0.91448315
A0A1I0QFG1_9EURY/5-132     0.93208295    0.82760297    0.77570778    0.85935710    0.75434126    0.70115153    0.89168659    0.81684696    0.87307182    0.84871210    0.78009901    0.75523181    0.79970327    0.78730762    0.67538512    0.66420563    0.77298507    0.70747342    0.73646719    0.66631981    0.71985013    0.84242422    0.66686937    0.74592982    0.78132762    0.92499284    0.59097148    0.71578352    0.64924206    0.73258703    0.71927978    0.74234136    0.58429946    0.73480136    0.59692173    0.63136005    0.92871779    0.88554765    0.54948032    0.24732918    0.00000000    0.30505061    0.32476423    0.75142412    0.79706227    0.81827331    0.90674999    0.91795130
Q9HP69_HALSA/5-132     0.92693545    0.94037766    0.86788729    0.86930070    0.94532020    0.97636690    1.02718904    0.87052450    0.83535494    0.94116280    0.87202444    0.80479132    0.87891635    0.83557884    0.81828637    0.73134242    0.81637038    0.74911538    0.76137209    0.70308425    0.79795834    0.94422961    0.79207911    0.85497885    0.87115558    0.99452133    0.70689471    0.78013918    0.79762327    0.79623132    0.74520738    0.80483449    0.77330823    0.92439437    0.71074019    0.73177949    0.75875463    0.93713953    0.57955418    0.46664570    0.30505061    0.00000000    0.49707399    0.84577611    0.79005691    0.73252992    0.96885054    0.91095723
A0A0U5CZL8_9EURY/5-132     0.92821687    0.90260590    0.76720524    0.81144887    0.71985209    0.67840079    0.78759829    0.89708716    0.78626500    0.82817919    0.83980237    0.83660145    0.82622123    0.69945269    0.68316804    0.76172957    0.82491425    0.71373642    0.77725482    0.67947659    0.73640235    0.89447119    0.70184957    0.85235964    0.94947289    0.95513624    0.66513398    0.74407314    0.68830788    0.83736622    0.76169355    0.69112258    0.65860597    0.84802568    0.67086206    0.71633594    0.85079318    0.94530057    0.46348563    0.28274700    0.32476423    0.49707399    0.00000000    0.78028216    0.83842554    0.75707619    0.96366236    0.90734925
A0A1H3Y5T6_9EURY/8-133     0.53122063    0.47473935    0.35804150    0.45832503    0.39612805    0.40855398    0.40824507    0.30661594    0.45141016    0.40424458    0.43847339    0.46123682    0.37184019    0.62912880    0.45575018    0.44555204    0.46576013    0.48075045    0.54815701    0.52372081    0.52352330    0.57894496    0.51942673    0.75820916    0.74103773    0.82259454    0.52537003    0.66341783    0.57602862    0.63319595    0.55594387    0.63314210    0.65010204    0.72592156    0.61920296    0.62797313    0.75011374    1.01247552    0.83335965    0.82405205    0.75142412    0.84577611    0.78028216    0.00000000    0.34324260    0.44625350    0.42640385    0.42045153
A0A3A6PL72_9EURY/5-130     0.53035394    0.48577604    0.41839293    0.46945939    0.47142638    0.44480153    0.40247054    0.40483307    0.46979422    0.44958000    0.44320717    0.33409950    0.32530046    0.63163777    0.60855839    0.56950030    0.56318734    0.58856094    0.60759397    0.61768197    0.66720702    0.60597786    0.58501842    0.82518360    0.73081911    0.84199000    0.51620633    0.67184390    0.71966385    0.73756110    0.56178400    0.80756566    0.74049894    0.73436575    0.69067519    0.72374621    0.74739713    0.98943971    0.89079283    0.73896357    0.79706227    0.79005691    0.83842554    0.34324260    0.00000000    0.42215130    0.51165055    0.47659496
V4Y382_9ARCH/5-133     0.67083181    0.57721078    0.46811216    0.50975991    0.52225968    0.47451998    0.54462062    0.47690448    0.54578479    0.50524409    0.42540487    0.41371293    0.36274903    0.57823097    0.58529116    0.58111045    0.68157445    0.58010924    0.67150131    0.55222361    0.58124809    0.67006513    0.60659320    0.68550473    0.79859669    0.72200155    0.47011230    0.65408404    0.73042292    0.75561672    0.73686295    0.67557625    0.66386899    0.85044845    0.67800612    0.67061125    0.79924905    0.91353682    0.69080813    0.76291313    0.81827331    0.73252992    0.75707619    0.44625350    0.42215130    0.00000000    0.50348853    0.53797360
U1PQL1_9EURY/7-132     0.49849004    0.46497066    0.38293904    0.45128224    0.51919935    0.45364296    0.45541757    0.41375661    0.45680652    0.43686109    0.45775288    0.43039460    0.49141570    0.67237361    0.55563746    0.54124986    0.53572512    0.60238458    0.60685008    0.58466965    0.57645007    0.59510992    0.65657582    0.77011254    0.64428937    0.85671596    0.52395059    0.78312912    0.67797774    0.75938217    0.67390593    0.73360136    0.77294033    0.77970504    0.80017397    0.78864751    0.91449702    1.17977647    0.82526526    0.87479855    0.90674999    0.96885054    0.96366236    0.42640385    0.51165055    0.50348853    0.00000000    0.42597678
V4J009_9EURY/22-148     0.46137777    0.47938785    0.39360628    0.43795603    0.46388818    0.40598526    0.38099320    0.43184046    0.51724974    0.44764103    0.43060881    0.41317005    0.45776785    0.76444020    0.67392481    0.66240686    0.66400312    0.69229253    0.73709107    0.71707873    0.69364019    0.56755157    0.59140391    0.78528671    0.61776649    0.79809146    0.63237842    0.66974973    0.66828521    0.76500623    0.76254648    0.82156677    0.83419843    0.87236912    0.82781785    0.81545909    0.92406092    1.06629498    0.91143381    0.91448315    0.91795130    0.91095723    0.90734925    0.42045153    0.47659496    0.53797360    0.42597678    0.00000000

