9
H3ADA5_LATCH/482-582     0.00000000    0.28286698    0.33229519    0.69531604    0.71203569    0.97746663    1.33651204    0.28378426    0.29682475
W5P9I0_SHEEP/479-579     0.28286698    0.00000000    0.27736883    0.80272883    0.77819156    1.04124558    1.38327064    0.36347803    0.42295318
A0A0Q3PI72_AMAAE/221-321     0.33229519    0.27736883    0.00000000    0.89259505    0.87852368    1.09755623    1.59199106    0.46422495    0.48136747
A8WGN5_DANRE/359-458     0.69531604    0.80272883    0.89259505    0.00000000    0.64805547    1.07952307    1.54626850    0.78164592    0.75081898
A0A1S3LI48_SALSA/421-520     0.71203569    0.77819156    0.87852368    0.64805547    0.00000000    0.52964110    1.24646087    0.65002714    0.65413006
G3Q1A0_GASAC/340-434     0.97746663    1.04124558    1.09755623    1.07952307    0.52964110    0.00000000    1.14089683    0.86823156    0.86893446
A0A2I4CUY6_9TELE/354-450     1.33651204    1.38327064    1.59199106    1.54626850    1.24646087    1.14089683    0.00000000    1.44704467    1.28465336
A0A2I4ARL2_9TELE/391-493     0.28378426    0.36347803    0.46422495    0.78164592    0.65002714    0.86823156    1.44704467    0.00000000    0.17970310
A0A096LW40_POEFO/232-336     0.29682475    0.42295318    0.48136747    0.75081898    0.65413006    0.86893446    1.28465336    0.17970310    0.00000000

