42
A0A1H2EY45_9FLAO/43-288     0.00000000    1.19102040    1.53141853    1.32800134    0.91792608    2.08752961    1.97966272    2.12427695    1.57993323    1.56546219    1.54710394    1.62659688    1.87276356    1.65114634    1.34280159    1.26997513    1.15986450    1.53658063    1.40030327    1.47743730    1.27516410    1.35809845    1.50114529    1.44686037    1.32969692    1.37370610    1.32397941    1.11679976    0.96757375    0.97175152    1.11259416    1.01486643    0.87619096    1.25735622    1.09277195    1.00262108    1.28951199    1.25448000    1.37379209    1.13337598    1.28510416    0.90626705
A0A1H7HIU0_9FLAO/44-296     1.19102040    0.00000000    0.75508683    0.66480096    1.34649948    2.70741654    2.77934140    3.17798459    2.46588364    2.06094957    1.95516860    2.12678845    2.60088462    2.13577233    1.79709812    1.67029004    1.58413380    1.96149320    1.97777770    1.68964782    1.49010147    1.66355833    1.76367541    2.18382654    1.93029148    1.75558707    2.09766884    1.66028616    1.67815257    1.41989205    1.68224595    1.60642646    1.48359158    2.18825739    1.75675183    1.72243700    2.02956982    1.77093620    2.03660216    1.65736204    1.51439975    1.43637435
A0A3M0GE51_9FLAO/24-271     1.53141853    0.75508683    0.00000000    0.76825617    1.63610272    2.83698733    2.43177884    3.58202765    2.50264801    2.09444567    2.12547217    2.20015914    2.71923231    2.20670023    1.86030857    1.98246433    1.75154998    2.03391810    1.91566996    1.92367441    1.71637450    1.74959573    2.01218345    2.49037262    1.99637209    2.17968902    2.24950914    1.94821627    1.88169491    1.66691957    1.93662628    1.88882929    1.68156404    2.20061246    1.97961351    1.82195527    2.05293656    1.61846983    1.88543146    1.80942875    1.63354840    1.67802168
A0A2T0MK26_9FLAO/44-289     1.32800134    0.66480096    0.76825617    0.00000000    1.29646734    2.52688502    2.66097187    2.94034494    2.13337259    1.88610952    1.89904132    2.06871423    2.41164711    1.89012828    1.64399118    1.89239282    1.62594508    1.84353018    1.96895806    1.83898809    1.56712069    1.71384848    1.75146526    1.97163604    1.97207714    1.80009866    1.97330114    1.57909217    1.85659244    1.52177539    1.58753011    1.58093156    1.50118918    1.91811336    1.79628160    1.71089778    1.73737038    1.48825407    1.77105187    1.71426533    1.64996423    1.53547268
A0A1W2GN07_9BACT/38-284     0.91792608    1.34649948    1.63610272    1.29646734    0.00000000    2.00606181    1.89634451    2.27552410    1.50257778    1.62106860    1.38048725    1.66081740    1.86133901    1.48458561    1.33799658    1.21640334    1.09602457    1.45027583    1.47610551    1.29365128    1.23707184    1.37381622    1.52106963    1.46768316    1.31829439    1.44938399    1.48179835    1.34978401    1.03433416    1.01883336    1.05704774    1.01231121    0.81543543    1.36748167    1.08686795    0.96316691    1.27159574    1.18596113    1.31022402    1.06982755    1.13908059    1.01384501
H1XVV2_9BACT/39-277     2.08752961    2.70741654    2.83698733    2.52688502    2.00606181    0.00000000    1.76427173    2.46020868    2.31225563    2.35659387    2.03123951    2.61374520    2.70756096    2.28406587    2.07492082    1.99906513    1.96079226    2.12216823    1.99913156    2.13778554    1.94753498    2.15250384    2.20653673    2.07389922    2.11184011    2.30815218    2.14983664    2.14115025    2.20218172    2.14764751    1.98022351    1.98298810    2.22956333    2.31698955    1.90112600    2.00247498    1.94972085    2.03401470    2.25531106    2.29478926    2.05518130    2.06720717
A0A2P6C1D9_9BACT/81-329     1.97966272    2.77934140    2.43177884    2.66097187    1.89634451    1.76427173    0.00000000    2.26615523    2.08716042    2.29619407    2.23246608    2.77267168    2.63377016    2.49046966    1.98084760    2.09789693    1.90174407    1.95805612    1.77698131    2.19526864    1.80677358    2.03195219    2.16536954    1.97406983    1.85112312    2.12234147    2.05736456    1.88709755    1.88254023    2.00074133    1.80937645    1.99746210    1.94146250    2.21103488    1.98035878    1.95428113    2.08181500    1.79082201    2.03738508    1.89819164    1.98887634    2.01352791
A0A2S9XDI4_9DELT/153-420     2.12427695    3.17798459    3.58202765    2.94034494    2.27552410    2.46020868    2.26615523    0.00000000    2.04197922    2.51726188    2.15165334    2.29180939    2.46282682    2.33928005    2.08107845    2.40390970    2.30812311    2.28366886    2.23185015    2.20883342    2.26511674    2.38497346    2.25793468    2.34662710    2.11921307    2.50427363    2.12515367    2.48123035    2.37588940    2.22693468    1.98822478    2.11814149    2.24651379    2.29591509    2.27598768    2.03475387    2.21257319    2.15646089    2.42857670    2.43677311    2.09927347    2.09452625
A4AUK7_MARSH/37-279     1.57993323    2.46588364    2.50264801    2.13337259    1.50257778    2.31225563    2.08716042    2.04197922    0.00000000    0.97901816    0.86874831    1.17066558    1.13622688    1.14213663    1.38045423    1.74637932    1.55209391    1.80608027    1.99293155    1.66135999    1.71013247    2.10538466    1.70143958    1.80376558    1.68531519    1.92466566    1.71183339    1.62884097    1.71769855    1.68465805    1.56990199    1.52515725    1.64340725    2.13206446    1.77562233    1.72432045    1.56417164    1.64754524    1.95373274    1.53602053    1.56611449    1.51598184
A0A1Y2RIH9_9BACT/49-321     1.56546219    2.06094957    2.09444567    1.88610952    1.62106860    2.35659387    2.29619407    2.51726188    0.97901816    0.00000000    0.83704520    1.40645014    1.21565105    1.15846122    1.54280254    1.53303944    1.77864124    1.95448933    1.94071964    1.71834642    1.53291430    1.91033509    1.72863015    1.91829347    1.83049911    1.79641951    1.59674353    1.75814738    1.75800655    1.73258774    1.68552379    1.63306020    1.70463926    1.96260265    1.64691394    1.71696496    1.80797605    1.70059847    1.95346583    1.55351246    1.68514468    1.61554973
H8KR68_SOLCM/48-305     1.54710394    1.95516860    2.12547217    1.89904132    1.38048725    2.03123951    2.23246608    2.15165334    0.86874831    0.83704520    0.00000000    1.29150079    1.09826492    1.09986333    1.58734158    1.50885531    1.46260132    1.82130928    1.86778554    1.65199532    1.53996292    1.81609030    1.48031963    1.69941743    1.52028545    1.60506992    1.55492455    1.72080128    1.75171843    1.65365431    1.46452433    1.51273331    1.73115545    1.92835232    1.44354282    1.58782130    1.67936635    1.61376474    1.61562776    1.43021541    1.39647914    1.39392311
A0A257LDL0_9BACT/40-294     1.62659688    2.12678845    2.20015914    2.06871423    1.66081740    2.61374520    2.77267168    2.29180939    1.17066558    1.40645014    1.29150079    0.00000000    1.34337461    1.24918649    1.62911122    1.81192653    1.57972000    1.92145928    2.21089442    1.83307963    1.65390394    2.08291447    1.74411190    1.89325334    1.87874289    1.73321854    1.83172765    1.98494141    1.79723593    1.80865845    1.69423303    1.74624020    1.79467744    2.12711946    1.78594620    1.90036858    2.02790145    1.86689450    1.72111523    1.91006289    1.72162746    1.67641467
A0A0K8R1G9_9BACT/42-307     1.87276356    2.60088462    2.71923231    2.41164711    1.86133901    2.70756096    2.63377016    2.46282682    1.13622688    1.21565105    1.09826492    1.34337461    0.00000000    1.08783200    1.70758783    1.92509936    1.82256540    2.24242532    2.20041899    1.87793330    1.70985781    2.10317662    1.77169094    2.24756389    1.83315243    1.78624636    2.02197934    2.12682711    1.95350027    1.91969267    1.72346794    1.72307639    1.85642058    2.41159457    1.89480941    2.00468993    2.01327825    2.08278291    2.03681334    1.77164614    1.98796655    1.76725274
A0A1Y1CQF4_9BACT/48-300     1.65114634    2.13577233    2.20670023    1.89012828    1.48458561    2.28406587    2.49046966    2.33928005    1.14213663    1.15846122    1.09986333    1.24918649    1.08783200    0.00000000    1.58310232    1.82597329    1.61168754    2.02706297    1.84395697    1.90429368    1.80078806    1.92999302    1.61714625    2.00607085    1.69228073    1.65469903    1.87317958    1.81710973    1.70087119    1.55714405    1.45675777    1.52829056    1.71867251    2.02411007    1.83483020    1.77712633    1.65823457    1.64201539    1.66719531    1.74754238    1.77133036    1.52008104
A0A257HXE4_9BACT/45-305     1.34280159    1.79709812    1.86030857    1.64399118    1.33799658    2.07492082    1.98084760    2.08107845    1.38045423    1.54280254    1.58734158    1.62911122    1.70758783    1.58310232    0.00000000    1.47640230    1.47425299    1.60112017    1.56813251    1.75197477    1.55161679    1.70925216    1.59659595    1.52851782    1.67869611    1.56008941    1.66521678    1.57520365    1.40432320    1.20355670    1.44860231    1.33012249    1.30410820    1.74194914    1.48340650    1.50332905    1.61524806    1.31535070    1.49066271    1.50716556    1.29537259    1.24329474
A0A2A3UAQ9_9SPHI/45-315     1.26997513    1.67029004    1.98246433    1.89239282    1.21640334    1.99906513    2.09789693    2.40390970    1.74637932    1.53303944    1.50885531    1.81192653    1.92509936    1.82597329    1.47640230    0.00000000    1.08457681    1.50854039    1.16486266    1.40607841    1.06086291    1.18421897    1.33723076    1.65310014    1.65900260    1.74759073    1.65036757    1.32269632    1.16255490    1.28661284    1.29580430    1.28823211    1.19241235    1.87658121    1.52146614    1.33914685    1.47807582    1.40813263    1.68745552    1.51149795    1.37830001    1.19999479
A0A127VKE0_9SPHI/49-313     1.15986450    1.58413380    1.75154998    1.62594508    1.09602457    1.96079226    1.90174407    2.30812311    1.55209391    1.77864124    1.46260132    1.57972000    1.82256540    1.61168754    1.47425299    1.08457681    0.00000000    1.16536933    1.11463741    1.13269192    0.93079319    1.12868942    1.07053120    1.49573618    1.49345036    1.47369431    1.76623429    1.35561900    1.29920161    1.39260161    1.17490148    1.17033954    1.14546510    1.63007136    1.18911404    1.13566282    1.37533107    1.24233550    1.28187584    1.32122143    1.32460436    1.19853726
A0A180ESV7_9BACT/27-291     1.53658063    1.96149320    2.03391810    1.84353018    1.45027583    2.12216823    1.95805612    2.28366886    1.80608027    1.95448933    1.82130928    1.92145928    2.24242532    2.02706297    1.60112017    1.50854039    1.16536933    0.00000000    1.40566271    1.33913709    1.17230071    1.38416875    1.45381956    1.94613100    1.77690824    1.66824406    1.91554095    1.67883319    1.51271662    1.60920327    1.51488386    1.43131360    1.30486642    1.75650713    1.51250828    1.48188333    1.55209358    1.61690727    1.67006557    1.80186602    1.46798053    1.52062523
A0A1I7AQK5_9FLAO/28-286     1.40030327    1.97777770    1.91566996    1.96895806    1.47610551    1.99913156    1.77698131    2.23185015    1.99293155    1.94071964    1.86778554    2.21089442    2.20041899    1.84395697    1.56813251    1.16486266    1.11463741    1.40566271    0.00000000    1.30091146    1.33211711    1.22830495    1.35199453    1.98613737    1.43535487    1.55395752    1.72816457    1.87080963    1.35775137    1.71983039    1.49157763    1.43348166    1.31941314    2.03957617    1.46547025    1.43984664    1.44798936    1.50391180    1.60915990    1.56814984    1.50770189    1.39811470
A0A2W1MXF4_9FLAO/29-281     1.47743730    1.68964782    1.92367441    1.83898809    1.29365128    2.13778554    2.19526864    2.20883342    1.66135999    1.71834642    1.65199532    1.83307963    1.87793330    1.90429368    1.75197477    1.40607841    1.13269192    1.33913709    1.30091146    0.00000000    1.24504035    1.43541694    1.39439389    1.87234569    1.77554169    1.55093889    1.84564462    1.49087831    1.69948825    1.63552856    1.54419289    1.40534894    1.46027327    1.65457457    1.59034595    1.43484006    1.71646120    1.66775380    1.63852205    1.53599919    1.60107843    1.48972018
A0A2S5A9J5_9SPHI/38-288     1.27516410    1.49010147    1.71637450    1.56712069    1.23707184    1.94753498    1.80677358    2.26511674    1.71013247    1.53291430    1.53996292    1.65390394    1.70985781    1.80078806    1.55161679    1.06086291    0.93079319    1.17230071    1.33211711    1.24504035    0.00000000    0.93344678    1.15695091    1.47412612    1.44338766    1.52170057    1.59261126    1.30871739    1.06210218    1.34475793    1.25951817    1.25932686    1.15513783    1.53358190    1.38672789    1.35437919    1.56331993    1.37736523    1.65326370    1.60777527    1.49352692    1.31445785
A0A1H9LEA4_9SPHI/43-297     1.35809845    1.66355833    1.74959573    1.71384848    1.37381622    2.15250384    2.03195219    2.38497346    2.10538466    1.91033509    1.81609030    2.08291447    2.10317662    1.92999302    1.70925216    1.18421897    1.12868942    1.38416875    1.22830495    1.43541694    0.93344678    0.00000000    1.18027569    1.85866739    1.78633208    1.63701057    1.83587064    1.57554689    1.31020011    1.50652507    1.44696021    1.41091330    1.31198502    1.84048530    1.62784769    1.46120171    1.55045930    1.45265189    1.80264408    1.71384786    1.54256348    1.38593378
A0A1C2GFM6_9SPHI/43-292     1.50114529    1.76367541    2.01218345    1.75146526    1.52106963    2.20653673    2.16536954    2.25793468    1.70143958    1.72863015    1.48031963    1.74411190    1.77169094    1.61714625    1.59659595    1.33723076    1.07053120    1.45381956    1.35199453    1.39439389    1.15695091    1.18027569    0.00000000    1.79547372    1.54349512    1.55248363    1.73372979    1.63798792    1.42935997    1.62450450    1.44379773    1.34168771    1.59140563    1.90913900    1.62331002    1.60120152    1.47650531    1.43022714    1.50713519    1.50192449    1.65736245    1.52097051
B0SLL2_LEPBP/31-342     1.44686037    2.18382654    2.49037262    1.97163604    1.46768316    2.07389922    1.97406983    2.34662710    1.80376558    1.91829347    1.69941743    1.89325334    2.24756389    2.00607085    1.52851782    1.65310014    1.49573618    1.94613100    1.98613737    1.87234569    1.47412612    1.85866739    1.79547372    0.00000000    1.34804721    1.66159738    1.57708983    1.42368385    1.39847846    1.53686222    1.53689455    1.57917584    1.39759084    1.72736838    1.39335925    1.48658622    1.54937312    1.57410395    1.49119885    1.58077878    1.51575029    1.45038357
A0A1M4T0X8_9BACT/39-278     1.32969692    1.93029148    1.99637209    1.97207714    1.31829439    2.11184011    1.85112312    2.11921307    1.68531519    1.83049911    1.52028545    1.87874289    1.83315243    1.69228073    1.67869611    1.65900260    1.49345036    1.77690824    1.43535487    1.77554169    1.44338766    1.78633208    1.54349512    1.34804721    0.00000000    1.11466835    1.00132414    1.69455564    1.43973120    1.40146173    1.39198775    1.43369905    1.39853265    1.90187365    1.54648155    1.60696518    1.77618171    1.45206054    1.64745027    1.48680747    1.60097720    1.39784306
A0A1B6Y6K0_9BACT/37-282     1.37370610    1.75558707    2.17968902    1.80009866    1.44938399    2.30815218    2.12234147    2.50427363    1.92466566    1.79641951    1.60506992    1.73321854    1.78624636    1.65469903    1.56008941    1.74759073    1.47369431    1.66824406    1.55395752    1.55093889    1.52170057    1.63701057    1.55248363    1.66159738    1.11466835    0.00000000    1.04426980    1.76391595    1.67371510    1.52073477    1.53379867    1.49652969    1.40078307    1.88067746    1.49835322    1.54149605    1.65711657    1.55370558    1.67765592    1.55290486    1.68271869    1.38962204
A0A316TXH0_9BACT/42-280     1.32397941    2.09766884    2.24950914    1.97330114    1.48179835    2.14983664    2.05736456    2.12515367    1.71183339    1.59674353    1.55492455    1.83172765    2.02197934    1.87317958    1.66521678    1.65036757    1.76623429    1.91554095    1.72816457    1.84564462    1.59261126    1.83587064    1.73372979    1.57708983    1.00132414    1.04426980    0.00000000    1.69190044    1.42762255    1.27036107    1.50252849    1.40422453    1.43505338    1.77235144    1.48586300    1.54155353    1.63732572    1.48770790    1.70642875    1.47686449    1.57242009    1.41061262
A0A0N7HWX4_9BACT/44-292     1.11679976    1.66028616    1.94821627    1.57909217    1.34978401    2.14115025    1.88709755    2.48123035    1.62884097    1.75814738    1.72080128    1.98494141    2.12682711    1.81710973    1.57520365    1.32269632    1.35561900    1.67883319    1.87080963    1.49087831    1.30871739    1.57554689    1.63798792    1.42368385    1.69455564    1.76391595    1.69190044    0.00000000    1.38232362    1.32823682    1.33163882    1.23036957    1.13239297    1.67957404    1.37051066    1.31952841    1.43421695    1.40060737    1.66990568    1.52156768    1.64681286    1.25814946
A0A1I5UJ51_9BACT/40-282     0.96757375    1.67815257    1.88169491    1.85659244    1.03433416    2.20218172    1.88254023    2.37588940    1.71769855    1.75800655    1.75171843    1.79723593    1.95350027    1.70087119    1.40432320    1.16255490    1.29920161    1.51271662    1.35775137    1.69948825    1.06210218    1.31020011    1.42935997    1.39847846    1.43973120    1.67371510    1.42762255    1.38232362    0.00000000    1.05147482    1.14401718    1.11763485    0.98045389    1.54357449    1.31457672    1.27434654    1.46920063    1.41604379    1.56324563    1.17041965    1.34215642    1.02400965
A0A2S7T2S1_9BACT/46-297     0.97175152    1.41989205    1.66691957    1.52177539    1.01883336    2.14764751    2.00074133    2.22693468    1.68465805    1.73258774    1.65365431    1.80865845    1.91969267    1.55714405    1.20355670    1.28661284    1.39260161    1.60920327    1.71983039    1.63552856    1.34475793    1.50652507    1.62450450    1.53686222    1.40146173    1.52073477    1.27036107    1.32823682    1.05147482    0.00000000    1.15958140    0.98790710    0.93339346    1.64799255    1.21394778    1.24522112    1.29819548    1.25705478    1.25847867    1.06589955    1.22040631    1.01989596
A0A142L4L3_9BACT/42-292     1.11259416    1.68224595    1.93662628    1.58753011    1.05704774    1.98022351    1.80937645    1.98822478    1.56990199    1.68552379    1.46452433    1.69423303    1.72346794    1.45675777    1.44860231    1.29580430    1.17490148    1.51488386    1.49157763    1.54419289    1.25951817    1.44696021    1.44379773    1.53689455    1.39198775    1.53379867    1.50252849    1.33163882    1.14401718    1.15958140    0.00000000    0.93675266    0.93176553    1.51180539    1.23754672    1.11582855    1.38836251    1.39068556    1.47713635    1.22454711    1.30964565    1.13599683
A0A1G9VJ48_9SPHI/46-291     1.01486643    1.60642646    1.88882929    1.58093156    1.01231121    1.98298810    1.99746210    2.11814149    1.52515725    1.63306020    1.51273331    1.74624020    1.72307639    1.52829056    1.33012249    1.28823211    1.17033954    1.43131360    1.43348166    1.40534894    1.25932686    1.41091330    1.34168771    1.57917584    1.43369905    1.49652969    1.40422453    1.23036957    1.11763485    0.98790710    0.93675266    0.00000000    0.75134488    1.28766841    1.13982403    1.04578903    1.31842861    1.14226225    1.31773704    1.04528608    1.13745416    1.05690060
A0A2C6CJ23_9BACT/45-290     0.87619096    1.48359158    1.68156404    1.50118918    0.81543543    2.22956333    1.94146250    2.24651379    1.64340725    1.70463926    1.73115545    1.79467744    1.85642058    1.71867251    1.30410820    1.19241235    1.14546510    1.30486642    1.31941314    1.46027327    1.15513783    1.31198502    1.59140563    1.39759084    1.39853265    1.40078307    1.43505338    1.13239297    0.98045389    0.93339346    0.93176553    0.75134488    0.00000000    1.26057633    1.18000400    1.08320446    1.20336808    1.17066175    1.24504136    1.06779817    1.13216289    0.94094787
A0A399D800_9BACT/39-278     1.25735622    2.18825739    2.20061246    1.91811336    1.36748167    2.31698955    2.21103488    2.29591509    2.13206446    1.96260265    1.92835232    2.12711946    2.41159457    2.02411007    1.74194914    1.87658121    1.63007136    1.75650713    2.03957617    1.65457457    1.53358190    1.84048530    1.90913900    1.72736838    1.90187365    1.88067746    1.77235144    1.67957404    1.54357449    1.64799255    1.51180539    1.28766841    1.26057633    0.00000000    1.38598199    1.30360163    1.46664176    1.38143373    1.52090497    1.52743923    1.61065081    1.35355677
A0A3S0PFM1_9FLAO/37-291     1.09277195    1.75675183    1.97961351    1.79628160    1.08686795    1.90112600    1.98035878    2.27598768    1.77562233    1.64691394    1.44354282    1.78594620    1.89480941    1.83483020    1.48340650    1.52146614    1.18911404    1.51250828    1.46547025    1.59034595    1.38672789    1.62784769    1.62331002    1.39335925    1.54648155    1.49835322    1.48586300    1.37051066    1.31457672    1.21394778    1.23754672    1.13982403    1.18000400    1.38598199    0.00000000    0.63273165    0.89663547    0.96907110    0.95159794    1.09351054    1.22089059    1.18584122
A0A1E5T8K2_9FLAO/38-281     1.00262108    1.72243700    1.82195527    1.71089778    0.96316691    2.00247498    1.95428113    2.03475387    1.72432045    1.71696496    1.58782130    1.90036858    2.00468993    1.77712633    1.50332905    1.33914685    1.13566282    1.48188333    1.43984664    1.43484006    1.35437919    1.46120171    1.60120152    1.48658622    1.60696518    1.54149605    1.54155353    1.31952841    1.27434654    1.24522112    1.11582855    1.04578903    1.08320446    1.30360163    0.63273165    0.00000000    0.85309446    0.97461103    0.97218264    1.01238404    1.18093160    1.04976110
A0A3Q9FR21_9BACT/41-282     1.28951199    2.02956982    2.05293656    1.73737038    1.27159574    1.94972085    2.08181500    2.21257319    1.56417164    1.80797605    1.67936635    2.02790145    2.01327825    1.65823457    1.61524806    1.47807582    1.37533107    1.55209358    1.44798936    1.71646120    1.56331993    1.55045930    1.47650531    1.54937312    1.77618171    1.65711657    1.63732572    1.43421695    1.46920063    1.29819548    1.38836251    1.31842861    1.20336808    1.46664176    0.89663547    0.85309446    0.00000000    0.99002293    1.03705455    1.15247416    1.38991150    1.14172604
A0A0J7LM90_9FLAO/24-264     1.25448000    1.77093620    1.61846983    1.48825407    1.18596113    2.03401470    1.79082201    2.15646089    1.64754524    1.70059847    1.61376474    1.86689450    2.08278291    1.64201539    1.31535070    1.40813263    1.24233550    1.61690727    1.50391180    1.66775380    1.37736523    1.45265189    1.43022714    1.57410395    1.45206054    1.55370558    1.48770790    1.40060737    1.41604379    1.25705478    1.39068556    1.14226225    1.17066175    1.38143373    0.96907110    0.97461103    0.99002293    0.00000000    0.81285881    1.24700910    1.28829137    1.19038135
A0A2U1JQF4_9FLAO/44-291     1.37379209    2.03660216    1.88543146    1.77105187    1.31022402    2.25531106    2.03738508    2.42857670    1.95373274    1.95346583    1.61562776    1.72111523    2.03681334    1.66719531    1.49066271    1.68745552    1.28187584    1.67006557    1.60915990    1.63852205    1.65326370    1.80264408    1.50713519    1.49119885    1.64745027    1.67765592    1.70642875    1.66990568    1.56324563    1.25847867    1.47713635    1.31773704    1.24504136    1.52090497    0.95159794    0.97218264    1.03705455    0.81285881    0.00000000    1.26563058    1.33695865    1.31535165
A0A085L0H7_9FLAO/41-291     1.13337598    1.65736204    1.80942875    1.71426533    1.06982755    2.29478926    1.89819164    2.43677311    1.53602053    1.55351246    1.43021541    1.91006289    1.77164614    1.74754238    1.50716556    1.51149795    1.32122143    1.80186602    1.56814984    1.53599919    1.60777527    1.71384786    1.50192449    1.58077878    1.48680747    1.55290486    1.47686449    1.52156768    1.17041965    1.06589955    1.22454711    1.04528608    1.06779817    1.52743923    1.09351054    1.01238404    1.15247416    1.24700910    1.26563058    0.00000000    1.08956853    1.06148343
G8R6S9_OWEHD/48-304     1.28510416    1.51439975    1.63354840    1.64996423    1.13908059    2.05518130    1.98887634    2.09927347    1.56611449    1.68514468    1.39647914    1.72162746    1.98796655    1.77133036    1.29537259    1.37830001    1.32460436    1.46798053    1.50770189    1.60107843    1.49352692    1.54256348    1.65736245    1.51575029    1.60097720    1.68271869    1.57242009    1.64681286    1.34215642    1.22040631    1.30964565    1.13745416    1.13216289    1.61065081    1.22089059    1.18093160    1.38991150    1.28829137    1.33695865    1.08956853    0.00000000    1.08420305
A0A172TS35_9BACT/43-286     0.90626705    1.43637435    1.67802168    1.53547268    1.01384501    2.06720717    2.01352791    2.09452625    1.51598184    1.61554973    1.39392311    1.67641467    1.76725274    1.52008104    1.24329474    1.19999479    1.19853726    1.52062523    1.39811470    1.48972018    1.31445785    1.38593378    1.52097051    1.45038357    1.39784306    1.38962204    1.41061262    1.25814946    1.02400965    1.01989596    1.13599683    1.05690060    0.94094787    1.35355677    1.18584122    1.04976110    1.14172604    1.19038135    1.31535165    1.06148343    1.08420305    0.00000000

