35
A0A0A2MRB0_9FLAO/4-254     0.00000000    0.60831769    0.67094214    0.74188394    0.66719027    0.66402616    0.70553401    0.76270650    2.24447439    1.75416550    1.81000670    1.09198563    1.16035949    1.19254938    1.27004596    1.15455403    1.26117589    0.95101472    1.01610027    0.99751537    0.95953100    1.15110911    1.11334456    1.01689056    0.98808623    1.22219008    1.16490871    1.27534254    1.07356268    1.07005866    1.14396338    0.91296936    0.64075445    0.58001352    0.88742777
A0A255Z7Z6_9FLAO/4-232     0.60831769    0.00000000    0.57892384    0.65027838    0.62707166    0.65218454    0.65364037    0.77674497    2.21705389    1.69863396    1.87088881    1.09422840    1.13921009    1.06709388    1.20115382    1.12889543    1.19509389    0.91889609    1.01603050    0.98058709    0.91331728    1.03418298    1.00173464    0.91108963    0.90982322    1.10100477    0.95710755    1.14967218    1.00910951    0.97327245    1.05255074    0.98380046    0.56807053    0.61358995    0.79547957
G8X643_FLACA/4-232     0.67094214    0.57892384    0.00000000    0.67269268    0.57513684    0.55237897    0.68010839    0.74531984    2.21664367    1.71351353    1.70023950    1.03595803    0.96109288    1.01710141    1.02089468    1.05915148    1.16445753    0.94663426    1.00955530    0.97394621    0.80300020    1.11158903    1.02019214    0.98080783    1.03440312    1.16891272    0.95513852    1.25490521    0.96288401    0.95186381    1.23906134    1.02476792    0.68265120    0.56937427    0.91753815
A0A7Z1CMD8_9FLAO/4-256     0.74188394    0.65027838    0.67269268    0.00000000    0.44799158    0.40369079    0.57054072    0.61520869    2.35688957    1.73699008    1.88348068    1.09627216    1.01193012    1.05639536    1.16198900    1.11552213    1.25377944    0.95894122    1.02019656    1.02950763    0.96354603    1.08574679    1.14941259    1.03072405    0.90813094    0.97197957    0.99230568    1.21002593    1.07625926    1.08181053    1.15049393    0.97245675    0.69041789    0.53235506    0.75557852
A0A1I2H3S5_9FLAO/4-263     0.66719027    0.62707166    0.57513684    0.44799158    0.00000000    0.31341484    0.51782955    0.61444932    2.19409571    1.89977474    1.75573487    1.08256759    0.98605690    1.08365724    1.04097452    0.99308409    1.16744362    0.83917505    0.85233288    0.87400980    0.79781121    1.06196072    1.05475887    1.01134491    1.01985981    1.05706179    1.05977922    1.40272410    0.95717607    1.02400332    1.14521164    0.90927942    0.59358554    0.49389953    0.75653442
A0A0C1FEC4_9FLAO/4-258     0.66402616    0.65218454    0.55237897    0.40369079    0.31341484    0.00000000    0.55190755    0.60132621    2.20231398    1.81631494    1.74922098    1.10380318    0.97689534    1.05022404    1.03701501    1.06660323    1.13782777    0.86595416    0.94914829    0.87695993    0.82391117    1.10517355    1.13160667    0.96097929    0.97580594    1.06060960    0.97892356    1.32373216    1.01814683    1.03718562    1.15323222    0.94886994    0.55735291    0.48543423    0.72889202
A0A257JXZ3_9FLAO/4-240     0.70553401    0.65364037    0.68010839    0.57054072    0.51782955    0.55190755    0.00000000    0.59276819    2.11357442    1.57613582    1.60078808    1.07956132    1.07170806    1.03724754    1.06799383    1.07882032    1.20782998    0.95165840    0.96032723    0.92806057    0.87530687    0.99534025    0.99302010    0.98781323    0.88242083    1.02678897    1.04350766    1.24900492    1.12110582    1.03365295    1.17861226    0.92342090    0.66634507    0.64947761    0.79723191
A0A256A7N0_9FLAO/4-229     0.76270650    0.77674497    0.74531984    0.61520869    0.61444932    0.60132621    0.59276819    0.00000000    2.14740838    1.62218551    1.73247428    1.13123765    1.06089415    1.14318557    1.18946251    1.16647032    1.20523513    0.99739282    0.99142902    1.01109253    0.94687906    0.99998610    1.11618880    1.02813532    0.96763724    1.08612880    1.04791870    1.28310663    0.98933192    1.00857377    1.01092870    0.91818360    0.73961418    0.59464400    0.79891865
R5Y1F3_9BACE/7-237     2.24447439    2.21705389    2.21664367    2.35688957    2.19409571    2.20231398    2.11357442    2.14740838    0.00000000    2.02722312    1.91747500    2.07223071    2.23526243    2.11641979    2.03285787    1.98983219    2.07689218    2.19021299    2.25865378    2.18878292    2.04573970    2.11131644    2.07478490    2.34170403    2.21923124    2.27498276    2.03057998    2.34294286    2.22657778    2.24624888    2.15185960    2.14793385    2.17391917    2.10125813    1.89499856
A0A1G7HZV2_CHIFI/1-280     1.75416550    1.69863396    1.71351353    1.73699008    1.89977474    1.81631494    1.57613582    1.62218551    2.02722312    0.00000000    0.83012962    1.81514223    1.79623655    1.77753358    1.87314288    1.85326568    1.69633829    1.76437063    1.75479996    1.81768114    1.81588829    1.69215086    1.73374745    1.79502695    1.73527002    1.84085881    1.75298491    2.01463874    1.91326065    1.81425632    1.84589760    1.66101195    1.79889844    1.72477286    1.69720993
A0A1H4CU87_9BACT/1-258     1.81000670    1.87088881    1.70023950    1.88348068    1.75573487    1.74922098    1.60078808    1.73247428    1.91747500    0.83012962    0.00000000    1.72488730    1.83890342    1.71242820    1.70583903    1.86856186    1.63366953    1.90330542    1.87710987    1.88552141    1.67424996    1.69494794    1.67297408    1.87105479    1.90278093    1.86189045    2.01149486    2.30207949    2.10164405    2.05357658    1.78591233    1.77642940    1.75211988    1.81146426    1.81313017
A0A1D8P625_9FLAO/5-239     1.09198563    1.09422840    1.03595803    1.09627216    1.08256759    1.10380318    1.07956132    1.13123765    2.07223071    1.81514223    1.72488730    0.00000000    0.93891972    0.97585307    1.02921553    0.93050685    1.03913881    0.99517579    1.07569870    1.01151152    1.11095258    1.15661519    1.20546161    1.18050533    1.10165682    1.21862942    1.15420545    1.27847913    1.15739810    1.08309941    1.14607617    1.01670456    1.07465668    0.98742127    1.19022728
A0A1H5KAJ1_9FLAO/1-236     1.16035949    1.13921009    0.96109288    1.01193012    0.98605690    0.97689534    1.07170806    1.06089415    2.23526243    1.79623655    1.83890342    0.93891972    0.00000000    0.30731235    0.51516508    0.53756319    0.56187300    1.06829552    1.13425644    1.07686153    1.08209082    1.11106281    1.17788539    1.15068787    1.11899087    1.18177383    1.20823369    1.23762133    1.12236397    1.12921260    1.25336959    1.01300119    0.99818912    1.12706967    1.31000811
A0A1M5FVY3_9FLAO/1-241     1.19254938    1.06709388    1.01710141    1.05639536    1.08365724    1.05022404    1.03724754    1.14318557    2.11641979    1.77753358    1.71242820    0.97585307    0.30731235    0.00000000    0.51753837    0.61525591    0.61573021    1.13253373    1.20966623    1.16515538    1.18037522    1.18889560    1.21994581    1.17160288    1.24144668    1.28477294    1.24108894    1.38904937    1.15153708    1.16238692    1.26405484    1.04979118    1.07421036    1.16236207    1.20930853
A0A099XYT1_9FLAO/4-244     1.27004596    1.20115382    1.02089468    1.16198900    1.04097452    1.03701501    1.06799383    1.18946251    2.03285787    1.87314288    1.70583903    1.02921553    0.51516508    0.51753837    0.00000000    0.45871619    0.53425738    1.20963652    1.27683524    1.18597459    1.13342081    1.22084542    1.17571096    1.23961129    1.18100629    1.21676972    1.19538067    1.29725405    1.20547242    1.19938230    1.24376711    1.03797785    1.05893698    1.12314581    1.26362824
A0A1B8TPR1_9FLAO/1-240     1.15455403    1.12889543    1.05915148    1.11552213    0.99308409    1.06660323    1.07882032    1.16647032    1.98983219    1.85326568    1.86856186    0.93050685    0.53756319    0.61525591    0.45871619    0.00000000    0.57402795    1.04957603    1.19466390    1.11058846    1.08486680    1.00953128    1.01153219    1.10872710    1.06217748    1.14051869    1.14391302    1.21155762    1.11446237    1.23038061    1.14516887    1.03812145    1.03352538    1.11858158    1.28691555
A4C0T8_9FLAO/1-239     1.26117589    1.19509389    1.16445753    1.25377944    1.16744362    1.13782777    1.20782998    1.20523513    2.07689218    1.69633829    1.63366953    1.03913881    0.56187300    0.61573021    0.53425738    0.57402795    0.00000000    1.19603872    1.33896412    1.18537252    1.08213634    1.12966024    1.18223542    1.16214668    1.17581520    1.23654433    1.20372697    1.31441780    1.18172659    1.20331171    1.10992533    1.04516005    1.11456758    1.20004058    1.33842267
A0A0Q0XKL6_9FLAO/1-242     0.95101472    0.91889609    0.94663426    0.95894122    0.83917505    0.86595416    0.95165840    0.99739282    2.19021299    1.76437063    1.90330542    0.99517579    1.06829552    1.13253373    1.20963652    1.04957603    1.19603872    0.00000000    0.40538777    0.30707339    0.52907794    0.60806584    0.66910896    1.04038300    0.96572908    1.14034650    1.09106792    1.38049133    1.11805299    1.11427866    1.06264186    0.98957954    0.76155572    0.77142923    1.02711736
G2PMY9_MURRD/1-241     1.01610027    1.01603050    1.00955530    1.02019656    0.85233288    0.94914829    0.96032723    0.99142902    2.25865378    1.75479996    1.87710987    1.07569870    1.13425644    1.20966623    1.27683524    1.19466390    1.33896412    0.40538777    0.00000000    0.34537908    0.63663181    0.68752819    0.78771694    1.03050548    0.98870810    1.10169461    1.06950538    1.27874041    1.20502162    1.08559739    1.04642098    0.97098784    0.91014148    0.90246264    1.23914975
A0A285MU79_9FLAO/1-242     0.99751537    0.98058709    0.97394621    1.02950763    0.87400980    0.87695993    0.92806057    1.01109253    2.18878292    1.81768114    1.88552141    1.01151152    1.07686153    1.16515538    1.18597459    1.11058846    1.18537252    0.30707339    0.34537908    0.00000000    0.53340756    0.53844620    0.64050044    1.04928928    0.98869362    1.02751314    1.00441717    1.29801197    1.22803119    1.08948695    1.03250878    0.95324606    0.80042654    0.88129555    1.12624864
A0A1W2CCS9_9FLAO/1-237     0.95953100    0.91331728    0.80300020    0.96354603    0.79781121    0.82391117    0.87530687    0.94687906    2.04573970    1.81588829    1.67424996    1.11095258    1.08209082    1.18037522    1.13342081    1.08486680    1.08213634    0.52907794    0.63663181    0.53340756    0.00000000    0.57102106    0.66491043    0.97856618    1.11248737    1.09070780    1.05746654    1.25096803    1.09193032    1.05126256    0.98604084    0.86855419    0.79694792    0.83388558    1.08929742
A0A223V0G6_9FLAO/1-239     1.15110911    1.03418298    1.11158903    1.08574679    1.06196072    1.10517355    0.99534025    0.99998610    2.11131644    1.69215086    1.69494794    1.15661519    1.11106281    1.18889560    1.22084542    1.00953128    1.12966024    0.60806584    0.68752819    0.53844620    0.57102106    0.00000000    0.46635451    1.05810456    1.03260646    1.07774370    0.98566819    1.20668210    1.25085474    1.18721324    1.12263104    0.99144223    0.89242019    1.03895363    1.24770443
A0A1N6VWK3_9FLAO/1-239     1.11334456    1.00173464    1.02019214    1.14941259    1.05475887    1.13160667    0.99302010    1.11618880    2.07478490    1.73374745    1.67297408    1.20546161    1.17788539    1.21994581    1.17571096    1.01153219    1.18223542    0.66910896    0.78771694    0.64050044    0.66491043    0.46635451    0.00000000    1.08471534    1.05966199    1.13827116    1.05311675    1.35972689    1.32014162    1.23440968    1.10728694    1.13584881    0.98566666    1.06874758    1.12378185
A0A1H1QTI0_9FLAO/6-239     1.01689056    0.91108963    0.98080783    1.03072405    1.01134491    0.96097929    0.98781323    1.02813532    2.34170403    1.79502695    1.87105479    1.18050533    1.15068787    1.17160288    1.23961129    1.10872710    1.16214668    1.04038300    1.03050548    1.04928928    0.97856618    1.05810456    1.08471534    0.00000000    0.64850922    0.72932768    0.69876822    0.75399205    1.01373042    1.06551238    1.09826306    0.91435071    0.80996284    0.89628263    1.21798731
M7MFQ6_9FLAO/6-241     0.98808623    0.90982322    1.03440312    0.90813094    1.01985981    0.97580594    0.88242083    0.96763724    2.21923124    1.73527002    1.90278093    1.10165682    1.11899087    1.24144668    1.18100629    1.06217748    1.17581520    0.96572908    0.98870810    0.98869362    1.11248737    1.03260646    1.05966199    0.64850922    0.00000000    0.44976317    0.50737857    0.76449783    1.00711211    1.00766733    0.95037921    0.85530904    0.82703560    0.85181033    1.10242401
A0A1I5C546_9FLAO/4-241     1.22219008    1.10100477    1.16891272    0.97197957    1.05706179    1.06060960    1.02678897    1.08612880    2.27498276    1.84085881    1.86189045    1.21862942    1.18177383    1.28477294    1.21676972    1.14051869    1.23654433    1.14034650    1.10169461    1.02751314    1.09070780    1.07774370    1.13827116    0.72932768    0.44976317    0.00000000    0.63003858    0.79272359    1.02147446    1.02609497    1.02312207    0.92803411    0.97317316    1.05913404    1.25821562
A0A0P0D7G1_9FLAO/6-240     1.16490871    0.95710755    0.95513852    0.99230568    1.05977922    0.97892356    1.04350766    1.04791870    2.03057998    1.75298491    2.01149486    1.15420545    1.20823369    1.24108894    1.19538067    1.14391302    1.20372697    1.09106792    1.06950538    1.00441717    1.05746654    0.98566819    1.05311675    0.69876822    0.50737857    0.63003858    0.00000000    0.66640427    1.00344823    1.05816839    1.10955075    0.96473631    0.88000507    0.99190692    1.11234295
A0A0D7W5G5_9FLAO/4-257     1.27534254    1.14967218    1.25490521    1.21002593    1.40272410    1.32373216    1.24900492    1.28310663    2.34294286    2.01463874    2.30207949    1.27847913    1.23762133    1.38904937    1.29725405    1.21155762    1.31441780    1.38049133    1.27874041    1.29801197    1.25096803    1.20668210    1.35972689    0.75399205    0.76449783    0.79272359    0.66640427    0.00000000    1.26678045    1.25604688    1.19997708    0.93293875    0.95673682    1.12644937    1.30145666
A0A1M6BA95_9FLAO/6-234     1.07356268    1.00910951    0.96288401    1.07625926    0.95717607    1.01814683    1.12110582    0.98933192    2.22657778    1.91326065    2.10164405    1.15739810    1.12236397    1.15153708    1.20547242    1.11446237    1.18172659    1.11805299    1.20502162    1.22803119    1.09193032    1.25085474    1.32014162    1.01373042    1.00711211    1.02147446    1.00344823    1.26678045    0.00000000    0.61178563    0.94660964    0.75643244    1.08547194    0.98605562    1.32341169
A0A167H687_9FLAO/6-242     1.07005866    0.97327245    0.95186381    1.08181053    1.02400332    1.03718562    1.03365295    1.00857377    2.24624888    1.81425632    2.05357658    1.08309941    1.12921260    1.16238692    1.19938230    1.23038061    1.20331171    1.11427866    1.08559739    1.08948695    1.05126256    1.18721324    1.23440968    1.06551238    1.00766733    1.02609497    1.05816839    1.25604688    0.61178563    0.00000000    0.98120969    0.78168211    1.15531814    1.06203731    1.35927243
A0A1H7F9Y9_9FLAO/6-239     1.14396338    1.05255074    1.23906134    1.15049393    1.14521164    1.15323222    1.17861226    1.01092870    2.15185960    1.84589760    1.78591233    1.14607617    1.25336959    1.26405484    1.24376711    1.14516887    1.10992533    1.06264186    1.04642098    1.03250878    0.98604084    1.12263104    1.10728694    1.09826306    0.95037921    1.02312207    1.10955075    1.19997708    0.94660964    0.98120969    0.00000000    0.72985908    1.22791513    1.16424654    1.34366161
H2BV61_9FLAO/6-232     0.91296936    0.98380046    1.02476792    0.97245675    0.90927942    0.94886994    0.92342090    0.91818360    2.14793385    1.66101195    1.77642940    1.01670456    1.01300119    1.04979118    1.03797785    1.03812145    1.04516005    0.98957954    0.97098784    0.95324606    0.86855419    0.99144223    1.13584881    0.91435071    0.85530904    0.92803411    0.96473631    0.93293875    0.75643244    0.78168211    0.72985908    0.00000000    1.01254571    0.86190648    1.16953161
A0A1M6LAN5_9FLAO/1-225     0.64075445    0.56807053    0.68265120    0.69041789    0.59358554    0.55735291    0.66634507    0.73961418    2.17391917    1.79889844    1.75211988    1.07465668    0.99818912    1.07421036    1.05893698    1.03352538    1.11456758    0.76155572    0.91014148    0.80042654    0.79694792    0.89242019    0.98566666    0.80996284    0.82703560    0.97317316    0.88000507    0.95673682    1.08547194    1.15531814    1.22791513    1.01254571    0.00000000    0.35764241    0.71592280
A0A0D6TIE5_9FLAO/4-231     0.58001352    0.61358995    0.56937427    0.53235506    0.49389953    0.48543423    0.64947761    0.59464400    2.10125813    1.72477286    1.81146426    0.98742127    1.12706967    1.16236207    1.12314581    1.11858158    1.20004058    0.77142923    0.90246264    0.88129555    0.83388558    1.03895363    1.06874758    0.89628263    0.85181033    1.05913404    0.99190692    1.12644937    0.98605562    1.06203731    1.16424654    0.86190648    0.35764241    0.00000000    0.74693832
A0A257KCC7_9FLAO/4-234     0.88742777    0.79547957    0.91753815    0.75557852    0.75653442    0.72889202    0.79723191    0.79891865    1.89499856    1.69720993    1.81313017    1.19022728    1.31000811    1.20930853    1.26362824    1.28691555    1.33842267    1.02711736    1.23914975    1.12624864    1.08929742    1.24770443    1.12378185    1.21798731    1.10242401    1.25821562    1.11234295    1.30145666    1.32341169    1.35927243    1.34366161    1.16953161    0.71592280    0.74693832    0.00000000

