8
A0A0R1REU9_9LACO/11-69     0.00000000    1.62080844    1.67319085    2.02826154    1.91620675    2.23944153    1.86228914    2.22036802
F9URC7_LACPL/36-94     1.62080844    0.00000000    1.46522752    1.68567299    1.71835561    1.54978716    1.76761011    1.88241995
A0A0R1SBM8_9LACO/36-94     1.67319085    1.46522752    0.00000000    1.20115140    1.36510138    1.03179102    1.46799537    1.83502277
A0A0R1GEH8_9LACO/31-89     2.02826154    1.68567299    1.20115140    0.00000000    0.96824797    1.00043624    1.13295872    1.68165880
A0A0R2NJG2_9LACO/39-102     1.91620675    1.71835561    1.36510138    0.96824797    0.00000000    0.92516012    1.46606562    1.68517736
A0A1Z5IA23_9LACO/36-99     2.23944153    1.54978716    1.03179102    1.00043624    0.92516012    0.00000000    1.51529625    1.49508511
A0A660DVT3_9LACO/36-94     1.86228914    1.76761011    1.46799537    1.13295872    1.46606562    1.51529625    0.00000000    1.65583023
A0A0H4LAK6_9LACO/37-95     2.22036802    1.88241995    1.83502277    1.68165880    1.68517736    1.49508511    1.65583023    0.00000000

