12
A0A2T0LPV7_9PSEU/1-225     0.00000000    0.97099000    0.90890205    1.04780489    1.66926032    1.82547841    1.68743325    1.59417503    1.60636393    1.97179271    1.73618313    1.61540639
W7SVK8_9PSEU/1-220     0.97099000    0.00000000    1.01406489    1.41255450    2.09123365    2.22832191    2.03321655    1.92566488    1.92822002    1.98267814    1.98389260    2.13014901
A0A076MTF6_AMYME/1-227     0.90890205    1.01406489    0.00000000    1.14798006    1.83205472    1.86695750    1.63826362    1.64013887    1.62868370    2.02235105    1.74864932    1.69511939
A0A1G7ZS41_9PSEU/1-217     1.04780489    1.41255450    1.14798006    0.00000000    2.00676509    2.04452908    1.90893679    1.91769002    1.99821988    2.09530220    1.76520731    1.67343794
A0A1G6WJN0_9PSEU/1-226     1.66926032    2.09123365    1.83205472    2.00676509    0.00000000    1.17544203    1.14966258    1.13098689    1.15892436    2.12129509    1.79729474    1.78686988
A0A2T0TM71_9PSEU/2-213     1.82547841    2.22832191    1.86695750    2.04452908    1.17544203    0.00000000    1.09743103    1.04069293    1.07340032    2.00895881    1.93278536    2.05129465
A0A1H9R007_9PSEU/2-229     1.68743325    2.03321655    1.63826362    1.90893679    1.14966258    1.09743103    0.00000000    0.41452536    0.35294123    2.00485219    1.82577803    1.86079064
A0A1Q4Y2B8_9PSEU/12-240     1.59417503    1.92566488    1.64013887    1.91769002    1.13098689    1.04069293    0.41452536    0.00000000    0.26738176    2.14828961    1.96808820    1.83646564
A0A1V2QBG8_9PSEU/3-230     1.60636393    1.92822002    1.62868370    1.99821988    1.15892436    1.07340032    0.35294123    0.26738176    0.00000000    2.16022414    1.91432656    1.99100664
W9GIK7_9MICO/6-225     1.97179271    1.98267814    2.02235105    2.09530220    2.12129509    2.00895881    2.00485219    2.14828961    2.16022414    0.00000000    1.86539013    1.83655161
A0A1C5K4W9_9ACTN/1-221     1.73618313    1.98389260    1.74864932    1.76520731    1.79729474    1.93278536    1.82577803    1.96808820    1.91432656    1.86539013    0.00000000    0.54006448
A0A248YMW2_9ACTN/1-221     1.61540639    2.13014901    1.69511939    1.67343794    1.78686988    2.05129465    1.86079064    1.83646564    1.99100664    1.83655161    0.54006448    0.00000000

