87
E7RN41_9BACT/1-172     0.00000000    0.41925049    0.56327096    0.48545827    0.44952785    0.47279924    0.46286396    0.48185439    0.42438939    0.45393516    0.57792983    0.54025957    0.45971321    0.51280617    0.49442717    0.55570556    0.47452166    0.44796890    0.59206649    0.55163342    0.38222992    0.46070212    0.62932472    0.64524769    0.58021474    0.62403667    0.81934432    1.02111520    1.21249527    1.33516644    1.47591181    1.27331443    1.33532896    1.77544021    1.14959974    1.47666667    1.47960801    1.56168547    1.59945317    1.43556179    1.36161633    1.28859164    1.14414281    1.05275295    1.00474389    1.38198070    0.99212945    1.11471695    0.93687979    0.93139657    0.94052213    1.15274578    0.96006775    0.97103649    1.25693121    1.20143161    1.48528787    1.30773432    1.09745390    0.86925947    1.25513178    1.18126730    0.88548581    0.76565661    0.84368666    0.76353160    0.71434230    0.68335482    0.62480793    0.66278028    0.93459478    0.71194492    0.91129853    0.89288615    0.75441978    0.77722838    0.77951318    0.46745656    0.57579894    0.48129629    0.44057622    0.40544589    0.45222595    0.40109859    0.48021758    0.50831698    0.44342139
L1N0V6_9BACT/1-172     0.41925049    0.00000000    0.46474080    0.38078156    0.43469633    0.44468410    0.38280159    0.44499679    0.40742319    0.38538682    0.53057933    0.50400769    0.36834543    0.47646496    0.46944977    0.45593523    0.42724909    0.38864797    0.47770005    0.45739624    0.40967406    0.33784494    0.56029757    0.47115510    0.49842240    0.47193642    0.75838257    1.02566587    1.14567807    1.36640119    1.48908394    1.34845840    1.30076131    1.79489583    1.16794997    1.59400743    1.40863820    1.63035806    1.68156397    1.52679786    1.30929002    1.13358091    1.09318763    0.93544101    0.97204692    1.24926945    0.94588094    1.04835476    0.94273725    0.90187316    0.91418111    1.16075185    0.90992640    0.83927540    1.20910221    1.30812925    1.44877872    1.24536148    1.06359325    0.82974180    1.16424705    1.10886726    0.72098070    0.67251295    0.69656746    0.77444636    0.63266656    0.63260349    0.53337806    0.54867867    0.95770877    0.63939648    0.77796553    0.81843600    0.79595678    0.69002472    0.69736264    0.45011854    0.55583542    0.41225943    0.39899785    0.45393011    0.46236314    0.45985013    0.51750146    0.44287196    0.39940855
D3IIN5_9BACT/1-172     0.56327096    0.46474080    0.00000000    0.45866623    0.54607471    0.55081358    0.54166655    0.54353886    0.60311960    0.57083988    0.61274133    0.64671550    0.55355764    0.56538335    0.64714875    0.59433606    0.64679785    0.56685192    0.54681401    0.55102652    0.50356221    0.55133152    0.70298155    0.60408537    0.60327162    0.62285923    0.79308939    1.03960028    1.26296389    1.41324917    1.47486964    1.38152242    1.29068745    1.58752826    1.33350692    1.52824647    1.45021217    1.46892501    1.55187223    1.40900181    1.38441422    1.37609393    1.33022731    1.05039960    1.04311619    1.45388194    0.89047293    0.95149502    0.88588194    0.89520074    0.89114383    1.14815366    0.89526580    0.90983385    1.15304570    1.20196564    1.36224725    1.28686993    1.11479102    0.90303160    1.11859954    1.01619438    0.86705317    0.76287800    0.87383536    0.78489620    0.71891532    0.67754799    0.59884217    0.64212823    0.85621221    0.76179750    0.80868229    0.92983872    0.86037200    0.77974911    0.72845379    0.64808851    0.63969881    0.59055655    0.57415858    0.58304637    0.52086673    0.63321540    0.63395327    0.62160325    0.53755892
U2KRG2_9BACT/1-172     0.48545827    0.38078156    0.45866623    0.00000000    0.39438146    0.40749644    0.38594319    0.38591500    0.46622719    0.46251278    0.54268648    0.47602318    0.41371965    0.47212330    0.53309439    0.38515926    0.43537350    0.38277686    0.40062712    0.39196510    0.36075883    0.35940538    0.48289449    0.50369568    0.53388193    0.58366966    0.89188242    1.08713325    1.20428320    1.46965094    1.49238874    1.43109984    1.29500675    1.79547957    1.22119286    1.60117076    1.50473236    1.57302221    1.68046935    1.48584110    1.29577458    1.15729388    1.14417382    0.99354814    1.05528616    1.37497739    0.92819169    1.01133912    0.85930984    0.93952888    0.97583119    1.19269471    0.91852106    0.90240301    1.16616552    1.31785180    1.42192715    1.35484115    1.09311199    0.87681374    1.18008616    1.03171483    0.79690198    0.61381709    0.74869732    0.77688611    0.63627216    0.67699509    0.58981509    0.65546189    0.71741775    0.66449665    0.72587210    0.82959132    0.71345086    0.69443961    0.60209602    0.44399899    0.51221661    0.40704263    0.40524316    0.42151161    0.40670225    0.42941630    0.40958586    0.40027511    0.39306562
D1Q044_9BACT/1-172     0.44952785    0.43469633    0.54607471    0.39438146    0.00000000    0.31184127    0.29404133    0.45158945    0.40351887    0.39665953    0.57432232    0.46353934    0.37383974    0.37224582    0.50728307    0.48223604    0.46884854    0.45890245    0.54447024    0.42615710    0.42288152    0.42852513    0.55060174    0.47402419    0.54822409    0.53550326    0.79880847    0.99074968    1.19108885    1.35840885    1.32318283    1.18362414    1.31228872    1.66040582    1.11908979    1.35050165    1.38317004    1.49699587    1.50368399    1.31804366    1.18090166    1.12681544    1.00682709    0.90622229    1.03960016    1.26799285    0.92782825    1.13788950    0.97511130    0.93077244    1.03299012    1.17218081    0.94164325    0.91722143    1.14869152    1.19113708    1.40338806    1.27909307    0.98236587    0.87712518    1.08471740    1.15591914    0.83123465    0.70337340    0.83742967    0.74233190    0.69383604    0.61615525    0.56628866    0.63430443    0.77828515    0.69362539    0.82745243    0.86736276    0.84146647    0.71919936    0.72897817    0.46333890    0.55333469    0.47467600    0.47811584    0.47087589    0.48159161    0.46947359    0.44301435    0.48684732    0.41511152
A0A095Y3Y5_9BACT/1-172     0.47279924    0.44468410    0.55081358    0.40749644    0.31184127    0.00000000    0.31904314    0.44612505    0.47622625    0.45642494    0.60630360    0.47826479    0.47471792    0.42621368    0.51117365    0.51692939    0.46616464    0.44922639    0.54369714    0.48932145    0.42653550    0.44985880    0.54997236    0.52210775    0.52384912    0.57733697    0.83530454    1.07037657    1.22804566    1.30896582    1.30426110    1.16605987    1.30903821    1.72794037    1.16613160    1.43611312    1.36362038    1.42736638    1.49850020    1.48193137    1.29347833    1.13613247    1.07706691    0.94451234    0.97203565    1.21674636    0.87991093    1.10797878    0.95443149    0.89158852    0.93602024    1.15232924    0.98025422    0.96278091    1.09010503    1.11815518    1.35394425    1.25416944    1.03359186    0.90576105    1.08114771    1.09844131    0.79713750    0.65819049    0.76307662    0.77706814    0.68257875    0.65961242    0.56475277    0.58173528    0.84765984    0.60823266    0.74961611    0.84669256    0.69937072    0.70719922    0.69019165    0.49850700    0.52949694    0.46162953    0.47445534    0.48536934    0.51288143    0.46162768    0.42318030    0.56951983    0.46294219
F9D3N3_PREDD/1-172     0.46286396    0.38280159    0.54166655    0.38594319    0.29404133    0.31904314    0.00000000    0.34167274    0.44198589    0.42931452    0.49331327    0.41583081    0.39449740    0.39228459    0.53332113    0.47829966    0.38007011    0.36522565    0.47483278    0.39976387    0.33760170    0.44085247    0.54633247    0.47378603    0.47459288    0.56458903    0.84026198    1.07786574    1.18472710    1.38363234    1.28917645    1.23039807    1.36594315    1.79969102    1.18506497    1.49647858    1.27763843    1.49740525    1.56954142    1.41978706    1.31356612    1.08892871    1.05908389    0.93050557    0.96989601    1.26987409    0.90629533    1.05118071    0.84024670    0.78535079    0.89324844    1.14053322    0.86598370    0.78609110    1.13178354    1.16844751    1.39355803    1.25384295    1.08491802    0.82676818    1.17079989    1.07622127    0.75590507    0.70181212    0.76417880    0.83215825    0.63655880    0.65902084    0.56709742    0.59428570    0.85224552    0.68454048    0.84242959    0.89018503    0.82539304    0.68449658    0.69355367    0.39424090    0.55828263    0.49439469    0.42154775    0.43695457    0.42626589    0.45979021    0.39616963    0.46414013    0.38188610
R5PIF2_9BACT/1-172     0.48185439    0.44499679    0.54353886    0.38591500    0.45158945    0.44612505    0.34167274    0.00000000    0.50409698    0.46964195    0.46263810    0.42722980    0.46633601    0.44158188    0.59292138    0.48532393    0.41840643    0.40824671    0.49117617    0.43318243    0.42145542    0.50800506    0.59977003    0.57620954    0.49276341    0.62738427    0.88146467    1.10159110    1.16345717    1.46924095    1.53063364    1.43730439    1.46416122    1.75536537    1.25401949    1.72721255    1.40607839    1.61917440    1.77693667    1.46621765    1.36281680    1.14561339    1.22415913    0.96546692    1.00697073    1.48859294    1.01405242    1.11532673    0.93769616    0.88864530    0.93338155    1.18113206    1.03994109    0.88817082    1.14296430    1.25982693    1.40073593    1.34609341    1.04772923    0.90788919    1.23701303    1.15661499    0.78891488    0.71784328    0.79827832    0.90313796    0.66177577    0.66690015    0.56741912    0.64023901    0.84830919    0.61724311    0.75264636    0.83579513    0.72632556    0.66069805    0.61775734    0.44571460    0.61387957    0.51420329    0.35855410    0.44134637    0.39275221    0.39534654    0.43547525    0.45383516    0.39652663
A0A1K1LPU8_9BACT/1-164     0.42438939    0.40742319    0.60311960    0.46622719    0.40351887    0.47622625    0.44198589    0.50409698    0.00000000    0.24649882    0.44978436    0.40070001    0.36931591    0.47860517    0.45681659    0.42332959    0.49880119    0.46574267    0.50098558    0.44377732    0.39894681    0.36491029    0.59243188    0.51858149    0.53411197    0.52279613    0.79020930    1.08826750    1.20810572    1.38788572    1.40557607    1.22521756    1.36142595    1.79497812    1.25943603    1.34845268    1.32144493    1.52099635    1.45699759    1.39058359    1.17815708    1.24927347    1.13461661    0.89137513    0.79224749    1.17087078    1.03689457    1.06305059    0.89715810    0.80891055    0.89483473    1.13607486    0.86697769    0.90322633    1.08265229    1.31782736    1.40397161    1.36514311    0.93194148    0.86197122    1.08555812    1.05551867    0.73191664    0.69482196    0.72552267    0.65935331    0.68812674    0.63766658    0.55983090    0.53850853    0.94225083    0.54473249    0.83216772    0.84129106    0.76204208    0.64607318    0.66638755    0.43929368    0.49782647    0.43918620    0.44545648    0.40373083    0.42977522    0.40629656    0.42304430    0.44392450    0.44136810
A0A1H4CY44_9BACT/1-165     0.45393516    0.38538682    0.57083988    0.46251278    0.39665953    0.45642494    0.42931452    0.46964195    0.24649882    0.00000000    0.46747281    0.34844330    0.34163066    0.47287234    0.46818051    0.47840225    0.46698346    0.50965351    0.44027178    0.43345274    0.42105910    0.42655079    0.53167372    0.54088739    0.47630880    0.44204521    0.83763881    1.05119523    1.23165366    1.42979236    1.55525764    1.20506460    1.34258045    1.77150869    1.09036568    1.41055483    1.41253294    1.56861723    1.64119645    1.35135665    1.18387343    1.10741668    1.15431526    0.87672828    0.82535701    1.22269146    1.07639859    1.02246600    0.86608215    0.80713596    0.93025197    1.17971730    0.85695591    0.83164566    1.13106475    1.28233974    1.37585022    1.38264375    1.01718845    0.89037202    1.14841274    1.17157254    0.69540737    0.65721001    0.70248504    0.74250475    0.64796430    0.62023658    0.52356859    0.53704224    0.90508604    0.50529908    0.83460776    0.78088291    0.75250691    0.64062823    0.66336865    0.45955286    0.54846632    0.48634966    0.47729839    0.40787153    0.38227222    0.42037338    0.39042605    0.48640403    0.46998715
R6F0B4_9BACT/1-172     0.57792983    0.53057933    0.61274133    0.54268648    0.57432232    0.60630360    0.49331327    0.46263810    0.44978436    0.46747281    0.00000000    0.47259658    0.50263797    0.47011845    0.53073399    0.57146217    0.56954105    0.48255631    0.53341928    0.47261988    0.47600355    0.51820383    0.56840014    0.66004277    0.59093933    0.57366545    0.99759896    1.10712300    1.30315320    1.41196376    1.47706352    1.25634738    1.44676630    1.73711506    1.30128832    1.47485086    1.48984746    1.71212790    1.69549033    1.31715267    1.21764119    1.12676615    1.22785584    1.01993092    0.87895155    1.19725827    0.95438167    1.07398641    0.97738999    0.96327766    1.00173866    1.05460340    1.08781649    0.95298652    1.13567021    1.20501800    1.51403127    1.42229540    1.08968668    0.97947019    1.15743772    1.11102482    0.83558493    0.81686176    0.82556773    0.79677682    0.66281076    0.66171992    0.60433305    0.62324489    0.88345967    0.67307671    0.92057863    0.89995543    0.75363645    0.68290304    0.67179862    0.48544348    0.48949952    0.49162404    0.48679067    0.44037811    0.42305235    0.51987927    0.50559247    0.50905255    0.51132870
A0A255S5A2_9BACT/1-168     0.54025957    0.50400769    0.64671550    0.47602318    0.46353934    0.47826479    0.41583081    0.42722980    0.40070001    0.34844330    0.47259658    0.00000000    0.36809106    0.51886787    0.49870442    0.45061578    0.46843789    0.46632014    0.48160137    0.38937037    0.44012134    0.50111514    0.51421750    0.59672561    0.50044308    0.55586688    0.81887437    1.03511040    1.33856431    1.37087136    1.33238498    1.18907583    1.34277333    1.61036880    1.12575516    1.42382633    1.24459790    1.49672748    1.65392638    1.44510560    1.24185051    1.11337688    1.08645345    0.99732748    0.94362060    1.21035122    1.02050021    0.98618011    0.98016225    0.90626560    0.96668310    1.23883640    1.03967987    0.83509438    1.05530577    1.20943230    1.34655356    1.35325008    0.99720856    0.97191272    1.10142193    1.14373547    0.76165611    0.70293944    0.78384288    0.79885068    0.70132895    0.71798024    0.57392132    0.64874395    0.81636477    0.52814961    0.81763471    0.75508082    0.77897095    0.68206860    0.65468193    0.51522019    0.51048142    0.47510645    0.46904442    0.45468204    0.47083176    0.47137347    0.43689038    0.46474129    0.47207908
A0A1I0N5W2_9BACT/3-170     0.45971321    0.36834543    0.55355764    0.41371965    0.37383974    0.47471792    0.39449740    0.46633601    0.36931591    0.34163066    0.50263797    0.36809106    0.00000000    0.44821694    0.47369247    0.44701156    0.48952782    0.46678405    0.49272284    0.40958440    0.44620484    0.41628532    0.57598730    0.50346006    0.51139079    0.55609591    0.74094990    1.01211540    1.27934434    1.31701173    1.36127902    1.21041651    1.27909587    1.60480894    1.06675995    1.40303952    1.27100759    1.40992435    1.47575475    1.34512635    1.26867830    1.01486147    1.07377991    0.97724729    1.00541736    1.30421778    1.03385822    1.13315728    0.98881075    0.91314649    1.00324485    1.23530961    0.95558387    0.82072561    1.14606881    1.17818546    1.48034562    1.22811662    0.98424844    0.85505307    1.09679957    1.12547376    0.83757290    0.63770579    0.80740728    0.77644370    0.67508479    0.63655718    0.53746457    0.59686955    0.82743810    0.63232493    0.79510804    0.82008074    0.77305290    0.63698853    0.64572147    0.43615955    0.49262777    0.44818354    0.46018449    0.47123197    0.42813939    0.47123124    0.44290518    0.42340939    0.45935619
F8NBV9_9BACT/1-172     0.51280617    0.47646496    0.56538335    0.47212330    0.37224582    0.42621368    0.39228459    0.44158188    0.47860517    0.47287234    0.47011845    0.51886787    0.44821694    0.00000000    0.42718341    0.52893839    0.46856547    0.46378517    0.53366688    0.49266370    0.42177368    0.48223713    0.63186082    0.56380563    0.46838032    0.58917815    0.76594115    0.96387243    1.20727057    1.37979378    1.48414659    1.27911714    1.36091267    1.77033374    1.21791832    1.63664669    1.49650933    1.64271451    1.63195617    1.48170529    1.31108221    1.20532257    1.23789655    0.98514836    1.06462360    1.28599685    0.94343453    1.03694463    1.06124149    0.89377053    1.00578076    1.17980863    1.02347579    0.92217575    1.21076153    1.31953183    1.50089337    1.28926645    0.99631346    0.81718680    1.15798947    1.16283675    0.85458455    0.72689453    0.83496653    0.76698969    0.72841958    0.61992626    0.54888188    0.61845906    0.86567676    0.67674186    0.80419843    0.77150288    0.78235362    0.63972117    0.65008358    0.40171883    0.56390287    0.47388323    0.42254257    0.45275481    0.43218507    0.39284197    0.46287506    0.50604497    0.44746286
D1W0S2_9BACT/1-172     0.49442717    0.46944977    0.64714875    0.53309439    0.50728307    0.51117365    0.53332113    0.59292138    0.45681659    0.46818051    0.53073399    0.49870442    0.47369247    0.42718341    0.00000000    0.49748496    0.46696835    0.44521419    0.46459299    0.49078702    0.43152081    0.45561341    0.55680930    0.60007130    0.52569051    0.49865585    0.85318152    1.10739314    1.32428109    1.44817229    1.50225184    1.29961778    1.36839138    1.68939138    1.22020391    1.39822279    1.42140036    1.53140686    1.51008872    1.52135834    1.34808428    1.23300388    1.19227499    0.95335268    0.96846708    1.33941958    1.02739522    1.02601443    1.02197994    0.88132772    1.02319628    1.11053330    1.00891276    0.87476375    1.25773354    1.26594008    1.45257940    1.39869723    1.08711503    1.02179123    1.21065051    1.23507935    0.84856068    0.69275985    0.86744270    0.74490562    0.67012695    0.64336255    0.57776922    0.56510786    0.87311860    0.60588829    0.86480058    0.80542009    0.83268154    0.73503212    0.71563046    0.43351967    0.49733746    0.39935429    0.47448021    0.43788344    0.44457362    0.50744692    0.52720078    0.57832095    0.42034646
G1WCQ0_9BACT/1-172     0.55570556    0.45593523    0.59433606    0.38515926    0.48223604    0.51692939    0.47829966    0.48532393    0.42332959    0.47840225    0.57146217    0.45061578    0.44701156    0.52893839    0.49748496    0.00000000    0.31766989    0.30426902    0.36826904    0.35920214    0.38418445    0.41678291    0.47781711    0.48963423    0.51018338    0.55030581    0.82960581    1.07245021    1.33772801    1.49133781    1.51925436    1.23917090    1.40031538    1.67530993    1.21759934    1.47841190    1.35777608    1.53458165    1.56082301    1.45302094    1.34001571    1.09026134    1.05986788    0.89067671    0.93417521    1.31470283    0.98199119    1.06570340    0.97099676    0.88330523    0.95206534    1.06840398    0.88135150    0.86268415    1.21674062    1.35739155    1.34796323    1.50527752    1.14755227    0.95777910    1.08573983    1.10899210    0.74203265    0.65664982    0.82334031    0.73679008    0.63719416    0.62547789    0.52542626    0.60682149    0.79874958    0.60678076    0.87979647    0.91859777    0.74432779    0.71874179    0.63846883    0.39644800    0.36998085    0.36709223    0.35896614    0.38934959    0.42437852    0.48561052    0.42159803    0.43484511    0.40628025
H1HKJ4_9BACT/1-172     0.47452166    0.42724909    0.64679785    0.43537350    0.46884854    0.46616464    0.38007011    0.41840643    0.49880119    0.46698346    0.56954105    0.46843789    0.48952782    0.46856547    0.46696835    0.31766989    0.00000000    0.27509648    0.37981721    0.37697142    0.34289641    0.42625011    0.46993342    0.49336751    0.49274380    0.52240742    0.87104359    1.00217728    1.35490877    1.43610177    1.52020672    1.24376767    1.21668489    1.75133700    1.26323717    1.51230053    1.39329713    1.57645863    1.67802243    1.48197673    1.34544040    1.05004100    0.96930605    0.87405981    0.86853861    1.33193242    0.94742084    1.06077463    1.00781756    0.93671586    1.11956915    1.15895155    0.99757575    0.82114175    1.21992364    1.21929315    1.44117074    1.38522642    1.13031850    0.98975772    1.16223200    1.15740820    0.73085630    0.65011422    0.78166572    0.77170377    0.56661657    0.55896654    0.48421980    0.54231631    0.86845160    0.62385727    0.81443628    0.82071088    0.70622588    0.68003879    0.62534509    0.35819370    0.45137568    0.41617174    0.41591692    0.34951204    0.44389896    0.39811540    0.43245613    0.38103889    0.34141750
U2P827_9BACT/1-172     0.44796890    0.38864797    0.56685192    0.38277686    0.45890245    0.44922639    0.36522565    0.40824671    0.46574267    0.50965351    0.48255631    0.46632014    0.46678405    0.46378517    0.44521419    0.30426902    0.27509648    0.00000000    0.33056017    0.34397725    0.32990094    0.32086216    0.51427776    0.50541510    0.46145170    0.53749165    0.80009864    1.06495040    1.32747871    1.39670449    1.42547626    1.30674811    1.33828853    1.69858542    1.26704211    1.55653032    1.37870245    1.59373126    1.68966264    1.39095388    1.37037509    1.09152110    1.01043403    0.96567658    0.96082238    1.28338579    0.94437888    1.07860391    0.92714752    0.95144914    0.99063385    1.03978817    0.98366235    0.83715678    1.23615332    1.24073313    1.35980348    1.40757241    1.05991327    0.91628384    1.13384991    1.06537748    0.82569772    0.69653775    0.77344056    0.74747974    0.62279486    0.57869620    0.51859186    0.53682982    0.80195773    0.61228583    0.76876984    0.79491793    0.68839005    0.60585419    0.57841665    0.42100853    0.44196335    0.36929033    0.35016780    0.36627427    0.39574311    0.42312923    0.39635002    0.41059223    0.27857551
R6VQ79_9BACT/1-172     0.59206649    0.47770005    0.54681401    0.40062712    0.54447024    0.54369714    0.47483278    0.49117617    0.50098558    0.44027178    0.53341928    0.48160137    0.49272284    0.53366688    0.46459299    0.36826904    0.37981721    0.33056017    0.00000000    0.36388755    0.35083567    0.43214311    0.47056902    0.46977309    0.46093004    0.48087527    0.77007496    1.04826530    1.24868871    1.42566957    1.54444026    1.21879504    1.29650502    1.64919493    1.28319146    1.47868550    1.39253321    1.51079765    1.61973441    1.26193375    1.25942854    1.13627140    1.15357561    0.84581827    0.88661890    1.33473454    0.83268808    0.94161471    0.86080268    0.92595864    0.96519186    1.18652004    0.88379212    0.85286550    1.19049745    1.16352413    1.41248015    1.51223302    1.06017227    0.95723593    1.03982980    0.93997013    0.67072575    0.62276247    0.66284250    0.75531882    0.58573962    0.56715564    0.49900805    0.50617037    0.76309196    0.52410785    0.67010130    0.78840758    0.68504192    0.60662552    0.47003061    0.44562065    0.40591038    0.39321396    0.44065196    0.46739230    0.48852218    0.43778030    0.38253346    0.42562815    0.38289877
A0A239RKD7_9BACT/2-173     0.55163342    0.45739624    0.55102652    0.39196510    0.42615710    0.48932145    0.39976387    0.43318243    0.44377732    0.43345274    0.47261988    0.38937037    0.40958440    0.49266370    0.49078702    0.35920214    0.37697142    0.34397725    0.36388755    0.00000000    0.33769314    0.39174062    0.51497643    0.46901576    0.46290948    0.47814134    0.84882124    1.07761368    1.37745620    1.41965996    1.34951813    1.30168581    1.37966625    1.56396701    1.22354890    1.48920101    1.38116956    1.57249811    1.56808342    1.39320145    1.34937915    1.12500645    1.06859614    0.89953986    0.94769186    1.31739517    0.88453579    1.06162516    0.79486534    0.85295266    0.97102789    1.02417416    0.85302412    0.88487757    1.09456050    1.26297242    1.47414852    1.42293140    0.97900718    0.96118398    1.10909318    1.06131609    0.73608642    0.68805662    0.77845544    0.79563234    0.65442996    0.63893701    0.50020698    0.59653989    0.75808988    0.65648542    0.73901794    0.86244938    0.77954537    0.66216660    0.61985970    0.40409579    0.43086827    0.42943491    0.43053191    0.39996731    0.45535494    0.46822088    0.39198064    0.39875111    0.39419008
A0A1I2NK40_9BACT/1-172     0.38222992    0.40967406    0.50356221    0.36075883    0.42288152    0.42653550    0.33760170    0.42145542    0.39894681    0.42105910    0.47600355    0.44012134    0.44620484    0.42177368    0.43152081    0.38418445    0.34289641    0.32990094    0.35083567    0.33769314    0.00000000    0.30883282    0.48964186    0.53186431    0.48369597    0.49730822    0.82367042    1.04533895    1.32015573    1.43561261    1.47827392    1.38941428    1.30936083    1.63087139    1.31121916    1.50128878    1.41234575    1.55077310    1.61381993    1.43209123    1.33795577    1.10164102    1.07896132    0.97142892    0.97554718    1.19744670    0.97505253    1.02213399    0.96084499    0.92091968    0.93708901    1.19561610    0.88908698    0.91553944    1.24620587    1.17258620    1.50221009    1.38309376    1.12229315    0.93303625    1.19120996    1.09577745    0.73296542    0.66130437    0.76552403    0.75678498    0.55888780    0.61179166    0.52129943    0.54027868    0.78729695    0.59586253    0.72769110    0.80098986    0.75632434    0.61575689    0.56925288    0.39309221    0.43078818    0.40110750    0.34585505    0.36494801    0.41468846    0.36274703    0.39136319    0.41756723    0.35528804
A0A099C0M3_9BACT/1-172     0.46070212    0.33784494    0.55133152    0.35940538    0.42852513    0.44985880    0.44085247    0.50800506    0.36491029    0.42655079    0.51820383    0.50111514    0.41628532    0.48223713    0.45561341    0.41678291    0.42625011    0.32086216    0.43214311    0.39174062    0.30883282    0.00000000    0.51198294    0.49520694    0.53768670    0.51543052    0.77048276    1.02819966    1.24512790    1.44194372    1.42671532    1.26549125    1.32738974    1.73340281    1.30241595    1.51242703    1.37135225    1.61697880    1.64777156    1.46386435    1.27063306    1.14827276    1.08089528    0.91325025    0.91798590    1.25520397    1.02766858    1.10578522    0.96775560    0.88583118    0.92158455    1.07284333    0.94336425    0.84013227    1.16165759    1.28023907    1.43241992    1.25777321    1.14580556    1.00492649    1.12498083    1.11213525    0.79672956    0.67745168    0.75934899    0.69745540    0.63296636    0.61435441    0.52278060    0.50107430    0.87732629    0.56313150    0.78802309    0.82598480    0.76279163    0.62334863    0.64621109    0.44605474    0.45377023    0.36257067    0.39817373    0.39114682    0.43720102    0.43165883    0.44080775    0.47267651    0.36773593
H1Q230_9BACT/1-172     0.62932472    0.56029757    0.70298155    0.48289449    0.55060174    0.54997236    0.54633247    0.59977003    0.59243188    0.53167372    0.56840014    0.51421750    0.57598730    0.63186082    0.55680930    0.47781711    0.46993342    0.51427776    0.47056902    0.51497643    0.48964186    0.51198294    0.00000000    0.61962146    0.62834189    0.64874932    1.00044661    1.23911120    1.46404958    1.59342757    1.66234877    1.27432393    1.22819778    1.76142770    1.13602160    1.46774633    1.37495359    1.57067889    1.67786785    1.38641281    1.42270845    1.29817869    1.32863180    1.04647728    0.92246105    1.42100749    1.08280194    1.04869817    1.15679885    1.00436841    1.06411162    1.30874871    1.07576009    0.96586114    1.31968864    1.32333335    1.58919436    1.47851325    1.25548490    1.15457833    1.32945041    1.26152516    0.86328391    0.85635142    0.97014358    0.90627768    0.77528778    0.73890419    0.66461220    0.68755550    0.90878377    0.73829133    0.92138124    0.94323516    0.85019812    0.77991441    0.80162831    0.51314426    0.53950956    0.54906244    0.55857795    0.51698343    0.57035437    0.62034933    0.54802975    0.60184158    0.57128139
E0NUC2_9BACT/10-181     0.64524769    0.47115510    0.60408537    0.50369568    0.47402419    0.52210775    0.47378603    0.57620954    0.51858149    0.54088739    0.66004277    0.59672561    0.50346006    0.56380563    0.60007130    0.48963423    0.49336751    0.50541510    0.46977309    0.46901576    0.53186431    0.49520694    0.61962146    0.00000000    0.54627824    0.53928735    0.93382378    1.16286346    1.09056623    1.32132561    1.34198624    1.20692007    1.29458764    1.60570717    1.21552990    1.38660343    1.34003476    1.50940349    1.46079654    1.28329376    1.15129549    1.10923663    1.04609550    0.86571829    0.99887393    1.46056014    0.93765404    1.11700703    0.84312308    0.90313627    1.11751399    1.26138478    0.87645152    0.97454099    1.11923516    1.38660018    1.39942861    1.32569477    1.03415381    0.89170690    1.11522264    0.96678490    0.77760020    0.75315877    0.78450781    0.80392055    0.71631678    0.68041168    0.61752220    0.61081749    0.99284002    0.65291534    0.90656168    0.87094100    0.86076561    0.64554016    0.65012161    0.45178916    0.51841238    0.45946735    0.51898314    0.50016995    0.48432164    0.47263628    0.50955088    0.50755078    0.48304197
R5NXQ5_9BACT/1-172     0.58021474    0.49842240    0.60327162    0.53388193    0.54822409    0.52384912    0.47459288    0.49276341    0.53411197    0.47630880    0.59093933    0.50044308    0.51139079    0.46838032    0.52569051    0.51018338    0.49274380    0.46145170    0.46093004    0.46290948    0.48369597    0.53768670    0.62834189    0.54627824    0.00000000    0.51792347    0.84263821    1.17063256    1.24315884    1.43355313    1.38735628    1.23727770    1.41460874    1.62683075    1.08840468    1.53403720    1.24259928    1.40247897    1.46763812    1.36661837    1.28697643    1.15965834    1.19452628    0.95122702    0.92694194    1.38375461    0.88751500    0.89669633    0.81839272    0.78689860    0.91277559    1.14064292    0.95744369    0.73522627    1.10018332    1.27779332    1.49236574    1.34949368    1.14937486    0.75917900    1.12082126    1.06553366    0.72500847    0.66939781    0.80888690    0.83153847    0.63442311    0.56116930    0.53798959    0.53946761    0.76934573    0.61721275    0.73594530    0.72318864    0.71347248    0.56364705    0.64167035    0.44305744    0.50843038    0.48405082    0.52225042    0.46216216    0.43345845    0.54196704    0.54072148    0.52243419    0.52025491
A0A1G7QWV8_9BACT/4-174     0.62403667    0.47193642    0.62285923    0.58366966    0.53550326    0.57733697    0.56458903    0.62738427    0.52279613    0.44204521    0.57366545    0.55586688    0.55609591    0.58917815    0.49865585    0.55030581    0.52240742    0.53749165    0.48087527    0.47814134    0.49730822    0.51543052    0.64874932    0.53928735    0.51792347    0.00000000    0.72018505    1.00445748    1.20051698    1.24996944    1.31844558    1.20624452    1.17503117    1.46516316    1.22058635    1.29018796    1.34678355    1.43429306    1.47191520    1.25730572    1.23029515    1.10877000    1.22964719    0.88013098    0.89635161    1.11375977    0.91498567    0.90449477    0.89274436    0.89950719    1.00702783    1.03235223    0.97396315    0.96649927    1.19413382    1.27678396    1.41920716    1.27356760    0.99318912    0.91282580    0.96191595    0.98930805    0.69460211    0.64928659    0.64421046    0.63022256    0.67829182    0.57976104    0.46514260    0.48057669    0.78200327    0.54925587    0.74743773    0.75562852    0.69349983    0.56358549    0.59286462    0.44945005    0.46209594    0.47229319    0.55816701    0.51162877    0.55847932    0.47529359    0.48478327    0.63520562    0.52668040
F3ZQC4_9BACE/1-172     0.81934432    0.75838257    0.79308939    0.89188242    0.79880847    0.83530454    0.84026198    0.88146467    0.79020930    0.83763881    0.99759896    0.81887437    0.74094990    0.76594115    0.85318152    0.82960581    0.87104359    0.80009864    0.77007496    0.84882124    0.82367042    0.77048276    1.00044661    0.93382378    0.84263821    0.72018505    0.00000000    0.86537241    1.29315757    1.29392192    1.52290245    1.24430197    1.26189906    1.62888457    1.28092808    1.46944354    1.49030333    1.65663390    1.57050992    1.33479466    1.28456224    1.22577814    1.21709959    1.03937165    1.07834694    1.15084202    0.97874227    1.21347580    1.26701490    1.05579250    1.09934782    1.43502614    1.17991512    1.14891607    1.22237969    1.24648950    1.43178746    1.40288251    1.08453197    1.04946499    1.15655962    1.22765623    0.84514631    0.77138247    0.80559385    0.69658711    0.73279750    0.63535914    0.53744977    0.62689308    0.78500446    0.70760679    0.81561291    0.91730301    0.79757351    0.72927618    0.77186654    0.80334775    0.81422665    0.78042336    0.88873393    0.92879741    0.87930263    0.77862357    0.82793909    0.93476516    0.84200350
F3ZQB9_9BACE/1-172     1.02111520    1.02566587    1.03960028    1.08713325    0.99074968    1.07037657    1.07786574    1.10159110    1.08826750    1.05119523    1.10712300    1.03511040    1.01211540    0.96387243    1.10739314    1.07245021    1.00217728    1.06495040    1.04826530    1.07761368    1.04533895    1.02819966    1.23911120    1.16286346    1.17063256    1.00445748    0.86537241    0.00000000    1.30376187    1.23604630    1.55352556    1.26876603    1.26293325    1.64222566    1.27876902    1.52705532    1.57338601    1.56619533    1.58993321    1.35179685    1.36351258    1.16910784    1.23673570    1.32820857    1.20553430    1.47898083    1.16461727    1.23303202    1.43156609    1.39294475    1.36336345    1.49687442    1.50824107    1.36045009    1.38043866    1.54968150    1.79738184    1.48730205    1.35189675    1.35523214    1.51507786    1.37460904    1.14158130    1.01293003    1.04503192    1.08992721    1.08321163    0.99058846    0.87536162    0.92755165    1.19203037    1.02751591    1.24158657    1.08471988    1.21992770    1.02309613    1.09543270    1.11504756    1.09187210    1.02445504    0.97065118    1.01169742    1.13418286    0.97497424    1.06958529    1.10587500    1.12597710
A0A1I1Y9D2_9BACT/9-179     1.21249527    1.14567807    1.26296389    1.20428320    1.19108885    1.22804566    1.18472710    1.16345717    1.20810572    1.23165366    1.30315320    1.33856431    1.27934434    1.20727057    1.32428109    1.33772801    1.35490877    1.32747871    1.24868871    1.37745620    1.32015573    1.24512790    1.46404958    1.09056623    1.24315884    1.20051698    1.29315757    1.30376187    0.00000000    0.79654294    1.01463951    1.10283859    1.27468836    1.73349471    1.22076351    1.46838154    1.45674709    1.59832912    1.40537296    1.27865757    1.16655914    1.21610237    1.19935486    1.39949544    1.42236889    1.77100611    1.49792117    1.65200894    1.49823094    1.48184689    1.61839166    1.72189010    1.51993220    1.68881715    1.32083078    1.50149026    1.64880010    1.42869942    1.61894871    1.32036963    1.72531249    1.50777066    1.25111961    1.16034980    1.27572059    1.45529113    1.34155500    1.28294607    1.40361687    1.27465416    1.62464754    1.33178979    1.50157649    1.45719265    1.30376005    1.23940549    1.27104318    1.21880241    1.31079504    1.24587132    1.23010918    1.26262607    1.30352216    1.15184246    1.18478373    1.25896188    1.27489257
A0A1T5FUT8_9BACT/5-175     1.33516644    1.36640119    1.41324917    1.46965094    1.35840885    1.30896582    1.38363234    1.46924095    1.38788572    1.42979236    1.41196376    1.37087136    1.31701173    1.37979378    1.44817229    1.49133781    1.43610177    1.39670449    1.42566957    1.41965996    1.43561261    1.44194372    1.59342757    1.32132561    1.43355313    1.24996944    1.29392192    1.23604630    0.79654294    0.00000000    0.60424043    1.23444762    1.19392725    1.58269001    1.38586134    1.47593593    1.53566236    1.62268018    1.49660062    1.33116502    1.38368011    1.39747126    1.34763167    1.55067150    1.63913976    1.77709119    1.35654699    1.60940892    1.63314431    1.51268560    1.50692917    1.59428456    1.50257187    1.59503134    1.61183265    1.64050860    1.85889153    1.66217923    1.75342923    1.46797845    1.63017328    1.61923668    1.36144546    1.26861903    1.42142909    1.43569326    1.35119102    1.37000548    1.41494593    1.34492217    1.62850417    1.34912840    1.61308489    1.60282037    1.51495950    1.44050121    1.47174382    1.42096053    1.39352547    1.28105968    1.34723098    1.30068248    1.38698032    1.27310875    1.28627101    1.42489443    1.48691272
A0A0E9LS94_9BACT/4-174     1.47591181    1.48908394    1.47486964    1.49238874    1.32318283    1.30426110    1.28917645    1.53063364    1.40557607    1.55525764    1.47706352    1.33238498    1.36127902    1.48414659    1.50225184    1.51925436    1.52020672    1.42547626    1.54444026    1.34951813    1.47827392    1.42671532    1.66234877    1.34198624    1.38735628    1.31844558    1.52290245    1.55352556    1.01463951    0.60424043    0.00000000    1.33360913    1.36980791    1.65590755    1.45218420    1.48156362    1.48448038    1.64687812    1.50834426    1.32943854    1.45155003    1.36444397    1.35893947    1.59695658    1.62873466    1.82855146    1.46855427    1.86379743    1.45945788    1.39327471    1.58187231    1.84699860    1.53937458    1.69605244    1.63633627    1.49207021    1.85114832    1.63599767    1.68192220    1.51239942    1.86787214    1.74418926    1.52147780    1.39205178    1.64661381    1.50558193    1.46826307    1.46625572    1.40215752    1.29666728    1.71412936    1.46463851    1.75145871    1.64675883    1.46705048    1.48749582    1.53479930    1.51348739    1.39859630    1.41850279    1.39852982    1.37299438    1.50408184    1.41072331    1.38962637    1.36195509    1.46226075
W7YGS9_9BACT/8-179     1.27331443    1.34845840    1.38152242    1.43109984    1.18362414    1.16605987    1.23039807    1.43730439    1.22521756    1.20506460    1.25634738    1.18907583    1.21041651    1.27911714    1.29961778    1.23917090    1.24376767    1.30674811    1.21879504    1.30168581    1.38941428    1.26549125    1.27432393    1.20692007    1.23727770    1.20624452    1.24430197    1.26876603    1.10283859    1.23444762    1.33360913    0.00000000    1.15874474    1.53158063    1.03742344    1.01920603    1.26539347    1.25063906    1.28684214    1.29082752    0.98550968    1.07030033    1.08039392    1.48118471    1.27111122    1.50595855    1.27147575    1.71365171    1.41648061    1.41144784    1.56498756    1.60693546    1.44184833    1.49072895    1.29921068    1.41866120    1.72252564    1.59402218    1.56851289    1.49765758    1.62083530    1.65874403    1.29584190    1.14926829    1.27224611    1.29409696    1.25051019    1.27482854    1.22051830    1.13775861    1.47266329    1.16096807    1.50931153    1.47206465    1.35076683    1.24679014    1.36418039    1.24881139    1.21784886    1.27499250    1.31549267    1.23267146    1.34174689    1.21178664    1.13747657    1.32525282    1.28669229
