75
A0A0L8HZV3_OCTBM/573-666     0.00000000    1.11142566    1.20776239    1.44372045    1.11851347    1.28138032    0.98103699    1.33207616    1.28046747    1.42015666    1.32212584    1.53591653    1.56074486    2.26564490    1.85248297    2.15968180    2.23922322    2.20621208    1.92751189    1.85597083    1.78914233    1.85024947    2.47591825    1.58009846    2.10621884    1.68537587    2.30530188    2.32654962    2.58546965    2.46084970    1.73000762    2.41862054    2.15980517    2.15289253    2.31130383    1.57415168    1.52998247    1.73564152    1.45991257    1.32856855    1.69017645    1.77995586    1.48048949    1.63547939    1.76929763    1.66158326    1.55755871    1.45479586    1.72190995    1.36650476    1.63188508    1.53514580    1.75883684    2.07781776    2.46887526    2.29589327    2.81716593    2.63101140    1.56315065    1.70767864    2.19622869    1.54158369    1.65827644    1.97845200    1.22776787    1.37917886    1.00527820    1.24205993    0.84845450    0.94495011    0.95140594    0.91330209    0.80910043    0.90221455    0.83805681
A0A443STF5_9ACAR/554-647     1.11142566    0.00000000    0.78231625    1.43773731    1.54193792    1.39858118    1.10503281    1.38488130    1.46162678    1.61837926    1.02604604    1.51435513    1.89636222    2.54938773    1.80661384    2.56394681    2.53873095    2.54449815    2.46490678    2.16578231    2.17330382    2.52990550    2.27102427    1.74683904    2.32536100    2.10187640    2.54237643    2.46376870    2.61673968    2.45940381    2.32807056    2.32442503    2.43412637    2.55815707    2.63048714    2.09239870    1.61936332    2.60303232    1.79737755    1.91138878    1.97250919    3.08426720    2.01607101    1.86380323    1.82311135    1.94923615    1.95045494    1.77857080    1.87920852    1.61111026    2.04469515    1.83841999    2.10251095    2.90381255    2.58841941    2.27755867    2.76018570    2.90127864    2.08137150    1.54657182    2.43762242    1.59533908    2.59795719    1.41968083    1.51799200    1.70529459    0.94388170    1.02362674    0.92599745    1.14094383    1.02002062    0.88248196    1.15857114    1.16548341    1.21585546
B7PNV5_IXOSC/541-634     1.20776239    0.78231625    0.00000000    1.24546544    1.07525232    1.40439410    0.94180481    1.21711363    1.37645958    1.63698037    1.08133446    1.73501675    1.60719145    2.78857605    2.01223067    3.03849270    2.38605638    2.58827205    2.84597697    2.19592341    1.92854992    2.69130550    2.90832720    1.97770671    2.70397060    2.26856757    2.56694587    2.77911984    3.27715618    3.33084873    1.76212583    2.02788302    2.00881128    2.24551623    2.19833925    1.85619303    1.61478016    2.07662298    2.02213931    1.84563286    1.78110729    2.75321644    1.90794481    1.68414470    2.01008864    2.05461402    1.78710056    1.75628192    1.91528142    1.46404795    1.92778750    2.02001739    2.35995078    1.77572042    3.17941065    2.06943114    2.51821611    3.28331995    1.89375278    1.37022428    2.13678187    1.62230889    2.61311486    1.92755043    1.76381882    1.47429422    1.02425313    1.11113741    0.98151005    1.08725702    1.10530601    0.93187230    1.06103741    1.02383214    1.02679006
A0A1D1UFE4_RAMVA/558-651     1.44372045    1.43773731    1.24546544    0.00000000    1.30714334    1.63082659    1.45647355    1.47627318    1.37608563    1.72754641    1.41577153    1.91600145    1.83138564    1.79181900    1.74744387    2.36858764    2.14957285    2.03377019    2.15273089    1.86764810    2.18253372    2.00675262    2.65165124    2.21546999    2.15434970    1.94573343    2.79309744    2.76787811    2.59821212    3.22362963    2.12922981    2.13290396    2.66798233    2.34803473    2.33724817    1.86279075    1.99997242    2.34532427    1.91961573    2.03649822    2.07911696    2.63317470    2.07317736    1.81271793    2.10440109    2.02043344    1.88583378    1.99414971    1.91534847    1.70308625    2.13399712    1.56014751    2.18475967    2.37155133    2.92116364    2.89770113    2.98177316    2.74982834    2.04159977    1.58344088    2.74948204    1.98159194    2.87392054    2.31989334    1.94800846    2.07394094    1.39900952    1.44828042    1.44710319    1.47085617    1.41479856    1.36480408    1.53380146    1.47264362    1.40755493
F6SV43_CIOIN/589-682     1.11851347    1.54193792    1.07525232    1.30714334    0.00000000    1.29242582    1.20284923    1.31400969    1.53003761    1.49903118    1.28674169    1.51109391    1.65144984    1.99876445    1.89888325    2.12989396    2.25356398    2.41884559    2.66065501    1.76027159    1.85720291    1.97071384    3.15568543    1.64080053    2.56597212    2.42333676    3.02512683    2.79759969    3.06966639    3.36158294    1.65453501    2.01573470    2.17252718    2.31973014    2.47623027    1.93224591    1.82465532    2.22698835    1.82727828    2.15369018    1.97826618    2.56842383    1.94663625    1.80375177    1.92461984    1.97934439    2.00922656    1.89950062    1.86542097    1.63357049    2.30656099    1.81824077    1.99443245    2.01061671    2.49638191    2.86409617    2.88740131    2.74915130    2.00877358    1.70296402    2.24619140    1.64457911    2.20876537    1.93877664    1.59577199    1.66884406    1.06500158    1.35336839    1.19966158    1.25594240    1.16642351    1.06223501    1.21253774    1.07667226    1.09593197
T1HB05_RHOPR/959-1053     1.28138032    1.39858118    1.40439410    1.63082659    1.29242582    0.00000000    1.02831708    1.20300655    1.54387959    1.69519683    1.22830639    1.73712859    1.96980502    2.40786082    2.00585796    2.32338742    2.41692985    2.27504117    2.24402666    2.25736602    2.19773658    2.27064380    2.76375242    2.24294627    3.17182660    2.61652686    2.80971931    2.63248955    3.45747353    2.98731023    1.94416607    2.06069556    2.25733425    2.43193985    2.73313858    2.24299779    1.74227674    2.27242532    2.03875453    2.05513999    1.88046563    2.12316736    2.25623241    2.13767341    2.05315178    2.01577557    1.76373479    2.13324526    1.84618853    1.84334315    2.23559802    2.06264964    2.44730712    2.22228195    2.42613224    2.45789923    2.82479270    2.35551747    2.07855425    1.70550782    2.73894504    2.01069313    2.17498661    1.67044212    1.70746259    1.96606712    1.46321982    1.59587511    1.46096238    1.56885616    1.27844124    1.44679963    1.58294356    1.51699243    1.64592233
A0A2P8YJ95_BLAGE/498-591     0.98103699    1.10503281    0.94180481    1.45647355    1.20284923    1.02831708    0.00000000    0.72669523    0.89403440    1.26779064    1.05944962    1.62399185    1.63123880    2.86546728    2.26039838    2.62103786    2.34939586    2.52966309    2.42075620    2.09084845    1.96415072    2.21346982    2.89206729    1.93996780    2.54068758    2.40730367    2.75089123    2.38753242    3.30900840    2.72797401    1.62221669    2.05191899    2.36151144    2.77919406    2.40984621    1.57845318    1.72269497    2.03180635    1.76103379    1.72094472    1.76074285    2.48004115    2.03418770    1.56726405    1.56608871    1.70433833    1.59476262    1.61595611    1.78083736    1.66534857    1.93747606    1.95015536    2.18819169    2.06363492    2.59015554    2.39703130    2.98142785    2.94405306    1.66678344    1.45586015    2.47073093    1.52214000    1.89177132    1.85371319    1.45298235    1.48822572    0.96046613    1.34686654    1.05539857    1.11072898    1.00649000    0.99973768    0.92780942    1.09102380    0.98150591
A0A482XPS5_LAOST/660-753     1.33207616    1.38488130    1.21711363    1.47627318    1.31400969    1.20300655    0.72669523    0.00000000    0.96191019    1.21981248    1.10953026    1.87681767    1.89276736    2.81293788    2.14456937    2.32406376    2.43049823    2.49747800    2.40465608    2.29840539    2.46099194    2.39702379    2.30099090    1.76199533    2.06066210    2.07612861    2.84045951    2.34606348    2.64583968    2.91467408    1.86170607    2.43722461    2.34697712    2.86471594    2.95021182    1.99184908    1.82257075    2.15507479    2.02488606    1.77466797    2.05594909    2.94479174    2.29457966    1.86117640    2.08256125    2.27878331    1.82899652    2.10180300    1.72403816    2.00417946    2.22531316    1.91972023    3.12104535    2.22390352    2.74145483    2.98584385    3.26675033    3.20901308    1.96110572    1.52632314    1.99857354    1.78909695    2.36778938    1.76209666    1.65932406    1.81830533    1.04817219    1.35615473    1.14471529    1.11001351    1.10961139    1.10795882    1.19060701    1.36105907    1.32842274
A0A1S4EI72_DIACI/547-638     1.28046747    1.46162678    1.37645958    1.37608563    1.53003761    1.54387959    0.89403440    0.96191019    0.00000000    1.20565552    1.20060048    2.30967783    1.78011657    2.54550178    2.26393912    2.34918137    2.22514298    2.22083432    2.21734568    1.96100111    2.18613246    2.07574163    2.61514185    1.46052042    1.98722219    2.09969748    2.43469898    2.25412586    2.46146612    2.53454813    1.88901568    2.04008505    2.17900187    2.41585925    2.50692403    1.49411818    1.58878167    1.96233343    1.79945202    1.64827251    1.98734695    2.20211876    1.97355429    1.56228180    1.73554440    1.70697073    1.57549259    1.53931561    1.56174818    1.80264779    1.71055202    1.55193106    1.95157194    1.80757976    2.66116745    2.96714805    2.89440488    3.01256327    1.64405041    1.20054643    2.21135879    2.04804739    2.24150067    2.02165783    1.32300846    1.76062686    1.31266571    1.42056576    1.30598436    1.32628404    1.33850408    1.06500461    1.05895260    1.32269174    1.29642364
J9K0B8_ACYPI/523-616     1.42015666    1.61837926    1.63698037    1.72754641    1.49903118    1.69519683    1.26779064    1.21981248    1.20565552    0.00000000    1.31324105    2.11091959    1.94452808    2.98689817    1.89692049    2.89110797    2.24210429    2.53556831    2.83122851    2.08799153    2.02773787    2.04715256    2.97382295    2.31751389    2.21783844    2.55404961    2.97689491    2.78915995    2.94981931    2.78054207    1.85999642    2.00866888    1.99070376    2.09962827    1.81323545    2.04216082    1.85834001    2.36426658    1.95633185    2.03292781    2.17529335    2.67306649    2.02196763    1.70966912    1.69190269    2.06791819    1.96333026    1.87334682    1.95099251    2.08684451    2.16432509    2.05945824    2.15050725    2.25439457    2.16729532    2.36015216    2.76575673    2.50528381    1.92350087    1.81066999    2.79552270    2.15632475    2.40059540    2.55200959    2.08322756    2.25732496    1.32523307    1.63809176    1.60678135    1.50378950    1.28586253    1.24434812    1.34541891    1.72634097    1.39367902
A0A3R7M7N7_PENVA/617-710     1.32212584    1.02604604    1.08133446    1.41577153    1.28674169    1.22830639    1.05944962    1.10953026    1.20060048    1.31324105    0.00000000    1.67186045    2.04003567    2.90952829    2.47778566    2.62510450    2.17867561    2.28018808    2.40050470    2.23343026    2.06299165    2.42335519    2.43857553    2.19021053    2.10405008    2.12479144    2.32237146    2.49228389    2.70833893    2.67809567    1.95678459    2.05485271    2.74064501    2.34771558    2.96551927    1.79241062    1.77315110    2.25764615    1.82618699    1.72560249    1.79092634    2.62026666    1.95505325    1.65350151    1.81977374    1.70047852    1.94112224    1.92749789    1.75601887    1.62894824    1.97276130    1.71466395    2.47700632    2.20947307    2.58732338    2.44295169    2.69015859    2.79261646    1.83957841    1.41172154    2.21197583    1.77726908    2.46356212    2.42327154    1.64243689    1.77169454    1.14936025    1.18965586    1.04631391    1.29108107    1.17617439    1.06290268    0.96190988    1.38651559    1.14078356
A0A1X7VLB6_AMPQE/492-582     1.53591653    1.51435513    1.73501675    1.91600145    1.51109391    1.73712859    1.62399185    1.87681767    2.30967783    2.11091959    1.67186045    0.00000000    1.98798044    2.17231772    2.43758949    2.69987611    1.49834250    2.21706513    2.11305341    2.40845366    2.20596819    2.29647660    2.52151275    1.74018382    2.14282253    1.95307763    2.07015950    1.87713464    2.22863727    2.19933954    2.12639721    1.89264707    2.07429057    2.02993799    1.78999710    1.82914602    1.89257171    2.34119460    1.70411804    1.72427867    1.86460440    2.16815450    2.00775006    1.95809218    1.75703077    1.97036884    1.68316454    2.08304651    1.93451449    1.65630866    1.98478890    1.96012333    2.18686873    2.44039000    2.38480294    2.34721981    3.08137705    2.57708708    1.52101121    1.86580113    2.44771517    1.56495132    1.98875736    1.69956682    1.60072781    1.51840577    1.35112654    1.63006498    1.27207733    1.38617233    1.21015881    1.51699564    1.35967831    1.37107698    1.68705599
A0A2P6NKC2_9EUKA/1268-1360     1.56074486    1.89636222    1.60719145    1.83138564    1.65144984    1.96980502    1.63123880    1.89276736    1.78011657    1.94452808    2.04003567    1.98798044    0.00000000    1.53525858    1.50129027    1.73760961    2.32846802    2.58881827    2.53139625    1.91576048    1.98368204    2.03919683    2.47744331    1.53488410    2.19765319    1.93299934    2.40151834    1.93952571    2.36614563    2.65630727    1.71081002    2.23509992    2.54077996    2.78180142    2.44076248    1.51655917    1.39957587    1.31824353    1.53173379    1.61405626    1.80287127    2.40767182    1.67217437    1.95392668    1.68774627    1.89377724    1.94566914    1.81307061    1.89107972    1.66747048    1.88751488    1.83800521    1.91068910    2.22795449    2.76744339    2.24435477    2.63510809    3.08576299    1.88743665    1.78630821    2.02184856    1.56985237    2.05586262    2.08860662    1.80475625    1.59585136    1.48072536    1.91647825    1.62863730    1.85735486    1.62158473    1.79924202    1.80685089    1.59038606    1.61153277
A0A152A4A6_9MYCE/675-772     2.26564490    2.54938773    2.78857605    1.79181900    1.99876445    2.40786082    2.86546728    2.81293788    2.54550178    2.98689817    2.90952829    2.17231772    1.53525858    0.00000000    1.00626733    0.87134066    2.38193025    2.37667620    2.58988045    2.27731730    2.54293671    2.25383217    2.48300187    2.28144096    2.85202266    2.81736468    3.03027888    2.23075943    2.62544253    2.83194862    2.51231038    2.65230706    2.97553699    2.44451420    2.83785183    2.23313218    2.21510727    2.30176255    2.34228784    2.17314846    2.42570517    2.87841291    2.08419378    2.46335562    2.00473945    2.17988144    2.41406250    2.38821209    2.52253509    2.07060640    2.28623686    2.30431356    2.14698784    2.59975832    2.98299876    2.94453966    3.27346851    2.96108175    2.32167441    2.35244476    3.01436739    1.99018306    3.09533113    2.28400487    2.80112706    2.10456230    2.63941295    2.89945015    2.64072065    2.64381498    2.51175022    2.35866622    2.37958332    2.27723919    2.78327907
D3BM97_POLPP/722-834     1.85248297    1.80661384    2.01223067    1.74744387    1.89888325    2.00585796    2.26039838    2.14456937    2.26393912    1.89692049    2.47778566    2.43758949    1.50129027    1.00626733    0.00000000    0.75719414    2.33649495    2.25720862    2.47357778    2.11247026    2.38411986    2.21887027    2.76480092    1.70384103    2.73917252    1.85722334    2.72518023    2.69826846    2.89782083    3.16588119    1.71954238    2.21760813    2.50743197    2.13512370    2.25503222    1.99222122    1.77021027    2.71412303    2.08365138    1.85828643    1.97628220    2.27911994    1.49123465    1.83251483    2.02531576    1.91971358    1.92615926    1.82313328    1.90561758    1.75806849    1.73844820    1.99063588    1.58229649    2.04132725    2.23576686    2.39081254    2.49801303    2.56550823    1.89201895    1.90815970    2.98900688    1.85834152    3.03886110    2.74705001    2.46476423    1.99522867    2.16047906    2.52408350    2.17615997    2.24662151    1.82285485    2.20728623    2.26836241    2.45038036    2.44199270
F4Q3T3_CAVFA/674-767     2.15968180    2.56394681    3.03849270    2.36858764    2.12989396    2.32338742    2.62103786    2.32406376    2.34918137    2.89110797    2.62510450    2.69987611    1.73760961    0.87134066    0.75719414    0.00000000    2.43189842    2.32197025    2.32969317    2.38418784    2.45685858    2.15326004    2.73044134    1.94876492    2.93546204    2.91200508    3.61291260    3.01883138    3.07727614    3.95544227    2.28401019    3.19061690    3.29336945    2.77491420    3.26393976    2.59272515    2.09094213    2.34581918    2.33682934    2.26215817    2.51063983    2.91193438    2.21523401    2.17716919    2.61491300    2.53744453    2.51353685    2.39726828    2.28409777    2.23781408    2.75744938    2.46084720    2.31230923    2.57316389    2.66131474    2.68959224    2.94085846    2.29471658    2.56182882    2.35113003    3.57789384    2.34272085    2.88174978    2.25605900    2.48874239    2.22991448    2.13948396    2.66747037    2.16686885    2.41374366    2.06892902    2.22357266    2.31239366    2.27549746    2.52053481
M5FZB5_DACPD/730-823     2.23922322    2.53873095    2.38605638    2.14957285    2.25356398    2.41692985    2.34939586    2.43049823    2.22514298    2.24210429    2.17867561    1.49834250    2.32846802    2.38193025    2.33649495    2.43189842    0.00000000    1.16087466    1.16358724    1.52069763    2.04354389    1.65335263    2.20142178    2.33937672    2.54909008    2.29959262    2.80340521    2.82574767    2.73562880    2.95064838    2.79790938    2.53648317    2.88728196    2.36725846    2.11405708    2.05103164    2.67934100    2.88855614    1.99527408    2.14267470    2.30928403    2.64317895    2.53245750    2.53074140    2.29699189    2.50536514    2.10883855    2.47825761    3.10558729    2.71027111    2.41000044    2.47433310    2.68822274    2.42682969    2.78352724    3.13177879    3.68775483    2.55115035    2.15319645    2.21530880    2.47994302    2.09762985    2.04524886    2.59568966    2.63555816    2.48665239    2.05556015    2.54073831    2.37750553    2.05618026    2.17658401    2.58161448    2.08208861    2.22380801    2.44994444
A0A317XTQ6_9BASI/799-896     2.20621208    2.54449815    2.58827205    2.03377019    2.41884559    2.27504117    2.52966309    2.49747800    2.22083432    2.53556831    2.28018808    2.21706513    2.58881827    2.37667620    2.25720862    2.32197025    1.16087466    0.00000000    0.61551465    2.02220096    2.62851183    1.65691757    3.05202559    2.77002986    2.56284750    2.37817113    2.86999918    2.74578035    2.17893603    2.67928508    3.08446201    3.17992863    3.01422673    3.00421568    3.09980813    1.81862010    2.11311293    2.75572581    2.40201704    2.05089686    2.22785940    2.61092640    2.36203650    2.63822724    2.09045928    2.58719312    2.17113882    2.28455035    2.38273339    2.56888834    2.66989851    2.30856898    2.35600921    2.50761823    3.13086485    2.91990075    4.07752553    2.96325806    2.44861382    2.40304571    3.14232189    2.39681779    2.67305162    2.65926773    2.29556411    2.32862695    2.43225251    2.53615860    2.20563061    2.11984633    2.23257963    2.22881794    2.17747233    2.81191860    2.60045808
M9MFV6_PSEA3/724-816     1.92751189    2.46490678    2.84597697    2.15273089    2.66065501    2.24402666    2.42075620    2.40465608    2.21734568    2.83122851    2.40050470    2.11305341    2.53139625    2.58988045    2.47357778    2.32969317    1.16358724    0.61551465    0.00000000    1.85671500    2.22297079    1.69717779    2.94088411    2.54955784    2.68865300    2.15204350    2.71809641    2.36864149    2.16463798    2.63380680    2.98528566    3.03477044    3.43484372    2.69659865    3.20153782    1.97266856    2.36034637    2.53541245    2.20909533    1.93620555    2.16451941    2.45617980    2.51724975    2.82447953    2.15376592    2.41226098    2.62822365    2.64103844    2.76641448    2.62427460    2.77540016    2.44744984    2.68907254    2.92298644    3.11749702    3.53811231    4.75683449    3.20120741    2.69550858    2.37326643    2.80278412    2.38615188    2.67934803    2.41938277    2.29221470    1.90218452    2.41980146    2.94151885    2.14744452    2.17601092    2.32586114    2.14060022    2.09984773    2.54141321    2.58650453
A0A0L0HT58_SPIPD/530-625     1.85597083    2.16578231    2.19592341    1.86764810    1.76027159    2.25736602    2.09084845    2.29840539    1.96100111    2.08799153    2.23343026    2.40845366    1.91576048    2.27731730    2.11247026    2.38418784    1.52069763    2.02220096    1.85671500    0.00000000    0.97949056    1.08427475    1.95689878    1.84679630    2.65141887    2.43192914    2.36879591    2.41288079    2.16765183    2.77378202    2.41573334    2.44013204    3.12625594    2.51786434    2.74963021    2.05601687    2.16911348    2.32169151    2.00132351    2.03284669    2.19327057    3.44457881    2.11254125    2.21689135    2.30490738    2.04382593    1.95499755    2.00996317    2.21857211    1.91936108    2.15584979    1.79602068    1.97817720    1.82340121    2.59960879    2.90310335    2.81790160    2.63408950    2.12833899    1.77789073    3.10169152    1.72803837    2.29262275    2.07810617    2.15799581    1.85533092    1.89906424    1.94952608    1.76439981    1.88386322    2.20151556    1.77051689    1.88230457    2.00218377    2.14382334
A0A1Y2C215_9FUNG/683-786     1.78914233    2.17330382    1.92854992    2.18253372    1.85720291    2.19773658    1.96415072    2.46099194    2.18613246    2.02773787    2.06299165    2.20596819    1.98368204    2.54293671    2.38411986    2.45685858    2.04354389    2.62851183    2.22297079    0.97949056    0.00000000    1.38593131    2.16814597    2.13877179    2.37251650    2.74695142    2.93226600    2.58832068    2.51818010    3.33139414    2.34399901    2.80892106    2.59969459    2.45058803    2.52942867    2.01983196    2.18288233    2.38311827    1.97842446    2.01521766    2.04179693    3.21424983    2.15070231    2.15512560    2.01888155    1.88661344    2.06497668    2.27871786    2.50735495    2.01442597    2.03747844    1.68368674    2.03001122    2.14006146    2.44110619    2.88856892    3.46384899    2.86775739    2.12351560    1.93964791    2.89324687    1.60138167    2.50866420    2.57675732    2.18752810    1.97407912    2.03848589    1.97903444    1.73124249    1.97091346    2.11204797    1.82161794    1.65650462    1.85880200    1.65565731
A0A1S8W4H8_9FUNG/542-638     1.85024947    2.52990550    2.69130550    2.00675262    1.97071384    2.27064380    2.21346982    2.39702379    2.07574163    2.04715256    2.42335519    2.29647660    2.03919683    2.25383217    2.21887027    2.15326004    1.65335263    1.65691757    1.69717779    1.08427475    1.38593131    0.00000000    1.89188241    2.01484781    2.64299701    2.61931515    3.15411921    2.62415277    2.09928351    2.59997876    2.56391757    2.28688845    2.97924062    2.78180322    2.85794746    1.87665587    2.12122451    2.47558803    1.69888810    1.84404138    1.90752693    2.31944919    2.06564299    2.33081431    2.22003523    2.15045640    2.14144343    1.95028983    2.13365922    1.85833478    2.16254348    1.62493964    1.98161994    2.35127100    2.80008273    3.19027175    3.25445478    2.97328203    1.88304449    1.85226605    3.24249865    2.13214310    2.21325004    2.75931445    1.74415307    2.10474239    2.22864124    2.21937371    2.12015290    2.24084822    2.45245119    2.23497935    1.88692152    2.36776974    2.15157323
A0A1Y3NBR6_PIRSE/92-185     2.47591825    2.27102427    2.90832720    2.65165124    3.15568543    2.76375242    2.89206729    2.30099090    2.61514185    2.97382295    2.43857553    2.52151275    2.47744331    2.48300187    2.76480092    2.73044134    2.20142178    3.05202559    2.94088411    1.95689878    2.16814597    1.89188241    0.00000000    2.56395619    2.51470638    3.00269288    2.77414805    2.97993087    3.21867262    3.12237973    3.40323452    3.07970486    3.82343194    3.63615084    3.88796295    3.17604642    2.60016007    3.14299204    2.62351365    2.37246063    2.35298147    3.44174189    2.91019900    3.03313296    2.40810614    2.76683470    2.49418229    2.70368340    3.02655376    2.93273905    2.65567955    2.17062711    2.91916463    3.04132507    2.83683703    3.56628683    3.65216552    3.94398539    2.87728403    2.33859211    2.77867314    2.30872941    2.85879341    2.98350361    2.57981396    1.98235020    2.18606706    3.13535924    2.96992873    2.75886605    2.66869149    2.63603238    2.31534819    2.56488414    2.83688318
A0A0V0VAC7_9BILA/805-898     1.58009846    1.74683904    1.97770671    2.21546999    1.64080053    2.24294627    1.93996780    1.76199533    1.46052042    2.31751389    2.19021053    1.74018382    1.53488410    2.28144096    1.70384103    1.94876492    2.33937672    2.77002986    2.54955784    1.84679630    2.13877179    2.01484781    2.56395619    0.00000000    2.10012983    1.17312596    2.33882565    1.72172343    2.05507714    2.02009547    1.39130320    1.33833514    1.50154609    1.59719345    1.47666071    1.11508294    1.09786056    1.53489454    1.08311007    1.03819975    1.06626970    1.70568645    1.25720723    1.38583090    1.71898450    1.23241874    1.12436877    0.99393851    1.09898726    1.17713965    1.34415152    1.27089713    1.48395215    1.41469382    2.26927210    1.94201052    1.58505188    2.24828388    1.10875628    1.50133604    1.91281117    1.62037116    1.71272383    1.90733077    1.76063457    1.62970687    1.77307325    2.04971766    1.54211547    1.56243323    1.81466599    1.74000431    1.58928013    1.75114435    1.42671693
A0A090LHE4_STRRB/806-898     2.10621884    2.32536100    2.70397060    2.15434970    2.56597212    3.17182660    2.54068758    2.06066210    1.98722219    2.21783844    2.10405008    2.14282253    2.19765319    2.85202266    2.73917252    2.93546204    2.54909008    2.56284750    2.68865300    2.65141887    2.37251650    2.64299701    2.51470638    2.10012983    0.00000000    1.32606645    1.65078378    1.54861474    1.51866492    1.76618766    1.66087293    1.88481133    2.02468028    2.31913674    2.12424848    1.32129708    1.24136629    1.67339976    1.18904696    1.30393987    1.42556111    2.04447239    1.40933922    1.36671618    1.60617360    1.68443961    1.77389021    1.72724004    1.78265024    1.80597321    1.52499510    1.83442461    1.72061865    2.06961949    2.34825162    2.29419949    2.93633701    2.53073625    1.66499529    1.52506757    2.31181138    2.16783592    2.99288746    2.98290007    1.88096732    2.34746196    2.27802256    2.53373351    2.22319724    2.15769494    2.16635317    2.34024093    2.02568290    2.35132660    2.33682652
A0A0B2V983_TOXCA/131-224     1.68537587    2.10187640    2.26856757    1.94573343    2.42333676    2.61652686    2.40730367    2.07612861    2.09969748    2.55404961    2.12479144    1.95307763    1.93299934    2.81736468    1.85722334    2.91200508    2.29959262    2.37817113    2.15204350    2.43192914    2.74695142    2.61931515    3.00269288    1.17312596    1.32606645    0.00000000    1.37934028    1.29677043    1.49641671    1.54803874    1.35443144    1.53478824    1.61737162    1.60147670    1.64288374    0.96224937    0.97706870    1.47482560    1.18245146    1.12612123    1.28649772    1.40345930    1.21129476    1.59018194    1.54984796    1.37788726    1.22103373    1.20024161    1.31285406    1.23972812    1.02162239    1.20321517    1.52771641    1.45804560    1.84799594    1.87581138    2.49751242    1.86214259    1.06016001    1.79449581    2.10784911    2.05682160    2.73087526    2.63260710    2.21896073    2.06684064    1.98313107    2.39654140    1.70249163    1.83488380    2.11965611    2.45525727    2.21338369    2.28721491    2.17210502
U518_CAEBR/701-792     2.30530188    2.54237643    2.56694587    2.79309744    3.02512683    2.80971931    2.75089123    2.84045951    2.43469898    2.97689491    2.32237146    2.07015950    2.40151834    3.03027888    2.72518023    3.61291260    2.80340521    2.86999918    2.71809641    2.36879591    2.93226600    3.15411921    2.77414805    2.33882565    1.65078378    1.37934028    0.00000000    1.30595436    1.51239940    1.53338222    2.22051199    2.47678265    3.01964690    2.61477737    2.82222214    1.83061240    2.01463857    1.91371402    1.86231634    1.73192216    1.91069783    2.17319050    2.31173351    1.67535319    2.38652044    2.01484546    2.03810529    2.25302792    2.32654541    2.03965692    2.12991772    2.29910436    2.03152326    2.00638528    3.64194994    3.68046427    3.94791342    3.01056362    2.11887344    2.73904794    2.76078035    2.43030076    2.91641316    2.64801636    2.80427392    2.51603604    2.58787168    2.88417019    2.44861172    2.51994981    2.86941613    2.92525181    2.37443023    2.88905654    3.08285090
A0A2A2KUJ4_9BILA/769-861     2.32654962    2.46376870    2.77911984    2.76787811    2.79759969    2.63248955    2.38753242    2.34606348    2.25412586    2.78915995    2.49228389    1.87713464    1.93952571    2.23075943    2.69826846    3.01883138    2.82574767    2.74578035    2.36864149    2.41288079    2.58832068    2.62415277    2.97993087    1.72172343    1.54861474    1.29677043    1.30595436    0.00000000    1.00653662    1.26988475    1.98875418    2.07168022    1.85420064    2.09721568    2.18395510    1.44059164    1.62358620    1.85500906    1.65486884    1.71506403    1.73627700    2.11684100    2.12436917    1.95055855    2.12606277    1.69320637    1.70912303    1.72354513    2.04615220    1.81269828    1.55539525    2.07982335    2.22154437    1.97150211    3.07802176    2.53251781    2.46957987    2.42442145    2.05822652    2.57370202    2.35313164    2.48242739    2.73240810    2.07964741    2.33885408    1.91445995    2.23597422    2.67057452    2.15324824    2.34302147    2.39326277    2.78695958    2.21955930    2.87821903    2.68056835
A0A0N4YR75_NIPBR/152-243     2.58546965    2.61673968    3.27715618    2.59821212    3.06966639    3.45747353    3.30900840    2.64583968    2.46146612    2.94981931    2.70833893    2.22863727    2.36614563    2.62544253    2.89782083    3.07727614    2.73562880    2.17893603    2.16463798    2.16765183    2.51818010    2.09928351    3.21867262    2.05507714    1.51866492    1.49641671    1.51239940    1.00653662    0.00000000    1.13564987    2.04234882    2.12014901    2.07769828    2.22825004    2.34641299    1.86628907    1.68857505    2.25192067    1.86445495    1.93790813    1.70431384    2.73370743    2.04515252    1.92676085    2.30071296    2.18438508    1.77707425    2.04038437    2.00674434    2.05818067    1.91686347    2.04774456    2.12133202    2.09139880    3.28113384    2.70475430    2.94456930    2.78652077    2.03962370    2.21987113    2.44966643    2.32749591    3.61772434    2.76791762    2.33820075    2.73882494    2.92126251    3.07888693    2.61903519    2.94362244    3.33001808    3.03324318    2.48744939    3.75936336    3.38935190
H3FS50_PRIPA/763-856     2.46084970    2.45940381    3.33084873    3.22362963    3.36158294    2.98731023    2.72797401    2.91467408    2.53454813    2.78054207    2.67809567    2.19933954    2.65630727    2.83194862    3.16588119    3.95544227    2.95064838    2.67928508    2.63380680    2.77378202    3.33139414    2.59997876    3.12237973    2.02009547    1.76618766    1.54803874    1.53338222    1.26988475    1.13564987    0.00000000    2.09187873    2.31501898    2.49743542    2.49775090    2.32852003    1.44379695    1.76331347    2.70113959    2.01638550    1.72723276    1.85148772    2.20274592    2.37434231    2.42307661    2.37775383    2.34833824    1.92014623    1.99666033    2.12060441    2.21776760    1.80691676    2.04524616    1.77567421    1.98193243    3.22184831    3.16767731    3.52326080    2.84358791    2.02247092    2.73007897    2.63970401    2.04716461    2.28689807    2.83486650    2.90824409    2.86873731    2.70215289    3.55616598    2.68611665    2.66808421    2.83463273    3.06309604    2.58171433    3.22487023    3.30771312
A0A3Q0KPL4_SCHMA/1132-1226     1.73000762    2.32807056    1.76212583    2.12922981    1.65453501    1.94416607    1.62221669    1.86170607    1.88901568    1.85999642    1.95678459    2.12639721    1.71081002    2.51231038    1.71954238    2.28401019    2.79790938    3.08446201    2.98528566    2.41573334    2.34399901    2.56391757    3.40323452    1.39130320    1.66087293    1.35443144    2.22051199    1.98875418    2.04234882    2.09187873    0.00000000    1.09513962    1.07986213    1.47699178    1.18698342    1.30120894    1.16573520    1.71251380    1.25719149    1.09307734    1.28072876    1.78473375    1.28496483    1.29027652    1.60498881    1.38783136    1.36747381    1.54950988    1.61633275    1.46029302    1.53610669    1.62679658    1.55825670    1.79617829    2.53060856    2.14126150    2.12818642    2.41769970    1.40523071    1.59444781    2.35309003    1.98949649    2.62497543    2.96731081    1.53908924    1.83887162    1.82115024    2.29063296    1.72462505    1.83430533    1.79030753    1.87256631    1.87094186    1.65059054    1.64670350
A0A183SMZ8_SCHSO/367-461     2.41862054    2.32442503    2.02788302    2.13290396    2.01573470    2.06069556    2.05191899    2.43722461    2.04008505    2.00866888    2.05485271    1.89264707    2.23509992    2.65230706    2.21760813    3.19061690    2.53648317    3.17992863    3.03477044    2.44013204    2.80892106    2.28688845    3.07970486    1.33833514    1.88481133    1.53478824    2.47678265    2.07168022    2.12014901    2.31501898    1.09513962    0.00000000    0.79571604    0.92932055    1.00998609    1.29591201    1.12713651    2.07708560    1.23170015    1.21872473    1.27135372    1.63774778    1.41648735    1.37741728    1.56234863    1.15579428    1.34848275    1.54048874    1.62259357    1.65917103    1.36112491    1.68928932    1.69412784    1.96042622    2.79399441    2.13601739    2.39575485    2.51445841    1.31999629    1.62003483    2.32412178    2.12327704    2.39743352    3.17873822    1.99809110    2.18663338    1.87887195    2.51419763    2.14833121    1.90239262    1.93950753    2.34226872    2.35906608    2.19280340    2.29714388
A0A0R3UHS0_9CEST/191-285     2.15980517    2.43412637    2.00881128    2.66798233    2.17252718    2.25733425    2.36151144    2.34697712    2.17900187    1.99070376    2.74064501    2.07429057    2.54077996    2.97553699    2.50743197    3.29336945    2.88728196    3.01422673    3.43484372    3.12625594    2.59969459    2.97924062    3.82343194    1.50154609    2.02468028    1.61737162    3.01964690    1.85420064    2.07769828    2.49743542    1.07986213    0.79571604    0.00000000    0.61319400    0.62282029    1.46909687    1.52433720    2.64709286    1.45316451    1.59296253    1.65080554    1.92430998    1.75032695    1.56230518    1.69852440    1.47533277    1.55388902    1.62392681    1.67399648    1.64195063    1.55650341    2.03241982    2.11822319    2.16328538    2.81863339    2.13195729    2.32340942    2.45083400    1.43033294    2.38843928    2.86282791    2.85190825    2.49693659    2.66292075    2.40654618    2.14480712    1.80635792    2.87006712    2.16867550    2.13721688    1.92108380    1.94041696    2.18889220    2.30722513    2.23414430
A0A0R3W6D9_TAEAS/751-845     2.15289253    2.55815707    2.24551623    2.34803473    2.31973014    2.43193985    2.77919406    2.86471594    2.41585925    2.09962827    2.34771558    2.02993799    2.78180142    2.44451420    2.13512370    2.77491420    2.36725846    3.00421568    2.69659865    2.51786434    2.45058803    2.78180322    3.63615084    1.59719345    2.31913674    1.60147670    2.61477737    2.09721568    2.22825004    2.49775090    1.47699178    0.92932055    0.61319400    0.00000000    0.58223175    1.55182834    1.65534695    2.89330783    1.51066633    1.79192532    1.80115758    2.00821200    1.71712259    1.66122611    1.60719175    1.34189565    1.68613217    1.81739888    1.73108138    1.60491733    1.35892328    1.89919881    1.96228341    2.11811848    2.67898714    2.35884608    2.36360799    2.47340766    1.56382972    2.26757670    2.82853404    2.70521154    2.53567574    2.67605659    2.61697711    2.18656739    1.97470533    2.48577881    2.64652797    2.36870481    2.08946286    2.31993294    2.05932823    2.34621937    2.50309953
A0A158QF12_HYMDI/722-816     2.31130383    2.63048714    2.19833925    2.33724817    2.47623027    2.73313858    2.40984621    2.95021182    2.50692403    1.81323545    2.96551927    1.78999710    2.44076248    2.83785183    2.25503222    3.26393976    2.11405708    3.09980813    3.20153782    2.74963021    2.52942867    2.85794746    3.88796295    1.47666071    2.12424848    1.64288374    2.82222214    2.18395510    2.34641299    2.32852003    1.18698342    1.00998609    0.62282029    0.58223175    0.00000000    1.35327356    1.47663265    2.40908558    1.45655525    1.53298721    1.63675799    2.10145424    1.66916496    1.57417578    1.39963942    1.31235876    1.43499238    1.53936856    1.67041000    1.50087086    1.41604093    1.59156343    1.91351240    1.90674306    2.33242339    1.93107539    1.90151219    2.40225971    1.38842077    2.17096468    3.15461349    2.69335903    2.54942702    2.68305056    2.51327027    2.01908072    1.80755248    2.62053624    2.46795436    1.93891767    1.90166613    2.13842951    2.08464059    2.19474808    2.41628278
R7TAZ2_CAPTE/729-822     1.57415168    2.09239870    1.85619303    1.86279075    1.93224591    2.24299779    1.57845318    1.99184908    1.49411818    2.04216082    1.79241062    1.82914602    1.51655917    2.23313218    1.99222122    2.59272515    2.05103164    1.81862010    1.97266856    2.05601687    2.01983196    1.87665587    3.17604642    1.11508294    1.32129708    0.96224937    1.83061240    1.44059164    1.86628907    1.44379695    1.30120894    1.29591201    1.46909687    1.55182834    1.35327356    0.00000000    0.79085858    1.19951982    0.75997201    0.55129617    0.65217202    1.10858317    0.81164360    1.10940775    1.25953284    0.80258499    0.78876418    0.86961905    1.02718764    0.83949335    0.60113207    0.83321216    1.24632399    1.17140718    1.97386099    1.61403414    2.21086111    1.82752578    0.69634413    1.47070429    2.03228048    1.91325507    2.12152576    2.06028457    1.59434986    1.61543553    1.90569993    2.35739535    1.66243492    1.82889200    1.58234288    1.94053697    1.69968426    1.61873726    1.48389370
U518_NEMVE/600-693     1.52998247    1.61936332    1.61478016    1.99997242    1.82465532    1.74227674    1.72269497    1.82257075    1.58878167    1.85834001    1.77315110    1.89257171    1.39957587    2.21510727    1.77021027    2.09094213    2.67934100    2.11311293    2.36034637    2.16911348    2.18288233    2.12122451    2.60016007    1.09786056    1.24136629    0.97706870    2.01463857    1.62358620    1.68857505    1.76331347    1.16573520    1.12713651    1.52433720    1.65534695    1.47663265    0.79085858    0.00000000    1.09743331    0.80004304    0.71488456    0.71837238    1.19090069    0.94965941    1.27210963    1.12946022    1.08116945    0.84033517    0.86898552    0.86777574    0.98774354    0.94380837    1.07688923    1.29367385    1.40884142    2.04270660    1.62705966    1.84739810    1.82133525    0.95570962    1.44331707    2.01595502    1.86714587    2.24729286    2.17605221    1.85030888    1.97983323    1.68326132    1.99047983    1.69000951    1.72090230    1.60237651    1.81504838    1.72109683    2.03148883    1.69450838
