8
Q2RKS3_MOOTA/1-1199     0.00000000    2.23937328    2.17079397    1.92380657    1.91699299    2.07834300    2.07347515    2.10027949
A0A0R2FD78_9LACO/1-1194     2.23937328    0.00000000    1.00430291    1.31292211    1.34708017    1.48845804    1.42875514    1.40624608
A0A1G4FFS9_9FIRM/1-1241     2.17079397    1.00430291    0.00000000    1.26519063    1.23681560    1.43268830    1.31825971    1.30935591
A0A1G9QSD7_9PSED/1-1243     1.92380657    1.31292211    1.26519063    0.00000000    0.38802581    1.00317912    0.76868739    0.73980563
B3DYA7_METI4/1-1243     1.91699299    1.34708017    1.23681560    0.38802581    0.00000000    0.97156843    0.67976965    0.68546331
M2U1S7_9SPHN/1-1242     2.07834300    1.48845804    1.43268830    1.00317912    0.97156843    0.00000000    0.86372620    0.81820511
F5RBC1_METUF/1-1246     2.07347515    1.42875514    1.31825971    0.76868739    0.67976965    0.86372620    0.00000000    0.35887308
A0A0C1JTH3_9RHOB/1-1241     2.10027949    1.40624608    1.30935591    0.73980563    0.68546331    0.81820511    0.35887308    0.00000000

