35
A0A059WBD0_STRA9/1-145     0.00000000    0.27285207    0.31048502    0.33593476    0.42322696    0.42970390    0.31957945    0.39489864    0.38790284    0.29632763    0.26930361    0.37261891    0.39722465    0.40146265    0.48656693    0.37985074    0.62603838    0.68393326    0.77682861    1.35508598    1.03189617    1.14189340    1.14261109    1.23263796    1.19255722    1.12719781    1.33796635    1.27010066    1.15983190    1.21579576    1.30630947    0.27741580    0.29330788    0.27682979    0.34145247
V6KK18_STRNV/1-151     0.27285207    0.00000000    0.26521854    0.29995056    0.40765630    0.45527475    0.35725293    0.37461604    0.38765303    0.30406624    0.30615160    0.40091410    0.35272910    0.37746879    0.53366926    0.42406879    0.65828487    0.64725002    0.88453856    1.40832855    1.17583709    1.27935734    1.14722313    1.31740197    1.25499781    1.16639921    1.51036333    1.37930978    1.17790764    1.28321597    1.33197113    0.32499414    0.32352860    0.28519881    0.35022283
A0A1Q4WH31_9ACTN/1-147     0.31048502    0.26521854    0.00000000    0.32034347    0.35048625    0.38655725    0.33283447    0.40992415    0.43952889    0.39155497    0.38391629    0.44746458    0.42564558    0.45059907    0.57797378    0.49176181    0.67570821    0.66414865    0.92563930    1.46750531    1.06642555    1.15383911    1.10703632    1.26481884    1.17074141    1.15465045    1.42512482    1.29891381    1.19146151    1.26530367    1.24426302    0.34570038    0.34480203    0.34448343    0.41282267
A0A124I5J3_9ACTN/1-146     0.33593476    0.29995056    0.32034347    0.00000000    0.31528340    0.40517207    0.46265378    0.46765470    0.45095243    0.42033624    0.40566142    0.43775087    0.46414023    0.44002360    0.61377530    0.52000002    0.75013498    0.80473244    0.92975859    1.47442619    1.17148655    1.19398011    1.19479267    1.29020660    1.25177412    1.19798823    1.51326854    1.28436206    1.29764607    1.27579378    1.27948696    0.33308273    0.31986636    0.30707596    0.41997866
A0A0G3ACY3_9ACTN/1-148     0.42322696    0.40765630    0.35048625    0.31528340    0.00000000    0.33452325    0.42107046    0.44402315    0.54382244    0.44981386    0.43299994    0.44089015    0.50863041    0.52300171    0.62922073    0.51253190    0.72963748    0.67912422    0.86891006    1.44257338    1.09972327    1.15919499    1.10084708    1.17462371    1.07199010    0.98526474    1.44905448    1.30770071    1.29038148    1.27631456    1.31120438    0.47550924    0.47183290    0.40210420    0.43601963
A0A1S2PDG3_9ACTN/1-147     0.42970390    0.45527475    0.38655725    0.40517207    0.33452325    0.00000000    0.45372436    0.50629333    0.61947207    0.47126258    0.46031575    0.47841918    0.54458518    0.56224628    0.61761843    0.62915715    0.74843807    0.67640392    0.85835002    1.53737272    1.19402288    1.24738936    1.17490454    1.34408570    1.22027944    1.18337002    1.46965639    1.41781092    1.33623326    1.26848453    1.31922053    0.47263010    0.51629244    0.46931651    0.53060668
A0A1C4JA11_9ACTN/1-146     0.31957945    0.35725293    0.33283447    0.46265378    0.42107046    0.45372436    0.00000000    0.44543329    0.46331889    0.45175620    0.40278084    0.44913432    0.47848332    0.54779800    0.58476905    0.54225535    0.68808897    0.73772762    0.92660586    1.49844304    1.13723419    1.30036424    1.27895528    1.28375095    1.25025804    1.21913764    1.63073616    1.38859127    1.30244876    1.37048961    1.41504880    0.44919651    0.40480754    0.34795250    0.41750531
A0A2W2L6T3_9ACTN/1-149     0.39489864    0.37461604    0.40992415    0.46765470    0.44402315    0.50629333    0.44543329    0.00000000    0.46433024    0.34596971    0.37999683    0.44519783    0.46297663    0.53046470    0.56218730    0.54517393    0.61913364    0.75067549    0.95236028    1.27128130    1.13743938    1.24728398    1.20069978    1.25050760    1.22189699    1.20837904    1.39867173    1.13812334    1.28404294    1.34307646    1.24312843    0.36873897    0.42171757    0.38755387    0.48293197
A0A2G9DRF3_9ACTN/1-151     0.38790284    0.38765303    0.43952889    0.45095243    0.54382244    0.61947207    0.46331889    0.46433024    0.00000000    0.33641531    0.35132496    0.42722700    0.42675911    0.44890620    0.56849095    0.55250931    0.58850649    0.81985561    0.95579139    1.52549222    1.14229138    1.40766616    1.33740708    1.43847063    1.37345358    1.31005717    1.48584159    1.36794187    1.33431075    1.39352963    1.35479607    0.39352300    0.43816125    0.43587853    0.45638429
K4R6Z1_STRDJ/1-151     0.29632763    0.30406624    0.39155497    0.42033624    0.44981386    0.47126258    0.45175620    0.34596971    0.33641531    0.00000000    0.27398150    0.33571427    0.36037178    0.44224216    0.46918392    0.42398094    0.54591284    0.71720665    0.83194836    1.28290513    0.96294422    1.24903957    1.15882485    1.29950409    1.23520758    1.11255232    1.29599082    1.27464312    1.20043482    1.11588112    1.18872917    0.35786030    0.36331160    0.37231313    0.37992560
A0A1B6ATB6_9ACTN/1-153     0.26930361    0.30615160    0.38391629    0.40566142    0.43299994    0.46031575    0.40278084    0.37999683    0.35132496    0.27398150    0.00000000    0.31781393    0.36117692    0.42142130    0.46445954    0.43500938    0.55499064    0.71727452    0.77472769    1.38116716    1.11511187    1.21426394    1.06465435    1.26291237    1.20562360    1.12050212    1.38565676    1.19001589    1.16624369    1.15420343    1.24132836    0.30455251    0.31256718    0.34000779    0.33919523
C9ZEZ7_STRSW/1-154     0.37261891    0.40091410    0.44746458    0.43775087    0.44089015    0.47841918    0.44913432    0.44519783    0.42722700    0.33571427    0.31781393    0.00000000    0.45837467    0.50169601    0.56655961    0.57302100    0.63479191    0.79394271    0.87587722    1.45054754    1.08994384    1.29363085    1.19331478    1.32493589    1.33440531    1.22802984    1.45119754    1.33641735    1.31278878    1.26203016    1.31285508    0.43361763    0.44201168    0.41015337    0.45191710
A0A101UQW9_9ACTN/1-146     0.39722465    0.35272910    0.42564558    0.46414023    0.50863041    0.54458518    0.47848332    0.46297663    0.42675911    0.36037178    0.36117692    0.45837467    0.00000000    0.40550045    0.49897238    0.48396130    0.59385020    0.65352845    0.84821461    1.53130535    0.96009368    1.22608731    1.13304568    1.21549212    1.23330267    1.19280707    1.35474174    1.15586436    1.13318296    1.12722644    1.22697328    0.38884128    0.46354903    0.44556254    0.48993553
A0A1S2K3K8_9ACTN/1-136     0.40146265    0.37746879    0.45059907    0.44002360    0.52300171    0.56224628    0.54779800    0.53046470    0.44890620    0.44224216    0.42142130    0.50169601    0.40550045    0.00000000    0.40715057    0.53172374    0.68036854    0.73095241    0.89042654    1.40381647    1.16183566    1.29159918    1.14762342    1.36178301    1.28939250    1.23927573    1.35389128    1.30933300    1.41938995    1.33430804    1.24822238    0.39318876    0.45109102    0.45640219    0.49779363
A0A2Z4V0J1_9ACTN/1-143     0.48656693    0.53366926    0.57797378    0.61377530    0.62922073    0.61761843    0.58476905    0.56218730    0.56849095    0.46918392    0.46445954    0.56655961    0.49897238    0.40715057    0.00000000    0.55014212    0.75428125    0.80662593    0.88388910    1.32645327    1.09008104    1.34075512    1.19893373    1.30025076    1.31839382    1.26804236    1.48580305    1.25361078    1.36423788    1.26099011    1.40133865    0.49107148    0.54947444    0.58965733    0.55200577
I2N7W4_STRT9/1-139     0.37985074    0.42406879    0.49176181    0.52000002    0.51253190    0.62915715    0.54225535    0.54517393    0.55250931    0.42398094    0.43500938    0.57302100    0.48396130    0.53172374    0.55014212    0.00000000    0.64562348    0.79209757    0.82127074    1.47426591    0.94797167    1.17627842    1.18613780    1.15521624    1.18440257    1.02149367    1.36897200    1.11591797    1.09948317    1.09283507    1.30930251    0.49728027    0.47178609    0.55337672    0.45619116
A0A1H8S5Z9_9ACTN/1-150     0.62603838    0.65828487    0.67570821    0.75013498    0.72963748    0.74843807    0.68808897    0.61913364    0.58850649    0.54591284    0.55499064    0.63479191    0.59385020    0.68036854    0.75428125    0.64562348    0.00000000    0.85148785    1.02456369    1.53200524    1.08414922    1.19541605    1.26119010    1.30855943    1.26128852    1.21790248    1.45919589    1.26179186    1.39024077    1.34286363    1.43311087    0.62961265    0.66837511    0.77402575    0.72421064
A0A0N0MQR4_9ACTN/1-145     0.68393326    0.64725002    0.66414865    0.80473244    0.67912422    0.67640392    0.73772762    0.75067549    0.81985561    0.71720665    0.71727452    0.79394271    0.65352845    0.73095241    0.80662593    0.79209757    0.85148785    0.00000000    0.76805444    1.59029635    0.91988710    1.07036942    1.02187839    1.12229652    1.21300581    1.14852308    1.35040404    1.16548310    1.15473078    1.38869204    1.24048524    0.68082377    0.75324073    0.79512874    0.74640376
A0A0K9XK39_9ACTN/1-157     0.77682861    0.88453856    0.92563930    0.92975859    0.86891006    0.85835002    0.92660586    0.95236028    0.95579139    0.83194836    0.77472769    0.87587722    0.84821461    0.89042654    0.88388910    0.82127074    1.02456369    0.76805444    0.00000000    1.45828514    0.95327939    1.03313664    1.06730855    1.15303396    1.13377924    1.00883848    1.26571738    1.26647520    1.11944173    1.12467725    1.38303252    0.84938590    0.91541549    0.91526970    0.81407210
A0A1J7C980_9ACTN/1-152     1.35508598    1.40832855    1.46750531    1.47442619    1.44257338    1.53737272    1.49844304    1.27128130    1.52549222    1.28290513    1.38116716    1.45054754    1.53130535    1.40381647    1.32645327    1.47426591    1.53200524    1.59029635    1.45828514    0.00000000    1.16789650    1.39549764    1.39741373    1.34624412    1.36012964    1.26031041    1.26987046    1.31388897    1.37731710    1.30600291    1.43597815    1.40953665    1.34730652    1.42499344    1.48235146
A0A1H8A5V6_STRJI/1-144     1.03189617    1.17583709    1.06642555    1.17148655    1.09972327    1.19402288    1.13723419    1.13743938    1.14229138    0.96294422    1.11511187    1.08994384    0.96009368    1.16183566    1.09008104    0.94797167    1.08414922    0.91988710    0.95327939    1.16789650    0.00000000    0.69014511    0.74769949    0.71513081    0.73326277    0.70909648    0.83552635    0.62465092    0.72763424    0.78872891    0.80553475    1.06794084    1.14118209    1.20303467    1.19239885
A0A1I1KFV8_9ACTN/1-148     1.14189340    1.27935734    1.15383911    1.19398011    1.15919499    1.24738936    1.30036424    1.24728398    1.40766616    1.24903957    1.21426394    1.29363085    1.22608731    1.29159918    1.34075512    1.17627842    1.19541605    1.07036942    1.03313664    1.39549764    0.69014511    0.00000000    0.41151794    0.46531311    0.47281705    0.38755545    0.74554502    0.51629547    0.56581377    0.87342286    1.06422690    1.19409437    1.15700009    1.40336397    1.36491452
A0A2N3UUN4_9ACTN/1-149     1.14261109    1.14722313    1.10703632    1.19479267    1.10084708    1.17490454    1.27895528    1.20069978    1.33740708    1.15882485    1.06465435    1.19331478    1.13304568    1.14762342    1.19893373    1.18613780    1.26119010    1.02187839    1.06730855    1.39741373    0.74769949    0.41151794    0.00000000    0.33910306    0.37196517    0.30804096    0.75860919    0.58395264    0.67767141    0.87477707    1.04221456    1.17009328    1.14471210    1.26901509    1.21335407
A0A1B9F246_9ACTN/1-150     1.23263796    1.31740197    1.26481884    1.29020660    1.17462371    1.34408570    1.28375095    1.25050760    1.43847063    1.29950409    1.26291237    1.32493589    1.21549212    1.36178301    1.30025076    1.15521624    1.30855943    1.12229652    1.15303396    1.34624412    0.71513081    0.46531311    0.33910306    0.00000000    0.29968854    0.23802903    0.78870184    0.57876080    0.59140089    0.75543175    0.99562701    1.31129467    1.26032650    1.37446181    1.27077639
A0A1H0RQN4_9ACTN/1-151     1.19255722    1.25499781    1.17074141    1.25177412    1.07199010    1.22027944    1.25025804    1.22189699    1.37345358    1.23520758    1.20562360    1.33440531    1.23330267    1.28939250    1.31839382    1.18440257    1.26128852    1.21300581    1.13377924    1.36012964    0.73326277    0.47281705    0.37196517    0.29968854    0.00000000    0.24004973    0.86842328    0.59827640    0.64316569    0.83092478    1.10019995    1.18993365    1.27203557    1.34063132    1.27110922
A0A0M9ZQD8_9ACTN/1-150     1.12719781    1.16639921    1.15465045    1.19798823    0.98526474    1.18337002    1.21913764    1.20837904    1.31005717    1.11255232    1.12050212    1.22802984    1.19280707    1.23927573    1.26804236    1.02149367    1.21790248    1.14852308    1.00883848    1.26031041    0.70909648    0.38755545    0.30804096    0.23802903    0.24004973    0.00000000    0.84400136    0.65850162    0.63107138    0.79963462    1.03526462    1.23103879    1.16691028    1.25888381    1.24830196
E2Q8U1_STRCL/1-135     1.33796635    1.51036333    1.42512482    1.51326854    1.44905448    1.46965639    1.63073616    1.39867173    1.48584159    1.29599082    1.38565676    1.45119754    1.35474174    1.35389128    1.48580305    1.36897200    1.45919589    1.35040404    1.26571738    1.26987046    0.83552635    0.74554502    0.75860919    0.78870184    0.86842328    0.84400136    0.00000000    0.75769832    0.77847096    1.01942232    1.01949288    1.32930429    1.37714525    1.49677793    1.51346184
A0A2S4Y3A2_9ACTN/1-156     1.27010066    1.37930978    1.29891381    1.28436206    1.30770071    1.41781092    1.38859127    1.13812334    1.36794187    1.27464312    1.19001589    1.33641735    1.15586436    1.30933300    1.25361078    1.11591797    1.26179186    1.16548310    1.26647520    1.31388897    0.62465092    0.51629547    0.58395264    0.57876080    0.59827640    0.65850162    0.75769832    0.00000000    0.38974628    0.81443729    1.04965388    1.29298196    1.24697972    1.40969506    1.33133692
A0A2S4Y2I5_9ACTN/1-151     1.15983190    1.17790764    1.19146151    1.29764607    1.29038148    1.33623326    1.30244876    1.28404294    1.33431075    1.20043482    1.16624369    1.31278878    1.13318296    1.41938995    1.36423788    1.09948317    1.39024077    1.15473078    1.11944173    1.37731710    0.72763424    0.56581377    0.67767141    0.59140089    0.64316569    0.63107138    0.77847096    0.38974628    0.00000000    0.73763670    1.10640486    1.13768283    1.20216182    1.34208723    1.27460842
A0A0Q8NT82_9ACTN/1-143     1.21579576    1.28321597    1.26530367    1.27579378    1.27631456    1.26848453    1.37048961    1.34307646    1.39352963    1.11588112    1.15420343    1.26203016    1.12722644    1.33430804    1.26099011    1.09283507    1.34286363    1.38869204    1.12467725    1.30600291    0.78872891    0.87342286    0.87477707    0.75543175    0.83092478    0.79963462    1.01942232    0.81443729    0.73763670    0.00000000    1.14335427    1.23927854    1.23626522    1.28906053    1.30370648
A0A3N1LGX6_9ACTN/1-146     1.30630947    1.33197113    1.24426302    1.27948696    1.31120438    1.31922053    1.41504880    1.24312843    1.35479607    1.18872917    1.24132836    1.31285508    1.22697328    1.24822238    1.40133865    1.30930251    1.43311087    1.24048524    1.38303252    1.43597815    0.80553475    1.06422690    1.04221456    0.99562701    1.10019995    1.03526462    1.01949288    1.04965388    1.10640486    1.14335427    0.00000000    1.24389961    1.28614922    1.40543051    1.39220110
A0A0F7N5T2_9ACTN/1-146     0.27741580    0.32499414    0.34570038    0.33308273    0.47550924    0.47263010    0.44919651    0.36873897    0.39352300    0.35786030    0.30455251    0.43361763    0.38884128    0.39318876    0.49107148    0.49728027    0.62961265    0.68082377    0.84938590    1.40953665    1.06794084    1.19409437    1.17009328    1.31129467    1.18993365    1.23103879    1.32930429    1.29298196    1.13768283    1.23927854    1.24389961    0.00000000    0.29270054    0.37398352    0.38850010
C9YXI5_STRSW/1-150     0.29330788    0.32352860    0.34480203    0.31986636    0.47183290    0.51629244    0.40480754    0.42171757    0.43816125    0.36331160    0.31256718    0.44201168    0.46354903    0.45109102    0.54947444    0.47178609    0.66837511    0.75324073    0.91541549    1.34730652    1.14118209    1.15700009    1.14471210    1.26032650    1.27203557    1.16691028    1.37714525    1.24697972    1.20216182    1.23626522    1.28614922    0.29270054    0.00000000    0.28175495    0.30760383
Q9L1N6_STRCO/1-150     0.27682979    0.28519881    0.34448343    0.30707596    0.40210420    0.46931651    0.34795250    0.38755387    0.43587853    0.37231313    0.34000779    0.41015337    0.44556254    0.45640219    0.58965733    0.55337672    0.77402575    0.79512874    0.91526970    1.42499344    1.20303467    1.40336397    1.26901509    1.37446181    1.34063132    1.25888381    1.49677793    1.40969506    1.34208723    1.28906053    1.40543051    0.37398352    0.28175495    0.00000000    0.27951242
G2GCE5_9ACTN/1-150     0.34145247    0.35022283    0.41282267    0.41997866    0.43601963    0.53060668    0.41750531    0.48293197    0.45638429    0.37992560    0.33919523    0.45191710    0.48993553    0.49779363    0.55200577    0.45619116    0.72421064    0.74640376    0.81407210    1.48235146    1.19239885    1.36491452    1.21335407    1.27077639    1.27110922    1.24830196    1.51346184    1.33133692    1.27460842    1.30370648    1.39220110    0.38850010    0.30760383    0.27951242    0.00000000

