7
F2Y0L8_9VIRU/4-110     0.00000000    0.61837587    0.64318120    1.19431113    1.04669728    0.99807093    1.38695020
A0A0A0RPC8_9VIRU/4-109     0.61837587    0.00000000    0.57868137    1.19540479    1.40552605    1.14610061    1.70713367
A0A0R5K6U1_9VIRU/4-110     0.64318120    0.57868137    0.00000000    1.04482236    1.09557640    1.11843681    1.36473567
A0A0N9R0V8_CEV01/4-120     1.19431113    1.19540479    1.04482236    0.00000000    1.15241519    1.17752295    1.52049463
A7J7R5_PBCVF/4-127     1.04669728    1.40552605    1.09557640    1.15241519    0.00000000    0.44707319    0.35156328
A7K9F7_9PHYC/7-129     0.99807093    1.14610061    1.11843681    1.17752295    0.44707319    0.00000000    0.42462569
A0A1J0FA13_9PHYC/9-130     1.38695020    1.70713367    1.36473567    1.52049463    0.35156328    0.42462569    0.00000000

