80
A0A151B3M6_9CLOT/838-1033     0.00000000    0.29355965    0.38699826    0.47767540    0.45103620    0.71709462    0.59215281    0.54779472    1.39380340    1.44610103    1.81774448    1.54240794    1.57669705    1.40165694    1.52294831    1.67157527    1.42229424    1.65825383    1.77131704    1.54300278    1.59435172    1.43612999    1.57632649    1.67353372    1.57968111    1.62426947    1.83539526    1.65827264    1.63099584    1.63863262    1.69685050    1.57366509    1.53016884    1.43050382    1.52128083    1.58755862    1.39189249    1.59919764    1.52850756    1.61490725    1.85890100    1.65458833    1.55039906    1.59950294    1.74509964    1.47488193    1.54353291    1.47413075    0.32862519    0.34241545    0.37373514    0.32378793    0.34094610    0.33448612    0.40903952    0.40400754    0.45834127    0.38425265    0.37991167    0.43195871    0.30111325    0.37063295    0.29011042    0.31459225    0.32726991    0.32921673    0.32570252    0.33672588    0.38141697    0.37608949    0.26063297    0.36153233    0.33225005    0.40532538    0.33827619    0.36841970    0.47382342    0.39701361    0.37161715    0.26501476
A0A1M5W545_9CLOT/842-1037     0.29355965    0.00000000    0.51046891    0.59021497    0.51295300    0.64278008    0.63933911    0.58829797    1.46875729    1.47893145    1.68546979    1.76523545    1.55505401    1.47960250    1.65184714    1.78275939    1.47508130    1.65465113    1.71341773    1.62164011    1.69670111    1.44667413    1.58103114    1.72877036    1.60859727    1.57389198    1.90337246    1.67612421    1.62022222    1.65259484    1.64898924    1.55186078    1.73214336    1.48825281    1.57117702    1.62881097    1.55017694    1.66657884    1.62717330    1.47065799    1.94698691    1.56836663    1.50043922    1.48765720    1.60735097    1.59497650    1.61419549    1.44665088    0.37420885    0.42256970    0.47479446    0.43423508    0.44961820    0.42239314    0.47097389    0.48174675    0.53113140    0.39664188    0.40625880    0.43891826    0.36814153    0.40928737    0.33822586    0.40309275    0.35550166    0.41262373    0.46096227    0.40362060    0.47069920    0.44898526    0.40561534    0.49007580    0.40081588    0.50530045    0.41692737    0.34219206    0.53905603    0.49278545    0.44772239    0.34521972
R7IR47_9CLOT/848-1044     0.38699826    0.51046891    0.00000000    0.36757298    0.32770263    0.73466826    0.65947018    0.57166832    1.44373123    1.46145400    1.74152343    1.38797963    1.68717525    1.60648690    1.44071087    1.51625807    1.51414744    1.52794236    1.62725086    1.46604651    1.54265139    1.48243333    1.52412031    1.64889897    1.58581292    1.56700487    1.75005361    1.60176749    1.63253117    1.54088873    1.53531899    1.56377046    1.71715456    1.42714143    1.51035959    1.71149559    1.43232215    1.56892020    1.53802534    1.57476370    2.15718112    1.76258669    1.78206924    1.65347391    1.87946434    1.48430765    1.47310729    1.63144719    0.44965896    0.51052218    0.55725027    0.51153464    0.48422025    0.49262357    0.59755642    0.57698625    0.56635716    0.55521191    0.48856761    0.50685461    0.45804750    0.48651567    0.43434471    0.47408225    0.46608796    0.46754603    0.42696075    0.49975912    0.46495386    0.41994041    0.43591561    0.49089331    0.49783755    0.52284853    0.47167997    0.53144697    0.57853514    0.47798106    0.49969497    0.42765290
R7GAM7_9CLOT/852-1048     0.47767540    0.59021497    0.36757298    0.00000000    0.26550027    0.77991299    0.78582109    0.73107230    1.56417246    1.48006420    1.84489501    1.55460061    1.67302907    1.60540586    1.68338080    1.79184343    1.65389731    1.72374472    1.76319553    1.55628733    1.84530533    1.51302674    1.65703704    1.82073656    1.60766558    1.51282818    1.93281254    1.64574644    1.74191663    1.68643254    1.66287563    1.66434872    1.72846647    1.47393566    1.68329164    1.63156093    1.45163979    1.66816910    1.66000111    1.83131290    2.01614722    1.84507817    1.74956342    1.83729296    1.96263558    1.50685406    1.75639525    1.64461602    0.51840367    0.56941429    0.59816578    0.56508731    0.58807915    0.55942542    0.63437430    0.64893363    0.66340565    0.62700184    0.56025747    0.60426239    0.57026839    0.50557099    0.53606824    0.55994385    0.57282875    0.52048664    0.49736832    0.53860720    0.54340351    0.56351582    0.54488464    0.53741046    0.53139314    0.58262279    0.54258879    0.59116783    0.55368486    0.58122056    0.54964324    0.49375840
R7FI43_9CLOT/861-1057     0.45103620    0.51295300    0.32770263    0.26550027    0.00000000    0.76434178    0.62808659    0.53650495    1.47799340    1.49682089    1.82028473    1.63221113    1.69134518    1.61486673    1.63242093    1.65588183    1.60007206    1.74863382    1.73800303    1.60044180    1.89180001    1.52620400    1.55594246    1.76218998    1.61556981    1.56218256    1.89947415    1.60344506    1.79010712    1.66544650    1.56009851    1.60514210    1.61366072    1.47008461    1.55421823    1.63830994    1.49540687    1.62635375    1.48307285    1.62823165    2.03273663    1.83021282    1.65621388    1.86038703    1.87651140    1.52328179    1.61172826    1.47475906    0.51846540    0.55036123    0.54832434    0.53632463    0.57513386    0.48443105    0.61149331    0.60594829    0.61127057    0.58883182    0.50018302    0.55398437    0.44287623    0.53213595    0.44477935    0.55626561    0.47950522    0.48512829    0.46732357    0.55696841    0.53381024    0.50527252    0.50965890    0.55145849    0.51038698    0.55741826    0.55199481    0.58849018    0.56327824    0.58485071    0.50327018    0.46112935
F9VIB4_ARTSS/840-1038     0.71709462    0.64278008    0.73466826    0.77991299    0.76434178    0.00000000    0.74720992    0.77739368    1.54820763    1.55288895    1.79210770    1.47931474    1.70065354    1.67352938    1.70112082    1.77291264    1.83650403    1.86822779    1.74998556    1.56681149    1.61245226    1.68223409    1.88050541    1.87274290    1.85656226    1.75111796    1.94215235    1.62714857    1.89560496    1.74313037    1.85431417    1.77369289    1.94484488    1.62504945    1.78849677    1.63101815    1.51902945    1.75713614    1.87275523    1.63216543    1.95844817    1.85698330    1.70990211    1.72283642    1.71028545    1.68853597    1.70677808    1.74859692    0.73861335    0.79442404    0.71435469    0.66634487    0.75193292    0.79289249    0.64028511    0.64719554    0.67316887    0.72658225    0.73156228    0.78021321    0.75115938    0.66595917    0.67923749    0.65344399    0.66477103    0.71949932    0.68904398    0.67704962    0.74615144    0.67294355    0.70117908    0.69470685    0.67796114    0.73255727    0.70330079    0.64783542    0.79887929    0.80803232    0.77668037    0.68958677
I8RI95_9FIRM/838-1033     0.59215281    0.63933911    0.65947018    0.78582109    0.62808659    0.74720992    0.00000000    0.30280628    1.57392487    1.40266718    1.75391437    1.62178025    1.51227754    1.64513736    1.55316268    1.63886664    1.39640890    1.61558414    1.70584730    1.53719500    1.74103810    1.41946364    1.49179650    1.62129017    1.55365925    1.52164828    1.93143389    1.56982905    1.58495804    1.61284862    1.58746552    1.51906576    1.70207955    1.47326938    1.64621057    1.66351533    1.49777731    1.68108679    1.58591546    1.46340607    1.87990628    1.79620827    1.51619882    1.56185605    1.50646607    1.62230317    1.60282431    1.63433425    0.62115836    0.62977528    0.66733771    0.74631053    0.68654092    0.63149590    0.64733620    0.65484695    0.64320465    0.57881401    0.62055343    0.56480184    0.54714821    0.66915068    0.56399573    0.67469177    0.61362666    0.69334971    0.72352968    0.66888308    0.72087588    0.65494974    0.61575797    0.72357761    0.71343583    0.76915700    0.64605553    0.64127503    0.75249178    0.70777282    0.59833677    0.59312598
A0A1H8UUE5_9FIRM/838-1033     0.54779472    0.58829797    0.57166832    0.73107230    0.53650495    0.77739368    0.30280628    0.00000000    1.49054662    1.31782220    1.68073838    1.55837233    1.58629713    1.53299894    1.44342900    1.47487552    1.32527871    1.48809569    1.60245481    1.37002784    1.55843143    1.35769363    1.33364507    1.44251506    1.44999851    1.37625069    1.79183916    1.42161343    1.48923735    1.61355362    1.54909981    1.46323042    1.54248002    1.38203451    1.47179258    1.59597979    1.34950305    1.58355567    1.45542055    1.36676387    1.78336692    1.69944608    1.48233463    1.63736564    1.65152401    1.54496006    1.37649330    1.51334628    0.56925646    0.57573280    0.59407151    0.64975765    0.66300512    0.62196505    0.67482438    0.64056261    0.71874436    0.63708529    0.50023117    0.49880773    0.50591474    0.59595235    0.46539909    0.60332088    0.54504405    0.56891775    0.64091113    0.63074737    0.62416472    0.59386891    0.59661651    0.65885355    0.62180752    0.74637801    0.60689359    0.60197623    0.65077887    0.66676290    0.60169258    0.53569141
F8L9E7_SIMNZ/843-1036     1.39380340    1.46875729    1.44373123    1.56417246    1.47799340    1.54820763    1.57392487    1.49054662    0.00000000    0.72836576    0.85549189    1.51932216    1.49488548    1.39832490    1.37555379    1.48282279    1.40499868    1.41169234    1.58466544    1.42166012    1.54634343    1.44143255    1.36957009    1.50215316    1.43088689    1.27246408    1.54854129    1.38234443    1.27339526    1.28653941    1.33008681    1.38110954    1.33686380    1.26499438    1.34971842    1.36149114    1.20538678    1.36364695    1.32901596    1.58504649    1.63156174    1.41092292    1.56357712    1.46594799    1.45491908    1.39269826    1.48694209    1.51208517    1.60930750    1.44840456    1.40817946    1.42002645    1.55201249    1.45523351    1.66900298    1.67248720    1.45048987    1.46715158    1.41881239    1.49944410    1.40296500    1.65992985    1.47327936    1.58340986    1.41613768    1.43756844    1.46705246    1.49703189    1.61539596    1.52347750    1.57647859    1.59934232    1.43850951    1.46553566    1.51749460    1.49945405    1.61565339    1.48995690    1.57642997    1.46631639
D6YUU0_WADCW/841-1034     1.44610103    1.47893145    1.46145400    1.48006420    1.49682089    1.55288895    1.40266718    1.31782220    0.72836576    0.00000000    0.70360273    1.44872454    1.32691507    1.38387012    1.30046391    1.25030539    1.30287775    1.34681008    1.41470375    1.31296857    1.40322270    1.26214575    1.22716792    1.32565069    1.28144715    1.18264540    1.28468866    1.28961303    1.34187764    1.27673012    1.37875416    1.44967082    1.44790571    1.34250862    1.47178022    1.32213284    1.23346077    1.46966636    1.33327376    1.30222794    1.43192740    1.19185042    1.36543271    1.40042618    1.42093748    1.47562054    1.34167876    1.44652816    1.52491030    1.34728542    1.45130056    1.40717882    1.45474850    1.53097858    1.49693393    1.59988186    1.60284406    1.52927408    1.50268088    1.50318205    1.46670777    1.50491377    1.51689916    1.46202409    1.42351819    1.48420207    1.52804802    1.48922555    1.56900042    1.42456690    1.51039743    1.44656375    1.46761278    1.57478876    1.47844154    1.48105896    1.51296016    1.56376920    1.61176421    1.43473223
A0A0H5DR76_9BACT/847-1040     1.81774448    1.68546979    1.74152343    1.84489501    1.82028473    1.79210770    1.75391437    1.68073838    0.85549189    0.70360273    0.00000000    1.48389026    1.40700692    1.39927650    1.36572464    1.54777843    1.30375780    1.40335401    1.43222371    1.41130102    1.46474276    1.34989657    1.45101179    1.39097422    1.40866998    1.38884502    1.49050760    1.39147462    1.52205731    1.54990370    1.65063853    1.42056734    1.55879800    1.61523334    1.54648077    1.41182293    1.37428361    1.47418627    1.51537529    1.45898406    1.32615174    1.30267821    1.29009056    1.36934758    1.39103109    1.77843989    1.48976659    1.44777852    1.78419679    1.75687099    1.69334162    1.69344437    1.89596245    1.82576203    1.90966267    1.90964208    1.84490495    1.60607525    1.62533638    1.73696200    1.76377594    1.88317748    1.65637272    1.79845080    1.53230259    1.73902408    1.99990094    1.82240191    1.91773681    1.82913320    1.70277282    1.89952438    1.82966933    1.85625481    1.64221896    1.80528729    1.82580124    1.93825146    1.88218156    1.72848448
SYI_BORBU/847-1042     1.54240794    1.76523545    1.38797963    1.55460061    1.63221113    1.47931474    1.62178025    1.55837233    1.51932216    1.44872454    1.48389026    0.00000000    1.23295599    1.12986959    1.15958544    1.32829916    1.19222627    1.13693975    1.15103692    1.05536430    1.03890102    1.15177040    1.12133849    1.22298891    1.19231353    1.19527535    1.33022547    1.10976542    1.29302411    1.24697375    1.18023437    1.19551819    1.22202399    1.23970699    1.19113272    1.24296510    1.05505906    1.26724041    1.30328063    1.45826115    1.64837427    1.57996684    1.56009564    1.66172399    1.65400470    1.55888820    1.62811275    1.73499480    1.60475663    1.52495258    1.45575110    1.58495791    1.69546030    1.64510754    1.65034995    1.63611203    1.67073827    1.55598323    1.63110526    1.66442208    1.54824435    1.51356755    1.50357546    1.64847204    1.62309077    1.60892327    1.62916997    1.60570619    1.73130616    1.63335726    1.59455521    1.61791777    1.73791614    1.68109767    1.67395208    1.60745109    1.70252797    1.78874746    1.79900013    1.60978121
G8QWP9_SPHPG/849-1042     1.57669705    1.55505401    1.68717525    1.67302907    1.69134518    1.70065354    1.51227754    1.58629713    1.49488548    1.32691507    1.40700692    1.23295599    0.00000000    0.37378553    0.86288691    1.10743255    0.81951497    1.04437393    1.00945090    0.85653511    1.05283513    0.95681498    1.02486809    0.96664164    0.99941999    0.95618920    1.23259758    0.94468261    1.10028041    1.00949240    0.99024066    0.93977734    0.97471495    0.92331323    0.98645638    1.05049791    0.91820557    0.98582611    0.94445467    1.58157566    1.43141500    1.57088489    1.32924813    1.43703306    1.43867369    1.45435061    1.49720505    1.67070234    1.61928628    1.60359904    1.57665698    1.60764625    1.65807069    1.52019858    1.61430040    1.61327127    1.51690552    1.46351372    1.60232129    1.62373306    1.51708118    1.52028837    1.53489700    1.51432654    1.62669861    1.65724271    1.61517196    1.66747259    1.66812151    1.66012486    1.59819995    1.68193615    1.66016864    1.83006252    1.52295361    1.41739014    1.43371037    1.56056474    1.69492539    1.47918941
F0RVS7_SPHGB/849-1042     1.40165694    1.47960250    1.60648690    1.60540586    1.61486673    1.67352938    1.64513736    1.53299894    1.39832490    1.38387012    1.39927650    1.12986959    0.37378553    0.00000000    0.89236136    1.18611075    0.86433308    1.06129746    1.03491170    0.81886395    1.00373002    1.03030665    1.07112010    1.03657366    1.03212321    0.97751559    1.28859815    0.96104947    1.04228125    1.09246693    1.05339117    1.04822330    0.98872975    0.96555641    1.02344094    1.06060573    0.93800514    0.98424128    1.00710467    1.45357180    1.46157750    1.59200191    1.43715658    1.38304829    1.37950612    1.46290800    1.43991344    1.54572314    1.47932015    1.59886176    1.48391050    1.55624239    1.48161350    1.48812026    1.60151078    1.61968573    1.63331968    1.45715674    1.52165952    1.51411794    1.43898549    1.46842519    1.41066879    1.57932466    1.57214481    1.45167342    1.51378587    1.51522077    1.59824656    1.57130157    1.46299980    1.52832054    1.52061251    1.69302222    1.52719243    1.44456737    1.46208893    1.48804553    1.55948404    1.44236453
E1R6K2_SEDSS/846-1040     1.52294831    1.65184714    1.44071087    1.68338080    1.63242093    1.70112082    1.55316268    1.44342900    1.37555379    1.30046391    1.36572464    1.15958544    0.86288691    0.89236136    0.00000000    0.74729636    0.58307239    0.75287939    0.72582823    0.67574471    0.80096985    0.66032183    0.83505770    0.70487385    0.76053066    0.82770804    1.01733045    0.73041267    0.90565291    0.82450859    0.86691496    0.85647449    0.94163684    0.90186970    0.83059804    1.08568719    0.90423721    1.05662546    0.80645857    1.34412421    1.72341016    1.63561559    1.60635586    1.64943032    1.70986076    1.41404587    1.60831388    1.46131555    1.65519475    1.32642868    1.57369069    1.50873905    1.56176862    1.61154776    1.58113685    1.61751237    1.59041667    1.51689849    1.68238925    1.65883656    1.45279141    1.58055654    1.53858993    1.58211179    1.64946269    1.60610310    1.66104021    1.68702994    1.63432595    1.53369029    1.50083128    1.49924965    1.60548550    1.76099401    1.63956772    1.69156453    1.55233158    1.57483879    1.53524186    1.51012695
G0GB96_SPITZ/851-1046     1.67157527    1.78275939    1.51625807    1.79184343    1.65588183    1.77291264    1.63886664    1.47487552    1.48282279    1.25030539    1.54777843    1.32829916    1.10743255    1.18611075    0.74729636    0.00000000    0.69234185    0.90105584    0.82201689    0.78345905    0.77137888    0.74774259    0.82646785    0.79697280    0.83295476    0.82170675    0.95282981    0.82440695    0.81425905    0.78382097    0.90391396    0.89379141    0.92749011    0.90834712    1.00680267    0.94074178    0.95377264    1.20503048    0.90570947    1.50257408    1.48067289    1.28274926    1.30339126    1.41895051    1.51219208    1.54523928    1.48447864    1.66060747    1.65137880    1.56150115    1.61986488    1.54483247    1.52465358    1.56060735    1.68099393    1.71539646    1.60469645    1.53687497    1.57114327    1.56826371    1.56375414    1.64708930    1.56629077    1.51848508    1.57086807    1.50121149    1.61533560    1.64265097    1.66746417    1.55755182    1.60720802    1.52980818    1.63980336    1.63899656    1.65476951    1.68890374    1.71101786    1.57873972    1.72798304    1.51178125
A0A1Y1RVU6_9SPIO/845-1039     1.42229424    1.47508130    1.51414744    1.65389731    1.60007206    1.83650403    1.39640890    1.32527871    1.40499868    1.30287775    1.30375780    1.19222627    0.81951497    0.86433308    0.58307239    0.69234185    0.00000000    0.55654527    0.56757256    0.55047244    0.65428693    0.55749946    0.61349849    0.60285315    0.67148355    0.63238806    0.88106612    0.66342955    0.69648870    0.68878538    0.64418062    0.72202356    0.80097444    0.76981374    0.74569402    0.87142138    0.78922080    0.95932921    0.69754966    1.38766869    1.53201297    1.54064744    1.43065336    1.49775504    1.41461195    1.45954411    1.18856666    1.52516185    1.51404755    1.28710366    1.41413268    1.54775653    1.47916051    1.41806006    1.51109993    1.59634362    1.57896563    1.42626653    1.48214882    1.53691640    1.45966554    1.48092720    1.44265282    1.50722381    1.42694994    1.53168984    1.55555879    1.55094241    1.59863353    1.55929027    1.46446897    1.49918587    1.56619317    1.61542619    1.56115177    1.61463643    1.56986214    1.33646655    1.54155148    1.39845874
A0A1N6VM40_9SPIO/846-1040     1.65825383    1.65465113    1.52794236    1.72374472    1.74863382    1.86822779    1.61558414    1.48809569    1.41169234    1.34681008    1.40335401    1.13693975    1.04437393    1.06129746    0.75287939    0.90105584    0.55654527    0.00000000    0.57707125    0.66518983    0.65443068    0.69504090    0.77448097    0.77844717    0.81729841    0.75489205    0.98504463    0.79981720    0.88245097    0.80146640    0.78012760    0.71447295    0.90695992    0.84849357    0.85596733    1.02267760    0.83313644    0.94916975    0.77100311    1.48651234    1.59379245    1.63289606    1.49762688    1.64382446    1.50675636    1.46291178    1.35138867    1.59827069    1.66383474    1.57159191    1.70292308    1.59781702    1.72303866    1.62225355    1.60631713    1.83954009    1.75145783    1.61021363    1.66135819    1.66497128    1.52702940    1.79401120    1.66420591    1.64083151    1.67931259    1.61795825    1.65448231    1.73341905    1.70408068    1.52930654    1.57479752    1.54180748    1.63870714    1.76085153    1.84626672    1.75280932    1.74981217    1.63500896    1.72773597    1.55998522
H9ULW5_SPIAZ/847-1041     1.77131704    1.71341773    1.62725086    1.76319553    1.73800303    1.74998556    1.70584730    1.60245481    1.58466544    1.41470375    1.43222371    1.15103692    1.00945090    1.03491170    0.72582823    0.82201689    0.56757256    0.57707125    0.00000000    0.57129598    0.60689808    0.72420327    0.72600319    0.72538503    0.74233929    0.80067546    1.01941856    0.81124225    0.85750629    0.82379560    0.77866153    0.71948308    0.88884426    0.85729069    0.83891907    1.05960958    0.95744568    1.08398901    0.81069299    1.34532169    1.60335081    1.61937966    1.59743617    1.80391528    1.58276311    1.56230081    1.55624098    1.74964686    1.66418205    1.57074548    1.62957912    1.68573065    1.61357648    1.53712516    1.62974153    1.67234550    1.72238103    1.64531800    1.52449085    1.65735322    1.54560092    1.72148494    1.63149359    1.63566240    1.65647163    1.60278125    1.77511569    1.77181723    1.75948416    1.66272171    1.56045698    1.66978176    1.90894755    1.92562221    1.75590775    1.83734456    1.72712187    1.75979919    1.62777995    1.59325705
V5WEI2_9SPIO/861-1055     1.54300278    1.62164011    1.46604651    1.55628733    1.60044180    1.56681149    1.53719500    1.37002784    1.42166012    1.31296857    1.41130102    1.05536430    0.85653511    0.81886395    0.67574471    0.78345905    0.55047244    0.66518983    0.57129598    0.00000000    0.44422315    0.59726008    0.69095269    0.64974279    0.66578112    0.66242203    0.91388101    0.68266868    0.77380917    0.75228533    0.71360021    0.72637042    0.75761903    0.73575660    0.78238414    0.82857603    0.78526482    0.93670738    0.72495412    1.34682053    1.40511447    1.56097087    1.55636339    1.41536840    1.45280746    1.31269592    1.26678252    1.50815582    1.66830537    1.41328191    1.37651455    1.36252172    1.55095387    1.49936073    1.52707393    1.56663831    1.54782217    1.50685280    1.44411280    1.55027857    1.46077268    1.43699388    1.44523641    1.50677152    1.49430884    1.50415230    1.57012668    1.66746005    1.54599459    1.63541195    1.40877265    1.51511115    1.66214658    1.68439358    1.65845063    1.58866500    1.53723250    1.55753537    1.50544958    1.45044544
A0A098QW89_9SPIO/855-1049     1.59435172    1.69670111    1.54265139    1.84530533    1.89180001    1.61245226    1.74103810    1.55843143    1.54634343    1.40322270    1.46474276    1.03890102    1.05283513    1.00373002    0.80096985    0.77137888    0.65428693    0.65443068    0.60689808    0.44422315    0.00000000    0.71583161    0.78483203    0.69754743    0.84890500    0.88329244    1.11118741    0.86959373    0.87755829    0.85305463    0.85043303    0.85637291    0.92971241    0.88946906    0.98669589    0.99191256    0.89655425    1.10224445    0.88450315    1.55253750    1.38321517    1.47445529    1.49603127    1.38881090    1.40259587    1.53872730    1.38193618    1.64183348    1.68540938    1.52186489    1.49557517    1.65817117    1.64843482    1.53442849    1.56724221    1.69779514    1.68608897    1.62398605    1.61991374    1.66313164    1.67465968    1.62723178    1.63351525    1.57307158    1.56188939    1.58499726    1.77283418    1.60754019    1.74025075    1.66225145    1.53429927    1.60772806    1.61724447    1.72298187    1.76683086    1.70088233    1.89699203    1.71946307    1.79420417    1.60851998
F8F0I3_TRECH/861-1055     1.43612999    1.44667413    1.48243333    1.51302674    1.52620400    1.68223409    1.41946364    1.35769363    1.44143255    1.26214575    1.34989657    1.15177040    0.95681498    1.03030665    0.66032183    0.74774259    0.55749946    0.69504090    0.72420327    0.59726008    0.71583161    0.00000000    0.35604549    0.30159620    0.60806861    0.64212727    0.83780432    0.60466155    0.58162161    0.60279555    0.65904731    0.59905079    0.65518647    0.71937228    0.73572526    0.76753000    0.68493491    0.88057183    0.65586128    1.30633405    1.50036432    1.48458373    1.41953463    1.58806835    1.53199385    1.55564362    1.40019785    1.51378010    1.53113856    1.31759100    1.40104393    1.50936056    1.49167992    1.43144176    1.38751379    1.50933286    1.45996549    1.38459076    1.44351374    1.55258595    1.46203427    1.53974770    1.32113983    1.41564372    1.36262868    1.48086682    1.48809079    1.49008360    1.55355991    1.45323143    1.40221012    1.49583321    1.54899871    1.55512977    1.51985699    1.53692049    1.56611568    1.47204391    1.44745316    1.36379263
F5YEZ7_TREAZ/873-1067     1.57632649    1.58103114    1.52412031    1.65703704    1.55594246    1.88050541    1.49179650    1.33364507    1.36957009    1.22716792    1.45101179    1.12133849    1.02486809    1.07112010    0.83505770    0.82646785    0.61349849    0.77448097    0.72600319    0.69095269    0.78483203    0.35604549    0.00000000    0.35468278    0.70737204    0.71304055    0.88912016    0.67233869    0.64162482    0.67913352    0.57424486    0.57040266    0.66982648    0.70144300    0.67762804    0.84122685    0.70664554    0.89598048    0.69754304    1.33038655    1.43906485    1.44342450    1.47955454    1.65787333    1.40005281    1.43807867    1.37739488    1.51279966    1.60863400    1.38048082    1.48690446    1.55309207    1.61363079    1.50429976    1.43771841    1.53884331    1.56693446    1.50133091    1.53133593    1.68896162    1.46541533    1.51811324    1.47126534    1.68113184    1.54065351    1.59244539    1.59302340    1.69409650    1.68769335    1.51372023    1.50022594    1.46453256    1.73453359    1.74089311    1.56965453    1.59584564    1.75304270    1.51922711    1.50784119    1.46653082
F5YGP8_TREPZ/877-1076     1.67353372    1.72877036    1.64889897    1.82073656    1.76218998    1.87274290    1.62129017    1.44251506    1.50215316    1.32565069    1.39097422    1.22298891    0.96664164    1.03657366    0.70487385    0.79697280    0.60285315    0.77844717    0.72538503    0.64974279    0.69754743    0.30159620    0.35468278    0.00000000    0.66337372    0.66962480    0.82566840    0.68479487    0.69814483    0.70232250    0.81182988    0.65599804    0.77556654    0.77172953    0.76938396    0.86809325    0.76691443    0.89859418    0.72314560    1.28249247    1.42476372    1.60200842    1.45932031    1.61560776    1.55672475    1.61588857    1.40130670    1.56997726    1.81726919    1.54183690    1.56394587    1.67918199    1.70647281    1.69049209    1.65194401    1.73380430    1.71658729    1.66817868    1.67268211    1.67898286    1.61722794    1.63667697    1.58554971    1.69168095    1.60420448    1.72014160    1.75732452    1.77308103    1.73225058    1.68913685    1.70940607    1.62918787    1.79370776    1.82296503    1.74456601    1.84251008    1.63989392    1.58439852    1.67771804    1.65341901
S5ZYU2_9SPIO/902-1105     1.57968111    1.60859727    1.58581292    1.60766558    1.61556981    1.85656226    1.55365925    1.44999851    1.43088689    1.28144715    1.40866998    1.19231353    0.99941999    1.03212321    0.76053066    0.83295476    0.67148355    0.81729841    0.74233929    0.66578112    0.84890500    0.60806861    0.70737204    0.66337372    0.00000000    0.27268746    0.63311662    0.46291186    0.52953033    0.53721118    0.62006518    0.59978046    0.72120172    0.72180200    0.75550239    0.72222630    0.69965739    0.86906631    0.66704316    1.28142742    1.48849311    1.51336074    1.45980394    1.56857950    1.54669735    1.37334281    1.41774858    1.59294310    1.64237287    1.46283633    1.69982982    1.57279613    1.64255090    1.57942399    1.76807571    1.67046419    1.61670256    1.60633004    1.58156920    1.56460438    1.47477776    1.60158867    1.54980928    1.67297247    1.57943870    1.51746065    1.88048828    1.70260524    1.72303862    1.57559194    1.56302638    1.65461183    1.77244654    1.84215293    1.68717523    1.75717816    1.59361493    1.56754285    1.61043858    1.57185741
A0A0A0X2E1_9SPIO/887-1091     1.62426947    1.57389198    1.56700487    1.51282818    1.56218256    1.75111796    1.52164828    1.37625069    1.27246408    1.18264540    1.38884502    1.19527535    0.95618920    0.97751559    0.82770804    0.82170675    0.63238806    0.75489205    0.80067546    0.66242203    0.88329244    0.64212727    0.71304055    0.66962480    0.27268746    0.00000000    0.75073165    0.47320189    0.55663094    0.56773170    0.65115193    0.58429211    0.71476914    0.68665559    0.74288053    0.71926585    0.65517284    0.83711541    0.59017889    1.33275546    1.55679616    1.54784172    1.44370443    1.60504229    1.56418322    1.46446198    1.39208281    1.64894390    1.65557465    1.44701615    1.55528162    1.47543447    1.63258571    1.57643050    1.69609588    1.61681270    1.60159707    1.61450813    1.46448301    1.53026209    1.44304318    1.64872666    1.50770850    1.62724207    1.46461280    1.51134585    1.81456543    1.69055126    1.78735360    1.58107689    1.60586353    1.66058793    1.72240786    1.65941493    1.74668868    1.62700058    1.49148098    1.49048371    1.57248190    1.51463795
SYI_TREPA/890-1091     1.83539526    1.90337246    1.75005361    1.93281254    1.89947415    1.94215235    1.93143389    1.79183916    1.54854129    1.28468866    1.49050760    1.33022547    1.23259758    1.28859815    1.01733045    0.95282981    0.88106612    0.98504463    1.01941856    0.91388101    1.11118741    0.83780432    0.88912016    0.82566840    0.63311662    0.75073165    0.00000000    0.63832299    0.76126552    0.74190509    0.84028831    0.77734266    0.86421927    0.81212199    0.87315296    0.94302382    0.81283047    0.98347668    0.87895282    1.63544635    1.87965936    1.61837284    1.66901012    1.74231820    1.80400324    1.55477929    1.54680027    2.10088158    1.90989530    1.72280021    1.91379117    1.82691808    1.79949445    1.94391492    1.89498239    1.87377863    1.85118240    1.77156516    1.84556673    1.93820659    1.86202696    1.78974957    1.84678711    1.95034404    1.79427672    1.86021880    1.99516543    1.94193170    1.98666783    1.85546999    1.80318457    1.88354486    1.97689961    2.01936687    1.86585387    2.00405502    1.82345928    1.93108131    1.92190869    1.79931977
E7NPS0_TREPH/884-1086     1.65827264    1.67612421    1.60176749    1.64574644    1.60344506    1.62714857    1.56982905    1.42161343    1.38234443    1.28961303    1.39147462    1.10976542    0.94468261    0.96104947    0.73041267    0.82440695    0.66342955    0.79981720    0.81124225    0.68266868    0.86959373    0.60466155    0.67233869    0.68479487    0.46291186    0.47320189    0.63832299    0.00000000    0.44080902    0.48443635    0.55715750    0.59118299    0.64882276    0.64317367    0.63220355    0.83965329    0.70260059    0.79821140    0.58398536    1.49782059    1.68041855    1.57799145    1.43613024    1.82713090    1.70197109    1.36687580    1.33874792    1.62570637    1.62201655    1.53885070    1.58980640    1.55640718    1.64411610    1.65412463    1.66299044    1.62836449    1.61771380    1.60985759    1.62780321    1.63125344    1.51917266    1.62374562    1.57744687    1.73170204    1.54845487    1.55451194    1.65495462    1.71190180    1.64949683    1.55188835    1.61537889    1.60071831    1.69535368    1.75448238    1.62907619    1.56036382    1.75661266    1.75129852    1.58878069    1.55697173
SYI_TREDE/891-1099     1.63099584    1.62022222    1.63253117    1.74191663    1.79010712    1.89560496    1.58495804    1.48923735    1.27339526    1.34187764    1.52205731    1.29302411    1.10028041    1.04228125    0.90565291    0.81425905    0.69648870    0.88245097    0.85750629    0.77380917    0.87755829    0.58162161    0.64162482    0.69814483    0.52953033    0.55663094    0.76126552    0.44080902    0.00000000    0.52520892    0.59546244    0.58421910    0.63915302    0.64948635    0.66769582    0.78649887    0.79669922    0.78521829    0.57994870    1.46870084    1.68193446    1.61218318    1.66279634    1.86226078    1.69896434    1.57668490    1.52242519    1.78881567    1.68529125    1.60793344    1.53618564    1.61913246    1.56536815    1.54552684    1.66317469    1.61663018    1.69510518    1.54431672    1.63304997    1.60051434    1.62009164    1.74451441    1.66304487    1.74511039    1.62217068    1.60869392    1.82826846    1.75176588    1.81871661    1.73367329    1.65458100    1.80888913    1.87652869    1.79864693    1.69905507    1.76063221    1.78466882    1.61571713    1.58207072    1.61358706
U2K520_TRELE/876-1080     1.63863262    1.65259484    1.54088873    1.68643254    1.66544650    1.74313037    1.61284862    1.61355362    1.28653941    1.27673012    1.54990370    1.24697375    1.00949240    1.09246693    0.82450859    0.78382097    0.68878538    0.80146640    0.82379560    0.75228533    0.85305463    0.60279555    0.67913352    0.70232250    0.53721118    0.56773170    0.74190509    0.48443635    0.52520892    0.00000000    0.31221151    0.35345738    0.56045991    0.58254333    0.61352942    0.68408930    0.65935280    0.76678396    0.49745728    1.49621180    1.63734363    1.69983769    1.59819119    1.69038447    1.67042065    1.52668380    1.33315418    1.78529848    1.54330290    1.53225229    1.63040845    1.60633013    1.55505316    1.66075187    1.67808086    1.73850032    1.57648199    1.55301426    1.62715651    1.61802590    1.52070885    1.56697331    1.62563769    1.58880621    1.52390385    1.61936419    1.66751960    1.62004455    1.77061519    1.59184403    1.62525255    1.62608827    1.66984578    1.73760887    1.69102022    1.78573606    1.70315681    1.64275118    1.64963324    1.54395477
S3K018_TREMA/884-1083     1.69685050    1.64898924    1.53531899    1.66287563    1.56009851    1.85431417    1.58746552    1.54909981    1.33008681    1.37875416    1.65063853    1.18023437    0.99024066    1.05339117    0.86691496    0.90391396    0.64418062    0.78012760    0.77866153    0.71360021    0.85043303    0.65904731    0.57424486    0.81182988    0.62006518    0.65115193    0.84028831    0.55715750    0.59546244    0.31221151    0.00000000    0.42528459    0.55418128    0.61355447    0.55034352    0.80475150    0.63641164    0.74572319    0.49583836    1.52781921    1.69590479    1.68278370    1.64794740    1.60813335    1.60058686    1.49445368    1.38571949    1.69879200    1.63012870    1.65131434    1.68003646    1.67387375    1.68214382    1.63212517    1.59386251    1.76859967    1.60322495    1.58252519    1.68750928    1.63198958    1.58226253    1.60450087    1.62217046    1.66246040    1.63951929    1.63900980    1.65344130    1.68436672    1.75194587    1.67335778    1.59585123    1.76224923    1.68190602    1.76057089    1.71695132    1.69196396    1.68410505    1.66918775    1.69033565    1.57960456
F4LP89_TREBD/870-1065     1.57366509    1.55186078    1.56377046    1.66434872    1.60514210    1.77369289    1.51906576    1.46323042    1.38110954    1.44967082    1.42056734    1.19551819    0.93977734    1.04822330    0.85647449    0.89379141    0.72202356    0.71447295    0.71948308    0.72637042    0.85637291    0.59905079    0.57040266    0.65599804    0.59978046    0.58429211    0.77734266    0.59118299    0.58421910    0.35345738    0.42528459    0.00000000    0.41277770    0.52599464    0.44103162    0.62112501    0.56583060    0.66002300    0.40518225    1.53135283    1.47640183    1.64442530    1.45730792    1.56186127    1.52503695    1.62703080    1.47609831    1.63606032    1.53288967    1.44208218    1.55444139    1.53941862    1.63536136    1.58017529    1.61705311    1.59227330    1.54034266    1.43668139    1.31976814    1.46877508    1.41312441    1.64384118    1.43207478    1.49358229    1.44368579    1.43462648    1.73410690    1.60206366    1.62244221    1.45607893    1.41667011    1.46345445    1.65524685    1.56695380    1.57369842    1.58900986    1.59779026    1.59946263    1.52302284    1.41510083
U1F7N8_TRESO/866-1060     1.53016884    1.73214336    1.71715456    1.72846647    1.61366072    1.94484488    1.70207955    1.54248002    1.33686380    1.44790571    1.55879800    1.22202399    0.97471495    0.98872975    0.94163684    0.92749011    0.80097444    0.90695992    0.88884426    0.75761903    0.92971241    0.65518647    0.66982648    0.77556654    0.72120172    0.71476914    0.86421927    0.64882276    0.63915302    0.56045991    0.55418128    0.41277770    0.00000000    0.47587865    0.45974311    0.65362378    0.52657458    0.60682499    0.36310290    1.67343002    1.78292244    1.70252395    1.52231082    1.64366817    1.61553499    1.52244518    1.62496165    1.72452879    1.64408199    1.60226405    1.58809969    1.47633848    1.65669294    1.65062705    1.72070764    1.68965588    1.56813144    1.57502715    1.56122139    1.69525043    1.51845805    1.67607831    1.53619272    1.61911327    1.60495605    1.63388476    1.88870109    1.72019544    1.79977912    1.76224521    1.60610273    1.70349329    1.75736620    1.79670534    1.57922657    1.69829367    1.85300340    1.68067009    1.61723612    1.60788821
I0X629_9SPIO/877-1072     1.43050382    1.48825281    1.42714143    1.47393566    1.47008461    1.62504945    1.47326938    1.38203451    1.26499438    1.34250862    1.61523334    1.23970699    0.92331323    0.96555641    0.90186970    0.90834712    0.76981374    0.84849357    0.85729069    0.73575660    0.88946906    0.71937228    0.70144300    0.77172953    0.72180200    0.68665559    0.81212199    0.64317367    0.64948635    0.58254333    0.61355447    0.52599464    0.47587865    0.00000000    0.24827171    0.56961512    0.43259953    0.56535581    0.41334747    1.48524784    1.58048509    1.64444186    1.62869634    1.59065810    1.51084523    1.42631979    1.38360537    1.74771586    1.55649383    1.50058646    1.56505027    1.41714255    1.56492308    1.51645153    1.63206819    1.53977261    1.59010311    1.43895229    1.59697157    1.48409830    1.40727308    1.37960546    1.34554672    1.54274358    1.48204807    1.46165553    1.51527210    1.50730996    1.45037438    1.43967709    1.48234591    1.51208257    1.51223178    1.51746665    1.52145403    1.54502785    1.64347380    1.59645075    1.46712106    1.32348404
