72
A0A0M2GNE9_9ACTN/7-91     0.00000000    0.46007885    0.34995032    0.31848716    0.38486179    0.48948709    0.28914465    0.36659734    0.44952591    0.28094156    0.32302578    0.37173632    0.43282694    0.44471764    0.54349969    0.44849305    0.43352494    0.47013276    0.56222463    0.52130569    0.45498123    0.63171149    0.87655021    0.73465377    0.71431224    0.59963137    1.08429977    1.02700696    0.77196827    1.09368479    0.62292259    0.66181471    0.93537748    0.84622323    0.71825550    0.65735610    0.57202985    0.53835496    1.14331032    1.08389137    1.15991783    1.27612934    0.95665153    1.10735985    0.89091233    1.14488835    1.18266807    1.22755972    1.06241473    1.12923034    1.08557184    1.01689714    1.03009400    0.96462860    0.99943913    1.26480513    1.05300871    0.83111877    0.60835068    0.40924620    0.56243605    0.48465471    0.60131668    0.53577638    0.38684580    0.39180567    0.33117958    0.58167797    0.47364642    0.37538365    0.37962234    0.39326022
A0A124IB59_9ACTN/7-91     0.46007885    0.00000000    0.44047755    0.44909760    0.54301501    0.65438293    0.48735843    0.62268938    0.52978585    0.51759989    0.51640257    0.54230254    0.64232871    0.56188046    0.65936147    0.62747834    0.45698836    0.67549984    0.80730195    0.62961321    0.59687328    0.75620074    0.84848418    0.74507573    0.66119226    0.54344553    1.25944424    0.92408281    0.77462120    1.07074919    0.70952063    0.65968009    0.95741012    0.83921670    0.71488539    0.60754413    0.68970578    0.82451918    1.32268220    1.40376602    1.28908015    1.39355599    0.98746260    0.97889941    1.01215823    1.13516683    1.31116506    1.41986631    1.11929188    1.04385278    1.16064178    1.13201895    1.17512307    0.96517990    1.19681289    1.36177571    1.27345347    0.98024922    0.58492892    0.66511855    0.71091673    0.56522942    0.71173198    0.62425541    0.59248969    0.49470741    0.48629256    0.62316602    0.51550512    0.50893190    0.52429367    0.56265797
A0A0F5W0K2_9ACTN/7-94     0.34995032    0.44047755    0.00000000    0.31483887    0.33800785    0.45395000    0.34582638    0.37028594    0.42631556    0.36555528    0.35250287    0.43501087    0.54448006    0.57672452    0.54622378    0.53673304    0.55867059    0.76250042    0.72785547    0.68289714    0.58433964    0.82737707    0.96634715    0.90928175    0.89271284    0.81801052    1.12475523    1.08748527    0.86646447    1.10752690    0.83352866    0.81333158    1.20681831    0.89940274    0.94440431    0.72510459    0.68276658    0.74085176    1.13215526    1.19548706    1.36054286    1.42804561    1.05443961    1.20953570    1.03175125    1.23382644    1.17656392    1.64854736    1.32108510    1.26541138    1.28097382    0.98414167    1.19144875    1.02343842    0.85078213    1.15568532    0.87158771    1.02003317    0.78609392    0.66721400    0.71274061    0.50284855    0.67292537    0.60711208    0.50926151    0.48421666    0.41008873    0.60175779    0.49075763    0.39111269    0.53877216    0.55290170
A0A101UTB9_9ACTN/7-91     0.31848716    0.44909760    0.31483887    0.00000000    0.32040590    0.57507698    0.40801641    0.42168559    0.43044832    0.38943052    0.29325260    0.40915517    0.58865171    0.51223878    0.62314351    0.49868877    0.50541705    0.61886118    0.63112987    0.58859442    0.49535573    0.71338750    1.02249381    0.85382976    0.64208516    0.64603450    1.00468112    0.76607723    0.75668473    0.95781072    0.68039588    0.68143563    1.11808200    0.83475577    0.86115018    0.64680058    0.68519071    0.74659073    1.20341760    1.14326544    1.28550424    1.40900499    1.17615600    1.26733579    1.02110100    1.27863789    1.08254332    1.39392318    1.16681612    1.14982425    1.26823282    0.99947571    1.12939333    0.86487279    0.86814481    1.13404874    0.94922845    0.85459143    0.63345820    0.60831087    0.65396409    0.39928051    0.49264088    0.44014116    0.51175755    0.41348913    0.32352274    0.45945871    0.38216695    0.33893452    0.43971497    0.43111151
A0A2U3A6T8_9ACTN/7-109     0.38486179    0.54301501    0.33800785    0.32040590    0.00000000    0.58800766    0.47623803    0.42568843    0.53507694    0.43772958    0.44030921    0.44490747    0.65961561    0.77211128    0.53382794    0.83948661    0.56076541    0.71701974    0.76701812    0.66905503    0.63036360    0.78082823    1.11213705    1.05996325    0.87240777    1.02842852    1.32512467    1.30881029    0.98345812    1.22919104    0.98043376    0.94378173    1.16714268    0.87776181    0.99491020    0.71603308    0.69307596    0.68478613    1.42832005    1.46265452    1.42518332    1.63334107    1.16771601    1.35143750    1.26711239    1.44751191    1.47975963    1.85136895    1.62075594    1.64898089    1.51824715    1.25540579    1.29511331    1.10653426    1.18911785    1.31986375    1.10001652    1.06110723    0.92744659    0.60798485    0.71122359    0.56771152    0.65915822    0.62499109    0.59702292    0.52830955    0.46699675    0.58647470    0.53296961    0.46333962    0.55957109    0.55405858
K4R7H7_STRDJ/7-91     0.48948709    0.65438293    0.45395000    0.57507698    0.58800766    0.00000000    0.50509893    0.52126752    0.54064077    0.54871953    0.57477049    0.62333730    0.61597451    0.68656495    0.72431283    0.75658793    0.75576305    0.80554005    0.87763569    0.85360172    0.82168977    0.84152373    1.12836413    1.02152469    0.92287484    0.88332412    1.38179023    1.23278330    0.86707567    1.21663222    0.95238810    0.84019808    1.15869598    1.11769081    0.89497259    0.92396653    0.73784531    0.87885729    1.26637826    1.18980427    1.55531892    1.66554148    1.52491330    1.50446249    1.42992574    1.68058196    1.51417421    1.81395609    1.35987774    1.34207225    1.39441694    1.09171860    1.37375460    1.13295574    1.02645564    1.24407155    1.11125693    1.09852528    0.94989092    0.77082987    0.87162985    0.66976632    0.63550507    0.69044059    0.54934932    0.73178130    0.58334215    0.65821868    0.57596297    0.45214843    0.58165379    0.70157683
A0A2U2Z0P3_9ACTN/2-86     0.28914465    0.48735843    0.34582638    0.40801641    0.47623803    0.50509893    0.00000000    0.35199789    0.34568845    0.33356142    0.36275123    0.41567879    0.39333215    0.43049806    0.57042427    0.46096163    0.48185268    0.59018982    0.62208075    0.52386418    0.52868724    0.64905896    0.97155932    0.75381699    0.79678800    0.83712990    1.09721557    1.10282851    0.87428929    1.16723740    0.86290230    0.73834925    0.99039793    0.88320687    0.84824167    0.62670000    0.60330817    0.60646819    1.24259517    1.23979569    1.24763434    1.33120518    1.07762844    1.15541492    0.84324953    1.02522899    1.20857539    1.25253644    1.04854928    1.09092205    1.00410139    0.89199119    1.07705126    1.02188597    0.91782631    1.22769233    1.11660281    0.83101880    0.68855431    0.59396704    0.63201716    0.56314045    0.57917518    0.53863068    0.39379750    0.42174995    0.34554633    0.57848123    0.49919587    0.36816840    0.45337408    0.40760214
A0A2P8Q2V6_9ACTN/7-91     0.36659734    0.62268938    0.37028594    0.42168559    0.42568843    0.52126752    0.35199789    0.00000000    0.43547594    0.36893233    0.45840897    0.48417016    0.48521299    0.51935842    0.52361126    0.57332911    0.54562488    0.62903551    0.66645008    0.61894868    0.59450983    0.55081280    0.95329562    0.84242129    0.70982286    0.76704442    1.01061259    0.99215567    0.83573134    1.14568798    0.74311308    0.70839051    0.96790866    0.69971558    0.71936867    0.60017408    0.56686279    0.57507233    0.91025425    1.14205356    1.25713378    1.26217113    1.03709355    1.16543730    0.88554395    1.10625417    1.42144578    1.30802781    1.12013591    1.22155893    1.06110659    1.00774038    1.02964776    0.97544804    0.92626481    1.18534405    1.13748527    0.83385689    0.65005554    0.54323769    0.62298177    0.51300982    0.52208326    0.52817693    0.45548142    0.44321587    0.38608825    0.66732483    0.53578314    0.42732666    0.51115756    0.53251715
A0A1H5MF19_9ACTN/5-90     0.44952591    0.52978585    0.42631556    0.43044832    0.53507694    0.54064077    0.34568845    0.43547594    0.00000000    0.43759704    0.45861480    0.50012687    0.52073288    0.59120035    0.70875230    0.66790944    0.68224673    0.64246199    0.78474036    0.73824991    0.67635209    0.63420371    1.03945839    0.84495607    0.92225835    0.85906596    1.14898530    1.11757291    0.85940612    1.13754651    0.77299194    0.83348628    1.02670110    0.88046660    0.87697222    0.78249909    0.74666158    0.62602214    1.49658616    1.31201631    1.48915953    1.41044928    1.15495346    1.19830005    1.07200272    1.12567224    1.23446312    1.50201511    1.22038505    1.11487472    1.07296507    1.18311285    1.10873795    1.10943760    1.05299619    1.32561676    1.18450282    0.91326147    0.68388572    0.62863506    0.64836812    0.58392848    0.59802466    0.67965531    0.49101577    0.46182013    0.37541863    0.55832070    0.46668521    0.40850313    0.53290521    0.56256760
S2ZFR7_9ACTN/7-91     0.28094156    0.51759989    0.36555528    0.38943052    0.43772958    0.54871953    0.33356142    0.36893233    0.43759704    0.00000000    0.23645741    0.39575476    0.36882569    0.46709961    0.50851314    0.46836057    0.46158902    0.60528355    0.63896717    0.52759282    0.42297428    0.61182700    0.80559882    0.80264379    0.65820716    0.69726341    1.13138965    0.95992451    0.73677144    1.07527038    0.74461714    0.65734778    1.07862557    0.65397146    0.82384774    0.68883748    0.60940199    0.57717784    1.02874017    1.27465718    1.29821349    1.35298784    0.95746368    1.18598692    0.92246508    1.06424928    1.38548136    1.44756979    1.28360643    1.34689699    1.19863252    1.19995458    1.13674891    0.88210737    0.96458927    1.20356381    1.08631905    0.86605324    0.51919470    0.49412005    0.51920662    0.47627143    0.47848701    0.55068941    0.41207386    0.39137183    0.38127109    0.59871041    0.49891079    0.38235960    0.44461910    0.39555435
A0A0M9ZRK5_9ACTN/7-91     0.32302578    0.51640257    0.35250287    0.29325260    0.44030921    0.57477049    0.36275123    0.45840897    0.45861480    0.23645741    0.00000000    0.38112663    0.38147588    0.49428352    0.54164810    0.46995236    0.48198214    0.50581138    0.60692650    0.46965301    0.45712511    0.62871785    0.85141826    0.85946490    0.78750154    0.69936275    1.17031513    0.91799053    0.81084943    1.15537664    0.62095451    0.66405632    1.01026490    0.90030560    0.76679999    0.61484880    0.55484976    0.64031821    1.06214106    1.31325105    1.19894101    1.59140924    1.04928664    1.19068366    0.95416702    1.16819765    1.28226186    1.32732742    1.17114497    1.22041233    1.21081009    1.14684726    1.25889492    0.87143612    0.97410453    1.19165982    1.11809968    0.84995049    0.58752727    0.57711690    0.51003623    0.51215071    0.49486569    0.44332616    0.37844383    0.36340991    0.41513165    0.55062602    0.51473899    0.41840615    0.41443949    0.36908026
A0A117QQZ0_9ACTN/12-96     0.37173632    0.54230254    0.43501087    0.40915517    0.44490747    0.62333730    0.41567879    0.48417016    0.50012687    0.39575476    0.38112663    0.00000000    0.46326917    0.40175594    0.58625752    0.57310149    0.39626382    0.56921496    0.59690391    0.58363695    0.50091271    0.69010073    0.97263702    0.91482365    0.87375589    0.68308693    1.20458110    1.07617546    0.76781280    1.13308249    0.80774396    0.68189045    1.00063395    0.77891011    0.75429329    0.59335458    0.67607886    0.64563720    1.14459098    1.12602756    1.25078488    1.33503345    0.95469675    1.19417297    0.85379540    1.00287075    1.30729176    1.24621499    1.08302632    1.11297255    1.22966607    1.01512712    1.00977386    1.11629858    0.96854004    1.21400952    1.09942220    0.98901113    0.63775951    0.58514302    0.65148715    0.55277273    0.55900703    0.55383312    0.47379938    0.44142718    0.38531590    0.58337885    0.44325742    0.44513290    0.42751645    0.46524215
A0A0K2AMH6_STRA7/22-106     0.43282694    0.64232871    0.54448006    0.58865171    0.65961561    0.61597451    0.39333215    0.48521299    0.52073288    0.36882569    0.38147588    0.46326917    0.00000000    0.45643204    0.46645251    0.40960591    0.54789669    0.49626880    0.61685731    0.38931684    0.46128455    0.66569860    0.96368326    0.77644525    0.74391327    0.76439085    1.10623946    0.92919980    0.78830067    1.03654210    0.79771704    0.73844290    1.14747343    0.99048301    0.79479847    0.69460782    0.65267353    0.72432500    1.14582132    1.61919831    1.42658145    1.54089438    0.98093010    1.32845243    1.10018121    1.25514626    1.43462898    1.37028852    1.17213890    1.21336957    1.11758041    1.00155030    1.30269639    0.98149185    1.06529367    1.10441154    1.20972523    0.77486353    0.74640556    0.61419127    0.56608677    0.67105189    0.52040545    0.53377538    0.46341668    0.49484578    0.42515236    0.70332512    0.52196494    0.46001611    0.57153465    0.50193246
A0A2U9NWF1_STRAS/5-97     0.44471764    0.56188046    0.57672452    0.51223878    0.77211128    0.68656495    0.43049806    0.51935842    0.59120035    0.46709961    0.49428352    0.40175594    0.45643204    0.00000000    0.42844072    0.50075701    0.46334967    0.50318379    0.55017386    0.45227571    0.44193358    0.53623276    1.06820767    0.87136134    0.83503266    0.72991412    1.09328417    1.13732586    0.77810526    0.83795464    0.93411220    0.93623544    1.26261304    0.80409289    0.72177943    0.65736499    0.73778711    0.66361322    1.04642753    1.35951850    1.52969743    1.35984502    1.17024691    1.19846720    1.19529255    1.16142544    1.32795586    1.52311019    1.16592099    1.24116577    1.19992583    1.03556111    0.85526325    0.98571390    1.03910556    1.26576043    1.17125748    0.82104538    0.69612857    0.71738293    0.56717230    0.58862509    0.63649463    0.61085734    0.65708124    0.56145945    0.52302012    0.71654251    0.59918175    0.63652963    0.45791358    0.59954848
A0A1H4N3F2_9ACTN/7-91     0.54349969    0.65936147    0.54622378    0.62314351    0.53382794    0.72431283    0.57042427    0.52361126    0.70875230    0.50851314    0.54164810    0.58625752    0.46645251    0.42844072    0.00000000    0.35298210    0.42004558    0.50548604    0.53104392    0.43736806    0.43711113    0.63883255    0.93510851    0.86989593    0.84714083    0.71720073    1.11551765    0.98604103    0.76723220    1.01532596    0.78685233    0.75692207    1.32449080    0.89567741    0.88351718    0.89209334    0.68854242    0.66504885    1.11834745    1.31982774    1.26186193    1.61804119    1.17345897    1.34599750    1.17632864    1.08235370    1.35675245    1.31618533    1.22046139    1.30903823    1.34921553    1.12725748    1.22937503    1.07179113    1.17583880    1.40780286    1.26120414    0.96181396    0.68901443    0.51148150    0.52026817    0.68649751    0.59672821    0.61064166    0.67936328    0.76362002    0.64973190    0.82158282    0.68721579    0.61885407    0.75193277    0.71371248
A0A117P5P4_9ACTN/7-113     0.44849305    0.62747834    0.53673304    0.49868877    0.83948661    0.75658793    0.46096163    0.57332911    0.66790944    0.46836057    0.46995236    0.57310149    0.40960591    0.50075701    0.35298210    0.00000000    0.50719309    0.47979174    0.49583449    0.44161199    0.37896805    0.57899657    1.07033605    0.86943353    1.01463797    1.07541573    0.98617876    1.35295117    0.88676787    0.97640475    1.01975463    0.90428560    1.21255206    0.94169265    0.76775569    0.70849079    0.70267897    0.76302016    1.12411952    1.26535138    1.34479743    1.27363189    0.95385130    1.16041393    1.17718807    1.09524349    1.77593975    1.53277499    1.32597468    1.32656133    1.18559485    1.13700523    1.05383505    1.15338578    1.27310243    1.21681971    1.21278401    0.93584880    0.85223173    0.46274829    0.43441742    0.60351156    0.59573415    0.60713484    0.72044183    0.62763103    0.49090654    0.71935374    0.56082883    0.53755868    0.61304466    0.60974649
A0A0X3XXV5_9ACTN/7-91     0.43352494    0.45698836    0.55867059    0.50541705    0.56076541    0.75576305    0.48185268    0.54562488    0.68224673    0.46158902    0.48198214    0.39626382    0.54789669    0.46334967    0.42004558    0.50719309    0.00000000    0.41895159    0.49214319    0.47972254    0.39134380    0.60951025    0.86085592    0.80927028    0.78893208    0.69815331    1.02235721    0.87195180    0.77265100    1.09862374    0.79636052    0.77994420    0.93956958    0.74243341    0.76764561    0.59206631    0.60277165    0.67025850    1.21328098    1.32653576    1.04210491    1.29518736    0.92354603    1.11480109    0.90224966    0.88162519    1.33880002    1.19966661    0.95595621    1.05445860    1.06777639    0.97072591    0.96151163    1.05295079    1.12916873    1.34293937    1.17630950    0.76895296    0.47715494    0.51064786    0.53971567    0.55896016    0.62357484    0.61381917    0.66189342    0.63602148    0.54634987    0.66099844    0.52964815    0.56199880    0.56768801    0.57118383
A0A101C4M3_9ACTN/14-100     0.47013276    0.67549984    0.76250042    0.61886118    0.71701974    0.80554005    0.59018982    0.62903551    0.64246199    0.60528355    0.50581138    0.56921496    0.49626880    0.50318379    0.50548604    0.47979174    0.41895159    0.00000000    0.55276893    0.51216353    0.44919325    0.54620526    1.08018929    0.80255419    0.81668541    0.72147349    1.11652465    0.90283185    0.70630546    1.00021537    0.87955912    0.76995319    1.01429285    0.97043685    0.81486057    0.64737518    0.71060127    0.73525270    1.11182898    1.45348487    1.30153029    1.30399142    1.02067470    1.18117373    1.08247374    1.03700629    1.50071899    1.28664555    1.02872954    1.01499311    0.99933478    1.09048082    0.93016171    0.99082095    1.07978662    1.28176872    1.11827498    0.78856143    0.64004193    0.62180094    0.67112421    0.70779863    0.70980907    0.75836484    0.62259979    0.61822373    0.55503753    0.72979507    0.58655339    0.66271247    0.61726974    0.59724522
A0A1S2PQW7_9ACTN/13-99     0.56222463    0.80730195    0.72785547    0.63112987    0.76701812    0.87763569    0.62208075    0.66645008    0.78474036    0.63896717    0.60692650    0.59690391    0.61685731    0.55017386    0.53104392    0.49583449    0.49214319    0.55276893    0.00000000    0.36957764    0.32623427    0.64373149    0.99005118    0.84881278    0.97607815    0.84640941    0.94131003    1.10269495    0.79990159    1.06753634    0.83042175    0.95519031    1.11201539    0.78580869    0.82932068    0.73782023    0.66636627    0.73783624    1.05955814    1.22729346    1.09667133    1.08419230    1.17444811    1.07408722    1.01793434    0.95042071    1.25735562    1.12719394    1.13131043    1.07823096    1.21523409    1.02754851    1.16895785    1.18097972    1.15361033    1.27959146    1.30012224    1.07606598    0.74638139    0.58015197    0.58351277    0.63285179    0.57666631    0.53345558    0.71443330    0.73496375    0.64367640    0.88027037    0.73694251    0.74579064    0.68730907    0.55881411
A0A0C5FLX9_9ACTN/7-88     0.52130569    0.62961321    0.68289714    0.58859442    0.66905503    0.85360172    0.52386418    0.61894868    0.73824991    0.52759282    0.46965301    0.58363695    0.38931684    0.45227571    0.43736806    0.44161199    0.47972254    0.51216353    0.36957764    0.00000000    0.36136237    0.70181234    0.78997279    0.77943215    0.76511665    0.71660607    0.99252612    0.85537459    0.75008767    0.85244075    0.75777633    0.73958100    0.99752608    0.74258949    0.71896730    0.68335001    0.69019328    0.79091921    1.13445463    1.23692998    1.19729444    1.21163400    0.96211560    1.28329323    0.88582478    0.92076832    1.20138408    0.94360751    1.18578252    1.12921501    1.35067613    0.99772059    1.30389163    0.95719021    1.07951775    1.15108270    1.22078298    0.87304059    0.73835230    0.53013810    0.50508499    0.67833432    0.54637348    0.50262626    0.58550729    0.61376797    0.51086237    0.82870477    0.69424897    0.59400147    0.61777426    0.46855762
A0A2S4YKP2_9ACTN/13-99     0.45498123    0.59687328    0.58433964    0.49535573    0.63036360    0.82168977    0.52868724    0.59450983    0.67635209    0.42297428    0.45712511    0.50091271    0.46128455    0.44193358    0.43711113    0.37896805    0.39134380    0.44919325    0.32623427    0.36136237    0.00000000    0.59353717    0.92217555    0.73639727    0.77556808    0.67259325    0.94839898    0.91201930    0.66854090    0.96424777    0.79938729    0.82009744    1.11989809    0.71459637    0.68698013    0.57064193    0.57553750    0.60377829    1.09947183    1.31075570    1.08860585    1.18881780    1.09021618    1.19962452    0.86667214    0.94916199    1.29731028    1.28513158    1.14570913    1.14764948    1.21302253    0.94015674    0.96087761    0.92074858    1.03406696    1.15387807    1.01877909    0.80330827    0.59754987    0.49116275    0.42462227    0.47781033    0.66219544    0.58581493    0.63332398    0.57422003    0.50166697    0.65943797    0.56074526    0.60676017    0.55214343    0.53482363
A0A1G8TDC5_9ACTN/3-88     0.63171149    0.75620074    0.82737707    0.71338750    0.78082823    0.84152373    0.64905896    0.55081280    0.63420371    0.61182700    0.62871785    0.69010073    0.66569860    0.53623276    0.63883255    0.57899657    0.60951025    0.54620526    0.64373149    0.70181234    0.59353717    0.00000000    1.00995421    0.81895895    0.78498422    0.68088755    1.08059147    0.96627571    0.76725016    0.91342400    0.77737706    0.86386234    1.00992035    0.91423588    0.77862747    0.79908921    0.66612596    0.66887390    1.04778115    1.18905604    1.22278019    1.48604524    1.06428163    1.01204385    1.09620879    1.00850311    1.39614527    1.14969065    0.96999595    0.89286476    0.89676774    1.08195560    0.88382736    0.92688507    1.01203192    1.11800726    1.09324024    0.74871628    0.54185704    0.53983460    0.56316827    0.70674810    0.76937963    0.75789593    0.76988009    0.66475053    0.66936410    0.72510749    0.69605497    0.77188921    0.63668327    0.79324269
A0A0C2AW60_9ACTN/3-90     0.87655021    0.84848418    0.96634715    1.02249381    1.11213705    1.12836413    0.97155932    0.95329562    1.03945839    0.80559882    0.85141826    0.97263702    0.96368326    1.06820767    0.93510851    1.07033605    0.86085592    1.08018929    0.99005118    0.78997279    0.92217555    1.00995421    0.00000000    0.85809335    0.91561211    0.80721191    1.02899868    1.04586272    0.71728580    0.93550123    0.80344405    0.91946609    0.88556567    0.96570266    0.90986471    0.98881594    0.90284880    1.06419410    1.29596408    1.39592518    1.34332795    1.14931557    1.19461583    1.22966076    0.91272224    1.12191368    1.35497333    1.91449663    1.50943233    1.24907798    1.54467647    1.24125988    1.32766361    1.03753630    1.20005424    1.29471094    1.15794811    1.08898334    0.86617464    1.14083110    1.17256677    0.83858025    0.88865079    0.93130424    0.99434409    0.90297092    1.02189762    1.08096232    1.05313403    1.02143951    1.02456082    1.01611308
A0A197SW18_9ACTN/3-91     0.73465377    0.74507573    0.90928175    0.85382976    1.05996325    1.02152469    0.75381699    0.84242129    0.84495607    0.80264379    0.85946490    0.91482365    0.77644525    0.87136134    0.86989593    0.86943353    0.80927028    0.80255419    0.84881278    0.77943215    0.73639727    0.81895895    0.85809335    0.00000000    0.67098473    0.71792381    0.93009857    0.94650217    0.76175967    0.89623774    1.04203259    0.73755293    1.11783393    1.16067469    0.94644461    0.71575503    0.85970581    1.03886149    1.52680993    1.19487432    1.36947254    1.57494812    1.33105191    1.21281778    0.85074542    1.03196484    1.66796756    1.37612085    1.27960756    1.05414487    1.04763800    0.88199105    0.89225094    1.00276392    1.08972651    1.29762348    1.29449217    0.92917796    0.77584444    0.95407679    0.94115503    0.78648522    0.86859563    0.85964847    0.89804204    0.92386523    0.76961685    1.04299415    0.79577662    0.86389174    0.82082669    0.90835353
A0A2M9JCS1_9ACTN/3-92     0.71431224    0.66119226    0.89271284    0.64208516    0.87240777    0.92287484    0.79678800    0.70982286    0.92225835    0.65820716    0.78750154    0.87375589    0.74391327    0.83503266    0.84714083    1.01463797    0.78893208    0.81668541    0.97607815    0.76511665    0.77556808    0.78498422    0.91561211    0.67098473    0.00000000    0.77138160    1.04751567    1.12237247    0.70893618    0.84002362    0.87858814    0.81300101    1.28842710    1.08622311    0.89099395    0.78361373    0.81306173    1.07678212    1.76425691    1.56681565    1.62286544    1.43092681    1.50297654    1.36258664    1.15536954    1.40019262    1.84222009    1.89570059    1.80477447    1.42278306    1.49976855    1.26310953    1.28831659    1.26861752    1.16748466    1.52126769    1.30926489    0.87542520    0.86273377    1.00482342    1.08041504    0.72086924    0.81474615    0.83080038    0.98298945    0.79360502    0.73755731    0.76059826    0.62093254    0.82163059    0.83562834    0.88702777
A0A2T7STQ9_9ACTN/4-101     0.59963137    0.54344553    0.81801052    0.64603450    1.02842852    0.88332412    0.83712990    0.76704442    0.85906596    0.69726341    0.69936275    0.68308693    0.76439085    0.72991412    0.71720073    1.07541573    0.69815331    0.72147349    0.84640941    0.71660607    0.67259325    0.68088755    0.80721191    0.71792381    0.77138160    0.00000000    0.82978524    0.93541432    0.45688610    0.71473850    0.98764726    0.87601241    1.01225834    1.08329560    0.81443738    0.79621239    0.90754200    0.91384682    1.28797730    1.21581898    1.19181664    1.29554501    1.11530481    1.00217687    1.03882932    0.98772301    1.59163904    1.84737056    1.39771594    1.33575491    1.41196578    1.07502258    0.84767191    1.08156516    1.21698614    1.20827623    1.15240579    0.98277217    0.96561996    0.84853402    0.86181017    0.66074497    0.87443691    0.78813332    1.02559559    0.85507988    0.84142865    0.87509893    0.73998613    0.88122943    0.74576302    0.81751886
A0A1Q4VJZ4_9ACTN/4-84     1.08429977    1.25944424    1.12475523    1.00468112    1.32512467    1.38179023    1.09721557    1.01061259    1.14898530    1.13138965    1.17031513    1.20458110    1.10623946    1.09328417    1.11551765    0.98617876    1.02235721    1.11652465    0.94131003    0.99252612    0.94839898    1.08059147    1.02899868    0.93009857    1.04751567    0.82978524    0.00000000    0.96137414    0.84195070    0.80080985    1.04057332    1.16643862    1.44100686    1.25914784    1.32782242    1.00939611    0.93812777    1.15618665    1.45301327    1.00125353    1.21664184    0.95856200    1.36131961    1.26482643    1.13288343    1.05973989    1.65377072    1.72327996    1.35616574    1.19062323    1.35143063    1.17386271    1.02955165    1.21359745    1.37636906    1.51396948    1.25411806    1.01778586    0.98429123    1.10014610    1.14119895    1.11038189    1.09187505    0.97903231    1.12461426    1.38915605    1.17630449    1.31028302    1.13632098    1.26174182    1.34845394    1.13099840
A0A1Q5MFK5_9ACTN/3-117     1.02700696    0.92408281    1.08748527    0.76607723    1.30881029    1.23278330    1.10282851    0.99215567    1.11757291    0.95992451    0.91799053    1.07617546    0.92919980    1.13732586    0.98604103    1.35295117    0.87195180    0.90283185    1.10269495    0.85537459    0.91201930    0.96627571    1.04586272    0.94650217    1.12237247    0.93541432    0.96137414    0.00000000    0.71277740    0.89731443    0.82013610    0.80863349    1.12139101    1.15664417    1.06989298    0.89162182    0.98427716    1.05276032    1.28185202    1.22540533    1.30487170    1.36681005    1.31080627    1.12940033    1.17029244    0.95500236    1.16668471    1.54868681    1.23781057    1.21098756    1.27881251    0.89513979    0.97644812    0.95844589    1.13724675    1.12181349    1.08794377    0.84826182    1.10705420    0.96607686    1.05965310    0.91790499    0.93459221    1.09210295    1.18084375    1.12587538    1.07413758    0.98323317    1.00301545    1.10749049    1.14420008    1.01060450
A0A370B9B4_9ACTN/3-84     0.77196827    0.77462120    0.86646447    0.75668473    0.98345812    0.86707567    0.87428929    0.83573134    0.85940612    0.73677144    0.81084943    0.76781280    0.78830067    0.77810526    0.76723220    0.88676787    0.77265100    0.70630546    0.79990159    0.75008767    0.66854090    0.76725016    0.71728580    0.76175967    0.70893618    0.45688610    0.84195070    0.71277740    0.00000000    0.48862119    0.77896827    0.73032631    1.06368070    1.05002414    0.72018916    0.75936282    0.88914598    1.09979121    1.52432166    1.26540777    1.43282284    1.52893835    1.24398156    1.02432323    1.05065247    0.90405702    1.49671922    1.64166755    1.12692834    1.06106941    1.23715298    0.85035677    0.97156112    0.99062072    1.16909086    1.19041334    1.18387089    0.90501436    0.79305466    0.84537445    0.95169840    0.76679192    0.94424501    0.87637532    0.81494675    0.97025661    0.83898767    0.90300213    0.89880598    0.82505245    0.79984839    0.95814131
A0A345HIK4_9ACTN/3-78     1.09368479    1.07074919    1.10752690    0.95781072    1.22919104    1.21663222    1.16723740    1.14568798    1.13754651    1.07527038    1.15537664    1.13308249    1.03654210    0.83795464    1.01532596    0.97640475    1.09862374    1.00021537    1.06753634    0.85244075    0.96424777    0.91342400    0.93550123    0.89623774    0.84002362    0.71473850    0.80080985    0.89731443    0.48862119    0.00000000    0.95146530    0.87502702    1.09572815    1.27479455    1.01413830    1.04275546    1.20711423    1.40665818    1.63172324    1.10813252    1.55065065    1.54987628    1.33732546    1.34602358    1.27513378    1.12797878    1.42984630    1.68099237    1.46057581    1.29369248    1.44807654    1.26441464    1.01099721    0.94016735    1.19310857    1.30834158    1.14023076    0.93288182    1.12648646    1.25557770    1.28688956    0.94711882    0.97312347    1.01804237    1.10755945    1.23278297    1.02877879    1.04544803    1.11119747    1.09096439    1.24920580    1.06395115
A0A1G5LT65_9ACTN/21-119     0.62292259    0.70952063    0.83352866    0.68039588    0.98043376    0.95238810    0.86290230    0.74311308    0.77299194    0.74461714    0.62095451    0.80774396    0.79771704    0.93411220    0.78685233    1.01975463    0.79636052    0.87955912    0.83042175    0.75777633    0.79938729    0.77737706    0.80344405    1.04203259    0.87858814    0.98764726    1.04057332    0.82013610    0.77896827    0.95146530    0.00000000    0.79758798    1.05245241    1.03950503    0.78265747    0.86490269    0.82112523    0.82648150    1.25892486    1.14917103    1.36903941    1.22162823    1.09935527    1.10941451    1.19875708    1.18192264    1.21309385    1.48315043    1.41393086    1.34075450    1.23411403    1.23135776    1.37006528    0.88832454    1.01493677    1.13798343    1.11908824    0.87237292    0.78400909    0.77422622    1.03816659    0.82827524    0.80558269    0.72164310    0.98844432    0.69525919    0.81088417    0.67763106    0.78118528    0.81998087    0.80928321    0.95615941
A0A1Q4ZDU1_9ACTN/3-95     0.66181471    0.65968009    0.81333158    0.68143563    0.94378173    0.84019808    0.73834925    0.70839051    0.83348628    0.65734778    0.66405632    0.68189045    0.73844290    0.93623544    0.75692207    0.90428560    0.77994420    0.76995319    0.95519031    0.73958100    0.82009744    0.86386234    0.91946609    0.73755293    0.81300101    0.87601241    1.16643862    0.80863349    0.73032631    0.87502702    0.79758798    0.00000000    0.73137987    1.00235647    0.69229426    0.68223255    0.86094409    0.91461485    1.30713781    1.26798325    1.25395757    1.71102055    1.11806663    1.33390717    0.93980264    0.93827942    1.17459726    1.46060868    1.24545426    1.26593263    1.24058608    0.92150231    1.17980421    1.13371756    0.97326038    1.09338368    1.10691016    0.88734774    0.81648049    0.87260188    0.92856508    0.73656793    0.81219848    0.79363408    0.86395043    0.78493027    0.71046504    0.83252028    0.73878946    0.81676165    0.84674438    0.75804141
G2NGS8_STREK/3-92     0.93537748    0.95741012    1.20681831    1.11808200    1.16714268    1.15869598    0.99039793    0.96790866    1.02670110    1.07862557    1.01026490    1.00063395    1.14747343    1.26261304    1.32449080    1.21255206    0.93956958    1.01429285    1.11201539    0.99752608    1.11989809    1.00992035    0.88556567    1.11783393    1.28842710    1.01225834    1.44100686    1.12139101    1.06368070    1.09572815    1.05245241    0.73137987    0.00000000    1.04168035    0.78285187    0.91386879    1.02944046    1.05726176    1.23436725    1.28114277    1.27611091    1.55935060    1.18771694    1.29452303    1.25104701    1.18804964    1.31126169    1.51722693    1.13284210    1.29595139    1.07633689    1.04229476    1.07327602    1.26803939    1.33160492    1.15520344    1.29198057    1.05618096    1.06569055    1.08918298    1.14564253    1.00353471    1.17471946    1.04816845    1.13808334    0.96184516    1.00164218    1.14248946    1.09318483    1.10097182    1.00960753    0.87096682
A0A1E5PLC5_9ACTN/5-81     0.84622323    0.83921670    0.89940274    0.83475577    0.87776181    1.11769081    0.88320687    0.69971558    0.88046660    0.65397146    0.90030560    0.77891011    0.99048301    0.80409289    0.89567741    0.94169265    0.74243341    0.97043685    0.78580869    0.74258949    0.71459637    0.91423588    0.96570266    1.16067469    1.08622311    1.08329560    1.25914784    1.15664417    1.05002414    1.27479455    1.03950503    1.00235647    1.04168035    0.00000000    0.75797562    0.70895466    0.97468678    1.02676927    1.48745025    1.36845141    1.55195623    1.41523222    1.31456124    1.41655017    1.05616473    1.03124158    1.67697074    1.42011686    1.53649956    1.54098310    1.61134837    1.46300731    1.13747199    1.36517668    1.36400274    1.46795367    1.36834247    0.99646135    0.84513378    0.69485021    0.81153481    0.91386285    0.97087752    0.93584674    0.91338612    0.88999924    0.78163950    1.02464820    1.08323218    0.99011753    1.00016342    0.73827413
A0A2R4SXQ3_9ACTN/3-88     0.71825550    0.71488539    0.94440431    0.86115018    0.99491020    0.89497259    0.84824167    0.71936867    0.87697222    0.82384774    0.76679999    0.75429329    0.79479847    0.72177943    0.88351718    0.76775569    0.76764561    0.81486057    0.82932068    0.71896730    0.68698013    0.77862747    0.90986471    0.94644461    0.89099395    0.81443738    1.32782242    1.06989298    0.72018916    1.01413830    0.78265747    0.69229426    0.78285187    0.75797562    0.00000000    0.51885027    0.79075517    0.80907495    1.19417950    1.28980953    1.24542153    1.40341907    1.14532162    1.19795739    1.08481890    1.05652040    1.26511017    1.19223580    1.00866917    0.98364926    1.18228536    0.99358197    0.92034346    0.94199260    1.10120194    1.00547044    1.13739408    0.94766639    0.76391270    0.76233301    0.71925407    0.78661281    0.98744825    0.90580540    0.86353383    0.71769352    0.77723294    0.96778651    0.87982707    0.80962192    0.66079657    0.89934599
A0A2D3U4F2_STRC0/3-88     0.65735610    0.60754413    0.72510459    0.64680058    0.71603308    0.92396653    0.62670000    0.60017408    0.78249909    0.68883748    0.61484880    0.59335458    0.69460782    0.65736499    0.89209334    0.70849079    0.59206631    0.64737518    0.73782023    0.68335001    0.57064193    0.79908921    0.98881594    0.71575503    0.78361373    0.79621239    1.00939611    0.89162182    0.75936282    1.04275546    0.86490269    0.68223255    0.91386879    0.70895466    0.51885027    0.00000000    0.63862656    0.80730394    1.32261199    1.33806564    1.40148166    1.57555408    1.31269142    1.41878379    0.99347000    1.10801400    1.39922657    1.45418349    1.15831842    1.25547969    1.17786187    1.01842349    0.98680543    1.03117056    1.07671546    1.18099938    1.21643456    0.72434157    0.60528746    0.74679144    0.69697854    0.67870660    0.80995135    0.71908997    0.68342723    0.67379566    0.60013808    0.86154466    0.65625757    0.76178339    0.75966344    0.66794770
A0A1V9K4P1_9ACTN/21-108     0.57202985    0.68970578    0.68276658    0.68519071    0.69307596    0.73784531    0.60330817    0.56686279    0.74666158    0.60940199    0.55484976    0.67607886    0.65267353    0.73778711    0.68854242    0.70267897    0.60277165    0.71060127    0.66636627    0.69019328    0.57553750    0.66612596    0.90284880    0.85970581    0.81306173    0.90754200    0.93812777    0.98427716    0.88914598    1.20711423    0.82112523    0.86094409    1.02944046    0.97468678    0.79075517    0.63862656    0.00000000    0.36030329    0.92092080    1.14998989    0.98710381    1.17550062    1.12989906    1.08371140    0.83693518    1.06735373    1.48950287    1.51441298    1.25256486    1.19037929    1.14438421    0.95595181    1.10200862    0.97881014    1.05336680    1.12091524    1.12892018    0.80443893    0.60668836    0.64675467    0.66757008    0.79410377    0.84798357    0.70729864    0.75142709    0.63217799    0.64587297    0.73586279    0.68655645    0.66659643    0.72122565    0.79552430
A0A2I0SI80_9ACTN/21-108     0.53835496    0.82451918    0.74085176    0.74659073    0.68478613    0.87885729    0.60646819    0.57507233    0.62602214    0.57717784    0.64031821    0.64563720    0.72432500    0.66361322    0.66504885    0.76302016    0.67025850    0.73525270    0.73783624    0.79091921    0.60377829    0.66887390    1.06419410    1.03886149    1.07678212    0.91384682    1.15618665    1.05276032    1.09979121    1.40665818    0.82648150    0.91461485    1.05726176    1.02676927    0.80907495    0.80730394    0.36030329    0.00000000    1.09783323    1.30840260    1.06987937    1.32470453    1.31824584    1.20300920    0.99798208    1.11399603    1.35068030    1.35261463    1.15724438    1.33038671    1.12553196    1.19923835    0.98400214    1.07181027    1.17031888    1.40705364    1.18987801    0.80137162    0.75904543    0.59072403    0.62386676    0.76993906    0.89440037    0.79361489    0.81850764    0.66120337    0.71508985    0.85907652    0.75282878    0.73211306    0.67655361    0.80183789
