41
A0A0C5GA11_9ACTN/1-144     0.00000000    0.31241219    0.34244987    0.36922735    0.30661513    0.38364029    0.47170872    0.40849231    0.36884125    0.29691159    0.40548826    0.28089570    0.32049869    0.46307004    0.28591565    0.53193711    0.37328718    0.36303520    0.57279284    0.55273126    0.46227974    0.38655655    0.34286704    0.32942053    0.36245410    0.32377046    0.37231324    0.44989577    0.35704780    0.34958671    0.37708301    0.32001515    0.34678255    0.31415877    0.31835002    0.33387596    0.33420326    0.47233150    0.42881532    0.27099112    0.30666228
A0A1A5PDA0_9ACTN/27-166     0.31241219    0.00000000    0.38520883    0.41410685    0.33737574    0.38673001    0.50579873    0.42082551    0.42853000    0.30819901    0.39166075    0.34298924    0.38424902    0.46657427    0.30904673    0.51174752    0.39666633    0.36879462    0.46157161    0.49031296    0.52807076    0.41749342    0.39698110    0.36290228    0.48373331    0.38078631    0.42916234    0.49713687    0.46073903    0.48590877    0.36846778    0.37784234    0.38140500    0.38622140    0.43885657    0.46171884    0.49603640    0.48340596    0.39388861    0.34191723    0.33916785
A0A0K2B4P9_STRA7/18-157     0.34244987    0.38520883    0.00000000    0.30204652    0.26301020    0.39884653    0.49179126    0.35750454    0.38928663    0.34502344    0.50316886    0.37042111    0.40419134    0.46324732    0.37346813    0.61483066    0.51604398    0.43121683    0.52046190    0.58606590    0.52352866    0.43453328    0.37363250    0.39325228    0.55818637    0.36878207    0.58292734    0.44399883    0.55361722    0.51150396    0.43025185    0.44608690    0.44116466    0.46485557    0.45967085    0.51511282    0.46559660    0.60079058    0.53892082    0.35814106    0.39452306
A0A1Q5H2Q4_9ACTN/22-161     0.36922735    0.41410685    0.30204652    0.00000000    0.26258060    0.46906539    0.44001709    0.38804555    0.44080708    0.33989021    0.45154199    0.42974255    0.44266180    0.47075111    0.41936872    0.60368182    0.40433570    0.44906004    0.57796250    0.59424171    0.48686848    0.45006358    0.42797466    0.46171309    0.54334355    0.42428230    0.55347956    0.45025450    0.53335870    0.51268356    0.40206148    0.42564687    0.50078458    0.46679925    0.46010280    0.54363405    0.50399412    0.58048105    0.56462337    0.34968141    0.45255907
A0A0N0S6P2_9ACTN/18-157     0.30661513    0.33737574    0.26301020    0.26258060    0.00000000    0.40126785    0.53232812    0.29553718    0.35651708    0.29932599    0.43354737    0.38122651    0.36908897    0.45064747    0.38019348    0.58113161    0.41404810    0.39924138    0.56581697    0.50310727    0.47148307    0.40602300    0.40501205    0.34063475    0.48370020    0.34294829    0.54457248    0.45711288    0.51377280    0.48565929    0.39408233    0.39061962    0.42836498    0.40872015    0.37780029    0.43435867    0.40015844    0.52499635    0.48415169    0.28802100    0.30744023
D6K9I0_9ACTN/33-172     0.38364029    0.38673001    0.39884653    0.46906539    0.40126785    0.00000000    0.44309662    0.40224947    0.48422784    0.36349410    0.52248670    0.48263808    0.48687257    0.51482106    0.45285388    0.69146246    0.50578265    0.50666435    0.61020719    0.61825823    0.49992172    0.43831806    0.44399033    0.46618563    0.51714577    0.42218441    0.63848870    0.61423278    0.54555234    0.58074780    0.44154960    0.44381494    0.53825503    0.49757724    0.43267627    0.50649496    0.51308499    0.50841372    0.44252414    0.34793555    0.38273412
F3NC31_9ACTN/28-167     0.47170872    0.50579873    0.49179126    0.44001709    0.53232812    0.44309662    0.00000000    0.46764467    0.49109431    0.43544954    0.62965379    0.63909224    0.54583229    0.63954594    0.56993875    0.78882456    0.54471210    0.61604258    0.54976249    0.67910573    0.55564662    0.57900817    0.55036303    0.59631715    0.52599397    0.57048187    0.64140361    0.58172445    0.59887996    0.62025905    0.51660738    0.60726187    0.66797777    0.57257992    0.51628982    0.57502332    0.66308447    0.64399277    0.64318028    0.48430221    0.53972995
A0A1V9K7M3_9ACTN/12-151     0.40849231    0.42082551    0.35750454    0.38804555    0.29553718    0.40224947    0.46764467    0.00000000    0.46155920    0.34440873    0.43613409    0.41981999    0.47459582    0.57200268    0.40793683    0.54482981    0.42268322    0.39614399    0.50966246    0.51127327    0.53312722    0.41916990    0.37772882    0.42920696    0.51451374    0.37231553    0.56355616    0.56215633    0.47287378    0.51617453    0.49477338    0.44247112    0.45620191    0.44448449    0.38408800    0.50963450    0.46556906    0.50470828    0.54239332    0.35816925    0.36840794
A0A1T3NP64_9ACTN/20-159     0.36884125    0.42853000    0.38928663    0.44080708    0.35651708    0.48422784    0.49109431    0.46155920    0.00000000    0.32687430    0.44547014    0.41013004    0.45797302    0.54273230    0.44119037    0.71346104    0.47534798    0.49782340    0.68173063    0.65544139    0.59032327    0.49442366    0.52411735    0.49559060    0.52960947    0.40752960    0.49770219    0.55225242    0.51963829    0.62498842    0.46058983    0.48782009    0.53189683    0.46508102    0.47395297    0.46009553    0.47044895    0.57681623    0.52577998    0.43101082    0.41805618
A0A1M7MP71_9ACTN/1-140     0.29691159    0.30819901    0.34502344    0.33989021    0.29932599    0.36349410    0.43544954    0.34440873    0.32687430    0.00000000    0.37514241    0.36566649    0.35836771    0.46705288    0.29919535    0.54262328    0.36701199    0.38090111    0.47098455    0.48588049    0.51894032    0.30023616    0.34078299    0.39757546    0.42641577    0.27718708    0.39505306    0.45326476    0.45481869    0.51535332    0.33719882    0.35279008    0.38560142    0.36074376    0.36578180    0.40983634    0.37659455    0.49240881    0.42505550    0.26651745    0.31040306
D9VN47_9ACTN/27-166     0.40548826    0.39166075    0.50316886    0.45154199    0.43354737    0.52248670    0.62965379    0.43613409    0.44547014    0.37514241    0.00000000    0.28959450    0.39060484    0.51276925    0.40513887    0.67777235    0.46455752    0.50981344    0.58253208    0.48629844    0.61300860    0.46123346    0.46682810    0.48169722    0.52277613    0.38718943    0.43457510    0.57876251    0.48357970    0.47685128    0.37818956    0.41303795    0.44506783    0.43574254    0.39937697    0.39583648    0.41714695    0.54354082    0.54159052    0.39322690    0.36799710
A0A1C5DIG6_9ACTN/1-140     0.28089570    0.34298924    0.37042111    0.42974255    0.38122651    0.48263808    0.63909224    0.41981999    0.41013004    0.36566649    0.28959450    0.00000000    0.34312933    0.49909185    0.27518949    0.51297948    0.39793666    0.30654932    0.55477972    0.50342937    0.52198478    0.41896373    0.33258527    0.30796474    0.44073543    0.31991985    0.42442902    0.53311526    0.51203839    0.52472142    0.43901122    0.28655736    0.42374707    0.33651703    0.35897309    0.40716811    0.38927557    0.48963979    0.43076001    0.28170013    0.29237198
D5SL77_STRCL/1-140     0.32049869    0.38424902    0.40419134    0.44266180    0.36908897    0.48687257    0.54583229    0.47459582    0.45797302    0.35836771    0.39060484    0.34312933    0.00000000    0.43516780    0.32105948    0.58589531    0.46131318    0.41278038    0.60192567    0.56125472    0.47489274    0.43324680    0.38462095    0.35325803    0.42123442    0.39911981    0.52349818    0.52412954    0.47092869    0.52411996    0.42353646    0.34796246    0.37788299    0.37486856    0.38497123    0.42749657    0.45213467    0.54072250    0.48954512    0.32224767    0.33675317
A0A1G8UBQ6_9ACTN/3-142     0.46307004    0.46657427    0.46324732    0.47075111    0.45064747    0.51482106    0.63954594    0.57200268    0.54273230    0.46705288    0.51276925    0.49909185    0.43516780    0.00000000    0.44477065    0.65711645    0.49510839    0.56178962    0.67472977    0.65056512    0.51086900    0.52475841    0.52989637    0.44024699    0.46594130    0.39119269    0.63236854    0.58313869    0.55692841    0.56891947    0.48280992    0.50041843    0.40754405    0.54989647    0.49585511    0.55106899    0.54173557    0.57542295    0.53337216    0.40169845    0.45279953
A0A101N4Z3_9ACTN/20-163     0.28591565    0.30904673    0.37346813    0.41936872    0.38019348    0.45285388    0.56993875    0.40793683    0.44119037    0.29919535    0.40513887    0.27518949    0.32105948    0.44477065    0.00000000    0.44755937    0.33301706    0.21806986    0.46684754    0.46379155    0.38813806    0.30949119    0.28982861    0.24798517    0.37219383    0.25881210    0.47002038    0.47965946    0.43123784    0.49004658    0.37436271    0.25431542    0.35057476    0.32610621    0.39003992    0.39157097    0.41803354    0.48032721    0.37917434    0.24875409    0.25598000
A0A1Q5KS42_9ACTN/1-144     0.53193711    0.51174752    0.61483066    0.60368182    0.58113161    0.69146246    0.78882456    0.54482981    0.71346104    0.54262328    0.67777235    0.51297948    0.58589531    0.65711645    0.44755937    0.00000000    0.48167953    0.40936842    0.59050288    0.70042107    0.58108096    0.58567592    0.50504444    0.51144822    0.62301729    0.58702854    0.68370575    0.74295330    0.65145864    0.74141295    0.69095067    0.49508369    0.59664262    0.61992316    0.64941665    0.68838202    0.68978521    0.70752231    0.63309352    0.52670762    0.54116498
A0A197SRQ8_9ACTN/1-140     0.37328718    0.39666633    0.51604398    0.40433570    0.41404810    0.50578265    0.54471210    0.42268322    0.47534798    0.36701199    0.46455752    0.39793666    0.46131318    0.49510839    0.33301706    0.48167953    0.00000000    0.33284763    0.49573967    0.53003388    0.47957426    0.48095706    0.43631829    0.43041823    0.47629588    0.37962321    0.51727381    0.55186736    0.43624742    0.53006179    0.44690466    0.38864015    0.41451008    0.43863573    0.42230309    0.46549138    0.46941540    0.48587741    0.45555928    0.33719741    0.31609415
A0A0G3ACZ6_9ACTN/20-162     0.36303520    0.36879462    0.43121683    0.44906004    0.39924138    0.50666435    0.61604258    0.39614399    0.49782340    0.38090111    0.50981344    0.30654932    0.41278038    0.56178962    0.21806986    0.40936842    0.33284763    0.00000000    0.43909890    0.45725603    0.40335033    0.38571649    0.30585702    0.31330390    0.44879885    0.32839375    0.52727766    0.46533628    0.42449373    0.53472398    0.47422865    0.30031576    0.46565900    0.36778599    0.46040042    0.45312809    0.44033439    0.54239677    0.44867501    0.32377922    0.36817284
G2GB78_9ACTN/8-152     0.57279284    0.46157161    0.52046190    0.57796250    0.56581697    0.61020719    0.54976249    0.50966246    0.68173063    0.47098455    0.58253208    0.55477972    0.60192567    0.67472977    0.46684754    0.59050288    0.49573967    0.43909890    0.00000000    0.43635457    0.54216868    0.50032693    0.49499865    0.52528610    0.60406144    0.48194033    0.63861149    0.55190225    0.59460929    0.66268540    0.53898484    0.51349875    0.55388392    0.62378980    0.55981792    0.60829707    0.66520051    0.61325539    0.58238765    0.48736075    0.52484755
A0A0X3XRY5_9ACTN/1-143     0.55273126    0.49031296    0.58606590    0.59424171    0.50310727    0.61825823    0.67910573    0.51127327    0.65544139    0.48588049    0.48629844    0.50342937    0.56125472    0.65056512    0.46379155    0.70042107    0.53003388    0.45725603    0.43635457    0.00000000    0.56749215    0.54656787    0.47255115    0.50007649    0.66732061    0.55359644    0.64746403    0.61186510    0.65007954    0.63360213    0.57290149    0.53569275    0.54260573    0.50645230    0.61578762    0.63071308    0.69544426    0.58623552    0.61334163    0.53704160    0.44517282
M3C7S3_STRMB/2-145     0.46227974    0.52807076    0.52352866    0.48686848    0.47148307    0.49992172    0.55564662    0.53312722    0.59032327    0.51894032    0.61300860    0.52198478    0.47489274    0.51086900    0.38813806    0.58108096    0.47957426    0.40335033    0.54216868    0.56749215    0.00000000    0.40475928    0.36472373    0.39966705    0.49616201    0.41894113    0.64480098    0.51618693    0.49070845    0.54147170    0.52161450    0.43117372    0.51672020    0.52936360    0.51481523    0.46873415    0.50870663    0.54128928    0.61573662    0.39037377    0.40200256
A0A1R1SHY0_9ACTN/12-154     0.38655655    0.41749342    0.43453328    0.45006358    0.40602300    0.43831806    0.57900817    0.41916990    0.49442366    0.30023616    0.46123346    0.41896373    0.43324680    0.52475841    0.30949119    0.58567592    0.48095706    0.38571649    0.50032693    0.54656787    0.40475928    0.00000000    0.26088435    0.34192114    0.40663315    0.24106427    0.54094208    0.49988910    0.42547144    0.56447302    0.40370488    0.37418182    0.43219413    0.41843581    0.35670507    0.41382463    0.41380555    0.57976651    0.51730639    0.32205972    0.36136912
A0A0K9XJM2_9ACTN/1-144     0.34286704    0.39698110    0.37363250    0.42797466    0.40501205    0.44399033    0.55036303    0.37772882    0.52411735    0.34078299    0.46682810    0.33258527    0.38462095    0.52989637    0.28982861    0.50504444    0.43631829    0.30585702    0.49499865    0.47255115    0.36472373    0.26088435    0.00000000    0.31850964    0.43093056    0.34570443    0.51710261    0.47541423    0.41844682    0.48943054    0.45569353    0.35532352    0.39183200    0.34901757    0.31653124    0.37876688    0.41214593    0.53095136    0.54415960    0.33184675    0.35983082
A0A0X3X4Z0_9ACTN/20-163     0.32942053    0.36290228    0.39325228    0.46171309    0.34063475    0.46618563    0.59631715    0.42920696    0.49559060    0.39757546    0.48169722    0.30796474    0.35325803    0.44024699    0.24798517    0.51144822    0.43041823    0.31330390    0.52528610    0.50007649    0.39966705    0.34192114    0.31850964    0.00000000    0.36441930    0.36252889    0.56121974    0.56349728    0.45910893    0.53367588    0.43909835    0.34692429    0.34476411    0.37607000    0.36990996    0.40639587    0.45116379    0.57864013    0.46909906    0.29659351    0.33458658
A0A1X7GKC7_9ACTN/19-162     0.36245410    0.48373331    0.55818637    0.54334355    0.48370020    0.51714577    0.52599397    0.51451374    0.52960947    0.42641577    0.52277613    0.44073543    0.42123442    0.46594130    0.37219383    0.62301729    0.47629588    0.44879885    0.60406144    0.66732061    0.49616201    0.40663315    0.43093056    0.36441930    0.00000000    0.34416687    0.58953827    0.45951018    0.43172611    0.46199041    0.45742821    0.42871732    0.43545855    0.43164752    0.40620676    0.43057070    0.46584878    0.52900667    0.47507376    0.42990030    0.39745218
D9WLI7_9ACTN/20-163     0.32377046    0.38078631    0.36878207    0.42428230    0.34294829    0.42218441    0.57048187    0.37231553    0.40752960    0.27718708    0.38718943    0.31991985    0.39911981    0.39119269    0.25881210    0.58702854    0.37962321    0.32839375    0.48194033    0.55359644    0.41894113    0.24106427    0.34570443    0.36252889    0.34416687    0.00000000    0.44476106    0.39634801    0.43336889    0.46447734    0.35263579    0.26687906    0.31252772    0.31666816    0.31125649    0.34674482    0.30065320    0.45616349    0.40833380    0.22801606    0.26235852
A0A1H8NSD8_9ACTN/1-140     0.37231324    0.42916234    0.58292734    0.55347956    0.54457248    0.63848870    0.64140361    0.56355616    0.49770219    0.39505306    0.43457510    0.42442902    0.52349818    0.63236854    0.47002038    0.68370575    0.51727381    0.52727766    0.63861149    0.64746403    0.64480098    0.54094208    0.51710261    0.56121974    0.58953827    0.44476106    0.00000000    0.60714007    0.51637072    0.48019639    0.41523281    0.47423952    0.49442749    0.41252328    0.44111433    0.49876954    0.47543148    0.53430871    0.53388821    0.43919184    0.43113436
A0A0F5W1Z3_9ACTN/1-144     0.44989577    0.49713687    0.44399883    0.45025450    0.45711288    0.61423278    0.58172445    0.56215633    0.55225242    0.45326476    0.57876251    0.53311526    0.52412954    0.58313869    0.47965946    0.74295330    0.55186736    0.46533628    0.55190225    0.61186510    0.51618693    0.49988910    0.47541423    0.56349728    0.45951018    0.39634801    0.60714007    0.00000000    0.39753927    0.42498532    0.40205900    0.50460898    0.54834267    0.38758749    0.41370670    0.41229938    0.40427139    0.57373996    0.61096795    0.42828307    0.45995414
A0A101N457_9ACTN/10-153     0.35704780    0.46073903    0.55361722    0.53335870    0.51377280    0.54555234    0.59887996    0.47287378    0.51963829    0.45481869    0.48357970    0.51203839    0.47092869    0.55692841    0.43123784    0.65145864    0.43624742    0.42449373    0.59460929    0.65007954    0.49070845    0.42547144    0.41844682    0.45910893    0.43172611    0.43336889    0.51637072    0.39753927    0.00000000    0.38421338    0.40921987    0.41967850    0.39117241    0.37200113    0.44028065    0.42694012    0.43185224    0.54083209    0.55615626    0.44166459    0.45486182
G2GL36_9ACTN/2-145     0.34958671    0.48590877    0.51150396    0.51268356    0.48565929    0.58074780    0.62025905    0.51617453    0.62498842    0.51535332    0.47685128    0.52472142    0.52411996    0.56891947    0.49004658    0.74141295    0.53006179    0.53472398    0.66268540    0.63360213    0.54147170    0.56447302    0.48943054    0.53367588    0.46199041    0.46447734    0.48019639    0.42498532    0.38421338    0.00000000    0.45350067    0.46136072    0.38517556    0.42264866    0.45212882    0.42121171    0.46731931    0.51259269    0.57638317    0.50279028    0.47850225
A0A0M2H0D4_9ACTN/1-144     0.37708301    0.36846778    0.43025185    0.40206148    0.39408233    0.44154960    0.51660738    0.49477338    0.46058983    0.33719882    0.37818956    0.43901122    0.42353646    0.48280992    0.37436271    0.69095067    0.44690466    0.47422865    0.53898484    0.57290149    0.52161450    0.40370488    0.45569353    0.43909835    0.45742821    0.35263579    0.41523281    0.40205900    0.40921987    0.45350067    0.00000000    0.39211576    0.39829068    0.35747786    0.38099285    0.41921825    0.43615066    0.44944015    0.46281105    0.31898944    0.38461923
A0A0N1GZX9_9ACTN/8-151     0.32001515    0.37784234    0.44608690    0.42564687    0.39061962    0.44381494    0.60726187    0.44247112    0.48782009    0.35279008    0.41303795    0.28655736    0.34796246    0.50041843    0.25431542    0.49508369    0.38864015    0.30031576    0.51349875    0.53569275    0.43117372    0.37418182    0.35532352    0.34692429    0.42871732    0.26687906    0.47423952    0.50460898    0.41967850    0.46136072    0.39211576    0.00000000    0.36586342    0.32301872    0.36075124    0.33855414    0.39122239    0.40620838    0.37918250    0.28277488    0.32671839
A0A117RD37_9ACTN/1-146     0.34678255    0.38140500    0.44116466    0.50078458    0.42836498    0.53825503    0.66797777    0.45620191    0.53189683    0.38560142    0.44506783    0.42374707    0.37788299    0.40754405    0.35057476    0.59664262    0.41451008    0.46565900    0.55388392    0.54260573    0.51672020    0.43219413    0.39183200    0.34476411    0.43545855    0.31252772    0.49442749    0.54834267    0.39117241    0.38517556    0.39829068    0.36586342    0.00000000    0.34072864    0.35710416    0.32741313    0.40401624    0.52455681    0.45516319    0.37701499    0.35494613
A0A0X3RUF5_9ACTN/1-144     0.31415877    0.38622140    0.46485557    0.46679925    0.40872015    0.49757724    0.57257992    0.44448449    0.46508102    0.36074376    0.43574254    0.33651703    0.37486856    0.54989647    0.32610621    0.61992316    0.43863573    0.36778599    0.62378980    0.50645230    0.52936360    0.41843581    0.34901757    0.37607000    0.43164752    0.31666816    0.41252328    0.38758749    0.37200113    0.42264866    0.35747786    0.32301872    0.34072864    0.00000000    0.31070140    0.36564378    0.31346056    0.45461260    0.40661950    0.35105513    0.27568357
A0A089XDP7_STRGA/24-167     0.31835002    0.43885657    0.45967085    0.46010280    0.37780029    0.43267627    0.51628982    0.38408800    0.47395297    0.36578180    0.39937697    0.35897309    0.38497123    0.49585511    0.39003992    0.64941665    0.42230309    0.46040042    0.55981792    0.61578762    0.51481523    0.35670507    0.31653124    0.36990996    0.40620676    0.31125649    0.44111433    0.41370670    0.44028065    0.45212882    0.38099285    0.36075124    0.35710416    0.31070140    0.00000000    0.24699149    0.30228694    0.53828114    0.52772322    0.32300548    0.31718738
A0A1M5YN65_9ACTN/11-154     0.33387596    0.46171884    0.51511282    0.54363405    0.43435867    0.50649496    0.57502332    0.50963450    0.46009553    0.40983634    0.39583648    0.40716811    0.42749657    0.55106899    0.39157097    0.68838202    0.46549138    0.45312809    0.60829707    0.63071308    0.46873415    0.41382463    0.37876688    0.40639587    0.43057070    0.34674482    0.49876954    0.41229938    0.42694012    0.42121171    0.41921825    0.33855414    0.32741313    0.36564378    0.24699149    0.00000000    0.24388164    0.52619735    0.54621986    0.35588936    0.38916934
A0A0Q9ALC5_9ACTN/15-158     0.33420326    0.49603640    0.46559660    0.50399412    0.40015844    0.51308499    0.66308447    0.46556906    0.47044895    0.37659455    0.41714695    0.38927557    0.45213467    0.54173557    0.41803354    0.68978521    0.46941540    0.44033439    0.66520051    0.69544426    0.50870663    0.41380555    0.41214593    0.45116379    0.46584878    0.30065320    0.47543148    0.40427139    0.43185224    0.46731931    0.43615066    0.39122239    0.40401624    0.31346056    0.30228694    0.24388164    0.00000000    0.48667769    0.46107229    0.34954423    0.39580507
G8SES1_ACTS5/24-163     0.47233150    0.48340596    0.60079058    0.58048105    0.52499635    0.50841372    0.64399277    0.50470828    0.57681623    0.49240881    0.54354082    0.48963979    0.54072250    0.57542295    0.48032721    0.70752231    0.48587741    0.54239677    0.61325539    0.58623552    0.54128928    0.57976651    0.53095136    0.57864013    0.52900667    0.45616349    0.53430871    0.57373996    0.54083209    0.51259269    0.44944015    0.40620838    0.52455681    0.45461260    0.53828114    0.52619735    0.48667769    0.00000000    0.24580854    0.43873630    0.39732285
A0A239HG21_9ACTN/24-163     0.42881532    0.39388861    0.53892082    0.56462337    0.48415169    0.44252414    0.64318028    0.54239332    0.52577998    0.42505550    0.54159052    0.43076001    0.48954512    0.53337216    0.37917434    0.63309352    0.45555928    0.44867501    0.58238765    0.61334163    0.61573662    0.51730639    0.54415960    0.46909906    0.47507376    0.40833380    0.53388821    0.61096795    0.55615626    0.57638317    0.46281105    0.37918250    0.45516319    0.40661950    0.52772322    0.54621986    0.46107229    0.24580854    0.00000000    0.36421394    0.39128729
C9Z489_STRSW/13-152     0.27099112    0.34191723    0.35814106    0.34968141    0.28802100    0.34793555    0.48430221    0.35816925    0.43101082    0.26651745    0.39322690    0.28170013    0.32224767    0.40169845    0.24875409    0.52670762    0.33719741    0.32377922    0.48736075    0.53704160    0.39037377    0.32205972    0.33184675    0.29659351    0.42990030    0.22801606    0.43919184    0.42828307    0.44166459    0.50279028    0.31898944    0.28277488    0.37701499    0.35105513    0.32300548    0.35588936    0.34954423    0.43873630    0.36421394    0.00000000    0.20426810
A0A1Q5KBI9_9ACTN/16-155     0.30666228    0.33916785    0.39452306    0.45255907    0.30744023    0.38273412    0.53972995    0.36840794    0.41805618    0.31040306    0.36799710    0.29237198    0.33675317    0.45279953    0.25598000    0.54116498    0.31609415    0.36817284    0.52484755    0.44517282    0.40200256    0.36136912    0.35983082    0.33458658    0.39745218    0.26235852    0.43113436    0.45995414    0.45486182    0.47850225    0.38461923    0.32671839    0.35494613    0.27568357    0.31718738    0.38916934    0.39580507    0.39732285    0.39128729    0.20426810    0.00000000

