6
A0A0F4NTL8_PSEO7/27-97     0.00000000    1.46965680    1.34629881    2.08849065    1.32868426    2.10614439
A0A166VH73_9GAMM/26-96     1.46965680    0.00000000    0.59360312    2.16060385    1.13742196    1.28180722
A0A0F4QGN4_9GAMM/26-96     1.34629881    0.59360312    0.00000000    1.87035896    0.94186573    1.05275913
A0A162AEW8_9GAMM/27-96     2.08849065    2.16060385    1.87035896    0.00000000    1.53910478    1.69895714
A0A1S1MRP2_9GAMM/47-117     1.32868426    1.13742196    0.94186573    1.53910478    0.00000000    0.57720547
U1KUT7_9GAMM/25-95     2.10614439    1.28180722    1.05275913    1.69895714    0.57720547    0.00000000

