102
A0A1I0RS30_9BACT/2-160     0.00000000    1.11117350    1.12936554    1.04040749    1.50689600    2.00466646    1.98227370    1.62748589    1.79289378    1.64896066    1.63235994    1.78200539    1.73352273    1.73334724    1.66454235    1.50593988    1.91203801    2.14754105    2.15352049    2.30694157    2.16598857    2.12858546    2.35778213    1.90851870    2.05577752    2.06631536    2.44572968    2.14520129    2.33888046    2.17907325    2.44629014    2.55631442    2.87032971    3.13258215    2.72931331    2.56030859    2.13092952    2.06803731    1.55538038    1.72169553    1.51665362    1.35477017    1.65352466    1.61018514    1.26420915    1.25246135    1.52327941    1.31833878    1.31014441    1.23812384    1.23679977    1.21161572    1.22627548    1.53446893    1.76043140    1.55963312    1.39041689    1.31768670    1.36992868    1.26165341    1.33038681    1.48564768    1.30165637    1.42587527    1.30806687    1.52050335    1.24939689    1.52111323    1.16846589    1.63117333    1.70424729    1.76767567    1.62118731    1.48032993    1.48860147    1.36062528    1.61086682    1.54541650    1.74312912    1.67512425    1.54810594    1.50069578    1.59270291    1.76962184    1.70942398    1.67690759    1.52063307    1.64874991    1.69766205    1.52486687    1.38490290    1.84372425    1.53627318    1.74529376    1.55359079    1.90834521    1.65820033    1.80101772    1.30466227    1.55061027    1.62197248    1.50915485
A0A2S0HV65_9FLAO/2-156     1.11117350    0.00000000    1.12634574    1.07186812    1.53599707    1.83455956    1.98564777    1.41877427    1.56224423    1.37100746    1.39846929    1.71354209    1.44754583    1.75046025    1.48778821    1.72109668    1.99165688    2.04284942    2.51512717    2.53662874    2.24821272    2.42061797    2.30267594    1.71392156    2.21873227    1.93474330    2.45120348    1.85629151    2.10029328    1.82778186    2.15868418    2.60582491    2.77703233    2.98746568    2.79177544    1.92086021    2.04800598    2.32021431    1.67104417    1.61702786    1.59476812    1.25444798    1.42337417    1.47112818    1.57631206    1.50494479    1.68132636    1.55671360    1.31435838    1.40264436    1.49964921    1.39268410    1.25816592    1.55181930    1.55123240    1.47528847    1.20481458    1.27329512    1.38090116    1.26902846    1.28701756    1.30222029    1.32906455    1.29435175    1.38691077    1.46054947    1.23985673    1.41355356    1.18854469    1.52658533    1.63822500    1.37070430    1.46272948    1.32987334    1.44307802    1.37763627    1.49830542    1.55261888    1.50258666    1.81735761    1.50813969    1.76713435    1.65172406    1.54545755    1.69425054    1.66735198    1.63513645    1.63985874    1.52879556    1.52946591    1.52908891    1.52531694    1.24333909    1.53598330    1.31863420    1.76971173    1.49029592    1.48535977    1.37154797    1.46877130    1.58570444    1.57231189
A0A2N7WEJ3_9BURK/3-156     1.12936554    1.12634574    0.00000000    0.80330522    1.87260710    1.84869176    1.75435015    1.48056974    1.39743439    1.25964940    1.51859693    1.58405666    1.54332813    1.65403984    1.72653131    1.50239470    1.86348850    2.27946913    2.49248341    2.32287719    2.11261220    2.28580503    2.19764718    1.82890441    2.22778641    1.91320443    2.77700577    2.29202645    2.06498475    2.44223152    2.55206122    3.26761738    2.98752915    3.13357536    3.00476201    2.29236210    1.92515746    2.87126511    1.80928027    1.85162618    1.46649908    1.37209155    1.54775281    1.63354230    1.39249804    1.47080927    1.81849060    1.60462535    1.70228019    1.38673246    1.52883429    1.48036571    1.36575378    1.55116808    1.64725032    1.41824960    1.32451739    1.31601137    1.39324299    1.25362555    1.11751347    1.60435974    1.46652652    1.44034264    1.41927016    1.44279021    1.45304369    1.41855367    1.32835303    1.42502019    1.53464059    1.63511634    1.89871737    1.53915021    1.40771760    1.22905866    1.72637281    1.48454554    1.61844758    1.53096558    1.49254897    1.52057880    1.95438173    1.74578514    1.58577504    1.73607964    1.51238951    1.67745878    1.92494209    1.40701258    1.51937211    1.69050473    1.53195288    1.43212400    1.50437582    1.65979195    1.57378443    1.63924234    1.33566417    1.54604918    1.64319786    1.76226897
A0A3D8JXK6_9BURK/2-153     1.04040749    1.07186812    0.80330522    0.00000000    1.61760923    1.80080441    2.00666097    1.62846088    1.40694451    1.36426672    1.34477610    1.64376968    1.56149003    1.61542967    1.67738213    1.93051787    1.98182633    2.29313100    2.61821573    2.39207530    2.23687969    2.18628161    2.59775416    1.91160049    2.13142097    1.84605699    2.41397433    2.20748605    2.21180575    2.16533201    2.41896154    3.00996621    3.10719249    3.28089151    3.08932461    2.30925929    2.25633935    2.32029969    1.40877926    1.74910691    1.56848274    1.49831653    1.73304728    1.61482647    1.45690991    1.45307626    1.54871105    1.71327631    1.82028046    1.43649190    1.40949880    1.23552249    1.25198579    1.56673095    1.81355475    1.54300357    1.47838246    1.46955500    1.46590114    1.24083300    1.20925239    1.34072388    1.62003242    1.51134662    1.34746151    1.46736197    1.41431324    1.40569439    1.17413530    1.36337591    1.42814672    1.57697397    1.70185336    1.54763403    1.55173006    1.52887533    1.72508894    1.57786314    1.53428538    1.59064412    1.63688196    1.67580814    1.46610539    1.50006731    1.64238117    1.82664263    1.59452995    1.60244241    1.63962029    1.70711867    1.56361993    1.50741385    1.47049177    1.43396415    1.40048239    1.63622156    1.36752806    1.33726466    1.28371162    1.33363637    1.38298008    1.70802777
A0A1H7S330_9FLAO/10-175     1.50689600    1.53599707    1.87260710    1.61760923    0.00000000    1.66633138    1.66169592    1.47949654    1.40288450    1.21175375    1.12610300    1.56075721    1.34300843    1.39525394    1.42496849    1.76281502    2.35664959    2.23837489    2.09409224    2.45429918    2.15236156    2.35482772    2.02496619    2.24623266    2.05457138    2.30365502    2.67143193    2.08383700    2.60685234    2.46782421    2.25068880    2.00958704    2.28370485    2.38262091    2.15163349    2.09067339    1.78648645    2.37211162    1.99488307    1.91516565    1.89480466    1.49246666    2.01174675    1.97775925    1.69506272    1.80357716    2.12654333    2.07414052    1.96660531    1.59510115    1.65516366    1.60246974    1.92643875    1.96373587    2.25517055    1.65101267    1.88301233    1.87543567    2.04933583    2.00582558    1.77222212    2.19958753    2.01549489    2.02342419    1.82663333    2.20282624    2.14000380    1.82029001    1.75741298    1.93818472    2.12802920    1.95250940    1.80062714    1.67629949    1.69180015    1.76168835    1.83771406    1.99010757    2.13058880    1.99397625    1.85353408    1.73709420    1.81691427    1.78381563    2.38460899    2.27116207    1.98389679    2.09911023    2.17494378    1.71936060    1.66559035    1.99807226    1.59702083    2.38798439    1.76277769    2.08450215    1.63048373    1.62630630    1.78844944    1.95882734    1.81043893    1.86763611
A0A160FIM0_9BURK/7-164     2.00466646    1.83455956    1.84869176    1.80080441    1.66633138    0.00000000    0.61619454    1.86915084    1.56678368    1.59738853    1.80815323    1.66605819    1.61388443    1.78051192    1.74146196    1.98945307    2.61356944    2.49106460    2.28219286    2.97884403    2.51050291    2.43672734    2.34452227    2.30047138    2.20825077    2.54970990    2.50673830    1.98017892    2.40633904    2.82211662    2.66003031    2.50927228    2.88976968    2.99336276    2.83638617    2.46795504    2.22990001    2.69500547    2.49507518    2.21741074    2.00165352    1.91593874    1.77322927    2.22610780    1.90149671    1.98252271    1.90283328    2.30827037    2.18899387    1.98658499    2.00679451    1.70629044    1.94740476    1.79654466    1.81328448    2.14993319    2.17316220    2.34349828    2.05270211    1.98413524    1.94196993    1.80177789    2.07895777    1.98064608    1.96154709    2.10514553    2.08288645    1.84628491    2.00419623    2.34086033    1.95779678    1.77421111    1.77659707    1.79048087    1.96649366    1.93327370    2.14709235    2.25712152    1.87404947    1.77116491    1.71768679    1.78816391    2.23873173    2.41967446    1.85918982    2.07911310    2.05302833    2.09029730    2.01864271    2.07881303    1.97382288    2.39344681    2.04149646    2.66897363    2.08265581    2.15703373    2.06115797    2.16058313    2.13459806    2.02909486    2.00469266    2.29671275
A0A494Y1V1_9BURK/7-164     1.98227370    1.98564777    1.75435015    2.00666097    1.66169592    0.61619454    0.00000000    1.69460020    1.82651081    1.80886750    1.74223178    1.71967165    1.74640682    1.81415025    1.83030839    1.93426810    2.64931729    2.57841538    2.74351320    2.99967124    2.51990795    2.67207065    2.39284798    2.50430821    2.70916324    2.72894211    2.72513872    2.22408499    2.70117717    2.79156515    2.64955762    2.59074881    2.81749030    2.95989936    2.78268674    2.41369879    2.25554471    2.40916488    2.39569363    2.41135777    2.22534653    2.02692172    1.91599309    2.18752588    2.04312614    2.10269775    1.98364771    2.41051713    2.02829768    1.89210916    2.00583169    1.65124443    2.07565055    1.83505681    1.77141626    1.89096726    1.99140111    1.95327401    2.03385604    1.81063681    2.00494854    1.83481795    1.81337907    2.02718964    2.15271647    1.91322221    1.86584277    1.81711164    2.03040867    2.30750537    2.06830868    1.96237463    1.76952842    1.90371117    1.91789446    1.82790549    2.08997945    2.30959187    1.79801099    1.79464916    1.78313821    1.63661359    2.32655942    2.44517225    1.78875012    2.15789740    1.90167963    2.09864621    1.90294437    2.08141609    2.03235700    2.55100331    2.20540506    2.45071058    2.28175548    2.22232474    2.16825862    2.31151500    2.23825283    2.24466047    1.88859662    2.02863228
A0A011PSV8_9PROT/8-173     1.62748589    1.41877427    1.48056974    1.62846088    1.47949654    1.86915084    1.69460020    0.00000000    1.14309559    1.02511926    1.17436581    1.34659551    1.28036449    1.42305965    1.23568400    1.70418825    2.23950754    2.14771501    2.31017662    2.43504959    2.47350444    2.50645430    2.30177247    2.34681062    2.48167318    2.07293196    3.16607062    2.26552408    2.12853642    2.36745908    2.18927361    2.24824865    2.69975381    2.54355124    2.62218400    2.45675739    2.11397828    2.62912172    1.85524279    1.55440021    1.72935460    1.44115309    1.71589001    1.69519398    1.64498649    1.48372385    2.01178660    1.99283678    1.77437900    1.41894839    1.38947338    1.49145306    1.55701439    1.79235417    1.79778631    1.43905887    1.94418284    1.61640204    1.72871351    1.64141396    1.84545879    1.65430399    1.70551798    2.02840182    1.49851521    1.64115795    1.62714128    1.62993533    1.76255393    1.79739183    1.63406265    1.69330249    1.64240131    1.54629624    1.75212419    1.56510811    1.59925475    1.76900586    1.71515934    1.78124173    1.60505846    1.69976990    1.66791935    1.73177728    1.83596763    1.89959286    1.88011534    1.69250784    2.03446368    1.46957772    1.77835120    1.66716114    1.25828053    2.00927166    1.57998340    1.80991683    1.59523456    1.62488439    1.65858654    1.51581349    1.54214495    1.65477404
A0A1Y6D518_9GAMM/8-168     1.79289378    1.56224423    1.39743439    1.40694451    1.40288450    1.56678368    1.82651081    1.14309559    0.00000000    0.79343229    0.90553701    1.18342934    1.25378372    1.12954811    1.11756920    1.93240859    2.31284548    2.49340033    2.36250460    2.46034880    2.36419014    2.54696030    2.17807572    2.15629627    2.32493912    2.02949572    2.89372159    2.10504305    2.32435392    2.71759417    2.42267866    2.56024006    3.02926799    3.35081765    2.86881792    2.69984578    2.12018539    2.51703430    2.08095063    1.68563138    1.96788963    1.56980425    1.71254609    1.99299789    1.48777905    1.83508150    2.03272014    2.07642724    2.22026684    1.65264564    1.68148654    1.56045429    1.76822619    1.71027577    1.66464016    1.86950107    1.94679193    1.94833482    1.85080723    1.86671593    1.64471962    1.86771487    1.92268628    1.83659806    1.63468412    2.04777507    2.03240313    2.01135235    1.99049868    1.70478732    2.16179359    2.17566715    1.66498498    1.65438727    1.58300626    1.50539707    1.92678726    1.99507499    1.74417448    1.65501961    1.79969624    1.94242432    1.79994518    1.75526408    1.81233535    2.18814947    1.85634452    1.73596905    1.91210464    1.43555584    1.50509093    1.72394090    1.59575919    2.23128326    1.81019249    1.84461303    1.68877373    1.61505259    1.36992589    1.60908885    1.36868877    1.93664367
A0A1L6M395_9DELT/7-166     1.64896066    1.37100746    1.25964940    1.36426672    1.21175375    1.59738853    1.80886750    1.02511926    0.79343229    0.00000000    0.56456950    1.06230505    1.10003036    1.24455306    1.01191329    1.64353330    2.38327527    2.34948182    2.57562802    2.75901800    2.45475335    2.28237611    2.10797217    2.09220969    2.20695183    2.12843597    2.94121135    1.98051855    2.01330120    2.25745071    2.30302214    2.12845707    2.79321108    2.89889427    2.91017200    2.15600597    2.05286463    2.37618420    1.96086657    1.54482090    1.55974365    1.44788488    1.43847692    1.83283066    1.47720516    1.56941437    1.90143475    1.77371480    1.89368151    1.44332744    1.48209184    1.36999327    1.75367471    1.52631215    1.73645974    1.67763315    1.64873532    1.67506105    1.72617109    1.57124852    1.55427662    1.51740999    1.77042276    1.68448631    1.56622418    1.68879636    1.79498174    1.59101521    1.67539752    1.58892790    1.98024685    1.77736825    1.68517158    1.48981515    1.52952705    1.34656458    1.60370618    1.91195131    1.61232430    1.63362431    1.73391837    1.85460485    1.57722100    1.65331356    1.73993259    1.79732638    1.64729183    1.61593006    1.84471721    1.26263439    1.32345735    1.60996979    1.32951851    2.27686747    1.52528795    1.83573234    1.55548216    1.69210343    1.42041926    1.59377694    1.42560063    1.74110032
A0A2T4V8J2_9DELT/9-161     1.63235994    1.39846929    1.51859693    1.34477610    1.12610300    1.80815323    1.74223178    1.17436581    0.90553701    0.56456950    0.00000000    1.10390844    1.15593748    1.29979138    1.06163792    1.72737050    2.44521300    2.43234580    2.47968397    2.32668560    2.51185670    2.40470912    2.22449885    2.18093648    2.27123411    2.42684579    2.73502974    2.24216109    2.12802064    2.33286796    2.04279341    2.19629847    2.69474262    2.84024847    2.95349406    1.88801148    2.22545657    2.20218895    2.02254855    1.63209949    1.38830502    1.70077093    1.66086703    1.85243570    1.54883785    1.68737776    1.99529590    2.04240056    2.03810312    1.51846845    1.63091970    1.49121147    1.84660555    1.71979268    1.83098411    1.80347554    1.56796680    1.81615558    1.80618389    1.67478860    1.56690936    1.65603530    1.82265493    1.90114039    1.83332110    1.75970308    1.93140051    1.63908324    1.71543135    1.71200466    2.27593800    1.99566450    1.79332416    1.66624947    1.64140606    1.57630943    1.68284855    1.99714591    1.51040397    1.69839535    1.71720762    1.79250122    1.54812602    1.59255881    1.89265676    1.84670865    1.69367288    1.47567286    1.72045922    1.39304539    1.43123001    1.61419979    1.41998766    2.12524491    1.71545430    1.90807052    1.70996742    1.72194019    1.41572926    1.53153635    1.54782637    1.69497192
A6FZ72_9DELT/6-177     1.78200539    1.71354209    1.58405666    1.64376968    1.56075721    1.66605819    1.71967165    1.34659551    1.18342934    1.06230505    1.10390844    0.00000000    1.18381214    1.17874142    1.06197972    1.76302732    2.23064783    2.28659532    2.17210283    2.59524712    2.51924070    2.49954148    2.11128798    2.17841121    2.49509070    2.14922195    2.78877128    2.31405682    2.49486798    2.64635421    2.33928707    2.09382121    2.71809496    2.65002024    2.91321421    2.55419552    2.41306035    2.70412403    2.24194648    1.81186862    1.82516996    1.75949773    1.84939414    1.95894429    1.69960898    1.81978089    2.38481299    2.10001429    2.22911011    1.54568249    1.50162664    1.38309179    1.72549720    1.77105703    2.04523938    1.80556465    2.04129179    1.72164753    1.69518252    1.73552278    1.77209825    1.90140108    1.78836390    1.89432861    1.90383278    2.08388475    2.04036493    1.70244009    1.81701891    1.89465056    1.97144057    2.01340103    1.73259017    1.54020112    1.91625308    1.85859046    1.87646908    1.97975485    1.72577842    1.64009308    2.04887386    1.67743990    1.96780331    1.57253749    1.73974356    2.24513933    1.88373447    1.82716212    1.83254546    1.43701658    1.34930099    1.62725925    1.41210733    1.94567062    1.75615133    2.11624372    2.02617966    1.92131423    1.88317562    1.60619190    1.61469447    1.88710015
A0A1H1XV12_9SPHI/6-163     1.73352273    1.44754583    1.54332813    1.56149003    1.34300843    1.61388443    1.74640682    1.28036449    1.25378372    1.10003036    1.15593748    1.18381214    0.00000000    0.80392581    0.75968742    1.56213966    1.99242561    2.07063512    2.25950149    2.11690183    2.28698172    2.20533336    2.25084683    2.36169289    2.46358050    1.80399577    2.28596370    2.09576196    2.13668274    2.44092346    2.17549533    2.53954794    2.66593019    2.58903955    2.56267816    2.19750508    2.13551070    2.39026184    1.77146044    1.67128723    1.82416598    1.48724692    1.58440105    1.69198694    1.88500415    1.63202690    2.08503415    1.86635876    1.83409039    1.73784990    1.61310036    1.52989614    1.52444004    1.81274956    1.74664858    1.59454138    1.63040101    1.48576774    1.66115541    1.90831753    1.72748981    1.60304104    1.78598006    1.83234648    1.64622435    1.62968730    1.59063509    1.59133811    1.69637552    1.52671710    1.49549190    1.57566452    1.62762479    1.39345800    1.54078271    1.42876308    1.39364006    1.85307242    1.82034638    1.88748969    1.59696881    1.73453413    2.25048154    2.03041105    2.01412020    2.15820544    2.02613284    1.88006128    2.06787773    1.38155259    1.25037700    1.39999175    1.10386435    2.12716828    1.69895217    1.86726569    1.66339581    1.66407494    1.82091237    1.53548341    1.54739884    1.75000771
A0A163AZT1_9FLAO/7-168     1.73334724    1.75046025    1.65403984    1.61542967    1.39525394    1.78051192    1.81415025    1.42305965    1.12954811    1.24455306    1.29979138    1.17874142    0.80392581    0.00000000    0.71961120    1.67173162    2.45178252    2.32715755    2.12400793    2.03259705    2.19218974    2.38236266    2.11327201    1.85203232    2.23219577    2.07593891    2.34059129    2.44064967    2.32596568    2.62690012    2.16051826    2.45273400    2.95947934    2.76181042    2.55099778    2.61990060    2.25947637    2.55223468    1.72946948    1.61856592    1.97986854    1.44372691    1.88257448    2.11834392    1.72317600    1.80849386    2.29994118    2.02065222    2.13320194    1.83276098    1.86087832    1.66283542    1.63133526    1.73797341    2.11528273    1.63914742    1.75223944    1.60102519    1.70241634    1.88990981    1.80766724    2.00852687    1.70094385    1.73632205    1.99058325    1.99623992    1.80529298    1.58839720    1.77163653    1.67931887    1.69816123    1.97238805    1.68802413    1.51445311    1.59859665    1.64312768    1.60623054    1.67987391    1.67884607    1.91792008    1.81991223    1.72773988    2.32262048    1.97259939    1.92897878    2.32350370    1.98103122    2.17878966    2.06599681    1.42879173    1.55918905    1.49353298    1.42852591    1.90663577    1.77451828    1.76821525    1.79227456    1.67271624    1.71195684    1.46073920    1.47389320    1.79858330
F4XUJ8_9CYAN/7-176     1.66454235    1.48778821    1.72653131    1.67738213    1.42496849    1.74146196    1.83030839    1.23568400    1.11756920    1.01191329    1.06163792    1.06197972    0.75968742    0.71961120    0.00000000    1.58478968    2.25127037    2.22436097    2.41782709    2.18722587    2.66428823    2.73062113    2.02876593    2.22676712    2.35557396    2.36741841    2.61799261    2.44110966    2.34293029    2.75575891    2.15018243    2.21644479    2.58026381    2.83909052    2.83025181    2.17892197    1.99008331    2.60201071    2.07305939    1.63037702    1.94943267    1.57907445    1.73927162    1.77250598    1.78699901    1.96466750    2.31586624    2.14471737    2.03552130    1.68870608    1.67653553    1.66501589    1.77735941    1.97439802    2.36191835    1.53247518    1.85210622    1.57679054    1.70421173    1.76664016    1.68295333    1.90428938    1.55053131    1.67177824    1.70011644    1.94761387    1.80424639    1.65040331    1.82623062    1.71227014    2.00088885    1.87788420    1.57442201    1.34520647    1.38833377    1.60563056    1.33652203    1.73040016    1.78104626    1.81898074    1.94377645    1.85146461    2.03706001    1.85167660    1.93221390    2.16905423    2.06369460    2.01705555    1.96187750    1.27452083    1.30060110    1.42514125    1.31325439    1.82136958    1.43974276    1.89304428    1.92041166    1.75203631    1.76409521    1.52991703    1.34779048    1.92460322
A0A1M4ZLI9_9BACT/7-171     1.50593988    1.72109668    1.50239470    1.93051787    1.76281502    1.98945307    1.93426810    1.70418825    1.93240859    1.64353330    1.72737050    1.76302732    1.56213966    1.67173162    1.58478968    0.00000000    2.23919905    2.28393987    2.60830937    2.43647970    2.40972209    2.47014270    2.12075923    2.03039420    2.36610727    2.08739687    2.57797525    2.35424991    2.29678529    2.42134166    2.64659990    2.25034567    2.55434356    2.47983252    2.44680613    2.56569639    1.87260188    2.32615347    1.57204803    1.62894635    1.94522070    1.68718363    1.94599361    1.66315319    1.76579667    1.78096415    2.11239335    1.79639349    1.84025199    1.98995986    2.04964828    1.97851793    2.18574296    2.01625663    2.23519469    1.53025385    1.77787619    1.88732994    1.67477408    2.04927350    1.77244437    1.97175020    1.91599186    1.90470987    1.76969943    2.12898640    1.84014111    1.97168966    1.91256003    1.85847406    1.96997065    1.97422605    1.81406851    1.84733890    1.53040764    1.51463548    1.76547453    2.06322022    1.93135577    1.94269955    1.50830994    1.24179882    2.03371370    1.92724235    2.26962516    2.28106390    2.12141029    2.17539117    2.47150708    1.59096290    1.70272144    1.74793496    1.43508304    2.26089059    1.77428047    1.92150991    2.08444279    1.95370714    1.86574009    1.80073004    1.86423762    1.92005787
M0LNS8_9EURY/5-161     1.91203801    1.99165688    1.86348850    1.98182633    2.35664959    2.61356944    2.64931729    2.23950754    2.31284548    2.38327527    2.44521300    2.23064783    1.99242561    2.45178252    2.25127037    2.23919905    0.00000000    1.07450301    1.16163334    1.09817685    1.20586922    1.36022466    1.27020911    1.08445501    1.21852285    1.46073027    1.92342511    1.69834212    1.66041147    1.94839017    1.65386953    1.53357161    1.94772788    1.99788162    2.06285118    1.94164213    1.50247802    2.08781348    2.19145028    2.17779332    2.34889310    2.30533021    2.47721131    2.01432132    2.04188553    2.30068707    1.99481414    2.29826235    2.16812440    2.29271369    2.28642287    2.36399910    1.99168461    2.55651937    2.42252423    2.18674992    2.35009263    2.08375148    2.23333565    2.17967747    2.20555525    2.57101623    2.24362312    2.61944538    2.04477612    2.66412414    2.18058635    2.33755794    2.08691511    1.88331098    2.29272470    2.36531405    2.07405200    1.91367976    2.04991707    2.06737594    2.17421939    2.00613230    2.74032799    2.42446914    2.26543261    2.37860570    2.42210030    2.57458618    2.35284028    2.51048133    2.45343392    2.46259084    2.30005877    2.03834830    2.14612681    2.47991474    2.15785078    2.65183966    2.10574648    2.00390067    2.21687493    2.35355999    2.06840962    2.18965423    2.47425022    2.24913063
M0DCK8_9EURY/10-159     2.14754105    2.04284942    2.27946913    2.29313100    2.23837489    2.49106460    2.57841538    2.14771501    2.49340033    2.34948182    2.43234580    2.28659532    2.07063512    2.32715755    2.22436097    2.28393987    1.07450301    0.00000000    1.48219511    1.41073126    1.64827409    1.67270358    1.51331618    1.22922288    1.62946562    1.83357642    1.58209205    1.76030500    1.94752513    1.57397434    1.35125510    1.64282804    1.94547684    1.91648698    2.05808038    1.79623268    1.40478721    1.96844811    2.63649504    2.57924718    2.72082213    2.16117727    2.18266472    2.15512011    1.92617333    2.12614049    1.92693547    2.06922577    2.10204497    2.32509667    2.07596323    2.22409013    2.04964453    2.39074220    2.10729066    2.06439723    2.18182200    2.31223172    2.52898022    2.14528568    2.14980780    2.26180576    2.14320302    2.41604910    2.50065816    2.58721983    2.24094728    2.36739190    2.16151226    2.02727556    2.08435938    2.19526874    2.39634117    1.87176056    2.21657317    2.25081315    2.38395390    2.30477487    2.87285056    2.08926823    2.41689825    2.44378689    2.55036534    2.51994780    2.68317490    2.56389306    2.73456533    2.33739489    2.53025934    1.93535808    2.15971504    2.28145016    2.25917456    2.85806047    2.06493038    2.41326554    2.19624455    2.51204275    2.68656685    2.22472185    2.27011119    2.06171869
G2G247_9FIRM/7-155     2.15352049    2.51512717    2.49248341    2.61821573    2.09409224    2.28219286    2.74351320    2.31017662    2.36250460    2.57562802    2.47968397    2.17210283    2.25950149    2.12400793    2.41782709    2.60830937    1.16163334    1.48219511    0.00000000    0.99746872    1.12702468    1.25116161    1.01264204    1.01478572    1.02774954    1.50087941    1.30208168    1.38567128    1.71498185    1.65784325    1.35067433    1.25405893    1.98879776    1.79360996    1.96767827    2.11317126    1.84994247    2.34429749    2.70071771    2.51354571    2.44263021    2.73603138    2.48322512    2.52139017    2.35486088    2.64483358    2.13579249    2.90324557    3.04402107    2.47468759    2.60683348    2.30993921    2.50268702    2.84868105    2.93309053    2.63931082    2.44284982    2.46717594    2.54238718    2.73196232    2.48874057    2.52901306    2.66935828    2.85589407    2.69900610    2.45268656    2.65248701    2.23984899    2.52224838    1.95617176    2.41921925    2.63180283    2.32423986    2.24889633    2.52970602    2.51639387    2.77396728    2.40836691    2.46478309    2.25052301    1.93932837    2.23320906    2.39523474    2.39136439    2.11510503    2.53556663    2.31870939    2.40266832    2.52339108    2.67717633    2.35944765    2.49737195    2.38400952    2.39032175    2.41031298    2.55000381    2.27357766    2.45085176    2.42393227    2.59499180    2.33932548    2.33002594
A0A229UNV9_9BACL/2-150     2.30694157    2.53662874    2.32287719    2.39207530    2.45429918    2.97884403    2.99967124    2.43504959    2.46034880    2.75901800    2.32668560    2.59524712    2.11690183    2.03259705    2.18722587    2.43647970    1.09817685    1.41073126    0.99746872    0.00000000    1.18380826    1.61198783    1.02230572    1.06163919    1.39092656    1.68729292    1.53347661    1.62148389    1.59232751    1.80245689    1.19638130    1.35093264    2.27804144    2.27590391    2.35231801    2.41464678    1.53748466    1.93521533    3.09257285    3.45403283    2.60085794    2.49157786    2.86585539    2.65561583    2.53941637    2.99832583    2.43254452    2.64463238    2.88209684    2.61549609    2.67530592    2.75877867    2.40424860    2.57863391    2.35166906    2.50955116    2.77525266    2.59037125    2.79474070    2.69213328    2.57211993    2.80796943    2.55305416    2.73261623    2.76964398    2.71359024    2.75134613    2.33200993    2.78929155    2.23788405    2.71282008    2.53738563    2.47291819    2.30112742    2.56272926    2.50283460    2.74840615    2.56587691    2.88646642    2.36738008    2.33127895    2.27225110    2.43461681    2.74725276    2.36057917    2.65426926    2.61214424    2.49918862    2.54495937    2.47735797    2.63730520    2.99593015    2.62947187    2.72301032    2.33407439    2.53636765    2.74900072    3.10873800    2.63447219    2.23845084    2.66924503    2.43347665
C1ADA2_GEMAT/3-168     2.16598857    2.24821272    2.11261220    2.23687969    2.15236156    2.51050291    2.51990795    2.47350444    2.36419014    2.45475335    2.51185670    2.51924070    2.28698172    2.19218974    2.66428823    2.40972209    1.20586922    1.64827409    1.12702468    1.18380826    0.00000000    0.57108377    1.05272093    1.08181999    1.28299228    1.63669193    1.70720188    1.61711061    1.82837623    1.72334299    1.65507245    1.62484350    2.24034165    1.82971802    1.82318807    1.71516636    1.47666544    2.19017356    2.31269572    2.28133417    2.12693113    2.49456753    2.70393569    2.38054349    2.25062901    2.46104950    2.78227002    2.56588192    2.64850279    2.36752778    2.57979589    2.37464063    2.60448834    2.31115445    2.37116825    2.30720754    2.31971923    2.22655082    2.56572464    2.39451218    2.21101908    2.90461756    2.42103821    2.62410533    2.35424337    2.49176836    2.32488672    2.39068209    2.02295872    1.93246957    2.39112037    2.55268376    2.33578291    2.30941248    2.65364656    2.43826811    2.71864609    2.34822461    2.77651877    2.12968973    2.15849253    2.36941374    2.54225856    2.72706871    2.08781361    2.58915802    2.18121692    2.83136843    2.62413554    2.15139333    2.42821479    2.52357594    2.35270799    2.78750528    2.07433294    2.29613805    2.21854437    2.33719367    2.30465828    2.48466966    2.50438652    2.21077272
A0A2N3UFL1_9ACTN/2-159     2.12858546    2.42061797    2.28580503    2.18628161    2.35482772    2.43672734    2.67207065    2.50645430    2.54696030    2.28237611    2.40470912    2.49954148    2.20533336    2.38236266    2.73062113    2.47014270    1.36022466    1.67270358    1.25116161    1.61198783    0.57108377    0.00000000    1.27976352    1.25828893    1.35268301    1.58031424    1.95212410    1.55342673    2.04001365    1.92708213    1.59481911    1.66344781    2.10999448    2.07060194    1.79649675    1.95367269    1.65928031    2.26298366    2.34180311    2.35876694    2.25064123    2.38792344    2.54324022    2.64057156    2.39318292    2.56597611    2.58128599    2.33993238    2.86689951    2.68414402    2.64261437    2.33920129    2.52857019    2.14638810    2.30442349    2.52096266    2.04162167    2.35376959    2.49999976    2.38509700    2.21826856    2.48407191    2.46478368    2.49156741    2.36821901    2.60460366    2.57156044    2.22996877    2.23557022    2.18716444    2.46715385    2.28934822    2.44924015    2.20549427    2.72012015    2.34151927    2.56562537    2.45408820    2.64045753    1.84746399    1.98320696    2.33959464    2.15183361    2.29645929    1.97204229    2.05501896    2.01042528    2.39035605    2.53893153    2.17833507    2.18051664    2.61736592    2.20739312    2.82143748    2.22894617    2.43540480    2.36201165    2.29430796    2.41530551    2.16273666    2.24599547    2.09027058
I3IIA7_9BACT/2-144     2.35778213    2.30267594    2.19764718    2.59775416    2.02496619    2.34452227    2.39284798    2.30177247    2.17807572    2.10797217    2.22449885    2.11128798    2.25084683    2.11327201    2.02876593    2.12075923    1.27020911    1.51331618    1.01264204    1.02230572    1.05272093    1.27976352    0.00000000    0.76003212    1.23066819    1.64180379    1.80695616    1.62415950    1.76359875    2.04998915    1.45242663    1.40872157    2.24359280    1.95164627    1.87267445    2.03544572    1.74560670    1.98033487    2.46864562    2.17501658    2.30058943    2.25493481    2.51443064    2.07302326    2.30188795    2.89860384    2.78194201    2.82546995    2.97739983    3.06077416    2.87441791    2.76454381    2.34753981    2.45804673    2.49786543    2.86970242    2.26176453    2.50913364    2.54783526    2.37792798    2.24684497    2.66310696    2.46365609    2.69319010    2.66173085    2.98131794    2.63877948    2.49715257    2.56982460    2.06134719    2.44749679    2.61221762    2.31421166    2.36833006    2.58441838    2.75156133    3.06084621    2.48350012    3.01432266    2.55900479    2.30444610    2.66802938    2.78739393    2.43649975    2.28629212    2.46632598    2.52507179    3.12535439    2.90021932    2.44924412    2.23607848    2.69296387    2.62374021    2.51850136    2.08819566    2.27536098    2.48523416    2.39500860    2.22241406    2.33374977    1.97746052    2.39974030
A0A0S4LDM7_9BACT/2-155     1.90851870    1.71392156    1.82890441    1.91160049    2.24623266    2.30047138    2.50430821    2.34681062    2.15629627    2.09220969    2.18093648    2.17841121    2.36169289    1.85203232    2.22676712    2.03039420    1.08445501    1.22922288    1.01478572    1.06163919    1.08181999    1.25828893    0.76003212    0.00000000    1.13040703    1.43411725    1.75419315    1.41194741    1.83729406    1.74485794    1.64202160    1.46541904    2.27450873    2.23051323    1.91246463    2.04109638    1.79829417    2.19080843    2.14534314    2.03429527    2.14275657    2.13773404    2.29374294    2.05430839    2.19108329    2.18142825    2.46160379    2.56479109    2.65397556    2.38975627    2.40146464    2.31148195    2.02612198    2.26876919    2.59249054    2.56679235    2.01240100    2.06586857    2.38664787    2.07720210    1.98071109    2.45892316    2.14240778    2.45403763    2.30788700    2.62567756    2.21696401    2.22680378    2.20388823    1.89243648    2.02194248    2.17009300    2.09054484    2.00085377    2.30012080    2.15764218    2.31799864    2.08509996    2.62581087    2.35620909    2.06654788    2.50838824    2.30042746    2.09680550    2.07426022    2.34171321    2.25970264    2.44006707    2.56176458    1.96205691    2.13058055    2.28105715    2.06749278    2.07852885    1.94782238    1.97698267    2.26498094    2.26154760    2.10422049    2.25829555    2.15351264    2.28451597
L9PCT6_9BURK/5-161     2.05577752    2.21873227    2.22778641    2.13142097    2.05457138    2.20825077    2.70916324    2.48167318    2.32493912    2.20695183    2.27123411    2.49509070    2.46358050    2.23219577    2.35557396    2.36610727    1.21852285    1.62946562    1.02774954    1.39092656    1.28299228    1.35268301    1.23066819    1.13040703    0.00000000    1.75614530    2.16219788    1.67953076    2.02371349    1.82512264    1.54351925    1.47936918    2.39531486    2.18903437    2.06688626    1.94516778    1.84001365    1.98835507    2.69764279    2.25445371    2.34136051    2.35237924    2.47117049    2.46048715    2.17562868    2.25552625    2.12485360    2.62860579    2.39703399    2.23164717    2.32320627    2.25690974    2.11797085    2.48143177    2.74087991    2.60040013    2.23286285    2.42461680    2.78025972    2.48504245    2.25325831    2.71900206    2.27248616    2.53595858    2.23664941    2.77916303    2.50938231    2.53872391    2.45281347    2.22852072    2.43440643    2.52481019    2.30165858    2.20165732    2.28416469    2.22152201    2.46055197    2.32919903    2.75186429    1.84524313    2.08136387    2.35346707    2.62318309    2.43721136    2.42688677    2.47957122    2.21634121    2.40321307    2.42897426    2.38760374    2.24898298    2.48552357    2.33912461    2.64937913    2.37951277    2.52852897    2.33464463    2.54050589    2.32073546    2.67167579    2.10888913    2.39675347
A0A1Y4T5X8_9FIRM/13-180     2.06631536    1.93474330    1.91320443    1.84605699    2.30365502    2.54970990    2.72894211    2.07293196    2.02949572    2.12843597    2.42684579    2.14922195    1.80399577    2.07593891    2.36741841    2.08739687    1.46073027    1.83357642    1.50087941    1.68729292    1.63669193    1.58031424    1.64180379    1.43411725    1.75614530    0.00000000    1.60912166    1.83039968    2.05145345    1.95463802    1.75632084    1.65618079    2.46284596    2.52281084    2.49277328    2.23245288    1.76651282    2.17852802    2.38030334    2.30681283    2.38471462    2.08494121    2.19591079    2.05037170    2.18555257    2.36656314    2.33760561    2.74607219    2.57449994    1.98558946    1.97288858    2.01533914    2.02049214    2.41628981    2.72329441    1.93452174    2.46408665    2.30190657    2.29576892    2.39656841    2.36254140    2.52220434    2.43561225    2.76970978    2.18186141    2.36738358    2.02018031    2.41379813    2.15405094    2.03027518    2.27212646    2.21217579    2.30688943    1.77183609    2.11078106    2.09529346    2.27363403    2.09183201    2.46454589    2.30926738    2.07135891    2.18345338    2.61416975    2.18574830    2.37779297    2.21427782    2.24351334    2.62111732    2.43139906    2.19455535    2.27580179    2.21209606    1.81706972    2.24990135    1.98864223    2.29515880    2.16565954    2.26048849    2.29311892    2.41960290    2.30970020    2.48627019
F4XRT7_9CYAN/28-218     2.44572968    2.45120348    2.77700577    2.41397433    2.67143193    2.50673830    2.72513872    3.16607062    2.89372159    2.94121135    2.73502974    2.78877128    2.28596370    2.34059129    2.61799261    2.57797525    1.92342511    1.58209205    1.30208168    1.53347661    1.70720188    1.95212410    1.80695616    1.75419315    2.16219788    1.60912166    0.00000000    1.53074328    1.80504000    1.56434041    1.64863304    1.64618034    2.65286005    2.70315222    2.51519007    2.11240615    1.65439584    2.79503537    2.73474974    2.46781713    2.67857342    2.58535773    2.43910096    3.19705071    2.73040301    3.08814809    2.67019181    2.66065322    2.57344891    2.68343714    2.49120333    2.48601217    2.35996942    2.79092315    2.98467115    2.88858822    2.69703620    2.90109529    2.52974131    2.49835224    2.63904110    2.95970762    2.42567322    2.76079653    2.71200967    2.74644946    2.53906984    2.78093668    2.55398536    2.25080362    2.67857032    2.82352389    2.54344749    2.61684613    2.45337212    2.65383370    2.73889025    2.62210555    2.36132636    2.44652145    2.62776018    2.31633289    2.83046784    2.95695943    2.87344682    2.87982455    2.98608261    2.55501181    2.65535739    2.63134692    2.68906084    2.75699404    2.47351976    2.64356397    2.35740779    2.62046464    2.81998073    2.76973018    2.93108078    2.55896475    2.91805086    2.78774215
