45
H9IYE0_BOMMO/117-233     0.00000000    0.52849534    0.66649291    0.55281596    1.72385464    1.47617019    1.22049056    1.41390732    1.48068866    1.31527956    1.41887964    1.23551483    1.19915012    1.37709244    1.36930579    1.12350370    1.30256614    1.95718359    2.44909886    1.64215953    1.54339502    1.57811231    1.56505238    1.52707140    1.66855680    1.58678413    2.57864841    2.67982599    2.80308302    2.83420199    2.90987278    2.91603571    2.93460930    2.92256593    2.74081032    3.15766587    3.16317346    2.62211700    2.18964996    2.39819028    2.40096924    2.41904153    2.51522317    2.45026362    1.72444687
A0A212F968_DANPL/96-207     0.52849534    0.00000000    0.49761898    0.44627219    1.78462984    1.63398132    1.16483247    1.28375503    1.46707268    1.42074242    1.38107988    1.40309860    1.17595964    1.72347527    1.48438244    1.13183163    1.41818236    1.84370072    2.29476565    1.60388635    1.60180691    1.59308793    1.56429235    1.63256122    1.61738534    1.50129390    2.45562550    2.65143864    2.42866906    2.35942382    2.60684075    2.60324538    2.51304522    2.45838749    2.43086580    2.64081998    2.45838940    2.66692509    2.23459691    2.23966455    2.20286857    2.47600039    2.42830774    2.47628535    2.04883780
A0A0N1I708_PAPMA/110-223     0.66649291    0.49761898    0.00000000    0.39253127    1.50363239    1.41426738    1.20320472    1.41777893    1.35188654    1.35673038    1.67371648    1.34177678    1.24964376    1.58095045    1.54782356    1.17697048    1.34628964    1.72584756    2.16393453    1.74354283    1.81930159    1.56274549    1.87376898    1.86230122    1.74986789    1.86843300    2.65825017    2.48770402    2.60118216    2.68666358    2.84845635    2.80776432    2.76693211    2.51564022    2.74836911    3.00054000    3.03624918    2.54805515    2.45739236    2.55065237    2.48053619    2.50397797    2.70692123    2.63792738    1.95694658
A0A2A4JJN8_HELVI/110-225     0.55281596    0.44627219    0.39253127    0.00000000    1.54784876    1.36720379    1.22639623    1.32636401    1.38004298    1.32180123    1.60264514    1.33864806    1.34251611    1.58047759    1.54101277    1.16760474    1.24386927    1.83366561    2.32722010    1.57115236    1.64907826    1.45332068    1.59437569    1.51189512    1.49114188    1.64801798    2.47338040    2.45130265    2.54831713    2.49580128    2.60814255    2.64712541    2.68795717    2.39696395    2.77196728    2.97765768    2.90053385    2.66577009    2.28768535    2.31429388    2.25525776    2.30190892    2.43191903    2.46394960    1.73640772
E9FQW1_DAPPU/139-213     1.72385464    1.78462984    1.50363239    1.54784876    0.00000000    1.80061683    1.43846501    1.59178142    1.55531154    1.71696268    1.81172570    1.38568563    1.55867836    1.61621521    1.92813387    1.71730343    1.76418093    1.70038790    1.67502435    1.40695885    1.61984525    1.46724355    1.78800309    1.61499122    1.32369930    1.76615161    2.48022397    4.10752521    4.04160319    4.64938465    4.75548289    4.78843070    4.66376299    3.57379718    3.83594213    3.69834668    3.41481553    4.14218859    3.10277460    3.12814879    3.82874008    3.53316915    3.95661005    3.84805841    1.54341114
W5JSX2_ANODA/120-225     1.47617019    1.63398132    1.41426738    1.36720379    1.80061683    0.00000000    0.76411274    0.66870399    0.67757023    0.66636158    1.44100569    1.09296315    1.14986240    1.13970968    1.46875233    1.59646514    1.26194916    1.84824366    1.64641791    1.77320592    1.77516133    1.49605009    1.52557367    1.53659054    1.83700720    1.78927467    2.64794776    2.43799496    2.44535761    2.68037853    2.35838385    2.81115002    2.36623527    2.78214509    2.83109577    3.11335422    2.90536691    2.70556702    2.40245479    2.51102163    2.35197729    2.66155916    2.53832398    2.53866724    1.83588924
B0X167_CULQU/131-225     1.22049056    1.16483247    1.20320472    1.22639623    1.43846501    0.76411274    0.00000000    0.52455324    0.60952466    0.62107197    1.14529937    1.25238281    0.88847417    1.24404885    1.13583845    1.22968384    1.24611861    1.69580084    1.80971784    1.39933292    1.52740360    1.27541743    1.35888607    1.56101841    1.54086201    1.63898048    2.44587276    2.60234875    2.63515721    3.01859404    2.60370804    3.07560263    2.62545349    2.67997348    2.74525662    2.88415062    2.75739453    2.62030141    2.19661722    2.36174587    2.17238768    2.70086697    2.65554456    2.58251330    1.93515593
A0A182G1I2_AEDAL/128-222     1.41390732    1.28375503    1.41777893    1.32636401    1.59178142    0.66870399    0.52455324    0.00000000    0.48209073    0.52599542    1.18137862    1.07535029    1.03249100    0.97608918    1.34396606    1.45372802    1.29878574    1.89690345    1.56884096    1.44485568    1.45835411    1.41415049    1.40665059    1.25387281    1.39637277    1.45640946    2.23797198    2.66084468    2.42612488    2.91475657    3.00924030    3.33440358    3.15482568    3.24283454    3.00335338    3.44129263    3.26622718    2.78039068    2.22463754    2.33622992    2.33553944    2.54122489    2.44150936    2.34391410    2.07481147
Q7QA69_ANOGA/120-225     1.48068866    1.46707268    1.35188654    1.38004298    1.55531154    0.67757023    0.60952466    0.48209073    0.00000000    0.36787898    1.31144322    0.94188801    1.13815269    0.98585131    1.42331924    1.56342892    1.38271334    1.76745559    1.81482694    1.59735739    1.79926896    1.56872769    1.72586627    1.50803784    1.56565946    1.66359931    2.43561308    3.09848284    2.95874383    3.35194883    3.19264286    3.43402912    3.19176861    3.61922422    3.39655346    3.83951526    3.57505922    3.14962378    2.66810662    2.71135542    2.43824580    2.99015980    2.58910073    2.51404250    1.91950449
A0A084VDJ9_ANOSI/120-226     1.31527956    1.42074242    1.35673038    1.32180123    1.71696268    0.66636158    0.62107197    0.52599542    0.36787898    0.00000000    1.49343192    1.12428012    1.12009147    1.10807355    1.42823460    1.50197794    1.39100715    1.78427455    1.76612375    1.63347172    1.77467596    1.55451578    1.66800607    1.54760219    1.67094065    1.63587167    2.21127568    3.13371879    3.18478035    3.38313888    3.34787594    3.57042950    3.41474788    3.80272234    3.32530444    3.73813751    3.39063272    3.07270128    2.51108163    2.61569851    2.41835979    2.94216431    2.44374648    2.46581479    1.88935728
A0A0L0C7H6_LUCCU/115-233     1.41887964    1.38107988    1.67371648    1.60264514    1.81172570    1.44100569    1.14529937    1.18137862    1.31144322    1.49343192    0.00000000    0.82581369    0.89214543    0.85791636    1.50515419    1.13331296    1.36230233    1.77575751    2.62653518    1.67545792    1.71220774    1.69504467    1.67781165    1.68399922    1.77794454    1.57926913    2.59345117    2.83866521    2.27033282    3.05013906    3.07296544    3.33707652    2.90203902    2.95285623    2.98589501    3.47465931    2.97334407    2.88466429    2.34237684    2.58676797    2.40494750    2.40407968    2.60013439    2.52159735    2.09959676
B3M366_DROAN/117-209     1.23551483    1.40309860    1.34177678    1.33864806    1.38568563    1.09296315    1.25238281    1.07535029    0.94188801    1.12428012    0.82581369    0.00000000    0.44770006    0.32364671    1.26741270    1.00542961    0.98324987    1.40595616    1.54217639    1.48152188    1.62905316    1.58524031    1.39714006    1.52136856    1.48881580    1.64124679    2.61126377    3.20534804    2.78402591    3.19383149    2.76854291    2.86705915    2.76962294    2.95870460    3.23342806    3.73890196    3.38139380    2.89181819    2.47634961    2.45108106    2.89225274    2.74361078    2.67911485    2.76921455    1.52916803
A0A3B0KUZ2_DROGU/116-204     1.19915012    1.17595964    1.24964376    1.34251611    1.55867836    1.14986240    0.88847417    1.03249100    1.13815269    1.12009147    0.89214543    0.44770006    0.00000000    0.43791691    1.55661823    1.17504662    1.29892267    1.34842198    1.91873162    1.40707108    1.37233872    1.37391410    1.22250457    1.35502568    1.37090824    1.50035188    2.69032020    3.09145636    3.03599027    3.53904471    3.07821896    3.44261474    3.05937483    3.14038824    2.98419569    3.08600419    2.77266281    3.14902668    2.60124652    2.60722780    2.85883443    2.62663829    2.97143313    2.81967764    2.16947749
B4KW71_DROMO/117-209     1.37709244    1.72347527    1.58095045    1.58047759    1.61621521    1.13970968    1.24404885    0.97608918    0.98585131    1.10807355    0.85791636    0.32364671    0.43791691    0.00000000    1.35002051    1.26254637    1.05471231    1.27912035    1.64714348    1.50272967    1.50946747    1.53536317    1.21342886    1.32401478    1.48008077    1.50401174    2.74530899    2.83946065    2.86207664    3.21012670    2.87965465    3.03217275    3.02292011    3.34654855    3.42847173    3.65659908    3.29036538    2.54448177    2.39752645    2.41621668    2.81135045    2.71133873    2.70910841    2.86974670    1.68179353
U4TXE6_DENPD/117-214     1.36930579    1.48438244    1.54782356    1.54101277    1.92813387    1.46875233    1.13583845    1.34396606    1.42331924    1.42823460    1.50515419    1.26741270    1.55661823    1.35002051    0.00000000    1.00791316    1.00525523    1.24609796    1.44535259    1.26815380    1.33505394    1.09518685    1.21903165    1.42244668    1.34468671    1.38264177    2.21002817    2.55429643    3.11440066    2.88491802    3.18476723    3.28673420    2.94785100    3.07068703    2.92736974    3.14430934    3.13961523    3.05255843    2.38501850    2.40222583    2.29552399    2.64019498    2.65471994    2.79287983    1.62529080
D6X0P3_TRICA/118-202     1.12350370    1.13183163    1.17697048    1.16760474    1.71730343    1.59646514    1.22968384    1.45372802    1.56342892    1.50197794    1.13331296    1.00542961    1.17504662    1.26254637    1.00791316    0.00000000    0.64483929    0.95147567    1.37983737    0.97274577    1.10252689    1.06148263    1.02722911    1.33099547    1.06876466    1.19375254    2.11746078    2.98047823    3.18520466    3.47998947    4.08846453    3.69953806    3.97319557    2.93616401    3.42193509    3.35151547    3.08904971    3.95771422    2.92255452    2.98454562    2.93926631    3.37225907    3.23904646    2.77409896    1.26178727
A0A482WCI7_9CUCU/117-208     1.30256614    1.41818236    1.34628964    1.24386927    1.76418093    1.26194916    1.24611861    1.29878574    1.38271334    1.39100715    1.36230233    0.98324987    1.29892267    1.05471231    1.00525523    0.64483929    0.00000000    1.03672420    1.26127150    1.07119660    1.16593606    1.12523644    1.17871466    1.13678215    1.21694811    1.38144329    2.12368154    2.51359849    3.30585921    2.82181610    2.78520964    3.17676128    2.88969199    3.08649195    2.78135538    3.12598347    3.22089267    2.56464874    2.41694345    2.23311782    2.62329590    2.93471619    2.87986870    2.98168566    1.38431621
A0A067R4P7_ZOONE/98-204     1.95718359    1.84370072    1.72584756    1.83366561    1.70038790    1.84824366    1.69580084    1.89690345    1.76745559    1.78427455    1.77575751    1.40595616    1.34842198    1.27912035    1.24609796    0.95147567    1.03672420    0.00000000    1.95526090    1.20614723    1.39524636    1.21083513    1.32106947    1.31040258    1.33020270    1.48541519    2.04405338    2.12969984    2.18041278    2.18260510    2.02935618    2.21427647    1.99142599    2.19736193    2.15724940    2.13344239    2.25515529    2.35851189    2.10834298    2.10232289    2.34540439    2.73682281    2.44002046    2.49412028    1.48103856
E0VSN6_PEDHC/100-216     2.44909886    2.29476565    2.16393453    2.32722010    1.67502435    1.64641791    1.80971784    1.56884096    1.81482694    1.76612375    2.62653518    1.54217639    1.91873162    1.64714348    1.44535259    1.37983737    1.26127150    1.95526090    0.00000000    1.48635571    1.43629523    1.56570563    1.36038778    1.35858508    1.45143561    1.36713039    2.60719806    2.31347527    2.52397453    2.55965631    2.94027358    3.21992300    3.08902299    3.23621975    2.89627460    3.02095500    2.66303194    2.75428553    2.32203157    2.33435717    2.52980946    2.92623972    2.84207774    2.63837679    1.73772654
A0A0N0BD29_9HYME/117-221     1.64215953    1.60388635    1.74354283    1.57115236    1.40695885    1.77320592    1.39933292    1.44485568    1.59735739    1.63347172    1.67545792    1.48152188    1.40707108    1.50272967    1.26815380    0.97274577    1.07119660    1.20614723    1.48635571    0.00000000    0.27354838    0.41486283    0.42440358    0.46302168    0.50364626    0.50106518    1.58629658    2.18187861    2.34671375    2.54307862    2.62720067    2.77098372    2.47862915    2.54283442    2.57556123    2.93739495    2.73085419    2.44647650    2.14474832    2.07376882    1.92585446    2.19014443    2.16156223    2.13760736    1.53291884
A0A154PSY5_DUFNO/117-225     1.54339502    1.60180691    1.81930159    1.64907826    1.61984525    1.77516133    1.52740360    1.45835411    1.79926896    1.77467596    1.71220774    1.62905316    1.37233872    1.50946747    1.33505394    1.10252689    1.16593606    1.39524636    1.43629523    0.27354838    0.00000000    0.41830450    0.42044512    0.48695640    0.58483342    0.48784168    1.80573424    2.08004786    2.10899310    2.38615377    2.74559732    2.89527473    2.66015971    2.66602189    2.48690511    2.63058861    2.60005950    2.37861964    2.21660156    2.13841660    2.20687099    2.32874851    2.50045155    2.38198154    1.60180154
A0A0L7QL14_9HYME/117-215     1.57811231    1.59308793    1.56274549    1.45332068    1.46724355    1.49605009    1.27541743    1.41415049    1.56872769    1.55451578    1.69504467    1.58524031    1.37391410    1.53536317    1.09518685    1.06148263    1.12523644    1.21083513    1.56570563    0.41486283    0.41830450    0.00000000    0.65655410    0.61007014    0.67814679    0.68684746    1.76797990    2.00209624    2.17653211    2.45063156    2.80499338    3.08733288    2.71413297    2.66017205    2.39920940    2.75370979    2.53029485    2.51745239    2.03521034    2.06323530    2.14497147    2.48673149    2.42425047    2.49130141    1.39817287
A0A026W9B5_OOCBI/99-200     1.56505238    1.56429235    1.87376898    1.59437569    1.78800309    1.52557367    1.35888607    1.40665059    1.72586627    1.66800607    1.67781165    1.39714006    1.22250457    1.21342886    1.21903165    1.02722911    1.17871466    1.32106947    1.36038778    0.42440358    0.42044512    0.65655410    0.00000000    0.38573808    0.50537722    0.35989927    1.68839282    1.83697973    2.28482320    2.39506054    2.54905704    2.66616579    2.26279592    2.78773498    2.38731206    2.52506412    2.31788795    2.26975382    1.80526677    1.69939894    1.79571771    2.05802506    1.89635973    1.93263698    1.47780203
E2A2Z7_CAMFO/117-229     1.52707140    1.63256122    1.86230122    1.51189512    1.61499122    1.53659054    1.56101841    1.25387281    1.50803784    1.54760219    1.68399922    1.52136856    1.35502568    1.32401478    1.42244668    1.33099547    1.13678215    1.31040258    1.35858508    0.46302168    0.48695640    0.61007014    0.38573808    0.00000000    0.44220930    0.31306545    1.71520883    2.25918594    2.56049852    2.99645729    2.96209989    3.21679838    2.83559268    3.00046564    2.74422425    3.09948630    3.02326880    2.94750626    2.33783232    2.28098749    2.09724419    2.38223768    2.30550748    2.07238304    1.38467903
E2BH31_HARSA/116-224     1.66855680    1.61738534    1.74986789    1.49114188    1.32369930    1.83700720    1.54086201    1.39637277    1.56565946    1.67094065    1.77794454    1.48881580    1.37090824    1.48008077    1.34468671    1.06876466    1.21694811    1.33020270    1.45143561    0.50364626    0.58483342    0.67814679    0.50537722    0.44220930    0.00000000    0.45932199    1.82631251    2.40010607    2.55442472    2.88075503    3.16854094    3.39380434    2.86954580    2.66982730    2.89066504    2.94456252    2.67171440    2.62493531    2.31913230    2.27860885    2.23756876    2.43991885    2.41382434    2.20773637    1.36043933
A0A151I6F5_9HYME/100-206     1.58678413    1.50129390    1.86843300    1.64801798    1.76615161    1.78927467    1.63898048    1.45640946    1.66359931    1.63587167    1.57926913    1.64124679    1.50035188    1.50401174    1.38264177    1.19375254    1.38144329    1.48541519    1.36713039    0.50106518    0.48784168    0.68684746    0.35989927    0.31306545    0.45932199    0.00000000    1.64654954    2.16004937    2.24397991    2.81747389    3.33902505    3.02737117    2.95475113    3.02817343    2.51440698    2.92327399    2.64216532    2.65372407    2.34977834    2.29012127    2.01266107    2.22420261    2.37730683    2.13360666    1.46945492
A0A0L8II09_OCTBM/108-173     2.57864841    2.45562550    2.65825017    2.47338040    2.48022397    2.64794776    2.44587276    2.23797198    2.43561308    2.21127568    2.59345117    2.61126377    2.69032020    2.74530899    2.21002817    2.11746078    2.12368154    2.04405338    2.60719806    1.58629658    1.80573424    1.76797990    1.68839282    1.71520883    1.82631251    1.64654954    0.00000000    1.93879860    2.16115149    2.05724703    2.11514314    2.04462752    2.23373368    2.21363367    1.90564540    2.16288179    2.03906188    2.02755994    1.96292300    1.83751721    1.86032197    2.08691678    1.91972772    1.93112522    2.74097687
E7F921_DANRE/175-252     2.67982599    2.65143864    2.48770402    2.45130265    4.10752521    2.43799496    2.60234875    2.66084468    3.09848284    3.13371879    2.83866521    3.20534804    3.09145636    2.83946065    2.55429643    2.98047823    2.51359849    2.12969984    2.31347527    2.18187861    2.08004786    2.00209624    1.83697973    2.25918594    2.40010607    2.16004937    1.93879860    0.00000000    0.71274420    0.53425904    0.64552859    0.73224268    0.65144795    0.80331441    0.73692985    0.69365059    0.71970798    0.60230265    0.81862959    0.79452171    0.66793842    0.76317224    0.69811735    0.74128063    2.52991945
A0A0P7URZ2_SCLFO/71-146     2.80308302    2.42866906    2.60118216    2.54831713    4.04160319    2.44535761    2.63515721    2.42612488    2.95874383    3.18478035    2.27033282    2.78402591    3.03599027    2.86207664    3.11440066    3.18520466    3.30585921    2.18041278    2.52397453    2.34671375    2.10899310    2.17653211    2.28482320    2.56049852    2.55442472    2.24397991    2.16115149    0.71274420    0.00000000    0.39557377    0.51363915    0.58729573    0.52055599    0.63851056    0.50108812    0.58229847    0.47133066    0.54858092    0.51923825    0.48354945    0.55471513    0.61310673    0.55556393    0.48482532    2.72173351
A0A0P7Y963_SCLFO/175-255     2.83420199    2.35942382    2.68666358    2.49580128    4.64938465    2.68037853    3.01859404    2.91475657    3.35194883    3.38313888    3.05013906    3.19383149    3.53904471    3.21012670    2.88491802    3.47998947    2.82181610    2.18260510    2.55965631    2.54307862    2.38615377    2.45063156    2.39506054    2.99645729    2.88075503    2.81747389    2.05724703    0.53425904    0.39557377    0.00000000    0.26731259    0.33360125    0.35029256    0.53013539    0.42659471    0.56463010    0.52436403    0.57700291    0.66707404    0.55360084    0.66317005    0.61204020    0.69470356    0.69502061    2.72701183
A0A2K6KQY7_RHIBE/176-255     2.90987278    2.60684075    2.84845635    2.60814255    4.75548289    2.35838385    2.60370804    3.00924030    3.19264286    3.34787594    3.07296544    2.76854291    3.07821896    2.87965465    3.18476723    4.08846453    2.78520964    2.02935618    2.94027358    2.62720067    2.74559732    2.80499338    2.54905704    2.96209989    3.16854094    3.33902505    2.11514314    0.64552859    0.51363915    0.26731259    0.00000000    0.24433688    0.28118327    0.55239899    0.51959534    0.63570722    0.62411558    0.65273592    0.71582336    0.68991774    0.73633681    0.71541777    0.73849235    0.72898309    2.90916673
G1KDK5_ANOCA/96-175     2.91603571    2.60324538    2.80776432    2.64712541    4.78843070    2.81115002    3.07560263    3.33440358    3.43402912    3.57042950    3.33707652    2.86705915    3.44261474    3.03217275    3.28673420    3.69953806    3.17676128    2.21427647    3.21992300    2.77098372    2.89527473    3.08733288    2.66616579    3.21679838    3.39380434    3.02737117    2.04462752    0.73224268    0.58729573    0.33360125    0.24433688    0.00000000    0.35391410    0.58993931    0.53363349    0.62137617    0.62902244    0.78533208    0.89405680    0.82119813    0.93862891    0.83890404    0.80113751    0.84177932    2.94396839
M3XIY4_LATCH/97-176     2.93460930    2.51304522    2.76693211    2.68795717    4.66376299    2.36623527    2.62545349    3.15482568    3.19176861    3.41474788    2.90203902    2.76962294    3.05937483    3.02292011    2.94785100    3.97319557    2.88969199    1.99142599    3.08902299    2.47862915    2.66015971    2.71413297    2.26279592    2.83559268    2.86954580    2.95475113    2.23373368    0.65144795    0.52055599    0.35029256    0.28118327    0.35391410    0.00000000    0.45269251    0.42920829    0.49429285    0.54632071    0.65611959    0.70673046    0.57838612    0.67269921    0.71161419    0.60745032    0.67125982    2.95737280
A0A401SAC3_CHIPU/132-211     2.92256593    2.45838749    2.51564022    2.39696395    3.57379718    2.78214509    2.67997348    3.24283454    3.61922422    3.80272234    2.95285623    2.95870460    3.14038824    3.34654855    3.07068703    2.93616401    3.08649195    2.19736193    3.23621975    2.54283442    2.66602189    2.66017205    2.78773498    3.00046564    2.66982730    3.02817343    2.21363367    0.80331441    0.63851056    0.53013539    0.55239899    0.58993931    0.45269251    0.00000000    0.62019168    0.66517172    0.71368067    0.81524784    0.76695242    0.71798263    0.72906360    0.74066598    0.69485732    0.65547747    2.80102711
A0A1S3SUK7_SALSA/228-309     2.74081032    2.43086580    2.74836911    2.77196728    3.83594213    2.83109577    2.74525662    3.00335338    3.39655346    3.32530444    2.98589501    3.23342806    2.98419569    3.42847173    2.92736974    3.42193509    2.78135538    2.15724940    2.89627460    2.57556123    2.48690511    2.39920940    2.38731206    2.74422425    2.89066504    2.51440698    1.90564540    0.73692985    0.50108812    0.42659471    0.51959534    0.53363349    0.42920829    0.62019168    0.00000000    0.36102191    0.37707265    0.63109005    0.60423540    0.62885880    0.55207282    0.59844619    0.57263939    0.58157424    3.04236624
I3JBV0_ORENI/228-308     3.15766587    2.64081998    3.00054000    2.97765768    3.69834668    3.11335422    2.88415062    3.44129263    3.83951526    3.73813751    3.47465931    3.73890196    3.08600419    3.65659908    3.14430934    3.35151547    3.12598347    2.13344239    3.02095500    2.93739495    2.63058861    2.75370979    2.52506412    3.09948630    2.94456252    2.92327399    2.16288179    0.69365059    0.58229847    0.56463010    0.63570722    0.62137617    0.49429285    0.66517172    0.36102191    0.00000000    0.22775390    0.60726254    0.75078916    0.67373183    0.60328981    0.77465563    0.64727514    0.63314762    2.83498219
A0A2I4AIH0_9TELE/213-293     3.16317346    2.45838940    3.03624918    2.90053385    3.41481553    2.90536691    2.75739453    3.26622718    3.57505922    3.39063272    2.97334407    3.38139380    2.77266281    3.29036538    3.13961523    3.08904971    3.22089267    2.25515529    2.66303194    2.73085419    2.60005950    2.53029485    2.31788795    3.02326880    2.67171440    2.64216532    2.03906188    0.71970798    0.47133066    0.52436403    0.62411558    0.62902244    0.54632071    0.71368067    0.37707265    0.22775390    0.00000000    0.62682939    0.74040144    0.61004893    0.60192920    0.68312892    0.64681004    0.67234283    2.95600165
E7F259_DANRE/33-113     2.62211700    2.66692509    2.54805515    2.66577009    4.14218859    2.70556702    2.62030141    2.78039068    3.14962378    3.07270128    2.88466429    2.89181819    3.14902668    2.54448177    3.05255843    3.95771422    2.56464874    2.35851189    2.75428553    2.44647650    2.37861964    2.51745239    2.26975382    2.94750626    2.62493531    2.65372407    2.02755994    0.60230265    0.54858092    0.57700291    0.65273592    0.78533208    0.65611959    0.81524784    0.63109005    0.60726254    0.62682939    0.00000000    0.62661602    0.54005413    0.50269623    0.63362469    0.58946087    0.57166013    2.45660188
A0A3P8XUD9_ESOLU/113-185     2.18964996    2.23459691    2.45739236    2.28768535    3.10277460    2.40245479    2.19661722    2.22463754    2.66810662    2.51108163    2.34237684    2.47634961    2.60124652    2.39752645    2.38501850    2.92255452    2.41694345    2.10834298    2.32203157    2.14474832    2.21660156    2.03521034    1.80526677    2.33783232    2.31913230    2.34977834    1.96292300    0.81862959    0.51923825    0.66707404    0.71582336    0.89405680    0.70673046    0.76695242    0.60423540    0.75078916    0.74040144    0.62661602    0.00000000    0.24648923    0.41905301    0.45531510    0.45910864    0.37429687    2.51336228
A0A1S3QLZ1_SALSA/268-340     2.39819028    2.23966455    2.55065237    2.31429388    3.12814879    2.51102163    2.36174587    2.33622992    2.71135542    2.61569851    2.58676797    2.45108106    2.60722780    2.41621668    2.40222583    2.98454562    2.23311782    2.10232289    2.33435717    2.07376882    2.13841660    2.06323530    1.69939894    2.28098749    2.27860885    2.29012127    1.83751721    0.79452171    0.48354945    0.55360084    0.68991774    0.82119813    0.57838612    0.71798263    0.62885880    0.67373183    0.61004893    0.54005413    0.24648923    0.00000000    0.37012647    0.40385978    0.39514983    0.34468414    2.62547484
A0A3Q4MY87_NEOBR/181-261     2.40096924    2.20286857    2.48053619    2.25525776    3.82874008    2.35197729    2.17238768    2.33553944    2.43824580    2.41835979    2.40494750    2.89225274    2.85883443    2.81135045    2.29552399    2.93926631    2.62329590    2.34540439    2.52980946    1.92585446    2.20687099    2.14497147    1.79571771    2.09724419    2.23756876    2.01266107    1.86032197    0.66793842    0.55471513    0.66317005    0.73633681    0.93862891    0.67269921    0.72906360    0.55207282    0.60328981    0.60192920    0.50269623    0.41905301    0.37012647    0.00000000    0.36771101    0.28147436    0.24598515    2.34846072
H3DKB2_TETNG/92-171     2.41904153    2.47600039    2.50397797    2.30190892    3.53316915    2.66155916    2.70086697    2.54122489    2.99015980    2.94216431    2.40407968    2.74361078    2.62663829    2.71133873    2.64019498    3.37225907    2.93471619    2.73682281    2.92623972    2.19014443    2.32874851    2.48673149    2.05802506    2.38223768    2.43991885    2.22420261    2.08691678    0.76317224    0.61310673    0.61204020    0.71541777    0.83890404    0.71161419    0.74066598    0.59844619    0.77465563    0.68312892    0.63362469    0.45531510    0.40385978    0.36771101    0.00000000    0.33901782    0.34645323    2.45180536
M4AD42_XIPMA/267-347     2.51522317    2.42830774    2.70692123    2.43191903    3.95661005    2.53832398    2.65554456    2.44150936    2.58910073    2.44374648    2.60013439    2.67911485    2.97143313    2.70910841    2.65471994    3.23904646    2.87986870    2.44002046    2.84207774    2.16156223    2.50045155    2.42425047    1.89635973    2.30550748    2.41382434    2.37730683    1.91972772    0.69811735    0.55556393    0.69470356    0.73849235    0.80113751    0.60745032    0.69485732    0.57263939    0.64727514    0.64681004    0.58946087    0.45910864    0.39514983    0.28147436    0.33901782    0.00000000    0.22137953    2.58442087
A0A2I4CQS3_9TELE/107-186     2.45026362    2.47628535    2.63792738    2.46394960    3.84805841    2.53866724    2.58251330    2.34391410    2.51404250    2.46581479    2.52159735    2.76921455    2.81967764    2.86974670    2.79287983    2.77409896    2.98168566    2.49412028    2.63837679    2.13760736    2.38198154    2.49130141    1.93263698    2.07238304    2.20773637    2.13360666    1.93112522    0.74128063    0.48482532    0.69502061    0.72898309    0.84177932    0.67125982    0.65547747    0.58157424    0.63314762    0.67234283    0.57166013    0.37429687    0.34468414    0.24598515    0.34645323    0.22137953    0.00000000    2.48495371
J9JUZ8_ACYPI/117-201     1.72444687    2.04883780    1.95694658    1.73640772    1.54341114    1.83588924    1.93515593    2.07481147    1.91950449    1.88935728    2.09959676    1.52916803    2.16947749    1.68179353    1.62529080    1.26178727    1.38431621    1.48103856    1.73772654    1.53291884    1.60180154    1.39817287    1.47780203    1.38467903    1.36043933    1.46945492    2.74097687    2.52991945    2.72173351    2.72701183    2.90916673    2.94396839    2.95737280    2.80102711    3.04236624    2.83498219    2.95600165    2.45660188    2.51336228    2.62547484    2.34846072    2.45180536    2.58442087    2.48495371    0.00000000

