10
A0A0P7UE70_SCLFO/1-740     0.00000000    0.29254916    0.51606144    0.41712525    0.40355245    0.36892275    0.56528307    0.35756062    0.33997091    0.34013875
W5M545_LEPOC/1-754     0.29254916    0.00000000    0.53069491    0.41132306    0.41334088    0.34408668    0.61183918    0.42608912    0.40557167    0.39343998
A0A401S9C8_CHIPU/59-827     0.51606144    0.53069491    0.00000000    0.48511967    0.47097293    0.45271165    0.76681381    0.62518089    0.64655460    0.61244968
H3AM90_LATCH/1-754     0.41712525    0.41132306    0.48511967    0.00000000    0.31439842    0.23392700    0.68458063    0.51650315    0.48456534    0.49689605
A0A1L8ELH0_XENLA/1-756     0.40355245    0.41334088    0.47097293    0.31439842    0.00000000    0.23604971    0.67702456    0.51798669    0.48056381    0.48694992
A0A1V4KFP4_PATFA/143-890     0.36892275    0.34408668    0.45271165    0.23392700    0.23604971    0.00000000    0.64376241    0.46922400    0.43378043    0.43970270
F1QLG5_DANRE/1-713     0.56528307    0.61183918    0.76681381    0.68458063    0.67702456    0.64376241    0.00000000    0.63409371    0.61230985    0.61190804
A0A0P7Y9S7_SCLFO/37-691     0.35756062    0.42608912    0.62518089    0.51650315    0.51798669    0.46922400    0.63409371    0.00000000    0.40107186    0.40908592
W5KXY0_ASTMX/1-747     0.33997091    0.40557167    0.64655460    0.48456534    0.48056381    0.43378043    0.61230985    0.40107186    0.00000000    0.31409937
A0A060Y6D9_ONCMY/1-709     0.34013875    0.39343998    0.61244968    0.49689605    0.48694992    0.43970270    0.61190804    0.40908592    0.31409937    0.00000000

