36
A0A1G0ZLZ9_9BACT/480-509     0.00000000    1.24271955    1.11293640    0.90532916    1.08290970    1.30074050    1.66151822    1.63604357    1.49007776    1.59043031    1.28899345    1.50971207    1.41552268    1.45481622    1.85700728    1.32206679    1.12708691    1.12967439    1.11957794    1.58941354    1.94608528    2.67351856    1.38482778    1.28412078    1.35055834    1.21510482    1.45905438    1.31218540    1.45199199    1.00290155    1.16624775    1.28156856    1.69643267    1.69643267    1.47407949    1.21184563
A0A090E3Q8_9BACT/67-94     1.24271955    0.00000000    1.21245675    0.63672146    1.08512394    1.55044923    2.30252918    1.58762222    1.29637262    1.86224697    1.75341860    1.50905513    1.28070651    1.39309858    1.78494294    1.41388113    1.47861972    1.42662041    1.71027697    1.75094052    2.04401231    2.86012784    1.80516751    1.20234109    1.61953722    1.34652967    1.13944620    1.53655743    2.05118125    1.20155398    1.57575901    1.35651883    2.25120224    2.25120224    2.04891752    0.97946172
A0A1R4GXV2_9GAMM/45-72     1.11293640    1.21245675    0.00000000    0.71220021    1.35696295    1.35700298    1.86455429    1.47161795    1.81820131    2.19586929    1.79081077    1.66778682    1.07659308    1.31170698    1.65540083    1.72404320    1.67790855    1.50339871    1.56542329    2.16789992    2.33276516    2.99780754    1.68495544    1.48553166    2.19920566    1.26282283    1.41015727    1.49612355    2.03314190    1.17372323    2.28466255    1.74992089    1.93049082    1.93049082    1.92082240    1.32769986
COPA_LEGPH/39-66     0.90532916    0.63672146    0.71220021    0.00000000    0.48550326    1.28159684    1.63527188    1.43905333    1.35557267    1.86543927    1.38490395    1.42459395    1.03036363    1.15589656    1.31725544    1.04993984    1.35776488    0.91715744    1.29374721    1.49286529    1.56706903    2.19019693    1.13021157    0.98207418    1.62134732    0.98479996    0.79310739    1.37281873    1.45829475    0.82201057    1.52037331    1.19789481    1.67154619    1.67154619    1.69806120    1.07406610
W5YF83_KOMXY/67-94     1.08290970    1.08512394    1.35696295    0.48550326    0.00000000    1.73826170    2.24077926    1.81084950    1.69612530    2.33092462    1.58665811    1.78026141    1.47881010    1.58499131    2.40950265    1.55708281    1.28248248    1.18514371    1.59324612    1.87113869    1.84050420    2.45595777    1.84147319    1.05896854    1.69299864    1.23722421    1.22610621    1.61074812    1.30381316    0.96069362    1.66681691    1.68258474    1.83839847    1.83839847    1.74605893    1.56208199
A0A1G0RVJ7_9BACT/28-56     1.30074050    1.55044923    1.35700298    1.28159684    1.73826170    0.00000000    1.09650829    1.26286173    1.85721540    1.64339017    1.30753061    1.58726159    0.97927907    1.00284045    1.58946771    1.56771644    1.39299693    1.30699701    1.49003712    2.09949968    2.40838221    2.18676774    1.74567361    1.32299678    1.48924825    1.48410249    0.98741831    1.58335881    1.75615335    1.09474568    1.87219133    1.65622698    1.85019392    1.85019392    2.11638444    1.49751176
A0A1E3X5D3_9BACT/450-477     1.66151822    2.30252918    1.86455429    1.63527188    2.24077926    1.09650829    0.00000000    1.78088726    2.61781524    2.67060838    1.70696514    2.40538839    1.48248828    1.61381692    1.61391324    1.32003475    2.27915965    1.35003367    2.01022980    2.09098027    2.26999473    1.77551315    1.88902005    2.39696552    1.49642830    1.79515561    1.44357283    2.45561965    2.04181399    1.56856950    2.30577501    2.64300224    2.57185952    2.57185952    2.95807836    2.26922097
A0A1L3JJ89_9FLAO/45-74     1.63604357    1.58762222    1.47161795    1.43905333    1.81084950    1.26286173    1.78088726    0.00000000    0.93320470    1.31604801    0.93586832    1.43305783    1.35130435    1.08118016    1.80929688    1.73416636    1.63110533    1.46390515    1.24274306    1.80921675    2.20463627    2.40350115    1.85184733    1.82412214    1.70350010    1.48535119    0.91816186    1.88656269    2.64052025    1.99831576    2.37624765    2.13627121    2.22620464    2.22620464    2.45871937    1.44688738
A0A1B7ZFB5_9FLAO/32-61     1.49007776    1.29637262    1.81820131    1.35557267    1.69612530    1.85721540    2.61781524    0.93320470    0.00000000    1.06247837    1.07608610    1.07728445    0.86749684    1.28391119    1.49324307    1.46192800    1.88486560    1.51082855    1.61327204    1.82765964    2.00130428    2.13295080    2.11398848    1.81965388    1.99997801    1.55089345    1.37852522    1.84787061    2.66201755    1.93598492    2.27308953    2.05359621    2.53191683    2.53191683    2.46876600    1.41397761
A0A1U7PUV6_9FLAO/140-169     1.59043031    1.86224697    2.19586929    1.86543927    2.33092462    1.64339017    2.67060838    1.31604801    1.06247837    0.00000000    1.53572749    2.44436008    1.52412132    1.18834641    2.22854251    1.65406458    1.75619741    1.31134135    1.15948511    1.94540443    1.80812958    2.04129118    1.50288026    1.65308428    1.56575594    1.66801251    1.49769676    1.08909865    1.91924894    1.67370528    1.80163786    2.52873684    2.24268957    2.24268957    2.32275147    1.79535877
I6ZPS4_MELRP/112-139     1.28899345    1.75341860    1.79081077    1.38490395    1.58665811    1.30753061    1.70696514    0.93586832    1.07608610    1.53572749    0.00000000    0.80243636    1.10940456    1.15910489    1.79449751    1.40396019    1.31810394    1.39255642    1.30317207    2.12264877    1.98056227    1.70166389    1.71584015    1.21286236    1.34650607    1.39697301    1.11183048    1.64651364    1.72582875    1.48451557    1.72603341    1.42101894    2.25363933    2.25363933    3.16149289    1.15494873
A0A1J5F8S6_9BACT/522-549     1.50971207    1.50905513    1.66778682    1.42459395    1.78026141    1.58726159    2.40538839    1.43305783    1.07728445    2.44436008    0.80243636    0.00000000    1.11204868    1.47709097    2.52764885    1.92175086    1.93502715    1.45140445    1.93376316    2.56094792    2.83632583    2.58333165    2.20389957    1.57559736    1.56736606    1.89837238    1.70192144    2.04637682    2.02387588    1.42969285    2.09459818    1.46549568    2.29126505    2.29126505    2.11789746    1.83311009
A8FPQ1_SHESH/54-82     1.41552268    1.28070651    1.07659308    1.03036363    1.47881010    0.97927907    1.48248828    1.35130435    0.86749684    1.52412132    1.10940456    1.11204868    0.00000000    0.92079738    1.41923442    1.38925609    1.31056065    1.13669130    1.32291378    1.71722801    1.67148915    1.45612727    1.42241472    1.44125534    1.22557384    1.24907261    1.00684210    1.31039461    1.78349158    1.19705244    2.01787734    1.91381230    1.94772192    1.94772192    2.35549323    1.20855862
M5RBE3_9BACT/112-139     1.45481622    1.39309858    1.31170698    1.15589656    1.58499131    1.00284045    1.61381692    1.08118016    1.28391119    1.18834641    1.15910489    1.47709097    0.92079738    0.00000000    1.42069861    1.58544954    1.22879943    0.98775403    0.99777631    1.51572638    1.57465092    1.25633047    1.52438353    1.45951060    1.06311065    1.25650607    0.93955035    1.20780026    1.27608362    1.08815250    1.28266611    1.33198598    1.68948109    1.68948109    1.89523860    1.38462362
I4CC15_DESTA/359-387     1.85700728    1.78494294    1.65540083    1.31725544    2.40950265    1.58946771    1.61391324    1.80929688    1.49324307    2.22854251    1.79449751    2.52764885    1.41923442    1.42069861    0.00000000    1.32428556    1.88782963    1.65074294    1.43498681    2.13105090    1.73866274    2.52644712    1.75383984    1.87450255    1.68722587    1.71488837    1.23583280    2.13895651    1.89526589    2.11382493    2.13604197    1.44021608    3.11954135    3.11954135    3.25949907    1.99341464
A0A150AGP5_9BACT/140-167     1.32206679    1.41388113    1.72404320    1.04993984    1.55708281    1.56771644    1.32003475    1.73416636    1.46192800    1.65406458    1.40396019    1.92175086    1.38925609    1.58544954    1.32428556    0.00000000    2.00707954    1.60257038    1.88661265    1.49298263    1.62796654    1.80557032    1.57215347    1.81215279    2.05186131    1.39279932    1.20712641    1.83884708    1.66768950    1.42075748    1.92115595    1.69322642    2.34341508    2.34341508    2.48669305    1.79369291
A0A1U7GEA3_9BACT/264-293     1.12708691    1.47861972    1.67790855    1.35776488    1.28248248    1.39299693    2.27915965    1.63110533    1.88486560    1.75619741    1.31810394    1.93502715    1.31056065    1.22879943    1.88782963    2.00707954    0.00000000    1.11935618    0.99962473    2.07788701    1.62340686    1.80613023    1.61644114    1.00400018    1.18963577    1.14581550    0.92219526    1.26509691    1.46426034    1.25870930    1.79216228    1.32762034    1.77147925    1.77147925    1.64093862    1.24988207
A0A0G1PI28_9BACT/3-30     1.12967439    1.42662041    1.50339871    0.91715744    1.18514371    1.30699701    1.35003367    1.46390515    1.51082855    1.31134135    1.39255642    1.45140445    1.13669130    0.98775403    1.65074294    1.60257038    1.11935618    0.00000000    0.82030187    1.73420445    1.35648214    1.06976399    1.22118041    1.26107881    0.95381927    0.88415518    0.79292712    1.03809677    1.21805143    0.97270504    1.14736001    1.34770557    1.35801828    1.35801828    1.32883500    1.04977968
A0A085ENV8_9FLAO/174-200     1.11957794    1.71027697    1.56542329    1.29374721    1.59324612    1.49003712    2.01022980    1.24274306    1.61327204    1.15948511    1.30317207    1.93376316    1.32291378    0.99777631    1.43498681    1.88661265    0.99962473    0.82030187    0.00000000    1.35944834    1.27440093    1.40372830    1.20691720    1.06712073    0.76573512    1.10647456    0.84906050    1.28514293    1.52204383    1.72594613    1.50764514    1.72234410    1.98873961    1.98873961    2.40690987    1.27972098
A0A2D0NEJ6_9BACT/123-151     1.58941354    1.75094052    2.16789992    1.49286529    1.87113869    2.09949968    2.09098027    1.80921675    1.82765964    1.94540443    2.12264877    2.56094792    1.71722801    1.51572638    2.13105090    1.49298263    2.07788701    1.73420445    1.35944834    0.00000000    0.93419776    1.08593983    1.59986367    1.30569884    1.93342710    1.71812659    1.33109726    2.34426515    2.37664065    2.00233125    2.27891386    2.52856917    3.42274573    3.42274573    3.08002325    2.37643769
A0A136MUS4_9BACT/62-90     1.94608528    2.04401231    2.33276516    1.56706903    1.84050420    2.40838221    2.26999473    2.20463627    2.00130428    1.80812958    1.98056227    2.83632583    1.67148915    1.57465092    1.73866274    1.62796654    1.62340686    1.35648214    1.27440093    0.93419776    0.00000000    0.74352241    1.47438440    1.29275441    1.79934887    1.43164718    1.48738139    2.27768966    1.79013309    1.89895085    2.00312577    2.21920637    3.45386804    3.45386804    3.61107249    2.19561874
A0A1L3JI59_9FLAO/117-144     2.67351856    2.86012784    2.99780754    2.19019693    2.45595777    2.18676774    1.77551315    2.40350115    2.13295080    2.04129118    1.70166389    2.58333165    1.45612727    1.25633047    2.52644712    1.80557032    1.80613023    1.06976399    1.40372830    1.08593983    0.74352241    0.00000000    1.97169346    1.82561146    1.17752860    1.62747389    1.58371487    2.17637239    2.05344727    1.64941857    2.57584548    3.03737239    3.95942010    3.95942010    3.86618902    1.63670467
A0A1M7MJI2_9SPHI/27-58     1.38482778    1.80516751    1.68495544    1.13021157    1.84147319    1.74567361    1.88902005    1.85184733    2.11398848    1.50288026    1.71584015    2.20389957    1.42241472    1.52438353    1.75383984    1.57215347    1.61644114    1.22118041    1.20691720    1.59986367    1.47438440    1.97169346    0.00000000    1.12008252    1.04040593    1.51956619    1.23551349    1.83629937    1.71867442    1.75526175    1.57642060    2.32463883    1.78871854    1.78871854    1.94486554    2.05558656
A0A0K0XXQ0_9GAMM/26-53     1.28412078    1.20234109    1.48553166    0.98207418    1.05896854    1.32299678    2.39696552    1.82412214    1.81965388    1.65308428    1.21286236    1.57559736    1.44125534    1.45951060    1.87450255    1.81215279    1.00400018    1.26107881    1.06712073    1.30569884    1.29275441    1.82561146    1.12008252    0.00000000    1.28283953    1.17933855    1.03602137    1.62615653    1.91581562    1.59532443    2.06969972    1.31601208    1.82469743    1.82469743    1.85401194    1.61457216
A0A0Q7FX40_9FLAO/130-156     1.35055834    1.61953722    2.19920566    1.62134732    1.69299864    1.48924825    1.49642830    1.70350010    1.99997801    1.56575594    1.34650607    1.56736606    1.22557384    1.06311065    1.68722587    2.05186131    1.18963577    0.95381927    0.76573512    1.93342710    1.79934887    1.17752860    1.04040593    1.28283953    0.00000000    1.35001447    0.73333716    1.11167874    1.33103340    1.54622847    1.53722737    1.74832301    2.95048882    2.95048882    2.97269390    1.04959747
A0A1X1QJ32_9GAMM/89-116     1.21510482    1.34652967    1.26282283    0.98479996    1.23722421    1.48410249    1.79515561    1.48535119    1.55089345    1.66801251    1.39697301    1.89837238    1.24907261    1.25650607    1.71488837    1.39279932    1.14581550    0.88415518    1.10647456    1.71812659    1.43164718    1.62747389    1.51956619    1.17933855    1.35001447    0.00000000    0.86210568    1.06869081    1.37174914    1.64237537    2.18152189    1.49288410    2.72700655    2.72700655    2.69058419    1.26833233
A0A0C9PWF7_9BACT/356-382     1.45905438    1.13944620    1.41015727    0.79310739    1.22610621    0.98741831    1.44357283    0.91816186    1.37852522    1.49769676    1.11183048    1.70192144    1.00684210    0.93955035    1.23583280    1.20712641    0.92219526    0.79292712    0.84906050    1.33109726    1.48738139    1.58371487    1.23551349    1.03602137    0.73333716    0.86210568    0.00000000    1.43422842    1.72511900    1.46097586    1.58361722    1.17283029    2.30193923    2.30193923    2.48347082    0.93878903
A0A1G1Q1N5_9BACT/369-396     1.31218540    1.53655743    1.49612355    1.37281873    1.61074812    1.58335881    2.45561965    1.88656269    1.84787061    1.08909865    1.64651364    2.04637682    1.31039461    1.20780026    2.13895651    1.83884708    1.26509691    1.03809677    1.28514293    2.34426515    2.27768966    2.17637239    1.83629937    1.62615653    1.11167874    1.06869081    1.43422842    0.00000000    0.94209067    1.11687949    1.39390136    1.89561144    2.05548493    2.05548493    2.16512985    1.08165633
A0A1P8WQW7_9PLAN/369-396     1.45199199    2.05118125    2.03314190    1.45829475    1.30381316    1.75615335    2.04181399    2.64052025    2.66201755    1.91924894    1.72582875    2.02387588    1.78349158    1.27608362    1.89526589    1.66768950    1.46426034    1.21805143    1.52204383    2.37664065    1.79013309    2.05344727    1.71867442    1.91581562    1.33103340    1.37174914    1.72511900    0.94209067    0.00000000    1.23420045    1.29735412    1.51313726    1.67225934    1.67225934    1.88399864    1.80227113
A0A1E3X5D3_9BACT/63-90     1.00290155    1.20155398    1.17372323    0.82201057    0.96069362    1.09474568    1.56856950    1.99831576    1.93598492    1.67370528    1.48451557    1.42969285    1.19705244    1.08815250    2.11382493    1.42075748    1.25870930    0.97270504    1.72594613    2.00233125    1.89895085    1.64941857    1.75526175    1.59532443    1.54622847    1.64237537    1.46097586    1.11687949    1.23420045    0.00000000    0.93193726    1.37340393    0.97376854    0.97376854    1.18518568    1.19580060
M4U616_9GAMM/40-66     1.16624775    1.57575901    2.28466255    1.52037331    1.66681691    1.87219133    2.30577501    2.37624765    2.27308953    1.80163786    1.72603341    2.09459818    2.01787734    1.28266611    2.13604197    1.92115595    1.79216228    1.14736001    1.50764514    2.27891386    2.00312577    2.57584548    1.57642060    2.06969972    1.53722737    2.18152189    1.58361722    1.39390136    1.29735412    0.93193726    0.00000000    0.88770678    0.76104285    0.76104285    0.99177227    1.77131121
A0A0A8WKR2_9DELT/41-68     1.28156856    1.35651883    1.74992089    1.19789481    1.68258474    1.65622698    2.64300224    2.13627121    2.05359621    2.52873684    1.42101894    1.46549568    1.91381230    1.33198598    1.44021608    1.69322642    1.32762034    1.34770557    1.72234410    2.52856917    2.21920637    3.03737239    2.32463883    1.31601208    1.74832301    1.49288410    1.17283029    1.89561144    1.51313726    1.37340393    0.88770678    0.00000000    1.28432568    1.28432568    1.54662501    1.52642444
CUSB_ECOLI/44-71     1.69643267    2.25120224    1.93049082    1.67154619    1.83839847    1.85019392    2.57185952    2.22620464    2.53191683    2.24268957    2.25363933    2.29126505    1.94772192    1.68948109    3.11954135    2.34341508    1.77147925    1.35801828    1.98873961    3.42274573    3.45386804    3.95942010    1.78871854    1.82469743    2.95048882    2.72700655    2.30193923    2.05548493    1.67225934    0.97376854    0.76104285    1.28432568    0.00000000    0.00000000    0.35632679    2.64474020
CUSB_ECO57/44-71     1.69643267    2.25120224    1.93049082    1.67154619    1.83839847    1.85019392    2.57185952    2.22620464    2.53191683    2.24268957    2.25363933    2.29126505    1.94772192    1.68948109    3.11954135    2.34341508    1.77147925    1.35801828    1.98873961    3.42274573    3.45386804    3.95942010    1.78871854    1.82469743    2.95048882    2.72700655    2.30193923    2.05548493    1.67225934    0.97376854    0.76104285    1.28432568    0.00000000    0.00000000    0.35632679    2.64474020
I7Z7J0_9GAMM/92-119     1.47407949    2.04891752    1.92082240    1.69806120    1.74605893    2.11638444    2.95807836    2.45871937    2.46876600    2.32275147    3.16149289    2.11789746    2.35549323    1.89523860    3.25949907    2.48669305    1.64093862    1.32883500    2.40690987    3.08002325    3.61107249    3.86618902    1.94486554    1.85401194    2.97269390    2.69058419    2.48347082    2.16512985    1.88399864    1.18518568    0.99177227    1.54662501    0.35632679    0.35632679    0.00000000    2.69156538
A0A199XS27_9FLAO/38-66     1.21184563    0.97946172    1.32769986    1.07406610    1.56208199    1.49751176    2.26922097    1.44688738    1.41397761    1.79535877    1.15494873    1.83311009    1.20855862    1.38462362    1.99341464    1.79369291    1.24988207    1.04977968    1.27972098    2.37643769    2.19561874    1.63670467    2.05558656    1.61457216    1.04959747    1.26833233    0.93878903    1.08165633    1.80227113    1.19580060    1.77131121    1.52642444    2.64474020    2.64474020    2.69156538    0.00000000

