116
A0A1N6UX64_9ACTN/1-151     0.00000000    0.46192002    0.59767011    0.58385439    0.55214981    0.63913608    0.68417222    0.54553897    0.58001189    0.66704102    0.77334830    0.65212574    0.59802323    0.69514331    0.68077506    0.56149996    0.71330641    0.64918945    0.62635941    0.65872329    0.69709406    0.78308001    0.77100961    1.11459614    0.55104087    0.64110919    0.79898134    0.94272208    0.66155287    0.77331413    0.64308094    0.59067637    1.20221472    1.14010575    1.37535050    1.85782019    1.85117154    2.25796334    2.14790920    2.44084510    2.72677556    2.42369882    2.71661051    2.44361945    2.66778968    2.63256361    2.66018450    2.50304583    2.80496623    2.73339175    2.20750644    2.23075290    2.35064249    2.17481414    2.22951670    2.68259877    2.50185398    2.22183838    2.82902188    2.37335503    2.16951365    2.60718025    2.27237011    2.53879090    2.36326703    2.46608667    2.54281111    2.52581903    2.64069241    2.37787376    2.32871028    2.45360732    2.52220304    2.09244384    2.23166247    2.13864330    2.13877057    3.01205803    1.74986585    2.73671240    2.77139403    2.43771097    1.83799758    2.36013518    1.11797164    1.10268558    0.94130855    1.17953870    1.04054644    1.26413908    1.15381944    1.01503435    0.95823633    1.08471049    1.07179861    1.21450708    1.07328669    1.06848635    1.14776669    1.06564627    0.93575217    0.91845285    1.10368136    0.53808130    0.66643876    0.77169612    0.62606889    0.56189606    0.63181233    0.59543411    0.61525732    0.68782045    0.64895621    0.46926736    0.64269484    0.55238571
W2ELX7_9ACTN/1-150     0.46192002    0.00000000    0.44265574    0.59243504    0.46051069    0.63850877    0.67602611    0.51665755    0.53915712    0.59210453    0.78166286    0.52984207    0.58239009    0.69219151    0.71006313    0.60978372    0.75079773    0.63088764    0.58701885    0.60686894    0.65431128    0.59359860    0.83309067    1.10699013    0.60124222    0.59682615    0.81362210    0.97029171    0.69808483    0.81538237    0.64145405    0.63779209    1.32439159    1.17175804    1.27302453    1.89139091    1.99584859    2.23380046    2.64425433    2.99122150    3.26254017    2.94173108    3.44272486    3.04321509    2.98414712    3.06919178    3.27747882    2.98071466    3.21910436    3.26530665    2.41552224    2.54965687    2.55093474    2.27478723    2.44049170    2.93730999    2.64599800    2.53760857    2.85073649    2.35723996    2.37038516    2.39099556    2.41416381    2.59486097    2.41420543    2.41350788    2.64618911    2.46317014    2.90396834    2.63411905    2.33143322    2.24756288    2.68464711    2.26733864    2.01144593    2.33580891    1.98763190    2.99249510    1.86940445    2.61835923    2.50525703    2.48933241    2.16440203    2.31259348    1.04313495    1.03427055    0.92575451    1.25112749    0.99288946    1.09566860    1.20609062    0.97270334    0.93476550    1.16579874    1.06490613    1.12707269    0.94582267    1.03047262    1.11890446    1.00819612    0.91331683    0.90320468    0.98591703    0.54768955    0.68053436    0.72972282    0.69246741    0.62891141    0.70641098    0.67725194    0.68433224    0.73994224    0.75425508    0.46452826    0.72747544    0.67754407
A0A367F3S9_9ACTN/1-150     0.59767011    0.44265574    0.00000000    0.64401262    0.54461661    0.73802885    0.66601524    0.57169862    0.66058600    0.71591772    0.72797950    0.70537785    0.72985841    0.75022061    0.79956133    0.72704374    0.93164026    0.64524334    0.69958516    0.62382750    0.75091281    0.67488409    0.97650178    1.19020566    0.65381705    0.70286554    0.89965811    1.00379929    0.68588668    0.83957984    0.69106324    0.80146387    1.26016158    1.31921909    1.31075429    1.88174021    1.86301971    2.36778613    2.61768966    2.81555027    3.14446925    2.71942816    3.02209247    2.71138061    2.83248299    2.86561376    2.95933462    2.84317409    3.06269489    2.83421563    2.40817891    2.53893369    2.62259599    2.36586491    2.58517754    2.86746433    2.78098003    2.30039359    2.75133520    2.34144907    2.44485535    2.48619629    2.58894216    2.44717465    2.09689862    2.34066767    2.57371494    2.46652558    3.07265503    2.37305917    2.34547145    2.43307157    2.65188441    2.42014303    2.08173780    2.27106458    2.12841110    3.26140792    1.83113008    2.53021220    2.69554830    2.46266037    2.04427588    2.15287691    1.19258914    1.18337428    1.00511280    1.29324619    1.11193161    1.05735111    1.14668767    1.18740429    0.98788059    1.12613429    1.15513562    1.16285647    0.99531734    1.04403322    1.06299400    1.06319283    0.94436546    0.91314636    1.05068657    0.56724780    0.69090814    0.78064674    0.66705129    0.59721946    0.73454202    0.75454749    0.69366140    0.72122546    0.72588029    0.53184999    0.61480470    0.60703749
A0A0F4IVC8_9ACTN/1-132     0.58385439    0.59243504    0.64401262    0.00000000    0.53406960    0.63941420    0.61753036    0.64466989    0.59937711    0.67128077    0.78788522    0.69284653    0.70311922    0.69931333    0.69681221    0.70897292    0.66115447    0.52966160    0.69309249    0.69937868    0.78157478    0.69159005    0.84743543    1.06814119    0.67004099    0.64285714    0.75949043    1.02802935    0.68834436    0.88569643    0.64653657    0.71438946    1.35655905    1.17351809    1.31243641    2.03744222    1.93864756    2.34261590    2.24053308    2.70006142    2.76931447    2.62245893    2.96901925    2.63868417    2.64190583    2.70265524    2.78312400    2.55208147    2.85528382    2.72639713    2.37392108    2.36854516    2.51348098    2.30128543    2.38957108    2.72173255    2.36693122    2.35168631    2.88325484    2.44135727    2.15584701    2.59987754    2.45348278    2.61560972    2.46181029    2.30887296    2.62609783    2.82130865    3.06142027    2.66956550    2.56424926    2.59315831    2.55776281    2.27856142    2.18729532    2.78935991    2.35297463    3.08184841    2.03310249    2.75709085    2.30748269    2.36333632    2.12693574    2.29274775    1.01212763    1.02663119    0.87146795    1.04564429    0.95791207    1.15697358    1.10798379    0.92735914    1.01006438    1.17901790    1.07933999    1.11843098    1.06565310    1.12288918    1.17029775    1.12961340    0.97787330    0.96914404    1.05781094    0.48876690    0.66290158    0.75450386    0.63529745    0.64736180    0.68507188    0.72973522    0.67914049    0.69005303    0.70916939    0.64716803    0.70210522    0.67261697
A0A1Q4XFK3_9ACTN/1-150     0.55214981    0.46051069    0.54461661    0.53406960    0.00000000    0.51925535    0.48661484    0.42443990    0.51543232    0.63693894    0.67817452    0.55929316    0.59972678    0.61921340    0.66651363    0.59102058    0.69801694    0.55705616    0.61034968    0.55710611    0.75831573    0.56435932    0.76199087    0.97371591    0.51340316    0.58861104    0.78102914    0.85401494    0.70085827    0.68560149    0.58840056    0.66559104    1.36003196    1.16060418    1.42339044    1.71661865    2.01656096    2.22961053    2.24115445    2.48999642    2.50669764    2.53982097    2.86728917    2.30170738    2.34646710    2.44795540    2.40276687    2.38720656    2.55218626    2.78469350    2.26959975    2.49013372    2.43642330    2.39874860    2.30944433    2.77442058    2.40630843    2.26838116    2.67503885    2.07172826    2.15155143    2.27589867    2.26147565    2.35410861    2.14808941    1.99494942    2.46447908    2.39261360    2.72883381    2.42833245    2.56289172    2.21431161    2.55946075    2.35729274    1.88915600    2.12029689    1.93099378    2.51282586    1.85411332    2.84602991    2.68940099    2.27466751    1.80092301    2.17745479    1.05131594    0.94727148    0.84356070    1.04570315    0.86909909    1.14375619    1.19247841    0.88579185    0.85887169    1.11871711    1.03750708    1.05936747    0.92911808    0.96577865    1.08050185    1.00792050    0.89191177    0.89207826    1.03904366    0.47624340    0.69510631    0.76949959    0.62439456    0.58723790    0.69228908    0.69962487    0.63725372    0.72907731    0.67303999    0.52240208    0.57301199    0.58468291
A0A2M9IVP9_9ACTN/1-145     0.63913608    0.63850877    0.73802885    0.63941420    0.51925535    0.00000000    0.41152721    0.60668856    0.57647287    0.67178158    0.71257049    0.66080636    0.60924575    0.66054530    0.70605788    0.64625889    0.69843364    0.63919883    0.65862114    0.69374462    0.73565787    0.72132408    0.80353144    1.00322034    0.60493435    0.64375023    0.80274121    0.81017085    0.75469398    0.95272574    0.72843336    0.78832935    1.26797827    1.10445949    1.34546105    1.78197863    1.71294768    2.51116079    2.16316700    2.70098815    2.82956811    2.50752270    2.76693488    2.53941404    2.47884058    2.55888411    2.60773167    2.42743588    2.85710021    2.84923832    2.26562664    2.56626400    2.28879889    2.59604267    2.59854757    2.53123381    2.47468401    2.26983062    2.92010450    2.33680908    2.15816808    2.45858858    2.40163405    2.51037255    2.21851385    2.37210019    2.52130104    2.44651676    2.93121290    2.55498818    2.91339090    2.22814782    2.67725216    2.36951677    1.94041263    2.06182163    1.73974985    3.07030790    1.76234574    2.68112017    2.51903532    2.54105306    2.13162436    2.34694977    0.92475583    1.02632682    1.03897938    0.94692430    0.94568953    1.14995962    1.01543847    0.97005584    0.73979709    0.98560934    0.91944342    0.82530829    0.68032541    0.78467440    0.86720121    0.83924085    0.82819702    0.75773416    0.83718718    0.58724285    0.70408769    0.80993566    0.62392886    0.56103750    0.61409378    0.63128180    0.70960823    0.68072246    0.86102135    0.61799696    0.60552276    0.56752041
A0A1H8IFX5_9ACTN/14-163     0.68417222    0.67602611    0.66601524    0.61753036    0.48661484    0.41152721    0.00000000    0.65777377    0.55087743    0.68592429    0.71219264    0.62607435    0.62771283    0.72318202    0.74932840    0.68915946    0.79201139    0.68514997    0.68083634    0.70708753    0.61600593    0.66075326    0.78797917    0.90351432    0.68872365    0.66681830    0.67486508    0.79719256    0.69431474    0.85629634    0.67611927    0.79248529    1.50858983    1.30797499    1.50735109    1.79511724    1.83961265    2.12262599    2.16119353    2.47279489    2.68373290    2.22362082    2.73214955    2.49085115    2.48816985    2.37799365    2.64747125    2.56438006    2.44221572    2.65282022    2.07065113    2.29052475    2.01798166    2.28173349    2.19261507    2.37885106    2.08600398    2.34126182    2.67350903    2.10871006    2.10227863    2.35342705    2.45507865    2.42214323    2.20481570    2.23027583    2.35368433    2.45813726    2.85913326    2.57217487    2.62430978    2.18739310    2.52625371    2.27961962    1.71144275    1.90815775    1.89953067    2.92368826    1.79641546    2.57698188    2.40718425    2.35940806    1.89685367    2.03209278    1.03895561    0.92941348    0.96640722    1.06169581    1.02573245    1.28339437    1.15788237    0.87528099    0.87086340    1.06632349    1.03675422    0.90208185    0.81811462    0.93274342    1.04682295    0.95895158    0.89931717    0.83626586    0.93489850    0.54250141    0.69064459    0.79167083    0.57899846    0.56345880    0.59007698    0.58169262    0.60209918    0.67666545    0.85858676    0.57272824    0.65421605    0.56630150
A0A2A3HX42_9ACTN/1-150     0.54553897    0.51665755    0.57169862    0.64466989    0.42443990    0.60668856    0.65777377    0.00000000    0.48551446    0.64045268    0.60214978    0.57836751    0.48889523    0.64406327    0.63281012    0.60106226    0.72488387    0.63887626    0.58209968    0.49728986    0.76887409    0.74591310    0.71665314    0.98888285    0.53119349    0.65152278    0.89515435    0.95341119    0.76779078    0.77425847    0.72245366    0.70059821    1.37268061    1.23866002    1.41000930    1.81614473    1.83693515    2.24846104    2.21403722    2.50235115    2.39723351    2.24106890    2.53913453    2.28517172    2.43005547    2.40161631    2.53894069    2.32074433    2.45438910    2.49870468    2.43704854    2.41742492    2.37574158    2.42740454    2.40203935    2.34988774    2.48039341    2.20187416    2.79183255    2.36041127    2.24649423    2.48400968    2.31460553    2.42894160    2.22207927    2.31480881    2.63445077    2.45193692    2.79831313    2.04183240    2.29552201    2.13350883    2.32062937    1.98559060    1.83335387    2.03012682    2.07872917    2.79141367    1.93039153    2.83044620    2.40395222    2.26083011    1.98020984    2.30581644    1.12141516    1.00397791    1.05187495    1.12579757    1.05856726    1.13073238    1.20764371    1.08352693    1.14277809    1.15458942    1.11604536    1.17456690    1.05302760    1.19635602    1.12622949    1.24451596    1.00332470    0.98132899    1.19417334    0.45568851    0.70985718    0.74953709    0.63862799    0.66182740    0.72966635    0.78252054    0.70237741    0.70155883    0.77680137    0.54725331    0.57140874    0.47279738
A0A1S1Q834_9ACTN/1-156     0.58001189    0.53915712    0.66058600    0.59937711    0.51543232    0.57647287    0.55087743    0.48551446    0.00000000    0.33826253    0.63324417    0.58750424    0.54470289    0.63931588    0.62181574    0.62412158    0.81793746    0.65027279    0.61809301    0.71665709    0.69309685    0.65537951    0.81893905    0.96803176    0.67379162    0.62594560    0.70825461    0.92314986    0.57899525    0.73995091    0.65646701    0.69876731    1.42742435    1.23809526    1.44481458    2.08042132    2.00187196    2.30116976    2.44457768    2.72535491    2.87743628    2.65268825    2.99193751    2.86885007    2.87423661    2.84289687    2.99406028    2.91297172    2.81791751    3.01329025    2.41783927    2.40699837    2.63821160    2.49391346    2.50915323    2.92970136    2.59582092    2.48300162    3.08943059    2.48668247    2.56309712    2.59050135    2.54885242    2.76548439    2.55112330    2.41030359    2.90741074    2.73626140    3.18609053    2.83218720    2.87905654    2.55538011    2.65636981    2.43987156    2.13368350    2.19614198    2.28654403    2.85382563    1.81320580    2.86594675    2.61016218    2.55712904    2.22715850    2.33030233    0.94581866    1.07760810    0.96930019    1.01522351    1.03312493    1.22921848    1.08382451    1.00867424    0.94058433    1.11560699    1.09270283    1.09399328    0.97298804    1.04352732    1.13839141    1.07955469    0.88274139    0.82896287    1.00811163    0.60207372    0.75047537    0.87905794    0.69161601    0.63245113    0.77138304    0.70052213    0.72771345    0.73393267    0.85364769    0.60492610    0.72809020    0.57993038
E3J1X3_FRAIE/1-151     0.66704102    0.59210453    0.71591772    0.67128077    0.63693894    0.67178158    0.68592429    0.64045268    0.33826253    0.00000000    0.72832351    0.60527606    0.59154270    0.62940860    0.63362307    0.60402291    0.78434574    0.62903827    0.62731191    0.68417721    0.74439490    0.78730675    0.82638925    0.91419163    0.60551343    0.73029434    0.67830857    0.97628028    0.68393665    0.87241500    0.72690373    0.78881809    1.37304735    1.24185761    1.36566727    1.81567139    1.83074567    2.30465166    2.38040878    2.77059487    2.75966737    2.49710250    2.77474968    2.69048245    2.55406405    2.68561542    3.04387702    2.73260664    2.86149785    2.73109853    2.21273636    2.13778779    2.27323279    2.28539350    2.28729202    2.53222297    2.33882959    2.44150383    3.02394852    2.35801111    2.33849616    2.51336924    2.44247214    2.64503267    2.52963475    2.51264220    2.96939555    2.63027884    3.14060465    2.82561499    2.96070060    2.35541492    2.67093629    2.37269166    2.01354215    2.18441998    2.36522695    3.00791668    1.91108914    2.74463018    2.44793056    2.56593118    2.34047059    2.30806560    0.95163770    1.11824121    1.01540522    1.23152712    1.10614628    1.33322903    1.21067771    0.94748202    0.92965585    1.03940527    1.00730336    0.96253534    0.89405529    0.93232334    0.99948637    0.99375799    0.78834332    0.77447111    0.93569836    0.56288633    0.77830211    0.86212362    0.74897528    0.69768545    0.84674398    0.80067238    0.64753210    0.79659181    0.84838837    0.64118522    0.82728160    0.66595151
A0A2I2KJK6_9ACTN/5-155     0.77334830    0.78166286    0.72797950    0.78788522    0.67817452    0.71257049    0.71219264    0.60214978    0.63324417    0.72832351    0.00000000    0.76292931    0.59164396    0.69032824    0.70367906    0.67059394    0.81432094    0.68376891    0.65181102    0.78131780    0.93416798    0.90557212    1.01300192    1.20827227    0.76917645    0.82548656    1.00514621    1.12141324    0.82524062    0.92358286    0.74147076    0.80434400    1.65520561    1.40895577    1.57968290    2.18992702    2.11122309    2.36578720    2.19243385    2.71052421    2.36886493    2.46857533    2.68622567    2.60172984    2.73451784    2.54938624    2.77418999    2.75218939    2.65383545    2.88600017    2.42650680    2.30529927    2.54113715    2.41229221    2.47666574    2.61014434    2.56196564    2.06296062    2.70613143    2.41414949    2.24750599    2.45983206    2.61474682    2.64973938    2.42055898    2.41434962    2.76931581    2.69324608    2.93366211    2.67796043    2.72332230    2.55521723    2.72185446    2.55098837    2.23254405    2.38477013    2.37311703    2.86264822    1.70673087    2.67424175    2.43400171    2.25726211    1.90474330    1.98155413    1.07005780    1.08659763    1.00310596    1.12717819    1.17969823    1.23670758    1.20392062    1.09227432    0.98179532    1.16669513    1.10904844    0.96280802    1.05295573    1.02278865    0.97920782    1.14434892    0.98646115    0.89475137    1.10678241    0.69448001    0.83547924    0.89235547    0.80588726    0.81633911    0.84608134    0.95018683    0.78584572    0.82779145    0.84717529    0.68115212    0.72280322    0.80798386
A0A3N4UCH1_9ACTN/5-154     0.65212574    0.52984207    0.70537785    0.69284653    0.55929316    0.66080636    0.62607435    0.57836751    0.58750424    0.60527606    0.76292931    0.00000000    0.28901518    0.41252874    0.45990997    0.39667882    0.54679312    0.40264571    0.35776695    0.47153255    0.59268362    0.58935310    0.73095962    0.99624551    0.54844143    0.68257326    0.68498095    0.99935615    0.64943206    0.82919015    0.78235645    0.83004461    1.53225374    1.24906244    1.48478546    1.85152914    1.94246845    2.41040907    2.42255412    2.80234512    3.02125972    2.60068950    3.01367371    2.93044203    2.89572138    3.04572129    3.21699526    3.01183071    3.12004017    3.14134030    2.51729325    2.49133387    2.50543712    2.43016943    2.69004533    2.74443627    2.56898179    2.58280520    2.94343190    2.51760784    2.33355859    2.68315909    2.42099309    2.57420355    2.29976186    2.57226671    2.64002478    2.65001410    2.86578762    2.81434735    3.01419951    2.43953183    2.70789121    2.50122733    1.94250740    2.19715376    2.16963673    3.02450695    1.59365223    2.52159929    2.52242551    2.32255760    1.91284472    1.98389006    1.12570816    0.99774858    1.04830758    1.05657921    0.92595782    1.08924070    1.13072359    1.03055947    0.77290330    1.01455662    1.00442529    0.95948013    0.93917808    0.86429347    0.96659195    0.91606108    0.74494488    0.76777529    0.89913531    0.52500972    0.70039624    0.78841067    0.62746656    0.57208397    0.70858462    0.69383785    0.66212462    0.65933991    0.74304119    0.62866135    0.73774348    0.70284747
S2Z6K0_9ACTN/5-150     0.59802323    0.58239009    0.72985841    0.70311922    0.59972678    0.60924575    0.62771283    0.48889523    0.54470289    0.59154270    0.59164396    0.28901518    0.00000000    0.42883525    0.43373235    0.40343818    0.51912158    0.38997270    0.37198667    0.48129510    0.74078933    0.58305581    0.70262499    1.01330201    0.53894258    0.66931462    0.73076934    0.97449831    0.61997127    0.72572773    0.68550668    0.68907532    1.46146280    1.32415094    1.54545605    1.87654620    1.99760181    2.31208067    2.24785127    2.76370472    2.67803881    2.53026694    2.72391768    2.71800859    2.85405105    2.78430241    3.12598335    2.84231762    2.92775681    2.94818103    2.44288194    2.51776438    2.37623902    2.31889958    2.45520318    2.55938401    2.41355439    2.15795094    3.06838409    2.43514756    2.32444372    2.66775113    2.40524431    2.61951429    2.23382960    2.31990756    2.68878609    2.64927025    2.59678090    2.61854343    2.74543591    2.44351479    2.89627515    2.51924867    2.23912550    2.17326452    2.20239621    2.82816385    1.77893588    2.65766852    2.67707741    2.26109372    2.00013032    2.31159870    1.04246123    0.99096691    1.01090172    0.96948767    0.90924954    1.08694220    1.13078161    0.94070961    0.85380530    1.04109810    0.97551798    0.93146503    0.90136767    0.89859836    0.89805722    0.95017317    0.71428864    0.75917175    0.90556177    0.49271373    0.73108698    0.76250444    0.59304355    0.59688311    0.65169290    0.70942241    0.64123318    0.66912056    0.74324856    0.65055733    0.68300367    0.69823212
A0A1G5CYC6_9ACTN/5-156     0.69514331    0.69219151    0.75022061    0.69931333    0.61921340    0.66054530    0.72318202    0.64406327    0.63931588    0.62940860    0.69032824    0.41252874    0.42883525    0.00000000    0.25815497    0.24990313    0.46534465    0.32199684    0.31247032    0.47491068    0.75477326    0.74250128    0.72000734    0.94529274    0.59957872    0.69535940    0.82977347    0.99251148    0.68909350    0.81800959    0.70001971    0.91716849    1.47017254    1.23690179    1.46906405    1.87786948    1.80623113    2.25313859    2.26333840    2.76686773    2.84263481    2.47189198    2.70268454    2.75198646    2.79521744    2.78052745    2.81220810    2.57218665    2.86640611    2.96793423    2.28886001    2.26330769    2.29038569    2.32170868    2.38488097    2.44754187    2.31779174    2.37458452    3.22360955    2.45669262    2.14157155    2.56144281    2.41582765    2.45654455    2.44156191    2.51703371    2.62061941    2.83790039    2.95361379    2.65731705    2.90141162    2.49667013    2.73672363    2.33844170    2.12233329    2.13004779    2.24632032    3.09253746    1.77652032    2.66296550    2.48705866    2.34940134    1.78664944    2.44997074    1.18050408    1.23469233    1.12548782    1.09611435    0.95914229    1.27358169    1.15573959    1.02575857    0.89737633    1.00926129    0.98379242    0.97093343    0.77671661    0.81433659    0.97393459    0.90983071    0.73127445    0.73780685    0.90840190    0.54121502    0.70436378    0.69039710    0.53844377    0.61335570    0.60706560    0.65988902    0.61120170    0.59392857    0.65788430    0.59814428    0.74221244    0.59696100
A0A1V9KLL4_9ACTN/5-156     0.68077506    0.71006313    0.79956133    0.69681221    0.66651363    0.70605788    0.74932840    0.63281012    0.62181574    0.63362307    0.70367906    0.45990997    0.43373235    0.25815497    0.00000000    0.31259685    0.42688585    0.36595426    0.37199053    0.48694989    0.75090562    0.74620762    0.73549289    0.92442778    0.64904403    0.69182394    0.86926010    1.03011720    0.75641304    0.91967564    0.73603232    0.87602094    1.55356770    1.34125552    1.66851260    1.85755539    1.69905981    2.25714095    2.12489254    2.71752966    2.70604655    2.40967648    2.59158328    2.67383017    2.84452547    2.64923334    2.91294691    2.60246498    2.89394765    2.74709931    2.41378514    2.22061392    2.40580066    2.25385665    2.41797430    2.51871278    2.31123771    2.25984192    2.98731271    2.44933860    2.17707842    2.56348786    2.46556713    2.41289624    2.47077234    2.48956254    2.62068148    2.59162002    2.72135036    2.55033660    2.78988087    2.50694380    2.71986655    2.40331116    2.11741252    2.13768893    2.33663479    3.07094108    1.75947570    2.61649227    2.35145025    2.20760129    1.90740428    2.27813580    1.34017206    1.31829769    1.21799029    1.02706433    0.97501389    1.25854947    1.11404559    0.99374588    0.93572539    0.98990571    1.07008255    1.16556248    0.95774108    1.00542280    1.05494912    1.03330166    0.85930082    0.81051081    1.04056646    0.53496020    0.69694464    0.61749585    0.54612029    0.59501915    0.64535363    0.64768045    0.61568112    0.54809649    0.64981186    0.60271707    0.74493752    0.63084931
A0A0Q9AT39_9ACTN/1-152     0.56149996    0.60978372    0.72704374    0.70897292    0.59102058    0.64625889    0.68915946    0.60106226    0.62412158    0.60402291    0.67059394    0.39667882    0.40343818    0.24990313    0.31259685    0.00000000    0.38411025    0.34344819    0.29433403    0.47868200    0.73527602    0.72498713    0.66459171    0.90552258    0.55191767    0.70000953    0.81342540    1.03338489    0.70200496    0.89408917    0.71109683    0.87225282    1.40539966    1.25301322    1.42769635    1.86591023    1.77691117    2.10012506    2.03500656    2.50250618    2.48397336    2.26872360    2.50107833    2.49103885    2.51576202    2.47537314    2.68778793    2.45377049    2.58335455    2.61843011    2.28576489    2.07077164    2.19101731    2.17246295    2.31685241    2.28294399    2.20298836    2.36089048    2.90575101    2.39764175    2.05809036    2.54662109    2.33484572    2.37710671    2.42911932    2.64992620    2.54503765    2.77492699    2.82244747    2.56747636    2.81151817    2.61605895    2.79382578    2.45214517    2.06752994    2.06925837    2.31562499    2.91336048    1.74457435    2.73599795    2.76494585    2.33308338    1.90595293    2.24686470    1.19408897    1.24977249    1.20464757    1.15720580    0.99170740    1.20516614    1.16067745    1.00901303    0.88028983    1.03717829    0.99905462    0.98454082    0.87800822    0.87176708    0.99974214    0.89687564    0.76452110    0.75245988    0.89965250    0.53013766    0.62512965    0.64588168    0.51268964    0.50351999    0.61413295    0.60385447    0.54384100    0.61722400    0.62546234    0.54150002    0.70281285    0.54971718
A0A2P8QFX9_9ACTN/4-163     0.71330641    0.75079773    0.93164026    0.66115447    0.69801694    0.69843364    0.79201139    0.72488387    0.81793746    0.78434574    0.81432094    0.54679312    0.51912158    0.46534465    0.42688585    0.38411025    0.00000000    0.48758363    0.45723181    0.61168283    0.83802209    0.78709438    0.78245881    1.01318993    0.64327585    0.82453173    0.97585866    1.20097033    0.81139333    0.97832068    0.86411053    0.98299624    1.58377283    1.38555713    1.58393858    1.88895618    1.78932830    2.42425473    2.24021028    2.75033520    2.71049236    2.37741408    2.65301621    2.61599483    2.79193885    2.71409546    2.99374737    2.73225422    2.87332349    2.88909819    2.52574733    2.41195516    2.53815526    2.36591257    2.64615854    2.60165825    2.41579396    2.59645017    3.20285718    2.47485318    2.31028174    2.85416310    2.54246789    2.73987700    2.77586505    2.71640422    2.93673907    2.93656810    3.04819593    2.64993280    3.03629101    2.71254651    2.73889660    2.52302392    2.19698514    2.09054493    2.40393768    3.05338709    1.93474026    2.73962233    2.49830935    2.19423773    1.88133694    2.30498303    1.25402879    1.20122471    1.23011863    1.18981833    1.05109719    1.39982958    1.34474300    0.97292741    1.05557282    1.07197810    1.14064672    1.11327884    1.04398124    1.02773799    1.13556693    1.06918584    0.95178213    0.96148460    1.09041343    0.58107936    0.76897894    0.73591171    0.60283871    0.65727851    0.71351462    0.77240540    0.66152662    0.73658165    0.65241477    0.68293303    0.74444766    0.72395676
K4QXV4_STRDJ/1-151     0.64918945    0.63088764    0.64524334    0.52966160    0.55705616    0.63919883    0.68514997    0.63887626    0.65027279    0.62903827    0.68376891    0.40264571    0.38997270    0.32199684    0.36595426    0.34344819    0.48758363    0.00000000    0.26281082    0.38650401    0.74753637    0.75238094    0.73293561    0.95196561    0.53002719    0.62595796    0.80209536    0.89991299    0.66673367    0.85224008    0.67862980    0.81858116    1.34365906    1.18646651    1.35578244    1.76116736    1.75013304    2.37745017    2.12750286    2.76533948    2.74258531    2.37299821    2.67982064    2.61849756    2.61276809    2.62755275    2.79946239    2.62737371    2.74972235    2.79849084    2.30257657    2.44384804    2.41260579    2.26590275    2.48254470    2.50058890    2.28491110    2.34466886    2.97763455    2.39968544    2.34528207    2.62550414    2.46041616    2.55264247    2.33751949    2.34277377    2.76662996    2.57798642    2.90506081    2.36865551    2.79463939    2.50155854    2.84140905    2.52925080    2.13640471    2.01534613    2.11321385    3.15247839    1.71711561    2.59398779    2.39081500    2.22591506    1.87936710    2.24538920    0.97403061    1.04687904    0.97115747    1.08217127    0.89569113    1.18653118    0.96822077    0.94793103    0.89766035    1.02363234    0.93991159    0.97207337    0.89048430    0.88981521    1.02169664    0.99429145    0.76765278    0.75059491    0.84092660    0.46076044    0.68132697    0.69106118    0.55187877    0.61879632    0.65611974    0.64123075    0.59484632    0.67142320    0.79929550    0.61400880    0.74513486    0.70309322
A0A101UZQ6_9ACTN/5-150     0.62635941    0.58701885    0.69958516    0.69309249    0.61034968    0.65862114    0.68083634    0.58209968    0.61809301    0.62731191    0.65181102    0.35776695    0.37198667    0.31247032    0.37199053    0.29433403    0.45723181    0.26281082    0.00000000    0.43059810    0.78694359    0.73109101    0.67084489    0.94978571    0.52715929    0.66318702    0.78914807    0.87445928    0.63680389    0.90836637    0.74662866    0.91235143    1.42199531    1.16439494    1.38278121    1.89649163    1.88833222    2.37138207    2.10230798    2.74911646    2.72263222    2.31687996    2.75709411    2.51499997    2.70883742    2.68505759    2.98790790    2.75466781    2.79252209    2.77815886    2.43182860    2.55199062    2.47409447    2.34926340    2.49771514    2.82631298    2.50540747    2.42825525    3.13999737    2.47354144    2.33691746    2.63384513    2.34281187    2.42004070    2.40020200    2.45554835    2.60530494    2.73701320    2.98237789    2.63869332    2.75130047    2.62990159    2.94298679    2.51821072    2.03683142    2.24473574    2.13579181    3.19306541    1.74395127    2.60301943    2.67612926    2.20730994    1.91613085    2.41464341    1.04559435    1.12675548    0.99808707    1.08837818    1.00152556    1.21914418    1.01606385    0.92143821    0.82929049    1.00840854    0.93865490    0.99616044    0.86200823    0.82979262    0.98895850    0.95160128    0.71386376    0.69341608    0.87221527    0.53212468    0.65187921    0.63125602    0.54042971    0.59743038    0.67843878    0.64119221    0.59988373    0.59703617    0.69946448    0.61190198    0.67959693    0.60393463
A0A1H5D0U8_9ACTN/4-155     0.65872329    0.60686894    0.62382750    0.69937868    0.55710611    0.69374462    0.70708753    0.49728986    0.71665709    0.68417721    0.78131780    0.47153255    0.48129510    0.47491068    0.48694989    0.47868200    0.61168283    0.38650401    0.43059810    0.00000000    0.66175599    0.67983698    0.68046006    0.90618179    0.56228451    0.73135738    0.86254741    1.03632447    0.68937276    0.84849987    0.74479378    0.76584865    1.47087882    1.26023338    1.48550419    1.92048448    1.91224413    2.36237260    2.21621449    2.65160569    2.90187020    2.52422397    2.77248225    2.67197681    2.61155438    2.67492923    2.90496847    2.67289735    2.88777373    2.88695079    2.41158012    2.49653998    2.38351821    2.52859953    2.60118342    2.57871680    2.46916578    2.50535880    3.15861512    2.67235518    2.56475866    2.73115916    2.53225737    2.60003073    2.59192827    2.48573789    2.83672391    2.60029453    3.00261512    2.44597631    2.74214128    2.58335375    2.79389792    2.54261113    1.90145228    2.12006228    2.05427675    3.15377272    1.97067382    2.80755376    2.64021575    2.55225469    1.97240595    2.32740900    1.02778160    1.03564191    1.05415442    1.18886685    1.01394860    1.22773069    1.08343463    0.93584583    0.94233379    1.19241857    1.11719960    1.02133920    0.98447202    0.94120527    1.06837730    1.00107316    0.88296636    0.93802458    1.06744834    0.49539877    0.71013107    0.68471104    0.58389841    0.60761611    0.60709399    0.68303538    0.57238876    0.65020565    0.76606953    0.53199725    0.62665947    0.65919637
A0A1H5T7F7_9ACTN/42-194     0.69709406    0.65431128    0.75091281    0.78157478    0.75831573    0.73565787    0.61600593    0.76887409    0.69309685    0.74439490    0.93416798    0.59268362    0.74078933    0.75477326    0.75090562    0.73527602    0.83802209    0.74753637    0.78694359    0.66175599    0.00000000    0.49101325    0.69888702    1.00407172    0.73119697    0.77183898    0.92992437    1.02503235    0.76430322    0.83257095    0.86676865    0.85479115    1.48117492    1.38058482    1.68734171    1.88003935    2.02522978    2.19763228    2.36886254    2.57136293    2.78560017    2.51701533    2.67759164    2.49266168    2.73355424    2.53114952    2.72614094    2.79653453    2.73812571    2.67941790    2.43954411    2.26386344    2.26129714    2.43065647    2.50365261    2.90616471    2.61720417    2.21572936    2.57042892    2.26017146    2.11060863    2.25192812    2.11314219    2.11969101    2.13320491    2.25225394    2.23215886    2.34923721    2.57472379    2.26621536    2.53095745    2.28404766    2.85478093    2.57399972    1.93823687    2.20429504    2.20231469    2.85673493    1.78994992    2.71299995    2.63216352    2.51937146    1.91211717    1.96335782    1.10249381    1.07245120    0.99498171    1.24533286    0.98155718    1.13013401    1.08677280    1.01505141    1.09320569    1.23127926    1.07558610    1.05899961    1.02183792    1.11094823    1.17291961    1.08743068    1.01131767    1.00152692    1.14643424    0.63180563    0.79294094    0.87288722    0.63732078    0.66228270    0.61283796    0.57835735    0.67857421    0.67446260    0.80430661    0.65891564    0.86549788    0.75170877
A0A1I2F031_9ACTN/1-152     0.78308001    0.59359860    0.67488409    0.69159005    0.56435932    0.72132408    0.66075326    0.74591310    0.65537951    0.78730675    0.90557212    0.58935310    0.58305581    0.74250128    0.74620762    0.72498713    0.78709438    0.75238094    0.73109101    0.67983698    0.49101325    0.00000000    0.75925203    0.98841158    0.65074307    0.77004480    0.86707145    0.97932723    0.67427306    0.71428486    0.71182141    0.84177458    1.40073957    1.21105872    1.48264147    1.98942877    2.10030207    2.40777081    2.69324766    2.92050666    2.97133201    2.98670348    3.09863489    2.79767201    3.05894809    2.93017402    3.08119226    2.93330830    3.20307716    3.11505464    2.45032351    2.41711854    2.67274597    2.39980077    2.48623163    3.16782314    2.76270733    2.25307295    2.73897654    2.33731772    2.30294491    2.33781081    2.56303390    2.39883703    2.17385864    2.18745565    2.56114702    2.48037647    2.87794003    2.46332986    2.43699823    2.33218910    2.68175179    2.55073778    2.01515155    2.29761612    2.31688040    2.77621875    1.64181234    2.82900089    2.79671611    2.75794610    1.79171063    1.98900427    1.08667167    0.99621501    0.85469219    1.06113600    0.87406531    1.12868800    1.18195413    1.01925213    0.92500535    1.09798385    1.03499137    1.05740535    0.93742145    1.06582923    1.05787596    0.99147033    0.85640958    0.90999573    1.01303410    0.60729545    0.69762392    0.81468374    0.61778470    0.61795575    0.67923360    0.61329004    0.73959504    0.72897618    0.78372584    0.65834482    0.84714141    0.72737506
A0A1H7WTW8_STRJI/1-148     0.77100961    0.83309067    0.97650178    0.84743543    0.76199087    0.80353144    0.78797917    0.71665314    0.81893905    0.82638925    1.01300192    0.73095962    0.70262499    0.72000734    0.73549289    0.66459171    0.78245881    0.73293561    0.67084489    0.68046006    0.69888702    0.75925203    0.00000000    0.85975346    0.78678369    0.85620599    0.87062587    1.06830392    0.76589787    0.94396944    0.83348193    0.85893976    1.48287609    1.24273637    1.33746547    1.58804846    1.74570869    2.08071567    1.99569525    2.27866640    2.49811051    2.20794828    2.69108044    2.33019093    2.38746506    2.37591878    2.43493130    2.42319388    2.63707167    2.45643078    1.96831213    2.15080073    2.13782210    1.99207874    2.23918471    2.38137336    2.26379556    2.33025035    2.83326866    2.43713179    2.27350156    2.55194835    2.34649818    2.69057890    2.43942993    2.57088700    2.49758676    2.47384324    2.70472243    2.23630244    2.44319033    2.17575895    2.51018891    2.31026586    2.08721797    2.09176103    2.11636285    3.06446057    1.74693887    2.81178308    2.36750264    2.58967578    1.93171525    2.44419100    1.18294788    1.32373125    1.12892221    1.14845969    1.03749464    1.28262676    1.29141556    0.92351347    1.14129011    1.30038293    1.13285635    1.04356504    1.12873905    1.19104514    1.09538843    1.25730560    0.95922677    1.00211081    1.12706077    0.55288573    0.72617897    0.78094585    0.60551947    0.59987788    0.65119602    0.68047971    0.56528276    0.72213090    0.79654944    0.86225340    0.82794064    0.81006552
C7QC41_CATAD/1-140     1.11459614    1.10699013    1.19020566    1.06814119    0.97371591    1.00322034    0.90351432    0.98888285    0.96803176    0.91419163    1.20827227    0.99624551    1.01330201    0.94529274    0.92442778    0.90552258    1.01318993    0.95196561    0.94978571    0.90618179    1.00407172    0.98841158    0.85975346    0.00000000    0.95188491    1.09325015    1.39534770    1.22408885    0.98360362    1.34654158    1.11672466    1.13266663    1.99727449    1.70579441    2.13290908    1.99019637    1.80456313    2.56182948    2.31373065    2.43481559    2.60685133    2.14560206    2.64060250    2.47606908    2.53610649    2.45498640    2.66519285    2.69200889    2.64922101    2.31510347    2.28707445    2.25932524    2.36116498    2.44705256    2.75755512    2.60560441    2.45271592    2.67237219    2.91768114    2.72568240    2.74675962    2.53866390    2.49110167    2.63123315    2.81067344    2.84169050    2.74731149    2.59362369    3.02443489    2.88663640    3.18424844    2.47191012    2.87245091    2.66786473    1.91543460    1.95567919    2.25336187    3.11943161    2.18547334    2.66463962    3.34798455    2.84113867    2.29675558    2.13035982    1.35836245    1.33572333    1.30775142    1.41624958    1.24266217    1.52242829    1.24381592    1.01300177    1.24307993    1.29055809    1.20096389    1.31783346    1.33649441    1.32873107    1.52643549    1.29952005    1.08902911    1.14589026    1.25505666    0.97025157    1.06875160    1.09212280    1.05356409    1.06112055    1.01075781    1.03369220    0.94668928    1.06920388    1.16798449    1.17644139    1.18582786    1.12502265
