33
A0A0L8HYR6_OCTBM/675-706     0.00000000    0.51260117    0.58251618    1.09023754    0.64965594    0.73543088    0.68231249    0.78031829    0.93571956    1.18108738    1.24609951    1.04403054    0.95380553    0.87384025    1.11665792    0.73008004    0.99972913    1.16829312    1.74953565    1.92556346    1.66814045    1.85453668    2.00447463    1.71066541    1.72770561    1.91085370    0.90514219    0.76774512    1.01303623    1.07611160    1.02506800    1.38397537    1.20289198
A0A210PPC0_MIZYE/712-743     0.51260117    0.00000000    0.56693334    0.85332100    0.54147659    0.54192082    0.50682619    0.76352667    0.69093833    1.05544103    1.18779832    0.69773513    0.64117201    0.91157005    0.96201422    0.55235349    0.70811551    1.22279779    1.90918250    2.19501901    1.52568313    2.06048196    2.73179240    1.79039877    2.01347577    1.91141630    0.65751667    0.52876721    0.72478570    0.75696910    0.80719334    1.02663213    0.99481950
A7RQK0_NEMVE/674-705     0.58251618    0.56693334    0.00000000    0.56753256    0.74287949    0.51809439    0.44784540    0.57272288    0.64039402    1.00979168    1.07156280    0.61286296    0.46592916    0.64111962    0.78586176    0.39376381    0.62860854    0.89665012    1.38068774    1.70315941    1.73750869    1.43725816    1.68670671    1.39880247    1.30549567    1.32559366    0.54672866    0.65750092    0.69195298    0.72854818    0.70871280    0.99206961    0.89290712
A0A369S502_9METZ/655-686     1.09023754    0.85332100    0.56753256    0.00000000    0.77736919    0.59057047    0.77052991    0.93429177    0.77315455    1.11145019    1.34945894    0.89668214    0.69965721    1.06161898    1.08560519    0.76732246    0.92947412    1.25335555    1.81098882    2.46071013    2.19163465    1.68555857    1.87047049    1.46156567    1.55467816    1.76429907    0.87024779    0.93904927    0.73435660    0.95782419    0.91553529    1.24842507    1.13878950
F6SVH2_CIOIN/648-679     0.64965594    0.54147659    0.74287949    0.77736919    0.00000000    0.32132974    0.59348701    0.72672122    0.82964555    0.90302252    0.95600109    0.87541582    0.81216062    1.11248899    0.95314964    0.64096067    0.77468271    1.23883104    1.56514408    2.47853103    1.76246071    1.96982913    2.34178035    2.06769655    2.20620174    2.16153225    0.94327160    0.75693720    0.95087134    0.95303474    0.99397389    1.18727482    1.09335124
F6SVI8_CIOIN/706-737     0.73543088    0.54192082    0.51809439    0.59057047    0.32132974    0.00000000    0.33206424    0.51967239    0.64852705    0.66122338    0.73748086    0.58373945    0.50240354    0.85545012    0.76643472    0.36717808    0.53442580    1.06231133    1.40837741    2.55500785    1.86276868    1.76281156    2.06348303    1.63162839    2.12665122    2.10074844    0.68318260    0.57567342    0.70821382    0.77231577    0.71851809    0.93245592    0.92074011
FHI2A_BOVIN/732-763     0.68231249    0.50682619    0.44784540    0.77052991    0.59348701    0.33206424    0.00000000    0.30447975    0.45513079    0.61621118    0.68174971    0.38148988    0.34138496    0.69165862    0.51626469    0.03078640    0.45759919    1.06173160    1.92902715    2.62885638    1.71210317    2.40609905    2.11752307    2.12817241    2.57342785    2.09483928    0.67609442    0.51676891    0.51862811    0.60209485    0.61604291    0.92994409    0.88705373
A0A498MM01_LABRO/658-689     0.78031829    0.76352667    0.57272288    0.93429177    0.72672122    0.51967239    0.30447975    0.00000000    0.31217356    0.73975813    0.68462372    0.34574815    0.43228642    0.61451608    0.38069512    0.31093679    0.66121481    1.07480297    1.91408694    2.98038641    1.90206474    2.24606091    2.18637024    2.10400402    2.47957802    2.25253868    0.96881463    0.83834131    0.79606726    0.92241023    0.95396564    1.36186139    1.25314385
A0A3Q3MM17_9LABR/684-715     0.93571956    0.69093833    0.64039402    0.77315455    0.82964555    0.64852705    0.45513079    0.31217356    0.00000000    0.94902476    0.88873979    0.43466708    0.55826536    0.74444831    0.54265554    0.46475051    0.76028148    1.17697510    2.14517737    2.65280821    2.07625017    2.63533795    1.72473403    2.04313885    1.87790031    2.05158331    1.03874349    0.82493130    0.70991544    0.98719129    1.00277451    1.52291435    1.38788342
A0A1L8H214_XENLA/668-699     1.18108738    1.05544103    1.00979168    1.11145019    0.90302252    0.66122338    0.61621118    0.73975813    0.94902476    0.00000000    0.09869379    0.56606070    0.76805277    0.82534438    0.69888865    0.65602593    0.91565368    1.36691982    1.70955534    2.56178754    2.08810752    2.06292238    1.90909506    2.07212108    3.66884529    1.92269440    1.18574870    1.13344969    1.20697829    1.06305877    1.18196086    1.23746669    1.26092363
FHI2B_XENTR/666-697     1.24609951    1.18779832    1.07156280    1.34945894    0.95600109    0.73748086    0.68174971    0.68462372    0.88873979    0.09869379    0.00000000    0.55774202    0.70719609    0.81776280    0.61376718    0.72571535    0.97963720    1.42946619    1.66851099    2.55563355    2.07785801    2.06737168    1.97276193    2.08885880    3.58362383    2.02512359    1.39419761    1.24864457    1.33711229    1.17636989    1.31178669    1.37802920    1.39125978
F6ZD51_CALJA/703-734     1.04403054    0.69773513    0.61286296    0.89668214    0.87541582    0.58373945    0.38148988    0.34574815    0.43466708    0.56606070    0.55774202    0.00000000    0.29712305    0.41835859    0.33329924    0.35464968    0.59683911    1.04766036    2.15044235    2.29150384    1.84938604    2.27533183    2.35708806    2.18265898    2.39590813    1.83395006    0.90265633    0.84807051    0.58058410    0.73832911    0.84506963    1.08519625    1.13698980
A0A402EIZ5_9SAUR/699-730     0.95380553    0.64117201    0.46592916    0.69965721    0.81216062    0.50240354    0.34138496    0.43228642    0.55826536    0.76805277    0.70719609    0.29712305    0.00000000    0.43859962    0.45517446    0.34133332    0.57492617    1.13483180    1.68868505    2.33591787    1.81337084    1.93605935    2.27618395    1.85881365    2.19014584    1.89024491    0.76910706    0.84305766    0.76142348    0.80989885    0.76959806    1.13993559    1.07716222
A0A3Q3B1S9_CHICK/90-121     0.87384025    0.91157005    0.64111962    1.06161898    1.11248899    0.85545012    0.69165862    0.61451608    0.74444831    0.82534438    0.81776280    0.41835859    0.43859962    0.00000000    0.35851696    0.68954921    0.78568317    1.23401020    1.62642393    2.11325677    1.64667056    1.51438986    2.07095018    1.79715477    1.91398260    2.05472421    1.07472024    0.80046134    0.85591899    0.86745919    0.89002053    1.17262710    1.18494672
A0A3M0IRA2_HIRRU/896-927     1.11665792    0.96201422    0.78586176    1.08560519    0.95314964    0.76643472    0.51626469    0.38069512    0.54265554    0.69888865    0.61376718    0.33329924    0.45517446    0.35851696    0.00000000    0.52703713    0.74025209    1.28522497    2.10318991    2.90493104    1.79454035    2.36090955    2.52029891    2.20171855    2.45593847    2.14713974    1.17852733    0.94881044    0.89825739    0.92874929    0.88472560    1.17707939    1.23602598
A0A2K5EAH0_AOTNA/707-738     0.73008004    0.55235349    0.39376381    0.76732246    0.64096067    0.36717808    0.03078640    0.31093679    0.46475051    0.65602593    0.72571535    0.35464968    0.34133332    0.68954921    0.52703713    0.00000000    0.47364551    0.99904160    2.01696985    2.62667429    1.83510270    2.47106380    2.14999664    2.16968145    2.56951178    1.96631807    0.61373100    0.56463614    0.46559785    0.54451630    0.55350213    0.85533277    0.81559094
A0A212EU26_DANPL/356-387     0.99972913    0.70811551    0.62860854    0.92947412    0.77468271    0.53442580    0.45759919    0.66121481    0.76028148    0.91565368    0.97963720    0.59683911    0.57492617    0.78568317    0.74025209    0.47364551    0.00000000    0.79854303    1.57745988    3.46667002    1.60287265    1.91856593    2.08505475    1.57946365    2.13748368    2.25779554    0.61858791    0.43014684    0.55498430    0.64524694    0.54127873    0.71811094    0.73846141
A0A397VIR4_9GLOM/756-787     1.16829312    1.22279779    0.89665012    1.25335555    1.23883104    1.06231133    1.06173160    1.07480297    1.17697510    1.36691982    1.42946619    1.04766036    1.13483180    1.23401020    1.28522497    0.99904160    0.79854303    0.00000000    1.42171340    2.55377326    2.50875210    2.46685881    2.38834628    2.18296748    2.03167991    1.60055773    1.04763579    0.93606433    1.07078994    1.10167601    0.95253144    1.23059669    1.15162060
U518_BRUMA/958-989     1.74953565    1.90918250    1.38068774    1.81098882    1.56514408    1.40837741    1.92902715    1.91408694    2.14517737    1.70955534    1.66851099    2.15044235    1.68868505    1.62642393    2.10318991    2.01696985    1.57745988    1.42171340    0.00000000    1.39313752    1.49215475    1.24344153    1.67127046    1.37352592    1.67908531    1.08590684    2.17757133    1.88011542    2.04488972    2.19348321    2.25874745    2.53436173    2.08032871
FHI1A_MOUSE/1039-1070     1.92556346    2.19501901    1.70315941    2.46071013    2.47853103    2.55500785    2.62885638    2.98038641    2.65280821    2.56178754    2.55563355    2.29150384    2.33591787    2.11325677    2.90493104    2.62667429    3.46667002    2.55377326    1.39313752    0.00000000    1.23691504    0.99561771    1.30850758    1.36538115    0.98331085    0.69062619    2.15509935    3.03591339    2.95904617    2.60780546    3.52521019    4.80550470    3.36003531
U518_MONBE/847-878     1.66814045    1.52568313    1.73750869    2.19163465    1.76246071    1.86276868    1.71210317    1.90206474    2.07625017    2.08810752    2.07785801    1.84938604    1.81337084    1.64667056    1.79454035    1.83510270    1.60287265    2.50875210    1.49215475    1.23691504    0.00000000    1.10951249    1.67935715    1.35556997    1.31200646    1.85354883    1.66809703    1.67201814    2.03871895    1.71616828    1.88979925    2.36086178    2.16256220
U518_DROME/1004-1035     1.85453668    2.06048196    1.43725816    1.68555857    1.96982913    1.76281156    2.40609905    2.24606091    2.63533795    2.06292238    2.06737168    2.27533183    1.93605935    1.51438986    2.36090955    2.47106380    1.91856593    2.46685881    1.24344153    0.99561771    1.10951249    0.00000000    0.61864914    0.29131065    0.99407483    0.96472770    2.29366122    1.93316451    2.20927942    1.98589213    1.90618930    1.73161685    1.61589894
U518_ANOGA/975-1006     2.00447463    2.73179240    1.68670671    1.87047049    2.34178035    2.06348303    2.11752307    2.18637024    1.72473403    1.90909506    1.97276193    2.35708806    2.27618395    2.07095018    2.52029891    2.14999664    2.08505475    2.38834628    1.67127046    1.30850758    1.67935715    0.61864914    0.00000000    0.41367852    1.11852232    1.31504725    2.50482033    2.50501245    2.01629301    2.42669276    2.15199886    2.25684600    2.04249084
U518_CULQU/951-982     1.71066541    1.79039877    1.39880247    1.46156567    2.06769655    1.63162839    2.12817241    2.10400402    2.04313885    2.07212108    2.08885880    2.18265898    1.85881365    1.79715477    2.20171855    2.16968145    1.57946365    2.18296748    1.37352592    1.36538115    1.35556997    0.29131065    0.41367852    0.00000000    0.96946979    1.07223388    2.31871901    2.05683294    1.60742869    1.91713755    1.84938135    1.68247421    1.67720321
U518_NEMVE/827-858     1.72770561    2.01347577    1.30549567    1.55467816    2.20620174    2.12665122    2.57342785    2.47957802    1.87790031    3.66884529    3.58362383    2.39590813    2.19014584    1.91398260    2.45593847    2.56951178    2.13748368    2.03167991    1.67908531    0.98331085    1.31200646    0.99407483    1.11852232    0.96946979    0.00000000    0.56220351    1.95629790    2.24798630    1.97141051    2.21606811    2.22259791    3.08434477    2.60884931
FHI1B_PONAB/919-950     1.91085370    1.91141630    1.32559366    1.76429907    2.16153225    2.10074844    2.09483928    2.25253868    2.05158331    1.92269440    2.02512359    1.83395006    1.89024491    2.05472421    2.14713974    1.96631807    2.25779554    1.60055773    1.08590684    0.69062619    1.85354883    0.96472770    1.31504725    1.07223388    0.56220351    0.00000000    2.16083067    2.44648199    1.88570089    1.86346533    2.15931360    2.41672028    2.20957143
A0A443R1T0_9ACAR/627-658     0.90514219    0.65751667    0.54672866    0.87024779    0.94327160    0.68318260    0.67609442    0.96881463    1.03874349    1.18574870    1.39419761    0.90265633    0.76910706    1.07472024    1.17852733    0.61373100    0.61858791    1.04763579    2.17757133    2.15509935    1.66809703    2.29366122    2.50482033    2.31871901    1.95629790    2.16083067    0.00000000    0.54860494    0.68531259    0.67220091    0.55555909    0.77560143    0.71876043
A0A1J1IHP7_9DIPT/721-752     0.76774512    0.52876721    0.65750092    0.93904927    0.75693720    0.57567342    0.51676891    0.83834131    0.82493130    1.13344969    1.24864457    0.84807051    0.84305766    0.80046134    0.94881044    0.56463614    0.43014684    0.93606433    1.88011542    3.03591339    1.67201814    1.93316451    2.50501245    2.05683294    2.24798630    2.44648199    0.54860494    0.00000000    0.48667565    0.52810479    0.49996172    0.70986448    0.54470750
A0A067RIZ5_ZOONE/748-779     1.01303623    0.72478570    0.69195298    0.73435660    0.95087134    0.70821382    0.51862811    0.79606726    0.70991544    1.20697829    1.33711229    0.58058410    0.76142348    0.85591899    0.89825739    0.46559785    0.55498430    1.07078994    2.04488972    2.95904617    2.03871895    2.20927942    2.01629301    1.60742869    1.97141051    1.88570089    0.68531259    0.48667565    0.00000000    0.41467616    0.40751297    0.54864955    0.62458736
A0A232FCW0_9HYME/780-811     1.07611160    0.75696910    0.72854818    0.95782419    0.95303474    0.77231577    0.60209485    0.92241023    0.98719129    1.06305877    1.17636989    0.73832911    0.80989885    0.86745919    0.92874929    0.54451630    0.64524694    1.10167601    2.19348321    2.60780546    1.71616828    1.98589213    2.42669276    1.91713755    2.21606811    1.86346533    0.67220091    0.52810479    0.41467616    0.00000000    0.24114052    0.25850912    0.32931563
A0A2A3EEU7_APICC/808-839     1.02506800    0.80719334    0.70871280    0.91553529    0.99397389    0.71851809    0.61604291    0.95396564    1.00277451    1.18196086    1.31178669    0.84506963    0.76959806    0.89002053    0.88472560    0.55350213    0.54127873    0.95253144    2.25874745    3.52521019    1.88979925    1.90618930    2.15199886    1.84938135    2.22259791    2.15931360    0.55555909    0.49996172    0.40751297    0.24114052    0.00000000    0.19650235    0.23199515
A0A151IW81_9HYME/822-853     1.38397537    1.02663213    0.99206961    1.24842507    1.18727482    0.93245592    0.92994409    1.36186139    1.52291435    1.23746669    1.37802920    1.08519625    1.13993559    1.17262710    1.17707939    0.85533277    0.71811094    1.23059669    2.53436173    4.80550470    2.36086178    1.73161685    2.25684600    1.68247421    3.08434477    2.41672028    0.77560143    0.70986448    0.54864955    0.25850912    0.19650235    0.00000000    0.26959534
E2C4M3_HARSA/796-827     1.20289198    0.99481950    0.89290712    1.13878950    1.09335124    0.92074011    0.88705373    1.25314385    1.38788342    1.26092363    1.39125978    1.13698980    1.07716222    1.18494672    1.23602598    0.81559094    0.73846141    1.15162060    2.08032871    3.36003531    2.16256220    1.61589894    2.04249084    1.67720321    2.60884931    2.20957143    0.71876043    0.54470750    0.62458736    0.32931563    0.23199515    0.26959534    0.00000000

