22
A0A227PFI1_9FLAO/1-141     0.00000000    0.42883201    0.43222347    0.50192255    0.38309646    0.75683200    0.67681150    0.71934999    0.84368823    1.35264740    0.95341963    0.77448050    0.69929808    0.96462813    0.75394910    0.61238921    0.71017571    1.63947745    2.09044198    0.45532765    0.48756036    0.52589732
A0A0M9VJB7_9FLAO/1-141     0.42883201    0.00000000    0.41021006    0.53972261    0.46154537    0.80865021    0.75518503    0.95033589    1.02814025    1.59808582    1.07555238    0.86028448    0.77099732    1.01092541    0.82380778    0.61933618    0.73452434    1.62833582    1.98794013    0.54272693    0.69877576    0.67483320
A0A0N1MHG0_9FLAO/1-141     0.43222347    0.41021006    0.00000000    0.52363676    0.38601206    0.87420115    0.76973335    0.92557725    0.98875999    1.53730581    1.02030620    0.98237178    0.95083381    1.09886613    0.89476225    0.72331927    0.81773826    1.53281264    1.92194297    0.57110330    0.52333410    0.65855970
A0A291QT48_9BACT/1-141     0.50192255    0.53972261    0.52363676    0.00000000    0.44352761    0.81485452    0.73922848    0.91962652    0.93367067    1.46939513    0.86783008    0.88532224    0.91271828    1.05854860    0.97658752    0.66043790    0.82199253    1.64729558    2.02919344    0.59342570    0.70703608    0.79861698
F4C5V4_SPHS2/1-141     0.38309646    0.46154537    0.38601206    0.44352761    0.00000000    0.89748610    0.78674946    0.88422921    1.06359806    1.45199578    1.06213997    0.96872564    0.91775203    1.09245888    0.90803739    0.62313579    0.84453354    1.62557226    2.02919554    0.48048024    0.56084634    0.57769064
I8XIE9_9BACE/1-140     0.75683200    0.80865021    0.87420115    0.81485452    0.89748610    0.00000000    0.86071373    0.96639570    0.92076616    1.33154147    0.83329897    0.85817891    0.88347977    1.00925968    0.90105057    0.70053554    0.81013959    1.45098846    1.81644794    0.74535088    0.79949751    0.88016526
A0A1Y4HEY9_9BACT/3-144     0.67681150    0.75518503    0.76973335    0.73922848    0.78674946    0.86071373    0.00000000    0.68944289    0.63121064    1.14368118    0.96140242    0.85444250    1.00681879    1.03681766    0.83861254    0.73883677    0.85849805    1.60529806    2.16077907    0.81883095    0.79793318    0.82779482
A6KY69_BACV8/1-138     0.71934999    0.95033589    0.92557725    0.91962652    0.88422921    0.96639570    0.68944289    0.00000000    0.35000394    1.25232326    0.87622469    0.99146177    1.08236533    1.16493602    0.91474979    0.94720971    0.94593735    1.53480020    2.20896537    0.91404889    0.89067176    0.90212313
E5WZ87_9BACE/1-138     0.84368823    1.02814025    0.98875999    0.93367067    1.06359806    0.92076616    0.63121064    0.35000394    0.00000000    1.21194505    0.91156588    0.94172022    1.09220031    1.19415330    0.95450138    0.79755617    0.83450841    1.43868191    1.90614915    0.93742723    0.99506723    1.02435418
A0A1Y3V9Y3_9BACT/1-137     1.35264740    1.59808582    1.53730581    1.46939513    1.45199578    1.33154147    1.14368118    1.25232326    1.21194505    0.00000000    1.19233891    1.29013696    1.55749329    1.53301742    1.44500184    1.39400192    1.37027540    1.71036388    2.14612443    1.47909643    1.30268944    1.33831504
A0A239RI84_9BACT/1-137     0.95341963    1.07555238    1.02030620    0.86783008    1.06213997    0.83329897    0.96140242    0.87622469    0.91156588    1.19233891    0.00000000    0.67380797    0.93571566    0.86242473    0.79541046    0.75743021    0.74717568    1.31174470    1.68370693    0.78751267    0.97115917    0.95459450
A0A0A2E927_9PORP/1-143     0.77448050    0.86028448    0.98237178    0.88532224    0.96872564    0.85817891    0.85444250    0.99146177    0.94172022    1.29013696    0.67380797    0.00000000    0.62101552    0.75455713    0.68301747    0.66303462    0.70666266    1.38931029    1.94164647    0.80563475    0.93823011    0.93181939
A0A060R6T0_9BACT/1-131     0.69929808    0.77099732    0.95083381    0.91271828    0.91775203    0.88347977    1.00681879    1.08236533    1.09220031    1.55749329    0.93571566    0.62101552    0.00000000    0.67020431    0.56106701    0.74053570    0.80724267    1.68104965    1.99243155    0.95063020    1.09936396    1.08721181
A0A0A2E171_9PORP/1-135     0.96462813    1.01092541    1.09886613    1.05854860    1.09245888    1.00925968    1.03681766    1.16493602    1.19415330    1.53301742    0.86242473    0.75455713    0.67020431    0.00000000    0.30449831    0.84817581    0.84955900    1.50195074    1.97119780    0.98142944    1.03992738    1.11983334
G5GDK0_9BACT/1-130     0.75394910    0.82380778    0.89476225    0.97658752    0.90803739    0.90105057    0.83861254    0.91474979    0.95450138    1.44500184    0.79541046    0.68301747    0.56106701    0.30449831    0.00000000    0.73486336    0.68447268    1.41244891    2.00107942    0.82399855    0.81362536    0.87256641
S0GQD7_9BACT/1-143     0.61238921    0.61933618    0.72331927    0.66043790    0.62313579    0.70053554    0.73883677    0.94720971    0.79755617    1.39400192    0.75743021    0.66303462    0.74053570    0.84817581    0.73486336    0.00000000    0.47876586    1.18266873    1.53076062    0.56295854    0.79025107    0.83481482
A0A1M6MR15_9BACT/1-139     0.71017571    0.73452434    0.81773826    0.82199253    0.84453354    0.81013959    0.85849805    0.94593735    0.83450841    1.37027540    0.74717568    0.70666266    0.80724267    0.84955900    0.68447268    0.47876586    0.00000000    1.21017063    1.60238465    0.73057586    0.83750897    0.95293979
U2MNH3_9BACT/1-128     1.63947745    1.62833582    1.53281264    1.64729558    1.62557226    1.45098846    1.60529806    1.53480020    1.43868191    1.71036388    1.31174470    1.38931029    1.68104965    1.50195074    1.41244891    1.18266873    1.21017063    0.00000000    0.87602193    1.43332607    1.56642972    1.63225644
A0A0A2G7I9_9PORP/1-139     2.09044198    1.98794013    1.92194297    2.02919344    2.02919554    1.81644794    2.16077907    2.20896537    1.90614915    2.14612443    1.68370693    1.94164647    1.99243155    1.97119780    2.00107942    1.53076062    1.60238465    0.87602193    0.00000000    1.93370883    2.01242906    1.83855719
A0A1U7PQS7_9FLAO/1-141     0.45532765    0.54272693    0.57110330    0.59342570    0.48048024    0.74535088    0.81883095    0.91404889    0.93742723    1.47909643    0.78751267    0.80563475    0.95063020    0.98142944    0.82399855    0.56295854    0.73057586    1.43332607    1.93370883    0.00000000    0.58639260    0.38398551
A0A172XTL7_9FLAO/1-141     0.48756036    0.69877576    0.52333410    0.70703608    0.56084634    0.79949751    0.79793318    0.89067176    0.99506723    1.30268944    0.97115917    0.93823011    1.09936396    1.03992738    0.81362536    0.79025107    0.83750897    1.56642972    2.01242906    0.58639260    0.00000000    0.33596970
A0A1M6N9N8_9FLAO/1-141     0.52589732    0.67483320    0.65855970    0.79861698    0.57769064    0.88016526    0.82779482    0.90212313    1.02435418    1.33831504    0.95459450    0.93181939    1.08721181    1.11983334    0.87256641    0.83481482    0.95293979    1.63225644    1.83855719    0.38398551    0.33596970    0.00000000

