10
A0A2P1ELX7_9VIRU/32-166     0.00000000    0.96303240    1.64925156    1.86953379    1.49655507    1.53600220    1.36163229    1.23274093    1.12279343    1.44236106
G5CT17_9VIRU/32-164     0.96303240    0.00000000    1.64985058    1.73575553    1.40561539    1.31685007    1.66109100    1.25606085    1.19653364    1.15769878
YL333_MIMIV/44-179     1.64925156    1.64985058    0.00000000    1.89400886    1.49731534    1.60145258    2.13128395    1.93602447    1.96580660    1.67407528
G5CT18_9VIRU/40-175     1.86953379    1.73575553    1.89400886    0.00000000    0.77864409    0.87559364    1.90154020    1.81325526    1.80936206    1.72730480
A0A2P1ELX2_9VIRU/46-180     1.49655507    1.40561539    1.49731534    0.77864409    0.00000000    0.38701552    1.63592212    1.34872921    1.36536231    1.38087239
M1NMH6_9VIRU/44-178     1.53600220    1.31685007    1.60145258    0.87559364    0.38701552    0.00000000    1.66876666    1.34650324    1.43548292    1.54726398
G5CT19_9VIRU/24-161     1.36163229    1.66109100    2.13128395    1.90154020    1.63592212    1.66876666    0.00000000    1.07301748    1.04206282    1.53975536
L7RCK8_9VIRU/37-174     1.23274093    1.25606085    1.93602447    1.81325526    1.34872921    1.34650324    1.07301748    0.00000000    0.22902140    1.50543031
M1PBE9_9VIRU/37-174     1.12279343    1.19653364    1.96580660    1.80936206    1.36536231    1.43548292    1.04206282    0.22902140    0.00000000    1.47554724
YL334_MIMIV/27-157     1.44236106    1.15769878    1.67407528    1.72730480    1.38087239    1.54726398    1.53975536    1.50543031    1.47554724    0.00000000

