152
X0BDD7_FUSOX/223-491     0.00000000    2.44408405    2.26893778    2.45811154    2.23741965    2.03610794    2.18773868    2.28617982    3.68078095    1.71198081    1.90348411    2.07899987    1.98456326    2.11481111    2.82761285    1.79379055    2.54552165    1.99642568    1.59648674    1.79597449    2.22517659    1.89246125    1.89511373    2.08063972    1.92386763    2.07549735    2.29379333    2.35257802    2.16085796    2.21772128    1.86999659    1.76448610    2.13480079    1.90447449    1.99725775    2.02184243    1.97850735    1.76782361    1.93200508    1.69917888    2.66454801    2.60824626    2.82428077    2.81086159    3.14747372    2.62765218    2.61529154    2.77253783    2.70226738    2.81619564    2.37233697    2.24112254    2.95952352    2.50612059    2.74860836    2.83378234    2.98477832    2.84733903    2.80503818    2.63937881    2.68945076    2.82991920    2.83741377    2.90041922    2.80192749    2.56792080    2.50051782    2.75187453    2.55323126    2.41588700    2.33951938    2.39271785    2.70276323    2.95199860    3.03529770    2.66299916    2.69040647    3.51860580    3.07433935    2.25555019    2.66087417    2.72048824    2.51128159    2.79294091    2.73012752    2.91698921    2.60137305    2.41405204    2.80580797    2.94471282    3.03473675    2.64386143    2.38481305    2.86053967    3.02643211    2.84515977    3.03641002    3.21142391    2.49014439    2.34500238    2.51494715    2.48733109    2.66020089    2.77078512    2.66162458    3.02895609    2.89239075    2.86509947    2.46661227    2.40179464    2.17576809    2.47470050    2.27897220    3.01773261    2.39083423    2.20749913    2.37565557    2.16913602    1.98430110    2.09472989    2.34264058    2.52243057    2.60950952    1.87066748    1.95738580    1.90110627    1.99588922    2.28274995    2.55819260    2.24170351    3.20088750    2.51490256    1.83279073    1.81040907    2.52616616    2.54131042    3.49173289    3.02089523    3.26208720    2.62717317    2.93759104    3.31788720    3.52306415    3.47341569    3.68166901    3.65956302    2.68753036    3.01842065    3.06169918    3.20200726    3.76642209    2.81967983
J3NXM1_GAET3/163-476     2.44408405    0.00000000    1.21026956    1.99567861    1.67475838    2.04087632    1.68566258    1.74133740    4.59721434    1.99267890    2.14497013    2.38674701    2.48616525    1.82446621    2.46996328    2.09638723    2.38883286    2.01558904    2.10358696    2.12684300    1.92077398    1.63466887    2.07749631    1.96945677    1.92138448    1.79747821    2.37836154    2.06124522    2.36637367    2.08103510    1.94509760    2.16875731    2.43560900    2.01342497    2.29672965    2.38493068    2.23406522    2.02359209    2.39311867    1.95422448    2.65028090    2.49032959    3.20187642    2.80889799    2.53811401    2.60209837    2.30679836    2.69296291    2.76050944    2.71239591    2.62458182    2.46998330    2.91477928    2.88457861    2.67341634    2.84244446    3.00276373    3.14114954    3.19185281    2.92452680    2.47009030    2.54697828    3.07725097    2.93812621    2.75071631    2.49982593    2.71395261    2.61608899    2.85197626    2.86474751    2.94967849    2.38791870    2.46913673    2.99460442    3.32425063    2.64587027    2.32893328    2.84650039    3.01280234    2.93255312    2.28202762    2.23033903    2.17695051    3.33897791    3.10918923    2.74358835    2.55480470    2.55249701    2.19643809    2.15023609    3.35215514    2.63432962    2.62472085    2.33742117    2.56826559    2.84263212    2.68307160    2.91650338    2.39591297    2.11434123    2.11360883    2.44033991    2.82077921    2.85481796    2.36685154    2.59237185    2.37774258    2.81206066    2.09725730    2.44835348    2.38091085    2.83882445    2.56271637    2.57568124    2.44997690    2.91138426    2.83850455    2.51627656    2.41603941    2.60127104    2.45425553    2.71223451    2.82833600    2.02929364    2.32766088    2.42446948    2.33614298    2.53928727    2.66245824    2.58570284    3.11900917    2.69912809    2.30771209    2.03590564    2.70664553    2.97086853    3.22238918    3.37781593    2.84305795    2.07587573    2.80947192    3.11457807    3.73204110    3.27398206    3.22495921    3.39930078    3.08634751    3.05430808    2.81828075    3.46177500    3.18763075    2.60340652
A0A1W2TP99_ROSNE/169-512     2.26893778    1.21026956    0.00000000    1.80817611    1.74341088    1.78408119    1.41734096    1.65910941    3.43479699    1.95755452    1.95955075    2.10864183    2.20472922    1.69713628    2.37734116    1.82212900    2.09174923    1.87100491    2.04430621    1.95936902    1.88116370    1.58234967    2.12754090    1.90410572    1.83168869    2.17638346    2.93978374    1.90611732    2.06317631    1.92914248    2.27794807    2.33635182    2.58998490    2.35309081    2.41140838    2.22385515    2.48047594    1.81665419    2.08580390    1.73073221    2.44263253    2.25558237    3.08459298    2.48201706    2.69829865    2.42117844    2.45414979    2.69534696    2.63960397    2.53478044    2.62508009    2.46278571    2.42532315    2.67612818    2.27658229    2.32606952    2.72111637    2.28803285    2.37042804    2.58934117    2.02260063    2.23410832    2.65384274    2.18879444    2.39220506    2.25683410    2.63496322    2.44771551    2.70408855    2.70069981    2.78480141    2.50235846    2.77513029    2.91618215    3.27187486    2.79823917    2.46218191    2.69879824    2.59329107    2.37988765    2.14333582    2.33190952    2.16986811    2.83599548    2.75066439    2.27718116    2.19320666    2.32288455    2.32449542    2.01654615    3.35639688    2.63997103    2.71153395    2.15070923    2.71018047    2.62274848    2.60805023    2.76191619    2.45256958    2.13694168    2.09933902    2.29496933    2.55993759    2.94516160    2.56794301    2.62851177    2.54897757    3.10822169    2.22494137    2.77445120    2.37862238    2.46870713    2.32472045    2.58640505    2.45369778    2.32434409    2.59125535    2.22049869    2.29872734    2.55438061    2.53736058    2.45883851    2.54115321    1.81331244    2.22885860    2.27225706    2.36672186    2.56539517    2.84635674    2.65327800    3.04743864    2.54704980    1.79374454    2.13388224    2.30050929    3.19943631    3.63784855    3.30137820    2.96580357    2.87742297    2.39664918    3.25002329    3.43453388    4.16971215    3.52381452    3.59434744    3.60668359    2.78588442    3.08980169    3.52737439    2.95435731    2.67965131
A0A1W2TXH4_ROSNE/163-483     2.45811154    1.99567861    1.80817611    0.00000000    1.51726744    1.37444834    1.59246598    1.61457390    3.09911990    1.83612773    1.85941539    2.19250504    2.31420216    1.91604569    2.18472774    1.81860733    2.51997663    2.26266507    2.00376929    2.15391664    2.15400720    1.86589669    1.97668321    2.67109527    2.21991564    2.12820469    2.59554279    2.48717670    2.09502763    2.28023826    2.80043322    2.30179406    2.69290808    2.29787757    2.50134113    2.12642897    2.29201995    2.13579935    2.42335810    2.24924685    2.83512976    2.69526618    3.43301970    2.65085982    2.62029799    2.72711152    2.48483366    2.89989948    2.82417302    2.68800508    2.43275709    2.77071595    3.45882417    2.57415724    2.32717910    2.48542204    2.43435023    2.47026931    2.94738989    2.44942727    2.19688964    2.57741316    2.84521698    2.62542449    2.49468778    2.77090311    3.03915137    2.94309404    2.47511560    2.91865870    2.91826861    2.66712702    2.54374979    2.51292505    3.29740207    2.65265351    3.19794007    2.92759728    2.76537816    2.81614592    2.68369360    2.28720175    2.04091559    2.66838234    2.92952103    2.48900902    2.20957838    2.83085601    2.60500081    2.48347599    3.38277347    2.84784474    2.82592813    2.63540272    3.10225063    2.64800948    3.06947640    2.83429851    2.35159482    2.47039449    2.61037659    2.40193386    2.92661914    2.86571557    2.55857418    2.58329675    2.53139229    2.73839386    2.62971085    2.81269868    2.42650984    2.59531166    2.68389663    2.95425320    2.72021105    2.19345347    2.62880264    2.68120357    2.51471256    2.41729111    2.56101233    2.44198731    2.67531397    2.32982855    2.45384842    2.27558502    2.82602455    2.77509371    2.59963623    2.61513983    3.03418229    2.61863096    2.09996024    2.40785409    2.53113423    3.00640934    3.89099588    3.03668176    3.51423907    2.65660938    2.87113577    3.67109837    3.65759918    4.11176455    3.41917540    3.89741648    3.16995265    2.99211077    3.14404631    3.56733826    3.76664627    3.52290241
A0A1V1TVP4_9FUNG/170-482     2.23741965    1.67475838    1.74341088    1.51726744    0.00000000    1.45383636    1.38566113    1.59869183    4.00069647    1.84987827    1.84092928    2.22559879    2.41592741    1.93553619    2.47752560    2.03905845    2.34271813    2.31257505    2.06584779    2.13107933    1.86622413    1.70569887    1.73989668    2.28120896    1.99353665    1.76768320    2.62051052    2.10076246    2.07996696    2.14746668    2.36843629    2.19706186    2.20419513    2.14655327    2.30386260    2.24982319    2.24591795    2.17142872    2.77111450    2.05670024    2.40815009    2.28595119    3.06129191    2.43027512    2.27595519    2.50446006    2.48344250    2.66038348    2.64516499    2.80545770    2.27082605    2.42243096    2.95023047    2.26178116    2.38258087    2.26101885    2.56731077    2.41811952    2.21896540    2.33233011    2.18015636    2.21476721    2.38974685    2.42020962    2.49607882    2.39896080    2.40285699    2.79106135    2.70920869    2.86714443    3.02526862    2.30224694    2.43217933    2.81575491    2.60722604    2.76237051    2.28714871    2.69982666    2.61077703    2.27219466    2.22087225    2.22985631    2.07464751    2.75702746    2.53548802    2.58103927    1.92745354    2.30161965    2.55809698    2.45909874    2.93597035    2.59075399    2.55878564    2.45471795    2.77017793    2.46614999    3.08056687    2.95469378    2.40128484    2.42011481    2.07167243    2.45065027    2.28735011    2.51274604    2.08853107    2.30223620    2.22756178    2.31331022    2.45459894    2.54520241    2.46807981    2.23517586    2.37364734    2.91041928    2.50547556    2.28290065    2.73457973    2.21533297    1.98937815    2.37782702    2.59668744    2.37361833    2.44422358    2.21213379    2.10219747    2.62602472    2.60155985    2.79478706    2.42891690    2.25965708    2.65984569    2.14801011    1.97385353    2.04634320    2.17034455    2.92025200    3.46254637    2.64879817    3.17110031    2.64738318    2.77667862    3.16049080    3.40468653    3.44465959    4.27255598    3.65301254    2.78293355    2.62782466    3.14406930    3.40120583    3.26883100    3.14619299
A0A1W2TTB9_ROSNE/194-493     2.03610794    2.04087632    1.78408119    1.37444834    1.45383636    0.00000000    1.40416728    1.49539534    3.74009151    1.87668021    1.94595616    2.16070071    2.59861068    1.88483189    1.97228022    1.75756229    2.17548095    1.91334830    1.99145177    1.81558892    1.79302874    1.65240061    1.85160055    2.20419380    1.84462849    1.96830249    2.37783992    2.25278143    2.11979771    2.00656277    2.32929134    2.05839665    2.41037464    2.33778634    2.21476133    2.02609185    2.10470959    1.95264547    2.47416157    2.13143614    2.81769354    2.40303990    2.96524378    2.41896073    2.89046076    3.11556209    2.69874518    2.45304092    2.84194261    2.69570483    2.50191235    2.47174520    3.03108019    2.42190825    2.31160292    2.33233667    2.23953359    2.56986459    2.70997492    2.46777115    2.37917458    2.57437951    2.45908795    2.55237145    2.44311028    2.71287013    2.69178577    2.87667316    2.89034321    2.88517114    2.89736700    2.26857235    2.43668088    2.48712794    2.87323312    3.03150324    2.69182680    3.03870371    2.84904027    2.66012596    2.50079759    2.29147819    2.11810614    2.60259592    2.52872556    2.66456002    2.36966726    2.43977506    2.82548951    2.67138627    3.52147156    2.69053660    2.61772939    2.40645975    3.26590454    2.68340066    2.93181742    3.09657526    2.38206432    2.20200002    2.44753256    2.49586206    2.24577243    2.54345921    2.45240057    2.57367443    2.39092399    2.82608920    2.56747578    2.84725714    2.21091951    2.72518435    2.53952331    2.86582913    2.34068781    2.25735920    2.39220715    2.32285510    2.32261445    2.50304952    2.26142015    2.36000006    2.38668297    2.02734110    2.02059218    2.52849437    2.56629730    2.50740825    2.48625678    2.41153271    2.86962549    2.22804424    2.09987413    2.17967977    2.19773596    3.15585111    3.43819797    3.03341251    2.85709092    2.29080228    2.64477562    2.65535295    3.26606251    3.84538359    3.28926613    3.61775377    2.89801647    2.92660857    2.89397080    2.89719912    3.35237879    3.22200790
A0A1V1T645_9FUNG/176-468     2.18773868    1.68566258    1.41734096    1.59246598    1.38566113    1.40416728    0.00000000    1.36195102    3.18110879    1.74778925    1.88855905    1.93491989    2.33707188    1.65012648    2.09465923    1.97110163    1.96267052    2.14378380    2.26784036    1.94866359    1.79379374    1.76242816    1.83596943    1.92053832    1.72892455    1.73510933    2.65172885    2.25019043    2.14159380    1.90369899    2.28404992    2.18633828    1.99313785    2.14548230    2.35991332    2.15968076    2.41073288    2.05334360    2.38996917    1.97896216    2.70999646    2.58428389    2.85609258    2.25232052    2.55625751    2.55643686    2.36954924    2.39626741    2.35891949    2.76466663    2.19313443    2.17390762    2.53592105    2.42044473    2.38996977    2.65277994    2.76939392    2.55222729    2.40090494    2.33625304    2.07314880    2.45638428    2.57395814    2.70202333    2.50378676    2.67477616    2.49268329    2.71557419    2.77779348    2.61762454    2.56881129    2.62342671    2.53435894    2.70467572    3.19446964    3.04134439    2.27697329    2.56549152    2.39428246    2.49738431    2.21032841    2.17901997    2.21105739    2.41239081    2.67615714    2.39705340    2.01065156    2.72946035    2.16825427    2.24914362    3.21868481    2.70031798    2.20648355    2.17101464    3.20980143    2.54213844    2.55361385    2.68730014    2.37124862    2.32536805    2.17002910    2.26530771    2.11672499    2.38473723    2.16422512    2.49882272    2.26042941    2.62308431    2.43539712    2.73720365    2.13323327    2.63449434    2.49131323    3.06316326    2.43110040    2.15662479    2.45292846    2.28776519    2.24916202    2.42520098    2.37488442    2.08436091    2.44321539    2.07983020    1.99249905    2.42787529    2.37251395    2.41187605    2.76682690    2.87027871    2.62752332    2.50004182    1.84033719    2.24334941    2.34735755    2.98892081    3.51191487    2.97118528    2.59665337    2.23994179    2.61114463    3.06279224    3.16100002    3.99326749    3.66136600    3.89284255    3.11679120    2.51649606    3.16315269    3.78139783    4.31151430    2.91694937
A0A1V1TRM2_9FUNG/198-504     2.28617982    1.74133740    1.65910941    1.61457390    1.59869183    1.49539534    1.36195102    0.00000000    4.13000693    1.75161077    2.10999205    2.09001964    2.14723343    1.91774622    2.47008824    2.00591148    2.01311128    2.21171574    2.23029696    1.99272928    1.84942224    1.82134699    1.87289796    1.98610342    1.75102069    2.10845085    2.45635871    2.22025488    2.09702625    2.07520088    2.40010259    2.18462149    2.40304681    1.95455572    2.39896496    2.14339709    2.50681417    2.12436703    2.32059335    2.06742392    2.63557980    2.52308136    3.12269832    2.56704145    2.63464850    2.52189617    2.17161066    2.61832932    2.61353366    2.59269537    2.25769333    2.61504998    2.83947863    2.63521799    2.68978746    2.41131973    2.41783358    2.65381613    2.47170764    2.34700466    2.06236859    2.40087541    2.81193937    2.76677110    2.32166312    2.51976203    2.76088004    2.50689443    2.76664289    2.86671901    2.86120980    2.13234891    2.35121310    2.46268350    3.21337955    2.61819883    2.52080008    2.39834783    2.69611081    2.70014349    2.55778357    1.99261655    1.96458293    2.58851970    2.53559233    2.62813703    2.09022076    2.87805888    2.39881869    2.32606761    3.43853871    2.72508128    2.06019812    2.54777947    2.93291426    2.54831964    2.74572517    2.70037156    2.32334743    2.32184937    2.23180953    2.40814169    2.39387407    2.53606822    2.26403877    2.64422588    2.64640412    2.71682025    2.40760426    2.54482642    2.09237070    2.60619952    2.28228949    3.00828151    2.14904111    2.54516830    2.56969738    2.26933212    2.27668592    2.39237060    2.64140145    2.59345707    2.47821740    1.98236339    2.32598745    2.51111944    2.66945097    2.35364560    2.49500039    2.50222363    2.71984289    2.61756017    2.00098578    2.15428769    1.92440600    2.88550343    3.20601330    2.82699809    3.22007011    2.29594290    2.73699323    3.03983535    3.48569361    3.55378530    3.16101722    3.22715505    2.94070106    2.70655460    3.06536444    3.05227177    3.04093418    3.04454521
A0A0C4ED17_MAGP6/108-356     3.68078095    4.59721434    3.43479699    3.09911990    4.00069647    3.74009151    3.18110879    4.13000693    0.00000000    2.10678818    3.11772425    3.74783793    3.76338181    3.28125832    3.41373318    3.30008119    4.21139939    3.74559701    4.71279284    3.92569953    3.45844233    3.67955200    3.78121065    4.11956298    3.61995791    3.30007813    4.01164392    3.67959992    3.25628522    2.70952662    4.06147400    3.76196439    3.74036298    4.40701731    3.93841944    3.66305240    4.00574679    3.41986375    3.36487874    3.91581881    4.34128716    3.28359722    3.88865465    2.84834856    3.26333662    3.56320863    3.34785896    3.88205952    3.39006433    3.48864419    3.43867972    4.06171084    3.44722041    3.82585161    3.33555480    3.32482647    3.79301803    3.35577347    3.80705671    3.48303083    3.28869411    3.62624846    3.98958496    3.57761610    3.65884438    3.44972409    3.78645364    3.88294460    3.97234476    3.86381759    3.52387062    3.67842248    3.60708616    3.53319611    4.02006238    4.08185256    3.27441241    3.63329540    3.40845469    3.11049114    2.81777895    4.13782083    3.83260309    3.32134769    3.77298067    3.80494071    4.10341452    3.91548621    3.72335392    3.24132214    4.51942270    4.02231911    3.11106905    3.59802606    3.51320815    3.52775586    4.15872452    3.67666466    3.01798173    3.94257643    3.06264895    3.39136560    3.15791551    3.47373815    3.87723262    3.47098338    3.15036991    3.31074027    3.60369679    4.23880319    3.47051740    3.60829396    3.40412220    3.34878276    3.60026444    3.16061622    4.16636656    3.80874633    3.89516239    3.48519478    4.52892330    3.55079506    4.08159668    3.55733165    3.77598435    3.50409591    4.10810600    3.58602255    4.12848316    4.02965044    4.17256126    4.12326199    3.31179350    3.67372240    3.79103340    4.52668173    4.42245656    4.60795285    4.54470276    3.83468301    4.56800538    4.70659133    4.90733847    5.02234970    5.47062358    4.87965496    4.58112651    4.70839087    4.58117712    5.16994261    5.61451978    3.45883843
Q2H3E6_CHAGB/212-478     1.71198081    1.99267890    1.95755452    1.83612773    1.84987827    1.87668021    1.74778925    1.75161077    2.10678818    0.00000000    1.57650325    1.93741058    2.05219165    1.51365535    1.79513717    1.74880954    1.80712763    1.99907031    1.68600755    1.67427772    1.68583497    1.77402786    1.76561172    2.00388247    1.73143011    1.71863820    2.36623293    1.98258851    2.12036009    1.84491621    2.21161379    1.84831543    1.88660139    1.97511025    2.39725310    2.16971203    2.19293249    1.94877896    1.90446051    1.77579692    2.32013135    2.18797473    2.67135004    1.93229692    2.16399848    2.09243948    2.10738705    2.39287588    2.29870816    2.47293835    1.77733565    1.94706504    2.44670341    2.13494682    1.89848874    2.12517047    1.91102603    2.39947462    2.30711665    2.15292063    1.94658948    2.07805817    2.17624305    2.11789225    2.20334385    2.16145263    2.39983263    2.37968930    2.36147593    2.10353972    2.10405109    2.00336523    2.24537186    2.63419694    2.81431802    2.40117093    2.13533767    2.55701017    2.83984101    2.09417121    1.80729923    2.38049611    2.08864607    2.65220154    2.59902074    2.64039983    2.16342324    2.15184688    2.06286022    2.16100970    3.09955310    2.40167677    2.15331267    2.25301775    2.26049173    2.03125396    2.08520365    2.41168523    2.00609014    1.97514847    1.89856255    2.02209514    2.04711140    2.10052159    1.97315535    2.04933138    2.17579526    2.46459201    1.91062244    2.36242873    2.08894990    2.25821750    2.00570996    2.78637344    2.14629183    1.78372280    2.15891928    2.02129221    1.88843400    2.15237287    2.15184277    2.28281999    2.14881065    1.88054776    1.77045386    2.27268850    2.37422768    2.53434716    2.36938241    2.29681095    2.67815009    2.36597133    2.01992084    1.89012338    2.47953524    2.67326847    3.08360994    3.02096586    2.66982247    2.56455241    2.88970517    3.10550147    3.42941679    4.14163171    3.11872420    3.88293345    2.55842161    2.81897070    3.16107587    3.13093662    3.24197641    2.54613125
S3BWG4_OPHP1/207-464     1.90348411    2.14497013    1.95955075    1.85941539    1.84092928    1.94595616    1.88855905    2.10999205    3.11772425    1.57650325    0.00000000    1.36956237    1.69248525    1.32470013    1.88900589    1.52773466    1.85251884    2.04620170    1.86299253    1.69022771    1.84955301    1.91052080    1.83805565    1.78231188    1.78037633    1.58977677    2.32696648    1.76042204    2.11827401    1.68035543    1.90463370    2.01449049    2.21457649    1.80312469    2.10594884    1.93859720    1.99700250    1.75690228    1.92632345    1.67823623    1.95940833    2.32303466    2.65804369    2.38503649    2.71848148    2.23764224    2.54708027    2.56059936    2.77648843    2.73621772    2.49211169    2.43725272    2.86527341    2.49121173    2.37221550    2.34176258    2.46919886    2.64105290    2.50327316    2.24423089    2.53789021    2.46975852    2.47708702    3.02796294    2.65825392    2.31432347    2.26820890    2.50907447    2.22719379    2.51213311    2.20690791    2.08812359    1.94343939    2.14438052    2.80025916    2.47560433    2.34590166    2.43541713    2.64815010    2.13079161    2.01713555    2.14503329    2.20569563    2.71933302    2.37921895    2.67287750    2.30478317    2.25919208    2.23072436    2.48900644    3.32557724    2.56876019    2.50809509    2.74940840    2.51374406    2.58848199    2.70169659    3.20359775    2.43215147    2.65815764    2.10328259    2.27277279    2.35426986    2.32823297    2.29754424    2.60328689    2.16854240    2.32072392    2.39745644    2.49581749    2.47293270    2.43735286    2.31264011    2.92683261    2.35197764    2.19837886    2.51148205    1.97866072    2.07900386    2.29695405    2.15735265    2.27433683    2.12760341    1.98893650    2.14214259    2.27505397    1.82771664    2.29015293    2.32161779    1.97504336    2.24485375    2.14548964    2.14210707    2.22554842    2.35134567    2.54963452    3.27532467    2.86416005    2.96328617    2.53925542    2.89040427    2.75630059    2.88791957    3.19039006    2.99571224    3.63185581    2.49438082    2.79503244    2.58540880    2.58139578    3.36197969    2.29974203
A0A084FYX9_PSEDA/795-1046     2.07899987    2.38674701    2.10864183    2.19250504    2.22559879    2.16070071    1.93491989    2.09001964    3.74783793    1.93741058    1.36956237    0.00000000    1.35781499    1.42605241    2.43731685    1.81586566    2.15046591    2.01852048    1.99483698    1.61820472    1.86855905    1.78244456    1.74309689    2.15288676    1.91618775    1.87326070    2.31903872    1.93927137    2.02197767    1.70376245    2.01650987    1.79907532    2.09643604    2.02712233    2.08758899    2.36450235    2.17847276    1.74140401    1.86672058    1.66781509    2.18353591    2.67616425    2.99321703    3.02940968    2.86715735    2.80361033    2.69856709    2.83644217    3.23284404    2.79875654    3.13076635    2.55966402    2.91423180    2.56435057    2.52731205    2.56361804    2.93391590    2.48836531    2.44462202    2.51895932    2.41768837    2.43089216    2.20021044    2.60564402    2.63584479    2.46727321    2.43237563    2.60743484    2.61586398    2.68819752    2.55372680    2.28905320    2.37956405    2.11600814    2.62480996    2.52689593    2.52231960    2.69972882    2.64289028    2.29573405    2.35392721    2.36806769    2.37195556    3.02953416    3.05637524    2.63888677    2.31434483    2.29331559    2.54740726    2.63234711    3.37938770    2.72361148    2.35000925    2.38855076    2.61338062    2.61309620    2.81421366    3.12718235    2.63206767    2.61932770    2.41010491    2.12948583    2.43923627    2.43248014    2.25227020    2.40586013    2.31827950    2.52462174    2.47124927    2.55354768    2.31734011    2.31934573    2.21206715    2.37570181    2.04869521    2.36205863    2.48533096    2.32805351    2.47482077    2.38395094    2.43732056    2.53527861    2.51298079    2.05694733    2.21877135    2.24280240    2.46700808    2.26177045    2.24037541    2.17144600    2.72960579    2.44903534    1.76478324    1.70033828    2.21210780    2.52531774    3.41177129    3.04564738    3.33129708    3.18443113    3.09165840    3.24382427    3.15882870    3.64669297    3.37871859    3.52083543    2.72735442    2.89965234    3.02441090    3.33164925    3.99758127    2.80655483
A0A1W2TFH4_ROSNE/271-523     1.98456326    2.48616525    2.20472922    2.31420216    2.41592741    2.59861068    2.33707188    2.14723343    3.76338181    2.05219165    1.69248525    1.35781499    0.00000000    1.93411442    2.46939814    1.96480546    2.39746880    1.99909730    2.40267571    1.85771762    2.19886699    1.88099799    2.01050136    2.07882646    2.13759042    1.83172978    2.46519928    1.93976802    1.95979854    1.70545957    2.00563012    1.98608585    1.94837992    2.09634362    2.34605085    1.92779625    2.08518368    2.03773694    1.94403069    1.97808939    2.73694294    2.36287295    3.16486768    2.97386913    3.36710651    2.62820860    2.64664714    2.91656730    3.14749433    3.28549204    2.49477289    2.41364636    3.04312161    2.78665385    2.77154947    2.64975240    2.88905624    3.07339929    3.06933145    2.57291324    2.93361127    2.70218085    2.79741727    2.88131975    2.71708982    2.58072868    2.71756868    2.93974261    3.08825690    2.59841641    3.15905529    2.48262960    2.50985987    2.90725644    3.21895112    2.83835218    2.91005649    2.66743313    3.18177798    2.61807386    2.43736386    2.53354781    2.52149312    2.89463008    2.88490332    2.77456287    2.37218481    2.53698572    2.71713392    2.42404061    3.55184875    2.56654437    2.27465115    2.53288684    2.91478008    2.77051354    3.20482848    3.28103370    2.32282162    2.33696860    2.36576250    2.37900768    2.40174659    2.45488357    2.49768361    2.39709308    2.41816612    2.70809559    2.17719957    2.60445039    2.43996315    2.60532111    2.74295247    3.37679644    2.45473243    2.42474898    2.75850340    2.54409000    2.73509970    2.70696634    2.08757854    2.47550821    2.64510038    2.30575642    2.36998849    2.25525178    2.28457073    2.37044047    2.37290548    2.45346239    2.48164741    2.56008673    2.15703805    2.18461722    2.90318708    3.45558332    3.80485841    3.16214594    3.52887477    3.58770911    3.50217450    3.82236367    3.81316321    4.52171394    3.21535794    3.88798347    3.20351124    2.89725791    3.69708675    3.89200963    4.47381063    2.54893265
J3PHN2_GAET3/153-405     2.11481111    1.82446621    1.69713628    1.91604569    1.93553619    1.88483189    1.65012648    1.91774622    3.28125832    1.51365535    1.32470013    1.42605241    1.93411442    0.00000000    1.83332014    1.57623855    1.87401669    1.79566070    1.82156965    1.59709658    1.52718716    1.74023269    1.82013139    1.76978483    1.70328319    1.74120090    2.29228990    1.72678128    2.04700429    1.43508051    1.76068833    1.96197461    1.94513645    1.98201863    2.08544739    1.77610782    2.11755181    1.98656073    1.91940675    1.85845308    2.41551513    2.51075701    2.71807747    2.33400535    2.73379741    2.49725842    2.64618547    2.64279792    2.87936763    2.94464770    2.31247628    2.42306496    2.52274243    2.76793210    2.77025693    2.76177468    2.77361159    2.58954422    2.73883673    2.81982208    2.64985427    2.58911964    2.42857467    2.82326176    2.75736795    2.31926524    2.33092806    2.71056286    2.42004326    2.47590977    2.53642217    2.13066775    2.15046607    2.61531198    2.81623272    2.42787092    2.74015810    2.53404022    2.87510277    2.56370856    2.26574576    2.34935042    2.26440330    2.47331363    2.40296276    2.87060986    2.57332449    2.54533746    2.66053891    2.32874579    3.59546559    2.81487243    2.51797112    2.67064145    2.93251702    2.93252695    2.56220440    3.05679378    2.68797612    2.58818179    2.16609134    2.12287006    2.41966315    2.30922707    2.19459712    2.25804861    2.26753655    2.67257287    2.33028707    2.37630583    2.38370698    2.57479240    2.34391421    2.51950154    2.42474732    1.97598800    1.89934142    2.26292945    2.15082987    2.46922573    2.43938886    2.13946658    2.65170447    1.83966744    1.99496221    2.17283979    2.32348877    2.25109212    2.33856381    2.19896653    2.37586743    2.14018830    2.13149566    2.02401859    2.38520476    2.93259605    3.23928182    3.12652477    3.41096076    2.56495905    2.57881107    3.04883632    3.72070999    3.81558976    2.89924109    3.73190879    2.67055758    2.97132199    2.65705830    3.37321485    3.69456656    2.66136969
A0A0C4EDE5_MAGP6/176-418     2.82761285    2.46996328    2.37734116    2.18472774    2.47752560    1.97228022    2.09465923    2.47008824    3.41373318    1.79513717    1.88900589    2.43731685    2.46939814    1.83332014    0.00000000    1.69686814    2.15661577    2.28157342    1.97584855    1.88625586    2.00632644    2.16830754    2.22015191    2.32250320    2.48450489    2.22673169    2.83134358    2.27231292    2.38097856    1.72962319    2.25443854    2.21980958    2.33376992    2.44655183    2.42999390    2.22180844    2.13205760    2.30962493    2.43336430    2.43055243    2.80455439    3.09987930    3.74670426    2.80805421    3.29273830    2.89722176    2.81701749    3.08676601    3.07750630    3.67877260    2.25645289    2.65158208    3.11361634    3.14609822    2.71040201    2.84532539    3.32826106    2.80021489    2.87066536    2.69100459    2.81289334    2.79180869    2.65019401    2.83061448    2.90305224    3.05621533    3.07973015    3.06724268    3.51456891    3.22672328    2.97790929    2.86608114    2.92189535    2.63894649    3.26709490    2.72742376    3.05056175    3.24831894    3.27495026    3.16411356    2.75071811    3.14739623    3.28841406    3.51576685    3.12708284    3.30971716    3.21009272    2.94142317    2.74483948    2.42492143    3.17743048    2.66173492    2.94784492    2.41351882    2.56156694    2.79227995    2.64491253    2.83190384    3.10341844    2.56600076    2.45020206    2.63217877    2.33409731    2.46396302    2.77727285    2.58839721    2.52267041    2.86213338    2.75612364    2.57026989    2.43345257    3.04214725    2.92035783    3.51339994    2.75501466    2.44966341    2.93044067    2.77463566    2.64424678    2.79642397    2.76158013    2.55685072    2.95019321    1.97685044    2.34004328    3.01699956    2.73141254    3.00813905    2.69113427    2.80079025    3.04344236    2.71825889    2.64459191    2.51374254    2.62121604    3.50483260    3.82552526    3.71150269    2.97862469    3.21195828    2.94817331    3.97059560    4.22630066    4.54338740    4.19094337    3.56409360    3.23622744    3.40663402    3.56892620    3.61405738    3.85501460    3.11629055
A0A175W623_9PEZI/148-420     1.79379055    2.09638723    1.82212900    1.81860733    2.03905845    1.75756229    1.97110163    2.00591148    3.30008119    1.74880954    1.52773466    1.81586566    1.96480546    1.57623855    1.69686814    0.00000000    1.61461876    1.38467379    1.74644919    1.38723335    1.44036937    1.61449941    1.53719635    1.84124684    1.82058556    1.60173295    2.40676010    1.55036649    1.92919491    1.31246085    2.23159064    2.03076909    2.24549572    2.16763773    2.27820002    2.06863358    2.13284228    1.77615484    1.75724659    1.67627504    2.38541068    2.46829533    3.02232906    2.34707957    2.64825944    2.24254386    2.38724604    2.34724301    2.68682293    2.64586484    2.23923196    2.15139648    2.85918184    2.54782748    2.32727991    2.44208850    2.66095814    2.58793999    2.64778769    2.48537893    2.39236498    2.20261200    2.65203818    2.93470571    2.45068693    2.72389008    2.75766260    2.82625933    2.81724415    2.60386464    2.57981845    2.26736663    2.37305765    2.15827381    2.82804222    2.38183036    2.48766649    2.63194366    2.90657197    2.39752293    2.46700977    2.45539470    2.25338852    2.85497560    2.59218097    2.43016230    2.86250680    2.46876945    2.46428691    2.59522486    3.14434893    2.78201981    2.07042546    2.54237630    2.87960709    2.59889436    2.63362299    2.77438239    2.39361295    2.56891445    2.24964152    2.17583414    2.23787326    2.52521556    2.27062185    2.50645618    2.24362088    2.60058859    2.39883078    2.57773347    2.29026185    2.77555403    2.63842280    3.01951799    2.34807292    2.20992930    2.31257731    2.25468118    2.09047711    2.01714401    2.33129185    2.08204628    2.64085492    1.55693052    1.93860465    2.10877890    2.15578849    2.33816067    2.30164342    2.44724439    2.65752947    2.63909109    2.08153045    2.28866327    1.94516884    2.94572801    3.20604519    3.11799858    3.30140053    2.80001136    2.58349702    2.79064084    3.16231635    3.98072377    3.26920866    3.63895850    2.95934904    3.18111246    3.02599419    3.17246345    3.46808333    2.79597839
A0A0A1TSQ9_9HYPO/161-420     2.54552165    2.38883286    2.09174923    2.51997663    2.34271813    2.17548095    1.96267052    2.01311128    4.21139939    1.80712763    1.85251884    2.15046591    2.39746880    1.87401669    2.15661577    1.61461876    0.00000000    1.94535906    1.81837644    1.80257692    1.68629192    1.89755778    1.84151266    2.02634334    1.88408465    2.04510904    2.73023700    2.18477154    2.90261491    1.68724089    2.37807396    2.14068917    2.22358725    2.40581260    2.28736511    2.31275872    2.46807703    2.25989498    2.07044528    1.93970564    2.55349892    2.44020485    3.33714774    2.63121423    2.96142361    2.45758665    2.71549948    2.59706912    2.74031527    2.75256626    2.45257599    2.35601912    2.76630374    2.54077748    2.78567986    2.55691573    2.73764366    2.84602030    3.00709956    2.79288742    2.34376125    2.31872139    2.45335634    2.89586845    2.57162803    2.80376983    2.80737109    3.05786725    3.15106628    3.06050330    2.98581586    2.08727188    2.24518464    2.49709771    2.97045876    2.75963190    2.50715819    2.78179782    3.13323076    2.50233104    2.34772976    2.61035883    2.50074234    2.93869452    3.14026266    2.82040152    2.50092434    2.46740687    2.24934065    2.60507453    2.90319761    2.75062381    2.55337605    2.40747376    3.01611254    2.45310969    3.20824626    2.97730575    2.79338530    2.62032824    2.46706799    2.26273836    2.27025387    2.53289065    2.42183515    2.56207949    2.50983202    2.62878421    2.25915755    2.46169320    2.26575281    2.60680976    2.58355479    3.35078053    2.43278944    2.30074416    2.39014096    2.46895342    2.60503581    2.79317543    2.59732087    2.23877087    2.37711673    2.22028087    2.17426819    2.32347789    2.57349618    2.56254175    2.40302272    2.23873950    2.92738627    2.45340679    1.99051621    2.14499459    2.29079163    3.31355776    3.13895033    3.02495220    2.94411118    3.17350022    2.87067323    2.88086380    3.26989979    2.90710017    3.68846657    3.37051468    2.66649685    2.55819147    2.96865548    3.25412935    3.29623219    2.93748524
X0BAP0_FUSOX/198-465     1.99642568    2.01558904    1.87100491    2.26266507    2.31257505    1.91334830    2.14378380    2.21171574    3.74559701    1.99907031    2.04620170    2.01852048    1.99909730    1.79566070    2.28157342    1.38467379    1.94535906    0.00000000    1.63554661    1.48388588    1.53236409    1.44652014    1.87941463    2.04608297    1.82936153    1.82815491    2.30508574    1.65507407    2.19135459    1.52118634    2.23467845    1.81183217    2.04031707    1.98303760    2.24384081    2.10002266    2.10845371    1.89632224    1.94419441    1.74934031    2.41416968    2.32968804    2.83618277    2.42654943    2.82667625    2.34403726    2.35999557    2.46763151    2.46394341    2.31536804    2.13667912    2.21235562    2.45715798    2.09888543    2.26554695    2.37017408    2.55706270    2.69263878    2.33008916    2.33698224    2.01598484    2.05653908    2.25716980    2.22673553    2.19984698    2.32703736    2.53238295    2.37547115    2.39368477    2.38286433    2.42841237    2.52808688    2.26973068    2.44800456    2.87496127    2.47487544    2.38322925    2.16663617    2.50268695    2.36678436    2.13313851    2.40276532    2.34311474    2.76684079    2.80167024    2.17597018    2.05172078    2.36646371    2.28042591    2.12920827    3.04671413    2.25410686    1.94064617    2.19253223    2.64064276    2.58529966    2.79918791    2.83253006    2.17303752    2.01159263    2.11012934    2.03786093    1.95905169    2.41064894    2.21014063    2.33318442    2.27471681    2.57297494    2.11787451    2.42911544    1.97799710    2.15363449    2.25037290    2.50117851    2.02475642    2.01159850    2.32061026    2.15914582    2.00054310    2.12449636    2.18324046    2.22956525    2.49877515    1.91467005    1.87251724    2.01056912    2.09815788    2.24670276    2.66048128    2.27284773    2.48520490    2.46719945    1.85527935    2.02707678    2.28695373    3.42711316    3.43976546    3.25653082    2.72405376    2.62006079    2.75686212    3.39114737    3.77916481    3.48123928    3.12409657    3.68435227    2.76765333    2.62980636    2.72534221    3.24785240    3.62928443    2.69303019
