116
D8JBC7_HALJB/1-95     0.00000000    0.24538651    0.29816706    0.36771115    0.32713001    0.53058806    0.37024959    0.68300737    0.47001824    0.35320301    0.48874839    0.34578081    0.45726765    0.49658731    0.73508732    0.55025290    0.53082489    0.56151049    0.56852465    0.65763958    0.55029592    0.71427420    0.60071413    0.61559541    0.74276979    0.64793037    0.65273988    0.94400101    0.62534371    0.72204419    0.54360708    1.51531078    1.59890154    1.76537041    2.12673687    1.72805104    2.00005572    1.99671518    2.22901788    1.35938026    1.19654912    1.34801909    1.66708197    1.27265426    1.22498907    1.21968417    1.59451886    1.58951043    1.52491138    1.16633529    1.54585539    1.37761842    2.16372461    1.60892011    2.29465314    2.11244175    2.03263446    2.09934234    2.58980931    1.66041985    1.41514058    1.31603622    1.02271077    1.47665203    1.30914060    1.47924871    1.25515388    1.56570219    1.40064889    0.96224313    1.08122742    1.11353880    1.19834200    1.50911534    1.46291064    1.32562987    1.03833485    1.19006699    0.69473438    0.93571244    0.66862457    0.58753391    0.55295812    0.84408273    0.72966643    0.74766328    0.70409516    0.70199731    0.61894623    0.54424698    0.44431873    0.81639235    0.84760029    0.40357120    0.35630256    0.33920446    0.56562492    0.42978989    0.35206403    0.47653324    0.43806680    0.49583620    0.40265731    0.73607438    0.40017645    0.40738581    0.38404820    0.48153991    0.43535619    0.44361212    0.48080703    0.42619821    0.66465930    0.58622647    0.54601095    0.35445018
W0JS24_9EURY/1-95     0.24538651    0.00000000    0.29992368    0.32263444    0.33572108    0.48843507    0.34738371    0.66025696    0.44274517    0.38489128    0.40025077    0.36863871    0.46843987    0.54900576    0.56860552    0.48185877    0.57703833    0.56781866    0.63432899    0.59755961    0.52688144    0.64527380    0.54898969    0.55490720    0.74392030    0.63861138    0.59711002    0.93145453    0.62349791    0.80453477    0.51872532    1.36716908    1.44938239    1.77297919    2.09192755    1.64490347    1.93979585    1.90126473    2.26758940    1.22621621    1.21922669    1.27395262    1.56537587    1.23774337    1.10414657    1.30549348    1.44302109    1.57097093    1.51041721    1.12881664    1.42853108    1.33391722    2.09498800    1.55761894    2.24807809    2.02147192    1.87794599    2.16577778    2.43856820    1.60112646    1.32544223    1.20193794    0.96282021    1.47966132    1.36283437    1.45624129    1.37173727    1.70571558    1.42352356    0.93722483    1.04636476    1.16149447    1.17511509    1.49134731    1.43343666    1.24354378    0.86088485    1.16514943    0.72745132    0.98922691    0.68291414    0.64088852    0.59490071    0.85989602    0.70802588    0.75547607    0.71702662    0.69912450    0.60184440    0.53819045    0.39863957    0.67735524    0.71862935    0.45887575    0.41747485    0.39945372    0.54487232    0.44499832    0.39296473    0.49035976    0.42737750    0.49782324    0.42251271    0.56962623    0.45869500    0.41649643    0.44322900    0.46813448    0.44028278    0.47444586    0.43532383    0.42301774    0.61490620    0.51415461    0.53845074    0.40878340
L9W2G4_9EURY/1-95     0.29816706    0.29992368    0.00000000    0.26941806    0.23104230    0.50481126    0.38563765    0.80615227    0.39410911    0.37519257    0.45126475    0.31869120    0.57285216    0.59075087    0.69489229    0.50748691    0.46599518    0.54587457    0.56483420    0.63616023    0.48490103    0.76592454    0.58552304    0.61223649    0.77235860    0.59082731    0.65412212    1.01802624    0.66899729    0.77136389    0.61376091    1.50748491    1.42817273    1.81355227    2.20653609    1.70278696    2.04857881    1.98186591    2.36373690    1.38922793    1.21020544    1.23868089    1.50464105    1.27876453    1.15918707    1.20131447    1.56269209    1.67832637    1.46076450    1.23565536    1.48435779    1.41273158    2.17750449    1.54482505    2.29405987    2.00236053    2.08146135    2.22872847    2.33228839    1.48053844    1.33329098    1.29184341    0.96830675    1.36123921    1.37164541    1.43896195    1.25798312    1.59631347    1.38838381    0.90704340    1.04637822    1.20952355    1.16844045    1.40512413    1.56733730    1.31768500    1.08960878    1.27616711    0.70358013    0.96282735    0.77405551    0.61256021    0.55000886    0.78008168    0.75633796    0.74102801    0.77955472    0.72761073    0.61192689    0.55805298    0.47819750    0.81381391    0.80160029    0.39511573    0.38381179    0.37882964    0.55172633    0.35292570    0.35813793    0.42119669    0.37819338    0.46368958    0.36849268    0.65805767    0.41583424    0.39078742    0.43534653    0.42132515    0.46530754    0.44822068    0.46127242    0.51398305    0.62363108    0.51562578    0.52699057    0.31288278
A0A1G8VNM5_9EURY/1-95     0.36771115    0.32263444    0.26941806    0.00000000    0.26704668    0.60574175    0.47573640    0.77837845    0.47196208    0.42591789    0.47619964    0.38471211    0.55780290    0.60607578    0.70243452    0.52123196    0.51999140    0.54944301    0.59267069    0.64039692    0.62902979    0.74752031    0.64393539    0.57191795    0.70622967    0.63870194    0.63766646    0.93852692    0.65033542    0.78646119    0.53774223    1.53352683    1.65550507    1.91229961    2.48541148    1.97377741    2.06758971    2.02370876    2.27847183    1.46103161    1.23795738    1.33235087    1.60057728    1.32809704    1.24422050    1.41396234    1.63886085    1.68946925    1.45133917    1.34732700    1.51389417    1.63727637    2.58459607    1.60286731    2.35687163    2.05068637    2.28287698    2.06107246    2.45865939    1.58499363    1.49882856    1.41645013    0.98270356    1.37281961    1.34717956    1.45836185    1.33144215    1.68112775    1.32202592    0.93415455    1.13827375    1.22495507    1.20352349    1.49806833    1.71621455    1.34016483    1.06073310    1.22796377    0.69458630    1.05843236    0.79829784    0.70714840    0.59389177    0.77152386    0.65581655    0.66792736    0.80522646    0.64911131    0.58506759    0.52929494    0.47979771    0.70082605    0.77906894    0.43175812    0.35886578    0.42161052    0.59540430    0.43896471    0.34682807    0.46795277    0.36669832    0.48598596    0.40987537    0.59798824    0.43531812    0.47282338    0.39189706    0.45984201    0.45437047    0.45745385    0.49292922    0.55665184    0.79910083    0.60117660    0.61058415    0.37790562
M0CLM3_9EURY/1-95     0.32713001    0.33572108    0.23104230    0.26704668    0.00000000    0.46580117    0.36169196    0.76923497    0.37448972    0.36460388    0.38821699    0.34858690    0.48774448    0.61472662    0.64636215    0.54475193    0.49867925    0.50384805    0.58715105    0.65631772    0.46793297    0.66900314    0.50037444    0.54419825    0.67887830    0.67192160    0.58158376    0.96355782    0.65212324    0.80333310    0.62020769    1.75053600    1.63859582    2.00511352    2.29178375    1.71784559    1.87522473    1.94423151    2.29247442    1.39027732    1.35459533    1.52722300    1.65039360    1.38416525    1.26942451    1.37634968    1.69253639    1.69186628    1.39838564    1.31495787    1.64283001    1.52833197    2.53981701    1.57656007    2.40417987    2.15063965    2.18068625    2.17038852    2.41393614    1.74207750    1.40923705    1.33842561    1.03075488    1.27383312    1.31717824    1.40128551    1.30339232    1.59236366    1.21183977    0.89109415    1.16383601    1.34116276    1.22213936    1.44925816    1.49452259    1.44048081    1.12434034    1.25859657    0.74836814    1.03943484    0.75881733    0.61783690    0.55072211    0.76015379    0.75859044    0.61882079    0.80546252    0.58113894    0.54908378    0.57832174    0.45914673    0.77201448    0.79160788    0.43859127    0.41365490    0.43200746    0.55438652    0.51042265    0.29271984    0.45246219    0.38518692    0.44275663    0.38387393    0.69627912    0.48867669    0.41758926    0.43630744    0.54020727    0.47823774    0.41606522    0.43712771    0.49973863    0.63542594    0.55033104    0.52321483    0.32546099
A0A3A6PMR5_9EURY/1-95     0.53058806    0.48843507    0.50481126    0.60574175    0.46580117    0.00000000    0.39968095    0.67754420    0.40507856    0.53510639    0.50562668    0.35698780    0.54940408    0.63666705    0.66586866    0.63719702    0.62882292    0.57785977    0.69575595    0.68325365    0.61103098    0.72673528    0.59669925    0.59035748    0.71956519    0.62183805    0.61628477    0.70551498    0.70922220    0.78401579    0.52171561    1.70631749    1.55406458    2.03646915    2.41260014    1.65007604    1.97521451    1.79332452    2.28480026    1.48894788    1.20581639    1.43642912    1.53973533    1.25473212    1.32312058    1.31608397    1.52603376    1.68668380    1.45932911    1.27765825    1.44134418    1.66564314    1.96861687    1.48167319    2.41638021    2.01355213    2.11787139    2.02245867    2.24204913    1.74030143    1.43769616    1.38923780    1.16299775    1.25319458    1.24394359    1.37120735    1.41414808    1.71760687    1.57386283    1.07748962    1.08324024    1.41458200    1.25027719    1.50731663    1.58992983    1.45219588    1.05699529    1.22398736    0.78848188    1.03348120    0.68986069    0.70665845    0.61628821    0.76037218    0.79654074    0.80031362    0.86001926    0.67428014    0.68650447    0.57564475    0.58654575    0.91119018    0.83054583    0.55768436    0.55511872    0.48229255    0.59981872    0.57010026    0.50501451    0.59974407    0.52894591    0.49910666    0.54987708    0.58114287    0.59570529    0.62707086    0.51865774    0.44850421    0.54786313    0.54666885    0.49585654    0.56729748    0.57765761    0.74019230    0.76577012    0.53205443
Q5UW82_HALMA/1-95     0.37024959    0.34738371    0.38563765    0.47573640    0.36169196    0.39968095    0.00000000    0.59286366    0.23643723    0.45515414    0.46303245    0.40828393    0.58427525    0.61878943    0.65717891    0.52727301    0.55986017    0.60572501    0.64461271    0.63032196    0.55056749    0.59393749    0.52421069    0.48235384    0.71183309    0.74792650    0.66461716    0.73568871    0.55738743    0.82195398    0.55201548    1.92499068    1.73430832    1.87628252    2.54958205    1.84766857    2.24619899    2.10299973    2.58293576    1.47792077    1.19286315    1.42695921    1.61448825    1.17809760    1.26825726    1.23350756    1.57779048    1.71373180    1.34815995    1.11583579    1.46553842    1.44693819    2.07707987    1.62771790    2.47395906    2.15874343    2.11325525    2.19649780    2.39745058    1.58439771    1.43099924    1.41051276    1.03463268    1.40256678    1.34621256    1.33147539    1.23252802    1.64098334    1.27443749    1.04429300    1.10055503    1.37930325    1.36588123    1.69600866    1.69841287    1.27335746    0.99550583    1.16222828    0.70991718    1.04612576    0.66716339    0.66697895    0.66958982    0.63738104    0.83948505    0.76142358    0.75568060    0.74709562    0.67379088    0.61120026    0.59090426    0.93952101    0.85890743    0.51645678    0.35214592    0.44300547    0.72249565    0.42040405    0.41831225    0.40773945    0.51906320    0.47052878    0.41818497    0.69653433    0.55146035    0.46377095    0.46583152    0.51177218    0.51112869    0.52797918    0.44339331    0.42319216    0.55584039    0.64947725    0.60380573    0.44778801
R4W9C5_9EURY/1-94     0.68300737    0.66025696    0.80615227    0.77837845    0.76923497    0.67754420    0.59286366    0.00000000    0.60769074    0.63998292    0.72219853    0.62865051    0.71661527    0.72236296    0.88332483    0.86436283    0.80134979    0.69991505    0.93418572    0.93790115    0.85375347    0.84227946    0.83536166    0.75877657    0.95943030    0.78074687    0.87904873    0.82628306    0.78245790    0.80885227    0.72482572    1.61713655    1.59431380    1.83708672    2.76799990    2.19473183    2.40778976    2.10287634    2.38318771    1.48933193    1.11644410    1.53285200    1.57052242    1.09549971    1.26666233    1.42295454    1.53896091    1.64356551    1.59684432    1.19539741    1.49116585    1.49451299    1.68884695    1.78394710    2.11148383    1.95296189    1.81069536    1.99787764    2.35437269    1.35752492    1.81084563    1.74944560    1.27343224    1.63637224    1.22671907    1.57800436    1.44914620    1.85924534    1.45979847    1.11369352    1.33045472    1.48678318    1.32920437    1.53998168    1.56023412    1.24531404    1.27520735    1.41480648    0.92072390    0.88139663    0.94580090    0.81987950    0.79614677    0.81263874    0.99149207    1.07466074    0.97010699    0.97899843    0.78862772    0.90982529    0.71150427    0.95198470    1.07429152    0.83447700    0.76007702    0.75920741    0.96865789    0.85840698    0.78408661    0.85972173    0.77373954    0.74821609    0.72592123    0.89350910    0.84964528    0.88593382    0.68698328    0.64215513    0.58937556    0.74301859    0.57963026    0.69688208    0.85821196    0.85015495    0.89135270    0.67291075
V5A3E0_9ARCH/1-95     0.47001824    0.44274517    0.39410911    0.47196208    0.37448972    0.40507856    0.23643723    0.60769074    0.00000000    0.43772409    0.57340698    0.42772218    0.59853938    0.60731548    0.63234221    0.58594697    0.57273852    0.60308919    0.72344572    0.68415451    0.43934567    0.67571122    0.54253039    0.58127984    0.69909364    0.73811956    0.68386391    0.84122802    0.59097599    0.77963123    0.54450827    1.75543255    1.50143014    1.69510937    2.19916627    1.74150371    1.98365685    1.68973788    2.32886765    1.35864763    1.07348439    1.52488824    1.34063203    1.24299078    1.29000175    1.28268419    1.54370132    1.55452227    1.43759758    1.18683777    1.54711422    1.51844318    1.82297208    1.63391500    2.26464822    1.76523794    1.88947026    1.82335928    2.12076513    1.42229999    1.43348498    1.41770496    1.08415074    1.29902969    1.27194310    1.34618263    1.34752497    1.60569198    1.38003416    0.99007676    1.19973009    1.31385852    1.35789254    1.69001799    1.56114401    1.39356656    1.11270988    1.17527143    0.66390643    1.07914525    0.72777380    0.70667053    0.56015882    0.73278597    0.80008316    0.75164897    0.80632851    0.60109802    0.59449349    0.47325553    0.59937268    0.94287988    0.86178237    0.58376409    0.48248402    0.47597417    0.73664633    0.43705986    0.46055176    0.46647749    0.62040765    0.52021023    0.45732152    0.79157032    0.53613354    0.49149417    0.47601310    0.53512467    0.55685264    0.50193596    0.46224274    0.61383600    0.53369231    0.66927686    0.63478819    0.44233069
A0A498G1L5_9EURY/1-92     0.35320301    0.38489128    0.37519257    0.42591789    0.36460388    0.53510639    0.45515414    0.63998292    0.43772409    0.00000000    0.31604029    0.31324567    0.46510155    0.51388001    0.62417471    0.56989602    0.49992927    0.57508233    0.57499704    0.54576649    0.43261418    0.59665500    0.39384272    0.67219563    0.67348196    0.48515236    0.51083755    0.83393397    0.60191921    0.77457292    0.46448788    1.63550705    1.66354324    1.72405195    2.33623873    1.73599327    2.13536595    2.10724325    2.20686228    1.44555097    1.12043562    1.31380085    1.42780022    1.14412363    1.05945609    1.22408134    1.30891245    1.75555759    1.59060306    1.18843414    1.50367361    1.52350426    2.15680970    1.67926068    2.36453312    2.32795086    2.32275556    2.18247517    2.74599812    1.40926996    1.39010942    1.29899616    0.96072821    1.25879479    1.30089335    1.43393656    1.33560000    1.48102810    1.49677388    1.06950030    1.16092446    1.11047843    1.38374892    1.44072880    1.71063845    1.18619975    1.03580103    1.19166511    0.55928944    0.92150715    0.62599953    0.46850599    0.51645993    0.70531482    0.66146084    0.69809268    0.75147156    0.60218378    0.52085147    0.49058471    0.38456105    0.81003243    0.72812877    0.50546632    0.42399189    0.40836140    0.67135406    0.51800619    0.35167032    0.55316030    0.35853718    0.44548936    0.36190448    0.54898927    0.44582459    0.47836419    0.40397016    0.45231376    0.58276595    0.48220592    0.36483608    0.38293052    0.64213502    0.66782654    0.48733366    0.33059106
A0A1H3E2N3_9EURY/1-94     0.48874839    0.40025077    0.45126475    0.47619964    0.38821699    0.50562668    0.46303245    0.72219853    0.57340698    0.31604029    0.00000000    0.42125732    0.53172077    0.62261254    0.63198028    0.57323007    0.57838422    0.60633511    0.79247243    0.48605952    0.52330235    0.55997677    0.38301453    0.58068478    0.62782245    0.56352037    0.50905471    0.75544982    0.72611356    0.79702151    0.55311994    1.62702502    1.71747054    2.08539204    2.20738536    1.76019856    1.81873697    1.79568180    2.13625765    1.71011534    1.35879582    1.25153551    1.48907792    1.15290058    1.00863404    1.24698518    1.46105899    1.80225566    1.46999006    1.40952818    1.58605955    1.59425935    2.60701359    1.61046240    2.32765400    2.37683365    2.37624230    2.10030948    2.50248176    1.82939927    1.44023627    1.36552404    0.96520009    1.15782655    1.10221637    1.36476824    1.28919748    1.48232137    1.22128294    1.08436097    1.10516534    1.22808581    1.44712235    1.49743455    1.85746593    1.14995291    1.04481037    1.17426303    0.63724747    0.90192814    0.57441379    0.50777273    0.50004310    0.62711530    0.73271465    0.85480962    0.86835574    0.67186133    0.59158431    0.66160920    0.55612417    0.88914283    0.74611178    0.57538850    0.53709412    0.56569930    0.65795477    0.59305709    0.41270616    0.61535310    0.37502020    0.46260168    0.50885177    0.57521168    0.61861104    0.53936536    0.49034332    0.55052547    0.54733985    0.55726688    0.43347248    0.37775588    0.57528354    0.55401575    0.60347188    0.41359133
A0A1H5X860_9EURY/1-95     0.34578081    0.36863871    0.31869120    0.38471211    0.34858690    0.35698780    0.40828393    0.62865051    0.42772218    0.31324567    0.42125732    0.00000000    0.46591911    0.42727646    0.54525073    0.45510669    0.43487716    0.41194007    0.54126881    0.53434156    0.47950534    0.57121570    0.50536290    0.53637897    0.64239303    0.50711704    0.49103275    0.85773137    0.61605305    0.67823763    0.39870695    1.45796816    1.52552291    1.63227742    2.08812640    1.71589622    1.98010901    1.92756448    2.12803896    1.39004521    1.01746822    1.18366844    1.50489578    1.01454925    1.12453352    1.25750234    1.48449366    1.63958333    1.52390420    1.08316260    1.53328534    1.63026317    2.15398164    1.60690490    2.16865225    1.92863015    1.86308619    1.88608740    2.17198897    1.62426845    1.21896460    1.13749156    1.00874512    1.35404376    1.41843579    1.46594532    1.27265006    1.56514969    1.34545666    0.95060472    1.06775886    1.21797522    1.17211233    1.40131585    1.54877549    1.42441856    1.05291434    1.24254147    0.57004650    0.90543712    0.57622625    0.46428667    0.44422573    0.71525531    0.55620750    0.61740013    0.67985888    0.52202021    0.60379015    0.55222045    0.42596245    0.76722502    0.84659897    0.39632303    0.44842164    0.32186898    0.58774392    0.43862068    0.30746263    0.43434020    0.36662101    0.43609344    0.38322646    0.56102155    0.35237980    0.42581462    0.39494237    0.35462803    0.35635210    0.39090795    0.39869735    0.38365663    0.54481074    0.56877612    0.49179509    0.34841450
A0A2Z2HQY3_9EURY/1-96     0.45726765    0.46843987    0.57285216    0.55780290    0.48774448    0.54940408    0.58427525    0.71661527    0.59853938    0.46510155    0.53172077    0.46591911    0.00000000    0.34390420    0.37171696    0.31281614    0.37865026    0.34635494    0.50978067    0.55058967    0.45366250    0.51436199    0.42115470    0.60352774    0.64671139    0.50943797    0.52893903    0.65300952    0.62622248    0.72552741    0.39477655    1.55587611    1.56026420    1.79606940    2.34918522    1.99348749    2.12535737    2.26163529    2.31777499    1.45110165    1.16411365    1.39422555    1.45720323    1.27411475    1.18368916    1.40677713    1.49513271    1.73606423    1.46485890    1.15483740    1.42486381    1.52701663    2.52934381    1.64526650    2.47698153    2.29266920    2.20699457    2.21225890    2.64589072    1.84210695    1.43591391    1.29123740    1.03937214    1.45366674    1.43266560    1.54529709    1.33021081    1.65550281    1.47567421    0.98412987    1.23540818    1.23452346    1.50269406    1.68146594    1.82968872    1.29970505    1.05329705    1.18276660    0.67937510    0.88351103    0.69670290    0.53225395    0.50796894    0.73667268    0.68448180    0.82302921    0.80851147    0.57232442    0.57257659    0.66162868    0.54888241    0.79926237    0.93571606    0.62934278    0.57160008    0.45591346    0.80438318    0.70874171    0.45779370    0.69023036    0.48208242    0.53046948    0.51693735    0.69275587    0.61930562    0.54345528    0.53509096    0.63692238    0.59738439    0.61180097    0.52801876    0.40672902    0.73033827    0.80403659    0.67379274    0.41982513
L9W945_9EURY/1-98     0.49658731    0.54900576    0.59075087    0.60607578    0.61472662    0.63666705    0.61878943    0.72236296    0.60731548    0.51388001    0.62261254    0.42727646    0.34390420    0.00000000    0.35517418    0.37140717    0.34741194    0.29681520    0.52897641    0.62404612    0.58714333    0.62018750    0.39219512    0.73674047    0.82865585    0.59782978    0.64399072    0.84610592    0.70138016    0.80386183    0.39734265    1.36545282    1.56830385    1.44140645    2.30431692    1.85488276    2.08579860    2.12369474    2.28039296    1.52116335    1.10729181    1.31465046    1.41838103    1.20503672    1.17874214    1.33718999    1.46939023    1.76224257    1.58602401    1.23559914    1.65209039    1.69911394    2.16712055    1.60315765    2.11874720    2.20644031    2.12983159    1.93127312    2.54720569    1.64878910    1.53032775    1.52136755    1.01051935    1.50730329    1.67761798    1.57946863    1.47027275    1.81922055    1.66400287    1.05583090    1.23907361    1.24846913    1.44957230    1.84242674    1.73007998    1.27290393    1.04705827    1.23540973    0.72785378    0.90712778    0.70250854    0.54200212    0.61920938    0.79752820    0.61870223    0.81152914    0.78881271    0.61189564    0.61138004    0.75274446    0.61822082    0.75632094    0.72908352    0.70001287    0.57725443    0.60209628    0.87002010    0.66743865    0.56450343    0.66201183    0.58775105    0.69634256    0.60919232    0.81601583    0.52745120    0.65342901    0.60427839    0.59495522    0.58183824    0.57710907    0.53262853    0.45026675    0.71207648    0.76195666    0.76808216    0.42603919
A0A202E7V4_9EURY/1-96     0.73508732    0.56860552    0.69489229    0.70243452    0.64636215    0.66586866    0.65717891    0.88332483    0.63234221    0.62417471    0.63198028    0.54525073    0.37171696    0.35517418    0.00000000    0.36977318    0.42389917    0.37391722    0.66729115    0.62240770    0.62998874    0.53633565    0.46322939    0.65726948    0.75102287    0.59053993    0.67200791    0.71616418    0.71877016    0.88457861    0.49756992    1.50753084    1.61473276    1.75715874    2.31265196    1.94967140    2.19033751    2.12854950    2.26947090    1.46427189    1.11996360    1.16978964    1.44731247    1.25349869    1.12975956    1.33606646    1.52570648    1.77370979    1.32651599    1.30830085    1.61636488    1.65755700    2.28220140    1.82370062    2.06208855    2.27592197    2.13951922    2.11751813    2.32665629    1.65662117    1.30350843    1.34993678    1.09827220    1.39755524    1.44219495    1.46425307    1.48732713    1.69671498    1.39058567    0.96603748    1.07344987    1.28792716    1.56823364    1.95089042    1.76933136    1.15025756    0.93371621    1.18156772    0.73048712    0.85864191    0.66475711    0.65802704    0.59841983    0.76983913    0.74830082    0.77859942    0.84784501    0.53996725    0.61058079    0.84898625    0.72910530    0.83245889    0.80439946    0.77021894    0.61333351    0.68447845    0.87930399    0.82294287    0.63162531    0.67664878    0.59593680    0.57655799    0.53796452    0.63555588    0.72804456    0.77982771    0.67844904    0.75375571    0.79889412    0.78361913    0.71654869    0.60503751    0.71071258    0.83775850    0.72494597    0.60794263
A0A3N6LPH3_9EURY/1-93     0.55025290    0.48185877    0.50748691    0.52123196    0.54475193    0.63719702    0.52727301    0.86436283    0.58594697    0.56989602    0.57323007    0.45510669    0.31281614    0.37140717    0.36977318    0.00000000    0.33068508    0.34238949    0.50657566    0.64237902    0.60358117    0.58665554    0.55958620    0.61736153    0.77220116    0.66010169    0.63608863    0.81591031    0.57405272    0.76611362    0.44201030    1.59503071    1.58477570    1.65832718    2.44824220    2.09073523    2.42083492    2.23072547    2.44040035    1.46960190    1.28290749    1.35702214    1.52756846    1.31142045    1.24240427    1.40637994    1.51614849    1.99504228    1.53721417    1.46770452    1.76651255    1.63915484    2.61258645    1.85532917    2.29316920    2.34869295    2.18030406    2.39640801    2.60587883    1.78585566    1.45540936    1.51245118    1.01644842    1.45904534    1.52576549    1.40604189    1.30355623    1.53961916    1.51747546    1.00427065    1.02678354    1.28505320    1.66068491    1.78858335    1.95975174    1.32906464    0.95834345    1.06585451    0.73610969    0.87714239    0.75211823    0.64769590    0.52340788    0.72739884    0.71988971    0.78414479    0.79611795    0.62409180    0.55355729    0.70883125    0.63861245    0.80659176    0.96289203    0.61968020    0.56498962    0.53945958    0.77621959    0.60028792    0.51634155    0.52893821    0.47208028    0.58113358    0.51154855    0.68406347    0.65639073    0.54263118    0.58485015    0.60734368    0.60965338    0.58405553    0.61260108    0.51478181    0.73644710    0.68800310    0.71451119    0.45502882
L0K481_9EURY/1-95     0.53082489    0.57703833    0.46599518    0.51999140    0.49867925    0.62882292    0.55986017    0.80134979    0.57273852    0.49992927    0.57838422    0.43487716    0.37865026    0.34741194    0.42389917    0.33068508    0.00000000    0.34794419    0.58152407    0.64431974    0.46146496    0.50902060    0.40023997    0.65645689    0.72020386    0.44289131    0.56842705    0.88911825    0.66473738    0.83105535    0.42993758    1.46656246    1.77524493    1.65338042    2.55550475    2.25597507    2.48489467    2.38457099    2.44932856    1.65996036    1.23174568    1.25297877    1.58196315    1.22946935    1.21342264    1.33435740    1.48256983    1.84513132    1.42304954    1.35527777    1.64801252    1.63179956    2.49922617    1.65821371    2.15073518    2.45235891    2.34904535    2.29249911    2.63195978    1.75717774    1.47228648    1.49657199    0.93886313    1.47125034    1.45864524    1.28779051    1.21262997    1.48568979    1.38986355    1.00602986    1.19216879    1.22314494    1.45750597    1.63368927    1.85028375    1.39100517    1.04292203    1.17882059    0.56831412    0.99406563    0.80876836    0.52202971    0.58243870    0.64310374    0.66352694    0.83415408    0.74964112    0.54608515    0.58038892    0.71449840    0.65451994    0.92596672    0.92552451    0.65810857    0.62244753    0.52722164    0.79842490    0.62801187    0.51709371    0.61093665    0.41390005    0.48791898    0.50285510    0.73117405    0.59866357    0.61161835    0.56296470    0.55039719    0.60192139    0.53908511    0.53564301    0.58733954    0.58457844    0.61415985    0.72112580    0.50208971
A0A346PS77_9EURY/1-82     0.56151049    0.56781866    0.54587457    0.54944301    0.50384805    0.57785977    0.60572501    0.69991505    0.60308919    0.57508233    0.60633511    0.41194007    0.34635494    0.29681520    0.37391722    0.34238949    0.34794419    0.00000000    0.53372374    0.65276427    0.53855537    0.57138946    0.48760505    0.57539435    0.66453995    0.59075580    0.57116697    0.86508133    0.60225200    0.77043818    0.42230280    1.46099114    1.67300134    1.68181976    2.43005575    1.99936368    2.39659332    2.22203968    2.60604980    1.47520061    1.09097666    1.33206377    1.58772692    1.18135787    1.27346134    1.35069850    1.76437166    1.74620333    1.49871229    1.23442626    1.85867409    1.82654516    2.26631149    1.40053195    2.52732511    2.30837941    2.04157277    2.29440470    2.80942346    2.06144706    1.53788696    1.56765711    0.98467464    1.29725606    1.41709549    1.31087235    1.30478726    1.40588554    1.44760457    0.89934876    1.24769166    1.43140238    1.25673246    1.51542093    1.44606886    1.27870466    0.98861949    1.32080611    0.69059497    0.89553534    0.71930998    0.64172858    0.61928809    0.73279103    0.76456723    0.59828493    0.79513697    0.58587178    0.56942122    0.73554819    0.58852397    0.84665983    0.94001909    0.63167708    0.57623940    0.49663485    0.85506085    0.67400904    0.43284775    0.55100932    0.38996806    0.50558226    0.52781067    0.76635307    0.61025138    0.57448477    0.60748655    0.57933743    0.48455862    0.56039458    0.50792549    0.56531159    0.65204722    0.74468187    0.79757244    0.49630224
D3SX37_NATMM/1-96     0.56852465    0.63432899    0.56483420    0.59267069    0.58715105    0.69575595    0.64461271    0.93418572    0.72344572    0.57499704    0.79247243    0.54126881    0.50978067    0.52897641    0.66729115    0.50657566    0.58152407    0.53372374    0.00000000    0.69933566    0.63701385    0.82400219    0.72469731    0.77018067    0.85396716    0.76062744    0.81765950    1.05037631    0.76439477    0.97604099    0.69376828    1.43600090    1.49093533    1.76726659    2.38804445    2.10834691    2.27421412    2.11639073    2.43055808    1.41238814    1.15886226    1.22344981    1.66794192    1.28360519    1.48253138    1.28849262    1.81024651    1.79783519    1.60302390    1.35191777    1.70498237    1.67168230    2.27893217    1.68377758    2.55096665    2.13002410    2.14247201    1.97493004    2.61009365    1.70099114    1.39133573    1.45620650    1.01867222    1.34116369    1.35893716    1.27486205    1.07617496    1.52595530    1.33598809    1.18396460    1.18218938    1.27659218    1.32084645    1.65761521    1.64516467    1.25310459    1.15872569    1.16895519    0.82714319    0.95991995    0.85168449    0.83147251    0.78560812    0.79301957    0.80538154    0.82456705    1.03521423    0.84139155    0.83738138    0.70179239    0.67928130    1.01377575    1.01075041    0.68119803    0.60667859    0.58110981    0.87812334    0.69781587    0.56814339    0.65846804    0.60253700    0.69229916    0.62558667    0.82136237    0.65121808    0.73120914    0.65104737    0.62977956    0.69398489    0.76997168    0.63399655    0.64141819    0.81492634    0.82577528    0.83374144    0.59789084
A0A365TFS3_9EURY/1-94     0.65763958    0.59755961    0.63616023    0.64039692    0.65631772    0.68325365    0.63032196    0.93790115    0.68415451    0.54576649    0.48605952    0.53434156    0.55058967    0.62404612    0.62240770    0.64237902    0.64431974    0.65276427    0.69933566    0.00000000    0.40259687    0.52121545    0.41717329    0.60512793    0.58530451    0.43319330    0.51075244    0.87728435    0.54322809    0.66128469    0.53387457    1.37922965    1.26391675    1.60524261    1.87697958    1.45201537    1.45730999    1.46500557    1.79549814    1.34924819    1.12593981    1.15623752    1.19533409    0.97284740    1.27572762    1.18020901    1.38869912    1.42806944    1.23113353    1.08457042    1.27120409    1.34078699    2.07696473    1.26334979    2.43090726    2.13072631    2.16110019    1.92250186    2.39433205    1.68258186    1.12527853    1.11835630    0.72799209    1.31022230    1.10602601    1.38672041    1.05643482    1.70939413    1.23670197    0.89896439    1.06607898    1.07822718    1.19489411    1.47206382    1.61569128    1.18218762    1.01528819    0.84979459    0.57914238    0.87380957    0.56581983    0.57136596    0.53000648    0.73772607    0.71954734    0.70453714    0.63595363    0.65300393    0.60458234    0.77028745    0.55899333    0.95034472    0.97473293    0.75990403    0.64560628    0.77511364    0.97424035    0.71291452    0.54926172    0.62082491    0.58988070    0.69030030    0.73303514    0.77295511    0.66077980    0.64434688    0.54772754    0.70704983    0.70870595    0.70010954    0.67338050    0.58970073    0.66439362    0.66524204    0.74061317    0.62172822
A0A1N6Z9J4_9EURY/1-95     0.55029592    0.52688144    0.48490103    0.62902979    0.46793297    0.61103098    0.55056749    0.85375347    0.43934567    0.43261418    0.52330235    0.47950534    0.45366250    0.58714333    0.62998874    0.60358117    0.46146496    0.53855537    0.63701385    0.40259687    0.00000000    0.57256622    0.42833289    0.59019369    0.55723461    0.46835044    0.50378431    0.85458234    0.58063525    0.66863001    0.46383010    1.74271975    1.52502663    1.76212146    2.21659843    1.71986734    1.80964493    1.93025274    2.00134056    1.47829282    1.11225967    1.19737451    1.40700688    1.09019274    1.24061383    1.16336473    1.51339116    1.41148254    1.27167900    1.14776069    1.33111059    1.35843155    2.02154317    1.36395304    2.24364470    2.20557799    2.20442228    2.15879623    2.63542601    1.59316494    1.13909357    1.08651534    0.70104935    1.25148967    1.12257445    1.22765516    1.16147176    1.48797955    1.20348105    0.94746678    1.04022513    1.14119601    1.34502617    1.57429809    1.74401459    1.32789016    0.96054467    1.05665438    0.50755852    0.93972376    0.76478354    0.47525652    0.48655492    0.69896664    0.75671245    0.70596449    0.66351333    0.56410528    0.52018507    0.57857740    0.46921751    0.97288171    0.93569193    0.74175474    0.63131656    0.51454544    0.69599961    0.61329234    0.46589263    0.58396774    0.56928664    0.59454777    0.58525989    0.75386734    0.56237045    0.55121536    0.60164603    0.61066462    0.68390044    0.58072510    0.50674483    0.58032890    0.58851705    0.68180359    0.55609454    0.53805744
M0MWN3_HALMO/1-91     0.71427420    0.64527380    0.76592454    0.74752031    0.66900314    0.72673528    0.59393749    0.84227946    0.67571122    0.59665500    0.55997677    0.57121570    0.51436199    0.62018750    0.53633565    0.58665554    0.50902060    0.57138946    0.82400219    0.52121545    0.57256622    0.00000000    0.34141615    0.54917445    0.67032138    0.57482262    0.56111460    0.80895127    0.66103633    0.82921007    0.52236063    1.64469018    1.80983271    1.91514759    2.35674821    2.18220600    2.11643015    2.38344411    2.50036076    1.45206477    1.39615414    1.40398270    1.20618981    1.02853683    1.19582708    1.28339595    1.55378908    1.74703045    1.27801299    1.21621487    1.50600005    1.38653180    2.10458839    1.59838010    2.39053147    2.21675525    2.20582554    1.98867747    2.64101890    1.42636051    1.25438003    1.32540558    0.88482089    1.37262349    1.28766723    1.35691838    1.24029975    1.41448881    1.35258900    1.05810927    1.00610977    1.08247379    1.57893713    1.69991330    1.78199194    1.23001624    0.88216428    0.94134053    0.59905691    0.87444223    0.73870503    0.63719808    0.62030458    0.65490712    0.99056946    0.86270882    0.66366271    0.62150489    0.66709798    0.73145589    0.62707408    0.86365827    0.81091144    0.80816692    0.78485000    0.61285192    0.94774255    0.83049684    0.55772458    0.69163717    0.48453612    0.59142380    0.61811282    0.67476806    0.73002599    0.73284040    0.63906593    0.69057269    0.67967482    0.71994876    0.68611666    0.58030229    0.76074686    0.75500645    0.66333882    0.55742897
M0MM47_9EURY/1-93     0.60071413    0.54898969    0.58552304    0.64393539    0.50037444    0.59669925    0.52421069    0.83536166    0.54253039    0.39384272    0.38301453    0.50536290    0.42115470    0.39219512    0.46322939    0.55958620    0.40023997    0.48760505    0.72469731    0.41717329    0.42833289    0.34141615    0.00000000    0.59507281    0.60460487    0.42065566    0.38702120    0.80346554    0.62879314    0.74645096    0.47880235    1.68846077    1.59284934    1.65389900    2.08580716    1.84094668    1.86609321    2.06653823    2.25596380    1.65674312    1.30651278    1.36168595    1.28226343    1.12950118    1.19588834    1.22469139    1.50343935    1.85397896    1.45365356    1.35258688    1.58319253    1.58712532    2.33498243    1.43185878    2.44084250    2.37013348    2.36810557    2.10295828    2.69592816    1.74115633    1.31098513    1.29899523    0.87367028    1.39993214    1.26226684    1.34511872    1.29045024    1.64199312    1.29020257    1.07822408    1.11657864    1.16921017    1.45259341    1.75342860    1.82969358    1.23222667    1.04444916    1.07631111    0.58634469    1.06527457    0.64920827    0.58520896    0.56458321    0.65888180    0.64304509    0.78458541    0.60952675    0.50207511    0.57494256    0.64934977    0.49406017    0.92310121    0.74221426    0.74785155    0.62609648    0.57918843    0.84385384    0.68941284    0.49450622    0.61763815    0.45481787    0.50381739    0.50261211    0.59975449    0.63877965    0.64926665    0.53378010    0.57073047    0.64994059    0.62132863    0.49421704    0.53198628    0.65862397    0.77351019    0.73957434    0.46520566
A0A2R4WZW2_9EURY/1-91     0.61559541    0.55490720    0.61223649    0.57191795    0.54419825    0.59035748    0.48235384    0.75877657    0.58127984    0.67219563    0.58068478    0.53637897    0.60352774    0.73674047    0.65726948    0.61736153    0.65645689    0.57539435    0.77018067    0.60512793    0.59019369    0.54917445    0.59507281    0.00000000    0.54207370    0.53149599    0.53442597    0.82149588    0.47579651    0.66150724    0.50878688    1.65437682    1.85754563    1.90705992    2.31263113    1.73367318    1.87708689    2.08645706    2.22096062    1.29598800    1.17095816    1.29845544    1.45001572    1.05233828    1.25627107    1.32067936    1.63505002    1.52537739    1.21924787    1.12460717    1.70129552    1.47602544    2.03867676    1.72938991    2.53169810    2.05836138    2.07897337    2.22302287    2.50853820    1.70125702    1.32563038    1.31547414    0.92033153    1.39429228    1.22275391    1.39707719    1.24528992    1.41269487    1.19181727    1.04422519    1.19670062    1.19543347    1.32698042    1.45574171    1.68267247    1.13327198    1.04483410    1.11914824    0.73599371    0.91994013    0.64109554    0.71022927    0.66813072    0.65203439    0.91139176    0.94509994    0.85191721    0.78243839    0.65683968    0.69670071    0.71502329    0.90741972    0.96683277    0.76770260    0.63222967    0.49222275    0.74318060    0.69415607    0.43290102    0.58017911    0.57118410    0.53702657    0.55147466    0.82340833    0.70437890    0.68773194    0.58933230    0.64240037    0.63738522    0.63467745    0.58848637    0.63458559    0.78637449    0.71063080    0.66258732    0.67272498
