38
A0A1T5DC17_9SPHI/69-206     0.00000000    1.66178482    3.19782453    3.63813297    3.55831661    3.45414250    3.64469802    4.06226261    3.10690283    4.90319736    3.35698209    3.46114390    3.74748841    3.92786609    3.98684839    3.04217492    3.35035042    3.10541014    3.31656555    3.49071907    3.57065860    3.44804407    3.80756552    3.82815667    3.43487549    3.70659564    2.66656528    2.67139637    2.59479830    2.74928600    2.94544466    3.19761459    3.20994156    3.80188193    4.48165313    4.34528934    3.37799529    3.29374245
A0A2N0VI44_9BACT/63-198     1.66178482    0.00000000    2.73006421    2.96399593    2.86307267    3.28142891    2.88612580    3.06274076    3.01731466    3.72730697    3.18067284    3.29673199    3.65287825    2.87512039    4.63845658    2.68991582    2.69686268    2.76222037    3.07038704    3.12511577    3.21934294    2.95989965    3.17889178    2.85779619    2.79680931    3.11356137    2.46822081    3.00848946    2.94829312    2.28048360    3.17554286    2.86628799    2.37185157    3.15875695    2.98664192    3.10984478    2.83440634    3.03898000
A0A1I4LF24_9BURK/158-306     3.19782453    2.73006421    0.00000000    3.22845852    3.16032082    2.86843783    3.06070627    3.88594996    3.68011767    3.89549204    3.50610085    3.15246025    2.61274802    3.03300806    3.82106254    2.85585969    3.18778274    2.95375827    3.44857590    3.49531012    3.13313363    2.88129693    3.11868879    2.88335735    3.03213901    3.11922186    3.05807588    2.87618908    2.91613406    2.64746760    3.00531152    3.01890836    3.45453361    3.42397866    2.89944379    2.44360147    2.93060391    3.08077406
A0A1Y2QHA5_9BURK/76-239     3.63813297    2.96399593    3.22845852    0.00000000    2.45578721    2.55719746    2.57362722    3.09512542    3.41115671    3.70890447    2.90973977    2.90801003    3.14512105    3.01922766    3.90583032    3.31516150    3.22742736    2.59371093    3.16394905    3.33761294    2.95610901    2.96067101    3.57871144    3.75812644    3.56653910    3.53659568    2.99942419    2.94661431    2.78105038    3.22868344    3.38841590    3.46908456    2.91322159    3.24571464    3.19542668    2.84640103    2.93892084    3.10334158
A0A420DU83_9RHOB/98-232     3.55831661    2.86307267    3.16032082    2.45578721    0.00000000    0.98010195    3.13323273    3.16924482    3.57761668    3.17933757    3.62802381    3.47553059    3.60439553    3.67580920    4.24434617    3.37378967    3.46970957    3.58798400    3.58388835    4.00394178    3.60300086    4.09541757    3.49792226    2.60659714    2.76140424    2.84023904    3.00238544    2.79414694    2.47231625    2.83540417    2.86972180    2.97522209    3.90123297    3.79652353    2.87281446    3.82040814    3.07126406    3.29398981
W4HCS6_9RHOB/22-156     3.45414250    3.28142891    2.86843783    2.55719746    0.98010195    0.00000000    3.57778541    3.16006429    3.57226285    2.69954047    3.91676831    3.01540273    4.00749042    3.15909466    3.62910444    3.82526233    3.62975015    3.69272311    4.03332943    4.81411149    3.91573143    4.58763720    4.20552709    3.15046380    3.18157401    3.16936957    2.99187035    2.69381254    2.60531883    3.14097925    3.18723383    3.03169125    3.84647431    3.99674138    3.87482824    4.21374500    3.22397828    2.85834441
A0A0Q2XJW1_9RHOB/177-321     3.64469802    2.88612580    3.06070627    2.57362722    3.13323273    3.57778541    0.00000000    2.01522513    2.53405273    3.63787418    2.63248643    1.99651782    2.80533647    3.26038413    4.53897902    2.66803616    2.75424461    2.20648145    2.73283369    2.49027451    2.51139329    2.18871519    2.74766294    1.99695746    2.67754866    2.38222601    2.58372501    2.46834685    2.36121308    2.20281457    2.56754227    2.38015608    2.57469976    2.60515206    2.60908509    3.15462351    2.79936624    3.68213118
X7EAP3_9RHOB/184-330     4.06226261    3.06274076    3.88594996    3.09512542    3.16924482    3.16006429    2.01522513    0.00000000    2.75815652    4.02742198    2.60379547    3.54565955    2.92152765    3.04921393    4.46925413    2.88383399    3.30948904    2.75129156    3.55747403    3.41589059    3.12905922    2.95458438    3.40498886    3.43303445    3.64934493    3.67091190    2.97244039    3.54638722    3.51956791    3.18890568    3.68513586    3.74342919    3.37845377    3.29841760    3.97032308    3.81659047    3.10786592    3.40382035
A0A074TD13_9RHOB/165-331     3.10690283    3.01731466    3.68011767    3.41115671    3.57761668    3.57226285    2.53405273    2.75815652    0.00000000    3.20832668    3.06459624    3.15152302    3.59586732    3.51718694    4.25165486    3.22233690    3.08633061    2.50169153    2.87106150    2.68973953    2.71182240    2.81039089    4.05457410    3.35959710    3.94596696    3.49688892    3.09504732    3.56051549    3.42886922    2.98687187    2.74859484    3.16560132    2.94779939    3.86044800    3.34336620    3.46709880    3.59478158    4.24308414
A0A1G7HD72_9RHOB/216-374     4.90319736    3.72730697    3.89549204    3.70890447    3.17933757    2.69954047    3.63787418    4.02742198    3.20832668    0.00000000    2.84252147    2.93983436    3.32464359    3.93650415    6.31321400    3.35520188    3.43415778    3.49848476    3.76017919    4.11087530    4.15572105    4.23324451    4.30389522    4.08744466    4.25886104    3.85618615    3.46624374    3.35473495    3.67226937    3.44208197    4.69850746    4.18452610    3.68031110    5.26810039    4.25502555    4.67656011    4.87217133    5.10490897
A0A271JAT8_9BACT/184-325     3.35698209    3.18067284    3.50610085    2.90973977    3.62802381    3.91676831    2.63248643    2.60379547    3.06459624    2.84252147    0.00000000    1.75928370    3.48650621    3.55152204    5.66815402    3.11671094    3.22715669    2.94043936    3.24295712    3.49688041    2.95725932    2.95771954    3.72745630    3.15561999    3.77605277    3.69398760    3.55932356    3.28176008    3.39311170    2.64448454    3.41070417    3.94283954    3.69871938    4.23552827    3.58115054    4.77012765    3.94909199    3.80018136
G0IYZ4_CYCMS/185-328     3.46114390    3.29673199    3.15246025    2.90801003    3.47553059    3.01540273    1.99651782    3.54565955    3.15152302    2.93983436    1.75928370    0.00000000    3.10067579    4.18130952    4.00711422    2.99284843    2.95059880    3.20386772    3.20208449    3.13180748    3.18568835    2.93258761    3.20437009    3.01394173    3.11624972    3.07443321    3.34236604    3.02369623    2.94121313    3.11638657    3.50365124    2.69851974    3.05762275    2.96502735    2.93291966    3.24100260    3.17718567    4.42160041
A0A2T6A7E6_9RHOB/172-303     3.74748841    3.65287825    2.61274802    3.14512105    3.60439553    4.00749042    2.80533647    2.92152765    3.59586732    3.32464359    3.48650621    3.10067579    0.00000000    3.82872340    3.90252057    2.83210147    2.84403857    2.34365120    2.61990898    2.56864041    2.63707735    2.46058888    3.51105017    2.93397953    3.14526088    2.86459363    2.93388174    2.71806652    2.51455376    3.18734604    3.29231848    2.76338797    2.89619605    2.54151594    3.12697538    3.60139522    3.13128501    3.32096184
R6AWR2_9CLOT/190-332     3.92786609    2.87512039    3.03300806    3.01922766    3.67580920    3.15909466    3.26038413    3.04921393    3.51718694    3.93650415    3.55152204    4.18130952    3.82872340    0.00000000    3.40777774    2.51236795    3.11673922    2.73511470    2.97338083    2.85294737    2.65536368    2.64994919    3.66422030    3.28834243    3.37721975    3.36692615    3.06719648    2.70701369    2.56740790    2.25227066    2.76988983    2.92207685    2.88515180    2.79274612    2.95002195    4.38327825    4.37453874    4.20273161
A0A1M7N670_9BACT/182-324     3.98684839    4.63845658    3.82106254    3.90583032    4.24434617    3.62910444    4.53897902    4.46925413    4.25165486    6.31321400    5.66815402    4.00711422    3.90252057    3.40777774    0.00000000    2.50265785    3.13095963    3.16453440    2.91374574    3.08211851    3.46740946    3.04402766    4.02663969    3.18852129    3.46147801    3.38530432    3.15646910    3.58194092    3.38507681    3.41793560    3.26419400    3.15575870    3.97426144    4.77487487    4.58414991    3.19646369    3.52944145    4.19227977
A0A1W1YLJ8_9FLAO/154-290     3.04217492    2.68991582    2.85585969    3.31516150    3.37378967    3.82526233    2.66803616    2.88383399    3.22233690    3.35520188    3.11671094    2.99284843    2.83210147    2.51236795    2.50265785    0.00000000    1.17179281    1.00758019    1.11689888    1.22327592    1.09605642    1.01084421    2.54430613    2.22548331    2.33251278    2.03270479    2.21116706    2.00324621    2.11821942    1.90036757    2.24660402    2.33258950    1.87458989    2.57887135    2.23596114    2.92159247    2.89082110    2.82053986
A0A2H1E705_9FLAO/153-289     3.35035042    2.69686268    3.18778274    3.22742736    3.46970957    3.62975015    2.75424461    3.30948904    3.08633061    3.43415778    3.22715669    2.95059880    2.84403857    3.11673922    3.13095963    1.17179281    0.00000000    0.90931461    0.97575082    1.17899444    1.01491983    0.96093750    3.00612529    1.95349900    2.09352717    1.98312855    2.20093657    2.16196508    2.02623593    1.83582865    2.10424275    1.90912940    1.88258392    2.44275609    2.09070026    2.51716381    2.97146610    3.17768613
A0A4Z0L606_9FLAO/157-292     3.10541014    2.76222037    2.95375827    2.59371093    3.58798400    3.69272311    2.20648145    2.75129156    2.50169153    3.49848476    2.94043936    3.20386772    2.34365120    2.73511470    3.16453440    1.00758019    0.90931461    0.00000000    0.60789237    0.72143987    0.45418163    0.49048912    3.10646840    2.64062564    2.98327208    2.63367686    2.22079831    2.17656028    1.99742626    2.12844347    2.37080877    2.07188259    2.03655222    2.41521942    2.34155500    2.37707440    2.43940428    2.82636145
CAP12_NIADE/157-292     3.31656555    3.07038704    3.44857590    3.16394905    3.58388835    4.03332943    2.73283369    3.55747403    2.87106150    3.76017919    3.24295712    3.20208449    2.61990898    2.97338083    2.91374574    1.11689888    0.97575082    0.60789237    0.00000000    0.65944588    0.66903588    0.71909991    3.66812526    2.62167735    2.99194186    2.80911183    2.34770302    2.51650727    2.40006905    2.14356780    2.28937601    2.38372904    2.30373906    2.75225830    2.35212107    2.21910893    2.89308550    2.97175427
A0A1G9I862_9BACT/156-291     3.49071907    3.12511577    3.49531012    3.33761294    4.00394178    4.81411149    2.49027451    3.41589059    2.68973953    4.11087530    3.49688041    3.13180748    2.56864041    2.85294737    3.08211851    1.22327592    1.17899444    0.72143987    0.65944588    0.00000000    0.74326550    0.80791972    3.43024003    2.61002987    3.18446032    2.61313017    2.50256018    2.39012830    2.38740379    2.28845705    2.02454200    2.46381851    2.25231214    3.04275098    2.26350539    2.60119857    3.16069992    3.18033171
A0A519WY34_9SPHI/157-293     3.57065860    3.21934294    3.13313363    2.95610901    3.60300086    3.91573143    2.51139329    3.12905922    2.71182240    4.15572105    2.95725932    3.18568835    2.63707735    2.65536368    3.46740946    1.09605642    1.01491983    0.45418163    0.66903588    0.74326550    0.00000000    0.60369732    3.37813404    2.51598760    2.73512389    2.49437435    2.55450878    2.32015893    2.20244422    2.10471185    2.31034767    2.44757333    2.35267844    2.49147720    2.40211044    2.57333460    2.85263204    3.58394280
J9R4G8_RIEAN/159-295     3.44804407    2.95989965    2.88129693    2.96067101    4.09541757    4.58763720    2.18871519    2.95458438    2.81039089    4.23324451    2.95771954    2.93258761    2.46058888    2.64994919    3.04402766    1.01084421    0.96093750    0.49048912    0.71909991    0.80791972    0.60369732    0.00000000    2.79711840    2.53772550    2.75286111    2.58046584    2.29254788    2.45514411    2.21313013    2.15471049    1.98893986    2.11120751    1.93587031    2.41895474    2.04790227    2.27232482    2.81900970    3.37971081
A0A2K9PN10_9FLAO/43-201     3.80756552    3.17889178    3.11868879    3.57871144    3.49792226    4.20552709    2.74766294    3.40498886    4.05457410    4.30389522    3.72745630    3.20437009    3.51105017    3.66422030    4.02663969    2.54430613    3.00612529    3.10646840    3.66812526    3.43024003    3.37813404    2.79711840    0.00000000    2.48917406    2.89356460    2.39913598    2.92950097    2.75357861    2.67853347    2.48962392    3.18374500    2.29546361    2.67546201    2.90575807    3.43627139    2.93212231    3.17119620    3.71886781
A0A2N3HGX8_9FLAO/157-301     3.82815667    2.85779619    2.88335735    3.75812644    2.60659714    3.15046380    1.99695746    3.43303445    3.35959710    4.08744466    3.15561999    3.01394173    2.93397953    3.28834243    3.18852129    2.22548331    1.95349900    2.64062564    2.62167735    2.61002987    2.51598760    2.53772550    2.48917406    0.00000000    0.42915883    0.40914063    1.97770371    1.82691142    1.78936643    1.40482725    1.87055671    1.70865954    2.02438389    2.14090043    1.94098110    3.06626507    2.36971553    2.56497989
A0A1H8QA45_9SPHI/157-301     3.43487549    2.79680931    3.03213901    3.56653910    2.76140424    3.18157401    2.67754866    3.64934493    3.94596696    4.25886104    3.77605277    3.11624972    3.14526088    3.37721975    3.46147801    2.33251278    2.09352717    2.98327208    2.99194186    3.18446032    2.73512389    2.75286111    2.89356460    0.42915883    0.00000000    0.49456403    2.10183186    2.25976378    2.09713877    1.68322932    2.18028585    1.65595822    2.15456909    1.94590647    1.88215604    3.49281594    2.32403780    2.68119185
A0A1G7TQ07_9SPHI/157-302     3.70659564    3.11356137    3.11922186    3.53659568    2.84023904    3.16936957    2.38222601    3.67091190    3.49688892    3.85618615    3.69398760    3.07443321    2.86459363    3.36692615    3.38530432    2.03270479    1.98312855    2.63367686    2.80911183    2.61313017    2.49437435    2.58046584    2.39913598    0.40914063    0.49456403    0.00000000    2.06637487    2.08119082    2.03945690    1.66583263    2.06375294    1.62705385    2.33093271    2.05728233    1.89383129    2.80722164    2.34186728    2.54298949
A0A1G7L349_9SPHI/153-302     2.66656528    2.46822081    3.05807588    2.99942419    3.00238544    2.99187035    2.58372501    2.97244039    3.09504732    3.46624374    3.55932356    3.34236604    2.93388174    3.06719648    3.15646910    2.21116706    2.20093657    2.22079831    2.34770302    2.50256018    2.55450878    2.29254788    2.92950097    1.97770371    2.10183186    2.06637487    0.00000000    1.81175338    1.64317939    1.44063252    1.83198032    1.97724356    2.13492989    2.32014409    2.07701346    3.02696461    3.72305181    3.38750007
A0A1T4ZWI1_9SPHI/157-293     2.67139637    3.00848946    2.87618908    2.94661431    2.79414694    2.69381254    2.46834685    3.54638722    3.56051549    3.35473495    3.28176008    3.02369623    2.71806652    2.70701369    3.58194092    2.00324621    2.16196508    2.17656028    2.51650727    2.39012830    2.32015893    2.45514411    2.75357861    1.82691142    2.25976378    2.08119082    1.81175338    0.00000000    0.39607628    1.07354429    1.42734431    1.67790908    1.98199095    1.95357229    2.13897813    2.99389460    2.68095580    3.09524439
A0A223V9M1_9FLAO/155-291     2.59479830    2.94829312    2.91613406    2.78105038    2.47231625    2.60531883    2.36121308    3.51956791    3.42886922    3.67226937    3.39311170    2.94121313    2.51455376    2.56740790    3.38507681    2.11821942    2.02623593    1.99742626    2.40006905    2.38740379    2.20244422    2.21313013    2.67853347    1.78936643    2.09713877    2.03945690    1.64317939    0.39607628    0.00000000    1.07669606    1.45814742    1.59449161    1.82614371    1.92134590    2.17082282    2.94326617    2.64424775    3.12082235
A0A2V3PL99_9BACT/161-296     2.74928600    2.28048360    2.64746760    3.22868344    2.83540417    3.14097925    2.20281457    3.18890568    2.98687187    3.44208197    2.64448454    3.11638657    3.18734604    2.25227066    3.41793560    1.90036757    1.83582865    2.12844347    2.14356780    2.28845705    2.10471185    2.15471049    2.48962392    1.40482725    1.68322932    1.66583263    1.44063252    1.07354429    1.07669606    0.00000000    0.90119694    1.49410768    1.74332905    1.86446911    1.75504277    2.88908961    2.96182897    2.99877346
A0A4Q0J8B0_9BACT/160-296     2.94544466    3.17554286    3.00531152    3.38841590    2.86972180    3.18723383    2.56754227    3.68513586    2.74859484    4.69850746    3.41070417    3.50365124    3.29231848    2.76988983    3.26419400    2.24660402    2.10424275    2.37080877    2.28937601    2.02454200    2.31034767    1.98893986    3.18374500    1.87055671    2.18028585    2.06375294    1.83198032    1.42734431    1.45814742    0.90119694    0.00000000    1.79356630    1.97064673    1.83332582    1.95838707    2.82647660    3.03041969    3.01379934
C6W705_DYAFD/150-286     3.19761459    2.86628799    3.01890836    3.46908456    2.97522209    3.03169125    2.38015608    3.74342919    3.16560132    4.18452610    3.94283954    2.69851974    2.76338797    2.92207685    3.15575870    2.33258950    1.90912940    2.07188259    2.38372904    2.46381851    2.44757333    2.11120751    2.29546361    1.70865954    1.65595822    1.62705385    1.97724356    1.67790908    1.59449161    1.49410768    1.79356630    0.00000000    1.67739906    1.71433748    1.92580298    2.56521263    1.98026617    2.45534979
R5R263_9FIRM/152-293     3.20994156    2.37185157    3.45453361    2.91322159    3.90123297    3.84647431    2.57469976    3.37845377    2.94779939    3.68031110    3.69871938    3.05762275    2.89619605    2.88515180    3.97426144    1.87458989    1.88258392    2.03655222    2.30373906    2.25231214    2.35267844    1.93587031    2.67546201    2.02438389    2.15456909    2.33093271    2.13492989    1.98199095    1.82614371    1.74332905    1.97064673    1.67739906    0.00000000    1.19868254    2.16055201    3.32542923    3.18208599    3.23938771
R6H898_9FIRM/96-237     3.80188193    3.15875695    3.42397866    3.24571464    3.79652353    3.99674138    2.60515206    3.29841760    3.86044800    5.26810039    4.23552827    2.96502735    2.54151594    2.79274612    4.77487487    2.57887135    2.44275609    2.41521942    2.75225830    3.04275098    2.49147720    2.41895474    2.90575807    2.14090043    1.94590647    2.05728233    2.32014409    1.95357229    1.92134590    1.86446911    1.83332582    1.71433748    1.19868254    0.00000000    2.10346678    3.35493119    2.91010750    3.91221898
B0PHL7_9FIRM/162-300     4.48165313    2.98664192    2.89944379    3.19542668    2.87281446    3.87482824    2.60908509    3.97032308    3.34336620    4.25502555    3.58115054    2.93291966    3.12697538    2.95002195    4.58414991    2.23596114    2.09070026    2.34155500    2.35212107    2.26350539    2.40211044    2.04790227    3.43627139    1.94098110    1.88215604    1.89383129    2.07701346    2.13897813    2.17082282    1.75504277    1.95838707    1.92580298    2.16055201    2.10346678    0.00000000    3.16646478    3.32201175    3.77182191
A0A1J4N4B3_9ACTN/356-507     4.34528934    3.10984478    2.44360147    2.84640103    3.82040814    4.21374500    3.15462351    3.81659047    3.46709880    4.67656011    4.77012765    3.24100260    3.60139522    4.38327825    3.19646369    2.92159247    2.51716381    2.37707440    2.21910893    2.60119857    2.57333460    2.27232482    2.93212231    3.06626507    3.49281594    2.80722164    3.02696461    2.99389460    2.94326617    2.88908961    2.82647660    2.56521263    3.32542923    3.35493119    3.16646478    0.00000000    2.42803452    3.35633794
CAP13_ROSEK/79-212     3.37799529    2.83440634    2.93060391    2.93892084    3.07126406    3.22397828    2.79936624    3.10786592    3.59478158    4.87217133    3.94909199    3.17718567    3.13128501    4.37453874    3.52944145    2.89082110    2.97146610    2.43940428    2.89308550    3.16069992    2.85263204    2.81900970    3.17119620    2.36971553    2.32403780    2.34186728    3.72305181    2.68095580    2.64424775    2.96182897    3.03041969    1.98026617    3.18208599    2.91010750    3.32201175    2.42803452    0.00000000    2.23334352
A0A1V0DBL2_9BACT/76-217     3.29374245    3.03898000    3.08077406    3.10334158    3.29398981    2.85834441    3.68213118    3.40382035    4.24308414    5.10490897    3.80018136    4.42160041    3.32096184    4.20273161    4.19227977    2.82053986    3.17768613    2.82636145    2.97175427    3.18033171    3.58394280    3.37971081    3.71886781    2.56497989    2.68119185    2.54298949    3.38750007    3.09524439    3.12082235    2.99877346    3.01379934    2.45534979    3.23938771    3.91221898    3.77182191    3.35633794    2.23334352    0.00000000

