75
A0A1M5CLB1_9BACT/51-257     0.00000000    0.45939618    0.41271460    0.35976961    0.34895945    0.53936114    0.51668630    0.47357583    0.49366839    1.18789790    1.24430338    1.37157165    1.30791248    1.31820719    1.19929445    1.24594909    1.35178807    1.16093336    1.28048638    1.25874514    1.20185452    1.45568619    1.37783027    1.36257794    1.45723305    1.45199325    1.50831981    1.43534898    1.40803565    1.29304027    1.21141594    1.48072056    1.48045790    1.77334470    1.54724044    1.52551350    1.38088577    1.46759006    1.37618258    1.59037861    1.44687496    1.49308803    1.55501342    1.60600658    1.32137573    1.38098938    1.36727945    1.39433674    1.50712488    1.34365270    1.43486391    1.37043652    1.45581771    1.69975458    1.31838253    1.38800677    1.63489089    1.69458694    1.47403005    1.35314108    0.49939460    0.58086829    0.57870380    0.64483726    0.56901953    0.59575478    0.64793410    0.64167797    0.60166320    0.64027140    0.64161698    0.63446288    0.47682499    0.58642562    0.40752096
A0A1M7M9E8_9BACT/52-258     0.45939618    0.00000000    0.34414836    0.36806860    0.44245535    0.45372244    0.58156554    0.45595694    0.46585016    1.09884327    1.19080182    1.25793775    1.24723697    1.29992988    1.14344926    1.21810664    1.40897043    1.26202364    1.33745631    1.24330718    1.21480583    1.49121303    1.46884148    1.41088851    1.61673515    1.50108730    1.65333873    1.51612583    1.41736372    1.30721396    1.24297067    1.68511017    1.56089823    1.77972115    1.63612981    1.55111075    1.46796535    1.57172155    1.57287794    1.69286312    1.52302338    1.53908127    1.52713693    1.57571063    1.42529737    1.43350532    1.41718240    1.44866299    1.49152646    1.36118485    1.41072250    1.33385967    1.37731820    1.63275891    1.37864633    1.47945127    1.65159163    1.73359347    1.27181220    1.27077924    0.56400727    0.63822137    0.59692024    0.65852741    0.61936180    0.59420694    0.69274227    0.69588484    0.68054659    0.70870803    0.70655973    0.69894033    0.46404569    0.56602217    0.47789381
R7ZNS3_9BACT/26-232     0.41271460    0.34414836    0.00000000    0.46130186    0.45313516    0.52793263    0.59137787    0.52410855    0.56835178    1.19121825    1.30365009    1.33007400    1.27472975    1.40092223    1.30967710    1.33929967    1.47281084    1.31784380    1.51239976    1.37980172    1.48553653    1.55922556    1.58343558    1.54583977    1.72418859    1.62350434    1.68396310    1.55103650    1.49196051    1.36025372    1.31934746    1.71573538    1.55424535    1.86643527    1.73500350    1.63759811    1.52922732    1.65403589    1.69124929    1.77833884    1.63915804    1.60091817    1.67045980    1.63654696    1.46231679    1.51905629    1.53111554    1.58074273    1.64316371    1.52550740    1.52956409    1.43313328    1.49582913    1.70533023    1.52619953    1.64799868    1.84833995    1.96141338    1.45840895    1.44994870    0.62635140    0.74100261    0.65751995    0.78331695    0.69960821    0.71595151    0.83292492    0.78126680    0.74034525    0.82557232    0.81130289    0.80048071    0.52862692    0.65183446    0.44542842
A0A1T5M6K0_9BACT/51-257     0.35976961    0.36806860    0.46130186    0.00000000    0.25895227    0.38496967    0.49504433    0.36952743    0.37683297    1.19050754    1.30973629    1.44230762    1.31751189    1.26630632    1.12514261    1.13368502    1.35814588    1.18996002    1.33257850    1.23098735    1.18561635    1.40919537    1.41084969    1.38267864    1.58292747    1.47435700    1.57685192    1.45481420    1.41426479    1.24992571    1.25485768    1.64867025    1.43442877    1.71291402    1.64921293    1.70055934    1.51080762    1.50932715    1.56010938    1.77101087    1.51848462    1.50337804    1.55306348    1.59607044    1.41381886    1.40659020    1.48898688    1.46724091    1.59346745    1.52869047    1.55335902    1.51807668    1.47361904    1.68962813    1.40043755    1.54793004    1.73300120    1.82707327    1.44306175    1.26585379    0.50283762    0.59628689    0.62807005    0.62131293    0.61758939    0.57579571    0.64076976    0.64037204    0.62911473    0.70151955    0.66420484    0.67400382    0.37090862    0.50740864    0.38479918
A0A0C1KSB1_9BACT/56-262     0.34895945    0.44245535    0.45313516    0.25895227    0.00000000    0.36412120    0.43062355    0.34812513    0.32304064    1.23852964    1.37621247    1.45750855    1.39990066    1.24109426    1.20527546    1.19820242    1.41463019    1.18795174    1.30007593    1.23242960    1.28058834    1.43941190    1.40363590    1.38597216    1.58442297    1.48742125    1.59832503    1.52362433    1.33677061    1.22685784    1.31487559    1.64266807    1.50251326    1.75953250    1.62518697    1.59090602    1.50678568    1.45458747    1.46176914    1.64536772    1.47354125    1.50480389    1.57197009    1.54005750    1.35597908    1.40266519    1.49430555    1.43469807    1.56663831    1.56206484    1.59039373    1.49888518    1.49821029    1.69798742    1.44627701    1.58020818    1.69582172    1.77972212    1.41581662    1.34947144    0.52467941    0.63713339    0.59803885    0.56725456    0.58298106    0.55987169    0.65285451    0.59358163    0.57175112    0.72206029    0.73809362    0.66127111    0.42104407    0.53316976    0.35376265
A0A098C162_9BACT/50-256     0.53936114    0.45372244    0.52793263    0.38496967    0.36412120    0.00000000    0.60703727    0.51934724    0.57915005    1.16090222    1.21950967    1.37252239    1.23038935    1.17538682    1.04615030    1.16499495    1.30498351    1.16377194    1.25734513    1.13766935    1.19258366    1.26482022    1.33407903    1.45085729    1.54512009    1.26033582    1.54977755    1.48599799    1.38141462    1.19125942    1.27219506    1.67453110    1.50909708    1.63671257    1.62918001    1.49174601    1.53433302    1.43232576    1.48245591    1.66476742    1.48013986    1.52884176    1.42511156    1.54837696    1.36237800    1.46963613    1.40046975    1.45718485    1.50924479    1.53275668    1.55431389    1.47826261    1.34547526    1.65485437    1.48677386    1.56044658    1.64214724    1.63733306    1.41459518    1.28550725    0.58083788    0.72709094    0.66287263    0.69437377    0.65673380    0.65962849    0.65403265    0.72896507    0.73913325    0.80010007    0.72560889    0.73772947    0.53688347    0.64036402    0.50207008
A0A2S2E0F0_9BACT/75-281     0.51668630    0.58156554    0.59137787    0.49504433    0.43062355    0.60703727    0.00000000    0.34535826    0.40504670    1.18712665    1.25642738    1.29983532    1.29657783    1.31186775    1.24997139    1.17856920    1.41406806    1.17785064    1.44679917    1.17176166    1.31712898    1.49017190    1.44271863    1.44677980    1.57950536    1.50368916    1.64743825    1.56620122    1.28554107    1.19130037    1.32155803    1.60903386    1.45419624    1.85128634    1.63505452    1.53865964    1.36303534    1.49174149    1.41065021    1.61819871    1.42574504    1.47538174    1.50573514    1.60092582    1.39697022    1.37008627    1.37825239    1.40298539    1.56129559    1.45407276    1.40529583    1.40950507    1.53461002    1.50816699    1.42051272    1.47390776    1.64683862    1.69717995    1.40146501    1.35325811    0.56154804    0.67897632    0.60017723    0.58413258    0.56272048    0.59070569    0.63111878    0.62572119    0.59484823    0.67654718    0.65536122    0.64920185    0.47541238    0.62414020    0.43844360
F4L040_HALH1/51-257     0.47357583    0.45595694    0.52410855    0.36952743    0.34812513    0.51934724    0.34535826    0.00000000    0.29707872    1.17607145    1.26436519    1.31923635    1.28314134    1.20109750    1.14172051    1.20701469    1.36395747    1.16999571    1.33086865    1.14943770    1.21024369    1.35913351    1.33018172    1.43621340    1.54078925    1.41800344    1.61412246    1.52113633    1.35870186    1.18711493    1.20671736    1.55601530    1.51276252    1.78358678    1.57922409    1.57666433    1.39332784    1.39998137    1.40503686    1.61646358    1.44178589    1.41082583    1.45975231    1.51912244    1.22068259    1.27975047    1.38517922    1.40564648    1.48844843    1.40671414    1.42301755    1.41247715    1.46702103    1.57613505    1.43648512    1.47154559    1.63137893    1.66218137    1.37080405    1.31053932    0.45399955    0.59263789    0.52048893    0.51885856    0.49022553    0.53748801    0.60522158    0.52521244    0.54538770    0.64330089    0.65047911    0.56325991    0.39041523    0.54409087    0.37807411
A0A3G3GK90_9BACT/53-259     0.49366839    0.46585016    0.56835178    0.37683297    0.32304064    0.57915005    0.40504670    0.29707872    0.00000000    1.13805820    1.21244216    1.22867722    1.30720760    1.29407998    1.24574167    1.23052153    1.45818611    1.25841178    1.35719389    1.26010254    1.27965675    1.49719918    1.42314710    1.44901777    1.55297009    1.44226075    1.56982589    1.55115589    1.42056551    1.27859712    1.27775364    1.50650088    1.55423069    1.76430737    1.61804810    1.57228870    1.37962921    1.44980325    1.44026737    1.63919001    1.47018103    1.45944953    1.47009138    1.53473206    1.30778851    1.30855080    1.39597593    1.46705879    1.46364275    1.41859885    1.48500637    1.42240952    1.50995710    1.59553438    1.38919671    1.50361305    1.62516640    1.66833434    1.44901549    1.37075886    0.51024749    0.60089152    0.56847633    0.57248156    0.50160690    0.53752220    0.65601644    0.56771760    0.58493298    0.65673853    0.68037299    0.59249098    0.42690608    0.58574669    0.47950041
A0A1K2IK09_9FLAO/41-246     1.18789790    1.09884327    1.19121825    1.19050754    1.23852964    1.16090222    1.18712665    1.17607145    1.13805820    0.00000000    0.57469051    0.69297835    0.53910140    1.27406938    1.27889610    1.25451808    1.37886105    1.29125541    1.33290528    1.25846924    1.30524653    1.34807943    1.30813959    1.20064066    1.50303558    1.37640722    1.51385408    1.37364751    1.28205912    1.29370066    1.19540346    1.39798516    1.46592302    1.56233812    1.50255892    1.53343909    1.46116507    1.50554463    1.64663001    1.60026877    1.51758514    1.49090532    1.45682892    1.65063365    1.36755092    1.40987631    1.35117719    1.48089853    1.57928739    1.40107904    1.52443604    1.47200920    1.45618147    1.30534893    1.19260189    1.28629919    1.49095721    1.56701609    1.45748512    1.57254341    1.11177336    1.09633778    1.16973911    1.22174818    1.10229853    1.08334869    1.12856346    1.09303988    1.23547379    1.21140624    1.28313792    1.19237736    1.17453517    1.29429346    1.24235610
A0A369I1Z1_9BACT/43-248     1.24430338    1.19080182    1.30365009    1.30973629    1.37621247    1.21950967    1.25642738    1.26436519    1.21244216    0.57469051    0.00000000    0.58237740    0.50129607    1.21408095    1.14483078    1.24218167    1.34455339    1.17823469    1.51494004    1.35719067    1.38491871    1.31607349    1.31347508    1.36824865    1.57489470    1.39215346    1.48551031    1.33933517    1.41576073    1.20431366    1.19645205    1.53981040    1.52163239    1.74105193    1.58535144    1.55045727    1.38485837    1.43144768    1.58046890    1.63568703    1.55394125    1.51630504    1.44519282    1.64629486    1.34094645    1.39522645    1.34272345    1.50492367    1.47815280    1.42388346    1.45599164    1.47130269    1.59328680    1.49578108    1.30733720    1.33045944    1.73441369    1.70429802    1.49948750    1.49390718    1.14222463    1.29086260    1.24200816    1.31376986    1.17417176    1.23665377    1.23553139    1.29863356    1.30911692    1.15528614    1.32799619    1.28740781    1.32005939    1.32834543    1.34896591
F4KPB1_HALH1/36-242     1.37157165    1.25793775    1.33007400    1.44230762    1.45750855    1.37252239    1.29983532    1.31923635    1.22867722    0.69297835    0.58237740    0.00000000    0.44734921    1.26981982    1.29326967    1.36395850    1.49572427    1.35327617    1.60321055    1.39149481    1.40234591    1.49231918    1.46301304    1.50951384    1.63728758    1.63164493    1.63551230    1.38718121    1.55770578    1.24118502    1.33658962    1.67964634    1.41716853    1.68989454    1.48325148    1.50635213    1.36936312    1.40470860    1.47752365    1.48339980    1.35830929    1.38537551    1.39410357    1.46802596    1.33260219    1.21274804    1.35812306    1.47958664    1.44613489    1.31470557    1.40577919    1.41722197    1.74507099    1.41785623    1.39810763    1.39421006    1.72562797    1.67297660    1.49910672    1.74586339    1.24645936    1.24957975    1.25192518    1.31136731    1.20745124    1.28504091    1.28796972    1.19417258    1.25909152    1.18978675    1.28652066    1.21829721    1.40599101    1.55358281    1.40450184
A0A2Z4GCM5_9BACT/37-242     1.30791248    1.24723697    1.27472975    1.31751189    1.39990066    1.23038935    1.29657783    1.28314134    1.30720760    0.53910140    0.50129607    0.44734921    0.00000000    1.32726520    1.23953992    1.23910316    1.36359063    1.32147285    1.54117678    1.30899526    1.39742402    1.43190987    1.39152332    1.33055371    1.52566142    1.35803502    1.46732108    1.44127017    1.36224047    1.29255793    1.25535167    1.65912311    1.56875108    1.53451934    1.55226130    1.57046049    1.39496197    1.48147638    1.58784433    1.50989005    1.47771115    1.47898006    1.33610569    1.62646010    1.38782889    1.40493112    1.37340005    1.43939183    1.52155221    1.45063245    1.50205998    1.36855663    1.52015962    1.56979202    1.49148372    1.39653955    1.63838249    1.61167332    1.46816130    1.57695474    1.22017930    1.29248623    1.23530521    1.28312251    1.25465057    1.32521748    1.26475429    1.15396680    1.31050190    1.22206088    1.33798626    1.30109987    1.33652603    1.44243049    1.35054447
A0A1I2DVJ3_9BACT/59-280     1.31820719    1.29992988    1.40092223    1.26630632    1.24109426    1.17538682    1.31186775    1.20109750    1.29407998    1.27406938    1.21408095    1.26981982    1.32726520    0.00000000    0.51507461    0.47920356    0.74130810    0.61182619    0.68917828    0.71155922    0.73413864    0.77267492    0.78526009    0.84224475    1.15554534    1.08531416    1.17015423    0.93267615    1.44275220    1.05307534    0.97136439    1.44334300    1.43196056    1.68576218    1.66896800    1.60668008    1.77191813    1.67262241    1.64113554    1.91133098    1.62847166    1.49184568    1.45533252    1.73531964    1.47325005    1.51550770    1.49553971    1.57983486    1.65756599    1.60879076    1.72593475    1.75398772    1.82594287    1.66828468    1.39619032    1.44318234    1.81097819    1.80641865    1.63301822    1.33581974    1.22077976    1.41337420    1.36299649    1.30641320    1.30331164    1.30646210    1.23464144    1.32677994    1.29373550    1.34865369    1.40857227    1.28881572    1.25741570    1.35170634    1.27958526
A0A327NRD2_9BACT/51-271     1.19929445    1.14344926    1.30967710    1.12514261    1.20527546    1.04615030    1.24997139    1.14172051    1.24574167    1.27889610    1.14483078    1.29326967    1.23953992    0.51507461    0.00000000    0.32991428    0.54195391    0.41089613    0.76333130    0.73517682    0.66258598    0.73143381    0.68512515    0.79983366    1.00321106    0.90815679    0.97458576    0.89762693    1.37442579    1.01590643    0.99054772    1.50796851    1.41306297    1.70017493    1.52188465    1.45028973    1.54390640    1.48082530    1.56640964    1.66029662    1.39763585    1.34061065    1.29507226    1.55078512    1.33081318    1.50706633    1.30577220    1.34436018    1.47508802    1.44479641    1.63920024    1.66795446    1.65401930    1.75288730    1.52284587    1.59679510    1.74711593    1.78525719    1.50500785    1.20058446    1.16482096    1.35068674    1.28216734    1.22815532    1.19778453    1.20362084    1.22931192    1.27276466    1.24498241    1.19789791    1.24122716    1.26747711    1.15568031    1.16209279    1.22459644
A0A369I9H7_9BACT/50-271     1.24594909    1.21810664    1.33929967    1.13368502    1.19820242    1.16499495    1.17856920    1.20701469    1.23052153    1.25451808    1.24218167    1.36395850    1.23910316    0.47920356    0.32991428    0.00000000    0.49018916    0.31357296    0.69556259    0.59740522    0.59463961    0.64492479    0.65628694    0.72647758    0.98892368    0.95323324    0.93330897    0.82545615    1.34416888    0.99335101    0.96716642    1.57281298    1.37480011    1.77952767    1.61424615    1.62890517    1.65770221    1.53835946    1.64858278    1.79708520    1.55311066    1.51236287    1.36515837    1.66625724    1.50865194    1.63160315    1.45834399    1.43582646    1.57995356    1.60172177    1.68781926    1.72767207    1.60550210    1.66214606    1.49041882    1.42509052    1.73160090    1.74286114    1.45985192    1.28130417    1.23540132    1.33845457    1.26654574    1.19664275    1.23183074    1.22016435    1.23744330    1.24133584    1.24387550    1.24478774    1.34518298    1.26622543    1.14836133    1.17308886    1.17207549
A0A0P7BYW4_9BACT/48-268     1.35178807    1.40897043    1.47281084    1.35814588    1.41463019    1.30498351    1.41406806    1.36395747    1.45818611    1.37886105    1.34455339    1.49572427    1.36359063    0.74130810    0.54195391    0.49018916    0.00000000    0.49130125    0.85168523    0.83822780    0.78533502    0.64456075    0.74450752    0.85119552    1.01703922    0.98386095    0.96079435    0.78905502    1.44449185    1.03705391    1.02287279    1.69778226    1.58739633    1.76610672    1.49774231    1.50411084    1.62610791    1.46441648    1.66372474    1.72644621    1.45978197    1.48787565    1.40977470    1.56869132    1.38552871    1.52538345    1.43286920    1.49243846    1.52401031    1.57061635    1.78137030    1.63945112    1.78839046    1.90389600    1.57029527    1.66105056    1.86306815    2.01539932    1.56943202    1.30424087    1.41426916    1.51883562    1.55108533    1.40882766    1.45410589    1.46508317    1.52332746    1.58013393    1.52200583    1.55977755    1.44336713    1.58080088    1.31784303    1.38188743    1.45921378
F4L673_HALH1/52-273     1.16093336    1.26202364    1.31784380    1.18996002    1.18795174    1.16377194    1.17785064    1.16999571    1.25841178    1.29125541    1.17823469    1.35327617    1.32147285    0.61182619    0.41089613    0.31357296    0.49130125    0.00000000    0.80184670    0.78108751    0.71567672    0.71608801    0.68244650    0.76838574    1.05792103    0.99485954    1.00711836    0.85125057    1.34769696    1.03504880    0.97459826    1.56029082    1.36523947    1.78547544    1.63921023    1.47300290    1.61940767    1.48483374    1.56709657    1.75562603    1.41678097    1.39513586    1.37471082    1.59834040    1.42106520    1.54350671    1.46828779    1.43391857    1.47709750    1.55199506    1.67409173    1.59938090    1.70591492    1.82667322    1.49852022    1.59837401    1.80067513    1.82174531    1.43726224    1.28160495    1.18177856    1.35211201    1.31145748    1.24401157    1.21023507    1.23062525    1.17550031    1.29372560    1.22976168    1.26278956    1.35568423    1.33288638    1.12028374    1.19695879    1.17812864
A0A1H8RR99_9SPHI/56-273     1.28048638    1.33745631    1.51239976    1.33257850    1.30007593    1.25734513    1.44679917    1.33086865    1.35719389    1.33290528    1.51494004    1.60321055    1.54117678    0.68917828    0.76333130    0.69556259    0.85168523    0.80184670    0.00000000    0.37272320    0.60481215    0.81057742    0.70763380    0.63999895    0.91383925    0.85509911    0.89785063    0.82688960    1.61466957    1.26075986    1.25899974    1.55693731    1.43311997    1.75384004    1.84752696    1.84983647    1.80225545    1.77018752    1.75779318    1.97063148    1.73990246    1.68549969    1.55204811    1.85427115    1.70996141    1.57725375    1.62114000    1.66114663    1.76330543    1.67174764    1.83067038    1.84484825    1.88755643    1.75790433    1.42937585    1.56395457    1.80863499    1.93090464    1.65976159    1.47021026    1.38829980    1.47396282    1.42181826    1.46498544    1.32338155    1.37109382    1.36441479    1.39077417    1.33006298    1.44202878    1.50254122    1.38380313    1.22723480    1.28607399    1.31614075
A0A3N2MS60_9BACT/42-259     1.25874514    1.24330718    1.37980172    1.23098735    1.23242960    1.13766935    1.17176166    1.14943770    1.26010254    1.25846924    1.35719067    1.39149481    1.30899526    0.71155922    0.73517682    0.59740522    0.83822780    0.78108751    0.37272320    0.00000000    0.68201692    0.74055058    0.68526682    0.55798292    0.87534334    0.76808253    0.72094750    0.73414447    1.39293583    1.14292945    1.14069893    1.48303240    1.43221446    1.54886814    1.66445068    1.76617526    1.66526461    1.57874606    1.57358883    1.82999586    1.49472971    1.54222337    1.43233727    1.62754016    1.46943390    1.47148142    1.49205936    1.56234825    1.63741203    1.55625733    1.63967299    1.63966996    1.62259943    1.68027181    1.33769926    1.45865424    1.64194038    1.70065148    1.53073908    1.40066049    1.28693283    1.40155384    1.25467799    1.39241500    1.24532307    1.28099581    1.27965201    1.24351937    1.16279660    1.26704889    1.25529121    1.23887626    1.10626968    1.27965272    1.24011913
A0A386HRY0_9BACT/40-260     1.20185452    1.21480583    1.48553653    1.18561635    1.28058834    1.19258366    1.31712898    1.21024369    1.27965675    1.30524653    1.38491871    1.40234591    1.39742402    0.73413864    0.66258598    0.59463961    0.78533502    0.71567672    0.60481215    0.68201692    0.00000000    0.76427779    0.56163434    0.65198612    0.93741611    0.86811680    0.91556094    0.74961885    1.50130952    1.13692236    1.16663291    1.57974507    1.42001270    1.89658313    1.88368314    1.78007792    1.83584417    1.83731230    1.94035886    2.00102523    1.78750067    1.68849869    1.51732238    1.89698386    1.69423927    1.70986112    1.75662701    1.71315233    1.87765805    1.77504820    1.94686449    1.88378353    1.74302612    1.66401322    1.45612744    1.55486422    1.66391255    1.73475955    1.44766945    1.35364121    1.28451057    1.40379228    1.40464655    1.29014589    1.28711894    1.26132082    1.38569700    1.35571495    1.31163966    1.43420296    1.39041984    1.39947111    1.14469979    1.23665178    1.27246677
A0A1T5AAJ7_9BACT/40-261     1.45568619    1.49121303    1.55922556    1.40919537    1.43941190    1.26482022    1.49017190    1.35913351    1.49719918    1.34807943    1.31607349    1.49231918    1.43190987    0.77267492    0.73143381    0.64492479    0.64456075    0.71608801    0.81057742    0.74055058    0.76427779    0.00000000    0.38259838    0.62857626    0.93408719    0.83246285    0.82798492    0.73571490    1.35265013    1.20066381    1.15586231    1.69267952    1.58687401    1.77169726    1.75091502    1.85806588    1.76722351    1.77401555    1.71700123    1.83050411    1.56776368    1.50943216    1.51611076    1.69327296    1.60545251    1.66012056    1.51577776    1.56899785    1.67291383    1.65036681    1.97694154    1.80327404    1.99622965    1.77052335    1.46246953    1.73089650    1.91630406    1.92411981    1.64841287    1.44364366    1.48806155    1.58053741    1.63075251    1.35657273    1.55266777    1.51879636    1.46023037    1.47374683    1.44738916    1.51128443    1.41610770    1.47556936    1.37814119    1.38515400    1.47893011
F5IX60_9BACT/40-261     1.37783027    1.46884148    1.58343558    1.41084969    1.40363590    1.33407903    1.44271863    1.33018172    1.42314710    1.30813959    1.31347508    1.46301304    1.39152332    0.78526009    0.68512515    0.65628694    0.74450752    0.68244650    0.70763380    0.68526682    0.56163434    0.38259838    0.00000000    0.50639134    0.81436385    0.74121924    0.79811299    0.64711704    1.54027314    1.17230553    1.16314869    1.64263175    1.50664905    2.04912524    1.86534311    1.93818796    1.79131467    1.87357260    1.79927027    1.87635801    1.63129623    1.65219038    1.50550850    1.83136875    1.63265286    1.67964487    1.63215848    1.66317844    1.81593474    1.80005097    1.97180069    1.82093750    1.79673533    1.86232964    1.54292669    1.71000572    1.87494308    1.88846109    1.76365543    1.46198144    1.36471516    1.46769884    1.50650834    1.33719586    1.43644103    1.41688751    1.35329471    1.40595999    1.39676208    1.47417465    1.40580360    1.44748858    1.31878615    1.33024084    1.45832128
A0A098LEN2_9BACT/40-257     1.36257794    1.41088851    1.54583977    1.38267864    1.38597216    1.45085729    1.44677980    1.43621340    1.44901777    1.20064066    1.36824865    1.50951384    1.33055371    0.84224475    0.79983366    0.72647758    0.85119552    0.76838574    0.63999895    0.55798292    0.65198612    0.62857626    0.50639134    0.00000000    0.73295653    0.70036183    0.68964555    0.59452991    1.53899915    1.21422417    1.28122663    1.53123649    1.58785162    1.79632870    1.78910544    2.01872024    1.88735767    1.95611823    1.87562859    1.94245699    1.76569876    1.82752793    1.64900600    2.01471661    1.86571125    1.75079368    1.82651296    1.84243936    2.01142481    1.90014620    1.96801722    1.93964468    1.81098974    1.75254839    1.39540285    1.72356782    1.70421161    1.82532282    1.82463266    1.45599339    1.46489990    1.55881873    1.42097392    1.44196939    1.47244331    1.43480963    1.47061226    1.41247093    1.33515450    1.46044509    1.48197365    1.49976700    1.30860685    1.33700519    1.45570251
A0A1H0DWI3_9BACT/59-278     1.45723305    1.61673515    1.72418859    1.58292747    1.58442297    1.54512009    1.57950536    1.54078925    1.55297009    1.50303558    1.57489470    1.63728758    1.52566142    1.15554534    1.00321106    0.98892368    1.01703922    1.05792103    0.91383925    0.87534334    0.93741611    0.93408719    0.81436385    0.73295653    0.00000000    0.36261989    0.64196204    0.53877910    1.42433023    1.47794885    1.63268587    1.95009492    1.77107029    2.01485626    2.06478737    2.04686991    1.99490157    1.94392727    1.94663596    2.07590828    1.76530475    1.80303723    1.83624992    1.86724092    1.88174166    1.84248868    1.70834053    1.84234054    2.05456354    2.01046376    2.22350530    2.04862459    2.07398993    1.97712387    1.56833866    1.69978808    1.75658096    1.97331155    1.89511564    1.60935767    1.54144750    1.63120548    1.52063024    1.57656523    1.54780079    1.52331090    1.59473699    1.53258492    1.39158424    1.59480904    1.59568719    1.53425259    1.52900139    1.59226131    1.59156148
D5EY32_PRER2/41-260     1.45199325    1.50108730    1.62350434    1.47435700    1.48742125    1.26033582    1.50368916    1.41800344    1.44226075    1.37640722    1.39215346    1.63164493    1.35803502    1.08531416    0.90815679    0.95323324    0.98386095    0.99485954    0.85509911    0.76808253    0.86811680    0.83246285    0.74121924    0.70036183    0.36261989    0.00000000    0.54274038    0.54102077    1.37997191    1.44002690    1.40689241    1.80789756    1.74233490    1.98609929    1.93236416    1.75551976    1.95928363    1.81306121    1.76904798    1.97077832    1.60977822    1.67886368    1.63582866    1.75609170    1.71461796    1.68647054    1.57154227    1.69804376    1.79166646    1.88595759    1.98472095    1.89925879    1.96562775    1.94871737    1.58900570    1.71763562    1.80409465    1.93577216    1.81949306    1.61477460    1.44047564    1.45565531    1.40613835    1.53712826    1.44089310    1.40481472    1.51275403    1.44190514    1.39415775    1.57433824    1.47008808    1.47218373    1.35805507    1.44904343    1.49552020
A0A1T5JJH9_9BACT/56-266     1.50831981    1.65333873    1.68396310    1.57685192    1.59832503    1.54977755    1.64743825    1.61412246    1.56982589    1.51385408    1.48551031    1.63551230    1.46732108    1.17015423    0.97458576    0.93330897    0.96079435    1.00711836    0.89785063    0.72094750    0.91556094    0.82798492    0.79811299    0.68964555    0.64196204    0.54274038    0.00000000    0.42155015    1.45763033    1.36128089    1.36961035    1.72999478    1.59671690    1.82236922    1.88418419    1.93287837    1.98642253    1.91217219    1.88932917    2.05301953    1.71943608    1.85467079    1.78542227    1.88630074    1.75875671    1.82993551    1.75319894    1.83730008    1.95714882    1.88227628    2.08640479    1.90592477    1.83898826    1.84187394    1.62130470    1.70860338    1.70096485    1.81896847    1.75876264    1.61237802    1.66133901    1.67690726    1.51357771    1.59596124    1.58011209    1.53741066    1.72106525    1.63462277    1.54412994    1.64956542    1.58373606    1.52483898    1.45844072    1.43723688    1.58643752
A0A1T5IFX0_9BACT/53-263     1.43534898    1.51612583    1.55103650    1.45481420    1.52362433    1.48599799    1.56620122    1.52113633    1.55115589    1.37364751    1.33933517    1.38718121    1.44127017    0.93267615    0.89762693    0.82545615    0.78905502    0.85125057    0.82688960    0.73414447    0.74961885    0.73571490    0.64711704    0.59452991    0.53877910    0.54102077    0.42155015    0.00000000    1.57804534    1.26339254    1.28951778    1.65234164    1.62026172    1.82914356    1.64258871    1.85715626    1.83496591    1.83443993    1.77859048    1.94478788    1.67876388    1.69989901    1.62740709    1.79013392    1.65116189    1.71434063    1.77223051    1.78359988    1.81050254    1.73118227    1.96383203    1.88166181    1.78434562    1.79590180    1.40030376    1.61258417    1.60573940    1.78725119    1.72694666    1.48257658    1.60406058    1.69819733    1.51978175    1.45995879    1.56655319    1.44182409    1.57229685    1.55846909    1.42877320    1.59288774    1.46414109    1.43415450    1.38965629    1.40428199    1.46421737
C0EIJ6_9FIRM/751-961     1.40803565    1.41736372    1.49196051    1.41426479    1.33677061    1.38141462    1.28554107    1.35870186    1.42056551    1.28205912    1.41576073    1.55770578    1.36224047    1.44275220    1.37442579    1.34416888    1.44449185    1.34769696    1.61466957    1.39293583    1.50130952    1.35265013    1.54027314    1.53899915    1.42433023    1.37997191    1.45763033    1.57804534    0.00000000    1.15189040    1.04988066    1.56958270    1.45507875    1.52598750    1.60832353    1.57576172    1.52191492    1.49384235    1.47948516    1.41360138    1.49520447    1.36035332    1.50588489    1.48265062    1.26952812    1.53864806    1.48284003    1.47842177    1.59481410    1.57320096    1.60481552    1.50904474    1.69257960    1.48212411    1.50162595    1.53684649    1.63972421    1.60589208    1.30161289    1.54215018    1.31368281    1.44786076    1.50824624    1.37581275    1.39793526    1.43663363    1.35099274    1.25600356    1.24866141    1.26525170    1.39507760    1.24036950    1.35222501    1.35347183    1.34067327
A0A4Q2UIN7_9BACT/27-242     1.29304027    1.30721396    1.36025372    1.24992571    1.22685784    1.19125942    1.19130037    1.18711493    1.27859712    1.29370066    1.20431366    1.24118502    1.29255793    1.05307534    1.01590643    0.99335101    1.03705391    1.03504880    1.26075986    1.14292945    1.13692236    1.20066381    1.17230553    1.21422417    1.47794885    1.44002690    1.36128089    1.26339254    1.15189040    0.00000000    0.59309184    1.24408899    1.34514023    1.53278894    1.44177405    1.54955020    1.41489171    1.38208093    1.41389762    1.54012639    1.43336954    1.35951978    1.30975147    1.47960557    1.30989952    1.40772895    1.33439049    1.41993075    1.48207644    1.43041539    1.57423460    1.45017729    1.32576557    1.49196181    1.38998973    1.56874582    1.58036749    1.81450032    1.41540932    1.34952583    1.32676898    1.28978679    1.32750141    1.26317739    1.31175873    1.38329546    1.38407892    1.31717667    1.29266413    1.32368522    1.33928788    1.42126500    1.15488944    1.25854978    1.26140984
A0A2V2Z4B5_9BACL/26-242     1.21141594    1.24297067    1.31934746    1.25485768    1.31487559    1.27219506    1.32155803    1.20671736    1.27775364    1.19540346    1.19645205    1.33658962    1.25535167    0.97136439    0.99054772    0.96716642    1.02287279    0.97459826    1.25899974    1.14069893    1.16663291    1.15586231    1.16314869    1.28122663    1.63268587    1.40689241    1.36961035    1.28951778    1.04988066    0.59309184    0.00000000    1.28650037    1.28381512    1.61668776    1.60940151    1.61105970    1.66538983    1.57626930    1.71018889    1.70738911    1.64414280    1.51241240    1.54015569    1.65996918    1.48681174    1.57034928    1.50146318    1.56012368    1.58965143    1.50616090    1.69873692    1.55982321    1.29673372    1.56135114    1.36691733    1.49442889    1.52862140    1.52804602    1.47055707    1.41504910    1.23624860    1.28762747    1.25282189    1.21050074    1.40911167    1.37945221    1.39936046    1.28797567    1.26579182    1.25365148    1.42754297    1.30168133    1.17768438    1.25292608    1.33372125
A0A1G9TWH7_9FLAO/60-256     1.48072056    1.68511017    1.71573538    1.64867025    1.64266807    1.67453110    1.60903386    1.55601530    1.50650088    1.39798516    1.53981040    1.67964634    1.65912311    1.44334300    1.50796851    1.57281298    1.69778226    1.56029082    1.55693731    1.48303240    1.57974507    1.69267952    1.64263175    1.53123649    1.95009492    1.80789756    1.72999478    1.65234164    1.56958270    1.24408899    1.28650037    0.00000000    1.31343209    1.57846445    1.69539034    1.61590289    1.68371099    1.58472325    1.58142089    1.78288184    1.50378905    1.60214998    1.46901854    1.61082316    1.52029613    1.62700789    1.55205056    1.63585809    1.58993063    1.57255554    1.57758247    1.59341737    1.73442562    1.68132597    1.60640265    1.80136709    1.49742670    1.60171443    1.84966293    1.92463064    1.66160483    1.70497415    1.60028084    1.42504414    1.62841759    1.66778644    1.80964976    1.73436076    1.70282911    1.64494811    1.70330015    1.76635491    1.44951765    1.57023193    1.59420107
A0A397LLU2_9FLAO/55-252     1.48045790    1.56089823    1.55424535    1.43442877    1.50251326    1.50909708    1.45419624    1.51276252    1.55423069    1.46592302    1.52163239    1.41716853    1.56875108    1.43196056    1.41306297    1.37480011    1.58739633    1.36523947    1.43311997    1.43221446    1.42001270    1.58687401    1.50664905    1.58785162    1.77107029    1.74233490    1.59671690    1.62026172    1.45507875    1.34514023    1.28381512    1.31343209    0.00000000    1.43371374    1.59699648    1.56574341    1.55245086    1.49573149    1.47672722    1.58152771    1.44683300    1.49744310    1.44594999    1.43085016    1.42003854    1.49493824    1.42542970    1.36390380    1.46896902    1.46311326    1.57044733    1.46303980    1.37760788    1.48887791    1.60122925    1.68154348    1.63878945    1.58474174    1.58774538    1.48340450    1.48476997    1.53056144    1.51753000    1.42993872    1.52467966    1.50187543    1.51018022    1.59321768    1.33576790    1.49498751    1.59095067    1.62369077    1.45590386    1.51296737    1.43429714
A3HSW9_9BACT/55-240     1.77334470    1.77972115    1.86643527    1.71291402    1.75953250    1.63671257    1.85128634    1.78358678    1.76430737    1.56233812    1.74105193    1.68989454    1.53451934    1.68576218    1.70017493    1.77952767    1.76610672    1.78547544    1.75384004    1.54886814    1.89658313    1.77169726    2.04912524    1.79632870    2.01485626    1.98609929    1.82236922    1.82914356    1.52598750    1.53278894    1.61668776    1.57846445    1.43371374    0.00000000    1.61089653    1.69220155    1.62092212    1.71712662    1.64395764    1.71590176    1.56163184    1.63743861    1.57362800    1.59572905    1.65868248    1.58679004    1.60705819    1.84949676    1.69977702    1.62465439    1.79502435    1.74258392    1.58455719    1.79892340    1.94971783    2.01476185    1.65009650    1.63645815    1.65495060    1.60606590    1.89210447    1.93735111    1.80137605    1.83493466    1.70173557    1.83765506    1.90878252    1.70640336    1.81419468    1.74385042    1.73096735    1.80839829    1.75058560    1.81867079    1.78476044
A0A1C2GME6_9SPHI/52-251     1.54724044    1.63612981    1.73500350    1.64921293    1.62518697    1.62918001    1.63505452    1.57922409    1.61804810    1.50255892    1.58535144    1.48325148    1.55226130    1.66896800    1.52188465    1.61424615    1.49774231    1.63921023    1.84752696    1.66445068    1.88368314    1.75091502    1.86534311    1.78910544    2.06478737    1.93236416    1.88418419    1.64258871    1.60832353    1.44177405    1.60940151    1.69539034    1.59699648    1.61089653    0.00000000    0.79714664    0.72639905    0.71056233    0.68467785    0.72292057    0.65481225    0.67097186    0.67464267    0.70821932    0.59510771    0.59315933    0.66490385    0.68726234    0.64439010    0.74063971    0.85790279    0.73259219    1.48068682    1.51594718    1.41181641    1.64003972    1.51174466    1.72162714    1.78936970    1.67038245    1.69756904    1.69121006    1.53982309    1.48956297    1.47512018    1.43199551    1.54805052    1.53780892    1.55730177    1.50778165    1.49059147    1.51073725    1.63561274    1.74371091    1.66979874
A0A1T4P9Z6_9BACT/52-247     1.52551350    1.55111075    1.63759811    1.70055934    1.59090602    1.49174601    1.53865964    1.57666433    1.57228870    1.53343909    1.55045727    1.50635213    1.57046049    1.60668008    1.45028973    1.62890517    1.50411084    1.47300290    1.84983647    1.76617526    1.78007792    1.85806588    1.93818796    2.01872024    2.04686991    1.75551976    1.93287837    1.85715626    1.57576172    1.54955020    1.61105970    1.61590289    1.56574341    1.69220155    0.79714664    0.00000000    0.63441160    0.61676557    0.54320307    0.66077256    0.55679702    0.62877704    0.53256991    0.69042524    0.48865791    0.61447649    0.61861560    0.60096831    0.50318623    0.60773751    0.81987494    0.58872243    1.59234671    1.65857786    1.53138009    1.60421108    1.69624519    1.76322286    1.78822724    1.67185021    1.56488426    1.49986971    1.50044129    1.61742751    1.66381146    1.63330216    1.69104074    1.62712141    1.71529218    1.59628390    1.72799124    1.64680477    1.63613248    1.64391028    1.53924956
A0A127VB29_9SPHI/52-252     1.38088577    1.46796535    1.52922732    1.51080762    1.50678568    1.53433302    1.36303534    1.39332784    1.37962921    1.46116507    1.38485837    1.36936312    1.39496197    1.77191813    1.54390640    1.65770221    1.62610791    1.61940767    1.80225545    1.66526461    1.83584417    1.76722351    1.79131467    1.88735767    1.99490157    1.95928363    1.98642253    1.83496591    1.52191492    1.41489171    1.66538983    1.68371099    1.55245086    1.62092212    0.72639905    0.63441160    0.00000000    0.30582083    0.45528175    0.49239425    0.38171637    0.37511985    0.42865023    0.43861771    0.35913101    0.47384679    0.65059591    0.69987098    0.53781629    0.58665120    0.69137854    0.59426047    1.51292643    1.47135864    1.45276711    1.48728943    1.66160869    1.70829946    1.82725493    1.55894428    1.46838933    1.35034526    1.40751066    1.45958516    1.51747724    1.47515265    1.56079859    1.38563085    1.41780000    1.40745802    1.48618370    1.41637294    1.44644318    1.54121282    1.40998567
