100
A0A517NX81_9BACT/378-488     0.00000000    0.77471161    0.87572622    1.15309951    0.93422634    0.94044726    0.81986053    0.95425350    0.77760262    0.92150840    0.78547094    0.87972715    1.08733451    0.99249609    0.92439549    1.00146382    0.96988691    1.18083581    1.11306143    0.99930378    1.00427680    0.90068769    0.90682230    1.07441602    0.85121376    0.99273650    0.89755366    0.68522246    0.88504943    1.49674290    1.83524419    1.91115826    2.08325732    2.30860747    1.83449054    1.98938460    1.84887392    2.21915306    2.12916937    2.10164965    2.10795948    2.38576408    2.08817802    1.95284969    2.19969271    2.32566133    2.34946353    2.20138933    2.37957628    2.15494639    2.22751196    2.19356128    1.45396281    1.55739487    1.20224887    1.82873641    1.57218893    1.60692481    2.95380286    2.54627644    1.66389440    1.72589030    1.84990324    2.06268507    2.52931065    2.13479611    1.87353619    1.98999766    2.65619393    2.02638751    2.05586117    2.15025274    1.61493871    1.58677529    1.78759885    1.31690541    1.70300878    1.93662184    1.62438133    1.74186816    1.43928355    1.90554549    1.61649040    1.95175847    1.94058124    1.92217015    1.81634918    1.77984213    1.65446099    1.78585813    1.82586685    2.15440399    1.84162506    1.41600418    1.57327824    1.13655578    1.07278500    0.95023098    0.91800693    0.88977776
A0A5C6B067_9BACT/414-524     0.77471161    0.00000000    0.83202731    0.99721855    0.89614873    0.99943406    0.87032280    0.81867983    0.76125512    0.69255470    0.73672076    0.78473088    0.82952315    0.83518008    0.94298080    1.00727013    1.09004776    1.05755109    1.01616614    1.06476959    1.01911840    0.86144610    0.85401161    1.00342628    0.84536056    0.81554501    0.78212544    0.84635796    0.64286806    1.42903481    1.52326506    1.60863533    1.85503663    2.14516204    1.63196429    1.88624680    1.98824129    2.00580917    2.00093385    2.07605329    1.99387668    2.23485494    1.93543439    2.09067150    2.21055582    2.14477806    2.12445692    1.88457075    2.04712305    2.06979235    1.92038608    1.91904879    1.31228697    1.40256617    1.30888564    1.48516270    1.43177962    1.49354489    2.85649741    2.81036200    1.39304361    1.48864336    1.87922069    1.80053044    2.41288816    1.75193072    1.72173603    1.91849397    2.61586221    2.02595677    2.13688987    2.08163359    1.78899683    1.77305835    1.65816693    1.44906275    1.70393111    2.09619147    1.68360481    1.85903250    1.75261730    1.86402588    1.83406434    1.98256349    2.07488574    2.03197459    1.92095570    1.79595665    1.76335842    1.92334837    2.11321923    2.10271375    1.96906735    1.68024324    1.71437945    0.95431033    0.94163534    0.93057130    1.01135625    0.80975247
A0A5B9PE20_9BACT/387-493     0.87572622    0.83202731    0.00000000    1.25952839    1.05497632    0.94814201    0.81696587    1.05969984    0.79470945    0.96766315    0.85927769    0.83893443    1.08590073    0.92925535    0.86938315    0.91378375    0.90400418    1.20101628    1.16726650    1.14434515    1.13482056    0.84123198    0.97138583    1.11946589    0.86476154    1.08209105    0.83903586    0.83775929    0.80552512    1.64712515    1.94956961    1.66348228    1.91159419    2.28730389    1.67179558    2.03432045    2.26812145    2.27753968    2.15857086    2.20854968    2.06534649    2.41611108    2.19531120    2.28555267    2.16440150    2.32469966    2.42813305    2.15067893    2.27272098    2.12934751    2.06333542    2.10765421    1.63203218    1.86857513    1.65064964    1.91639760    1.70517427    1.71751172    3.31441857    3.16807656    1.67877403    1.70230229    1.61888600    1.90135158    2.95365847    2.11233165    2.06475905    2.26375083    3.18367193    2.15608831    2.44425726    1.79915276    2.18633165    1.50831285    1.66620289    1.51908023    1.79313239    1.95784271    1.86400081    2.26124167    1.67625731    1.76257980    1.79600498    2.11621785    2.08749131    2.20105444    2.06072596    2.11759897    2.17328871    1.93708526    2.01890848    2.54639365    2.14958080    1.72807943    1.58773753    1.15616207    1.10906581    0.93467264    1.20168720    0.96617461
A6DG27_9BACT/490-594     1.15309951    0.99721855    1.25952839    0.00000000    1.05947807    0.97233367    1.05941248    1.13206842    1.08255515    1.05580957    1.14860032    1.11731880    0.94940048    1.16994447    0.91018849    1.17825031    1.15415944    1.04291684    0.89504698    1.00371671    1.00111578    1.12308457    1.07770185    1.15802363    0.90131454    1.07610838    0.98158332    1.00526548    1.05706026    1.27775035    1.43082571    1.69374090    2.01473171    2.00524524    1.65862752    2.00279359    1.97454737    2.30245156    2.18650086    2.25388474    2.06688607    2.20980640    1.96699191    2.14074052    2.47008818    2.19978993    2.32067741    2.16617971    2.60036858    2.29241453    2.25133024    2.19717513    1.52823342    1.53510831    1.34979814    1.52482652    1.72184378    1.86424478    2.85607790    2.92232925    1.53982209    1.56444431    2.36393762    2.08028415    2.33108350    2.17022462    2.01749049    2.21315346    2.76151470    2.06467408    2.30205384    1.98988510    1.72224192    1.56601268    1.97679684    1.69580360    1.88880832    1.81098775    1.90778685    1.98435101    1.85232555    1.92804310    1.96083413    2.09559946    2.39760267    2.02436106    2.21147193    1.91260549    1.85031453    2.08609507    1.69387373    2.27011033    2.12967222    1.70994331    1.38381826    1.24739650    1.20054461    1.08041606    1.06206261    0.96285677
A0A257M078_9BACT/1-104     0.93422634    0.89614873    1.05497632    1.05947807    0.00000000    0.71805487    0.99138330    1.09569808    1.02295194    1.14919248    1.14652703    1.09286198    1.00721796    1.12114561    0.87674030    1.06935029    1.10843846    1.26958432    1.06504677    0.86927746    1.09068131    1.01570958    0.99757532    0.99561541    0.80946061    1.05691387    1.06435796    0.81940708    0.90855194    1.42385464    1.72419687    1.70615841    2.05500359    2.41491628    2.20025231    2.09192144    2.31384135    2.53978906    2.45781692    2.34362683    2.39861662    2.32319565    2.16007500    2.02388051    2.26595747    2.37747504    2.21040135    2.29152482    2.26866776    2.14201612    2.05946733    1.94151884    1.46078828    1.90541123    1.15809900    1.75796999    1.50954489    1.59532911    2.91472474    2.93659296    1.63431177    1.53092120    2.27216061    2.11143958    2.62291037    1.94380764    2.03441902    2.62935008    3.02615671    2.38730426    2.20712992    2.56788065    1.78656658    1.91469815    1.71326468    1.59947257    1.87518873    2.01200479    1.86291435    1.85232116    1.93875968    1.94011341    2.11487438    2.10160844    2.17178473    1.99983156    2.09826374    2.40521895    2.05372966    1.76279600    2.41052669    2.31105637    2.05604415    1.70488105    1.55674320    1.17121975    1.12742742    1.07494189    1.21214700    1.00855018
A0A2S7TZM6_9BACT/501-604     0.94044726    0.99943406    0.94814201    0.97233367    0.71805487    0.00000000    1.05262959    1.06428157    1.14525251    1.07852421    1.24927374    1.15650117    1.12310807    1.55370397    1.16270629    1.27251487    1.20326442    1.56803369    1.33960034    1.19284782    1.19560790    1.01929091    1.06916692    1.42185174    0.95787271    1.14078146    1.31968698    1.07463045    1.13471739    1.63034403    2.14191384    1.74564603    2.09114711    2.48247189    2.20547759    1.96476478    2.01584109    2.11839276    2.05312734    1.97571685    1.93633154    2.18254315    1.79226199    1.82872792    1.94987627    2.30340303    2.26253622    1.99662014    2.27278270    2.21703507    2.06425639    2.10456993    1.80940091    2.13573128    1.66290224    2.09028666    1.68040903    1.73580853    3.08756566    3.10513801    1.50948370    1.53740029    2.04736194    2.00463769    2.93853989    2.00635878    2.25711126    2.15026450    2.95936384    2.30992137    2.29992107    2.33380902    2.16989878    1.85520113    1.88122281    1.81243310    2.14356368    1.97303782    1.95097364    2.05751431    1.75026247    2.00564720    1.96286689    2.12562504    2.44229844    1.99913600    2.34903127    1.98160507    1.83655149    1.95639287    2.31129882    2.72189529    2.28296570    1.85491137    1.76578533    1.19476913    1.17671293    1.39387335    1.20035834    1.21610298
A0A5B9QWB9_9BACT/399-507     0.81986053    0.87032280    0.81696587    1.05941248    0.99138330    1.05262959    0.00000000    0.68401051    0.71970651    1.01874728    0.87049694    0.84315555    0.82559975    0.85185606    0.76556489    0.93494819    0.95843907    1.00407591    0.95214784    1.00207645    1.04905887    0.71911326    0.87767048    1.01183132    0.84084953    0.86131479    0.79946310    0.81814973    0.77519248    1.33134762    1.67179652    1.53500669    1.88566209    1.93836773    1.61807159    2.07056184    2.13926470    2.54230740    2.47138342    2.37082936    2.24614210    2.44885152    2.21718301    2.16033506    2.29866395    2.20099695    2.31903920    2.16362040    2.23895481    2.02425710    1.97998906    1.86046881    1.48870999    1.58443430    1.22415789    1.60136817    1.55694102    1.53763570    2.77942084    2.73170673    1.67387023    1.55050420    1.88486805    1.95863784    2.54687372    2.20176218    1.99214008    2.42854848    2.95278791    2.00458275    2.11525018    2.20646424    1.87630002    1.60992756    1.62571637    1.43037283    1.72754732    1.86774850    1.56744847    1.87036356    1.76246412    1.55554650    1.72501382    1.88284463    2.00313789    2.06536267    1.87065431    1.93479108    1.99123984    1.77478481    1.77770250    2.11333104    1.82345560    1.51766906    1.50560850    0.91107493    1.01059321    0.83613316    0.96211969    0.82906551
Q7UL60_RHOBA/390-494     0.95425350    0.81867983    1.05969984    1.13206842    1.09569808    1.06428157    0.68401051    0.00000000    0.94107707    0.96365694    1.02341132    1.06100159    1.10682304    0.96764710    1.12424501    1.32995383    1.42102706    1.29650227    1.14439058    1.26815937    1.36376081    0.98934360    1.00717425    1.07814841    1.08556655    0.90862693    0.99947061    0.97024571    0.89367054    1.60658257    1.91366164    1.81258589    1.86824160    2.08948376    1.96644675    1.89983431    2.04955132    2.22471797    2.14171402    2.08779021    1.98131999    2.29880402    2.22053442    2.46070682    2.23801210    2.05629354    2.28722178    1.96866005    2.16839422    2.19242208    2.03110171    1.85017952    1.43928926    1.70389845    1.21223436    1.44850687    1.39720019    1.41220999    2.71020824    2.55542198    1.37693318    1.46847109    1.77958320    1.93172600    2.84576401    1.83331308    2.21135738    2.20807315    2.76623499    1.86657668    2.11780709    2.11749109    1.97520501    1.95494596    1.64673873    1.65469751    2.01584567    2.25862803    1.77154623    2.16390594    1.91181733    1.96356418    1.94094113    2.09545493    2.22140349    2.25671870    2.08253298    2.20130021    1.95576462    1.83025022    1.93940854    2.13677857    1.96201629    1.69967402    1.77401477    0.93018760    1.01531920    1.19901203    1.21315852    0.76532929
A0A517Z403_9PLAN/390-494     0.77760262    0.76125512    0.79470945    1.08255515    1.02295194    1.14525251    0.71970651    0.94107707    0.00000000    0.54292492    0.81037913    0.62061077    0.76565377    0.68384851    0.70691242    0.82645316    0.86845025    0.94544142    0.95632186    1.01059299    0.98265069    0.76658664    0.80850434    0.94021138    0.88434139    0.95981198    0.59112385    0.69084942    0.63819347    1.80175726    1.90595688    1.78620978    1.78194698    2.03863898    1.87062596    2.10574013    2.07473017    2.42180510    2.26059366    2.16186290    2.15053244    2.43765780    2.12940986    2.01648814    1.87109131    2.24306162    2.38875917    2.08929714    2.46710690    2.19500560    2.24078083    2.08645525    1.66602733    1.67321032    1.47049360    1.75265789    1.73615895    1.80889847    3.26617308    3.17351941    1.64320788    1.50590413    1.90770194    1.87264737    2.61973155    2.19872352    2.04383561    1.98967038    3.02592485    2.34442635    2.37382947    2.11738984    1.98291924    1.75715193    1.82162332    1.42624858    1.56124820    1.88106041    1.50634260    2.00172996    1.62814783    1.92347158    1.74422402    1.77212731    1.91701416    1.85422163    1.94250127    1.86199800    1.84878870    1.65417259    2.14206407    2.24185646    2.01189134    1.65309466    1.73379798    1.13290808    0.89402387    0.69188717    0.73714157    0.81990368
A0A5M6D406_9BACT/388-493     0.92150840    0.69255470    0.96766315    1.05580957    1.14919248    1.07852421    1.01874728    0.96365694    0.54292492    0.00000000    0.68663292    0.80802996    0.91103903    0.81001426    0.89346305    0.99000297    1.05733836    1.17419996    1.16520213    1.16091323    1.09133078    0.89961841    0.87624564    1.00255849    0.94942612    0.91236669    0.79763061    0.93312604    0.83403590    1.81650862    1.94285455    1.64068244    1.68052657    2.18627456    1.94348821    2.20953779    1.91222048    2.12183616    2.07593694    2.10895639    2.05661919    2.13197558    2.03042503    2.16605826    2.01332389    2.15002046    2.42252342    1.91158463    2.19207596    2.47497978    2.06866613    2.14601436    1.57197898    1.63545351    1.45985813    1.69395287    1.63604443    1.70663759    3.08448061    3.10256161    1.81265516    1.90650701    2.06194817    2.07226870    2.56901269    1.93975021    2.13747350    2.08931738    2.90103282    1.85297988    2.37581570    1.83053123    1.75646048    1.61037409    1.85223885    1.57794630    1.70433468    2.28976104    1.82516206    1.97571122    1.59731620    2.22080811    1.99303350    2.00954782    2.16765508    1.81735600    2.17399845    1.85824588    1.91793035    1.78710832    1.94484427    2.24152012    2.17513124    2.06108500    1.95669392    1.08592432    1.08910474    0.86614838    0.85685835    1.07158730
A0A5C6DYX2_9BACT/411-521     0.78547094    0.73672076    0.85927769    1.14860032    1.14652703    1.24927374    0.87049694    1.02341132    0.81037913    0.68663292    0.00000000    0.63533731    0.68405501    0.86074622    0.93151805    1.11276495    1.06852423    1.24891558    1.17560578    1.06134673    1.21850108    1.00597722    0.96538947    1.06296580    0.88338435    0.98922966    0.77790967    0.90824770    0.85666896    1.72599383    1.94054707    1.75452498    2.07400359    2.55842045    1.83194231    2.59305193    2.32827566    2.34641662    2.44116626    2.29419697    2.19812902    2.45776725    2.13825032    2.40795588    2.20894943    2.21615775    2.53717875    2.30511486    2.43818490    2.42476233    2.20831592    1.97657363    1.30730016    1.66040168    1.55325127    1.75716419    1.76246221    1.78995332    3.06799151    2.91746549    1.87068886    1.80863763    1.99381076    2.51898792    3.12934451    2.16531001    2.32008644    2.53457087    3.39852607    2.18374122    2.37618133    2.10070380    1.83493943    1.64206540    2.03262089    1.54821754    2.18102187    2.23474828    2.19891248    2.17094755    2.21113961    2.23649721    2.10812338    2.33674331    2.30163421    2.18623716    2.22363160    2.12454284    2.17694661    2.43045983    2.09504307    2.62919701    2.42569589    2.01981983    2.02910157    1.16713069    1.16794499    0.89967941    0.96348054    1.11879294
A0A517YFU9_9BACT/398-508     0.87972715    0.78473088    0.83893443    1.11731880    1.09286198    1.15650117    0.84315555    1.06100159    0.62061077    0.80802996    0.63533731    0.00000000    0.52523323    0.64353392    0.82873906    0.97630902    1.09625376    1.13893313    0.97108533    1.03868147    1.14138242    0.93311525    0.85113573    0.95395542    0.82601415    0.80641519    0.77239415    0.89452650    0.76614379    1.27839258    1.67365780    1.59697711    2.03991405    1.94832249    1.63151858    2.01444566    1.93468287    2.01342229    2.02449781    1.93968653    1.98443722    2.16649108    1.75358963    1.87315058    1.93241173    2.05446326    2.24421984    1.92778203    2.21154959    1.92848475    1.75793095    1.48398338    1.23619468    1.49420590    1.29172231    1.54518350    1.40678571    1.31216130    2.74356050    2.61511299    1.26992986    1.28055618    1.73446704    1.83803968    2.26757021    1.85774074    1.74994191    1.85168033    2.64666649    1.91030085    2.15792067    2.33146356    1.70432598    1.26920813    1.64189686    1.19231293    1.53883024    1.94476544    1.35499951    1.78451098    1.64913876    1.61901472    1.67034685    1.55534192    1.66022545    1.69229850    1.62737294    1.54553038    1.74287475    1.59331438    1.94008978    2.14648691    1.84548662    1.41579035    1.48862059    1.08855442    0.95806957    0.84501091    0.79453461    0.96093425
A0A142XWP3_9BACT/387-504     1.08733451    0.82952315    1.08590073    0.94940048    1.00721796    1.12310807    0.82559975    1.10682304    0.76565377    0.91103903    0.68405501    0.52523323    0.00000000    0.76994396    0.82160979    0.88099108    1.07060188    1.15889298    0.96247690    0.99133327    1.12418204    0.84584661    0.76950221    0.97630090    0.75933315    0.82795554    0.76425436    0.98980958    0.74445995    1.33962489    1.55787326    1.27821931    2.17812965    2.06634016    1.86769018    1.88733241    1.86544381    1.89003615    1.89950852    1.90813479    2.02308230    2.32917412    1.89028373    1.78870325    2.08696914    1.86792665    2.10053658    1.95887107    2.23547067    2.04004971    1.95964181    1.73376328    1.37213329    1.29450282    1.23521060    1.51945843    1.40945359    1.44739869    2.45024899    2.36847279    1.33480033    1.35099524    1.68754181    1.84985397    2.03947453    1.81616781    1.88083613    2.08681362    2.66929085    1.95587367    1.91566619    2.32539416    1.80807033    1.43555286    1.81455536    1.20390471    1.76365328    1.90541590    1.52968976    1.70391985    1.77579735    1.81727803    1.93737395    1.60993723    1.65816109    1.97642039    2.02144163    1.52256102    1.70359762    1.81359715    2.23070595    2.25103760    1.88445309    1.41320075    1.28453333    1.02970064    1.04272032    1.13609434    1.09911240    1.01401677
A0A5C1A452_9BACT/387-490     0.99249609    0.83518008    0.92925535    1.16994447    1.12114561    1.55370397    0.85185606    0.96764710    0.68384851    0.81001426    0.86074622    0.64353392    0.76994396    0.00000000    0.85986511    0.84145012    0.94416883    0.90230951    0.83760603    0.99603887    0.84438434    0.77549603    0.72144900    0.76570116    0.83752843    0.70025911    0.64097035    0.70660506    0.57056676    1.38893941    1.52383288    1.41055614    1.81153031    1.98037348    1.52843845    1.73248002    1.92349206    2.05562245    2.10183449    1.98917172    1.99514068    1.87819882    1.91265981    1.86939775    2.07361955    1.88903108    1.84910582    1.95518282    2.15113754    2.00973421    1.98795699    1.96522411    1.08452856    1.11836907    1.14463403    1.30690597    1.30747112    1.42698654    2.88487658    2.45801887    1.39132015    1.37005797    1.87744646    1.66940315    2.06817559    1.82315438    1.50018338    1.78561916    2.29717752    1.75787994    2.40355188    2.07150035    1.56268202    1.25496456    1.73829340    1.23388290    1.32747574    1.44800291    1.52169143    1.94078148    1.40954419    1.64800789    1.55759830    1.47980076    1.70016712    1.76728576    1.69486840    1.60046249    1.45944538    1.53630758    1.98764635    2.09155882    1.86878713    1.47546377    1.38120584    1.01489326    0.84568916    0.96629600    1.01088034    0.76111561
A3I129_9BACT/244-348     0.92439549    0.94298080    0.86938315    0.91018849    0.87674030    1.16270629    0.76556489    1.12424501    0.70691242    0.89346305    0.93151805    0.82873906    0.82160979    0.85986511    0.00000000    0.42900119    0.48615135    0.64946080    0.46869315    0.49954382    0.53232272    0.57490920    0.62757159    0.67746405    0.65394040    0.69325592    0.67680802    0.67814171    0.71151487    1.45645005    1.68323965    1.35587060    1.65712055    2.07372608    1.55292211    1.59742073    1.85616264    1.92752248    1.80010944    1.75648905    1.81814533    1.79506092    1.84155889    2.05266020    1.89234863    1.80916419    1.83108243    1.78209350    2.14026089    1.74673283    2.10988618    1.64298639    1.43955015    1.49026942    1.18045750    1.51368427    1.48225843    1.39589937    2.43318493    2.40266081    1.71113294    1.65442718    1.88023763    2.02737383    2.48155935    2.14281841    1.79622497    2.16507918    2.66523495    2.09180505    2.16752334    1.96254456    1.84757611    1.77452265    1.68840610    1.45933596    1.75459706    1.76184199    1.69125009    2.03503613    1.61610992    1.78211556    1.78322657    1.78282020    1.92957645    1.95910137    1.94846590    1.66142592    1.86923735    1.69826899    1.91983662    2.08639146    1.88539133    1.32847872    1.16830329    0.92938749    1.03192111    0.91684704    0.91896669    0.85091551
R7ZU05_9BACT/247-351     1.00146382    1.00727013    0.91378375    1.17825031    1.06935029    1.27251487    0.93494819    1.32995383    0.82645316    0.99000297    1.11276495    0.97630902    0.88099108    0.84145012    0.42900119    0.00000000    0.36636459    0.88907165    0.80903164    0.75766526    0.75917618    0.54541624    0.73972860    0.54928748    0.71070870    0.76871027    0.63093625    0.79419882    0.75697654    1.54290306    1.60737145    1.38586434    1.60788034    1.99159126    1.61352616    1.55379250    1.96589157    1.78133540    1.77378982    1.72826903    1.62753467    1.71610278    1.58543960    1.86679020    1.79940003    1.66760942    1.82292085    1.82996163    1.91221802    1.80568525    1.88833937    1.76282524    1.53733379    1.35426579    1.25325561    1.67031042    1.74024318    1.62081401    2.62467283    2.48257334    1.85767393    1.80472952    1.95121152    2.05307432    2.15941689    1.89595779    1.58991086    2.23660147    2.42865041    2.04780580    2.46559468    2.22549409    2.03158058    1.61197766    1.58242562    1.28965709    1.43028199    1.76508704    1.64185546    1.81380205    1.56885352    1.75212143    1.49500951    1.45802463    1.75511590    1.92686417    1.90622231    1.55950065    1.80082649    1.43416957    1.99226821    2.03830312    1.92952581    1.42372817    1.16749788    1.18135080    1.11361914    1.23622748    1.20742902    1.05583413
A0A1M7NYI9_9BACT/294-398     0.96988691    1.09004776    0.90400418    1.15415944    1.10843846    1.20326442    0.95843907    1.42102706    0.86845025    1.05733836    1.06852423    1.09625376    1.07060188    0.94416883    0.48615135    0.36636459    0.00000000    0.94239746    0.78198445    0.73495916    0.71018021    0.68756962    0.95464109    0.74546516    0.93840737    0.91257227    0.71946591    0.81030396    0.87078492    1.76321516    1.72370718    1.59197667    1.84937557    2.03334844    1.74893480    1.88263738    2.09422541    2.20430595    2.10677318    1.98408411    1.93292059    2.01081044    1.68941002    2.17282301    1.88358752    1.87889998    2.12270469    2.18027363    2.28645366    2.05335117    2.39786268    2.03963766    1.57405513    1.60923566    1.48904256    1.82190632    2.00393334    2.01519412    2.97807047    2.81650616    2.06488793    2.01322511    1.87958380    2.48721932    2.67486592    2.27979659    1.94682990    2.49978668    2.87309682    2.27092520    2.58222058    2.25232556    1.95708218    1.91551076    1.78924847    1.60996619    1.68569381    1.75477109    1.88736355    2.18000569    1.73799303    1.91172905    1.60392250    1.74952553    1.88919748    1.99889356    2.01247976    1.81294645    1.81694896    1.73545589    2.39241950    2.14485942    2.00949686    1.53692466    1.35714353    1.28601356    1.07465071    1.24925968    1.04924665    1.07844667
A0A2D0NAT5_9BACT/239-343     1.18083581    1.05755109    1.20101628    1.04291684    1.26958432    1.56803369    1.00407591    1.29650227    0.94544142    1.17419996    1.24891558    1.13893313    1.15889298    0.90230951    0.64946080    0.88907165    0.94239746    0.00000000    0.66902426    0.74863730    0.69306699    0.93592100    1.01577041    1.01969932    0.83083722    0.90099683    0.83209450    0.78495584    0.89582200    1.30510350    1.63640621    1.53102453    1.96056582    1.96230549    1.84456533    1.71309912    1.97824637    1.97586640    1.89262102    1.88921700    2.02529660    2.08270635    1.81676775    2.00450165    2.07596977    1.92419854    2.04486497    1.98819791    2.22150851    2.18474588    2.25033308    2.02319024    1.28908919    1.39093983    1.38873769    1.67713528    1.54877694    1.65110930    3.24351231    2.77112765    1.87405645    1.90900652    2.11159822    1.85305635    2.56893659    2.25612947    1.74496368    2.13402483    2.53236225    2.20166945    2.71423287    2.28200531    1.99340692    1.98302842    1.82087647    1.61229511    1.56113556    1.52937546    1.38401872    1.90476747    1.36016064    1.60799376    1.73108090    1.65346326    1.97261936    1.81435114    2.07126235    1.74128598    1.68412415    1.93232437    2.00618699    1.85534460    1.71701115    1.40324290    1.27774304    1.01736258    1.00613593    1.08972622    1.07099066    0.94679424
A4AQN8_MARSH/352-456     1.11306143    1.01616614    1.16726650    0.89504698    1.06504677    1.33960034    0.95214784    1.14439058    0.95632186    1.16520213    1.17560578    0.97108533    0.96247690    0.83760603    0.46869315    0.80903164    0.78198445    0.66902426    0.00000000    0.29938911    0.26636283    0.79638995    0.84977972    0.94634769    0.83755048    0.76671308    0.86640018    0.82307169    0.86505475    1.32358749    1.47449870    1.43838578    1.88394845    2.02839873    1.63575144    1.66146281    1.86014274    1.89782792    1.71843584    1.79544946    1.82702438    1.81677504    1.71666357    1.98777981    2.15857066    1.74000472    1.92361427    1.82346758    1.97503130    1.95656214    2.05394320    1.67654113    1.48977440    1.74802610    1.37582852    1.57108236    1.40072957    1.54318140    2.83106577    2.52781955    1.76017194    1.61429037    1.98194698    2.09654744    2.62994660    2.43715968    2.12105418    2.18737181    2.75914250    2.19474969    2.79507368    2.15234290    1.84827356    1.59912635    1.70870523    1.37006702    1.80019677    1.38175268    1.53106352    2.13875127    1.67240508    1.60396600    1.84778793    1.71868026    1.97843435    1.75808750    2.07630010    1.74372581    1.85976169    1.83141721    1.77531548    2.20167846    1.91978850    1.15222824    0.90915768    1.13742915    1.08726418    1.03586404    0.92325122    0.85838863
A0A1G9T131_9FLAO/348-452     0.99930378    1.06476959    1.14434515    1.00371671    0.86927746    1.19284782    1.00207645    1.26815937    1.01059299    1.16091323    1.06134673    1.03868147    0.99133327    0.99603887    0.49954382    0.75766526    0.73495916    0.74863730    0.29938911    0.00000000    0.32219492    0.84817076    0.95483677    1.06098903    0.78094993    0.90426439    0.91222745    0.81576052    0.95367779    1.52063121    1.65619844    1.62063724    1.86381460    2.16875643    1.80247295    1.87516902    2.10003020    2.23956448    1.98529676    2.10007767    2.12129258    1.96736553    1.95600953    2.18274660    2.36745633    1.95838209    2.23127699    2.03013814    2.13144710    2.31441957    2.19297588    2.02473412    1.64032704    1.88586879    1.52390299    1.83124704    1.43880834    1.58404370    3.13998872    3.01804310    1.91517489    1.73788778    2.06822772    2.16935005    2.75802150    2.46622278    2.11635218    2.69286776    3.09846580    2.38209082    2.44098547    2.11093601    1.98808137    1.58963415    1.76345319    1.51569342    1.73795830    1.49327982    1.65120976    2.14094952    1.65570545    1.79141514    1.88977453    1.95642356    1.94645903    1.81253570    2.21491444    1.93170153    2.02207705    1.69498359    1.84358709    2.27225354    1.84349285    1.36490325    1.00592917    1.14224333    1.13959725    1.10159900    1.11251222    0.97633765
A0A369I8A4_9BACT/234-338     1.00427680    1.01911840    1.13482056    1.00111578    1.09068131    1.19560790    1.04905887    1.36376081    0.98265069    1.09133078    1.21850108    1.14138242    1.12418204    0.84438434    0.53232272    0.75917618    0.71018021    0.69306699    0.26636283    0.32219492    0.00000000    0.78683955    0.88182406    0.96452650    0.85578260    0.85409962    0.94537433    0.71995670    0.90731232    1.49987929    1.59323857    1.44654353    1.85280749    2.07721465    1.62902423    1.76379564    1.99134391    2.06171022    1.85325466    1.84266778    1.87320812    1.91877054    1.82239628    2.15537424    2.19233105    1.91880299    2.10068394    1.96136280    2.06147022    2.26948946    2.24872347    1.86668105    1.47840019    1.64664854    1.43849699    1.81483459    1.63928948    1.59992275    2.89964033    2.75826213    1.89384752    1.79324093    1.96408703    2.32511423    2.68367967    2.57447481    2.15983281    2.25875333    3.09564652    2.26432373    2.91197100    2.17373026    1.82901190    1.75842998    1.88692491    1.61894973    1.69136832    1.43270304    1.69959614    2.11778694    1.59441687    1.81522241    2.04129245    1.85748164    2.05883835    1.88159958    2.22069046    1.88179861    1.93903919    1.76823215    1.72205106    2.24217905    2.01333872    1.09008275    1.03416785    1.16761824    1.05997751    1.10998445    0.87164926    0.93083645
A0A5C6ABT4_9BACT/417-521     0.90068769    0.86144610    0.84123198    1.12308457    1.01570958    1.01929091    0.71911326    0.98934360    0.76658664    0.89961841    1.00597722    0.93311525    0.84584661    0.77549603    0.57490920    0.54541624    0.68756962    0.93592100    0.79638995    0.84817076    0.78683955    0.00000000    0.45408467    0.56267511    0.60563935    0.44563755    0.63776817    0.76318778    0.61783508    1.32523911    1.76608906    1.37593989    1.69045997    2.12052677    1.45501148    1.50729288    1.59762268    1.79040069    1.75111249    1.68935790    1.73399574    1.82295695    1.52062807    1.65431276    1.78022689    1.63057125    1.63484995    1.65092615    1.82910973    1.94663665    1.79459137    1.77809170    1.23373949    1.57417816    1.18187152    1.52875962    1.41959299    1.45163185    2.76795282    2.53797837    1.40897840    1.50229013    1.58856782    1.84048554    2.71948995    2.01457137    1.69153405    2.01577611    2.71977209    2.22304952    2.28337512    2.05887571    2.00550113    1.74760741    1.61658191    1.63696778    1.71220398    1.83734315    1.74941729    2.19555161    1.65686114    1.96169599    1.82793466    1.71060124    1.98568294    2.03892418    2.03925904    1.79540368    1.96266200    1.96209256    2.06289527    2.25649129    2.16139241    1.53212863    1.29339435    1.07976146    0.96934009    1.14956803    1.09738889    0.82029015
A0A5C5XSD8_9PLAN/402-506     0.90682230    0.85401161    0.97138583    1.07770185    0.99757532    1.06916692    0.87767048    1.00717425    0.80850434    0.87624564    0.96538947    0.85113573    0.76950221    0.72144900    0.62757159    0.73972860    0.95464109    1.01577041    0.84977972    0.95483677    0.88182406    0.45408467    0.00000000    0.58239205    0.73172689    0.49391333    0.82886860    0.91913216    0.78441252    1.31682320    1.59433012    1.37033237    1.77484958    2.12350753    1.51778865    1.37575727    1.72532707    1.79528647    1.81411410    1.78122595    1.88031313    1.82645474    1.61593619    1.68925588    1.83120690    1.82687540    1.71828846    1.56727226    1.92128006    1.69033161    2.24165461    1.88808300    1.30662481    1.38011289    1.04534103    1.40321323    1.49466370    1.34736947    2.69540610    2.52839751    1.50855234    1.51043827    1.65171948    1.90621201    2.51348401    1.98241662    1.77794784    1.90825232    2.67569671    1.97164519    2.42226389    2.01113045    2.08753495    1.63443566    1.80833455    1.59578642    1.70737218    1.76969872    1.74789266    2.19527864    1.64250529    1.91855218    1.82263882    1.78632952    2.01985144    2.28722073    2.15075202    1.74209166    1.76798923    1.99226145    2.12760616    2.12532349    2.34308745    1.53033541    1.48628640    0.99580606    1.05454312    1.16327665    1.18926365    0.90177446
A0A2A2WI44_9BACT/453-557     1.07441602    1.00342628    1.11946589    1.15802363    0.99561541    1.42185174    1.01183132    1.07814841    0.94021138    1.00255849    1.06296580    0.95395542    0.97630090    0.76570116    0.67746405    0.54928748    0.74546516    1.01969932    0.94634769    1.06098903    0.96452650    0.56267511    0.58239205    0.00000000    0.72389887    0.68531072    0.69827348    0.90197052    0.78007431    1.59854278    1.85679826    1.84014897    1.82170298    2.11963295    1.56242638    1.53486281    1.78381428    1.79342482    1.78063778    1.79675472    1.75871879    1.71774480    1.49299393    1.85845899    1.84509963    1.59081400    1.63690831    1.75466115    1.76278171    1.79781623    1.84417069    1.64966187    1.29519476    1.47843473    1.13647932    1.83478222    1.58608478    1.50748417    2.63171223    2.69255267    1.89093745    1.89835326    1.84504289    1.91065429    2.40291404    2.09405842    1.76279749    2.09980534    2.71276759    2.21176518    2.61886147    2.45483134    1.59784532    1.64662919    1.79234528    1.60582127    1.89167361    2.24997598    2.00018101    2.28181681    1.94466056    2.07546006    2.00194177    1.85239013    2.13000089    2.23342684    2.17252091    2.06233422    2.15947785    1.86111678    2.01783555    2.14482710    2.02796137    1.52218269    1.38342994    1.18929189    1.14237597    1.26075971    1.17527940    0.98464042
A0A518GA58_9BACT/438-542     0.85121376    0.84536056    0.86476154    0.90131454    0.80946061    0.95787271    0.84084953    1.08556655    0.88434139    0.94942612    0.88338435    0.82601415    0.75933315    0.83752843    0.65394040    0.71070870    0.93840737    0.83083722    0.83755048    0.78094993    0.85578260    0.60563935    0.73172689    0.72389887    0.00000000    0.56258477    0.70332699    0.75360540    0.91974289    1.25461209    1.37134993    1.43324983    1.80451898    1.89275794    1.72534191    1.91680310    1.76655370    1.92418943    1.90582900    1.94665058    1.93980850    1.87165954    1.78369592    1.78873567    2.06970778    1.97263957    2.00155932    1.84752258    1.97725863    1.80146277    1.85025636    1.71824609    1.22808315    1.40263360    1.16807865    1.59374938    1.49677710    1.36655975    2.69933781    2.53576704    1.72752470    1.72009490    1.88393487    1.85326075    2.21483098    1.75917077    1.39417305    1.78949546    2.41930166    1.78920899    2.06726259    2.17610946    1.71326286    1.50511414    1.71482849    1.33517684    1.74077843    1.65814413    1.64260311    1.98854731    1.86147242    1.82175246    1.84854175    1.83944663    1.94598968    1.88038360    2.12031009    1.76478938    1.88084782    1.54682043    2.10436441    2.06397956    1.91592321    1.25198953    1.00765997    1.01958041    0.83105914    0.91369581    1.08230110    0.90003752
A0A255QKE4_9BACT/412-516     0.99273650    0.81554501    1.08209105    1.07610838    1.05691387    1.14078146    0.86131479    0.90862693    0.95981198    0.91236669    0.98922966    0.80641519    0.82795554    0.70025911    0.69325592    0.76871027    0.91257227    0.90099683    0.76671308    0.90426439    0.85409962    0.44563755    0.49391333    0.68531072    0.56258477    0.00000000    0.73807928    0.76698631    0.75528285    1.14623137    1.40251721    1.38264532    1.85009297    2.10789734    1.55412487    1.50224766    1.80649899    1.84355469    1.87373848    1.83224191    1.88388785    1.89104525    1.65708855    1.73377204    1.92799961    1.72849144    1.82242303    1.74727412    2.05071764    1.89940834    1.80893625    1.81453537    1.05369239    1.21209399    0.90852699    1.18196416    1.43478166    1.39345746    2.61987642    2.56094024    1.49112032    1.57676145    1.69136433    1.73626075    2.36510947    1.73520474    1.69695362    1.97039104    2.50282640    1.86015265    2.36496533    1.99883773    1.63354355    1.61281535    1.53517998    1.30274435    1.89120584    1.83496050    1.62179383    2.14581009    1.67946458    1.72686329    1.74501065    1.56573235    1.82405279    1.82453056    1.79518830    1.66033594    1.63565965    1.71467610    2.15298869    1.87145191    1.91394583    1.42180469    1.23693493    0.89724709    0.86065784    1.01328796    0.99869977    0.85077412
A0A225E3H0_9BACT/384-488     0.89755366    0.78212544    0.83903586    0.98158332    1.06435796    1.31968698    0.79946310    0.99947061    0.59112385    0.79763061    0.77790967    0.77239415    0.76425436    0.64097035    0.67680802    0.63093625    0.71946591    0.83209450    0.86640018    0.91222745    0.94537433    0.63776817    0.82886860    0.69827348    0.70332699    0.73807928    0.00000000    0.52854593    0.51859718    1.44685089    1.57279845    1.60669807    1.63586193    1.91908275    1.51690653    1.71051586    1.72250114    2.03017190    1.80675201    1.86139273    1.74622376    1.96903871    1.63707894    1.71747609    1.80704721    1.83878751    1.94952737    1.81398223    1.91905241    1.83516602    1.79352169    1.72541131    1.16254519    1.30886721    1.24148175    1.43019912    1.56089645    1.68104728    2.83308093    2.51165295    1.81754031    1.68391541    2.10292054    1.64023016    2.33133884    1.93270023    1.54401901    1.83239265    2.49527829    1.64514002    2.28982874    2.24270846    1.85531770    1.58262261    1.72616026    1.53818156    1.49430396    1.86884421    1.62694001    1.94626443    1.58248852    1.74135282    1.65492195    1.58989686    1.72077921    1.82203555    1.78727267    1.80963753    1.75970267    1.64285199    2.16471609    1.94889460    1.90909382    1.46565357    1.27539797    0.97390805    0.87639689    0.89404682    1.08318956    0.61723093
A0A142XC27_9BACT/384-488     0.68522246    0.84635796    0.83775929    1.00526548    0.81940708    1.07463045    0.81814973    0.97024571    0.69084942    0.93312604    0.90824770    0.89452650    0.98980958    0.70660506    0.67814171    0.79419882    0.81030396    0.78495584    0.82307169    0.81576052    0.71995670    0.76318778    0.91913216    0.90197052    0.75360540    0.76698631    0.52854593    0.00000000    0.39596768    1.42663190    1.66873054    1.66075264    1.69690367    1.87835552    1.50490503    2.03979627    1.97915845    2.19903342    2.10601043    1.91197470    1.99160446    2.22733576    1.93969120    2.03112833    2.07854907    2.11879101    2.15459434    2.03347705    2.18968409    2.13598382    1.88776279    1.97239510    1.15562273    1.38888593    1.02210900    1.41157672    1.40101349    1.31857735    2.47872016    2.30369722    1.60297837    1.44764680    1.88932855    1.72938890    2.22676965    2.03541268    1.65277072    1.85429059    2.19410623    1.80518169    2.11329476    1.82650460    1.66522318    1.74037156    1.58938295    1.46477080    1.31063609    1.70260618    1.40519604    1.89574518    1.28380874    1.66252294    1.37147594    1.60610530    1.63979444    1.65216619    1.67228599    1.55099538    1.54928319    1.46984638    1.85401208    1.74606858    1.62921677    1.39550354    1.24883437    0.77459405    0.84499411    0.83851715    0.93585920    0.56423710
