7
PPR53_ARATH/637-664     0.00000000    0.89677325    0.97694435    1.50214716    1.55739220    1.47211478    1.75128155
D2VRZ1_NAEGR/735-762     0.89677325    0.00000000    1.02780955    1.66465030    1.39959156    1.40194384    1.70059514
PP296_ARATH/836-863     0.97694435    1.02780955    0.00000000    1.03028633    1.05158865    1.24282143    1.62373037
F6GWS8_VITVI/524-551     1.50214716    1.66465030    1.03028633    0.00000000    0.99109590    0.93014120    0.92438571
D7M889_ARALL/727-754     1.55739220    1.39959156    1.05158865    0.99109590    0.00000000    0.62573356    0.85528523
F6I606_VITVI/729-756     1.47211478    1.40194384    1.24282143    0.93014120    0.62573356    0.00000000    0.49888000
Q0JER4_ORYSJ/767-794     1.75128155    1.70059514    1.62373037    0.92438571    0.85528523    0.49888000    0.00000000

