12
A0A1S3JLY9_LINUN/50-867     0.00000000    1.03798412    1.34605575    1.26670520    1.42241366    1.31556880    1.28363824    1.44332093    1.25629038    1.45672683    1.29869435    1.25538155
A0A433STT3_ELYCH/47-806     1.03798412    0.00000000    1.33328481    1.25542437    1.37165660    1.28355350    1.29604456    1.44445653    1.28183508    1.49518321    1.29676433    1.26383041
W5MG32_LEPOC/55-877     1.34605575    1.33328481    0.00000000    0.38236394    0.52258710    0.40310460    0.44752972    0.53087691    0.52622534    0.60878925    0.52582703    0.50038809
A0A1S3NI15_SALSA/57-870     1.26670520    1.25542437    0.38236394    0.00000000    0.43162911    0.34332847    0.52129252    0.62836713    0.57360817    0.68736255    0.60876760    0.54548800
A0A498M8N7_LABRO/81-856     1.42241366    1.37165660    0.52258710    0.43162911    0.00000000    0.30588811    0.66470244    0.70688279    0.67436714    0.78160622    0.69369260    0.65095734
W5KIE9_ASTMX/56-857     1.31556880    1.28355350    0.40310460    0.34332847    0.30588811    0.00000000    0.56226166    0.64976159    0.62036612    0.70816324    0.65490056    0.61319656
A0A401S6U8_CHIPU/60-870     1.28363824    1.29604456    0.44752972    0.52129252    0.66470244    0.56226166    0.00000000    0.49145982    0.49717734    0.58019153    0.51010769    0.45911990
H3B272_LATCH/1-812     1.44332093    1.44445653    0.53087691    0.62836713    0.70688279    0.64976159    0.49145982    0.00000000    0.53452594    0.63871532    0.55065465    0.48072102
F6UGH4_XENTR/74-887     1.25629038    1.28183508    0.52622534    0.57360817    0.67436714    0.62036612    0.49717734    0.53452594    0.00000000    0.52976672    0.45944780    0.40165617
H9GIJ9_ANOCA/49-862     1.45672683    1.49518321    0.60878925    0.68736255    0.78160622    0.70816324    0.58019153    0.63871532    0.52976672    0.00000000    0.45078212    0.40897047
A0A1S3EMJ3_DIPOR/52-862     1.29869435    1.29676433    0.52582703    0.60876760    0.69369260    0.65490056    0.51010769    0.55065465    0.45944780    0.45078212    0.00000000    0.26706560
F7CL34_ORNAN/52-864     1.25538155    1.26383041    0.50038809    0.54548800    0.65095734    0.61319656    0.45911990    0.48072102    0.40165617    0.40897047    0.26706560    0.00000000

