49
Q503E6_DANRE/337-456     0.00000000    0.39569160    0.42650526    0.48329796    0.54140210    0.28173718    0.31108107    0.46224451    0.47324411    0.74616527    0.75363403    0.62460755    0.65105825    0.86521298    0.76743029    0.69617207    0.89878968    2.46923067    1.60820138    1.99317757    2.03570203    3.57374308    1.97002758    2.09521985    2.33015974    2.49412161    2.31615762    2.61421383    2.28350674    2.36074210    2.12240311    2.29526629    2.92943489    1.81895138    2.03249302    2.97153596    3.33477788    2.64435302    2.38897884    2.40020623    2.59501093    2.21969027    2.37690849    2.38149824    2.43679014    2.31093875    2.59308361    2.48521218    1.69276768
M3ZJX0_XIPMA/337-454     0.39569160    0.00000000    0.17751801    0.26228333    0.65088946    0.34882176    0.34171221    0.53376133    0.53440360    0.93799065    0.82295139    0.66502604    0.71372350    0.93067341    0.81119355    0.76588104    1.03239271    2.34023608    1.61055975    1.87835956    2.07261813    3.21273470    1.91836395    1.87137388    2.25980916    2.40626697    2.11492074    2.34085350    2.27986728    2.19568808    1.97653684    2.24215703    2.64958259    1.91438551    2.00094745    2.62720580    3.06886003    2.70042889    2.59812452    2.59255687    2.85669923    2.43771735    2.48867157    2.41346928    2.55682221    2.06556407    2.49290884    2.49007305    1.63714592
I3IVA3_ORENI/337-456     0.42650526    0.17751801    0.00000000    0.28483625    0.62988621    0.32743020    0.30879366    0.49131475    0.48349554    0.90286084    0.79680572    0.63087237    0.63301337    0.82090838    0.72008725    0.70677203    0.96361430    2.27621765    1.62595175    1.85887444    2.00578923    3.27717378    1.97976791    1.99571307    2.26981971    2.45402793    2.20261467    2.46025505    2.22641743    2.24125015    1.97414219    2.18858723    2.49307420    1.78793970    1.80742417    2.57122718    2.94709891    2.52636485    2.34818060    2.31902673    2.61431389    2.18897845    2.21289588    2.10016785    2.39381163    1.90100754    2.29958718    2.31256165    1.47155161
H2T6H5_TAKRU/339-460     0.48329796    0.26228333    0.28483625    0.00000000    0.68890055    0.45245009    0.45011286    0.58201765    0.57961135    1.06873382    0.90025104    0.74290190    0.77452457    0.99948201    0.90960476    0.83158282    1.09554326    2.47472344    1.78454898    1.91511031    2.27824431    3.06007964    2.21265228    2.27929309    2.70196510    3.00562834    2.40147135    2.66619924    2.74280939    2.67015201    2.34225118    2.48639210    2.99691300    1.93400450    2.04041195    2.93148637    3.49709567    3.04775196    2.86022972    2.86879158    3.06952626    2.70749806    2.60522701    2.51471537    2.60366600    2.21220962    2.72758012    2.67555144    1.76503850
H3DG58_TETNG/352-471     0.54140210    0.65088946    0.62988621    0.68890055    0.00000000    0.46364336    0.50079844    0.63312424    0.66271454    1.03561387    0.86906178    0.88482764    0.74345274    0.97604102    0.93832604    0.85288393    1.04949843    2.75453878    1.97658710    2.18587641    2.00174080    3.58800443    2.45333531    2.54981135    2.67546985    2.92994985    2.57801337    2.65468742    2.62179097    2.72349070    2.50656053    2.51685557    2.70882996    2.12636769    2.20745783    2.94623714    3.22998984    2.50533263    2.36623768    2.16377302    2.58730423    2.30150358    2.23080505    2.37264713    2.50465674    2.19273495    2.35231912    2.29010118    1.83170156
M4ASN9_XIPMA/337-456     0.28173718    0.34882176    0.32743020    0.45245009    0.46364336    0.00000000    0.18477202    0.33412063    0.34801125    0.75992072    0.68239548    0.59156548    0.56324434    0.74560405    0.69158159    0.64627568    0.92649816    2.26656754    1.54833757    1.83045993    1.99780702    3.39995033    1.96417847    2.12549357    2.33011434    2.59139493    2.28990791    2.32774374    2.24827655    2.37268420    2.12423010    2.12419143    2.67181504    1.76082063    1.85907337    2.66786112    2.99033814    2.39802172    2.24922691    2.17036156    2.39326507    2.00668983    2.13420685    2.12325174    2.21361306    2.03570265    2.11790081    2.28150741    1.45194287
W5NHV6_LEPOC/337-456     0.31108107    0.34171221    0.30879366    0.45011286    0.50079844    0.18477202    0.00000000    0.31211260    0.32866095    0.68239468    0.65322257    0.50317695    0.54951447    0.73007322    0.67326009    0.61770371    0.84610738    2.35321947    1.51511622    1.94971718    2.00624868    3.23010651    2.00587581    2.16903248    2.39956682    2.64224742    2.33195715    2.39868188    2.35038069    2.42812384    2.18104920    2.23473845    2.80125253    1.79459233    1.89225484    2.79169313    3.03762095    2.45591522    2.35167353    2.29393253    2.57286049    2.15180882    2.23748953    2.28003211    2.39560846    2.01532504    2.19585333    2.20271332    1.53309074
EZRI_BOVIN/337-456     0.46224451    0.53376133    0.49131475    0.58201765    0.63312424    0.33412063    0.31211260    0.00000000    0.12108519    0.80830213    0.73052388    0.58240169    0.58930881    0.77433624    0.76714910    0.65150709    0.90897856    3.03948841    1.70308638    2.13991301    1.99386103    3.21451622    2.17506800    2.45648377    2.54543852    2.85556235    2.41003912    2.60845595    2.57263242    2.53579785    2.47289308    2.37659254    2.75050102    1.98368023    1.99441364    2.80250764    3.54671371    2.89305564    2.91337725    2.74398554    3.00113550    2.71848553    2.63019646    2.46555732    2.67667806    2.43768862    2.45803881    2.47913083    1.51325442
F6QDS8_ORNAN/337-456     0.47324411    0.53440360    0.48349554    0.57961135    0.66271454    0.34801125    0.32866095    0.12108519    0.00000000    0.81632201    0.78024302    0.60130360    0.61218256    0.80102797    0.75628774    0.67107910    0.93302992    2.87179660    1.60512850    2.11100782    1.98317103    3.02724600    2.09890600    2.41942070    2.45934242    2.95944045    2.45570871    2.51986243    2.57085961    2.59449042    2.45026996    2.36782801    2.77724548    1.92451653    2.07427121    2.63060308    3.27903380    2.73893603    2.79676797    2.55824873    2.81485199    2.64091317    2.44758415    2.47113286    2.46959901    2.32191970    2.31321195    2.34551233    1.63134616
H3AAE0_LATCH/337-458     0.74616527    0.93799065    0.90286084    1.06873382    1.03561387    0.75992072    0.68239468    0.80830213    0.81632201    0.00000000    0.99411431    0.99096100    0.92366701    1.05722017    1.04916054    0.96507195    1.50268105    1.91535903    2.11885110    2.29009917    2.20474268    2.75486938    2.13127485    2.32642280    2.42822562    2.85386625    2.23373521    2.12875383    2.24551608    2.37117299    2.05535203    2.31830343    2.62247940    2.29278406    1.87767313    2.75265929    2.61974252    2.71882008    2.53666296    2.25472901    2.43458362    2.30211559    2.25208195    2.56657276    2.44674743    2.23732507    2.41021956    2.50503290    2.14325886
H2SPE5_TAKRU/337-456     0.75363403    0.82295139    0.79680572    0.90025104    0.86906178    0.68239548    0.65322257    0.73052388    0.78024302    0.99411431    0.00000000    0.50521094    0.47791931    0.65677320    0.57091163    0.52260112    0.84786631    1.90518501    1.64461390    1.78402622    1.82026627    2.78813749    2.28283789    2.40051874    2.25546696    2.78395890    2.22102844    2.54113577    2.27058925    2.33826730    2.31233525    2.09579272    2.70552417    1.77646955    2.18274712    2.61089586    3.02969142    2.64133684    2.62236132    2.43189413    2.63107214    2.28804987    2.37523260    2.58693252    2.55013003    2.35403297    2.23345492    2.24916650    1.54242168
W5MXQ3_LEPOC/333-452     0.62460755    0.66502604    0.63087237    0.74290190    0.88482764    0.59156548    0.50317695    0.58240169    0.60130360    0.99096100    0.50521094    0.00000000    0.33596215    0.54938343    0.55412909    0.43391004    0.61410630    2.15260887    1.67400903    1.86100453    1.87383061    2.70850019    2.04268618    2.25612204    2.49742373    2.70110815    2.29323206    2.58364129    2.23021920    2.40292513    2.22283554    2.13248883    2.49718336    1.89825734    2.16085880    2.78043042    3.25168608    2.95366698    2.79093589    2.48274829    2.74245416    2.36500156    2.51229748    2.45001678    2.68405808    2.53913904    2.55712114    2.43083125    1.43136417
W5NBL6_LEPOC/337-456     0.65105825    0.71372350    0.63301337    0.77452457    0.74345274    0.56324434    0.54951447    0.58930881    0.61218256    0.92366701    0.47791931    0.33596215    0.00000000    0.23578850    0.28978334    0.26161998    0.48230881    1.75470402    1.53856989    1.70863808    1.70412241    2.57226934    1.93030017    1.97285413    2.28121762    2.53226428    2.03380220    2.39529703    2.09111812    2.22612100    2.09230599    1.83118479    2.31193372    1.77369920    1.81393555    2.58300755    3.00292835    2.63009961    2.53863801    2.26409190    2.38593131    2.29489966    2.31945957    2.19811524    2.43704672    2.28769994    2.30998150    2.31636366    1.38937348
E7F638_DANRE/335-454     0.86521298    0.93067341    0.82090838    0.99948201    0.97604102    0.74560405    0.73007322    0.77433624    0.80102797    1.05722017    0.65677320    0.54938343    0.23578850    0.00000000    0.25542507    0.46001091    0.73343034    1.84427791    1.86821404    1.85031106    1.96183765    3.08511074    2.14237258    2.21251195    2.62337656    2.76780531    2.26110181    2.64219939    2.22422172    2.37617722    2.30428480    1.97373153    2.70202856    2.12199966    2.04452994    2.84042920    2.86145208    3.02394767    2.58543272    2.44076630    2.43715410    2.36200534    2.45825696    2.46465579    2.54041768    2.45717692    2.89976807    2.98762863    1.55103619
H2SLQ8_TAKRU/338-457     0.76743029    0.81119355    0.72008725    0.90960476    0.93832604    0.69158159    0.67326009    0.76714910    0.75628774    1.04916054    0.57091163    0.55412909    0.28978334    0.25542507    0.00000000    0.44502720    0.69047007    1.92980152    1.94023864    1.94662800    1.90780552    3.10673373    2.22965386    2.10057987    2.47717243    2.73418422    2.23909583    2.42080621    2.26851244    2.32792696    2.25227503    2.06562692    2.60927250    2.03999017    2.00456993    2.81370726    2.83548362    2.80488873    2.38630348    2.19559351    2.54439663    2.25270861    2.14886657    2.24570919    2.40423173    2.41330622    2.67505433    2.70212849    1.54648888
H0WVR4_OTOGA/333-452     0.69617207    0.76588104    0.70677203    0.83158282    0.85288393    0.64627568    0.61770371    0.65150709    0.67107910    0.96507195    0.52260112    0.43391004    0.26161998    0.46001091    0.44502720    0.00000000    0.46570443    1.84857048    1.48717554    1.73775856    1.70938201    2.56687058    2.01556200    1.83291518    2.13163347    2.52987060    1.96601930    2.27721380    1.95729204    2.16940686    2.06826949    1.68231508    2.43373354    1.90435297    1.84025693    2.44924560    2.85452377    2.49879691    2.42902462    2.30880901    2.38186487    2.04288905    2.16496674    2.22658729    2.26570618    2.20293785    2.12807313    2.08436865    1.33464987
H3B5P9_LATCH/344-462     0.89878968    1.03239271    0.96361430    1.09554326    1.04949843    0.92649816    0.84610738    0.90897856    0.93302992    1.50268105    0.84786631    0.61410630    0.48230881    0.73343034    0.69047007    0.46570443    0.00000000    2.27668764    2.02720661    2.30748820    1.95881283    3.09597178    2.74806617    2.23274800    2.85231161    3.13770219    2.60755573    3.28433494    2.33940005    2.68299247    2.66840501    2.29429841    2.47885331    2.09728726    2.21033702    2.98005623    3.58042855    3.47109501    3.46910720    3.12886947    3.02594647    3.33945525    3.00919452    3.24476957    3.22378651    2.86843386    3.08545673    3.05732039    1.64800378
A7SXF9_NEMVE/332-451     2.46923067    2.34023608    2.27621765    2.47472344    2.75453878    2.26656754    2.35321947    3.03948841    2.87179660    1.91535903    1.90518501    2.15260887    1.75470402    1.84427791    1.92980152    1.84857048    2.27668764    0.00000000    1.97019958    1.90670303    2.47557354    2.32810203    2.10748337    1.75176546    1.91324278    2.48839505    1.71909677    2.07233140    1.78522009    1.90153701    1.84481133    1.79965958    2.22469072    2.36178798    2.34884134    2.29827884    2.45350094    2.57507735    2.50033603    2.30170247    2.43845823    2.23406502    2.33204428    2.24356698    2.47527181    2.20317593    2.22749166    2.36490097    1.77464041
T1EMA7_HELRO/331-450     1.60820138    1.61055975    1.62595175    1.78454898    1.97658710    1.54833757    1.51511622    1.70308638    1.60512850    2.11885110    1.64461390    1.67400903    1.53856989    1.86821404    1.94023864    1.48717554    2.02720661    1.97019958    0.00000000    0.71088276    1.26993444    2.12376251    1.40893528    1.39917896    1.50153219    1.67945924    1.42151106    1.77552410    1.46154165    1.57043052    1.42202601    1.35641792    1.91357607    1.67704378    1.68417047    1.72420215    2.52295479    1.96300072    1.77589723    1.77428408    1.80044085    1.74732335    1.67161472    1.90006232    1.87628238    1.75158186    1.68772984    1.62852003    1.39306543
T1FMK3_HELRO/330-449     1.99317757    1.87835956    1.85887444    1.91511031    2.18587641    1.83045993    1.94971718    2.13991301    2.11100782    2.29009917    1.78402622    1.86100453    1.70863808    1.85031106    1.94662800    1.73775856    2.30748820    1.90670303    0.71088276    0.00000000    1.47178241    2.31585653    1.26606418    1.40597885    1.42577408    1.55124328    1.38363734    1.40313392    1.31981049    1.33945159    1.39636521    1.35705034    1.84716433    1.62113145    1.69108438    1.65427712    2.60746632    1.73841911    1.71445660    1.62918406    1.82422822    1.65361368    1.58420209    1.57945119    1.67381945    1.62387599    1.79312891    1.77796791    1.36862090
K1PUJ1_CRAGI/347-466     2.03570203    2.07261813    2.00578923    2.27824431    2.00174080    1.99780702    2.00624868    1.99386103    1.98317103    2.20474268    1.82026627    1.87383061    1.70412241    1.96183765    1.90780552    1.70938201    1.95881283    2.47557354    1.26993444    1.47178241    0.00000000    1.97410590    1.36879339    1.26963774    1.32687337    1.57408933    1.33497370    1.59117360    1.27080697    1.38491374    1.32040409    1.12621569    1.79000234    2.12531757    1.80616225    2.33457466    2.92327649    2.54805632    2.44625270    2.33903940    2.58712081    2.48329924    2.57376644    2.46543581    2.52549663    2.32390184    2.55836826    2.21464419    1.61132081
Q05768_ECHMU/332-451     3.57374308    3.21273470    3.27717378    3.06007964    3.58800443    3.39995033    3.23010651    3.21451622    3.02724600    2.75486938    2.78813749    2.70850019    2.57226934    3.08511074    3.10673373    2.56687058    3.09597178    2.32810203    2.12376251    2.31585653    1.97410590    0.00000000    2.13767997    1.98222217    1.97357935    2.20945477    1.95624190    2.13472415    1.90904074    2.04651902    2.17192459    1.81243121    1.63718600    2.39777418    2.03799459    3.28056151    3.69104977    3.67506702    3.99091735    3.74818567    3.45827038    3.60583868    3.52539926    3.47909328    3.85919390    3.10796242    3.41184832    3.23064371    3.03201795
E9H9F6_DAPPU/330-449     1.97002758    1.91836395    1.97976791    2.21265228    2.45333531    1.96417847    2.00587581    2.17506800    2.09890600    2.13127485    2.28283789    2.04268618    1.93030017    2.14237258    2.22965386    2.01556200    2.74806617    2.10748337    1.40893528    1.26606418    1.36879339    2.13767997    0.00000000    0.40292137    0.43749564    0.71319191    0.32675595    0.55299641    0.31917527    0.41065875    0.30562028    0.37911948    1.02108821    1.86957025    1.74705060    2.01091265    2.01631520    2.32113181    2.05823111    1.89053349    2.10360802    1.95004309    1.91319924    1.99708151    1.95714984    2.01141175    1.88170580    1.76130217    1.58792236
R4G483_RHOPR/330-449     2.09521985    1.87137388    1.99571307    2.27929309    2.54981135    2.12549357    2.16903248    2.45648377    2.41942070    2.32642280    2.40051874    2.25612204    1.97285413    2.21251195    2.10057987    1.83291518    2.23274800    1.75176546    1.39917896    1.40597885    1.26963774    1.98222217    0.40292137    0.00000000    0.27556936    0.49957483    0.28329839    0.56357986    0.31909667    0.33399361    0.31068271    0.45363905    1.07580260    1.96746181    1.65328515    2.07272317    2.02422568    2.40661369    2.41562381    2.14704306    2.29591175    2.11248192    2.20403072    2.23841794    2.18261707    2.10917834    2.07061340    2.03381800    1.49070387
J9KAN2_ACYPI/332-451     2.33015974    2.25980916    2.26981971    2.70196510    2.67546985    2.33011434    2.39956682    2.54543852    2.45934242    2.42822562    2.25546696    2.49742373    2.28121762    2.62337656    2.47717243    2.13163347    2.85231161    1.91324278    1.50153219    1.42577408    1.32687337    1.97357935    0.43749564    0.27556936    0.00000000    0.45127880    0.29481675    0.59725097    0.30256479    0.33713952    0.31648923    0.46910485    1.10666545    2.06181866    1.81131744    2.02981658    2.13945719    2.40250147    2.17070500    1.97151429    2.18074816    2.22032990    2.02950415    2.07950596    2.08576258    2.14044047    1.91619435    1.79781882    1.42578493
E0VSY0_PEDHC/326-445     2.49412161    2.40626697    2.45402793    3.00562834    2.92994985    2.59139493    2.64224742    2.85556235    2.95944045    2.85386625    2.78395890    2.70110815    2.53226428    2.76780531    2.73418422    2.52987060    3.13770219    2.48839505    1.67945924    1.55124328    1.57408933    2.20945477    0.71319191    0.49957483    0.45127880    0.00000000    0.49882395    0.82924594    0.58205221    0.50776700    0.53188315    0.71962234    1.26606787    2.23003891    1.94987228    2.39578368    2.30417257    2.49608763    2.36333778    2.17100363    2.36434051    2.18544310    2.16223119    2.26947967    2.23621809    2.34172491    2.19357227    2.02208918    1.54399469
D7GY91_TRICA/39-158     2.31615762    2.11492074    2.20261467    2.40147135    2.57801337    2.28990791    2.33195715    2.41003912    2.45570871    2.23373521    2.22102844    2.29323206    2.03380220    2.26110181    2.23909583    1.96601930    2.60755573    1.71909677    1.42151106    1.38363734    1.33497370    1.95624190    0.32675595    0.28329839    0.29481675    0.49882395    0.00000000    0.43788800    0.19731436    0.21101761    0.19088007    0.43437092    1.00561285    1.94385535    1.50055246    1.89711372    1.87835120    2.29529625    2.14972067    1.92700149    2.15556910    1.81643837    1.97545132    2.05283899    2.00435966    1.88579293    1.83682874    1.80507772    1.51385820
D6W989_TRICA/322-441     2.61421383    2.34085350    2.46025505    2.66619924    2.65468742    2.32774374    2.39868188    2.60845595    2.51986243    2.12875383    2.54113577    2.58364129    2.39529703    2.64219939    2.42080621    2.27721380    3.28433494    2.07233140    1.77552410    1.40313392    1.59117360    2.13472415    0.55299641    0.56357986    0.59725097    0.82924594    0.43788800    0.00000000    0.54325691    0.55950590    0.53887792    0.65074012    1.22896151    2.39039141    1.59078865    1.99548129    2.20976108    2.36605401    2.37745503    2.08765509    2.31257107    2.09759827    2.02577702    2.21747699    2.14611585    2.18679494    1.98518545    1.82440876    1.86058178
H9IZ59_BOMMO/266-385     2.28350674    2.27986728    2.22641743    2.74280939    2.62179097    2.24827655    2.35038069    2.57263242    2.57085961    2.24551608    2.27058925    2.23021920    2.09111812    2.22422172    2.26851244    1.95729204    2.33940005    1.78522009    1.46154165    1.31981049    1.27080697    1.90904074    0.31917527    0.31909667    0.30256479    0.58205221    0.19731436    0.54325691    0.00000000    0.17457543    0.21359638    0.38764880    0.96074287    1.99980222    1.45359453    1.88745030    2.02193004    2.22663716    2.02389054    1.81588629    2.01292714    1.97006287    1.95631478    2.05257270    1.97457626    1.97687189    1.81851141    1.74225839    1.53309957
MOEH_CULQU/326-445     2.36074210    2.19568808    2.24125015    2.67015201    2.72349070    2.37268420    2.42812384    2.53579785    2.59449042    2.37117299    2.33826730    2.40292513    2.22612100    2.37617722    2.32792696    2.16940686    2.68299247    1.90153701    1.57043052    1.33945159    1.38491374    2.04651902    0.41065875    0.33399361    0.33713952    0.50776700    0.21101761    0.55950590    0.17457543    0.00000000    0.25975566    0.46495061    0.97431499    2.01681498    1.63925019    2.04031389    2.06920965    2.36809088    2.03754765    1.97067474    2.08816148    2.03317659    1.96825404    2.09475218    1.95253271    2.04715784    1.99031305    1.92223921    1.58936286
M9NG50_DROME/331-450     2.12240311    1.97653684    1.97414219    2.34225118    2.50656053    2.12423010    2.18104920    2.47289308    2.45026996    2.05535203    2.31233525    2.22283554    2.09230599    2.30428480    2.25227503    2.06826949    2.66840501    1.84481133    1.42202601    1.39636521    1.32040409    2.17192459    0.30562028    0.31068271    0.31648923    0.53188315    0.19088007    0.53887792    0.21359638    0.25975566    0.00000000    0.50918467    0.99834481    1.90658511    1.59804135    2.07381642    2.12988068    2.31717126    2.24155565    1.96220793    2.22605679    1.88649688    2.08430009    2.15523521    2.10182612    1.97940271    1.88903880    1.85556383    1.49839576
T1JSE5_TETUR/189-308     2.29526629    2.24215703    2.18858723    2.48639210    2.51685557    2.12419143    2.23473845    2.37659254    2.36782801    2.31830343    2.09579272    2.13248883    1.83118479    1.97373153    2.06562692    1.68231508    2.29429841    1.79965958    1.35641792    1.35705034    1.12621569    1.81243121    0.37911948    0.45363905    0.46910485    0.71962234    0.43437092    0.65074012    0.38764880    0.46495061    0.50918467    0.00000000    0.87555113    1.81890821    1.46965604    1.62272052    1.87931586    2.01085428    1.74367885    1.68898425    1.78323518    1.68143060    1.75298912    1.70074349    1.67783200    1.84779977    1.79359946    1.63043175    1.54115021
A8XFS2_CAEBR/332-451     2.92943489    2.64958259    2.49307420    2.99691300    2.70882996    2.67181504    2.80125253    2.75050102    2.77724548    2.62247940    2.70552417    2.49718336    2.31193372    2.70202856    2.60927250    2.43373354    2.47885331    2.22469072    1.91357607    1.84716433    1.79000234    1.63718600    1.02108821    1.07580260    1.10666545    1.26606787    1.00561285    1.22896151    0.96074287    0.97431499    0.99834481    0.87555113    0.00000000    2.35839161    1.82783766    2.13707305    2.29152443    2.35945972    2.25821987    2.15245816    2.18557423    2.17225845    2.22794469    2.18460043    2.20444631    1.85426760    1.95407650    1.79615810    2.25030055
B3RY21_TRIAD/326-438     1.81895138    1.91438551    1.78793970    1.93400450    2.12636769    1.76082063    1.79459233    1.98368023    1.92451653    2.29278406    1.77646955    1.89825734    1.77369920    2.12199966    2.03999017    1.90435297    2.09728726    2.36178798    1.67704378    1.62113145    2.12531757    2.39777418    1.86957025    1.96746181    2.06181866    2.23003891    1.94385535    2.39039141    1.99980222    2.01681498    1.90658511    1.81890821    2.35839161    0.00000000    1.76201624    1.71363192    2.20526450    1.66952526    1.88754128    1.75934882    2.06281947    1.87023767    1.71679093    1.85314549    1.82621551    1.70981698    1.71681049    1.67005954    1.35059810
A9URX5_MONBE/319-445     2.03249302    2.00094745    1.80742417    2.04041195    2.20745783    1.85907337    1.89225484    1.99441364    2.07427121    1.87767313    2.18274712    2.16085880    1.81393555    2.04452994    2.00456993    1.84025693    2.21033702    2.34884134    1.68417047    1.69108438    1.80616225    2.03799459    1.74705060    1.65328515    1.81131744    1.94987228    1.50055246    1.59078865    1.45359453    1.63925019    1.59804135    1.46965604    1.82783766    1.76201624    0.00000000    1.46925552    2.09913620    1.74164108    1.41807462    1.50749261    1.65521012    1.54176871    1.37091540    1.48010023    1.33970258    1.54533846    1.61958092    1.57508036    1.75533064
A7RWH0_NEMVE/330-443     2.97153596    2.62720580    2.57122718    2.93148637    2.94623714    2.66786112    2.79169313    2.80250764    2.63060308    2.75265929    2.61089586    2.78043042    2.58300755    2.84042920    2.81370726    2.44924560    2.98005623    2.29827884    1.72420215    1.65427712    2.33457466    3.28056151    2.01091265    2.07272317    2.02981658    2.39578368    1.89711372    1.99548129    1.88745030    2.04031389    2.07381642    1.62272052    2.13707305    1.71363192    1.46925552    0.00000000    1.21097419    0.78614075    0.78633394    0.67780234    0.79884740    0.78620249    0.72464129    0.76750801    0.69834097    0.63225699    0.77730396    0.76859798    1.70895987
B4I7A2_DROSE/340-459     3.33477788    3.06886003    2.94709891    3.49709567    3.22998984    2.99033814    3.03762095    3.54671371    3.27903380    2.61974252    3.02969142    3.25168608    3.00292835    2.86145208    2.83548362    2.85452377    3.58042855    2.45350094    2.52295479    2.60746632    2.92327649    3.69104977    2.01631520    2.02422568    2.13945719    2.30417257    1.87835120    2.20976108    2.02193004    2.06920965    2.12988068    1.87931586    2.29152443    2.20526450    2.09913620    1.21097419    0.00000000    1.12824398    1.05402925    0.93575225    0.93903330    0.96110238    0.99472642    0.86462957    0.91287944    1.11847396    1.15452598    1.12789499    2.29503784
E9GW23_DAPPU/338-457     2.64435302    2.70042889    2.52636485    3.04775196    2.50533263    2.39802172    2.45591522    2.89305564    2.73893603    2.71882008    2.64133684    2.95366698    2.63009961    3.02394767    2.80488873    2.49879691    3.47109501    2.57507735    1.96300072    1.73841911    2.54805632    3.67506702    2.32113181    2.40661369    2.40250147    2.49608763    2.29529625    2.36605401    2.22663716    2.36809088    2.31717126    2.01085428    2.35945972    1.66952526    1.74164108    0.78614075    1.12824398    0.00000000    0.53478761    0.41810204    0.51183422    0.55105763    0.48006982    0.48649514    0.41763021    0.56263846    0.63632641    0.63204779    1.99668660
J9JWV8_ACYPI/343-462     2.38897884    2.59812452    2.34818060    2.86022972    2.36623768    2.24922691    2.35167353    2.91337725    2.79676797    2.53666296    2.62236132    2.79093589    2.53863801    2.58543272    2.38630348    2.42902462    3.46910720    2.50033603    1.77589723    1.71445660    2.44625270    3.99091735    2.05823111    2.41562381    2.17070500    2.36333778    2.14972067    2.37745503    2.02389054    2.03754765    2.24155565    1.74367885    2.25821987    1.88754128    1.41807462    0.78633394    1.05402925    0.53478761    0.00000000    0.21751993    0.27991554    0.40996118    0.21886761    0.30962630    0.27060804    0.51101418    0.72471973    0.61565918    1.84872555
T1IGJ3_RHOPR/338-457     2.40020623    2.59255687    2.31902673    2.86879158    2.16377302    2.17036156    2.29393253    2.74398554    2.55824873    2.25472901    2.43189413    2.48274829    2.26409190    2.44076630    2.19559351    2.30880901    3.12886947    2.30170247    1.77428408    1.62918406    2.33903940    3.74818567    1.89053349    2.14704306    1.97151429    2.17100363    1.92700149    2.08765509    1.81588629    1.97067474    1.96220793    1.68898425    2.15245816    1.75934882    1.50749261    0.67780234    0.93575225    0.41810204    0.21751993    0.00000000    0.22225538    0.33672516    0.23926989    0.25728543    0.20922053    0.44165674    0.66683154    0.55278962    1.68040699
A0A7M7R0Q9_NASVI/342-461     2.59501093    2.85669923    2.61431389    3.06952626    2.58730423    2.39326507    2.57286049    3.00113550    2.81485199    2.43458362    2.63107214    2.74245416    2.38593131    2.43715410    2.54439663    2.38186487    3.02594647    2.43845823    1.80044085    1.82422822    2.58712081    3.45827038    2.10360802    2.29591175    2.18074816    2.36434051    2.15556910    2.31257107    2.01292714    2.08816148    2.22605679    1.78323518    2.18557423    2.06281947    1.65521012    0.79884740    0.93903330    0.51183422    0.27991554    0.22225538    0.00000000    0.37706694    0.27267374    0.29815499    0.23550693    0.52514079    0.72594378    0.63056069    1.82350371
Q7PRJ8_ANOGA/340-459     2.21969027    2.43771735    2.18897845    2.70749806    2.30150358    2.00668983    2.15180882    2.71848553    2.64091317    2.30211559    2.28804987    2.36500156    2.29489966    2.36200534    2.25270861    2.04288905    3.33945525    2.23406502    1.74732335    1.65361368    2.48329924    3.60583868    1.95004309    2.11248192    2.22032990    2.18544310    1.81643837    2.09759827    1.97006287    2.03317659    1.88649688    1.68143060    2.17225845    1.87023767    1.54176871    0.78620249    0.96110238    0.55105763    0.40996118    0.33672516    0.37706694    0.00000000    0.38994157    0.38635917    0.39511811    0.53984079    0.72047436    0.60933882    1.67091866
D2A4B9_TRICA/340-459     2.37690849    2.48867157    2.21289588    2.60522701    2.23080505    2.13420685    2.23748953    2.63019646    2.44758415    2.25208195    2.37523260    2.51229748    2.31945957    2.45825696    2.14886657    2.16496674    3.00919452    2.33204428    1.67161472    1.58420209    2.57376644    3.52539926    1.91319924    2.20403072    2.02950415    2.16223119    1.97545132    2.02577702    1.95631478    1.96825404    2.08430009    1.75298912    2.22794469    1.71679093    1.37091540    0.72464129    0.99472642    0.48006982    0.21886761    0.23926989    0.27267374    0.38994157    0.00000000    0.24464751    0.18317141    0.48574428    0.62447944    0.52698575    1.56775181
A0A212FMW2_DANPL/337-456     2.38149824    2.41346928    2.10016785    2.51471537    2.37264713    2.12325174    2.28003211    2.46555732    2.47113286    2.56657276    2.58693252    2.45001678    2.19811524    2.46465579    2.24570919    2.22658729    3.24476957    2.24356698    1.90006232    1.57945119    2.46543581    3.47909328    1.99708151    2.23841794    2.07950596    2.26947967    2.05283899    2.21747699    2.05257270    2.09475218    2.15523521    1.70074349    2.18460043    1.85314549    1.48010023    0.76750801    0.86462957    0.48649514    0.30962630    0.25728543    0.29815499    0.38635917    0.24464751    0.00000000    0.22035619    0.53633971    0.65468360    0.55796174    1.68688737
E0VMZ3_PEDHC/334-453     2.43679014    2.55682221    2.39381163    2.60366600    2.50465674    2.21361306    2.39560846    2.67667806    2.46959901    2.44674743    2.55013003    2.68405808    2.43704672    2.54041768    2.40423173    2.26570618    3.22378651    2.47527181    1.87628238    1.67381945    2.52549663    3.85919390    1.95714984    2.18261707    2.08576258    2.23621809    2.00435966    2.14611585    1.97457626    1.95253271    2.10182612    1.67783200    2.20444631    1.82621551    1.33970258    0.69834097    0.91287944    0.41763021    0.27060804    0.20922053    0.23550693    0.39511811    0.18317141    0.22035619    0.00000000    0.47625493    0.61890563    0.52030605    1.70889935
T1K990_TETUR/368-487     2.31093875    2.06556407    1.90100754    2.21220962    2.19273495    2.03570265    2.01532504    2.43768862    2.32191970    2.23732507    2.35403297    2.53913904    2.28769994    2.45717692    2.41330622    2.20293785    2.86843386    2.20317593    1.75158186    1.62387599    2.32390184    3.10796242    2.01141175    2.10917834    2.14044047    2.34172491    1.88579293    2.18679494    1.97687189    2.04715784    1.97940271    1.84779977    1.85426760    1.70981698    1.54533846    0.63225699    1.11847396    0.56263846    0.51101418    0.44165674    0.52514079    0.53984079    0.48574428    0.53633971    0.47625493    0.00000000    0.51280771    0.48439950    1.79067014
I3JWV9_ORENI/346-465     2.59308361    2.49290884    2.29958718    2.72758012    2.35231912    2.11790081    2.19585333    2.45803881    2.31321195    2.41021956    2.23345492    2.55712114    2.30998150    2.89976807    2.67505433    2.12807313    3.08545673    2.22749166    1.68772984    1.79312891    2.55836826    3.41184832    1.88170580    2.07061340    1.91619435    2.19357227    1.83682874    1.98518545    1.81851141    1.99031305    1.88903880    1.79359946    1.95407650    1.71681049    1.61958092    0.77730396    1.15452598    0.63632641    0.72471973    0.66683154    0.72594378    0.72047436    0.62447944    0.65468360    0.61890563    0.51280771    0.00000000    0.20103280    1.86629360
A0A2K5WBX3_MACFA/346-465     2.48521218    2.49007305    2.31256165    2.67555144    2.29010118    2.28150741    2.20271332    2.47913083    2.34551233    2.50503290    2.24916650    2.43083125    2.31636366    2.98762863    2.70212849    2.08436865    3.05732039    2.36490097    1.62852003    1.77796791    2.21464419    3.23064371    1.76130217    2.03381800    1.79781882    2.02208918    1.80507772    1.82440876    1.74225839    1.92223921    1.85556383    1.63043175    1.79615810    1.67005954    1.57508036    0.76859798    1.12789499    0.63204779    0.61565918    0.55278962    0.63056069    0.60933882    0.52698575    0.55796174    0.52030605    0.48439950    0.20103280    0.00000000    1.69768968
C3XTM6_BRAFL/326-443     1.69276768    1.63714592    1.47155161    1.76503850    1.83170156    1.45194287    1.53309074    1.51325442    1.63134616    2.14325886    1.54242168    1.43136417    1.38937348    1.55103619    1.54648888    1.33464987    1.64800378    1.77464041    1.39306543    1.36862090    1.61132081    3.03201795    1.58792236    1.49070387    1.42578493    1.54399469    1.51385820    1.86058178    1.53309957    1.58936286    1.49839576    1.54115021    2.25030055    1.35059810    1.75533064    1.70895987    2.29503784    1.99668660    1.84872555    1.68040699    1.82350371    1.67091866    1.56775181    1.68688737    1.70889935    1.79067014    1.86629360    1.69768968    0.00000000

