139
S2KB41_MUCC1/174-243     0.00000000    1.05141695    0.92133010    1.20616012    1.25860978    1.23207463    0.98733603    1.07253826    1.11623292    1.02674633    0.75969992    0.75525451    1.06732647    1.19228513    1.05324995    1.20040448    0.94273716    0.89040225    0.83090361    0.61904172    1.17957940    1.01246222    1.05945481    1.15792373    1.46352363    1.05112492    0.92441219    0.84687702    0.99793247    0.77616855    1.01825569    1.18807349    1.16306448    1.12685041    1.60036948    1.41494457    1.30423426    1.27123042    1.56565242    1.96647470    2.01762018    2.45408736    1.57467855    1.85924337    1.25414594    1.02645831    2.25925072    1.60272385    1.47586638    2.03728911    2.17844750    1.90368258    2.20965428    1.72661457    2.39326304    2.89798485    3.62099812    3.37465423    3.01584199    3.12138111    2.63394598    2.85289812    3.05810099    3.18909441    3.52611545    3.32500197    3.74205021    2.87471821    2.53356528    3.02536139    2.88932150    3.20098377    3.18836642    3.37689134    3.36977547    2.98546256    3.11927809    3.16260964    2.71245242    3.48912213    3.72047556    3.02285443    3.12473954    3.31779060    3.33338627    2.85419299    2.52928813    3.02059313    2.59074783    2.61269915    2.52958862    2.19201897    3.75567763    3.32001262    3.02861512    2.94266935    3.33570376    3.56086713    3.43148600    3.88636895    4.15169542    3.08515760    3.57492413    3.79195568    4.04728631    3.78287900    3.72975817    3.78253045    4.06846122    4.18199762    3.08321637    2.70667783    3.83804275    2.89497666    1.80694710    1.54748962    1.69207743    2.20226962    2.28441896    1.58240444    1.26329325    1.48323583    1.12979813    0.86275388    1.07470603    0.84864828    1.10259525    0.82520364    0.86695393    0.86543190    0.71046717    1.09749898    1.05695924    0.91232358    0.97679786    1.41546364    0.91148674    0.81159817    0.87666180
R9ARN0_WALI9/174-235     1.05141695    0.00000000    0.82768519    1.02392846    1.41214409    1.44569881    1.07760580    0.98744079    0.97940377    1.37909236    0.85077097    0.99449900    1.00024241    1.32016897    1.20906857    1.18417727    1.12706520    0.74007593    0.70119774    0.92609484    1.42294326    1.14360040    1.10272905    1.26323084    1.78003949    1.59063795    0.98613862    1.21020630    1.20400446    0.90842382    1.27005586    1.22395262    1.18641876    1.46329155    1.53040461    1.53230162    1.14845220    1.44401161    1.74238187    2.00024390    1.71639474    2.32957852    1.62953155    1.90398181    1.05942584    1.64961256    2.55358874    2.13435589    1.89659432    2.25462647    1.86471525    2.12862094    1.74713958    1.64008180    2.30614463    2.93078524    3.47435345    3.48032551    3.22508347    2.70520648    2.64885000    4.03743242    3.19760500    2.86567620    4.39110338    4.06452528    3.85114907    3.36498066    3.31475249    3.55085903    3.22481425    3.59154664    3.65047564    3.92425296    2.81062866    2.60063414    3.74925859    3.98451235    3.97195461    4.07986367    2.99751004    2.74782606    2.55185875    3.03012134    2.77833391    2.64452391    2.30180809    2.84813193    2.28235042    2.11369115    2.25386107    2.31954803    2.35646007    2.58798189    2.54417875    2.40232672    2.49862381    3.29455503    3.03890378    2.91147120    3.37235343    2.94402880    3.47637685    3.03455571    2.92983837    2.96782031    2.84452629    2.55497466    3.25958918    3.44891222    2.52755509    2.43405668    2.63236145    2.76373301    1.81874452    1.92416973    1.58340460    1.88846140    1.84559328    2.11789300    1.33287618    1.73771110    1.34068568    1.12987270    1.33734271    1.00295986    1.30716881    1.15036867    1.21688125    1.22470316    1.26351712    1.41956845    1.27451809    1.35365050    1.20007429    1.22761181    1.33057219    1.19619480    1.10945448
Q5K9W6_CRYNJ/173-239     0.92133010    0.82768519    0.00000000    1.08659380    1.22558792    1.19199264    1.11749837    1.17278449    0.99352709    1.37379596    1.03028037    1.29352943    1.40552372    1.17098173    1.08649731    1.07855726    1.02396012    0.98246429    0.87721263    1.16981258    1.56558069    1.39748639    1.07961063    1.55773526    1.89063084    1.39858940    1.08819428    1.04398988    1.37878172    0.97142367    1.29606245    1.05300398    1.24203656    1.54910010    1.61684091    1.59773991    1.46622492    1.69433251    2.24509349    2.35296901    2.04704626    2.59934071    1.97084252    2.30526893    1.06981366    1.48011904    2.59566106    2.12513275    1.89834139    2.29399965    2.03649780    2.70306428    2.11422234    1.75477701    2.85430225    2.53910768    3.84586147    3.30095297    3.43153355    2.67664386    2.36144889    3.44616687    2.50878595    2.78352308    3.48471516    3.33191788    3.65932066    2.75230883    2.66916137    3.25060098    3.37187058    3.31598661    3.29564088    3.52465850    3.28222047    2.78022193    3.26634933    3.50860653    2.93671037    3.65830318    3.01073191    2.79080589    2.52434465    2.88598783    2.79469261    2.22575950    2.23329959    2.42822541    2.34791250    2.33704492    2.47086659    1.76567823    2.93484904    2.79737096    2.72749293    2.70293306    2.99785610    3.30329885    3.47314973    3.56120122    3.69922238    3.33175152    3.09096979    3.22803946    2.84065535    3.10505401    3.26073254    2.41401106    2.90950055    3.08231991    2.24563124    2.16105387    2.66981539    2.59422502    2.47242174    1.73555160    1.65011779    2.03011432    2.75133294    2.44536254    1.30553136    1.93228664    1.44340776    1.26506490    1.18156953    1.06328308    1.39533810    1.35121512    1.11289655    1.48075840    1.30386806    1.36721344    1.50721143    1.54380749    1.34348595    1.78152944    1.48641761    1.25194926    1.23195649
M1WI19_CLAP2/231-318     1.20616012    1.02392846    1.08659380    0.00000000    1.27368792    1.37196992    0.76649885    1.20214581    1.28660496    1.33118597    1.55421725    1.24781744    1.45729652    1.55234579    1.54610516    1.28716461    1.21981955    1.29804417    1.21913730    1.26212557    1.08581430    1.34969203    1.04174403    1.41879558    2.00396436    1.53148585    1.06774161    1.51522356    1.52301962    1.31810619    1.50304087    1.34673638    1.54491223    2.14561012    2.02560311    2.03198869    2.17940989    1.62752286    2.38739857    2.49638394    2.14980666    2.51725757    2.11678556    2.13863401    1.62526685    1.75790238    2.82353744    3.20506230    2.26639624    2.89671737    2.94299866    2.82705327    2.39036464    2.23393112    2.73035155    3.27738325    3.39216110    3.66846196    3.52214088    2.80445412    3.38972251    3.62311213    2.79063199    3.26493419    3.85061334    4.74428672    4.27616411    3.68851967    3.69798835    3.93674484    4.05753355    4.11961731    3.86561666    4.53710047    3.95227138    3.35415436    3.70573604    4.14481039    3.64751236    3.94938243    3.50865881    3.09978700    3.09418713    3.28026243    3.29971799    2.91661249    2.62867698    2.89353954    2.70253025    2.43814529    2.62149268    2.42845893    3.68723842    3.30220707    2.86581635    3.09191270    3.70444701    3.80014941    3.59024619    3.81829321    3.93493548    3.73948304    3.66261552    3.83982002    3.76043408    3.66539292    3.82278329    3.43889332    4.14433136    4.71489287    3.09292605    3.41963067    3.87915591    3.20816610    2.25518037    2.08076803    2.22577184    2.46592330    3.00585117    2.57041350    1.89258604    2.24153429    1.86543486    1.45439014    1.42789240    1.10818262    1.40809143    1.48602101    1.51821521    1.84510082    1.64716706    1.62038795    1.56610346    1.46822666    1.55427025    1.91589098    1.78287089    1.31443198    1.37543148
G1XIW9_ARTOA/217-285     1.25860978    1.41214409    1.22558792    1.27368792    0.00000000    0.26434681    0.88327227    1.53957352    1.71396790    1.77638610    1.64372102    1.97190592    1.57922377    1.96479449    1.60445155    1.74523507    1.36118683    1.55260914    1.29955544    1.41734680    1.68044705    1.79818350    1.56643712    1.84156621    2.55355920    1.59174837    1.10664417    1.53421839    1.54063876    1.28674530    1.28482256    1.56697618    1.64443591    1.90586950    2.06288187    1.87406548    1.97063543    1.74825783    2.32896835    2.38546811    2.58724306    2.57525696    1.88609228    2.33375930    1.62878345    1.67719077    3.24687671    2.64481636    2.24464450    2.38146534    2.19863636    2.28151839    2.24584455    2.37586583    2.75221211    2.84732403    3.67650668    3.16835514    4.19398272    2.35411386    2.61911883    2.28245599    2.22720991    2.74277085    2.57661296    3.29761970    3.48068225    2.73211695    2.67106966    3.03874174    2.83057282    2.72019508    2.81542071    2.92905938    3.42442304    2.91086055    3.26693085    3.05328108    2.85770548    3.62339642    2.95091751    2.50577953    2.75422321    3.01621397    2.82100861    2.56783146    2.64865116    2.59226094    2.63101139    2.42774808    2.61594616    2.21444757    3.12636285    2.80639114    2.83659248    2.76679913    3.18654126    3.40501091    3.49521031    3.61436049    3.58318549    2.89247672    2.74601987    3.21740513    3.00559611    3.06576132    3.48734736    2.72623411    3.15271823    3.17312558    3.15630266    2.53012803    3.15559377    2.52180634    2.49888648    2.38032932    2.66794247    3.18611819    2.46658867    1.93259165    2.06591350    1.86961807    1.90275046    1.54423960    1.17211781    1.50285968    1.44756982    1.45570978    1.61329837    1.95037788    1.65068720    1.63534649    1.68805189    1.63978812    1.54228840    1.98465782    1.54870382    1.51470648    1.50026483
S8AWT2_DACHA/216-284     1.23207463    1.44569881    1.19199264    1.37196992    0.26434681    0.00000000    0.98510842    1.71786969    1.61162760    1.73059987    1.56242274    1.73491579    1.69166324    1.98627918    1.55561999    1.55272810    1.27447500    1.66226114    1.32473582    1.47905214    1.96363498    1.78304443    1.52904230    1.68443565    2.42888285    1.59760886    1.17776874    1.62137042    1.51185676    1.35305476    1.39719277    1.43327401    1.52776168    1.95556180    2.15875804    1.82244623    1.88928141    1.74359700    2.30176303    2.55428803    2.58037425    2.74028148    1.94295209    2.43318771    1.80404810    1.71441105    3.05085705    2.45110355    2.17918894    2.60597902    2.12026893    2.46957772    2.35539500    2.45758813    2.66567792    2.52161591    3.45510644    3.25555164    4.06211607    2.31983591    2.49861532    1.89492745    2.13524088    2.61291886    2.62060970    2.99920478    3.01268431    2.51222442    2.27020750    2.57865288    2.34600257    2.45524498    2.48329387    2.66746121    3.13411771    2.57574786    2.96497519    2.98934745    2.60932459    3.16072252    2.81846915    2.15231690    2.34558472    2.74192167    2.52852614    2.37233710    2.39315531    2.58900791    2.47729928    2.28903999    2.37653918    2.02364107    2.95578607    2.54804837    2.52586997    2.61938880    3.01022562    3.28128909    3.00007945    3.59378626    3.69034964    2.55463494    2.55048082    3.03426662    2.61935222    2.89392795    3.21212958    2.68625393    2.85848463    2.98684221    3.06455065    2.27746607    2.70493193    2.37894865    2.31049736    2.28833032    2.50070269    3.07200505    2.40334315    1.81250541    2.17013089    1.93632015    2.02708890    1.63218162    1.34473842    1.48446247    1.51772682    1.57128539    1.49627424    1.85008331    1.52581555    1.53611663    1.69611610    1.80213815    1.65751975    2.04922794    1.64309106    1.56726501    1.63217006
D5G5F1_TUBMM/189-253     0.98733603    1.07760580    1.11749837    0.76649885    0.88327227    0.98510842    0.00000000    1.28669469    1.35764512    1.35285177    1.45143626    1.60185605    1.42354871    1.34409852    1.54769572    1.29204576    1.21037133    1.03006163    0.98736497    1.02596185    1.35473128    1.26924166    1.17553787    1.38038339    1.71255073    1.19412292    0.89926505    1.35563505    1.36411472    1.05451546    1.07936954    1.14047150    1.03571916    1.23413022    1.88011250    1.53223027    1.40598194    1.44332668    1.93679578    1.89964834    1.98781182    2.25111207    1.83242535    1.93727878    1.41620497    1.58142423    2.10335422    1.96376749    1.37821212    2.00420168    2.40608752    2.57561310    2.26799720    1.77804834    2.87449016    2.64074945    3.25132790    3.23668275    2.97228201    2.53360216    2.31971986    2.34817865    2.30403776    2.50829056    2.42078774    2.93457791    3.58791841    2.70856522    2.71270606    2.51074876    3.10544901    2.79398575    2.85296711    2.93833473    3.06454748    2.71962758    2.92666646    3.29043612    3.02525184    3.06338823    2.71638293    2.55403596    2.51881985    2.86775380    2.71587876    2.68382882    2.32308576    2.48337782    2.23355576    2.00386398    2.16455510    2.00607327    2.92698310    2.49180508    2.37747334    2.36497005    2.92926891    3.29579920    3.32892559    3.66510750    3.78525660    2.82616184    2.88736936    3.05881905    3.19937124    3.12187055    3.05545563    2.65081620    3.42990260    3.68114380    2.55009085    2.49679281    3.05942038    2.75171295    2.15076621    2.02995200    1.99920821    2.44492112    2.16996000    1.79634084    1.22790976    1.92393753    1.29674566    1.09750426    1.25557901    1.03543303    1.26928671    1.15371853    1.21850590    1.43814388    1.27898819    1.27133122    1.22205991    1.02880092    1.19753860    1.58686635    1.41669993    1.19813703    1.02298671
I2FSK5_USTH4/174-240     1.07253826    0.98744079    1.17278449    1.20214581    1.53957352    1.71786969    1.28669469    0.00000000    1.13391586    1.45272466    1.03556439    1.03764322    1.33080191    1.42299096    1.18515031    1.19526207    1.18434626    1.00166443    1.17010143    1.19344054    1.38010890    1.30183133    1.08990689    1.56647921    1.47507009    1.48534465    1.40909888    1.60747240    1.04588174    1.09446759    1.34704568    1.24083078    1.35926992    1.55494023    2.14663390    1.66595980    1.68519565    1.62158691    2.06219053    2.22059745    1.80554600    1.69745335    1.79049345    1.92411339    1.33763849    1.74190547    2.28238595    1.99116805    1.33729460    2.16490653    2.33906348    2.49613075    2.05195789    2.05383558    2.50677838    2.95014185    3.56187807    4.01971412    2.73239021    2.55233581    2.16626997    3.53440194    3.40460076    3.23105332    3.73182278    3.77224346    3.26668029    2.77662932    2.83957283    3.22482805    2.92700317    3.54777640    3.47874385    3.39566186    3.24357077    2.91348879    2.97007756    2.60627495    2.92331842    3.42532027    3.00413965    2.96832933    2.73652204    2.89708851    2.75722434    2.76057232    2.36890155    2.71048160    2.33563095    2.23658580    2.43708646    2.28259483    3.07765015    2.66465923    2.39215066    2.39186656    3.24185137    3.30893356    3.46967177    3.53349214    3.47933298    2.85737720    3.60997002    3.29011065    3.45220411    3.37788225    3.07159571    3.29049107    3.81299896    3.95019889    2.72620898    3.00344754    3.49246657    3.03289220    2.11865501    1.86536090    1.92584919    2.15211636    2.14744618    1.85305137    1.49438308    1.50609271    1.39230465    1.17866097    1.29599148    1.14016800    1.48303948    1.40356770    1.36967136    1.25501864    1.34790908    1.57491040    1.41614687    1.46717110    1.19205594    1.45805958    1.24487852    1.11323165    1.21738440
A8Q5Q9_MALGO/180-247     1.11623292    0.97940377    0.99352709    1.28660496    1.71396790    1.61162760    1.35764512    1.13391586    0.00000000    1.06837461    0.80135456    1.16823243    1.36909334    1.63804970    1.25081007    1.05977585    1.14674288    0.78035981    0.79473402    1.13197416    1.62886988    1.05708063    1.05312991    1.30510371    1.98205610    1.77815987    1.24122772    1.20617161    1.25529807    1.06039488    1.31149989    1.05201685    1.31029026    1.92672370    1.59096932    1.84147890    1.64477561    1.79125728    1.96424065    1.99973631    2.01371142    2.70592624    1.79838295    2.28020653    1.35724675    1.68441434    2.23925028    2.08927076    1.74065690    2.13674410    2.97069313    2.24118333    2.51326146    1.96498117    2.11022158    3.26315744    4.81515950    3.94618858    2.96754306    2.91765245    2.76182137    3.37993393    3.02921632    2.85934194    3.96952071    3.70057322    3.49636963    3.12612255    3.01446977    3.29400155    3.01151246    3.23314822    3.67132935    3.96019866    2.97226127    2.77492169    3.15793965    3.29307907    3.11487171    3.40702254    3.02612562    2.84304794    2.48023522    3.05448302    2.73723404    2.64564635    2.21291439    2.51023907    2.61334153    2.14764203    2.32014731    2.25920110    2.82772640    2.81570207    2.57691973    2.55873697    3.27826448    3.25359164    3.51760297    3.26499476    3.67862392    2.99491040    3.13768332    3.04476703    3.17386062    3.31102088    3.35990544    2.80577189    2.95883323    3.25696816    2.53611541    2.44255165    3.12070584    2.90581275    2.04498082    1.98405516    2.01106989    2.39230276    2.98817277    2.56125324    1.42409285    1.91031512    1.32492556    1.33883054    1.26689312    1.10003684    1.39561795    1.12471241    1.22078386    1.44529526    1.23616646    1.34495933    1.21122042    1.47605531    1.16594069    1.47252040    1.32275172    1.09513730    1.16621678
R4XC79_TAPDE/175-242     1.02674633    1.37909236    1.37379596    1.33118597    1.77638610    1.73059987    1.35285177    1.45272466    1.06837461    0.00000000    1.30373112    1.36881159    1.68468610    1.68726868    1.91326698    1.42664644    1.73181739    1.23665899    1.13664499    1.06548793    1.48920110    1.12310575    1.11142788    1.21139884    1.55364576    1.40822228    1.25691997    1.55371813    1.29555908    1.05350816    1.42877075    1.04859636    1.25016912    1.52107567    2.05849398    2.34470567    1.86408165    1.61770012    2.06231117    2.61391960    2.74023860    3.12078382    1.79047900    2.16612157    1.46212012    1.98018189    2.56291525    2.18040261    2.17839551    2.13508211    2.97824518    2.52810656    2.74600904    1.85396141    2.85715303    2.59949723    3.97203535    3.71449486    2.99048319    2.78536042    2.45122862    2.99566348    3.15407048    3.11058206    2.66472435    3.04034555    2.91789273    2.81175636    2.53756544    2.95934960    2.70846091    2.85039683    2.66634548    2.94069937    2.81386739    2.50315317    2.66049579    3.07094055    2.90647688    3.07907301    2.87471829    2.75139110    2.46611233    3.26998258    2.85928337    2.92001771    2.28504877    2.55532171    2.66578923    2.52366500    3.02628085    2.61855403    2.92456874    3.24024636    2.84689061    2.50969333    3.16297735    2.81211148    2.99444064    3.06728540    3.21070971    3.26888281    3.39835775    3.30492897    3.30755347    3.16279745    3.26426072    2.62416460    3.17660532    3.64383931    2.93632816    2.68103647    3.01418711    2.61829303    2.36545440    1.71596603    1.80239751    2.08228282    2.68317647    2.10627144    1.54494168    1.84884322    1.65979840    1.12566196    1.55161749    1.25654630    1.01457596    1.39043716    1.49367374    1.51841449    1.33652178    1.74314518    1.65609713    1.41770287    1.48939597    1.69773239    1.77350712    1.28062630    1.05445072
F4RRR0_MELLP/176-244     0.75969992    0.85077097    1.03028037    1.55421725    1.64372102    1.56242274    1.45143626    1.03556439    0.80135456    1.30373112    0.00000000    0.67491711    0.79753394    1.00759394    0.79393334    0.81302053    0.66169756    0.57080097    0.78220637    0.74593788    1.34777259    1.19432740    1.17892918    1.27922888    1.61497957    1.22977912    1.23829221    1.37538645    1.05309536    0.87243251    1.20005989    1.27784987    1.32062767    1.37238325    1.95301253    1.61512177    1.51087282    1.66579839    2.16357167    1.85902200    2.29513333    2.67904791    2.00433804    2.12477771    1.35524074    1.58372973    2.64811039    1.68272295    2.12022552    2.44178106    2.36891288    2.93554503    2.35837601    2.12085120    2.42051376    2.56735438    3.75880603    3.93735752    2.69663016    2.76035278    2.92392578    3.57949742    2.96287022    2.91213414    3.61469562    3.65291916    3.56461406    3.20244848    3.25860737    3.41330633    3.28468148    3.08258979    3.30986014    3.51448789    3.52535511    3.03121239    3.26556050    3.61187953    3.45128701    3.42117907    2.93381661    2.79160263    2.86486885    3.14655397    2.98555499    2.64845363    2.44352121    2.84092260    2.44716738    2.54186866    2.75095146    2.42154789    2.79292445    2.77127542    2.57604747    2.46515172    3.17823874    3.55211581    3.58215398    3.59212847    4.08851083    2.61327144    2.96207688    3.16096026    2.96758057    3.02396581    2.77222031    2.48483981    3.31057697    3.62135137    2.76467779    2.39086158    3.01231695    2.89510843    1.75623047    1.99010229    1.97546100    2.30337950    2.44305427    1.79098045    1.60799547    1.55778237    1.29001613    0.88809346    1.23091414    0.87061306    1.06980415    1.06810993    1.07899441    1.14198133    1.13164722    1.10308878    1.35847601    1.21221056    1.07720478    1.46778164    0.87132878    1.07418865    1.00204325
G7EAL9_MIXOS/173-244     0.75525451    0.99449900    1.29352943    1.24781744    1.97190592    1.73491579    1.60185605    1.03764322    1.16823243    1.36881159    0.67491711    0.00000000    1.06811856    1.14629505    1.04282467    1.07062021    1.09975706    0.80944886    1.21000072    1.08630975    1.33176856    1.49845263    1.30759994    1.39919168    1.77159666    1.19679219    1.34587849    1.40805444    1.24445504    1.11210596    1.60647497    1.40845166    1.28080064    1.57078483    2.04834907    1.88649740    1.70129874    1.44928415    2.14400771    1.82078605    2.30967420    2.66905396    1.86659943    2.06489088    1.53548323    1.59477118    2.93401903    2.28308261    2.03711698    2.64093320    2.57060156    2.84771624    2.26137424    1.58124782    2.50456461    2.87798610    3.51727700    3.66420482    3.24090086    2.99981738    2.83380350    3.45902307    2.56942750    2.64684220    3.61386181    3.65524462    3.76854385    3.03921080    2.84090359    3.43420194    3.28236785    3.63982241    3.09278200    3.37038309    3.61123575    2.93035366    3.17875060    3.87833764    3.28767384    3.53301027    3.58758606    3.31464467    2.88319461    2.92745688    2.80461524    2.60106028    2.20432312    2.61621282    2.27195799    2.40568118    2.35712375    2.21135432    3.13472552    3.21212467    2.66433908    2.82569897    3.13311342    3.78684347    3.79776109    4.44020296    4.67417565    3.07925846    3.75680182    3.61245215    3.10459199    3.39282200    3.16075984    3.05159257    3.79324450    4.12771118    3.19548687    2.77409064    3.34102259    3.09699371    1.67698034    1.49978997    1.76479903    2.31265004    2.52155330    1.84803765    1.56093637    1.39690365    1.40344236    1.14600420    1.47931734    1.04927395    1.13999753    1.27201788    1.38063777    1.19455093    1.16553553    1.56266225    1.25789886    1.49971719    1.28974526    1.74480077    1.15261169    1.09315812    1.10112875
E3JU56_PUCGT/183-259     1.06732647    1.00024241    1.40552372    1.45729652    1.57922377    1.69166324    1.42354871    1.33080191    1.36909334    1.68468610    0.79753394    1.06811856    0.00000000    1.16083436    0.99836902    1.17369580    0.93472993    0.99113808    1.10201394    1.10717039    1.57818041    1.31369895    1.23219081    1.26396717    1.87645626    1.45418633    1.48463551    1.58660091    1.40956670    1.37026707    1.45501285    1.64026553    1.47698387    1.53534624    1.95614495    1.89778289    1.93793543    1.53008787    2.14690152    2.40812894    2.34335019    2.81828053    1.98591552    1.89958243    1.74117795    1.68348678    2.97271237    2.11553731    2.11254811    2.12596253    2.37812426    2.73733335    2.19226227    2.07154690    2.23740142    3.47976048    4.06500680    4.21205075    2.43732972    3.29524739    3.05092479    3.93277737    2.93713834    3.14798706    3.86255378    3.63366175    4.52901641    3.57259096    3.71087033    4.17019898    3.64839207    4.51276052    4.30749639    4.35983948    4.89248271    3.97113023    4.29090712    4.38251862    4.46489473    5.26723660    3.90010868    3.58617682    3.47009507    4.05208313    4.08226368    3.49763416    3.10203770    3.65262730    3.20840681    2.75278446    3.02587489    2.70556487    3.35479141    3.80482732    3.56622353    3.16789158    3.95592277    4.26560773    4.33520508    5.60806981    5.21992153    3.85985771    3.99654221    3.93470411    4.14762114    3.58910217    3.78931735    4.10714606    4.08360138    4.40370203    3.75055237    3.65910401    3.99358051    3.52362320    1.63986933    1.95193326    1.95771698    2.42940110    2.85607522    2.01375842    1.87656090    1.81810446    1.32741544    1.27147753    1.45753389    1.26133274    1.24556353    1.30277240    1.66205159    1.62182840    1.65530402    1.61167819    1.39416028    1.26161981    1.31284524    1.50515554    1.28615047    1.43008928    1.45199992
G4TPP5_SERID/174-242     1.19228513    1.32016897    1.17098173    1.55234579    1.96479449    1.98627918    1.34409852    1.42299096    1.63804970    1.68726868    1.00759394    1.14629505    1.16083436    0.00000000    0.71208773    0.78075150    0.73156339    1.18281157    1.37919759    1.21208578    1.46226268    1.81081069    1.41697175    1.63239824    1.93213842    1.39915723    1.69017533    1.38068770    1.40213812    1.28678026    1.42055036    1.56471735    1.62019011    1.64858056    1.90017368    1.69142942    1.73549914    1.82672490    2.41605494    2.24078931    1.87243564    2.69609771    1.92022462    2.16350236    1.75388245    1.96164456    2.52421666    2.12685186    2.02304910    2.44993607    2.31763514    2.32524824    2.25066484    1.63371934    3.83448780    3.34328524    3.74428930    3.84594232    2.98101902    3.11530706    3.52968254    3.95903405    2.75071970    3.26327276    3.97762363    3.99353206    4.40943530    3.65710998    3.29634249    3.90756667    3.80535204    4.62802713    4.12489767    4.45682918    4.67533773    4.07309958    3.76518039    4.41583392    3.49081391    4.02737788    3.92019368    3.82841897    3.57413496    3.78958580    3.55236200    3.49844973    3.01078299    3.30015289    3.02451223    3.15602586    3.31769721    2.72866116    3.89379314    3.62612177    3.43350615    2.84268068    4.07572212    4.17556287    4.20072608    5.32243689    4.87315877    4.11497833    4.16995820    4.42457034    4.40883316    4.18251995    4.10677216    4.35765194    4.49699929    4.58244622    3.39327279    3.42687217    3.98385370    3.60766521    1.94231892    1.68684151    1.72022026    2.09258754    2.24111416    2.18265905    1.58409351    1.77654872    1.66668058    1.43617859    1.77076399    1.33761990    1.85132659    1.71323808    1.52793480    1.90141567    1.70618061    1.43065205    1.51298878    1.70516115    1.55728006    2.20667816    1.45554185    1.45152060    1.50022188
S8DQF2_FOMPI/175-243     1.05324995    1.20906857    1.08649731    1.54610516    1.60445155    1.55561999    1.54769572    1.18515031    1.25081007    1.91326698    0.79393334    1.04282467    0.99836902    0.71208773    0.00000000    0.71069382    0.58653702    1.08825932    1.17304258    1.36596595    1.53988294    1.53800825    1.26654553    1.41666595    1.73862504    1.37831977    1.44386631    1.41884260    1.19541070    1.20513392    1.50113125    1.47280515    1.60141454    1.88437422    1.74104193    1.86291786    1.65369688    1.73405809    2.15197630    2.11177284    2.13685886    2.54178952    1.93929219    2.25098760    1.39888655    1.64546904    2.86818394    2.04740452    1.97390518    2.59531012    2.13578158    2.29878500    2.19170903    2.01810362    2.72719960    2.97806156    3.46327685    3.75741346    3.11106289    2.66727699    2.97403207    3.77453035    2.69660127    2.77347833    3.88343573    4.10690791    3.95190290    3.40965093    3.33730724    3.91314896    3.09293407    3.94169462    3.55660738    3.69477569    3.69755024    3.40022639    3.75289245    3.90187602    3.42986029    4.06831601    3.40957775    3.10173716    2.82108684    3.17127633    2.97455083    2.68804833    2.53863672    3.13068263    2.55464629    2.74435413    2.78929630    2.34197242    3.14722608    2.75976951    2.69885587    2.60823090    3.93624414    3.97470783    3.92462220    4.11440788    4.34855184    3.22459932    3.50638632    3.53012895    3.57829913    3.28231976    3.49008247    2.95854592    3.41275045    3.47922316    2.93493488    2.84086943    3.16343100    2.86438643    1.65353267    1.78517571    1.91244362    2.33547278    2.19750137    1.71332745    1.68555795    1.47974951    1.61877856    1.40142745    1.48270589    1.12636817    1.63007735    1.51313725    1.28705164    1.49927880    1.38685424    1.40689092    1.50052853    1.71341587    1.43965399    1.66470592    1.13787958    1.32583995    1.28420466
B0CQS7_LACBS/175-243     1.20040448    1.18417727    1.07855726    1.28716461    1.74523507    1.55272810    1.29204576    1.19526207    1.05977585    1.42664644    0.81302053    1.07062021    1.17369580    0.78075150    0.71069382    0.00000000    0.53901474    0.97432839    0.93090772    1.29746230    1.60897603    1.18395532    1.21250616    1.19228564    1.70655464    1.17014933    1.28946998    1.50125750    1.17039724    1.09762091    1.30075868    1.25768141    1.26565024    1.92312931    1.89414512    1.95696521    1.53409794    1.82101651    2.06567724    2.09341152    1.85847865    2.43241790    2.14530501    1.99137925    1.63952770    1.85879427    2.40859681    2.25956774    2.17365004    2.54307094    2.31236082    2.23210411    2.04927796    1.61114735    3.16656842    3.35202189    3.76089105    3.53350170    2.48085049    3.04083416    3.05866881    3.43935281    2.96152222    3.48436306    3.71539428    4.04800224    3.33598840    2.97928016    3.09915825    3.26149906    3.25805495    3.47377532    3.40711752    3.94442620    3.88126575    3.36223771    3.20198304    3.71933378    3.14679612    3.35445711    3.36291635    2.91172708    2.80207634    3.46931793    3.22910069    2.85303717    2.80326747    3.06443827    2.51522386    2.77475165    2.71280807    2.29608606    3.43585226    3.09931176    2.98730256    2.91361098    3.71353011    3.81484139    3.59787229    3.75669059    4.11315528    3.44489558    3.50672669    3.95913245    3.67716534    3.58100298    3.44489263    3.07796919    3.44057274    3.80808411    2.54532743    2.67352585    3.31677537    3.13651873    1.93710192    1.94961634    1.97935303    2.32961316    2.13235298    1.74670902    1.53423909    1.96879443    1.66352172    1.25802338    1.59549041    1.13647206    1.52859147    1.38366933    1.39865027    1.55337172    1.12393588    1.16403613    1.44227175    1.42852724    1.44822080    1.84945576    1.36210517    1.34167738    1.19980350
D8PLL7_SCHCM/175-243     0.94273716    1.12706520    1.02396012    1.21981955    1.36118683    1.27447500    1.21037133    1.18434626    1.14674288    1.73181739    0.66169756    1.09975706    0.93472993    0.73156339    0.58653702    0.53901474    0.00000000    1.06890795    1.00421753    1.18358250    1.57257018    1.36716087    1.21558435    1.38216124    1.89432667    1.32440785    1.30623836    1.37664123    1.17049985    1.19106825    1.33057112    1.39535706    1.41491942    1.66913888    1.97834805    1.61275281    1.73629939    1.69759723    2.27277173    2.08860836    2.08551436    2.53426489    1.90060979    1.95359234    1.60575636    1.55917242    2.26186753    1.69428562    1.96024929    2.30452194    2.48446603    2.39985797    2.17015830    1.62618845    2.92273375    3.28989694    3.52138246    4.07698949    2.88766813    2.87932406    2.81610908    3.80323607    2.75145429    3.14022845    4.08659702    4.15246726    4.28326943    3.61304104    3.82559858    3.99003438    3.66870798    3.50395132    3.29685213    3.70179963    3.98149833    3.56815546    3.80771445    3.77800236    3.81715578    4.03857758    3.59690709    3.16574342    3.26986292    3.25202016    3.22709499    2.95126366    2.60103150    2.98167847    2.66784987    2.77309814    2.93676407    2.31134586    3.35474750    2.90255641    3.00607541    2.74746884    4.08516763    4.08469372    3.98170633    4.26995056    4.39038431    3.34964791    3.61828582    3.73920408    3.73158728    3.52803724    3.57216158    3.51415023    3.42502571    3.67669434    2.96904979    2.71268893    3.29038831    3.06618559    1.81697153    1.95854042    1.75891305    2.08513911    1.98820630    1.87671198    1.53547244    1.68278017    1.67858722    1.19208137    1.49964632    1.07435008    1.35638158    1.14588804    1.34273513    1.42695724    1.28517287    1.16466829    1.32331087    1.20246925    1.37897529    1.65271251    1.19445392    1.19208674    1.35250421
U5HEI0_USTV1/173-245     0.89040225    0.74007593    0.98246429    1.29804417    1.55260914    1.66226114    1.03006163    1.00166443    0.78035981    1.23665899    0.57080097    0.80944886    0.99113808    1.18281157    1.08825932    0.97432839    1.06890795    0.00000000    0.81636488    0.81381527    1.43529697    1.16314208    1.02900481    1.30851839    1.55571722    1.12921944    1.09348287    1.22901348    1.00525971    0.83382970    1.07451257    1.09969762    1.13232821    1.52131014    2.19808206    1.77038606    1.53318461    1.43988240    1.94754433    2.07729138    2.07313258    2.64397942    1.60114539    2.16740963    1.27358602    1.74501843    2.38508705    1.89017223    1.71870177    2.30392732    2.35468091    2.63936254    2.19550316    1.80876251    2.84908464    2.76774005    3.89943592    3.79316648    3.34442202    2.88557110    2.62074175    3.11490591    2.83937001    2.86959613    3.48798141    3.54158934    3.45862001    2.86583196    2.68482579    3.00716409    3.06224845    3.27835933    3.26182590    3.36500621    3.36409105    2.92575646    3.05287268    3.39716832    3.20659865    3.28781422    3.06196401    2.83074076    2.69396117    3.08936407    2.93487814    2.45999400    2.39345940    2.69287358    2.15848677    2.45178909    2.49817045    2.17361426    2.70581136    2.60073467    2.60887189    2.54414414    2.74813091    3.08363979    3.41240598    3.54908473    3.80323762    2.61776992    2.89258629    3.04143422    2.83455605    2.98442081    2.80255610    2.59646406    3.70231469    3.90739371    2.92542612    2.67689695    3.36170015    2.85866518    1.82086150    1.90359096    1.89329579    2.25952062    2.12699735    1.93157415    1.50233024    1.61281445    1.13112927    0.98974390    1.15133320    0.78149334    0.90050332    0.99177959    1.05601107    0.88043457    1.03229323    1.14744042    1.08798611    1.16822105    0.90057232    1.36808684    1.07504295    1.09608985    0.93559107
F4PCK3_BATDJ/171-238     0.83090361    0.70119774    0.87721263    1.21913730    1.29955544    1.32473582    0.98736497    1.17010143    0.79473402    1.13664499    0.78220637    1.21000072    1.10201394    1.37919759    1.17304258    0.93090772    1.00421753    0.81636488    0.00000000    0.69339470    1.38144471    0.85806499    1.01205728    1.15266706    1.57035175    1.21390125    0.85379416    0.98309238    1.06950398    0.70867669    1.01249202    0.97202450    1.18342198    1.19699239    1.43520827    1.82857275    1.27199867    1.48574831    1.50748472    1.99145675    1.84731346    2.56779940    1.71745184    2.10627523    1.15769185    1.39037516    2.40109163    1.98207485    1.80141718    2.05226114    2.49532647    2.24448694    2.10485319    1.56012842    2.19638078    2.87925153    3.86180552    3.22116935    2.61997450    2.53736878    2.02952158    2.60835537    2.86094750    2.95255875    2.99963815    2.91603810    2.99375805    2.61370212    2.57883445    2.33841255    2.62966272    2.48296832    2.47563136    2.72088936    2.56091673    2.21161669    2.53335424    2.79330003    2.54348409    2.64131162    3.06880548    2.75677575    2.45746756    3.06659110    2.88484418    2.54228082    2.26273409    2.49203423    2.26588125    2.09770533    2.42408657    1.96803180    2.65646541    2.59844450    2.50883258    2.30457073    2.83750851    2.84141051    2.78610828    2.99646972    3.37618329    3.08256656    2.87954369    3.08609745    2.86416341    2.91531072    3.03326367    2.96569137    2.94207994    3.11703146    2.45753601    1.63735080    2.69527276    2.17378938    2.03898566    1.92881168    1.82270237    2.06321442    2.16576019    1.72802995    1.43697090    1.70538402    1.23830192    0.84285166    1.03149026    0.78473260    1.27066301    0.84944619    1.00234563    1.13398937    0.97608216    1.15512382    1.06949903    1.02676456    0.97857834    1.17421880    1.09868142    0.93484585    0.78548679
A0A015K541_RHIIW/174-240     0.61904172    0.92609484    1.16981258    1.26212557    1.41734680    1.47905214    1.02596185    1.19344054    1.13197416    1.06548793    0.74593788    1.08630975    1.10717039    1.21208578    1.36596595    1.29746230    1.18358250    0.81381527    0.69339470    0.00000000    1.22429188    1.09505562    1.18754076    1.18381155    1.30139949    1.11448820    1.14532545    1.12068268    1.00702422    0.85131997    1.02342687    1.16608732    1.21547356    1.14728391    1.80317161    1.63053472    1.29809484    1.41352490    1.95805533    2.43133883    2.08707191    2.61471012    1.90489692    2.07627433    1.38955972    1.56414269    2.51685570    1.84225192    1.73918178    2.24054170    1.98374365    2.39139936    2.19974003    1.75567837    2.50369546    2.61303683    3.24508307    3.21237559    2.19280929    2.56825889    2.78966624    2.97868084    2.74318609    2.79717896    2.91066493    2.67413593    3.63891396    3.00020885    3.00369203    3.01114514    3.13221197    3.43751440    3.12738783    3.33192506    3.23628584    2.83364761    3.16589769    3.63606674    3.22124635    3.54757317    3.58487087    3.34770439    3.11251552    3.44297256    3.26635733    3.03014363    2.80672819    3.04267365    2.72773079    2.36983481    2.60079843    2.43705248    3.51905373    3.33698742    2.96148538    2.77416907    3.57196754    3.60267072    3.64752277    4.36319799    4.45813027    3.20053168    3.32119698    3.65872338    3.37637142    3.70348463    3.69188331    3.32838344    3.93619234    4.39273270    2.87740082    2.69913058    3.27423001    2.71783280    1.70023127    1.59209537    1.68915488    2.09518003    2.22622245    1.63175162    1.17063570    1.71657054    1.13468789    0.94464649    1.21560527    0.79457882    1.28784050    0.97130665    1.03587220    0.94568266    0.91637643    1.23938952    1.01496504    1.01120058    0.87294050    1.33547571    1.03725181    0.93159680    0.76477330
