9
Q1ZVB5_PHOAS/1-119     0.00000000    0.57507407    1.19109615    1.14901176    1.26660545    2.22763234    1.91060453    0.50305445    0.57637099
U4KDH2_9VIBR/1-122     0.57507407    0.00000000    1.18198784    1.16484580    1.25552227    2.36214202    2.06705684    0.59843919    0.65351986
U3BEN3_VIBPR/2-113     1.19109615    1.18198784    0.00000000    1.17360802    1.65428558    2.53074884    2.12851980    1.14869901    1.09331093
E3BJV1_9VIBR/4-129     1.14901176    1.16484580    1.17360802    0.00000000    1.37425254    2.15378083    1.98298270    1.19179172    1.04113634
A0A0C5WH24_9GAMM/4-114     1.26660545    1.25552227    1.65428558    1.37425254    0.00000000    2.01071546    1.93680222    1.25888505    1.44886554
A0A1C3EMT3_9GAMM/2-139     2.22763234    2.36214202    2.53074884    2.15378083    2.01071546    0.00000000    2.25239955    2.21328258    2.10270752
A0A5P1RCC9_9GAMM/5-131     1.91060453    2.06705684    2.12851980    1.98298270    1.93680222    2.25239955    0.00000000    1.84235211    1.93478091
B7VPC9_VIBA3/1-119     0.50305445    0.59843919    1.14869901    1.19179172    1.25888505    2.21328258    1.84235211    0.00000000    0.49298763
Q87J87_VIBPA/19-137     0.57637099    0.65351986    1.09331093    1.04113634    1.44886554    2.10270752    1.93478091    0.49298763    0.00000000

