46
A0A5A7PQT8_STRAF/602-666     0.00000000    0.44732937    0.28153546    0.37049640    0.37033435    0.30736052    0.31924437    0.26952124    0.60333127    0.46487985    0.44100457    0.52163485    0.43312106    0.85998187    0.56503222    0.47027141    0.48260000    1.12503861    1.18997999    1.26947296    1.33373695    1.24584702    1.02417371    1.26194821    1.29410164    1.20836532    1.17564481    1.31902922    1.32724450    1.18372671    1.27169473    1.21530596    1.29154949    1.24433297    1.16784073    0.57702957    0.51244939    0.57001775    0.56615467    0.84779416    1.05805797    0.45611446    0.47579606    0.36741814    0.47028406    0.44314553
A0A4D9BX10_SALSN/559-623     0.44732937    0.00000000    0.50494333    0.65982133    0.55360437    0.61307389    0.58435170    0.66035733    0.99594481    0.89276213    0.87051343    0.99883447    0.73453538    1.03059399    0.78878947    0.81429896    0.74893209    1.60577996    1.47696730    1.56129399    1.50405287    1.44577971    1.30718815    1.60180594    1.55334132    1.51065786    1.47992734    1.64639136    1.65075871    1.58111656    1.55775405    1.48218335    1.60946919    1.58622838    1.50972143    0.80412605    0.83865523    0.86557101    0.88452608    1.18276347    1.36221812    0.78552844    0.86889014    0.69735563    0.84037422    0.80409617
A0A2J6KZN0_LACSA/460-524     0.28153546    0.50494333    0.00000000    0.36325300    0.31202755    0.35614935    0.46029609    0.44543384    0.73424485    0.69050945    0.66922707    0.67618024    0.62880183    0.83143350    0.59061820    0.61980348    0.65468777    1.30487395    1.30392643    1.37438143    1.39852576    1.31435340    1.15887255    1.31222051    1.23297890    1.31989226    1.23890597    1.43413997    1.38757818    1.29197696    1.32476128    1.34429873    1.28860599    1.34038816    1.21923763    0.71820603    0.63655023    0.61205834    0.65766203    0.87631071    0.99445106    0.58125177    0.62205296    0.44820572    0.58028550    0.54871651
A0A2U1LEI5_ARTAN/432-495     0.37049640    0.65982133    0.36325300    0.00000000    0.35426511    0.53403833    0.53942705    0.51157177    0.91884248    0.63493264    0.63669392    0.70140978    0.50416042    0.81770992    0.74702897    0.68967909    0.65485655    1.57657894    1.43540224    1.58358473    1.62952728    1.42067608    1.37956975    1.44209640    1.40619134    1.46723133    1.41872075    1.58740907    1.46916489    1.57035759    1.55059138    1.39458975    1.40967684    1.53220134    1.42393893    0.74389597    0.63629442    0.73020616    0.71679437    0.95801011    1.06050083    0.61832723    0.63607725    0.55027663    0.69617440    0.73492563
A0A251V916_HELAN/461-525     0.37033435    0.55360437    0.31202755    0.35426511    0.00000000    0.51982510    0.59458489    0.52223886    0.91722419    0.71465068    0.70360231    0.70499628    0.71996220    1.01346968    0.72436996    0.68640409    0.69210867    1.49478457    1.31154752    1.34231589    1.35184244    1.34332694    1.36313130    1.20619159    1.18431301    1.33476072    1.14844611    1.28093053    1.40325410    1.28102744    1.23824998    1.21245067    1.20926831    1.33666691    1.24854699    0.80379747    0.70476815    0.65034932    0.62426572    0.95668530    1.07101060    0.60240132    0.63152654    0.53625971    0.61667572    0.69701411
A0A022Q7Y3_ERYGU/592-658     0.30736052    0.61307389    0.35614935    0.53403833    0.51982510    0.00000000    0.52291119    0.41817331    0.67550096    0.67736007    0.56409004    0.61714679    0.55964254    1.01198547    0.73192072    0.70365275    0.66585684    1.17332265    1.32654038    1.44162842    1.49678971    1.32844357    1.27320855    1.25117736    1.34070697    1.29514832    1.18309630    1.41995161    1.38248006    1.18797926    1.34775681    1.33102835    1.35511436    1.31512312    1.24864574    0.76469684    0.64381668    0.67727580    0.68647911    0.97091677    1.25739011    0.64846852    0.64776111    0.49576460    0.61591320    0.59148871
A0A5J5AJY1_9ASTE/498-562     0.31924437    0.58435170    0.46029609    0.53942705    0.59458489    0.52291119    0.00000000    0.36029116    0.71735463    0.59944240    0.55746241    0.66733477    0.46660451    0.95325996    0.64183375    0.64035638    0.60213586    1.25024474    1.37522362    1.48731953    1.44186021    1.43610895    1.34650506    1.43057339    1.39969246    1.37216220    1.36105252    1.37053638    1.46593577    1.29111411    1.43447262    1.37502397    1.38587791    1.47231220    1.35418693    0.70914789    0.62294347    0.69585845    0.66489661    0.98731872    1.07030454    0.49705914    0.51669051    0.45382314    0.50212293    0.53928989
A0A0A0KHY5_CUCSA/592-656     0.26952124    0.66035733    0.44543384    0.51157177    0.52223886    0.41817331    0.36029116    0.00000000    0.48510813    0.38466589    0.32425504    0.39651953    0.36209052    0.70868143    0.58177106    0.54991034    0.49782016    1.21460303    1.29564200    1.35995747    1.37590667    1.32482244    1.10224196    1.29553756    1.34398546    1.26173506    1.18797030    1.32337513    1.43023863    1.26114796    1.28393389    1.33819543    1.35033829    1.29743044    1.22023427    0.59417643    0.57332431    0.53610306    0.51971462    0.75511838    0.96321920    0.42540491    0.47143560    0.26662220    0.39386560    0.42045138
A0A6A4PIB9_LUPAL/516-581     0.60333127    0.99594481    0.73424485    0.91884248    0.91722419    0.67550096    0.71735463    0.48510813    0.00000000    0.60432546    0.52431487    0.57649366    0.60966253    1.12578402    0.73737642    0.72072412    0.63163600    1.13424047    1.56308281    1.58313515    1.49976181    1.52769876    1.25055583    1.29421264    1.58937062    1.68211851    1.45685374    1.68477009    1.61042468    1.50346277    1.57170145    1.43035236    1.46785899    1.54913335    1.38340820    0.68120364    0.80646452    0.82511916    0.86509177    1.09170977    1.36728684    0.74434475    0.75296000    0.67607892    0.76220925    0.64985577
A0A6A5M1Z8_LUPAL/582-648     0.46487985    0.89276213    0.69050945    0.63493264    0.71465068    0.67736007    0.59944240    0.38466589    0.60432546    0.00000000    0.34060634    0.48644740    0.51590144    0.96882153    0.75834063    0.76257372    0.70253879    1.23611835    1.55511095    1.72995944    1.80815978    1.53745820    1.29212455    1.28285321    1.59130023    1.41828416    1.36045622    1.59817754    1.56288138    1.52380343    1.62739778    1.48186446    1.48937956    1.55392584    1.38162021    0.77406287    0.66926705    0.82594697    0.92932682    1.02978381    1.22837582    0.61282716    0.65166806    0.43762688    0.68101608    0.63987154
G7JAC3_MEDTR/583-647     0.44100457    0.87051343    0.66922707    0.63669392    0.70360231    0.56409004    0.55746241    0.32425504    0.52431487    0.34060634    0.00000000    0.29263102    0.45828751    1.01155912    0.61312663    0.67694245    0.60246846    1.11508126    1.37940039    1.54705382    1.46065513    1.49878388    1.20039995    1.20810103    1.46054431    1.15991959    1.25841732    1.43726561    1.26416789    1.28856697    1.53705448    1.30586274    1.32465260    1.33862216    1.28800545    0.74862331    0.69176539    0.73477666    0.73718035    0.83473663    0.98681634    0.54563002    0.57204656    0.50896968    0.53031409    0.42922734
A0A392P441_9FABA/11-75     0.52163485    0.99883447    0.67618024    0.70140978    0.70499628    0.61714679    0.66733477    0.39651953    0.57649366    0.48644740    0.29263102    0.00000000    0.51212377    1.06115843    0.68195650    0.61433246    0.60414879    1.15871426    1.50262372    1.66806544    1.57538636    1.55108875    1.26467367    1.39564665    1.59386252    1.31265955    1.39826104    1.50100294    1.53189490    1.42111691    1.63270395    1.47386036    1.37289526    1.44599225    1.32781002    0.79435764    0.83255055    0.67387723    0.73343281    0.88031169    1.07370693    0.57296146    0.64448703    0.58028936    0.63366756    0.56695044
A0A059AKX3_EUCGR/295-359     0.43312106    0.73453538    0.62880183    0.50416042    0.71996220    0.55964254    0.46660451    0.36209052    0.60966253    0.51590144    0.45828751    0.51212377    0.00000000    0.81874410    0.62121865    0.59361913    0.53167837    1.36234461    1.30281469    1.39280303    1.42822752    1.32882406    1.20619758    1.34204478    1.49640180    1.33212423    1.39069944    1.44712606    1.37636055    1.35102387    1.48934837    1.24658344    1.36633824    1.40995174    1.31531834    0.73998323    0.64881526    0.66891485    0.69903421    1.00524587    1.11709988    0.55369831    0.62089873    0.40719039    0.52478540    0.52880015
A0A0K9RWQ6_SPIOL/596-656     0.85998187    1.03059399    0.83143350    0.81770992    1.01346968    1.01198547    0.95325996    0.70868143    1.12578402    0.96882153    1.01155912    1.06115843    0.81874410    0.00000000    0.84015754    0.69523987    0.71074452    1.56835639    1.46115191    1.52515380    1.41307714    1.47085982    1.42836081    1.56536382    1.54486040    1.50517523    1.46554933    1.55264546    1.70411689    1.44257517    1.62176789    1.56434606    1.50800662    1.54007851    1.38432344    0.81655625    0.81577011    0.80744028    0.73490195    0.95099542    1.26227353    0.71818269    0.66249997    0.69947016    0.94261865    0.85755096
A0A4Y7J359_PAPSO/588-652     0.56503222    0.78878947    0.59061820    0.74702897    0.72436996    0.73192072    0.64183375    0.58177106    0.73737642    0.75834063    0.61312663    0.68195650    0.62121865    0.84015754    0.00000000    0.26923731    0.27376785    1.24553372    0.97670898    0.99817218    0.91237296    0.91900886    0.79755250    0.88572413    1.09891496    1.05304412    0.88858430    0.96820311    1.06964809    0.95067842    1.04391485    0.98428939    0.90704154    0.96389430    0.86835208    0.50422625    0.38727229    0.44179813    0.45109251    0.64339032    0.69836082    0.32722535    0.31517880    0.48841895    0.64265632    0.53449774
A0A4Y7JXS3_PAPSO/525-589     0.47027141    0.81429896    0.61980348    0.68967909    0.68640409    0.70365275    0.64035638    0.54991034    0.72072412    0.76257372    0.67694245    0.61433246    0.59361913    0.69523987    0.26923731    0.00000000    0.18528431    1.24322723    1.09254510    1.01383729    0.98717842    1.04897227    0.98284739    1.07158600    1.21925008    1.17226142    1.06030957    1.14718279    1.21552156    1.05491381    1.10884658    1.14870071    1.05199049    1.10425600    0.98541331    0.46756824    0.35591397    0.35293216    0.33649426    0.57404670    0.86903317    0.32967911    0.31108575    0.44380217    0.56735978    0.49222135
A0A2G5DWC0_AQUCA/592-656     0.48260000    0.74893209    0.65468777    0.65485655    0.69210867    0.66585684    0.60213586    0.49782016    0.63163600    0.70253879    0.60246846    0.60414879    0.53167837    0.71074452    0.27376785    0.18528431    0.00000000    1.17557430    0.93248784    1.11268056    0.99931292    1.02410472    0.95353259    0.92490361    1.07535708    1.16802663    0.96941656    1.11086843    1.14301532    0.97002488    0.98814478    0.96080197    0.92376419    1.01072816    0.87768019    0.38725137    0.33270897    0.29437349    0.36555133    0.55685812    0.71732149    0.21032097    0.29055138    0.47300357    0.59782626    0.51443985
A0A1U8MJY3_GOSHI/544-607     1.12503861    1.60577996    1.30487395    1.57657894    1.49478457    1.17332265    1.25024474    1.21460303    1.13424047    1.23611835    1.11508126    1.15871426    1.36234461    1.56835639    1.24553372    1.24322723    1.17557430    0.00000000    1.03362512    1.21123295    1.21619954    1.24506666    1.32383363    1.30688265    1.19344354    1.15843101    1.02816939    1.27654247    1.18800205    1.04667332    1.14720979    1.05158691    1.16279018    1.09037434    0.99768826    1.20116623    1.11880111    1.19307956    1.30526132    1.28957811    1.59754058    1.16978345    1.24512184    1.20208750    1.33353481    1.19055512
A0A4Y7JYW4_PAPSO/645-709     1.18997999    1.47696730    1.30392643    1.43540224    1.31154752    1.32654038    1.37522362    1.29564200    1.56308281    1.55511095    1.37940039    1.50262372    1.30281469    1.46115191    0.97670898    1.09254510    0.93248784    1.03362512    0.00000000    0.62974002    0.76866869    0.45565136    0.67588999    0.38931428    0.42796577    0.57944338    0.40688064    0.51872313    0.49320065    0.43981278    0.49723994    0.36661494    0.37060998    0.32345606    0.33791553    0.86399613    0.90232057    1.09667285    1.17518413    1.37580974    1.70188834    1.00736953    1.04508353    1.23508406    1.26550331    1.43247058
K3ZQ47_SETIT/624-688     1.26947296    1.56129399    1.37438143    1.58358473    1.34231589    1.44162842    1.48731953    1.35995747    1.58313515    1.72995944    1.54705382    1.66806544    1.39280303    1.52515380    0.99817218    1.01383729    1.11268056    1.21123295    0.62974002    0.00000000    0.23039801    0.24541245    0.51378402    0.66314932    0.65747337    0.69344913    0.60877371    0.75974306    0.80557491    0.62974722    0.68005501    0.47156970    0.57301858    0.55176179    0.51622640    1.00469601    0.97948604    1.18722282    1.00282416    1.30941423    1.30598113    1.15539407    1.11704310    1.20798504    1.36835379    1.30744185
A0A3B6MQD9_WHEAT/617-682     1.33373695    1.50405287    1.39852576    1.62952728    1.35184244    1.49678971    1.44186021    1.37590667    1.49976181    1.80815978    1.46065513    1.57538636    1.42822752    1.41307714    0.91237296    0.98717842    0.99931292    1.21619954    0.76866869    0.23039801    0.00000000    0.35466601    0.57834186    0.76480555    0.85774757    0.87447392    0.66641167    0.80340859    0.81634041    0.67946368    0.78540906    0.56494159    0.72471274    0.67152829    0.66509660    0.86765538    1.02103015    1.08920907    0.94626963    1.21963272    1.15330635    1.09533077    1.06231739    1.25411189    1.39116351    1.30282006
A0A2I0B513_9ASPA/535-599     1.24584702    1.44577971    1.31435340    1.42067608    1.34332694    1.32844357    1.43610895    1.32482244    1.52769876    1.53745820    1.49878388    1.55108875    1.32882406    1.47085982    0.91900886    1.04897227    1.02410472    1.24506666    0.45565136    0.24541245    0.35466601    0.00000000    0.34802422    0.55371006    0.51615599    0.65416395    0.55019112    0.68053756    0.66626944    0.56982336    0.60753413    0.43509235    0.53451979    0.46731474    0.39785362    0.87685151    0.88632220    1.16209136    1.02083743    1.30481816    1.49892779    1.05133312    1.01569729    1.09477717    1.34801631    1.30929881
A0A2I0W454_9ASPA/664-728     1.02417371    1.30718815    1.15887255    1.37956975    1.36313130    1.27320855    1.34650506    1.10224196    1.25055583    1.29212455    1.20039995    1.26467367    1.20619758    1.42836081    0.79755250    0.98284739    0.95353259    1.32383363    0.67588999    0.51378402    0.57834186    0.34802422    0.00000000    0.77366772    0.89868559    0.87930420    0.80874946    0.82537706    0.85093615    0.78818345    0.88573098    0.69447605    0.65352106    0.67039765    0.73933682    0.84608679    0.81824979    1.08221626    0.96236291    0.96664470    1.26858604    1.00243045    0.96541148    1.05272376    1.20291990    1.14780641
A0A059BQD5_EUCGR/574-638     1.26194821    1.60180594    1.31222051    1.44209640    1.20619159    1.25117736    1.43057339    1.29553756    1.29421264    1.28285321    1.20810103    1.39564665    1.34204478    1.56536382    0.88572413    1.07158600    0.92490361    1.30688265    0.38931428    0.66314932    0.76480555    0.55371006    0.77366772    0.00000000    0.51230681    0.58335570    0.32628117    0.60146963    0.45610856    0.36588628    0.50580372    0.32158306    0.33292170    0.32910307    0.37979048    0.99211968    0.93580125    1.19621404    1.25642049    1.52184485    1.62247652    1.01727278    1.06654839    1.08900872    1.44274776    1.35746885
A0A2U1NSF9_ARTAN/589-653     1.29410164    1.55334132    1.23297890    1.40619134    1.18431301    1.34070697    1.39969246    1.34398546    1.58937062    1.59130023    1.46054431    1.59386252    1.49640180    1.54486040    1.09891496    1.21925008    1.07535708    1.19344354    0.42796577    0.65747337    0.85774757    0.51615599    0.89868559    0.51230681    0.00000000    0.44870301    0.29789441    0.55248161    0.46775351    0.40673071    0.50681025    0.34558387    0.36117247    0.40644982    0.41615617    1.01891476    1.08253453    1.18885792    1.36580421    1.50652402    1.80978249    1.13106514    1.16119476    1.20087576    1.47259691    1.42360516
M1BJZ9_SOLTU/307-371     1.20836532    1.51065786    1.31989226    1.46723133    1.33476072    1.29514832    1.37216220    1.26173506    1.68211851    1.41828416    1.15991959    1.31265955    1.33212423    1.50517523    1.05304412    1.17226142    1.16802663    1.15843101    0.57944338    0.69344913    0.87447392    0.65416395    0.87930420    0.58335570    0.44870301    0.00000000    0.36445569    0.66266741    0.57140540    0.39787430    0.48061762    0.43036780    0.43611181    0.41564467    0.42793726    1.15476446    1.11181266    1.25383713    1.22077844    1.33930500    1.64881409    1.13958783    1.12515282    1.10505132    1.39958500    1.32555067
BRL3_ARATH/572-636     1.17564481    1.47992734    1.23890597    1.41872075    1.14844611    1.18309630    1.36105252    1.18797030    1.45685374    1.36045622    1.25841732    1.39826104    1.39069944    1.46554933    0.88858430    1.06030957    0.96941656    1.02816939    0.40688064    0.60877371    0.66641167    0.55019112    0.80874946    0.32628117    0.29789441    0.36445569    0.00000000    0.44671994    0.37437849    0.18612537    0.32941896    0.22174178    0.26110196    0.27910896    0.32724901    0.91033851    0.93913652    1.10444158    1.22436382    1.41837308    1.67932275    1.01355919    1.02099885    1.10633595    1.32284803    1.26853643
A0A328CZS2_9ASTE/518-582     1.31902922    1.64639136    1.43413997    1.58740907    1.28093053    1.41995161    1.37053638    1.32337513    1.68477009    1.59817754    1.43726561    1.50100294    1.44712606    1.55264546    0.96820311    1.14718279    1.11086843    1.27654247    0.51872313    0.75974306    0.80340859    0.68053756    0.82537706    0.60146963    0.55248161    0.66266741    0.44671994    0.00000000    0.59543772    0.48902341    0.54270118    0.47465836    0.46751120    0.51976591    0.49525986    1.12798292    1.06726810    1.17335516    1.17001570    1.46629742    1.63624064    1.04518747    0.99884471    1.24589380    1.48849375    1.35002541
A0A5J5A4M9_9ASTE/600-664     1.32724450    1.65075871    1.38757818    1.46916489    1.40325410    1.38248006    1.46593577    1.43023863    1.61042468    1.56288138    1.26416789    1.53189490    1.37636055    1.70411689    1.06964809    1.21552156    1.14301532    1.18800205    0.49320065    0.80557491    0.81634041    0.66626944    0.85093615    0.45610856    0.46775351    0.57140540    0.37437849    0.59543772    0.00000000    0.33472508    0.54066136    0.28457465    0.34959526    0.37159508    0.44690706    1.14174700    1.12328718    1.33202641    1.39573589    1.60779672    1.83904314    1.12657709    1.20908815    1.28555704    1.43715247    1.45453587
A0A072UTE9_MEDTR/619-683     1.18372671    1.58111656    1.29197696    1.57035759    1.28102744    1.18797926    1.29111411    1.26114796    1.50346277    1.52380343    1.28856697    1.42111691    1.35102387    1.44257517    0.95067842    1.05491381    0.97002488    1.04667332    0.43981278    0.62974722    0.67946368    0.56982336    0.78818345    0.36588628    0.40673071    0.39787430    0.18612537    0.48902341    0.33472508    0.00000000    0.39250777    0.23786041    0.24177016    0.27079812    0.30761493    0.93986451    0.89798998    1.16458221    1.20264709    1.36775751    1.72001053    1.00339428    1.02844982    1.07611091    1.20676976    1.25191291
A0A6A6LKW8_HEVBR/630-694     1.27169473    1.55775405    1.32476128    1.55059138    1.23824998    1.34775681    1.43447262    1.28393389    1.57170145    1.62739778    1.53705448    1.63270395    1.48934837    1.62176789    1.04391485    1.10884658    0.98814478    1.14720979    0.49723994    0.68005501    0.78540906    0.60753413    0.88573098    0.50580372    0.50681025    0.48061762    0.32941896    0.54270118    0.54066136    0.39250777    0.00000000    0.32007537    0.36875308    0.43132401    0.39896263    0.98536357    0.97753526    1.12921163    1.24350628    1.51693587    1.80941803    1.07075145    1.08535093    1.31123542    1.38497354    1.37538259
A0A068UYZ5_COFCA/632-696     1.21530596    1.48218335    1.34429873    1.39458975    1.21245067    1.33102835    1.37502397    1.33819543    1.43035236    1.48186446    1.30586274    1.47386036    1.24658344    1.56434606    0.98428939    1.14870071    0.96080197    1.05158691    0.36661494    0.47156970    0.56494159    0.43509235    0.69447605    0.32158306    0.34558387    0.43036780    0.22174178    0.47465836    0.28457465    0.23786041    0.32007537    0.00000000    0.21719127    0.26107353    0.30234694    0.98196670    0.94530524    1.19373811    1.27339841    1.45735934    1.53326229    1.01152206    1.09664897    1.23494274    1.38979807    1.39220578
A0A5N6RKF2_9ROSI/627-691     1.29154949    1.60946919    1.28860599    1.40967684    1.20926831    1.35511436    1.38587791    1.35033829    1.46785899    1.48937956    1.32465260    1.37289526    1.36633824    1.50800662    0.90704154    1.05199049    0.92376419    1.16279018    0.37060998    0.57301858    0.72471274    0.53451979    0.65352106    0.33292170    0.36117247    0.43611181    0.26110196    0.46751120    0.34959526    0.24177016    0.36875308    0.21719127    0.00000000    0.22511152    0.27858029    0.97389090    0.93110343    1.14087906    1.14972347    1.29448950    1.46561020    0.92764398    0.98129804    1.21117037    1.35914611    1.29300680
A0A2P6QL58_ROSCH/116-180     1.24433297    1.58622838    1.34038816    1.53220134    1.33666691    1.31512312    1.47231220    1.29743044    1.54913335    1.55392584    1.33862216    1.44599225    1.40995174    1.54007851    0.96389430    1.10425600    1.01072816    1.09037434    0.32345606    0.55176179    0.67152829    0.46731474    0.67039765    0.32910307    0.40644982    0.41564467    0.27910896    0.51976591    0.37159508    0.27079812    0.43132401    0.26107353    0.22511152    0.00000000    0.27997933    1.01195463    1.04867182    1.13368877    1.22293571    1.51626209    1.70816960    1.11280170    1.09660837    1.21203582    1.49554228    1.36586923
A0A3S4PWJ5_9MAGN/622-686     1.16784073    1.50972143    1.21923763    1.42393893    1.24854699    1.24864574    1.35418693    1.22023427    1.38340820    1.38162021    1.28800545    1.32781002    1.31531834    1.38432344    0.86835208    0.98541331    0.87768019    0.99768826    0.33791553    0.51622640    0.66509660    0.39785362    0.73933682    0.37979048    0.41615617    0.42793726    0.32724901    0.49525986    0.44690706    0.30761493    0.39896263    0.30234694    0.27858029    0.27997933    0.00000000    0.84191551    0.83756865    1.06743391    1.12769353    1.27361827    1.48198922    0.95488340    0.93663108    1.17286436    1.35028271    1.28897597
A0A443NWZ1_9MAGN/539-601     0.57702957    0.80412605    0.71820603    0.74389597    0.80379747    0.76469684    0.70914789    0.59417643    0.68120364    0.77406287    0.74862331    0.79435764    0.73998323    0.81655625    0.50422625    0.46756824    0.38725137    1.20116623    0.86399613    1.00469601    0.86765538    0.87685151    0.84608679    0.99211968    1.01891476    1.15476446    0.91033851    1.12798292    1.14174700    0.93986451    0.98536357    0.98196670    0.97389090    1.01195463    0.84191551    0.00000000    0.40325115    0.51677421    0.57014871    0.77491420    1.04696478    0.43602816    0.45044296    0.63950204    0.73531654    0.57709643
W1P7J1_AMBTC/601-665     0.51244939    0.83865523    0.63655023    0.63629442    0.70476815    0.64381668    0.62294347    0.57332431    0.80646452    0.66926705    0.69176539    0.83255055    0.64881526    0.81577011    0.38727229    0.35591397    0.33270897    1.11880111    0.90232057    0.97948604    1.02103015    0.88632220    0.81824979    0.93580125    1.08253453    1.11181266    0.93913652    1.06726810    1.12328718    0.89798998    0.97753526    0.94530524    0.93110343    1.04867182    0.83756865    0.40325115    0.00000000    0.46903867    0.46580031    0.68043248    0.80470584    0.35123053    0.32799050    0.54070134    0.71496112    0.66464278
A0A4S8JSF5_MUSBA/520-584     0.57001775    0.86557101    0.61205834    0.73020616    0.65034932    0.67727580    0.69585845    0.53610306    0.82511916    0.82594697    0.73477666    0.67387723    0.66891485    0.80744028    0.44179813    0.35293216    0.29437349    1.19307956    1.09667285    1.18722282    1.08920907    1.16209136    1.08221626    1.19621404    1.18885792    1.25383713    1.10444158    1.17335516    1.33202641    1.16458221    1.12921163    1.19373811    1.14087906    1.13368877    1.06743391    0.51677421    0.46903867    0.00000000    0.31048737    0.46785757    0.64996465    0.38943201    0.37701190    0.53884480    0.64431412    0.52386210
A0A199W6K3_ANACO/487-551     0.56615467    0.88452608    0.65766203    0.71679437    0.62426572    0.68647911    0.66489661    0.51971462    0.86509177    0.92932682    0.73718035    0.73343281    0.69903421    0.73490195    0.45109251    0.33649426    0.36555133    1.30526132    1.17518413    1.00282416    0.94626963    1.02083743    0.96236291    1.25642049    1.36580421    1.22077844    1.22436382    1.17001570    1.39573589    1.20264709    1.24350628    1.27339841    1.14972347    1.22293571    1.12769353    0.57014871    0.46580031    0.31048737    0.00000000    0.32138230    0.51341933    0.35770543    0.34153112    0.51228387    0.56856481    0.52707624
W5CTN1_WHEAT/523-588     0.84779416    1.18276347    0.87631071    0.95801011    0.95668530    0.97091677    0.98731872    0.75511838    1.09170977    1.02978381    0.83473663    0.88031169    1.00524587    0.95099542    0.64339032    0.57404670    0.55685812    1.28957811    1.37580974    1.30941423    1.21963272    1.30481816    0.96664470    1.52184485    1.50652402    1.33930500    1.41837308    1.46629742    1.60779672    1.36775751    1.51693587    1.45735934    1.29448950    1.51626209    1.27361827    0.77491420    0.68043248    0.46785757    0.32138230    0.00000000    0.31648736    0.54017684    0.52944955    0.78315041    0.75135992    0.75092951
A0A0Q3SE71_BRADI/499-564     1.05805797    1.36221812    0.99445106    1.06050083    1.07101060    1.25739011    1.07030454    0.96321920    1.36728684    1.22837582    0.98681634    1.07370693    1.11709988    1.26227353    0.69836082    0.86903317    0.71732149    1.59754058    1.70188834    1.30598113    1.15330635    1.49892779    1.26858604    1.62247652    1.80978249    1.64881409    1.67932275    1.63624064    1.83904314    1.72001053    1.80941803    1.53326229    1.46561020    1.70816960    1.48198922    1.04696478    0.80470584    0.64996465    0.51341933    0.31648736    0.00000000    0.69717269    0.65378970    0.99986776    1.01912010    0.97875375
A0A1U8AGC8_NELNU/598-662     0.45611446    0.78552844    0.58125177    0.61832723    0.60240132    0.64846852    0.49705914    0.42540491    0.74434475    0.61282716    0.54563002    0.57296146    0.55369831    0.71818269    0.32722535    0.32967911    0.21032097    1.16978345    1.00736953    1.15539407    1.09533077    1.05133312    1.00243045    1.01727278    1.13106514    1.13958783    1.01355919    1.04518747    1.12657709    1.00339428    1.07075145    1.01152206    0.92764398    1.11280170    0.95488340    0.43602816    0.35123053    0.38943201    0.35770543    0.54017684    0.69717269    0.00000000    0.25992458    0.42880228    0.50378152    0.48758190
A0A0K9P920_ZOSMR/554-618     0.47579606    0.86889014    0.62205296    0.63607725    0.63152654    0.64776111    0.51669051    0.47143560    0.75296000    0.65166806    0.57204656    0.64448703    0.62089873    0.66249997    0.31517880    0.31108575    0.29055138    1.24512184    1.04508353    1.11704310    1.06231739    1.01569729    0.96541148    1.06654839    1.16119476    1.12515282    1.02099885    0.99884471    1.20908815    1.02844982    1.08535093    1.09664897    0.98129804    1.09660837    0.93663108    0.45044296    0.32799050    0.37701190    0.34153112    0.52944955    0.65378970    0.25992458    0.00000000    0.53229967    0.57446566    0.54707995
A0A1Q3CVS4_CEPFO/379-443     0.36741814    0.69735563    0.44820572    0.55027663    0.53625971    0.49576460    0.45382314    0.26662220    0.67607892    0.43762688    0.50896968    0.58028936    0.40719039    0.69947016    0.48841895    0.44380217    0.47300357    1.20208750    1.23508406    1.20798504    1.25411189    1.09477717    1.05272376    1.08900872    1.20087576    1.10505132    1.10633595    1.24589380    1.28555704    1.07611091    1.31123542    1.23494274    1.21117037    1.21203582    1.17286436    0.63950204    0.54070134    0.53884480    0.51228387    0.78315041    0.99986776    0.42880228    0.53229967    0.00000000    0.36879965    0.36231989
B9H5M2_POPTR/583-647     0.47028406    0.84037422    0.58028550    0.69617440    0.61667572    0.61591320    0.50212293    0.39386560    0.76220925    0.68101608    0.53031409    0.63366756    0.52478540    0.94261865    0.64265632    0.56735978    0.59782626    1.33353481    1.26550331    1.36835379    1.39116351    1.34801631    1.20291990    1.44274776    1.47259691    1.39958500    1.32284803    1.48849375    1.43715247    1.20676976    1.38497354    1.38979807    1.35914611    1.49554228    1.35028271    0.73531654    0.71496112    0.64431412    0.56856481    0.75135992    1.01912010    0.50378152    0.57446566    0.36879965    0.00000000    0.26700102
A0A251K6E0_MANES/592-656     0.44314553    0.80409617    0.54871651    0.73492563    0.69701411    0.59148871    0.53928989    0.42045138    0.64985577    0.63987154    0.42922734    0.56695044    0.52880015    0.85755096    0.53449774    0.49222135    0.51443985    1.19055512    1.43247058    1.30744185    1.30282006    1.30929881    1.14780641    1.35746885    1.42360516    1.32555067    1.26853643    1.35002541    1.45453587    1.25191291    1.37538259    1.39220578    1.29300680    1.36586923    1.28897597    0.57709643    0.66464278    0.52386210    0.52707624    0.75092951    0.97875375    0.48758190    0.54707995    0.36231989    0.26700102    0.00000000

