11
A0A261KMA5_9CYAN/3-62     0.00000000    1.15842984    1.25484288    1.29745192    1.37096440    2.07701480    2.75604453    2.91989489    3.18683466    3.40750927    3.01985796
A0A1Q4REY1_9CYAN/4-63     1.15842984    0.00000000    0.84886462    1.39353183    1.27810067    2.51354473    2.59727420    6.64831521    4.02669561    4.66346696    3.81995287
A0A2T1DQP3_9CYAN/5-64     1.25484288    0.84886462    0.00000000    1.82114996    1.31196567    3.36936023    3.46005608    4.91286332    3.04735477    3.01023734    2.99345536
A0A1M5UJQ5_9DELT/4-66     1.29745192    1.39353183    1.82114996    0.00000000    0.80380315    2.61690333    3.04503009    6.16058334    3.59374450    3.16920009    3.48400643
A0A3M0C0U2_9PROT/4-66     1.37096440    1.27810067    1.31196567    0.80380315    0.00000000    2.38258919    2.36788199    4.83705147    4.13948832    3.00738714    3.34262146
A0A498G1I7_9EURY/4-59     2.07701480    2.51354473    3.36936023    2.61690333    2.38258919    0.00000000    0.48441064    5.02992484    3.65361383    3.54088898    3.67972944
A0A4D6HEG7_9EURY/3-58     2.75604453    2.59727420    3.46005608    3.04503009    2.36788199    0.48441064    0.00000000    6.64309461    3.87000604    4.12499514    3.58232679
A0A386PI48_CLOSE/11-56     2.91989489    6.64831521    4.91286332    6.16058334    4.83705147    5.02992484    6.64309461    0.00000000    3.15607755    2.91043775    2.60243952
A0A2N8Z9D9_9VIBR/4-70     3.18683466    4.02669561    3.04735477    3.59374450    4.13948832    3.65361383    3.87000604    3.15607755    0.00000000    1.10813679    1.14196343
Q081Y3_SHEFN/3-69     3.40750927    4.66346696    3.01023734    3.16920009    3.00738714    3.54088898    4.12499514    2.91043775    1.10813679    0.00000000    0.47827615
U4K6T5_9VIBR/3-69     3.01985796    3.81995287    2.99345536    3.48400643    3.34262146    3.67972944    3.58232679    2.60243952    1.14196343    0.47827615    0.00000000

