26
A0A4R3Z435_9FIRM/1-104     0.00000000    2.56573080    2.33801858    3.28984495    2.27702240    3.15681687    2.63882164    2.93799446    3.36224844    2.83982579    2.89190392    2.48131328    2.51837952    3.21889551    3.21103816    2.72250548    3.08087312    2.64477440    2.08115385    2.69755255    2.59904291    2.77860670    2.80185683    2.00310661    2.30676573    2.66128744
G4D412_9FIRM/1-105     2.56573080    0.00000000    2.31290569    2.35599097    2.53012709    2.33295024    2.31048112    2.61973548    2.05874933    1.84306713    1.98760124    2.04702291    2.25875866    2.24790577    2.83027343    2.17910807    2.16465832    3.08615411    1.80715802    1.78509333    1.75624313    1.83691757    2.08880301    2.16509845    1.80648590    1.81785410
A0A415DVV0_9FIRM/1-102     2.33801858    2.31290569    0.00000000    1.23501107    1.18763018    1.58661050    1.48291323    1.36814898    1.38591328    1.00911270    1.23328194    2.03483907    2.11073856    2.23092562    2.19957726    2.07886830    1.93542274    2.73248763    1.30916842    1.10515376    1.13426259    1.24589037    1.83819738    1.51985277    1.28262421    1.20915782
A0A1Y4L5B2_9FIRM/1-102     3.28984495    2.35599097    1.23501107    0.00000000    0.86990003    1.12590109    1.48476302    1.36050844    1.53695583    1.23203939    1.39600431    2.22380078    1.67032132    2.01756428    1.77953944    2.68243826    2.02988502    2.68499607    1.18202554    0.98154690    1.21276842    1.24158077    1.69239963    1.63959575    1.47302499    1.34380474
A0A2P2F598_9FIRM/2-102     2.27702240    2.53012709    1.18763018    0.86990003    0.00000000    0.82262806    1.37717248    1.58082082    1.57287154    1.10606999    1.27605000    2.30734784    1.58505746    1.71341556    1.97247453    2.36658523    1.35999413    2.31815264    1.33793574    0.88055132    1.17722070    1.23796312    1.47440900    1.58006885    1.36706977    1.23994433
A0A1Y4L5C1_9FIRM/1-104     3.15681687    2.33295024    1.58661050    1.12590109    0.82262806    0.00000000    1.59884950    1.63823577    1.73095754    1.36718808    1.57049112    2.39403066    1.77072771    1.95557631    2.36562181    2.38322307    1.69002004    2.35915421    1.60552426    1.21964616    1.26442085    1.36470902    1.77322753    1.76865731    1.34177464    1.37934311
A0A3P2AEW2_9FIRM/1-105     2.63882164    2.31048112    1.48291323    1.48476302    1.37717248    1.59884950    0.00000000    1.87357516    1.60111752    1.58063244    1.54213652    2.25755299    1.97165939    2.04461989    2.23121053    1.85888004    2.02600781    2.81024499    1.53490331    1.56827026    1.72083468    1.68524637    1.79211768    1.58679953    1.86324398    1.52161122
J1H6H9_9CLOT/1-103     2.93799446    2.61973548    1.36814898    1.36050844    1.58082082    1.63823577    1.87357516    0.00000000    1.49454145    1.43506956    1.60392120    2.11306446    1.80224526    1.82886237    2.23336774    2.41001019    1.72291955    2.27436040    1.48571202    1.26219514    1.39469550    1.46837365    2.48277558    1.73669543    1.47660434    1.67220361
A0A098M9K0_9BACL/1-104     3.36224844    2.05874933    1.38591328    1.53695583    1.57287154    1.73095754    1.60111752    1.49454145    0.00000000    0.99579443    1.10622483    1.76820163    1.94227899    2.09795622    1.71539659    2.40229101    2.19855860    2.50426760    1.45754753    1.17961600    1.35156600    1.57780605    1.62730681    1.79369171    1.63208874    1.32263340
R6CZT9_9CLOT/2-103     2.83982579    1.84306713    1.00911270    1.23203939    1.10606999    1.36718808    1.58063244    1.43506956    0.99579443    0.00000000    0.65946244    1.82214926    2.02545310    2.25630791    1.55949703    1.93455502    1.84063812    2.02388855    1.10276834    0.91215863    1.11358895    1.17407463    1.18578609    1.47045948    1.46559904    1.05005746
G5IGR2_9CLOT/1-102     2.89190392    1.98760124    1.23328194    1.39600431    1.27605000    1.57049112    1.54213652    1.60392120    1.10622483    0.65946244    0.00000000    1.93213683    1.82914088    1.93613092    1.91774940    2.13000979    1.71455785    2.14711467    1.10106625    1.03675973    1.03863178    1.17599319    1.61945915    1.82512673    1.52614039    1.19725234
F2I4D7_AERUA/1-105     2.48131328    2.04702291    2.03483907    2.22380078    2.30734784    2.39403066    2.25755299    2.11306446    1.76820163    1.82214926    1.93213683    0.00000000    1.11690414    1.21971671    1.82390106    2.02001413    2.03071755    2.19208976    1.77260709    1.85206884    1.87866200    1.92741885    2.39815642    1.69136636    2.00179106    1.87954243
A0A1I5X9J9_9LACT/1-102     2.51837952    2.25875866    2.11073856    1.67032132    1.58505746    1.77072771    1.97165939    1.80224526    1.94227899    2.02545310    1.82914088    1.11690414    0.00000000    0.95186548    1.59093763    2.58727315    1.78066300    2.49048529    1.57158240    1.49934868    1.53011927    1.59936370    2.31416179    1.74189739    1.90728550    1.62731232
U2SFZ8_9FIRM/1-102     3.21889551    2.24790577    2.23092562    2.01756428    1.71341556    1.95557631    2.04461989    1.82886237    2.09795622    2.25630791    1.93613092    1.21971671    0.95186548    0.00000000    2.01682703    2.32994732    1.90016463    2.09334026    1.78662902    1.58561399    1.76497572    1.93708925    2.46484189    1.92099689    1.87436083    1.88517673
A0A090IX10_9BACI/1-105     3.21103816    2.83027343    2.19957726    1.77953944    1.97247453    2.36562181    2.23121053    2.23336774    1.71539659    1.55949703    1.91774940    1.82390106    1.59093763    2.01682703    0.00000000    1.46603734    1.80013039    2.10862068    1.58500559    1.54594066    1.71424774    1.66665895    2.12426381    1.97692813    2.18219092    1.68574715
A0A1G7NW16_9LACT/1-103     2.72250548    2.17910807    2.07886830    2.68243826    2.36658523    2.38322307    1.85888004    2.41001019    2.40229101    1.93455502    2.13000979    2.02001413    2.58727315    2.32994732    1.46603734    0.00000000    2.21798696    2.19062841    1.94531100    1.85767492    1.98253488    1.93893706    2.21423373    2.17859718    2.25181147    1.59827808
A0A413G135_9FIRM/1-102     3.08087312    2.16465832    1.93542274    2.02988502    1.35999413    1.69002004    2.02600781    1.72291955    2.19855860    1.84063812    1.71455785    2.03071755    1.78066300    1.90016463    1.80013039    2.21798696    0.00000000    1.95433039    1.61556889    1.15674681    1.15961622    1.26127555    2.44126029    1.80325055    1.97841074    1.66937280
E7GQL2_CLOSY/1-105     2.64477440    3.08615411    2.73248763    2.68499607    2.31815264    2.35915421    2.81024499    2.27436040    2.50426760    2.02388855    2.14711467    2.19208976    2.49048529    2.09334026    2.10862068    2.19062841    1.95433039    0.00000000    2.21344550    1.81328367    1.94324324    2.04874452    3.11005107    1.92271664    2.20968549    2.30305701
A0A1Y4MUH0_9FIRM/1-102     2.08115385    1.80715802    1.30916842    1.18202554    1.33793574    1.60552426    1.53490331    1.48571202    1.45754753    1.10276834    1.10106625    1.77260709    1.57158240    1.78662902    1.58500559    1.94531100    1.61556889    2.21344550    0.00000000    0.55617859    0.66680217    0.73618582    1.26196733    1.01490065    0.99530426    0.82151141
E3GMP2_9FIRM/1-102     2.69755255    1.78509333    1.10515376    0.98154690    0.88055132    1.21964616    1.56827026    1.26219514    1.17961600    0.91215863    1.03675973    1.85206884    1.49934868    1.58561399    1.54594066    1.85767492    1.15674681    1.81328367    0.55617859    0.00000000    0.31461469    0.42047815    1.12767833    1.02966122    0.74688918    0.75146559
A0A2K2TZZ2_9CLOT/1-102     2.59904291    1.75624313    1.13426259    1.21276842    1.17722070    1.26442085    1.72083468    1.39469550    1.35156600    1.11358895    1.03863178    1.87866200    1.53011927    1.76497572    1.71424774    1.98253488    1.15961622    1.94324324    0.66680217    0.31461469    0.00000000    0.26421284    1.31768205    1.09933456    0.85019446    0.76894790
C0D6C6_9FIRM/1-102     2.77860670    1.83691757    1.24589037    1.24158077    1.23796312    1.36470902    1.68524637    1.46837365    1.57780605    1.17407463    1.17599319    1.92741885    1.59936370    1.93708925    1.66665895    1.93893706    1.26127555    2.04874452    0.73618582    0.42047815    0.26421284    0.00000000    1.25782655    1.14836737    1.06606390    0.82340454
A0A1Y4S2L1_9FIRM/1-102     2.80185683    2.08880301    1.83819738    1.69239963    1.47440900    1.77322753    1.79211768    2.48277558    1.62730681    1.18578609    1.61945915    2.39815642    2.31416179    2.46484189    2.12426381    2.21423373    2.44126029    3.11005107    1.26196733    1.12767833    1.31768205    1.25782655    0.00000000    1.65684237    1.53928124    1.47748034
A0A1V0E013_9CAUD/1-102     2.00310661    2.16509845    1.51985277    1.63959575    1.58006885    1.76865731    1.58679953    1.73669543    1.79369171    1.47045948    1.82512673    1.69136636    1.74189739    1.92099689    1.97692813    2.17859718    1.80325055    1.92271664    1.01490065    1.02966122    1.09933456    1.14836737    1.65684237    0.00000000    1.04242938    1.02459899
Q8XNS5_CLOPE/1-106     2.30676573    1.80648590    1.28262421    1.47302499    1.36706977    1.34177464    1.86324398    1.47660434    1.63208874    1.46559904    1.52614039    2.00179106    1.90728550    1.87436083    2.18219092    2.25181147    1.97841074    2.20968549    0.99530426    0.74688918    0.85019446    1.06606390    1.53928124    1.04242938    0.00000000    0.75942615
A0A410PLS3_9CLOT/1-104     2.66128744    1.81785410    1.20915782    1.34380474    1.23994433    1.37934311    1.52161122    1.67220361    1.32263340    1.05005746    1.19725234    1.87954243    1.62731232    1.88517673    1.68574715    1.59827808    1.66937280    2.30305701    0.82151141    0.75146559    0.76894790    0.82340454    1.47748034    1.02459899    0.75942615    0.00000000

