46
A0A2S4XH35_9ACTN/1-133     0.00000000    0.41396011    0.50144410    0.56481796    0.53246617    0.31422692    0.37818975    1.02060869    1.03168659    1.09822468    1.17121539    1.08643307    0.78822883    0.98925823    1.12152435    1.14184557    1.38162866    1.24450597    1.33899780    1.45055056    1.34774106    1.13685633    1.26055598    1.46863785    1.22182249    1.11040375    1.53766812    1.36046823    1.23826612    1.20551046    1.24249516    1.40937750    1.50166446    1.61889222    1.80580893    1.67898679    1.61627096    1.77840083    1.81498833    1.56626581    1.93584214    1.91482406    1.21700160    1.43117891    1.28596035    1.14429972
D9WBQ9_9ACTN/1-128     0.41396011    0.00000000    0.49831316    0.54804012    0.47219471    0.35559316    0.41377226    1.28260171    1.05755483    1.07527493    1.08620949    1.12048323    0.74637634    1.10062732    1.19948194    1.19459913    1.27228539    1.20670564    1.28509791    1.42914162    1.28274526    1.16352078    1.13134254    1.44229209    1.30017367    1.11372081    1.47076402    1.21473994    1.31191658    1.20828315    1.34763922    1.48927414    1.72842618    1.75924868    1.70759074    1.62769529    1.54580828    1.81261516    1.84626613    1.62074759    2.04933943    2.24372851    1.29072134    1.31584780    1.39312036    1.30136188
A0A2A2YUV9_9ACTN/1-130     0.50144410    0.49831316    0.00000000    0.23216176    0.31289636    0.27902042    0.38854350    1.26620574    0.99979760    1.21966546    1.24747693    1.26557248    0.67150826    1.20668814    1.37896872    1.21744511    1.33699898    1.31573383    1.38466509    1.44480500    1.24114891    1.13883233    1.14313378    1.22549099    0.95092951    0.96042966    1.23064583    1.01310093    1.12177298    1.16132768    1.25476984    1.55286349    1.69195494    1.64950089    1.78635528    1.71225870    1.58381440    1.70975101    1.67003679    1.57066516    2.00568057    1.78924547    1.33421676    1.34930209    1.45721565    1.25228849
A0A117RX11_9ACTN/1-128     0.56481796    0.54804012    0.23216176    0.00000000    0.24582742    0.37227507    0.46170096    1.37614074    0.93701780    1.19523902    1.23441113    1.23470698    0.74146503    1.25489714    1.37043063    1.25608973    1.28955010    1.26594770    1.37470607    1.37949969    1.22627823    1.23978212    1.24194402    1.27678419    0.93885538    1.07566767    1.29366305    1.06123883    1.15847111    1.16269358    1.35984045    1.52226744    1.87960659    1.74237997    1.75826597    1.73089157    1.64477456    1.62414759    1.51556109    1.59026201    2.17287038    1.87044593    1.41454379    1.50053432    1.54463786    1.40975549
A0A429N0Z8_9ACTN/1-128     0.53246617    0.47219471    0.31289636    0.24582742    0.00000000    0.32419831    0.46944537    1.20629693    0.95009558    1.13981366    1.26299404    1.27569911    0.76791731    1.29777903    1.38312615    1.19835855    1.19116015    1.37583998    1.38625057    1.42198539    1.15392560    1.12797460    1.10064651    1.33774103    0.97397059    0.96405456    1.18691240    1.01596801    1.22744874    1.17281949    1.34322445    1.51198635    1.81757104    1.76474260    1.74199365    1.73369780    1.64760267    1.64711142    1.66484973    1.50388609    2.03650415    1.81857333    1.32039392    1.39309562    1.55040771    1.35312671
F3NCF5_9ACTN/1-115     0.31422692    0.35559316    0.27902042    0.37227507    0.32419831    0.00000000    0.25015001    1.17671504    0.97204818    1.11105965    1.21975136    1.27224642    0.72583071    1.11299693    1.35909624    1.01550242    1.22144772    1.23541709    1.30923911    1.29873844    1.11127124    1.03822733    1.06136078    1.26228799    1.07522396    1.05036837    1.33366070    1.14606997    1.32433361    1.27914624    1.35819312    1.58007667    1.56373435    1.62330993    1.85274695    1.77530807    1.70159892    1.69955875    1.85226469    1.44159395    1.82278809    1.77012107    1.24544507    1.33965927    1.55660196    1.31255419
A0A1G9D3Q9_9ACTN/1-125     0.37818975    0.41377226    0.38854350    0.46170096    0.46944537    0.25015001    0.00000000    1.12179759    0.91311731    0.99529737    1.01651215    1.00991729    0.69099611    1.11818584    1.06512842    1.12074152    1.26688820    1.18360767    1.26516423    1.40369601    1.11205630    1.12199329    1.02967964    1.27121676    0.94267890    0.92234281    1.24669907    1.03454715    1.16838997    1.15459416    1.14679383    1.37708325    1.52335258    1.58996763    1.55934815    1.57607520    1.44928422    1.60722988    1.55385095    1.50569889    1.92623983    1.88849166    1.13601581    1.08808611    1.25082441    1.08048594
A0A1X7EGJ3_9ACTN/1-125     1.02060869    1.28260171    1.26620574    1.37614074    1.20629693    1.17671504    1.12179759    0.00000000    1.24973625    1.20281637    1.28563126    1.32230278    1.25849061    1.20175193    1.22077504    1.48422359    1.51738571    1.30553923    1.29318724    1.47192120    1.51620097    1.08427524    1.29453623    1.47835741    1.32455737    1.23150435    1.40348526    1.57113425    1.56648004    1.55076050    1.36808808    1.79894883    1.73063776    2.09465791    2.08670885    1.79055788    1.91182726    2.04975711    2.06908799    2.06060479    2.28316280    2.23577072    1.27257736    1.45737582    1.30029747    1.31091209
A0A3S9PKI2_STRLT/1-122     1.03168659    1.05755483    0.99979760    0.93701780    0.95009558    0.97204818    0.91311731    1.24973625    0.00000000    1.01821106    0.94567652    1.04551703    1.11707105    1.39776355    1.41332894    1.17516708    1.19065641    1.12312557    1.20684725    1.21799478    1.08631721    1.39303595    1.34142511    1.44555464    1.39459096    1.30266269    1.46125269    1.42240920    1.20349110    1.18963143    1.51497990    1.69382722    1.94726475    1.71517010    2.09623461    1.63911120    1.77069631    2.03727441    1.86229150    1.64552705    2.29205463    2.49282823    1.24901081    1.12078068    1.24028557    1.23011276
A0A3Q9FTR3_STRLT/1-127     1.09822468    1.07527493    1.21966546    1.19523902    1.13981366    1.11105965    0.99529737    1.20281637    1.01821106    0.00000000    0.41916211    0.42807488    1.12795376    1.23659962    1.22137240    1.32669003    1.40246381    1.31500206    1.39661725    1.51123127    1.36029846    1.42911353    1.41440896    1.43786537    1.49057962    1.42346220    1.86024674    1.59418217    1.56753944    1.57912009    1.80933627    1.86818071    2.11093321    2.14385075    2.09726237    1.94071744    2.01314514    1.75976628    1.84359697    1.88209600    2.00701754    2.25540085    1.28821037    1.33215515    1.38908572    1.21647603
A0A1C4SNY2_9ACTN/1-172     1.17121539    1.08620949    1.24747693    1.23441113    1.26299404    1.21975136    1.01651215    1.28563126    0.94567652    0.41916211    0.00000000    0.27707610    1.05823392    1.33636139    1.40807538    1.21543631    1.39614475    1.13626017    1.37191073    1.44668471    1.33707639    1.42236294    1.48225616    1.64351495    1.44048351    1.36260136    1.61524740    1.28364617    1.49819797    1.46452553    1.59944664    1.60560740    2.02251605    2.09548049    1.96726053    1.73516733    1.68521073    1.97481496    1.87782865    1.82866158    2.54464117    2.47449309    1.26389389    1.19021165    1.26642574    1.15576270
A0A1Q5NF96_9ACTN/1-127     1.08643307    1.12048323    1.26557248    1.23470698    1.27569911    1.27224642    1.00991729    1.32230278    1.04551703    0.42807488    0.27707610    0.00000000    1.11029405    1.17589633    1.10106100    1.26936335    1.24276616    1.10795730    1.30531911    1.52906485    1.40908324    1.31391695    1.45042324    1.56619548    1.44667337    1.21659192    1.59373276    1.25183164    1.59161963    1.38765595    1.53189349    1.76532712    1.88690473    1.97387604    1.84435642    1.84784059    1.95992569    1.89506859    1.84251066    1.72307444    2.62047711    2.14786256    1.33653235    1.26370610    1.28617296    1.22619024
A0A1E7KHJ5_9ACTN/1-123     0.78822883    0.74637634    0.67150826    0.74146503    0.76791731    0.72583071    0.69099611    1.25849061    1.11707105    1.12795376    1.05823392    1.11029405    0.00000000    1.15553901    1.32619071    1.16799840    1.40333520    1.28477540    1.22702547    1.32724177    1.28582849    1.25851432    1.23864466    1.28681494    1.14074953    1.11602710    1.19945191    1.08079489    1.24466357    1.11168199    1.25206217    1.57076864    1.49579608    1.58526660    1.70429266    1.61150882    1.59711808    1.86508626    1.90509350    1.47961247    2.07800837    2.03390387    1.20712478    1.22698751    1.36464521    1.18071082
A0A2D3UAA1_STRC0/1-118     0.98925823    1.10062732    1.20668814    1.25489714    1.29777903    1.11299693    1.11818584    1.20175193    1.39776355    1.23659962    1.33636139    1.17589633    1.15553901    0.00000000    0.25366958    0.94018965    1.31945987    1.15275027    1.16323511    1.22745284    1.37560490    0.85271604    1.21522669    1.41491334    1.38425194    1.27856129    1.65431480    1.52047358    1.69143689    1.32045829    1.71760084    1.49200383    1.81078114    1.89588816    1.92979362    2.18439126    2.21680650    1.91666668    2.00910031    1.72444166    2.29558221    2.18458179    1.25091575    1.36549588    1.25019261    1.19740611
A0A498BUV4_9ACTN/1-127     1.12152435    1.19948194    1.37896872    1.37043063    1.38312615    1.35909624    1.06512842    1.22077504    1.41332894    1.22137240    1.40807538    1.10106100    1.32619071    0.25366958    0.00000000    1.02106786    1.29373939    1.05457896    1.16793783    1.39628532    1.27623372    0.91926155    1.21150790    1.51350849    1.34843974    1.24084315    1.61237727    1.47066540    1.60657073    1.31881397    1.60054994    1.36685721    1.76530996    1.82587507    1.67577948    1.86425666    1.94874020    1.72635228    1.74259274    1.76564876    2.49460799    2.03026738    1.28559562    1.31168552    1.20640491    1.23548172
A0A1Q4USA0_9ACTN/1-124     1.14184557    1.19459913    1.21744511    1.25608973    1.19835855    1.01550242    1.12074152    1.48422359    1.17516708    1.32669003    1.21543631    1.26936335    1.16799840    0.94018965    1.02106786    0.00000000    0.38055155    0.45701349    0.35316942    0.37429458    0.42215039    0.78786069    0.94655706    1.33497632    1.30873889    1.18734826    1.16121551    1.12261090    1.38590780    1.20742478    1.29476714    1.70308761    1.67801531    1.59349183    1.71547106    1.56639180    1.70750985    1.48797097    1.56032022    1.48402903    2.35005264    2.13460415    1.22688208    1.24953873    1.19322737    1.31574298
A0A2M9J5D0_9ACTN/1-144     1.38162866    1.27228539    1.33699898    1.28955010    1.19116015    1.22144772    1.26688820    1.51738571    1.19065641    1.40246381    1.39614475    1.24276616    1.40333520    1.31945987    1.29373939    0.38055155    0.00000000    0.36228691    0.29418294    0.34259623    0.39287673    0.79129747    0.95863233    1.44858302    1.33836690    1.15503293    1.13070291    1.07872724    1.47498706    1.27365156    1.40115546    1.55761336    1.71107112    1.65070017    1.65129431    1.55476755    1.64283043    1.54522522    1.43276225    1.63498930    2.65731647    2.10864170    1.24987519    1.31726429    1.34898251    1.50502467
A0A3R7IT69_9ACTN/1-124     1.24450597    1.20670564    1.31573383    1.26594770    1.37583998    1.23541709    1.18360767    1.30553923    1.12312557    1.31500206    1.13626017    1.10795730    1.28477540    1.15275027    1.05457896    0.45701349    0.36228691    0.00000000    0.34161197    0.43975702    0.47597965    0.86299378    1.02023154    1.43691498    1.29219845    1.16224929    1.11029534    1.05282047    1.27557340    1.20664264    1.21463633    1.68008755    1.82769085    1.73982035    1.69141311    1.83081780    1.98000451    1.70863925    1.67459374    1.62032954    2.23054872    1.94244006    1.27551044    1.29345591    1.18105735    1.30556904
A0A0G3ACW8_9ACTN/1-124     1.33899780    1.28509791    1.38466509    1.37470607    1.38625057    1.30923911    1.26516423    1.29318724    1.20684725    1.39661725    1.37191073    1.30531911    1.22702547    1.16323511    1.16793783    0.35316942    0.29418294    0.34161197    0.00000000    0.24851560    0.37215188    0.76805462    0.86394359    1.33218018    1.24172981    1.12657648    1.19425483    1.23511602    1.37980096    1.35986686    1.21654293    1.65362395    1.74804413    1.68071563    1.81749133    1.93841209    2.00152637    1.90334501    1.69062847    1.87123092    2.34240528    2.17575365    1.23012010    1.35848244    1.17621260    1.34828411
A0A170U964_9ACTN/1-115     1.45055056    1.42914162    1.44480500    1.37949969    1.42198539    1.29873844    1.40369601    1.47192120    1.21799478    1.51123127    1.44668471    1.52906485    1.32724177    1.22745284    1.39628532    0.37429458    0.34259623    0.43975702    0.24851560    0.00000000    0.45307376    0.83619694    1.08992704    1.36460675    1.46541718    1.35784866    1.20154587    1.26367872    1.44214893    1.41685990    1.34701903    1.69656073    1.88387636    1.69538910    1.86343505    1.69687650    1.87818599    1.75561976    1.66328329    1.65610643    2.44735934    2.37256034    1.29403409    1.41540272    1.46209802    1.46095747
A0A445NCJ0_STRNE/1-124     1.34774106    1.28274526    1.24114891    1.22627823    1.15392560    1.11127124    1.11205630    1.51620097    1.08631721    1.36029846    1.33707639    1.40908324    1.28582849    1.37560490    1.27623372    0.42215039    0.39287673    0.47597965    0.37215188    0.45307376    0.00000000    0.95512853    1.10657407    1.54049789    1.42813297    1.19936426    1.13877969    1.22114299    1.50277492    1.44851935    1.40100774    1.66035722    1.84972859    1.87486874    1.88578671    1.82799829    1.89759925    1.81690322    1.61218680    1.91999923    2.31210365    2.50508579    1.19896903    1.30482732    1.33039443    1.42410371
A0A0W7WQZ3_9ACTN/1-124     1.13685633    1.16352078    1.13883233    1.23978212    1.12797460    1.03822733    1.12199329    1.08427524    1.39303595    1.42911353    1.42236294    1.31391695    1.25851432    0.85271604    0.91926155    0.78786069    0.79129747    0.86299378    0.76805462    0.83619694    0.95512853    0.00000000    0.63656871    1.63604447    1.36502483    1.28355030    1.42237487    1.27440752    1.40451286    1.27126526    1.35162440    1.52041101    1.98621836    1.79600431    1.80837763    1.99465665    1.97331514    1.84024264    1.94293089    1.84651235    2.32837533    2.20675959    1.34344977    1.41190619    1.57110188    1.32161400
A0A2M9IX26_9ACTN/1-124     1.26055598    1.13134254    1.14313378    1.24194402    1.10064651    1.06136078    1.02967964    1.29453623    1.34142511    1.41440896    1.48225616    1.45042324    1.23864466    1.21522669    1.21150790    0.94655706    0.95863233    1.02023154    0.86394359    1.08992704    1.10657407    0.63656871    0.00000000    1.45982525    1.21244986    1.07642735    1.15581498    1.06960798    1.18519435    1.15919026    1.35505391    1.61860676    1.85785061    1.92092521    1.63657900    1.73448306    1.79588665    2.10971992    1.78504212    1.95407010    2.46075214    2.82195837    1.42252320    1.42829915    1.50222592    1.41946786
L1KSL8_9ACTN/1-138     1.46863785    1.44229209    1.22549099    1.27678419    1.33774103    1.26228799    1.27121676    1.47835741    1.44555464    1.43786537    1.64351495    1.56619548    1.28681494    1.41491334    1.51350849    1.33497632    1.44858302    1.43691498    1.33218018    1.36460675    1.54049789    1.63604447    1.45982525    0.00000000    0.56393430    0.90912544    1.20538362    1.36458277    1.37782553    1.48655415    1.44952113    1.24616807    1.62801032    1.37214705    1.68416232    1.61585726    1.60793188    1.70039244    1.59544390    1.62304124    1.90019949    1.83710437    1.37947224    1.48277835    1.45389444    1.33404501
A0A022MNX1_9ACTN/1-137     1.22182249    1.30017367    0.95092951    0.93885538    0.97397059    1.07522396    0.94267890    1.32455737    1.39459096    1.49057962    1.44048351    1.44667337    1.14074953    1.38425194    1.34843974    1.30873889    1.33836690    1.29219845    1.24172981    1.46541718    1.42813297    1.36502483    1.21244986    0.56393430    0.00000000    0.76805631    1.06184182    1.00534625    1.05301154    1.00769809    1.36208371    1.28531713    1.60655502    1.46979272    1.57006510    1.68978076    1.65470769    1.68057412    1.49067961    1.51845270    1.98012414    1.83503286    1.44578723    1.43650860    1.41491377    1.32656060
A0A1X4I5M3_9ACTN/1-125     1.11040375    1.11372081    0.96042966    1.07566767    0.96405456    1.05036837    0.92234281    1.23150435    1.30266269    1.42346220    1.36260136    1.21659192    1.11602710    1.27856129    1.24084315    1.18734826    1.15503293    1.16224929    1.12657648    1.35784866    1.19936426    1.28355030    1.07642735    0.90912544    0.76805631    0.00000000    0.83683794    0.72618874    0.95485973    0.92102617    1.16906310    1.30434576    1.31489838    1.31340292    1.59878527    1.47920930    1.45927845    1.51022248    1.46250458    1.49007058    2.23739540    1.88762072    1.20814689    1.15809801    1.15399252    1.20463675
A0A445NE58_STRNE/1-124     1.53766812    1.47076402    1.23064583    1.29366305    1.18691240    1.33366070    1.24669907    1.40348526    1.46125269    1.86024674    1.61524740    1.59373276    1.19945191    1.65431480    1.61237727    1.16121551    1.13070291    1.11029534    1.19425483    1.20154587    1.13877969    1.42237487    1.15581498    1.20538362    1.06184182    0.83683794    0.00000000    0.26647450    0.98733496    0.93722876    1.45307285    1.61269792    1.81182435    1.72626498    1.63382907    1.60811351    1.67992861    1.83331514    1.81406165    1.80272548    2.38799441    2.20540300    1.60651252    1.49405435    1.66445076    1.53182803
A0A445NEE0_STRNE/1-124     1.36046823    1.21473994    1.01310093    1.06123883    1.01596801    1.14606997    1.03454715    1.57113425    1.42240920    1.59418217    1.28364617    1.25183164    1.08079489    1.52047358    1.47066540    1.12261090    1.07872724    1.05282047    1.23511602    1.26367872    1.22114299    1.27440752    1.06960798    1.36458277    1.00534625    0.72618874    0.26647450    0.00000000    0.84786199    0.77704294    1.55346349    1.60169528    1.61619705    1.64041502    1.60331510    1.55846844    1.62142614    1.86496460    1.88927003    1.83506593    2.34484542    2.10626062    1.41461169    1.38506413    1.60796128    1.48308574
A0A2G9DX21_9ACTN/1-125     1.23826612    1.31191658    1.12177298    1.15847111    1.22744874    1.32433361    1.16838997    1.56648004    1.20349110    1.56753944    1.49819797    1.59161963    1.24466357    1.69143689    1.60657073    1.38590780    1.47498706    1.27557340    1.37980096    1.44214893    1.50277492    1.40451286    1.18519435    1.37782553    1.05301154    0.95485973    0.98733496    0.84786199    0.00000000    0.42692465    1.55702567    1.26176138    2.00571724    2.02208846    1.85293653    1.52220235    1.52226478    2.04497996    1.88869128    1.79734987    2.12961008    2.23471243    1.66066617    1.69679223    1.51194512    1.48352303
A0A124HCC0_9ACTN/1-125     1.20551046    1.20828315    1.16132768    1.16269358    1.17281949    1.27914624    1.15459416    1.55076050    1.18963143    1.57912009    1.46452553    1.38765595    1.11168199    1.32045829    1.31881397    1.20742478    1.27365156    1.20664264    1.35986686    1.41685990    1.44851935    1.27126526    1.15919026    1.48655415    1.00769809    0.92102617    0.93722876    0.77704294    0.42692465    0.00000000    1.57164323    1.34130881    1.87889509    1.76958705    1.76935039    1.71636797    1.61298612    1.87441938    1.80192808    1.72911174    2.11774514    2.09311244    1.43986877    1.46396389    1.41129386    1.31082115
A0A223S2B1_9ACTN/1-119     1.24249516    1.34763922    1.25476984    1.35984045    1.34322445    1.35819312    1.14679383    1.36808808    1.51497990    1.80933627    1.59944664    1.53189349    1.25206217    1.71760084    1.60054994    1.29476714    1.40115546    1.21463633    1.21654293    1.34701903    1.40100774    1.35162440    1.35505391    1.44952113    1.36208371    1.16906310    1.45307285    1.55346349    1.55702567    1.57164323    0.00000000    1.08863173    0.98337255    0.91102334    1.03576149    1.11734312    1.04642488    1.12371848    1.17029326    1.26130618    2.23674260    1.89945220    1.14335805    1.27492662    1.36323076    1.20793380
A0A1M6LZG7_9ACTN/1-119     1.40937750    1.48927414    1.55286349    1.52226744    1.51198635    1.58007667    1.37708325    1.79894883    1.69382722    1.86818071    1.60560740    1.76532712    1.57076864    1.49200383    1.36685721    1.70308761    1.55761336    1.68008755    1.65362395    1.69656073    1.66035722    1.52041101    1.61860676    1.24616807    1.28531713    1.30434576    1.61269792    1.60169528    1.26176138    1.34130881    1.08863173    0.00000000    1.23714743    1.06516124    1.06019749    0.86187506    0.89307907    1.06330962    1.06004438    1.06802677    2.64937298    2.22113048    1.53247751    1.52235690    1.57576347    1.42788901
A0A1R3ULX5_9ACTN/1-119     1.50166446    1.72842618    1.69195494    1.87960659    1.81757104    1.56373435    1.52335258    1.73063776    1.94726475    2.11093321    2.02251605    1.88690473    1.49579608    1.81078114    1.76530996    1.67801531    1.71107112    1.82769085    1.74804413    1.88387636    1.84972859    1.98621836    1.85785061    1.62801032    1.60655502    1.31489838    1.81182435    1.61619705    2.00571724    1.87889509    0.98337255    1.23714743    0.00000000    0.52936054    0.89821129    0.96661415    0.96501382    0.89649388    0.80160794    0.70206241    2.35628996    2.13297169    1.40621508    1.51287492    1.49150685    1.62893871
J7L9X2_NOCAA/1-119     1.61889222    1.75924868    1.64950089    1.74237997    1.76474260    1.62330993    1.58996763    2.09465791    1.71517010    2.14385075    2.09548049    1.97387604    1.58526660    1.89588816    1.82587507    1.59349183    1.65070017    1.73982035    1.68071563    1.69538910    1.87486874    1.79600431    1.92092521    1.37214705    1.46979272    1.31340292    1.72626498    1.64041502    2.02208846    1.76958705    0.91102334    1.06516124    0.52936054    0.00000000    0.79486347    0.89121711    0.86652885    0.76794668    0.78647092    0.80461278    1.99353062    2.11644492    1.55046146    1.59814593    1.62163839    1.55047692
D7B8C2_NOCDD/1-119     1.80580893    1.70759074    1.78635528    1.75826597    1.74199365    1.85274695    1.55934815    2.08670885    2.09623461    2.09726237    1.96726053    1.84435642    1.70429266    1.92979362    1.67577948    1.71547106    1.65129431    1.69141311    1.81749133    1.86343505    1.88578671    1.80837763    1.63657900    1.68416232    1.57006510    1.59878527    1.63382907    1.60331510    1.85293653    1.76935039    1.03576149    1.06019749    0.89821129    0.79486347    0.00000000    0.64121389    0.52745638    0.69348093    0.52459729    0.78581565    2.38226725    2.14865413    1.67737569    1.77821410    1.87887248    2.01997897
D7AZ27_NOCDD/1-119     1.67898679    1.62769529    1.71225870    1.73089157    1.73369780    1.77530807    1.57607520    1.79055788    1.63911120    1.94071744    1.73516733    1.84784059    1.61150882    2.18439126    1.86425666    1.56639180    1.55476755    1.83081780    1.93841209    1.69687650    1.82799829    1.99465665    1.73448306    1.61585726    1.68978076    1.47920930    1.60811351    1.55846844    1.52220235    1.71636797    1.11734312    0.86187506    0.96661415    0.89121711    0.64121389    0.00000000    0.33323432    0.80533444    0.77285455    0.73845028    2.65337172    2.33045275    1.40375717    1.35122721    1.64877822    1.63395642
A0A1M6LY46_9ACTN/1-119     1.61627096    1.54580828    1.58381440    1.64477456    1.64760267    1.70159892    1.44928422    1.91182726    1.77069631    2.01314514    1.68521073    1.95992569    1.59711808    2.21680650    1.94874020    1.70750985    1.64283043    1.98000451    2.00152637    1.87818599    1.89759925    1.97331514    1.79588665    1.60793188    1.65470769    1.45927845    1.67992861    1.62142614    1.52226478    1.61298612    1.04642488    0.89307907    0.96501382    0.86652885    0.52745638    0.33323432    0.00000000    0.79138811    0.73229379    0.92697660    2.45777131    2.42518938    1.29705386    1.39513032    1.59685143    1.69409754
D7B7Q0_NOCDD/1-119     1.77840083    1.81261516    1.70975101    1.62414759    1.64711142    1.69955875    1.60722988    2.04975711    2.03727441    1.75976628    1.97481496    1.89506859    1.86508626    1.91666668    1.72635228    1.48797097    1.54522522    1.70863925    1.90334501    1.75561976    1.81690322    1.84024264    2.10971992    1.70039244    1.68057412    1.51022248    1.83331514    1.86496460    2.04497996    1.87441938    1.12371848    1.06330962    0.89649388    0.76794668    0.69348093    0.80533444    0.79138811    0.00000000    0.40635617    0.61838232    2.25083261    1.86487852    1.67648255    1.61949039    1.67202834    1.61094386
A0A0N0AMX6_9ACTN/1-119     1.81498833    1.84626613    1.67003679    1.51556109    1.66484973    1.85226469    1.55385095    2.06908799    1.86229150    1.84359697    1.87782865    1.84251066    1.90509350    2.00910031    1.74259274    1.56032022    1.43276225    1.67459374    1.69062847    1.66328329    1.61218680    1.94293089    1.78504212    1.59544390    1.49067961    1.46250458    1.81406165    1.88927003    1.88869128    1.80192808    1.17029326    1.06004438    0.80160794    0.78647092    0.52459729    0.77285455    0.73229379    0.40635617    0.00000000    0.59857044    2.30483053    2.04652489    1.71287829    1.71650405    1.56278190    1.62474001
A0A1R3UQV6_9ACTN/1-119     1.56626581    1.62074759    1.57066516    1.59026201    1.50388609    1.44159395    1.50569889    2.06060479    1.64552705    1.88209600    1.82866158    1.72307444    1.47961247    1.72444166    1.76564876    1.48402903    1.63498930    1.62032954    1.87123092    1.65610643    1.91999923    1.84651235    1.95407010    1.62304124    1.51845270    1.49007058    1.80272548    1.83506593    1.79734987    1.72911174    1.26130618    1.06802677    0.70206241    0.80461278    0.78581565    0.73845028    0.92697660    0.61838232    0.59857044    0.00000000    1.91325963    1.76626237    1.46395324    1.37803091    1.40448165    1.49463450
A0A1R4FHW6_9MICC/1-121     1.93584214    2.04933943    2.00568057    2.17287038    2.03650415    1.82278809    1.92623983    2.28316280    2.29205463    2.00701754    2.54464117    2.62047711    2.07800837    2.29558221    2.49460799    2.35005264    2.65731647    2.23054872    2.34240528    2.44735934    2.31210365    2.32837533    2.46075214    1.90019949    1.98012414    2.23739540    2.38799441    2.34484542    2.12961008    2.11774514    2.23674260    2.64937298    2.35628996    1.99353062    2.38226725    2.65337172    2.45777131    2.25083261    2.30483053    1.91325963    0.00000000    2.47406455    2.03209713    2.26849753    1.95621638    1.96813117
D2Q4J1_KRIFD/1-126     1.91482406    2.24372851    1.78924547    1.87044593    1.81857333    1.77012107    1.88849166    2.23577072    2.49282823    2.25540085    2.47449309    2.14786256    2.03390387    2.18458179    2.03026738    2.13460415    2.10864170    1.94244006    2.17575365    2.37256034    2.50508579    2.20675959    2.82195837    1.83710437    1.83503286    1.88762072    2.20540300    2.10626062    2.23471243    2.09311244    1.89945220    2.22113048    2.13297169    2.11644492    2.14865413    2.33045275    2.42518938    1.86487852    2.04652489    1.76626237    2.47406455    0.00000000    1.61016810    1.57340495    1.69466202    1.68333591
A4F7A9_SACEN/1-113     1.21700160    1.29072134    1.33421676    1.41454379    1.32039392    1.24544507    1.13601581    1.27257736    1.24901081    1.28821037    1.26389389    1.33653235    1.20712478    1.25091575    1.28559562    1.22688208    1.24987519    1.27551044    1.23012010    1.29403409    1.19896903    1.34344977    1.42252320    1.37947224    1.44578723    1.20814689    1.60651252    1.41461169    1.66066617    1.43986877    1.14335805    1.53247751    1.40621508    1.55046146    1.67737569    1.40375717    1.29705386    1.67648255    1.71287829    1.46395324    2.03209713    1.61016810    0.00000000    0.32236220    0.55419504    0.52902269
A0A0N9HX49_9PSEU/1-113     1.43117891    1.31584780    1.34930209    1.50053432    1.39309562    1.33965927    1.08808611    1.45737582    1.12078068    1.33215515    1.19021165    1.26370610    1.22698751    1.36549588    1.31168552    1.24953873    1.31726429    1.29345591    1.35848244    1.41540272    1.30482732    1.41190619    1.42829915    1.48277835    1.43650860    1.15809801    1.49405435    1.38506413    1.69679223    1.46396389    1.27492662    1.52235690    1.51287492    1.59814593    1.77821410    1.35122721    1.39513032    1.61949039    1.71650405    1.37803091    2.26849753    1.57340495    0.32236220    0.00000000    0.61380815    0.68930540
A0A0A6UU50_ACTUT/1-113     1.28596035    1.39312036    1.45721565    1.54463786    1.55040771    1.55660196    1.25082441    1.30029747    1.24028557    1.38908572    1.26642574    1.28617296    1.36464521    1.25019261    1.20640491    1.19322737    1.34898251    1.18105735    1.17621260    1.46209802    1.33039443    1.57110188    1.50222592    1.45389444    1.41491377    1.15399252    1.66445076    1.60796128    1.51194512    1.41129386    1.36323076    1.57576347    1.49150685    1.62163839    1.87887248    1.64877822    1.59685143    1.67202834    1.56278190    1.40448165    1.95621638    1.69466202    0.55419504    0.61380815    0.00000000    0.44672798
A0A1C6U260_9ACTN/1-113     1.14429972    1.30136188    1.25228849    1.40975549    1.35312671    1.31255419    1.08048594    1.31091209    1.23011276    1.21647603    1.15576270    1.22619024    1.18071082    1.19740611    1.23548172    1.31574298    1.50502467    1.30556904    1.34828411    1.46095747    1.42410371    1.32161400    1.41946786    1.33404501    1.32656060    1.20463675    1.53182803    1.48308574    1.48352303    1.31082115    1.20793380    1.42788901    1.62893871    1.55047692    2.01997897    1.63395642    1.69409754    1.61094386    1.62474001    1.49463450    1.96813117    1.68333591    0.52902269    0.68930540    0.44672798    0.00000000

