26
Q31QH0_SYNE7/1-103     0.00000000    0.55118074    0.32421990    0.47660587    0.36842084    0.41659527    0.48543133    0.46073355    0.30302974    0.44837085    0.31565880    0.34858541    0.35792854    0.35833102    0.50065538    0.44519115    0.48945812    0.77572492    0.73243345    0.39579761    0.37808638    0.42728103    0.53499316    0.40291866    0.36110649    0.44822692
Q2JMB5_SYNJB/1-151     0.55118074    0.00000000    0.47832809    0.64884364    0.51169895    0.65441271    0.79032190    0.52399747    0.52985153    0.61217984    0.46424962    0.59565582    0.65825857    0.64673039    0.69768747    0.72022386    0.67054090    1.02385144    1.06655170    0.66592101    0.62403862    0.64807732    0.72938890    0.63246487    0.56279012    0.51015934
A0A1L9QKC2_9CYAN/1-102     0.32421990    0.47832809    0.00000000    0.42033848    0.36593852    0.40492169    0.56763116    0.42325166    0.34973502    0.42933692    0.30864193    0.36159449    0.40009219    0.38242461    0.42572965    0.45736289    0.40882597    0.81149632    0.75885387    0.37712255    0.35486326    0.35255502    0.39311405    0.41945115    0.35725080    0.38247917
B0C6X9_ACAM1/1-103     0.47660587    0.64884364    0.42033848    0.00000000    0.38664371    0.46834219    0.49696355    0.53816088    0.40671082    0.61266121    0.48204489    0.52264162    0.54364008    0.46225038    0.52289628    0.60462657    0.58103438    0.85851941    0.89205958    0.45907574    0.47800495    0.53970566    0.55166300    0.52963692    0.44238087    0.44352711
B8HYL3_CYAP4/1-103     0.36842084    0.51169895    0.36593852    0.38664371    0.00000000    0.33559662    0.46133737    0.48990474    0.38415551    0.49797535    0.31986177    0.37333728    0.38629125    0.32763046    0.56158665    0.54579521    0.55216297    0.84935609    0.78398171    0.39149064    0.45273995    0.51125183    0.42893489    0.42462045    0.32824002    0.35921531
K9RPY1_SYNP3/1-103     0.41659527    0.65441271    0.40492169    0.46834219    0.33559662    0.00000000    0.38594516    0.51149958    0.42977895    0.46335046    0.48241829    0.32179825    0.42445382    0.41768229    0.48828895    0.44690524    0.50644665    0.79601045    0.72520176    0.44028425    0.46677919    0.51737694    0.47609135    0.42856731    0.35202510    0.41240994
Q8DH09_THEEB/1-104     0.48543133    0.79032190    0.56763116    0.49696355    0.46133737    0.38594516    0.00000000    0.58570220    0.50891452    0.51427562    0.53060766    0.53817480    0.39959670    0.46887960    0.60179441    0.53536989    0.58922339    0.89558751    0.85340429    0.55014371    0.51989380    0.59893411    0.53887948    0.51229003    0.43085259    0.53128671
A0A0C1UTK5_9CYAN/1-104     0.46073355    0.52399747    0.42325166    0.53816088    0.48990474    0.51149958    0.58570220    0.00000000    0.30264716    0.34295249    0.30799753    0.35575911    0.38926595    0.43870565    0.52113617    0.57384708    0.53922453    0.88238667    0.92256394    0.52744676    0.56782175    0.54652811    0.41415727    0.38244423    0.38807379    0.46425371
A0A1U7J8S1_9CYAN/1-103     0.30302974    0.52985153    0.34973502    0.40671082    0.38415551    0.42977895    0.50891452    0.30264716    0.00000000    0.33029940    0.23751190    0.38216386    0.37674247    0.34432301    0.51671811    0.43687737    0.48649038    0.82407519    0.76420128    0.47151209    0.44520409    0.45909831    0.50732845    0.40549634    0.35016305    0.33145077
A0A1Z3HV37_9CYAN/1-103     0.44837085    0.61217984    0.42933692    0.61266121    0.49797535    0.46335046    0.51427562    0.34295249    0.33029940    0.00000000    0.25089255    0.39205059    0.33223354    0.37257931    0.48474108    0.49374076    0.43307087    0.75809996    0.81571988    0.48376377    0.46407558    0.46741733    0.40032708    0.42729312    0.40621437    0.47847685
A0A2T1D522_9CYAN/1-103     0.31565880    0.46424962    0.30864193    0.48204489    0.31986177    0.48241829    0.53060766    0.30799753    0.23751190    0.25089255    0.00000000    0.29035159    0.31493114    0.31935009    0.39048113    0.43013893    0.42578299    0.76368537    0.81689295    0.39386858    0.40446527    0.43636729    0.38204671    0.37087334    0.28524492    0.38158292
A0A2S6CPN7_9CYAN/1-103     0.34858541    0.59565582    0.36159449    0.52264162    0.37333728    0.32179825    0.53817480    0.35575911    0.38216386    0.39205059    0.29035159    0.00000000    0.25473184    0.31594144    0.50323595    0.48688177    0.38354943    0.76975459    0.76320570    0.40029039    0.39627886    0.42581106    0.34587262    0.32283736    0.28043855    0.42642641
D4ZYP7_ARTPN/1-103     0.35792854    0.65825857    0.40009219    0.54364008    0.38629125    0.42445382    0.39959670    0.38926595    0.37674247    0.33223354    0.31493114    0.25473184    0.00000000    0.25771685    0.44546065    0.43355838    0.46218711    0.83131455    0.75704226    0.36270735    0.36121998    0.34403393    0.40311067    0.31461924    0.31793196    0.42385462
A0A1C0V1Y6_9CYAN/1-104     0.35833102    0.64673039    0.38242461    0.46225038    0.32763046    0.41768229    0.46887960    0.43870565    0.34432301    0.37257931    0.31935009    0.31594144    0.25771685    0.00000000    0.46367300    0.42096932    0.43366559    0.69315744    0.70447776    0.35375854    0.42486692    0.42159720    0.39453595    0.38710164    0.34476342    0.38369472
U5DP61_9CHRO/1-104     0.50065538    0.69768747    0.42572965    0.52289628    0.56158665    0.48828895    0.60179441    0.52113617    0.51671811    0.48474108    0.39048113    0.50323595    0.44546065    0.46367300    0.00000000    0.49787630    0.57184081    0.78047123    0.90023529    0.45499678    0.49076960    0.52319359    0.55218676    0.44652528    0.41608844    0.47904562
P73156_SYNY3/1-104     0.44519115    0.72022386    0.45736289    0.60462657    0.54579521    0.44690524    0.53536989    0.57384708    0.43687737    0.49374076    0.43013893    0.48688177    0.43355838    0.42096932    0.49787630    0.00000000    0.41138385    0.84997888    0.75076052    0.39097546    0.44021164    0.42860923    0.54973186    0.46533245    0.45515496    0.52491660
L8LPT0_9CHRO/1-104     0.48945812    0.67054090    0.40882597    0.58103438    0.55216297    0.50644665    0.58922339    0.53922453    0.48649038    0.43307087    0.42578299    0.38354943    0.46218711    0.43366559    0.57184081    0.41138385    0.00000000    0.84530066    0.71996641    0.28670694    0.31483014    0.33301165    0.42233262    0.41162972    0.43171849    0.49678812
A0A0G8AUF9_9SYNE/1-106     0.77572492    1.02385144    0.81149632    0.85851941    0.84935609    0.79601045    0.89558751    0.88238667    0.82407519    0.75809996    0.76368537    0.76975459    0.83131455    0.69315744    0.78047123    0.84997888    0.84530066    0.00000000    0.75496407    0.74354006    0.80048099    0.93241704    0.81504646    0.85728770    0.81237320    0.80818694
A0A5J6Q854_9SYNE/1-107     0.73243345    1.06655170    0.75885387    0.89205958    0.78398171    0.72520176    0.85340429    0.92256394    0.76420128    0.81571988    0.81689295    0.76320570    0.75704226    0.70447776    0.90023529    0.75076052    0.71996641    0.75496407    0.00000000    0.70897017    0.78796972    0.78039899    0.73624842    0.79455926    0.80850199    0.84256300
B7K8D1_GLOC7/1-105     0.39579761    0.66592101    0.37712255    0.45907574    0.39149064    0.44028425    0.55014371    0.52744676    0.47151209    0.48376377    0.39386858    0.40029039    0.36270735    0.35375854    0.45499678    0.39097546    0.28670694    0.74354006    0.70897017    0.00000000    0.26129146    0.22587266    0.43493212    0.40430519    0.42737130    0.46304783
A0A1Z4RRJ1_9CHRO/1-103     0.37808638    0.62403862    0.35486326    0.47800495    0.45273995    0.46677919    0.51989380    0.56782175    0.44520409    0.46407558    0.40446527    0.39627886    0.36121998    0.42486692    0.49076960    0.44021164    0.31483014    0.80048099    0.78796972    0.26129146    0.00000000    0.26081771    0.46437335    0.39714795    0.42736737    0.50645970
D3EPD5_ATETH/1-103     0.42728103    0.64807732    0.35255502    0.53970566    0.51125183    0.51737694    0.59893411    0.54652811    0.45909831    0.46741733    0.43636729    0.42581106    0.34403393    0.42159720    0.52319359    0.42860923    0.33301165    0.93241704    0.78039899    0.22587266    0.26081771    0.00000000    0.46699116    0.45661799    0.48628073    0.52369817
A0A168W6C3_9CYAN/1-103     0.53499316    0.72938890    0.39311405    0.55166300    0.42893489    0.47609135    0.53887948    0.41415727    0.50732845    0.40032708    0.38204671    0.34587262    0.40311067    0.39453595    0.55218676    0.54973186    0.42233262    0.81504646    0.73624842    0.43493212    0.46437335    0.46699116    0.00000000    0.39824517    0.36482625    0.50578079
A0A1J1LSX4_9CYAN/1-103     0.40291866    0.63246487    0.41945115    0.52963692    0.42462045    0.42856731    0.51229003    0.38244423    0.40549634    0.42729312    0.37087334    0.32283736    0.31461924    0.38710164    0.44652528    0.46533245    0.41162972    0.85728770    0.79455926    0.40430519    0.39714795    0.45661799    0.39824517    0.00000000    0.30039567    0.39074406
A0A1J0AH27_9CYAN/1-96     0.36110649    0.56279012    0.35725080    0.44238087    0.32824002    0.35202510    0.43085259    0.38807379    0.35016305    0.40621437    0.28524492    0.28043855    0.31793196    0.34476342    0.41608844    0.45515496    0.43171849    0.81237320    0.80850199    0.42737130    0.42736737    0.48628073    0.36482625    0.30039567    0.00000000    0.27678790
A0A2W1JA92_9CYAN/1-103     0.44822692    0.51015934    0.38247917    0.44352711    0.35921531    0.41240994    0.53128671    0.46425371    0.33145077    0.47847685    0.38158292    0.42642641    0.42385462    0.38369472    0.47904562    0.52491660    0.49678812    0.80818694    0.84256300    0.46304783    0.50645970    0.52369817    0.50578079    0.39074406    0.27678790    0.00000000

