16
UBACT_CHTCT/22-64     0.00000000    0.39235169    0.72236647    0.75651336    0.69558010    0.86682652    0.95425627    1.20050412    1.00829086    0.54442418    0.58887316    0.35817638    0.49459868    0.46467785    0.52238567    0.59179639
A0A0S4PHQ1_9BACT/20-62     0.39235169    0.00000000    0.56910695    0.60086376    0.68360038    0.73517287    0.95510167    1.11199515    0.78146480    0.65136571    0.59440871    0.44925345    0.48265779    0.52392087    0.44561351    0.66977179
A0A5E6M830_9BACT/18-60     0.72236647    0.56910695    0.00000000    0.29457062    0.53420409    0.69276653    0.91635169    0.96666693    0.93307144    0.68442960    0.65631442    0.58636270    0.61914544    0.69866856    0.80005758    0.77674470
UBACT_PEDPL/14-56     0.75651336    0.60086376    0.29457062    0.00000000    0.51544768    0.79667538    0.90712852    0.88716929    0.92231215    0.54038155    0.58536345    0.68885954    0.68272400    0.68584225    0.69577931    0.79914917
A0A2T6DCA3_9BACT/16-58     0.69558010    0.68360038    0.53420409    0.51544768    0.00000000    0.78841342    1.00548420    0.99530358    1.01864246    0.73290516    0.94519588    0.53009971    0.82409696    0.75719825    0.77923088    0.84535774
A0A0S4LQX5_9BACT/22-64     0.86682652    0.73517287    0.69276653    0.79667538    0.78841342    0.00000000    0.63002399    0.76799230    0.54424809    0.76034122    0.71446540    0.88634529    1.07171191    0.83714205    0.95445078    0.75607315
UBACT_LEPFM/25-64     0.95425627    0.95510167    0.91635169    0.90712852    1.00548420    0.63002399    0.00000000    0.60311940    0.63750780    0.76096805    0.78985081    1.01782871    0.87470818    0.80065281    1.06429079    1.12995649
C6HUE9_9BACT/31-77     1.20050412    1.11199515    0.96666693    0.88716929    0.99530358    0.76799230    0.60311940    0.00000000    0.84052053    1.03089828    1.01672595    1.16307383    1.02833466    1.00427345    1.25178646    1.29503923
UBACT_NITG3/17-59     1.00829086    0.78146480    0.93307144    0.92231215    1.01864246    0.54424809    0.63750780    0.84052053    0.00000000    0.76338354    0.91377639    0.78217997    0.82483209    0.73035896    0.77450024    0.77822014
B4D3I0_9BACT/16-58     0.54442418    0.65136571    0.68442960    0.54038155    0.73290516    0.76034122    0.76096805    1.03089828    0.76338354    0.00000000    0.56811002    0.61857828    0.68172071    0.66987692    0.68807252    0.69274415
A0A2H5VGT2_9BACT/15-56     0.58887316    0.59440871    0.65631442    0.58536345    0.94519588    0.71446540    0.78985081    1.01672595    0.91377639    0.56811002    0.00000000    0.56979849    0.65874408    0.64653176    0.84579151    0.91479183
A0A2H5X0R8_9BACT/20-62     0.35817638    0.44925345    0.58636270    0.68885954    0.53009971    0.88634529    1.01782871    1.16307383    0.78217997    0.61857828    0.56979849    0.00000000    0.48908011    0.45062336    0.52213846    0.57828777
A0A4Q5NWL9_9BACT/22-64     0.49459868    0.48265779    0.61914544    0.68272400    0.82409696    1.07171191    0.87470818    1.02833466    0.82483209    0.68172071    0.65874408    0.48908011    0.00000000    0.49728241    0.56572030    0.72146716
A0A068NMV8_9BACT/17-60     0.46467785    0.52392087    0.69866856    0.68584225    0.75719825    0.83714205    0.80065281    1.00427345    0.73035896    0.66987692    0.64653176    0.45062336    0.49728241    0.00000000    0.41471336    0.68625672
A0A1Y0H3W3_9BACT/17-60     0.52238567    0.44561351    0.80005758    0.69577931    0.77923088    0.95445078    1.06429079    1.25178646    0.77450024    0.68807252    0.84579151    0.52213846    0.56572030    0.41471336    0.00000000    0.48044591
A0A1Y0H729_9BACT/18-61     0.59179639    0.66977179    0.77674470    0.79914917    0.84535774    0.75607315    1.12995649    1.29503923    0.77822014    0.69274415    0.91479183    0.57828777    0.72146716    0.68625672    0.48044591    0.00000000

