34
A0A1S1QFF2_9ACTN/10-251     0.00000000    0.63044192    1.40221516    1.49236964    1.83731312    1.62442146    1.97516006    1.62471212    1.98816095    1.83918452    1.89136122    1.75623212    2.20867606    1.54533985    1.72290890    1.70018016    1.54836519    1.77248543    2.01175972    1.91407486    2.09271484    1.83529351    1.65553052    1.69289164    1.66137619    2.30953318    2.59832864    2.65754682    2.32226228    2.27104799    1.97597577    2.59662527    2.08763878    1.81185578
A0A1S1QG02_9ACTN/4-216     0.63044192    0.00000000    1.42756738    1.30419963    1.84842094    1.80582568    1.87869873    1.79019515    2.02288756    1.93710034    2.24637673    1.74605431    2.31307601    1.59460358    1.89377654    1.88565330    1.75479192    1.84749764    1.98994469    1.92237405    2.09328629    1.88183789    1.69342634    1.70572857    1.69145100    2.35470835    2.42873228    2.51741040    2.53085509    2.74285006    2.33287472    2.91640515    2.26218923    1.76692452
A8L3R6_FRASN/120-330     1.40221516    1.42756738    0.00000000    1.06001874    1.77682433    1.66794356    1.60981804    1.78402232    2.02747839    1.74599482    1.78591371    1.62815351    1.97021220    1.24408425    1.71461818    1.83211231    1.49596450    1.77764621    2.13087197    2.20177000    1.96145937    1.65658646    1.41992649    1.48938520    1.65522444    2.71387379    2.66817411    2.28000257    2.30964788    2.18030761    2.06670376    2.66859491    1.90373172    1.59035589
A0A1S1QF37_9ACTN/108-315     1.49236964    1.30419963    1.06001874    0.00000000    1.58680227    1.60217042    1.55669981    1.77955027    2.39533754    1.72330040    1.76885386    1.47336947    1.74576585    1.41916171    1.49452971    1.95837488    1.39493923    1.61870335    1.76007401    1.82510973    1.76039171    1.42170178    1.54327842    1.52799037    1.58907085    2.49812264    1.94982179    1.95391281    2.12163119    2.30929892    2.21333572    2.23970390    1.83844619    1.65783350
F8AYB9_9ACTN/11-242     1.83731312    1.84842094    1.77682433    1.58680227    0.00000000    1.55722360    1.67733760    1.72721284    2.10162748    1.72245690    1.70027526    1.67180983    1.99541005    1.49573833    1.60521303    1.84362553    1.37873475    1.80551578    1.96198492    2.01896498    1.69881407    1.44964294    1.65900969    1.59442049    1.45513341    2.35433130    2.58476395    2.55599917    2.44462293    3.06358794    2.58701552    2.89359025    1.95937739    1.66086779
A0A429FKE3_9ACTN/27-229     1.62442146    1.80582568    1.66794356    1.60217042    1.55722360    0.00000000    1.52892120    1.23211219    1.59011057    1.37554739    1.64232053    1.42575588    2.08623025    1.36567306    1.69942576    1.93412030    1.34397353    1.66136048    1.79211647    1.83749761    2.18046760    1.76055757    1.82472013    1.68979237    1.73435151    2.42046645    2.67247228    2.31306656    2.64158259    2.16705201    2.23857545    2.82022628    2.05088813    1.74075489
A0A4U3MJM4_9ACTN/7-171     1.97516006    1.87869873    1.60981804    1.55669981    1.67733760    1.52892120    0.00000000    1.23026755    1.57000648    1.38357587    1.76548742    1.93839916    1.98023163    1.73250059    1.69271580    2.07952813    1.92137393    1.82973532    1.98321707    1.84636294    2.07776074    1.77601859    1.56501561    1.63678769    1.62279247    2.55148874    2.43607276    2.75580289    2.51497650    2.58901429    2.26579106    2.76343965    2.03395193    1.69070962
D3D729_9ACTN/8-216     1.62471212    1.79019515    1.78402232    1.77955027    1.72721284    1.23211219    1.23026755    0.00000000    1.24880469    1.20040173    1.64477316    1.55389583    2.07730857    1.44481049    1.62921610    1.93477735    1.36907624    1.45422039    1.64684524    1.61134869    2.00999113    1.61822965    1.78485351    1.81258559    1.74939231    2.63749023    2.73171463    2.50223664    2.73221632    2.29511961    2.73981484    2.99328832    1.83590768    1.78903154
C7PYD3_CATAD/9-236     1.98816095    2.02288756    2.02747839    2.39533754    2.10162748    1.59011057    1.57000648    1.24880469    0.00000000    1.20847772    2.20311011    1.84192263    2.24316347    1.65904848    2.00703673    2.03938991    2.08018240    1.92895249    2.10175490    2.10737433    2.31220622    1.98726136    2.08985597    1.72837467    2.14203062    2.85632809    3.11301757    2.88069365    2.91118324    2.50052381    2.92766540    3.31533992    2.64234493    2.20335517
A0A5M3WCM8_9ACTN/8-218     1.83918452    1.93710034    1.74599482    1.72330040    1.72245690    1.37554739    1.38357587    1.20040173    1.20847772    0.00000000    2.00107547    1.54273582    2.08695870    1.47961365    1.67572598    1.80060123    1.41931129    1.78158948    1.74185250    1.93902708    2.22969408    1.87489101    1.82013501    1.74454128    1.91557247    2.68999912    2.44247086    2.31576517    2.70023886    2.45355744    2.49585318    2.44894771    2.02467935    1.69579815
A0A438M8U0_9ACTN/10-182     1.89136122    2.24637673    1.78591371    1.76885386    1.70027526    1.64232053    1.76548742    1.64477316    2.20311011    2.00107547    0.00000000    2.11406474    2.12629941    1.87060464    1.76888498    1.97634467    1.51811613    2.28525902    1.95585798    2.20797415    2.03741975    1.73223004    1.67912741    1.73404545    1.47714760    2.39401718    3.08059999    2.49606160    1.98924382    2.44442814    2.26842782    2.85097636    2.16799499    2.05258639
A0A2S6GT20_9PSEU/8-200     1.75623212    1.74605431    1.62815351    1.47336947    1.67180983    1.42575588    1.93839916    1.55389583    1.84192263    1.54273582    2.11406474    0.00000000    1.99983666    1.26211822    1.59233963    1.78458649    1.28904025    1.43492264    1.39018376    1.54237151    2.13056332    1.83676440    1.83714242    1.64822843    1.99605590    2.21279231    2.82772477    2.55416771    3.05613214    2.41799589    2.48600828    2.75867748    1.78027494    1.70289078
A0A1Y5YAA2_KIBAR/21-210     2.20867606    2.31307601    1.97021220    1.74576585    1.99541005    2.08623025    1.98023163    2.07730857    2.24316347    2.08695870    2.12629941    1.99983666    0.00000000    1.42604406    1.43481936    1.74231793    1.85522740    1.75792290    1.75936234    1.93506706    2.05987824    1.89198684    1.64043389    1.64721038    1.76343869    2.62414330    2.84460671    2.96979397    2.97827457    2.45113788    2.46073998    2.43205468    2.09833266    1.92275427
A0A010YLS5_9ACTN/8-171     1.54533985    1.59460358    1.24408425    1.41916171    1.49573833    1.36567306    1.73250059    1.44481049    1.65904848    1.47961365    1.87060464    1.26211822    1.42604406    0.00000000    0.84907416    1.54426753    1.52507260    1.43821665    1.67573227    1.81289326    1.83195353    1.67216732    1.53621118    1.61660107    1.40230870    2.25744037    2.17864496    2.35031452    2.68126002    2.13159355    2.11590255    2.71039044    1.74460210    1.42102856
A0A1H1Y8E9_9ACTN/8-203     1.72290890    1.89377654    1.71461818    1.49452971    1.60521303    1.69942576    1.69271580    1.62921610    2.00703673    1.67572598    1.76888498    1.59233963    1.43481936    0.84907416    0.00000000    1.50144920    1.48797698    1.49761086    1.91864731    1.70697967    1.89828269    1.76541340    1.71878527    1.53365519    1.69432614    2.41911258    2.34290719    2.45703039    2.83824409    2.10404559    2.19067174    2.77254749    2.04006651    1.77774591
W7ST62_9PSEU/10-203     1.70018016    1.88565330    1.83211231    1.95837488    1.84362553    1.93412030    2.07952813    1.93477735    2.03938991    1.80060123    1.97634467    1.78458649    1.74231793    1.54426753    1.50144920    0.00000000    1.50504687    1.57713842    1.74540221    1.51491618    2.01739703    1.99384544    1.95498628    1.72409690    1.64354142    2.64088256    2.81783307    2.71454043    2.85535365    2.15572346    2.41030055    2.74357170    2.53220884    2.16491035
A0A1X7C7J5_9ACTN/12-224     1.54836519    1.75479192    1.49596450    1.39493923    1.37873475    1.34397353    1.92137393    1.36907624    2.08018240    1.41931129    1.51811613    1.28904025    1.85522740    1.52507260    1.48797698    1.50504687    0.00000000    0.95993694    1.23709941    1.34953293    1.85178317    1.67968869    1.58031949    1.55811229    1.73036737    2.19975655    2.25253096    2.16061995    2.39211743    2.14998151    1.81630632    2.38126661    1.75790846    1.57565035
A0A545APA1_9ACTN/10-220     1.77248543    1.84749764    1.77764621    1.61870335    1.80551578    1.66136048    1.82973532    1.45422039    1.92895249    1.78158948    2.28525902    1.43492264    1.75792290    1.43821665    1.49761086    1.57713842    0.95993694    0.00000000    1.61894487    1.45876637    2.28702037    1.85826668    2.13752693    1.79792764    1.94454442    2.96375801    2.73906076    2.48426516    2.81046310    2.22829272    2.08310174    2.65923217    2.02513917    1.85825359
K0K3J1_SACES/6-200     2.01175972    1.98994469    2.13087197    1.76007401    1.96198492    1.79211647    1.98321707    1.64684524    2.10175490    1.74185250    1.95585798    1.39018376    1.75936234    1.67573227    1.91864731    1.74540221    1.23709941    1.61894487    0.00000000    1.46846774    2.35981960    1.98721283    1.97562288    1.76219545    1.75451416    2.25557836    2.68741755    2.45163479    2.79837789    2.37299894    2.38324690    2.36154510    1.97256929    2.04367796
A0A4R6J9T8_9ACTN/10-207     1.91407486    1.92237405    2.20177000    1.82510973    2.01896498    1.83749761    1.84636294    1.61134869    2.10737433    1.93902708    2.20797415    1.54237151    1.93506706    1.81289326    1.70697967    1.51491618    1.34953293    1.45876637    1.46846774    0.00000000    2.19191731    2.01243047    1.96449739    1.96476055    1.80147705    2.21775087    2.29779902    2.43771644    2.81366589    2.10926506    2.22305470    2.98740047    1.93510665    1.93933798
A0A1G7XEC5_9PSEU/9-212     2.09271484    2.09328629    1.96145937    1.76039171    1.69881407    2.18046760    2.07776074    2.00999113    2.31220622    2.22969408    2.03741975    2.13056332    2.05987824    1.83195353    1.89828269    2.01739703    1.85178317    2.28702037    2.35981960    2.19191731    0.00000000    1.55303219    1.46439922    1.49498983    1.73409223    2.53121664    2.40204317    2.35401070    2.18585513    2.45875540    2.53659935    3.02052487    1.77651745    1.73856687
A0A4R4P2T3_9ACTN/7-208     1.83529351    1.88183789    1.65658646    1.42170178    1.44964294    1.76055757    1.77601859    1.61822965    1.98726136    1.87489101    1.73223004    1.83676440    1.89198684    1.67216732    1.76541340    1.99384544    1.67968869    1.85826668    1.98721283    2.01243047    1.55303219    0.00000000    1.25983246    1.06640810    1.51749219    2.16547147    2.16450209    2.22197183    2.06574697    2.29084591    2.12202130    2.39304277    1.57585864    1.52396523
A0A2B8AVU4_9ACTN/6-216     1.65553052    1.69342634    1.41992649    1.54327842    1.65900969    1.82472013    1.56501561    1.78485351    2.08985597    1.82013501    1.67912741    1.83714242    1.64043389    1.53621118    1.71878527    1.95498628    1.58031949    2.13752693    1.97562288    1.96449739    1.46439922    1.25983246    0.00000000    0.65099325    1.28405551    2.22656277    2.24584026    2.11249211    2.00160383    2.06969917    1.91870771    2.73734931    1.83473134    1.65256881
A0A6G2B5T9_9ACTN/6-228     1.69289164    1.70572857    1.48938520    1.52799037    1.59442049    1.68979237    1.63678769    1.81258559    1.72837467    1.74454128    1.73404545    1.64822843    1.64721038    1.61660107    1.53365519    1.72409690    1.55811229    1.79792764    1.76219545    1.96476055    1.49498983    1.06640810    0.65099325    0.00000000    1.50804417    2.54621204    2.45407654    2.16238441    2.08460260    1.99515500    2.05563353    2.71455748    1.89084518    1.55623894
C7PYD7_CATAD/15-225     1.66137619    1.69145100    1.65522444    1.58907085    1.45513341    1.73435151    1.62279247    1.74939231    2.14203062    1.91557247    1.47714760    1.99605590    1.76343869    1.40230870    1.69432614    1.64354142    1.73036737    1.94454442    1.75451416    1.80147705    1.73409223    1.51749219    1.28405551    1.50804417    0.00000000    2.09955234    2.00020803    1.86392346    1.94504602    1.58022709    1.92273967    2.30456579    2.11059295    1.59294661
A0A1C4RG02_9ACTN/10-215     2.30953318    2.35470835    2.71387379    2.49812264    2.35433130    2.42046645    2.55148874    2.63749023    2.85632809    2.68999912    2.39401718    2.21279231    2.62414330    2.25744037    2.41911258    2.64088256    2.19975655    2.96375801    2.25557836    2.21775087    2.53121664    2.16547147    2.22656277    2.54621204    2.09955234    0.00000000    2.08234490    2.26732017    2.40858000    2.24842494    2.25910835    3.00578276    2.50046093    2.36518641
A0A504ENY0_9RHIZ/12-223     2.59832864    2.42873228    2.66817411    1.94982179    2.58476395    2.67247228    2.43607276    2.73171463    3.11301757    2.44247086    3.08059999    2.82772477    2.84460671    2.17864496    2.34290719    2.81783307    2.25253096    2.73906076    2.68741755    2.29779902    2.40204317    2.16450209    2.24584026    2.45407654    2.00020803    2.08234490    0.00000000    1.19536433    1.38431715    2.18415995    2.01581007    3.08455267    2.69384615    2.37646421
A0A1I2JCC6_9ACTN/8-255     2.65754682    2.51741040    2.28000257    1.95391281    2.55599917    2.31306656    2.75580289    2.50223664    2.88069365    2.31576517    2.49606160    2.55416771    2.96979397    2.35031452    2.45703039    2.71454043    2.16061995    2.48426516    2.45163479    2.43771644    2.35401070    2.22197183    2.11249211    2.16238441    1.86392346    2.26732017    1.19536433    0.00000000    1.09189790    2.08753809    2.50607843    2.86370189    2.76541927    2.04159198
A0A239ISV6_9ACTN/8-222     2.32226228    2.53085509    2.30964788    2.12163119    2.44462293    2.64158259    2.51497650    2.73221632    2.91118324    2.70023886    1.98924382    3.05613214    2.97827457    2.68126002    2.83824409    2.85535365    2.39211743    2.81046310    2.79837789    2.81366589    2.18585513    2.06574697    2.00160383    2.08460260    1.94504602    2.40858000    1.38431715    1.09189790    0.00000000    2.11798097    2.29172501    2.74014080    2.29431898    2.22182828
A0A0M8UWR4_9ACTN/25-215     2.27104799    2.74285006    2.18030761    2.30929892    3.06358794    2.16705201    2.58901429    2.29511961    2.50052381    2.45355744    2.44442814    2.41799589    2.45113788    2.13159355    2.10404559    2.15572346    2.14998151    2.22829272    2.37299894    2.10926506    2.45875540    2.29084591    2.06969917    1.99515500    1.58022709    2.24842494    2.18415995    2.08753809    2.11798097    0.00000000    1.78675309    2.75653368    2.04024214    2.50806773
A0A516RIQ3_STRST/8-205     1.97597577    2.33287472    2.06670376    2.21333572    2.58701552    2.23857545    2.26579106    2.73981484    2.92766540    2.49585318    2.26842782    2.48600828    2.46073998    2.11590255    2.19067174    2.41030055    1.81630632    2.08310174    2.38324690    2.22305470    2.53659935    2.12202130    1.91870771    2.05563353    1.92273967    2.25910835    2.01581007    2.50607843    2.29172501    1.78675309    0.00000000    2.43224690    2.18846301    2.26270328
H2JYC8_STRHJ/11-228     2.59662527    2.91640515    2.66859491    2.23970390    2.89359025    2.82022628    2.76343965    2.99328832    3.31533992    2.44894771    2.85097636    2.75867748    2.43205468    2.71039044    2.77254749    2.74357170    2.38126661    2.65923217    2.36154510    2.98740047    3.02052487    2.39304277    2.73734931    2.71455748    2.30456579    3.00578276    3.08455267    2.86370189    2.74014080    2.75653368    2.43224690    0.00000000    2.59495398    2.66806280
A0A1G7XDB7_9PSEU/8-206     2.08763878    2.26218923    1.90373172    1.83844619    1.95937739    2.05088813    2.03395193    1.83590768    2.64234493    2.02467935    2.16799499    1.78027494    2.09833266    1.74460210    2.04006651    2.53220884    1.75790846    2.02513917    1.97256929    1.93510665    1.77651745    1.57585864    1.83473134    1.89084518    2.11059295    2.50046093    2.69384615    2.76541927    2.29431898    2.04024214    2.18846301    2.59495398    0.00000000    1.47722514
A0A0D0VYV8_9ACTN/10-229     1.81185578    1.76692452    1.59035589    1.65783350    1.66086779    1.74075489    1.69070962    1.78903154    2.20335517    1.69579815    2.05258639    1.70289078    1.92275427    1.42102856    1.77774591    2.16491035    1.57565035    1.85825359    2.04367796    1.93933798    1.73856687    1.52396523    1.65256881    1.55623894    1.59294661    2.36518641    2.37646421    2.04159198    2.22182828    2.50806773    2.26270328    2.66806280    1.47722514    0.00000000

