113
C0EFE9_9FIRM/5-120     0.00000000    1.35546676    1.23133010    0.84952448    1.19067566    1.12313251    1.02388387    1.02184612    1.39730604    1.33812236    1.79890548    1.76479757    1.97364261    2.56433687    1.56043428    1.56398211    1.62314103    1.57763259    1.57431756    1.78630151    1.67364852    1.58736839    1.63424667    2.07098983    1.70714566    2.00213849    2.48089521    2.34643663    2.24031795    2.61574406    2.81054859    2.75936062    2.90260641    3.15810831    3.27876345    2.58123689    1.98337031    2.65683332    2.51399400    2.42268016    2.61563488    2.63594048    2.72035072    1.78442149    1.58601310    1.45557369    1.66745538    1.76680414    1.43421919    1.19512181    1.17373616    2.02056946    1.58405378    1.13719452    1.29369900    1.58796184    1.62816435    1.41893257    1.45174711    1.33407938    1.27937948    1.17601358    1.04586913    1.55035647    1.03001613    1.19879387    1.38614921    1.43135182    1.71339309    1.56577759    1.60134953    1.74768785    1.88019076    1.61692107    1.65750868    1.37921483    1.42297672    1.44958073    1.96955906    2.11916544    2.06649499    2.25203591    2.16118452    1.84815627    1.86907134    1.47614720    1.63646672    1.75715538    1.14322897    1.72086623    1.94827693    2.26517982    1.67566630    1.53889926    1.78748094    1.68035660    1.54487395    1.48651809    1.55752114    1.58419435    1.47814537    2.03809267    1.49878594    1.74960388    1.60876302    1.43845356    1.72183942    2.06380182    2.05009964    1.75762688    1.55797785    1.49991882    1.17810333
R6N561_9CLOT/2-119     1.35546676    0.00000000    1.75831453    1.56615191    1.46792878    1.30895421    1.21323914    1.73609112    1.62117994    1.82452902    2.33713982    2.30142563    2.42523740    2.64455696    2.01934307    2.13514661    2.13972190    2.22332904    2.13155924    2.16218655    2.11816852    2.38302605    1.94051568    2.05309429    1.74307688    2.63446516    2.84936162    2.97036853    2.81640818    2.60059404    3.67185209    3.10954580    2.95752679    2.93968534    3.18809623    3.41630750    3.37680393    3.84539493    2.98026397    2.45010072    2.71433951    2.84195514    2.86602625    2.15855372    1.95661070    1.87401358    1.97510892    2.06868208    1.95837230    1.78615429    1.65486842    2.31536482    1.76212202    1.72533388    1.79720399    1.84048732    2.42744850    2.22445007    1.89883777    2.06927639    2.30469364    1.84627484    2.01204928    1.90811673    1.75235204    1.94813542    2.26968789    1.89898680    2.29808860    1.93262079    2.09269035    2.24466154    2.26332433    2.00368431    2.04115051    2.09278720    2.25426859    2.22234146    2.27388082    2.44857339    2.75870473    2.57713908    2.62096137    2.32578270    2.32998208    1.74070525    1.94100433    2.14180054    1.67496380    2.12976813    2.17770761    2.07828825    1.98219336    1.89030834    2.10851462    2.15362378    1.96043187    1.73097886    1.99528851    1.87938235    1.87979172    2.42469576    2.00842327    2.47484809    2.32460979    2.10693408    2.22755324    2.21385203    2.26032739    1.98802281    2.02282537    2.01348732    1.48982869
A0A3A9EFJ1_9FIRM/2-117     1.23133010    1.75831453    0.00000000    1.06882914    1.53297059    1.33655068    1.29153124    1.42726425    1.74686809    1.74553363    2.39774286    1.98047973    2.43604951    2.86880730    2.22375297    2.26149078    2.08359283    2.13346615    1.89325553    1.91755182    1.88010104    2.02818324    1.70191834    2.14551956    1.96512671    2.21013925    2.55092772    2.26780038    2.43902040    2.33783207    2.92445511    3.00576587    2.73687512    2.76863214    3.01294133    3.10008150    2.31019678    3.36178525    2.46759050    1.91241604    1.94161027    2.17649409    2.32648751    2.18684468    2.27229657    1.72431119    1.72896712    1.99814670    1.86174958    1.56956135    1.47727251    2.18572107    1.65137143    1.57191365    1.25905777    1.64825331    1.73646582    1.35878398    1.42957868    1.39728768    1.28615317    1.48963569    1.66501274    1.90250878    1.51046547    1.43645244    2.05955315    1.75996156    1.88844687    1.71648866    1.75752212    1.86744377    2.20660439    1.77584868    1.78515899    1.73167905    1.79589444    1.76226274    2.07637449    1.81873226    1.93152092    1.99108361    2.06688486    1.94412270    1.86011608    1.69480268    1.84188724    1.67413283    1.31247212    1.97421871    1.82061724    2.07461098    1.70827052    1.73934230    1.67503697    1.51577804    1.70164638    1.56730049    1.54094397    1.57533558    1.57536146    2.23637654    1.68255080    1.83058300    1.55341511    1.59553387    1.87532684    1.72437580    2.13892126    1.69344206    1.59005271    1.41717329    1.53658127
A6NPX8_9FIRM/1-115     0.84952448    1.56615191    1.06882914    0.00000000    1.09541134    1.04521746    1.04469989    1.10374429    1.27679536    1.73212244    2.15458987    1.83376099    1.90129729    2.36220956    1.69277212    1.67543750    1.66057949    1.60806263    1.77606256    1.72970092    1.69709771    1.69517273    1.45418224    2.01341601    1.63225715    1.78873251    2.06703211    1.80200593    1.82081229    1.87935166    1.95457769    2.21679118    2.39199330    2.35650072    2.21921828    2.39083994    1.91903708    2.45418366    1.91306421    1.61007222    1.85676814    1.84719581    1.98483789    1.74665559    1.64311866    1.17819840    1.31129239    1.70132133    1.80295404    1.07803469    0.98039030    1.73386171    1.47080083    1.09858545    1.14317268    1.32425636    1.06545082    0.97511821    1.02218905    0.99342839    0.96299786    1.03535768    1.18587904    1.48589186    1.06274904    1.26337901    1.47509442    1.52194576    1.58751755    1.45387374    1.28424461    1.52664922    1.67297260    1.45710939    1.40531196    1.40518738    1.60089990    1.49668082    2.00541524    2.07426085    1.97749567    1.96658838    2.04234534    1.95964947    2.01548608    1.12091167    1.70304480    1.52406170    1.09440142    1.37865780    1.52047417    1.75371436    1.44303662    1.41718927    1.49868682    1.60686064    1.36361920    1.30865261    1.41602267    1.41510629    1.29494737    2.10701338    1.36859521    1.66534400    1.66324488    1.63615266    1.56706960    1.75901049    1.65116348    1.50226575    1.45242906    1.22734702    1.01799286
A0A265QBA8_9FIRM/1-116     1.19067566    1.46792878    1.53297059    1.09541134    0.00000000    0.46073981    0.64752675    0.82013465    1.24117655    1.72795591    1.44218310    1.57048396    1.60337658    2.58386959    1.53420612    1.64220099    1.44553530    1.57480711    1.52837777    1.37661773    1.45447449    1.25009025    1.22951061    1.62341346    1.67564505    2.02108220    2.37071953    2.21114825    2.10247834    2.50498897    2.31900742    2.57302797    2.13632245    2.28250365    2.60433880    2.32088239    2.37417755    2.76613087    2.21952004    2.21623988    2.32611620    2.31551092    2.60488971    1.89817584    1.55038006    1.23506268    1.38268716    1.40781613    1.69535161    1.26498017    0.95114031    1.52283258    1.42397465    1.07677968    1.29084779    1.55911301    1.55334007    1.41621582    1.44742621    1.37703309    1.43032023    1.17925034    1.27928632    1.32554741    0.91150144    1.19773145    1.35168686    1.60190243    1.76082575    1.49033138    1.49185219    1.77715966    1.98649896    1.77971923    1.40248434    1.65792447    1.74335952    1.52423497    1.84414869    2.12998376    2.06880472    2.41226230    2.14968800    1.77610235    1.83294047    1.31801314    1.71259108    1.52596727    1.43941716    1.50333644    1.44883395    1.95914923    1.38870669    1.36199440    1.39980887    1.33430351    1.44217878    1.43717821    1.29485310    1.44107441    1.31152774    1.87125625    1.35514529    1.53645159    1.62624763    1.44921410    1.33999674    1.50220115    1.73208704    1.30170914    1.42859196    1.53274500    1.23935958
A0A1H3MD97_9FIRM/1-116     1.12313251    1.30895421    1.33655068    1.04521746    0.46073981    0.00000000    0.72236973    0.93075567    1.19934798    1.90896687    1.71781179    1.61675055    1.88519149    2.25142062    1.47006424    1.58148976    1.62330814    1.55918888    1.65581099    1.43294387    1.57487791    1.46479038    1.26373343    1.84947547    1.78927920    1.79271046    2.12405277    1.80776828    2.11549125    2.34858542    2.32365916    2.54579569    2.21966188    2.15245010    2.47236599    2.27832569    2.06054239    2.49085215    1.88768653    1.93613200    2.14464024    2.17519631    2.43459256    1.91165734    1.53844532    1.32482260    1.35176561    1.36607665    1.55284164    1.29711024    0.92063388    1.48055969    1.52520846    1.23528256    1.14534503    1.40833729    1.46720020    1.39445573    1.33849048    1.21670057    1.34570793    1.07424015    1.20587854    1.44234363    0.96520593    1.12185473    1.31225862    1.46141042    1.68831665    1.27104621    1.44227539    1.58254144    1.79304805    1.40831290    1.38932750    1.37569101    1.52952053    1.33841439    1.81351440    1.97595687    1.85446359    2.15649640    1.87599025    1.48825573    1.52421699    1.25211146    1.71317530    1.45679515    1.18960132    1.20438204    1.35738684    1.79130340    1.23855308    1.22015626    1.08140677    1.40384154    1.34306124    1.42078553    1.28991193    1.38763851    1.20945221    1.82086875    1.28777220    1.45197591    1.51345517    1.51033947    1.18162785    1.50035392    1.66126868    1.33355475    1.58372031    1.55418822    1.10008129
A0A1M4M423_9FIRM/2-117     1.02388387    1.21323914    1.29153124    1.04469989    0.64752675    0.72236973    0.00000000    0.76194921    1.16140575    1.66609707    1.55141104    1.42657020    1.87606159    2.44397660    1.58599975    1.53893397    1.37415658    1.52194057    1.49247254    1.39473349    1.62644605    1.57627981    1.19321083    1.69658293    1.54685328    1.98360453    2.48408292    2.28554653    2.12906541    2.45252163    2.81891804    2.75286261    2.77380862    2.45691797    3.05007865    2.71405799    2.36933935    2.92113948    2.10903378    2.48782635    2.45346281    2.83347552    2.93531314    1.96080199    1.67640304    1.25352391    1.43630990    1.51810418    1.59127874    1.12039460    1.00642025    1.59662357    1.38361211    1.04493965    1.04698363    1.41528794    1.61474319    1.44615648    1.13847837    1.22397254    1.33622509    1.03501800    1.07657508    1.36561761    0.80571292    1.08240931    1.22459987    1.38972483    1.61292183    1.18404737    1.29252935    1.49579969    1.83886188    1.41658874    1.28153416    1.30798281    1.36048033    1.19312252    1.66144794    1.70665854    1.73410127    2.11838941    1.96490776    1.55349227    1.69394042    1.18353135    1.53827822    1.55306806    1.18109517    1.44603384    1.46951115    1.60663301    1.27429243    1.21348868    1.25298610    1.26445814    1.39706100    1.39154297    1.39801800    1.46412657    1.36186032    1.77397146    1.12897238    1.47028407    1.47301000    1.40992904    1.34861534    1.50372356    1.69352149    1.46487694    1.43930279    1.54687401    1.19280239
A0A1U7M750_TISCR/1-116     1.02184612    1.73609112    1.42726425    1.10374429    0.82013465    0.93075567    0.76194921    0.00000000    1.52452813    1.66391200    1.70015430    1.55077275    1.83574657    2.72572343    1.39467763    1.45554851    1.52677159    1.62508192    1.44130195    1.38561270    1.34692866    1.72014241    1.36146486    1.98820576    1.86826747    1.99441370    2.64588921    2.29119123    2.29950133    2.35517532    2.60477748    2.79198058    2.44240144    2.14840303    2.66799760    2.55351568    1.94369531    2.43428456    2.36517758    2.46383986    2.45215072    2.62991115    2.82259620    2.00910378    1.63642042    1.38742727    1.60773443    1.61983496    1.75888240    0.92557400    0.89568729    1.70563855    1.40397343    1.09489084    1.20039145    1.68411773    1.58659479    1.59431137    1.34909851    1.36142939    1.42228150    1.08041365    1.27885282    1.34997940    0.87618173    1.01174148    1.37337718    1.48934930    1.68398629    1.49782987    1.58459462    1.65927116    1.86236500    1.76484513    1.63842296    1.54905646    1.58678811    1.48713481    1.91811504    1.96171667    1.80294304    2.19820508    2.04155721    1.55419468    1.67865715    1.47441862    1.41855427    1.47172198    1.17686673    1.48400992    1.53243994    2.06980695    1.46576019    1.64497062    1.50261894    1.50383183    1.33567784    1.39053524    1.48134089    1.47126562    1.55675478    1.67179798    1.51852825    1.75850488    1.76956103    1.70217991    1.56613092    1.60814571    1.70266531    1.54990994    1.59248322    1.57880561    1.20815910
A0A1H8QCI9_9BACI/1-116     1.39730604    1.62117994    1.74686809    1.27679536    1.24117655    1.19934798    1.16140575    1.52452813    0.00000000    1.49911058    1.62446161    1.48565498    1.72626325    1.99736771    1.40865115    1.60073343    1.52617616    1.51773719    1.46762084    1.41388046    1.28503529    1.34559880    1.47358986    1.93970524    2.07438588    2.01311057    2.24035491    2.07221671    2.26876641    2.41037087    2.33790104    2.77521126    2.46091558    2.67211553    2.56431340    2.82599277    2.33282256    3.02998974    2.45907083    2.36439545    2.65221675    2.76982942    2.68091571    1.87280223    2.10507859    1.25376693    1.37846312    1.55906527    2.01406357    1.40825961    1.36360279    1.85250256    1.72145726    1.40696707    1.23201198    1.43848653    1.77451461    1.38107253    1.44073342    1.50931603    1.49937552    1.29525369    1.28389321    1.84318062    1.02390205    1.46774237    1.50524523    1.51060864    1.67904931    1.61241957    1.36888177    1.62896532    1.56063639    1.43671911    1.71164797    1.40471530    1.81510523    1.54425346    1.96554729    1.93511567    1.93775870    1.94295747    2.05325661    1.75068841    1.96009731    1.56710936    1.66658197    1.48176385    1.17203698    1.61439718    1.81673170    1.91749258    1.70321039    1.57002656    1.62989541    1.66992487    1.52433839    1.68375545    1.38900064    1.38372177    1.39031662    2.14919822    1.51500443    1.46213591    1.56745823    1.54407978    1.33178702    1.43418910    1.71460929    1.86586802    1.74114280    1.53710594    1.33568436
R6GSI8_9CLOT/2-123     1.33812236    1.82452902    1.74553363    1.73212244    1.72795591    1.90896687    1.66609707    1.66391200    1.49911058    0.00000000    1.41384436    1.19465058    1.76262526    2.07079564    1.28397532    1.33163083    1.24029589    1.47359623    1.45239937    1.46452245    1.37658133    1.47498634    1.97981651    2.11190194    2.05633439    2.64159176    2.54823475    2.60425288    2.47338982    2.58969521    2.43723003    2.99570689    2.68645086    2.95922205    3.31405239    2.88585369    2.35714812    2.73105757    2.90418889    2.56543768    2.73911881    2.88031347    2.74057619    1.73301521    1.55416766    1.64566245    1.84771921    1.93638915    2.08325272    1.66130514    1.74753173    2.66703256    1.92730343    1.50105743    1.63170082    1.79246162    1.94210999    1.73449963    1.82442828    1.65355006    1.82541165    1.39362332    1.71119159    2.13570925    1.49136049    1.46973980    1.52732555    1.72034835    1.85057480    1.89540425    1.74386634    1.91569012    1.90220626    1.43524545    1.87936828    1.56977342    1.71367534    1.73003404    1.98559032    2.09958184    2.30890544    2.00994797    2.51948875    2.29835963    2.43414377    1.66753886    1.94695563    1.76241696    1.39846211    2.08731149    2.12639855    2.57334193    2.25036361    2.15110960    2.54736706    2.46611977    2.45738038    2.59780830    1.87883129    1.92172058    1.83184188    2.12337797    1.97090661    1.93438862    1.99203305    1.73611960    1.76662493    2.18149791    1.95318668    1.93143607    2.16085190    2.22775880    1.66850035
A0A0J8D9K5_CLOCY/1-123     1.79890548    2.33713982    2.39774286    2.15458987    1.44218310    1.71781179    1.55141104    1.70015430    1.62446161    1.41384436    0.00000000    1.17975468    1.18154765    2.18336951    1.04311555    1.08399516    1.12932832    1.01098165    0.84628912    0.87378888    0.84333711    1.07186957    2.28619964    1.70220683    2.07235691    2.58438922    2.57124254    2.56617177    2.31375988    2.63943054    2.36127558    3.44443902    2.99310270    3.16087273    3.18585394    3.28858384    2.57508076    2.74314138    2.43670525    2.70537245    2.96432557    2.73150800    3.06629934    1.75777660    1.90295606    1.73541273    1.86094119    1.83607365    2.01576929    1.72358956    1.72577457    2.24206383    1.64127122    1.78099916    1.43632601    2.04657140    2.07519458    1.82827708    2.23775260    2.04812363    2.18019578    1.61234579    1.43431085    2.06029284    1.56838363    1.76459755    1.66467832    1.78622639    2.17582263    1.94208783    1.52709231    2.08943351    2.16060492    1.93739854    1.84586697    1.83825101    1.90571279    1.54045821    2.23301818    1.98756188    2.12278638    1.96118283    2.38513152    2.19395355    2.16808158    1.94069273    1.96170391    2.03129106    1.66067439    2.11964695    1.55549434    2.13138464    1.83138317    1.78229432    1.86487019    1.95648864    2.20686812    2.25611876    1.91718049    1.78809571    1.90652095    2.46200376    1.80764866    1.83330926    1.98038415    1.84854380    1.84965327    1.78703908    1.77899580    1.79154160    1.82116356    1.98974912    1.63607750
Q8XME1_CLOPE/2-121     1.76479757    2.30142563    1.98047973    1.83376099    1.57048396    1.61675055    1.42657020    1.55077275    1.48565498    1.19465058    1.17975468    0.00000000    0.81525461    1.99098487    0.76600782    0.87814780    0.81135459    1.06910412    0.89288856    1.04723588    0.86135361    1.31531242    1.73462385    2.10367640    2.44525800    2.64714995    2.46061048    2.44390416    2.52473928    2.69698103    2.60927136    2.95458553    2.75739535    2.88791002    2.83468461    3.25615191    2.67304142    2.70610712    2.41696502    2.58846254    2.70053724    2.80254479    2.78566492    1.71136552    1.40616645    1.71316487    1.93235335    1.84487585    2.20012306    1.55951983    1.54817370    2.16566567    1.52317245    1.45459057    1.60499221    1.81463752    1.86330164    2.15226654    2.06182917    1.92983222    2.00616385    1.53904329    1.67400062    1.71690465    1.45644034    1.76558746    1.38523599    1.46896580    1.80860180    1.54018716    1.50672552    1.98333015    2.16160102    1.79032162    1.62671616    1.46120926    1.69709808    1.60748396    1.93553695    1.80801844    1.81013662    1.93805713    2.25342015    2.04508345    2.05019736    1.74976594    1.67550609    1.77304672    1.58726345    1.82892412    1.56961121    2.16584384    1.62983716    1.53037347    1.78833265    2.01878365    1.97973331    2.15695249    1.67944059    1.89208270    1.84572566    2.19006826    1.98548078    1.76143681    1.86625742    1.68313515    1.64368020    1.77014644    1.95039606    1.89916734    1.78847870    1.84131745    1.58635640
A0A2T0BJH6_9CLOT/1-120     1.97364261    2.42523740    2.43604951    1.90129729    1.60337658    1.88519149    1.87606159    1.83574657    1.72626325    1.76262526    1.18154765    0.81525461    0.00000000    1.47295058    0.76646132    0.87110992    0.82334516    0.92656689    0.88837459    1.14023565    0.96792545    1.40490275    2.20633335    2.09729648    2.31346476    2.67089439    2.70375537    2.65974604    2.45289516    2.63969189    2.78145466    3.03274712    2.66885433    2.55914548    2.49727284    3.54296285    2.67999344    2.89330981    2.26153478    2.86431616    2.71224297    2.44175683    2.58419881    2.20976915    1.73764872    1.98740202    2.14781316    2.10895926    2.06185707    1.72201596    1.66676868    2.47336194    1.67793012    1.63006580    1.87681005    2.26381994    2.04193668    2.30241954    2.34272823    2.15435314    2.32017460    1.72678108    1.74465252    2.07565442    1.65928185    1.81654001    1.58495143    1.90700142    2.03066693    1.86562187    1.68563904    2.15313692    2.30527808    1.86233963    1.85961941    1.81045020    2.03382155    1.72963798    2.06646084    2.08639739    2.17803902    1.88541922    2.38862259    2.01123002    2.07988595    1.82583656    1.84507450    1.99153074    1.72870592    2.24514335    1.87160914    2.00390917    1.93681022    1.79132709    1.92825210    2.21664603    1.80983979    2.14687846    1.91509053    1.88284954    1.79918251    2.56007645    1.95389134    1.97035816    1.85716869    1.89467199    1.57633685    1.67402620    2.03218603    2.12749853    1.81536218    1.90619295    1.63764710
A5N5E6_CLOK5/166-330     2.56433687    2.64455696    2.86880730    2.36220956    2.58386959    2.25142062    2.44397660    2.72572343    1.99736771    2.07079564    2.18336951    1.99098487    1.47295058    0.00000000    1.65138965    1.74552288    1.70586270    1.82180356    1.57623467    1.52248009    1.46911558    2.13638691    2.77928025    2.92261204    2.67049852    3.03444109    3.26249930    2.88206820    3.48529853    4.31989321    3.58051582    4.09827163    3.97457829    4.52957940    4.36201947    4.30791108    3.50042082    3.85738164    3.26062988    3.08759242    3.39264160    3.18834979    3.39353005    2.37780584    1.90102183    2.14480836    2.43570672    2.90945618    2.51313540    2.24264245    2.08031467    3.05162826    2.32969047    2.26916262    1.99783434    2.99726539    2.91558927    2.98654727    2.94414670    2.59092776    2.75425927    2.55855107    2.39367706    2.67874967    2.00400978    2.62709963    2.11105497    2.41178300    2.55776463    2.58207060    2.29078707    2.59280751    2.78591819    2.70991143    2.88520876    2.48571530    2.65920750    2.47024306    2.53718682    2.75949643    2.64997008    2.49936966    3.24432624    2.86240973    2.79339795    2.64285326    2.64335445    2.65761552    2.18123210    2.65444797    2.04856024    2.43646193    2.29598152    2.41972440    2.40864540    2.76343574    2.54252743    2.90754893    2.78857414    2.77044506    2.90693843    2.53331661    2.29163743    2.28698383    2.54373745    2.56252786    2.20275376    2.40901637    2.51481914    2.29024336    2.93983186    3.12822104    2.46801359
A0A2T0B1U5_9CLOT/1-120     1.56043428    2.01934307    2.22375297    1.69277212    1.53420612    1.47006424    1.58599975    1.39467763    1.40865115    1.28397532    1.04311555    0.76600782    0.76646132    1.65138965    0.00000000    0.26293484    0.39269663    0.75909338    0.63969749    0.82462465    0.72680087    1.27749241    1.88455776    2.22690723    1.91584750    2.45186584    2.45364500    2.34835058    2.44081455    2.56793175    2.71907540    2.92807846    2.63439847    3.00237511    2.78088983    3.32643816    2.80432946    2.68715476    2.38422243    2.67213180    2.87010846    2.85422751    2.63065699    2.28175774    1.25937376    1.56762299    1.92411427    1.70719982    1.99500901    1.67361718    1.51866134    1.87228501    1.75292586    1.40389477    1.58376209    1.90308248    1.97388908    2.14816925    2.18061175    2.19329419    2.13529901    1.42092057    1.28875160    1.61283692    1.23029026    1.48107950    1.49140690    1.76760471    2.26992852    1.90351752    1.37970427    2.25271105    2.41945488    1.96164017    1.86299616    1.56946401    1.97938571    1.84413795    1.85748204    1.67071857    1.89003178    1.77632875    1.91877051    1.68863719    1.87944106    1.74201708    1.71671745    1.60951274    1.43860545    1.97011982    1.49370559    2.16419847    1.59511366    1.53680483    1.80873540    2.18956832    1.81617975    2.03473316    1.74082930    1.65800908    1.67802664    2.14600587    1.56669017    1.88756605    1.81408376    1.86599154    1.25105890    1.58764860    1.81263149    1.73151925    1.79272849    1.76561791    1.41976179
A5I0C1_CLOBH/1-120     1.56398211    2.13514661    2.26149078    1.67543750    1.64220099    1.58148976    1.53893397    1.45554851    1.60073343    1.33163083    1.08399516    0.87814780    0.87110992    1.74552288    0.26293484    0.00000000    0.30191160    0.75150795    0.64024451    0.76584492    0.70991486    1.24344502    1.79501745    2.13720851    1.79260360    2.52111158    2.72851237    2.57908854    2.47610584    2.51606877    2.96425946    3.25145980    2.80391481    3.11316040    3.04436161    3.73811937    2.80874629    2.59974065    2.47668333    2.83675216    3.24940937    3.10471460    2.83432652    2.15241396    1.32893990    1.46075650    1.78004399    1.56969587    1.95689276    1.85727757    1.60591569    2.10795169    1.72807042    1.53344452    1.62138226    2.01783034    2.01663095    2.28633699    2.15706528    2.22747091    2.18032714    1.46291038    1.41188427    1.75769230    1.26616309    1.43268633    1.63991403    1.74181219    2.26240113    1.73484678    1.28387019    2.43211776    2.58359071    1.77432479    2.00134697    1.64995310    1.81457522    1.66760360    2.01252103    1.74971593    1.94614611    1.89544124    1.91573442    1.78709722    1.94328964    1.89073462    1.62423712    1.76759826    1.55646235    1.93455436    1.44015279    2.31852079    1.65985662    1.54734787    1.85602659    2.13401408    1.68293195    1.80634102    1.78174433    1.72132942    1.73515529    2.29476640    1.77495232    2.03594451    2.15510043    2.21460516    1.49799746    1.68486753    1.87166645    1.66424332    1.98119412    2.03202699    1.43999830
A0A410PLL7_9CLOT/1-120     1.62314103    2.13972190    2.08359283    1.66057949    1.44553530    1.62330814    1.37415658    1.52677159    1.52617616    1.24029589    1.12932832    0.81135459    0.82334516    1.70586270    0.39269663    0.30191160    0.00000000    0.76263334    0.73855903    0.85975328    0.75068220    1.19266526    1.73270248    2.02539502    1.68564658    2.34527675    2.35560843    2.30559325    2.33312673    2.40912330    3.09959059    2.90084108    2.77240359    2.94190213    2.99341173    3.30256616    2.73433878    2.82366365    2.36562304    2.58366886    2.85825749    2.60256943    2.53573298    2.20407840    1.43926942    1.61701762    1.88915377    1.75904065    2.02223521    1.65484385    1.73915126    2.08143665    1.55236431    1.48769999    1.61821437    2.08152822    1.94296585    2.26352804    2.04391393    2.10641422    2.19715179    1.42576577    1.37983390    1.68687399    1.30950998    1.44581566    1.53073609    1.68465677    1.92616832    1.61748265    1.34855240    2.23534301    2.41657303    1.83786953    1.79473690    1.61367699    1.94555685    1.83334274    1.71811500    1.59294156    1.69145447    1.53954134    1.70092593    1.55693002    1.75339821    1.84246089    1.51392109    1.59283536    1.39970732    1.99067073    1.34528245    1.97816647    1.53359491    1.42517189    1.83093176    1.88987249    1.63021786    1.78336620    1.64128864    1.51602326    1.55228353    2.23677637    1.61177848    1.70439150    1.89025014    1.87888166    1.47405128    1.57710682    1.73170956    1.63046292    1.90693813    2.09893373    1.40529752
A0A2M8TDJ5_9CLOT/1-120     1.57763259    2.22332904    2.13346615    1.60806263    1.57480711    1.55918888    1.52194057    1.62508192    1.51773719    1.47359623    1.01098165    1.06910412    0.92656689    1.82180356    0.75909338    0.75150795    0.76263334    0.00000000    0.66247360    0.88505012    0.73876469    1.20044652    1.74080556    1.99246211    1.62461687    2.28567290    2.28361526    2.09632547    2.06009775    2.39101352    2.44005797    2.74650822    2.39427821    2.62971673    2.54073152    3.50248059    2.81979417    2.84113656    2.17453903    2.26404994    2.63104602    2.35581332    2.38253175    1.62196623    1.34888956    1.43025530    1.46418679    1.97210985    1.96358736    1.47849095    1.42830212    1.57478144    1.72533804    1.52841273    1.72043861    1.99844136    1.87805336    1.94582310    1.96634812    2.15492527    2.19711764    1.42734205    1.66661966    1.93666946    1.48015579    1.90887692    1.48547508    1.59314329    1.83708264    1.59783963    1.37168681    2.01931059    2.11568615    1.76663534    1.89595290    1.84177342    1.87159332    1.63883478    1.83476971    1.78893533    1.77695560    1.78272265    1.83569912    1.78280220    1.79131817    1.59687038    1.72772353    1.77335511    1.44228938    1.84293681    1.60923251    2.07510092    1.65530904    1.53309065    1.80648513    1.68753012    1.71492049    1.74279746    1.71744697    1.53610000    1.57826353    2.04070592    1.79060494    1.56776332    1.61653295    1.79733587    1.49874034    1.81806322    1.87113210    1.66805458    1.61751102    1.64025193    1.79801318
A0A084JFK7_9CLOT/1-120     1.57431756    2.13155924    1.89325553    1.77606256    1.52837777    1.65581099    1.49247254    1.44130195    1.46762084    1.45239937    0.84628912    0.89288856    0.88837459    1.57623467    0.63969749    0.64024451    0.73855903    0.66247360    0.00000000    0.47957061    0.46979207    1.05618205    1.92052063    2.09474863    1.87132547    2.47984799    2.38272022    2.31365917    2.11413156    2.50707465    2.52143011    3.04496658    2.48484416    2.85889837    2.71808448    3.11396465    2.56259864    2.72238229    1.75769960    2.20806737    2.44236211    2.44659274    2.46428049    2.00775378    1.52965367    1.41541363    1.52163080    1.64850779    1.81401003    1.58248823    1.41375247    1.74935500    1.66765074    1.44270498    1.71050509    2.00177579    1.87584503    2.04786882    2.22144303    2.10690415    2.08926176    1.66190391    1.53003258    1.93649456    1.43300335    1.49491672    1.41573658    1.60526401    1.83984416    1.55012021    1.30159174    2.20068763    2.45987326    1.77173981    1.77022599    1.46990770    1.55959698    1.39112068    1.78020536    1.86859877    1.76723775    1.73886825    2.15218750    1.87090996    1.80401169    1.68584529    1.60916244    1.97505383    1.56439614    2.07771088    1.49283587    2.19604564    1.78645592    1.77791374    1.81384525    1.94045151    1.91490347    2.07379195    1.85706868    1.58465717    1.61424054    2.39936669    1.75229814    1.86220083    1.96479701    1.96797499    1.67366726    1.72947098    1.88606639    1.71945323    1.93763613    1.70319196    1.44114482
U2EAS2_9FIRM/1-120     1.78630151    2.16218655    1.91755182    1.72970092    1.37661773    1.43294387    1.39473349    1.38561270    1.41388046    1.46452245    0.87378888    1.04723588    1.14023565    1.52248009    0.82462465    0.76584492    0.85975328    0.88505012    0.47957061    0.00000000    0.47214864    1.14604029    1.84962634    2.03279603    1.94922540    2.30926622    2.32358283    2.14458245    2.24913226    2.24634261    2.72033115    3.07000755    2.72155643    2.58539291    2.60901878    3.14033551    2.35783943    2.92187729    1.92589051    2.16901206    2.59645411    2.23887086    2.49207045    2.05342462    1.45800785    1.48329483    1.67868269    1.54101522    2.01327858    1.80085668    1.55504524    1.88488546    1.55342192    1.53081276    1.48920175    2.13476787    1.78190386    2.04033896    2.05607840    1.94893271    2.12384839    1.71256969    1.35569563    2.04594779    1.54873469    1.67694682    1.77310755    1.65899141    2.07333687    1.58018346    1.44562327    2.27603486    2.41796313    1.91985622    2.02797409    1.87875251    1.76323574    1.71437282    1.88424501    2.12556232    2.00821313    1.83224077    2.20262545    1.87771722    2.00150909    1.88468555    1.76144825    1.88438310    1.72841879    1.97274589    1.59430962    2.43274486    1.64947887    1.63639535    1.73893562    1.77400530    1.78555766    1.89439469    1.69173054    1.73101814    1.67160831    2.57580647    1.63510849    1.65357942    1.84485490    1.92716367    1.52678096    1.94081006    1.79788423    1.71542373    1.93213521    1.92682050    1.49741753
U2NH54_9CLOT/1-118     1.67364852    2.11816852    1.88010104    1.69709771    1.45447449    1.57487791    1.62644605    1.34692866    1.28503529    1.37658133    0.84333711    0.86135361    0.96792545    1.46911558    0.72680087    0.70991486    0.75068220    0.73876469    0.46979207    0.47214864    0.00000000    1.25199057    1.70879962    2.12001018    1.67503449    2.34078822    2.39420366    2.31845879    2.05035317    2.31123658    2.23248031    2.84790457    2.31487250    2.48286018    2.35808138    2.66353447    2.21340164    2.87009016    2.09620241    2.02135325    2.38728712    2.29039226    2.43151920    1.76645919    1.53122150    1.28482440    1.64633906    1.66973717    1.84405837    1.54187082    1.49833411    1.75152954    1.59011484    1.53337917    1.35625753    1.72175829    1.83738105    1.96115874    2.12602519    1.91413086    2.07707816    1.53072965    1.49348973    1.64427262    1.38286352    1.62670828    1.51296806    1.73848960    1.86504980    1.61917083    1.43188658    2.66960338    2.36978915    1.80837064    2.18040598    1.62503552    1.69096498    1.59001069    1.70926172    1.79303786    1.83946228    1.74106096    1.98772232    1.76201822    1.80725225    1.96606776    1.60505938    1.82266111    1.72403321    1.82970285    1.41943027    2.13032875    1.61524224    1.52024639    1.84817603    1.79924360    1.73142910    1.89540656    1.88351598    1.77427865    1.67905572    2.32102011    1.69755366    1.60987037    1.90762433    1.72865667    1.61086985    1.76210489    1.61342667    1.74124859    1.91219044    1.96035944    1.57378306
A0A371AV01_9FIRM/3-121     1.58736839    2.38302605    2.02818324    1.69517273    1.25009025    1.46479038    1.57627981    1.72014241    1.34559880    1.47498634    1.07186957    1.31531242    1.40490275    2.13638691    1.27749241    1.24344502    1.19266526    1.20044652    1.05618205    1.14604029    1.25199057    0.00000000    1.87491913    2.04361266    2.57293438    2.64215555    2.23986468    1.99725646    2.29364623    2.74418438    2.49439681    2.83529206    2.59840701    2.85332455    2.57289066    2.71355231    2.55219059    2.59345184    2.50352982    2.71849320    2.98179227    2.55301891    2.73630920    1.63760502    1.46679296    1.45818137    1.56980026    1.63514860    1.70850160    1.76239526    1.40001174    1.97870561    2.01215256    1.64418954    1.62890265    2.02162482    1.93213200    1.90049855    2.02456976    2.10145706    2.12872520    1.72007229    1.65703142    1.78088857    1.76810680    1.98535423    1.84019549    1.57365481    1.76187966    1.41000197    1.34496262    2.22085631    2.09164805    1.63818973    1.94884417    1.85042475    1.95875043    1.87832407    2.19804319    2.01084153    2.08600403    1.79716312    2.16832713    2.02020205    2.23468578    1.78795766    1.63691345    1.86843236    1.68221014    1.82081475    2.14977624    2.75709239    2.30411005    2.03295158    2.23643878    2.49757155    2.22233872    2.36683728    1.84444586    2.07069731    1.79637867    2.39949006    1.90186028    1.93577112    1.91003339    1.92505127    1.68468429    1.81000669    1.98629975    1.81688823    1.85106758    1.73014955    1.59597232
B0S2S2_FINM2/2-117     1.63424667    1.94051568    1.70191834    1.45418224    1.22951061    1.26373343    1.19321083    1.36146486    1.47358986    1.97981651    2.28619964    1.73462385    2.20633335    2.77928025    1.88455776    1.79501745    1.73270248    1.74080556    1.92052063    1.84962634    1.70879962    1.87491913    0.00000000    1.67390635    1.63132141    2.35761642    2.72575051    2.62009437    2.37725884    2.73582889    3.05124789    2.76066438    2.46326472    2.55684150    2.57155807    2.67332112    2.47370393    2.75854706    2.31862014    2.39614534    2.32181272    2.50046359    2.27336517    1.57561553    1.65711090    1.67056765    1.50224033    1.35622005    1.55056436    1.52902432    1.42732178    1.82357038    1.58020163    1.00264911    1.43747901    1.49866147    1.83891560    1.76155562    1.69374497    1.68530234    1.75077070    1.29097221    1.44322395    1.53797994    1.29332259    1.34884109    1.65125717    2.17330267    1.68801612    1.80862377    1.69419061    1.85205746    2.16418169    1.84888655    2.06341926    1.84808582    1.92009476    1.60836901    2.28427955    2.17741949    2.19258842    2.09567194    1.98079658    1.99979410    1.96519071    1.57562799    2.02475272    1.71097437    1.54578468    1.87203241    1.90413237    2.18588525    1.83870715    1.84049582    1.81229895    1.98053362    1.72272777    1.75922861    1.73971831    1.73731020    1.88441680    1.93871521    1.39536528    1.77237238    1.59181362    1.70903042    1.62451832    1.68367378    1.73063905    1.73291550    1.83261336    1.77029250    1.44171754
C0EHM4_9FIRM/1-119     2.07098983    2.05309429    2.14551956    2.01341601    1.62341346    1.84947547    1.69658293    1.98820576    1.93970524    2.11190194    1.70220683    2.10367640    2.09729648    2.92261204    2.22690723    2.13720851    2.02539502    1.99246211    2.09474863    2.03279603    2.12001018    2.04361266    1.67390635    0.00000000    1.60083603    2.24913159    2.18453924    2.44679919    2.25062333    2.47145222    2.56746845    2.66274215    2.66336098    2.51971718    2.96737187    2.50939890    2.39466272    2.72217771    2.52103652    2.48886605    2.30574692    2.24427972    2.33277775    1.77845352    1.77654357    1.73859920    1.96137079    1.93146435    2.11860946    1.70930162    1.72082581    2.23042675    2.16876576    1.83303015    1.94184370    2.18114519    2.12748109    2.43176351    1.95079833    2.21602577    2.36252558    1.66826000    1.81491987    1.94984095    1.68514432    2.03724910    2.04259192    2.24330290    2.14892339    1.98115360    2.05008586    1.75812167    2.03489350    2.23941070    2.49074677    2.29777300    2.55195384    2.12969745    2.32588857    2.29939400    2.28467490    2.11794103    2.33093676    2.26928563    2.23901296    1.81468934    2.36221294    2.35168288    1.59866576    1.78321420    1.94974609    2.71192689    1.99533545    2.05410057    2.29720844    1.87721536    1.74081294    1.87374824    2.50031751    2.01725296    2.06245170    3.25520252    2.01142366    2.36537676    1.96868055    2.33535187    1.91150597    1.91829256    2.02488149    1.68763873    2.09342446    2.28271870    1.86647481
