98
A0A5C5XXX8_9BACT/415-475     0.00000000    0.93115610    0.86352348    0.87643296    0.98876908    1.08987533    0.92948669    1.32127656    1.26026005    0.89250584    0.85666355    1.12514827    1.09032632    1.17747167    1.25922706    0.88294755    1.13300066    1.08971561    1.13567298    1.18964763    1.17206164    0.94613205    1.03350916    1.02560331    1.08851078    1.03657177    1.10297791    1.30970649    1.13182696    1.07953153    1.10943288    0.92827363    0.91416181    1.80390860    2.67778075    2.85223756    2.51945662    1.92910458    1.94409881    2.28090006    2.38980787    2.32878572    2.59756142    2.48432517    2.43119929    2.66759880    2.18634408    2.40756076    2.15728013    2.32147250    1.88662791    2.21749776    2.58480244    2.36775355    2.24381571    3.17607742    2.91243162    2.62995746    2.56479992    2.51517677    2.69009728    2.38460640    2.28652826    2.26916820    1.99124000    1.96360060    2.13052128    2.13012487    2.54424726    2.26430735    2.21227515    1.85845631    2.38431103    2.47576474    1.99574344    1.92324860    2.09435838    1.12937612    1.60698077    1.25183018    1.24281551    1.51335764    1.41124243    1.01704202    1.21149866    1.09897506    1.60222159    1.37543482    1.69155963    1.63067580    1.49129220    1.60345788    1.40166940    0.87410543    0.96179109    0.77603050    1.16825755    1.14923502
A0A517TWD8_9BACT/415-475     0.93115610    0.00000000    0.32228475    0.88263275    0.96206153    1.28743560    0.91961652    1.22433576    0.95985369    1.07004404    0.91276145    0.78232434    1.03087014    0.85705774    1.22451785    1.14283665    1.16072363    1.25537754    1.08184295    1.16041627    1.14074599    1.07452644    1.16384969    1.15021390    1.15833690    1.09115811    1.01652328    1.28793704    1.32641999    1.29609771    1.31065489    1.07140502    0.93777563    1.93280452    2.49093847    3.15381974    2.70854789    2.20022090    2.32967515    2.40704668    2.26417234    1.84231422    2.44923373    2.41817646    2.14795489    2.09103648    1.96964239    1.94331192    1.58492269    1.81260680    1.88759330    1.69155019    2.11693244    1.86224023    3.07769019    3.58486564    3.25417794    3.20607388    3.01173107    2.76577524    3.71332140    2.18298064    2.38792848    2.12283794    1.88809366    2.21472622    2.61065117    2.27084894    2.17657820    2.35286143    1.94928621    1.82547621    2.17803790    2.02439380    2.03484036    1.58291241    1.87917145    0.96619200    1.35979403    1.29326337    1.28139155    1.17900540    1.25773504    1.03058174    1.06239423    1.06693483    1.39751704    1.22505285    1.60092707    1.31878709    1.63848483    1.42573986    1.46367094    0.92385937    0.97410105    0.91061787    1.13791592    0.81939307
A0A5K7XC35_9BACT/413-473     0.86352348    0.32228475    0.00000000    0.75930290    0.69953731    1.13668495    0.89959704    1.02010050    0.90311600    0.91139484    0.90929368    0.77301089    0.96085821    0.83546721    1.06096277    1.10210342    1.07829880    1.10698984    0.84444404    1.13287116    0.99206504    1.03011998    1.10959549    1.13747497    1.13344559    0.96194544    0.90997100    0.98664843    1.24220597    1.27675234    1.07502765    1.06635052    0.97659577    2.08082421    2.54982129    2.67316167    2.55371747    1.99676296    2.07932237    2.48140537    2.18547266    2.01181581    2.19991749    1.91759800    1.94312217    1.99262077    1.73949474    1.78208955    1.68197731    2.03015593    1.87251878    1.94463587    2.17773144    1.89321092    2.60868455    3.14966692    3.08096867    2.99993477    2.61063968    2.63373260    3.49482682    2.03079580    2.24013647    1.90018569    2.01612550    2.01521919    2.43524204    2.10248464    2.17181261    2.05610331    1.76801628    1.65689520    1.95590202    1.72775779    1.83443812    1.81337445    1.95392038    0.87197989    1.16470641    1.25456271    1.24446618    1.06682309    0.95704106    0.93274246    0.99716166    0.96873608    1.30249502    1.20107478    1.54584015    1.28883277    1.45803672    1.37547962    1.53186450    0.95592445    1.04987233    0.90948924    1.15827691    0.99042688
A0A518AR47_9BACT/410-470     0.87643296    0.88263275    0.75930290    0.00000000    0.76161389    0.99781825    0.88126182    1.04277776    0.96420535    0.71080799    0.72120758    0.89913884    1.01255695    1.05562748    0.78718116    0.72311875    0.64631311    0.66104324    0.65966999    0.79574863    0.70306997    0.76094031    0.80535853    0.80225866    0.76310852    0.65300276    0.69432339    0.72131496    0.81722577    0.60954683    0.69512713    0.70510914    0.68482672    1.64114921    1.86056557    2.25035010    2.06396690    1.56452217    1.71085874    2.05875265    1.77097886    1.86868148    2.02328119    1.93112204    1.76865655    2.16178164    1.87654705    1.89425235    1.37723943    1.64692200    1.26796855    1.72856807    1.98564501    1.80783465    2.81526390    2.90249659    2.56663389    2.50616095    2.57757327    2.52446787    2.88529088    1.69326722    1.39009800    1.52485302    1.64924803    1.78330621    1.42792997    1.89527691    1.95116908    1.78730730    1.84955971    1.40744990    1.81243698    1.46326501    1.47677650    1.50045862    1.83989409    0.66182262    0.92845250    1.08090920    0.85168573    0.94257539    1.01774372    0.84088122    0.74740508    0.98205355    1.26170879    0.97771474    1.12054296    0.87195221    1.07057302    1.08352860    1.12329949    0.92223621    0.78476724    0.59227915    0.78428945    0.70536979
A0A5C5WD83_9BACT/395-455     0.98876908    0.96206153    0.69953731    0.76161389    0.00000000    0.85797102    0.88495585    0.81935935    0.93516114    0.77508325    0.81875253    1.06258229    0.94381697    1.06471812    1.15883664    0.86549955    0.99512218    0.95387054    0.81332775    0.93906719    0.84988729    0.86892041    0.88866442    0.99817456    0.86515310    0.87037516    0.87957794    0.89667339    0.98881976    1.05949059    0.95788787    1.03973674    0.89855009    2.02746669    2.61277714    2.91480984    2.30090890    1.88703578    2.01982371    2.30933297    1.73177296    1.69879824    2.29017577    2.24536138    2.27578089    2.03432711    1.89549885    1.74371573    1.78601942    1.82841589    1.77450838    2.05916406    2.54338170    2.09418231    3.05427426    2.56898298    3.02484255    3.63977807    3.01880997    3.37034251    3.05415295    1.83055778    2.19150783    2.23298217    2.34438094    2.34587656    2.27732825    1.90784718    2.03281935    2.25181819    2.21239258    1.93704874    2.01324756    2.08902831    2.25104048    1.90824113    1.99149089    0.86666540    1.27323582    1.16689987    1.26783942    1.15735053    0.95332637    0.87832855    1.05898705    0.98378121    1.30779215    1.26167977    1.63201194    1.43056549    1.20550242    1.27150911    1.35117111    0.96949264    0.81032605    0.70487082    0.80720632    0.90655981
A0A518DT06_9BACT/419-479     1.08987533    1.28743560    1.13668495    0.99781825    0.85797102    0.00000000    0.83089271    0.82020795    0.81093247    0.69476053    0.93465699    1.08583528    1.05464906    1.41208884    1.02746542    0.82146671    0.92093859    0.93587799    0.94931433    0.72069766    0.78209991    0.80526667    0.83111308    0.92878804    0.85145226    0.88276539    1.00316803    0.90418296    1.01677854    0.89851796    0.98714514    0.79488281    0.74125222    1.71827877    2.29514860    2.43335288    2.06330318    2.13066937    2.24234060    1.95482471    2.63835060    1.76756683    2.03577792    1.92368728    1.83691033    2.15089490    1.88602323    2.41405439    1.61552181    1.97278157    2.18868237    1.88084148    2.52722470    1.91198060    2.40018852    2.69633411    2.76588928    2.64144745    2.55203184    2.54709932    2.80796198    1.83248653    1.83105866    1.88990613    1.72259376    2.15055724    2.05955540    1.94986656    1.88274760    1.70128694    1.99267163    1.55200794    1.55190290    1.91230241    1.82124966    1.65917576    1.92002959    0.93749661    1.63178571    1.45055373    1.36858619    1.27349971    1.10207779    1.20964569    1.31617778    1.33954310    1.61187657    1.54322596    1.42285970    1.43322749    1.41198380    1.61093449    1.39488307    0.98049681    1.14457785    0.99718535    1.25757040    1.25701778
D2QWM1_PIRSD/433-493     0.92948669    0.91961652    0.89959704    0.88126182    0.88495585    0.83089271    0.00000000    0.72584526    0.72489143    0.57112298    0.64564803    0.89863100    1.03855268    0.93025903    0.88886142    0.95659326    0.94884221    0.81064792    0.88612391    0.84413433    0.82742396    0.69616284    0.86223672    0.74091298    0.65707568    0.77709977    0.87955355    0.83997681    0.86211479    0.91937030    0.98373210    0.78188196    0.68493155    1.71077435    2.13976848    2.19780334    1.89935735    1.82250823    1.71233685    2.46476847    2.54750549    1.89324596    1.85692527    2.11126635    1.52792310    1.93377200    1.51908580    1.85711038    1.61994683    1.79457039    1.55545441    1.95443567    2.26561727    1.93527943    2.63460699    3.00446717    2.43432135    2.74726114    2.43490960    1.94779209    2.82037988    2.00463689    1.69117595    2.00749849    1.51040179    1.78941402    2.10912305    1.83942874    1.81022512    1.94591732    2.10355933    1.77488427    2.09482649    1.64688340    2.00997645    1.72281258    1.76621133    0.84239623    1.33439327    1.30954060    1.15575539    1.10845248    1.28090854    1.13510337    0.99344351    1.20249317    1.32275157    1.29833639    1.63881668    1.07364557    1.18524685    1.52103908    1.18468717    1.01060259    0.99169392    0.91042729    1.01974365    0.92486413
A0A142XZZ3_9BACT/460-520     1.32127656    1.22433576    1.02010050    1.04277776    0.81935935    0.82020795    0.72584526    0.00000000    0.92458920    0.84551249    1.06424474    1.12184377    1.36836699    1.29488765    0.90152737    0.98203218    0.83581872    0.84987030    0.80831081    0.83596015    0.90133171    0.87223669    0.99149421    0.96700290    0.83339492    0.74902104    1.04799199    0.79724146    1.03613747    1.09857961    0.93989168    1.06923077    0.88970944    2.17842602    2.31619286    2.05444751    1.84204318    2.27239330    2.19299639    2.39545118    1.72372822    1.44651192    2.10980360    2.34629459    2.15361635    2.01737380    2.00016690    2.20989916    1.57609175    1.80762307    1.70306747    2.17297665    2.60047587    2.24938675    2.77608001    1.85249484    1.94998835    2.42681842    2.28317899    2.32386850    2.55936137    1.70128463    1.85682076    2.12964951    2.14524523    2.08851760    1.93353427    2.06180666    1.97828598    1.91034615    1.75339659    1.77360763    1.79030046    1.60790660    2.14141766    1.71116658    1.96409535    0.97640885    1.28201606    1.25037090    1.15526437    1.19957799    1.28784533    0.87232114    0.76996483    1.37193135    1.31873212    1.25572321    1.69007003    1.08086946    1.29600126    1.34230981    1.40241354    1.03359185    1.20467878    1.05284873    0.96986696    1.05053420
A0A517YLX8_9BACT/447-507     1.26026005    0.95985369    0.90311600    0.96420535    0.93516114    0.81093247    0.72489143    0.92458920    0.00000000    0.79349668    0.93943356    0.94219319    1.11689566    1.28400253    1.04345240    1.30149333    0.87650510    0.74640652    0.79493111    0.68796492    0.71355783    0.75084734    0.81979466    0.79171457    0.80672276    0.74588014    0.76499265    0.88944664    0.99397440    1.00970415    0.98552540    0.75196735    0.64414316    1.65735145    2.65618446    2.46548532    2.12815178    1.89944293    2.13475626    2.17433247    2.57355175    1.97991341    2.29378908    2.21922393    2.11498206    2.20733763    1.97497692    2.14543260    1.47459080    1.70266050    1.82581058    1.88649467    2.07339569    1.59266521    2.86923955    3.33116442    2.93135041    3.54732450    2.81248597    2.93134969    3.68096191    2.01222712    2.01734739    1.79666054    1.66826443    2.28850146    2.24023543    2.26159345    2.20704329    2.51896235    1.91818533    2.02078899    2.26577425    1.84981832    1.95074168    2.05050693    1.93968019    0.98131611    1.62331521    1.66859380    1.24374479    1.12601927    1.15849306    1.16439568    1.08215200    1.23891335    1.48084525    1.48923314    1.34091840    1.32218517    1.52355878    1.70174834    1.71621242    1.17900954    1.21507827    1.09532332    1.07146129    0.95462677
A0A5B9PAR0_9BACT/459-519     0.89250584    1.07004404    0.91139484    0.71080799    0.77508325    0.69476053    0.57112298    0.84551249    0.79349668    0.00000000    0.52945533    0.88132931    0.85774594    1.01607779    0.89560971    0.89931502    0.67292126    0.59133380    0.67310127    0.63624834    0.62982197    0.44837369    0.61484285    0.56468052    0.56887584    0.60516673    0.63105745    0.56456907    0.64659201    0.65959753    0.62389307    0.71384263    0.57984962    1.48064424    1.87500793    1.92654266    1.65436333    1.61537164    1.82771891    1.99489037    1.70074508    1.67373206    1.83217302    1.95198210    1.81297064    1.96535095    1.48744231    1.66272513    1.63425509    1.64427204    1.33445615    1.86932025    2.10260728    1.79617962    2.38209159    2.81723217    2.33697044    2.53178776    2.31560633    2.22265105    2.52272779    1.64716380    1.41944933    1.59497003    1.50299198    1.56836321    1.59948022    1.81456160    2.25902996    1.85981950    1.94756326    1.58552750    1.89757314    1.74016556    1.83952228    1.61562415    1.71461699    0.73137550    1.22359809    1.05354863    1.06488793    1.13651910    1.04295034    0.86009611    0.88360782    1.28763583    1.09912531    1.15436180    1.20758721    1.17305776    1.06598843    1.20735541    1.06422801    0.79736403    0.92364948    0.75001123    0.90653836    0.91644703
A0A286RBQ7_9BACT/396-456     0.85666355    0.91276145    0.90929368    0.72120758    0.81875253    0.93465699    0.64564803    1.06424474    0.93943356    0.52945533    0.00000000    0.98252236    0.77513977    1.09771995    1.10735702    0.92166514    1.02009283    0.91346077    0.91897217    1.06542020    0.92941752    0.82550746    0.93104301    0.94659907    0.75935700    0.75107144    0.80915664    0.92025450    0.93852525    0.95223961    0.90910940    0.82551042    0.82750428    1.32110207    2.19843744    2.42026032    1.90530221    1.69404652    1.83079839    1.85060133    1.76332825    1.66563510    1.97292682    2.10862397    1.98690746    2.10756128    1.75220964    1.93099624    1.32665774    1.77583340    1.30697944    1.89513374    2.22651171    1.77157355    2.46971987    3.35231717    3.00456497    2.79797908    2.79169454    2.87398223    2.79118277    1.59832361    1.40885108    1.66783619    1.65636461    1.60707723    1.64065556    2.65194718    2.13790001    2.02411232    1.59567188    1.45719929    1.82138662    1.78240656    1.58784201    1.58254360    1.52543624    0.73144090    1.39228502    1.19657710    1.18934426    1.20626050    1.30917013    0.90920895    0.96282550    1.29339935    1.26192250    1.39550448    1.49161439    1.23526967    1.32747696    1.51669405    1.20428574    0.94135542    0.79253733    0.84269961    0.85896648    0.84708639
A0A517MU94_9BACT/431-491     1.12514827    0.78232434    0.77301089    0.89913884    1.06258229    1.08583528    0.89863100    1.12184377    0.94219319    0.88132931    0.98252236    0.00000000    0.89952786    0.81488481    1.02256507    0.94236064    0.76997893    0.78369896    0.75717773    0.84832664    0.82124225    0.91032635    0.90485219    0.94509898    0.71198779    0.67157751    0.62123562    0.81877468    0.99402856    0.86561295    0.84008581    0.88441888    0.77218361    1.83989556    2.59383545    2.40801511    1.93315082    2.15501390    2.40854024    1.96120292    1.74476858    1.89524793    2.07984323    2.02374693    2.00158690    2.26935168    2.03732453    1.78709231    1.53212991    1.77900185    1.44755604    2.03126370    1.92505942    1.76817060    2.40181278    2.72806413    2.22235790    2.37265406    2.53432552    2.55309649    2.59833426    1.67319713    1.96687804    1.89916660    1.46563894    2.02722805    1.76513687    2.14956370    2.27430351    1.84723780    1.57590986    1.36141625    1.68702930    1.68330205    1.54366162    1.82230296    1.69008221    0.76899912    1.37222520    1.27457657    1.10613488    1.10112489    1.22912187    1.08069803    0.92593320    1.35095160    1.41906042    1.25909214    1.12882663    1.24778750    1.52717148    1.33522419    1.45835289    0.86785823    0.78050833    0.73341189    1.15166234    0.91266434
A0A518AY57_9BACT/413-473     1.09032632    1.03087014    0.96085821    1.01255695    0.94381697    1.05464906    1.03855268    1.36836699    1.11689566    0.85774594    0.77513977    0.89952786    0.00000000    0.91179301    1.02288355    1.00826203    1.12729620    1.05579137    1.01381341    1.04015378    1.03363304    0.92361605    0.98162985    1.04802883    0.87858847    0.92601906    0.97916510    1.08810365    1.08525335    1.17955552    1.00168413    0.94307372    0.83059532    1.96364977    2.22711787    2.26690609    1.77687831    1.89593987    2.26095064    1.97001692    1.74616288    1.93067106    2.56620447    2.31047078    2.29572277    2.54027801    2.03580229    2.19481542    1.75407968    2.30492657    1.73570248    2.20295832    2.50939137    2.21406341    2.65383025    2.57634653    2.33480467    2.60166905    2.46960454    2.49453090    2.68881791    1.95702399    1.71071212    1.97907207    1.98541918    1.98799879    2.01179335    2.34515283    2.04859085    1.79992293    1.78910985    1.30398167    1.74784033    1.66095664    1.81643105    1.64628801    1.51052640    0.76492554    1.48132489    1.19236280    1.26860362    1.46322366    1.26756961    1.03164744    1.16648820    1.20749162    1.20685610    1.23602694    1.40385590    1.26501360    1.27376263    1.47789129    1.24491053    1.14319867    0.96521108    0.85499366    0.91390364    0.93612212
A0A5C6CMP5_9BACT/404-464     1.17747167    0.85705774    0.83546721    1.05562748    1.06471812    1.41208884    0.93025903    1.29488765    1.28400253    1.01607779    1.09771995    0.81488481    0.91179301    0.00000000    0.95075000    0.84446010    0.88598147    1.09348433    0.89263558    1.16168244    0.99098081    0.83427072    0.93733957    0.92467307    0.97825452    1.06639782    0.83763305    1.13996041    1.04136821    1.08851921    1.01938936    1.15274021    0.83176082    2.22598444    1.94919786    1.99673880    1.59665835    2.05848087    1.87892052    2.15287690    1.66747289    1.76836790    2.33154621    2.14588866    2.05577319    2.40666398    2.12770967    1.59707278    1.81389577    2.05442728    1.65325103    1.95546604    2.16710347    1.90334556    1.95523293    1.94859562    2.03030942    2.53307004    2.31413740    2.25339077    2.18052773    1.70650532    1.97076984    1.90125829    1.60607280    2.00287048    1.80740370    2.46762601    2.79677076    1.87413417    1.70443539    1.65580897    2.33971092    2.25536012    2.23398817    1.87017809    1.98499679    0.90027029    1.06189788    1.41428849    1.17642354    1.11169461    1.13800490    1.16145021    0.96491856    1.15162312    0.99239386    1.38068366    1.55266199    1.14473557    1.33447146    1.38284191    1.30991836    1.04253793    0.93965849    0.84709701    1.33930321    1.06586357
A0A518G758_9BACT/439-499     1.25922706    1.22451785    1.06096277    0.78718116    1.15883664    1.02746542    0.88886142    0.90152737    1.04345240    0.89560971    1.10735702    1.02256507    1.02288355    0.95075000    0.00000000    0.84705462    0.75608539    0.89992739    0.76082453    0.82514726    0.82377116    0.79604984    0.84713947    0.96007378    0.85170705    0.88546783    0.66749714    0.88453045    0.92463886    0.92955711    0.76624877    0.98712755    0.81031113    2.19860474    2.40508695    2.59025935    2.19061871    2.14003086    2.24831403    2.10526684    2.06688384    1.92557276    2.23367353    2.16902767    1.91047901    2.18481196    2.31887369    1.80840260    2.02668874    2.00840459    1.52481959    2.48161854    2.62183508    2.25112169    2.64372403    2.05752740    2.33410928    2.46243534    2.21474936    1.98072114    2.21156144    1.91032502    1.61448879    1.88533794    1.65584554    2.06326620    1.99193011    2.21422319    2.43815980    1.94993220    2.01657883    1.71399380    1.90517883    1.57065242    1.92076192    1.54353759    1.81376026    0.82092208    1.25217214    1.33250073    0.93422615    1.09083093    1.08655858    1.13787518    0.98684243    1.15080473    1.39023095    1.28171523    1.44669372    1.04828458    1.19334296    1.43318172    1.26627385    1.04768778    1.00553667    0.96224568    1.06969120    1.02299482
A0A5C5ZWI2_9BACT/417-477     0.88294755    1.14283665    1.10210342    0.72311875    0.86549955    0.82146671    0.95659326    0.98203218    1.30149333    0.89931502    0.92166514    0.94236064    1.00826203    0.84446010    0.84705462    0.00000000    0.91974913    1.01572366    0.93757940    0.90921942    0.91188680    0.94063860    0.80440227    0.99786727    0.90567925    0.96097817    1.09472710    0.98928661    0.94881770    0.91635940    0.97662285    0.95702243    0.84844042    2.27361294    2.61672722    2.66651437    2.19937695    2.05796263    2.03022853    1.96227740    2.08847985    1.79423781    2.16209061    2.06821741    1.80550285    2.48502018    2.18759853    2.08240560    1.74850206    2.19178053    1.44534631    1.99018217    2.45702568    2.08574979    2.31098383    2.35818842    2.30741259    2.19060421    2.56516435    2.19493798    2.52047164    2.02677282    1.93751134    2.07250862    2.20654862    2.33218770    1.82236958    1.64451976    1.81446838    1.67958654    1.59917979    1.49777256    1.96128776    1.99269166    1.73780372    1.78895296    1.75196362    0.87937390    1.43812107    1.34747893    1.05437422    1.23429990    1.22631781    1.05721341    0.73586354    1.20594818    1.01066398    1.31848423    1.43353266    1.14403192    1.01649489    1.29105454    1.22822621    0.83283671    0.73596585    0.62108392    0.99852208    0.95771912
A0A517P191_9BACT/446-506     1.13300066    1.16072363    1.07829880    0.64631311    0.99512218    0.92093859    0.94884221    0.83581872    0.87650510    0.67292126    1.02009283    0.76997893    1.12729620    0.88598147    0.75608539    0.91974913    0.00000000    0.31859807    0.27304873    0.40515978    0.34613838    0.38648936    0.47023241    0.44783997    0.43523243    0.45092801    0.45078297    0.47346748    0.49038051    0.43628614    0.35713781    0.56886725    0.43423889    1.93444719    1.93606458    2.07260651    1.97485516    1.89814743    1.94022623    1.98420187    1.70617069    1.65633264    1.86792515    1.35094117    1.63646345    2.28545253    2.01845412    1.85490124    1.53647700    1.86631004    1.59558135    1.88670783    2.04688005    2.01203715    2.34451253    2.25470870    2.18525772    2.29786831    2.34461561    2.07897120    2.64399837    1.60123189    1.59288393    1.64627423    1.50708594    1.93839714    1.41107204    1.55599966    2.01559502    1.60620452    1.62952230    1.44149410    1.45908609    1.48914625    1.60524611    1.43530010    1.81754876    0.77876020    1.03961261    1.35007944    0.92605540    1.00385016    1.01806636    1.02765319    0.90244397    0.89294186    1.07487658    1.07716285    1.13919895    1.04224133    0.98039236    1.03442759    1.10834631    0.95445912    0.68636198    0.59548126    0.73613393    0.80183439
A0A5C5Y9J2_9PLAN/446-506     1.08971561    1.25537754    1.10698984    0.66104324    0.95387054    0.93587799    0.81064792    0.84987030    0.74640652    0.59133380    0.91346077    0.78369896    1.05579137    1.09348433    0.89992739    1.01572366    0.31859807    0.00000000    0.37869318    0.41704279    0.47126311    0.35721268    0.49339277    0.46424371    0.38573874    0.36296351    0.48707728    0.47622703    0.42517593    0.51412410    0.49322096    0.47192309    0.47191788    2.00962247    2.43146425    2.03684179    1.86407823    1.83652243    1.98242226    1.84887928    1.63459311    1.65963068    1.87594231    1.51360543    1.74910990    2.10612128    1.75548391    1.96486852    1.47155252    1.64095169    1.35864651    2.00897388    1.99022633    1.89460831    2.44234644    2.59867946    2.21001154    2.41985885    2.28959388    2.12568219    2.81324825    1.76025330    1.77550730    1.96625561    1.71183055    2.08894516    1.72285945    1.99634898    2.18966634    1.79717497    1.85114040    1.82519260    2.09909136    1.65904169    1.77397960    1.71952140    1.92643231    0.58891414    1.09767497    1.44551420    1.06376940    1.10519305    1.11551701    0.88339047    0.93056991    1.16348080    1.30619431    1.36537647    1.31012093    1.24011333    1.20183350    1.27810246    1.24404742    1.06317954    0.89567146    0.72447348    0.70435817    0.80896536
A0A5C6AFN8_9BACT/427-487     1.13567298    1.08184295    0.84444404    0.65966999    0.81332775    0.94931433    0.88612391    0.80831081    0.79493111    0.67310127    0.91897217    0.75717773    1.01381341    0.89263558    0.76082453    0.93757940    0.27304873    0.37869318    0.00000000    0.43940238    0.26100118    0.39365264    0.36463879    0.40607663    0.46445416    0.35774054    0.42957973    0.38940237    0.48221497    0.51152704    0.41178090    0.60865545    0.47384842    2.01718712    2.52364246    2.25268785    2.24951320    1.95076556    2.18048311    1.85612856    1.74904156    1.60224380    1.86158886    1.68300089    1.94182656    2.04325362    1.97311418    1.83100275    1.58544179    1.90790385    1.58368867    1.95559638    2.23734897    2.03273064    2.42461935    2.37165098    2.50238790    2.59113011    2.48711538    2.04266367    2.58867755    1.69811654    1.62042249    1.70887546    1.65694693    1.99491832    1.49326595    1.53984181    2.27933506    1.64741837    1.73500168    1.76375909    1.90781032    1.76254005    2.00698747    1.54209122    2.17338707    0.65594601    1.03207512    1.45633250    0.89238375    1.04882993    0.90272022    0.98214947    0.81886113    0.88978071    1.09289179    1.02409660    1.12404853    1.08295080    0.98765771    1.08778666    1.07073080    0.93900544    0.83889340    0.71506266    0.92788382    0.84321575
A0A517SYW4_9BACT/449-509     1.18964763    1.16041627    1.13287116    0.79574863    0.93906719    0.72069766    0.84413433    0.83596015    0.68796492    0.63624834    1.06542020    0.84832664    1.04015378    1.16168244    0.82514726    0.90921942    0.40515978    0.41704279    0.43940238    0.00000000    0.34214288    0.44229352    0.49519416    0.58743150    0.42355744    0.49320513    0.63235057    0.61532127    0.63169505    0.73053608    0.59866934    0.71265106    0.52242305    1.99573137    2.32477640    1.82793591    2.19054901    1.90094644    1.84179626    1.92458203    1.80729080    1.38438050    1.81856770    1.74012690    1.99562955    2.02392365    1.94816350    1.67682105    1.26125264    1.52490538    1.60100942    1.80735533    2.11674769    1.83526157    2.74401515    2.55307082    2.27802804    2.81175151    2.51560347    2.38683544    2.93551907    1.70824535    1.64557513    1.62788085    1.55981423    2.18212430    1.69438371    1.41158607    1.84946040    1.53318031    1.77546592    1.52812275    1.50896196    1.53391315    1.81191304    1.54822067    1.89207470    0.64417293    1.14772585    1.30967472    0.87932182    1.20880686    1.09967715    1.06398367    0.89769370    0.79493828    1.27850832    1.36992531    1.24957407    1.32833807    1.15825978    1.26686554    1.39402701    0.87642573    0.91234505    0.67120853    0.70759089    0.79505923
A0A5M6DIA8_9BACT/408-468     1.17206164    1.14074599    0.99206504    0.70306997    0.84988729    0.78209991    0.82742396    0.90133171    0.71355783    0.62982197    0.92941752    0.82124225    1.03363304    0.99098081    0.82377116    0.91188680    0.34613838    0.47126311    0.26100118    0.34214288    0.00000000    0.40129397    0.41075068    0.43869444    0.37303402    0.48582000    0.50384507    0.39635657    0.46227188    0.57878885    0.44254330    0.64401349    0.39603822    1.92059769    2.46505384    2.23503800    2.05937806    1.85397821    2.00946310    1.67211560    1.93087790    1.35461559    1.98365307    1.63556233    1.95000499    2.03514350    1.98393947    1.79046046    1.37854910    1.60342593    1.54171794    1.84542977    2.35442486    1.87877492    2.32502970    2.52176105    2.15878120    2.42140524    2.29224916    2.25382446    2.54186956    1.63269301    1.56394394    1.61763653    1.49932069    2.05552054    1.45673661    1.49897664    2.04485331    1.66648701    1.74733242    1.62881709    1.75264858    1.56334013    1.88706804    1.71496565    1.91783684    0.67411749    1.19317946    1.56210886    1.01715693    1.13953564    1.04092466    1.17462917    0.88750594    0.91905174    1.21758752    1.26635083    1.16377912    1.22430683    1.09810365    1.30594106    1.37482058    0.98093781    0.81850313    0.66480992    0.93084954    0.80423829
A0A5C6EKW4_9BACT/415-475     0.94613205    1.07452644    1.03011998    0.76094031    0.86892041    0.80526667    0.69616284    0.87223669    0.75084734    0.44837369    0.82550746    0.91032635    0.92361605    0.83427072    0.79604984    0.94063860    0.38648936    0.35721268    0.39365264    0.44229352    0.40129397    0.00000000    0.38701139    0.36107837    0.39360370    0.36563428    0.37837061    0.48938100    0.49642123    0.58491971    0.45163160    0.52358650    0.42816616    1.49327737    1.94301422    1.91234109    1.72954682    1.53168235    1.69770353    1.71879610    1.56500972    1.40372201    1.85591787    1.59460867    1.58923353    2.07044842    1.79715500    1.81403323    1.59993564    1.82072540    1.55343473    1.60712362    1.85603955    1.69308927    2.31268397    2.22517014    2.31026538    2.54482070    2.55253667    2.17378881    2.81609633    1.67118921    1.58000863    1.65136696    1.35133835    1.89072777    1.77144768    1.87132886    2.16926115    1.70812774    1.85806256    1.58963118    1.95071506    1.55621411    1.87139001    1.62243162    1.67369063    0.62287053    1.16732194    1.39181765    0.98977254    1.08576264    1.21928791    0.91837685    1.02343131    0.96264345    1.25255595    1.19916693    1.21066267    1.24052494    1.12382378    1.15337122    1.13304871    0.93864544    0.88810530    0.73694980    0.85108490    0.79407373
A0A5B1CRM4_9BACT/411-471     1.03350916    1.16384969    1.10959549    0.80535853    0.88866442    0.83111308    0.86223672    0.99149421    0.81979466    0.61484285    0.93104301    0.90485219    0.98162985    0.93733957    0.84713947    0.80440227    0.47023241    0.49339277    0.36463879    0.49519416    0.41075068    0.38701139    0.00000000    0.39096962    0.40407206    0.52899479    0.56932453    0.46816784    0.53018603    0.63733617    0.53601337    0.70728121    0.51142605    1.69839482    2.17236260    2.17809879    1.93102152    1.89669087    2.08265102    1.95378447    1.97306046    1.71601932    2.02906826    1.77876413    1.79893610    2.03382260    2.09835608    1.93889484    1.88246382    2.03523951    1.71106506    1.94606361    2.32763085    1.78692529    1.90662405    2.32009786    2.09527531    2.31479126    2.25952776    1.94874245    2.41839454    1.75415472    1.64912912    1.73003038    1.62556638    1.97181583    1.90512325    1.96895684    2.46793248    1.88849076    1.88314378    1.77488431    2.13671222    1.86461155    2.03460252    1.85375749    2.32114135    0.76217646    1.47537244    1.58396580    1.09675393    1.42147149    1.31249217    1.21650073    1.12067353    0.99810170    1.43904282    1.32016177    1.43293000    1.22484369    1.23628273    1.32560957    1.28801813    1.13920986    1.03513435    0.85334686    0.96440837    0.96339435
A0A517NH69_9BACT/407-467     1.02560331    1.15021390    1.13747497    0.80225866    0.99817456    0.92878804    0.74091298    0.96700290    0.79171457    0.56468052    0.94659907    0.94509898    1.04802883    0.92467307    0.96007378    0.99786727    0.44783997    0.46424371    0.40607663    0.58743150    0.43869444    0.36107837    0.39096962    0.00000000    0.51325562    0.57987749    0.52739386    0.50739766    0.36235608    0.56932584    0.50318038    0.52984328    0.37628942    1.70057805    2.01347332    1.90911940    2.05885366    1.91758210    1.86510180    2.28320462    1.75361961    1.86548341    1.70679025    1.60951943    1.88747601    2.03273673    1.67641263    1.71704557    1.90790541    1.99730063    1.67682874    1.48508117    1.92122961    1.69015681    2.13000161    2.68303750    2.32751901    2.42742035    2.47523163    1.94097210    2.71285820    1.65442523    1.78893172    1.96121012    1.76572782    2.11676981    1.73075065    1.65028349    2.52786247    2.06124771    2.03077156    1.91915586    2.29913510    1.73109013    2.14375791    1.80815063    2.18640608    0.76030721    1.32580841    1.47633865    1.08649418    1.07845126    1.19913536    0.85470640    0.82562105    1.00959368    1.22065406    1.12489559    1.33500386    1.24007360    1.14526247    1.02288637    1.07884219    0.99362814    0.91214266    0.78816702    0.97595857    0.84264967
A0A255R8E4_9BACT/407-467     1.08851078    1.15833690    1.13344559    0.76310852    0.86515310    0.85145226    0.65707568    0.83339492    0.80672276    0.56887584    0.75935700    0.71198779    0.87858847    0.97825452    0.85170705    0.90567925    0.43523243    0.38573874    0.46445416    0.42355744    0.37303402    0.39360370    0.40407206    0.51325562    0.00000000    0.35904436    0.54346855    0.43802568    0.62240306    0.68903139    0.46691702    0.54718943    0.48625804    1.77948190    2.42184110    2.09783896    2.04462378    2.03460995    2.22112829    1.82019804    1.86485105    1.59219788    2.13117601    1.86398053    2.06017826    2.13524867    1.96232060    1.87121333    1.48533473    1.74842023    1.47692302    1.85828523    2.19833648    1.77810409    2.49786700    2.70102470    2.25090720    2.66867802    2.46724289    2.36602781    2.63092738    1.76684564    1.64737875    1.53509049    1.65000476    2.14666756    1.66538948    1.85154743    1.92680800    1.91557417    1.83486647    1.51882373    1.61851381    1.64393441    1.78246730    1.48737630    1.92216740    0.69386565    1.38124324    1.42220225    1.13286537    1.41357983    1.45455595    1.06404750    0.99100597    1.16263931    1.46902947    1.48853760    1.44830828    1.28466330    1.26088039    1.29888952    1.26541413    0.99014202    0.89573123    0.70232859    0.92784462    0.91773107
A0A5C6D7T1_9BACT/412-472     1.03657177    1.09115811    0.96194544    0.65300276    0.87037516    0.88276539    0.77709977    0.74902104    0.74588014    0.60516673    0.75107144    0.67157751    0.92601906    1.06639782    0.88546783    0.96097817    0.45092801    0.36296351    0.35774054    0.49320513    0.48582000    0.36563428    0.52899479    0.57987749    0.35904436    0.00000000    0.39224266    0.52780946    0.63267078    0.57107589    0.40281767    0.48056236    0.48190782    1.66565716    2.24259609    1.98508320    1.89766429    1.76508428    2.04677997    1.75526510    1.51874753    1.45484824    2.02084216    1.57478183    1.79247765    2.18039139    1.93381331    1.90868098    1.51619320    1.65913786    1.49668491    1.98137972    2.01067049    1.82518711    2.34376647    2.63105645    2.32242126    2.67565570    2.42677190    2.31194635    2.36649711    1.53277518    1.54235673    1.38911781    1.46176859    1.60621993    1.40930258    1.83368215    2.10637167    1.78141948    1.75666099    1.49771399    1.66231290    1.63368718    1.65019594    1.44041447    2.12637244    0.65411441    1.27664302    1.19932953    1.08667449    1.27826132    1.23229773    0.92684491    1.03650556    1.21749038    1.43107251    1.31825283    1.22270411    1.34399073    1.26516682    1.13668972    1.07553955    0.97472853    0.93820592    0.77271893    0.76135390    0.81722150
A0A5C6BFH5_9BACT/430-490     1.10297791    1.01652328    0.90997100    0.69432339    0.87957794    1.00316803    0.87955355    1.04799199    0.76499265    0.63105745    0.80915664    0.62123562    0.97916510    0.83763305    0.66749714    1.09472710    0.45078297    0.48707728    0.42957973    0.63235057    0.50384507    0.37837061    0.56932453    0.52739386    0.54346855    0.39224266    0.00000000    0.53870097    0.58440630    0.51581916    0.41342224    0.56281064    0.47026006    1.62916135    1.99525789    2.26328523    1.82454248    1.71758350    1.89693817    1.87097365    1.34391298    1.60574196    1.63847255    1.60225767    1.56555859    2.06587531    1.90512450    1.50446114    1.42939006    1.69718414    1.16811989    1.85447278    1.69731051    1.62986284    2.18221059    2.37650065    2.21128163    2.68557061    2.39078779    2.23772547    2.20300120    1.44610493    1.64602410    1.64687127    1.41612415    1.68406436    1.37156417    1.81799749    2.30215952    1.56012572    1.61454816    1.44728920    1.76696466    1.48019240    1.48703485    1.53687708    1.97863598    0.59287721    1.19659846    1.33187880    1.05316943    1.03832349    1.07126840    0.98222083    1.01120377    1.06237081    1.29881016    1.22623924    1.09711802    1.16700597    1.15580247    1.10152762    1.16418917    1.02262789    0.88418645    0.79923685    0.89813781    0.69253243
Q7UMZ1_RHOBA/475-535     1.30970649    1.28793704    0.98664843    0.72131496    0.89667339    0.90418296    0.83997681    0.79724146    0.88944664    0.56456907    0.92025450    0.81877468    1.08810365    1.13996041    0.88453045    0.98928661    0.47346748    0.47622703    0.38940237    0.61532127    0.39635657    0.48938100    0.46816784    0.50739766    0.43802568    0.52780946    0.53870097    0.00000000    0.41139646    0.33994331    0.36326379    0.59166589    0.56524130    1.88988173    2.17908141    2.39359134    2.24922668    1.89044402    2.12707516    1.79383059    1.65526034    1.48638111    1.54736059    1.66791160    1.72808969    1.86799912    1.81287678    1.61414620    1.60187436    1.72023030    1.20246222    1.53704359    1.93423211    1.63153167    2.43275498    2.58047368    1.91983521    2.31043799    2.15308135    2.08916494    2.65633745    1.41932299    1.51246227    1.54140399    1.70720394    2.19982569    1.51754070    1.62184364    2.12390509    1.62467187    2.02584640    1.70982643    1.94250936    1.63001219    1.81612180    1.72016506    1.48896286    0.65003888    1.10575466    1.36351734    0.95669667    1.09677578    1.13252312    1.00322859    0.95955056    1.07923300    1.40015046    1.11018877    1.11537338    1.22820248    1.11093477    1.22781409    1.20163683    0.97683220    1.04619908    0.84794436    0.95124574    0.87154789
