31
A0A3N2MBN5_9BACT/188-217     0.00000000    1.06247552    0.73963054    1.08997556    1.82664556    1.67571908    1.29308943    1.10909764    1.47390272    1.36599606    1.74991122    1.46464750    1.42708106    0.92930218    0.91914640    1.28465920    0.87822699    1.11332401    1.18334474    0.91674206    0.95540738    1.28423933    1.36379327    1.04399999    1.15888603    0.86952310    1.55470059    0.57578432    1.21958961    1.00728173    1.01418464
A0A2R3MTI5_9BACE/109-138     1.06247552    0.00000000    1.45773994    1.90480681    2.22789668    1.68446092    1.50191719    1.55722294    1.42132911    1.89364380    2.54047572    1.60298329    1.58960371    1.44500891    1.15896004    1.59529085    0.92121958    1.44456531    1.71425319    1.27263177    1.59223891    1.44326526    1.59129305    1.47623713    1.93072469    1.35854280    2.37630150    1.56850902    1.42900333    2.39312072    1.52105062
E5DV80_9CAUD/183-212     0.73963054    1.45773994    0.00000000    1.58242090    1.91981557    1.93869726    1.77786608    1.43139359    1.63370187    1.55498533    2.11646965    1.58056761    1.71327323    1.10024088    1.01365096    1.27850070    1.02729449    1.30295018    0.94592447    0.95434310    1.04615213    1.28072220    1.42322866    0.98787750    1.45490201    1.15198973    1.63458445    0.82546995    1.45935642    1.24638783    1.31236479
A0A0A7LMU5_9BACT/15-44     1.08997556    1.90480681    1.58242090    0.00000000    0.76080754    0.96822984    0.84143074    0.97682171    1.16702644    1.53522136    1.78311959    1.13678594    1.38413054    0.68714551    0.90611717    1.01237515    1.04123727    1.01958317    1.61253290    1.37369272    1.19523355    1.37530131    1.31521577    1.05572688    0.99028720    1.12384624    1.55553930    0.89262143    1.18604092    1.59193343    1.31380061
A0A2U1JFG5_9FLAO/10-39     1.82664556    2.22789668    1.91981557    0.76080754    0.00000000    0.92362811    1.26427663    1.10148026    1.51383529    1.63930893    1.67943003    1.29314920    1.52417913    1.19108126    1.44683293    1.20763232    1.48313364    1.20876409    1.55501093    1.80776197    1.17961599    1.48952396    1.42534067    1.49129986    0.84442573    1.48037067    1.42178195    1.59848455    1.39100428    1.61047980    1.61149467
A0A3S0IMI3_9BACT/14-43     1.67571908    1.68446092    1.93869726    0.96822984    0.92362811    0.00000000    0.84796784    1.47530579    1.33361872    1.48030783    2.05854604    1.19993182    1.43024456    1.26564589    0.99223414    1.40395282    1.46383846    1.66189956    1.76134421    1.77842297    1.43190498    1.16720323    1.02088306    1.36686634    1.17238720    1.23700504    1.71923248    1.59574197    1.65949314    1.53563156    1.39343016
A0A257I1G7_9BACT/10-39     1.29308943    1.50191719    1.77786608    0.84143074    1.26427663    0.84796784    0.00000000    0.96433112    1.23641320    1.44553403    1.28290842    1.23707373    1.33944316    1.02795220    0.86289981    1.46009850    1.33031322    1.21579811    1.50936390    1.44288308    1.30834991    1.15469614    1.18844012    1.06372579    1.49182189    1.55121113    2.07342554    0.99955656    1.07955197    1.72547189    1.51572535
A0A1M5LXY8_9BACT/443-472     1.10909764    1.55722294    1.43139359    0.97682171    1.10148026    1.47530579    0.96433112    0.00000000    1.46327284    1.12961128    1.34061246    1.23749652    1.30487212    0.94241400    1.13592700    1.46258356    1.13110854    1.24799452    1.56179662    1.20826848    1.05687451    1.10323964    1.22032599    1.48628970    1.04558924    1.13732640    1.36540187    0.98203217    1.13406673    1.91601759    1.67325617
A0A4Q0J3Y2_9BACT/16-45     1.47390272    1.42132911    1.63370187    1.16702644    1.51383529    1.33361872    1.23641320    1.46327284    0.00000000    1.35489559    1.44937912    1.11711953    1.06614658    0.95496194    1.06441550    1.44757437    1.34925059    1.45740381    1.11337960    1.29755757    1.32301454    1.59839275    1.43335560    1.22115557    1.66346629    1.17351975    1.69708765    1.50015320    1.57747105    1.66624320    1.44602900
A0A1Y0MNR1_9FLAO/10-39     1.36599606    1.89364380    1.55498533    1.53522136    1.63930893    1.48030783    1.44553403    1.12961128    1.35489559    0.00000000    0.90807990    1.04724895    1.17163460    1.38544823    1.31455364    1.60067803    1.72019030    1.70632827    1.45942737    1.64304680    1.19490556    1.05714903    1.33213757    1.77082856    1.29335921    1.69404279    1.49364298    1.31729713    1.17548429    1.60617585    1.84403992
A0A4Q0XHP9_9FLAO/10-39     1.74991122    2.54047572    2.11646965    1.78311959    1.67943003    2.05854604    1.28290842    1.34061246    1.44937912    0.90807990    0.00000000    1.70353530    1.65722709    1.56851521    1.53410397    1.60793096    1.70777579    1.69971695    1.65713485    1.72993487    1.32706248    1.28593674    1.34329168    1.47936113    1.82522463    2.24034649    2.22490283    1.43079734    1.42294085    1.78985877    1.62731294
A0A1I4WVS8_9FLAO/13-42     1.46464750    1.60298329    1.58056761    1.13678594    1.29314920    1.19993182    1.23707373    1.23749652    1.11711953    1.04724895    1.70353530    0.00000000    0.87601838    1.03844770    1.17031726    1.56559085    1.41099737    1.45572841    1.29818965    1.48347062    1.06222585    1.44716632    1.33022243    1.29283825    1.27484918    1.26941738    1.57778208    1.30306465    1.43242728    1.48580489    1.36788695
A0A1B1S8Z3_9BACT/11-40     1.42708106    1.58960371    1.71327323    1.38413054    1.52417913    1.43024456    1.33944316    1.30487212    1.06614658    1.17163460    1.65722709    0.87601838    0.00000000    1.00681910    1.34300297    1.50043921    1.19516814    1.26728166    1.36194548    1.32111358    1.02146559    1.29388402    1.29807120    1.53674523    1.24105870    1.25220704    1.22766603    1.52685969    1.20399524    2.02200956    1.69310401
A0A5B8YNB9_9FLAO/10-39     0.92930218    1.44500891    1.10024088    0.68714551    1.19108126    1.26564589    1.02795220    0.94241400    0.95496194    1.38544823    1.56851521    1.03844770    1.00681910    0.00000000    0.52856747    0.67839081    0.68599584    0.66243141    0.88412488    1.03619391    0.68533744    1.17991464    1.21322784    0.95762847    1.17209677    1.20400354    1.17957631    0.96236038    1.05619285    1.54035599    1.54010303
A0A256AA96_9FLAO/10-39     0.91914640    1.15896004    1.01365096    0.90611717    1.44683293    0.99223414    0.86289981    1.13592700    1.06441550    1.31455364    1.53410397    1.17031726    1.34300297    0.52856747    0.00000000    0.61440366    0.71578836    0.82448344    1.32947365    0.97214746    1.09557953    0.99018211    1.03504056    1.22537576    1.74750721    1.39158312    2.03024494    0.73464725    1.01383515    1.40620009    1.13455736
A0A1H7UIY5_9BACT/10-39     1.28465920    1.59529085    1.27850070    1.01237515    1.20763232    1.40395282    1.46009850    1.46258356    1.44757437    1.60067803    1.60793096    1.56559085    1.50043921    0.67839081    0.61440366    0.00000000    0.79344958    0.93306224    1.65513330    1.17723499    1.42349526    1.46801146    1.43282377    0.92594805    1.54226556    1.53589263    1.94215261    1.10468229    1.25815901    1.38925470    1.26864548
A0A2S5A950_9SPHI/10-39     0.87822699    0.92121958    1.02729449    1.04123727    1.48313364    1.46383846    1.33031322    1.13110854    1.34925059    1.72019030    1.70777579    1.41099737    1.19516814    0.68599584    0.71578836    0.79344958    0.00000000    0.34136315    0.79139814    1.04630765    1.06005048    1.14903344    1.27701109    0.86342573    1.06914436    1.16910263    1.35410835    1.00564497    1.22166981    1.61288975    1.24410039
H8KM67_SOLCM/10-39     1.11332401    1.44456531    1.30295018    1.01958317    1.20876409    1.66189956    1.21579811    1.24799452    1.45740381    1.70632827    1.69971695    1.45572841    1.26728166    0.66243141    0.82448344    0.93306224    0.34136315    0.00000000    0.67945836    1.19789008    1.19636088    1.57630581    1.38354311    1.22100700    1.16164881    1.37096775    1.32155258    1.09398039    1.27366204    1.46447325    1.51530251
A0A521CMH9_9SPHI/10-39     1.18334474    1.71425319    0.94592447    1.61253290    1.55501093    1.76134421    1.50936390    1.56179662    1.11337960    1.45942737    1.65713485    1.29818965    1.36194548    0.88412488    1.32947365    1.65513330    0.79139814    0.67945836    0.00000000    1.48915522    1.21055552    1.88910832    1.86071655    1.19363622    1.54959427    1.29351241    1.30746432    1.29423282    1.62728525    1.36280828    1.77964331
A0A1K1QVV0_9BACT/208-235     0.91674206    1.27263177    0.95434310    1.37369272    1.80776197    1.77842297    1.44288308    1.20826848    1.29755757    1.64304680    1.72993487    1.48347062    1.32111358    1.03619391    0.97214746    1.17723499    1.04630765    1.19789008    1.48915522    0.00000000    0.82664964    1.27335292    1.16858273    0.84359900    1.10520008    1.16590340    1.80082345    0.90956096    1.05586153    1.37873022    1.45238063
A0A1H1QEL8_9FLAO/208-236     0.95540738    1.59223891    1.04615213    1.19523355    1.17961599    1.43190498    1.30834991    1.05687451    1.32301454    1.19490556    1.32706248    1.06222585    1.02146559    0.68533744    1.09557953    1.42349526    1.06005048    1.19636088    1.21055552    0.82664964    0.00000000    0.92805971    0.94513470    0.96590948    0.92321645    1.38668243    1.33547890    1.11346675    0.84783696    1.30169953    1.43740845
E3G3M9_ENTLS/174-203     1.28423933    1.44326526    1.28072220    1.37530131    1.48952396    1.16720323    1.15469614    1.10323964    1.59839275    1.05714903    1.28593674    1.44716632    1.29388402    1.17991464    0.99018211    1.46801146    1.14903344    1.57630581    1.88910832    1.27335292    0.92805971    0.00000000    0.24896167    0.94948027    1.18697797    1.98435394    1.96568492    0.97762497    1.07734117    1.47030380    1.03315629
A0A553ZSD2_9BACI/49-78     1.36379327    1.59129305    1.42322866    1.31521577    1.42534067    1.02088306    1.18844012    1.22032599    1.43335560    1.33213757    1.34329168    1.33022243    1.29807120    1.21322784    1.03504056    1.43282377    1.27701109    1.38354311    1.86071655    1.16858273    0.94513470    0.24896167    0.00000000    0.99708692    1.20721327    1.79327395    2.17289190    1.06895999    1.10663796    1.23987699    0.90390949
V7PXK5_9BACT/191-220     1.04399999    1.47623713    0.98787750    1.05572688    1.49129986    1.36686634    1.06372579    1.48628970    1.22115557    1.77082856    1.47936113    1.29283825    1.53674523    0.95762847    1.22537576    0.92594805    0.86342573    1.22100700    1.19363622    0.84359900    0.96590948    0.94948027    0.99708692    0.00000000    0.92821057    1.19537521    1.96059042    0.81735716    1.18748835    1.12663567    1.05333156
A0A150ALN6_9BACT/11-40     1.15888603    1.93072469    1.45490201    0.99028720    0.84442573    1.17238720    1.49182189    1.04558924    1.66346629    1.29335921    1.82522463    1.27484918    1.24105870    1.17209677    1.74750721    1.54226556    1.06914436    1.16164881    1.54959427    1.10520008    0.92321645    1.18697797    1.20721327    0.92821057    0.00000000    1.27374842    1.07227233    1.16745854    1.09022774    1.23834352    1.17246167
A0A1G4G883_9BACT/112-141     0.86952310    1.35854280    1.15198973    1.12384624    1.48037067    1.23700504    1.55121113    1.13732640    1.17351975    1.69404279    2.24034649    1.26941738    1.25220704    1.20400354    1.39158312    1.53589263    1.16910263    1.37096775    1.29351241    1.16590340    1.38668243    1.98435394    1.79327395    1.19537521    1.27374842    0.00000000    1.09995922    1.27507163    1.51701153    1.26146807    1.40732727
A0A4Y8L3U7_9BACT/16-45     1.55470059    2.37630150    1.63458445    1.55553930    1.42178195    1.71923248    2.07342554    1.36540187    1.69708765    1.49364298    2.22490283    1.57778208    1.22766603    1.17957631    2.03024494    1.94215261    1.35410835    1.32155258    1.30746432    1.80082345    1.33547890    1.96568492    2.17289190    1.96059042    1.07227233    1.09995922    0.00000000    1.71306225    1.49048462    1.62724661    1.72565478
W2Q0G6_PHYPN/58-87     0.57578432    1.56850902    0.82546995    0.89262143    1.59848455    1.59574197    0.99955656    0.98203217    1.50015320    1.31729713    1.43079734    1.30306465    1.52685969    0.96236038    0.73464725    1.10468229    1.00564497    1.09398039    1.29423282    0.90956096    1.11346675    0.97762497    1.06895999    0.81735716    1.16745854    1.27507163    1.71306225    0.00000000    0.64790073    1.14227050    0.89344181
A0A172Q0T1_9CAUD/160-189     1.21958961    1.42900333    1.45935642    1.18604092    1.39100428    1.65949314    1.07955197    1.13406673    1.57747105    1.17548429    1.42294085    1.43242728    1.20399524    1.05619285    1.01383515    1.25815901    1.22166981    1.27366204    1.62728525    1.05586153    0.84783696    1.07734117    1.10663796    1.18748835    1.09022774    1.51701153    1.49048462    0.64790073    0.00000000    1.52461182    1.39788752
A0A1H8TK46_9SPHI/11-40     1.00728173    2.39312072    1.24638783    1.59193343    1.61047980    1.53563156    1.72547189    1.91601759    1.66624320    1.60617585    1.78985877    1.48580489    2.02200956    1.54035599    1.40620009    1.38925470    1.61288975    1.46447325    1.36280828    1.37873022    1.30169953    1.47030380    1.23987699    1.12663567    1.23834352    1.26146807    1.62724661    1.14227050    1.52461182    0.00000000    1.08563900
A0A254RN34_9BACT/187-216     1.01418464    1.52105062    1.31236479    1.31380061    1.61149467    1.39343016    1.51572535    1.67325617    1.44602900    1.84403992    1.62731294    1.36788695    1.69310401    1.54010303    1.13455736    1.26864548    1.24410039    1.51530251    1.77964331    1.45238063    1.43740845    1.03315629    0.90390949    1.05333156    1.17246167    1.40732727    1.72565478    0.89344181    1.39788752    1.08563900    0.00000000

