20
Q02C18_SOLUE/25-201     0.00000000    2.52346414    2.33662916    2.35034077    2.44022926    2.42381019    2.37795721    3.32028403    3.34228355    4.01265782    3.88988545    3.09873369    2.74794596    2.64331389    2.24783237    3.04027005    2.17275304    2.48563380    2.54802947    2.54951524
A0A120D2M7_9BACT/56-234     2.52346414    0.00000000    1.24107433    2.17211115    2.19460581    2.31565150    2.87626028    4.93310578    4.26877014    4.41578251    3.77311368    2.97085825    3.35547588    2.40223687    2.59884336    3.87285493    2.16886785    2.26358794    2.31140236    2.38104118
A0A109CGP8_9BACT/54-234     2.33662916    1.24107433    0.00000000    2.41759970    1.95474268    2.28152446    2.85640815    4.06015479    3.52100301    4.03164839    3.25987431    2.91412564    3.42445667    2.32020229    2.13991706    3.11824303    1.91581694    2.20114280    2.42973073    2.26622861
F5IXG4_9BACT/34-215     2.35034077    2.17211115    2.41759970    0.00000000    0.92331769    2.12520622    2.09377351    3.34100679    3.08211079    3.74772476    3.24845860    2.36929520    2.60670991    2.18247011    1.88599458    2.76613991    1.96758155    2.02685133    1.88525662    1.90868779
A0A178INW7_9BACT/34-218     2.44022926    2.19460581    1.95474268    0.92331769    0.00000000    1.85255609    2.06081223    3.39210798    3.09536227    3.25313455    2.86666352    2.44807658    2.84596509    2.12343651    1.65993593    2.50671556    2.01425250    2.03483016    2.10766548    2.03649190
S0EW32_CHTCT/44-234     2.42381019    2.31565150    2.28152446    2.12520622    1.85255609    0.00000000    1.95233295    2.98900625    3.11822965    3.17316905    3.12220953    2.57155137    2.62677846    2.08644542    1.95093813    2.76728792    2.12518497    2.38448769    3.08022376    2.92371005
B1ZNQ1_OPITP/64-238     2.37795721    2.87626028    2.85640815    2.09377351    2.06081223    1.95233295    0.00000000    2.40711534    2.31594820    3.10853687    2.85588879    1.67086248    2.67719349    2.48475838    2.31933669    3.08362623    2.54629642    2.45571932    2.56157645    2.63852960
E8V2T3_TERSS/20-234     3.32028403    4.93310578    4.06015479    3.34100679    3.39210798    2.98900625    2.40711534    0.00000000    0.98626538    1.61000109    3.96657327    2.73871462    2.90775020    3.73093185    3.21379906    3.98439044    3.72707135    3.49865832    3.42082511    3.67842128
I3ZCK1_TERRK/46-239     3.34228355    4.26877014    3.52100301    3.08211079    3.09536227    3.11822965    2.31594820    0.98626538    0.00000000    1.17011297    3.70188787    3.31578070    3.12012868    3.46253241    3.05435965    3.61751678    3.46411016    3.60526777    2.93819076    3.20817400
G8P0I9_GRAMM/44-238     4.01265782    4.41578251    4.03164839    3.74772476    3.25313455    3.17316905    3.10853687    1.61000109    1.17011297    0.00000000    3.75335188    3.06348669    3.05909276    3.46656498    3.44197915    4.05821376    4.07348417    3.69668927    3.68927780    4.02235511
A0A1C2BQ78_9PORP/23-189     3.88988545    3.77311368    3.25987431    3.24845860    2.86666352    3.12220953    2.85588879    3.96657327    3.70188787    3.75335188    0.00000000    2.79276476    3.75214700    3.85583273    3.50475373    3.52900408    3.24591568    3.52140590    3.48154087    3.29223415
A0A0D2HR89_9DELT/1-191     3.09873369    2.97085825    2.91412564    2.36929520    2.44807658    2.57155137    1.67086248    2.73871462    3.31578070    3.06348669    2.79276476    0.00000000    2.42276458    2.99609222    2.46173736    3.21872062    2.45837190    2.96141564    3.34321340    3.19174931
A9FQR1_SORC5/92-293     2.74794596    3.35547588    3.42445667    2.60670991    2.84596509    2.62677846    2.67719349    2.90775020    3.12012868    3.05909276    3.75214700    2.42276458    0.00000000    2.92571758    3.07589429    3.32935542    2.55465805    3.23512723    2.92834885    2.97654415
E8R0P0_ISOPI/332-562     2.64331389    2.40223687    2.32020229    2.18247011    2.12343651    2.08644542    2.48475838    3.73093185    3.46253241    3.46656498    3.85583273    2.99609222    2.92571758    0.00000000    0.81602970    2.62079481    1.89170723    2.46831286    2.28884098    2.43120915
L0DMD0_SINAD/252-456     2.24783237    2.59884336    2.13991706    1.88599458    1.65993593    1.95093813    2.31933669    3.21379906    3.05435965    3.44197915    3.50475373    2.46173736    3.07589429    0.81602970    0.00000000    2.44601480    1.72536542    2.25476846    2.18047622    2.17681828
V4L646_9DELT/70-255     3.04027005    3.87285493    3.11824303    2.76613991    2.50671556    2.76728792    3.08362623    3.98439044    3.61751678    4.05821376    3.52900408    3.21872062    3.32935542    2.62079481    2.44601480    0.00000000    2.35297108    2.62244316    2.43586897    2.36615287
A0A0A0DKM6_9SPIO/47-233     2.17275304    2.16886785    1.91581694    1.96758155    2.01425250    2.12518497    2.54629642    3.72707135    3.46411016    4.07348417    3.24591568    2.45837190    2.55465805    1.89170723    1.72536542    2.35297108    0.00000000    1.65661263    1.77397436    1.72438923
A0A1U9NGG1_9BACT/65-251     2.48563380    2.26358794    2.20114280    2.02685133    2.03483016    2.38448769    2.45571932    3.49865832    3.60526777    3.69668927    3.52140590    2.96141564    3.23512723    2.46831286    2.25476846    2.62244316    1.65661263    0.00000000    1.32208289    1.27463457
D8FAM1_9DELT/78-264     2.54802947    2.31140236    2.42973073    1.88525662    2.10766548    3.08022376    2.56157645    3.42082511    2.93819076    3.68927780    3.48154087    3.34321340    2.92834885    2.28884098    2.18047622    2.43586897    1.77397436    1.32208289    0.00000000    0.72782294
A0A0A0E174_9SPIO/65-251     2.54951524    2.38104118    2.26622861    1.90868779    2.03649190    2.92371005    2.63852960    3.67842128    3.20817400    4.02235511    3.29223415    3.19174931    2.97654415    2.43120915    2.17681828    2.36615287    1.72438923    1.27463457    0.72782294    0.00000000

