49
A0A0G3WIL3_9BACT/1-162     0.00000000    0.65440177    0.55425876    0.67187038    0.59876718    0.67770117    0.76423145    0.78327245    0.76441442    0.68508284    0.80130636    0.72979960    0.70155146    0.91286077    0.92547557    0.92287018    0.92874283    0.93174321    0.80458737    1.10897858    1.02932907    0.93403379    1.15079001    1.62893992    1.15587671    1.25743725    1.37683980    1.24949565    0.89535171    1.07133850    0.63479575    0.65406026    0.69259003    0.59818105    0.78721572    0.88564345    0.94079702    0.92370007    0.88134005    0.86049199    0.76008257    0.72460595    0.80178105    0.71881320    0.76222925    0.77176894    0.72080442    0.78228293    0.68957237
A0A317CBB3_9GAMM/1-162     0.65440177    0.00000000    0.32009643    0.58629783    0.46877439    0.81621588    0.79231632    0.83488942    0.75284759    0.67180522    0.87469418    0.83904390    0.62241375    0.93708940    0.87353593    0.87984506    0.92141024    0.85026687    1.02935839    1.16229316    1.23822795    1.08578348    1.15054929    1.55299903    1.16727651    1.14848636    1.27439584    1.28219359    0.93102157    0.99693059    0.64648553    0.62367566    0.60326428    0.65196624    0.91559307    0.97786186    0.96139966    0.85804908    0.96690495    0.95236944    0.82984608    0.78139013    0.73130058    0.80710259    0.80816425    0.80116386    0.87103780    0.89770846    0.74929104
A0A212U1W1_9BURK/1-162     0.55425876    0.32009643    0.00000000    0.44250426    0.34450392    0.71314762    0.78677951    0.84829368    0.71941246    0.65104437    0.93764798    0.81260098    0.62533006    0.97713800    0.82649990    0.85955824    0.88203769    0.86853874    0.93602954    1.18314671    1.14331622    0.96301915    1.20682204    1.43419963    1.11524851    1.18182020    1.39591901    1.27749252    0.87042651    0.97738817    0.62014344    0.61103102    0.63618159    0.68596969    0.76701773    0.83181293    0.84661993    0.83200671    0.77490960    0.82172973    0.69035034    0.74102049    0.71355688    0.63516877    0.61550236    0.74806114    0.82700765    0.71779136    0.66850481
A0A1H8IHX7_9BURK/1-162     0.67187038    0.58629783    0.44250426    0.00000000    0.44314501    0.76414541    0.92722587    0.99006921    0.86009826    0.80056740    0.93562150    0.90603907    0.78159194    1.01134892    0.92935132    0.88319964    0.87434387    0.88736823    0.94411893    1.09024763    1.17383862    1.08363707    1.14995204    1.48504569    1.03945445    1.18035694    1.27228510    1.28429564    0.91784380    0.91709876    0.81608680    0.72747533    0.74290215    0.83292298    0.72665352    0.78528875    0.78512824    0.81201354    0.85672307    0.81240759    0.75616100    0.80376821    0.68540665    0.69404301    0.72776600    0.79536434    0.76657498    0.76293404    0.79694516
A0A0N7J8U1_9BURK/1-162     0.59876718    0.46877439    0.34450392    0.44314501    0.00000000    0.78961563    0.81369419    0.81145991    0.77683272    0.69212982    0.87264142    0.86372153    0.72683121    0.91585254    0.88477526    0.90711799    0.86450972    0.82889278    0.92874466    1.10922630    1.26484063    1.09275520    1.31789818    1.53299008    1.13973759    1.22952559    1.35483390    1.32692272    0.97563394    1.05602768    0.62908881    0.57429589    0.62432697    0.71130619    0.70580770    0.79322910    0.77730654    0.76705852    0.78037642    0.81652001    0.64014936    0.71979224    0.73420132    0.69082181    0.66643329    0.77069824    0.81971498    0.78394989    0.69301764
A0A398B3A8_9BACI/1-162     0.67770117    0.81621588    0.71314762    0.76414541    0.78961563    0.00000000    0.48321262    0.47904826    0.45311405    0.43780386    0.61548361    0.63943377    0.45168557    0.89511812    0.87506619    0.81242586    0.91227097    0.90543913    0.82959649    1.02058206    1.05203476    0.99275832    1.15079592    1.49700311    1.04539884    1.32127307    1.38793783    1.11840813    1.00357517    1.06030991    0.54730240    0.49791424    0.63988987    0.57201079    0.66932364    0.81068651    0.83517387    0.90791523    0.74970987    0.79445219    0.60991062    0.59962134    0.63029153    0.61475486    0.60114596    0.55063589    0.58761111    0.58572460    0.45641642
A0A0M5JFF7_9BACI/1-162     0.76423145    0.79231632    0.78677951    0.92722587    0.81369419    0.48321262    0.00000000    0.25523980    0.46796078    0.43648739    0.58339683    0.56049210    0.50630731    0.97586867    0.84475005    0.94487526    0.97911446    0.95193101    0.97077397    1.04133439    1.10440158    0.96996573    1.25022499    1.52880950    1.31240635    1.37007356    1.42992823    1.21419385    1.03167962    1.08354609    0.59927508    0.63482525    0.66071372    0.58444635    0.67080831    0.90605047    0.89480172    0.99262038    0.77252554    0.83519124    0.63559934    0.68244490    0.76480911    0.62653773    0.56742989    0.65173626    0.79116324    0.67263775    0.62065482
A0A098EZK6_9BACI/1-162     0.78327245    0.83488942    0.84829368    0.99006921    0.81145991    0.47904826    0.25523980    0.00000000    0.45609164    0.49734273    0.73849797    0.71920781    0.51701542    1.06738957    0.94159447    1.06834303    1.02300507    0.99418316    0.99781658    1.09007214    1.20952010    0.98934443    1.37826905    1.68245890    1.29812695    1.52534054    1.50777242    1.22319976    1.04312436    1.10914245    0.67634513    0.63969409    0.63746428    0.60830833    0.58270619    0.83610677    0.80215203    0.94732043    0.68028303    0.71961929    0.62365782    0.63410379    0.74139331    0.63557105    0.62667729    0.72650454    0.77589743    0.66182227    0.61270667
A0A2C1YSB4_9BACI/1-162     0.76441442    0.75284759    0.71941246    0.86009826    0.77683272    0.45311405    0.46796078    0.45609164    0.00000000    0.41554981    0.65085794    0.62025486    0.51547681    0.90515198    0.81779563    0.86332864    0.95541668    0.88359882    0.95315313    1.08118185    1.18828878    1.02161758    1.35420533    1.58297540    1.32097032    1.47665934    1.54272771    1.33796640    1.04945336    1.19266198    0.55954645    0.59183002    0.64723386    0.57999116    0.69095925    0.94623680    0.83741100    0.99556725    0.83682828    0.83338517    0.71119232    0.72846885    0.79058039    0.63284790    0.68996065    0.71583041    0.80294473    0.68412210    0.58980967
A0A268JMH1_9BACI/1-162     0.68508284    0.67180522    0.65104437    0.80056740    0.69212982    0.43780386    0.43648739    0.49734273    0.41554981    0.00000000    0.51773982    0.51350364    0.48039110    0.82215411    0.78517832    0.85901821    0.84682989    0.81931410    0.81577054    1.08094897    1.17653306    0.98675962    1.34815754    1.61339788    1.27821631    1.30853747    1.46675925    1.17158551    0.94421020    1.04969661    0.56241815    0.55946900    0.58139772    0.52257142    0.73177658    0.93005172    0.83505998    1.00593282    0.77002562    0.74119803    0.65620427    0.63011435    0.73496829    0.68193739    0.67528239    0.67673264    0.75272892    0.67449379    0.53836038
A0A1S8TV38_9CLOT/1-162     0.80130636    0.87469418    0.93764798    0.93562150    0.87264142    0.61548361    0.58339683    0.73849797    0.65085794    0.51773982    0.00000000    0.23213993    0.69309714    0.71220723    0.62138540    0.67167809    0.71334247    0.69126978    0.70240520    0.95796136    1.06897728    0.97981106    1.29809533    1.61011797    1.26616373    1.24354457    1.56737272    1.25684212    1.11787083    1.20640278    0.55715457    0.65735901    0.75608513    0.71962921    0.84561114    1.11641483    1.00186173    1.07315599    0.95151908    0.96141379    0.84887558    0.75401954    0.84912057    0.80995709    0.76385469    0.76435757    0.77897263    0.82745644    0.68005279
M1N054_9CLOT/1-162     0.72979960    0.83904390    0.81260098    0.90603907    0.86372153    0.63943377    0.56049210    0.71920781    0.62025486    0.51350364    0.23213993    0.00000000    0.68974848    0.72494653    0.62300083    0.71478264    0.74105703    0.69499970    0.68722356    0.98869512    0.91047301    0.89952423    1.36949772    1.67055987    1.32797654    1.33490926    1.60050288    1.33605240    0.93532014    1.09558575    0.58217696    0.65195534    0.72283548    0.74361300    0.84463305    1.01417518    0.97485401    1.04030184    0.84123496    0.86885151    0.77187657    0.75909464    0.86574773    0.75214189    0.75695841    0.82528106    0.75366078    0.75714540    0.64949161
A0A4R1Q9F5_9BACI/1-162     0.70155146    0.62241375    0.62533006    0.78159194    0.72683121    0.45168557    0.50630731    0.51701542    0.51547681    0.48039110    0.69309714    0.68974848    0.00000000    0.72654774    0.69802469    0.70714075    0.76020515    0.66177566    0.81471613    0.92504194    1.10488906    0.98945390    1.09054608    1.28389316    1.13368442    1.23409764    1.33949008    1.15189746    0.95152767    1.10887723    0.44941582    0.47105373    0.47316810    0.55215698    0.69075587    0.80393108    0.80951800    0.79313129    0.66795784    0.68474818    0.56557597    0.63782223    0.59137262    0.61351272    0.71435958    0.60315597    0.59918111    0.65313385    0.46120124
A0A4R1Q1X4_9FIRM/1-158     0.91286077    0.93708940    0.97713800    1.01134892    0.91585254    0.89511812    0.97586867    1.06738957    0.90515198    0.82215411    0.71220723    0.72494653    0.72654774    0.00000000    0.29892536    0.32554134    0.35427969    0.32003900    0.38601160    0.69789619    0.71074192    0.63068278    0.96343478    1.54095379    1.21983696    1.33041533    1.41254670    1.75700043    1.25740081    1.50194407    0.71387117    0.72068428    0.83236223    0.81083635    0.88702479    1.05685313    1.15199463    1.01437624    0.89577510    0.92313947    0.96214031    0.90776006    0.86471581    0.88212493    0.88320601    0.90110566    0.83627813    0.87512266    0.76640365
A0A1U7MIK3_9FIRM/1-159     0.92547557    0.87353593    0.82649990    0.92935132    0.88477526    0.87506619    0.84475005    0.94159447    0.81779563    0.78517832    0.62138540    0.62300083    0.69802469    0.29892536    0.00000000    0.28167133    0.30164196    0.28573215    0.44946047    0.73847729    0.78893055    0.61175325    0.92271386    1.42379738    1.18783172    1.32095105    1.39091657    1.62123647    1.18020391    1.32709573    0.65682100    0.71605771    0.86530836    0.77130277    0.82210909    0.95423532    1.05406714    0.87419406    0.81114238    0.80708391    0.87129027    0.84372057    0.78309452    0.80716603    0.75536229    0.83568004    0.87019838    0.80889552    0.68231751
A0A1H8R728_9FIRM/1-158     0.92287018    0.87984506    0.85955824    0.88319964    0.90711799    0.81242586    0.94487526    1.06834303    0.86332864    0.85901821    0.67167809    0.71478264    0.70714075    0.32554134    0.28167133    0.00000000    0.27484452    0.26373000    0.39664040    0.68665815    0.70452504    0.61973774    0.93526447    1.33144659    1.10851509    1.24085651    1.25938405    1.59855761    1.28715539    1.42676352    0.65311354    0.76365229    0.86320173    0.77707137    0.80990138    0.95601360    0.99797391    0.90938062    0.88780294    0.91303532    0.86198609    0.82307760    0.76397857    0.80424565    0.79399607    0.78814579    0.81951146    0.81384765    0.70168135
A0A154BUT7_ANASB/1-158     0.92874283    0.92141024    0.88203769    0.87434387    0.86450972    0.91227097    0.97911446    1.02300507    0.95541668    0.84682989    0.71334247    0.74105703    0.76020515    0.35427969    0.30164196    0.27484452    0.00000000    0.25195922    0.39010379    0.67896308    0.71459750    0.58658248    0.96546688    1.46748111    1.09898596    1.26084898    1.28683126    1.51282977    1.09546874    1.23007472    0.66667614    0.79708735    0.91290804    0.79706111    0.83620697    1.01129180    1.07961467    0.99135092    0.94499242    0.97422897    0.95116987    0.80759714    0.82020276    0.79522560    0.82864030    0.89085850    0.85360593    0.80707221    0.77476902
A0A075KB86_9FIRM/1-158     0.93174321    0.85026687    0.86853874    0.88736823    0.82889278    0.90543913    0.95193101    0.99418316    0.88359882    0.81931410    0.69126978    0.69499970    0.66177566    0.32003900    0.28573215    0.26373000    0.25195922    0.00000000    0.42891585    0.70020963    0.85264105    0.57799047    0.98243127    1.47110424    1.06389823    1.21830825    1.37666627    1.63190585    1.20246294    1.30364907    0.63060081    0.71371257    0.76391862    0.80531365    0.86537902    1.01693256    1.07367318    0.89990358    0.92131765    0.94798475    0.91674973    0.84536995    0.80646062    0.80432412    0.90327651    0.87206005    0.85438470    0.88004359    0.71671157
A0A1H6WWX5_9FIRM/1-159     0.80458737    1.02935839    0.93602954    0.94411893    0.92874466    0.82959649    0.97077397    0.99781658    0.95315313    0.81577054    0.70240520    0.68722356    0.81471613    0.38601160    0.44946047    0.39664040    0.39010379    0.42891585    0.00000000    0.55216585    0.53473733    0.46311947    0.76096131    1.27517853    0.98626760    1.11349813    1.20036163    1.54090327    1.17470692    1.27949359    0.76409886    0.87081414    0.96677144    0.83177925    0.86299253    1.00868286    1.08642714    1.04895189    0.91804253    0.90009128    0.82862936    0.87253236    0.82536188    0.82034200    0.78355962    0.93396332    0.83677838    0.86470025    0.81302130
A0A1G9SG60_9FIRM/1-159     1.10897858    1.16229316    1.18314671    1.09024763    1.10922630    1.02058206    1.04133439    1.09007214    1.08118185    1.08094897    0.95796136    0.98869512    0.92504194    0.69789619    0.73847729    0.68665815    0.67896308    0.70020963    0.55216585    0.00000000    0.70739801    0.78299294    1.05875292    1.32318350    1.05186018    1.18222205    1.15147260    1.42477806    1.24383813    1.34471530    0.90857711    0.89176131    0.99217385    1.08894785    0.94615867    1.12056112    1.12950925    1.13840313    0.93881715    0.97560042    0.81151117    0.96159854    0.97144011    0.99055304    1.00919679    1.00613013    0.94428354    1.13912265    0.99579277
D2RN74_ACIFV/1-158     1.02932907    1.23822795    1.14331622    1.17383862    1.26484063    1.05203476    1.10440158    1.20952010    1.18828878    1.17653306    1.06897728    0.91047301    1.10488906    0.71074192    0.78893055    0.70452504    0.71459750    0.85264105    0.53473733    0.70739801    0.00000000    0.67069872    1.05444246    1.27308067    1.17150715    1.13064807    1.29856876    1.58486093    1.20908376    1.27699500    1.13726742    1.11083753    1.15299909    1.07937522    1.00265384    1.03330516    1.13137951    1.06355647    1.02321557    1.01145854    0.92744283    1.05437752    0.94746019    1.00151670    0.93137741    1.07395006    1.01632186    0.96931433    1.09058780
A7GX38_CAMC5/1-159     0.93403379    1.08578348    0.96301915    1.08363707    1.09275520    0.99275832    0.96996573    0.98934443    1.02161758    0.98675962    0.97981106    0.89952423    0.98945390    0.63068278    0.61175325    0.61973774    0.58658248    0.57799047    0.46311947    0.78299294    0.67069872    0.00000000    0.80101406    1.35449874    1.02072434    1.14594223    1.39996912    1.68034441    1.14599296    1.23813531    0.97744878    0.97829113    0.98364486    0.99972256    1.03176075    1.13442784    1.08297690    0.99767916    1.02082317    0.99282768    1.03549249    0.99805797    0.94996691    0.98224381    0.96874195    1.03044951    1.11073773    1.04472842    0.88992033
C8PH47_9PROT/1-158     1.15079001    1.15054929    1.20682204    1.14995204    1.31789818    1.15079592    1.25022499    1.37826905    1.35420533    1.34815754    1.29809533    1.36949772    1.09054608    0.96343478    0.92271386    0.93526447    0.96546688    0.98243127    0.76096131    1.05875292    1.05444246    0.80101406    0.00000000    1.26082765    1.01461700    1.20446257    1.24958952    1.74934431    1.33875898    1.34940241    1.18823612    1.19132798    1.26997950    1.28039917    1.36406896    1.38467680    1.42915264    1.28249120    1.45050137    1.27250482    1.30366861    1.10161797    1.17831753    1.25699352    1.20271537    1.29194048    1.12855653    1.20197527    1.08719646
E2Z9L4_9FIRM/1-159     1.62893992    1.55299903    1.43419963    1.48504569    1.53299008    1.49700311    1.52880950    1.68245890    1.58297540    1.61339788    1.61011797    1.67055987    1.28389316    1.54095379    1.42379738    1.33144659    1.46748111    1.47110424    1.27517853    1.32318350    1.27308067    1.35449874    1.26082765    0.00000000    0.66526050    0.81766898    1.03254699    2.04665264    1.58141225    1.52367042    1.43393706    1.55740947    1.61158420    1.54431503    1.70467725    1.59069466    1.67164131    1.41579475    1.58231480    1.64411192    1.49530938    1.44599213    1.49588782    1.40568535    1.36680208    1.48997796    1.45183443    1.40655290    1.28801589
U7UHG0_9FIRM/5-163     1.15587671    1.16727651    1.11524851    1.03945445    1.13973759    1.04539884    1.31240635    1.29812695    1.32097032    1.27821631    1.26616373    1.32797654    1.13368442    1.21983696    1.18783172    1.10851509    1.09898596    1.06389823    0.98626760    1.05186018    1.17150715    1.02072434    1.01461700    0.66526050    0.00000000    0.52893167    0.89164246    1.76738122    1.32580102    1.30806956    1.24010320    1.08867144    1.25078371    1.29579128    1.36482173    1.33313990    1.32461758    1.10951037    1.33520211    1.33170678    1.26100255    1.20536459    1.17756345    1.27086376    1.26863810    1.24609824    1.16351521    1.21405537    0.98722389
A0A413QWB9_9FIRM/1-159     1.25743725    1.14848636    1.18182020    1.18035694    1.22952559    1.32127307    1.37007356    1.52534054    1.47665934    1.30853747    1.24354457    1.33490926    1.23409764    1.33041533    1.32095105    1.24085651    1.26084898    1.21830825    1.11349813    1.18222205    1.13064807    1.14594223    1.20446257    0.81766898    0.52893167    0.00000000    0.66270209    1.88932214    1.31759322    1.33956148    1.35641334    1.39728908    1.35393736    1.43592691    1.48793743    1.43879579    1.48692633    1.22864977    1.48161993    1.54862117    1.35165308    1.37320121    1.30187397    1.45150766    1.44868146    1.33123289    1.37101414    1.39391828    1.17936249
G4Q461_ACIIR/7-165     1.37683980    1.27439584    1.39591901    1.27228510    1.35483390    1.38793783    1.42992823    1.50777242    1.54272771    1.46675925    1.56737272    1.60050288    1.33949008    1.41254670    1.39091657    1.25938405    1.28683126    1.37666627    1.20036163    1.15147260    1.29856876    1.39996912    1.24958952    1.03254699    0.89164246    0.66270209    0.00000000    1.71922086    1.37712682    1.32947411    1.38879035    1.43576597    1.46779746    1.36389517    1.34939967    1.36450055    1.52024272    1.25886640    1.40629612    1.41785790    1.44427331    1.40216444    1.41006838    1.44390387    1.40439058    1.51669517    1.45657543    1.37565978    1.33740300
A0A1T4VPQ8_9GAMM/1-160     1.24949565    1.28219359    1.27749252    1.28429564    1.32692272    1.11840813    1.21419385    1.22319976    1.33796640    1.17158551    1.25684212    1.33605240    1.15189746    1.75700043    1.62123647    1.59855761    1.51282977    1.63190585    1.54090327    1.42477806    1.58486093    1.68034441    1.74934431    2.04665264    1.76738122    1.88932214    1.71922086    0.00000000    1.14880797    1.13908875    1.24084250    1.12926643    1.22562817    1.17741049    1.16190658    1.25216431    1.24693123    1.28399154    1.25709961    1.28033307    1.25314040    1.25587093    1.32641305    1.34580747    1.17662588    1.28934887    1.15408968    1.26081678    1.16962421
C9RJQ9_FIBSS/1-162     0.89535171    0.93102157    0.87042651    0.91784380    0.97563394    1.00357517    1.03167962    1.04312436    1.04945336    0.94421020    1.11787083    0.93532014    0.95152767    1.25740081    1.18020391    1.28715539    1.09546874    1.20246294    1.17470692    1.24383813    1.20908376    1.14599296    1.33875898    1.58141225    1.32580102    1.31759322    1.37712682    1.14880797    0.00000000    0.26127469    0.94648180    1.00565602    1.06530883    1.03982115    1.15886972    1.18680992    1.02183863    1.04357951    1.12320462    1.15523247    1.09182107    1.11494967    1.08112289    1.11874728    1.12067176    1.15607340    0.87037187    0.94422552    0.88743221
A0A1M6VLU1_9BACT/1-158     1.07133850    0.99693059    0.97738817    0.91709876    1.05602768    1.06030991    1.08354609    1.10914245    1.19266198    1.04969661    1.20640278    1.09558575    1.10887723    1.50194407    1.32709573    1.42676352    1.23007472    1.30364907    1.27949359    1.34471530    1.27699500    1.23813531    1.34940241    1.52367042    1.30806956    1.33956148    1.32947411    1.13908875    0.26127469    0.00000000    1.05413151    1.08231143    1.15905176    1.14378488    1.30808141    1.10506700    0.98546865    1.18245714    1.23852652    1.13931996    1.16581611    1.15515163    1.09826349    1.25928118    1.16930738    1.18414281    0.96534569    1.03845384    1.03748635
D5XBJ7_THEPJ/1-162     0.63479575    0.64648553    0.62014344    0.81608680    0.62908881    0.54730240    0.59927508    0.67634513    0.55954645    0.56241815    0.55715457    0.58217696    0.44941582    0.71387117    0.65682100    0.65311354    0.66667614    0.63060081    0.76409886    0.90857711    1.13726742    0.97744878    1.18823612    1.43393706    1.24010320    1.35641334    1.38879035    1.24084250    0.94648180    1.05413151    0.00000000    0.43304636    0.42980211    0.46425620    0.63572608    0.76809631    0.74132017    0.72589805    0.68363698    0.66568032    0.71430213    0.59653103    0.64675350    0.58136143    0.60765417    0.54046650    0.58371518    0.61931724    0.45671875
A0A1J1LQP8_9CYAN/1-162     0.65406026    0.62367566    0.61103102    0.72747533    0.57429589    0.49791424    0.63482525    0.63969409    0.59183002    0.55946900    0.65735901    0.65195534    0.47105373    0.72068428    0.71605771    0.76365229    0.79708735    0.71371257    0.87081414    0.89176131    1.11083753    0.97829113    1.19132798    1.55740947    1.08867144    1.39728908    1.43576597    1.12926643    1.00565602    1.08231143    0.43304636    0.00000000    0.26725302    0.48861612    0.61333702    0.85751250    0.73908720    0.79129294    0.73335262    0.71503104    0.63986512    0.52346946    0.61662233    0.60104637    0.62716269    0.53474340    0.68801671    0.72561316    0.49308113
A0A1Z4HW87_9NOSO/1-162     0.69259003    0.60326428    0.63618159    0.74290215    0.62432697    0.63988987    0.66071372    0.63746428    0.64723386    0.58139772    0.75608513    0.72283548    0.47316810    0.83236223    0.86530836    0.86320173    0.91290804    0.76391862    0.96677144    0.99217385    1.15299909    0.98364486    1.26997950    1.61158420    1.25078371    1.35393736    1.46779746    1.22562817    1.06530883    1.15905176    0.42980211    0.26725302    0.00000000    0.52836345    0.73593690    0.91931368    0.84473432    0.82431734    0.78506399    0.84267053    0.57567842    0.62845238    0.61351912    0.61499869    0.69760481    0.55055041    0.68903934    0.79344668    0.54525024
Q24NU5_DESHY/1-162     0.59818105    0.65196624    0.68596969    0.83292298    0.71130619    0.57201079    0.58444635    0.60830833    0.57999116    0.52257142    0.71962921    0.74361300    0.55215698    0.81083635    0.77130277    0.77707137    0.79706111    0.80531365    0.83177925    1.08894785    1.07937522    0.99972256    1.28039917    1.54431503    1.29579128    1.43592691    1.36389517    1.17741049    1.03982115    1.14378488    0.46425620    0.48861612    0.52836345    0.00000000    0.64495074    0.75393880    0.71831990    0.77157689    0.68334944    0.63883340    0.65460950    0.61935521    0.64259408    0.59073496    0.57658951    0.50452252    0.69738510    0.66945026    0.48722461
A0A4R4D9B2_9PROT/1-163     0.78721572    0.91559307    0.76701773    0.72665352    0.70580770    0.66932364    0.67080831    0.58270619    0.69095925    0.73177658    0.84561114    0.84463305    0.69075587    0.88702479    0.82210909    0.80990138    0.83620697    0.86537902    0.86299253    0.94615867    1.00265384    1.03176075    1.36406896    1.70467725    1.36482173    1.48793743    1.34939967    1.16190658    1.15886972    1.30808141    0.63572608    0.61333702    0.73593690    0.64495074    0.00000000    0.64457890    0.70873154    0.75466517    0.64588042    0.62517459    0.60179440    0.56720750    0.59001657    0.49268940    0.50501994    0.61727871    0.68467208    0.62326286    0.62623906
A0A1I0Y0A3_9CELL/50-212     0.88564345    0.97786186    0.83181293    0.78528875    0.79322910    0.81068651    0.90605047    0.83610677    0.94623680    0.93005172    1.11641483    1.01417518    0.80393108    1.05685313    0.95423532    0.95601360    1.01129180    1.01693256    1.00868286    1.12056112    1.03330516    1.13442784    1.38467680    1.59069466    1.33313990    1.43879579    1.36450055    1.25216431    1.18680992    1.10506700    0.76809631    0.85751250    0.91931368    0.75393880    0.64457890    0.00000000    0.58411062    0.60175082    0.46752446    0.43370284    0.63080201    0.76916559    0.63249326    0.60397621    0.55209345    0.74029377    0.72692802    0.65488317    0.72918755
A0A5Q2FEN9_9ACTN/1-160     0.94079702    0.96139966    0.84661993    0.78512824    0.77730654    0.83517387    0.89480172    0.80215203    0.83741100    0.83505998    1.00186173    0.97485401    0.80951800    1.15199463    1.05406714    0.99797391    1.07961467    1.07367318    1.08642714    1.12950925    1.13137951    1.08297690    1.42915264    1.67164131    1.32461758    1.48692633    1.52024272    1.24693123    1.02183863    0.98546865    0.74132017    0.73908720    0.84473432    0.71831990    0.70873154    0.58411062    0.00000000    0.56921078    0.58636625    0.59325684    0.81785575    0.86802180    0.76806328    0.70058301    0.73424101    0.81998024    0.77320986    0.83170058    0.75663737
A0A1R4I8U9_9ACTN/41-200     0.92370007    0.85804908    0.83200671    0.81201354    0.76705852    0.90791523    0.99262038    0.94732043    0.99556725    1.00593282    1.07315599    1.04030184    0.79313129    1.01437624    0.87419406    0.90938062    0.99135092    0.89990358    1.04895189    1.13840313    1.06355647    0.99767916    1.28249120    1.41579475    1.10951037    1.22864977    1.25886640    1.28399154    1.04357951    1.18245714    0.72589805    0.79129294    0.82431734    0.77157689    0.75466517    0.60175082    0.56921078    0.00000000    0.71634978    0.66673847    0.81233162    0.86452492    0.74013490    0.74495155    0.73630617    0.73098878    0.80520343    0.78425047    0.71978508
A0A512PE55_9CELL/49-211     0.88134005    0.96690495    0.77490960    0.85672307    0.78037642    0.74970987    0.77252554    0.68028303    0.83682828    0.77002562    0.95151908    0.84123496    0.66795784    0.89577510    0.81114238    0.88780294    0.94499242    0.92131765    0.91804253    0.93881715    1.02321557    1.02082317    1.45050137    1.58231480    1.33520211    1.48161993    1.40629612    1.25709961    1.12320462    1.23852652    0.68363698    0.73335262    0.78506399    0.68334944    0.64588042    0.46752446    0.58636625    0.71634978    0.00000000    0.27211552    0.59533532    0.74336181    0.72103793    0.66985922    0.63383114    0.64741816    0.77566813    0.61685548    0.59143616
D5ULY7_CELFN/50-212     0.86049199    0.95236944    0.82172973    0.81240759    0.81652001    0.79445219    0.83519124    0.71961929    0.83338517    0.74119803    0.96141379    0.86885151    0.68474818    0.92313947    0.80708391    0.91303532    0.97422897    0.94798475    0.90009128    0.97560042    1.01145854    0.99282768    1.27250482    1.64411192    1.33170678    1.54862117    1.41785790    1.28033307    1.15523247    1.13931996    0.66568032    0.71503104    0.84267053    0.63883340    0.62517459    0.43370284    0.59325684    0.66673847    0.27211552    0.00000000    0.63925589    0.77361856    0.72940678    0.70263061    0.68954546    0.75384354    0.75515481    0.71757040    0.64984922
Q2RTP9_RHORT/1-162     0.76008257    0.82984608    0.69035034    0.75616100    0.64014936    0.60991062    0.63559934    0.62365782    0.71119232    0.65620427    0.84887558    0.77187657    0.56557597    0.96214031    0.87129027    0.86198609    0.95116987    0.91674973    0.82862936    0.81151117    0.92744283    1.03549249    1.30366861    1.49530938    1.26100255    1.35165308    1.44427331    1.25314040    1.09182107    1.16581611    0.71430213    0.63986512    0.57567842    0.65460950    0.60179440    0.63080201    0.81785575    0.81233162    0.59533532    0.63925589    0.00000000    0.56779631    0.43670325    0.35965317    0.45618732    0.56841013    0.68169038    0.55509913    0.59215906
A0A564WAM5_9PROT/1-162     0.72460595    0.78139013    0.74102049    0.80376821    0.71979224    0.59962134    0.68244490    0.63410379    0.72846885    0.63011435    0.75401954    0.75909464    0.63782223    0.90776006    0.84372057    0.82307760    0.80759714    0.84536995    0.87253236    0.96159854    1.05437752    0.99805797    1.10161797    1.44599213    1.20536459    1.37320121    1.40216444    1.25587093    1.11494967    1.15515163    0.59653103    0.52346946    0.62845238    0.61935521    0.56720750    0.76916559    0.86802180    0.86452492    0.74336181    0.77361856    0.56779631    0.00000000    0.53553954    0.55346629    0.55239160    0.59223117    0.66315752    0.63576157    0.64735244
H6SJV0_PARPM/8-169     0.80178105    0.73130058    0.71355688    0.68540665    0.73420132    0.63029153    0.76480911    0.74139331    0.79058039    0.73496829    0.84912057    0.86574773    0.59137262    0.86471581    0.78309452    0.76397857    0.82020276    0.80646062    0.82536188    0.97144011    0.94746019    0.94996691    1.17831753    1.49588782    1.17756345    1.30187397    1.41006838    1.32641305    1.08112289    1.09826349    0.64675350    0.61662233    0.61351912    0.64259408    0.59001657    0.63249326    0.76806328    0.74013490    0.72103793    0.72940678    0.43670325    0.53553954    0.00000000    0.45540694    0.49716057    0.53191121    0.67149549    0.57601346    0.62714815
G8AND6_9PROT/1-162     0.71881320    0.80710259    0.63516877    0.69404301    0.69082181    0.61475486    0.62653773    0.63557105    0.63284790    0.68193739    0.80995709    0.75214189    0.61351272    0.88212493    0.80716603    0.80424565    0.79522560    0.80432412    0.82034200    0.99055304    1.00151670    0.98224381    1.25699352    1.40568535    1.27086376    1.45150766    1.44390387    1.34580747    1.11874728    1.25928118    0.58136143    0.60104637    0.61499869    0.59073496    0.49268940    0.60397621    0.70058301    0.74495155    0.66985922    0.70263061    0.35965317    0.55346629    0.45540694    0.00000000    0.27856656    0.43772731    0.65846154    0.45881047    0.47228894
A0A2S2CUX4_9PROT/1-162     0.76222925    0.80816425    0.61550236    0.72776600    0.66643329    0.60114596    0.56742989    0.62667729    0.68996065    0.67528239    0.76385469    0.75695841    0.71435958    0.88320601    0.75536229    0.79399607    0.82864030    0.90327651    0.78355962    1.00919679    0.93137741    0.96874195    1.20271537    1.36680208    1.26863810    1.44868146    1.40439058    1.17662588    1.12067176    1.16930738    0.60765417    0.62716269    0.69760481    0.57658951    0.50501994    0.55209345    0.73424101    0.73630617    0.63383114    0.68954546    0.45618732    0.55239160    0.49716057    0.27856656    0.00000000    0.42886586    0.66614262    0.51829030    0.49047519
A0A1I4QVQ5_9RHIZ/1-162     0.77176894    0.80116386    0.74806114    0.79536434    0.77069824    0.55063589    0.65173626    0.72650454    0.71583041    0.67673264    0.76435757    0.82528106    0.60315597    0.90110566    0.83568004    0.78814579    0.89085850    0.87206005    0.93396332    1.00613013    1.07395006    1.03044951    1.29194048    1.48997796    1.24609824    1.33123289    1.51669517    1.28934887    1.15607340    1.18414281    0.54046650    0.53474340    0.55055041    0.50452252    0.61727871    0.74029377    0.81998024    0.73098878    0.64741816    0.75384354    0.56841013    0.59223117    0.53191121    0.43772731    0.42886586    0.00000000    0.66561711    0.56063603    0.47887568
A0A0K6IWL0_9PROT/1-162     0.72080442    0.87103780    0.82700765    0.76657498    0.81971498    0.58761111    0.79116324    0.77589743    0.80294473    0.75272892    0.77897263    0.75366078    0.59918111    0.83627813    0.87019838    0.81951146    0.85360593    0.85438470    0.83677838    0.94428354    1.01632186    1.11073773    1.12855653    1.45183443    1.16351521    1.37101414    1.45657543    1.15408968    0.87037187    0.96534569    0.58371518    0.68801671    0.68903934    0.69738510    0.68467208    0.72692802    0.77320986    0.80520343    0.77566813    0.75515481    0.68169038    0.66315752    0.67149549    0.65846154    0.66614262    0.66561711    0.00000000    0.54445871    0.55125296
A0A4V5MS44_9NEIS/1-162     0.78228293    0.89770846    0.71779136    0.76293404    0.78394989    0.58572460    0.67263775    0.66182227    0.68412210    0.67449379    0.82745644    0.75714540    0.65313385    0.87512266    0.80889552    0.81384765    0.80707221    0.88004359    0.86470025    1.13912265    0.96931433    1.04472842    1.20197527    1.40655290    1.21405537    1.39391828    1.37565978    1.26081678    0.94422552    1.03845384    0.61931724    0.72561316    0.79344668    0.66945026    0.62326286    0.65488317    0.83170058    0.78425047    0.61685548    0.71757040    0.55509913    0.63576157    0.57601346    0.45881047    0.51829030    0.56063603    0.54445871    0.00000000    0.45732843
A0A6I3SHB5_HELMO/1-162     0.68957237    0.74929104    0.66850481    0.79694516    0.69301764    0.45641642    0.62065482    0.61270667    0.58980967    0.53836038    0.68005279    0.64949161    0.46120124    0.76640365    0.68231751    0.70168135    0.77476902    0.71671157    0.81302130    0.99579277    1.09058780    0.88992033    1.08719646    1.28801589    0.98722389    1.17936249    1.33740300    1.16962421    0.88743221    1.03748635    0.45671875    0.49308113    0.54525024    0.48722461    0.62623906    0.72918755    0.75663737    0.71978508    0.59143616    0.64984922    0.59215906    0.64735244    0.62714815    0.47228894    0.49047519    0.47887568    0.55125296    0.45732843    0.00000000

