9
A0A1H9JSC6_9FIRM/4-134     0.00000000    0.88424568    0.97566241    1.20135999    1.30656216    1.11499122    1.68251667    1.80611636    2.57010070
D7N7G1_9FIRM/4-134     0.88424568    0.00000000    0.80163786    1.00421138    1.13163300    0.94898975    1.44454577    1.92090176    2.45304976
A0A3N1XSU7_9FIRM/4-134     0.97566241    0.80163786    0.00000000    0.80814423    0.93042002    0.86133590    1.23530462    1.93451978    2.87501856
A0A3A9D3U8_9BACT/1-131     1.20135999    1.00421138    0.80814423    0.00000000    0.26304088    0.99447179    1.36790813    1.77682554    2.54556049
N2AKL1_9FIRM/16-146     1.30656216    1.13163300    0.93042002    0.26304088    0.00000000    1.15018853    1.53975188    1.87912096    2.70151882
R9K6P4_9FIRM/4-134     1.11499122    0.94898975    0.86133590    0.99447179    1.15018853    0.00000000    1.35865212    1.63177974    2.06385224
A0A0P8WNW2_9CLOT/4-132     1.68251667    1.44454577    1.23530462    1.36790813    1.53975188    1.35865212    0.00000000    1.44142345    1.63388338
A8MI99_ALKOO/4-130     1.80611636    1.92090176    1.93451978    1.77682554    1.87912096    1.63177974    1.44142345    0.00000000    1.61118107
C0GFJ8_9FIRM/4-130     2.57010070    2.45304976    2.87501856    2.54556049    2.70151882    2.06385224    1.63388338    1.61118107    0.00000000

