21
A0A1S1Y125_9GAMM/1-184     0.00000000    1.28550057    1.20448801    1.14195034    1.40385257    1.02812838    1.46737676    1.61856794    1.95151492    1.67936152    1.20940791    1.50547301    2.13537721    2.49316891    2.33239035    1.99322012    1.91587415    2.25035253    1.61341227    1.32844775    2.32390470
A0A177PL81_9RHIZ/1-176     1.28550057    0.00000000    1.15084624    1.70078737    1.61034523    1.44075893    1.84145561    1.82497530    2.02550269    1.61680701    1.57207999    1.85371298    2.42116138    2.42111804    2.88359576    1.82263297    1.97072672    1.93113149    2.23356119    1.59939875    2.23332312
E3HYU4_RHOVT/1-172     1.20448801    1.15084624    0.00000000    1.24174002    1.29169502    1.17632728    1.44098715    1.58321398    1.74802153    1.41071198    1.37796379    1.67930781    2.15835446    2.91622092    2.71872050    2.05398828    1.88776047    1.98876558    2.19627157    1.39617691    2.41888916
A0A1M6AX43_9BACT/1-174     1.14195034    1.70078737    1.24174002    0.00000000    0.77829363    1.00006737    1.27596283    1.48101912    1.72316363    1.63678533    1.23729509    1.56158885    1.80255200    2.92805441    2.29085969    2.02527463    1.67007531    2.33329937    1.80443933    1.32284097    2.12947505
A0A386HSW2_9BACT/32-205     1.40385257    1.61034523    1.29169502    0.77829363    0.00000000    0.86054528    1.31633725    1.40103731    1.91550957    1.36846002    1.36279064    1.56574603    2.05071138    2.85178573    2.44212643    1.97864124    1.72635818    2.76788805    1.99592168    1.26275615    2.14545639
A0A4Z0WEV0_9GAMM/4-177     1.02812838    1.44075893    1.17632728    1.00006737    0.86054528    0.00000000    1.13439904    1.37455343    1.83206844    1.37645732    1.21449022    1.56389150    2.12734715    2.91575185    2.40814761    1.93358121    1.82337342    2.25949371    1.71811106    1.21918645    2.19357799
A0A0W0Z8E3_LEGSP/6-183     1.46737676    1.84145561    1.44098715    1.27596283    1.31633725    1.13439904    0.00000000    1.45074840    2.30390963    1.57279914    1.45565198    1.58485437    1.99793202    2.90945185    2.32306109    2.01924816    1.93358534    2.37277245    1.94434054    1.50714945    2.70595271
A0A372IQS7_9BACT/1-172     1.61856794    1.82497530    1.58321398    1.48101912    1.40103731    1.37455343    1.45074840    0.00000000    1.77729168    1.63306074    1.58600351    1.69019174    2.00396973    2.51238478    2.75644853    2.09581014    1.85906721    2.63066004    1.77412822    1.52055067    2.43236316
A0A0N0IH69_9BURK/7-183     1.95151492    2.02550269    1.74802153    1.72316363    1.91550957    1.83206844    2.30390963    1.77729168    0.00000000    1.70688700    1.55379962    2.47480237    2.44768387    2.53734310    2.58434867    2.57089434    2.23942284    2.46904867    2.54284781    1.64569323    2.88836090
A0A085G093_9ENTR/1-186     1.67936152    1.61680701    1.41071198    1.63678533    1.36846002    1.37645732    1.57279914    1.63306074    1.70688700    0.00000000    0.92526287    1.78369005    1.91732598    2.76539085    2.42368526    2.34235473    2.03260170    2.46911455    2.10545784    1.55373537    2.06034667
A0A1H5U6N4_9RHOO/1-172     1.20940791    1.57207999    1.37796379    1.23729509    1.36279064    1.21449022    1.45565198    1.58600351    1.55379962    0.92526287    0.00000000    1.63779783    1.99001385    2.77780904    2.48957423    2.19609682    1.89885917    2.14994992    1.87676471    1.21701315    2.04956281
C6C062_DESAD/1-175     1.50547301    1.85371298    1.67930781    1.56158885    1.56574603    1.56389150    1.58485437    1.69019174    2.47480237    1.78369005    1.63779783    0.00000000    1.81311201    2.66611679    1.98142045    1.74452253    1.44511386    1.86863420    1.62375990    1.39247587    2.31473212
A0A174I309_9BACE/4-172     2.13537721    2.42116138    2.15835446    1.80255200    2.05071138    2.12734715    1.99793202    2.00396973    2.44768387    1.91732598    1.99001385    1.81311201    0.00000000    2.39533099    1.92362255    1.82154374    2.43735416    2.64922702    2.53738927    2.16540230    2.90733049
A0A2P8CE49_9BACT/22-190     2.49316891    2.42111804    2.91622092    2.92805441    2.85178573    2.91575185    2.90945185    2.51238478    2.53734310    2.76539085    2.77780904    2.66611679    2.39533099    0.00000000    2.40023192    2.13517820    3.05038546    3.20874056    2.74413950    2.14368898    2.98853922
R7K9C3_9FIRM/4-178     2.33239035    2.88359576    2.71872050    2.29085969    2.44212643    2.40814761    2.32306109    2.75644853    2.58434867    2.42368526    2.48957423    1.98142045    1.92362255    2.40023192    0.00000000    1.06136046    2.36859245    2.68356435    2.13912911    1.93510215    3.12595335
D4JXP8_9FIRM/1-172     1.99322012    1.82263297    2.05398828    2.02527463    1.97864124    1.93358121    2.01924816    2.09581014    2.57089434    2.34235473    2.19609682    1.74452253    1.82154374    2.13517820    1.06136046    0.00000000    1.98562373    2.14534656    2.12291866    1.83091078    2.87921749
A0A2V4MQV8_9RHOB/5-178     1.91587415    1.97072672    1.88776047    1.67007531    1.72635818    1.82337342    1.93358534    1.85906721    2.23942284    2.03260170    1.89885917    1.44511386    2.43735416    3.05038546    2.36859245    1.98562373    0.00000000    1.80279820    1.84962020    1.65398524    2.66423720
A0A2U2DSD2_9RHIZ/3-174     2.25035253    1.93113149    1.98876558    2.33329937    2.76788805    2.25949371    2.37277245    2.63066004    2.46904867    2.46911455    2.14994992    1.86863420    2.64922702    3.20874056    2.68356435    2.14534656    1.80279820    0.00000000    1.95987991    2.33420959    2.27891865
A0A4V1V700_9RHOB/1-175     1.61341227    2.23356119    2.19627157    1.80443933    1.99592168    1.71811106    1.94434054    1.77412822    2.54284781    2.10545784    1.87676471    1.62375990    2.53738927    2.74413950    2.13912911    2.12291866    1.84962020    1.95987991    0.00000000    1.80526943    2.60702656
A0A4R1PRJ3_9FIRM/4-175     1.32844775    1.59939875    1.39617691    1.32284097    1.26275615    1.21918645    1.50714945    1.52055067    1.64569323    1.55373537    1.21701315    1.39247587    2.16540230    2.14368898    1.93510215    1.83091078    1.65398524    2.33420959    1.80526943    0.00000000    2.08994834
A0A2V1HIM9_9GAMM/36-218     2.32390470    2.23332312    2.41888916    2.12947505    2.14545639    2.19357799    2.70595271    2.43236316    2.88836090    2.06034667    2.04956281    2.31473212    2.90733049    2.98853922    3.12595335    2.87921749    2.66423720    2.27891865    2.60702656    2.08994834    0.00000000

