142
A0A165YK44_9RHOB/53-88     0.00000000    0.70406447    0.51063050    0.93707149    0.91223735    0.67243370    1.07165583    0.96351004    0.87965271    0.60770759    0.80653494    0.63124853    0.65771923    0.98070770    1.23629733    1.05288944    1.13369547    1.01988834    0.95159893    1.18515254    1.40562107    1.28609412    1.27659113    1.16394230    1.62317096    2.09104669    2.59749101    1.19411022    1.08544295    1.50958457    1.42464607    1.71561064    1.49956197    0.98875522    0.96966954    1.11115309    0.82375668    0.80480851    0.76680584    0.57702427    0.75517173    0.95572452    0.99865023    0.86940964    0.91440320    0.76630920    1.05655595    0.92524112    0.75605222    0.75875613    1.00029655    1.01153925    0.91468606    1.16254122    1.01784037    1.32286274    0.82056375    0.67571791    1.25814346    1.57560184    1.15433337    1.65544840    1.20183805    1.05153284    1.16674278    1.41635638    1.08918816    1.46561710    1.38635355    1.11107391    1.22925729    1.20627643    1.45786098    1.87406491    2.00042394    1.98682382    1.57584593    1.69184378    1.68253547    1.42626015    2.07849763    1.78447627    1.11958469    1.81996263    2.03843459    1.68028875    1.26254803    1.39522619    0.96279098    1.03161276    0.81850866    1.06852962    1.03314989    1.19135448    1.39958921    1.55310222    1.27310019    1.12532478    1.07257354    0.76325008    0.56712798    0.58934976    0.62833735    0.68646748    0.92754788    0.74164302    0.79520233    0.92893437    0.66257375    0.66163136    0.96887002    1.15183311    0.88243850    1.11137031    1.07402292    0.95794171    0.81812698    0.96414557    1.09786583    0.88586372    0.90930079    0.72083353    1.01119302    0.85915452    0.95695844    0.99354313    0.97731910    0.91401706    0.97513986    1.03698595    1.46478257    1.19912333    0.87898902    1.01467998    0.55680597    0.83272561    0.90761355    0.85202353    0.52929168    0.98723139    0.81688389    0.60187420
A0A327JR59_9RHIZ/53-88     0.70406447    0.00000000    0.60475269    1.02224778    0.84548406    0.77813634    1.01060753    1.01789348    0.92892414    0.85730755    0.97925468    0.63975577    0.86358446    1.17161909    0.97529441    1.00468279    1.15805653    0.97954957    1.32035015    1.13926879    1.53719709    1.13053257    1.36266881    1.11407375    1.75318420    2.21320817    2.07350370    0.98488612    1.07420558    1.02687375    1.32420866    1.54790408    1.55975456    0.89776744    0.68216889    1.03428159    0.87925145    0.47793586    0.56234487    0.56572625    0.80422872    0.89975954    0.89581725    0.89136302    0.98589111    0.94010107    1.16573436    0.90702364    0.60699345    0.77117144    0.87331248    1.00379006    0.83880368    0.81037683    0.83796079    0.87620370    0.93149092    0.88062384    1.42646729    1.75652455    1.34256522    1.15740483    1.44440114    1.40907169    1.79571579    1.36742791    1.22960323    1.48417135    1.53799039    1.23695391    0.95230608    0.81894857    1.33499829    1.44333233    1.47007798    1.24416589    1.37555321    1.22358607    1.68635824    1.28066295    1.51341955    1.41713432    1.04386327    1.34376363    1.48285376    1.14909500    0.87717289    1.22983321    1.00393210    0.78927494    0.98364724    0.87903048    0.65123514    0.89463493    1.20275088    1.71277456    1.20288344    1.30525280    1.23739051    0.96470519    0.85208674    0.63331800    0.65005909    1.03429145    1.20556623    0.91225202    1.02788268    0.95448222    0.91506277    1.08758248    1.33352431    1.02183674    1.04996076    1.28327877    1.31897789    1.20041151    1.13943231    1.29289265    1.22939200    1.14216059    1.07113149    1.03584968    1.11435797    0.99899670    1.38648099    1.30711053    1.47458552    1.28650141    1.33788271    1.19964290    1.76947250    1.14648920    0.96341056    0.88793322    0.80130233    0.93589212    0.93095565    0.91417947    0.69163129    0.98552039    1.07181578    0.75738759
A0A1U7JD43_9RHOB/53-88     0.51063050    0.60475269    0.00000000    0.94125882    0.63010490    0.64845070    0.92208138    0.86673313    0.74508407    0.56831338    0.74383940    0.63293711    0.73029039    0.91672752    0.97175273    1.00554529    1.00638771    0.92337194    1.14981956    1.07894000    1.33192774    1.07913356    1.21020067    0.91556489    1.77698169    2.34699947    2.02194202    1.25974412    1.11803782    1.31684651    1.34725590    1.24877371    1.58507600    0.77526156    0.94084724    1.21537950    0.94914308    0.59974401    0.69495072    0.55506585    0.57236344    0.86189395    0.87903006    0.76647260    0.81813601    0.66391972    0.97947317    0.89095131    0.65755041    0.88221855    1.07573937    1.04085489    1.02610016    1.06430771    1.08302181    0.86034063    0.82754703    0.53036770    1.35573350    1.34876195    1.03348419    1.26535578    1.22546756    0.91012355    1.08590553    1.04274091    1.13141316    1.20276662    1.51510661    1.16868556    0.77473962    1.15359688    1.21627962    1.15109714    1.29132026    1.32192111    1.34965808    1.18190974    1.34820423    1.16113677    1.77592710    1.25530235    1.14045015    1.30649923    1.74148523    1.51537518    1.15437517    1.17252378    1.06834807    0.94681672    0.87773064    0.87521723    0.87315012    1.23818182    1.32712189    1.25679879    1.11116453    1.17782140    0.87657046    0.86453920    0.82345043    0.98687892    0.78314455    0.86839944    0.98172297    0.82515117    1.02628763    1.25039182    1.00592415    1.04806471    0.95449499    0.85132112    1.15263275    0.76187541    0.86012307    1.04032652    1.17176184    1.11525538    1.12620060    1.06649204    1.30989382    1.08930078    1.08604558    1.10160864    1.33913629    1.25542492    1.41622605    1.39667440    1.12400842    1.24510570    1.42510625    1.15734030    0.96150464    1.13900875    0.75795289    1.03236227    1.07036253    0.91633709    0.60179075    1.15231072    1.01932635    0.59909798
A0A1G4RTK6_9RHIZ/53-88     0.93707149    1.02224778    0.94125882    0.00000000    0.91075596    0.65959890    1.03069633    0.88252835    0.83381554    0.88417371    0.64436975    0.68000674    0.93133834    1.30929948    1.29063862    1.19872956    1.02048269    1.39297702    1.56769811    1.52112823    1.99740724    1.77636422    1.24931844    1.38317894    1.97985977    2.30849226    2.05679545    1.40683439    1.30506994    1.25247473    1.73927490    1.38737524    1.71814279    0.86734347    0.83204672    1.01070568    0.82338888    0.75577083    0.84575732    0.75896035    0.64152807    0.66222505    1.06386137    0.74731833    0.69250641    0.73447685    0.94130605    0.77270039    0.72034684    1.14326218    1.25289353    0.90072679    1.24627945    1.14551762    1.11086191    1.07991469    0.78029278    0.75268594    1.02742970    1.08422918    1.13660804    1.04693718    1.09702172    1.52771706    1.67953327    1.13107297    1.55405214    1.65913076    1.65646274    1.64908975    1.10471532    1.30040816    1.35510528    1.42711579    1.75743567    1.37870414    2.14179778    2.02816178    1.87524019    1.85542295    1.84843460    2.10067396    1.44354315    1.21155285    1.98372848    1.76995880    1.26881301    1.65146355    1.28494196    1.24468371    1.12030173    1.24666573    1.38123501    1.49425277    1.09669979    1.41621156    0.96474299    1.48825692    1.49463846    0.81533494    1.01415223    1.03710545    0.95102738    0.96694626    0.81574027    0.88564463    0.99823900    1.08313722    1.22527197    1.09215901    0.98035605    1.46803748    1.41831548    1.13558822    1.27409602    1.41547554    1.23786853    1.14863326    1.12759388    1.35660609    1.45760253    1.37575147    1.53759006    1.65088912    1.38547283    1.33315205    1.29235429    1.32039163    1.14840826    1.10588759    1.37757957    1.43938937    1.20384242    1.49222667    1.07194763    1.03936872    1.23963093    1.02148531    0.92704612    0.92330586    0.96771852    0.86149619
E2CAV2_9RHOB/53-88     0.91223735    0.84548406    0.63010490    0.91075596    0.00000000    0.60528373    0.79958055    0.81395956    0.77147756    0.82219124    0.70630679    0.75240725    0.68762812    1.56589407    1.10575660    1.17979052    1.20971485    1.39537933    1.29869553    1.33256387    1.55279078    1.37495476    1.44892758    1.47156115    2.17858647    3.04650474    2.29804834    0.93589099    0.93090742    0.93152433    1.12449463    1.68667610    1.32244424    1.00331123    0.96913006    0.84441955    1.13888595    0.74975024    0.75278355    0.76502537    0.78418062    0.82286754    0.89137012    0.70294234    0.70075160    0.67169170    0.83747389    0.68503013    0.68136043    0.99921534    0.68674360    0.99321391    0.99815806    0.97460615    1.16618634    1.26665146    0.91960390    0.93013456    1.21761100    1.19958617    1.36194352    1.32466754    1.43020018    1.22410556    1.27927839    1.10640274    1.53364717    1.23268985    1.30113338    1.30675308    1.03978274    1.51707790    1.66319169    1.88804999    1.68347641    1.73309229    1.81207223    1.72898030    1.53277816    1.35318036    1.94254586    1.58874352    1.46603253    1.32482932    1.67745730    1.34374256    1.42854545    1.64145488    1.10915833    1.15461748    1.09919697    0.92261301    1.04981902    0.91383956    0.84493232    1.54531511    0.92131068    1.40016305    0.93902545    0.94289412    0.91096931    1.27244519    0.93050476    1.04708861    0.98352836    0.68268106    0.88205906    1.01361118    0.86550886    0.98035355    0.66694699    0.65403635    0.77486426    0.60768260    0.83718436    0.82763390    0.75080427    0.82492872    0.92322196    0.66732004    1.07876379    1.04393660    0.82788334    0.93499296    1.19268345    0.75448492    1.06749886    0.91364866    0.95989025    0.96996875    0.98658126    0.80929642    0.88748672    0.77471333    1.09130702    1.27565914    1.17638271    0.87423717    0.82890393    1.24857741    1.34400773    0.86545811
A0A1H2EFI8_9RHOB/53-88     0.67243370    0.77813634    0.64845070    0.65959890    0.60528373    0.00000000    0.59889993    0.39983363    0.69606514    0.46072003    0.61312816    0.54678247    1.03395912    1.30501794    1.58621327    1.34253083    1.13609752    1.29943270    1.40827231    1.36289349    1.90228483    1.29073460    1.11304048    1.17756662    1.75304611    2.28210152    1.87689502    1.00272333    1.21717880    1.21700245    1.31759687    1.67023897    1.36863207    1.00103139    1.08576850    1.28056238    0.87565566    0.85628290    0.50193337    0.59627681    1.08708171    0.74217740    1.09575118    0.88954049    0.76256065    0.94668526    1.01381586    0.93118310    0.53735976    0.95888547    1.19418660    1.17069296    1.19066165    0.98573322    0.85838896    1.01660198    0.77286901    0.70532847    1.37826018    1.78641229    1.61108950    1.27117910    1.54087241    1.33721192    1.50096400    1.32674539    1.30423575    1.64610145    1.38610153    1.52402881    0.82384230    1.05379683    1.54861290    1.66705287    1.56584244    1.64102722    1.53860508    1.85054103    1.61311871    1.66788214    2.18215971    1.95588451    1.03965150    1.10526599    2.03360823    1.28470108    1.27544670    1.15269022    0.73103556    0.96056522    1.28272626    0.85325453    1.14667561    1.03928869    0.93376255    1.49307254    0.82067494    1.05070987    0.90208989    0.65379305    0.87320855    0.86152051    0.50840903    0.81501583    0.86812295    0.41517905    0.68374484    0.60923896    0.60899210    0.68857815    0.72376680    0.69297566    0.77295297    0.69649953    0.76465816    0.74002765    0.88198730    0.71089861    0.73811388    0.58300681    0.66331793    0.74301290    0.90609775    0.78545992    0.92838292    1.02214000    0.89414188    1.03774189    0.64885015    0.64125113    0.98822196    0.70348372    0.91112314    1.01799902    0.94606518    0.85542221    1.05288013    0.78446472    0.87951687    1.25049122    1.04930880    0.68561569
V4TKQ9_9RHIZ/51-86     1.07165583    1.01060753    0.92208138    1.03069633    0.79958055    0.59889993    0.00000000    0.60402931    0.66127482    0.54853867    0.70356264    0.86842955    0.98225651    1.16389692    1.38693812    1.24283549    1.33099864    1.36822298    1.60165991    1.28333076    1.68442087    1.21987817    1.06107247    1.38137597    2.18508405    2.40402069    2.15663678    1.01003981    1.34918345    1.09685588    0.98306579    1.95335025    1.08701483    1.08575533    1.00909279    1.24324666    1.19643502    0.88979511    0.71174598    0.85337446    1.10423551    0.78213853    0.94118907    0.88660385    0.84534039    0.97052729    1.28501279    0.69360673    0.83027641    1.03448380    1.34490512    1.05382949    0.98609438    0.75107044    0.57889131    1.17981456    0.78948126    0.85187513    1.06818281    1.40994880    1.47273758    1.18529819    1.38100321    1.38258855    1.43494119    1.37201267    1.39930671    1.53683459    1.48347676    1.72035540    0.82476218    1.03599794    1.41927132    1.66308007    1.68487777    1.68155252    1.50455463    1.50000745    1.32542331    1.34204536    1.85758343    1.77924869    1.10071663    1.00462879    1.96665945    1.46312536    1.25156408    1.25054975    0.80740346    0.97036973    1.17150165    0.85392698    0.97586060    1.09060231    0.82671169    1.59615684    0.81800049    1.26037196    1.13896794    1.00499009    0.79476592    1.25620786    1.17511622    1.12020265    1.27635075    0.85818326    0.68849964    0.87242507    0.93771206    0.90024564    0.93871460    0.59898931    0.91097616    0.80534415    0.90358183    0.87436676    0.90580556    0.77930578    0.72262961    1.21318100    0.90175301    1.06888760    1.18690955    0.83327521    1.16781006    0.97145601    0.93225512    1.05609888    0.93651023    0.70604765    0.89689489    0.74178118    1.15344758    1.18103845    1.16591374    1.39608248    1.34747624    1.10578343    1.21811044    1.57255031    1.56680852    0.83010761
A0A0M7ACR9_9RHOB/53-88     0.96351004    1.01789348    0.86673313    0.88252835    0.81395956    0.39983363    0.60402931    0.00000000    0.50354041    0.32308203    0.66128695    0.78032503    1.12181313    0.83044463    1.67267250    1.58509484    1.22638083    1.60396231    1.61659908    1.66124546    1.79912460    1.30591421    1.20681666    1.48438982    2.33754282    2.64871094    2.55448341    1.01981913    1.16023451    1.22573971    1.55796513    1.72992897    1.29407221    1.10145760    1.19457665    1.17312209    0.83455643    0.81009879    0.72154579    0.76913159    1.21635821    0.76955923    1.26476618    0.94532595    0.92045980    0.96738202    1.03490431    0.92962712    0.74022536    0.96353949    1.27922286    1.31127227    1.35667507    1.28888900    1.07173408    1.17661292    0.92357136    0.72035073    1.23094859    1.79672603    1.53445771    1.36751367    1.68033256    1.16355494    1.20925348    1.05343305    0.96422528    1.12443633    0.98704419    1.22906015    0.83383560    1.20866064    1.38544799    1.53606299    1.10502253    1.59220532    1.42884742    1.63333509    1.52553211    1.34241694    1.57701985    1.66979715    1.23609235    1.17560610    1.91778177    1.61588786    1.14528836    1.41842873    0.86318240    1.02847352    1.13330920    0.95601817    1.24437858    1.38239948    0.96680434    1.49019002    0.92415188    1.07437230    0.87515461    0.77196651    0.97327541    1.03760163    0.79060582    1.01709823    0.81307387    0.62630166    0.71486401    0.81127483    0.62753373    0.66387987    0.91238742    0.73203155    0.79980443    0.70608237    0.71351172    0.70925483    0.88378274    0.64313523    0.89508275    0.85594797    0.80513532    0.88752179    1.02675857    0.88925803    1.05996502    0.95151954    0.81672652    1.15501382    0.75857254    0.69009476    0.64654631    0.60613098    1.16063523    1.22483201    1.09628121    0.99367741    0.99998540    0.92333538    0.84177461    1.18910406    0.87664025    0.67874491
A0A163WWR7_9RHOB/53-88     0.87965271    0.92892414    0.74508407    0.83381554    0.77147756    0.69606514    0.66127482    0.50354041    0.00000000    0.37569397    0.61807512    0.72988310    0.94085725    1.03202528    1.58083327    1.48097751    1.08087977    1.50375011    1.63480980    1.42258809    1.72993022    1.56814914    1.56473180    1.69671037    2.49159380    2.73323162    2.90987011    1.12082390    1.14927556    1.39246375    1.39207769    1.68569878    1.64443500    1.05379131    0.95436697    1.20356275    1.01798540    0.90860107    0.85301591    0.84429900    1.10383187    0.85092604    1.06924311    0.87653274    0.91532356    0.93201864    1.19300362    0.73269721    0.86671051    1.11021331    1.03180172    0.84465033    1.04821588    1.15995139    1.18256730    1.30003119    0.86289263    0.87546383    1.42653673    1.59188991    1.30660715    1.26488425    1.62757124    1.29573390    1.27125189    1.40628721    1.27662260    1.39772463    1.41375556    1.28969609    1.17531418    1.15421743    1.58592195    1.44914793    1.62216949    1.47430285    2.16086933    2.01890663    2.03919769    1.37649788    1.73046781    1.76558076    1.61018953    1.34452391    2.35243892    1.60202424    1.34473514    1.47227628    1.24661500    1.20219700    1.02125571    0.89585540    1.15674560    1.30884650    1.18682007    1.38165593    1.11940922    1.37591086    0.96709503    0.95156421    0.93437195    1.15862800    0.93240156    1.13394547    0.65731383    0.92096782    1.04973782    1.26871416    1.16783250    0.90598086    0.83853453    1.00025060    1.05382166    1.16404326    0.99659699    1.05612460    0.99581481    0.93351250    1.11366909    1.01584915    1.12810948    1.23799414    1.21308192    1.13055107    1.43237759    1.06958177    1.32181957    1.37321398    0.96073577    0.88690270    1.03806682    1.03440332    1.07400567    1.32513750    1.15132631    1.19460132    1.14962681    0.98519211    0.76814647    0.93792081    0.96987322    0.73703442
A0A0M7AHM8_9RHOB/53-88     0.60770759    0.85730755    0.56831338    0.88417371    0.82219124    0.46072003    0.54853867    0.32308203    0.37569397    0.00000000    0.55172129    0.56047312    0.90342119    0.82974422    1.40531848    1.26088383    0.96772654    1.20630558    1.43194828    1.36837645    1.61107692    1.26720111    1.08647788    1.33146541    2.07881087    2.27457156    2.29828108    1.12252358    1.17112191    1.33260422    1.28428065    1.62962767    1.29431939    0.95117723    0.92908378    1.31516301    0.92304466    0.83045006    0.74709223    0.72254868    1.06139028    0.94204197    1.14750582    0.87648059    0.98963086    0.76334173    1.11899053    0.98318338    0.83868741    0.82261812    1.01846993    0.94862707    0.96858862    1.17211951    0.85355283    1.28961023    0.97022356    0.60189211    1.28001724    1.43017578    1.31295489    1.31235113    1.32094481    1.01993455    1.12357980    1.08250734    1.00052715    1.26463849    1.05422744    1.22175271    1.05720389    0.97225498    1.35149770    1.42918323    1.34642424    1.55534689    1.64800917    1.82223765    1.54501590    1.39719816    1.84729363    1.79019628    1.37391090    1.25705381    2.08661522    1.48535548    1.19583741    1.28617522    0.88339933    0.95118741    0.98467966    0.87273666    0.98673389    1.30473550    1.01935567    1.23950939    0.92540558    1.00565515    0.64714947    0.74144559    0.82966265    1.04997389    0.93440516    1.17714232    1.10027477    0.68177400    0.86594897    1.05820377    0.79740793    0.96897179    0.92725245    0.92394070    0.96025777    0.81426722    0.82441557    0.91683440    0.90895305    0.80813447    0.94594433    0.98673426    0.88212294    0.90255876    1.01004836    1.09508097    1.15131342    1.22051352    1.14352527    1.34599843    0.81078758    0.69814308    1.03655382    0.87931129    0.94180130    1.25988657    0.99040897    1.15354062    1.19627596    0.98057586    0.82076366    1.31287801    1.05843114    0.59831411
A0A1M7BFG9_9RHOB/53-88     0.80653494    0.97925468    0.74383940    0.64436975    0.70630679    0.61312816    0.70356264    0.66128695    0.61807512    0.55172129    0.00000000    0.57992892    0.79850241    0.75912480    0.86939485    0.89084563    0.92873164    1.16536793    1.32516576    1.34858212    1.55907650    1.33271604    0.95622119    1.14123110    1.72103593    2.22675289    2.21911662    1.22227884    1.03919060    1.04532964    1.98088510    1.55788911    1.62794671    0.70760402    0.60745317    0.73660799    0.88526029    0.78537487    0.77071312    0.89183311    0.90548441    0.74484268    0.90462661    0.80356392    0.78821510    0.54119797    0.86457527    0.65699039    0.77041825    0.72967818    1.07823640    0.70513174    0.85512605    0.94818909    0.95846043    0.99336374    0.82815813    0.72132865    0.91468190    1.32160768    1.04875989    1.37961890    1.28893882    1.24835902    1.02042164    1.01584145    1.01872763    1.23064616    1.23621321    1.27295477    0.89499731    1.11294876    1.32398010    1.56006599    1.47656724    1.48288315    1.65427009    1.91336199    1.75114464    1.70122365    1.61569050    1.72274889    1.26997704    1.33256025    1.74872495    1.62702416    1.01291990    1.55921207    0.86669675    1.22213675    1.05451079    1.06023032    1.28988370    0.99648540    0.88531805    0.87513005    0.97761836    1.19980591    0.81242042    0.59263675    0.97839568    1.05946602    0.99172695    1.04122334    1.13436722    0.84274026    0.68653806    1.13398445    0.94722807    0.95057216    0.98160723    1.19814972    1.31919505    0.96006017    1.13629528    1.26310466    1.14147474    1.11931576    0.61455022    1.05616755    1.25405682    1.09970642    1.07470587    1.14254551    1.24257443    0.96743845    1.11964017    1.31448517    1.10334909    0.91351242    1.22837586    1.26906466    1.06922837    1.45606590    1.09756715    1.07611959    1.04424657    1.05856690    0.83572493    1.14536499    1.13759120    0.81876078
F2IY63_POLGS/53-88     0.63124853    0.63975577    0.63293711    0.68000674    0.75240725    0.54678247    0.86842955    0.78032503    0.72988310    0.56047312    0.57992892    0.00000000    0.82097605    1.08665407    1.29926515    1.16571361    1.17318698    1.01801581    1.33710732    1.29923656    1.57861997    1.53128593    1.20745541    1.20277929    2.06056363    2.31258531    2.10290198    0.93775989    0.87554972    0.94384592    1.17023770    2.17083475    1.37121037    0.66483570    0.90267260    0.87802392    0.82049002    0.78138216    0.70780197    0.61669386    0.88134446    0.98681973    0.87112143    0.89567659    0.83695236    0.77659440    0.66286108    0.76454477    0.65708914    0.99082753    1.13238339    0.95025128    0.90909064    1.17356138    0.93763941    1.09868754    0.75053425    0.56421653    0.90191587    1.34323573    1.10325035    1.31035459    0.99557330    1.23270290    1.09583132    1.05803597    1.07216544    1.19409403    1.36858746    1.39457697    1.12661199    1.28977238    1.64049890    1.85337955    1.77676921    2.01275936    1.93906737    1.75870045    1.77248909    1.61099070    1.70131436    1.53937443    1.29925922    1.61361461    2.16631976    1.59911939    1.36396495    1.46912667    0.74836533    0.80959064    0.89443670    0.72742003    1.05630922    1.29923675    1.10118281    1.29882453    0.91370890    1.14892787    1.34397534    0.60327259    0.69669398    0.61693383    0.72290093    0.91647150    0.97298127    0.72679882    0.82290189    0.85403800    0.84163557    0.92976311    0.94054289    1.02914673    1.08069267    0.84982554    0.97557092    1.11588342    0.97981524    0.89091191    0.59919652    0.69245943    0.89615677    0.79506114    0.92965265    0.98121062    1.00484320    1.11345452    1.12907065    1.35397553    0.88666378    0.78494186    1.06087922    0.93936495    0.89341115    1.01351894    1.04333114    0.97428125    0.85501859    0.85689595    0.91316742    1.03896100    0.93926757    0.64167361
A0A1E2RY91_9RHIZ/48-83     0.65771923    0.86358446    0.73029039    0.93133834    0.68762812    1.03395912    0.98225651    1.12181313    0.94085725    0.90342119    0.79850241    0.82097605    0.00000000    1.06468966    0.89784618    0.82739881    1.19943738    1.26756861    1.33254968    1.32521223    1.82359053    1.74317965    1.46652800    1.44367094    2.13425028    2.35990112    2.98891290    1.23416902    1.08828566    1.09794298    1.34754020    1.97257866    1.73922934    0.98799983    0.71477758    0.59527248    0.95142653    0.54869092    0.79371116    0.68102627    0.88426789    0.74755668    0.99922265    0.87363452    0.90189607    0.67262321    1.05029537    0.85982460    0.81737311    0.80235265    0.78343147    0.83631481    0.80625493    0.69680488    0.91182539    1.03471394    0.70259398    0.91390137    1.12333400    1.56393343    1.14942282    1.39181870    1.38939639    1.29906692    1.23756549    1.45416996    1.68143579    1.31648333    1.58958788    1.42908025    1.31167235    1.18795067    1.55854750    1.95423788    1.76769295    2.27542429    1.92115424    1.75521547    1.62091887    1.75871441    2.01678003    1.82188867    1.34804230    1.79900438    1.79079255    1.80357621    1.57822195    1.37665669    1.21979580    1.39307466    1.23845725    1.29061931    1.17679125    1.01501251    1.41467579    1.57093349    1.20194104    1.83497816    1.47279181    0.83786059    1.09116432    0.97843085    0.90104799    1.15416812    1.38630656    1.09457549    1.08794365    1.44398015    1.26171168    1.20498111    1.42829404    1.38122441    1.25126092    1.28569181    1.52975419    1.58783084    1.37309313    1.48655465    1.25350769    1.28714421    1.51723285    1.20703061    1.35418171    1.17314505    1.52325863    1.43558078    1.32854552    1.24103191    1.51562626    1.32488947    1.67750923    1.25399634    1.33334765    1.51262805    0.91645834    1.25075069    1.46889574    1.00202106    0.85781134    1.18244224    1.32994578    0.72884961
A0A1H9HP45_9BACT/52-87     0.98070770    1.17161909    0.91672752    1.30929948    1.56589407    1.30501794    1.16389692    0.83044463    1.03202528    0.82974422    0.75912480    1.08665407    1.06468966    0.00000000    0.87726148    1.01256294    0.83499835    1.06812780    1.15517732    1.03366946    1.27804018    1.13795891    0.89710678    0.94333143    2.07883678    2.33663681    2.18195729    1.13534110    1.08581125    1.51057560    2.18688636    1.26251006    1.60336665    1.07052417    1.07460027    1.11031585    0.72675948    0.81230708    0.94576050    1.01032590    1.16735674    0.99762054    1.28443583    1.21858777    1.21811764    0.83578406    1.53159466    1.08251444    1.06632022    0.86788978    1.19445331    1.11501215    0.96483198    0.97182743    1.01518189    1.09130078    1.25933574    0.98107410    1.28654362    2.20883237    1.36261720    1.97881368    1.56471853    1.33630882    1.34526790    1.18948520    1.04960454    1.37864157    1.30444956    1.40184110    1.19407055    1.27622993    1.23800667    1.73172563    1.55104100    1.68266848    1.89801500    2.04726892    2.00957010    1.42855144    1.37684206    1.69291596    1.84044273    1.39779199    2.52010657    1.49258975    1.05932697    1.23220951    1.05784704    1.15442844    1.09539834    1.35205896    1.23131248    1.14092908    1.09466658    1.39143588    1.30673765    1.28462843    1.13246254    0.71640231    1.00712254    1.02443356    1.10231555    1.20891480    1.28625010    1.31503059    0.95780994    1.32085745    1.02452566    1.14001335    1.55604953    1.51653433    1.49610032    1.55658946    1.48494649    1.73394102    1.47339980    1.51959361    1.54231763    1.74620962    1.78454584    1.34234412    1.39989287    1.39282940    1.77529891    1.35820459    1.37473265    1.68652065    1.70064261    1.40378521    1.50695695    1.39251079    1.40124427    1.43573769    0.92899407    1.09289639    0.99158995    1.30605418    1.03818017    1.08147103    1.07232169    0.66450725
A0A1W1Z611_9RHIZ/52-87     1.23629733    0.97529441    0.97175273    1.29063862    1.10575660    1.58621327    1.38693812    1.67267250    1.58083327    1.40531848    0.86939485    1.29926515    0.89784618    0.87726148    0.00000000    0.31266317    0.51208353    0.66212754    0.67993558    0.70966080    0.69476354    0.59912008    0.72990633    0.57339138    1.52108572    2.05464613    2.37465991    1.18174069    1.29891890    1.37589774    1.99402237    1.37845874    2.07319010    0.96533907    0.78394731    1.03476118    0.90866674    0.75550696    1.05202036    1.07273508    1.07196684    1.21312235    1.20589635    1.21446406    1.27845337    0.89683484    1.47024260    1.03462821    0.95716441    0.80230410    0.91907647    0.80828385    1.03667815    0.93209076    1.06193600    1.18846057    1.14992339    1.28241663    1.36207478    2.01107527    1.64126543    1.81407493    1.57639898    1.66134799    1.48466870    1.49085095    1.66385037    1.46790504    1.60550925    1.57639783    1.10102853    1.54312942    1.49099435    1.45187424    1.90734224    1.60555804    1.53972313    1.78949845    1.82813972    1.69540143    2.01791365    1.66408608    1.65295720    1.35382231    1.66891881    1.13305860    1.23518189    1.33340149    1.56313623    1.48783536    1.47336384    1.80809845    1.16470135    1.35078108    1.44485265    1.37652054    1.55327223    1.65628090    1.51985497    1.22442077    1.36101514    1.13004536    1.06356575    1.26967714    1.66096661    1.40111021    1.32603719    1.74241644    1.32275841    1.51926521    1.40807875    1.23600516    1.30567476    1.43151453    1.42752064    1.63562152    1.43520485    1.57654719    1.51306104    1.41495097    1.67675122    1.29953492    1.43684515    1.48374651    1.48826461    1.31663432    1.85683321    1.38650927    1.68990812    1.57979269    2.01010328    1.47647009    1.54381805    1.43478694    1.04836781    1.22177515    1.33479735    1.14936871    1.11559228    1.12861888    1.40069382    1.07949436
A0A371X785_9RHIZ/67-102     1.05288944    1.00468279    1.00554529    1.19872956    1.17979052    1.34253083    1.24283549    1.58509484    1.48097751    1.26088383    0.89084563    1.16571361    0.82739881    1.01256294    0.31266317    0.00000000    0.67979247    0.52138760    0.78889235    0.77080696    1.03099604    0.77185986    0.90548237    0.88340730    1.61420042    1.96398530    2.67299347    1.36005288    1.30116763    1.03464666    1.34712985    1.63345944    1.76268331    1.13857665    0.97363385    0.98505157    0.99655472    0.87116371    0.91503949    0.83299081    0.86592647    1.15139187    1.05330953    1.05224143    1.38878719    1.02669286    1.44567789    1.22356538    1.01493609    0.87712729    1.01219051    0.87737272    1.07341157    0.97539346    1.01535718    1.20537138    1.12821861    1.29294958    1.15022424    1.73521368    1.46530100    1.73741868    1.22892396    1.50700260    1.52606810    1.40704642    1.50503160    1.51934557    1.55453389    1.47801580    1.17711695    1.26433089    1.41724733    1.33992620    1.90265636    1.73101148    1.35858533    1.92007094    1.79319151    1.79276503    2.00728731    1.77940409    1.49819113    1.52932860    1.78702956    1.11940781    1.17528499    1.15603328    1.45974999    1.51244365    1.18498592    1.66347119    1.30453989    1.25389954    1.25061496    1.30260887    1.37316349    1.66169245    1.60888595    1.15062729    1.14366442    1.22735056    1.17576432    1.19848279    1.62331823    1.31116573    1.03726668    1.51960667    1.43472623    1.36542796    1.37251867    1.32522611    1.24024609    1.47613061    1.43625193    1.56329276    1.41093536    1.47592346    1.39251666    1.26245658    1.51718474    1.37702036    1.65959436    1.32056574    1.54132110    1.29912942    1.83053433    1.46191424    1.52016043    1.59436322    1.79472671    1.30019013    1.35263027    1.45022471    0.93504746    1.24918661    1.46557140    1.12365601    1.40005850    1.38226491    1.47805489    1.06138891
A0A0B1QAZ2_9RHIZ/52-87     1.13369547    1.15805653    1.00638771    1.02048269    1.20971485    1.13609752    1.33099864    1.22638083    1.08087977    0.96772654    0.92873164    1.17318698    1.19943738    0.83499835    0.51208353    0.67979247    0.00000000    0.42812140    0.34907031    0.40986530    0.38506970    0.34530028    0.38010993    0.37186475    1.48696908    2.19977840    1.68748232    1.28882571    1.30189031    1.55625898    2.18660065    0.78993276    1.68914812    0.83843332    0.91166411    1.29602500    0.80859197    0.95484170    0.95682487    0.97928057    1.07981040    0.96643318    1.12473652    1.06827702    0.88709731    0.78160441    1.24276784    1.25633900    1.01947946    0.86583251    1.25502656    1.15748368    0.85781755    1.06402596    0.87969206    1.13575750    1.44039262    1.14590019    1.59867385    2.33959382    1.71825563    1.59064991    1.84492267    1.95607169    1.68147985    1.46745144    1.59497490    1.98250988    1.74338871    1.67462042    1.18137167    1.30771226    1.44352466    1.54669954    1.99263163    1.73767950    1.80419554    1.83022979    2.04394068    1.55509267    1.67370684    1.83161089    1.82079953    1.51584878    2.27076462    1.18018409    1.21133435    1.36238886    1.30865165    1.26042489    1.12500060    1.49034505    1.23189398    1.16939872    1.42844499    1.21669317    1.53815412    1.28491546    1.13508472    1.04603001    1.19543965    1.12567038    1.07927054    1.13870189    1.32481270    1.24975546    1.27598244    1.49319096    1.16269806    1.30663780    1.32126037    1.24892179    0.99718551    1.38046138    0.97549396    1.06149407    0.99223008    1.00060304    1.35807753    1.18034368    1.25338881    1.21720086    1.15451606    1.22090838    1.21127660    1.12262747    1.24759726    1.19801762    1.15837898    0.99000861    1.50565583    1.13784105    1.18580690    1.37020670    1.29518094    1.16905225    1.23030977    1.12371391    0.96160551    1.06270997    0.97834279    0.89738881
A0A1X0T2Z1_9RHIZ/52-87     1.01988834    0.97954957    0.92337194    1.39297702    1.39537933    1.29943270    1.36822298    1.60396231    1.50375011    1.20630558    1.16536793    1.01801581    1.26756861    1.06812780    0.66212754    0.52138760    0.42812140    0.00000000    0.33616129    0.32538541    0.60545511    0.45897506    0.53259175    0.46652764    1.38127416    1.79555540    1.91713579    1.33207819    1.48154962    1.64183500    2.17963063    1.23749456    1.77110982    1.00703930    1.16155614    1.38359203    0.92649094    1.05581536    0.99813732    0.87097265    0.97536824    1.25031206    1.19772154    1.24422129    1.39814810    1.19385155    1.59563204    1.58094231    0.96430140    1.17749989    1.57910078    1.29101079    1.01548970    1.13611808    0.91073081    1.28068548    1.26823294    1.26238745    1.75736200    2.60429102    1.96540154    2.14736442    1.87431665    2.29019622    1.98333064    1.83278619    1.92938291    2.38712573    2.42348683    2.43445778    1.08228339    1.29722522    1.76479108    1.37788019    1.82321783    1.39133313    1.23169009    1.51407081    2.04818386    1.42322961    2.00764520    1.52746200    1.58678316    1.78424984    1.89347939    1.29965714    1.53102260    1.34538704    1.50799669    1.32594945    1.34463938    1.69001278    1.18868866    1.43632562    1.83972073    1.47327860    1.45502848    1.39587015    1.77200208    1.30027590    0.92395324    1.16400241    0.96769920    1.14104230    1.48263767    1.27339103    1.36745673    1.21280304    1.11805289    1.24904774    1.75817166    1.33244437    1.12917026    1.41288401    1.13980526    1.36091523    1.28940316    1.28957125    1.24640525    1.15902132    1.27327780    1.24225984    1.20528618    1.13345112    1.24864010    1.40349156    1.55850889    1.19397159    1.28040021    1.43944956    1.90690017    1.27807345    1.23574162    1.36722853    0.99053262    1.03482133    1.07377896    1.10377437    1.32515779    1.36246053    1.18588173    1.06903122
A0A1T4MMR6_9RHIZ/52-87     0.95159893    1.32035015    1.14981956    1.56769811    1.29869553    1.40827231    1.60165991    1.61659908    1.63480980    1.43194828    1.32516576    1.33710732    1.33254968    1.15517732    0.67993558    0.78889235    0.34907031    0.33616129    0.00000000    0.26934500    0.39367059    0.43419549    0.53693347    0.49260421    1.40662167    1.97181678    1.89419825    1.26934231    1.44155724    1.60352385    2.39748867    0.94383100    1.66062071    1.24975740    1.30961286    1.61388645    1.13992235    1.16856111    1.14930662    1.20224183    1.06857354    1.36741946    1.31366090    1.29104654    1.15154418    1.07049281    1.10574698    1.41009648    1.07584659    1.12981401    1.46596699    1.48515478    1.06701283    1.25035921    1.07339030    1.18330483    1.29030683    1.34651253    1.50896448    2.52817437    1.85283567    2.20245663    1.85774712    2.03513371    1.81000711    1.59367016    1.72617623    2.13799044    2.25156648    1.98021410    1.38067779    1.81434703    1.59989749    1.55017029    2.22134025    1.94066655    1.27612795    1.16489031    1.55589496    1.16685040    1.68239118    1.56263454    2.02399273    1.79458529    1.85967070    1.54882556    1.49734797    1.48041822    1.48043233    1.26758797    1.10959834    1.32915275    1.26862133    1.17528747    1.79149578    1.30293558    1.24112743    0.96725189    1.23044125    1.24779316    1.10712899    1.09819623    0.85223453    1.07155999    1.29622512    1.08871329    1.26624235    1.00240565    1.07251683    1.03081514    1.17428887    1.06341385    0.89068622    1.37415524    0.95696551    1.01809599    0.84041412    0.92107398    1.37320428    1.10886821    1.22071482    1.13488848    1.11682309    0.99365410    1.08725103    1.07933891    1.20097798    0.98590960    1.12651916    0.92637888    1.49753764    1.08854007    1.05502839    1.15599833    1.12771030    0.96461064    1.11441886    0.95620739    1.06037942    1.09874822    1.17726974    1.20747473
