38
A0A1I0NZ18_9RHOB/9-168     0.00000000    0.48762667    0.51882000    0.47963725    0.49401726    0.47446344    0.57655806    0.80135365    0.74973553    0.63603382    0.60403809    0.50978134    0.58551673    0.49932417    0.64112168    0.46093620    0.68843630    0.58685987    0.66117595    1.08087905    1.16856254    1.03867863    1.30274009    1.23684916    1.29320776    1.37627486    1.46263069    1.25515834    1.41375130    1.25293673    0.80998482    0.71882677    0.84883887    1.09763973    0.83511175    0.54672729    0.54193049    0.60571525
A0A238LBX9_9RHOB/9-168     0.48762667    0.00000000    0.52667794    0.46248516    0.45012214    0.44256550    0.52609347    0.77881826    0.82645109    0.63545124    0.60279378    0.50185926    0.60911691    0.58840101    0.61911909    0.59407081    0.64423296    0.62711258    0.73425726    1.22359556    1.43324376    1.28117287    1.59029417    1.44288343    1.53889503    1.49681304    1.61236320    1.58755350    1.63988252    1.48627110    0.88854222    0.88927345    0.84069878    1.06812972    0.88013439    0.61605843    0.62860653    0.71068451
A0A1G8RA97_9RHOB/9-167     0.51882000    0.52667794    0.00000000    0.37186011    0.49460352    0.51418309    0.50400481    0.75497917    0.81657064    0.71581481    0.59017067    0.52546362    0.57622877    0.54421339    0.65595625    0.61209373    0.68977157    0.65809831    0.88628131    1.10236865    1.30401361    1.13043118    1.40497950    1.33051510    1.32397157    1.50768842    1.42261414    1.39566488    1.50633342    1.38746488    0.87204839    0.78848542    0.96866699    1.19813298    0.96305398    0.62515366    0.67637034    0.74894611
A0A239J7U0_9RHOB/9-168     0.47963725    0.46248516    0.37186011    0.00000000    0.43348253    0.40260708    0.53904206    0.74220633    0.80241277    0.67164308    0.57827900    0.49378977    0.46854521    0.46857523    0.54189497    0.47905861    0.65841888    0.57220240    0.74941022    1.10823370    1.27066583    1.14006363    1.39677283    1.32337698    1.38144750    1.46832499    1.44919764    1.39841984    1.51460532    1.41269331    0.82068285    0.74417442    0.81647612    1.09913722    0.79895348    0.59537831    0.60925687    0.68275753
A0A1X7A3R0_9RHOB/9-168     0.49401726    0.45012214    0.49460352    0.43348253    0.00000000    0.36096750    0.51321558    0.66596807    0.73027318    0.63232730    0.58188607    0.48367558    0.54314807    0.53762203    0.67604520    0.49897281    0.55593873    0.59346885    0.72154217    1.09916012    1.36235467    1.11643997    1.43769586    1.32805982    1.30615787    1.39083217    1.55329175    1.42094148    1.56883911    1.39973395    0.75941936    0.84176103    0.82726422    1.04407493    0.75694228    0.52550834    0.60910816    0.60035887
S9Q8X0_9RHOB/9-168     0.47446344    0.44256550    0.51418309    0.40260708    0.36096750    0.00000000    0.45048614    0.59956609    0.71573292    0.58811652    0.55277691    0.52599173    0.49669154    0.51553645    0.48478347    0.49976774    0.54834108    0.51727171    0.61624309    1.13194426    1.25982124    1.05396806    1.41010429    1.23267296    1.31214320    1.35176501    1.51080404    1.44691015    1.45755666    1.35650533    0.76357719    0.76923548    0.79653846    1.01444178    0.77131993    0.46976762    0.55008614    0.53844913
A0A1M5S1F3_9RHOB/9-168     0.57655806    0.52609347    0.50400481    0.53904206    0.51321558    0.45048614    0.00000000    0.68818597    0.82083109    0.60727624    0.57740226    0.54804397    0.58078692    0.55432261    0.63362930    0.63768924    0.65687368    0.68162645    0.73991321    1.15773624    1.24654003    1.13641721    1.40681595    1.42064106    1.32399301    1.47154022    1.43934758    1.49566816    1.45834615    1.36919981    0.96601621    0.84275565    0.90133967    1.17291548    0.85020245    0.53945258    0.57148336    0.67060564
A0A1X7P9W1_9RHOB/9-168     0.80135365    0.77881826    0.75497917    0.74220633    0.66596807    0.59956609    0.68818597    0.00000000    0.49347352    0.71398155    0.66731968    0.69023493    0.72629205    0.65356609    0.65344216    0.71323441    0.73133696    0.67594369    0.79294532    1.14169568    1.27909752    1.07067672    1.36955007    1.36996206    1.42523712    1.52588992    1.48752597    1.38419618    1.53358885    1.39268076    0.88039837    0.87258051    0.95645922    1.09183199    0.99486695    0.70441652    0.72452382    0.84613433
A0A5D0RAA7_9RHOB/9-168     0.74973553    0.82645109    0.81657064    0.80241277    0.73027318    0.71573292    0.82083109    0.49347352    0.00000000    0.81067022    0.75884385    0.78542681    0.81688359    0.76280782    0.86094908    0.76250705    0.85334922    0.76912028    0.96544076    1.20595930    1.53785250    1.44021941    1.59210353    1.46162182    1.52115668    1.63669048    1.72659521    1.38060616    1.68806798    1.61081366    1.04784051    1.01499642    1.03249489    1.32359276    1.06290909    0.83857687    0.87207320    0.88811600
A0A5B9ET93_9RHOB/9-168     0.63603382    0.63545124    0.71581481    0.67164308    0.63232730    0.58811652    0.60727624    0.71398155    0.81067022    0.00000000    0.65284375    0.74982556    0.69850250    0.70757130    0.76813270    0.73631192    0.86844027    0.72362636    0.81152740    1.28727614    1.38870140    1.15498817    1.42851742    1.25583960    1.33320292    1.44784329    1.55461070    1.28706680    1.57637742    1.25987855    0.93654482    0.97239602    1.02906064    1.35351454    0.92618740    0.83968897    0.73811647    0.80224041
A0A2R8AT51_9RHOB/9-168     0.60403809    0.60279378    0.59017067    0.57827900    0.58188607    0.55277691    0.57740226    0.66731968    0.75884385    0.65284375    0.00000000    0.59889048    0.61329428    0.49314000    0.74694763    0.62421621    0.70604674    0.55957640    0.72745611    1.21231045    1.35659224    1.25639375    1.56112287    1.41629330    1.38657020    1.45105066    1.56262620    1.43285610    1.51118612    1.44256688    0.87918248    0.83146963    0.92579275    1.19956865    0.95664677    0.60009470    0.70928897    0.73646103
A0A238KVH8_9RHOB/9-168     0.50978134    0.50185926    0.52546362    0.49378977    0.48367558    0.52599173    0.54804397    0.69023493    0.78542681    0.74982556    0.59889048    0.00000000    0.50149369    0.40704133    0.52706878    0.48295576    0.51831298    0.58640264    0.71464437    1.13659502    1.30509070    1.24621855    1.47176064    1.38087626    1.55615141    1.40885709    1.48019529    1.44134443    1.48072320    1.42987109    0.85222473    0.79301848    0.93597462    0.98527380    0.89969962    0.51507279    0.55061768    0.61794487
A0A238KF75_9RHOB/9-168     0.58551673    0.60911691    0.57622877    0.46854521    0.54314807    0.49669154    0.58078692    0.72629205    0.81688359    0.69850250    0.61329428    0.50149369    0.00000000    0.39482163    0.51743550    0.43798096    0.48155080    0.56088173    0.73054635    1.14954571    1.30103314    1.18593433    1.43632515    1.22593745    1.31031978    1.34928579    1.55822869    1.38783534    1.48907168    1.26797514    0.81499741    0.80637330    0.98240889    1.15653101    0.84986842    0.58076359    0.61946127    0.66556111
W7WWL8_9BURK/9-168     0.49932417    0.58840101    0.54421339    0.46857523    0.53762203    0.51553645    0.55432261    0.65356609    0.76280782    0.70757130    0.49314000    0.40704133    0.39482163    0.00000000    0.53170284    0.40996325    0.52034883    0.53837889    0.68039266    1.18918334    1.22138719    1.14119444    1.36049148    1.19660410    1.29419518    1.30002358    1.46541451    1.37917344    1.47526920    1.39551483    0.71723410    0.69243849    0.85090453    1.03972570    0.87191510    0.53756566    0.55935055    0.59418447
C8S3M4_9RHOB/9-168     0.64112168    0.61911909    0.65595625    0.54189497    0.67604520    0.48478347    0.63362930    0.65344216    0.86094908    0.76813270    0.74694763    0.52706878    0.51743550    0.53170284    0.00000000    0.53746885    0.62047830    0.71942906    0.79349940    1.38701525    1.31173867    1.29280732    1.56290374    1.36153550    1.46435506    1.42621426    1.42308423    1.56948483    1.81085447    1.56077822    0.86355649    0.90855100    0.96850455    1.12112678    0.95427861    0.63618298    0.60694213    0.69665495
A0A5B9ERY7_9RHOB/9-168     0.46093620    0.59407081    0.61209373    0.47905861    0.49897281    0.49976774    0.63768924    0.71323441    0.76250705    0.73631192    0.62421621    0.48295576    0.43798096    0.40996325    0.53746885    0.00000000    0.55749399    0.49540468    0.66308938    1.21366859    1.29450102    1.24000402    1.48843147    1.28224814    1.40558444    1.52852312    1.54120194    1.52979252    1.66561705    1.45394545    0.77815645    0.80529343    0.97501441    1.19384474    0.91369863    0.58111897    0.53055782    0.57430949
A0A3L9Y9W9_9RHOB/9-168     0.68843630    0.64423296    0.68977157    0.65841888    0.55593873    0.54834108    0.65687368    0.73133696    0.85334922    0.86844027    0.70604674    0.51831298    0.48155080    0.52034883    0.62047830    0.55749399    0.00000000    0.63508419    0.68032749    1.03002936    1.05402841    1.17487863    1.41337374    1.19301735    1.25747752    1.46537808    1.50781161    1.41913474    1.47327281    1.30695209    0.76096739    0.86778208    0.76850102    0.88417432    0.85289559    0.50112737    0.64366704    0.61089785
A0A5S3PF73_9RHOB/9-168     0.58685987    0.62711258    0.65809831    0.57220240    0.59346885    0.51727171    0.68162645    0.67594369    0.76912028    0.72362636    0.55957640    0.58640264    0.56088173    0.53837889    0.71942906    0.49540468    0.63508419    0.00000000    0.60993350    1.20911624    1.24858341    1.24884735    1.33847547    1.42551514    1.43496182    1.42507536    1.53151222    1.51955980    1.44592405    1.47393250    0.85928758    0.69673924    0.89425600    0.97395277    0.84920901    0.55628353    0.49735919    0.53610408
A0A521E566_9BACT/9-168     0.66117595    0.73425726    0.88628131    0.74941022    0.72154217    0.61624309    0.73991321    0.79294532    0.96544076    0.81152740    0.72745611    0.71464437    0.73054635    0.68039266    0.79349940    0.66308938    0.68032749    0.60993350    0.00000000    0.94173274    0.92976293    1.01277883    1.19288614    1.32716174    1.28640778    1.44822251    1.55442379    1.32193652    1.40591011    1.32625550    0.55103202    0.52453000    0.93409629    1.00047883    0.90522230    0.61691032    0.60793850    0.65608290
E3PR57_ACESD/10-169     1.08087905    1.22359556    1.10236865    1.10823370    1.09916012    1.13194426    1.15773624    1.14169568    1.20595930    1.28727614    1.21231045    1.13659502    1.14954571    1.18918334    1.38701525    1.21366859    1.03002936    1.20911624    0.94173274    0.00000000    1.16203128    1.35265195    1.33178319    1.34590922    1.28542442    1.43053442    1.45377437    1.24177405    1.42906906    1.28479251    1.02148544    0.94456691    1.08737858    1.18759499    1.10445668    1.05035972    1.19266541    1.13509156
M7U3S2_9ARCH/42-200     1.16856254    1.43324376    1.30401361    1.27066583    1.36235467    1.25982124    1.24654003    1.27909752    1.53785250    1.38870140    1.35659224    1.30509070    1.30103314    1.22138719    1.31173867    1.29450102    1.05402841    1.24858341    0.92976293    1.16203128    0.00000000    0.77739801    0.97883033    0.88655373    0.80279637    1.21039039    0.97556288    0.91726959    1.06118928    1.25734070    1.07669757    0.92939284    1.54924819    1.56929610    1.43354722    1.25384013    1.15204100    1.28062500
A0A261GHY5_9GAMM/1-159     1.03867863    1.28117287    1.13043118    1.14006363    1.11643997    1.05396806    1.13641721    1.07067672    1.44021941    1.15498817    1.25639375    1.24621855    1.18593433    1.14119444    1.29280732    1.24000402    1.17487863    1.24884735    1.01277883    1.35265195    0.77739801    0.00000000    0.83631970    0.90318591    0.91865230    1.14094737    0.90867926    0.80802760    0.97776304    1.06371176    1.00416905    1.05273927    1.61082720    1.67793418    1.34305212    1.15860581    1.06523774    1.20513627
A0A0S7C0U7_9BACT/1-159     1.30274009    1.59029417    1.40497950    1.39677283    1.43769586    1.41010429    1.40681595    1.36955007    1.59210353    1.42851742    1.56112287    1.47176064    1.43632515    1.36049148    1.56290374    1.48843147    1.41337374    1.33847547    1.19288614    1.33178319    0.97883033    0.83631970    0.00000000    0.55893739    0.54190524    0.88348529    0.53936241    0.49532298    0.70550056    0.71574222    1.30418876    1.25217615    1.62930126    1.60902119    1.56206427    1.36860689    1.36750848    1.40433097
A0A4Q8RWZ6_9BACT/3-161     1.23684916    1.44288343    1.33051510    1.32337698    1.32805982    1.23267296    1.42064106    1.36996206    1.46162182    1.25583960    1.41629330    1.38087626    1.22593745    1.19660410    1.36153550    1.28224814    1.19301735    1.42551514    1.32716174    1.34590922    0.88655373    0.90318591    0.55893739    0.00000000    0.31098826    0.72840855    0.54906486    0.39832058    0.79863865    0.79942550    1.29989575    1.25137358    1.62762447    1.80879605    1.49795727    1.29165024    1.35996097    1.44151770
A0A1D2RCV6_9ARCH/3-161     1.29320776    1.53889503    1.32397157    1.38144750    1.30615787    1.31214320    1.32399301    1.42523712    1.52115668    1.33320292    1.38657020    1.55615141    1.31031978    1.29419518    1.46435506    1.40558444    1.25747752    1.43496182    1.28640778    1.28542442    0.80279637    0.91865230    0.54190524    0.31098826    0.00000000    0.72186304    0.50875602    0.45809008    0.80465320    0.79344473    1.27607930    1.27349439    1.59969969    1.87791970    1.59184754    1.32487661    1.36567027    1.49175659
A0A1M4XT45_9BACT/2-160     1.37627486    1.49681304    1.50768842    1.46832499    1.39083217    1.35176501    1.47154022    1.52588992    1.63669048    1.44784329    1.45105066    1.40885709    1.34928579    1.30002358    1.42621426    1.52852312    1.46537808    1.42507536    1.44822251    1.43053442    1.21039039    1.14094737    0.88348529    0.72840855    0.72186304    0.00000000    0.72633648    0.69757110    0.79227909    0.98343728    1.49362620    1.44460310    1.83284351    1.92420210    1.70652331    1.51797919    1.61602912    1.69683541
Q8TPH2_METAC/1-159     1.46263069    1.61236320    1.42261414    1.44919764    1.55329175    1.51080404    1.43934758    1.48752597    1.72659521    1.55461070    1.56262620    1.48019529    1.55822869    1.46541451    1.42308423    1.54120194    1.50781161    1.53151222    1.55442379    1.45377437    0.97556288    0.90867926    0.53936241    0.54906486    0.50875602    0.72633648    0.00000000    0.52490415    0.70809100    0.75227555    1.46727287    1.54550629    1.51934390    1.65835826    1.72579266    1.43875290    1.46653902    1.69103441
A0A4R2EMI9_9BACT/2-160     1.25515834    1.58755350    1.39566488    1.39841984    1.42094148    1.44691015    1.49566816    1.38419618    1.38060616    1.28706680    1.43285610    1.44134443    1.38783534    1.37917344    1.56948483    1.52979252    1.41913474    1.51955980    1.32193652    1.24177405    0.91726959    0.80802760    0.49532298    0.39832058    0.45809008    0.69757110    0.52490415    0.00000000    0.69121352    0.65557746    1.31605948    1.27764542    1.59451554    1.75283250    1.53273226    1.33810193    1.45467984    1.46484257
A0A170ZDJ8_9BACT/1-159     1.41375130    1.63988252    1.50633342    1.51460532    1.56883911    1.45755666    1.45834615    1.53358885    1.68806798    1.57637742    1.51118612    1.48072320    1.48907168    1.47526920    1.81085447    1.66561705    1.47327281    1.44592405    1.40591011    1.42906906    1.06118928    0.97776304    0.70550056    0.79863865    0.80465320    0.79227909    0.70809100    0.69121352    0.00000000    0.77313500    1.47996597    1.52201498    1.69984101    1.80967279    1.65735490    1.50398110    1.58013400    1.64199803
A0A2W7NMV7_9BACT/1-159     1.25293673    1.48627110    1.38746488    1.41269331    1.39973395    1.35650533    1.36919981    1.39268076    1.61081366    1.25987855    1.44256688    1.42987109    1.26797514    1.39551483    1.56077822    1.45394545    1.30695209    1.47393250    1.32625550    1.28479251    1.25734070    1.06371176    0.71574222    0.79942550    0.79344473    0.98343728    0.75227555    0.65557746    0.77313500    0.00000000    1.40696026    1.46904657    1.58503721    1.71362542    1.44897892    1.31202354    1.32197236    1.47666696
A0A2K8KRV9_9GAMM/9-168     0.80998482    0.88854222    0.87204839    0.82068285    0.75941936    0.76357719    0.96601621    0.88039837    1.04784051    0.93654482    0.87918248    0.85222473    0.81499741    0.71723410    0.86355649    0.77815645    0.76096739    0.85928758    0.55103202    1.02148544    1.07669757    1.00416905    1.30418876    1.29989575    1.27607930    1.49362620    1.46727287    1.31605948    1.47996597    1.40696026    0.00000000    0.51681001    0.97201930    1.08133944    0.85479451    0.80150901    0.78605836    0.76969463
A0A0B0HE06_SOVGS/9-168     0.71882677    0.88927345    0.78848542    0.74417442    0.84176103    0.76923548    0.84275565    0.87258051    1.01499642    0.97239602    0.83146963    0.79301848    0.80637330    0.69243849    0.90855100    0.80529343    0.86778208    0.69673924    0.52453000    0.94456691    0.92939284    1.05273927    1.25217615    1.25137358    1.27349439    1.44460310    1.54550629    1.27764542    1.52201498    1.46904657    0.51681001    0.00000000    0.94641038    1.06048817    0.93967288    0.69762003    0.74476827    0.72932650
A0A547PBU1_9SPHN/17-176     0.84883887    0.84069878    0.96866699    0.81647612    0.82726422    0.79653846    0.90133967    0.95645922    1.03249489    1.02906064    0.92579275    0.93597462    0.98240889    0.85090453    0.96850455    0.97501441    0.76850102    0.89425600    0.93409629    1.08737858    1.54924819    1.61082720    1.62930126    1.62762447    1.59969969    1.83284351    1.51934390    1.59451554    1.69984101    1.58503721    0.97201930    0.94641038    0.00000000    0.36794616    0.93756559    0.80324139    0.83391615    0.85994671
A0A0H0XKC2_9SPHN/9-168     1.09763973    1.06812972    1.19813298    1.09913722    1.04407493    1.01444178    1.17291548    1.09183199    1.32359276    1.35351454    1.19956865    0.98527380    1.15653101    1.03972570    1.12112678    1.19384474    0.88417432    0.97395277    1.00047883    1.18759499    1.56929610    1.67793418    1.60902119    1.80879605    1.87791970    1.92420210    1.65835826    1.75283250    1.80967279    1.71362542    1.08133944    1.06048817    0.36794616    0.00000000    1.20463950    0.96572943    1.06347259    0.99284016
A0A1I6PE20_9CAUL/9-168     0.83511175    0.88013439    0.96305398    0.79895348    0.75694228    0.77131993    0.85020245    0.99486695    1.06290909    0.92618740    0.95664677    0.89969962    0.84986842    0.87191510    0.95427861    0.91369863    0.85289559    0.84920901    0.90522230    1.10445668    1.43354722    1.34305212    1.56206427    1.49795727    1.59184754    1.70652331    1.72579266    1.53273226    1.65735490    1.44897892    0.85479451    0.93967288    0.93756559    1.20463950    0.00000000    0.94882678    0.89097427    0.93066077
A0A238IUB1_9RHOB/9-168     0.54672729    0.61605843    0.62515366    0.59537831    0.52550834    0.46976762    0.53945258    0.70441652    0.83857687    0.83968897    0.60009470    0.51507279    0.58076359    0.53756566    0.63618298    0.58111897    0.50112737    0.55628353    0.61691032    1.05035972    1.25384013    1.15860581    1.36860689    1.29165024    1.32487661    1.51797919    1.43875290    1.33810193    1.50398110    1.31202354    0.80150901    0.69762003    0.80324139    0.96572943    0.94882678    0.00000000    0.42388562    0.46728335
A0A2T6KEQ2_9RHOB/9-168     0.54193049    0.62860653    0.67637034    0.60925687    0.60910816    0.55008614    0.57148336    0.72452382    0.87207320    0.73811647    0.70928897    0.55061768    0.61946127    0.55935055    0.60694213    0.53055782    0.64366704    0.49735919    0.60793850    1.19266541    1.15204100    1.06523774    1.36750848    1.35996097    1.36567027    1.61602912    1.46653902    1.45467984    1.58013400    1.32197236    0.78605836    0.74476827    0.83391615    1.06347259    0.89097427    0.42388562    0.00000000    0.27661424
B7RR77_9RHOB/35-194     0.60571525    0.71068451    0.74894611    0.68275753    0.60035887    0.53844913    0.67060564    0.84613433    0.88811600    0.80224041    0.73646103    0.61794487    0.66556111    0.59418447    0.69665495    0.57430949    0.61089785    0.53610408    0.65608290    1.13509156    1.28062500    1.20513627    1.40433097    1.44151770    1.49175659    1.69683541    1.69103441    1.46484257    1.64199803    1.47666696    0.76969463    0.72932650    0.85994671    0.99284016    0.93066077    0.46728335    0.27661424    0.00000000

