152
A0A101USW3_9ACTN/79-241     0.00000000    0.35880105    0.38191368    0.28798728    0.42569059    0.29479859    0.36420245    0.54219475    0.56088091    0.59494002    0.51179344    0.51255744    0.55976878    0.63517940    0.56959627    0.41734981    0.54915697    0.48584614    1.14382079    1.21629511    1.26602665    1.38261661    1.27703931    1.22377962    1.12222948    1.16074385    1.03574755    0.96711866    0.82900502    0.81854853    0.96360602    0.73471967    0.70309458    0.87245151    0.93412423    0.83155346    0.90181563    0.93802408    0.81013861    0.84011082    0.97673852    0.70836326    0.89112453    0.77872148    0.77073676    0.85935125    0.91967710    0.99019915    0.78971653    0.95240864    0.81783113    0.78204429    0.75492093    0.74097317    0.97075821    0.84735422    0.83133825    0.83213996    0.73271877    0.73267047    0.70809230    0.84083700    0.81699642    0.69078334    0.77223164    0.77174412    0.75029082    0.77451189    0.75110395    0.66545374    0.78882398    0.78490156    0.83257217    0.77390942    0.75075308    0.73599043    0.81799618    0.80961974    0.82450581    0.81198290    0.83549729    0.78189910    0.76907686    0.68964992    0.60470868    0.74039850    0.67659606    0.73424009    0.66625655    0.66792842    0.72578854    0.88460500    0.84414744    0.70589827    0.63848217    0.69310311    0.65166732    0.76820920    0.76059903    0.93009993    0.83188201    0.60665070    0.79989117    0.64006268    0.71311053    0.56813223    0.51687081    0.59269017    0.50846086    0.53179800    0.56079532    0.60685265    0.78188403    0.80818246    0.78768499    0.49401161    0.63237180    0.72531666    0.64251127    0.70057446    0.68952767    0.70177242    0.78204464    0.58055246    0.55598309    0.56940415    0.57562939    0.79563438    0.78440616    0.68917954    0.57053495    0.61088020    0.44167225    0.49411847    0.52976575    0.30208373    0.43331596    0.46071252    0.36359192    0.42613388    0.74418285    0.50009394    0.47285206    0.45969785    0.38879856    0.47852131    0.35028803    0.38396888    0.36185223    0.36677842    0.37084455    0.34794755
A0A101N7Z7_9ACTN/74-236     0.35880105    0.00000000    0.35002135    0.36044284    0.41907882    0.38456689    0.44254010    0.60800690    0.64769328    0.64479285    0.53228582    0.57500642    0.57351020    0.65518289    0.54769233    0.43696399    0.48004752    0.50362232    1.08525385    1.27699691    1.31289938    1.37738043    1.24212314    1.03815981    1.13080537    1.15808858    1.00130200    1.00798524    0.84806726    0.88003521    0.92039602    0.81085014    0.75660616    1.03418329    0.97132286    0.80107086    0.84215429    0.93209076    0.87693302    0.85044449    1.10758446    0.77503909    0.95468142    0.76857286    0.79893621    0.91505577    0.90329280    0.95678581    0.82623028    0.88827634    1.00582835    0.81449035    0.77107478    0.68285997    0.90093472    0.80517571    0.72755752    0.81547112    0.76792868    0.73426286    0.72913901    0.83732705    0.83952941    0.65042465    0.78157016    0.76228899    0.69197391    0.75344086    0.75579437    0.69980767    0.78251515    0.74340498    0.79520324    0.74162341    0.78817642    0.71215079    0.79819517    0.82384541    0.85925340    0.78543828    0.84991245    0.83506650    0.77449004    0.73098280    0.62397125    0.84249299    0.71162557    0.74595518    0.76295873    0.66338078    0.82045918    0.86194112    0.86003243    0.80602173    0.77751753    0.85130241    0.72488552    0.79445641    0.85215351    0.97503300    0.92664471    0.69487152    0.82032055    0.77286837    0.78061578    0.59321974    0.56652329    0.60356009    0.61340803    0.65898398    0.65447366    0.69898740    0.85217680    0.88930702    0.87790774    0.57462169    0.65578614    0.74286153    0.61743664    0.79215377    0.74437478    0.73081799    0.92331200    0.66570100    0.66743983    0.69808892    0.66266753    0.75796369    0.77546450    0.76180501    0.64215880    0.78869309    0.56282096    0.57734214    0.66334996    0.44139279    0.48979892    0.51657633    0.55186195    0.58856603    0.87176994    0.63356608    0.53549937    0.50250199    0.46980214    0.52584122    0.48026624    0.50167962    0.48907581    0.45932291    0.46867944    0.54014809
A0A1B1MMH6_STRLN/83-245     0.38191368    0.35002135    0.00000000    0.34820295    0.50585592    0.35357807    0.47586767    0.57426740    0.63917488    0.62952467    0.51737310    0.53982044    0.59432292    0.65240710    0.53684376    0.41337578    0.50945471    0.60010985    1.28976312    1.36783371    1.46241219    1.43979373    1.47030965    1.29156258    1.31534681    1.26715329    1.22837666    0.98888964    0.90021477    0.92898163    1.03249899    0.87349919    0.90289290    1.12174621    1.11272664    1.03016247    1.00671753    1.10635487    1.03348365    1.02437049    1.02492166    0.83479821    1.03702048    0.72736861    0.87913265    0.92677455    0.97580425    1.06583064    0.98759368    1.00258658    0.98349691    0.81353281    0.81636755    0.74089543    0.95298093    0.88492196    0.89166111    0.88657897    0.81720597    0.81318172    0.83930578    0.95864132    0.90708980    0.81501771    0.92842084    0.90625708    0.85089483    0.81846216    0.90614335    0.86031921    0.87080098    0.83330038    0.84714090    0.85871926    0.91092820    0.90621540    0.85122652    0.85782471    0.89334186    0.88530794    0.93176539    0.86730046    0.86248917    0.78632260    0.75710757    0.86375980    0.84328607    0.83261840    0.83249381    0.74400109    0.84224138    1.07312797    0.94724199    0.84324348    0.87003426    0.86014828    0.83307264    0.89989238    0.88334049    0.93068703    0.95618681    0.82479150    0.87616996    0.80096793    0.80043338    0.67084924    0.66771900    0.62977089    0.73300316    0.72529207    0.77090040    0.76608502    0.87755809    0.91729467    0.91181197    0.68486298    0.77919407    0.69778833    0.69549800    0.83974663    0.81036823    0.71564497    0.96876654    0.78786100    0.75438846    0.66408930    0.69655723    0.83556838    0.81819915    0.80977294    0.70599476    0.78234208    0.67529929    0.68014295    0.70183870    0.47754100    0.57349207    0.57546637    0.58061334    0.66076747    0.89284339    0.66741325    0.56170129    0.59611514    0.48563729    0.60664637    0.50553206    0.53752460    0.43530165    0.45130414    0.50145019    0.54749193
A0A2A2Z2A2_9ACTN/79-241     0.28798728    0.36044284    0.34820295    0.00000000    0.48892574    0.39330863    0.38517450    0.57964161    0.64049895    0.66580064    0.57010526    0.57528802    0.52800830    0.62664153    0.51476609    0.41033533    0.52445167    0.49515081    1.14010619    1.23013721    1.28774523    1.38182151    1.33444024    1.08265933    1.17364350    1.21142623    1.03146415    0.88978606    0.83381898    0.82645871    0.88939805    0.84065287    0.76106309    0.91485988    0.98197919    0.88747110    0.92166365    0.98018411    0.83508212    0.91448617    1.08096557    0.75521525    0.84335393    0.74981183    0.72684766    0.80311633    0.83523505    0.97878090    0.84492737    0.94905071    0.91006440    0.70107264    0.70606591    0.69333558    0.97428446    0.75863881    0.67432315    0.81296011    0.68389918    0.73671323    0.72991264    0.81209570    0.77163812    0.60028027    0.69148736    0.71791598    0.67397895    0.72495480    0.67252823    0.63998843    0.70912838    0.71453033    0.71962347    0.72242118    0.73474861    0.70352418    0.68645355    0.71064286    0.74466021    0.71356909    0.77173453    0.72668395    0.65209190    0.62487401    0.61678664    0.74571509    0.65370056    0.70827376    0.61310219    0.60607996    0.70097924    0.83823636    0.85065016    0.71089768    0.74057453    0.75806470    0.75367797    0.78301655    0.73350249    0.93041090    0.89178018    0.68683896    0.87938228    0.71494339    0.70225553    0.59495249    0.51172005    0.60272237    0.60160869    0.59261829    0.65149141    0.64220908    0.79666113    0.79948024    0.77397237    0.55252068    0.69709266    0.70620655    0.67363057    0.75868251    0.75953056    0.73299402    0.75265283    0.59666194    0.54749762    0.62522822    0.64425330    0.79390560    0.69636275    0.64258641    0.62035600    0.70377219    0.53196013    0.56416963    0.55695014    0.34636077    0.51057449    0.48680386    0.47010481    0.47769855    0.85220075    0.60207935    0.48688008    0.50723177    0.38893636    0.43307702    0.44867972    0.47238702    0.41772595    0.42287597    0.41974166    0.46271507
A0A4R3IIY1_9ACTN/77-239     0.42569059    0.41907882    0.50585592    0.48892574    0.00000000    0.33610356    0.50705941    0.61715867    0.68247097    0.70889978    0.64310718    0.60163834    0.59608735    0.67213764    0.69086342    0.45251038    0.57351303    0.57233124    1.13996719    1.19435060    1.37056498    1.36171129    1.39920083    1.16354998    1.15782051    1.19360718    1.05127469    1.05880471    0.94379399    0.87708583    1.03499773    0.91050942    0.79534794    0.97526816    0.99586279    0.94175457    0.87195656    0.99430082    0.83367061    0.91737199    1.10159222    0.77670301    0.96879914    0.85342517    0.83836959    0.95396642    0.96577709    0.97400113    0.89898081    0.95488326    1.02508444    0.79479274    0.84347291    0.86688196    0.92118313    0.86657532    0.90870007    0.93489098    0.80592735    0.82736340    0.77617364    0.89841517    0.88953039    0.80276498    0.87474736    0.85859633    0.82259593    0.84974584    0.80397641    0.79367780    0.87804561    0.81604819    0.92850640    0.77363067    0.84546564    0.82974572    0.82004488    0.85441036    0.86231924    0.82651498    0.88826435    0.83935128    0.83416098    0.77188927    0.80896468    0.96915598    0.87774883    0.77547166    0.78619702    0.68430459    0.82696871    0.98488323    0.97801647    0.79667546    0.79792321    0.77709384    0.74527157    0.85596575    0.86107902    0.97645026    0.88613041    0.79258239    0.99159762    0.91047456    0.89591132    0.70053171    0.64312603    0.83157311    0.68905791    0.70049337    0.74900535    0.81504852    0.82874346    0.94163864    0.94168478    0.66101406    0.75126291    0.84900584    0.76825679    0.79881513    0.77505879    0.76181288    0.98409715    0.73377688    0.67342187    0.71645146    0.64911329    0.78036953    0.84200157    0.76449372    0.67831443    0.77575001    0.62237389    0.74184778    0.70800606    0.52422289    0.61278289    0.59800349    0.59720021    0.60675900    1.02087696    0.72230342    0.54744192    0.54489675    0.55447387    0.50717553    0.51187538    0.57036577    0.54302719    0.49320736    0.54975164    0.51199546
A0A3N4USJ8_9ACTN/97-259     0.29479859    0.38456689    0.35357807    0.39330863    0.33610356    0.00000000    0.36796356    0.54893256    0.61290154    0.61273051    0.52528494    0.49881926    0.50570492    0.59844694    0.61183943    0.46685684    0.47871435    0.44447131    1.24565079    1.32325339    1.44630980    1.40346484    1.34219265    1.22824418    1.14080895    1.02739153    1.06735892    0.96804771    0.83461841    0.85113744    0.90859536    0.72943706    0.70724473    0.93757995    0.89222287    0.86382169    0.92575418    0.98044816    0.94394351    0.92465231    1.04306800    0.73940979    0.92838717    0.69710221    0.82034032    0.83969274    0.86504517    0.91007715    0.84081062    0.93190588    0.81395188    0.76306860    0.79333501    0.76588264    0.87920937    0.79314704    0.90008125    0.85855934    0.74562742    0.73744610    0.71179935    0.79852377    0.79583302    0.69527962    0.81751154    0.79532185    0.73109361    0.78605253    0.79771184    0.69776680    0.78388506    0.74083419    0.86043438    0.69905795    0.77673047    0.74573621    0.81129532    0.83120624    0.79884143    0.83581777    0.82771580    0.77054389    0.77974727    0.72497333    0.69594635    0.81348747    0.76262445    0.67339481    0.71717671    0.64395695    0.82288712    0.91668841    0.88780089    0.76161188    0.69395329    0.75327078    0.63922663    0.73536951    0.79249212    0.94228034    0.90161856    0.66428652    0.84953849    0.71459776    0.77501127    0.58571392    0.49879424    0.67148439    0.58592273    0.53396378    0.59788248    0.59497452    0.80999470    0.83125441    0.79800336    0.51120223    0.54199228    0.69489380    0.62663326    0.71345312    0.66504588    0.74154598    0.80491041    0.60968482    0.56247011    0.53649228    0.49411929    0.75423404    0.74694624    0.69649878    0.58801017    0.71011925    0.47858043    0.47240245    0.51585270    0.38242561    0.41322137    0.43381104    0.35845177    0.44332424    0.82103091    0.56167877    0.42194345    0.44075959    0.40428697    0.46345655    0.40238215    0.42944901    0.36249034    0.33146605    0.39235135    0.36132384
K4QY42_STRDJ/76-238     0.36420245    0.44254010    0.47586767    0.38517450    0.50705941    0.36796356    0.00000000    0.60791860    0.62923652    0.60666848    0.48949907    0.46422626    0.54677857    0.54885478    0.53619785    0.47109670    0.51319758    0.47073780    1.19574950    1.28339873    1.31525689    1.48822594    1.31863386    1.22948362    1.16433142    1.26444093    1.03289348    0.98597905    0.81103465    0.90165082    0.90066887    0.76411430    0.76556592    0.96995158    0.90551230    0.95142900    0.90298856    0.99285249    0.87179864    0.95427871    1.04704899    0.78152255    1.01296610    0.79009598    0.86706592    0.95539683    0.94255810    0.96622803    0.95879737    0.96086628    0.86450588    0.77700485    0.78974473    0.76495923    0.92339066    0.90726521    0.88606985    0.85385673    0.79677456    0.73748325    0.78794174    0.81879284    0.84240182    0.76019802    0.85631174    0.86086715    0.80798154    0.76959999    0.79161040    0.74317756    0.84939382    0.79914346    0.90928021    0.81325117    0.80009901    0.80406332    0.82817006    0.90153832    0.84831174    0.83667962    0.83554844    0.84933222    0.82781993    0.79385180    0.70334308    0.90496591    0.73709232    0.73220760    0.78538758    0.74361348    0.86010799    0.94818572    0.92499018    0.67702724    0.74302871    0.69805968    0.66942659    0.84693604    0.76151219    0.92512908    0.86106443    0.72835863    0.81200181    0.72662269    0.80734013    0.58301826    0.54093085    0.60494986    0.56479941    0.52548817    0.56725196    0.60657066    0.79078916    0.81553611    0.80189230    0.56056175    0.65170063    0.70213660    0.60848022    0.67378704    0.68373899    0.67545286    0.80542033    0.64857939    0.58437741    0.57596145    0.57354682    0.79678919    0.71863977    0.73148755    0.59626914    0.65391295    0.44161439    0.57968564    0.51993611    0.33359594    0.40482738    0.40719053    0.39306885    0.45195306    0.81309123    0.63026842    0.53280372    0.50002730    0.44515507    0.48878438    0.51119575    0.50076905    0.49394892    0.40822177    0.37299879    0.47852875
A0A101QYV3_9ACTN/64-226     0.54219475    0.60800690    0.57426740    0.57964161    0.61715867    0.54893256    0.60791860    0.00000000    0.46836925    0.48728131    0.44566080    0.47986054    0.55110035    0.52065717    0.49438705    0.43727413    0.48972734    0.52200420    1.14219167    1.17412298    1.24245810    1.22355513    1.09787219    1.18070551    1.08532090    1.18119735    0.91900946    0.88344679    0.81194555    0.81588433    0.85833341    0.72257879    0.81477559    0.96468984    0.89544364    0.96179341    0.91242041    1.06344674    0.89552247    0.80402014    0.85016024    0.70073476    0.86833353    0.74931086    0.70762702    0.82623800    0.80227825    0.93554370    0.87796219    0.95970502    0.84409655    0.78533799    0.73566429    0.71405766    0.96553918    0.88377754    0.73701335    0.81669074    0.70804411    0.72477390    0.66972089    0.90714447    0.80860646    0.74834017    0.73611765    0.81759955    0.76480805    0.68831843    0.69607966    0.77204357    0.72177203    0.73091058    0.84722514    0.83088657    0.74287917    0.83980729    0.71656981    0.78534777    0.82699658    0.75051773    0.85540244    0.74177393    0.81597686    0.70727651    0.62382573    0.78427180    0.78090215    0.59876356    0.73070764    0.65856043    0.75623047    0.96165184    0.80190059    0.72815131    0.73734520    0.71786883    0.78528278    0.72019799    0.75179500    0.85487431    0.79202232    0.72365382    0.76445512    0.65761432    0.72229872    0.66676033    0.65209248    0.69187722    0.71302967    0.73977179    0.72464854    0.67856664    0.78299671    0.70139662    0.73724646    0.61175653    0.60889110    0.78848330    0.75617162    0.69737762    0.72775376    0.78799592    0.76117656    0.68843300    0.60228485    0.62021325    0.64116569    0.75528649    0.72965664    0.69543603    0.70084142    0.71037524    0.62673773    0.73935535    0.67704413    0.50850145    0.55341179    0.57821349    0.55861865    0.57579489    0.76968507    0.65231461    0.60270711    0.53014208    0.56834778    0.59197754    0.57660995    0.61179912    0.52033788    0.56685368    0.53061234    0.56127639
A0A0M9ZMX4_9ACTN/114-276     0.56088091    0.64769328    0.63917488    0.64049895    0.68247097    0.61290154    0.62923652    0.46836925    0.00000000    0.39334408    0.30530776    0.31838953    0.40657512    0.45051053    0.48164790    0.54562158    0.59722102    0.63662687    1.15770820    1.21271270    1.25234795    1.40377929    1.34417143    1.31877604    1.18088651    1.20258061    1.01633534    1.03692104    0.75591406    0.84309861    1.00502960    0.70539104    0.80110596    1.01105594    1.03722627    0.99793175    0.86100614    1.00704503    0.83225459    0.88160504    0.80667514    0.72526716    0.84696342    0.73992073    0.80284212    0.80963942    0.82289047    0.97236494    0.92369962    0.83296215    0.96240270    0.74221841    0.84057802    0.75603006    0.86833653    0.84838578    0.81337717    0.76872298    0.81618177    0.73648586    0.72232327    0.85060273    0.79017526    0.74048088    0.80590388    0.79596447    0.74282452    0.68904281    0.75990763    0.80375433    0.76357728    0.76435590    0.92879996    0.82389835    0.77838319    0.86158539    0.76981697    0.87625857    0.86342261    0.80912872    0.92545923    0.91420083    0.82258614    0.82363303    0.77130129    0.82280650    0.82095744    0.71032782    0.80963556    0.67119848    0.75081688    0.97647554    0.87601640    0.79583646    0.84953846    0.73836731    0.78232115    0.87570317    0.85638660    0.93822740    0.84465030    0.67998137    0.77765423    0.71936807    0.72309714    0.75622680    0.73851568    0.75274857    0.71106856    0.79563299    0.74444242    0.70744718    0.80321856    0.76264529    0.70179715    0.78809066    0.76813703    0.85351995    0.80346249    0.84006781    0.83005656    0.79765469    0.78926410    0.77278245    0.66124919    0.74630601    0.74386957    0.92433213    0.89976348    0.86580395    0.69722113    0.73462567    0.62884506    0.75025657    0.73307655    0.51066843    0.63041221    0.67205967    0.58223478    0.58569375    0.81420889    0.57861350    0.61389210    0.59293472    0.64616041    0.73161114    0.59822974    0.64145637    0.59003770    0.54582692    0.51675301    0.56481816
A0A3G2J922_9ACTN/127-289     0.59494002    0.64479285    0.62952467    0.66580064    0.70889978    0.61273051    0.60666848    0.48728131    0.39334408    0.00000000    0.38176104    0.34039855    0.51515605    0.44068789    0.38654457    0.54543193    0.64120011    0.57465377    1.19196490    1.28350848    1.35933690    1.25150937    1.31037044    1.30918446    1.15523887    1.15861851    1.14153600    1.12553213    0.89776856    0.97324167    1.01602813    0.79790789    0.90393355    1.07038477    1.09769327    1.09545828    1.00708982    1.02103527    0.93930786    0.92986239    0.99305771    0.74377741    0.87531882    0.68324180    0.79565576    0.88623120    0.90048895    0.95620661    0.93890961    0.95047762    0.88869355    0.84728117    0.77642961    0.76554674    0.94563799    0.88697078    0.85775573    0.90806261    0.78837524    0.77912288    0.71643593    0.92412979    0.82839903    0.79901995    0.84054631    0.88503691    0.78650650    0.77785916    0.80183613    0.80907922    0.80865229    0.82761560    1.01832854    0.92082763    0.84473423    0.93152851    0.83415151    0.93484304    0.91122684    0.83282411    0.93002024    0.82314877    0.86647630    0.87951086    0.68272165    0.86549011    0.85908288    0.69443108    0.82954939    0.72304326    0.81069814    0.97852745    0.90177862    0.81408923    0.84353470    0.81149593    0.77775382    0.89501766    0.81560124    0.99192510    0.87849143    0.79381154    0.79951646    0.70083798    0.78200197    0.68836813    0.67007667    0.69087903    0.70025197    0.80017982    0.72167231    0.72496092    0.88340196    0.73595967    0.80794820    0.71671737    0.68510295    0.78113356    0.78070358    0.80123953    0.79839965    0.78751836    0.81282228    0.71663964    0.70938383    0.68925142    0.73851327    0.92758921    0.82485326    0.87703366    0.68999586    0.69924290    0.66880680    0.75848561    0.70301985    0.59285744    0.63981961    0.65890829    0.64372475    0.62888317    0.94197428    0.63853654    0.66950053    0.61206871    0.65399604    0.67193990    0.60886785    0.69508030    0.63380349    0.58824899    0.56747497    0.57941767
A0A176L8I3_9ACTN/99-261     0.51179344    0.53228582    0.51737310    0.57010526    0.64310718    0.52528494    0.48949907    0.44566080    0.30530776    0.38176104    0.00000000    0.26327358    0.37218783    0.42256266    0.39022825    0.49729502    0.60896172    0.58301287    1.19022337    1.30391548    1.34548494    1.32637800    1.38250427    1.31590824    1.20498104    1.19267653    1.13753125    0.92830449    0.83235829    0.91750796    0.96730441    0.72130770    0.84976998    1.01132695    1.09609273    1.05397712    0.91469518    1.07999115    0.93826096    0.85789034    0.88823328    0.70317826    0.88816854    0.75769261    0.81328316    0.87292572    0.87071118    0.93150189    0.95153192    0.91832900    0.94943373    0.85881047    0.86696015    0.79429159    0.98212381    0.86895240    0.86038557    0.84191330    0.83341755    0.78229324    0.72307483    0.97805531    0.87255185    0.75550169    0.83720769    0.81908255    0.75149571    0.73051953    0.81011814    0.81223833    0.73443509    0.77903051    0.88866034    0.82945522    0.80862488    0.85590907    0.83708235    0.88617904    0.88008521    0.88549577    0.92997849    0.85233344    0.84905420    0.84682221    0.68787789    0.86730897    0.79962051    0.73144056    0.83564709    0.73845057    0.82675436    0.94050665    0.92248443    0.73578395    0.78998630    0.75741386    0.76528629    0.86244637    0.88096022    0.92293500    0.87010036    0.78913556    0.74078722    0.68905353    0.78527389    0.60041378    0.67635626    0.74105841    0.74799470    0.78688144    0.72177415    0.69349166    0.90173394    0.78499297    0.79819559    0.63672109    0.66983204    0.83845709    0.76702621    0.77967329    0.73893192    0.75669519    0.88295588    0.76042358    0.65876576    0.65431851    0.69779218    0.84285101    0.82552362    0.77319141    0.68092024    0.65864080    0.58942707    0.73336306    0.67785502    0.48993122    0.55658330    0.62405288    0.54636119    0.58123865    0.84750364    0.60403265    0.59079402    0.57232484    0.54191288    0.64708510    0.51807986    0.58042326    0.51856951    0.54315958    0.52154705    0.55207850
V6KVW3_STRRC/107-269     0.51255744    0.57500642    0.53982044    0.57528802    0.60163834    0.49881926    0.46422626    0.47986054    0.31838953    0.34039855    0.26327358    0.00000000    0.37674538    0.41584945    0.37466955    0.51695965    0.57285947    0.58963777    1.08808715    1.21347665    1.29161002    1.26352250    1.28994873    1.18134428    1.18437523    1.13153116    1.10766150    1.02068613    0.79377958    0.90441775    0.97437849    0.77194844    0.87149457    1.01074718    1.01257726    1.06114313    0.97079765    1.10401740    0.89875668    0.87486492    0.81667989    0.76689910    0.86439116    0.71003236    0.81847134    0.90716957    0.88194826    0.99003167    0.91629255    0.82281567    0.85705064    0.86216708    0.89933384    0.79011856    0.89517886    0.83394040    0.86854965    0.87298363    0.84176913    0.78403129    0.78020097    0.95772901    0.85536493    0.82711231    0.88603242    0.91615586    0.82066650    0.76349652    0.81592299    0.89074305    0.81216919    0.80243028    0.98218518    0.86501840    0.85131559    0.88571287    0.84705860    0.91818113    0.87521348    0.80861412    0.94899033    0.91938999    0.88922484    0.85827707    0.75525158    0.92099078    0.86087888    0.73364998    0.89628706    0.75923902    0.77534890    0.97303413    0.91177711    0.76119435    0.75407164    0.73189724    0.74228918    0.86156305    0.88661068    0.98710284    0.87294635    0.72072611    0.80247929    0.68291255    0.79607607    0.65601754    0.65426224    0.65976175    0.71012540    0.74183821    0.68840518    0.65958422    0.78213052    0.69603700    0.68303885    0.65138032    0.62415374    0.77915362    0.72913576    0.74157506    0.73844183    0.75146856    0.81375447    0.69648534    0.65423968    0.70410553    0.70201091    0.82688519    0.84036001    0.79456847    0.68372086    0.70074314    0.56379846    0.69162374    0.61071509    0.49991193    0.58251749    0.63757164    0.60466024    0.57793566    0.82509452    0.64224150    0.62138156    0.58077285    0.58948059    0.67492436    0.61290897    0.61995874    0.61867703    0.53873135    0.45832248    0.54448243
A0A1X4GYM8_9ACTN/85-247     0.55976878    0.57351020    0.59432292    0.52800830    0.59608735    0.50570492    0.54677857    0.55110035    0.40657512    0.51515605    0.37218783    0.37674538    0.00000000    0.40629677    0.45008256    0.49522855    0.61089229    0.54296582    1.02683123    1.13755811    1.28386381    1.31696081    1.29807046    1.22708159    1.09097247    1.23002721    1.04250738    0.99382527    0.79955337    0.83071936    0.92441797    0.73676754    0.77024157    1.00853222    1.07622787    1.04431552    0.90253217    0.95568996    0.93089940    0.85278388    0.97770756    0.78753377    0.86716834    0.72486066    0.77878833    0.85816344    0.82608374    0.93278992    0.84202469    0.86258087    0.90642207    0.81376863    0.82899564    0.80661454    0.95015569    0.82749385    0.83825030    0.82385126    0.74821114    0.74864111    0.65127015    0.81396402    0.81487624    0.71573542    0.81399216    0.79160832    0.76206328    0.73051391    0.67747378    0.75450275    0.77554014    0.73965236    0.88608212    0.74985789    0.74494223    0.76684978    0.77900919    0.75628009    0.78973890    0.74839378    0.90680019    0.74910477    0.75976952    0.73357305    0.76650443    0.84988508    0.81870149    0.69602676    0.73292879    0.70589801    0.81863046    0.89939599    0.79014470    0.70483570    0.82009531    0.74987334    0.81671014    0.78579186    0.83356099    0.94947682    0.81750681    0.67906021    0.80185750    0.74967436    0.76723647    0.64889768    0.68586185    0.67059277    0.70057238    0.75698487    0.72375787    0.69371695    0.77863860    0.82465516    0.74576751    0.71744116    0.75015493    0.82439915    0.84925727    0.86637625    0.76305470    0.75878842    0.82816738    0.79834897    0.66678604    0.63328781    0.66158717    0.81896503    0.79092976    0.74344989    0.67583344    0.70139929    0.59986918    0.65949983    0.67102515    0.55154195    0.66668357    0.62634276    0.59953570    0.61064622    0.88413442    0.72314799    0.63811407    0.61400975    0.62120258    0.67394931    0.57611743    0.60324799    0.58100917    0.50482044    0.51736277    0.61185103
A0A1Q5KSX1_9ACTN/90-251     0.63517940    0.65518289    0.65240710    0.62664153    0.67213764    0.59844694    0.54885478    0.52065717    0.45051053    0.44068789    0.42256266    0.41584945    0.40629677    0.00000000    0.38299236    0.59320338    0.51991799    0.61328590    1.04484246    1.29123840    1.29488066    1.34950450    1.33114077    1.24132434    1.15683462    1.06028429    0.95086439    1.04720011    0.83377251    0.88969879    0.94284374    0.74856540    0.78999756    0.99450396    1.05074430    1.00038071    0.93324691    0.95691080    0.88065069    0.93532900    0.96929414    0.71902480    0.78215140    0.67847803    0.77602570    0.90080874    0.86666004    0.91263169    0.84630135    0.82652156    0.90049288    0.74018783    0.70652837    0.77518016    0.86762864    0.81982798    0.75415750    0.77590560    0.74373646    0.70650551    0.70554992    0.78190768    0.75982273    0.72395032    0.79943564    0.81002176    0.75646536    0.68529902    0.70550207    0.74632955    0.76198206    0.75948894    0.85795532    0.79673369    0.79021329    0.78414431    0.73453530    0.78997006    0.80855884    0.74806053    0.82215152    0.74668548    0.83016723    0.81932112    0.68600165    0.82097433    0.70067902    0.59495635    0.77794039    0.67795648    0.72282263    0.80920625    0.84017502    0.67157955    0.85853636    0.72911297    0.73910100    0.86229517    0.84368385    0.93221063    0.92601852    0.79970472    0.80977346    0.72330838    0.80593921    0.68635925    0.71229132    0.72176342    0.69617339    0.74365260    0.72665809    0.74893633    0.91488900    0.80282948    0.83402461    0.65986920    0.71761909    0.83392215    0.77406000    0.75777072    0.81353971    0.77643989    0.79899480    0.77825821    0.72886305    0.69062989    0.75831916    0.86606142    0.84862551    0.83088641    0.73085089    0.72731635    0.66010424    0.80511894    0.69524222    0.57835797    0.62219921    0.67729028    0.64214502    0.57715534    0.95219734    0.67140044    0.65873399    0.59986091    0.61834895    0.68709023    0.59537346    0.54439850    0.59795386    0.60364771    0.56835138    0.63760457
H2JUV3_STRHJ/83-245     0.56959627    0.54769233    0.53684376    0.51476609    0.69086342    0.61183943    0.53619785    0.49438705    0.48164790    0.38654457    0.39022825    0.37466955    0.45008256    0.38299236    0.00000000    0.55077872    0.56582062    0.52624958    1.12409190    1.21039613    1.24991224    1.22331066    1.23655732    1.19548132    1.18889240    1.16430044    1.05426657    1.00556279    0.82270259    0.91717327    0.88507503    0.74016427    0.87956177    1.01078987    1.04980711    1.03591855    0.98908444    1.07998806    0.91184900    1.01556197    0.93146464    0.77499522    0.96380592    0.72709778    0.79377620    0.86984344    0.80347570    0.92195121    0.92229156    0.85011196    0.93205896    0.84723831    0.81654446    0.80376120    0.94157435    0.85945764    0.79291352    0.83173251    0.82277904    0.81083657    0.76230877    0.87783757    0.90269302    0.77766581    0.83266687    0.89794178    0.82061280    0.69290807    0.80766830    0.85676689    0.79909483    0.78999299    0.87907942    0.88464237    0.87386907    0.91558009    0.76350479    0.88717661    0.92120002    0.82104763    0.91546293    0.81443416    0.86505021    0.82578384    0.67737286    0.79112339    0.75133391    0.66340497    0.85673816    0.68636004    0.83439217    0.96180761    0.89000718    0.78309260    0.83252477    0.73467349    0.75448051    0.89236678    0.81397884    0.88173379    0.94579723    0.80314971    0.72629353    0.71805031    0.78733223    0.67837609    0.65463145    0.63973450    0.64315160    0.69801536    0.68801809    0.73328677    0.81080829    0.73426302    0.79646554    0.68460852    0.68183666    0.73878104    0.71288105    0.79754011    0.78354018    0.72381731    0.74159983    0.70727589    0.63907305    0.68719214    0.71664392    0.87443768    0.91015810    0.81969094    0.70239142    0.74117908    0.61696086    0.70234651    0.64449422    0.49880952    0.56090561    0.61613313    0.62194843    0.60430672    0.86651273    0.63137625    0.64031143    0.59479945    0.53764196    0.63126489    0.54936957    0.57800787    0.58184397    0.60406801    0.53730094    0.58476016
S4MHF7_9ACTN/92-254     0.41734981    0.43696399    0.41337578    0.41033533    0.45251038    0.46685684    0.47109670    0.43727413    0.54562158    0.54543193    0.49729502    0.51695965    0.49522855    0.59320338    0.55077872    0.00000000    0.46237420    0.49616136    1.07391277    1.15600777    1.30113688    1.15981164    1.17097106    1.14036063    1.18255848    1.13436588    1.01314809    0.92206950    0.94755699    0.86676085    0.94961799    0.83637286    0.84037555    1.01770047    1.01076244    1.00159540    0.91678383    1.02870898    0.89336095    0.92194017    1.07091212    0.81619795    0.90727606    0.83647765    0.77238295    0.91197526    0.89962593    0.95023125    0.80934439    0.87783868    0.92599547    0.73852906    0.68740859    0.77821368    0.97604312    0.83569937    0.81165276    0.72693533    0.68707111    0.67001068    0.73352082    0.84758844    0.79218569    0.71255099    0.76218523    0.76853715    0.73514777    0.74721763    0.69788523    0.71261429    0.73908956    0.72358259    0.82458780    0.72908796    0.78605938    0.80928378    0.73047136    0.80224660    0.84447494    0.75729778    0.76696586    0.72611479    0.77348392    0.72368383    0.71268606    0.81465869    0.74233167    0.65562882    0.71729184    0.58936244    0.75482128    0.92977277    0.82453267    0.67438280    0.75353546    0.78960207    0.81218076    0.75831382    0.79798142    0.88038215    0.79875166    0.76538848    0.80216279    0.79844501    0.74460093    0.62007207    0.54943008    0.66162749    0.62286752    0.65369786    0.67497934    0.64467727    0.81965928    0.82745848    0.79555318    0.65552571    0.73542083    0.69198697    0.69837034    0.70383180    0.70328396    0.66952724    0.83926667    0.61213038    0.63216822    0.58481277    0.62916130    0.74750694    0.71652443    0.74014118    0.62419459    0.77217534    0.61320465    0.72720238    0.65866904    0.42553426    0.49551961    0.56050062    0.51328656    0.55343400    0.81394839    0.64841185    0.42005799    0.46598761    0.49114549    0.57269782    0.43969387    0.51967807    0.52101226    0.40850841    0.45312803    0.50716686
A0A2U9PCP4_STRAS/83-245     0.54915697    0.48004752    0.50945471    0.52445167    0.57351303    0.47871435    0.51319758    0.48972734    0.59722102    0.64120011    0.60896172    0.57285947    0.61089229    0.51991799    0.56582062    0.46237420    0.00000000    0.55898020    1.23934552    1.38714248    1.35610079    1.49020550    1.47045029    1.31834835    1.22567639    1.15846260    0.99384949    0.93439972    0.80641621    0.85826293    0.87388362    0.77512608    0.79147553    1.04934029    1.01263446    0.94925650    0.91784423    0.95249213    0.84556718    0.90373320    0.95753752    0.69703601    0.91196137    0.73148572    0.71268484    0.81410751    0.74122921    0.91697921    0.83158194    0.79991777    0.85951757    0.76102802    0.62079647    0.57588005    0.79490937    0.78042995    0.76577101    0.65479772    0.66641811    0.61416009    0.63791768    0.73058637    0.70883238    0.64070591    0.72780243    0.78095748    0.67701463    0.67283419    0.65824839    0.66153245    0.73917582    0.67402521    0.78372001    0.70800482    0.74719670    0.77551655    0.65976378    0.70951691    0.74165767    0.71234723    0.73504742    0.70699920    0.76059302    0.69160227    0.59259545    0.75269777    0.59451449    0.57747721    0.65462864    0.64693277    0.76746584    0.92287266    0.78006673    0.75092227    0.76735366    0.72506337    0.82087311    0.74925130    0.75505206    0.82988833    0.90845602    0.70445375    0.81353773    0.73678189    0.74816291    0.64624557    0.67416268    0.62235970    0.67493092    0.65158911    0.69963262    0.67636949    0.85214158    0.81188534    0.77246867    0.66704808    0.67218658    0.77506444    0.68843059    0.64322441    0.70642980    0.71912332    0.79486945    0.72383871    0.67165108    0.66810278    0.70466499    0.83711148    0.75973621    0.86682099    0.66875498    0.76248040    0.59898456    0.70260843    0.63281497    0.53294297    0.55101856    0.56963864    0.54657280    0.56574044    0.79278271    0.62577287    0.52495257    0.49113190    0.53206313    0.59036648    0.56259863    0.51612618    0.61968889    0.51601310    0.43885521    0.52124003
A0A177HJX7_9ACTN/92-254     0.48584614    0.50362232    0.60010985    0.49515081    0.57233124    0.44447131    0.47073780    0.52200420    0.63662687    0.57465377    0.58301287    0.58963777    0.54296582    0.61328590    0.52624958    0.49616136    0.55898020    0.00000000    1.07907933    1.03489037    1.10570353    1.25233266    1.07632550    1.13212883    0.96125591    0.98610578    1.01165595    0.79931694    0.85884617    0.75143766    0.77220922    0.76450296    0.72702085    0.92302636    0.87608846    0.83500168    0.84099123    0.84205110    0.87800554    0.87190835    1.00056069    0.69823280    0.96112255    0.64431414    0.68306444    0.77629170    0.82560689    0.93309861    0.74795918    0.81390893    0.78173418    0.68681926    0.67308513    0.67752351    0.87109663    0.81905504    0.74144787    0.80474330    0.71118182    0.69790219    0.64330297    0.76162903    0.74868744    0.67117417    0.68449317    0.69092012    0.67268963    0.61553903    0.66204657    0.61856356    0.68133019    0.69027973    0.80581457    0.68518171    0.70070069    0.71597950    0.66833976    0.72305733    0.70370489    0.68488145    0.74527752    0.63150076    0.77053739    0.71079010    0.70312969    0.84990153    0.68964510    0.60973493    0.65033971    0.58903521    0.71820154    0.84352098    0.78913880    0.64193022    0.71548360    0.65084833    0.64897762    0.69946910    0.72603611    0.80641484    0.83086306    0.66326219    0.74044565    0.69639031    0.67525509    0.52029244    0.45955738    0.59781500    0.53101401    0.55487640    0.54335503    0.63198912    0.77557230    0.71130706    0.61959300    0.57418552    0.65030954    0.70581795    0.66092917    0.68251679    0.67724522    0.75108176    0.66963773    0.53970800    0.42988808    0.50505140    0.54113251    0.78018269    0.70764960    0.62131753    0.60662810    0.61390743    0.38222830    0.48631680    0.47274467    0.38721756    0.39726358    0.35833690    0.39868900    0.38837138    0.74419214    0.50265714    0.48229022    0.51876800    0.47419563    0.44238850    0.49432748    0.51745920    0.50998151    0.48682874    0.47952789    0.44485184
