100
A0A254TM34_9BURK/3-67     0.00000000    0.46205342    1.66466902    1.27701912    1.30373184    1.28856740    1.48557726    1.98385270    1.59329078    1.57356207    1.57255956    1.49219245    1.67230277    1.52151821    1.65500690    1.43064068    1.43751168    1.49119265    1.64492791    1.70415258    1.41676119    1.18970445    1.27398603    1.01524723    1.01267958    0.97513479    0.95646725    0.97673648    1.09737773    0.93051021    0.97692175    0.78519779    1.08839796    1.33290301    1.42647222    1.34495611    1.11987779    1.03418543    1.17852572    1.23068546    1.49036740    1.20277653    0.98084860    1.05408247    1.02286879    1.09058635    1.27527096    1.22280909    1.06999727    1.16534474    1.08181075    1.15973413    1.04010682    1.45560720    1.09658291    0.97080977    0.98735979    1.20679650    1.08310652    1.17880987    1.00797425    1.07673324    0.92236644    1.30358538    0.92110184    0.91003565    0.86835316    0.88480546    1.18470126    1.03950488    1.08289902    1.07616715    1.32117061    1.56536415    1.50763691    1.20875157    0.80305546    1.45029726    1.38721268    1.35746036    1.51580473    1.71860929    1.45472943    1.10755784    1.21725433    1.51867388    1.10364854    1.16718481    1.29430049    1.27519371    1.49333318    1.46862969    0.92199293    1.16316841    0.89890368    0.85954534    0.85704782    0.80707146    0.96190609    0.69544619
A0A1N7SE70_9BURK/3-67     0.46205342    0.00000000    1.32609886    1.32307735    1.28581003    1.28627745    1.71366502    2.05164181    1.94794403    1.94651684    1.57801779    1.56494864    1.77408990    1.53673534    1.62260976    1.47139567    1.62855580    1.52597760    1.50720660    1.81464383    1.45400946    1.24318707    1.33252670    0.98430411    1.07975422    0.90263835    0.89324961    1.00407965    1.13624990    1.03550786    1.20096263    0.95635706    0.96730039    1.49860150    1.33169546    1.36670663    1.13782929    1.08515843    1.17586615    1.29798604    1.45898137    1.29143428    1.11859373    1.19305219    1.05259775    1.11076429    1.24580514    1.32487031    1.14554139    1.22495159    1.10209910    1.12797137    0.98687086    1.39657089    1.09696635    1.02532949    1.02247399    1.14722713    1.12306733    1.11294952    0.93425509    0.91084265    0.98068630    1.25072127    0.74384871    0.82002290    0.97017787    0.96367355    1.07446437    0.87478658    1.03739172    0.83897740    1.29556650    1.40653343    1.67765085    1.33079207    1.01954710    1.64176376    1.85758092    1.66267160    1.82392980    1.67578067    1.81069973    1.29833006    1.19034553    1.29027292    1.07579470    1.26929935    1.20769445    1.22055999    1.46341770    1.38358710    0.95486337    1.05684092    0.94030556    1.06379989    0.88154076    0.84053825    0.86625942    0.82218878
A0A1N7SEC1_9BURK/20-85     1.66466902    1.32609886    0.00000000    1.24800475    1.31244628    2.19888419    2.51729936    2.76007927    2.69089470    2.97730799    2.07885494    2.84305949    2.39682794    1.96824237    2.25046215    1.99315715    2.43281188    2.05495203    1.78284611    2.28658819    2.23589582    1.77406133    1.89942505    1.59573478    1.82642828    1.64802312    1.59687116    1.67413399    1.65613943    1.49993074    1.40914882    1.40070721    1.43387012    1.96731040    2.07746864    2.34352010    1.70447408    1.46326825    1.51107928    1.57958168    2.01259945    1.68010156    1.50796867    1.68065239    1.35667390    1.57447528    1.70235825    1.43883572    1.50435658    1.61778957    1.46815879    1.42264930    1.44929285    1.71175545    1.50832024    1.64710466    1.50493348    1.46229033    1.59590656    1.57462561    1.52836254    1.55067794    1.44870685    1.75450602    1.42396737    1.42359882    1.61087880    1.52594326    1.54645855    1.69850156    1.50055804    1.47192434    2.05386649    1.71818819    2.19598923    1.79708008    1.37826188    1.81922706    2.58227409    2.27828037    2.20326453    2.18536801    2.12283860    1.97723526    1.83510760    1.57324314    1.40150969    1.59204085    1.52157905    2.06911101    2.17121448    2.52634873    1.65385462    1.51467594    1.65020416    1.23798360    1.48340452    1.12253461    1.50380657    1.43400369
A0A1H7SGG9_9BURK/85-150     1.27701912    1.32307735    1.24800475    0.00000000    0.95446328    1.77039860    2.31057187    2.62939389    2.87664302    2.99716900    2.46088146    2.14563689    2.04811682    1.95377743    1.78986927    1.85429727    1.95719950    2.03370430    1.61652201    1.82459580    1.58710633    1.78861091    1.89912588    1.67858606    1.93000417    1.76765542    2.10118718    2.03903678    1.92253286    1.58141350    1.54043653    1.30761477    1.46133007    2.02020279    2.03190404    2.12638900    1.79515805    1.48186088    1.55924463    1.63336020    2.14425611    1.70760914    1.66518055    1.59624595    1.40272536    1.76205629    1.95591790    1.78949181    1.72898568    1.75672992    1.73749896    1.61850414    1.68772235    1.76629771    1.60773767    1.64523848    1.32251132    1.46754625    1.68917904    1.55635610    1.36554494    1.44755985    1.42771441    1.72320788    1.37650934    1.35208853    1.65431201    1.52560723    1.74990886    1.73475946    1.82762155    1.50797175    1.85463165    1.83963554    2.27065119    1.68379071    1.63184289    2.31738348    3.19151723    2.42431360    2.32522846    2.49702717    2.19035156    2.10137409    1.88709028    2.03771928    1.91331995    1.97062981    1.86335810    2.33065022    2.00806009    2.12782491    1.59873804    1.69500677    1.38403539    1.41744509    1.53600288    1.34848651    1.45795080    1.34528191
A0A1X7KH50_9BURK/85-150     1.30373184    1.28581003    1.31244628    0.95446328    0.00000000    1.39158857    2.40815870    2.34781554    2.26054654    2.43836880    1.67965927    1.89529491    1.79955885    1.61393881    1.66970672    1.82588466    2.09286416    1.98751589    1.72943151    1.81432101    1.59497571    2.06539152    1.83277889    1.77998788    1.74957196    1.46534151    1.78721784    1.91113231    1.63992783    1.42785112    1.19478278    1.49768538    1.71480577    1.82036003    1.52535311    2.15201146    1.60270121    1.52832456    1.58245171    1.52844180    1.88589891    1.83912009    1.63302356    1.53164439    1.55614120    1.72124579    1.92011629    1.67228213    1.67700667    1.89298338    1.89658479    1.67729476    1.80086381    1.73368625    1.67854278    1.88092705    1.35110777    1.53551677    1.82997526    1.72529859    1.41019871    1.61891565    1.24607035    1.88615167    1.35356708    1.49702391    1.59044014    1.53183912    1.72025014    1.48509819    1.68955574    1.68459756    2.10116919    2.07795203    2.40340883    1.79718655    1.54222316    2.24549342    2.49191883    2.44022267    2.15075374    2.53212724    2.14132569    1.86279140    2.11169011    1.91570608    1.83613200    1.79838290    1.83389551    2.13581142    1.65274818    1.59422434    1.81287815    1.95182099    1.28052004    1.66126795    1.39358774    1.46807357    1.69983447    1.50332732
A0A167VVQ4_9BURK/70-135     1.28856740    1.28627745    2.19888419    1.77039860    1.39158857    0.00000000    2.22833243    2.08721694    2.23435925    2.25376413    2.31934034    1.47042331    1.50719079    1.66658766    1.65546174    1.45963912    1.76556789    1.60925027    1.70485307    1.84664895    1.47560069    1.86329456    2.01014921    1.73091382    2.01721179    1.62118528    1.69845585    1.61113977    1.50734872    1.66987299    1.58887707    1.73205347    1.50324903    2.13857423    1.80412338    2.00842259    1.96698815    1.84617597    1.77800358    1.75864541    2.09385281    1.91233236    1.84568833    2.05250099    1.75434890    2.00298624    2.28311034    2.09290454    1.80309668    1.72819535    1.75375465    1.87332530    1.88730813    1.93558037    1.60865849    1.61363456    1.73644823    1.92104573    1.61779904    1.66967730    1.64038813    1.93174820    1.55100998    2.20761974    1.80834327    1.74028148    1.69429901    1.60425171    1.92086063    1.64632245    1.76615210    1.87429218    1.83426784    1.80228938    2.55735438    1.95113967    1.71212153    2.10365789    2.40351930    2.17752997    2.71781599    2.11928908    1.95007126    2.12698435    1.62715073    1.87533213    1.92665425    1.96553370    1.96746111    2.27000547    1.91666244    2.12258317    1.49814453    1.56674216    1.52809116    1.39579556    1.63762345    1.72616771    1.55045229    1.45590578
A0A0A7EGM7_9GAMM/17-78     1.48557726    1.71366502    2.51729936    2.31057187    2.40815870    2.22833243    0.00000000    2.09205885    1.83004304    1.65623894    1.59043531    1.91830895    1.71020543    1.81092848    1.73293777    1.84867887    1.99727389    2.00636257    1.79928727    2.11041366    2.06929113    2.07070100    1.92535237    1.72792047    2.22015887    1.96310903    1.77262505    1.61685011    1.84681300    1.77074977    1.72025045    1.76089730    1.94568498    1.91560163    1.90261488    1.76517370    1.94843554    1.68465629    1.90950622    1.95033812    1.79088685    1.95130693    2.11737398    2.22274131    1.97830786    2.04103495    2.24254908    1.90743958    2.19630534    2.01520564    2.41471791    1.97994900    1.99473346    2.20855062    1.86150241    1.86021096    1.52006460    2.09845764    1.71724740    1.90784286    1.37341220    1.55136427    1.72174110    2.13009911    1.71136357    1.43498865    1.98048643    2.09853978    2.01448661    1.83613783    2.09066930    1.72835290    1.62832573    2.23698447    2.73284181    1.95525357    2.39563599    2.32001146    2.64640824    2.47715939    2.22138096    2.63160055    2.94295612    2.04110031    2.50066436    2.62530114    2.82839060    2.73705246    2.52524335    2.67228807    2.29455636    2.54715580    2.39907183    2.67880557    1.98802611    1.76489785    1.77889789    1.69870891    1.58890938    1.50504318
C5BI45_TERTT/16-80     1.98385270    2.05164181    2.76007927    2.62939389    2.34781554    2.08721694    2.09205885    0.00000000    0.88188403    0.89410656    1.53887404    1.29006295    1.05900560    1.02195495    1.21331984    1.21547391    1.15638387    1.01796591    1.19452101    1.22939490    1.38097336    1.61290667    1.46069312    1.68160192    1.84254421    1.95673061    1.92998994    1.48347546    1.48852284    1.60024897    1.75441738    1.80585363    1.94447322    2.18875742    1.75819005    1.57405286    1.45257520    1.76855442    1.43820791    1.42455734    1.62485272    1.41879776    1.71766041    1.58588318    1.74699464    1.48731666    1.61227443    1.47294996    1.31154466    1.54187706    1.56575819    1.65131389    1.61906714    1.60907995    1.53961004    1.57769834    1.76100656    1.62343325    1.48388480    1.54971417    1.88720463    1.88483561    1.61344427    1.54117149    1.63571255    1.55967759    1.32200240    1.76930691    1.84935073    1.65218250    1.61420176    1.68337036    1.50902584    1.66354462    1.92919296    1.69300111    1.65561127    2.05946135    2.17152248    1.80672437    2.35774256    1.81683240    2.17298150    2.12316131    2.31240708    2.28227394    2.01957226    2.23728688    2.08586462    2.26730540    2.55561794    2.16750396    2.02277745    2.29828898    1.84374075    1.80204342    1.39069862    2.01323399    1.86827764    1.82417166
A0A2S7UUI9_9GAMM/16-80     1.59329078    1.94794403    2.69089470    2.87664302    2.26054654    2.23435925    1.83004304    0.88188403    0.00000000    0.42058978    1.25797280    1.29408568    0.91001866    0.87492076    1.12239269    1.04464344    1.06225365    1.05177818    1.01009953    0.94309277    0.99670726    1.62358135    1.69900289    1.68719353    1.87732657    1.94535967    1.57851574    1.34224559    1.78038631    1.63879552    1.61086263    1.63988776    2.08203606    1.80538040    1.54170219    1.52922793    1.97274300    1.73458340    1.66280530    1.52382793    1.97856817    1.50253921    1.85657489    1.60975101    1.78725011    1.89708890    2.00913245    1.87426801    1.89605292    1.77664894    1.83010342    1.92014222    1.84523436    2.03177099    1.52483547    1.31799459    1.75166723    1.60034123    1.54195550    1.68882951    1.94317812    1.95694121    1.72845990    1.89022938    1.71638412    1.66534795    1.67641156    1.81426061    1.80713215    1.78623929    1.71700147    2.02214315    1.66318325    1.86409442    1.84500991    2.00249392    2.09428448    2.07435650    1.85478255    1.82136056    1.87888236    1.91406403    1.81596903    1.45331691    1.91475608    2.08328128    1.91337811    1.80186306    1.97230510    2.25202663    2.19862830    2.18181344    1.94101449    2.63849070    2.03906285    1.66012688    1.58308986    2.09359098    2.19675516    1.94000709
A0A2S1JR09_9GAMM/16-80     1.57356207    1.94651684    2.97730799    2.99716900    2.43836880    2.25376413    1.65623894    0.89410656    0.42058978    0.00000000    1.29899262    1.45331751    1.11576457    1.11360497    1.19014465    1.16588255    1.29673624    1.33711719    1.33953629    1.12665233    1.31078502    1.88208999    1.67790965    1.68324239    1.98490899    2.02052671    1.71369275    1.40168048    1.98433238    1.55543154    1.55899121    1.72271264    1.72232446    1.81992957    1.79994588    1.59339234    1.47276227    1.87675404    1.64512591    1.60247480    2.01542340    1.53167766    2.01291780    1.55787937    1.75340371    1.66934339    1.77802002    1.71731091    1.68891490    1.74566857    1.82080977    1.78096967    1.75263548    2.09203251    1.57063391    1.43238033    1.84574519    1.69545456    1.61050523    1.76688269    1.98474373    1.94423915    1.75845038    1.83533860    1.82252466    1.70705930    1.84672529    1.70857276    1.83981515    1.89939107    2.04648179    2.12713507    1.76000890    1.95871896    2.22227121    2.35470325    2.00490246    2.10380758    1.95079799    1.71052029    2.08318971    1.82202703    1.75926544    1.69974723    1.77589938    1.90257325    1.76168296    1.77159653    1.70606266    1.80020813    2.23651023    1.81931165    2.07836323    2.59066820    1.75399849    1.67349767    1.64880906    2.27087052    2.07614283    1.94269044
A0A3M0AAT7_9GAMM/11-75     1.57255956    1.57801779    2.07885494    2.46088146    1.67965927    2.31934034    1.59043531    1.53887404    1.25797280    1.29899262    0.00000000    0.95179139    1.03760861    1.07544430    1.02136166    0.98626188    1.15883140    1.22777834    0.93795285    1.35588301    1.05959512    1.83426528    2.11165009    1.46796210    1.70485043    1.82466225    1.76916673    1.61649646    1.49784054    1.34466534    1.17565818    1.36859752    1.75722218    1.59886764    1.24630525    1.48314567    1.57191145    1.68566235    1.76040594    1.93054490    1.73701995    1.75708270    1.73414518    1.63514935    1.58000849    1.66347133    1.69051930    1.87985629    1.59440399    1.69135174    2.04082833    1.72761732    1.67108573    1.84534651    1.40631622    1.41404066    1.25577762    1.55462658    1.50204435    1.35412043    1.48224049    1.49310468    1.55502496    1.86406644    1.60799443    1.69847090    1.52006003    1.36708336    1.23711733    1.35187947    1.49894879    1.56092845    1.76061185    1.97007359    1.89851769    2.01121912    1.59433577    1.68874496    1.87693833    1.66921987    1.94697105    2.00338338    1.78140817    1.31629625    1.91932506    1.43546109    1.38184803    1.21653394    1.37463949    1.37086073    2.31335673    1.87883616    1.64344523    1.94070803    1.94059824    1.52473341    1.63195875    1.79466497    1.75092968    1.61660766
A0A1R1MHW1_9GAMM/17-81     1.49219245    1.56494864    2.84305949    2.14563689    1.89529491    1.47042331    1.91830895    1.29006295    1.29408568    1.45331751    0.95179139    0.00000000    0.65822830    0.77397259    0.84828999    0.62504273    0.83498932    0.70757066    0.86987979    0.98305136    0.74972953    1.83690606    1.62753603    1.51993593    1.44227607    1.43030100    1.30022707    1.13517722    1.18379445    1.06485846    0.96349607    1.33116666    1.40857178    1.63607074    1.23750720    1.34209227    1.23073786    1.27686812    1.30915591    1.25585945    1.29119451    1.26484088    1.28201025    1.52646674    1.27836343    1.41661014    1.42653640    1.42796519    1.26786261    1.31875129    1.36659622    1.45077729    1.32552744    1.61593721    1.30800811    1.16099788    1.32656042    1.69990903    1.25826469    1.38378488    1.27384054    1.44176962    1.32258539    1.39956014    1.45687077    1.43092347    1.12326523    1.35830412    1.58908545    1.37555079    1.36730258    1.84425126    1.76840164    2.00192368    1.83201594    1.82269728    1.70033017    1.53621231    2.02478845    1.92803232    1.88836760    1.68640365    1.89279912    1.59306152    1.58155036    1.55267471    1.48710327    1.34105257    1.47954566    1.59287322    1.92512119    1.57688208    1.44599130    1.66556697    1.66002980    1.61215837    1.44838938    1.71886927    1.54714845    1.33656161
A0A1E8FF35_9ALTE/7-71     1.67230277    1.77408990    2.39682794    2.04811682    1.79955885    1.50719079    1.71020543    1.05900560    0.91001866    1.11576457    1.03760861    0.65822830    0.00000000    0.32095215    0.28407431    0.32072094    0.52573868    0.39966290    0.45340823    0.70496715    0.46421277    1.91409538    2.03124549    1.84410130    1.70962187    1.57236033    1.52324429    1.29570613    1.47008657    1.05561134    1.17218967    1.30721975    1.46766117    1.65690659    1.20832070    1.36690728    1.44135638    1.32533252    1.21009490    1.30452368    1.44127299    1.31776279    1.42949574    1.48692250    1.36778016    1.67356935    1.52351406    1.49890588    1.57881276    1.43096441    1.68925427    1.49290201    1.50467218    1.49279093    1.08913851    1.08353781    1.42953280    1.53449182    1.32508136    1.41509681    1.40321887    1.50589093    1.22307191    1.79897546    1.53491660    1.56119116    1.36943925    1.49681555    1.60542428    1.59614601    1.56346504    1.95431537    1.98299857    2.31059196    2.13140723    2.03412458    1.85766479    1.73219339    1.93257055    2.02180590    1.99497853    1.50882773    1.59969180    1.69504629    1.67516860    1.84550393    1.78371645    1.51075531    1.62917070    1.94544315    1.63353179    1.65531115    1.56825703    2.00845740    1.54952201    1.51402819    1.49778152    1.92749971    1.70435973    1.54993550
A0A1E7ZAS8_9ALTE/6-70     1.52151821    1.53673534    1.96824237    1.95377743    1.61393881    1.66658766    1.81092848    1.02195495    0.87492076    1.11360497    1.07544430    0.77397259    0.32095215    0.00000000    0.25883238    0.31282489    0.49581999    0.41095862    0.45280556    0.60499445    0.41498734    1.71648846    1.99344781    1.67749448    1.42331108    1.44865107    1.37176222    1.26251066    1.30045155    1.16998812    1.27158807    1.23507391    1.59111156    1.81909353    1.15518018    1.31261835    1.47836132    1.41605813    1.39109294    1.39451585    1.60781670    1.21409416    1.34727166    1.53075244    1.46109607    1.64734087    1.65770694    1.48669716    1.43258610    1.41568818    1.50717099    1.49386605    1.58156355    1.52678367    1.23753593    1.16100996    1.43310797    1.25003384    1.40290286    1.41865624    1.61237791    1.67259809    1.39894131    1.69288670    1.34913778    1.45600224    1.19789164    1.50174036    1.58425909    1.44727098    1.43168587    1.53831429    1.77696040    2.12143639    1.86836132    1.62060768    1.49375237    1.63894460    1.90391249    1.77936337    1.83381994    1.34007910    1.42704131    1.49464519    1.51200242    1.69874697    1.54226549    1.39125605    1.45041562    1.87762055    1.68000635    1.78743065    1.56829592    1.86746153    1.48661759    1.17186746    1.31878832    1.70077298    1.57528385    1.27957733
A0A346NP42_9ALTE/7-71     1.65500690    1.62260976    2.25046215    1.78986927    1.66970672    1.65546174    1.73293777    1.21331984    1.12239269    1.19014465    1.02136166    0.84828999    0.28407431    0.25883238    0.00000000    0.31000157    0.51657772    0.48067489    0.48486012    0.67565421    0.44464722    1.62198815    1.96974275    1.75086736    1.45445517    1.50734287    1.56178022    1.21252565    1.54504886    1.10017635    1.12429144    1.28392895    1.41442173    1.60213155    1.24816204    1.31694022    1.33233616    1.17403974    1.25134116    1.25709161    1.40820243    1.20514116    1.28645506    1.46639907    1.26886901    1.45478825    1.57837883    1.37094569    1.31144723    1.38980025    1.42292617    1.25860038    1.51760640    1.29342772    1.11806129    0.97078406    1.33415619    1.40788118    1.26494251    1.32869886    1.40335734    1.52276368    1.12496494    1.65655839    1.33170075    1.47113778    1.40079075    1.52979865    1.59522365    1.44895851    1.68687246    1.74544776    1.83836443    2.05406700    1.92704482    1.78910304    1.76199900    1.61525148    1.71676118    1.72146031    1.92706124    1.44200307    1.51809045    1.34387824    1.54755394    1.72182659    1.48560542    1.47669970    1.47064667    1.63159329    1.48313206    1.56384249    1.47464637    1.86090339    1.47808978    1.32959886    1.56784367    1.81197334    1.75774477    1.46994237
K6YXG5_9ALTE/10-74     1.43064068    1.47139567    1.99315715    1.85429727    1.82588466    1.45963912    1.84867887    1.21547391    1.04464344    1.16588255    0.98626188    0.62504273    0.32072094    0.31282489    0.31000157    0.00000000    0.37611551    0.25505953    0.35690723    0.68766847    0.32395036    1.74075660    1.87174857    1.53730546    1.63566141    1.67809547    1.38413333    1.19417139    1.19067528    1.09954748    1.20220813    1.22321103    1.42408163    1.73182667    1.18274490    1.28959016    1.36985865    1.42591233    1.33660704    1.41023993    1.52282517    1.36860505    1.30812877    1.48007107    1.35076105    1.49746937    1.50575626    1.42101015    1.32216241    1.28902504    1.29683781    1.37579815    1.54423081    1.55902177    1.22743401    1.14612818    1.44521259    1.34435562    1.30027263    1.27387624    1.35452535    1.37842657    1.37517780    1.69681328    1.33377854    1.37679586    1.27936014    1.42529403    1.59761589    1.26320637    1.34326953    1.57373558    1.56888791    1.77959788    1.85780875    1.58953266    1.47369092    1.53889663    1.60614958    1.64162815    1.78942273    1.36667553    1.55469109    1.62050439    1.62474132    1.50940514    1.49514485    1.38920141    1.30330789    1.65794236    1.60129307    1.62021401    1.43345820    1.48617372    1.41248710    1.36804564    1.50419208    1.53545220    1.54406471    1.36412724
G4QK23_GLANF/8-72     1.43751168    1.62855580    2.43281188    1.95719950    2.09286416    1.76556789    1.99727389    1.15638387    1.06225365    1.29673624    1.15883140    0.83498932    0.52573868    0.49581999    0.51657772    0.37611551    0.00000000    0.26359360    0.57239439    0.61487792    0.46778853    1.70841512    2.04223528    1.60119550    1.65147546    1.62564541    1.51041058    1.30392529    1.28103846    1.20355102    1.37691875    1.36188556    1.46113942    1.71491865    1.31731726    1.20807517    1.43385194    1.32214741    1.27305141    1.28252505    1.48370167    1.19223276    1.19102442    1.38289558    1.24966036    1.51872492    1.52096055    1.48694582    1.31274257    1.34085175    1.43864616    1.59919774    1.39366679    1.55480107    1.32934811    1.16960039    1.31798909    1.48595162    1.17522579    1.21858736    1.37761025    1.39432893    1.37671585    1.67072711    1.35400483    1.53031119    1.29054806    1.51989723    1.58385983    1.33118200    1.62920927    1.70908911    1.64129055    1.99732416    1.95272805    1.96049440    1.48304841    1.88943246    1.92986293    1.70803222    2.15717815    1.64711320    1.78676614    1.84707885    1.78236820    1.88374801    1.68346342    1.64197092    1.43526210    1.74580277    1.62712593    1.65725998    1.34904877    1.55195889    1.58454958    1.36283044    1.59973915    1.50524848    1.54088281    1.35396370
A0A2Z6UEL9_GLASK/8-72     1.49119265    1.52597760    2.05495203    2.03370430    1.98751589    1.60925027    2.00636257    1.01796591    1.05177818    1.33711719    1.22777834    0.70757066    0.39966290    0.41095862    0.48067489    0.25505953    0.26359360    0.00000000    0.51395063    0.70949210    0.44687335    1.74434855    2.02662788    1.65267745    1.56960428    1.52641655    1.39654548    1.24605787    1.11831600    1.13742950    1.33509855    1.32905988    1.36958185    1.78114785    1.21320350    1.21714039    1.50897798    1.40839455    1.30569007    1.25662842    1.49049177    1.25722821    1.28733708    1.41473846    1.32118385    1.56298185    1.56387238    1.59111091    1.38193862    1.30897918    1.29116839    1.47607783    1.50704714    1.51997923    1.23216024    1.24248481    1.43349838    1.41631950    1.21844967    1.27521645    1.37951328    1.44106123    1.43717306    1.70476746    1.38423128    1.49210875    1.20513656    1.50020358    1.75555871    1.39593824    1.64275029    1.64288305    1.64360761    2.00517114    1.96525771    1.82457914    1.52855031    1.71847230    1.96581738    1.88872881    2.02028391    1.52536943    1.71878104    1.85621317    1.80399536    1.76142567    1.58726593    1.57364375    1.59598521    1.83262325    1.59262489    1.50317662    1.37677689    1.79754618    1.53643452    1.36733562    1.43793143    1.48024541    1.57944612    1.22156573
A0A3N5YKZ0_9ALTE/2-66     1.64492791    1.50720660    1.78284611    1.61652201    1.72943151    1.70485307    1.79928727    1.19452101    1.01009953    1.33953629    0.93795285    0.86987979    0.45340823    0.45280556    0.48486012    0.35690723    0.57239439    0.51395063    0.00000000    0.63991834    0.34393219    1.79569801    1.88161791    1.69630205    1.88873834    1.82614684    1.44318277    1.26111396    1.45377344    1.31379760    1.31589095    1.14914949    1.40145391    1.69839905    1.15117815    1.17793335    1.51119764    1.44469148    1.33404887    1.28037261    1.47706628    1.43889588    1.56390388    1.62386372    1.48169830    1.62673067    1.67679102    1.48625279    1.47685484    1.45561322    1.58492641    1.48972283    1.67829469    1.70225642    1.33083348    1.24447575    1.21720654    1.21357858    1.34192744    1.12348888    1.47798990    1.29617062    1.46828501    1.64070037    1.40593865    1.46532846    1.32263381    1.42454422    1.43608684    1.26204041    1.51937913    1.60571502    1.46009660    1.66064118    2.02469304    1.68650051    1.64085718    1.53964656    1.87742885    1.55397819    1.57236941    1.41284257    1.50815625    1.39540408    1.61150644    1.52630892    1.56034849    1.48885368    1.34908463    1.62258536    1.73650817    1.81236429    1.61882071    1.72666667    1.72093973    1.45555145    1.57159107    1.62571678    1.73040565    1.47339066
S6GEY3_9GAMM/10-74     1.70415258    1.81464383    2.28658819    1.82459580    1.81432101    1.84664895    2.11041366    1.22939490    0.94309277    1.12665233    1.35588301    0.98305136    0.70496715    0.60499445    0.67565421    0.68766847    0.61487792    0.70949210    0.63991834    0.00000000    0.49403069    2.01310843    2.16657409    1.91025041    1.82684081    1.70661369    1.57668460    1.35451472    1.39324599    1.47713276    1.48130577    1.33978394    1.47809935    1.92676404    1.37946030    1.27878963    1.47538863    1.54239925    1.30500881    1.46181578    1.94916431    1.44605321    1.67143563    1.67179666    1.63324181    1.88428745    1.92561128    1.80689236    1.67449673    1.72546964    1.59690478    1.82319804    1.40069349    1.55280290    1.29418911    1.16319952    1.58984629    1.37503006    1.39943414    1.28857349    1.54674747    1.54432951    1.58184164    1.80761372    1.47205240    1.52668353    1.41653636    1.39676217    1.37971608    1.42226637    1.60979210    1.76379856    1.66243463    1.84322460    2.11849462    1.73921526    1.59172814    1.94645333    2.41058115    1.97160847    1.94422744    1.62736001    1.80902108    1.23983096    1.74867848    1.84221257    1.84607701    1.60608541    1.49068831    1.75801119    1.76485951    1.98317800    1.64234180    1.60965153    1.74837424    1.41728432    1.46177389    1.90782453    1.83140600    1.53271206
Q2S7Z4_HAHCH/15-79     1.41676119    1.45400946    2.23589582    1.58710633    1.59497571    1.47560069    2.06929113    1.38097336    0.99670726    1.31078502    1.05959512    0.74972953    0.46421277    0.41498734    0.44464722    0.32395036    0.46778853    0.44687335    0.34393219    0.49403069    0.00000000    1.74257046    1.97827146    1.55801438    1.66846080    1.57003305    1.48408589    1.24555894    1.26070786    1.07356410    1.18522032    1.22732829    1.38627713    1.81591992    1.03673954    1.33575132    1.37884509    1.51578073    1.31942216    1.34502021    1.68183155    1.45850742    1.39617009    1.50218107    1.40634457    1.65418694    1.64023299    1.54090597    1.44612850    1.31518939    1.46171254    1.42828356    1.61987791    1.56867255    1.33183029    1.23655675    1.49623514    1.33473263    1.50554630    1.36131866    1.36882043    1.44860192    1.34512293    1.67033600    1.26268037    1.42513859    1.21032086    1.39765113    1.73589197    1.34235720    1.32160412    1.64288279    1.76579313    1.78229206    1.89086549    1.55545244    1.51098457    1.66916120    2.07843979    1.67456805    1.69977217    1.48084232    1.54795524    1.45937991    1.58663026    1.72028801    1.57455705    1.54163522    1.43109787    1.60530255    1.33856399    1.65075222    1.41284427    1.62729108    1.53379115    1.29909559    1.48855044    1.63338602    1.73735948    1.34602847
A3JX64_9RHOB/27-91     1.18970445    1.24318707    1.77406133    1.78861091    2.06539152    1.86329456    2.07070100    1.61290667    1.62358135    1.88208999    1.83426528    1.83690606    1.91409538    1.71648846    1.62198815    1.74075660    1.70841512    1.74434855    1.79569801    2.01310843    1.74257046    0.00000000    0.62398337    0.58020226    1.39871443    1.19758677    1.39488376    1.03498630    1.16410246    0.92509861    1.04254353    1.15588894    1.12586360    1.57266295    1.67082015    1.59444249    1.28348866    1.06806908    1.16973072    1.10109941    1.33203858    1.00988872    0.94255442    1.17492566    0.98923572    1.14291310    1.50947824    1.27341456    1.23751292    1.16265057    1.22295519    1.24538055    1.13503382    1.23391835    1.04291188    1.11943210    0.97637011    1.24134286    1.02819511    1.17467822    1.10210410    1.18081228    0.83964995    1.09447976    0.92229307    1.07043265    0.97262369    1.19310519    1.35842823    1.19094945    1.19634141    1.23595706    1.35796952    1.48394226    1.62154758    1.58182445    1.61344494    1.37670480    1.82400287    1.41500935    1.95768789    1.76301567    1.63206233    1.42238190    1.36319694    1.47490018    1.39255405    1.47105014    1.47838191    1.37112127    1.96618833    2.19173488    1.38433593    1.47807093    1.26464823    0.96624616    1.25561889    1.31244940    1.34870313    1.16426985
E0MM25_9RHOB/24-88     1.27398603    1.33252670    1.89942505    1.89912588    1.83277889    2.01014921    1.92535237    1.46069312    1.69900289    1.67790965    2.11165009    1.62753603    2.03124549    1.99344781    1.96974275    1.87174857    2.04223528    2.02662788    1.88161791    2.16657409    1.97827146    0.62398337    0.00000000    0.59380276    1.58123859    1.35536495    1.48106558    1.11029525    1.23870730    1.15505859    0.91345142    1.21657908    1.21403221    1.53329063    1.73198117    1.66535837    1.24383572    1.21155469    1.26783711    1.16067682    1.50593534    1.13007285    1.03861225    1.17063413    1.07431106    0.99727605    1.32892934    1.14564538    1.13447655    1.01561249    1.14305251    1.16960083    1.34670939    1.41367610    1.28225835    1.41607175    1.12074164    1.21252629    1.31305572    1.37447398    1.20767558    1.17459120    0.98920925    1.01053709    1.13403077    1.05354016    0.98547996    1.29468588    1.51120573    1.32003143    1.35888237    1.38509875    1.65543176    1.50313854    1.95407224    1.39934734    1.60624098    1.60854483    1.87918949    1.40762192    2.14821463    1.83824351    1.89170530    1.55397794    1.53675759    1.57057418    1.42815576    1.40731826    1.55780897    1.62607012    2.19932561    2.05792619    1.48296971    1.77767178    1.45700289    1.22493780    1.19654073    1.22169320    1.45743831    1.22395453
E3I8I1_RHOVT/27-91     1.01524723    0.98430411    1.59573478    1.67858606    1.77998788    1.73091382    1.72792047    1.68160192    1.68719353    1.68324239    1.46796210    1.51993593    1.84410130    1.67749448    1.75086736    1.53730546    1.60119550    1.65267745    1.69630205    1.91025041    1.55801438    0.58020226    0.59380276    0.00000000    1.33768552    1.36223943    1.23391445    1.20697986    1.21879021    1.08360138    1.03374616    1.04687492    0.99494619    1.36977429    1.40654281    1.56783997    1.25084406    1.21123362    1.22219460    1.17069670    1.50374107    1.32499098    1.20005440    1.28970866    1.21711007    1.23946567    1.46391307    1.48172149    1.24220527    1.34338562    1.35643641    1.31707363    1.11460363    1.34860884    0.88459150    1.19912870    0.86726094    1.18851987    1.14221719    1.28490634    0.96417090    1.20026427    0.98004342    0.91892333    1.01897307    1.05094967    0.98077346    0.93942986    1.13847847    1.02718429    1.02577253    1.18084114    1.72929118    1.60361393    1.65433848    1.39059987    1.39704906    1.38444953    1.48028658    1.37477735    1.59057598    1.61515724    1.31597593    1.74183345    1.41600854    1.18711391    1.07014897    1.32554201    1.26242861    1.32715499    1.94045547    1.69927747    1.59821481    1.38978820    1.30698121    0.97580085    0.96394246    1.15221738    1.07517580    0.89350001
A0A494TAB3_9SPHN/12-76     1.01267958    1.07975422    1.82642828    1.93000417    1.74957196    2.01721179    2.22015887    1.84254421    1.87732657    1.98490899    1.70485043    1.44227607    1.70962187    1.42331108    1.45445517    1.63566141    1.65147546    1.56960428    1.88873834    1.82684081    1.66846080    1.39871443    1.58123859    1.33768552    0.00000000    0.41204147    0.86377892    0.82574672    0.87169986    0.80131527    0.94370906    0.96189733    1.42027871    1.44493823    1.28862655    1.41224210    0.94628175    0.86372961    1.00210787    0.98825570    1.04930768    0.86485751    0.94746253    0.86133751    0.79664030    0.91035654    0.87865645    0.87436810    0.76157357    0.98074465    0.91290685    0.91566173    0.89690911    1.28254817    0.92614224    1.01943452    0.93341798    1.21770822    0.94555514    1.00186706    1.10786388    1.05513984    0.73041532    1.03628505    0.94326299    0.97837512    0.80566146    1.14982745    1.29888009    1.03820804    1.16240326    1.25490838    1.70679944    1.36039094    1.56504389    1.66651072    1.29874641    1.79586459    1.67999442    1.54802921    1.49734262    1.70775890    1.68528510    1.19033446    1.56215426    1.57613013    1.33346431    1.27753712    1.57857604    1.48617148    1.23499909    1.45175512    0.99399134    1.08449058    0.79849991    1.00795806    0.84151152    0.98665618    0.94938992    0.85648356
A0A1I4BV32_9RHIZ/10-74     0.97513479    0.90263835    1.64802312    1.76765542    1.46534151    1.62118528    1.96310903    1.95673061    1.94535967    2.02052671    1.82466225    1.43030100    1.57236033    1.44865107    1.50734287    1.67809547    1.62564541    1.52641655    1.82614684    1.70661369    1.57003305    1.19758677    1.35536495    1.36223943    0.41204147    0.00000000    0.61740799    0.65438405    0.83427336    0.71149752    0.84657759    0.96492965    1.28721218    1.56167187    1.17451288    1.26246407    0.76979528    0.66793163    0.75774901    0.90109521    0.95509091    0.77535652    0.85779956    0.83625218    0.64312035    0.83369039    0.89594452    0.86851147    0.83600016    0.96171919    0.90055983    0.88588010    0.80319433    1.14160457    0.87520744    0.95526032    0.91745427    1.00461655    0.77968217    0.76975541    0.99397367    1.01228111    0.74260003    1.01516925    0.78430786    0.87163307    0.86119710    1.03794873    1.10417058    1.04151599    1.06598049    1.15240764    1.38580909    1.38824853    1.63394431    1.48996257    1.20035781    1.67086153    1.73141956    1.36480651    1.71639191    1.67006979    1.48062743    1.28560416    1.44802717    1.51637207    1.44275728    1.15569669    1.69643955    1.47418567    1.18312522    1.47887158    0.78725703    0.75846678    0.77761119    0.94501893    0.70886113    0.81642064    0.83882509    0.69811358
A0A2A4I1S4_9SPHN/14-78     0.95646725    0.89324961    1.59687116    2.10118718    1.78721784    1.69845585    1.77262505    1.92998994    1.57851574    1.71369275    1.76916673    1.30022707    1.52324429    1.37176222    1.56178022    1.38413333    1.51041058    1.39654548    1.44318277    1.57668460    1.48408589    1.39488376    1.48106558    1.23391445    0.86377892    0.61740799    0.00000000    0.67512172    1.08502102    0.84131586    0.99702283    0.88728657    1.01474818    1.32340565    1.23205233    1.38566297    0.86389731    0.80648440    0.90374366    0.94365744    1.07206447    1.00182766    1.00445133    0.93807229    0.86220328    0.97572970    1.05065892    0.97249943    0.90456958    0.89266889    0.93451521    0.92237325    1.00942473    1.27705642    0.99130660    1.03445704    1.13561851    0.92327188    0.97517281    1.02685237    1.04411135    1.01152818    0.89286858    1.15023062    0.96956054    0.91247636    0.94384106    1.01624197    1.17348897    1.21308702    1.15748162    1.34668617    1.46729721    1.39330457    1.51963874    1.41777121    1.32686273    1.43095540    1.89033313    1.56032794    1.71295571    1.66723650    1.58066882    1.21382793    1.41181493    1.47280263    1.22181006    1.17501831    1.42295269    1.12866558    1.57653518    1.93703273    1.07163739    1.04487622    1.18079483    1.20507795    0.81103965    1.00093773    1.02534095    0.94333776
A0A1L3JF42_9SPHN/18-82     0.97673648    1.00407965    1.67413399    2.03903678    1.91113231    1.61113977    1.61685011    1.48347546    1.34224559    1.40168048    1.61649646    1.13517722    1.29570613    1.26251066    1.21252565    1.19417139    1.30392529    1.24605787    1.26111396    1.35451472    1.24555894    1.03498630    1.11029525    1.20697986    0.82574672    0.65438405    0.67512172    0.00000000    0.91209449    0.47640454    0.80559586    0.92228738    0.85884136    1.40574085    1.28059312    0.91387065    0.94726054    0.59318967    0.68882282    0.67436314    0.92876826    0.66418320    0.80890851    0.83169808    0.73750614    0.73832232    0.85313098    0.74580272    0.79860292    0.70954446    0.72527375    0.64658417    0.98740703    1.45527205    0.75427971    0.68335013    0.74642178    0.91276113    0.74377029    0.71032058    0.83836129    0.82834337    0.66499999    0.85141529    0.79310083    0.82396853    0.86428647    1.10158183    1.12276450    1.01247491    1.27432990    1.28550023    1.19011916    1.23480531    1.77828067    1.56280032    1.26953472    1.50770265    1.72664570    1.27071937    2.00448477    1.81328445    1.80683422    1.14508076    1.23919625    1.27898271    1.10334285    1.16672894    1.19612180    1.10266740    1.61239954    1.68710593    1.20741283    1.41611940    1.09013399    1.01752632    0.92336498    0.91179724    1.07859923    0.73595412
