40
R5HHA8_9SPIR/5-210     0.00000000    1.13073603    1.46308296    1.78661328    1.39189282    1.60244252    1.52567670    1.97285049    1.59597557    1.82425273    1.43991416    1.33783983    1.58370909    1.36114113    1.59659136    1.50686938    1.45967273    1.61756269    1.67388027    1.44591758    1.46943381    1.81522633    1.95635733    1.93662966    2.09401842    2.10248468    2.28555524    2.04938316    2.29580597    2.09215078    2.17088760    2.02999616    1.40731796    1.27052405    1.58474878    1.70082426    1.96944000    1.59422749    1.46886176    1.30842036
R5H2Y8_9SPIR/32-241     1.13073603    0.00000000    0.92636842    1.60640496    1.32344859    1.22664933    1.17829693    1.46137570    1.34747555    1.31640937    1.16118802    1.06062497    1.43957945    1.20980062    1.21715666    1.31896722    1.37594580    1.42524334    1.36236864    1.32252700    1.11392099    1.39614931    2.03472072    1.66816463    1.93630322    1.61498749    1.68512047    1.61933782    1.52511952    1.71627468    2.01831480    1.42580938    1.17693572    1.12636038    1.26870881    1.41148210    1.55028389    1.04390989    1.02829746    0.90444337
R7J6V7_9FUSO/37-240     1.46308296    0.92636842    0.00000000    1.47587217    1.21817763    1.12859969    1.03710580    1.39796200    1.33069068    1.36773864    1.15609219    1.22485663    1.17828077    1.19508146    1.03041541    1.14714449    1.21077650    1.42691061    1.24623063    1.26768987    1.39364936    1.54414751    1.87689890    1.59236591    1.71608434    1.94090975    1.87224946    1.79050784    1.86734589    1.82026844    1.85793335    2.05769018    1.22233970    1.02898997    1.13436385    1.33665913    1.60439666    1.38868809    1.21023731    1.34949091
R7J4F1_9FUSO/5-218     1.78661328    1.60640496    1.47587217    0.00000000    0.87184328    1.28031719    1.31701646    1.74585156    1.34673167    1.38900869    1.29300250    1.37229716    1.27357222    1.45952266    1.40100975    1.25814533    1.32755867    1.38275354    1.36435552    1.62553878    1.87887977    1.76180642    2.70122033    2.25247072    2.69404454    2.37727100    2.39140793    1.84206867    2.07031760    2.38802259    2.08727431    1.86558994    1.78095494    1.45896919    1.27573632    1.75436784    1.89674656    1.69010452    1.36106676    1.62630062
R7JEC8_9FUSO/33-235     1.39189282    1.32344859    1.21817763    0.87184328    0.00000000    1.22477014    1.28879885    1.55319650    1.30135299    1.34369625    1.14295931    1.04665621    1.00262573    1.22745792    1.14066436    1.16961286    1.18351251    1.14618733    1.34013564    1.42615401    1.58569571    1.69747704    2.04515176    1.99839902    2.13321129    2.48579145    1.76428477    1.71204779    1.94565700    1.95956265    1.89496750    1.84241063    1.55564743    1.24235837    1.37383533    1.54669199    1.57473400    1.50152258    1.34654637    1.44474347
R5HGY9_9SPIR/5-212     1.60244252    1.22664933    1.12859969    1.28031719    1.22477014    0.00000000    0.58558105    1.12720778    1.06884958    1.01398623    0.73435610    0.79987569    0.87268623    0.80713376    0.82021363    1.03099101    1.06654229    1.09113805    0.94521823    1.21998383    1.68804551    1.90694268    1.85617168    1.82692579    2.11585182    2.00574934    1.78983371    1.75163241    1.87728689    1.99221096    2.04032561    2.09224882    1.44195528    1.23438399    1.31550923    1.32537311    1.94164267    1.48142997    1.21032746    1.35456826
R5HLC0_9SPIR/5-217     1.52567670    1.17829693    1.03710580    1.31701646    1.28879885    0.58558105    0.00000000    1.12864496    1.03741353    0.96287812    0.74296953    0.85996344    0.89805461    0.87471138    0.75321612    0.89133250    0.82501919    1.00281602    0.91992047    1.19479996    1.48613511    1.60378909    1.86930316    1.83295608    1.93250561    1.86327179    1.80067593    1.90414701    1.85840686    1.85247443    1.92538920    2.02134554    1.44287597    1.18580484    1.19642662    1.35887021    1.90696914    1.51702039    1.29567934    1.23832706
R7J9F4_9FUSO/32-231     1.97285049    1.46137570    1.39796200    1.74585156    1.55319650    1.12720778    1.12864496    0.00000000    1.60536625    1.42993744    1.23772397    1.23628379    1.21681203    1.12462009    1.26558057    1.34346407    1.36425185    1.51234106    1.48368713    1.51120314    1.71380440    1.64634895    2.31634473    1.88613910    2.13124025    2.45146913    1.91167776    1.92136985    1.84719850    2.00615958    1.93330786    2.19399085    1.67522147    1.59743516    1.64417118    1.70074330    2.04557824    1.81317698    1.74582455    1.74109468
R5HH38_9SPIR/18-206     1.59597557    1.34747555    1.33069068    1.34673167    1.30135299    1.06884958    1.03741353    1.60536625    0.00000000    1.01996290    0.96856832    1.00978838    1.17772250    0.95212672    0.97875029    1.07228353    0.96781288    1.09299247    1.16836020    1.41628909    1.82723284    1.86460487    2.14178955    2.21316727    2.37098665    2.23140280    1.92019492    1.87774804    2.04033120    1.98957591    2.03423063    2.02699407    1.48282410    1.58992074    1.49505533    1.64955149    2.17486335    1.54746034    1.40416527    1.32826278
R5HFC0_9SPIR/55-254     1.82425273    1.31640937    1.36773864    1.38900869    1.34369625    1.01398623    0.96287812    1.42993744    1.01996290    0.00000000    0.83139021    0.85116559    1.00832271    0.80628350    0.78394871    1.00940336    0.97074748    1.03482323    1.07949829    1.09974138    1.70691151    1.52873265    1.98960410    1.87537152    2.14538555    2.16449300    1.81693813    1.84434200    1.92978239    2.06371754    2.05935558    1.66839058    1.36004565    1.52131525    1.21303328    1.42753351    2.09019968    1.32497963    1.24678666    1.34800047
R5HA43_9SPIR/64-277     1.43991416    1.16118802    1.15609219    1.29300250    1.14295931    0.73435610    0.74296953    1.23772397    0.96856832    0.83139021    0.00000000    0.51458698    0.64483194    0.65878178    0.52416196    0.94530654    0.78459675    0.91051786    1.02309897    1.19340234    1.64573754    1.63004092    2.06404397    1.85559933    2.08499145    1.97336108    1.67325448    1.55013640    1.99565236    1.74045078    1.71184485    1.76979452    1.46518175    1.21818382    1.13926852    1.14450496    1.85685102    1.14075845    1.17723442    1.11293844
R5HGY5_9SPIR/28-230     1.33783983    1.06062497    1.22485663    1.37229716    1.04665621    0.79987569    0.85996344    1.23628379    1.00978838    0.85116559    0.51458698    0.00000000    0.49249902    0.55267651    0.54516648    0.97639827    0.89078110    0.95981538    1.02510860    1.09105685    1.41252185    1.65116473    1.91117013    1.76018614    1.90364475    2.11196271    1.64032045    1.73837619    1.77919873    2.06392579    1.82825682    1.64750303    1.38131124    1.28198156    1.13596673    1.36985735    1.81971301    1.24972201    1.10948652    1.08894329
R7J912_9FUSO/32-235     1.58370909    1.43957945    1.17828077    1.27357222    1.00262573    0.87268623    0.89805461    1.21681203    1.17772250    1.00832271    0.64483194    0.49249902    0.00000000    0.68304529    0.60101703    0.94071741    1.08313525    0.98289237    1.19770465    1.32343864    1.74961161    1.63613767    2.15203947    1.94587570    2.01391476    1.98352152    1.79355424    1.74995005    1.92407905    2.16585365    1.97315480    1.99021484    1.54883499    1.33203672    1.20943784    1.48362773    2.04674273    1.37001268    1.29547548    1.41579931
R5H5N4_9SPIR/5-206     1.36114113    1.20980062    1.19508146    1.45952266    1.22745792    0.80713376    0.87471138    1.12462009    0.95212672    0.80628350    0.65878178    0.55267651    0.68304529    0.00000000    0.54408164    0.92050015    0.93286579    0.97643775    0.93879752    1.19585152    1.54672413    1.66217330    1.91260105    1.86295308    2.05322761    1.80699504    1.93029865    1.84391956    1.93392884    1.95641893    1.70196814    1.76280682    1.46446379    1.33350574    1.18078664    1.26532917    1.81609152    1.25405538    1.02944901    1.25047216
R5HHK1_9SPIR/28-231     1.59659136    1.21715666    1.03041541    1.40100975    1.14066436    0.82021363    0.75321612    1.26558057    0.97875029    0.78394871    0.52416196    0.54516648    0.60101703    0.54408164    0.00000000    0.92044509    0.87657304    0.83167901    0.84260394    1.18604871    1.51647848    1.75723930    1.89457816    1.92222514    2.07246154    2.11938946    1.78712884    1.61690854    1.91667855    1.78972993    1.85396751    1.84635963    1.48793300    1.31559383    1.27428336    1.30496807    2.10031513    1.53853452    1.25263670    1.18050008
R5HI16_9SPIR/5-207     1.50686938    1.31896722    1.14714449    1.25814533    1.16961286    1.03099101    0.89133250    1.34346407    1.07228353    1.00940336    0.94530654    0.97639827    0.94071741    0.92050015    0.92044509    0.00000000    0.64945550    0.80515374    0.74262419    1.18680759    1.45967752    1.62890156    1.91888148    1.95513020    2.00647690    2.08404646    1.88681833    1.94901399    2.02420825    2.08491791    2.06040750    2.12677000    1.44563519    1.18717110    1.25416044    1.53776803    2.09210801    1.39398084    1.34849771    1.42355163
R5HKE0_9SPIR/16-213     1.45967273    1.37594580    1.21077650    1.32755867    1.18351251    1.06654229    0.82501919    1.36425185    0.96781288    0.97074748    0.78459675    0.89078110    1.08313525    0.93286579    0.87657304    0.64945550    0.00000000    0.62780895    0.71607757    1.17073604    1.57746176    1.55004705    1.91235392    1.75183015    1.73374753    1.75567397    1.91650968    1.79228668    1.83990398    2.03529435    1.95095248    1.75962557    1.56804890    1.39174325    1.33186260    1.37610778    1.95030496    1.25781356    1.24153395    1.31760996
R5H6S0_9SPIR/5-206     1.61756269    1.42524334    1.42691061    1.38275354    1.14618733    1.09113805    1.00281602    1.51234106    1.09299247    1.03482323    0.91051786    0.95981538    0.98289237    0.97643775    0.83167901    0.80515374    0.62780895    0.00000000    0.68768741    1.46980475    1.83619507    1.72311638    2.31983628    2.17135521    2.21433474    2.32879716    2.18459152    2.01303740    2.08770572    2.09130825    2.14627031    2.14443257    1.69071972    1.53110343    1.27062178    1.42973187    2.14960669    1.55009893    1.50120339    1.38934940
R5HJC7_9SPIR/25-226     1.67388027    1.36236864    1.24623063    1.36435552    1.34013564    0.94521823    0.91992047    1.48368713    1.16836020    1.07949829    1.02309897    1.02510860    1.19770465    0.93879752    0.84260394    0.74262419    0.71607757    0.68768741    0.00000000    1.40137116    1.69528756    1.76028712    1.98819308    2.06767712    2.23044505    2.17313692    1.99958705    1.95573746    2.02579876    2.20858418    2.17985452    2.06355511    1.58530610    1.48621839    1.42047881    1.73089690    2.20931038    1.54302416    1.36883051    1.44761117
R5HGV2_9SPIR/21-210     1.44591758    1.32252700    1.26768987    1.62553878    1.42615401    1.21998383    1.19479996    1.51120314    1.41628909    1.09974138    1.19340234    1.09105685    1.32343864    1.19585152    1.18604871    1.18680759    1.17073604    1.46980475    1.40137116    0.00000000    1.23337832    1.24110142    1.77804542    1.64913531    1.85859045    1.66977885    1.90467764    1.74415156    1.57877707    1.80612019    1.67409290    1.49650489    1.22921780    1.20078309    1.33649216    1.43315102    1.54470161    1.44649530    1.37528552    1.12188737
R5HKL5_9SPIR/34-217     1.46943381    1.11392099    1.39364936    1.87887977    1.58569571    1.68804551    1.48613511    1.71380440    1.82723284    1.70691151    1.64573754    1.41252185    1.74961161    1.54672413    1.51647848    1.45967752    1.57746176    1.83619507    1.69528756    1.23337832    0.00000000    1.53386358    1.85939327    1.80505364    1.96029604    1.69840750    1.81082544    1.84052945    1.69661382    1.91362427    1.82263671    1.95662545    1.25486021    1.18762950    1.45387974    1.54826260    1.72377939    1.58445581    1.60846486    1.35815247
R7JBM7_9FUSO/36-219     1.81522633    1.39614931    1.54414751    1.76180642    1.69747704    1.90694268    1.60378909    1.64634895    1.86460487    1.52873265    1.63004092    1.65116473    1.63613767    1.66217330    1.75723930    1.62890156    1.55004705    1.72311638    1.76028712    1.24110142    1.53386358    0.00000000    2.00629633    1.51479649    1.76391721    1.59582347    1.88667348    1.68471485    1.41274990    1.67149569    1.70783477    1.37316083    1.45512146    1.44914388    1.55888417    1.77277224    1.82788947    1.73189113    1.65376497    1.72190602
R5H837_9SPIR/5-195     1.95635733    2.03472072    1.87689890    2.70122033    2.04515176    1.85617168    1.86930316    2.31634473    2.14178955    1.98960410    2.06404397    1.91117013    2.15203947    1.91260105    1.89457816    1.91888148    1.91235392    2.31983628    1.98819308    1.77804542    1.85939327    2.00629633    0.00000000    1.01147500    0.90359316    1.96544763    1.48851744    1.93196879    1.73068580    1.53516920    1.57581340    1.71282070    1.75306029    1.92544713    2.24568957    2.71110714    2.25310716    2.12714525    2.10605654    2.04642210
R7J9N3_9FUSO/17-196     1.93662966    1.66816463    1.59236591    2.25247072    1.99839902    1.82692579    1.83295608    1.88613910    2.21316727    1.87537152    1.85559933    1.76018614    1.94587570    1.86295308    1.92222514    1.95513020    1.75183015    2.17135521    2.06767712    1.64913531    1.80505364    1.51479649    1.01147500    0.00000000    0.55167369    1.59574740    1.73541733    1.78076844    1.55257964    1.84436205    1.52626894    1.74117613    1.51530859    1.77707587    2.03497930    2.37773925    2.06147850    1.94743345    1.71330531    1.88532012
R7JB50_9FUSO/9-198     2.09401842    1.93630322    1.71608434    2.69404454    2.13321129    2.11585182    1.93250561    2.13124025    2.37098665    2.14538555    2.08499145    1.90364475    2.01391476    2.05322761    2.07246154    2.00647690    1.73374753    2.21433474    2.23044505    1.85859045    1.96029604    1.76391721    0.90359316    0.55167369    0.00000000    1.72127633    1.87830343    1.87587335    1.92114128    1.92866765    1.79206197    1.90603624    1.80527890    1.98767877    2.37151980    2.64291350    2.10209221    2.11030184    2.01162953    2.30385983
R5HH79_9SPIR/30-221     2.10248468    1.61498749    1.94090975    2.37727100    2.48579145    2.00574934    1.86327179    2.45146913    2.23140280    2.16449300    1.97336108    2.11196271    1.98352152    1.80699504    2.11938946    2.08404646    1.75567397    2.32879716    2.17313692    1.66977885    1.69840750    1.59582347    1.96544763    1.59574740    1.72127633    0.00000000    1.32248324    1.28114543    1.36412994    1.63082982    1.46142432    1.60945652    1.81083187    1.60941394    2.41546478    2.60722348    2.18915172    2.08574619    1.77359628    2.07013265
R5HJQ6_9SPIR/5-207     2.28555524    1.68512047    1.87224946    2.39140793    1.76428477    1.78983371    1.80067593    1.91167776    1.92019492    1.81693813    1.67325448    1.64032045    1.79355424    1.93029865    1.78712884    1.88681833    1.91650968    2.18459152    1.99958705    1.90467764    1.81082544    1.88667348    1.48851744    1.73541733    1.87830343    1.32248324    0.00000000    1.13505434    1.21901536    1.34642912    1.13729263    1.77643276    1.71461738    1.69926208    2.04647301    2.30767659    2.09081139    1.67095893    1.55274902    1.74471792
R5HAP7_9SPIR/28-197     2.04938316    1.61933782    1.79050784    1.84206867    1.71204779    1.75163241    1.90414701    1.92136985    1.87774804    1.84434200    1.55013640    1.73837619    1.74995005    1.84391956    1.61690854    1.94901399    1.79228668    2.01303740    1.95573746    1.74415156    1.84052945    1.68471485    1.93196879    1.78076844    1.87587335    1.28114543    1.13505434    0.00000000    1.07980941    1.08023147    0.96125956    1.86783284    1.81849459    1.81433353    2.02377309    2.14741706    1.82282779    1.74890884    1.64050236    1.76792187
R5HKW7_9SPIR/33-226     2.29580597    1.52511952    1.86734589    2.07031760    1.94565700    1.87728689    1.85840686    1.84719850    2.04033120    1.92978239    1.99565236    1.77919873    1.92407905    1.93392884    1.91667855    2.02420825    1.83990398    2.08770572    2.02579876    1.57877707    1.69661382    1.41274990    1.73068580    1.55257964    1.92114128    1.36412994    1.21901536    1.07980941    0.00000000    1.31043515    0.92729629    1.62090846    1.76341034    1.70188280    1.70997948    2.07576415    1.96671545    1.56409768    1.69406752    1.61687311
R5H7A3_9SPIR/27-225     2.09215078    1.71627468    1.82026844    2.38802259    1.95956265    1.99221096    1.85247443    2.00615958    1.98957591    2.06371754    1.74045078    2.06392579    2.16585365    1.95641893    1.78972993    2.08491791    2.03529435    2.09130825    2.20858418    1.80612019    1.91362427    1.67149569    1.53516920    1.84436205    1.92866765    1.63082982    1.34642912    1.08023147    1.31043515    0.00000000    0.76856622    1.70433875    1.65755737    1.77543976    1.73312048    2.11126043    1.91924160    1.84295675    1.69712600    1.89429278
R7JCF8_9FUSO/31-225     2.17088760    2.01831480    1.85793335    2.08727431    1.89496750    2.04032561    1.92538920    1.93330786    2.03423063    2.05935558    1.71184485    1.82825682    1.97315480    1.70196814    1.85396751    2.06040750    1.95095248    2.14627031    2.17985452    1.67409290    1.82263671    1.70783477    1.57581340    1.52626894    1.79206197    1.46142432    1.13729263    0.96125956    0.92729629    0.76856622    0.00000000    1.68406657    1.66700152    1.77238761    1.47933503    1.93632684    2.05527135    1.79572030    1.54802997    1.97704239
R7JEV8_9FUSO/29-236     2.02999616    1.42580938    2.05769018    1.86558994    1.84241063    2.09224882    2.02134554    2.19399085    2.02699407    1.66839058    1.76979452    1.64750303    1.99021484    1.76280682    1.84635963    2.12677000    1.75962557    2.14443257    2.06355511    1.49650489    1.95662545    1.37316083    1.71282070    1.74117613    1.90603624    1.60945652    1.77643276    1.86783284    1.62090846    1.70433875    1.68406657    0.00000000    1.79931038    2.04197488    2.27726816    2.54420759    1.80040737    2.05400406    1.90076991    1.75837805
R7J6F4_9FUSO/27-210     1.40731796    1.17693572    1.22233970    1.78095494    1.55564743    1.44195528    1.44287597    1.67522147    1.48282410    1.36004565    1.46518175    1.38131124    1.54883499    1.46446379    1.48793300    1.44563519    1.56804890    1.69071972    1.58530610    1.22921780    1.25486021    1.45512146    1.75306029    1.51530859    1.80527890    1.81083187    1.71461738    1.81849459    1.76341034    1.65755737    1.66700152    1.79931038    0.00000000    1.28167283    1.36251528    1.58746474    1.87505467    1.48462477    1.44617437    1.27333832
R7JAR8_9FUSO/32-235     1.27052405    1.12636038    1.02898997    1.45896919    1.24235837    1.23438399    1.18580484    1.59743516    1.58992074    1.52131525    1.21818382    1.28198156    1.33203672    1.33350574    1.31559383    1.18717110    1.39174325    1.53110343    1.48621839    1.20078309    1.18762950    1.44914388    1.92544713    1.77707587    1.98767877    1.60941394    1.69926208    1.81433353    1.70188280    1.77543976    1.77238761    2.04197488    1.28167283    0.00000000    0.97922099    1.22181556    1.64317038    1.31790189    1.10337886    1.13642057
R7JCL1_9FUSO/25-224     1.58474878    1.26870881    1.13436385    1.27573632    1.37383533    1.31550923    1.19642662    1.64417118    1.49505533    1.21303328    1.13926852    1.13596673    1.20943784    1.18078664    1.27428336    1.25416044    1.33186260    1.27062178    1.42047881    1.33649216    1.45387974    1.55888417    2.24568957    2.03497930    2.37151980    2.41546478    2.04647301    2.02377309    1.70997948    1.73312048    1.47933503    2.27726816    1.36251528    0.97922099    0.00000000    0.75882373    1.81510395    1.40918506    1.26401280    1.24236720
R7LWN4_9FUSO/40-239     1.70082426    1.41148210    1.33665913    1.75436784    1.54669199    1.32537311    1.35887021    1.70074330    1.64955149    1.42753351    1.14450496    1.36985735    1.48362773    1.26532917    1.30496807    1.53776803    1.37610778    1.42973187    1.73089690    1.43315102    1.54826260    1.77277224    2.71110714    2.37773925    2.64291350    2.60722348    2.30767659    2.14741706    2.07576415    2.11126043    1.93632684    2.54420759    1.58746474    1.22181556    0.75882373    0.00000000    1.86091875    1.59313519    1.32889068    1.43761872
R5H2R1_9SPIR/28-220     1.96944000    1.55028389    1.60439666    1.89674656    1.57473400    1.94164267    1.90696914    2.04557824    2.17486335    2.09019968    1.85685102    1.81971301    2.04674273    1.81609152    2.10031513    2.09210801    1.95030496    2.14960669    2.20931038    1.54470161    1.72377939    1.82788947    2.25310716    2.06147850    2.10209221    2.18915172    2.09081139    1.82282779    1.96671545    1.91924160    2.05527135    1.80040737    1.87505467    1.64317038    1.81510395    1.86091875    0.00000000    1.71403656    1.47464235    1.62932034
R5H7C4_9SPIR/17-217     1.59422749    1.04390989    1.38868809    1.69010452    1.50152258    1.48142997    1.51702039    1.81317698    1.54746034    1.32497963    1.14075845    1.24972201    1.37001268    1.25405538    1.53853452    1.39398084    1.25781356    1.55009893    1.54302416    1.44649530    1.58445581    1.73189113    2.12714525    1.94743345    2.11030184    2.08574619    1.67095893    1.74890884    1.56409768    1.84295675    1.79572030    2.05400406    1.48462477    1.31790189    1.40918506    1.59313519    1.71403656    0.00000000    0.67104560    1.26807392
R5H7B8_9SPIR/28-224     1.46886176    1.02829746    1.21023731    1.36106676    1.34654637    1.21032746    1.29567934    1.74582455    1.40416527    1.24678666    1.17723442    1.10948652    1.29547548    1.02944901    1.25263670    1.34849771    1.24153395    1.50120339    1.36883051    1.37528552    1.60846486    1.65376497    2.10605654    1.71330531    2.01162953    1.77359628    1.55274902    1.64050236    1.69406752    1.69712600    1.54802997    1.90076991    1.44617437    1.10337886    1.26401280    1.32889068    1.47464235    0.67104560    0.00000000    1.10629092
R5H7A6_9SPIR/27-243     1.30842036    0.90444337    1.34949091    1.62630062    1.44474347    1.35456826    1.23832706    1.74109468    1.32826278    1.34800047    1.11293844    1.08894329    1.41579931    1.25047216    1.18050008    1.42355163    1.31760996    1.38934940    1.44761117    1.12188737    1.35815247    1.72190602    2.04642210    1.88532012    2.30385983    2.07013265    1.74471792    1.76792187    1.61687311    1.89429278    1.97704239    1.75837805    1.27333832    1.13642057    1.24236720    1.43761872    1.62932034    1.26807392    1.10629092    0.00000000

