64
A0A1Y4S565_9FIRM/3-96     0.00000000    1.80301856    2.03205742    1.61180741    1.88060946    1.55083589    1.55001664    1.61641835    1.52874957    1.81561835    1.94994857    2.35604549    2.28895544    2.76737744    2.58131011    2.73262073    2.78556417    2.81328761    2.51239793    2.95427945    2.55948465    2.54834991    2.81299711    2.77288783    1.99176966    2.12071890    2.97531751    2.49042678    2.50642245    3.40796316    3.34858335    3.67430077    2.42587432    2.68970498    3.40778099    2.85782680    2.93326271    3.29605495    3.35236893    2.79936057    2.63686423    2.68987874    2.97431287    3.32279423    3.34193546    3.36568143    2.49842168    2.78702586    2.10542066    3.40911474    2.88269467    2.68725694    2.38537832    2.62306956    2.25185565    2.08673045    1.91176098    2.07618763    2.09880043    3.12768183    2.64746460    1.96780961    2.64518896    2.49475770
A0A1Q9JVK8_9FIRM/2-90     1.80301856    0.00000000    1.80140689    1.51844110    1.85938123    1.67512642    1.55726256    1.96135480    1.78071891    2.70111487    2.16926788    2.83684088    1.96483021    2.11263658    2.25399300    2.67130757    2.49253065    2.52776634    2.09486534    2.34258369    2.12262451    2.70313016    2.60042069    3.15216307    2.19236238    2.20583996    3.26124317    2.38908943    2.60054679    3.05276356    3.53865703    3.16126495    2.83422288    2.83810237    3.12603593    3.20713058    3.42070755    3.33720063    3.61857646    3.08047330    3.13358857    2.91298972    3.16690687    3.15895754    3.73109627    3.46707478    2.48346131    2.92984217    2.22434653    3.83129840    3.07552023    2.23017871    2.33177754    2.40193445    1.67172161    2.21481240    1.88916884    2.25003234    1.78005286    3.76436083    2.40645262    2.39578426    3.07357424    2.88658278
A0A1H9Y780_9FIRM/3-93     2.03205742    1.80140689    0.00000000    1.06877338    1.57174683    1.46808374    1.30118300    1.69852310    1.75700561    2.08268803    2.39921658    2.02944075    1.71058745    2.29341550    1.96360598    2.39825915    2.34641539    2.49138237    2.03222509    1.98761543    2.55260371    2.61215357    2.74545224    2.37061338    2.25790689    2.05806958    2.54580186    2.51346345    2.56822503    2.90565759    2.70415316    2.66579880    2.64184570    2.71983048    2.59039006    2.54648469    2.46415173    2.71377129    2.88254569    2.42054574    2.40121322    2.59861672    2.32299684    2.87304556    2.72272749    2.63180898    2.35756504    2.61357011    2.39172305    2.42812289    2.45547002    2.18178262    2.07214828    2.07941932    2.01802514    2.42089327    1.74180202    2.29107347    2.11387633    2.68004912    2.00111550    2.32838694    2.41368889    2.57342987
A0A1I6JQV9_9FIRM/3-93     1.61180741    1.51844110    1.06877338    0.00000000    1.38572564    1.43621907    1.41778790    1.51166053    1.16080409    2.08568726    2.47830816    2.13474962    2.08254114    2.14571009    1.94800227    2.38991593    2.54511232    3.14584818    2.23542633    2.56099401    2.24510056    2.68292121    2.60207651    2.95547912    2.49677158    1.98339066    2.65696778    2.20915685    3.24408855    3.01523257    2.84091668    2.58378651    2.89829674    2.55687540    2.85231020    2.55523148    2.53730969    2.72688254    2.97711649    2.81345691    2.59708401    2.65010260    2.42055484    2.87329249    2.64174629    2.56839188    2.93407325    2.93398123    2.77538867    2.90940803    2.93679214    2.31104286    2.31613979    1.89464291    2.79397273    2.81598275    1.89725129    2.21666626    2.06906027    3.38586370    2.41539440    2.29001813    2.57386654    2.79551402
A0A0K8J864_9FIRM/3-93     1.88060946    1.85938123    1.57174683    1.38572564    0.00000000    0.30087178    1.10532112    1.45450439    1.29390792    1.79690552    1.93847108    1.78376827    2.40163705    2.37039880    2.24103769    2.73206588    2.86911685    3.44561380    2.85765807    3.30446045    2.33442106    2.40097107    2.31994637    3.61134301    2.15534704    2.13525224    3.02033349    2.26025382    2.66638972    2.90931046    2.59368346    2.92138558    1.78150791    2.55798794    2.21695619    2.19649872    2.27064981    2.90351063    2.79591851    2.51315460    2.37477951    1.96463636    2.18226316    2.77951297    2.17242961    2.13644389    2.90690321    2.95517708    2.16016697    3.02787346    3.10730405    2.10344992    2.23817385    2.08649393    2.12444329    2.79397129    3.39892557    2.54617858    2.91555713    2.84705138    2.57383770    2.24510265    2.78769849    2.71976972
A0A0H5SSW6_HERHM/3-93     1.55083589    1.67512642    1.46808374    1.43621907    0.30087178    0.00000000    1.14197480    1.45929540    1.55241226    1.72626182    1.80577504    1.58941841    2.43842716    2.33012078    2.17610641    2.68660218    2.84199951    3.53785457    2.60827703    3.01656548    2.35035370    2.59677298    2.52852375    3.23934165    1.85595390    2.14717914    2.68177129    2.43061953    2.33043977    3.23279655    2.45782622    2.78400746    1.99343957    2.64683810    2.45673763    2.20171715    2.43434556    2.99333362    3.02198043    2.69469401    2.50464488    2.20746238    2.27741986    3.22519526    2.56231102    2.52065461    2.89141099    2.92327077    2.07756044    2.81906542    2.46732653    1.73742472    2.29687833    2.31212026    2.00180540    2.59454644    2.91056494    2.33702435    2.67633390    3.38485040    2.57672186    1.99577191    2.74062036    2.50602411
A0A1M7KT35_9FIRM/3-98     1.55001664    1.55726256    1.30118300    1.41778790    1.10532112    1.14197480    0.00000000    1.33720836    0.97960056    2.11288419    2.32337527    2.27443942    2.26237302    2.41244070    2.38179603    2.61644959    2.56775588    3.81619583    3.10051371    3.48460150    3.02531267    2.83609835    2.59812621    2.69796545    2.24211433    2.56442536    3.31516136    2.77345038    2.66856279    3.90568662    3.17737335    3.64486729    2.86788123    2.72214139    2.58806788    3.64804481    3.57315025    3.13989800    3.77970051    2.97111848    2.94796217    2.76785192    3.12295180    3.33863568    3.34983529    3.17916913    2.47642721    2.81336686    2.40544930    2.82479941    3.09509456    2.41881334    3.28089987    2.38834020    1.89762461    2.21712237    2.17616005    2.39328857    2.21191037    2.85549964    2.24617738    1.96532154    2.63382362    3.52459112
A0A1M6Y6Y4_9FIRM/3-94     1.61641835    1.96135480    1.69852310    1.51166053    1.45450439    1.45929540    1.33720836    0.00000000    1.06992133    2.43969116    2.33976144    2.77769521    2.16682957    2.75749025    2.34470605    2.70132593    2.86588518    3.81224195    2.82242491    3.87669591    2.51489640    2.76244850    2.83715686    3.54290272    2.26862585    2.55616897    2.85293797    2.57650149    2.67560190    3.30171661    3.02917669    3.31417771    2.64378672    2.43091453    2.69180314    3.03320817    2.74985094    2.75941959    3.33560634    2.94948907    2.51074897    2.86753710    2.33174873    2.73158016    2.61071656    2.60914623    2.80056078    2.54758132    2.22374457    3.37904562    4.67964362    3.02897206    2.42700286    3.17934918    2.27005416    2.70158129    2.33190980    2.68808637    3.00527965    3.08091528    3.32491575    1.89170864    2.89680948    3.76503239
A0A3N1XUQ2_9FIRM/3-93     1.52874957    1.78071891    1.75700561    1.16080409    1.29390792    1.55241226    0.97960056    1.06992133    0.00000000    2.03041298    2.01492080    1.82331044    2.28649862    2.27198241    2.75668671    2.74549860    2.83311870    3.18548089    2.94008200    3.03529882    2.89834867    2.89875845    2.83069635    3.34130237    2.60979153    2.48090995    3.40564738    2.59661127    3.08629520    3.47665600    3.57693444    3.50207134    2.94190874    2.08893473    2.83623508    2.89234380    2.90464727    2.41963983    3.13021182    2.43874314    2.29499193    2.27700755    2.46682752    3.23914281    2.59445994    2.60392654    2.63920471    2.95672470    2.46060761    3.29467047    3.38927718    2.67003085    2.51698718    2.43184611    2.40999310    2.01935675    2.24257324    2.55893643    2.46073928    3.40712031    2.68483647    1.61631307    2.84791101    2.99897781
G8LWP7_HUNCD/7-101     1.81561835    2.70111487    2.08268803    2.08568726    1.79690552    1.72626182    2.11288419    2.43969116    2.03041298    0.00000000    0.93057485    1.16962107    1.72636952    2.23422597    2.19370650    2.38912461    2.28379529    3.25377383    2.60963211    3.23091846    2.17580959    2.41116265    2.25049360    2.84977643    1.82301718    2.22342433    2.53201071    2.41219685    3.19128855    3.55657766    3.13832089    3.15163970    2.48231151    2.26109464    2.93144424    2.26891418    2.32832230    2.78763836    2.72162279    2.89445268    2.50157575    3.03023457    2.42196205    2.72910003    2.48070394    3.05891117    2.30154030    2.99061873    2.50443067    2.81410836    2.28595636    1.96608059    2.00796099    2.49249000    2.21414925    2.72216080    2.40343630    2.25499737    2.27127018    2.80771371    2.19222435    1.95868953    2.39672272    2.51971359
A0A0L6JIC8_9FIRM/8-103     1.94994857    2.16926788    2.39921658    2.47830816    1.93847108    1.80577504    2.32337527    2.33976144    2.01492080    0.93057485    0.00000000    1.19721251    2.09738959    2.04835895    2.04549353    2.24892480    2.26325315    2.87689965    2.54000263    3.00816102    1.93490656    2.19271709    1.92782763    3.27649150    2.07093730    2.66796024    2.41418879    2.85945275    3.05149763    2.67444917    2.83193706    2.80625073    3.04439609    2.55089388    2.88007833    2.67801505    2.84829504    2.99144251    3.59591078    3.24634393    2.87350588    3.49308947    2.83528191    3.26957872    3.54938620    3.56006895    2.87450221    3.01397003    2.18014625    3.21203120    2.65901295    2.23632878    1.88098160    2.83168432    1.73516661    1.96569879    2.22391251    1.87325928    2.15467388    2.38865690    2.75327010    1.56400875    2.51597961    3.33697620
A0A2K2FP89_9FIRM/8-103     2.35604549    2.83684088    2.02944075    2.13474962    1.78376827    1.58941841    2.27443942    2.77769521    1.82331044    1.16962107    1.19721251    0.00000000    2.58214156    3.11324190    2.96585568    2.49119026    3.01208205    4.07982797    2.79079279    2.89163621    2.75171985    2.42970283    2.35344494    3.46592137    2.23464856    2.46789040    2.67207314    3.38638155    3.55926985    4.00669161    2.86209523    2.79391653    3.07035687    2.66269820    3.32494562    2.52043868    2.78966871    3.11038920    3.14333694    3.18578293    2.87261376    2.73991999    2.80668470    3.52887069    3.40888251    3.49333470    2.50573672    2.94702521    2.61769703    2.76438761    2.50286469    2.52720041    2.30741808    2.31056933    2.36350874    2.48328634    2.42768809    2.13210036    2.35265125    3.11554131    2.72542436    2.40681450    3.07408087    3.36258628
R5Q898_9CLOT/4-104     2.28895544    1.96483021    1.71058745    2.08254114    2.40163705    2.43842716    2.26237302    2.16682957    2.28649862    1.72636952    2.09738959    2.58214156    0.00000000    1.10731434    1.72783955    1.75261872    1.46951089    1.59223683    1.40645840    1.71029096    1.69625928    2.40559141    1.68215359    3.41750817    3.21453621    2.01733395    2.49155514    2.59369450    2.40532751    2.99387798    2.91968362    2.60477822    3.11639217    2.60071152    2.53122614    3.06358561    2.86356784    2.84474023    2.94843385    3.16324419    3.02542818    2.98992291    2.84069567    2.95375737    2.75143928    2.52607340    3.34277498    3.17094293    2.39026238    2.56480713    2.73562283    1.98166537    2.19065238    3.19220385    1.86593523    2.22991322    2.38261694    1.88607374    1.99773680    4.02332054    3.03662829    2.27332627    2.96634049    3.12484704
R6BKM1_9CLOT/1-102     2.76737744    2.11263658    2.29341550    2.14571009    2.37039880    2.33012078    2.41244070    2.75749025    2.27198241    2.23422597    2.04835895    3.11324190    1.10731434    0.00000000    1.43144236    1.73623043    1.38735025    1.58862101    1.46854271    1.52270228    1.40916353    2.02848562    1.44135823    3.88074163    3.24201609    2.06911449    3.04277584    2.26228767    2.32699651    3.33404501    2.78827794    2.72362720    3.17315814    2.55541991    2.65346180    3.13066359    3.72055043    3.33433036    3.96119091    3.22707135    3.11125359    3.23728305    3.20701402    3.16615119    3.58304639    3.10631800    3.19528383    2.63533208    2.28321145    3.07673271    2.89879948    2.49458848    2.36673946    2.76545529    2.15191010    2.84587442    3.42021586    2.19622533    2.36593920    4.15112217    2.86231416    3.12590383    3.46137433    3.02239576
R7F9R1_9CLOT/1-99     2.58131011    2.25399300    1.96360598    1.94800227    2.24103769    2.17610641    2.38179603    2.34470605    2.75668671    2.19370650    2.04549353    2.96585568    1.72783955    1.43144236    0.00000000    1.05441691    1.00329325    0.98285672    0.94915188    0.98697976    1.56867097    1.77163058    1.59991190    2.99143566    3.02628293    2.66350944    2.51949477    2.92886076    2.16979230    3.62722935    3.46522789    3.49853610    2.69972248    3.34698471    2.56041132    3.23609465    3.10180141    3.45489374    3.43422344    2.96480338    2.85624115    3.17180236    3.07742243    3.55992650    3.52460680    3.32433187    3.02067442    2.56982090    2.26050194    2.71628300    2.85849800    2.44610798    2.62550864    3.57863636    2.36837753    2.69613963    3.18421572    2.23779150    2.58182118    4.29538049    2.87465219    3.01043793    3.17822873    3.41804883
R7IWV8_9CLOT/1-100     2.73262073    2.67130757    2.39825915    2.38991593    2.73206588    2.68660218    2.61644959    2.70132593    2.74549860    2.38912461    2.24892480    2.49119026    1.75261872    1.73623043    1.05441691    0.00000000    0.39852741    0.99803459    0.85271870    0.89762782    1.40561701    2.37201280    1.77055749    3.43901886    2.60745528    2.40612042    3.14910474    3.31063719    2.47582823    4.42461604    2.53554206    2.37181281    2.62523426    2.52057466    2.93240798    3.54685410    3.51379943    2.76492251    3.34589177    2.87357609    2.77364087    2.99790772    3.23980657    3.29784185    3.49423658    3.26786480    2.90736207    2.64304016    2.46810902    2.99731392    3.21516846    2.93425521    2.69005790    3.00223541    3.06013612    2.38236919    2.89187218    2.20143649    2.38195350    3.66888029    2.92684308    2.94434292    3.51868278    3.50442834
R6Z0A3_9CLOT/1-102     2.78556417    2.49253065    2.34641539    2.54511232    2.86911685    2.84199951    2.56775588    2.86588518    2.83311870    2.28379529    2.26325315    3.01208205    1.46951089    1.38735025    1.00329325    0.39852741    0.00000000    0.96264685    0.77668972    0.84084303    1.38521058    2.08748269    1.85728730    3.43435386    2.67640223    2.66476116    2.79850529    2.89430363    2.58436005    4.29026033    3.04717061    2.91289341    2.57363764    2.69294804    2.81890433    3.38124264    3.56539162    2.86726750    3.54999470    2.77656717    2.88023528    3.14437729    3.13914681    3.13550756    3.38746356    3.03674191    3.27130309    2.59407213    2.65549326    2.97820003    3.05942719    2.84910799    2.91750808    3.10140913    2.51938945    2.70342215    2.78104504    2.31694429    2.28247787    3.54581541    2.96933464    2.94885787    3.95804906    3.95651347
R7FIM0_9CLOT/33-135     2.81328761    2.52776634    2.49138237    3.14584818    3.44561380    3.53785457    3.81619583    3.81224195    3.18548089    3.25377383    2.87689965    4.07982797    1.59223683    1.58862101    0.98285672    0.99803459    0.96264685    0.00000000    0.67234622    0.67739721    1.40860738    2.16624265    1.63063038    3.60691720    3.37615793    2.61197519    2.75697219    2.98175431    2.76815357    3.53868075    3.27125329    3.04607183    2.94982389    3.51413111    3.23914359    3.98434852    3.64390980    3.43314775    3.75108106    2.93887220    2.81931191    3.08412419    3.27689103    3.97421117    3.84596943    3.46972580    3.74695147    2.77734036    3.12481404    3.03634580    2.86265187    3.09957614    2.90244168    3.53559011    2.95556645    2.46208098    3.09291390    2.73509440    2.83841201    3.97227684    3.68553989    3.69773975    4.08366926    4.20096887
R6NJX6_9CLOT/1-103     2.51239793    2.09486534    2.03222509    2.23542633    2.85765807    2.60827703    3.10051371    2.82242491    2.94008200    2.60963211    2.54000263    2.79079279    1.40645840    1.46854271    0.94915188    0.85271870    0.77668972    0.67234622    0.00000000    0.57101899    1.37990262    1.92470425    1.63995976    3.11370029    2.64710359    2.35730362    2.83290029    2.59010784    2.07343006    3.87369266    2.75112645    2.70825723    2.29225015    2.27602002    2.49929431    2.44905066    2.52074613    2.79762663    2.57589273    2.15876910    2.04850765    2.52522908    2.72117107    2.77965291    2.55608050    2.24594452    3.05044405    2.35075090    2.16405827    2.56906190    2.54857789    2.67964500    2.65238679    2.99543350    2.37423789    3.00044476    2.83424941    2.19722819    2.40800768    3.48166728    3.00767424    2.60983296    3.28303481    3.94496309
R7GCK6_9CLOT/1-103     2.95427945    2.34258369    1.98761543    2.56099401    3.30446045    3.01656548    3.48460150    3.87669591    3.03529882    3.23091846    3.00816102    2.89163621    1.71029096    1.52270228    0.98697976    0.89762782    0.84084303    0.67739721    0.57101899    0.00000000    1.24902983    1.94281158    1.52704698    3.58794991    3.28541355    2.49752479    2.48696403    3.10878991    2.52899349    3.91175671    2.83683086    2.83264965    2.42438196    2.59716789    2.79090992    3.03444176    2.94147476    3.16113306    3.04840835    2.82264692    2.82700505    2.75545938    2.85381733    3.29461346    3.31630934    3.02905247    3.59047673    2.71124579    3.06508453    2.94703812    2.77109973    2.72089677    2.82568021    3.11909596    2.62851496    2.97845461    2.66015169    2.52001212    2.27688534    3.71008902    3.14515553    3.35913094    3.27418502    4.04535097
R7L868_9CLOT/4-104     2.55948465    2.12262451    2.55260371    2.24510056    2.33442106    2.35035370    3.02531267    2.51489640    2.89834867    2.17580959    1.93490656    2.75171985    1.69625928    1.40916353    1.56867097    1.40561701    1.38521058    1.40860738    1.37990262    1.24902983    0.00000000    1.53577453    1.00881923    2.79066322    2.88672360    2.35324924    2.49511597    2.83961515    2.69348920    3.24134292    3.02541657    2.79960133    2.35931398    2.76799667    2.91856385    3.08018280    3.12344026    3.03307712    3.19309741    2.60918861    2.44298277    2.57909203    2.37031428    2.88953770    2.75835916    2.60757972    3.09777992    2.78041355    2.45635336    2.55083284    3.43123931    2.88589952    2.14124001    2.79380008    2.14788815    2.82483310    2.73402146    2.29441820    2.20125896    3.50343237    3.23454991    3.12919395    3.08132700    3.96843587
R6R9C5_9CLOT/3-102     2.54834991    2.70313016    2.61215357    2.68292121    2.40097107    2.59677298    2.83609835    2.76244850    2.89875845    2.41116265    2.19271709    2.42970283    2.40559141    2.02848562    1.77163058    2.37201280    2.08748269    2.16624265    1.92470425    1.94281158    1.53577453    0.00000000    1.63783515    2.11848589    2.64582384    2.50682637    2.41164253    2.43835050    3.56106104    3.59728515    4.39302964    4.63869509    3.18505665    3.39819099    3.17907455    2.78703214    2.99891291    3.40537857    3.67676680    3.00890855    2.81883471    2.93341951    2.95858159    3.25764552    3.75902567    3.35037641    3.27163439    3.14127296    2.56736857    3.02819084    3.35127176    2.78451205    2.84897482    2.28316950    1.96783054    2.65889259    2.91583966    2.14738542    2.46564022    4.18762330    3.03243318    2.98493505    3.45957607    3.29902816
R6XHI0_9CLOT/4-105     2.81299711    2.60042069    2.74545224    2.60207651    2.31994637    2.52852375    2.59812621    2.83715686    2.83069635    2.25049360    1.92782763    2.35344494    1.68215359    1.44135823    1.59991190    1.77055749    1.85728730    1.63063038    1.63995976    1.52704698    1.00881923    1.63783515    0.00000000    2.96931171    2.58127111    2.14710620    2.42339494    3.00925179    2.69891620    3.77696200    2.70114328    2.67726124    2.52067633    2.46601058    3.17337391    2.88243725    2.97171066    2.73683324    2.65170620    2.78379165    2.46945622    2.41923358    2.64773435    2.83957918    2.93171428    2.64360436    2.71970514    3.10230593    2.39017346    2.50957010    3.09792049    2.64999841    2.41145787    2.74477765    2.48186091    2.99451275    3.33924864    2.51069538    2.65468310    3.27903252    2.36171074    2.98342578    3.07391050    3.35335775
R6MY75_9FIRM/1-98     2.77288783    3.15216307    2.37061338    2.95547912    3.61134301    3.23934165    2.69796545    3.54290272    3.34130237    2.84977643    3.27649150    3.46592137    3.41750817    3.88074163    2.99143566    3.43901886    3.43435386    3.60691720    3.11370029    3.58794991    2.79066322    2.11848589    2.96931171    0.00000000    2.34235468    2.19588218    3.00320289    3.21161415    2.58187616    3.94854607    3.03817026    3.38527393    3.14734378    2.56262118    3.43801540    3.18212559    3.06173346    3.02005653    3.42559429    2.79583790    2.94403868    2.95317076    2.91139617    3.35924594    3.12668709    3.04695160    4.08181484    2.88772136    2.35012353    2.28779010    3.80057780    2.74022334    2.97279628    3.42505369    2.93927339    2.81899669    2.52779123    2.89317679    3.21024483    3.81582477    3.19745490    3.90737924    2.92325310    4.03688683
A0A078KL44_9FIRM/3-97     1.99176966    2.19236238    2.25790689    2.49677158    2.15534704    1.85595390    2.24211433    2.26862585    2.60979153    1.82301718    2.07093730    2.23464856    3.21453621    3.24201609    3.02628293    2.60745528    2.67640223    3.37615793    2.64710359    3.28541355    2.88672360    2.64582384    2.58127111    2.34235468    0.00000000    1.86274675    2.79629162    2.03023719    2.12542444    2.71635800    2.45219127    2.50461758    2.44109194    2.71717739    3.93362420    3.46929809    3.32436454    3.68666048    3.99215854    3.81248005    3.45380480    3.74903282    3.45098962    3.46098429    4.03735927    3.74572335    2.25913817    2.95836248    1.71245151    2.80358634    2.62511570    2.32771757    2.15729812    2.08639439    2.47657188    2.36598541    2.18834279    2.38553782    2.29589814    2.23875285    2.48857236    1.96445946    2.43635938    2.88872770
E6U7Q2_ETHHY/1-92     2.12071890    2.20583996    2.05806958    1.98339066    2.13525224    2.14717914    2.56442536    2.55616897    2.48090995    2.22342433    2.66796024    2.46789040    2.01733395    2.06911449    2.66350944    2.40612042    2.66476116    2.61197519    2.35730362    2.49752479    2.35324924    2.50682637    2.14710620    2.19588218    1.86274675    0.00000000    2.21499382    2.39684901    2.30541929    2.68322967    2.28772886    2.29022531    2.61000365    2.53885674    2.31029805    2.58192721    2.60905719    2.97984393    2.50295052    2.52719840    2.65588348    2.58821708    2.45409430    2.46347599    2.51520984    2.64090657    2.77564294    2.75880070    2.02974960    2.00110818    2.31018315    2.00279158    2.08232286    2.13190584    1.69934025    1.80233645    1.98903284    1.46957820    1.53262596    3.55933186    2.80646774    2.50094612    2.52691706    3.49433657
R6CV41_9CLOT/2-89     2.97531751    3.26124317    2.54580186    2.65696778    3.02033349    2.68177129    3.31516136    2.85293797    3.40564738    2.53201071    2.41418879    2.67207314    2.49155514    3.04277584    2.51949477    3.14910474    2.79850529    2.75697219    2.83290029    2.48696403    2.49511597    2.41164253    2.42339494    3.00320289    2.79629162    2.21499382    0.00000000    2.08049455    2.01244698    2.96584575    2.45575741    2.37430587    2.92136992    2.50030063    2.92238185    2.50341756    2.09230187    2.77137959    2.43220109    2.75478310    2.70852694    2.65058892    2.46901593    2.40439751    2.89054635    2.66318223    2.87358249    3.71696452    2.27081993    2.58007277    2.89551890    2.16477407    2.53621008    3.29337157    2.91391461    2.84950527    2.72239858    2.69403161    3.05905430    4.04577601    3.60255899    2.88230516    2.93879336    3.75841675
R6SKU5_9CLOT/3-74     2.49042678    2.38908943    2.51346345    2.20915685    2.26025382    2.43061953    2.77345038    2.57650149    2.59661127    2.41219685    2.85945275    3.38638155    2.59369450    2.26228767    2.92886076    3.31063719    2.89430363    2.98175431    2.59010784    3.10878991    2.83961515    2.43835050    3.00925179    3.21161415    2.03023719    2.39684901    2.08049455    0.00000000    1.84903749    2.28367771    2.56932769    2.69225516    2.95006349    2.31733476    3.06237912    2.26738866    2.50981496    2.44080901    2.55337638    2.80369999    2.58713043    2.43362670    2.46168277    2.07129920    2.47098081    2.71553975    2.53737866    2.99612789    1.82278159    2.44819477    2.77556655    2.31746665    2.14275162    2.12752213    1.95909069    2.77564864    2.54057891    2.07351194    2.73726148    2.89882436    2.99927194    2.54845023    2.98293280    2.19731472
A0A0S2W3E0_9FIRM/1-68     2.50642245    2.60054679    2.56822503    3.24408855    2.66638972    2.33043977    2.66856279    2.67560190    3.08629520    3.19128855    3.05149763    3.55926985    2.40532751    2.32699651    2.16979230    2.47582823    2.58436005    2.76815357    2.07343006    2.52899349    2.69348920    3.56106104    2.69891620    2.58187616    2.12542444    2.30541929    2.01244698    1.84903749    0.00000000    2.23861258    1.85452932    1.91171536    2.01738960    2.03719435    2.16573489    2.47862929    2.29576697    2.42642916    2.62204084    2.15472069    2.40588681    2.15324187    2.50915948    2.30720366    2.50803490    2.53119539    3.04495993    2.54181196    1.57914704    2.59844612    2.90785241    2.07064857    3.02686216    3.49034345    2.00247505    2.45875918    2.75713664    2.15417742    2.85527450    4.10918200    2.20818718    2.26308432    2.93591240    2.37156012
A9KK73_LACP7/4-108     3.40796316    3.05276356    2.90565759    3.01523257    2.90931046    3.23279655    3.90568662    3.30171661    3.47665600    3.55657766    2.67444917    4.00669161    2.99387798    3.33404501    3.62722935    4.42461604    4.29026033    3.53868075    3.87369266    3.91175671    3.24134292    3.59728515    3.77696200    3.94854607    2.71635800    2.68322967    2.96584575    2.28367771    2.23861258    0.00000000    3.20316977    3.89258461    2.93548124    2.84402751    3.12258636    2.98682593    3.07097936    2.88950551    3.36529652    2.98017280    3.10928770    2.91016047    3.17442974    3.60697863    3.62199182    2.98972941    3.14792579    4.44576401    2.21933502    2.93055418    3.68146442    2.99042141    3.16192978    3.30958193    3.28636653    2.72772595    2.72482381    2.68441996    2.79998896    4.00574638    4.40760586    3.40674355    3.63583067    3.40877898
B0KD51_THEP3/3-105     3.34858335    3.53865703    2.70415316    2.84091668    2.59368346    2.45782622    3.17737335    3.02917669    3.57693444    3.13832089    2.83193706    2.86209523    2.91968362    2.78827794    3.46522789    2.53554206    3.04717061    3.27125329    2.75112645    2.83683086    3.02541657    4.39302964    2.70114328    3.03817026    2.45219127    2.28772886    2.45575741    2.56932769    1.85452932    3.20316977    0.00000000    0.35835775    1.88665760    1.93303786    2.02952155    2.53480883    2.07490041    2.24085486    1.85041888    2.10988161    2.05128646    2.49390647    2.18431924    2.14686583    2.16088726    2.21341543    2.98264618    2.19542386    2.14039548    2.99269531    3.58279692    2.79467368    2.72124409    3.30319780    2.85457894    3.25767705    3.54266515    3.46083191    3.71825773    3.40761384    3.53357396    3.43044583    3.38287904    2.74097437
Q8R856_CALS4/3-104     3.67430077    3.16126495    2.66579880    2.58378651    2.92138558    2.78400746    3.64486729    3.31417771    3.50207134    3.15163970    2.80625073    2.79391653    2.60477822    2.72362720    3.49853610    2.37181281    2.91289341    3.04607183    2.70825723    2.83264965    2.79960133    4.63869509    2.67726124    3.38527393    2.50461758    2.29022531    2.37430587    2.69225516    1.91171536    3.89258461    0.35835775    0.00000000    2.27767912    1.95604305    2.16119162    2.53045587    2.05539853    2.20948660    1.75030249    2.19853248    2.15975477    2.74747328    2.29288923    2.17166767    2.21402168    2.25665312    2.84307953    2.29935124    2.26266372    3.55580885    3.37028048    3.00091230    2.93629247    3.49444591    2.89757363    3.17705534    3.33775618    3.23220726    3.35945739    3.76143726    4.04109698    3.48571449    3.39165532    3.32432024
W6S0X4_9CLOT/1-102     2.42587432    2.83422288    2.64184570    2.89829674    1.78150791    1.99343957    2.86788123    2.64378672    2.94190874    2.48231151    3.04439609    3.07035687    3.11639217    3.17315814    2.69972248    2.62523426    2.57363764    2.94982389    2.29225015    2.42438196    2.35931398    3.18505665    2.52067633    3.14734378    2.44109194    2.61000365    2.92136992    2.95006349    2.01738960    2.93548124    1.88665760    2.27767912    0.00000000    1.16033681    1.03217245    1.22919757    1.22224036    1.31265409    1.03882620    1.04706293    0.96850777    1.06548427    0.99785609    1.36481294    0.97960676    1.13375850    2.32004248    1.96839192    2.31997258    2.88083743    2.92315148    2.26018745    2.41660013    2.70816519    2.66222917    2.98053030    3.27710904    2.79884492    2.39164722    3.76995817    3.35749384    3.25190457    2.76258425    3.01474819
M1MXM4_9CLOT/1-94     2.68970498    2.83810237    2.71983048    2.55687540    2.55798794    2.64683810    2.72214139    2.43091453    2.08893473    2.26109464    2.55089388    2.66269820    2.60071152    2.55541991    3.34698471    2.52057466    2.69294804    3.51413111    2.27602002    2.59716789    2.76799667    3.39819099    2.46601058    2.56262118    2.71717739    2.53885674    2.50030063    2.31733476    2.03719435    2.84402751    1.93303786    1.95604305    1.16033681    0.00000000    0.96379078    0.93215605    0.94033764    0.92036108    1.06286404    0.88651803    0.87298180    0.89406450    0.85534653    0.99125868    0.80881674    0.99414963    2.18101825    1.79270229    1.65307684    2.91996922    2.90856850    2.21465117    2.44346552    2.88707426    2.75739758    2.78944695    2.88360627    2.64095318    3.00145724    3.97984513    3.24768797    2.51342433    2.53457125    2.82778389
A0A1M6H013_9CLOT/1-94     3.40778099    3.12603593    2.59039006    2.85231020    2.21695619    2.45673763    2.58806788    2.69180314    2.83623508    2.93144424    2.88007833    3.32494562    2.53122614    2.65346180    2.56041132    2.93240798    2.81890433    3.23914359    2.49929431    2.79090992    2.91856385    3.17907455    3.17337391    3.43801540    3.93362420    2.31029805    2.92238185    3.06237912    2.16573489    3.12258636    2.02952155    2.16119162    1.03217245    0.96379078    0.00000000    0.96138324    0.99348458    0.99241246    0.81379700    0.71400518    0.66310836    0.81231424    0.86692110    0.83021938    0.72986650    0.89437668    2.60733612    2.20711655    2.28089017    3.30661301    3.39005657    2.38126126    2.87802991    2.50943629    2.54106040    2.86402814    3.64635681    3.08307456    2.75287741    3.72661027    3.62324626    2.70986231    2.75209962    3.04207363
A0A2M8TA47_9CLOT/1-102     2.85782680    3.20713058    2.54648469    2.55523148    2.19649872    2.20171715    3.64804481    3.03320817    2.89234380    2.26891418    2.67801505    2.52043868    3.06358561    3.13066359    3.23609465    3.54685410    3.38124264    3.98434852    2.44905066    3.03444176    3.08018280    2.78703214    2.88243725    3.18212559    3.46929809    2.58192721    2.50341756    2.26738866    2.47862929    2.98682593    2.53480883    2.53045587    1.22919757    0.93215605    0.96138324    0.00000000    0.37051314    1.01064814    0.83912925    0.87449804    0.85847284    0.84523648    0.77024738    0.93865581    0.84118415    0.81910478    2.44268880    2.68976666    2.17155581    3.08035001    3.31342875    2.59002131    2.53154645    2.65963267    2.90142875    3.61089210    3.02080521    2.70450014    2.77487370    4.38728462    2.92949788    3.21314050    3.03416264    2.22812350
Q97LR6_CLOAB/1-102     2.93326271    3.42070755    2.46415173    2.53730969    2.27064981    2.43434556    3.57315025    2.74985094    2.90464727    2.32832230    2.84829504    2.78966871    2.86356784    3.72055043    3.10180141    3.51379943    3.56539162    3.64390980    2.52074613    2.94147476    3.12344026    2.99891291    2.97171066    3.06173346    3.32436454    2.60905719    2.09230187    2.50981496    2.29576697    3.07097936    2.07490041    2.05539853    1.22224036    0.94033764    0.99348458    0.37051314    0.00000000    1.11006731    0.84851289    0.90376151    0.89308596    0.92139874    0.82282245    0.90773232    0.91202378    0.88316226    2.40956985    2.36582939    2.50470204    3.21939515    3.30158554    2.33769497    2.50502092    2.68198047    3.00618555    3.26753860    3.20058780    2.68716303    2.95991204    4.13891122    2.97486165    3.05259451    2.84926258    2.71473967
A0A1M5U4C7_9CLOT/1-101     3.29605495    3.33720063    2.71377129    2.72688254    2.90351063    2.99333362    3.13989800    2.75941959    2.41963983    2.78763836    2.99144251    3.11038920    2.84474023    3.33433036    3.45489374    2.76492251    2.86726750    3.43314775    2.79762663    3.16113306    3.03307712    3.40537857    2.73683324    3.02005653    3.68666048    2.97984393    2.77137959    2.44080901    2.42642916    2.88950551    2.24085486    2.20948660    1.31265409    0.92036108    0.99241246    1.01064814    1.11006731    0.00000000    0.85030791    0.73863369    0.82871206    0.85108625    0.86297000    0.92306470    0.79277489    0.77498773    2.46179804    2.12752501    1.79923642    2.58605120    3.41309035    2.32290558    2.56692024    3.43514932    2.67623476    2.88516545    2.69621010    2.23559957    2.63294344    3.59162666    3.94505853    2.68472532    3.16205149    2.94339675
A0A1E8F1L0_9CLOT/1-102     3.35236893    3.61857646    2.88254569    2.97711649    2.79591851    3.02198043    3.77970051    3.33560634    3.13021182    2.72162279    3.59591078    3.14333694    2.94843385    3.96119091    3.43422344    3.34589177    3.54999470    3.75108106    2.57589273    3.04840835    3.19309741    3.67676680    2.65170620    3.42559429    3.99215854    2.50295052    2.43220109    2.55337638    2.62204084    3.36529652    1.85041888    1.75030249    1.03882620    1.06286404    0.81379700    0.83912925    0.84851289    0.85030791    0.00000000    0.49965425    0.58164093    0.62132398    0.64635626    0.81899934    0.49346276    0.54945748    2.30096759    2.41703324    1.99895695    3.19160035    3.96554438    2.55202544    2.39923199    2.66164964    2.93764088    3.36433433    3.18598490    2.95657951    2.73220488    4.24141330    4.26152750    3.33816971    3.00989219    3.23603768
A0A037ZAQ0_CLOTT/1-102     2.79936057    3.08047330    2.42054574    2.81345691    2.51315460    2.69469401    2.97111848    2.94948907    2.43874314    2.89445268    3.24634393    3.18578293    3.16324419    3.22707135    2.96480338    2.87357609    2.77656717    2.93887220    2.15876910    2.82264692    2.60918861    3.00890855    2.78379165    2.79583790    3.81248005    2.52719840    2.75478310    2.80369999    2.15472069    2.98017280    2.10988161    2.19853248    1.04706293    0.88651803    0.71400518    0.87449804    0.90376151    0.73863369    0.49965425    0.00000000    0.29947747    0.49462212    0.53856618    0.79329348    0.55881702    0.59064981    2.08615714    2.18175083    1.92191522    2.78693089    3.39013356    2.76973573    2.43753005    3.11347189    2.61191988    2.77050231    2.98713954    2.71477962    2.65074387    3.80900784    3.39949851    3.09268798    2.88496789    2.89487980
A0A2T0B9K5_9CLOT/1-102     2.63686423    3.13358857    2.40121322    2.59708401    2.37477951    2.50464488    2.94796217    2.51074897    2.29499193    2.50157575    2.87350588    2.87261376    3.02542818    3.11125359    2.85624115    2.77364087    2.88023528    2.81931191    2.04850765    2.82700505    2.44298277    2.81883471    2.46945622    2.94403868    3.45380480    2.65588348    2.70852694    2.58713043    2.40588681    3.10928770    2.05128646    2.15975477    0.96850777    0.87298180    0.66310836    0.85847284    0.89308596    0.82871206    0.58164093    0.29947747    0.00000000    0.58364872    0.54352238    0.80156604    0.58339671    0.67144630    2.56603961    2.24431526    2.02583257    2.78289996    3.29908927    2.83933686    2.52537258    2.91097436    2.64500782    2.67327493    3.12069857    2.81871509    2.71686000    3.76016811    3.56893204    2.96217836    2.79759236    2.79550629
Q890W7_CLOTE/6-107     2.68987874    2.91298972    2.59861672    2.65010260    1.96463636    2.20746238    2.76785192    2.86753710    2.27700755    3.03023457    3.49308947    2.73991999    2.98992291    3.23728305    3.17180236    2.99790772    3.14437729    3.08412419    2.52522908    2.75545938    2.57909203    2.93341951    2.41923358    2.95317076    3.74903282    2.58821708    2.65058892    2.43362670    2.15324187    2.91016047    2.49390647    2.74747328    1.06548427    0.89406450    0.81231424    0.84523648    0.92139874    0.85108625    0.62132398    0.49462212    0.58364872    0.00000000    0.65370412    0.81902918    0.61593798    0.75581731    2.21140752    2.66243689    1.73466379    2.71753716    2.99062640    2.57572450    2.34380342    2.55840818    2.66016673    3.54114576    3.48523288    2.52420192    2.88795017    4.79858876    3.50215759    2.94395048    3.22495641    3.21859250
A0A401USH8_9CLOT/1-102     2.97431287    3.16690687    2.32299684    2.42055484    2.18226316    2.27741986    3.12295180    2.33174873    2.46682752    2.42196205    2.83528191    2.80668470    2.84069567    3.20701402    3.07742243    3.23980657    3.13914681    3.27689103    2.72117107    2.85381733    2.37031428    2.95858159    2.64773435    2.91139617    3.45098962    2.45409430    2.46901593    2.46168277    2.50915948    3.17442974    2.18431924    2.29288923    0.99785609    0.85534653    0.86692110    0.77024738    0.82282245    0.86297000    0.64635626    0.53856618    0.54352238    0.65370412    0.00000000    0.79379956    0.58568248    0.74575940    2.16078053    2.03988653    1.81646070    2.52080494    3.03159240    2.26640265    2.21093939    2.63034692    2.56986467    2.89411592    3.00104533    2.43917944    2.68975476    4.17052031    3.34113344    2.61327119    2.78586529    2.40483602
