54
A0A1Q3B0B7_CEPFO/696-849     0.00000000    0.53745942    1.56711954    1.66138243    1.45675708    1.62163899    1.01609942    0.76992048    0.60672995    0.75931248    0.87025198    0.56575412    0.54320998    0.52786684    0.68384499    0.45225238    0.42643766    0.48382361    0.54614916    0.51020720    0.51814956    0.47756615    0.43961158    0.38525361    0.42342236    0.40930382    0.62333709    0.46776677    0.52499161    0.66427584    0.50871252    0.62024138    0.44667213    0.40821895    0.38763161    0.41760400    0.38074448    0.57385629    0.60365696    0.42645549    0.40837495    0.47459303    0.42333434    0.47705745    0.44561345    0.59291235    0.58559914    0.58527989    0.67788032    0.59853866    0.58894288    0.38567565    0.37257434    0.45506477
A0A2G5DHU4_AQUCA/698-853     0.53745942    0.00000000    1.36979121    1.52943961    1.30584703    1.37829649    0.91700839    0.67916351    0.68497113    0.78958279    0.93735542    0.63860402    0.62589938    0.63398140    0.68818406    0.55927872    0.59954289    0.66046956    0.72025096    0.59086574    0.68396487    0.59489920    0.61698459    0.49657994    0.56484282    0.52903605    0.79076582    0.55845910    0.67436800    0.69510810    0.60128706    0.73612167    0.57250657    0.49602069    0.58139107    0.50213637    0.53494593    0.65080774    0.78966858    0.50616011    0.57236221    0.60240572    0.55309162    0.61755203    0.53945625    0.74308674    0.83900637    0.71866500    0.78343184    0.75363419    0.72268528    0.56502484    0.52088697    0.60563061
A0A1Q3BD55_CEPFO/612-765     1.56711954    1.36979121    0.00000000    1.05061124    0.93747894    1.27688072    1.60820844    1.55502442    1.46966070    1.68810324    1.71152113    1.35260746    1.45853394    1.46940358    1.53643623    1.37934989    1.42165502    1.48555204    1.47457027    1.41178307    1.42191840    1.55788646    1.49003145    1.48211244    1.41768718    1.68979657    1.63813810    1.54334558    1.39817387    1.38035337    1.40201209    1.51043762    1.60859076    1.55200293    1.40459869    1.52932216    1.62627381    1.63425849    1.83711477    1.52913303    1.44810759    1.49584246    1.52419780    1.49547687    1.40042270    1.70265464    1.58636894    1.77656193    1.71356885    1.65740627    1.70529550    1.51336432    1.43879819    1.48539784
A0A251R6A3_PRUPE/611-768     1.66138243    1.52943961    1.05061124    0.00000000    0.91707879    1.02064213    1.52574936    1.53788781    1.33777303    1.66224438    1.59252030    1.39833241    1.51095437    1.43344121    1.53426547    1.26596028    1.35294937    1.32499439    1.52473717    1.40501760    1.57791486    1.48569513    1.46122722    1.45692879    1.55872897    1.54960281    1.71258929    1.69405672    1.59601219    1.49520110    1.64941345    1.59999047    1.66755964    1.60075334    1.47906329    1.46448732    1.42313454    1.51542541    1.75314792    1.50833438    1.52039555    1.54606148    1.49537933    1.48798376    1.44569340    1.57330141    1.57837893    1.70786800    1.73448502    1.60141162    1.73305952    1.42027418    1.37928593    1.40559955
A0A6P9DWJ5_JUGRE/613-767     1.45675708    1.30584703    0.93747894    0.91707879    0.00000000    0.90531993    1.75267436    1.39222174    1.48672673    1.66475964    1.83952905    1.51137338    1.54027230    1.42148205    1.38728886    1.34299138    1.46743920    1.51468551    1.63396838    1.38785167    1.49392310    1.48881140    1.44622053    1.42808157    1.41215245    1.40010987    1.71607189    1.55089045    1.48482425    1.38448501    1.47743964    1.58170751    1.45104620    1.49048377    1.29204930    1.51022792    1.47522560    1.51937020    1.73973939    1.42642404    1.43135083    1.40889270    1.36499311    1.38752448    1.33392362    1.53320302    1.45018245    1.58318660    1.64653322    1.52729052    1.71718566    1.42233053    1.41540840    1.45681303
W9R2F7_9ROSA/558-708     1.62163899    1.37829649    1.27688072    1.02064213    0.90531993    0.00000000    1.48216384    1.43884123    1.55151599    1.63985953    1.83792886    1.55128022    1.61544487    1.55218126    1.67534643    1.36560069    1.46818069    1.54562060    1.76305832    1.50350851    1.58597934    1.55150899    1.56240947    1.51606162    1.60472434    1.76975749    1.62898911    1.55037666    1.64954940    1.61958133    1.54434194    1.56126267    1.64509268    1.55954365    1.43933674    1.41799769    1.49201702    1.77474965    1.90139639    1.59015650    1.61495891    1.60676760    1.55465612    1.54683131    1.49583761    1.61166249    1.46942887    1.64862069    1.55117309    1.64254683    1.75051151    1.49278782    1.52714555    1.61108689
W1PC91_AMBTC/686-855     1.01609942    0.91700839    1.60820844    1.52574936    1.75267436    1.48216384    0.00000000    0.90673795    1.02495684    1.17119581    1.17864927    1.01638230    1.14590161    1.06231155    1.19457254    0.98509284    1.07982300    1.04952889    1.13732973    1.09026320    1.01701833    0.97886490    1.02583641    1.12046224    1.13396498    1.03104787    1.12240480    0.96641327    1.07815613    1.20516810    0.96134648    0.98571532    1.10550489    0.98406014    0.86498283    0.81347744    0.91489484    1.19515689    1.21896683    0.91540819    0.92584126    0.95731978    0.89187247    0.99489794    0.89833531    1.14416196    1.07439051    1.11458938    1.15043174    1.10292974    1.33723929    0.94553298    0.93872218    1.07239234
A0A3S3MTW7_9MAGN/670-823     0.76992048    0.67916351    1.55502442    1.53788781    1.39222174    1.43884123    0.90673795    0.00000000    0.94698618    0.95582930    1.00964794    0.74006577    0.72147101    0.79793887    0.96045931    0.74695127    0.77139506    0.81327139    1.01104773    0.83367122    0.87955754    0.79820600    0.86377672    0.77148382    0.79362486    0.79308509    0.92701941    0.80852370    0.86540558    0.91591570    0.84050463    0.90006353    0.72425853    0.67686235    0.74647894    0.70695735    0.76097134    0.77648608    0.93706029    0.75093181    0.74519950    0.87556733    0.79531856    0.77349253    0.77957097    0.82697426    0.95213772    0.92159097    0.97129816    0.93486726    0.90104047    0.74054631    0.70635985    0.71259850
A0A0K9QFN1_SPIOL/634-781     0.60672995    0.68497113    1.46966070    1.33777303    1.48672673    1.55151599    1.02495684    0.94698618    0.00000000    0.79895651    0.88471042    0.68603576    0.64942141    0.60224830    0.68218856    0.53051983    0.60741712    0.69466345    0.71991644    0.67225585    0.69064588    0.61383353    0.61264855    0.60343181    0.63364394    0.62951542    0.85994411    0.58961475    0.71416775    0.75374497    0.69976026    0.81897463    0.61340872    0.60536944    0.62968852    0.53690477    0.54780458    0.77138406    0.86195517    0.66801674    0.71137091    0.66399243    0.72768041    0.68859988    0.60024748    0.79533378    0.85757605    0.78456901    0.81733192    0.83304800    0.83720382    0.65242260    0.62518475    0.64924930
A0A118JY27_CYNCS/679-830     0.75931248    0.78958279    1.68810324    1.66224438    1.66475964    1.63985953    1.17119581    0.95582930    0.79895651    0.00000000    0.54871460    0.44179155    0.48577077    0.69015747    0.82210042    0.59495418    0.60750993    0.68098367    0.78680604    0.63423243    0.70840992    0.63627816    0.68826044    0.52298180    0.62821161    0.74702660    1.00497968    0.80509061    0.78709234    0.83360633    0.78666689    0.89226187    0.72671453    0.78216670    0.78867862    0.62860003    0.70702271    0.82287311    1.05725296    0.77069509    0.71051400    0.79167197    0.75232988    0.80190936    0.71402757    0.87085966    0.95295719    0.91451178    0.92107873    0.88475611    0.85511991    0.69835472    0.66613154    0.75511879
A0A5N6NBP3_9ASTR/538-691     0.87025198    0.93735542    1.71152113    1.59252030    1.83952905    1.83792886    1.17864927    1.00964794    0.88471042    0.54871460    0.00000000    0.57118276    0.57684635    0.74743855    0.96934890    0.70036536    0.63493368    0.71022319    0.76239727    0.74868911    0.81512072    0.77581711    0.71603648    0.67127934    0.67163484    0.85191859    1.30486065    0.96325740    0.94648026    1.04860005    0.94251538    1.02280185    0.90823230    0.93800328    0.92628285    0.83884443    0.88995182    0.86766896    1.21247057    0.92076270    0.86463329    0.91078702    0.80375619    0.95205965    0.81552005    1.00447333    1.14390971    1.05531069    1.06368296    1.07549058    1.03707742    0.89017153    0.72658765    0.72079207
A0A5N6PPR2_9ASTR/602-755     0.56575412    0.63860402    1.35260746    1.39833241    1.51137338    1.55128022    1.01638230    0.74006577    0.68603576    0.44179155    0.57118276    0.00000000    0.24951357    0.47620818    0.66205599    0.41762923    0.41697265    0.49946191    0.54147655    0.45826642    0.50400894    0.48136911    0.45522731    0.46057278    0.44722987    0.55176139    0.81620136    0.71382189    0.68629157    0.73800347    0.62835306    0.74996194    0.64933308    0.58741262    0.64219174    0.52317878    0.60747354    0.71844196    0.85819307    0.60381427    0.58144138    0.61655673    0.58119751    0.60941999    0.52861595    0.72555476    0.84406973    0.73120608    0.78738865    0.68836299    0.69322811    0.56250392    0.51175350    0.57809667
A0A251T0B5_HELAN/590-743     0.54320998    0.62589938    1.45853394    1.51095437    1.54027230    1.61544487    1.14590161    0.72147101    0.64942141    0.48577077    0.57684635    0.24951357    0.00000000    0.45741890    0.64575171    0.39638292    0.41046342    0.51377297    0.59289800    0.48279330    0.54777616    0.49490464    0.45568100    0.43996769    0.43108424    0.55745247    0.85333853    0.65154537    0.65657259    0.69681737    0.64590630    0.72114326    0.60566144    0.50381660    0.59488669    0.57169470    0.57992499    0.61065794    0.78421768    0.60518644    0.57949717    0.62056438    0.60554833    0.61844248    0.52601567    0.70950804    0.77120514    0.68887863    0.77226190    0.76665620    0.72638996    0.60054148    0.53169433    0.51125105
A0A1U7Y7H7_NICSY/664-819     0.52786684    0.63398140    1.46940358    1.43344121    1.42148205    1.55218126    1.06231155    0.79793887    0.60224830    0.69015747    0.74743855    0.47620818    0.45741890    0.00000000    0.53310717    0.23398279    0.32648566    0.42427353    0.58926879    0.42451340    0.43481978    0.43850500    0.41031087    0.35304476    0.45570325    0.57130857    0.80033348    0.63788249    0.61455411    0.62562234    0.60470847    0.71086597    0.52491198    0.48300694    0.50326983    0.49696647    0.50826645    0.60791675    0.71324175    0.55010070    0.56720775    0.63525303    0.59665072    0.65088718    0.53696037    0.61409019    0.68266020    0.66256985    0.66453659    0.67939985    0.66456368    0.47694707    0.36899139    0.55320267
A0A328DI73_9ASTE/653-800     0.68384499    0.68818406    1.53643623    1.53426547    1.38728886    1.67534643    1.19457254    0.96045931    0.68218856    0.82210042    0.96934890    0.66205599    0.64575171    0.53310717    0.00000000    0.45043063    0.55355145    0.60429714    0.70443314    0.58366367    0.54914683    0.53325993    0.54632357    0.55042196    0.59804754    0.69471399    0.81230492    0.70939541    0.74939180    0.70734292    0.70227769    0.78827371    0.65834592    0.64437056    0.71072651    0.62049465    0.57467568    0.77271429    0.84548787    0.66838589    0.67432125    0.73136059    0.74757055    0.62950289    0.64574651    0.77458845    0.82728554    0.75618626    0.82318653    0.89557497    0.78384348    0.61952978    0.56304698    0.72407910
A0A1U7XYR1_NICSY/694-848     0.45225238    0.55927872    1.37934989    1.26596028    1.34299138    1.36560069    0.98509284    0.74695127    0.53051983    0.59495418    0.70036536    0.41762923    0.39638292    0.23398279    0.45043063    0.00000000    0.25465727    0.34534946    0.45754938    0.37086596    0.39684341    0.37154330    0.28927381    0.37367205    0.40676519    0.49410468    0.67938464    0.53976432    0.56612330    0.55690402    0.59426935    0.62872187    0.46950203    0.49266571    0.50210804    0.45216213    0.41124642    0.61292835    0.68637683    0.51863044    0.53902956    0.54555127    0.53657305    0.55971686    0.45043913    0.54785957    0.60731391    0.57731655    0.63779068    0.62650681    0.63814964    0.38436796    0.34247701    0.49929530
A0A068TP65_COFCA/692-846     0.42643766    0.59954289    1.42165502    1.35294937    1.46743920    1.46818069    1.07982300    0.77139506    0.60741712    0.60750993    0.63493368    0.41697265    0.41046342    0.32648566    0.55355145    0.25465727    0.00000000    0.34674033    0.40221766    0.34991052    0.42368498    0.35408193    0.32971132    0.33816733    0.35148899    0.45658779    0.66062963    0.57519942    0.57049642    0.62161325    0.60979725    0.71237719    0.61739371    0.47368264    0.54108335    0.48550384    0.48365659    0.64960810    0.72410256    0.51564412    0.50563334    0.56762925    0.55213917    0.62201105    0.46557975    0.63409986    0.70010787    0.68476624    0.71146548    0.68020307    0.60786713    0.41041454    0.36780865    0.49043951
A0A2Z7AZW5_9LAMI/683-835     0.48382361    0.66046956    1.48555204    1.32499439    1.51468551    1.54562060    1.04952889    0.81327139    0.69466345    0.68098367    0.71022319    0.49946191    0.51377297    0.42427353    0.60429714    0.34534946    0.34674033    0.00000000    0.38702162    0.32890070    0.36327271    0.34278159    0.31856448    0.40809993    0.46855966    0.52877532    0.85054114    0.60098427    0.67165509    0.73052149    0.66514650    0.72540177    0.57359186    0.56935727    0.55453973    0.58577154    0.59292458    0.63882397    0.76629792    0.58439671    0.59615224    0.57907849    0.60004676    0.60182157    0.48572488    0.70598808    0.74386223    0.75844063    0.79585142    0.77234250    0.66389974    0.47525461    0.43814422    0.54532615
S8CKE2_9LAMI/348-493     0.54614916    0.72025096    1.47457027    1.52473717    1.63396838    1.76305832    1.13732973    1.01104773    0.71991644    0.78680604    0.76239727    0.54147655    0.59289800    0.58926879    0.70443314    0.45754938    0.40221766    0.38702162    0.00000000    0.43417164    0.41838342    0.40953686    0.33529823    0.42030889    0.48990298    0.60353517    0.83442231    0.72331473    0.66536100    0.77108365    0.67061068    0.75559910    0.76212806    0.68300010    0.65666636    0.63419793    0.68202730    0.64833165    0.80610987    0.69859980    0.66611692    0.62645131    0.59599764    0.72571327    0.56918614    0.78950721    0.84970466    0.80313267    0.83192114    0.80308841    0.83050502    0.60710223    0.53833628    0.61456824
A0A022Q0I8_ERYGU/680-835     0.51020720    0.59086574    1.41178307    1.40501760    1.38785167    1.50350851    1.09026320    0.83367122    0.67225585    0.63423243    0.74868911    0.45826642    0.48279330    0.42451340    0.58366367    0.37086596    0.34991052    0.32890070    0.43417164    0.00000000    0.32791342    0.35375639    0.31703478    0.40423768    0.42404754    0.56479319    0.77955279    0.62521158    0.63864602    0.62241125    0.63966444    0.68595169    0.60291347    0.52381640    0.57011287    0.50121054    0.52963538    0.62770172    0.78206648    0.57079800    0.56647532    0.61344229    0.58427564    0.59902980    0.50021676    0.64672440    0.75670149    0.66461577    0.74843446    0.68502368    0.72439055    0.51172347    0.45270691    0.55520542
A0A5A7R782_STRAF/1083-1236     0.51814956    0.68396487    1.42191840    1.57791486    1.49392310    1.58597934    1.01701833    0.87955754    0.69064588    0.70840992    0.81512072    0.50400894    0.54777616    0.43481978    0.54914683    0.39684341    0.42368498    0.36327271    0.41838342    0.32791342    0.00000000    0.29660937    0.33577221    0.42563928    0.41408764    0.62055960    0.77664031    0.66214304    0.65041400    0.72804038    0.65015851    0.74697775    0.59787555    0.54748218    0.54066328    0.55374602    0.56235324    0.67847518    0.70686387    0.55948627    0.58250067    0.67747733    0.62655948    0.65217146    0.56557136    0.69989202    0.76312704    0.70613381    0.71893599    0.72003230    0.71672219    0.51025469    0.42294088    0.57923177
A0A2G9GW90_9LAMI/666-820     0.47756615    0.59489920    1.55788646    1.48569513    1.48881140    1.55150899    0.97886490    0.79820600    0.61383353    0.63627816    0.77581711    0.48136911    0.49490464    0.43850500    0.53325993    0.37154330    0.35408193    0.34278159    0.40953686    0.35375639    0.29660937    0.00000000    0.30347916    0.33965028    0.45027976    0.51698965    0.73032349    0.56682882    0.56883578    0.69471021    0.56388244    0.62773566    0.56097643    0.48589121    0.61232355    0.45398085    0.52466606    0.66284551    0.68259750    0.58682748    0.52152263    0.58604547    0.57767294    0.59795024    0.51467722    0.64235471    0.75080706    0.66786895    0.75642814    0.71884158    0.58052366    0.49103942    0.42979498    0.53648534
A0A4D8YV73_SALSN/678-832     0.43961158    0.61698459    1.49003145    1.46122722    1.44622053    1.56240947    1.02583641    0.86377672    0.61264855    0.68826044    0.71603648    0.45522731    0.45568100    0.41031087    0.54632357    0.28927381    0.32971132    0.31856448    0.33529823    0.31703478    0.33577221    0.30347916    0.00000000    0.33525501    0.35160333    0.45873410    0.78217153    0.60239042    0.60286329    0.66442537    0.61695000    0.69030058    0.54853314    0.54815998    0.52632562    0.48241577    0.49907218    0.63155419    0.69320142    0.54553676    0.52990762    0.57415064    0.58603988    0.60894346    0.52690081    0.60263087    0.67867579    0.61655643    0.73726315    0.65830567    0.63870360    0.45692870    0.42931858    0.53191183
A0A5J5BGS7_9ASTE/603-757     0.38525361    0.49657994    1.48211244    1.45692879    1.42808157    1.51606162    1.12046224    0.77148382    0.60343181    0.52298180    0.67127934    0.46057278    0.43996769    0.35304476    0.55042196    0.37367205    0.33816733    0.40809993    0.42030889    0.40423768    0.42563928    0.33965028    0.33525501    0.00000000    0.34364333    0.48265584    0.74045157    0.55469264    0.57017608    0.60344383    0.52993660    0.64927105    0.49584627    0.48083796    0.49440734    0.40146035    0.39622213    0.60424574    0.66728913    0.53921884    0.47339531    0.53767240    0.52631807    0.60086056    0.46890386    0.64522955    0.72179296    0.66440676    0.73594691    0.69779726    0.59385705    0.48553978    0.42164623    0.52138458
A0A161ZS23_DAUCS/689-857     0.42342236    0.56484282    1.41768718    1.55872897    1.41215245    1.60472434    1.13396498    0.79362486    0.63364394    0.62821161    0.67163484    0.44722987    0.43108424    0.45570325    0.59804754    0.40676519    0.35148899    0.46855966    0.48990298    0.42404754    0.41408764    0.45027976    0.35160333    0.34364333    0.00000000    0.47074975    0.73942450    0.56309801    0.56305893    0.60217225    0.59244101    0.63549038    0.51854761    0.43839006    0.53286769    0.49167264    0.48368842    0.59902866    0.69480072    0.50936613    0.45700435    0.55049089    0.58013246    0.64726940    0.54772096    0.68728235    0.77610587    0.70133074    0.75621978    0.73497277    0.65309847    0.46388016    0.40754462    0.52058865
F6HXQ9_VITVI/687-841     0.40930382    0.52903605    1.68979657    1.54960281    1.40010987    1.76975749    1.03104787    0.79308509    0.62951542    0.74702660    0.85191859    0.55176139    0.55745247    0.57130857    0.69471399    0.49410468    0.45658779    0.52877532    0.60353517    0.56479319    0.62055960    0.51698965    0.45873410    0.48265584    0.47074975    0.00000000    0.77245104    0.53374688    0.54459240    0.60121778    0.57324933    0.63446394    0.49191216    0.40957012    0.50728024    0.46553132    0.44432085    0.59254159    0.69153784    0.45837162    0.51312125    0.49602038    0.47339767    0.55269860    0.46475265    0.68378628    0.71770475    0.65300381    0.69358538    0.66552456    0.63540685    0.46843264    0.45781792    0.50646668
A0A5A7UW90_CUCME/699-853     0.62333709    0.79076582    1.63813810    1.71258929    1.71607189    1.62898911    1.12240480    0.92701941    0.85994411    1.00497968    1.30486065    0.81620136    0.85333853    0.80033348    0.81230492    0.67938464    0.66062963    0.85054114    0.83442231    0.77955279    0.77664031    0.73032349    0.78217153    0.74045157    0.73942450    0.77245104    0.00000000    0.69436869    0.65047035    0.72422672    0.61041870    0.66461790    0.67046787    0.57466537    0.63926818    0.62422604    0.61815172    0.84611110    0.95051398    0.63993580    0.62107047    0.73405406    0.75800664    0.72998914    0.69474942    0.91460681    0.88122915    0.86669927    0.95733362    0.88364156    0.79598038    0.55442021    0.60974264    0.80953545
A0A4P1R5M6_LUPAN/660-813     0.46776677    0.55845910    1.54334558    1.69405672    1.55089045    1.55037666    0.96641327    0.80852370    0.58961475    0.80509061    0.96325740    0.71382189    0.65154537    0.63788249    0.70939541    0.53976432    0.57519942    0.60098427    0.72331473    0.62521158    0.66214304    0.56682882    0.60239042    0.55469264    0.56309801    0.53374688    0.69436869    0.00000000    0.32993875    0.47395405    0.31621045    0.44256074    0.52374987    0.46540702    0.53361863    0.50261011    0.45875782    0.65729880    0.71694463    0.55554003    0.47601985    0.55216095    0.58083907    0.52504088    0.50786261    0.71020317    0.70954225    0.70556319    0.72385543    0.67531987    0.72294820    0.52591774    0.54134398    0.58450281
A0A151S6R6_CAJCA/678-830     0.52499161    0.67436800    1.39817387    1.59601219    1.48482425    1.64954940    1.07815613    0.86540558    0.71416775    0.78709234    0.94648026    0.68629157    0.65657259    0.61455411    0.74939180    0.56612330    0.57049642    0.67165509    0.66536100    0.63864602    0.65041400    0.56883578    0.60286329    0.57017608    0.56305893    0.54459240    0.65047035    0.32993875    0.00000000    0.29263637    0.25606636    0.38655198    0.50354160    0.48029110    0.55943339    0.51081886    0.52129086    0.64311964    0.80721725    0.59913651    0.50974135    0.56593037    0.51290812    0.56858623    0.52873061    0.74224980    0.76481595    0.74152160    0.72575163    0.70754232    0.75369977    0.55716084    0.52099429    0.59035697
A0A1S3VDX7_VIGRR/679-831     0.66427584    0.69510810    1.38035337    1.49520110    1.38448501    1.61958133    1.20516810    0.91591570    0.75374497    0.83360633    1.04860005    0.73800347    0.69681737    0.62562234    0.70734292    0.55690402    0.62161325    0.73052149    0.77108365    0.62241125    0.72804038    0.69471021    0.66442537    0.60344383    0.60217225    0.60121778    0.72422672    0.47395405    0.29263637    0.00000000    0.44784531    0.45054954    0.57504359    0.55254182    0.63052506    0.62504496    0.58786116    0.64051384    0.82973999    0.63692828    0.61702767    0.71835228    0.62203350    0.71067445    0.61588959    0.81351042    0.87010082    0.82128292    0.82755509    0.81569629    0.81092362    0.63490091    0.58988115    0.62208221
A0A444XGW9_ARAHY/644-797     0.50871252    0.60128706    1.40201209    1.64941345    1.47743964    1.54434194    0.96134648    0.84050463    0.69976026    0.78666689    0.94251538    0.62835306    0.64590630    0.60470847    0.70227769    0.59426935    0.60979725    0.66514650    0.67061068    0.63966444    0.65015851    0.56388244    0.61695000    0.52993660    0.59244101    0.57324933    0.61041870    0.31621045    0.25606636    0.44784531    0.00000000    0.34323884    0.52788145    0.45326556    0.49337301    0.49018172    0.50906701    0.65037200    0.69506390    0.57061802    0.51589836    0.58612313    0.54965078    0.56281542    0.51407804    0.74759677    0.77032746    0.69714149    0.72741112    0.70092983    0.69519147    0.55258212    0.56428221    0.58406682
A0A1S2YVD5_CICAR/683-835     0.62024138    0.73612167    1.51043762    1.59999047    1.58170751    1.56126267    0.98571532    0.90006353    0.81897463    0.89226187    1.02280185    0.74996194    0.72114326    0.71086597    0.78827371    0.62872187    0.71237719    0.72540177    0.75559910    0.68595169    0.74697775    0.62773566    0.69030058    0.64927105    0.63549038    0.63446394    0.66461790    0.44256074    0.38655198    0.45054954    0.34323884    0.00000000    0.61620309    0.60659915    0.60406076    0.61180916    0.56425015    0.67914643    0.83685696    0.69404599    0.65172600    0.63442688    0.63312118    0.60897294    0.64446088    0.78740856    0.83331137    0.84909477    0.85207869    0.82677091    0.85392754    0.62697824    0.59855717    0.66960888
A0A6A6LHJ7_HEVBR/614-763     0.44667213    0.57250657    1.60859076    1.66755964    1.45104620    1.64509268    1.10550489    0.72425853    0.61340872    0.72671453    0.90823230    0.64933308    0.60566144    0.52491198    0.65834592    0.46950203    0.61739371    0.57359186    0.76212806    0.60291347    0.59787555    0.56097643    0.54853314    0.49584627    0.51854761    0.49191216    0.67046787    0.52374987    0.50354160    0.57504359    0.52788145    0.61620309    0.00000000    0.23847428    0.43801407    0.40954255    0.40909373    0.57054359    0.62837180    0.46842543    0.46731074    0.61313903    0.51731248    0.53221468    0.54583219    0.60620573    0.66060641    0.61867843    0.69350072    0.64756168    0.69165936    0.47919751    0.40964375    0.50449424
B9ST76_RICCO/694-848     0.40821895    0.49602069    1.55200293    1.60075334    1.49048377    1.55954365    0.98406014    0.67686235    0.60536944    0.78216670    0.93800328    0.58741262    0.50381660    0.48300694    0.64437056    0.49266571    0.47368264    0.56935727    0.68300010    0.52381640    0.54748218    0.48589121    0.54815998    0.48083796    0.43839006    0.40957012    0.57466537    0.46540702    0.48029110    0.55254182    0.45326556    0.60659915    0.23847428    0.00000000    0.36891394    0.36643779    0.39020720    0.48830156    0.55000223    0.39559427    0.38693979    0.48346934    0.44420133    0.45222523    0.43940043    0.55034659    0.64188431    0.56975297    0.60258513    0.59682321    0.53116048    0.42758734    0.37798923    0.44708248
A0A3N7G268_POPTR/691-845     0.38763161    0.58139107    1.40459869    1.47906329    1.29204930    1.43933674    0.86498283    0.74647894    0.62968852    0.78867862    0.92628285    0.64219174    0.59488669    0.50326983    0.71072651    0.50210804    0.54108335    0.55453973    0.65666636    0.57011287    0.54066328    0.61232355    0.52632562    0.49440734    0.53286769    0.50728024    0.63926818    0.53361863    0.55943339    0.63052506    0.49337301    0.60406076    0.43801407    0.36891394    0.00000000    0.42852979    0.38699452    0.53972816    0.66808634    0.45396955    0.44094007    0.55948158    0.51906507    0.54086340    0.49484170    0.66578010    0.65547954    0.67317557    0.64156000    0.65742507    0.62158351    0.45150894    0.48414251    0.54513250
A0A5N6QIP2_9ROSI/693-843     0.41760400    0.50213637    1.52932216    1.46448732    1.51022792    1.41799769    0.81347744    0.70695735    0.53690477    0.62860003    0.83884443    0.52317878    0.57169470    0.49696647    0.62049465    0.45216213    0.48550384    0.58577154    0.63419793    0.50121054    0.55374602    0.45398085    0.48241577    0.40146035    0.49167264    0.46553132    0.62422604    0.50261011    0.51081886    0.62504496    0.49018172    0.61180916    0.40954255    0.36643779    0.42852979    0.00000000    0.19546310    0.57115448    0.64124203    0.48791062    0.42220322    0.52148127    0.50691522    0.58355606    0.43459120    0.63923343    0.66956979    0.64561025    0.65971713    0.68547115    0.67114781    0.41876153    0.40279872    0.49926569
A0A2I4G5Q1_JUGRE/702-854     0.38074448    0.53494593    1.62627381    1.42313454    1.47522560    1.49201702    0.91489484    0.76097134    0.54780458    0.70702271    0.88995182    0.60747354    0.57992499    0.50826645    0.57467568    0.41124642    0.48365659    0.59292458    0.68202730    0.52963538    0.56235324    0.52466606    0.49907218    0.39622213    0.48368842    0.44432085    0.61815172    0.45875782    0.52129086    0.58786116    0.50906701    0.56425015    0.40909373    0.39020720    0.38699452    0.19546310    0.00000000    0.59275149    0.56348413    0.47529202    0.39519257    0.47746501    0.49091754    0.54452945    0.43895849    0.63923576    0.66526224    0.65204479    0.67669317    0.67974390    0.65635235    0.44374693    0.42555995    0.46582986
W9SHG9_9ROSA/706-858     0.57385629    0.65080774    1.63425849    1.51542541    1.51937020    1.77474965    1.19515689    0.77648608    0.77138406    0.82287311    0.86766896    0.71844196    0.61065794    0.60791675    0.77271429    0.61292835    0.64960810    0.63882397    0.64833165    0.62770172    0.67847518    0.66284551    0.63155419    0.60424574    0.59902866    0.59254159    0.84611110    0.65729880    0.64311964    0.64051384    0.65037200    0.67914643    0.57054359    0.48830156    0.53972816    0.57115448    0.59275149    0.00000000    0.46302710    0.64600721    0.55906673    0.63978828    0.58573053    0.63962588    0.63323037    0.69003442    0.82177252    0.74027504    0.72021720    0.78030217    0.77727849    0.59438966    0.48626537    0.57356480
A0A2P5B442_PARAD/699-860     0.60365696    0.78966858    1.83711477    1.75314792    1.73973939    1.90139639    1.21896683    0.93706029    0.86195517    1.05725296    1.21247057    0.85819307    0.78421768    0.71324175    0.84548787    0.68637683    0.72410256    0.76629792    0.80610987    0.78206648    0.70686387    0.68259750    0.69320142    0.66728913    0.69480072    0.69153784    0.95051398    0.71694463    0.80721725    0.82973999    0.69506390    0.83685696    0.62837180    0.55000223    0.66808634    0.64124203    0.56348413    0.46302710    0.00000000    0.68476989    0.65891564    0.73206204    0.71315068    0.74273629    0.71289439    0.78893356    0.79061017    0.75572539    0.81086669    0.85135355    0.85667180    0.63555932    0.57358604    0.61530005
A0A067FBZ1_CITSI/675-828     0.42645549    0.50616011    1.52913303    1.50833438    1.42642404    1.59015650    0.91540819    0.75093181    0.66801674    0.77069509    0.92076270    0.60381427    0.60518644    0.55010070    0.66838589    0.51863044    0.51564412    0.58439671    0.69859980    0.57079800    0.55948627    0.58682748    0.54553676    0.53921884    0.50936613    0.45837162    0.63993580    0.55554003    0.59913651    0.63692828    0.57061802    0.69404599    0.46842543    0.39559427    0.45396955    0.48791062    0.47529202    0.64600721    0.68476989    0.00000000    0.33689114    0.45301220    0.49528705    0.48634878    0.41253505    0.57960208    0.58356029    0.54788614    0.60990906    0.54443567    0.60043845    0.43118735    0.38428679    0.45610591
A0A5C7IG06_9ROSI/692-845     0.40837495    0.57236221    1.44810759    1.52039555    1.43135083    1.61495891    0.92584126    0.74519950    0.71137091    0.71051400    0.86463329    0.58144138    0.57949717    0.56720775    0.67432125    0.53902956    0.50563334    0.59615224    0.66611692    0.56647532    0.58250067    0.52152263    0.52990762    0.47339531    0.45700435    0.51312125    0.62107047    0.47601985    0.50974135    0.61702767    0.51589836    0.65172600    0.46731074    0.38693979    0.44094007    0.42220322    0.39519257    0.55906673    0.65891564    0.33689114    0.00000000    0.41368364    0.45723835    0.49108765    0.42758573    0.59300915    0.57734673    0.62517125    0.63837652    0.59012685    0.58302461    0.42959951    0.39327100    0.50197642
A0A061GCM4_THECC/636-792     0.47459303    0.60240572    1.49584246    1.54606148    1.40889270    1.60676760    0.95731978    0.87556733    0.66399243    0.79167197    0.91078702    0.61655673    0.62056438    0.63525303    0.73136059    0.54555127    0.56762925    0.57907849    0.62645131    0.61344229    0.67747733    0.58604547    0.57415064    0.53767240    0.55049089    0.49602038    0.73405406    0.55216095    0.56593037    0.71835228    0.58612313    0.63442688    0.61313903    0.48346934    0.55948158    0.52148127    0.47746501    0.63978828    0.73206204    0.45301220    0.41368364    0.00000000    0.26738005    0.35368830    0.22402741    0.59425565    0.64280315    0.59401935    0.60911849    0.56120140    0.59297231    0.51293559    0.46970327    0.55187553
A0A5B6W9D8_9ROSI/665-821     0.42333434    0.55309162    1.52419780    1.49537933    1.36499311    1.55465612    0.89187247    0.79531856    0.72768041    0.75232988    0.80375619    0.58119751    0.60554833    0.59665072    0.74757055    0.53657305    0.55213917    0.60004676    0.59599764    0.58427564    0.62655948    0.57767294    0.58603988    0.52631807    0.58013246    0.47339767    0.75800664    0.58083907    0.51290812    0.62203350    0.54965078    0.63312118    0.51731248    0.44420133    0.51906507    0.50691522    0.49091754    0.58573053    0.71315068    0.49528705    0.45723835    0.26738005    0.00000000    0.31566142    0.25500394    0.58973643    0.63001361    0.58638851    0.63190002    0.55979942    0.61717080    0.50081817    0.44882892    0.56592217
A0A1R3H6X0_9ROSI/692-847     0.47705745    0.61755203    1.49547687    1.48798376    1.38752448    1.54683131    0.99489794    0.77349253    0.68859988    0.80190936    0.95205965    0.60941999    0.61844248    0.65088718    0.62950289    0.55971686    0.62201105    0.60182157    0.72571327    0.59902980    0.65217146    0.59795024    0.60894346    0.60086056    0.64726940    0.55269860    0.72998914    0.52504088    0.56858623    0.71067445    0.56281542    0.60897294    0.53221468    0.45222523    0.54086340    0.58355606    0.54452945    0.63962588    0.74273629    0.48634878    0.49108765    0.35368830    0.31566142    0.00000000    0.30886086    0.58248504    0.59603207    0.56156285    0.60252754    0.51856042    0.65162980    0.51796052    0.49974370    0.60518163
A0A5D2UV87_GOSMU/675-831     0.44561345    0.53945625    1.40042270    1.44569340    1.33392362    1.49583761    0.89833531    0.77957097    0.60024748    0.71402757    0.81552005    0.52861595    0.52601567    0.53696037    0.64574651    0.45043913    0.46557975    0.48572488    0.56918614    0.50021676    0.56557136    0.51467722    0.52690081    0.46890386    0.54772096    0.46475265    0.69474942    0.50786261    0.52873061    0.61588959    0.51407804    0.64446088    0.54583219    0.43940043    0.49484170    0.43459120    0.43895849    0.63323037    0.71289439    0.41253505    0.42758573    0.22402741    0.25500394    0.30886086    0.00000000    0.57152847    0.57855017    0.51717249    0.55967528    0.55335622    0.50286865    0.46051894    0.42416795    0.46360963
A0A0D3AQ31_BRAOL/499-650     0.59291235    0.74308674    1.70265464    1.57330141    1.53320302    1.61166249    1.14416196    0.82697426    0.79533378    0.87085966    1.00447333    0.72555476    0.70950804    0.61409019    0.77458845    0.54785957    0.63409986    0.70598808    0.78950721    0.64672440    0.69989202    0.64235471    0.60263087    0.64522955    0.68728235    0.68378628    0.91460681    0.71020317    0.74224980    0.81351042    0.74759677    0.78740856    0.60620573    0.55034659    0.66578010    0.63923343    0.63923576    0.69003442    0.78893356    0.57960208    0.59300915    0.59425565    0.58973643    0.58248504    0.57152847    0.00000000    0.23248151    0.26615394    0.30617485    0.27003542    0.68028692    0.60722347    0.52355777    0.61446188
A0A6D2KYV1_9BRAS/666-817     0.58559914    0.83900637    1.58636894    1.57837893    1.45018245    1.46942887    1.07439051    0.95213772    0.85757605    0.95295719    1.14390971    0.84406973    0.77120514    0.68266020    0.82728554    0.60731391    0.70010787    0.74386223    0.84970466    0.75670149    0.76312704    0.75080706    0.67867579    0.72179296    0.77610587    0.71770475    0.88122915    0.70954225    0.76481595    0.87010082    0.77032746    0.83331137    0.66060641    0.64188431    0.65547954    0.66956979    0.66526224    0.82177252    0.79061017    0.58356029    0.57734673    0.64280315    0.63001361    0.59603207    0.57855017    0.23248151    0.00000000    0.26866774    0.32114980    0.25712646    0.69824447    0.60866459    0.53419146    0.62561874
A0A087HHQ7_ARAAL/653-804     0.58527989    0.71866500    1.77656193    1.70786800    1.58318660    1.64862069    1.11458938    0.92159097    0.78456901    0.91451178    1.05531069    0.73120608    0.68887863    0.66256985    0.75618626    0.57731655    0.68476624    0.75844063    0.80313267    0.66461577    0.70613381    0.66786895    0.61655643    0.66440676    0.70133074    0.65300381    0.86669927    0.70556319    0.74152160    0.82128292    0.69714149    0.84909477    0.61867843    0.56975297    0.67317557    0.64561025    0.65204479    0.74027504    0.75572539    0.54788614    0.62517125    0.59401935    0.58638851    0.56156285    0.51717249    0.26615394    0.26866774    0.00000000    0.30904894    0.26126915    0.66807542    0.61215883    0.53801791    0.67780348
PHL_ARATH/667-818     0.67788032    0.78343184    1.71356885    1.73448502    1.64653322    1.55117309    1.15043174    0.97129816    0.81733192    0.92107873    1.06368296    0.78738865    0.77226190    0.66453659    0.82318653    0.63779068    0.71146548    0.79585142    0.83192114    0.74843446    0.71893599    0.75642814    0.73726315    0.73594691    0.75621978    0.69358538    0.95733362    0.72385543    0.72575163    0.82755509    0.72741112    0.85207869    0.69350072    0.60258513    0.64156000    0.65971713    0.67669317    0.72021720    0.81086669    0.60990906    0.63837652    0.60911849    0.63190002    0.60252754    0.55967528    0.30617485    0.32114980    0.30904894    0.00000000    0.36950345    0.72786941    0.68815900    0.63366831    0.73190542
A0A397YYE6_BRACM/669-820     0.59853866    0.75363419    1.65740627    1.60141162    1.52729052    1.64254683    1.10292974    0.93486726    0.83304800    0.88475611    1.07549058    0.68836299    0.76665620    0.67939985    0.89557497    0.62650681    0.68020307    0.77234250    0.80308841    0.68502368    0.72003230    0.71884158    0.65830567    0.69779726    0.73497277    0.66552456    0.88364156    0.67531987    0.70754232    0.81569629    0.70092983    0.82677091    0.64756168    0.59682321    0.65742507    0.68547115    0.67974390    0.78030217    0.85135355    0.54443567    0.59012685    0.56120140    0.55979942    0.51856042    0.55335622    0.27003542    0.25712646    0.26126915    0.36950345    0.00000000    0.71595417    0.62203642    0.56512969    0.71145515
A0A2I0IJC1_PUNGR/690-844     0.58894288    0.72268528    1.70529550    1.73305952    1.71718566    1.75051151    1.33723929    0.90104047    0.83720382    0.85511991    1.03707742    0.69322811    0.72638996    0.66456368    0.78384348    0.63814964    0.60786713    0.66389974    0.83050502    0.72439055    0.71672219    0.58052366    0.63870360    0.59385705    0.65309847    0.63540685    0.79598038    0.72294820    0.75369977    0.81092362    0.69519147    0.85392754    0.69165936    0.53116048    0.62158351    0.67114781    0.65635235    0.77727849    0.85667180    0.60043845    0.58302461    0.59297231    0.61717080    0.65162980    0.50286865    0.68028692    0.69824447    0.66807542    0.72786941    0.71595417    0.00000000    0.57192732    0.47707113    0.54255008
