23
A0A1H5UUX8_9ACTN/1-202     0.00000000    1.20338783    1.15624167    1.75278837    1.44286180    1.68160266    1.77650559    0.94785927    0.89112667    0.73317194    1.00040463    1.06641620    0.93345350    1.12815812    1.43006840    1.38070355    1.38567122    1.33516231    1.49395668    1.26622656    1.47756199    1.54036268    1.55224539
A0A0T1WJ04_9MYCO/1-206     1.20338783    0.00000000    0.68403973    1.99664262    1.91222376    2.49534459    1.75362220    1.23466251    1.53064077    1.38899968    1.52165363    1.89642588    1.57617354    1.48170491    1.93935269    1.89490385    1.96212704    1.68975589    1.77470095    1.96706732    1.81031594    1.84325140    1.84414069
V5XHA5_MYCNE/1-205     1.15624167    0.68403973    0.00000000    1.90110029    1.77911264    2.20313615    1.52605021    1.28493173    1.43504299    1.21435317    1.38979647    1.65502035    1.55470332    1.47463300    1.77850272    1.80085944    1.71641359    1.82614849    1.74786272    1.97194983    1.76670626    1.81333562    1.81744491
A0A1I2N2Y2_9ACTN/1-224     1.75278837    1.99664262    1.90110029    0.00000000    2.20973132    2.28424949    2.26130419    1.71539089    1.76559841    1.71610789    1.78926253    1.91280271    1.99136853    1.74061402    2.17032632    2.16475009    2.26123412    2.04401936    2.16734586    2.09104366    2.13762332    2.17445913    2.20047985
V8CY43_9NOCA/2-205     1.44286180    1.91222376    1.77911264    2.20973132    0.00000000    2.29289832    1.69751513    1.64236121    1.50507933    1.45453333    1.84736019    1.70625061    1.46204614    1.66529885    1.69628683    1.68525057    1.63349335    1.49545649    1.65029008    1.64288879    1.58864982    1.77698884    1.59906524
A0A0D5A600_9NOCA/5-218     1.68160266    2.49534459    2.20313615    2.28424949    2.29289832    0.00000000    1.74343603    1.95550195    2.24060090    2.04667140    2.48143928    2.27447642    2.10663977    2.31148620    2.32523888    2.54428033    2.38011813    2.38219350    2.32205671    2.53706726    2.40448427    2.37644198    2.49863639
A0A1N7HAK0_9NOCA/5-231     1.77650559    1.75362220    1.52605021    2.26130419    1.69751513    1.74343603    0.00000000    1.78385157    1.65809345    1.73420274    2.08112148    2.18147903    1.74221710    1.62726246    2.04248332    2.18119447    2.18644121    2.14323044    2.09299517    2.18137726    2.36010746    2.39759653    2.24878105
A0A238ZK24_9ACTN/2-204     0.94785927    1.23466251    1.28493173    1.71539089    1.64236121    1.95550195    1.78385157    0.00000000    1.05037872    0.82221790    1.22135019    1.42731501    1.18452910    1.33401748    1.47969845    1.50840778    1.56564440    1.42309436    1.41674644    1.54815503    1.48932366    1.67456872    1.58783848
A0A3N4T5R0_9ACTN/3-202     0.89112667    1.53064077    1.43504299    1.76559841    1.50507933    2.24060090    1.65809345    1.05037872    0.00000000    0.50798997    1.15300799    1.23442567    1.21653237    1.37325304    1.64605870    1.46968540    1.55238606    1.57813275    1.63951063    1.53653766    1.49475559    1.67157817    1.53009456
A0A089X644_STRGA/11-210     0.73317194    1.38899968    1.21435317    1.71610789    1.45453333    2.04667140    1.73420274    0.82221790    0.50798997    0.00000000    1.18298801    1.20950364    1.16564899    1.28648272    1.50741334    1.37725734    1.44185840    1.39358703    1.45357765    1.35818656    1.48711718    1.53032414    1.36834536
D2AWN8_STRRD/1-224     1.00040463    1.52165363    1.38979647    1.78926253    1.84736019    2.48143928    2.08112148    1.22135019    1.15300799    1.18298801    0.00000000    1.24370291    1.18412351    1.27821539    1.77461525    1.71967379    1.60284791    1.68550973    1.86487617    1.72304191    1.71861893    1.81041163    1.82560408
A0A372JST4_9ACTN/8-216     1.06641620    1.89642588    1.65502035    1.91280271    1.70625061    2.27447642    2.18147903    1.42731501    1.23442567    1.20950364    1.24370291    0.00000000    1.10450364    1.18214929    1.49349613    1.31291508    1.35779022    1.43082598    1.47350182    1.55052335    1.56979225    1.75185169    1.66347115
A0A429FY04_9ACTN/1-208     0.93345350    1.57617354    1.55470332    1.99136853    1.46204614    2.10663977    1.74221710    1.18452910    1.21653237    1.16564899    1.18412351    1.10450364    0.00000000    1.14573795    1.51410388    1.33255027    1.30000939    1.29805344    1.44756274    1.27123984    1.30650821    1.46882872    1.39706859
A0A372JRX5_9ACTN/1-205     1.12815812    1.48170491    1.47463300    1.74061402    1.66529885    2.31148620    1.62726246    1.33401748    1.37325304    1.28648272    1.27821539    1.18214929    1.14573795    0.00000000    1.25413723    1.21205807    1.16336865    1.22366272    1.30136636    1.29377151    1.51178934    1.53241417    1.49146552
L1L505_9ACTN/2-213     1.43006840    1.93935269    1.77850272    2.17032632    1.69628683    2.32523888    2.04248332    1.47969845    1.64605870    1.50741334    1.77461525    1.49349613    1.51410388    1.25413723    0.00000000    0.33139713    0.45273829    0.53247436    0.57294306    0.69897415    0.77510134    0.87675629    0.82387462
A0A1S2PPB4_9ACTN/2-213     1.38070355    1.89490385    1.80085944    2.16475009    1.68525057    2.54428033    2.18119447    1.50840778    1.46968540    1.37725734    1.71967379    1.31291508    1.33255027    1.21205807    0.33139713    0.00000000    0.34725582    0.50894786    0.53023569    0.68116560    0.79644541    0.91587808    0.80235772
A0A1Q5ML40_9ACTN/2-214     1.38567122    1.96212704    1.71641359    2.26123412    1.63349335    2.38011813    2.18644121    1.56564440    1.55238606    1.44185840    1.60284791    1.35779022    1.30000939    1.16336865    0.45273829    0.34725582    0.00000000    0.56346433    0.56296520    0.72058426    0.85068066    0.93396772    0.85478803
A0A2R4TC38_9ACTN/2-215     1.33516231    1.68975589    1.82614849    2.04401936    1.49545649    2.38219350    2.14323044    1.42309436    1.57813275    1.39358703    1.68550973    1.43082598    1.29805344    1.22366272    0.53247436    0.50894786    0.56346433    0.00000000    0.28808496    0.42454556    0.57072883    0.64346799    0.56540887
A0A1H5C2K6_9ACTN/20-234     1.49395668    1.77470095    1.74786272    2.16734586    1.65029008    2.32205671    2.09299517    1.41674644    1.63951063    1.45357765    1.86487617    1.47350182    1.44756274    1.30136636    0.57294306    0.53023569    0.56296520    0.28808496    0.00000000    0.52899926    0.65715134    0.73807976    0.66107261
A0A1H6EC80_9ACTN/2-217     1.26622656    1.96706732    1.97194983    2.09104366    1.64288879    2.53706726    2.18137726    1.54815503    1.53653766    1.35818656    1.72304191    1.55052335    1.27123984    1.29377151    0.69897415    0.68116560    0.72058426    0.42454556    0.52899926    0.00000000    0.71132702    0.80593696    0.72012696
A0A0F0GGU6_9ACTN/2-217     1.47756199    1.81031594    1.76670626    2.13762332    1.58864982    2.40448427    2.36010746    1.48932366    1.49475559    1.48711718    1.71861893    1.56979225    1.30650821    1.51178934    0.77510134    0.79644541    0.85068066    0.57072883    0.65715134    0.71132702    0.00000000    0.30826834    0.27587361
A0A0U3QAB4_9ACTN/2-219     1.54036268    1.84325140    1.81333562    2.17445913    1.77698884    2.37644198    2.39759653    1.67456872    1.67157817    1.53032414    1.81041163    1.75185169    1.46882872    1.53241417    0.87675629    0.91587808    0.93396772    0.64346799    0.73807976    0.80593696    0.30826834    0.00000000    0.25361638
A0A1H5FYH8_9ACTN/2-219     1.55224539    1.84414069    1.81744491    2.20047985    1.59906524    2.49863639    2.24878105    1.58783848    1.53009456    1.36834536    1.82560408    1.66347115    1.39706859    1.49146552    0.82387462    0.80235772    0.85478803    0.56540887    0.66107261    0.72012696    0.27587361    0.25361638    0.00000000

