14
A0A395YMN3_9CLOT/53-200     0.00000000    1.48780213    1.82356710    1.71895048    1.69617096    1.38563211    1.70522740    1.31829775    1.80201425    2.03368604    2.35378592    2.00378234    1.68083625    1.53384538
R5M300_9CLOT/491-634     1.48780213    0.00000000    0.70655457    1.54772469    1.55668985    1.22370812    1.15580220    0.97719182    1.83318116    2.03778538    1.83582323    1.80926637    1.61085424    1.49592551
R6Z787_9CLOT/496-639     1.82356710    0.70655457    0.00000000    1.37715641    1.40121487    1.19792582    1.39580617    1.12388814    2.00634334    1.73064628    1.78895553    1.80128944    1.70631160    1.41135087
G5IE20_9CLOT/467-613     1.71895048    1.54772469    1.37715641    0.00000000    1.10898386    1.22285963    1.42435950    1.25906210    1.65545649    1.39650973    1.29615440    1.52998642    1.60390030    1.53416970
A0A416JQ25_9FIRM/474-624     1.69617096    1.55668985    1.40121487    1.10898386    0.00000000    1.13473152    1.40826007    1.21994871    1.87212243    1.58751451    1.66142661    1.68308457    1.37590144    1.39566693
E7GKI4_CLOSY/484-628     1.38563211    1.22370812    1.19792582    1.22285963    1.13473152    0.00000000    0.85340932    0.78553262    1.61754059    1.53643282    1.69494434    1.56524059    1.25991964    1.39975329
A0A2P8EJ61_9FUSO/484-628     1.70522740    1.15580220    1.39580617    1.42435950    1.40826007    0.85340932    0.00000000    0.75065846    1.68805233    1.80272499    1.71636603    1.58342140    1.52926893    1.60758732
R7AMK4_9CLOT/478-623     1.31829775    0.97719182    1.12388814    1.25906210    1.21994871    0.78553262    0.75065846    0.00000000    1.63564650    1.51784970    1.58222523    1.45330030    1.16275027    1.28654666
C0D1S0_9FIRM/512-667     1.80201425    1.83318116    2.00634334    1.65545649    1.87212243    1.61754059    1.68805233    1.63564650    0.00000000    1.29895018    1.39852526    1.52181437    1.75443942    1.71057060
R6JYQ0_9CLOT/266-416     2.03368604    2.03778538    1.73064628    1.39650973    1.58751451    1.53643282    1.80272499    1.51784970    1.29895018    0.00000000    0.99305307    1.15565973    1.42106671    1.63009213
A0A0F0CAP2_9CLOT/523-674     2.35378592    1.83582323    1.78895553    1.29615440    1.66142661    1.69494434    1.71636603    1.58222523    1.39852526    0.99305307    0.00000000    0.78037940    1.67078131    1.80644089
C5ETQ8_9FIRM/526-677     2.00378234    1.80926637    1.80128944    1.52998642    1.68308457    1.56524059    1.58342140    1.45330030    1.52181437    1.15565973    0.78037940    0.00000000    1.65183838    1.57748748
D7GX42_9FIRM/507-656     1.68083625    1.61085424    1.70631160    1.60390030    1.37590144    1.25991964    1.52926893    1.16275027    1.75443942    1.42106671    1.67078131    1.65183838    0.00000000    0.83684619
R6SU72_9CLOT/8-159     1.53384538    1.49592551    1.41135087    1.53416970    1.39566693    1.39975329    1.60758732    1.28654666    1.71057060    1.63009213    1.80644089    1.57748748    0.83684619    0.00000000

