61
A0A1I0MM64_9BACT/24-101     0.00000000    0.70880737    0.67638996    0.62220562    0.74505887    0.67064190    0.62610279    0.73164585    0.85363531    0.87965493    0.74540103    0.69967453    0.72921387    1.03508926    1.25537884    1.20657079    1.37250359    1.35050830    1.46837222    1.14651126    1.33015065    1.33516694    1.29866491    1.26994617    1.19738980    0.95888482    1.13932017    1.17283741    1.12984675    0.90527313    1.03195060    0.87002958    1.44167513    1.24541545    1.56029180    1.32647176    0.99707947    1.29762126    1.09806703    0.97797374    1.02863108    1.17556253    1.33042024    1.02692584    1.66017621    1.56790546    1.33426324    1.13767428    1.21251196    0.75506828    1.00836847    1.32269179    0.96407050    1.01092710    1.30227868    0.97789816    1.03713617    1.40909131    1.06700506    0.76870777    1.14129486
E4RWW0_LEAB4/27-105     0.70880737    0.00000000    0.47753868    0.90244254    0.96082087    1.06438894    1.01289440    1.03477930    1.01959535    1.11505872    0.96307812    1.02417508    1.27482884    1.23817125    1.06277961    1.24218149    1.31274558    1.28515854    1.34541818    1.37291761    1.24308742    1.39813489    1.14044035    1.22690302    1.05934179    1.20609841    1.20891132    1.27816504    1.13728760    1.10064916    1.14601691    1.11350620    1.54994997    1.54579903    1.49463063    1.37335313    1.37883112    0.99363940    1.19407723    1.12974900    1.27626116    1.08140778    1.27885331    1.17790419    2.01219457    1.57564725    1.16569476    1.08201539    1.16025955    1.11696152    1.24627517    1.56565274    1.32809639    1.26354086    1.36466684    1.21854729    1.47904904    1.35827960    1.17319774    1.05951287    1.20505082
M7NU92_9BACT/37-115     0.67638996    0.47753868    0.00000000    0.73666772    0.79794692    0.85315626    0.80754478    0.78225593    0.81438060    0.81493026    0.85237249    0.83033884    1.04588929    1.14147926    1.19181538    1.28022716    1.45429332    1.42216492    1.36045985    1.56662284    1.55612206    1.53899880    1.36313026    1.23944578    1.32162770    1.24434764    1.34653942    1.39377182    1.32837097    1.22230888    1.26449887    1.14856421    1.39228720    1.55205914    1.37739832    1.56820543    1.35061219    1.22417216    1.08185602    1.02898154    1.32056768    1.15676963    1.28458117    1.01450785    1.78808720    1.39901745    1.07976406    1.10152434    1.23630638    1.14938101    1.07589782    1.66175445    1.05169281    1.22105048    1.31043244    1.07824697    1.36095049    1.19775683    1.16609121    1.01640202    1.06224932
A0A1Q3H4N4_9BACT/39-117     0.62220562    0.90244254    0.73666772    0.00000000    0.97998045    1.06903642    1.00213697    1.00544998    0.89632703    1.14698351    0.97453144    1.03773223    0.91784161    1.19303401    1.41141055    1.24429016    1.46153696    1.39763296    1.37960456    1.40887670    1.37636024    1.51794912    1.25341527    1.27913898    1.40950457    1.18627681    1.26998524    1.20049608    1.27275590    1.32770473    1.28123062    1.10880375    1.29678769    1.52243417    1.57283935    1.37580872    1.11573099    1.17108650    1.33423279    1.21622825    1.33299580    1.52236710    1.38092085    1.13692090    1.78380650    1.58076703    1.08753999    1.36107086    1.51066311    1.25892947    1.45965013    1.48493315    1.34230977    1.31748526    1.59363328    1.19273262    1.63938519    1.42049091    1.32636167    1.21018387    1.27593637
L0FWP6_ECHVK/24-102     0.74505887    0.96082087    0.79794692    0.97998045    0.00000000    0.39160094    0.34644058    0.39533672    0.49804465    0.48027436    0.49911360    0.34833511    0.77963144    1.31484765    1.07977277    1.26064459    1.38956057    1.28210445    1.39881062    1.32226280    1.35298502    1.23454746    1.39655222    1.19670907    1.32847832    0.95986884    1.47130654    1.28273011    1.32616798    1.15336824    1.31909709    1.13610907    1.53049088    1.36510977    1.31731075    1.37131031    1.27932530    1.26906562    0.85683230    0.90670508    1.02946601    1.15034346    1.22027055    0.96080667    1.57358728    1.46874297    1.03380371    1.01338581    1.03706070    0.90744231    0.91076159    1.14242365    0.98860010    0.92523135    1.13787422    0.97063040    0.96289859    1.11422760    0.94263942    0.94921562    0.95511772
A3HVH4_9BACT/28-104     0.67064190    1.06438894    0.85315626    1.06903642    0.39160094    0.00000000    0.35691629    0.37875385    0.65686873    0.54981415    0.45297323    0.39048782    0.76617663    1.18439975    1.21485627    1.22061661    1.37929230    1.29093241    1.42471414    1.18446208    1.47728392    1.49283091    1.50156572    1.22896540    1.33567214    1.06693800    1.33360004    1.28044910    1.41618943    1.22907954    1.33144699    1.08198194    1.55257666    1.52011147    1.53314941    1.36279941    1.28427569    1.39525445    0.93242348    0.97408856    1.06389667    1.10399695    1.20203433    0.97994104    1.43780648    1.44953211    1.18723117    1.03785367    1.01382293    0.93998372    0.94704228    1.03765517    0.78577719    0.84842092    1.17287771    0.79687909    0.79911798    1.35062442    0.80700646    0.69862742    0.73293360
A0A1M7K7W2_9BACT/27-105     0.62610279    1.01289440    0.80754478    1.00213697    0.34644058    0.35691629    0.00000000    0.34970045    0.64285630    0.77035912    0.53056325    0.38029737    0.74543589    1.20919684    1.08328536    1.16887711    1.41913068    1.30091759    1.40090418    1.41678247    1.45356201    1.27009164    1.43402033    1.12957282    1.28036315    0.91917137    1.37710863    1.30969037    1.27482461    1.16220038    1.24783131    1.14373348    1.50669082    1.43038390    1.35935017    1.22896369    1.16926087    1.28806514    0.82216373    0.89139419    1.04779842    1.13906055    1.07862081    0.80212143    1.36588305    1.36232220    1.06874058    0.91840054    1.01689495    0.84677244    0.87276475    1.09288394    0.94490774    0.81717355    1.11321740    0.81123185    1.01997181    1.19642503    0.88445824    0.92275717    0.94275792
G0IWY0_CYCMS/29-107     0.73164585    1.03477930    0.78225593    1.00544998    0.39533672    0.37875385    0.34970045    0.00000000    0.64337440    0.61477626    0.56596758    0.30325407    0.74475609    1.28329083    1.26490664    1.36566063    1.42342532    1.43229255    1.58899436    1.43178922    1.60422345    1.47889435    1.51083090    1.29376372    1.50555198    1.03514300    1.43627347    1.46131354    1.40040274    1.32271561    1.33189918    1.20756637    1.69149903    1.36795188    1.51355003    1.58876172    1.20676676    1.38066368    1.00471867    0.91733709    1.16387964    1.21566083    1.07566883    0.91419077    1.34485093    1.33068167    1.04574367    0.93137617    0.96460700    0.91866758    0.96411140    1.05691621    0.82364324    0.86690534    1.02896438    0.76218100    0.86000754    1.21882395    0.84651074    0.78530060    0.78240969
A0A074KZX2_9BACT/30-108     0.85363531    1.01959535    0.81438060    0.89632703    0.49804465    0.65686873    0.64285630    0.64337440    0.00000000    0.50453939    0.55510147    0.49662894    0.93113296    1.49137340    1.23844289    1.42081294    1.57683552    1.55216767    1.48823196    1.51355266    1.39225098    1.40333963    1.44542060    1.36618391    1.46343364    1.05819172    1.39551561    1.14247642    1.30200272    1.20039086    1.28475515    1.12427201    1.43313678    1.38408255    1.37959688    1.38307604    1.34312779    1.50436395    1.14576622    1.05694449    1.15675764    1.15920817    1.42338045    1.14152231    1.91336585    1.74390576    1.13791059    1.23597480    1.21561705    0.95080992    0.88312599    1.24415930    1.06602776    1.04220481    1.01738774    0.97692032    1.13620006    1.10630023    0.84051756    0.96527306    1.05465031
I5BWX7_9BACT/34-112     0.87965493    1.11505872    0.81493026    1.14698351    0.48027436    0.54981415    0.77035912    0.61477626    0.50453939    0.00000000    0.44757503    0.53107404    1.24484558    1.39812458    1.46647560    1.41615002    1.49493628    1.43419465    1.41112434    1.45672221    1.55269973    1.38975156    1.60174456    1.47389198    1.58638190    1.08919905    1.62319680    1.42235629    1.57654121    1.35144728    1.43354447    1.33379592    1.64012616    1.33108055    1.36787559    1.42795350    1.38509999    1.50481002    1.29149243    1.16195323    1.40386847    1.39665200    1.32392389    1.02385318    1.76649123    1.70212234    1.05883359    1.37443392    1.34941917    0.99388361    0.91802996    1.35480856    0.88605980    1.16226229    1.25738363    0.95045717    1.11652984    1.18393458    1.10133878    0.91753221    1.16460552
U5C769_9BACT/27-105     0.74540103    0.96307812    0.85237249    0.97453144    0.49911360    0.45297323    0.53056325    0.56596758    0.55510147    0.44757503    0.00000000    0.34098599    0.82662986    1.33444756    1.25120447    1.11988422    1.34355992    1.22967800    1.25240551    1.39581742    1.25214251    1.30238721    1.53334728    1.29824370    1.36301811    1.06298032    1.36488862    1.26190792    1.34547123    1.24870367    1.29349054    1.10648008    1.48215938    1.43930231    1.29147173    1.25975884    1.36029942    1.22897588    1.04003509    1.19553388    1.09359404    1.23345102    1.14847584    0.79693823    1.50528312    1.36485659    1.10016390    1.20154548    1.24573486    1.00359121    1.00530832    1.17768358    0.94579390    0.91763897    1.17536978    0.82124922    0.98694297    1.16655090    0.88111882    0.80253146    1.03980502
R7ZYW7_9BACT/30-108     0.69967453    1.02417508    0.83033884    1.03773223    0.34833511    0.39048782    0.38029737    0.30325407    0.49662894    0.53107404    0.34098599    0.00000000    0.76851611    1.28303533    1.30586529    1.26358363    1.44765653    1.37979570    1.45210351    1.45444435    1.60251760    1.45239351    1.58924182    1.22082886    1.46309509    0.98092227    1.46277529    1.38433941    1.38577355    1.21595565    1.29656238    1.17537614    1.67140753    1.40916219    1.33027961    1.34573785    1.28253656    1.37418240    1.06042202    0.97325020    1.18179619    1.20613962    1.23155210    0.95554384    1.51968684    1.43155117    1.02142309    1.05230506    1.13239169    0.94233692    0.87634600    1.17690774    0.93052622    1.00952974    1.18576912    0.80821235    0.94359871    1.24122383    0.91767978    0.85327160    0.98033088
A0A150XGK7_9BACT/24-101     0.72921387    1.27482884    1.04588929    0.91784161    0.77963144    0.76617663    0.74543589    0.74475609    0.93113296    1.24484558    0.82662986    0.76851611    0.00000000    1.26851943    1.15990947    1.13542917    1.23051550    1.14898114    1.25338217    1.03255421    1.31315674    1.21612216    1.23437440    1.05789843    1.29542556    1.06902617    1.25707177    1.17352791    1.25298832    1.27602335    1.16787342    1.14351563    1.42033939    1.26200287    1.30954524    1.43206377    1.11686191    1.20456292    1.11794309    1.09977127    1.24434093    1.32484531    1.08313522    1.00069305    1.51915256    1.55515974    1.17262571    1.19514741    1.24606486    1.12717834    1.12257985    1.28041570    1.08474144    1.03786933    1.28605972    1.04549494    1.01338250    1.13583096    1.06933436    0.95514698    0.99530738
A0A1W2B092_9FLAO/19-94     1.03508926    1.23817125    1.14147926    1.19303401    1.31484765    1.18439975    1.20919684    1.28329083    1.49137340    1.39812458    1.33444756    1.28303533    1.26851943    0.00000000    0.87483377    0.82372510    0.77864851    0.78971345    0.73696521    0.71676247    0.86192771    0.83863638    0.80932020    0.72008875    0.91700097    0.67414825    0.72037665    0.87196460    0.78227316    0.88196903    0.81011687    0.79423650    1.01682143    0.85626022    0.87309285    0.67414566    0.63132754    1.04113429    1.11899252    1.11715993    1.17100475    1.00463594    1.18555100    1.03220903    1.35880993    1.06444027    1.19460910    1.02488761    1.16094668    1.04184836    1.13094381    1.16780465    0.99418697    1.03154766    1.43226832    0.98917723    1.02383270    1.08284214    1.02640840    0.85730071    0.86818895
A0A2A4G7N4_9FLAO/18-97     1.25537884    1.06277961    1.19181538    1.41141055    1.07977277    1.21485627    1.08328536    1.26490664    1.23844289    1.46647560    1.25120447    1.30586529    1.15990947    0.87483377    0.00000000    0.36678381    0.73337203    0.82123800    0.72555543    0.59925217    0.50565801    0.69245487    0.44183520    0.46637140    0.42325519    0.87995578    0.71223781    0.97918018    0.74133493    0.68000157    0.63108275    0.64379956    0.95837970    0.92354365    0.88764659    0.75570436    0.65530861    1.16136523    1.00166739    1.23495176    1.04206740    0.95517965    1.19817435    1.18929518    1.65365644    1.49856795    1.32879233    1.37339380    1.51850264    1.23469541    1.34677747    1.25558597    1.36072354    1.23198059    1.33137824    1.09806057    1.37172693    1.14876787    1.18326276    0.95620356    1.07713507
A0A3N4PGF7_9FLAO/19-98     1.20657079    1.24218149    1.28022716    1.24429016    1.26064459    1.22061661    1.16887711    1.36566063    1.42081294    1.41615002    1.11988422    1.26358363    1.13542917    0.82372510    0.36678381    0.00000000    0.51647024    0.64411940    0.59167742    0.60595035    0.53030774    0.62872451    0.49834726    0.51135164    0.66944337    0.69875358    0.81186075    0.92523084    0.72489394    0.55653925    0.77450302    0.63035059    0.68669554    0.81546236    0.69153978    0.84124902    0.67502532    1.01945256    0.95089743    1.04891139    1.18644855    1.12323097    1.24050135    1.07274282    1.52630605    1.44022861    1.23151918    1.21975026    1.40063063    1.15992373    1.26578110    1.28872869    1.36730450    1.22034026    1.45823752    1.10891437    1.34244036    1.15087409    1.25968476    1.01279019    1.25607186
A0A5S5C8N9_9FLAO/91-170     1.37250359    1.31274558    1.45429332    1.46153696    1.38956057    1.37929230    1.41913068    1.42342532    1.57683552    1.49493628    1.34355992    1.44765653    1.23051550    0.77864851    0.73337203    0.51647024    0.00000000    0.27843499    0.32618148    0.59781342    0.59237814    0.61150260    0.51022371    0.53910146    0.59671804    0.69666324    0.69692290    0.78249219    0.68571093    0.68066864    0.82681254    0.72458583    0.89940282    0.83756117    0.71982515    0.88135324    0.64454370    1.15942983    1.11266204    1.15240749    1.11517811    1.36764273    1.54131067    1.15954721    1.66340752    1.61983763    1.43074368    1.35885521    1.37681270    1.41794941    1.49015056    1.32809198    1.36495897    1.30251964    1.61450505    1.36508193    1.47386519    1.44649525    1.18617043    0.93407642    1.10593878
A0A504JDB3_9FLAO/90-169     1.35050830    1.28515854    1.42216492    1.39763296    1.28210445    1.29093241    1.30091759    1.43229255    1.55216767    1.43419465    1.22967800    1.37979570    1.14898114    0.78971345    0.82123800    0.64411940    0.27843499    0.00000000    0.24889204    0.70118078    0.62947631    0.58664021    0.51380530    0.55775158    0.56078571    0.59669293    0.66167000    0.76424119    0.72031106    0.69327373    0.75271380    0.63444109    0.84990720    0.87029713    0.66913146    0.83000217    0.67846092    1.08099147    1.10021400    1.23449322    1.20720521    1.19033851    1.18796202    0.97197476    1.61045835    1.47341432    1.31505422    1.32082012    1.37183426    1.27304970    1.51958018    1.12308420    1.28832775    1.18464850    1.66207297    1.39112000    1.26403398    1.44595298    1.25389284    1.02506105    1.09573426
A0A1H7I5T2_9FLAO/91-170     1.46837222    1.34541818    1.36045985    1.37960456    1.39881062    1.42471414    1.40090418    1.58899436    1.48823196    1.41112434    1.25240551    1.45210351    1.25338217    0.73696521    0.72555543    0.59167742    0.32618148    0.24889204    0.00000000    0.73403628    0.60982183    0.65691794    0.51689236    0.54003371    0.56341320    0.79494531    0.78461665    0.89161106    0.72594531    0.75495213    0.72737188    0.64851280    0.93987421    1.01798119    0.62989216    0.87005462    0.75802940    1.16536737    1.09164742    1.28588069    1.24621411    1.21748094    1.15147758    1.05373751    1.62651802    1.61846640    1.31482600    1.38703980    1.51415629    1.44129001    1.59308706    1.27186749    1.36761889    1.22289938    1.57570316    1.23204034    1.42685083    1.35510216    1.24496170    0.92902313    1.14948853
A0A329MX81_9FLAO/18-97     1.14651126    1.37291761    1.56662284    1.40887670    1.32226280    1.18446208    1.41678247    1.43178922    1.51355266    1.45672221    1.39581742    1.45444435    1.03255421    0.71676247    0.59925217    0.60595035    0.59781342    0.70118078    0.73403628    0.00000000    0.53593695    0.62453236    0.45264702    0.48037755    0.48431137    0.75881650    0.69855605    0.85838107    0.68113532    0.56035580    0.71089643    0.62105676    0.85193078    0.61731277    0.84926537    0.63097049    0.73963799    1.41489538    1.18083633    1.20193427    1.29342180    1.26509285    1.51417532    1.37498181    1.73240379    1.76883577    1.52127047    1.57309238    1.61551921    1.29648392    1.30121272    1.25555337    1.26159095    1.30622613    1.53693742    1.29627339    1.13433000    1.18734777    1.03903744    0.87365094    1.02354192
W2UN38_9FLAO/18-97     1.33015065    1.24308742    1.55612206    1.37636024    1.35298502    1.47728392    1.45356201    1.60422345    1.39225098    1.55269973    1.25214251    1.60251760    1.31315674    0.86192771    0.50565801    0.53030774    0.59237814    0.62947631    0.60982183    0.53593695    0.00000000    0.42927887    0.40578719    0.45066779    0.41083797    0.83677885    0.71093164    0.83169237    0.76958025    0.70836736    0.69141555    0.72786912    1.03607239    0.98515135    0.73803873    0.72649280    0.84035380    1.16575113    1.03685960    1.18550391    1.18421914    1.08674819    1.37294326    1.27552085    1.83055329    1.56537788    1.35963745    1.44390164    1.47133816    1.12377133    1.46630089    1.15277260    1.30133064    1.35772799    1.27135784    1.19982712    1.24343026    1.01307160    1.16432348    1.06347910    1.18349540
A0A1L3J3E5_9FLAO/18-97     1.33516694    1.39813489    1.53899880    1.51794912    1.23454746    1.49283091    1.27009164    1.47889435    1.40333963    1.38975156    1.30238721    1.45239351    1.21612216    0.83863638    0.69245487    0.62872451    0.61150260    0.58664021    0.65691794    0.62453236    0.42927887    0.00000000    0.44072979    0.50025930    0.50294772    0.68659728    0.83032639    0.96305151    0.71942656    0.63317578    0.71926551    0.61360296    0.95799483    0.93657952    0.77918374    0.79845647    0.80539936    1.13413084    1.10474774    1.20412776    1.21027799    1.14033460    1.40005859    1.06682711    1.71618518    1.41542187    1.30327713    1.32206273    1.47536816    1.37950000    1.37355338    1.27398953    1.37004259    1.24044620    1.46219249    1.14936617    1.32010075    1.25537900    1.21520703    1.18716878    1.20819800
A0A3B0C5V3_9FLAO/18-97     1.29866491    1.14044035    1.36313026    1.25341527    1.39655222    1.50156572    1.43402033    1.51083090    1.44542060    1.60174456    1.53334728    1.58924182    1.23437440    0.80932020    0.44183520    0.49834726    0.51022371    0.51380530    0.51689236    0.45264702    0.40578719    0.44072979    0.00000000    0.25123148    0.35423816    0.74353698    0.65869859    0.91638868    0.71867050    0.60780384    0.70966098    0.65036406    0.79151853    0.76082243    0.70490253    0.73247942    0.71194836    1.21265939    1.12950026    1.18126782    1.15366681    1.16615367    1.31416887    1.23709139    1.91631160    1.83730036    1.33491589    1.44944000    1.66003297    1.40324753    1.47738985    1.19810617    1.39459412    1.30506798    1.61901852    1.33043096    1.47285153    1.23468962    1.17639971    0.99481181    1.17254166
A4ARG3_MARSH/18-97     1.26994617    1.22690302    1.23944578    1.27913898    1.19670907    1.22896540    1.12957282    1.29376372    1.36618391    1.47389198    1.29824370    1.22082886    1.05789843    0.72008875    0.46637140    0.51135164    0.53910146    0.55775158    0.54003371    0.48037755    0.45066779    0.50025930    0.25123148    0.00000000    0.34345669    0.68493977    0.66607574    0.75806336    0.65845372    0.65709497    0.67354403    0.67199419    0.88123887    0.80172000    0.71197687    0.65475050    0.72290927    1.26052134    1.01660434    1.10318727    1.18302429    1.16839206    1.20158554    1.17790594    1.66407035    1.60763131    1.23325852    1.45007824    1.49174963    1.13156852    1.41170528    1.28253696    1.26795038    1.10351252    1.40617602    1.22883004    1.40484019    1.25000888    1.20586537    0.97526237    1.09852512
A0A2S7T567_9FLAO/18-97     1.19738980    1.05934179    1.32162770    1.40950457    1.32847832    1.33567214    1.28036315    1.50555198    1.46343364    1.58638190    1.36301811    1.46309509    1.29542556    0.91700097    0.42325519    0.66944337    0.59671804    0.56078571    0.56341320    0.48431137    0.41083797    0.50294772    0.35423816    0.34345669    0.00000000    0.68873561    0.63129029    0.96530984    0.60632814    0.60192605    0.55872101    0.57110928    0.82886354    0.94345514    0.86502498    0.58390033    0.78959140    1.31360436    1.01218099    1.15363878    0.96712846    1.03702179    1.32741863    1.08402859    1.76684726    1.52558898    1.33316347    1.33616666    1.58369799    1.27332955    1.54045954    1.25284149    1.35320645    1.27964431    1.64315842    1.34801278    1.33021045    1.25257143    1.16173242    0.92758639    1.10100772
A0A2S4N6M1_9FLAO/18-97     0.95888482    1.20609841    1.24434764    1.18627681    0.95986884    1.06693800    0.91917137    1.03514300    1.05819172    1.08919905    1.06298032    0.98092227    1.06902617    0.67414825    0.87995578    0.69875358    0.69666324    0.59669293    0.79494531    0.75881650    0.83677885    0.68659728    0.74353698    0.68493977    0.68873561    0.00000000    0.52905404    0.57215292    0.40735797    0.39781365    0.55911471    0.49602972    0.55735389    0.74823879    0.78455615    0.74055005    0.61424027    0.96245372    1.17178291    1.07515570    1.05125513    1.26498281    1.14035894    1.15306712    1.56371186    1.50433308    1.26500985    1.20758877    1.39103559    0.99515926    1.07991956    1.07406700    0.99385717    1.26767374    1.45647418    1.13211295    1.19336290    1.32722604    1.15431868    0.98323991    1.02279680
A0A2S1QZF7_9FLAO/18-97     1.13932017    1.20891132    1.34653942    1.26998524    1.47130654    1.33360004    1.37710863    1.43627347    1.39551561    1.62319680    1.36488862    1.46277529    1.25707177    0.72037665    0.71223781    0.81186075    0.69692290    0.66167000    0.78461665    0.69855605    0.71093164    0.83032639    0.65869859    0.66607574    0.63129029    0.52905404    0.00000000    0.44861149    0.26121695    0.40601370    0.46306663    0.42836703    0.87644070    0.78616362    0.80829394    0.75005708    0.81343453    1.33862270    1.29818711    1.25427523    1.11684276    1.02831813    1.25661960    1.21825496    1.90662274    1.63806270    1.39970166    1.35739629    1.47335747    1.19821395    1.35372984    1.25718793    1.12155373    1.33357274    1.34761490    1.13524128    1.12220004    1.19367346    1.19276308    0.98481197    1.07442978
A0A0M9VHV0_9FLAO/18-99     1.17283741    1.27816504    1.39377182    1.20049608    1.28273011    1.28044910    1.30969037    1.46131354    1.14247642    1.42235629    1.26190792    1.38433941    1.17352791    0.87196460    0.97918018    0.92523084    0.78249219    0.76424119    0.89161106    0.85838107    0.83169237    0.96305151    0.91638868    0.75806336    0.96530984    0.57215292    0.44861149    0.00000000    0.40196292    0.53527120    0.73394616    0.65120651    0.93538461    0.88138179    0.84102821    0.87160331    0.89537249    1.40828004    1.33401710    1.33286808    1.29698877    1.38037459    1.51770123    1.31180289    1.52194172    1.72092928    1.17329834    1.36501011    1.14153354    1.25441529    1.21865799    1.14763194    1.18464223    1.23741797    1.20672989    1.02552296    1.18883334    1.30154117    1.13212847    0.99854854    1.11727392
A0A0A2MH67_9FLAO/18-97     1.12984675    1.13728760    1.32837097    1.27275590    1.32616798    1.41618943    1.27482461    1.40040274    1.30200272    1.57654121    1.34547123    1.38577355    1.25298832    0.78227316    0.74133493    0.72489394    0.68571093    0.72031106    0.72594531    0.68113532    0.76958025    0.71942656    0.71867050    0.65845372    0.60632814    0.40735797    0.26121695    0.40196292    0.00000000    0.28171372    0.41663227    0.37928940    0.68555664    0.84045481    0.79820260    0.70480517    0.73935528    1.18669329    1.18944850    1.20875304    1.14846579    1.14781803    1.39367207    1.22039825    1.71788189    1.62604423    1.41994861    1.31304189    1.44215380    1.10196763    1.16213608    1.23216681    1.08562482    1.33923214    1.45783541    1.09049288    1.10026539    1.28874556    1.23757542    0.98698748    0.99859231
A0A4V1CC55_9FLAO/18-95     0.90527313    1.10064916    1.22230888    1.32770473    1.15336824    1.22907954    1.16220038    1.32271561    1.20039086    1.35144728    1.24870367    1.21595565    1.27602335    0.88196903    0.68000157    0.55653925    0.68066864    0.69327373    0.75495213    0.56035580    0.70836736    0.63317578    0.60780384    0.65709497    0.60192605    0.39781365    0.40601370    0.53527120    0.28171372    0.00000000    0.41738254    0.26034384    0.60714325    0.55916954    0.68018981    0.67724876    0.75878511    1.17474969    1.20864591    1.31147119    1.29700421    1.27987839    1.55908856    1.14485373    1.69652758    1.68881389    1.46113527    1.32249768    1.39444926    1.09626482    1.11253077    1.25162883    1.22193827    1.28930846    1.36441179    1.16814569    1.13060136    1.14184848    1.08973538    0.94146483    1.03760725
A0A4R6QG97_9FLAO/18-97     1.03195060    1.14601691    1.26449887    1.28123062    1.31909709    1.33144699    1.24783131    1.33189918    1.28475515    1.43354447    1.29349054    1.29656238    1.16787342    0.81011687    0.63108275    0.77450302    0.82681254    0.75271380    0.72737188    0.71089643    0.69141555    0.71926551    0.70966098    0.67354403    0.55872101    0.55911471    0.46306663    0.73394616    0.41663227    0.41738254    0.00000000    0.23496246    0.71260788    0.69979424    0.83897908    0.72304640    0.64830874    1.09591849    1.29612525    1.24594498    1.22417724    1.11006134    1.23408086    1.19788229    1.65615431    1.55131973    1.35263329    1.29290399    1.48235800    1.03662043    1.40064477    1.07522491    0.92794202    1.38940536    1.39714404    1.07547018    1.03736256    1.20748158    1.22931975    0.89208463    0.98146784
A0A095V0G8_9FLAO/18-97     0.87002958    1.11350620    1.14856421    1.10880375    1.13610907    1.08198194    1.14373348    1.20756637    1.12427201    1.33379592    1.10648008    1.17537614    1.14351563    0.79423650    0.64379956    0.63035059    0.72458583    0.63444109    0.64851280    0.62105676    0.72786912    0.61360296    0.65036406    0.67199419    0.57110928    0.49602972    0.42836703    0.65120651    0.37928940    0.26034384    0.23496246    0.00000000    0.55686554    0.60076403    0.70728351    0.67266968    0.74160866    1.05178281    1.26696536    1.38005743    1.14794388    1.05064093    1.22879228    1.07587660    1.63291075    1.35736087    1.45110618    1.20424506    1.44700216    1.03426873    1.20371540    1.06457919    0.95560515    1.19411968    1.30038356    1.02561837    1.08303109    1.24898157    1.14462923    0.84700787    1.01297871
A0A1H9CY53_9FLAO/18-97     1.44167513    1.54994997    1.39228720    1.29678769    1.53049088    1.55257666    1.50669082    1.69149903    1.43313678    1.64012616    1.48215938    1.67140753    1.42033939    1.01682143    0.95837970    0.68669554    0.89940282    0.84990720    0.93987421    0.85193078    1.03607239    0.95799483    0.79151853    0.88123887    0.82886354    0.55735389    0.87644070    0.93538461    0.68555664    0.60714325    0.71260788    0.55686554    0.00000000    0.55247485    0.60378529    0.89792568    0.72930612    1.05036441    1.27472322    1.26885314    1.12823187    1.43453400    1.33072140    1.24398284    1.21240735    1.34165898    1.49792437    1.37221946    1.46249409    1.46044354    1.40327389    1.15623947    1.27147493    1.36977530    1.47679217    1.40533177    1.59358185    1.53798412    1.43271759    1.15885317    1.28170173
A0A4R7F211_9FLAO/19-97     1.24541545    1.54579903    1.55205914    1.52243417    1.36510977    1.52011147    1.43038390    1.36795188    1.38408255    1.33108055    1.43930231    1.40916219    1.26200287    0.85626022    0.92354365    0.81546236    0.83756117    0.87029713    1.01798119    0.61731277    0.98515135    0.93657952    0.76082243    0.80172000    0.94345514    0.74823879    0.78616362    0.88138179    0.84045481    0.55916954    0.69979424    0.60076403    0.55247485    0.00000000    0.46947332    0.88587650    0.72562970    1.37594662    1.66225457    1.52712383    1.38045845    1.59187634    1.53774303    1.22917603    1.68379698    1.59213609    1.50343908    1.43283854    1.61385708    1.33236739    1.25408983    1.27163498    0.91943788    1.36346133    1.35063365    1.27046165    1.28199456    1.02287387    1.17275348    1.03087466    1.18539031
A0A0B5RZL0_9FLAO/18-97     1.56029180    1.49463063    1.37739832    1.57283935    1.31731075    1.53314941    1.35935017    1.51355003    1.37959688    1.36787559    1.29147173    1.33027961    1.30954524    0.87309285    0.88764659    0.69153978    0.71982515    0.66913146    0.62989216    0.84926537    0.73803873    0.77918374    0.70490253    0.71197687    0.86502498    0.78455615    0.80829394    0.84102821    0.79820260    0.68018981    0.83897908    0.70728351    0.60378529    0.46947332    0.00000000    1.02102395    0.90380201    1.10962292    1.27818147    1.21900695    1.44210325    1.27521024    1.41895289    1.25688926    1.63334286    1.52461799    1.15275864    1.13030452    1.37837995    1.26300063    1.44342801    1.18304633    1.23586867    1.24649305    1.21106251    1.17401255    1.29759486    1.07649139    1.23988171    1.13869808    1.28020378
A0A2R7MA90_9FLAO/18-96     1.32647176    1.37335313    1.56820543    1.37580872    1.37131031    1.36279941    1.22896369    1.58876172    1.38307604    1.42795350    1.25975884    1.34573785    1.43206377    0.67414566    0.75570436    0.84124902    0.88135324    0.83000217    0.87005462    0.63097049    0.72649280    0.79845647    0.73247942    0.65475050    0.58390033    0.74055005    0.75005708    0.87160331    0.70480517    0.67724876    0.72304640    0.67266968    0.89792568    0.88587650    1.02102395    0.00000000    0.84826812    1.21028209    1.16625420    1.38459232    1.27230156    1.29246724    1.49388843    1.21264882    1.72705006    1.47220699    1.40332453    1.68515041    1.74828738    1.28079751    1.60053997    1.36969863    1.44344430    1.48649998    1.63151190    1.27883310    1.24696481    1.42861620    1.08885399    1.07606176    1.16797080
A3J162_9FLAO/18-97     0.99707947    1.37883112    1.35061219    1.11573099    1.27932530    1.28427569    1.16926087    1.20676676    1.34312779    1.38509999    1.36029942    1.28253656    1.11686191    0.63132754    0.65530861    0.67502532    0.64454370    0.67846092    0.75802940    0.73963799    0.84035380    0.80539936    0.71194836    0.72290927    0.78959140    0.61424027    0.81343453    0.89537249    0.73935528    0.75878511    0.64830874    0.74160866    0.72930612    0.72562970    0.90380201    0.84826812    0.00000000    1.02051720    1.12006201    0.91043827    1.10612511    1.33443644    1.09610836    1.21748050    1.44108888    1.46462923    1.27866803    1.34620857    1.37621081    1.18892508    1.24238107    1.38051127    1.10302713    1.24740376    1.51459574    1.13635951    1.35944239    1.36295284    1.23359409    0.92578450    1.04102459
X5DZR5_9BACT/19-94     1.29762126    0.99363940    1.22417216    1.17108650    1.26906562    1.39525445    1.28806514    1.38066368    1.50436395    1.50481002    1.22897588    1.37418240    1.20456292    1.04113429    1.16136523    1.01945256    1.15942983    1.08099147    1.16536737    1.41489538    1.16575113    1.13413084    1.21265939    1.26052134    1.31360436    0.96245372    1.33862270    1.40828004    1.18669329    1.17474969    1.09591849    1.05178281    1.05036441    1.37594662    1.10962292    1.21028209    1.02051720    0.00000000    1.02972988    1.09677283    1.20827608    1.32590464    1.21348924    1.04724958    1.21355185    1.12769623    1.12246170    1.17800519    1.38223631    1.36808785    1.57243069    1.42449706    1.31825379    1.66933039    1.73569779    1.37394458    1.55442693    1.79000611    1.59088300    1.08988480    1.37168910
A0A1H7A8E5_9BACT/19-98     1.09806703    1.19407723    1.08185602    1.33423279    0.85683230    0.93242348    0.82216373    1.00471867    1.14576622    1.29149243    1.04003509    1.06042202    1.11794309    1.11899252    1.00166739    0.95089743    1.11266204    1.10021400    1.09164742    1.18083633    1.03685960    1.10474774    1.12950026    1.01660434    1.01218099    1.17178291    1.29818711    1.33401710    1.18944850    1.20864591    1.29612525    1.26696536    1.27472322    1.66225457    1.27818147    1.16625420    1.12006201    1.02972988    0.00000000    0.28120278    0.58755114    0.51510283    1.08502807    1.04780291    1.46835540    1.42405810    1.02766304    1.04728919    1.13902491    1.09241989    1.07755761    1.02186516    1.12897904    1.10363726    1.37579607    0.92044011    1.07297718    1.42150945    1.09459039    0.91056783    0.93953934
A0A4V2Z2H3_9BACT/19-97     0.97797374    1.12974900    1.02898154    1.21622825    0.90670508    0.97408856    0.89139419    0.91733709    1.05694449    1.16195323    1.19553388    0.97325020    1.09977127    1.11715993    1.23495176    1.04891139    1.15240749    1.23449322    1.28588069    1.20193427    1.18550391    1.20412776    1.18126782    1.10318727    1.15363878    1.07515570    1.25427523    1.33286808    1.20875304    1.31147119    1.24594498    1.38005743    1.26885314    1.52712383    1.21900695    1.38459232    0.91043827    1.09677283    0.28120278    0.00000000    0.60008515    0.61407123    1.01620411    1.13989479    1.46603522    1.44051116    0.81759267    0.91134544    0.95860624    1.04875162    1.03804840    1.17066190    1.05039336    1.06670151    1.25546119    0.95983409    1.07614843    1.34270569    1.06801634    0.89821113    0.90166139
A0A4R4JVH1_9BACT/19-97     1.02863108    1.27626116    1.32056768    1.33299580    1.02946601    1.06389667    1.04779842    1.16387964    1.15675764    1.40386847    1.09359404    1.18179619    1.24434093    1.17100475    1.04206740    1.18644855    1.11517811    1.20720521    1.24621411    1.29342180    1.18421914    1.21027799    1.15366681    1.18302429    0.96712846    1.05125513    1.11684276    1.29698877    1.14846579    1.29700421    1.22417724    1.14794388    1.12823187    1.38045845    1.44210325    1.27230156    1.10612511    1.20827608    0.58755114    0.60008515    0.00000000    0.54913166    1.02898306    0.89023872    1.36687118    1.13131900    1.17473395    1.10173028    1.10400820    1.13061796    1.22190543    1.17453108    1.34713963    1.22546785    1.27380821    1.03080656    1.28488423    1.35558021    1.05061018    1.02141226    1.01353864
A0A316AUF8_9BACT/19-97     1.17556253    1.08140778    1.15676963    1.52236710    1.15034346    1.10399695    1.13906055    1.21566083    1.15920817    1.39665200    1.23345102    1.20613962    1.32484531    1.00463594    0.95517965    1.12323097    1.36764273    1.19033851    1.21748094    1.26509285    1.08674819    1.14033460    1.16615367    1.16839206    1.03702179    1.26498281    1.02831813    1.38037459    1.14781803    1.27987839    1.11006134    1.05064093    1.43453400    1.59187634    1.27521024    1.29246724    1.33443644    1.32590464    0.51510283    0.61407123    0.54913166    0.00000000    1.24134187    1.07481820    1.44336836    1.25476564    1.05095647    1.12050444    1.17349952    1.00429130    1.20284881    1.09436069    1.39697094    1.22092417    1.28650944    1.08533563    1.14751398    1.41000515    1.15385162    1.08893790    1.05397681
A0A315Z7V7_9BACT/21-99     1.33042024    1.27885331    1.28458117    1.38092085    1.22027055    1.20203433    1.07862081    1.07566883    1.42338045    1.32392389    1.14847584    1.23155210    1.08313522    1.18555100    1.19817435    1.24050135    1.54131067    1.18796202    1.15147758    1.51417532    1.37294326    1.40005859    1.31416887    1.20158554    1.32741863    1.14035894    1.25661960    1.51770123    1.39367207    1.55908856    1.23408086    1.22879228    1.33072140    1.53774303    1.41895289    1.49388843    1.09610836    1.21348924    1.08502807    1.01620411    1.02898306    1.24134187    0.00000000    1.03643216    1.27885905    1.10103511    0.96583643    0.94440946    1.30028924    1.12771399    1.22850653    1.43156101    1.34568305    0.99414671    1.14743015    1.00158883    1.18876613    1.47481604    1.20438454    1.12839494    1.09100381
A0A1I2DKH3_9BACT/24-102     1.02692584    1.17790419    1.01450785    1.13692090    0.96080667    0.97994104    0.80212143    0.91419077    1.14152231    1.02385318    0.79693823    0.95554384    1.00069305    1.03220903    1.18929518    1.07274282    1.15954721    0.97197476    1.05373751    1.37498181    1.27552085    1.06682711    1.23709139    1.17790594    1.08402859    1.15306712    1.21825496    1.31180289    1.22039825    1.14485373    1.19788229    1.07587660    1.24398284    1.22917603    1.25688926    1.21264882    1.21748050    1.04724958    1.04780291    1.13989479    0.89023872    1.07481820    1.03643216    0.00000000    0.91036291    0.65883340    0.77763307    0.95498688    0.94651455    0.84835930    1.08606885    1.09462107    0.99824628    0.82260469    1.16987361    0.76267147    0.90331851    1.17459188    0.79519940    0.78899587    0.95977180
A0A1B6Y8Q8_9BACT/21-99     1.66017621    2.01219457    1.78808720    1.78380650    1.57358728    1.43780648    1.36588305    1.34485093    1.91336585    1.76649123    1.50528312    1.51968684    1.51915256    1.35880993    1.65365644    1.52630605    1.66340752    1.61045835    1.62651802    1.73240379    1.83055329    1.71618518    1.91631160    1.66407035    1.76684726    1.56371186    1.90662274    1.52194172    1.71788189    1.69652758    1.65615431    1.63291075    1.21240735    1.68379698    1.63334286    1.72705006    1.44108888    1.21355185    1.46835540    1.46603522    1.36687118    1.44336836    1.27885905    0.91036291    0.00000000    0.49990611    1.17484371    1.11865709    0.95518959    1.31398829    1.49567072    1.11313264    1.83976886    1.41689146    1.68885149    1.21765125    1.38547789    1.96638411    1.44823483    1.18399266    1.42967671
