87
A0A1Q9J2M5_9FIRM/16-66     0.00000000    0.44233693    0.44532632    0.61507045    0.52581739    0.31910793    0.35457688    0.26590166    0.46281212    0.77650253    0.48960764    0.50206376    0.47766094    0.56159172    0.44423331    0.85852277    0.41871166    0.57593425    0.66567374    0.61929155    1.58200879    1.18310675    1.47462833    1.11154041    1.45660325    1.20792459    1.06775439    0.94398373    1.28385478    1.26194056    1.49772484    0.78628388    0.67632241    0.65267478    0.48416086    0.48495104    0.95468917    0.98748438    1.50532535    1.18628616    1.23122862    1.05896853    1.47917428    1.53872124    0.87884327    1.24911922    1.18216187    1.37240298    1.82320498    1.89893872    1.85649207    1.92956605    1.32025105    1.22681139    1.50492413    1.85222894    0.79945471    1.23709483    1.15383170    1.07197215    0.92953357    1.11454130    1.16659338    0.98417856    1.01821528    1.00644784    0.97373587    0.93433485    1.01416795    1.00058402    0.87824613    0.98973388    1.03207709    1.06409073    0.64457327    0.51833395    0.48515882    0.60330451    0.51118645    0.77103099    0.56935488    0.55821610    0.64805869    0.65379631    0.66336622    1.27926155    0.93506860
A5Z8V8_9FIRM/16-66     0.44233693    0.00000000    0.53359065    0.65400149    0.53524350    0.49223963    0.56583133    0.43358208    0.52718729    0.64614459    0.55167920    0.45229513    0.49125000    0.56252042    0.47414866    1.28147506    0.71877689    0.82893382    0.90731527    0.61850059    1.46251262    1.26351305    1.42314286    0.98721909    1.49248232    1.21753997    1.14348838    0.96138165    1.48512368    1.33037610    1.43234442    0.82068883    0.59183296    0.53292944    0.40727458    0.48383837    0.90481369    0.95615012    1.43024468    1.35920286    1.08985619    1.16969981    1.71413205    1.73316821    1.03457119    1.40485270    1.20123624    1.34343920    1.71232894    1.88777885    1.87294186    1.68692769    1.68072078    1.20150472    1.59467965    2.02466918    0.88197268    1.24924146    1.15833948    1.28674868    1.13991310    1.23325647    1.29442778    1.26403540    0.93751566    1.02167207    1.16877038    0.86687965    0.93221805    1.05392565    0.98274741    0.96306160    1.06691520    1.08816036    0.71456112    0.54874058    0.53446624    0.61272711    0.48003257    0.77944213    0.64489774    0.43763101    0.59352985    0.64180544    0.88278202    1.27820897    1.04544386
A0A373NT98_9FIRM/14-64     0.44532632    0.53359065    0.00000000    0.38559656    0.42173015    0.34136106    0.42056705    0.35860917    0.45435981    0.83061269    0.37949678    0.50859329    0.43025570    0.55908540    0.47774044    0.87773508    0.56078921    0.76257221    0.73377847    0.70395292    1.77270395    1.26144626    1.52936882    1.05642198    1.50968353    1.35141105    1.25019246    1.12468062    1.53752793    1.35051312    1.92983823    1.16556070    0.75396205    0.72910120    0.44629985    0.54165229    1.19610534    0.86054426    1.53250843    1.25182183    1.02809755    0.92507460    1.79549817    1.51544776    1.08384806    1.18482234    1.13609560    1.30325499    1.83330199    1.82445071    1.76206558    1.68631336    1.70167566    1.37192624    1.69136784    2.18378746    0.68258806    1.18783203    1.35494797    1.26820353    0.99765057    1.04527893    1.30587015    1.19317840    1.00937544    1.11166549    1.11842219    0.77484176    0.91707534    0.98585957    0.84705763    0.84200973    0.99021544    0.89990110    0.68230449    0.63489883    0.52317033    0.67230723    0.71102178    0.68055081    0.76467828    0.61305487    0.76030632    0.70425845    0.79283111    1.16780856    1.07649793
A0A1D3TSC5_9FIRM/17-67     0.61507045    0.65400149    0.38559656    0.00000000    0.36920276    0.57586282    0.70982593    0.55352469    0.46701514    0.84136951    0.59204455    0.53554032    0.50610130    0.73220819    0.60294006    1.07520296    0.70001428    0.75658070    1.08665688    0.91023892    1.71561441    1.25166171    1.75694482    1.32072960    1.54378417    1.33594496    1.39863222    1.34594561    1.66580845    1.48296471    2.04818976    1.08150378    0.70105973    0.78226608    0.57195150    0.71219202    1.48821030    1.03726296    1.52234498    1.35248791    1.15985503    1.11763226    1.75198531    1.75467611    1.26771136    1.18871357    1.19164826    1.32494178    1.70033445    1.55708378    1.61854893    1.42505945    1.70160327    1.38412800    1.59184056    1.92027524    0.76256584    1.08251728    1.31676418    0.95045797    1.10733448    0.92333011    1.17272317    1.26650966    0.96199463    1.07963366    1.11809548    0.86235669    0.72179080    0.94181671    0.95978990    0.94206129    1.05021032    1.04742941    0.87811420    0.73675258    0.68941329    0.80306441    0.87043776    0.99049797    1.04927783    0.69101077    0.87705844    0.80964862    0.86257054    1.50555507    1.06465552
A0A3A8W723_9BACT/16-66     0.52581739    0.53524350    0.42173015    0.36920276    0.00000000    0.43724277    0.53926131    0.41092900    0.30648311    0.74493956    0.42732447    0.39469538    0.46358214    0.65425523    0.42735263    1.00182744    0.55602045    0.75170451    0.87808127    0.64933347    1.61215445    1.23770223    1.44377938    1.12566165    1.41450288    1.44718089    1.43619883    1.19237271    1.68745680    1.43086006    1.99956583    0.90566583    0.60438128    0.57351024    0.53237710    0.48424938    1.43969608    1.12567776    1.62723970    1.45677657    0.93844963    1.04991198    1.61357608    1.77252709    1.14425409    1.12419022    1.16146695    1.09052339    1.57793951    1.54946752    1.39887575    1.26211271    1.60119507    1.35525976    1.49772843    1.97382486    0.58736903    1.24362238    1.31326575    0.92008102    0.94995563    0.95574470    1.15365273    1.06995605    0.92260026    1.00456374    1.15322692    0.76783661    0.80423216    0.86180066    0.98615374    0.98725198    0.94336982    0.90652509    0.80745127    0.70661572    0.67070792    0.82488542    0.75459335    1.02459299    0.81014660    0.65950436    0.73501471    0.65695981    0.79439875    1.52130752    1.00283738
A0A1D3TYZ6_9FIRM/13-63     0.31910793    0.49223963    0.34136106    0.57586282    0.43724277    0.00000000    0.27726873    0.25416597    0.54838000    0.77067592    0.52760947    0.51473542    0.45389623    0.70626268    0.50839697    1.08993288    0.64179826    0.65821647    0.79877605    0.70324194    1.79702353    1.28460664    1.39561286    1.20085272    1.57637982    1.28025406    1.11915963    1.06936551    1.61302609    1.22508113    1.60340362    1.10796769    0.84390143    0.82880649    0.52614039    0.57290682    1.38204228    1.17421241    1.34437706    1.39766344    1.16776414    1.07380172    1.77197899    1.60631174    1.26923043    1.34190902    1.33950595    1.28952359    1.77399424    1.98066474    1.89380018    1.88514617    1.86720845    1.55681685    1.92510203    2.50594909    0.93843531    1.46529169    1.38216280    1.23501442    1.16489994    1.36316227    1.46695923    1.36299140    1.09282766    1.12389506    1.28247655    1.11767262    1.18588615    1.27706220    1.03065611    0.95852241    0.99639785    1.07651723    0.74725686    0.56270819    0.58632777    0.70825163    0.74432353    0.79919274    0.70786009    0.75033522    0.82797312    0.84217956    0.78101066    1.37796920    1.29808664
R7C6Z6_9CLOT/16-66     0.35457688    0.56583133    0.42056705    0.70982593    0.53926131    0.27726873    0.00000000    0.33774731    0.56246620    0.87944063    0.59312026    0.57988095    0.54513871    0.66402590    0.52091742    0.94706994    0.67371400    0.69853606    0.88829697    0.59267325    1.80516630    1.17611153    1.34567545    1.25327384    1.63157872    1.20741615    1.13091068    1.10766058    1.72566021    1.17981194    1.38713234    1.02452518    0.75803892    0.70361958    0.50510541    0.56664634    1.35098750    1.10278100    1.44706882    1.36783056    1.20067548    1.20015679    1.46687004    1.55597787    1.09860306    1.22881660    1.34781502    1.20488234    1.49698781    1.76083521    1.63990001    1.50096932    1.36185588    1.25579077    1.52448072    1.93672105    0.93777288    1.21257258    1.32210155    1.20283560    1.11451185    1.14287127    1.25957303    1.18987784    0.91339319    1.12631058    1.11282244    0.99356856    0.86670769    1.00133818    0.88253256    0.85762473    0.86627520    1.03360876    0.77701577    0.66064388    0.59125952    0.81429063    0.86703491    1.00386834    0.72989721    0.71197190    0.92427494    0.78523899    0.76608684    1.43294382    1.28620646
A0A1M7HIA2_9FIRM/8-58     0.26590166    0.43358208    0.35860917    0.55352469    0.41092900    0.25416597    0.33774731    0.00000000    0.39343032    0.74218307    0.48246347    0.44151180    0.43747523    0.53235196    0.43705647    0.92626457    0.44779422    0.59272865    0.67596475    0.56828749    1.69888014    1.01103438    1.21665951    0.94202769    1.55091757    1.18011835    1.08019461    0.97803463    1.52458620    1.20798850    1.40925691    0.87885229    0.65624415    0.56987146    0.35197426    0.49310350    1.32609283    1.01288558    1.51561036    1.33785633    1.16610516    1.21611765    1.97395413    1.64885886    0.98462109    1.33253380    1.34633247    1.24166942    1.56341013    1.86667669    1.69482760    1.65743254    1.53789620    1.26232560    1.49268026    1.90960315    0.70658402    1.22400055    1.20765276    1.10878938    0.92110251    1.09173833    1.15513828    1.03584208    0.95583372    0.99258776    0.99058556    0.97309826    0.91033170    0.96322476    0.90117282    0.93540505    0.98317182    1.01856706    0.72014890    0.42252851    0.54270876    0.84438542    0.62979620    0.82110343    0.75813476    0.52723847    0.69295632    0.77403773    0.81560513    1.22812728    1.04592958
A0A3A9CEZ4_9BACT/8-58     0.46281212    0.52718729    0.45435981    0.46701514    0.30648311    0.54838000    0.56246620    0.39343032    0.00000000    0.54147465    0.26381080    0.35104995    0.41249053    0.41679509    0.33543159    0.97087557    0.44419910    0.56225759    0.72684089    0.62363008    2.05959102    1.21763545    1.50110594    1.13741716    1.71790866    1.25450818    1.42096217    1.05641274    1.66715201    1.40079814    1.60258253    0.79991948    0.50872293    0.49952172    0.33835298    0.39336120    1.19232259    0.99633383    1.47476898    1.28305445    0.96193845    1.09443287    1.52930541    1.43549056    0.92381198    1.05489072    1.02895950    1.12382403    1.49822110    1.35950739    1.36019341    1.28285022    1.53710532    1.22167247    1.35718060    1.75767261    0.49349533    0.91306610    0.96926603    0.86113756    0.78655693    0.75274830    0.90459398    0.92943361    0.72772073    0.98422379    0.81847833    0.65476097    0.81838324    0.81544898    0.83065839    0.87986599    0.89353706    0.87410883    0.74083775    0.59061928    0.54253559    0.86039147    0.68388926    0.99284340    0.87508507    0.52841760    0.74860013    0.64600685    0.72676965    1.40282638    1.00262315
A0A1I4GIE9_9FIRM/11-62     0.77650253    0.64614459    0.83061269    0.84136951    0.74493956    0.77067592    0.87944063    0.74218307    0.54147465    0.00000000    0.57243006    0.60249895    0.86003326    0.72835902    0.72126001    1.30032402    0.70495535    0.93265906    0.94997703    0.87801005    1.81095317    1.42474270    1.46744217    1.27037683    1.66353758    1.28867347    1.31092284    1.30315602    1.79674313    1.45482368    1.60170276    1.22774702    0.96422639    0.79077048    0.69998071    0.64574709    1.51860715    1.34560651    1.78680628    1.17624790    1.37979222    1.40538186    1.97699330    1.88552919    1.07783579    1.38835302    1.17634724    1.17992027    1.67693792    1.77811553    1.68550700    1.63671603    1.92070716    1.30189918    1.59679013    1.88079227    0.86089266    1.22553422    1.22483116    1.29650145    1.24446545    1.28988210    1.16913000    1.22489606    1.09245631    1.48341591    1.25326126    0.98258821    1.23917691    1.27737140    1.14358503    1.18476101    1.16087060    1.26548236    0.81161205    0.81246587    0.81357593    0.90086400    0.90397079    0.95608586    1.05029142    0.65146278    0.91165623    0.90498084    0.89689875    1.47693780    1.27187048
A0A3A9FIH9_9BACT/16-66     0.48960764    0.55167920    0.37949678    0.59204455    0.42732447    0.52760947    0.59312026    0.48246347    0.26381080    0.57243006    0.00000000    0.32187298    0.32978830    0.25627049    0.31597435    0.86644556    0.49239457    0.54165507    0.76024406    0.58246098    1.90807583    1.31744980    1.50601114    1.12065134    1.61952989    1.26172363    1.30574855    0.96575292    1.36992799    1.31461820    1.68724699    0.82853862    0.55704613    0.54892935    0.38167196    0.29290473    1.08869576    0.96975277    1.52016799    1.21836617    0.88623211    1.03772644    1.41478205    1.54244858    1.01620920    1.22154991    1.02993700    1.08713930    1.75156239    1.47712124    1.35450919    1.33351864    1.53311223    1.27628633    1.42482359    1.80678030    0.59941262    1.08762044    1.04896744    0.96818397    0.86079725    0.89605060    1.05590258    0.93362470    0.78760860    0.98575782    0.85373315    0.66388397    0.72005270    0.80465460    0.81636678    0.78732644    0.93567741    0.82844024    0.73665533    0.63559021    0.58018242    0.67974670    0.64587896    0.77004293    0.73538370    0.53744606    0.70085595    0.71098170    0.63839041    1.37758574    1.00571998
R5YVI3_9FIRM/16-66     0.50206376    0.45229513    0.50859329    0.53554032    0.39469538    0.51473542    0.57988095    0.44151180    0.35104995    0.60249895    0.32187298    0.00000000    0.33364136    0.41039331    0.29110834    1.06688678    0.58931053    0.65531305    0.73956063    0.60642846    1.75719702    1.19212752    1.40117384    1.01860748    1.55176369    1.31683407    1.22404023    1.00840368    1.42794796    1.27130487    1.73075534    0.90976338    0.47509557    0.48374042    0.41005929    0.40718512    1.00480630    1.01602781    1.36751069    1.40950344    0.94179697    1.05874320    1.75449114    1.65082827    1.09007006    1.17881056    1.22722195    1.30021306    1.59450738    1.40757089    1.52519011    1.38790204    1.78339215    1.30636665    1.41829704    1.97829107    0.62180416    0.99109849    0.94713135    0.81252940    0.87205142    0.91929959    1.03057304    1.04022376    0.79012587    0.98937581    0.91139909    0.77957069    0.86341906    0.88251273    0.83514277    0.86689892    1.04051261    0.82887800    0.73515333    0.58098492    0.59710794    0.78848188    0.45595562    0.77669296    0.65033983    0.64636512    0.70590395    0.59961945    0.71199205    1.14145728    0.94705652
W3AKB1_9FIRM/16-66     0.47766094    0.49125000    0.43025570    0.50610130    0.46358214    0.45389623    0.54513871    0.43747523    0.41249053    0.86003326    0.32978830    0.33364136    0.00000000    0.39330740    0.28163420    1.04529313    0.62253397    0.53540304    0.80098421    0.74589897    1.67227272    1.14113695    1.56404125    1.11583746    1.54228648    1.33071720    1.21515256    1.05934322    1.49204962    1.26514964    1.72308992    0.88256209    0.68287442    0.70252845    0.49228214    0.49107292    1.08295356    0.98860922    1.53415626    1.34006459    0.79303121    0.92606504    1.66198320    1.60101484    1.23624579    1.16956871    1.20474445    1.06862226    1.58239912    1.38076404    1.52635325    1.42928144    1.66539971    1.41360022    1.63383742    1.96536829    0.71409528    1.29636783    1.15467443    0.97044179    1.11239366    1.01080743    1.16408075    1.20364986    0.91755687    1.05066625    1.01157148    0.92492216    0.90122854    1.02405164    0.92761817    0.92206597    1.02537340    0.86716147    0.75092217    0.66444811    0.58185534    0.71903787    0.54037293    0.74779481    0.81308205    0.60981216    0.74736565    0.74812872    0.77145596    1.39122453    1.00288446
A0A1T5G6X8_9FIRM/16-66     0.56159172    0.56252042    0.55908540    0.73220819    0.65425523    0.70626268    0.66402590    0.53235196    0.41679509    0.72835902    0.25627049    0.41039331    0.39330740    0.00000000    0.29186966    0.78834860    0.54513743    0.61966372    0.72145953    0.63838024    1.85413455    1.42704335    1.61642202    1.34632856    1.73562503    1.29107945    1.39687132    1.07738122    1.35661343    1.35579659    1.48478222    0.78336723    0.72032871    0.65631665    0.48009081    0.59562092    1.01811051    0.99683469    1.71833618    1.18821624    1.04303113    1.26533148    1.57270111    1.82402160    1.13370319    1.34059744    0.93631835    1.16560816    1.69080924    1.31909443    1.46611245    1.38015453    1.70902864    1.33950295    1.44616720    1.88820489    0.71827051    1.25715148    1.22303746    1.04775137    1.03915856    1.04411862    1.27871043    1.16255400    1.02610755    1.18936713    1.05013064    0.68711365    0.91195010    0.79387630    0.94433840    1.01708553    1.04928974    1.08315120    0.77683823    0.62760585    0.67317358    0.63827154    0.71423325    0.66937177    0.73619443    0.64925739    0.74435089    0.92753938    0.79703088    1.59839465    1.00860939
A0A2P8EGT2_9FUSO/22-72     0.44423331    0.47414866    0.47774044    0.60294006    0.42735263    0.50839697    0.52091742    0.43705647    0.33543159    0.72126001    0.31597435    0.29110834    0.28163420    0.29186966    0.00000000    0.95267156    0.50336313    0.41946553    0.60559891    0.70157395    1.95667988    1.47514378    1.68501065    1.12418232    1.70914135    1.45594791    1.39765736    1.12244605    1.48803349    1.44832293    1.74676641    0.77133079    0.64292556    0.61020578    0.46391811    0.48433621    1.03527584    1.14085369    1.69562475    1.26780010    0.89106759    1.12039670    1.58424036    1.74146828    1.19904157    1.25997704    0.98731956    1.15594346    1.66747477    1.31672125    1.48802699    1.31111476    1.81946501    1.43204888    1.51105450    1.86548815    0.65753773    1.15947528    1.25849141    0.92272674    1.07159142    1.04892928    1.20694476    1.25834246    1.02977273    1.32662957    1.16560625    0.83531285    0.96279492    1.01564668    0.94374695    0.96873110    1.01223385    1.00223177    0.76385818    0.65321068    0.74434825    0.73174930    0.59491436    0.78953129    0.61319499    0.52790191    0.71980392    0.71879061    0.86987156    1.45783247    1.14914368
A0A1G8STX4_9FIRM/11-62     0.85852277    1.28147506    0.87773508    1.07520296    1.00182744    1.08993288    0.94706994    0.92626457    0.97087557    1.30032402    0.86644556    1.06688678    1.04529313    0.78834860    0.95267156    0.00000000    0.61177059    1.32662067    1.16492344    1.20975648    2.28594462    1.95345055    1.60039400    1.31063705    1.82531427    1.44249711    1.65743368    1.17375783    1.51716941    1.58179273    1.40555205    1.32951034    1.01419026    1.11653424    1.09371846    0.92760708    2.05325732    1.59511469    1.91041228    1.35414612    1.08342194    1.19346977    1.85605822    1.80614150    1.59828914    1.89658414    1.46476402    1.74535010    2.81152231    2.02582728    2.08970027    2.00306354    2.12946454    1.82172194    2.01755154    2.19141877    1.28958433    1.67812495    1.62167711    1.48979374    1.44702650    1.36962275    1.77042169    1.49336387    1.49772136    1.60936440    1.57437011    1.21849251    1.31136297    1.24470715    1.20791610    1.17606939    1.15767452    1.30796823    1.22855280    1.16037941    1.16106682    1.36501480    1.37033855    1.02958433    1.24904518    1.20100284    1.27285400    1.37629609    1.30361951    1.88828956    1.92954712
A0A1Y3TCY6_9FIRM/11-61     0.41871166    0.71877689    0.56078921    0.70001428    0.55602045    0.64179826    0.67371400    0.44779422    0.44419910    0.70495535    0.49239457    0.58931053    0.62253397    0.54513743    0.50336313    0.61177059    0.00000000    0.60931526    0.69168054    0.69471538    1.57216637    1.35374036    1.22264229    1.07745943    1.75426437    1.10778549    1.20712877    0.92464364    1.52910540    1.13558180    1.25592386    0.80922583    0.79004771    0.58879008    0.44672967    0.49182543    1.33901701    1.02867328    1.54921663    1.35282649    1.08881105    0.94131265    1.53843138    1.24646039    1.08902925    1.12352993    1.05294019    1.26096385    1.84166287    1.53107957    1.63412841    1.57215111    1.69678829    1.43513072    1.48974656    1.87427387    0.71739990    1.15935063    1.22296812    1.19315680    0.91913207    0.95261827    1.20226585    1.04394031    1.05882712    1.27018201    1.10530496    0.87850935    1.21644661    1.09013103    0.92309050    0.98452353    0.91961684    1.02980355    0.71993478    0.57333713    0.72774847    0.82616030    0.76927762    0.86285839    0.77367029    0.67078653    0.68619037    0.69469622    0.64144798    1.30717392    1.17280275
A0A2P8EJV3_9FUSO/67-117     0.57593425    0.82893382    0.76257221    0.75658070    0.75170451    0.65821647    0.69853606    0.59272865    0.56225759    0.93265906    0.54165507    0.65531305    0.53540304    0.61966372    0.41946553    1.32662067    0.60931526    0.00000000    0.64399331    0.92409596    2.29941513    1.66422420    1.87121052    1.42149075    1.61118511    1.40384697    1.58044683    1.39154745    2.04785211    1.48055510    2.09545198    0.97800632    0.93584372    0.83952753    0.55491136    0.63683735    1.77190647    1.46190511    1.81599174    1.57444729    1.18918983    1.30024870    2.37123147    1.73738818    1.51069458    1.38906805    1.09178513    1.24254773    1.78478990    1.63386018    1.58181054    1.20497009    1.63740159    1.68253722    1.57482779    1.80058433    0.76850026    1.14689504    1.22900222    1.00297314    1.09015312    1.07112350    1.13983842    1.24082220    1.09164615    1.27054717    1.06602473    0.98815473    0.94321997    1.04432918    0.86385513    0.85700748    1.01511037    0.98647466    0.83730795    0.80574109    0.94308370    0.95113210    0.90038358    1.12489625    0.89179104    0.79452018    0.97980725    0.77314314    0.82892550    1.59538292    1.13776760
W3AL19_9FIRM/15-65     0.66567374    0.90731527    0.73377847    1.08665688    0.87808127    0.79877605    0.88829697    0.67596475    0.72684089    0.94997703    0.76024406    0.73956063    0.80098421    0.72145953    0.60559891    1.16492344    0.69168054    0.64399331    0.00000000    0.85748790    1.88241873    1.49636366    1.30417804    0.95005953    1.47187355    1.32015346    1.35706722    1.04426169    1.47333814    1.45623042    1.78080192    1.12486299    0.96412739    0.92526190    0.94433415    0.68212080    1.54189142    1.26261688    1.59860521    1.41973879    0.94877491    0.83358286    1.22794535    1.18447789    1.20856790    1.26451741    0.98063269    1.26956013    1.97761074    1.56513941    1.61132389    1.71650549    1.80868784    1.32130222    1.48442374    2.01842590    1.01441270    1.48059087    1.53106814    1.33718360    1.28947337    1.41465999    1.46441172    1.44885957    1.41799325    1.53450052    1.35990109    0.92869950    1.25154609    1.01166325    1.04536185    1.16015196    1.21044022    1.04019179    0.74003228    0.67348432    0.67028478    0.88270556    0.84345602    0.96092536    0.75321116    0.83371985    1.06152301    0.94777719    1.01572675    1.37417071    1.19742699
G2SYR3_ROSHA/8-58     0.61929155    0.61850059    0.70395292    0.91023892    0.64933347    0.70324194    0.59267325    0.56828749    0.62363008    0.87801005    0.58246098    0.60642846    0.74589897    0.63838024    0.70157395    1.20975648    0.69471538    0.92409596    0.85748790    0.00000000    1.62231005    1.26547466    1.28036758    1.08059122    1.33076777    1.21469974    1.41094258    1.19617250    1.60869303    1.45228337    1.22505777    0.97695467    0.62653118    0.65465815    0.64370403    0.52293891    1.18772713    0.94866108    1.35364715    1.60321066    1.31077582    1.20330738    1.66215820    1.42081209    1.07252636    1.09447789    1.04255557    1.14939932    1.32335021    1.57650764    1.42888198    1.41393857    1.40122244    1.27270734    1.27722447    1.77816124    1.02294114    1.35698518    1.25363932    1.17126437    1.06550674    1.19367105    1.18831742    1.13664098    0.93176060    1.01986352    1.09570500    0.92287584    0.93489311    0.96345474    0.87817375    0.90465312    1.10920656    1.04045288    0.53906704    0.58631000    0.61627265    0.61900688    0.85214379    0.80777861    0.69508353    0.73409632    0.79593607    0.75543829    0.74300646    1.11140488    0.91268046
A0A1G5BRK0_9FIRM/22-72     1.58200879    1.46251262    1.77270395    1.71561441    1.61215445    1.79702353    1.80516630    1.69888014    2.05959102    1.81095317    1.90807583    1.75719702    1.67227272    1.85413455    1.95667988    2.28594462    1.57216637    2.29941513    1.88241873    1.62231005    0.00000000    1.46791961    1.09545669    1.16716286    1.15576490    1.41397461    1.14568585    1.19615023    1.00473817    1.16862860    1.96441259    1.60138047    1.74245689    1.74548813    1.77621630    1.67294169    2.85023434    2.09734379    2.30827264    2.32755215    1.57946500    1.51530566    2.78995353    2.48837532    2.08131354    1.92182499    1.90779615    1.79404368    1.79426720    1.76338116    2.50421776    2.62413173    1.86519521    1.88255313    1.99271201    2.75427559    2.39317457    2.80186400    2.58835695    2.30193494    2.37677876    2.45318295    2.69899223    2.45943211    2.31480102    2.26393356    2.50675027    1.87146337    2.23093499    2.28268891    2.01650433    2.19239008    2.25771883    2.19331031    1.51205107    1.61846145    1.68102538    1.76387369    1.59501039    1.84106512    1.70934739    1.51556147    1.48295081    1.72944353    1.73092797    1.95600444    1.92228557
D4MUC3_ANAHA/18-68     1.18310675    1.26351305    1.26144626    1.25166171    1.23770223    1.28460664    1.17611153    1.01103438    1.21763545    1.42474270    1.31744980    1.19212752    1.14113695    1.42704335    1.47514378    1.95345055    1.35374036    1.66422420    1.49636366    1.26547466    1.46791961    0.00000000    0.80045683    0.77441400    0.92502266    0.79016087    0.71792630    0.85780700    0.90451915    0.79043064    1.71325717    1.35861459    1.50544428    1.14299872    1.15507160    1.14912318    2.03384284    1.63033940    2.33793631    1.97699405    2.11810671    2.00595352    2.36231401    2.17685597    1.72126875    1.41470666    1.78472355    1.53013741    1.39448597    1.50896677    1.57263308    1.89166811    1.46873361    1.62377241    1.88585474    2.08192474    1.61410942    2.04672735    1.98724423    1.82870216    1.93349536    1.64257265    1.70765502    1.51167443    1.56374171    1.39741886    1.51061771    1.49494436    1.36376398    1.43529412    1.56454237    1.48112973    1.61008427    1.56423333    1.43752895    1.19883869    1.06319375    1.43178724    1.45303772    1.52356018    1.46045714    1.39190075    1.44730347    1.30383585    1.37190453    1.94503988    1.83053940
A0A3A9ALI1_9BACT/20-70     1.47462833    1.42314286    1.52936882    1.75694482    1.44377938    1.39561286    1.34567545    1.21665951    1.50110594    1.46744217    1.50601114    1.40117384    1.56404125    1.61642202    1.68501065    1.60039400    1.22264229    1.87121052    1.30417804    1.28036758    1.09545669    0.80045683    0.00000000    0.65078946    0.74222487    0.96449560    0.88356211    0.83962911    0.79724258    0.86186050    1.88154925    1.54031410    1.62352882    1.24220493    1.27950640    1.12743713    2.51662951    1.77018781    1.99542549    2.08085238    1.62103159    1.57689391    2.09144720    1.81703023    1.53390097    1.48723323    1.51402833    1.47188921    1.42035159    1.58267492    1.73785390    1.70867214    1.88581383    1.67368970    1.45335352    2.16584545    1.54849365    1.88096581    1.79341038    1.79554362    1.76905276    1.58849548    1.72210975    1.70654129    1.77358908    1.65755530    1.62599925    1.58310979    1.55899181    1.49459709    1.36359380    1.45479269    1.59394703    1.63721596    1.33980302    1.25991851    1.03843421    1.47877193    1.56337819    1.66525660    1.55695168    1.26805693    1.32542321    1.36043560    1.45498841    1.56663332    1.95393489
A0A2G3E616_9FIRM/6-56     1.11154041    0.98721909    1.05642198    1.32072960    1.12566165    1.20085272    1.25327384    0.94202769    1.13741716    1.27037683    1.12065134    1.01860748    1.11583746    1.34632856    1.12418232    1.31063705    1.07745943    1.42149075    0.95005953    1.08059122    1.16716286    0.77441400    0.65078946    0.00000000    0.76245483    0.92494029    0.71087509    0.67177665    0.79571256    0.78799761    1.92512626    1.19309699    1.20951871    1.06843721    1.12559884    0.89821784    1.99710726    1.54894909    1.85779789    1.91226974    1.21946089    1.28941440    1.68177529    1.51717947    1.34867894    1.32126348    1.36954449    1.37041198    1.48447872    1.34581600    1.38041320    1.54036365    1.79346363    1.47476300    1.55476604    2.04895961    1.40257112    1.84012228    1.65119315    1.51757301    1.59687844    1.47655191    1.55409904    1.49380957    1.35324904    1.36879805    1.41470765    1.36840401    1.40173798    1.51039080    1.36028293    1.27777541    1.41796149    1.30505150    1.10811514    0.98473244    0.85155435    1.17525248    1.11016166    1.46904344    1.35924459    0.89886336    1.02877355    1.01375633    1.07572417    1.24730113    1.50569313
A0A1I1KBF8_9FIRM/20-70     1.45660325    1.49248232    1.50968353    1.54378417    1.41450288    1.57637982    1.63157872    1.55091757    1.71790866    1.66353758    1.61952989    1.55176369    1.54228648    1.73562503    1.70914135    1.82531427    1.75426437    1.61118511    1.47187355    1.33076777    1.15576490    0.92502266    0.74222487    0.76245483    0.00000000    0.79313019    0.77528512    0.69518276    0.69037605    0.66268025    2.59784557    1.38360745    1.58233729    1.45161107    1.52796838    1.43165096    2.49446001    1.97934342    2.01700245    2.35562729    1.76243367    1.74767106    2.73043617    2.26810949    1.73160017    1.59215047    1.71667103    1.84287718    1.71811904    1.98361598    1.90362158    1.92507156    1.90362631    1.95932813    1.72249908    2.08665898    1.66982461    2.10853687    1.98139246    1.79110135    2.14586401    1.99860069    1.82359984    2.05334192    2.02411678    1.91287136    1.82558698    1.65742100    1.49642413    1.52879971    1.81915372    1.88414950    2.18894410    2.05487762    1.31780278    1.63764451    1.18197563    1.49127943    1.46959330    1.81788717    1.92898213    1.66130769    1.61320711    1.47083322    1.37615299    1.89739421    1.76299152
A0A1G5DGB7_9FIRM/22-72     1.20792459    1.21753997    1.35141105    1.33594496    1.44718089    1.28025406    1.20741615    1.18011835    1.25450818    1.28867347    1.26172363    1.31683407    1.33071720    1.29107945    1.45594791    1.44249711    1.10778549    1.40384697    1.32015346    1.21469974    1.41397461    0.79016087    0.96449560    0.92494029    0.79313019    0.00000000    0.60395333    0.61386056    0.81244475    0.71258324    1.82647738    1.25431037    1.38274238    1.17669731    0.99101287    1.03682025    2.39419731    1.71715560    2.05013458    1.77458594    1.67330151    1.61619832    2.47376206    2.08877519    1.48984637    1.38422571    1.66920787    1.69203967    1.72545515    1.87451329    1.78677962    1.91245451    2.12689756    1.92456634    1.81991593    2.32381989    1.31225419    1.81187086    1.77842491    1.63253842    1.71441280    1.54272383    1.49456738    1.75521179    1.70229657    1.71592225    1.46180631    1.37938154    1.23245584    1.45284940    1.30629232    1.24684200    1.39093935    1.48263980    1.09906103    1.15781170    1.10295211    1.32553357    1.43695643    1.60952506    1.68474517    1.32165781    1.43277598    1.33798504    1.13647588    1.76647777    1.50975722
A0A1G5DJG2_9FIRM/21-71     1.06775439    1.14348838    1.25019246    1.39863222    1.43619883    1.11915963    1.13091068    1.08019461    1.42096217    1.31092284    1.30574855    1.22404023    1.21515256    1.39687132    1.39765736    1.65743368    1.20712877    1.58044683    1.35706722    1.41094258    1.14568585    0.71792630    0.88356211    0.71087509    0.77528512    0.60395333    0.00000000    0.28799763    0.46825279    0.36416630    1.88658130    1.20325582    1.74595745    1.14758402    1.08033017    1.16099632    2.13339521    1.65267891    2.08237419    2.15039989    1.71094197    1.62719573    2.03582356    1.64705921    1.44293837    1.28753005    2.04446922    1.52416221    1.64215254    1.73270279    1.99026725    2.17656613    1.64394393    1.59515312    2.05360539    2.42007722    1.53366076    1.90998236    1.86878672    2.05218304    1.90716905    1.90607345    1.69150540    1.68984087    1.70991739    1.54655977    1.76903880    1.58885356    1.63594946    1.61961454    1.45433269    1.57475737    1.64847304    1.66072217    1.01503232    1.24183691    1.01359125    1.12919239    1.14274174    1.48227070    1.38744390    1.36124126    1.60200571    1.42459154    1.08172331    1.59628762    1.40093354
A0A1I1KAF7_9FIRM/20-70     0.94398373    0.96138165    1.12468062    1.34594561    1.19237271    1.06936551    1.10766058    0.97803463    1.05641274    1.30315602    0.96575292    1.00840368    1.05934322    1.07738122    1.12244605    1.17375783    0.92464364    1.39154745    1.04426169    1.19617250    1.19615023    0.85780700    0.83962911    0.67177665    0.69518276    0.61386056    0.28799763    0.00000000    0.41015548    0.40807197    1.87735910    1.12362099    1.26116427    1.00622618    0.99908983    0.89662303    1.96057211    1.63253357    1.72914539    1.88525273    1.42542126    1.45740518    1.91577246    1.64724625    1.31109442    1.47787013    1.80678474    1.64264659    1.74722152    1.92002203    1.96168520    2.10860035    1.83117983    1.46415846    1.97112063    2.33766179    1.16071697    1.65594734    1.68614224    1.77988617    1.61055789    1.42390912    1.34292531    1.55811850    1.58401835    1.58138797    1.46918508    1.13566439    1.44470636    1.35463295    1.31027195    1.42309113    1.54189941    1.40629600    1.02253601    0.98120461    0.84131202    1.12959526    0.96904964    1.28514100    1.26168317    1.25717459    1.36522847    1.27475689    1.01292821    1.65496200    1.30436165
A0A1I2NY14_9FIRM/20-70     1.28385478    1.48512368    1.53752793    1.66580845    1.68745680    1.61302609    1.72566021    1.52458620    1.66715201    1.79674313    1.36992799    1.42794796    1.49204962    1.35661343    1.48803349    1.51716941    1.52910540    2.04785211    1.47333814    1.60869303    1.00473817    0.90451915    0.79724258    0.79571256    0.69037605    0.81244475    0.46825279    0.41015548    0.00000000    0.59162917    2.02753406    1.21345997    1.62156166    1.57343448    1.51865667    1.43537884    2.46231010    2.21090056    2.44577085    1.95820165    1.51583428    1.54308078    1.75003299    2.20661985    1.44677910    1.79809145    1.99333425    1.87476736    2.00933275    1.80684204    2.36186855    2.59846703    1.99481154    1.56071958    2.05326335    2.59883644    1.86584738    1.98641742    1.93534049    2.16282973    2.08768059    1.82770766    1.84532233    1.88057661    1.90918692    1.89423550    1.80509945    1.58210200    1.98853537    1.82813476    1.78296345    1.94587215    2.24455945    2.06512443    1.49659416    1.64901123    1.28772124    1.40420982    1.47999551    1.63387477    1.71946394    1.63309193    1.68874057    1.77566261    1.36228237    1.88357705    1.75055183
A0A1I7JRH3_9FIRM/20-70     1.26194056    1.33037610    1.35051312    1.48296471    1.43086006    1.22508113    1.17981194    1.20798850    1.40079814    1.45482368    1.31461820    1.27130487    1.26514964    1.35579659    1.44832293    1.58179273    1.13558180    1.48055510    1.45623042    1.45228337    1.16862860    0.79043064    0.86186050    0.78799761    0.66268025    0.71258324    0.36416630    0.40807197    0.59162917    0.00000000    2.17372386    1.27546208    1.55137755    1.26568835    1.08572037    1.16111978    2.17117893    1.65217475    2.17135227    2.07143069    1.64070183    1.58020265    2.43842148    1.83773702    1.42544937    1.46619670    1.87961177    1.51217194    1.49729386    1.59874211    2.05337418    2.21923602    1.58227635    1.87947843    1.91353394    2.28589482    1.36133642    1.91691130    1.82476481    1.98013314    1.80357885    1.69208434    1.70336493    1.81938039    1.84865789    1.70401118    1.68718139    1.49133748    1.66449564    1.50134531    1.41879543    1.52341872    1.65828861    1.51930390    1.35581608    1.35109367    1.12299356    1.37456721    1.40600876    1.50901800    1.51308582    1.42718338    1.49151003    1.40467994    0.99408430    1.63478815    1.63457227
A0A1G8SV83_9FIRM/11-61     1.49772484    1.43234442    1.92983823    2.04818976    1.99956583    1.60340362    1.38713234    1.40925691    1.60258253    1.60170276    1.68724699    1.73075534    1.72308992    1.48478222    1.74676641    1.40555205    1.25592386    2.09545198    1.78080192    1.22505777    1.96441259    1.71325717    1.88154925    1.92512626    2.59784557    1.82647738    1.88658130    1.87735910    2.02753406    2.17372386    0.00000000    1.37575023    1.66231761    1.96725035    1.32180191    1.60336765    1.49285865    1.70542578    2.79179806    2.26829798    2.42782458    2.08584758    2.52651069    1.97498721    2.14427067    2.14151745    2.53137572    2.58983661    3.19034704    2.91291831    3.12852424    3.00162631    2.50451196    2.42023274    2.68820710    2.43106897    2.68091657    2.37598585    2.51945239    2.43685162    2.16292126    1.96617525    2.31649650    2.12296823    1.78039816    2.28822390    1.96716747    2.30567202    2.31169234    2.75998315    1.78136420    1.90934653    1.89188467    2.12168397    1.45370706    1.49492420    1.69518554    1.75406531    1.50878330    1.35429897    1.32986888    1.39338516    1.69539017    1.96143637    1.73042383    2.58500046    2.10588271
A0A1I1AF08_9FIRM/40-90     0.78628388    0.82068883    1.16556070    1.08150378    0.90566583    1.10796769    1.02452518    0.87885229    0.79991948    1.22774702    0.82853862    0.90976338    0.88256209    0.78336723    0.77133079    1.32951034    0.80922583    0.97800632    1.12486299    0.97695467    1.60138047    1.35861459    1.54031410    1.19309699    1.38360745    1.25431037    1.20325582    1.12362099    1.21345997    1.27546208    1.37575023    0.00000000    1.12072695    0.96538289    0.87913178    0.91590885    1.47311710    1.48748832    2.18148878    1.72448424    1.51322286    1.60184757    1.87900525    2.46316489    1.08868097    1.55696482    1.53334960    1.60927979    1.76273927    1.74527266    1.93188276    1.53153435    1.76830169    1.59191218    1.85459284    2.30161719    1.47819134    1.57366156    1.68060997    1.34663433    1.28756738    1.44385529    1.39501715    1.44910541    1.18248341    1.37568461    1.41010332    1.23360240    1.45440877    1.46846426    1.41185280    1.44635714    1.61755990    1.62836851    0.89177168    0.86676267    0.99220577    0.78806892    0.99408144    1.29238405    1.26237306    1.03051759    1.01995572    1.23343915    0.84908352    1.82427039    1.08586711
