67
A0A0T6URZ6_9PSED/127-185     0.00000000    0.32102393    0.42208700    0.46953242    0.37373818    0.30281201    0.36877150    0.43862300    0.57528613    0.59470616    0.41017637    0.43244148    0.43386704    0.31238031    0.80457448    0.96838637    0.71552183    0.82266517    0.79204333    0.80614563    0.78881319    0.51679597    0.91472014    1.21689446    0.94497736    0.99276112    0.81797325    1.15632878    1.78397806    1.30500508    1.75104710    1.29100278    1.21749152    1.79809703    1.45323175    1.18666367    1.62575189    1.50034120    1.71759018    0.87262657    1.20308981    1.27443613    1.60011355    1.63238471    1.34840266    0.96906719    1.40555834    1.17370722    1.25389925    1.30579037    1.36023474    1.08736810    1.58166609    1.21459366    1.35788524    1.57664516    1.44309509    1.40935093    1.37469796    1.59409610    1.14568537    1.04581899    1.20930982    1.52309812    0.36576714    0.54222630    0.44132483
A0A139SY55_9GAMM/127-185     0.32102393    0.00000000    0.38260027    0.36114095    0.42824030    0.34384907    0.44500186    0.47937794    0.56126410    0.55377559    0.30214112    0.32107086    0.36782005    0.32420226    0.87527633    0.93074584    0.69900154    0.78759787    0.75367955    0.78784437    0.95621248    0.55070644    1.02427041    1.25550149    0.84007736    0.87285646    0.69129782    1.03615432    1.66725248    1.35993865    1.47409657    1.55362662    1.32329508    1.96147961    1.78526900    1.33313454    1.51940068    1.49804050    1.88780625    0.94870978    1.26325065    1.45878209    1.80656465    1.67590865    1.21643584    1.09669355    1.20765764    1.17857141    1.39791840    1.28132581    1.29231978    1.28527294    1.60131869    1.18282512    1.57546657    1.53619836    1.44775872    1.42240164    1.39834176    1.67817541    1.26590016    0.99305888    1.15876510    1.62496832    0.48243463    0.52700758    0.50583341
F6A9F9_PSEF1/127-185     0.42208700    0.38260027    0.00000000    0.38350283    0.49654242    0.50146658    0.52649545    0.57916491    0.69603466    0.62166936    0.50515427    0.57823142    0.58987778    0.50410563    0.86195601    0.98839994    0.82525522    0.91298900    0.87173789    0.94468233    0.96946235    0.67050305    1.05065714    1.26417130    0.93022605    1.06001938    0.81947543    1.02689180    1.73523168    1.39954332    1.59977252    1.47977499    1.39010354    1.93719039    1.84436501    1.43879944    1.48799893    1.64794189    1.70309749    0.89510351    1.21459964    1.43373051    1.52962227    1.92197561    1.23146358    1.20130458    1.48177538    1.26383853    1.38246244    1.23128812    1.27272110    1.17879722    1.41043163    1.42664450    1.47925203    1.49994530    1.22035453    1.28282930    1.55514707    1.66821326    1.31154933    1.16115366    1.45176982    1.35056562    0.45009496    0.54286469    0.52516563
A0A0C4WJ48_9GAMM/122-180     0.46953242    0.36114095    0.38350283    0.00000000    0.37350981    0.37022990    0.49829334    0.52167071    0.53279538    0.50515396    0.42604732    0.46668159    0.55833450    0.43538359    0.84485755    0.83920344    0.83219569    0.88834087    0.84947271    0.93173132    0.98703849    0.52433724    1.01687295    1.21806442    0.89409913    1.08324292    0.80474721    1.11396182    1.76084870    1.16667624    1.41134489    1.56103476    1.44987250    2.05292915    1.82392148    1.46972775    1.49028948    1.74703534    1.70883058    0.88299343    1.21017532    1.51848599    1.77723065    1.91457243    1.39177887    1.06820327    1.31947781    1.30042024    1.47485521    1.33635583    1.38920774    1.10022437    1.40787166    1.38885247    1.68122348    1.44443293    1.34431968    1.43031753    1.48916035    1.69906370    1.23594732    1.07920864    1.35372032    1.37465114    0.42573388    0.40143623    0.53972064
A0A2I0CNK5_9PSED/125-183     0.37373818    0.42824030    0.49654242    0.37350981    0.00000000    0.27721256    0.49246991    0.50203283    0.73341888    0.66019110    0.41669545    0.41914584    0.39104377    0.46783770    0.74161498    0.90421346    0.67225905    0.79996492    0.69555567    0.87042313    0.75750946    0.44784592    0.89262541    1.17328052    0.84151948    0.94796553    0.71546105    0.99134133    1.49177210    1.25548387    1.52483099    1.49632624    1.49982467    1.94801166    1.71409585    1.35495415    1.54209707    1.69321715    1.74803611    0.91864998    1.20248470    1.40847399    1.61848628    1.90573845    1.48325282    1.11460475    1.42291695    1.35042148    1.44060084    1.35588537    1.45094424    1.19061998    1.55484279    1.21318818    1.61615131    1.65291152    1.46040114    1.58081899    1.43658227    1.89036441    1.15499717    1.09041974    1.26350259    1.57277765    0.35601701    0.49815906    0.49390423
Q88CL8_PSEPK/127-185     0.30281201    0.34384907    0.50146658    0.37022990    0.27721256    0.00000000    0.35105324    0.44634860    0.54690341    0.56003198    0.36009728    0.27786969    0.28835784    0.39236732    0.82408413    0.92647353    0.68839404    0.74393724    0.68386789    0.71050127    0.79959204    0.36536249    0.91749560    1.24079940    0.81314655    0.89365568    0.75384160    1.08155421    1.44037798    1.33380691    1.54486794    1.34021845    1.29395064    1.84297712    1.67980137    1.20270099    1.37476471    1.57849088    1.66365295    0.86378886    1.14230254    1.41705391    1.59311720    1.88486141    1.47424586    0.98232996    1.28030248    1.16655880    1.35751318    1.24945885    1.30126590    1.14149262    1.35622143    1.15013706    1.51445845    1.44818096    1.26771893    1.47086202    1.38011970    1.76520404    1.03965560    1.05424066    1.22416587    1.40851217    0.33022837    0.45080684    0.34728224
F6ABA0_PSEF1/137-195     0.36877150    0.44500186    0.52649545    0.49829334    0.49246991    0.35105324    0.00000000    0.31330609    0.55660213    0.55551442    0.50687419    0.41922680    0.42716770    0.44885053    0.93051745    1.04627193    0.74319735    0.76568016    0.82732383    0.88252781    0.87242736    0.49551101    0.99719327    1.32241097    0.93839835    1.01451843    0.78095699    1.13516603    1.98401735    1.33569431    1.72273967    1.13022900    1.37643885    1.82644624    1.51482436    1.25006962    1.43097528    1.49580148    1.46466680    0.87835383    1.03900855    1.10276373    1.47622350    1.85599828    1.36104355    1.03326864    1.32295507    1.24131204    1.26909888    1.29562268    1.35217573    0.99750738    1.30135441    1.31736375    1.42562909    1.34581890    1.29281659    1.42664100    1.28125941    1.48098038    0.89470732    0.99009886    1.17268912    1.40451876    0.44631347    0.54195051    0.42558112
A0A2V1K0I2_9BURK/136-194     0.43862300    0.47937794    0.57916491    0.52167071    0.50203283    0.44634860    0.31330609    0.00000000    0.48767980    0.39693430    0.45240935    0.39013236    0.51339456    0.51071104    0.97201982    1.08324541    0.87297351    0.82145775    0.85724379    0.93254725    0.96141957    0.59418415    1.07341211    1.41750341    1.06654038    1.29444757    0.98096666    1.13374438    2.18903467    1.38330724    1.74434232    1.49000915    1.55122533    2.08140643    1.77455897    1.41401876    1.67574980    1.93927520    1.69468700    1.20819962    1.32593944    1.11951904    1.94531539    1.84308487    1.57037771    1.21589350    1.45342191    1.33520168    1.42289060    1.34705152    1.54750137    1.35361111    1.68080877    1.48744048    1.68769342    1.74352480    1.49721480    1.59763830    1.57131043    1.79936664    1.10726280    1.11981950    1.07675236    1.41053661    0.60914272    0.48284523    0.49069970
A0A1M5AZ79_9BURK/142-200     0.57528613    0.56126410    0.69603466    0.53279538    0.73341888    0.54690341    0.55660213    0.48767980    0.00000000    0.27833826    0.56709165    0.56467274    0.75402873    0.60846218    0.94177725    0.99498519    0.96207903    0.77908699    0.81930547    1.00030803    0.98840160    0.57290905    1.11805711    1.50615738    0.96944717    1.14280901    1.02140985    1.19823502    1.73099308    1.31315813    1.48589137    1.57252264    1.36138155    1.84308430    1.66304046    1.42506521    1.59026037    1.73542856    1.60745645    0.97349546    1.36037920    1.22495359    1.80576497    1.96512914    1.46653125    1.14599233    1.45933940    1.26164470    1.37350179    1.23769226    1.36033496    1.23411741    1.51669033    1.50302316    1.66567245    1.32779603    1.38167610    1.41625570    1.46390083    1.66672215    1.27214121    0.91781078    1.13916878    1.12070342    0.64870265    0.57780434    0.58854984
A0A2P6AQS1_9GAMM/13-71     0.59470616    0.55377559    0.62166936    0.50515396    0.66019110    0.56003198    0.55551442    0.39693430    0.27833826    0.00000000    0.47985071    0.49079315    0.64960636    0.60621525    0.87421733    0.97491355    0.92907186    0.72084399    0.74125913    0.95244449    0.94801808    0.46819869    1.19246129    1.52161752    0.83097881    1.29020526    1.04232419    1.14723526    1.91228871    1.11531218    1.44522698    1.77479388    1.59143955    2.10843302    1.89168013    1.56237504    1.78537009    1.85973512    2.00010629    1.14942238    1.42974868    1.31581792    1.87569944    2.01025725    1.49794891    1.28637276    1.46646649    1.45566955    1.47174878    1.34840065    1.44948692    1.44880193    1.64548730    1.57015519    1.70417727    1.68825059    1.33605566    1.61988322    1.44152224    1.79969932    1.32074532    1.22878329    1.26324671    1.35041466    0.57995117    0.45978720    0.58747585
A0A2T5P5M3_9PSED/124-182     0.41017637    0.30214112    0.50515427    0.42604732    0.41669545    0.36009728    0.50687419    0.45240935    0.56709165    0.47985071    0.00000000    0.25187619    0.30338298    0.30334434    0.86723077    0.88233233    0.71244356    0.76902983    0.71970010    0.81380317    0.74467626    0.50288326    1.04723365    1.35908822    0.76921803    1.12215965    0.78838827    1.07570794    1.65243151    1.13625944    1.33520899    1.62055243    1.34724046    1.92241251    1.74977699    1.41244372    1.56771480    1.88146968    1.78516945    1.12402876    1.11974549    1.42320608    1.73591438    1.89482309    1.42657223    1.11480666    1.47166464    1.42511221    1.60516838    1.47921011    1.44982629    1.31795905    1.33581118    1.08370822    1.55647172    1.45436998    1.13122881    1.31346419    1.38513036    1.66594616    1.16069960    1.12276458    1.33877771    1.61144562    0.44725143    0.45173998    0.49187353
A0A0D6SZI6_9PSED/127-185     0.43244148    0.32107086    0.57823142    0.46668159    0.41914584    0.27786969    0.41922680    0.39013236    0.56467274    0.49079315    0.25187619    0.00000000    0.29680012    0.29351805    0.83825070    0.93065210    0.68100516    0.78939984    0.69410261    0.79978202    0.83916978    0.42979660    1.05538196    1.28080882    0.93296164    0.96853133    0.77544647    0.95234413    1.81350784    1.26093176    1.57826561    1.53320250    1.40904947    1.98076751    1.70595545    1.31284663    1.59209434    1.63603357    1.87295110    0.84953274    1.01552450    1.26462419    1.61818131    1.76672572    1.47378205    1.02259062    1.30187356    1.28783438    1.44706628    1.40396076    1.35401598    1.26658596    1.42291184    1.11977232    1.36754499    1.45004849    1.14406388    1.44403475    1.38918609    1.84096030    1.17698535    1.03308856    1.23300895    1.54245486    0.33592053    0.36619047    0.39819743
A0A658GI33_9PSED/127-185     0.43386704    0.36782005    0.58987778    0.55833450    0.39104377    0.28835784    0.42716770    0.51339456    0.75402873    0.64960636    0.30338298    0.29680012    0.00000000    0.25839347    0.86679124    0.98346131    0.65536967    0.72288455    0.72297095    0.80103026    0.77555527    0.47343198    1.09064593    1.43405372    0.83357357    1.09979175    0.81764627    1.12234768    1.70164437    1.36558078    1.80937217    1.46108270    1.33069338    1.92303487    1.68907127    1.28365595    1.49055704    1.58089544    1.82531190    1.05699312    1.04558897    1.44042387    1.70422913    2.06664393    1.63655189    1.11549686    1.43563034    1.26252231    1.50132428    1.46152918    1.39572214    1.39752882    1.59013095    1.17690189    1.49341287    1.59988245    1.45353239    1.51672534    1.53968027    1.75265524    1.12852938    1.07868655    1.19548146    1.67521494    0.35638052    0.40158658    0.44984380
A0A078LXJ5_9PSED/127-185     0.31238031    0.32420226    0.50410563    0.43538359    0.46783770    0.39236732    0.44885053    0.51071104    0.60846218    0.60621525    0.30334434    0.29351805    0.25839347    0.00000000    0.79584910    0.95764691    0.59033522    0.76413877    0.73203446    0.65153023    0.72777240    0.48163878    0.91667233    1.32881706    0.90990969    1.03205830    0.82765488    1.11348007    1.78110769    1.31333068    1.46794290    1.39618086    1.19365382    1.77934855    1.60366490    1.29929887    1.65546160    1.51063405    1.90892981    0.88768299    1.12158222    1.33656171    1.79373830    1.85107425    1.48154669    1.07402535    1.50068226    1.31465047    1.45518884    1.41895336    1.47585964    1.41300300    1.72031284    1.30009323    1.52920439    1.58278572    1.45368592    1.39932794    1.55225821    1.85328047    1.25971349    0.94732279    1.22441404    1.72509638    0.37488663    0.36604392    0.42125808
A0A1Y6BVF5_9ALTE/135-193     0.80457448    0.87527633    0.86195601    0.84485755    0.74161498    0.82408413    0.93051745    0.97201982    0.94177725    0.87421733    0.86723077    0.83825070    0.86679124    0.79584910    0.00000000    0.61172247    1.07565951    0.91742506    1.08382910    1.06247850    1.05823023    0.83581994    1.21272042    1.44876705    0.98672458    1.28384208    1.18527537    1.25231069    1.74041446    1.03411886    1.41916194    1.90338881    1.81691559    2.11279394    1.87927670    1.76848194    1.84334708    1.84085569    2.22667075    1.28661727    1.41303615    1.39032942    1.52847547    1.93490773    1.37147450    1.00498741    1.18324225    1.15040674    1.19604468    1.17542603    1.21463211    1.06601822    1.54428086    1.42594728    1.59066192    1.47792026    1.52117961    1.46605958    1.47284618    1.70319330    1.46076954    1.11248152    1.48608306    1.94513151    0.72826036    0.86274667    0.89366037
C5BLD2_TERTT/125-183     0.96838637    0.93074584    0.98839994    0.83920344    0.90421346    0.92647353    1.04627193    1.08324541    0.99498519    0.97491355    0.88233233    0.93065210    0.98346131    0.95764691    0.61172247    0.00000000    1.10232297    1.05142442    1.11876093    1.12089427    1.19294736    0.85520438    1.28418055    1.46984854    0.98893543    1.45154707    1.42683738    1.38805316    1.86165900    1.24002793    1.28748926    1.92156379    1.87313991    2.15275374    2.14311744    1.56454575    1.96352250    1.83679488    1.82862720    1.49521336    1.66808924    1.40050927    1.92380104    1.55294074    1.26257172    1.27733546    1.41067438    1.44102447    1.61364764    1.53570353    1.47148661    1.19913949    1.67018951    1.60997515    1.83934871    1.69690660    1.74659535    1.48557142    1.40055346    1.54672270    1.22848164    1.27928756    1.80020824    2.00527395    0.90981028    0.98797209    1.00038680
A0A1V0B398_9PSED/121-179     0.71552183    0.69900154    0.82525522    0.83219569    0.67225905    0.68839404    0.74319735    0.87297351    0.96207903    0.92907186    0.71244356    0.68100516    0.65536967    0.59033522    1.07565951    1.10232297    0.00000000    0.27153856    0.32885567    0.28322185    0.37597485    0.72448301    1.15319880    1.27391174    1.07988647    1.19566785    1.04535682    1.37035694    2.04718428    1.58686187    1.86954822    1.60120261    1.42875999    2.00659688    1.85662020    1.53299665    1.53354387    1.56349928    1.71508114    1.03972301    1.38510842    1.37721895    1.75540864    1.87498660    1.58333080    1.27861590    1.50493904    1.52220815    1.48109073    1.45701775    1.55931990    1.35029689    1.78991048    1.42293068    1.55588896    1.54488911    1.53620040    1.62526983    1.31261074    1.70751928    1.30735007    1.25184908    1.33195439    2.00731656    0.62477577    0.64977548    0.67348515
A0A1H1YK55_9PSED/125-183     0.82266517    0.78759787    0.91298900    0.88834087    0.79996492    0.74393724    0.76568016    0.82145775    0.77908699    0.72084399    0.76902983    0.78939984    0.72288455    0.76413877    0.91742506    1.05142442    0.27153856    0.00000000    0.30034552    0.29069550    0.42143876    0.68000323    1.19254020    1.44859753    1.10760907    1.31811439    1.26484951    1.33010620    2.13285701    1.39789305    1.80245743    1.80510281    1.83620037    2.25578512    1.95550643    1.67808327    1.54873804    1.71291554    1.74927983    1.21685495    1.31524269    1.29902869    1.77300061    1.93350602    1.65048545    1.21034555    1.26853882    1.30569565    1.31453384    1.35994700    1.32885829    1.27518900    1.60618435    1.61791331    1.66720476    1.48852787    1.41683004    1.55686683    1.21470430    1.84013723    1.34753582    1.20611761    1.43272466    1.99807056    0.79201310    0.78472886    0.71132887
A0A2A4AWL6_9PSED/109-167     0.79204333    0.75367955    0.87173789    0.84947271    0.69555567    0.68386789    0.82732383    0.85724379    0.81930547    0.74125913    0.71970010    0.69410261    0.72297095    0.73203446    1.08382910    1.11876093    0.32885567    0.30034552    0.00000000    0.33528483    0.48823604    0.68866602    0.99393088    1.37358459    0.92523616    1.19491067    1.03336499    1.34354768    1.72607040    1.49005616    1.77675818    1.40612280    1.43578765    2.00895716    1.86075032    1.30293799    1.33569506    1.49554812    1.62631415    1.04653254    1.34107309    1.05983669    1.63248294    1.75852418    1.63449083    1.11207916    1.42093215    1.23614815    1.30126007    1.18446387    1.30451409    1.36460596    1.76184878    1.45143957    1.71399780    1.42503358    1.50498460    1.64770241    1.30793224    1.82320338    1.30647983    1.39710741    1.52691968    1.80975090    0.76202242    0.67199706    0.69383324
A0A1S8DCZ0_9PSED/121-179     0.80614563    0.78784437    0.94468233    0.93173132    0.87042313    0.71050127    0.88252781    0.93254725    1.00030803    0.95244449    0.81380317    0.79978202    0.80103026    0.65153023    1.06247850    1.12089427    0.28322185    0.29069550    0.33528483    0.00000000    0.49789083    0.91522973    1.27571578    1.32543005    1.16886820    1.31970641    1.36122004    1.45243116    2.03480931    1.45365316    1.70444477    1.64146266    1.73844205    2.01046206    1.93809593    1.56005719    1.47837017    1.48949716    1.78541181    1.03669673    1.33623293    1.51693767    1.75354532    1.83408146    1.76733769    1.23659269    1.22910857    1.39926435    1.37871911    1.41042677    1.41389297    1.45742795    1.83584296    1.52283287    1.70229538    1.56430885    1.56988686    1.60928986    1.47226687    1.99841952    1.44436615    1.48334159    1.66789208    1.94410037    0.76772429    0.62035596    0.76272603
A0A1I4PFX7_9PSED/121-179     0.78881319    0.95621248    0.96946235    0.98703849    0.75750946    0.79959204    0.87242736    0.96141957    0.98840160    0.94801808    0.74467626    0.83916978    0.77555527    0.72777240    1.05823023    1.19294736    0.37597485    0.42143876    0.48823604    0.49789083    0.00000000    0.88827292    1.29614565    1.39556543    1.11518465    1.48200534    1.31354947    1.43427885    2.15606428    1.51467631    1.59616837    1.62816437    1.74533467    1.98382222    1.75976297    1.47650497    1.43286894    1.57717085    2.03539281    1.06923453    1.27887319    1.33327382    1.52331079    1.80995501    1.47333003    1.25676176    1.63090163    1.32347135    1.48115123    1.34986520    1.52461004    1.27862159    1.55392045    1.49465099    1.62598519    1.39897339    1.30124364    1.44557648    1.28328511    1.76906485    1.19070331    1.19895355    1.37641985    1.68777440    0.72370902    0.75959187    0.76330638
A0A1H7HZS4_9PSED/129-187     0.51679597    0.55070644    0.67050305    0.52433724    0.44784592    0.36536249    0.49551101    0.59418415    0.57290905    0.46819869    0.50288326    0.42979660    0.47343198    0.48163878    0.83581994    0.85520438    0.72448301    0.68000323    0.68866602    0.91522973    0.88827292    0.00000000    0.98546832    1.45167834    0.74125011    0.90843317    0.77556013    0.88707526    1.68844466    1.19846725    1.38458327    1.54965592    1.48665466    2.13124839    1.76098826    1.43589513    1.66350060    1.67330906    1.84851128    1.11714419    1.42322697    1.30821276    1.65507177    1.90984500    1.47778298    1.12404827    1.34035085    1.34841917    1.42522781    1.36907085    1.47240521    1.15504426    1.55076895    1.38276818    1.65703073    1.53379736    1.31813671    1.65166992    1.50318854    1.60761271    1.02948486    1.19625913    1.28382556    1.65878120    0.47298729    0.59071420    0.49976062
A0A3N1P0K9_9GAMM/116-174     0.91472014    1.02427041    1.05065714    1.01687295    0.89262541    0.91749560    0.99719327    1.07341211    1.11805711    1.19246129    1.04723365    1.05538196    1.09064593    0.91667233    1.21272042    1.28418055    1.15319880    1.19254020    0.99393088    1.27571578    1.29614565    0.98546832    0.00000000    0.92317089    0.96691759    1.46850986    1.44289148    1.30044816    1.56835561    1.52703368    1.48381095    1.53054944    1.37230704    1.63303687    1.71924457    1.33490150    1.37477158    1.60341320    1.80697928    1.05532010    1.36712539    1.04052841    1.58064963    1.28945629    1.27168481    1.11504564    1.59827825    1.27853222    1.35791613    1.34720516    1.47189670    1.45360275    1.50024108    1.24378430    1.56428789    1.69592243    1.48655132    1.90108031    1.49050914    1.37129761    1.53950291    1.31108197    1.58312090    1.60362109    1.00386403    1.04525676    0.90080200
Q21K80_SACD2/119-177     1.21689446    1.25550149    1.26417130    1.21806442    1.17328052    1.24079940    1.32241097    1.41750341    1.50615738    1.52161752    1.35908822    1.28080882    1.43405372    1.32881706    1.44876705    1.46984854    1.27391174    1.44859753    1.37358459    1.32543005    1.39556543    1.45167834    0.92317089    0.00000000    1.30610538    1.66373621    1.55343969    1.45907951    1.99799867    1.99760503    1.86710139    1.63310402    1.94074159    2.29566586    2.24544140    1.67649756    1.81791360    2.04179602    2.20649233    1.55061670    1.70043992    1.59374195    2.10902961    1.51045478    1.72041658    1.32249012    1.63356680    1.42643728    1.59500513    1.50030170    1.55969408    1.53158666    1.97172435    1.79894861    1.91185118    1.86784676    1.93951753    1.97910751    1.93196928    1.63359510    1.83076274    1.32877795    1.92450143    2.10566422    1.18660713    1.22357111    1.30962359
A0A0S2T9U9_9GAMM/145-204     0.94497736    0.84007736    0.93022605    0.89409913    0.84151948    0.81314655    0.93839835    1.06654038    0.96944717    0.83097881    0.76921803    0.93296164    0.83357357    0.90990969    0.98672458    0.98893543    1.07988647    1.10760907    0.92523616    1.16886820    1.11518465    0.74125011    0.96691759    1.30610538    0.00000000    1.26679402    1.07975063    1.28403959    1.63526965    1.36510710    1.35766668    1.63218630    1.48213416    1.84143778    1.74747674    1.65102312    1.42825053    1.41304607    1.78300854    1.21860326    1.26833325    1.20767260    1.36762174    1.37691563    1.49728734    1.14089072    1.24573320    1.31401334    1.34115080    1.23238983    1.21702027    1.24443416    1.34359759    1.18496404    1.50884513    1.36021565    1.21868116    1.52595768    1.41292162    1.41027699    1.40521678    1.12955549    1.30916802    1.62068627    0.79933623    1.04982496    0.93747040
A0A2K9LLN4_9GAMM/136-194     0.99276112    0.87285646    1.06001938    1.08324292    0.94796553    0.89365568    1.01451843    1.29444757    1.14280901    1.29020526    1.12215965    0.96853133    1.09979175    1.03205830    1.28384208    1.45154707    1.19566785    1.31811439    1.19491067    1.31970641    1.48200534    0.90843317    1.46850986    1.66373621    1.26679402    0.00000000    0.28885182    1.07521975    1.57120953    1.27643982    1.47285319    1.57056275    1.29765776    1.67033457    1.64879348    1.45457585    2.23886426    1.43660637    2.16109475    1.06738612    1.35957291    1.78623356    1.88853367    1.63740354    1.36629955    1.41745411    1.41931618    1.36309650    1.53252845    1.39515922    1.43726717    1.44591743    1.84827348    1.64526045    1.82898560    1.97016135    1.77545043    1.61633748    1.45440723    2.12400489    1.53772784    1.22242656    1.69900615    1.73662932    0.96141030    1.14412401    0.92147786
A0A3F2V096_9GAMM/126-184     0.81797325    0.69129782    0.81947543    0.80474721    0.71546105    0.75384160    0.78095699    0.98096666    1.02140985    1.04232419    0.78838827    0.77544647    0.81764627    0.82765488    1.18527537    1.42683738    1.04535682    1.26484951    1.03336499    1.36122004    1.31354947    0.77556013    1.44289148    1.55343969    1.07975063    0.28885182    0.00000000    1.06585042    1.56390972    1.29561131    1.60487208    1.42229569    1.36025030    1.77882688    1.51684017    1.44267418    2.06667527    1.57389545    2.04617048    1.03756438    1.31479651    1.63992310    1.75948779    1.64738621    1.40938772    1.32214097    1.51287398    1.52148436    1.58684869    1.38768678    1.52632293    1.46604232    1.69492595    1.53988959    1.91952126    1.86856218    1.68075077    1.71824843    1.53113937    1.76064130    1.35581804    1.03365246    1.50454558    1.69974547    0.77497305    0.94666405    0.86667893
A0A0C5V7F4_9GAMM/132-191     1.15632878    1.03615432    1.02689180    1.11396182    0.99134133    1.08155421    1.13516603    1.13374438    1.19823502    1.14723526    1.07570794    0.95234413    1.12234768    1.11348007    1.25231069    1.38805316    1.37035694    1.33010620    1.34354768    1.45243116    1.43427885    0.88707526    1.30044816    1.45907951    1.28403959    1.07521975    1.06585042    0.00000000    1.34332585    1.38523426    1.38153463    1.68272055    1.43769404    1.66346550    1.46397302    1.43586053    1.90987206    1.62546584    1.66247488    1.28707789    1.35683774    1.23319587    1.84500658    1.53930443    1.41370095    1.36551626    1.54525368    1.48372913    1.65085470    1.68190492    1.75225054    1.36341566    1.78618841    1.58993721    1.63439088    1.60633378    1.53247737    1.60598735    1.49493606    1.48172397    1.34396769    1.02583727    1.29442760    1.41813974    0.99411186    1.03461609    1.06319841
Q1N6Q7_9GAMM/137-196     1.78397806    1.66725248    1.73523168    1.76084870    1.49177210    1.44037798    1.98401735    2.18903467    1.73099308    1.91228871    1.65243151    1.81350784    1.70164437    1.78110769    1.74041446    1.86165900    2.04718428    2.13285701    1.72607040    2.03480931    2.15606428    1.68844466    1.56835561    1.99799867    1.63526965    1.57120953    1.56390972    1.34332585    0.00000000    1.09144948    1.20477068    2.14329300    1.88235703    1.92148695    1.95943062    1.86820502    2.05277840    2.14809541    2.15046493    1.39807516    1.57763159    1.95741826    1.84496053    1.87302586    1.74876593    1.76970213    1.79210396    1.87126423    1.95551553    1.78498197    1.82454957    2.05017013    1.95396674    1.82327599    1.91057977    1.85178950    1.91564088    2.24480505    1.96154304    1.97980875    1.96139811    1.61130249    1.83012175    1.49795919    1.56721783    1.93988208    1.70980977
R4YML8_OLEAN/144-204     1.30500508    1.35993865    1.39954332    1.16667624    1.25548387    1.33380691    1.33569431    1.38330724    1.31315813    1.11531218    1.13625944    1.26093176    1.36558078    1.31333068    1.03411886    1.24002793    1.58686187    1.39789305    1.49005616    1.45365316    1.51467631    1.19846725    1.52703368    1.99760503    1.36510710    1.27643982    1.29561131    1.38523426    1.09144948    0.00000000    0.93445142    1.88067951    1.73218474    1.88465197    1.63008476    1.73427850    2.02127641    1.85195826    2.16651231    1.27202982    1.28031222    1.91553115    1.72754378    1.81895623    1.54242914    1.46281959    1.51990409    1.57555651    1.60709510    1.65903139    1.49527052    1.60252703    1.69572506    1.62421837    1.90224892    1.73465306    1.50171016    1.60615363    1.48558086    1.28102170    1.48265835    1.38239832    2.03576026    1.86243624    1.10718651    1.20854418    1.26552192
A0A222FLL5_9GAMM/136-195     1.75104710    1.47409657    1.59977252    1.41134489    1.52483099    1.54486794    1.72273967    1.74434232    1.48589137    1.44522698    1.33520899    1.57826561    1.80937217    1.46794290    1.41916194    1.28748926    1.86954822    1.80245743    1.77675818    1.70444477    1.59616837    1.38458327    1.48381095    1.86710139    1.35766668    1.47285319    1.60487208    1.38153463    1.20477068    0.93445142    0.00000000    1.87123645    1.70538475    1.94136294    1.96167203    1.91700674    1.98850313    1.81141227    2.16246007    1.51626426    1.58240717    2.04309291    2.01420258    1.84374762    1.63042331    1.50832342    1.68761740    1.70346537    1.91040580    1.75586522    1.72822398    1.84358993    1.91098978    1.70536707    2.23381705    1.76366465    1.56168247    1.64885492    1.59856018    1.31055472    1.68290462    1.50878048    1.74062200    1.97217677    1.58819814    1.59513528    1.45163847
I8UEM3_9ALTE/98-154     1.29100278    1.55362662    1.47977499    1.56103476    1.49632624    1.34021845    1.13022900    1.49000915    1.57252264    1.77479388    1.62055243    1.53320250    1.46108270    1.39618086    1.90338881    1.92156379    1.60120261    1.80510281    1.40612280    1.64146266    1.62816437    1.54965592    1.53054944    1.63310402    1.63218630    1.57056275    1.42229569    1.68272055    2.14329300    1.88067951    1.87123645    0.00000000    0.82832937    0.93331044    0.91134961    0.65507827    1.13767816    0.98329543    1.06179730    1.23039780    1.29353825    1.58205848    1.97019375    1.93766398    1.56708894    1.41520379    1.69032014    1.66099380    1.59963746    1.60840963    1.69940698    1.31768675    1.65073352    1.91287457    1.82153113    1.31589767    1.56157582    1.77825540    1.53290236    1.77616869    1.51516500    1.18113871    1.26273455    1.73740588    1.44064721    1.41067985    1.38413679
A0A432WI21_9GAMM/109-165     1.21749152    1.32329508    1.39010354    1.44987250    1.49982467    1.29395064    1.37643885    1.55122533    1.36138155    1.59143955    1.34724046    1.40904947    1.33069338    1.19365382    1.81691559    1.87313991    1.42875999    1.83620037    1.43578765    1.73844205    1.74533467    1.48665466    1.37230704    1.94074159    1.48213416    1.29765776    1.36025030    1.43769404    1.88235703    1.73218474    1.70538475    0.82832937    0.00000000    0.48614678    0.52804270    0.56202842    1.09129099    1.09013446    1.27128940    1.18273731    1.14693758    1.49888148    1.83939716    2.16156056    1.50440903    1.54586951    2.09561372    1.86279969    1.73825806    1.71676732    1.87176001    1.55598826    1.57741224    1.81275821    1.68417000    1.68373245    1.79278869    1.53582909    1.67551480    1.92344989    1.78796084    1.31453742    1.29285537    1.64927256    1.31592961    1.39448302    1.24485296
A0A432W974_9GAMM/112-168     1.79809703    1.96147961    1.93719039    2.05292915    1.94801166    1.84297712    1.82644624    2.08140643    1.84308430    2.10843302    1.92241251    1.98076751    1.92303487    1.77934855    2.11279394    2.15275374    2.00659688    2.25578512    2.00895716    2.01046206    1.98382222    2.13124839    1.63303687    2.29566586    1.84143778    1.67033457    1.77882688    1.66346550    1.92148695    1.88465197    1.94136294    0.93331044    0.48614678    0.00000000    0.47696431    0.60650899    1.03957265    0.90398460    1.27212169    1.44935244    1.22080452    1.76295553    2.02795313    2.45624637    1.66148255    2.03563466    2.31107200    2.06025482    1.97209312    2.00771008    2.20611063    1.71019826    1.57784621    1.94310797    1.63516835    1.87844242    1.93457655    2.03292628    1.58368715    1.98595569    2.07525712    1.61806441    1.44211844    1.64961174    1.80277622    1.86653986    1.71573729
A0A432WHY7_9GAMM/110-166     1.45323175    1.78526900    1.84436501    1.82392148    1.71409585    1.67980137    1.51482436    1.77455897    1.66304046    1.89168013    1.74977699    1.70595545    1.68907127    1.60366490    1.87927670    2.14311744    1.85662020    1.95550643    1.86075032    1.93809593    1.75976297    1.76098826    1.71924457    2.24544140    1.74747674    1.64879348    1.51684017    1.46397302    1.95943062    1.63008476    1.96167203    0.91134961    0.52804270    0.47696431    0.00000000    0.92357465    1.25652274    1.00998875    1.22014197    1.42563990    1.33663031    1.58518063    1.96621974    2.39557160    1.75268977    1.78886908    2.11217196    1.99949050    1.75492362    1.85941730    1.86447706    1.79781735    1.64777324    1.90932042    1.77202401    1.93364845    1.70414930    2.05281967    1.63951884    2.10323328    2.06545227    1.38262947    1.38568753    1.63147377    1.50766380    1.71105886    1.62835590
A0A0M2VK38_9GAMM/116-172     1.18666367    1.33313454    1.43879944    1.46972775    1.35495415    1.20270099    1.25006962    1.41401876    1.42506521    1.56237504    1.41244372    1.31284663    1.28365595    1.29929887    1.76848194    1.56454575    1.53299665    1.67808327    1.30293799    1.56005719    1.47650497    1.43589513    1.33490150    1.67649756    1.65102312    1.45457585    1.44267418    1.43586053    1.86820502    1.73427850    1.91700674    0.65507827    0.56202842    0.60650899    0.92357465    0.00000000    1.00027359    0.93501453    1.01841260    1.13819480    1.09317427    1.52705617    1.83970962    2.04240244    1.33862035    1.37213710    1.56586419    1.29234516    1.43023989    1.41684888    1.57063638    1.34660363    1.38497272    1.63139064    1.45746464    1.33799787    1.62603344    1.49967212    1.40677935    1.66849035    1.23235731    1.23577717    1.11380603    1.48068909    1.38703978    1.40467063    1.06644271
A0A1H4E341_ALKAM/108-164     1.62575189    1.51940068    1.48799893    1.49028948    1.54209707    1.37476471    1.43097528    1.67574980    1.59026037    1.78537009    1.56771480    1.59209434    1.49055704    1.65546160    1.84334708    1.96352250    1.53354387    1.54873804    1.33569506    1.47837017    1.43286894    1.66350060    1.37477158    1.81791360    1.42825053    2.23886426    2.06667527    1.90987206    2.05277840    2.02127641    1.98850313    1.13767816    1.09129099    1.03957265    1.25652274    1.00027359    0.00000000    1.02296927    1.08635415    1.15131637    1.63038757    1.41604170    2.00365330    2.36542134    1.82565766    1.50475413    1.64860592    1.47966489    1.67508157    1.62728824    1.54673016    1.29140873    1.60842319    1.38662348    1.52676185    1.51491647    1.56149829    1.79167732    1.94868140    1.92515508    1.80797359    1.75359894    1.21418185    1.71015038    1.66587482    1.53658529    1.65984659
A0A1B7UR61_9GAMM/100-156     1.50034120    1.49804050    1.64794189    1.74703534    1.69321715    1.57849088    1.49580148    1.93927520    1.73542856    1.85973512    1.88146968    1.63603357    1.58089544    1.51063405    1.84085569    1.83679488    1.56349928    1.71291554    1.49554812    1.48949716    1.57717085    1.67330906    1.60341320    2.04179602    1.41304607    1.43660637    1.57389545    1.62546584    2.14809541    1.85195826    1.81141227    0.98329543    1.09013446    0.90398460    1.00998875    0.93501453    1.02296927    0.00000000    0.99650725    1.28101753    1.36112357    1.61333697    1.49735061    1.71466399    1.81212949    1.49325834    1.50489687    1.62437972    1.79407571    1.85672212    1.68576033    1.30010944    1.79702504    1.28180013    1.29817760    1.23420459    1.59039730    1.30317516    1.30547717    1.57042289    1.84856618    1.40705573    1.47661657    1.70992976    1.43085866    1.61480511    1.51771159
A0A432ZU27_9GAMM/109-165     1.71759018    1.88780625    1.70309749    1.70883058    1.74803611    1.66365295    1.46466680    1.69468700    1.60745645    2.00010629    1.78516945    1.87295110    1.82531190    1.90892981    2.22667075    1.82862720    1.71508114    1.74927983    1.62631415    1.78541181    2.03539281    1.84851128    1.80697928    2.20649233    1.78300854    2.16109475    2.04617048    1.66247488    2.15046493    2.16651231    2.16246007    1.06179730    1.27128940    1.27212169    1.22014197    1.01841260    1.08635415    0.99650725    0.00000000    1.48582191    1.53077857    1.55028127    2.02424040    2.34785229    1.92402908    1.68192405    1.80849726    1.98088815    1.76309030    1.91912828    1.85749224    1.40288689    1.58647126    1.67947919    1.83432035    1.53718523    1.93004520    1.64576806    1.72821452    1.93653535    1.82775386    1.90118495    1.56288644    1.84890003    1.70165423    1.87958468    1.82053170
A0A1Y6G0L4_9GAMM/113-172     0.87262657    0.94870978    0.89510351    0.88299343    0.91864998    0.86378886    0.87835383    1.20819962    0.97349546    1.14942238    1.12402876    0.84953274    1.05699312    0.88768299    1.28661727    1.49521336    1.03972301    1.21685495    1.04653254    1.03669673    1.06923453    1.11714419    1.05532010    1.55061670    1.21860326    1.06738612    1.03756438    1.28707789    1.39807516    1.27202982    1.51626426    1.23039780    1.18273731    1.44935244    1.42563990    1.13819480    1.15131637    1.28101753    1.48582191    0.00000000    0.65428860    1.15414165    1.31815866    1.68153986    1.15640446    1.02814810    1.35607489    1.17498793    1.18899002    1.21149335    1.13554752    1.09175813    1.12042150    1.15889315    1.04306159    1.33047610    1.11940264    1.39644802    1.17302195    1.46057696    1.24903467    0.88353781    1.22773286    1.23432541    0.77610383    0.88472240    0.85732907
Q5QU69_IDILO/119-178     1.20308981    1.26325065    1.21459964    1.21017532    1.20248470    1.14230254    1.03900855    1.32593944    1.36037920    1.42974868    1.11974549    1.01552450    1.04558897    1.12158222    1.41303615    1.66808924    1.38510842    1.31524269    1.34107309    1.33623293    1.27887319    1.42322697    1.36712539    1.70043992    1.26833325    1.35957291    1.31479651    1.35683774    1.57763159    1.28031222    1.58240717    1.29353825    1.14693758    1.22080452    1.33663031    1.09317427    1.63038757    1.36112357    1.53077857    0.65428860    0.00000000    1.25684315    1.39214045    1.92139903    1.39577164    1.19337914    1.55267649    1.33420523    1.41624018    1.44751888    1.30645039    1.38457103    1.15074483    1.21171303    1.07967321    1.24432576    1.36342252    1.35900734    1.17944635    1.71359611    1.52176330    1.29104189    1.38283421    1.60948966    1.04159362    1.22913714    1.04326425
