15
A0A3A9UY99_9FLAO/1-194     0.00000000    0.31262090    1.24899362    1.25495788    1.26225197    1.34630328    1.30246367    1.99670148    2.35770122    2.11857400    2.35416848    2.19866339    2.42410101    2.37344006    2.28210164
A0A3A9UFM4_9FLAO/1-192     0.31262090    0.00000000    1.47965243    1.46202375    1.34030499    1.43340991    1.40404535    2.20274086    2.66923593    2.39269882    2.34845816    2.64985949    2.68748944    2.64043297    2.29719521
A0A2U8QR52_9FLAO/1-209     1.24899362    1.47965243    0.00000000    1.04119553    1.35757449    1.53602220    1.46578646    2.26276900    2.50178641    2.20626876    2.63659588    2.90218227    2.64034729    3.32714535    2.37386725
A0A2K1E155_9FLAO/1-203     1.25495788    1.46202375    1.04119553    0.00000000    1.44783967    1.70090257    1.53296919    1.97026352    2.03942351    2.39974782    2.79520235    2.91916097    2.73079120    2.94780044    2.16626692
A0A5C7B380_9FLAO/1-201     1.26225197    1.34030499    1.35757449    1.44783967    0.00000000    0.48405462    0.35920593    1.79719493    2.56094344    2.69146781    2.20524852    2.46428834    2.38594676    2.99661462    2.51596103
A0A5C7B1Y5_9FLAO/1-201     1.34630328    1.43340991    1.53602220    1.70090257    0.48405462    0.00000000    0.37816950    2.05770867    2.98350442    2.70866383    2.66444992    2.69166177    2.76801365    3.12826388    2.63027256
A0A5C7BIS0_9FLAO/1-201     1.30246367    1.40404535    1.46578646    1.53296919    0.35920593    0.37816950    0.00000000    1.98100562    2.76550961    2.70794957    2.31676767    2.42419069    2.52384951    3.14782145    2.32736950
A0A368N156_9FLAO/1-182     1.99670148    2.20274086    2.26276900    1.97026352    1.79719493    2.05770867    1.98100562    0.00000000    2.39971891    2.31358798    2.17779989    2.46356852    2.48199032    2.14451811    1.76368725
A0A5C6HR56_9BACT/1-172     2.35770122    2.66923593    2.50178641    2.03942351    2.56094344    2.98350442    2.76550961    2.39971891    0.00000000    1.22923399    1.27649881    1.24762688    1.24842975    2.22104864    2.56905879
E6SUW7_BACT6/1-173     2.11857400    2.39269882    2.20626876    2.39974782    2.69146781    2.70866383    2.70794957    2.31358798    1.22923399    0.00000000    1.09190648    1.10152273    1.10217469    2.22683311    2.11682742
A6L2E7_BACV8/1-183     2.35416848    2.34845816    2.63659588    2.79520235    2.20524852    2.66444992    2.31676767    2.17779989    1.27649881    1.09190648    0.00000000    0.78328212    1.04924949    2.25286408    2.38751293
Q8A356_BACTN/1-189     2.19866339    2.64985949    2.90218227    2.91916097    2.46428834    2.69166177    2.42419069    2.46356852    1.24762688    1.10152273    0.78328212    0.00000000    0.49289687    2.41813009    2.50386024
Q8A357_BACTN/1-185     2.42410101    2.68748944    2.64034729    2.73079120    2.38594676    2.76801365    2.52384951    2.48199032    1.24842975    1.10217469    1.04924949    0.49289687    0.00000000    2.35606772    2.38640936
A0A1N6E3M2_9BACT/1-187     2.37344006    2.64043297    3.32714535    2.94780044    2.99661462    3.12826388    3.14782145    2.14451811    2.22104864    2.22683311    2.25286408    2.41813009    2.35606772    0.00000000    1.75305609
W2UQE3_9FLAO/1-149     2.28210164    2.29719521    2.37386725    2.16626692    2.51596103    2.63027256    2.32736950    1.76368725    2.56905879    2.11682742    2.38751293    2.50386024    2.38640936    1.75305609    0.00000000

